16 16
1 2 2 0 0 0 3 2 0 0 0 0 0 4 0 3 
2 7 0 0 0 0 7 0 0 0 0 0 0 0 4 0 
1 5 0 0 4 0 0 1 1 0 0 5 4 2 0 0 
2 2 3 1 2 0 0 3 0 0 0 6 0 0 5 0 
0 0 1 0 0 0 0 1 2 3 0 3 3 2 0 0 
0 0 0 0 0 0 0 0 0 3 4 0 0 0 5 0 
0 0 0 0 0 0 0 0 0 1 0 3 6 2 0 0 
0 0 0 0 0 0 0 0 0 2 5 1 0 2 0 0 
0 0 3 0 0 0 6 3 0 1 3 0 5 3 0 0 
0 0 4 0 3 1 3 0 5 0 0 1 3 2 0 0 
4 4 0 0 0 0 0 0 0 0 0 0 0 0 5 4 
0 0 1 0 0 0 4 0 0 0 0 0 5 2 0 0 
0 0 2 0 0 0 5 4 0 4 4 2 0 1 0 0 
0 5 0 0 0 0 0 0 0 0 0 0 4 2 0 2 
3 4 2 1 2 3 0 2 0 2 1 1 4 0 6 3 
2 2 0 0 0 0 0 0 0 2 3 0 5 1 2 2 
100 52
1 1 1 0
1 1 1 6
1 1 0 1
1 1 2 1
1 14 1 6
1 14 3 14
2 11 2 8
2 11 2 12
2 11 3 11
5 14 5 10
5 14 3 14
5 14 10 14
6 12 6 11
6 12 6 13
6 12 8 12
6 12 6 11
6 12 6 13
6 12 8 12
7 13 8 13
9 8 9 6
9 8 9 11
9 8 4 8
12 6 12 2
12 6 12 7
12 6 11 6
13 1 13 12
13 1 10 1
13 1 14 1
15 12 15 10
15 12 15 13
15 12 14 12
0 13 0 7
0 13 0 15
0 13 0 7
0 13 0 15
0 15 10 15
1 14 1 6
1 14 3 14
2 11 2 12
2 11 3 11
7 13 8 13
9 8 9 6
9 8 4 8
12 9 12 7
12 9 12 10
12 9 12 7
12 9 12 10
12 10 12 11
15 12 15 10
15 12 14 12
12 7 12 6
12 10 12 11

1163

1 2 2       3 2 = = = = = 4 = 3 
2 7 - - - - 7 = = = = = = = 4 | 
1 5     4     1 1 - - 5 4 2 ǁ | 
2 2 3 1 2     3       6     5 | 
    1         1 2 3   3 3 2 | | 
                ǁ 3 4 - - - 5 | 
                ǁ 1   3 6 2 | | 
                ǁ 2 5 1 ǁ 2 | | 
    3       6 3 ǁ 1 3   5 3 | | 
    4   3 1 3 = 5 - - 1 3 2 | | 
4 4                         5 4 
  | 1       4           5 2     
  | 2 - - - 5 4 = 4 4 2   1     
  5 - - - - - - - - - - 4 2   2 
3 4 2 1 2 3   2   2 1 1 4   6 3 
2 2               2 3 = 5 1 2 2 
