16 16
2 0 3 3 3 0 3 1 0 0 0 0 0 0 2 1 
3 2 0 3 4 1 0 0 0 0 0 0 0 0 0 0 
2 0 6 0 0 0 6 0 0 0 0 0 0 0 7 3 
0 0 0 0 0 0 0 1 3 1 0 0 0 0 4 1 
0 0 0 3 1 0 0 3 6 0 0 0 0 0 6 2 
0 0 0 0 0 0 0 1 0 0 0 0 0 0 4 4 
0 0 0 0 3 2 0 0 1 0 0 0 3 0 4 2 
0 0 0 0 0 0 0 0 0 0 0 0 1 0 0 0 
0 1 5 3 5 0 7 0 0 0 0 0 0 0 8 2 
3 1 2 1 0 2 0 2 0 0 0 5 2 0 4 2 
3 0 3 3 6 4 6 0 0 0 0 5 0 0 3 1 
0 0 0 0 0 2 0 2 5 0 0 6 0 2 1 0 
0 0 0 0 0 3 6 1 0 2 0 6 0 0 1 0 
2 0 4 0 7 1 2 1 2 3 0 8 0 0 2 0 
1 2 0 0 6 5 0 0 4 3 0 6 0 1 0 0 
1 0 0 0 2 3 1 0 0 0 0 2 0 0 0 0 
100 41
2 14 2 6
2 14 2 15
2 14 0 14
2 14 3 14
8 6 8 4
8 6 8 14
8 6 2 6
8 6 10 6
8 14 8 6
8 14 8 15
8 14 6 14
8 14 9 14
9 11 9 7
9 11 9 12
9 11 10 11
11 8 11 7
11 8 11 11
11 8 13 8
13 4 13 2
13 4 13 5
13 4 10 4
13 4 14 4
13 11 13 9
13 11 13 14
13 11 12 11
13 11 14 11
14 5 14 4
14 5 14 8
14 5 15 5
14 13 14 11
7 12 6 12
8 14 8 15
8 14 6 14
8 14 9 14
13 4 13 2
13 4 10 4
13 4 14 4
13 11 13 9
13 11 13 14
13 11 12 11
13 11 14 11

606

2   3 3 3   3 1             2 1 
3 2   3 4 1                 |   
2   6       6 - - - - - - - 7 3 
            | 1 3 1         4 1 
      3 1   | 3 6           6 2 
            | 1             4 4 
        3 2 |   1       3   4 2 
            |           1   ǁ   
  1 5 3 5 - 7 = = = = = = = 8 2 
3 1 2 1   2 | 2 - - - 5 2   4 2 
3   3 3 6 4 6         5     3 1 
        ǁ 2   2 5 - - 6   2 1   
        ǁ 3 6 1 | 2   6     1   
2   4 = 7 1 2 1 2 3 = 8 = = 2   
1 2     6 5 - - 4 3   6 - 1     
1       2 3 1         2         
