16 16
2 3 0 0 0 0 0 5 2 2 0 4 0 4 5 2 
1 2 0 0 0 6 0 7 0 0 0 6 1 1 3 2 
0 2 4 1 0 0 0 0 1 0 0 7 5 0 4 2 
0 2 7 2 0 0 0 0 0 0 0 0 0 0 2 0 
0 0 0 0 0 0 0 0 0 0 0 0 1 0 0 0 
0 0 0 0 0 0 0 0 1 0 0 5 0 0 4 0 
3 0 5 0 0 4 1 0 2 0 0 5 0 1 1 0 
0 3 4 3 0 3 3 0 1 0 0 3 5 0 4 0 
0 0 1 2 0 0 2 0 0 0 0 0 2 2 0 0 
0 1 4 0 0 7 0 7 0 0 0 0 4 6 7 1 
1 0 0 2 0 0 0 0 0 0 3 0 3 0 0 0 
1 0 5 3 0 3 2 0 0 0 2 0 0 0 0 0 
2 0 5 0 0 4 1 0 0 0 3 0 4 0 0 0 
1 0 3 2 1 3 1 0 0 0 0 0 2 0 2 0 
1 0 3 2 2 0 0 5 0 0 5 0 4 0 0 0 
0 0 0 2 0 0 0 5 2 0 2 0 1 0 0 0 
100 41
0 7 0 1
0 7 0 8
0 7 1 7
0 14 0 13
0 14 0 15
0 14 1 14
1 5 1 1
1 5 1 7
1 5 6 5
1 5 1 1
1 5 1 7
1 5 6 5
2 11 2 8
2 11 2 12
2 11 1 11
2 11 5 11
3 2 3 1
3 2 3 3
3 2 2 2
3 2 6 2
9 5 9 2
9 5 9 7
9 5 7 5
9 5 11 5
9 13 9 12
9 13 9 14
9 13 8 13
9 13 9 12
9 13 9 14
9 13 8 13
9 14 9 15
9 14 7 14
9 14 13 14
15 7 15 3
15 7 15 8
15 7 14 7
2 11 2 12
2 11 1 11
2 11 5 11
9 14 7 14
9 14 13 14

711

2 3 - - - - - 5 2 2   4   4 5 2 
1 2 = = = 6 = 7       6 1 1 3 2 
  2 4 1   ǁ     1 - - 7 5   4 2 
  2 7 2   ǁ           ǁ     2   
    |     ǁ           ǁ 1       
    |     ǁ     1     5     4   
3   5     4 1   2     5   1 1   
  3 4 3   3 3   1     3 5   4   
    1 2   | 2           2 2 ǁ   
  1 4 - - 7 - 7         4 6 7 1 
1     2   |         3   3   ǁ   
1   5 3   3 2       2       ǁ   
2   5     4 1       3   4   ǁ   
1   3 2 1 3 1           2   2   
1   3 2 2     5     5   4       
      2 - - - 5 2   2   1       
