16 16
2 0 0 4 0 0 0 0 0 4 0 0 6 4 4 1 
0 2 3 0 3 0 0 3 0 0 3 0 5 0 5 1 
0 3 0 0 2 0 0 0 0 0 3 0 0 0 0 2 
0 2 0 6 0 0 0 6 0 0 0 0 0 2 5 0 
0 2 0 0 1 4 0 5 2 0 0 1 6 0 7 4 
0 0 0 0 0 0 2 1 0 0 2 0 5 1 2 2 
0 0 0 0 0 0 0 0 0 0 3 0 6 6 4 3 
3 4 0 0 0 0 0 0 0 0 2 0 5 3 0 0 
1 3 0 0 0 0 0 0 0 0 3 0 5 0 6 2 
2 5 0 4 1 0 0 0 0 0 0 1 4 2 0 2 
1 3 0 3 0 6 6 3 0 0 5 3 4 0 0 0 
0 2 0 1 0 2 2 2 1 0 2 2 2 0 0 0 
3 0 6 0 0 0 0 0 0 4 0 0 0 5 0 0 
3 2 0 1 0 3 0 0 0 5 0 0 2 2 0 0 
2 0 6 0 0 0 0 0 0 0 0 0 0 0 4 0 
2 0 3 0 0 0 0 0 0 0 0 0 0 0 2 3 
100 53
0 12 0 9
0 12 0 13
0 12 1 12
0 12 0 9
0 12 0 13
0 12 1 12
0 13 0 14
0 13 3 13
0 14 0 15
0 14 1 14
0 14 1 14
3 14 3 13
3 14 1 14
3 14 4 14
12 13 12 9
12 13 9 13
12 13 13 13
13 9 13 5
13 9 13 12
13 9 12 9
0 9 0 3
0 9 12 9
3 7 3 3
3 7 1 7
3 7 4 7
3 7 3 3
3 7 1 7
3 7 4 7
3 14 1 14
3 14 4 14
4 14 4 12
4 14 4 15
4 14 5 14
10 10 10 11
10 10 8 10
10 10 11 10
0 3 0 0
0 3 3 3
0 3 0 0
1 7 1 4
1 14 1 15
2 4 1 4
2 15 4 15
7 0 7 1
7 0 8 0
7 0 7 1
7 1 4 1
7 1 8 1
8 1 9 1
1 4 2 4
2 15 4 15
4 15 4 14
8 1 9 1

924

2 = = 4 - - - - - 4 = = 6 4 4 1 
  2 3 | 3 - - 3   | 3   5 | 5 1 
  3   | 2     ǁ   | 3     | ǁ 2 
  2   6 = = = 6   |       2 5 ǁ 
  2     1 4   5 2 |   1 6 - 7 4 
  |         2 1   | 2   5 1 2 2 
  |               | 3   6 6 4 3 
3 4               | 2   5 3     
1 3               | 3   5   6 2 
2 5   4 1         | | 1 4 2   2 
1 3   3   6 6 3   | 5 3 4 |     
  2   1   2 2 2 1 | 2 2 2 |     
3   6             4 - - - 5     
3 2   1   3 - - - 5 - - 2 2     
2   6                       4   
2   3                       2 3 
