16 16
3 5 0 4 0 0 0 4 2 0 0 0 0 1 0 0 
1 4 2 0 0 2 0 0 0 0 1 0 0 0 1 0 
1 3 1 0 0 0 0 0 0 0 0 0 0 0 0 0 
3 4 0 0 0 0 0 0 2 0 3 0 0 0 0 0 
2 0 0 0 0 0 0 0 2 1 0 0 0 0 0 0 
0 0 0 0 2 0 1 0 1 0 0 0 0 0 0 0 
4 6 4 0 0 0 0 1 1 3 0 0 0 0 0 0 
0 3 1 0 3 7 7 2 0 0 3 0 0 0 4 0 
0 2 0 0 0 0 3 1 0 0 0 0 1 0 6 4 
5 0 0 7 0 8 0 0 5 4 0 0 0 0 1 2 
3 2 1 0 2 6 0 0 0 0 5 0 0 0 4 3 
2 0 0 0 0 4 0 4 2 3 0 0 3 1 2 0 
1 4 0 5 6 0 0 0 0 6 0 4 0 0 4 1 
1 4 2 0 5 3 1 0 0 2 0 0 1 1 4 3 
4 0 0 4 2 0 0 0 0 0 0 0 6 0 5 2 
3 1 0 3 0 0 0 0 3 0 1 0 3 0 2 0 
100 79
0 0 0 1
0 0 1 0
0 0 0 1
7 5 7 4
7 5 7 6
7 5 1 5
7 5 9 5
7 6 7 5
7 6 7 7
7 6 5 6
7 6 8 6
8 14 8 12
8 14 8 15
8 14 7 14
8 14 9 14
8 15 8 14
8 15 9 15
9 0 9 3
9 0 6 0
9 0 10 0
9 5 9 3
9 5 9 8
9 5 7 5
9 5 10 5
11 7 11 5
11 7 11 8
11 7 11 5
11 7 11 8
12 11 12 9
12 11 12 14
15 0 15 1
15 0 14 0
15 0 14 0
15 8 15 3
15 8 15 10
15 8 15 3
0 13 0 8
5 4 7 4
7 6 7 5
7 6 7 7
8 1 7 1
8 6 8 7
8 14 8 15
9 5 9 3
9 5 9 8
9 5 10 5
9 8 9 9
9 8 6 8
9 8 9 9
9 15 10 15
10 10 10 5
10 10 10 14
10 10 7 10
12 11 12 9
12 11 12 14
15 3 14 3
5 4 7 4
5 8 4 8
6 7 0 7
6 9 4 9
6 9 9 9
6 9 9 9
7 14 7 10
7 14 1 14
7 14 7 10
8 1 7 1
1 5 1 2
1 10 3 10
3 10 3 8
3 10 3 8
9 3 9 0
9 3 12 3
9 3 12 3
0 3 0 1
0 3 0 7
0 3 0 1
0 3 0 7
0 7 0 8
0 1 1 1

1167

3 5 = 4 = = = 4 2 - - - - 1     
1 4 2 - - 2   |     1       1   
1 3 1     |   |     |       |   
3 4       |   | 2 = 3       |   
2         |   | 2 1         |   
        2 | 1 | 1 |         |   
4 6 4   ǁ | | 1 1 3         |   
| 3 1   3 7 7 2 | ǁ 3 = = = 4   
| 2       ǁ 3 1 | ǁ |   1 - 6 4 
5 = = 7 = 8 = = 5 4 |       1 2 
3 2 1 ǁ 2 6 - - - - 5 - - - 4 3 
2     ǁ   4 = 4 2 3     3 1 2   
1 4   5 6         6 = 4 = = 4 1 
1 4 2   5 3 1     2     1 1 4 3 
4     4 2               6   5 2 
3 1   3 = = = = 3 - 1   3   2   
