16 16
4 5 0 4 3 0 0 0 0 0 0 0 0 0 4 3 
0 0 0 0 0 0 0 0 0 1 0 0 2 0 0 1 
0 0 0 0 6 0 0 0 0 0 0 0 3 0 0 0 
0 1 0 0 4 3 0 0 0 0 0 0 0 0 5 1 
0 0 0 0 2 1 2 0 0 0 0 3 3 1 0 0 
5 0 0 4 1 4 0 3 0 2 0 0 6 2 0 0 
0 0 0 0 1 0 0 0 0 0 0 0 0 2 0 0 
0 0 0 0 0 0 0 0 0 0 0 0 0 0 0 0 
6 2 0 0 2 7 0 0 0 0 0 6 6 3 0 0 
5 2 1 0 3 7 0 1 2 0 0 0 5 3 0 0 
2 0 0 0 1 3 0 0 4 1 0 0 1 1 0 0 
3 0 0 6 0 0 0 0 0 0 0 7 0 0 7 3 
2 1 0 7 0 0 0 0 4 3 1 0 3 1 2 1 
1 1 0 6 0 0 2 0 0 1 2 6 6 0 5 3 
3 0 0 4 4 4 0 0 5 1 1 1 2 1 5 3 
1 0 0 2 2 1 0 0 3 0 0 0 0 1 2 2 
100 105
0 0 0 1
0 0 5 0
0 0 0 1
0 0 5 0
0 1 0 3
0 1 3 1
0 1 0 3
0 3 0 4
0 3 5 3
0 15 0 14
0 15 1 15
0 15 0 14
2 4 2 12
2 4 0 4
2 4 3 4
2 4 2 12
2 4 0 4
2 4 3 4
3 4 3 5
3 4 4 4
8 0 8 1
8 0 5 0
8 0 9 0
8 0 8 1
8 0 5 0
8 0 9 0
8 5 8 4
8 5 8 11
8 5 5 5
8 5 9 5
9 5 9 4
9 5 9 7
9 5 8 5
9 5 10 5
11 11 11 3
11 11 11 14
11 11 8 11
11 11 13 11
12 3 12 1
12 3 12 8
12 3 11 3
12 3 13 3
0 14 3 14
0 14 3 14
1 9 1 12
1 12 2 12
5 0 5 3
5 3 5 4
5 3 11 3
6 4 8 4
8 5 8 11
8 5 5 5
8 11 8 12
8 11 4 11
8 11 11 11
8 12 8 13
8 12 5 12
8 12 9 12
8 12 8 13
8 12 5 12
9 2 9 1
9 5 9 4
9 5 10 5
9 8 10 8
9 12 9 13
9 12 10 12
9 12 9 13
9 12 9 13
10 8 10 5
10 8 10 9
10 8 9 8
11 3 11 0
11 3 11 11
11 3 12 3
12 3 12 8
12 3 13 3
12 8 12 9
12 8 14 8
12 9 12 10
12 9 13 9
13 3 13 1
13 3 13 6
13 3 14 3
13 3 13 6
4 4 4 5
4 6 4 11
5 5 5 7
5 5 5 7
5 7 5 9
5 12 5 13
5 12 4 12
5 12 5 13
5 12 4 12
6 13 8 13
9 1 9 0
9 4 10 4
3 5 3 14
3 5 3 14
4 6 4 11
4 12 4 13
9 0 10 0
9 0 10 0
11 0 12 0
11 0 12 0
13 0 14 0

1226

4 5 = 4 3                   4 3 
ǁ |   | ǁ         1 - - 2   ǁ 1 
ǁ |   | 6 = = = = = = = 3   ǁ   
ǁ 1   | 4 3 = = = = = = = = 5 1 
ǁ     | 2 1 2 = = = = 3 3 1     
5 - - 4 1 4 = 3 - 2   | 6 2     
ǁ     | 1 ǁ           | ǁ 2     
ǁ     | | ǁ           | ǁ |     
6 2   | 2 7 = = = = = 6 6 3     
5 2 1 | 3 7 - 1 2     ǁ 5 3     
2     | 1 3 - - 4 1   ǁ 1 1     
3 - - 6 = = = = = = = 7 - - 7 3 
2 1 - 7 = = = = 4 3 1 | 3 1 2 1 
1 1 - 6 = = 2   | 1 2 6 6   5 3 
3     4 4 4     5 1 1 1 2 1 5 3 
1     2 2 1     3         1 2 2 
