16 16
2 2 0 3 0 4 2 0 0 1 0 0 5 2 2 1 
5 0 0 5 0 5 0 0 0 0 0 3 6 0 7 4 
0 2 3 6 1 0 2 4 0 0 0 0 0 0 0 0 
0 1 0 0 0 0 0 0 0 2 0 0 0 0 0 0 
3 0 6 4 0 0 0 0 0 0 0 0 0 0 0 0 
0 1 0 1 0 0 0 0 3 4 0 0 6 2 0 0 
0 0 0 5 0 8 0 8 4 0 0 5 6 0 0 0 
5 5 0 2 0 0 1 4 0 3 0 2 0 0 0 0 
6 6 0 3 0 7 0 0 0 0 0 0 5 1 0 2 
4 4 0 4 0 4 0 0 0 0 0 0 0 0 0 1 
4 0 8 0 0 0 0 0 0 0 0 0 0 0 5 4 
3 3 0 3 0 0 0 0 6 0 4 4 4 0 3 0 
2 2 0 3 0 3 0 0 4 1 0 3 2 1 0 0 
6 0 8 0 0 0 0 0 0 0 7 0 0 0 2 0 
5 4 5 0 0 0 0 0 0 2 5 0 0 2 4 6 
3 5 3 0 0 0 0 0 0 0 4 4 3 0 5 4 
100 174
0 12 0 9
0 12 0 13
0 12 1 12
1 0 1 3
1 0 0 0
1 0 4 0
1 14 1 12
1 14 1 15
1 14 0 14
1 14 10 14
2 7 2 6
2 7 6 7
2 7 2 6
2 7 6 7
3 9 5 9
6 3 6 5
6 3 5 3
6 3 7 3
6 5 6 3
6 5 6 7
6 5 1 5
6 5 8 5
6 7 6 5
6 7 6 8
6 7 7 7
6 12 6 11
6 12 5 12
6 12 8 12
6 12 6 11
6 12 5 12
6 12 8 12
7 0 7 1
7 0 4 0
7 0 8 0
7 6 7 7
7 7 7 9
7 7 6 7
8 0 8 1
8 0 7 0
8 0 9 0
8 0 8 1
8 0 7 0
8 1 8 3
8 1 7 1
8 1 9 1
8 1 8 3
9 0 9 1
9 0 10 0
9 0 9 1
9 1 9 3
10 0 10 2
10 0 11 0
10 0 10 2
10 2 10 14
10 2 13 2
10 2 10 14
10 2 13 2
11 8 11 3
11 8 11 10
11 8 12 8
11 8 11 3
11 8 11 10
11 8 12 8
11 10 11 11
11 10 13 10
11 11 11 12
11 11 12 11
11 11 11 12
11 12 11 14
11 12 12 12
12 8 12 5
12 8 12 9
13 0 13 2
13 0 12 0
13 0 14 0
13 0 13 2
13 0 12 0
13 0 14 0
13 2 13 10
13 2 14 2
13 10 13 2
13 10 13 14
13 10 14 10
14 15 14 14
14 15 10 15
14 15 15 15
14 15 14 14
14 15 10 15
14 15 15 15
15 1 15 0
15 1 15 2
15 1 14 1
15 11 15 10
15 11 15 12
15 11 15 10
15 11 15 12
15 12 15 14
15 14 15 15
15 14 14 14
15 14 15 15
15 14 14 14
0 6 0 5
0 6 0 5
0 12 0 13
0 12 1 12
1 12 1 11
1 12 1 14
1 12 5 12
2 4 2 3
3 9 5 9
4 2 4 0
4 2 4 3
4 2 2 2
4 2 4 3
4 2 2 2
4 2 4 3
4 3 2 3
5 1 7 1
6 3 7 3
6 5 1 5
6 5 8 5
6 7 6 8
6 8 6 11
6 8 5 8
7 9 7 11
8 5 8 3
8 5 8 12
8 5 9 5
9 3 9 5
9 5 9 3
9 5 8 5
10 15 10 14
10 15 9 15
11 0 11 1
11 0 11 1
11 1 12 1
11 3 12 3
11 14 10 14
11 14 13 14
12 3 12 5
12 5 12 3
12 11 12 12
13 2 14 2
13 10 14 10
14 13 14 10
15 10 15 2
15 10 14 10
0 5 0 3
0 5 1 5
1 0 1 3
1 0 0 0
1 14 1 15
1 14 0 14
1 15 0 15
1 15 8 15
2 1 2 2
2 1 3 1
2 3 1 3
5 8 5 9
5 9 5 8
5 12 5 13
7 9 7 11
8 5 8 12
8 12 8 13
13 10 14 10
14 9 14 2
14 9 14 2
0 1 0 3
2 3 1 3
5 12 5 13
6 11 1 11
6 11 1 11
0 1 0 3
1 5 1 3

1039

2 2 = 3 - 4 2     1 - - 5 2 2 1 
5 = = 5 - 5           3 6 = 7 4 
| 2 3 6 1 ǁ 2 4       ǁ |   | | 
| 1 ǁ |   ǁ   ǁ   2   ǁ |   | | 
3 - 6 4   ǁ   ǁ   ǁ   ǁ |   | | 
| 1   1   ǁ   ǁ 3 4   ǁ 6 2 | | 
| |   5 = 8 = 8 4 - - 5 6   | | 
5 5   2   ǁ 1 4 - 3 = 2 ǁ   | | 
6 6 = 3 - 7 = = = = = = 5 1 | 2 
4 4 - 4 = 4                 | 1 
4 = 8 = = = = = = = = = = = 5 4 
3 3 ǁ 3 = = = = 6 = 4 4 4 - 3 ǁ 
2 2 ǁ 3 = 3 - - 4 1 | 3 2 1 | ǁ 
6 = 8 = = = = = = = 7 - - - 2 ǁ 
5 4 5 = = = = = = 2 5 - - 2 4 6 
3 5 3 - - - - - - - 4 4 3 - 5 4 
