16 16
2 2 3 1 2 0 0 0 0 4 0 0 0 0 4 1 
0 0 0 1 4 0 0 0 0 5 0 0 4 3 0 0 
0 0 0 0 0 1 2 1 4 5 1 0 0 0 0 0 
0 0 0 0 0 2 0 0 4 2 1 0 0 3 0 0 
3 0 5 0 7 3 0 0 5 4 5 0 4 1 0 0 
3 1 0 0 0 0 0 0 2 0 2 2 0 0 7 3 
0 0 0 2 5 1 0 3 0 5 2 0 3 0 2 0 
0 0 0 0 0 0 0 0 0 0 4 4 3 0 0 0 
0 0 0 1 2 0 2 1 0 0 0 0 3 0 2 0 
0 0 0 0 0 0 0 0 0 0 0 0 1 0 0 1 
5 0 6 0 0 6 3 6 2 0 0 3 3 1 0 0 
0 1 0 0 0 3 0 4 1 0 0 0 0 0 0 0 
0 3 5 0 0 0 0 0 0 6 6 0 0 0 5 4 
6 0 3 1 0 0 0 0 0 0 1 1 0 2 2 3 
3 0 2 3 0 0 0 0 0 6 0 0 0 7 8 3 
1 0 2 1 2 0 0 0 0 0 0 0 0 4 4 2 
100 37
4 4 4 2
4 4 4 5
4 4 1 4
4 4 6 4
5 14 5 11
5 14 5 15
5 14 0 14
5 14 6 14
10 0 10 2
10 0 5 0
10 0 13 0
12 1 12 2
12 1 11 1
12 1 12 2
13 0 13 2
13 0 10 0
13 0 14 0
14 9 14 3
14 9 14 13
14 9 12 9
14 14 14 13
14 14 14 15
14 14 13 14
14 14 15 14
13 0 13 2
13 0 14 0
14 9 14 3
14 9 14 13
14 9 12 9
14 14 14 13
14 14 14 15
14 14 13 14
14 14 15 14
12 14 12 10
12 14 12 15
12 14 8 14
10 13 10 12

567

2 2 3 1 2         4         4 1 
      1 4         5     4 3 |   
        | 1 2 1 4 5 1       |   
        | 2     4 2 1     3 |   
3   5 - 7 3     5 4 5   4 1 |   
3 1     |       2   2 2 - - 7 3 
|     2 5 1   3   5 2   3   2   
|                   4 4 3       
|     1 2   2 1         3   2   
|                       1   | 1 
5 - 6     6 3 6 2     3 3 1 |   
ǁ 1       3   4 1           |   
ǁ 3 5             6 6 - - - 5 4 
6 = 3 1           ǁ 1 1   2 2 3 
3   2 3 = = = = = 6 = = = 7 8 3 
1   2 1 2                 4 4 2 
