16 16
2 3 0 0 0 0 0 0 0 0 0 0 5 2 2 2 
2 4 0 2 0 0 0 0 0 0 0 0 0 0 0 0 
4 7 0 0 0 0 0 0 0 0 0 0 7 0 6 6 
0 0 0 1 0 0 0 2 0 0 0 0 0 0 3 4 
0 0 2 3 4 0 0 5 0 0 2 0 0 3 5 3 
0 0 0 0 3 1 0 0 0 0 0 0 0 0 0 0 
0 0 0 0 0 0 0 0 1 0 5 1 0 0 0 0 
0 0 2 5 0 0 0 6 2 0 0 0 0 0 0 0 
0 0 3 4 0 3 1 0 1 0 0 1 0 0 2 0 
1 0 2 1 0 2 1 0 0 0 0 0 0 0 0 0 
2 6 0 0 0 0 0 7 0 0 5 3 0 0 0 0 
1 6 5 0 0 3 3 0 2 0 5 0 6 6 7 3 
2 0 2 0 1 0 2 0 4 0 5 2 5 0 2 1 
4 7 0 0 0 2 0 0 2 0 0 1 2 6 3 1 
3 3 1 0 0 0 0 5 3 1 6 4 1 3 2 0 
2 1 0 0 0 0 0 1 2 0 1 2 0 0 2 0 
100 45
0 12 0 1
0 12 0 13
0 12 2 12
2 1 2 0
2 1 2 12
2 1 1 1
2 1 10 1
2 15 2 14
2 15 0 15
2 15 3 15
2 15 2 14
2 15 0 15
2 15 3 15
3 15 3 14
3 15 4 15
10 7 10 1
10 7 10 10
10 7 7 7
10 7 14 7
11 2 11 1
11 2 11 5
11 2 12 2
11 14 11 13
11 14 11 15
11 14 8 14
11 14 12 14
13 1 13 0
13 1 13 5
13 1 11 1
13 1 14 1
14 10 14 9
14 10 14 11
14 10 12 10
14 10 15 10
1 3 1 1
2 14 2 12
2 14 0 14
2 14 3 14
2 14 2 12
14 10 14 11
14 10 12 10
0 14 0 13
1 3 1 1
0 12 0 1
0 12 2 12

1183

2 3 = = = = = = = = = = 5 2 2 2 
2 4 = 2                 ǁ   | ǁ 
4 7 - - - - - - - - - - 7 = 6 6 
  |   1       2             3 4 
  | 2 3 4     5     2     3 5 3 
  |     3 1                     
  |             1   5 1         
  | 2 5       6 2               
  | 3 4   3 1 | 1     1     2   
1 | 2 1   2 1 |             |   
2 6 - - - - - 7 - - 5 3     |   
1 6 5 - - 3 3 | 2   5   6 6 7 3 
2 | 2   1   2 | 4   5 2 5   2 1 
4 7 - - - 2   | 2   ǁ 1 2 6 3 1 
3 3 1         5 3 1 6 4 1 3 2   
2 1           1 2   1 2     2   
