16 16
1 0 0 0 0 0 3 2 1 3 2 2 1 1 2 2 
3 1 0 2 0 0 6 7 2 3 0 0 0 6 5 3 
0 0 0 0 0 0 0 4 4 3 2 4 2 0 4 3 
6 0 0 0 0 0 6 0 0 6 0 6 3 0 2 3 
0 1 5 2 0 0 0 0 0 3 0 2 0 0 2 4 
0 3 7 0 0 0 5 0 0 0 0 0 0 6 4 0 
0 0 0 2 0 3 0 0 0 2 0 3 1 0 0 0 
0 0 4 1 1 0 0 0 0 0 0 0 0 0 0 0 
0 1 0 1 4 0 0 0 0 4 0 6 0 0 3 0 
0 0 2 1 0 0 0 0 0 0 0 0 0 0 0 0 
0 0 0 0 0 0 0 0 0 0 0 0 0 0 0 0 
5 0 0 0 7 6 6 0 0 0 0 6 3 4 4 3 
0 2 4 0 4 1 0 0 0 0 0 0 0 0 0 1 
0 3 0 1 0 0 0 0 0 0 0 0 0 2 3 3 
2 4 0 0 0 0 5 4 0 2 0 3 6 0 4 2 
2 4 2 0 2 0 2 0 0 0 0 0 2 1 2 0 
100 51
1 7 1 6
1 7 1 8
1 7 0 7
1 7 2 7
3 0 3 6
3 0 1 0
3 0 11 0
3 0 3 6
3 0 1 0
3 0 11 0
3 6 3 9
3 6 1 6
3 6 5 6
3 6 3 9
3 9 3 11
3 9 2 9
3 9 4 9
3 9 3 11
3 11 3 12
3 11 2 11
3 11 4 11
3 11 3 12
4 2 4 1
4 2 4 3
4 2 5 2
5 1 5 2
5 1 8 1
5 1 5 2
11 4 11 0
11 4 11 5
11 4 8 4
11 4 12 4
14 7 14 6
14 7 14 9
14 7 14 6
14 7 14 9
1 6 1 3
1 6 1 7
1 6 0 6
1 6 1 3
2 7 2 8
2 7 1 7
2 7 2 8
2 8 2 9
2 8 1 8
4 2 4 3
4 2 5 2
0 6 0 0
0 6 0 7
0 8 0 9
1 0 1 1

1001

1 - - - - - 3 2 1 3 2 2 1 1 2 2 
3 1   2 = = 6 7 2 3       6 5 3 
ǁ           | 4 4 3 2 4 2   4 3 
6 = = = = = 6 = = 6 = 6 3   2 3 
ǁ 1 5 2     |     3   2     2 4 
ǁ 3 7       5             6 4   
ǁ |   2   3       2   3 1       
ǁ | 4 1 1                       
ǁ 1   1 4         4   6     3   
ǁ   2 1 |                       
ǁ       |                       
5 - - - 7 6 6         6 3 4 4 3 
  2 4   4 1                   1 
  3   1                   2 3 3 
2 4         5 4 = 2   3 6   4 2 
2 4 2   2   2           2 1 2   
