16 16
3 3 0 0 5 2 3 0 0 0 0 3 3 5 0 2 
5 3 0 0 0 0 0 0 0 0 2 0 0 5 2 0 
1 2 0 0 3 0 4 0 0 0 0 0 0 4 3 0 
1 0 0 3 0 0 6 0 0 0 0 3 1 0 1 0 
3 0 0 0 0 3 0 3 0 0 0 0 0 4 0 0 
4 5 3 0 4 6 0 3 0 0 0 1 0 0 0 0 
1 4 4 0 0 2 0 5 0 0 0 2 0 0 0 0 
0 0 1 0 0 0 0 2 0 0 0 0 0 0 0 0 
2 0 0 0 5 0 7 0 0 0 0 0 0 7 6 2 
2 2 0 0 5 2 0 3 3 3 1 0 0 3 0 1 
0 2 3 0 3 0 0 4 0 6 0 0 0 0 5 0 
6 0 0 0 0 0 5 2 3 5 0 2 2 0 5 4 
5 0 0 0 0 0 0 0 0 0 6 2 0 1 0 1 
4 0 0 0 0 0 0 2 1 0 0 1 0 0 0 1 
4 0 3 2 0 0 0 0 0 0 5 0 1 3 6 2 
0 0 2 0 0 0 0 0 3 0 3 2 0 0 5 2 
100 72
0 4 0 1
0 4 0 5
0 4 2 4
0 13 0 12
0 13 0 15
0 13 1 13
1 0 1 1
1 0 0 0
1 0 2 0
8 6 8 4
8 6 8 13
8 6 3 6
8 6 11 6
9 5 9 4
10 14 10 9
10 14 8 14
10 14 11 14
11 0 11 6
11 0 9 0
11 0 12 0
11 0 11 6
11 0 9 0
11 0 12 0
11 9 11 8
11 9 11 11
11 9 10 9
11 15 11 14
11 15 9 15
11 15 12 15
11 15 11 14
12 10 12 0
12 10 12 11
12 10 14 10
12 10 12 0
12 10 12 11
12 10 14 10
12 13 14 13
13 11 15 11
13 15 14 15
14 0 14 2
14 0 13 0
14 0 14 2
14 0 13 0
15 14 15 11
15 14 15 15
15 14 14 14
1 0 1 1
1 0 0 0
1 10 1 13
5 5 5 4
5 5 4 5
5 5 6 5
5 5 5 4
5 5 4 5
5 5 6 5
6 7 6 11
6 7 5 7
6 7 7 7
7 7 6 7
9 5 9 4
12 0 13 0
13 0 13 7
13 7 13 8
15 14 15 15
15 14 14 14
0 0 0 1
1 10 1 13
14 14 14 13
14 14 14 15
14 14 11 14
14 14 14 13
14 12 11 12

966

3 3 - - 5 2 3         3 3 5 - 2 
5 3     |           2 = = 5 2   
1 2     3   4             4 3   
1     3     6         3 1   1   
3         3 | 3           4     
4 5 3   4 6 | 3       1         
1 4 4     2 | 5 - - - 2         
    1       | 2                 
2       5 - 7 - - - - - - 7 6 2 
2 2     5 2 | 3 3 3 1     3 | 1 
ǁ 2 3   3   | 4   6 - - - - 5 | 
6 = = = = = 5 2 3 5 - 2 2   5 4 
5 = = = = = = = = = 6 2 | 1 | 1 
4 - - - - - - 2 1   ǁ 1 | | | 1 
4 = 3 2             5 | 1 3 6 2 
    2           3   3 2 - - 5 2 
