16 16
3 0 5 0 0 0 0 4 0 1 0 3 0 0 3 1 
4 2 0 2 2 4 2 0 0 0 0 0 0 0 0 0 
2 0 0 2 0 4 0 5 0 0 0 0 0 0 3 3 
4 0 8 5 2 0 1 0 3 5 0 0 6 0 2 0 
2 3 2 3 2 0 0 0 3 0 1 0 0 1 1 0 
2 6 0 0 0 4 3 0 0 0 0 0 0 0 0 0 
0 0 2 0 0 4 0 0 2 0 3 2 0 0 0 0 
3 6 0 0 0 7 2 0 0 0 0 0 0 0 0 0 
1 0 0 0 0 4 0 0 3 3 0 0 0 0 0 0 
1 2 0 0 0 3 1 0 3 0 6 4 0 0 2 0 
2 0 0 0 4 0 0 5 0 0 0 0 5 2 0 0 
0 0 2 0 4 1 0 0 2 4 2 1 0 0 0 0 
3 0 0 0 0 0 0 6 0 8 6 3 0 0 0 1 
0 0 0 0 0 0 0 0 0 2 1 0 0 0 0 1 
4 2 0 1 2 0 0 3 0 2 0 3 5 0 6 3 
2 2 0 0 0 0 0 0 0 2 1 0 2 2 3 0 
100 79
0 2 0 0
0 2 0 7
0 2 3 2
3 2 3 0
3 2 3 3
3 2 0 2
3 2 4 2
3 12 3 9
3 12 3 14
3 12 10 12
3 12 3 9
3 12 3 14
3 12 10 12
7 5 7 1
7 5 7 6
7 5 6 5
7 5 8 5
11 2 11 4
12 9 12 7
12 9 12 10
12 9 11 9
12 9 13 9
12 9 12 7
12 9 12 10
12 9 11 9
12 9 13 9
12 10 12 11
12 10 11 10
12 10 13 10
12 10 12 11
14 15 14 14
14 15 13 15
14 15 14 14
1 1 1 0
3 2 3 0
3 2 3 3
3 2 4 2
6 2 6 5
11 2 11 4
12 7 12 0
12 7 10 7
12 7 14 7
12 7 12 0
14 14 14 12
14 14 9 14
14 14 15 14
14 14 14 12
15 14 15 13
15 14 15 13
1 1 1 0
3 0 2 0
3 0 4 0
6 2 6 5
9 14 4 14
11 4 11 5
11 4 10 4
12 15 2 15
1 0 0 0
1 0 2 0
4 13 10 13
10 4 10 0
10 4 10 7
10 4 10 0
10 13 10 12
12 0 14 0
14 0 14 1
14 0 15 0
14 0 14 1
14 3 14 4
14 4 14 7
14 7 14 9
15 0 15 1
15 1 15 9
0 0 0 2
0 7 0 9
0 7 2 7
0 7 2 7
0 11 0 14
0 11 0 14

1131

3 = 5 - - - - 4 - 1   3 = = 3 1 
4 2 ǁ 2 2 4 2 ǁ                 
2   ǁ 2   4   5             3 3 
4 = 8 5 2   1   3 5 = = 6 = 2 | 
2 3 2 3 2       3   1   ǁ 1 1 | 
2 6       4 3           ǁ | | | 
    2 = = 4     2   3 2 ǁ | | | 
3 6 - - - 7 2           ǁ | | | 
1         4     3 3     ǁ | | | 
1 2       3 1   3   6 4 ǁ | 2 | 
2 = = = 4 - - 5         5 2 | | 
    2 = 4 1   | 2 4 2 1     | | 
3 = = = = = = 6 = 8 6 3     | 1 
|             |   2 1       | 1 
4 2   1 2 - - 3 - 2   3 5 = 6 3 
2 2 - - - - - - - 2 1   2 2 3   
