16 16
4 5 5 5 3 3 0 0 0 5 0 0 4 1 3 1 
0 2 0 0 0 0 0 2 0 0 0 0 0 3 6 4 
0 1 0 2 0 0 1 0 0 0 0 0 0 1 0 2 
0 1 0 1 0 0 0 0 0 0 0 0 0 1 0 0 
0 0 0 3 2 4 5 7 1 0 1 0 0 0 0 0 
0 0 0 0 0 1 1 0 0 0 0 0 0 0 0 1 
0 0 0 0 0 0 0 0 0 0 2 0 6 2 0 0 
0 0 0 5 3 0 1 0 0 0 0 0 0 1 0 2 
0 0 0 0 1 0 0 0 0 0 0 0 0 0 0 0 
0 0 0 5 2 0 0 2 0 0 2 0 5 5 0 0 
0 0 0 1 0 0 0 0 0 0 3 0 0 4 0 0 
3 5 7 0 0 0 0 0 0 7 0 0 0 0 5 2 
0 0 3 0 0 4 2 1 0 0 1 3 2 0 7 3 
0 4 3 3 1 0 2 0 0 7 2 0 2 0 0 0 
2 5 4 2 1 6 0 4 2 6 0 7 5 2 2 1 
1 2 1 2 0 6 2 2 0 5 1 3 0 0 1 0 
100 67
0 0 0 1
0 0 11 0
0 0 0 1
0 0 11 0
0 2 0 1
0 2 0 3
0 2 11 2
0 9 0 5
0 9 0 12
0 9 11 9
1 7 4 7
4 7 4 6
4 7 4 8
4 7 1 7
4 7 9 7
4 10 6 10
7 3 7 4
7 3 4 3
7 3 9 3
9 3 9 4
9 3 7 3
9 3 10 3
9 3 9 4
9 13 9 12
9 13 7 13
9 13 10 13
12 14 12 12
12 14 12 15
12 14 11 14
12 14 14 14
13 9 13 6
13 9 13 10
13 9 11 9
13 9 14 9
14 11 14 9
14 11 14 12
14 11 12 11
14 11 15 11
15 5 15 3
15 5 15 6
15 5 14 5
15 5 15 3
15 5 15 6
15 5 14 5
15 9 15 7
15 9 15 10
15 9 14 9
15 11 15 14
15 11 14 11
4 7 4 6
4 7 9 7
8 4 7 4
9 13 9 12
9 13 10 13
10 13 10 10
12 7 12 6
14 5 14 4
14 5 14 7
14 5 12 5
14 5 14 7
14 7 14 8
14 7 15 7
14 8 14 9
14 9 14 11
14 9 13 9
10 13 10 10
13 4 13 3

893

4 5 5 5 3 3 - - - 5 - - 4 1 3 1 
ǁ 2 |         2   |       3 6 4 
ǁ 1 | 2     1 ǁ   |       1   2 
ǁ 1 | 1       ǁ   |       1     
ǁ   | 3 2 4 5 7 1 | 1           
ǁ   | |   1 1 ǁ   | |         1 
ǁ   | |       ǁ   | 2   6 2     
ǁ   | 5 3   1 ǁ   |       1   2 
ǁ   | ǁ 1     ǁ   |       |     
ǁ   | 5 2     2   | 2   5 5     
ǁ   | 1           | 3 = = 4     
3 5 7             7         5 2 
    3     4 2 1   | 1 3 2 - 7 3 
  4 3 3 1 | 2 - - 7 2 | 2   |   
2 5 4 2 1 6 = 4 2 6 = 7 5 2 2 1 
1 2 1 2 = 6 2 2 - 5 1 3 - - 1   
