16 16
4 0 6 4 3 0 3 3 0 0 0 0 0 5 6 3 
3 0 0 1 3 2 0 3 0 0 2 1 0 0 5 5 
4 0 7 0 0 0 8 0 0 0 0 0 0 8 4 4 
3 1 0 1 0 0 0 2 0 0 0 0 0 0 3 0 
2 0 0 5 2 0 0 3 3 0 0 0 0 0 0 0 
0 0 0 0 1 0 0 2 0 0 0 0 0 0 0 0 
4 0 5 5 2 0 0 6 7 0 0 0 0 7 8 6 
5 0 0 0 3 0 0 4 0 1 3 0 1 0 0 0 
6 0 3 0 3 2 0 0 0 0 0 0 0 0 0 0 
6 0 7 0 2 0 0 0 0 0 0 0 3 0 0 0 
0 3 5 2 0 0 0 0 0 0 0 0 0 0 0 0 
5 5 0 0 0 0 7 3 0 0 0 0 0 0 0 0 
5 0 0 0 0 0 7 5 7 0 7 3 0 0 2 0 
0 0 3 0 0 0 4 0 0 0 2 2 0 3 4 4 
4 3 1 0 0 0 0 4 5 0 0 0 7 2 4 6 
2 4 0 0 0 4 0 4 2 2 1 0 2 2 1 2 
100 162
0 0 0 2
0 0 1 0
0 0 0 2
0 0 1 0
0 2 0 3
0 2 2 2
0 13 0 7
0 13 0 14
0 13 2 13
0 14 0 13
0 14 0 15
0 14 1 14
0 14 0 13
0 14 0 15
0 15 1 15
1 0 2 0
1 14 1 15
1 14 2 14
1 14 1 15
1 14 2 14
1 15 2 15
1 15 2 15
2 0 2 2
2 0 3 0
2 0 2 2
2 6 2 2
2 6 2 13
2 6 0 6
2 6 11 6
2 6 2 2
2 6 2 13
2 6 0 6
2 6 11 6
2 15 2 14
2 15 6 15
6 7 6 8
6 7 5 7
6 7 7 7
6 7 6 8
6 7 5 7
6 7 7 7
6 8 6 13
6 8 4 8
6 8 12 8
6 14 6 13
6 14 6 15
6 14 3 14
6 14 12 14
6 14 6 13
6 14 6 15
6 14 3 14
6 14 12 14
6 15 13 15
7 0 7 4
7 0 6 0
7 0 8 0
7 7 11 7
8 0 8 2
8 0 7 0
8 0 9 0
8 0 8 2
8 0 7 0
9 2 9 0
9 2 9 4
9 2 8 2
9 2 10 2
10 3 10 2
11 0 11 1
11 0 9 0
11 0 12 0
11 6 11 1
11 6 11 7
11 6 12 6
12 10 12 8
12 10 12 11
12 10 7 10
12 10 13 10
14 12 14 8
14 12 14 13
14 12 9 12
14 12 15 12
14 15 14 14
14 15 13 15
14 15 15 15
14 15 14 14
14 15 13 15
14 15 15 15
15 5 15 1
15 5 15 7
15 5 15 1
15 5 15 7
15 7 15 8
15 7 14 7
15 9 15 8
15 9 15 10
0 2 0 3
0 2 2 2
0 3 0 4
0 3 1 3
1 5 1 4
1 11 1 10
2 2 6 2
2 14 2 13
3 1 3 0
3 3 4 3
3 14 3 7
4 3 4 4
4 3 6 3
4 3 4 4
4 3 6 3
5 4 6 4
6 0 6 2
6 0 4 0
6 0 6 2
6 2 6 3
6 3 6 2
6 3 6 4
6 13 6 8
6 13 13 13
6 13 13 13
6 15 13 15
7 4 8 4
7 7 11 7
7 9 7 10
8 5 8 4
9 2 9 0
9 2 9 4
9 2 10 2
10 3 10 2
11 6 11 1
11 6 12 6
12 6 12 0
12 6 12 7
12 6 13 6
13 14 13 13
13 14 14 14
13 14 14 14
15 1 15 0
15 1 14 1
15 14 15 13
1 5 1 4
1 10 1 7
3 0 4 0
3 7 4 7
4 7 4 8
7 4 8 4
9 0 11 0
10 2 10 1
15 0 14 0
0 4 0 6
0 4 1 4
0 7 1 7
0 7 1 7
4 7 4 8
6 8 12 8
10 1 11 1
14 0 14 1
14 0 12 0
14 0 14 1
10 1 11 1
11 0 12 0
12 0 12 6

1351

4 = 6 4 3 - 3 3 - - - - - 5 6 3 
3   ǁ 1 3 2 ǁ 3 - - 2 1   | 5 5 
4 = 7 = = = 8 = = = = = = 8 4 4 
3 1 | 1     ǁ 2 - - - - - - 3 | 
2   | 5 2   ǁ 3 3           ǁ | 
|   | ǁ 1   ǁ 2 |           ǁ | 
4 = 5 5 2   ǁ 6 7 = = = = 7 8 6 
5 - - - 3   ǁ 4 ǁ 1 3   1 ǁ ǁ ǁ 
6 = 3   3 2 ǁ ǁ ǁ   |     ǁ ǁ ǁ 
6 = 7 = 2   ǁ ǁ ǁ   |   3 ǁ ǁ ǁ 
ǁ 3 5 2     ǁ ǁ ǁ   |   | ǁ ǁ ǁ 
5 5 = = = = 7 3 ǁ   |   | ǁ ǁ ǁ 
5 = = = = = 7 5 7 - 7 3 | ǁ 2 ǁ 
|   3       4       2 2 | 3 4 4 
4 3 1         4 5 - - - 7 2 4 6 
2 4 = = = 4 = 4 2 2 1   2 2 1 2 
