16 16
3 3 1 1 2 6 0 4 0 0 0 3 3 2 2 1 
0 3 0 2 0 0 2 0 2 0 3 0 3 0 6 4 
0 3 0 2 0 7 4 0 0 2 0 0 0 0 0 0 
0 4 0 3 0 2 0 0 1 6 4 0 0 2 0 0 
0 1 0 0 1 0 0 6 2 0 0 0 0 0 0 0 
0 4 0 6 0 0 0 6 0 5 0 0 0 0 0 0 
0 0 0 0 2 2 0 0 0 0 0 0 0 0 0 0 
0 5 2 0 0 0 0 0 0 0 0 0 0 0 0 0 
0 1 1 5 6 4 1 0 0 0 2 0 0 5 4 4 
0 0 0 4 6 1 1 2 0 1 0 0 0 0 2 1 
0 1 0 3 2 0 0 0 0 0 0 0 0 3 3 1 
5 0 0 0 0 0 0 0 0 0 0 3 0 1 0 0 
0 2 0 4 0 0 0 4 0 5 0 0 3 0 2 0 
5 0 0 0 0 0 0 0 0 7 0 0 0 2 3 3 
5 2 1 0 0 0 0 0 0 6 0 0 5 0 5 1 
3 0 0 0 0 0 3 2 2 5 3 2 3 2 4 1 
100 87
0 5 0 4
0 5 0 7
0 5 2 5
0 5 0 4
0 5 0 7
0 5 2 5
0 7 0 11
0 7 4 7
1 6 2 6
2 5 2 3
2 5 2 6
2 5 3 5
2 9 3 9
4 7 4 4
4 7 4 8
4 7 5 7
5 9 5 7
5 9 3 9
5 9 9 9
7 1 7 2
7 1 5 1
7 1 8 1
11 0 11 11
11 0 0 0
11 0 13 0
12 3 12 1
12 3 12 7
12 3 12 1
12 3 12 7
12 7 12 9
12 7 15 7
12 9 12 12
12 9 13 9
13 0 11 0
13 0 14 0
13 0 14 0
13 0 14 0
13 9 13 13
13 9 12 9
13 9 14 9
13 9 13 13
13 9 12 9
13 9 14 9
14 2 14 1
14 9 14 12
14 9 15 9
14 9 14 12
14 9 15 9
1 6 2 6
2 6 2 5
2 9 3 9
3 9 3 8
3 9 3 10
3 9 5 9
4 7 4 8
4 7 5 7
5 7 5 3
5 7 5 9
5 7 9 7
7 1 7 2
7 1 5 1
8 2 8 3
9 7 9 6
10 1 10 3
14 1 14 0
1 8 1 10
5 1 5 3
5 1 4 1
5 3 3 3
5 3 8 3
8 6 8 5
14 0 15 0
15 0 15 6
15 0 15 6
15 6 15 7
15 8 15 9
1 8 1 10
3 1 3 3
3 1 2 1
3 1 3 3
3 1 2 1
3 5 2 5
5 3 8 3
15 8 15 9
15 9 15 10
15 10 15 11
15 10 15 11

895

3 3 1 1 2 6 = 4 - - - 3 3 2 2 1 
| 3   2   ǁ 2 | 2 = 3   3   6 4 
| 3   2 - 7 4 |   2             
| 4 = 3   2   | 1 6 4     2     
| 1   | 1 - - 6 2 ǁ             
| 4 - 6 - - - 6 = 5             
| ǁ   ǁ 2 2   |   |             
| 5 2 ǁ       |   |             
| 1 1 5 6 4 1 |   | 2     5 4 4 
|     4 6 1 1 2   1         2 1 
| 1 - 3 2                 3 3 1 
5 - - - - - - - - - - 3   1     
ǁ 2 = 4 = = = 4 - 5 - - 3   2   
5             |   7 = = = 2 3 3 
5 2 1         |   6 = = 5   5 1 
3 = = = = = 3 2 2 5 3 2 3 2 4 1 
