16 16
2 2 5 0 4 0 0 0 0 0 0 4 2 0 6 4 
0 1 5 2 0 2 4 0 4 0 0 4 2 1 0 0 
6 0 0 0 5 0 0 0 5 0 0 0 0 0 7 6 
5 6 4 2 0 0 0 0 0 1 1 2 0 3 0 0 
0 4 4 3 0 3 0 0 8 5 3 1 2 0 0 0 
0 4 6 3 0 3 2 1 5 4 0 0 0 0 0 0 
5 0 0 0 6 0 0 0 0 0 7 7 5 0 0 0 
0 2 4 0 0 1 0 0 0 0 0 0 3 0 0 0 
0 0 0 2 0 5 0 0 0 3 0 0 0 0 0 0 
0 0 0 0 0 0 0 0 0 0 2 0 0 0 0 4 
0 4 8 4 0 3 0 0 0 6 0 5 4 0 0 2 
0 3 0 0 0 0 0 0 0 5 4 4 1 0 0 0 
5 4 0 0 0 0 0 0 0 1 0 0 0 0 0 2 
3 6 8 0 6 0 0 0 0 0 0 7 0 3 0 0 
2 2 2 1 4 3 0 0 0 0 0 7 4 0 7 5 
2 0 0 0 3 1 0 0 0 0 0 3 0 0 4 2 
100 108
0 2 0 1
0 2 0 4
0 2 1 2
0 14 0 12
0 14 0 15
0 14 2 14
0 15 0 14
0 15 2 15
2 0 2 4
2 0 0 0
2 0 3 0
2 15 2 14
2 15 0 15
2 15 9 15
3 1 3 0
3 1 3 2
3 1 4 1
3 1 3 0
3 1 3 2
3 1 4 1
4 8 4 5
4 8 4 9
4 8 2 8
4 8 5 8
5 8 5 7
5 8 5 9
5 8 4 8
6 0 6 4
6 0 3 0
6 0 12 0
6 10 6 4
6 10 6 11
6 10 4 10
6 10 9 10
6 11 6 10
6 11 6 12
6 11 4 11
6 11 10 11
10 2 10 1
10 2 10 3
10 2 7 2
10 2 13 2
11 9 11 10
11 9 10 9
11 9 12 9
13 2 13 1
13 2 13 4
13 2 10 2
13 2 14 2
13 11 13 4
13 11 13 13
13 11 11 11
13 11 14 11
14 12 14 11
14 12 14 14
14 12 14 11
14 12 14 14
14 14 14 15
14 14 2 14
14 14 15 14
0 14 0 12
0 14 2 14
1 6 1 5
1 6 1 8
1 6 1 5
1 6 1 8
2 0 2 4
2 0 0 0
2 0 3 0
2 15 2 14
2 15 9 15
4 8 4 5
4 8 4 9
4 8 2 8
5 1 5 2
5 1 4 1
5 1 5 2
5 1 4 1
5 2 5 3
5 2 4 2
5 2 5 3
5 2 4 2
5 6 5 5
5 8 5 9
5 9 4 9
6 0 6 4
6 0 12 0
6 11 6 10
6 11 6 12
9 15 10 15
10 2 10 1
10 2 10 3
10 2 7 2
13 2 13 1
13 2 13 4
13 2 14 2
14 3 14 4
0 11 0 4
0 11 1 11
1 3 1 2
5 6 5 5
5 9 4 9
9 15 10 15
12 15 14 15
12 15 14 15
0 11 0 4
0 11 1 11
1 3 1 2

1406

2 2 5 - 4 = = = = = = 4 2 = 6 4 
ǁ 1 5 2   2 4 = 4     4 2 1 ǁ ǁ 
6 = = = 5       5           7 6 
5 6 4 2         ǁ 1 1 2   3 | ǁ 
| 4 4 3   3 = = 8 5 3 1 2   | ǁ 
| 4 6 3   3 2 1 5 4 | |     | ǁ 
5 = = = 6 - - - - - 7 7 5   | ǁ 
ǁ 2 4     1         | | 3   | ǁ 
ǁ   ǁ 2   5       3 | |     | ǁ 
ǁ   ǁ               2 |     | 4 
ǁ 4 8 4   3       6   5 4   | 2 
ǁ 3 ǁ             5 4 4 1   |   
5 4 ǁ             1   |     | 2 
3 6 8 = 6 - - - - - - 7 - 3 | ǁ 
2 2 2 1 4 3           7 4 = 7 5 
2       3 1           3     4 2 
