16 16
4 5 0 0 0 0 0 0 0 0 0 1 2 1 1 2 
2 0 2 0 0 6 0 0 3 1 2 1 0 0 3 5 
3 6 0 0 0 6 0 0 0 0 6 3 0 0 1 0 
1 0 2 0 0 6 0 0 2 0 2 1 0 0 2 5 
3 5 0 0 0 0 0 0 0 0 0 0 7 6 1 0 
1 0 0 0 0 0 0 0 0 0 0 0 2 6 2 0 
4 7 0 0 0 0 0 0 0 0 0 0 0 8 5 2 
0 2 1 0 0 2 0 0 0 0 0 2 1 0 0 1 
5 0 0 0 0 0 0 0 0 0 0 4 0 0 0 0 
0 2 0 0 0 3 0 0 0 3 3 4 2 0 4 2 
0 1 1 0 0 3 2 1 0 0 2 3 2 0 2 1 
5 0 0 0 0 0 0 0 0 6 3 1 0 0 1 2 
0 1 5 0 0 0 0 0 0 0 0 0 0 8 5 0 
2 2 6 0 0 0 0 0 0 3 0 3 2 0 2 0 
3 4 0 0 0 0 0 0 0 0 0 0 0 7 4 3 
1 2 2 1 0 2 0 0 0 0 0 0 0 4 2 1 
100 83
0 0 0 1
0 0 1 0
0 1 0 0
0 1 0 11
0 1 2 1
1 5 1 2
1 5 1 8
1 5 2 5
1 15 1 14
1 15 0 15
1 15 3 15
4 12 4 1
4 12 4 13
4 12 0 12
4 12 5 12
4 13 4 12
4 13 4 14
4 13 0 13
4 13 5 13
6 1 6 0
6 1 6 13
6 1 4 1
6 1 7 1
6 13 6 1
6 13 6 14
6 13 5 13
6 13 12 13
8 0 8 11
8 0 6 0
8 0 11 0
12 13 12 2
12 13 12 14
12 13 6 13
12 13 14 13
12 14 12 13
12 14 11 14
12 14 13 14
13 12 13 11
0 0 0 1
0 12 4 12
1 0 2 0
1 5 1 2
1 5 1 8
1 5 2 5
2 1 2 0
2 1 2 5
2 1 4 1
3 2 3 5
3 5 3 2
3 5 3 8
3 5 2 5
4 13 4 12
5 12 5 13
5 13 5 14
5 13 6 13
6 13 6 14
11 9 11 0
11 9 11 10
11 9 9 9
11 9 11 0
11 9 11 10
11 9 9 9
12 13 12 2
12 13 12 14
13 12 13 11
13 14 14 14
14 13 14 1
14 13 14 14
14 13 15 13
5 13 5 14
10 7 10 6
13 2 13 1
13 2 13 9
13 2 12 2
13 2 13 1
13 2 13 9
13 2 12 2
13 9 13 11
14 13 14 1
14 13 14 14
14 13 15 13
10 6 10 5
12 1 12 2

1137

4 5 - - - - - - - - - 1 2 1 1 2 
2 | 2 = = 6 = = 3 1 2 1 ǁ | 3 5 
3 6 - - - 6         6 3 ǁ | 1 | 
1 | 2 = = 6 - - 2   2 1 ǁ | 2 5 
3 5 - - - - - - - - - - 7 6 1   
1 |                     2 6 2   
4 7 = = = = = = = = = = = 8 5 2 
| 2 1     2           2 1 ǁ   1 
5 - - - - - - - - - - 4   ǁ     
| 2       3       3 3 4 2 ǁ 4 2 
| 1 1     3 2 1   ǁ 2 3 2 ǁ 2 1 
5 = = = = = = = = 6 3 1   ǁ 1 2 
  1 5 = = = = = = = = = = 8 5   
2 2 6 = = = = = = 3 - 3 2 | 2   
3 4 = = = = = = = = = = = 7 4 3 
1 2 2 1   2               4 2 1 
