16 16
1 0 2 0 3 0 0 0 0 0 0 3 2 4 2 2 
0 0 0 0 4 2 3 0 0 0 0 8 0 8 6 4 
1 0 4 0 0 0 0 0 2 1 0 3 2 2 0 0 
2 0 0 0 0 0 0 2 6 4 0 0 8 2 0 0 
3 0 7 0 4 0 0 2 0 0 0 0 0 0 0 0 
0 0 0 0 0 0 0 6 6 0 0 0 0 0 2 0 
2 1 0 0 5 4 0 2 0 0 0 0 0 0 0 0 
0 0 0 0 1 2 0 4 6 0 0 0 0 0 0 0 
0 0 0 0 0 0 0 2 0 0 0 0 0 0 0 0 
3 0 7 0 0 0 5 0 6 0 2 0 6 0 5 1 
4 0 4 3 0 0 6 3 6 5 0 0 3 2 2 0 
0 0 1 0 0 0 0 1 4 5 0 0 0 0 5 0 
5 3 3 0 2 0 7 5 2 0 4 0 0 0 8 2 
3 3 2 5 0 2 0 3 3 4 2 0 0 0 0 0 
2 0 0 6 4 3 1 2 3 2 0 0 0 0 4 2 
0 0 0 2 3 0 1 0 0 0 0 0 0 0 0 0 
100 69
1 11 1 6
1 11 1 13
1 11 0 11
1 11 2 11
1 13 1 11
1 13 1 14
1 13 0 13
1 13 2 13
3 12 3 9
3 12 3 13
3 12 2 12
3 12 9 12
4 2 4 0
4 2 4 4
4 2 2 2
4 2 9 2
5 7 5 8
5 7 4 7
5 7 6 7
5 8 5 7
5 8 3 8
5 8 7 8
6 4 6 5
6 4 4 4
6 4 7 4
7 8 7 7
7 8 5 8
7 8 9 8
11 14 11 9
11 14 10 14
11 14 12 14
12 0 12 1
12 0 10 0
12 0 13 0
12 6 12 4
12 6 12 7
12 6 10 6
12 6 14 6
12 14 12 10
12 14 12 15
12 14 11 14
12 14 14 14
15 6 15 4
1 11 1 6
1 11 0 11
1 11 2 11
1 13 1 14
1 13 0 13
1 13 2 13
3 12 3 9
3 12 3 13
3 12 2 12
3 12 9 12
5 7 5 8
5 7 4 7
7 8 7 7
7 8 9 8
12 6 12 4
12 6 12 7
12 6 10 6
12 14 12 10
12 14 12 15
12 14 11 14
14 15 14 14
14 15 14 14
2 11 2 9
3 7 3 8
14 14 14 9
3 7 3 8

4208

1   2   3             3 2 4 2 2 
        4 2 3 = = = = 8 = 8 6 4 
1   4           2 1 - 3 2 2     
2   |         2 6 4 = = 8 2     
3 - 7 - 4     2 |       ǁ       
    |   |     6 6       ǁ   2   
2 1 |   5 4   2 ǁ       ǁ       
    |   1 2   4 6       ǁ       
    |         2 ǁ       ǁ       
3   7       5   6   2   6   5 1 
4   4 3     6 3 6 5     3 2 2   
|   1       ǁ 1 4 5 - - - - 5   
5 3 3   2 = 7 5 2   4 = = = 8 2 
3 3 2 5   2 | 3 3 4 2       |   
2     6 4 3 1 2 3 2 - - - - 4 2 
      2 3 - 1                   
