16 16
2 2 0 6 4 3 0 0 0 6 4 4 3 0 0 2 
0 2 0 0 2 1 0 0 0 0 4 4 0 3 2 0 
6 7 0 5 0 0 0 0 0 6 5 2 6 4 2 0 
0 0 2 0 2 5 3 2 0 0 3 0 0 4 5 0 
0 0 0 0 0 0 0 0 0 0 4 4 5 5 6 0 
3 0 0 0 0 4 0 0 0 8 4 2 5 2 0 0 
3 0 0 0 0 0 0 0 0 4 2 0 2 0 0 0 
2 0 4 6 0 0 0 0 0 0 0 0 0 0 5 0 
0 0 3 6 0 0 0 0 0 4 5 3 0 0 0 0 
2 4 0 0 4 5 0 4 2 0 0 0 0 0 0 0 
0 0 0 4 0 0 1 2 0 3 2 2 0 0 0 0 
0 2 0 3 0 1 0 0 0 0 0 0 0 0 0 0 
0 0 0 3 0 0 0 0 0 0 0 0 0 0 0 0 
0 5 7 4 6 0 7 0 0 0 0 0 0 0 7 4 
3 4 3 3 4 2 3 2 3 0 4 0 0 0 6 4 
3 3 0 5 0 0 4 0 0 0 0 0 0 0 6 4 
100 84
0 3 0 1
0 3 0 4
0 3 2 3
0 9 0 5
0 9 0 10
0 9 2 9
2 0 2 1
2 0 0 0
2 0 5 0
3 14 3 13
3 14 2 14
3 14 4 14
4 14 4 13
4 14 3 14
4 14 7 14
5 9 5 5
5 9 5 10
5 9 2 9
5 9 6 9
13 1 13 2
13 1 11 1
13 1 14 1
13 6 13 4
13 6 13 14
13 6 10 6
13 6 14 6
14 10 14 8
14 10 14 14
14 10 14 8
14 10 14 14
15 3 15 1
15 3 15 6
15 3 14 3
15 14 15 6
15 14 15 15
15 14 14 14
15 15 15 14
15 15 14 15
0 3 0 1
0 3 0 4
0 3 2 3
0 9 0 5
0 9 0 10
0 9 2 9
1 1 2 1
2 0 2 1
2 0 0 0
2 0 5 0
3 7 3 6
4 14 4 13
4 14 3 14
5 9 5 5
5 9 5 10
5 9 2 9
5 9 6 9
7 14 7 3
7 14 13 14
8 10 8 9
8 10 8 11
8 10 10 10
9 5 9 4
9 5 9 7
9 5 11 5
9 8 9 7
10 3 8 3
10 3 11 3
13 6 13 4
13 6 13 14
13 6 14 6
14 8 14 7
15 14 15 6
15 14 15 15
1 1 2 1
3 7 3 6
7 14 7 3
7 14 13 14
9 8 9 7
10 3 8 3
10 3 11 3
14 7 14 6
15 6 15 3
3 6 3 5
14 5 14 4
14 5 14 4

1283

2 2 = 6 4 3 = = = 6 4 4 3     2 
ǁ 2   ǁ 2 1       ǁ 4 4   3 2   
6 7   5           6 5 2 6 4 2   
ǁ   2   2 5 3 2   ǁ 3     4 5   
ǁ                 ǁ 4 4 5 5 6   
3         4 = = = 8 4 2 5 2 |   
3                 4 2   2   |   
2   4 6 = = = = = = = = = = 5   
    3 6           4 5 3     ǁ   
2 4   ǁ 4 5 - 4 2   |       ǁ   
      4   | 1 2   3 2 2     ǁ   
  2   3   1 |               ǁ   
  |   3     |               ǁ   
  5 7 4 6 = 7 = = = = = = = 7 4 
3 4 3 3 4 2 3 2 3 = 4 = = = 6 4 
3 3 - 5 = = 4 = = = = = = = 6 4 
