16 16
2 2 1 3 3 4 3 4 0 4 0 0 0 1 1 0 
0 0 0 0 3 3 0 0 1 2 2 0 4 1 0 0 
6 6 0 6 0 0 6 7 0 0 0 5 6 4 3 0 
0 0 1 0 0 1 0 0 0 0 0 0 2 1 1 1 
0 0 0 0 0 0 0 0 2 0 0 0 4 4 2 0 
0 0 2 4 4 5 0 0 0 0 0 0 3 2 0 5 
3 0 0 1 0 0 0 0 0 0 0 0 0 0 2 0 
0 5 4 1 0 0 0 4 6 0 0 0 0 0 0 0 
2 3 0 0 0 0 0 1 4 2 0 0 3 2 7 5 
1 1 0 1 0 2 0 0 0 0 0 0 0 0 0 1 
3 4 0 0 0 1 0 0 0 0 0 0 0 1 0 2 
0 2 4 2 0 0 0 1 0 0 0 6 4 0 0 0 
0 0 2 2 6 3 0 0 0 0 0 3 1 0 0 0 
0 1 2 0 4 2 0 0 0 0 0 1 0 0 0 0 
2 0 0 0 0 0 6 0 0 0 0 0 0 0 7 6 
2 0 0 0 0 0 6 0 0 3 0 3 2 1 3 2 
100 136
2 0 2 1
2 0 0 0
2 0 6 0
2 0 2 1
2 0 0 0
2 0 6 0
2 1 2 3
2 1 0 1
2 1 7 1
2 1 2 3
2 3 2 6
2 3 0 3
2 3 5 3
2 3 2 6
2 6 2 7
2 6 0 6
2 6 14 6
2 6 2 7
2 7 2 11
2 7 0 7
2 7 7 7
3 2 5 2
3 5 5 5
5 5 5 4
5 5 9 5
5 5 5 4
5 5 9 5
5 15 5 13
5 15 3 15
5 15 8 15
6 0 8 0
6 14 8 14
7 1 7 2
7 1 8 1
7 8 7 7
7 8 4 8
7 8 8 8
7 8 7 7
7 8 4 8
7 8 8 8
8 8 8 7
8 8 8 9
8 15 8 14
8 15 5 15
8 15 9 15
8 15 8 14
11 7 11 11
11 11 11 12
11 11 2 11
11 11 12 11
11 11 11 12
11 11 2 11
11 12 8 12
11 12 12 12
12 11 13 11
14 6 14 0
14 6 14 14
14 6 15 6
14 6 14 0
14 6 14 14
14 14 14 15
14 14 8 14
14 14 15 14
14 15 14 14
14 15 10 15
14 15 15 15
14 15 14 14
14 15 10 15
15 0 15 6
15 0 15 6
15 6 15 9
15 14 15 13
15 14 15 15
0 1 0 2
0 3 0 4
0 3 0 4
1 8 1 9
5 4 5 3
5 4 12 4
5 15 5 13
6 14 8 14
7 1 7 2
7 1 8 1
7 7 2 7
8 14 8 13
8 14 8 13
10 0 10 1
10 0 9 0
10 0 10 1
10 1 9 1
10 1 11 1
10 5 12 5
12 4 12 3
12 4 12 5
12 4 13 4
12 4 12 3
12 4 12 5
13 4 13 2
13 4 13 5
13 4 13 2
15 6 15 9
15 9 15 11
15 11 15 12
15 11 15 12
5 3 5 2
5 3 6 3
7 2 7 3
7 2 11 2
8 0 8 1
8 12 5 12
9 3 11 3
11 3 11 2
12 2 11 2
12 2 11 2
13 1 11 1
8 12 5 12
5 12 4 12
4 12 4 13
4 12 3 12
4 12 4 13
4 13 4 14
4 13 3 13
4 14 3 14
2 14 2 13
2 14 0 14
2 14 2 13
3 12 2 12
2 12 2 11
2 12 2 13
2 12 1 12
2 12 2 11
2 12 2 13
1 12 1 10
1 12 1 13
1 12 1 10
2 7 0 7

1444

2 2 1 3 3 4 3 4   4       1 1   
ǁ |   | 3 3 | ǁ 1 2 2 = 4 1 |   
6 6 = 6 = = 6 7 - - - 5 6 4 3   
ǁ | 1 |   1 | ǁ       ǁ 2 1 1 1 
ǁ | | |   | | ǁ 2     ǁ 4 4 2 | 
ǁ | 2 4 4 5 | ǁ ǁ     ǁ 3 2 = 5 
3 |   1 | ǁ | ǁ ǁ     ǁ ǁ   2 ǁ 
| 5 4 1 | ǁ | 4 6     ǁ ǁ   ǁ ǁ 
2 3 |   | ǁ | 1 4 2   ǁ 3 2 7 5 
1 1 | 1 | 2 |         ǁ |   | 1 
3 4 | | | 1 |         ǁ | 1 | 2 
  2 4 2 | | | 1 - - - 6 4   | ǁ 
  | 2 2 6 3 |         3 1   | ǁ 
  1 2 = 4 2 |         1     | ǁ 
2 = = = = = 6 = = = = = = = 7 6 
2 = = = = = 6 = = 3 - 3 2 1 3 2 
