16 16
2 3 0 3 0 0 6 0 0 6 0 0 3 4 0 3 
4 6 3 3 0 0 4 4 3 0 0 2 3 4 0 0 
3 0 0 6 0 0 5 3 0 0 0 6 0 0 3 0 
0 1 0 0 2 0 4 0 0 0 0 2 0 0 0 0 
3 0 0 0 0 0 0 0 1 0 2 0 5 0 5 0 
4 0 0 0 0 0 0 0 0 0 0 0 2 1 0 0 
5 6 0 6 0 0 0 0 0 7 0 0 0 0 8 5 
0 0 2 0 0 0 0 0 2 1 3 0 0 3 0 0 
0 0 0 0 2 0 3 0 6 0 7 3 1 0 4 4 
4 8 6 0 0 0 0 0 3 1 3 3 0 0 4 0 
2 2 4 0 0 0 0 0 0 0 0 2 0 0 3 0 
3 0 2 0 0 0 0 0 0 0 0 0 0 0 0 0 
6 0 0 7 0 0 0 0 0 0 0 0 0 7 6 4 
0 1 0 5 4 0 4 2 3 0 0 0 0 4 2 3 
6 5 0 0 5 0 0 0 6 4 3 2 3 5 3 2 
3 4 0 0 5 0 0 0 5 0 0 0 0 0 3 0 
100 172
0 6 0 3
0 6 0 9
0 6 1 6
0 6 0 3
0 6 0 9
0 6 1 6
0 9 0 12
0 9 6 9
2 11 2 14
2 11 1 11
2 11 3 11
2 11 2 14
2 11 1 11
2 11 3 11
2 14 4 14
4 12 4 10
4 12 4 14
4 12 5 12
4 14 4 12
4 14 6 14
4 14 6 14
5 0 4 0
5 0 6 0
5 0 4 0
5 0 6 0
6 9 6 3
6 9 6 14
6 9 0 9
6 9 7 9
6 14 6 9
6 14 6 15
6 14 8 14
8 10 8 8
8 10 8 11
8 10 7 10
8 10 9 10
9 1 9 0
9 1 9 2
9 1 6 1
9 1 10 1
9 1 9 0
9 1 9 2
9 1 6 1
9 1 10 1
9 2 9 8
9 2 7 2
9 2 10 2
9 2 9 8
10 2 10 11
10 2 11 2
10 2 10 11
11 2 11 0
12 0 12 3
12 0 11 0
12 0 14 0
12 0 12 3
12 0 11 0
12 0 14 0
12 13 12 3
12 13 12 14
12 13 7 13
12 13 13 13
13 3 13 1
13 3 13 4
13 3 12 3
13 6 13 4
13 6 13 7
13 6 13 4
13 6 13 7
14 0 14 1
14 0 15 0
14 9 14 8
14 9 14 10
14 9 14 8
14 9 14 10
14 10 14 11
14 11 14 12
14 12 14 13
15 4 15 1
15 4 15 8
15 4 14 4
0 9 0 12
1 13 1 12
1 13 0 13
1 13 1 12
1 13 0 13
3 6 3 4
3 6 2 6
3 6 3 4
3 6 2 6
4 10 4 12
5 12 5 13
6 1 6 0
6 1 6 3
6 1 3 1
6 1 6 0
6 3 6 9
6 3 2 3
6 3 2 3
6 14 6 15
6 14 8 14
7 2 7 8
7 8 8 8
8 4 8 6
8 8 8 6
8 8 8 10
8 8 9 8
8 8 8 6
8 12 8 11
8 14 8 15
8 14 9 14
8 15 6 15
8 15 12 15
8 15 6 15
9 0 6 0
9 0 10 0
9 9 9 10
9 14 10 14
12 15 12 14
12 15 13 15
12 15 12 14
13 3 13 4
13 3 12 3
14 0 14 1
14 0 15 0
14 8 14 4
14 8 13 8
14 8 15 8
14 8 14 4
14 12 14 13
15 0 15 1
15 1 15 4
15 1 14 1
15 8 15 4
15 8 15 14
15 8 15 14
15 14 14 14
0 13 0 12
0 13 0 15
0 15 6 15
1 1 1 0
1 1 1 2
1 1 0 1
1 1 1 0
1 1 1 2
1 1 0 1
1 2 1 3
2 3 2 0
2 3 2 6
2 3 1 3
2 3 2 0
4 0 2 0
4 8 1 8
9 14 10 14
12 3 12 13
12 14 12 13
12 14 10 14
12 14 13 14
13 8 13 13
14 1 14 4
14 1 14 4
1 0 0 0
1 0 0 0
1 8 1 7
13 8 13 13
0 1 0 3
1 3 1 6
1 6 1 7
1 7 1 8
1 7 2 7
2 6 2 7
2 6 2 7

990

2 3 - 3 = = 6 = = 6 = = 3 4 - 3 
4 6 3 3 - - 4 4 3 ǁ   2 3 4   | 
3 = = 6 - - 5 3 | ǁ   6 = = 3 | 
| 1   ǁ 2 = 4   | ǁ   2     | | 
3 |   ǁ         1 ǁ 2 = 5 = 5 | 
4 |   ǁ           ǁ     2 1 ǁ | 
5 6 - 6 = = = = = 7 = = = = 8 5 
| ǁ 2 - - - - - 2 1 3     3 ǁ ǁ 
| ǁ |   2 - 3 = 6 = 7 3 1 | 4 4 
4 8 6 = = = = = 3 1 3 3   | 4 | 
2 2 4 = = = = = = = = 2   | 3 | 
3 - 2                     | | | 
6 = = 7 = = = = = = = = = 7 6 4 
ǁ 1 - 5 4 = 4 2 3 = = = = 4 2 3 
6 5 = = 5 = = = 6 4 3 2 3 5 3 2 
3 4 = = 5 = = = 5 = = = = = 3   
