16 16
2 0 4 0 0 0 3 3 0 0 0 0 5 0 2 2 
4 0 6 0 2 0 0 0 0 0 0 0 0 1 3 4 
0 2 0 3 3 0 0 0 0 0 0 0 0 0 0 0 
0 0 0 0 0 0 0 3 1 3 0 0 0 0 0 0 
0 4 4 6 3 0 0 5 3 0 3 1 0 3 0 1 
0 1 1 2 0 0 0 1 1 0 0 0 0 0 0 0 
5 0 0 0 0 0 6 0 0 7 7 1 0 4 5 4 
0 0 0 2 0 0 0 0 0 0 4 2 0 1 0 0 
5 0 0 7 4 1 0 0 0 3 1 0 0 0 0 4 
4 2 1 3 3 1 0 0 0 0 0 0 0 0 0 2 
4 0 5 0 0 0 6 0 0 0 0 0 6 0 5 1 
5 0 2 2 4 1 0 0 0 0 0 0 0 4 3 1 
0 0 0 0 0 0 0 0 0 0 0 0 0 2 0 0 
4 0 0 2 3 1 0 1 0 0 0 0 6 0 5 5 
5 2 1 0 0 0 4 0 0 0 0 3 3 1 2 3 
2 0 0 1 0 0 2 0 3 2 0 4 0 0 4 2 
100 141
0 12 0 7
0 12 0 14
0 12 10 12
3 9 3 8
3 9 6 9
3 9 6 9
6 0 6 6
6 0 1 0
6 0 8 0
6 9 6 6
6 9 6 10
6 9 8 9
6 10 6 9
6 10 6 11
6 10 4 10
6 10 7 10
7 3 8 3
8 15 6 15
8 15 9 15
8 15 6 15
8 15 9 15
11 0 11 2
11 0 10 0
11 0 13 0
13 15 13 14
13 15 11 15
13 15 14 15
14 0 14 1
14 0 13 0
14 0 15 0
4 11 4 10
6 10 6 9
6 10 4 10
6 15 6 14
6 15 4 15
7 3 8 3
7 10 7 11
7 10 8 10
7 10 7 11
8 3 8 0
8 3 8 4
8 3 9 3
10 15 10 14
13 15 13 14
13 15 14 15
1 15 1 14
1 15 0 15
1 15 1 14
1 15 0 15
6 6 6 0
6 6 0 6
6 6 10 6
6 6 0 6
8 9 15 9
10 12 10 14
10 12 0 12
10 12 13 12
10 12 10 14
10 12 13 12
11 13 11 14
11 13 12 13
11 13 11 14
11 13 12 13
13 7 13 5
13 12 13 14
13 12 14 12
13 12 13 14
13 12 14 12
14 6 14 2
14 6 15 6
14 6 15 6
15 3 15 0
15 8 15 9
15 11 15 14
15 11 14 11
15 11 15 14
15 11 14 11
15 14 15 15
15 14 14 14
15 15 14 15
4 7 4 8
4 7 3 7
4 7 5 7
5 8 4 8
7 13 6 13
10 6 10 2
11 5 11 4
14 0 14 1
14 0 13 0
14 11 14 12
14 13 14 14
4 8 4 7
6 13 6 14
6 13 4 13
6 13 6 14
10 6 10 2
11 4 11 3
11 4 13 4
11 4 11 3
13 0 13 3
13 3 13 4
13 14 11 14
4 7 3 7
4 13 1 13
10 14 6 14
10 14 6 14
11 0 11 2
11 0 10 0
1 14 0 14
3 7 0 7
10 0 10 2
10 0 9 0
10 2 9 2
0 12 0 7
9 0 9 1
9 0 8 0
9 0 9 1
0 6 0 2
8 0 8 3
8 0 6 0
0 2 0 0
0 2 1 2
0 2 0 0
1 0 1 2
1 2 1 0
1 2 1 4
1 2 4 2
1 2 1 4
2 1 4 1
2 1 4 1
4 1 4 2
4 1 5 1
4 2 4 3
4 2 5 2
4 3 4 4
4 3 2 3
4 3 5 3
4 3 4 4
4 3 2 3
4 4 2 4
2 3 2 4

1280

2 = 4 - - - 3 3 = = = = 5 - 2 2 
4 = 6 = 2   ǁ |         ǁ 1 3 4 
| 2 | 3 3   ǁ |         ǁ |     
| ǁ | ǁ |   ǁ 3 1 3     ǁ |     
| 4 4 6 3   ǁ 5 3 ǁ 3 1 ǁ 3   1 
| 1 1 2     ǁ 1 1 ǁ ǁ   ǁ |   | 
5 = = = = = 6 - - 7 7 1 ǁ 4 5 4 
ǁ     2     |     | 4 2 ǁ 1 ǁ ǁ 
5 = = 7 4 1 |     3 1   ǁ   ǁ 4 
4 2 1 3 3 1 |     |     ǁ   ǁ 2 
4 - 5 = = = 6     |     6 = 5 1 
5 = 2 2 4 1       |     ǁ 4 3 1 
|       |         |     ǁ 2 | | 
4 - - 2 3 1 - 1   |     6 = 5 5 
5 2 1 - - - 4     |   3 3 1 2 3 
2 - - 1     2   3 2   4 = = 4 2 
