16 16
4 5 0 2 0 1 0 0 0 0 0 0 0 0 4 2 
2 0 0 2 0 5 0 0 0 0 6 0 0 0 7 2 
0 0 0 2 0 0 1 1 0 3 0 2 4 3 0 2 
0 0 2 5 0 3 0 0 0 0 4 5 3 2 0 0 
0 0 0 0 0 0 0 0 0 0 1 3 2 0 0 0 
1 6 0 0 0 0 4 0 0 6 0 0 0 6 5 5 
1 5 0 0 1 0 0 2 1 0 2 4 1 0 0 0 
0 0 2 0 4 0 0 2 0 4 0 6 2 0 0 0 
0 0 1 2 0 0 0 4 0 7 0 8 3 0 0 0 
0 0 0 0 0 0 0 0 0 0 1 2 0 0 0 2 
0 0 0 0 0 0 0 5 1 3 3 1 0 0 0 2 
0 1 3 5 6 1 0 6 0 0 4 2 1 0 0 0 
0 0 0 1 2 0 0 5 0 0 0 3 1 0 3 4 
0 0 0 3 0 0 5 3 1 0 0 0 0 0 4 2 
0 0 0 2 0 0 2 2 0 0 3 0 0 6 4 1 
1 0 4 0 0 0 0 0 0 0 0 0 0 5 3 2 
100 45
0 0 0 1
0 0 1 0
1 10 1 5
1 10 1 14
1 10 3 10
5 15 5 14
5 15 2 15
5 15 9 15
6 1 6 0
6 1 6 4
6 1 5 1
6 1 11 1
6 1 5 1
8 9 8 7
8 9 8 11
8 9 7 9
8 9 10 9
8 11 8 9
8 11 8 12
8 11 7 11
8 11 9 11
10 7 10 8
10 7 8 7
10 7 11 7
15 0 15 2
15 13 15 2
15 13 15 14
15 13 14 13
0 0 0 1
0 0 1 0
1 10 1 5
1 10 1 14
1 10 3 10
1 14 1 15
1 14 0 14
1 14 5 14
3 2 3 3
5 0 5 1
8 11 8 12
8 11 7 11
8 11 9 11
9 10 10 10
10 7 8 7
10 7 11 7
3 2 3 3

550

4 5   2   1                 4 2 
2     2   5 = = = = 6 = = = 7 2 
      2     1 1   3 ǁ 2 4 3 | 2 
    2 5   3         4 5 3 2 | | 
                    1 3 2   | | 
1 6         4     6       6 5 5 
1 5 - - 1     2 1   2 4 1     | 
  | 2   4     2   4   6 2     | 
  | 1 2       4 - 7 = 8 3     | 
  |           ǁ   | 1 2       2 
  |           5 1 3 3 1       2 
  1 3 5 6 1   6     4 2 1       
      1 2     5       3 1   3 4 
      3     5 3 1           4 2 
      2     2 2     3     6 4 1 
1 - 4 - - - - - - - - - - 5 3 2 
