16 16
3 3 3 0 0 0 0 0 0 0 0 0 0 6 6 2 
0 1 0 3 0 4 2 2 0 0 0 2 0 0 6 3 
0 2 0 2 0 0 2 4 5 3 0 3 0 0 0 3 
4 5 4 2 1 0 0 0 0 0 0 0 0 0 0 0 
0 0 0 0 0 0 6 4 0 0 0 0 0 0 0 0 
0 0 3 3 0 0 3 0 0 2 0 3 0 0 0 0 
0 0 1 2 0 0 1 0 0 2 0 0 0 0 0 0 
0 3 0 0 4 4 1 0 0 0 0 0 0 0 0 0 
0 0 2 5 0 0 0 4 5 4 0 6 2 0 0 3 
0 3 2 4 0 3 0 0 4 0 0 2 0 0 0 0 
0 1 0 0 3 3 1 0 2 0 0 0 0 0 0 0 
0 2 0 0 4 3 0 7 0 5 0 0 0 4 3 0 
0 1 0 0 0 5 3 0 3 4 2 5 0 0 4 3 
0 0 0 0 0 2 1 0 1 1 1 0 1 0 4 2 
2 0 0 0 5 0 0 7 0 0 0 6 0 0 6 3 
2 4 0 0 0 0 0 4 0 2 1 1 1 0 3 1 
100 86
0 13 0 2
0 13 0 14
0 13 11 13
0 13 0 2
0 13 0 14
0 13 11 13
0 14 0 15
0 14 1 14
1 14 1 15
1 14 0 14
1 14 11 14
1 14 1 15
1 14 0 14
2 8 2 7
2 8 2 9
2 8 8 8
4 6 4 7
4 6 2 6
4 6 5 6
4 6 4 7
4 6 2 6
4 6 5 6
4 7 2 7
4 7 8 7
11 7 11 5
11 7 11 9
11 7 8 7
11 7 14 7
11 13 11 9
11 13 11 14
11 14 12 14
12 11 12 10
12 11 12 14
12 11 14 11
14 4 14 0
14 4 14 7
14 4 11 4
15 1 15 0
15 1 15 7
15 1 15 0
15 1 15 7
15 7 15 9
15 7 14 7
0 15 1 15
2 7 2 8
2 7 1 7
2 15 8 15
8 12 8 11
10 8 9 8
12 1 11 1
12 5 12 6
12 5 11 5
12 5 13 5
14 7 14 4
14 7 14 11
14 7 11 7
14 7 14 11
14 11 14 14
14 11 12 11
14 11 15 11
14 14 14 15
14 14 13 14
14 14 15 14
14 14 14 15
14 14 13 14
15 9 15 10
15 12 15 14
15 14 15 15
2 15 8 15
8 12 8 11
8 15 12 15
10 8 9 8
13 12 13 14
13 14 13 15
14 15 13 15
8 11 8 9
8 11 5 11
8 11 9 11
8 11 8 9
9 8 9 11
9 8 8 8
12 14 12 11
12 14 12 15
8 9 8 8
8 9 6 9
6 9 5 9

1091

3 3 3 = = = = = = = = = = 6 6 2 
  1   3   4 2 2       2   ǁ 6 3 
  2   2     2 4 5 3   3   ǁ | 3 
4 5 4 2 1   ǁ | |         ǁ | ǁ 
            6 4 |         ǁ | ǁ 
    3 3     3 | | 2   3   ǁ | ǁ 
    1 2     1 | | 2   |   ǁ | ǁ 
  3     4 4 1 | | |   |   ǁ | ǁ 
    2 5       4 5 4 = 6 2 ǁ | 3 
  3 2 4   3   | 4 - - 2   ǁ | | 
  1     3 3 1 | 2         ǁ | | 
  2     4 3 - 7 - 5 - - - 4 3 | 
  1     | 5 3 ǁ 3 4 2 5 = = 4 3 
        | 2 1 ǁ 1 1 1 ǁ 1 - 4 2 
2 - - - 5 = = 7 = = = 6 - - 6 3 
2 4 = = = = = 4 - 2 1 1 1 - 3 1 
