16 16
2 4 0 0 6 0 2 2 0 4 0 6 5 1 0 2 
0 0 1 2 5 0 0 0 0 2 0 0 2 0 0 0 
0 0 0 0 0 0 2 0 0 6 0 6 0 0 0 5 
0 2 0 0 0 3 6 0 0 0 0 0 0 5 1 0 
0 0 0 0 0 1 2 0 0 0 0 0 0 0 2 0 
5 0 5 0 5 0 0 0 0 0 0 0 0 6 0 0 
4 2 4 2 0 4 6 0 0 6 0 2 0 0 0 0 
2 0 0 0 0 4 3 1 0 0 0 0 0 0 0 0 
0 0 0 0 0 2 1 0 0 0 0 0 0 0 0 0 
5 0 0 0 5 2 0 5 0 7 0 0 0 7 7 3 
3 0 5 1 6 0 0 5 2 0 2 4 2 5 0 1 
2 1 3 0 3 1 0 1 0 0 0 0 2 5 0 2 
6 0 0 0 0 0 0 0 0 6 0 8 2 0 0 0 
0 0 0 2 0 0 0 0 0 3 1 7 4 4 6 3 
2 2 0 6 0 0 0 0 0 7 1 4 2 2 5 2 
0 0 0 0 0 0 0 0 0 2 0 4 2 0 2 1 
100 158
0 4 0 1
0 4 0 6
0 4 1 4
0 4 0 1
0 4 0 6
0 4 1 4
0 11 0 9
0 11 0 12
0 11 2 11
0 11 0 9
0 11 0 12
0 11 2 11
0 12 0 13
0 12 1 12
0 12 1 12
0 15 2 15
0 15 2 15
2 11 2 9
2 11 2 15
2 11 6 11
2 11 2 9
2 15 9 15
2 15 9 15
3 6 3 5
3 6 2 6
3 6 4 6
3 6 3 5
3 6 2 6
3 6 4 6
3 13 3 14
3 13 5 13
3 13 5 13
4 14 9 14
5 0 5 2
5 0 0 0
5 0 6 0
5 4 5 2
5 4 1 4
5 4 9 4
5 13 9 13
5 13 9 13
6 6 6 5
6 6 6 9
6 6 7 6
6 6 6 5
6 6 6 9
6 6 7 6
6 9 6 11
6 9 2 9
6 9 9 9
6 9 2 9
9 0 9 4
9 0 7 0
9 0 10 0
9 9 9 7
9 9 9 13
9 9 12 9
10 2 10 0
10 2 10 3
10 2 11 2
10 4 10 7
10 4 9 4
10 4 11 4
10 4 10 7
10 4 9 4
10 4 11 4
10 8 10 7
12 0 12 9
12 0 11 0
12 0 14 0
12 0 12 9
12 0 11 0
12 0 14 0
12 9 12 11
12 9 9 9
12 9 13 9
13 11 13 10
13 11 13 12
13 11 12 11
13 11 14 11
14 1 14 3
14 3 14 1
14 3 14 9
14 3 13 3
14 9 14 3
14 9 14 10
14 9 13 9
14 9 15 9
14 9 13 9
14 9 15 9
15 11 15 12
15 11 14 11
15 11 15 12
15 11 14 11
0 1 0 0
0 1 3 1
0 7 0 9
0 9 0 7
2 9 1 9
2 9 1 9
3 5 4 5
4 14 9 14
5 0 5 2
5 0 6 0
6 0 6 1
6 0 7 0
6 1 6 2
6 2 6 3
6 2 5 2
6 2 6 3
6 5 7 5
9 0 9 4
9 0 10 0
9 9 9 7
9 9 9 13
9 14 9 13
9 14 9 15
9 14 13 14
10 2 11 2
10 8 10 7
10 10 10 11
10 13 10 12
10 13 9 13
10 13 11 13
10 15 11 15
11 1 11 2
11 4 11 5
11 7 10 7
11 15 13 15
12 11 12 12
12 11 10 11
12 11 13 11
12 11 12 12
12 11 10 11
12 11 13 11
13 3 14 3
14 11 14 12
6 5 7 5
7 5 7 6
7 5 8 5
7 7 9 7
8 6 8 5
9 5 9 7
9 7 9 5
9 14 9 13
9 14 13 14
10 10 10 11
13 11 13 12
13 12 13 13
13 12 14 12
13 14 13 13
13 14 13 15
13 14 14 14
13 14 13 13
13 15 14 15
13 13 11 13
14 13 14 14
14 13 14 14

905

2 4 = = 6 = 2 2 = 4 = 6 5 1   2 
| | 1 2 5         2   ǁ 2     ǁ 
| |     |   2     6 = 6 - - - 5 
| 2     | 3 6     ǁ   |   5 1 ǁ 
|       | 1 2     ǁ   |   ǁ 2 ǁ 
5 = 5 - 5         ǁ   |   6 ǁ ǁ 
4 2 4 2 | 4 6 = = 6 - 2   ǁ ǁ ǁ 
2       | 4 3 1   |       ǁ ǁ ǁ 
|       | 2 1 |   |       ǁ ǁ ǁ 
5 = = = 5 2 = 5 = 7 = = = 7 7 3 
3 - 5 1 6 = = 5 2 ǁ 2 4 2 5 ǁ 1 
2 1 3   3 1   1   ǁ   ǁ 2 5 ǁ 2 
6 = = = = = = = = 6 - 8 2 | ǁ | 
ǁ     2           3 1 7 4 4 6 3 
2 2 = 6 = = = = = 7 1 4 2 2 5 2 
                  2   4 2   2 1 
