16 16
2 0 0 4 2 5 0 0 0 4 0 0 3 2 3 2 
1 0 0 6 0 7 0 5 1 0 0 0 0 0 0 2 
3 0 3 0 1 0 0 0 2 5 0 0 4 7 6 5 
1 0 0 0 0 0 0 0 0 3 0 2 0 0 0 2 
1 0 3 6 5 0 1 0 0 3 2 1 0 0 0 0 
2 2 0 3 4 0 0 0 0 0 0 0 0 0 0 0 
0 1 0 1 2 0 0 0 0 3 0 1 0 0 0 0 
3 0 5 0 0 7 4 0 3 0 0 0 0 0 0 0 
0 1 4 4 2 0 1 0 2 0 0 0 0 0 0 0 
0 2 4 4 4 0 3 6 0 4 2 0 0 2 0 0 
0 2 0 2 3 0 1 2 0 0 1 0 0 1 0 0 
0 6 8 0 0 7 0 0 0 0 0 0 0 5 0 0 
0 4 0 2 0 0 1 0 0 0 0 0 0 3 0 0 
0 4 3 3 0 5 0 0 0 0 0 0 0 2 0 0 
3 1 2 0 0 5 0 0 0 0 0 0 0 5 4 3 
4 0 0 0 0 0 3 0 3 4 0 4 0 6 2 1 
100 81
0 5 0 4
0 5 0 9
0 5 1 5
1 7 1 5
1 7 1 8
1 7 9 7
2 13 2 12
2 13 2 14
2 13 0 13
2 13 9 13
2 15 2 14
2 15 1 15
2 15 3 15
7 5 7 2
7 5 7 6
7 5 1 5
7 5 11 5
11 1 11 2
11 1 10 1
11 1 12 1
11 1 11 2
11 1 10 1
11 1 12 1
11 2 11 5
11 2 9 2
11 2 13 2
11 13 11 5
11 13 10 13
11 13 12 13
12 1 13 1
14 5 14 2
14 5 14 13
14 5 13 5
15 0 15 6
15 0 14 0
15 0 15 6
15 0 14 0
15 6 15 8
15 8 15 9
15 9 15 8
15 9 15 11
15 9 15 11
15 11 15 13
15 13 15 11
15 13 15 14
15 13 14 13
1 7 1 5
1 7 9 7
4 4 4 3
4 4 2 4
4 4 5 4
4 6 7 6
7 6 7 5
7 6 8 6
8 8 7 8
9 7 9 6
9 7 9 9
9 7 10 7
9 7 9 6
9 9 9 10
9 9 6 9
9 9 9 10
9 13 2 13
10 10 10 7
11 2 11 5
11 2 9 2
11 2 13 2
11 13 11 5
11 13 12 13
12 1 13 1
13 1 13 2
13 1 14 1
14 0 7 0
14 2 14 5
15 13 15 14
15 13 14 13
15 15 14 15
8 8 7 8
9 6 10 6
7 8 2 8
2 8 2 9

1110

2     4 2 5 - - - 4     3 2 3 2 
1     6   7 = 5 1         |   2 
3   3   1 |   ǁ 2 5     4 7 6 5 
1       | |   ǁ | 3   2   ǁ   2 
1   3 6 5 | 1 ǁ | 3 2 1   ǁ     
2 2   3 4 | | ǁ |         ǁ     
  1   1 2 | | ǁ | 3   1   ǁ     
3   5 - - 7 4 ǁ 3 |       ǁ     
| 1 4 4 2 | 1 ǁ 2 |       ǁ     
| 2 4 4 4 | 3 6 - 4 2     2     
| 2 ǁ 2 3 | 1 2 - - 1     1     
| 6 8 = = 7 = = = = = = = 5     
| 4 ǁ 2     1             3     
| 4 3 3   5               2     
3 1 2 = = 5 - - - - - - - 5 4 3 
4 = = = = = 3 - 3 4 = 4 = 6 2 1 
