16 16
3 2 2 0 0 4 0 0 0 0 0 3 3 0 5 3 
2 0 3 3 1 0 0 0 0 1 0 2 1 0 0 0 
2 3 0 0 0 4 0 0 0 0 0 0 0 0 7 4 
0 0 1 0 5 0 0 0 0 0 0 0 0 0 5 2 
0 0 1 1 0 1 3 3 0 1 4 5 2 2 0 0 
0 0 3 3 0 2 0 0 4 4 2 0 1 0 0 0 
0 0 0 1 0 0 0 0 4 6 0 7 2 0 0 0 
0 0 0 0 0 5 5 0 4 3 2 0 0 0 0 0 
0 0 0 0 0 2 0 0 2 0 0 0 0 0 0 0 
0 0 3 0 6 0 6 7 0 6 3 0 0 0 0 0 
0 0 3 0 4 1 2 3 0 5 1 0 0 1 0 0 
0 0 4 4 5 0 0 0 4 3 0 0 0 0 0 0 
4 5 0 0 0 0 0 0 0 0 0 6 0 0 7 4 
0 0 3 0 0 0 0 0 0 0 0 5 0 1 0 1 
2 2 4 0 0 0 0 0 3 1 1 2 2 0 7 4 
1 1 4 3 3 3 0 0 4 0 0 0 0 0 4 2 
100 45
0 14 0 12
0 14 0 15
0 14 2 14
6 11 6 9
6 11 6 12
6 11 4 11
6 11 12 11
7 5 7 6
7 5 5 5
7 5 8 5
9 7 9 6
9 7 9 9
9 7 4 7
9 7 10 7
12 14 12 11
12 14 12 15
12 14 3 14
12 14 14 14
13 13 13 11
5 8 5 9
5 8 6 8
5 8 5 9
5 8 6 8
6 8 6 9
6 8 7 8
6 9 6 11
6 9 5 9
6 9 7 9
6 9 5 9
7 8 7 9
7 8 8 8
7 8 7 9
7 10 9 10
9 9 9 7
9 9 9 10
9 9 10 9
10 13 4 13
4 13 4 12
5 10 4 10
7 10 9 10
9 9 10 9
5 10 4 10
9 9 10 9
4 10 4 9
4 10 4 11

1094

3 2 2     4           3 3 - 5 3 
2   3 3 1         1   2 1   |   
2 3       4                 7 4 
    1   5                   5 2 
    1 1   1 3 3   1 4 5 2 2 |   
    3 3   2   | 4 4 2 | 1 | |   
      1   |   | 4 6 = 7 2 | |   
          5 5 | 4 3 2 |   | |   
          2   | 2   ǁ |   | |   
    3   6   6 7 = 6 3 |   | |   
    3   4 1 2 3   5 1 |   1 |   
    4 4 5       4 3   |     |   
4 5                   6 - - 7 4 
    3                 5 - 1 | 1 
2 2 4           3 1 1 2 2   7 4 
1 1 4 3 3 3     4           4 2 
