16 16
1 4 0 0 0 0 0 0 0 0 4 3 1 2 3 2 
1 3 0 0 0 0 0 0 3 2 0 2 0 0 0 1 
3 0 0 0 0 0 0 0 0 0 5 0 5 5 6 3 
5 0 0 0 0 0 0 3 3 1 0 1 0 1 0 1 
0 3 0 0 0 0 3 0 4 3 0 0 0 0 4 3 
0 3 0 2 0 0 0 0 0 0 0 2 4 4 4 0 
6 0 0 0 0 0 3 0 0 0 0 1 4 0 2 0 
0 2 3 3 4 0 4 0 0 2 0 2 0 0 2 6 
0 0 2 3 2 0 0 0 0 0 0 0 2 0 1 0 
0 4 0 0 1 0 5 1 0 0 0 4 1 0 0 0 
0 0 0 0 0 0 0 0 0 0 0 0 3 0 0 0 
3 5 0 3 3 0 0 0 0 0 0 0 0 0 0 0 
1 0 2 2 3 1 0 0 0 0 0 0 0 0 0 0 
1 0 3 5 0 0 6 0 5 0 4 3 0 3 4 6 
0 0 1 0 0 0 3 1 4 4 7 0 6 0 1 3 
3 5 0 0 0 0 0 0 0 0 3 2 4 0 1 1 
100 39
3 0 3 7
3 0 2 0
3 0 6 0
6 0 6 6
6 0 3 0
6 0 11 0
7 15 7 14
7 15 4 15
7 15 13 15
7 15 7 14
7 15 4 15
7 15 13 15
10 12 9 12
10 12 14 12
10 12 14 12
12 5 12 4
13 3 13 2
13 3 13 6
13 3 12 3
13 15 13 14
13 15 14 15
14 10 14 9
14 10 14 12
14 10 13 10
14 10 15 10
14 12 14 10
14 12 14 14
14 12 15 12
14 15 13 15
14 15 15 15
15 0 15 1
15 0 13 0
15 0 15 1
15 12 15 11
15 12 15 14
15 12 15 11
6 0 6 6
6 0 11 0
13 15 13 14

760

1 4                 4 3 1 2 3 2 
1 3             3 2   2       1 
3                   5   5 5 6 3 
5 - - - - - - 3 3 1   1   1   1 
ǁ 3         3   4 3         4 3 
ǁ 3   2               2 4 4 4 ǁ 
6 = = = = = 3         1 4   2 ǁ 
ǁ 2 3 3 4   4     2   2     2 6 
ǁ   2 3 2               2   1 ǁ 
ǁ 4     1   5 1       4 1     ǁ 
ǁ                       3     ǁ 
3 5   3 3               ǁ     ǁ 
1   2 2 3 1             ǁ     ǁ 
1   3 5 - - 6   5   4 3 ǁ 3 4 6 
|   1       3 1 4 4 7 = 6 - 1 3 
3 5                 3 2 4 - 1 1 
