16 16
2 4 2 0 0 5 0 0 0 0 0 0 4 2 1 1 
1 0 4 3 1 0 0 0 2 0 0 4 0 1 0 0 
0 0 0 0 0 0 1 0 0 0 2 0 0 4 5 4 
0 0 0 4 2 0 0 1 0 0 5 0 0 0 2 0 
0 0 2 0 0 4 3 0 0 0 0 3 0 0 0 0 
3 0 0 0 0 0 0 0 0 0 0 0 0 0 0 0 
0 0 1 5 0 0 0 0 0 0 6 4 0 0 0 0 
0 0 2 6 6 0 0 4 3 2 0 1 0 0 0 0 
0 0 0 1 4 2 0 3 2 0 0 0 0 0 0 1 
0 5 0 0 0 0 0 0 0 0 5 0 6 5 3 1 
0 0 2 0 0 4 0 0 1 4 6 1 2 2 3 3 
0 0 1 0 0 0 4 2 0 2 0 1 0 0 4 2 
0 0 0 0 0 0 4 0 0 0 7 0 0 0 5 2 
6 5 0 0 0 4 0 1 1 0 7 0 0 4 3 1 
3 5 0 0 0 0 0 0 3 1 4 2 0 4 2 3 
1 2 0 0 0 0 0 0 0 0 2 1 1 4 2 2 
100 110
0 5 0 2
0 5 0 12
0 5 4 5
2 15 2 14
2 15 0 15
2 15 8 15
2 15 2 14
5 0 1 0
5 0 13 0
5 0 13 0
9 1 9 10
9 1 0 1
9 1 13 1
12 6 12 10
12 6 11 6
12 6 12 10
12 6 11 6
12 10 12 14
12 10 10 10
12 10 13 10
13 0 13 1
13 0 14 0
13 10 13 8
13 10 13 13
13 10 12 10
13 10 14 10
14 8 14 1
14 8 14 9
14 8 14 1
0 0 0 1
0 0 0 1
0 1 0 2
0 5 0 12
0 5 4 5
0 12 0 13
0 12 9 12
1 2 1 3
1 2 4 2
1 2 1 3
1 2 4 2
1 11 1 8
1 11 4 11
1 11 1 8
1 11 4 11
3 10 3 7
3 10 2 10
3 10 6 10
4 5 4 6
4 5 8 5
4 6 2 6
4 11 6 11
6 3 6 2
6 3 3 3
6 3 7 3
6 10 6 11
6 10 3 10
6 10 9 10
6 10 6 11
6 10 9 10
6 11 7 11
7 2 7 3
7 4 7 3
7 4 3 4
7 4 8 4
7 4 7 3
7 4 3 4
7 4 8 4
7 7 7 8
7 7 8 7
7 7 7 8
7 7 8 7
7 9 7 8
8 4 8 3
8 4 8 5
8 7 8 8
9 1 9 10
9 1 13 1
9 12 9 10
9 12 9 13
9 12 10 12
9 12 9 13
9 12 10 12
10 10 10 9
10 10 10 11
10 10 12 10
10 10 10 9
10 10 10 9
11 6 11 2
11 6 11 7
11 7 11 9
11 9 10 9
11 11 11 14
13 0 13 1
13 0 14 0
13 5 13 1
13 5 13 7
13 10 13 13
13 10 14 10
13 13 13 14
13 13 14 13
14 10 14 11
14 10 15 10
1 4 1 3
2 10 3 10
3 3 6 3
6 3 7 3
7 2 7 3
10 2 10 5
10 5 10 2
10 5 10 8

825

2 4 2 - - 5 = = = = = = 4 2 1 1 
1 | 4 3 1 ǁ     2 = = 4 | 1   | 
| | ǁ     ǁ 1       2 ǁ | 4 5 4 
| | ǁ 4 2 ǁ | 1 - - 5 ǁ |   2 | 
| | 2 ǁ ǁ 4 3       ǁ 3 |     | 
3 |   ǁ ǁ |         ǁ | |     | 
ǁ | 1 5 ǁ |         6 4 |     | 
ǁ | 2 6 6 |   4 3 2 ǁ 1 |     | 
ǁ |   1 4 2   3 2   ǁ   |     1 
ǁ 5 = = = = = = = = 5 - 6 5 3 1 
ǁ ǁ 2 = = 4 - - 1 4 6 1 2 2 3 3 
ǁ ǁ 1 - - - 4 2 - 2 ǁ 1 - - 4 2 
ǁ ǁ         4 = = = 7 - - - 5 2 
6 5 - - - 4 - 1 1 - 7 = = 4 3 1 
3 5 = = = = = = 3 1 4 2   4 2 3 
1 2                 2 1 1 4 2 2 
