16 16
2 0 2 0 6 0 0 0 0 4 3 2 4 3 3 2 
0 0 2 0 4 0 0 0 0 0 0 4 8 0 8 6 
6 0 0 0 0 0 0 0 0 7 8 3 0 2 3 5 
4 2 1 0 0 0 0 0 0 0 0 2 0 6 3 0 
0 6 6 0 0 3 2 0 0 0 5 6 0 2 0 4 
0 0 3 0 0 2 0 1 0 0 3 4 0 0 0 2 
0 4 0 0 0 0 0 0 0 6 0 0 7 0 6 4 
0 0 0 0 1 0 0 3 0 0 3 0 8 0 5 0 
0 0 0 0 0 0 0 0 0 0 0 1 0 0 0 0 
5 6 0 0 0 0 0 7 1 0 4 2 0 0 0 3 
4 2 0 0 0 0 0 2 0 0 0 2 0 0 4 3 
5 0 1 0 0 0 0 0 0 0 0 5 6 0 3 3 
3 0 0 0 0 0 0 0 0 5 0 4 0 4 4 4 
0 0 0 0 0 0 0 0 1 2 0 4 5 6 4 2 
0 0 0 3 0 0 0 0 4 0 7 7 5 3 2 0 
0 0 0 2 1 0 0 0 1 0 3 2 4 2 0 0 
100 109
0 4 0 2
0 4 0 9
0 4 1 4
1 12 1 11
1 12 1 14
1 12 0 12
1 12 6 12
1 14 1 12
1 14 1 15
1 14 0 14
1 14 2 14
1 15 1 14
1 15 0 15
1 15 2 15
2 0 2 9
2 0 0 0
2 0 3 0
2 10 2 9
2 10 2 11
2 10 0 10
2 10 4 10
3 13 3 14
3 13 2 13
3 13 4 13
3 13 3 14
3 13 2 13
3 13 4 13
4 1 4 2
4 1 3 1
4 1 6 1
4 11 4 10
4 11 3 11
4 11 5 11
4 11 4 10
4 11 3 11
4 11 5 11
4 15 2 15
4 15 5 15
7 12 7 10
7 12 7 14
7 12 6 12
7 12 11 12
8 11 9 11
9 0 9 1
9 0 3 0
9 0 10 0
9 7 9 1
9 7 9 8
9 7 7 7
9 7 10 7
11 0 11 2
11 0 10 0
11 0 12 0
11 11 11 12
11 11 10 11
11 11 12 11
14 10 14 8
14 10 14 11
14 10 9 10
14 10 15 10
0 4 0 2
0 4 0 9
0 4 1 4
1 2 1 4
1 4 1 2
1 12 1 11
1 12 0 12
1 12 6 12
1 14 1 15
1 14 0 14
2 0 2 9
2 0 0 0
2 0 3 0
2 10 2 9
2 10 2 11
2 10 0 10
2 10 4 10
2 11 1 11
4 1 4 2
4 1 3 1
4 1 6 1
4 15 2 15
4 15 5 15
5 11 5 10
6 15 6 14
6 15 9 15
7 4 7 7
7 12 7 10
7 12 7 14
7 12 6 12
7 12 11 12
9 7 9 1
9 7 7 7
9 7 10 7
11 0 10 0
11 0 12 0
12 0 12 9
12 9 6 9
12 9 13 9
12 9 6 9
12 9 13 9
13 8 14 8
1 11 0 11
3 0 9 0
3 2 4 2
5 11 5 10
6 15 6 14
6 15 9 15
9 15 10 15

874

2   2 = 6 = = = = 4 3 2 4 3 3 2 
ǁ   2 = 4           ǁ 4 8 = 8 6 
6 = = = = = = = = 7 8 3 ǁ 2 3 5 
4 2 1               ǁ 2 ǁ 6 3 ǁ 
ǁ 6 6     3 2       5 6 ǁ 2   4 
ǁ ǁ 3     2   1     3 4 ǁ     2 
ǁ 4               6     7   6 4 
ǁ       1 - - 3   ǁ 3 = 8 = 5 ǁ 
ǁ             ǁ   ǁ   1 ǁ     ǁ 
5 6 = = = = = 7 1 ǁ 4 2 ǁ     3 
4 2           2   ǁ | 2 ǁ   4 3 
5 - 1             ǁ | 5 6   3 3 
3 - - - - - - - - 5 | 4   4 4 4 
                1 2 | 4 5 6 4 2 
      3         4 - 7 7 5 3 2   
      2 1       1   3 2 4 2     
