16 16
2 1 0 0 0 0 0 0 0 0 0 0 0 4 1 1 
5 0 3 3 4 0 0 0 4 0 2 0 0 0 1 0 
0 1 0 2 0 1 0 0 0 0 0 0 0 0 0 0 
0 3 0 2 0 3 0 0 8 0 4 0 0 0 0 0 
0 0 0 0 0 0 2 0 5 0 1 0 0 0 0 0 
0 0 0 4 7 0 0 0 0 0 0 0 0 4 0 3 
0 0 0 1 0 2 5 0 0 0 4 3 1 0 0 0 
0 0 0 0 2 2 0 3 3 1 0 0 2 0 0 0 
0 0 0 0 2 1 0 0 2 2 0 4 5 0 0 0 
0 0 2 3 3 0 7 5 2 1 0 3 2 0 0 0 
0 0 2 3 2 2 6 0 4 1 0 2 1 0 0 0 
0 3 4 0 0 0 0 0 0 0 5 0 0 4 0 0 
0 2 4 0 0 0 0 0 0 0 5 2 1 0 0 0 
4 0 0 0 4 0 0 5 0 0 0 0 0 6 5 3 
3 0 0 0 6 3 2 5 4 2 0 4 0 0 5 2 
1 0 0 0 4 4 2 1 4 2 2 3 1 0 3 1 
100 56
0 13 0 1
0 13 0 14
0 13 5 13
0 13 5 13
0 15 5 15
1 0 1 2
1 0 0 0
1 0 13 0
1 14 13 14
3 8 3 5
3 8 3 10
3 8 1 8
3 8 4 8
5 4 5 3
5 4 5 13
5 4 1 4
5 4 7 4
5 15 13 15
6 6 6 5
6 6 6 10
6 6 9 6
8 12 8 11
8 12 7 12
8 12 9 12
13 13 13 7
13 13 13 14
13 13 11 13
0 0 1 0
2 5 3 5
3 5 3 8
3 8 3 10
3 8 1 8
3 8 4 8
4 6 4 8
5 15 13 15
12 10 12 2
12 10 12 11
12 10 11 10
13 13 13 7
13 13 13 14
13 13 11 13
4 6 4 8
4 8 4 10
9 7 9 6
9 7 9 8
9 7 7 7
10 6 10 5
10 6 10 8
10 6 9 6
10 6 10 5
10 6 10 8
10 6 9 6
3 10 1 10
3 10 1 10
1 8 1 4
1 8 1 4

1061

2 1 - - - - - - - - - - - 4 1 1 
5 - 3 3 4 = = = 4   2     ǁ 1 | 
| 1   2 | 1     ǁ   ǁ     ǁ | | 
| 3   2 | 3 = = 8 = 4     ǁ | | 
|       |   2 = 5 - 1     ǁ | | 
|     4 7 - - - - - - - - 4 | 3 
|     1 | 2 5 - - - 4 3 1   | ǁ 
|       2 2 | 3 3 1     2   | ǁ 
|       2 1 | | 2 2   4 5   | ǁ 
|   2 3 3   7 5 2 1   3 2   | ǁ 
|   2 3 2 2 6 = 4 1   2 1   | ǁ 
| 3 4               5     4 | ǁ 
| 2 4 - - - - - - - 5 2 1 ǁ | ǁ 
4       4     5 = = = = = 6 5 3 
3       6 3 2 5 4 2   4     5 2 
1       4 4 2 1 4 2 2 3 1   3 1 
