16 16
2 0 0 0 0 3 3 0 0 0 0 0 0 0 5 2 
0 0 0 0 2 0 1 0 0 0 3 3 3 1 0 1 
1 1 2 3 0 0 3 2 0 0 0 0 0 0 0 2 
0 0 2 0 0 0 0 2 4 0 6 0 5 2 0 0 
0 0 3 7 4 0 0 0 3 2 0 0 3 2 0 0 
0 0 0 0 0 0 0 0 0 0 0 0 0 0 0 0 
0 0 0 0 0 0 4 0 0 0 7 0 7 4 0 0 
2 0 0 0 0 0 1 1 2 2 0 2 4 0 0 0 
0 0 0 0 0 0 0 0 0 0 0 4 0 5 0 0 
0 3 0 4 0 5 0 5 5 3 0 3 0 1 0 0 
0 2 1 3 2 0 0 3 2 0 0 0 0 0 0 0 
4 0 0 0 0 5 0 0 0 0 5 5 0 0 4 4 
2 4 3 0 0 0 2 3 0 0 2 1 2 0 3 0 
2 5 4 0 0 6 0 0 0 0 0 0 0 0 4 1 
0 1 4 1 2 4 4 4 0 0 0 0 0 0 6 2 
2 0 5 3 4 3 2 3 0 0 0 0 4 2 3 1 
100 28
0 14 0 6
0 14 0 15
0 14 11 14
4 3 4 2
4 3 4 4
4 3 2 3
4 3 9 3
6 10 6 6
6 10 6 12
6 10 3 10
6 10 11 10
8 13 8 11
8 13 6 13
8 13 9 13
15 2 15 0
15 2 15 3
15 2 14 2
4 9 4 8
7 12 7 11
7 12 6 12
7 12 7 11
7 12 6 12
8 11 8 13
8 11 9 11
8 11 9 11
8 13 6 13
9 11 11 11
4 9 4 8

984

2         3 3 - - - - - - - 5 2 
        2   1       3 3 3 1 | 1 
1 1 2 3     3 2             | 2 
    2 |       2 4   6   5 2 |   
    3 7 4       3 2 |   3 2 |   
      |             |       |   
      |     4 - - - 7 - 7 4 |   
2     |     1 1 2 2 | 2 4 ǁ |   
      |             | 4 = 5 |   
  3   4   5   5 5 3 | 3   1 |   
  2 1 3 2     3 2   | |     |   
4         5         5 5     4 4 
2 4 3       2 3     2 1 2   3   
2 5 4     6                 4 1 
  1 4 1 2 4 4 4             6 2 
2 - 5 3 4 3 2 3         4 2 3 1 
