16 16
0 0 0 1 0 0 0 3 0 0 3 0 4 2 1 1 
3 0 0 0 4 5 4 0 3 0 0 0 0 0 5 4 
0 0 1 0 0 4 4 0 3 0 0 0 1 0 0 2 
4 0 0 0 0 0 0 5 0 0 0 0 0 0 7 4 
5 0 5 0 4 3 2 0 3 3 0 0 2 0 0 2 
0 1 0 2 0 0 3 0 3 0 0 0 0 0 0 1 
4 5 0 0 0 3 4 0 0 0 0 0 0 0 0 1 
1 2 0 0 0 3 2 0 4 5 0 0 6 2 0 0 
3 4 0 0 2 4 4 0 0 0 1 1 0 0 0 0 
4 6 0 0 2 0 2 0 2 1 3 5 0 1 0 0 
0 2 0 0 0 0 0 0 0 0 0 0 0 0 0 0 
0 1 4 5 4 1 0 0 0 0 0 0 0 0 0 2 
4 0 0 0 0 0 0 7 0 0 0 6 7 2 0 0 
0 2 0 3 1 0 0 4 0 3 2 3 5 1 0 0 
1 3 0 6 0 0 0 6 0 0 0 0 0 0 6 2 
0 2 0 2 0 0 0 4 0 0 4 0 0 0 5 2 
100 53
1 5 1 4
1 5 1 6
1 5 2 5
3 14 3 7
3 14 3 15
3 14 1 14
3 14 14 14
4 0 4 2
4 0 3 0
4 0 6 0
12 7 12 0
12 7 12 11
12 7 3 7
12 7 13 7
12 12 12 11
12 12 12 13
12 12 7 12
12 12 13 12
13 12 13 11
13 12 13 13
13 12 12 12
15 14 15 10
15 14 15 15
15 14 14 14
9 11 9 10
9 11 8 11
9 11 12 11
11 3 11 2
11 3 11 4
11 3 5 3
13 12 13 11
6 1 6 0
6 1 5 1
6 1 7 1
8 10 9 10
9 1 9 0
9 1 8 1
9 1 10 1
9 1 9 0
9 1 8 1
9 1 10 1
11 1 11 2
11 2 11 3
11 2 4 2
8 1 8 0
8 1 7 1
9 0 8 0
9 0 12 0
12 0 12 7
12 0 14 0
6 1 6 0
8 0 7 0
6 0 6 1

1004

      1       3     3   4 2 1 1 
3       4 5 4   3           5 4 
    1     4 4   3       1   | 2 
4             5 - - - - - - 7 4 
5 - 5   4 3 2 | 3 3     2   | 2 
| 1 | 2     3 | 3           | 1 
4 5 | |   3 4 |             | 1 
1 2 | |   3 2 | 4 5     6 2 |   
3 4 | | 2 4 4 |     1 1 |   |   
4 6 | | 2   2 | 2 1 3 5 | 1 |   
| 2 | |       |       | |   |   
| 1 4 5 4 1   |       | |   | 2 
4 = = = = = = 7 - - - 6 7 2 |   
| 2   3 1     4   3 2 3 5 1 |   
1 3   6       6             6 2 
  2   2       4     4 - - - 5 2 
