16 16
2 0 3 1 5 0 0 0 3 1 0 0 0 0 4 2 
2 1 0 1 5 0 3 1 0 2 0 0 0 0 0 1 
3 0 5 0 0 0 0 0 4 5 0 0 0 0 6 3 
0 1 0 3 2 1 0 2 0 3 0 2 0 0 0 0 
0 0 0 3 0 0 0 5 0 0 0 0 0 0 0 0 
5 3 0 3 0 2 2 0 0 0 0 3 4 1 4 1 
4 2 0 2 0 0 0 0 0 0 0 0 4 2 1 0 
2 0 5 0 0 5 5 0 0 0 0 0 0 0 2 0 
3 5 4 2 0 6 5 0 0 0 0 0 0 0 0 0 
0 1 2 0 0 1 2 0 0 0 0 0 0 0 0 0 
3 0 0 0 0 0 0 8 5 5 0 3 0 0 4 1 
3 0 0 0 2 0 0 0 1 5 0 0 0 4 1 0 
0 0 0 0 0 0 0 0 1 1 2 3 0 4 2 0 
4 0 0 0 0 0 0 8 7 0 0 4 0 3 2 0 
1 3 0 0 2 0 0 3 5 0 0 0 0 2 3 3 
0 4 2 0 1 0 0 0 4 1 0 0 0 0 0 0 
100 78
0 4 0 3
0 4 0 8
0 4 1 4
4 7 4 3
4 7 3 7
4 7 10 7
5 0 5 1
5 0 2 0
5 0 6 0
6 12 6 13
6 12 5 12
6 12 6 13
6 12 5 12
7 6 7 5
7 6 5 6
7 6 8 6
10 7 10 0
10 7 10 8
10 7 4 7
10 7 13 7
13 7 13 0
13 7 13 8
13 7 10 7
13 7 14 7
13 8 13 7
13 8 13 11
13 8 12 8
13 8 14 8
14 15 14 14
14 15 10 15
14 15 14 14
15 1 15 2
15 1 14 1
15 1 15 2
15 1 14 1
15 8 15 4
15 8 15 9
15 8 14 8
15 8 14 8
0 4 0 8
0 4 1 4
5 12 5 11
5 12 5 13
5 14 5 15
5 14 2 14
5 14 6 14
5 14 2 14
7 14 10 14
10 7 10 0
10 7 10 8
11 4 11 0
13 7 13 0
13 7 13 8
2 14 2 9
2 14 2 15
2 14 0 14
2 14 2 9
2 15 1 15
7 14 10 14
10 14 10 11
10 14 11 14
11 4 11 0
11 13 11 9
11 13 12 13
11 13 11 9
11 13 12 13
13 0 11 0
13 0 14 0
14 1 14 4
14 4 14 7
14 7 14 8
0 14 0 9
0 14 0 15
0 14 0 15
10 0 8 0
0 8 2 8
1 9 2 9
1 9 2 9

1036

2   3 1 5 = = = 3 1 - - - - 4 2 
2 1   1 5   3 1 | 2         | 1 
3   5           4 5 = = = = 6 3 
| 1   3 2 1   2   3   2     ǁ   
|     3 - - - 5             ǁ   
5 3   3   2 2 ǁ       3 4 1 4 1 
4 2   2     | ǁ         4 2 1   
2   5     5 5 ǁ             2   
3 5 4 2   6 5 ǁ             ǁ   
| 1 2     1 2 ǁ             ǁ   
3 = = = = = = 8 5 5   3 - - 4 1 
3 = = = 2     ǁ 1 5 = = = 4 1 | 
|             ǁ 1 1 2 3   4 2 | 
4 = = = = = = 8 7 - - 4   3 2 | 
1 3 - - 2 - - 3 5         2 3 3 
  4 2   1 - - - 4 1             
