16 16
2 3 0 0 0 0 0 0 0 0 0 0 5 2 2 2 
1 4 0 2 0 0 0 0 0 0 0 0 0 0 0 0 
3 7 0 0 0 0 0 0 0 0 0 0 7 0 6 4 
0 0 0 1 0 0 0 2 0 0 0 0 0 0 3 2 
0 0 1 3 4 0 0 5 0 0 2 0 0 3 5 2 
0 0 0 0 3 1 0 0 0 0 0 0 0 0 0 0 
0 0 0 0 0 0 0 0 1 0 5 1 0 0 0 0 
0 0 1 5 0 0 0 6 2 0 0 0 0 0 0 0 
0 0 3 4 0 3 1 0 1 0 0 1 0 0 2 0 
1 0 2 1 0 2 1 0 0 0 0 0 0 0 0 0 
2 6 0 0 0 0 0 7 0 0 5 3 0 0 0 0 
1 6 5 0 0 3 3 0 2 0 5 0 6 6 7 2 
2 0 2 0 1 0 2 0 4 0 5 2 5 0 2 1 
4 7 0 0 0 2 0 0 2 0 0 1 2 6 3 1 
3 3 1 0 0 0 0 5 3 1 6 4 1 4 3 0 
2 1 0 0 0 0 0 1 2 0 1 2 0 0 2 0 
100 30
0 12 0 1
0 12 0 13
0 12 2 12
2 1 2 0
2 1 2 12
2 1 1 1
2 1 10 1
10 7 10 1
10 7 10 10
10 7 7 7
10 7 14 7
11 2 11 1
11 2 11 5
11 2 12 2
11 14 11 13
11 14 11 15
11 14 8 14
11 14 12 14
13 1 13 0
13 1 13 5
13 1 11 1
13 1 14 1
14 10 14 9
14 10 14 11
14 10 12 10
14 10 15 10
1 3 1 1
14 10 14 11
14 10 12 10
1 3 1 1

965

2 3 - - - - - - - - - - 5 2 2 2 
1 4 = 2                 |       
3 7 - - - - - - - - - - 7   6 4 
  |   1       2             3 2 
  | 1 3 4     5     2     3 5 2 
  |     3 1                     
  |             1   5 1         
  | 1 5       6 2               
  | 3 4   3 1 | 1     1     2   
1 | 2 1   2 1 |             |   
2 6 - - - - - 7 - - 5 3     |   
1 6 5 - - 3 3 | 2   5   6 6 7 2 
2 | 2   1   2 | 4   5 2 5   2 1 
4 7 - - - 2   | 2   ǁ 1 2 6 3 1 
3 3 1         5 3 1 6 4 1 4 3   
2 1           1 2   1 2     2   
