16 16
4 5 0 0 0 0 0 0 0 3 0 0 0 0 2 2 
0 5 0 2 2 3 4 5 0 4 2 2 0 5 4 0 
4 0 4 4 5 4 2 0 3 0 0 0 0 5 8 5 
0 0 2 0 2 0 0 0 4 4 0 2 0 0 2 0 
0 4 0 4 3 0 0 0 3 3 0 0 0 0 2 0 
0 3 2 3 4 0 0 0 2 2 0 0 0 0 0 0 
6 0 0 0 0 7 0 6 0 0 0 0 0 6 4 0 
0 2 0 0 0 0 2 0 1 2 2 0 0 6 4 0 
0 0 0 0 0 0 0 0 0 0 0 0 0 4 3 0 
0 0 0 0 0 0 5 5 0 5 0 0 0 3 0 0 
0 0 0 0 0 0 0 0 4 8 4 0 0 0 0 0 
0 0 0 0 0 0 4 0 4 4 4 1 1 0 0 0 
0 0 0 0 0 0 3 0 2 0 1 0 0 4 0 5 
2 0 0 0 0 0 3 6 0 7 0 0 7 6 4 3 
3 6 0 0 0 7 0 4 4 3 0 0 4 0 0 4 
2 3 0 4 4 5 0 0 0 0 0 0 5 0 4 3 
100 86
0 0 0 1
0 0 2 0
1 1 1 3
1 1 0 1
1 1 4 1
1 7 1 6
1 7 1 9
1 7 6 7
1 13 1 11
1 13 1 14
1 13 2 13
2 2 2 3
2 2 3 2
2 2 2 3
2 2 3 2
2 14 2 13
2 14 2 15
2 14 1 14
2 14 3 14
6 0 6 5
6 0 2 0
6 0 13 0
9 6 9 7
9 6 7 6
9 6 11 6
10 9 10 8
10 9 10 10
10 9 9 9
10 9 11 9
12 15 12 13
12 15 2 15
12 15 13 15
13 9 13 7
13 9 13 12
13 9 11 9
13 9 14 9
13 12 13 9
13 12 13 13
13 12 11 12
13 12 14 12
13 13 13 12
13 13 13 14
13 13 12 13
14 5 14 1
14 5 14 7
14 5 6 5
14 5 15 5
14 8 14 7
14 8 14 9
14 8 14 7
14 8 14 9
15 3 15 1
15 3 15 4
15 3 15 1
15 3 15 4
15 4 15 5
15 12 15 5
15 12 15 14
15 12 14 12
0 0 0 1
0 0 2 0
2 0 6 0
2 14 2 13
2 14 2 15
2 14 1 14
2 14 3 14
5 4 5 3
5 4 4 4
5 4 5 3
5 4 4 4
6 0 6 5
6 0 13 0
7 1 14 1
10 9 10 8
10 9 10 10
10 9 9 9
10 9 11 9
12 10 11 10
13 9 13 7
13 9 11 9
13 12 13 13
15 4 15 5
7 1 14 1
11 10 11 11
11 10 10 10
11 10 10 10

1401

4 5               3         2 2 
ǁ 5 - 2 2 3 4 5 - 4 2 2 - 5 4   
4 | 4 4 5 4 2 | 3         5 8 5 
ǁ | 2   2     | 4 4   2     2 | 
ǁ 4   4 3     | 3 3         2 | 
ǁ 3 2 3 4     | 2 2           | 
6 = = = = 7   6           6 4 | 
ǁ 2       | 2   1 2 2     6 4 | 
ǁ ǁ       | |             4 3 | 
ǁ ǁ       | 5 5   5       3   | 
ǁ ǁ       | |   4 8 4         | 
ǁ ǁ       | 4   4 4 4 1 1     | 
ǁ ǁ       | 3   2 ǁ 1   | 4 - 5 
2 ǁ       | 3 6 = 7 = = 7 6 4 3 
3 6 - - - 7 - 4 4 3     4     4 
2 3 = 4 4 5 - - - - - - 5 - 4 3 
