16 16
2 0 0 5 0 0 0 5 0 0 0 0 3 2 0 0 
0 2 1 0 3 5 1 0 2 3 0 0 0 0 0 0 
0 0 0 0 0 5 2 0 4 7 0 0 4 0 0 0 
1 0 0 0 0 0 0 0 2 2 0 2 0 0 2 0 
2 4 2 0 0 0 0 0 0 1 1 0 0 0 0 0 
4 0 0 8 5 6 0 7 0 3 0 0 0 0 0 0 
0 1 2 0 1 0 0 0 1 0 4 0 0 0 0 0 
0 4 4 0 0 0 0 0 0 0 0 0 0 0 4 3 
0 0 0 0 0 0 1 0 0 0 0 0 0 0 0 3 
0 5 0 6 4 0 0 0 0 0 0 0 0 0 0 0 
0 0 0 0 2 0 2 7 0 0 5 3 0 3 3 2 
0 3 1 0 1 0 1 0 0 1 0 0 5 4 1 2 
3 5 1 0 0 0 0 6 0 6 2 1 0 3 2 0 
2 6 0 4 2 0 0 5 1 0 2 2 0 2 2 0 
1 0 0 0 0 6 4 5 0 6 3 3 8 0 4 3 
0 0 0 0 0 2 4 4 1 4 0 0 3 0 1 0 
100 66
0 3 0 0
0 3 0 7
0 3 5 3
1 5 1 4
1 5 1 6
1 5 2 5
2 9 2 8
2 9 2 12
2 9 1 9
2 9 3 9
5 3 5 0
5 3 5 4
5 3 0 3
5 3 9 3
5 7 5 5
5 7 5 9
5 7 0 7
5 7 10 7
6 10 6 8
6 10 4 10
6 10 10 10
6 10 10 10
8 6 10 6
9 1 9 3
9 1 7 1
9 1 11 1
13 1 13 0
13 1 13 3
13 1 12 1
14 12 14 11
14 12 14 14
14 12 11 12
14 12 15 12
1 5 1 4
1 5 2 5
2 6 2 5
5 3 5 0
5 3 5 4
5 3 9 3
7 2 7 1
7 2 6 2
7 2 7 1
7 2 6 2
13 1 13 0
13 1 13 3
13 1 12 1
14 0 14 5
14 5 14 6
14 5 5 5
14 5 15 5
14 12 14 11
14 12 14 14
14 12 11 12
14 12 15 12
1 4 5 4
2 6 2 5
6 1 7 1
9 1 9 3
9 1 11 1
12 7 12 9
12 7 10 7
12 7 13 7
12 7 12 9
12 7 10 7
12 7 13 7
2 5 5 5

1192

2 - - 5 - - - 5         3 2     
  2 1 ǁ 3 5 1 | 2 3             
      ǁ | 5 2 | 4 7 - - 4       
1     ǁ | |   | 2 2   2     2   
2 4 2 ǁ | |   |   1 1           
4 = = 8 5 6 - 7 - 3 |           
  1 2 ǁ 1 |   | 1 - 4           
  4 4 ǁ   |   |     ǁ       4 3 
  |   ǁ   | 1 |     ǁ         3 
  5 = 6 4 | | |     ǁ           
  ǁ     2 | 2 7     5 3   3 3 2 
  3 1   1 | 1 ǁ   1     5 4 1 2 
3 5 1     |   6 = 6 2 1 ǁ 3 2   
2 6 = 4 2 |   5 1   2 2 ǁ 2 2   
1 - - - - 6 4 5   6 3 3 8 = 4 3 
          2 4 4 1 4     3   1   
