16 16
3 3 2 4 6 0 0 0 0 0 6 0 0 4 2 0 
3 0 0 0 3 0 1 0 0 0 0 0 0 0 0 0 
5 3 6 8 0 0 0 0 0 0 7 0 0 6 5 2 
0 0 2 0 0 0 0 0 0 0 0 4 2 0 2 2 
0 0 4 7 0 0 0 3 4 2 0 5 0 6 4 0 
4 0 4 5 0 0 0 0 1 0 0 1 2 0 4 4 
3 0 1 1 0 0 0 0 0 0 0 2 3 0 0 0 
4 6 0 0 0 0 0 0 0 0 5 0 0 0 6 2 
6 7 3 0 0 0 0 0 0 0 0 4 2 2 0 0 
0 0 0 0 2 4 0 0 0 4 0 7 4 4 0 0 
0 0 0 0 0 0 1 2 0 0 0 3 0 0 0 0 
0 0 0 0 0 4 0 0 0 0 0 0 0 0 7 4 
2 0 0 0 0 1 3 1 2 0 0 5 4 1 3 4 
0 0 3 0 7 0 7 0 0 0 0 7 5 6 8 5 
4 8 4 2 3 0 3 0 0 0 0 2 0 0 3 1 
3 5 0 0 0 0 0 0 0 0 0 0 0 4 3 1 
100 182
0 4 0 3
0 4 0 10
0 4 1 4
0 4 0 3
0 4 0 10
0 4 1 4
0 10 0 13
0 10 2 10
2 0 2 1
2 0 1 0
2 0 5 0
2 3 2 2
2 3 2 10
2 3 0 3
2 3 4 3
2 3 2 2
2 3 2 10
2 3 0 3
2 3 4 3
3 11 3 12
3 11 4 11
3 11 3 12
3 11 4 11
4 3 4 2
4 3 4 7
4 3 5 3
7 10 7 1
7 10 7 14
7 10 2 10
8 0 8 1
8 0 7 0
8 0 12 0
8 0 8 1
8 0 7 0
8 0 12 0
8 1 8 2
8 1 7 1
8 1 14 1
9 9 9 5
9 9 9 11
9 9 9 5
9 9 9 11
9 11 9 12
9 11 8 11
9 11 10 11
11 14 11 5
11 14 11 15
11 14 7 14
11 14 12 14
12 11 12 8
12 11 12 12
12 11 13 11
13 4 13 2
13 4 13 6
13 4 9 4
13 4 14 4
13 12 13 11
13 12 13 13
13 12 12 12
13 14 13 13
13 14 13 15
13 14 12 14
13 14 14 14
13 14 13 13
13 14 13 15
13 14 12 14
13 14 14 14
13 15 12 15
13 15 14 15
13 15 12 15
14 0 14 1
14 0 15 0
14 0 14 1
14 0 15 0
14 1 14 2
14 1 8 1
14 1 15 1
15 0 15 1
15 1 15 13
15 1 14 1
15 15 15 14
0 10 0 13
0 10 2 10
0 13 0 14
0 13 2 13
0 14 2 14
1 4 1 6
2 2 2 1
2 2 0 2
2 2 3 2
2 2 2 1
2 13 2 10
2 13 2 14
2 13 4 13
2 13 2 10
2 13 2 14
3 2 4 2
4 2 4 3
4 2 5 2
4 9 4 8
7 0 7 1
7 0 6 0
7 10 7 1
7 10 7 14
7 14 7 15
7 14 5 14
7 14 11 14
9 5 9 4
9 5 11 5
9 13 9 12
9 13 8 13
9 13 9 12
9 13 8 13
10 6 10 7
10 7 10 11
10 11 9 11
11 5 11 14
11 5 12 5
11 14 11 15
11 15 7 15
11 15 12 15
13 4 13 2
13 4 13 6
13 4 14 4
13 6 13 11
13 6 12 6
13 6 14 6
13 13 13 12
13 13 12 13
13 13 15 13
14 1 14 2
14 2 14 3
14 2 13 2
14 3 14 4
14 14 15 14
15 1 15 13
15 13 15 14
0 2 0 1
2 0 1 0
2 0 5 0
4 9 4 8
5 0 5 2
5 0 6 0
5 2 5 3
5 2 6 2
5 3 5 8
5 3 4 3
5 3 6 3
5 15 5 14
5 15 3 15
5 15 5 14
5 15 3 15
7 1 8 1
8 2 8 11
9 12 9 11
12 12 12 11
12 12 13 12
13 11 13 6
13 11 12 11
13 11 14 11
13 11 14 11
14 6 13 6
0 1 0 0
0 1 0 0
1 0 0 0
2 15 2 14
2 15 2 14
3 14 4 14
3 14 4 14
4 7 4 8
4 8 4 7
4 14 4 13
4 14 5 14
8 2 8 11
8 11 8 12
12 6 12 7
4 13 4 11
4 13 4 11
4 11 5 11
5 12 6 12
5 12 6 12
6 11 6 12

939

3 3 2 4 6 = = = = = 6 = = 4 2   
3   | ǁ 3 - 1       ǁ     | |   
5 3 6 8 = = = = = = 7 = = 6 5 2 
ǁ   2 ǁ             | 4 2 | 2 2 
ǁ   4 7 - - - 3 4 2 | 5 = 6 4 ǁ 
4 - 4 5 - - - - 1   | 1 2   4 4 
3   1 1             | 2 3   |   
4 6 = = = = = = = = 5 = = = 6 2 
6 7 3 = = = = = = = = 4 2 2 ǁ | 
ǁ ǁ     2 4 = = = 4 = 7 4 4 ǁ | 
ǁ ǁ     | | 1 2 - - - 3     ǁ | 
ǁ ǁ     | 4 = = = = = = = = 7 4 
2 ǁ     | 1 3 1 2 - - 5 4 1 3 4 
  ǁ 3 = 7 = 7 = = = = 7 5 6 8 5 
4 8 4 2 3   3         2   | 3 1 
3 5 = = = = = = = = = = = 4 3 1 
