16 16
3 0 4 0 3 0 0 0 5 0 0 0 0 0 2 0 
0 1 3 2 0 4 2 0 0 0 0 0 1 0 0 0 
2 3 2 1 0 0 1 0 0 0 0 0 0 0 0 0 
2 0 0 0 0 5 5 0 7 0 0 2 0 0 0 0 
3 0 0 0 0 0 2 2 6 0 0 0 4 0 3 2 
0 0 0 0 0 4 0 0 0 0 0 0 0 0 3 0 
0 2 0 0 0 2 0 0 0 0 0 0 2 2 0 0 
0 1 0 0 0 0 2 3 0 0 3 0 2 3 0 0 
3 0 4 0 6 4 3 3 1 0 0 2 3 0 0 1 
0 2 5 2 6 0 0 0 0 0 8 0 5 2 0 0 
0 2 5 0 6 0 0 0 1 0 2 0 2 2 0 0 
0 1 0 2 2 1 1 3 1 0 0 0 4 4 0 0 
0 2 7 3 4 0 0 7 0 2 0 0 0 0 4 2 
4 1 2 2 6 2 0 0 0 0 0 0 0 0 3 1 
5 0 0 0 0 0 0 4 0 0 0 0 4 6 3 3 
2 0 0 0 0 0 0 0 1 0 0 0 0 3 2 1 
100 102
0 8 0 4
0 8 0 14
0 8 3 8
1 12 4 12
9 10 9 4
9 10 9 12
9 10 7 10
9 10 10 10
9 10 9 4
9 10 9 12
9 10 7 10
9 10 10 10
12 2 12 1
12 2 12 3
12 2 10 2
12 2 13 2
12 7 12 4
12 7 12 9
12 7 11 7
12 7 14 7
13 4 13 3
13 4 13 5
13 4 12 4
13 4 13 3
13 4 13 5
13 4 12 4
14 0 14 7
14 0 13 0
14 0 15 0
9 4 9 3
9 4 8 4
9 4 10 4
9 4 9 3
10 4 10 2
10 4 10 8
10 4 11 4
8 4 8 2
8 4 8 5
8 4 0 4
8 4 8 2
8 4 8 5
8 5 8 6
8 5 6 5
9 2 9 1
9 2 8 2
9 2 10 2
10 4 10 2
10 4 11 4
11 3 12 3
11 5 11 6
12 4 12 3
12 7 12 9
12 7 11 7
12 7 14 7
14 7 14 0
14 12 14 13
14 12 11 12
14 12 14 13
14 12 11 12
14 13 14 14
14 13 11 13
14 13 15 13
14 13 14 14
14 15 14 14
14 15 13 15
14 15 15 15
15 14 15 13
15 14 15 13
1 5 1 6
1 5 3 5
1 5 1 6
1 5 3 5
2 6 3 6
11 7 11 8
11 12 11 13
11 12 10 12
11 13 10 13
11 13 10 13
12 2 12 1
12 2 10 2
12 2 13 2
13 1 13 0
13 14 12 14
15 8 15 0
9 2 9 1
9 2 8 2
10 1 11 1
10 12 9 12
13 0 8 0
13 0 14 0
13 14 12 14
7 1 6 1
8 0 4 0
8 0 4 0
13 14 12 14
4 0 3 0
6 1 2 1
12 14 12 15
12 15 8 15
3 0 2 0
4 15 4 14
4 15 4 14

1311

3   4   3 - - - 5 - - - - - 2   
  1 3 2 | 4 2   |       1       
2 3 2 1 | ǁ 1   |       |       
2 |     | 5 5   7     2 |       
3 |     |   2 2 6       4   3 2 
ǁ |     | 4                 3   
ǁ 2     | 2             2 2     
ǁ 1     | | 2 3     3   2 3     
3   4 = 6 4 3 3 1   ǁ 2 3     1 
| 2 5 2 6 = = = = = 8 = 5 2   | 
| 2 5 = 6 - - - 1   2   2 2   | 
| 1 ǁ 2 2 1 1 3 1       4 4   | 
| 2 7 3 4 - - 7 = 2     ǁ | 4 2 
4 1 2 2 6 2   ǁ         ǁ | 3 1 
5 = = = = = = 4         4 6 3 3 
2 - - - - - - - 1         3 2 1 
