16 16
1 1 4 2 2 0 3 2 0 0 4 0 6 0 4 2 
4 0 5 0 0 0 6 0 0 0 0 0 8 3 0 0 
3 2 0 0 0 0 0 1 0 0 0 2 0 0 0 0 
2 0 3 3 3 2 0 0 0 0 0 0 0 0 1 0 
0 1 2 0 0 0 0 0 0 0 0 0 0 0 0 0 
0 2 0 7 0 0 7 0 0 0 3 3 0 0 0 0 
4 2 2 4 3 2 0 2 3 0 0 4 0 3 7 2 
4 0 1 0 0 0 0 3 2 4 0 4 0 1 0 0 
5 5 0 0 3 2 0 0 1 0 0 0 0 0 2 0 
0 2 2 0 2 0 0 0 3 7 0 0 6 4 1 0 
4 0 0 0 0 0 5 5 1 0 2 0 2 0 1 0 
0 1 3 0 0 3 0 4 3 0 3 0 0 6 5 2 
0 0 4 0 0 3 1 0 0 5 2 0 0 2 0 0 
0 0 0 0 0 0 0 0 0 1 0 0 0 0 0 0 
4 0 6 1 3 0 0 3 3 0 1 0 0 0 0 0 
1 0 4 0 0 0 0 4 0 0 0 0 0 2 0 0 
100 49
0 12 0 10
0 12 0 14
0 12 1 12
1 12 1 6
1 12 1 13
1 12 0 12
1 12 9 12
5 3 5 1
5 3 5 6
5 3 3 3
5 3 6 3
6 14 6 13
6 14 6 15
6 14 3 14
6 14 8 14
7 11 7 9
7 11 6 11
7 11 7 9
7 11 6 11
8 0 8 1
8 0 7 0
8 0 10 0
9 9 9 8
9 9 9 12
9 9 7 9
9 9 12 9
11 14 11 13
11 14 11 15
11 14 10 14
13 9 12 9
0 12 0 10
0 12 0 14
0 14 0 15
0 14 0 15
1 12 1 6
1 12 1 13
1 12 9 12
1 13 6 13
3 5 3 4
6 14 6 13
6 14 6 15
6 14 8 14
7 13 9 13
9 14 9 13
11 14 11 13
11 14 11 15
0 10 0 7
3 5 3 4
0 10 0 7

983

1 1 4 2 2   3 2 = = 4 = 6 = 4 2 
4   5       6 = = = = = 8 3     
3 2           1       2 ǁ |     
2   3 3 3 2             ǁ | 1   
  1 2 |                 ǁ | |   
  2 - 7 - - 7       3 3 ǁ | |   
4 2 2 4 3 2   2 3     4 ǁ 3 7 2 
4   1         3 2 4 = 4 ǁ 1 ǁ   
5 5     3 2     1 |     ǁ | 2   
| 2 2   2       3 7 - - 6 4 1   
4           5 5 1 | 2   2   1   
  1 3     3   4 3 | 3     6 5 2 
    4     3 1     5 2     2     
                  1             
4   6 1 3     3 3   1           
1   4         4           2     
