16 16
1 2 3 0 0 5 0 0 6 0 0 0 0 0 4 0 
0 0 1 0 0 0 0 0 3 0 1 0 1 1 0 0 
3 5 0 0 0 5 0 0 0 0 0 0 3 2 0 0 
0 0 1 1 1 0 2 2 4 1 3 0 5 6 7 3 
1 0 3 5 2 0 6 0 4 1 1 0 0 0 0 4 
0 0 2 0 2 0 0 0 0 0 0 0 0 0 0 0 
2 4 4 5 4 0 4 0 0 4 2 2 0 0 0 0 
0 1 3 0 0 0 5 2 0 0 2 0 0 0 5 4 
0 0 2 0 0 0 4 2 0 0 0 0 0 0 1 0 
0 2 0 6 0 7 0 0 0 5 6 2 0 3 3 0 
0 2 3 0 1 0 0 0 0 0 4 2 0 0 4 0 
0 1 2 0 0 0 2 0 0 6 2 0 0 0 0 0 
4 5 1 4 4 0 3 0 0 4 0 0 0 0 0 0 
2 2 0 2 2 0 0 0 0 0 0 0 0 0 0 0 
3 0 0 0 0 7 0 0 0 0 0 0 5 0 4 0 
1 0 0 0 0 4 0 3 0 0 0 0 3 2 2 1 
100 118
0 5 0 2
0 5 0 8
0 5 2 5
0 8 0 5
0 8 0 14
0 8 1 8
0 14 0 8
0 14 3 14
0 14 3 14
3 14 3 13
3 14 3 15
3 14 7 14
4 15 3 15
4 15 7 15
4 15 3 15
4 15 7 15
7 15 7 14
7 15 15 15
9 5 9 3
9 5 9 9
9 5 2 5
9 5 14 5
12 9 12 6
12 9 11 9
12 9 12 6
12 9 11 9
0 8 1 8
3 14 3 13
3 14 7 14
4 6 4 8
4 6 3 6
4 6 6 6
4 6 4 8
4 6 3 6
4 6 6 6
4 8 4 9
4 8 3 8
6 4 6 3
6 4 5 4
6 4 6 3
6 4 5 4
6 6 6 9
6 6 7 6
6 9 6 10
6 9 9 9
6 9 6 10
6 11 9 11
6 11 9 11
7 6 7 7
7 6 8 6
7 6 7 7
7 6 8 6
7 10 9 10
7 14 8 14
8 6 8 7
8 7 8 6
9 10 9 9
9 10 7 10
9 10 10 10
11 9 11 6
11 9 11 10
11 9 9 9
11 9 11 6
11 10 10 10
3 7 3 8
3 13 3 12
3 13 2 13
3 13 9 13
3 13 3 12
4 10 3 10
9 10 9 9
9 10 10 10
10 10 10 11
10 11 10 14
10 14 9 14
10 14 14 14
10 14 9 14
14 12 14 5
14 12 14 14
14 12 15 12
14 14 14 12
14 14 15 14
15 14 15 13
3 7 3 8
3 8 3 9
9 5 9 3
9 5 2 5
9 5 14 5
9 13 9 14
15 13 15 12
1 8 1 10
3 10 3 12
3 10 3 12
3 12 2 12
9 3 9 1
9 3 6 3
9 3 12 3
9 3 9 1
10 4 12 4
12 4 12 3
12 4 13 4
12 4 12 3
13 4 13 3
8 2 7 2
12 3 12 2
13 3 13 1
8 2 7 2
12 1 12 0
12 1 11 1
12 1 13 1
12 1 12 0
10 1 10 2
10 1 10 2
10 2 11 2
12 1 12 0
12 0 6 0
13 0 14 0
13 0 14 0

1183

1 2 3 - - 5 = = 6 = = = = = 4   
    1     |     3 - 1   1 1 ǁ   
3 5       5             3 2 ǁ   
    1 1 1 ǁ 2 2 4 1 3 = 5 6 7 3 
1   3 5 2 ǁ 6 = 4 1 1     | ǁ 4 
    2   2 ǁ ǁ             | ǁ ǁ 
2 4 4 5 4 ǁ 4 - - 4 2 2   | ǁ ǁ 
| 1 3 |   ǁ 5 2   | 2 ǁ   | 5 4 
|   2 |   ǁ 4 2   | ǁ ǁ   | 1 | 
| 2 = 6 = 7 - - - 5 6 2   3 3 | 
| 2 3 | 1 ǁ       | 4 2 - - 4 | 
| 1 2 | | ǁ 2 = = 6 2       | | 
4 5 1 4 4 ǁ 3 = = 4         | | 
2 2 - 2 2 ǁ                 | | 
3         7 - - - - - - 5 = 4 | 
1         4   3         3 2 2 1 
