16 16
2 0 0 0 0 0 3 0 0 0 3 0 0 1 1 1 
0 2 0 5 0 3 3 0 0 0 0 0 0 2 0 0 
0 1 0 6 2 0 5 0 0 3 1 0 0 0 2 0 
0 0 0 2 1 0 2 2 0 4 1 0 0 0 0 0 
4 0 0 0 0 8 0 0 0 0 0 0 0 7 6 4 
0 1 2 0 0 5 1 0 4 0 0 4 2 0 0 3 
3 0 0 0 0 0 1 2 0 4 2 0 0 0 0 3 
0 0 1 0 0 0 2 4 3 5 2 0 0 0 4 4 
0 0 0 0 0 0 0 0 2 0 1 0 0 0 0 1 
0 5 0 0 0 7 0 4 1 0 1 0 4 0 1 2 
0 2 4 0 0 6 0 0 0 7 3 0 0 0 1 0 
0 2 5 1 2 5 0 0 2 3 2 0 0 0 3 0 
4 0 0 0 0 0 0 0 0 0 0 5 4 2 0 0 
0 2 0 0 0 0 0 0 0 5 2 1 3 0 7 4 
3 0 0 0 0 0 0 0 0 4 0 0 0 3 2 1 
3 0 0 0 4 0 0 0 0 0 0 4 2 2 3 2 
100 98
1 3 1 1
1 3 1 5
1 3 2 3
4 5 4 0
4 5 4 13
4 5 1 5
4 5 5 5
4 5 4 0
4 5 4 13
4 5 1 5
4 5 5 5
4 13 4 14
4 13 1 13
4 13 12 13
9 1 9 5
9 1 5 1
9 1 10 1
10 9 10 5
10 9 10 10
10 9 7 9
10 9 11 9
11 2 11 1
11 2 11 3
11 2 10 2
11 5 11 4
11 5 11 8
11 5 10 5
13 14 13 12
13 14 13 15
13 14 11 14
13 14 14 14
1 3 1 1
1 3 2 3
2 1 2 3
2 6 2 9
2 6 1 6
2 6 3 6
4 0 0 0
4 0 6 0
6 0 12 0
9 1 9 5
9 1 10 1
9 5 9 7
9 5 5 5
9 5 10 5
10 2 10 5
10 2 11 2
10 2 10 5
10 5 10 9
11 2 11 1
11 5 11 4
11 5 11 8
13 1 13 9
13 1 13 9
15 4 15 0
15 4 15 11
15 4 15 0
15 4 15 11
15 11 15 12
15 11 13 11
0 0 0 6
6 0 12 0
7 2 5 2
9 5 9 7
9 5 5 5
9 7 9 8
9 7 7 7
12 0 12 11
12 0 14 0
12 11 12 12
12 11 5 11
13 10 13 9
14 9 14 0
14 9 13 9
14 9 14 0
14 9 13 9
5 2 5 5
8 8 7 8
9 12 5 12
9 12 12 12
9 12 5 12
9 12 12 12
12 11 12 12
12 11 5 11
12 13 4 13
5 11 5 8
5 11 5 8
8 8 7 8
5 8 5 6
5 8 7 8
6 9 6 10
6 9 7 9
6 9 6 10
6 9 7 9
7 7 7 6
7 7 6 7
7 7 7 6
6 6 6 7

1059

2 - - - - - 3       3     1 1 1 
| 2 = 5 - 3 3             2     
| 1 - 6 2 ǁ 5 - - 3 1     | 2   
|     2 1 ǁ 2 2   4 1     |     
4 = = = = 8 = = = = = = = 7 6 4 
| 1 2 - - 5 1 - 4 = = 4 2 ǁ   3 
3 | |     ǁ 1 2 | 4 2 ǁ ǁ ǁ   3 
ǁ | 1     ǁ 2 4 3 5 2 ǁ ǁ ǁ 4 4 
ǁ |       ǁ   | 2 | 1 ǁ ǁ ǁ   1 
ǁ 5 = = = 7 = 4 1 | 1 ǁ 4 ǁ 1 2 
ǁ 2 4 = = 6 = = = 7 3 ǁ ǁ ǁ 1   
ǁ 2 5 1 2 5 = = 2 3 2 ǁ ǁ ǁ 3   
4 - - - - - - - - - - 5 4 2 |   
| 2 = = = = = = = 5 2 1 3 - 7 4 
3 = = = = = = = = 4   |   3 2 1 
3 = = = 4 = = = = = = 4 2 2 3 2 
