16 16
2 0 4 2 4 0 2 0 0 3 2 2 0 4 4 2 
1 0 0 2 5 0 0 0 0 3 5 0 0 7 5 2 
0 0 0 1 0 0 0 0 0 0 0 2 0 0 1 0 
3 0 6 1 0 0 0 0 0 0 0 6 0 7 2 4 
0 0 0 0 0 2 0 3 0 0 0 0 2 0 2 0 
0 0 0 0 0 0 0 0 0 0 0 0 0 2 4 0 
4 2 0 2 7 0 0 7 2 0 0 0 0 0 0 0 
0 0 0 0 2 2 0 0 0 0 0 0 4 0 0 0 
0 0 0 0 0 0 2 4 0 0 0 0 0 0 0 3 
4 0 7 0 0 8 4 2 0 0 3 0 0 3 0 0 
2 0 8 2 0 0 0 0 0 0 1 0 0 2 0 0 
4 2 0 2 0 0 2 5 0 6 0 6 5 0 6 3 
6 0 7 4 0 0 0 1 4 8 2 0 2 2 4 2 
4 2 1 0 0 0 0 0 2 2 0 0 0 3 5 4 
3 0 0 0 0 7 0 0 0 0 0 3 0 2 0 0 
2 0 2 3 2 4 0 0 0 0 0 0 5 0 5 4 
100 111
1 13 1 10
1 13 1 14
1 13 0 13
1 13 3 13
6 4 6 3
6 4 6 7
6 4 1 4
6 4 7 4
9 2 9 0
9 2 9 5
9 2 3 2
9 2 10 2
9 5 9 2
9 5 9 6
9 5 7 5
9 5 14 5
10 2 10 0
10 2 10 3
10 2 9 2
10 2 12 2
10 2 10 0
10 2 10 3
10 2 9 2
11 0 11 1
11 0 12 0
11 0 11 1
11 0 12 0
11 3 12 3
12 0 12 2
12 0 13 0
12 2 12 0
12 2 12 3
12 2 13 2
12 2 12 3
12 9 12 8
12 9 12 10
12 9 11 9
12 9 13 9
12 9 12 8
12 9 12 10
12 9 11 9
12 9 13 9
13 1 13 0
13 1 13 0
13 8 12 8
15 12 15 5
15 12 15 14
15 12 12 12
15 15 15 14
15 15 13 15
15 15 15 14
15 15 13 15
2 11 3 11
3 2 3 0
3 2 3 3
3 2 0 2
3 11 3 13
3 11 2 11
3 11 11 11
3 11 3 13
3 11 11 11
4 5 4 7
6 1 6 0
6 3 6 4
7 12 4 12
7 12 11 12
7 12 4 12
7 12 11 12
9 0 6 0
9 5 9 6
9 5 7 5
9 5 14 5
10 10 9 10
11 3 12 3
11 9 11 7
11 9 11 11
11 9 1 9
11 9 11 7
12 0 13 0
12 8 12 7
13 15 13 14
13 15 12 15
14 5 14 0
14 5 14 11
14 5 15 5
14 13 13 13
2 3 1 3
3 2 3 0
3 2 0 2
4 5 4 7
4 7 6 7
6 1 6 0
6 7 6 4
6 7 6 8
6 7 8 7
6 8 6 7
7 4 6 4
9 0 6 0
9 10 1 10
14 13 13 13
0 2 0 0
0 2 0 3
3 0 1 0
6 7 8 7
8 7 8 6
8 7 9 7
9 10 1 10
8 6 9 6
9 6 9 7
11 6 11 7
11 7 11 6

1261

2 - 4 2 4   2     3 2 2   4 4 2 
1   ǁ 2 5         3 5 - - 7 5 2 
|   ǁ 1 |         | ǁ 2   | 1   
3 = 6 1 |         | ǁ 6 = 7 2 4 
    |   | 2 = 3   | ǁ ǁ 2   2   
    |   |     |   | ǁ ǁ ǁ 2 4   
4 2 | 2 7 = = 7 2 | ǁ ǁ ǁ       
ǁ   |   2 2   ǁ   | ǁ ǁ 4       
ǁ   |     ǁ 2 4   | ǁ ǁ ǁ     3 
4 - 7 = = 8 4 2   | 3 ǁ ǁ 3     
2 = 8 2   ǁ       | 1 ǁ ǁ 2     
4 2 | 2   ǁ 2 5 = 6 - 6 5   6 3 
6 = 7 4   ǁ   1 4 8 2   2 2 4 2 
4 2 1     ǁ     2 2     | 3 5 4 
3 - - - - 7 - - - - - 3 | 2   ǁ 
2   2 3 2 4 - - - - - - 5 - 5 4 
