16 16
3 0 3 0 0 0 0 0 0 0 0 0 4 0 6 2 
2 3 0 0 0 0 0 0 0 0 0 2 0 1 4 2 
0 4 1 2 4 0 0 0 2 1 2 0 0 0 2 0 
0 5 2 1 0 1 1 3 0 0 5 0 5 0 6 0 
0 5 0 0 7 5 0 0 4 2 0 0 0 1 5 0 
0 3 2 0 0 1 2 0 6 3 0 0 0 0 0 0 
5 0 0 0 6 0 0 0 0 0 3 2 0 0 0 1 
2 1 0 0 5 0 0 0 0 0 0 0 6 0 5 4 
2 0 0 0 4 0 0 0 0 3 1 0 0 0 0 0 
0 0 0 0 0 0 0 0 0 2 0 0 0 1 4 3 
0 0 0 0 0 0 0 0 0 0 0 0 0 0 0 0 
3 2 3 0 4 0 3 2 0 0 4 0 6 0 8 2 
4 0 0 0 6 2 0 0 0 0 0 3 4 2 0 0 
2 0 0 0 6 4 0 1 1 0 4 5 3 1 0 0 
2 0 0 0 2 1 4 0 2 0 5 6 2 1 6 3 
0 0 0 0 0 0 0 0 0 0 2 2 0 0 4 4 
100 91
0 14 0 12
0 14 0 15
0 14 1 14
0 14 0 12
0 14 0 15
0 14 1 14
3 1 3 2
3 1 2 1
3 1 4 1
3 14 3 12
3 14 2 14
3 14 4 14
3 14 3 12
3 14 2 14
3 14 4 14
4 4 4 1
4 4 4 5
4 4 2 4
4 4 6 4
4 14 4 13
4 14 7 14
4 14 7 14
6 0 6 4
6 0 1 0
6 0 7 0
11 14 11 12
11 14 11 15
11 14 9 14
11 14 14 14
11 14 11 12
11 14 11 15
11 14 9 14
11 14 14 14
14 14 14 13
14 14 14 15
14 14 15 14
14 14 14 15
14 15 15 15
15 14 15 11
15 14 15 15
15 14 15 11
0 12 0 2
0 12 3 12
1 13 1 14
1 14 1 15
1 15 6 15
5 2 5 1
7 15 7 14
7 15 9 15
7 15 7 14
7 15 9 15
9 15 9 14
11 12 11 10
11 12 7 12
11 12 12 12
11 12 11 10
14 11 14 10
14 11 14 12
14 11 13 11
14 11 14 10
14 11 14 12
14 11 13 11
15 10 14 10
15 10 14 10
5 2 5 1
7 12 7 4
7 12 7 14
7 12 3 12
7 12 7 4
7 12 3 12
9 9 8 9
9 13 9 14
3 10 3 7
3 10 2 10
3 10 6 10
5 1 4 1
5 8 5 6
5 8 5 9
5 8 4 8
5 8 5 6
5 8 5 9
5 8 4 8
5 9 4 9
9 9 8 9
4 1 4 4
4 1 3 1
4 8 4 5
4 8 4 9
5 5 4 5
4 5 4 4
4 5 3 5

1053

3   3 - - - - - - - - - 4 = 6 2 
2 3                   2 | 1 4 2 
| 4 1 2 4       2 1 2   |   2 | 
| 5 2 1 | 1 1 3 - - 5   5 = 6 | 
| 5 = = 7 5 - - 4 2 |   ǁ 1 5 | 
| 3 2   | 1 2 = 6 3 |   ǁ   ǁ | 
5 - - - 6           3 2 ǁ   ǁ 1 
2 1     5 = = = = = = = 6 - 5 4 
2       4         3 1   |     ǁ 
                  2     | 1 4 3 
                        |   ǁ   
3 2 3   4   3 2     4 = 6 = 8 2 
4       6 2           3 4 2 ǁ   
2       6 4   1 1   4 5 3 1 ǁ   
2       2 1 4   2   5 6 2 1 6 3 
                    2 2 = = 4 4 
