16 16
1 0 0 4 1 1 2 0 3 1 3 0 0 0 3 1 
0 2 0 5 0 0 0 0 5 2 0 3 2 1 0 1 
3 0 0 2 1 0 4 3 0 0 0 4 0 0 6 3 
2 3 0 5 0 0 0 2 0 5 7 0 4 4 0 2 
1 2 1 0 0 0 0 0 0 1 4 0 2 2 0 0 
4 0 0 8 0 0 7 0 8 0 0 0 0 0 6 4 
5 4 2 0 3 0 5 2 0 2 0 0 0 0 0 0 
2 1 0 0 3 1 0 0 0 5 0 0 2 0 0 0 
1 0 1 7 2 0 2 0 0 0 0 0 0 0 0 0 
0 0 0 2 1 0 4 2 0 0 0 0 0 0 0 0 
0 3 0 0 0 0 0 0 4 2 0 0 0 0 4 0 
3 0 0 0 0 0 0 0 0 0 0 0 3 2 3 0 
4 0 1 2 0 0 0 0 0 0 4 1 0 0 0 0 
2 3 0 0 0 0 0 0 0 0 5 3 0 0 0 0 
2 7 0 0 0 0 0 0 0 0 0 0 6 0 0 3 
1 4 0 0 0 0 3 0 0 1 1 0 4 2 1 2 
100 62
0 3 0 0
0 3 0 4
0 3 1 3
0 3 1 3
3 10 3 9
3 10 3 12
3 10 0 10
3 10 4 10
5 3 5 0
5 3 5 6
5 3 3 3
5 3 8 3
5 8 5 6
5 8 5 14
5 8 1 8
5 8 10 8
6 0 6 1
6 0 5 0
6 0 7 0
6 9 7 9
7 5 7 4
8 3 8 2
8 3 8 4
8 3 5 3
8 3 9 3
13 11 13 10
13 11 12 11
13 11 13 10
14 1 14 0
14 1 14 12
14 1 13 1
14 1 15 1
0 5 0 6
2 11 2 14
2 11 1 11
2 11 2 14
2 11 1 11
4 2 4 1
5 3 5 0
5 3 5 6
5 3 3 3
5 8 5 6
5 8 5 14
5 8 1 8
5 8 10 8
6 2 6 1
6 9 7 9
8 3 8 4
8 3 9 3
9 4 9 6
12 10 12 3
12 10 13 10
12 10 12 3
12 10 13 10
13 10 13 1
1 11 1 12
1 12 1 13
6 2 6 1
7 4 6 4
12 2 12 0
7 4 6 4
6 4 6 6

748

1 - - 4 1 1 2   3 1 3       3 1 
  2   5         5 2 | 3 2 1   1 
3     2 1   4 3 ǁ   | 4 = = 6 3 
2 3   5       2 ǁ 5 7 - 4 4   2 
1 2 1 ǁ         ǁ 1 4   2 2     
4 = = 8 = = 7 = 8 = = = = = 6 4 
5 4 2 ǁ 3 - 5 2 ǁ 2             
2 1   ǁ 3 1     ǁ 5     2       
1   1 7 2   2   ǁ               
      2 1 - 4 2 ǁ               
  3             4 2         4   
3                       3 2 3   
4 - 1 2 = = = = = = 4 1         
2 3 - - - - - - - - 5 3         
2 7 - - - - - - - - - - 6     3 
1 4         3     1 1   4 2 1 2 
