16 16
2 4 0 0 0 0 5 0 0 0 0 5 0 0 4 2 
0 0 0 2 0 3 0 0 0 1 0 0 4 4 0 0 
0 0 0 0 2 0 0 3 0 6 2 0 6 5 0 3 
0 0 0 0 0 0 0 2 0 0 0 0 2 0 0 0 
0 0 0 0 0 0 0 3 0 7 0 5 0 4 0 0 
0 5 0 0 6 3 0 3 0 7 4 0 1 0 0 4 
0 2 0 0 0 0 6 0 0 8 6 0 0 4 0 0 
0 4 2 2 0 0 0 2 0 5 4 0 0 3 5 4 
0 0 1 0 0 0 0 0 0 0 0 0 5 0 7 3 
3 0 3 6 0 0 5 0 0 6 4 0 0 1 0 0 
4 0 1 5 4 0 4 2 5 6 0 0 0 0 0 0 
4 0 2 3 4 0 5 0 4 4 2 0 0 2 2 0 
5 7 0 0 0 0 0 0 0 0 0 4 0 0 0 0 
1 1 3 0 0 0 0 3 0 1 0 0 0 0 2 4 
4 0 7 0 0 0 0 0 0 0 0 5 0 0 4 3 
4 2 2 2 0 4 0 0 0 0 0 6 6 4 5 2 
100 170
0 6 0 1
0 6 0 11
0 6 6 6
1 13 1 12
1 13 2 13
1 13 1 12
1 13 2 13
2 4 5 4
4 9 4 7
4 9 4 11
4 9 2 9
4 9 5 9
5 1 5 4
5 1 0 1
5 1 6 1
6 9 6 6
6 9 6 10
6 9 5 9
6 9 7 9
6 9 6 6
6 9 6 10
6 9 5 9
6 9 7 9
6 10 6 13
6 10 5 10
6 10 7 10
6 10 6 13
6 13 4 13
6 13 7 13
8 12 8 2
8 12 8 14
8 12 15 12
9 3 9 2
9 3 9 6
9 3 10 3
9 3 9 2
9 3 9 6
9 3 10 3
9 9 9 6
9 9 9 10
9 9 10 9
9 9 9 6
9 9 9 10
9 9 10 9
9 10 11 10
9 13 11 13
10 8 10 7
10 8 10 9
10 8 11 8
10 9 10 8
10 9 11 9
11 6 11 4
11 6 11 8
11 6 10 6
12 0 12 1
12 0 11 0
12 0 13 0
12 1 12 0
12 1 12 11
12 1 7 1
12 1 13 1
12 11 12 1
12 11 14 11
12 11 14 11
13 9 13 7
14 0 14 2
14 0 15 0
14 0 14 2
14 0 15 0
14 2 14 11
14 2 13 2
14 2 15 2
15 0 15 1
15 0 15 1
15 5 15 3
15 5 15 11
15 5 15 3
15 5 15 11
15 11 15 12
15 11 14 11
15 12 15 11
15 12 15 13
15 12 8 12
15 14 15 13
15 14 15 15
15 14 14 14
1 3 1 5
1 12 1 9
1 12 2 12
2 4 5 4
2 9 2 7
2 9 2 10
2 9 4 9
2 12 2 10
2 12 2 13
2 12 3 12
2 12 2 13
2 12 3 12
4 11 4 9
4 11 4 13
4 11 4 13
4 13 2 13
5 10 5 9
5 10 5 12
5 10 5 9
5 15 2 15
5 15 7 15
5 15 2 15
5 15 7 15
7 10 7 9
7 10 7 13
7 10 7 9
7 13 7 14
7 15 7 14
7 15 8 15
8 12 8 14
8 14 8 15
8 14 7 14
8 14 11 14
9 2 10 2
9 6 10 6
9 10 11 10
10 0 9 0
10 0 11 0
10 0 9 0
10 0 11 0
10 9 10 8
11 0 12 0
11 2 11 3
11 8 11 6
11 8 11 9
12 1 7 1
13 7 13 2
15 2 14 2
15 11 15 12
15 13 15 14
15 13 11 13
0 11 0 6
0 11 0 14
0 11 0 14
0 14 0 15
0 14 7 14
0 15 2 15
1 3 1 5
1 5 5 5
2 9 2 7
5 5 5 4
7 1 7 2
7 1 6 1
7 2 7 3
7 3 7 7
7 7 7 9
7 14 8 14
9 0 0 0
10 7 10 6
11 2 11 3
13 7 13 2
14 2 14 11
0 0 0 1
0 1 0 6
2 7 3 7
3 7 4 7
5 1 5 4
5 4 5 5
10 6 10 4
11 6 11 4
10 4 10 3
10 4 11 4
10 4 10 3
11 4 11 3

1305

2 4 = = = = 5 = = = = 5 = = 4 2 
| |   2 = 3 |     1 - - 4 4 | | 
| |     2 | | 3 = 6 2 - 6 5 | 3 
| |     ǁ | | 2   ǁ     2 | | ǁ 
| |     ǁ | | 3 - 7 = 5 = 4 | ǁ 
| 5 = = 6 3 | 3   7 4 - 1 | | 4 
| 2         6 = = 8 6 = = 4 | ǁ 
| 4 2 2 - - - 2 - 5 4 - - 3 5 4 
| ǁ 1 - - - - - - - - - 5 = 7 3 
3 ǁ 3 6 = = 5 = = 6 4   ǁ 1 |   
4 ǁ 1 5 4 - 4 2 5 6 ǁ   ǁ | |   
4 ǁ 2 3 4 = 5 = 4 4 2   ǁ 2 2   
5 7 = = = = = = = = = 4 ǁ |     
1 1 3 = = = = 3 - 1   ǁ ǁ | 2 4 
4 = 7 = = = = = = = = 5 ǁ | 4 3 
4 2 2 2 = 4 = = = = = 6 6 4 5 2 
