16 16
1 3 0 0 0 3 2 0 3 0 0 4 2 2 3 3 
2 0 0 0 0 3 0 0 1 0 0 0 2 0 3 0 
6 6 0 0 0 0 0 0 0 0 0 7 5 4 0 0 
2 1 2 0 0 0 0 0 1 0 3 0 0 0 0 0 
3 0 6 0 0 0 0 0 0 1 0 0 1 0 0 0 
0 0 0 0 0 0 0 0 0 0 0 0 0 0 0 3 
4 0 5 0 0 0 0 0 0 0 7 7 0 5 0 0 
0 0 0 2 0 3 0 3 1 2 0 0 1 0 5 4 
0 0 0 2 0 0 0 5 2 0 0 0 0 0 0 1 
0 1 0 0 3 0 0 5 4 3 0 3 3 0 0 1 
0 0 0 0 2 0 0 1 3 0 0 2 0 4 0 0 
0 0 0 0 1 0 0 0 3 0 0 1 0 2 0 0 
0 0 0 3 0 0 0 0 0 0 6 0 0 0 6 2 
5 3 4 0 0 0 0 4 1 4 5 1 2 0 7 3 
2 1 5 2 3 0 0 5 2 2 3 3 5 2 4 2 
1 0 0 0 5 0 0 0 0 0 4 2 3 0 4 1 
100 52
2 0 2 1
2 0 1 0
2 0 3 0
2 11 2 1
2 11 2 12
2 11 0 11
2 11 6 11
3 10 3 8
3 10 6 10
3 10 6 10
6 10 6 2
6 10 6 11
6 10 12 10
6 13 6 11
6 13 2 13
6 13 10 13
7 12 9 12
7 14 7 15
7 14 1 14
7 14 12 14
13 0 13 1
13 0 6 0
13 0 14 0
13 14 13 12
13 14 13 15
13 14 12 14
13 14 14 14
14 2 14 1
14 2 14 3
14 2 13 2
14 7 14 4
14 7 14 8
14 7 13 7
15 4 15 0
15 4 15 10
15 4 14 4
2 0 2 1
2 0 1 0
2 0 3 0
4 9 4 2
4 12 2 12
14 0 13 0
14 2 14 3
14 2 13 2
15 4 15 10
15 4 14 4
0 0 0 1
4 2 4 0
4 2 3 2
4 2 6 2
14 7 14 8
14 7 13 7

595

1 3       3 2   3     4 2 2 3 3 
2         3     1     | 2   3   
6 6 - - - - - - - - - 7 5 4 |   
2 1 2           1 - 3 | | | |   
3 - 6 - - - - - - 1 ǁ | 1 | |   
    |               ǁ |   | | 3 
4   5 - - - - - - - 7 7 - 5 |   
|     2   3   3 1 2 |   1 | 5 4 
|     2       5 2   |   | | | 1 
| 1     3     5 4 3 | 3 3 | | 1 
|       2     1 3   | 2   4 |   
|       1       3   | 1   2 |   
|     3             6       6 2 
5 3 4         4 1 4 5 1 2 - 7 3 
2 1 5 2 3 - - 5 2 2 3 3 5 2 4 2 
1 - - - 5 = = = = = 4 2 3   4 1 
