16 16
2 3 0 0 0 0 0 0 2 1 0 3 2 5 1 2 
0 4 0 0 4 2 3 0 0 0 0 7 0 6 1 0 
0 0 1 0 0 0 3 3 2 1 0 4 1 0 1 0 
4 5 0 0 0 0 0 0 0 0 0 0 0 6 5 4 
0 0 4 0 0 4 1 4 2 4 2 0 0 0 2 0 
0 0 0 2 2 5 0 3 1 0 0 0 0 0 1 0 
0 0 5 6 0 0 0 2 0 0 0 0 0 0 0 0 
0 0 0 1 2 0 0 0 0 6 0 0 0 4 0 2 
3 0 5 0 0 0 0 0 0 0 0 0 3 0 0 0 
0 0 0 4 0 5 0 0 0 0 4 2 0 3 0 0 
0 0 0 3 1 0 1 5 2 4 3 1 0 0 0 0 
2 0 5 0 0 5 2 0 0 2 0 0 0 0 0 0 
1 0 3 0 0 0 0 4 0 0 5 2 0 4 0 1 
0 0 2 0 0 0 0 1 2 0 5 1 0 2 0 2 
3 5 0 0 0 0 0 0 0 0 0 0 8 0 6 4 
1 2 0 2 2 2 0 0 0 0 0 0 5 2 2 1 
100 130
0 13 0 12
0 13 0 14
0 13 1 13
0 15 3 15
0 15 3 15
1 11 1 6
1 11 1 13
1 11 0 11
1 11 2 11
3 15 3 14
3 15 7 15
6 2 6 3
6 2 4 2
6 2 8 2
13 10 13 8
13 10 13 11
13 10 12 10
14 12 14 1
14 12 14 14
14 12 8 12
14 12 15 12
14 12 14 1
14 12 14 14
14 12 8 12
14 12 15 12
14 14 14 15
14 14 5 14
14 14 15 14
14 14 14 15
14 15 13 15
14 15 15 15
15 14 15 13
0 13 0 12
0 13 1 13
1 13 1 11
1 13 1 14
1 13 3 13
2 14 3 14
3 13 3 1
3 13 3 14
3 13 7 13
3 13 3 1
3 13 3 14
3 14 4 14
4 2 4 5
4 2 6 2
4 2 4 5
4 5 4 6
4 5 5 5
4 7 4 8
4 7 5 7
4 7 4 8
4 7 5 7
4 9 4 10
4 9 7 9
4 9 4 10
4 9 7 9
7 9 7 4
7 9 7 13
7 9 10 9
7 9 7 4
7 13 9 13
7 15 12 15
9 10 9 11
9 10 10 10
9 10 9 11
9 10 10 10
10 7 10 6
10 7 10 8
10 7 12 7
11 5 11 2
11 5 11 6
11 5 9 5
11 6 11 5
11 9 10 9
12 13 9 13
12 13 13 13
12 13 9 13
12 13 13 13
13 10 13 8
13 10 12 10
15 13 15 12
0 11 0 9
0 11 1 11
1 4 1 1
1 4 1 5
1 4 1 1
1 4 1 5
2 2 2 6
2 11 2 9
2 11 2 12
2 11 1 11
5 5 5 4
5 5 5 7
5 5 5 4
6 7 6 3
9 5 9 3
9 5 11 5
9 5 9 3
10 4 10 3
11 9 10 9
15 12 15 5
15 12 15 5
0 8 0 1
1 1 0 1
1 1 3 1
1 6 2 6
1 6 2 6
2 7 2 8
2 8 2 7
5 3 6 3
5 3 6 3
6 3 6 2
6 3 6 7
7 3 9 3
8 2 8 0
8 2 11 2
8 2 8 0
8 2 11 2
9 3 10 3
10 9 10 8
15 4 15 3
0 8 0 1
3 1 3 0
10 7 12 7
15 4 15 3
0 0 3 0
0 0 3 0
3 0 3 1
8 0 11 0

926

2 3 = = = = = = 2 1 - 3 2 5 1 2 
ǁ 4 = = 4 2 3 - - - - 7 = 6 1 ǁ 
ǁ | 1 - - - 3 3 2 1 - 4 1 | 1 ǁ 
4 5 = = = = = = = = = = = 6 5 4 
    4 = = 4 1 4 2 4 2     | 2 | 
    ǁ 2 2 5 - 3 1 ǁ       | 1 | 
    5 6 = = = 2   ǁ       | | | 
    | 1 2 = = = = 6 - - - 4 | 2 
3 = 5 |           |     3 | | | 
|   ǁ 4 = 5       | 4 2 ǁ 3 | | 
|   ǁ 3 1 ǁ 1 5 2 4 3 1 ǁ ǁ | | 
2   5 - - 5 2 ǁ   2     ǁ ǁ | | 
1   3         4     5 2 ǁ 4 | 1 
    2         1 2 = 5 1 ǁ 2 | 2 
3 5 = = = = = = = = = = 8 = 6 4 
1 2   2 2 2 = = = = = = 5 2 2 1 
