16 16
3 4 0 0 0 0 0 0 0 0 1 1 4 2 4 2 
0 0 0 0 0 1 2 0 5 2 2 0 4 2 0 1 
0 0 0 0 0 0 0 0 0 0 0 2 2 0 6 2 
1 0 2 5 5 5 2 0 0 2 0 4 4 3 0 0 
0 0 0 0 2 0 0 0 0 1 0 0 0 2 0 0 
1 0 3 3 3 3 4 0 8 0 6 5 0 0 0 0 
0 0 2 0 2 0 4 2 0 0 0 0 0 2 0 0 
5 5 2 4 0 5 1 0 0 0 0 0 0 0 0 2 
0 4 4 0 0 0 0 0 0 2 0 0 0 0 0 0 
0 4 3 0 0 0 0 0 0 0 0 0 0 0 0 0 
0 0 2 0 0 0 3 0 7 4 0 0 0 0 0 0 
0 0 0 0 0 0 3 2 0 1 0 1 5 4 0 0 
0 5 3 0 1 5 3 0 7 3 0 0 0 1 0 0 
0 3 1 0 2 4 2 1 4 2 0 0 0 0 0 0 
6 0 0 6 0 0 0 0 0 0 5 0 4 1 0 0 
4 2 1 3 0 1 2 0 3 0 3 0 0 0 4 3 
100 103
0 0 0 1
0 0 3 0
0 0 0 1
0 1 0 10
0 1 7 1
1 8 1 6
1 8 1 9
1 8 5 8
3 3 3 2
3 3 3 4
3 3 5 3
5 0 7 0
5 8 5 6
5 8 5 10
5 8 1 8
5 8 10 8
5 11 5 10
5 11 3 11
5 11 11 11
7 0 7 1
7 0 14 0
8 9 10 9
11 12 11 13
11 12 3 12
11 12 14 12
12 1 12 2
12 1 9 1
12 1 13 1
12 8 12 6
12 8 12 9
12 8 10 8
12 8 13 8
14 0 14 3
14 0 7 0
14 0 15 0
15 0 15 1
15 0 14 0
15 0 15 1
15 2 15 3
4 9 3 9
5 8 5 6
5 8 5 10
5 8 10 8
5 10 5 11
5 10 1 10
5 10 14 10
5 11 3 11
7 0 7 1
8 9 10 9
10 9 10 8
10 9 11 9
14 0 14 3
14 3 14 10
14 3 7 3
14 3 15 3
14 3 14 10
15 3 15 5
15 6 15 8
3 9 1 9
3 11 3 12
3 11 2 11
10 8 10 6
10 8 12 8
10 8 10 6
11 7 11 6
15 6 15 8
15 8 15 10
1 8 1 6
1 10 1 12
2 11 2 12
6 7 6 6
11 7 11 6
0 11 0 12
0 12 0 13
0 12 1 12
0 12 0 13
0 14 0 15
0 14 2 14
0 14 0 15
0 14 2 14
1 5 3 5
1 12 1 13
1 12 2 12
1 13 3 13
1 15 2 15
2 14 2 15
2 14 15 14
2 14 15 14
3 12 3 13
3 12 11 12
3 13 4 13
4 13 6 13
6 7 6 6
6 13 11 13
7 15 15 15
11 13 11 12
11 13 12 13
14 12 14 10
14 12 14 13
14 12 14 10
15 10 15 14
15 10 15 14
15 15 7 15

1028

3 4 - - - - - - - - 1 1 4 2 4 2 
| |       1 2 = 5 2 2 - 4 2 ǁ 1 
| |       |     ǁ | | 2 2 | 6 2 
1 | 2 5 5 5 2   ǁ 2 | 4 4 3 ǁ   
  |   | 2       ǁ 1 | ǁ ǁ 2 ǁ   
1 | 3 3 3 3 4 = 8 = 6 5 ǁ | ǁ   
| | 2   2   4 2 ǁ   | | ǁ 2 ǁ   
5 5 2 4   5 1   ǁ   | | ǁ | ǁ 2 
ǁ 4 4 |         ǁ 2 | | ǁ | ǁ ǁ 
ǁ 4 3 |         ǁ ǁ | | ǁ | ǁ ǁ 
ǁ | 2 |     3 = 7 4 | | ǁ | ǁ ǁ 
ǁ |   |     3 2 ǁ 1 | 1 5 4 ǁ ǁ 
ǁ 5 3 | 1 5 3 - 7 3 |   | 1 ǁ ǁ 
ǁ 3 1 | 2 4 2 1 4 2 |   |   ǁ ǁ 
6 = = 6 = = = = = = 5 = 4 1 ǁ ǁ 
4 2 1 3 - 1 2 = 3 - 3 = = = 4 3 
