16 16
4 0 5 6 0 0 0 4 4 0 0 5 0 0 4 2 
3 1 0 2 2 0 0 4 4 2 1 4 4 2 0 0 
1 0 5 0 0 0 0 0 0 0 0 0 0 0 7 5 
2 0 0 2 0 6 0 4 2 0 4 0 4 1 0 2 
0 0 0 2 3 0 0 0 0 0 2 0 0 0 0 0 
5 0 7 0 7 7 0 0 0 0 0 0 6 3 0 1 
5 2 0 3 5 0 0 0 2 0 0 0 6 0 0 2 
3 2 0 3 2 1 0 0 0 2 0 0 6 0 3 5 
4 2 0 1 0 0 0 0 0 0 0 0 2 0 2 6 
6 0 5 0 0 0 0 0 0 0 0 0 0 6 2 0 
0 3 0 4 0 0 0 0 0 0 0 3 4 0 2 6 
0 2 0 0 0 0 0 0 0 0 0 0 2 3 2 0 
6 0 0 6 0 0 0 0 0 0 0 0 0 3 2 2 
6 6 2 0 0 0 0 0 0 0 0 0 0 2 0 1 
6 6 1 4 0 0 0 0 0 0 0 0 0 0 6 3 
2 3 2 2 0 0 0 0 0 0 0 2 0 0 3 0 
100 93
0 0 0 2
0 0 1 0
0 3 0 2
0 3 0 7
0 3 1 3
0 11 0 8
0 11 0 14
0 11 1 11
2 14 2 2
2 14 2 15
2 14 0 14
2 14 7 14
3 5 3 3
3 5 3 7
3 5 5 5
4 10 3 10
5 0 5 2
5 0 3 0
5 0 6 0
5 4 5 2
5 4 5 5
5 4 4 4
5 4 6 4
5 5 5 4
5 5 5 12
5 5 3 5
5 5 7 5
6 8 6 12
6 12 6 8
6 12 5 12
6 12 7 12
7 9 7 12
7 15 7 14
7 15 6 15
7 15 8 15
8 15 8 14
8 15 7 15
8 15 10 15
9 0 9 2
9 0 8 0
9 0 12 0
10 15 10 14
10 15 8 15
10 15 12 15
12 0 12 3
12 0 9 0
12 0 13 0
13 0 13 1
13 0 12 0
13 0 14 0
13 1 13 0
13 1 13 2
13 1 14 1
14 0 14 1
14 0 13 0
14 0 15 0
14 15 14 14
14 15 13 15
14 15 14 14
0 0 0 2
0 0 1 0
0 3 0 2
0 3 0 7
0 3 1 3
1 1 1 0
1 4 1 7
1 12 1 11
1 12 1 13
1 12 1 11
1 12 1 13
3 5 3 3
3 5 3 7
3 7 3 8
4 3 4 4
4 10 3 10
5 5 5 4
7 9 7 12
8 15 8 14
9 0 9 2
9 0 8 0
10 15 10 14
10 15 12 15
12 0 12 3
14 0 14 1
14 0 15 0
0 2 2 2
1 4 1 7
3 7 3 8
3 10 3 12
4 3 4 4
9 14 9 13
9 14 9 13
3 10 3 12

657

4 = 5 6 = = = 4 4 - - 5 - - 4 2 
3 1 | 2 2 = = 4 4 2 1 4 4 2 |   
1   5 - - - - - - - - - - - 7 5 
2     2 = 6 = 4 2   4 = 4 1 | 2 
|     2 3 ǁ         2       |   
5 - 7 - 7 7 - - - - - - 6 3 | 1 
5 2   3 5 |     2 = = = 6   | 2 
3 2   3 2 1       2 = = 6   3 5 
4 2   1                 2   2 6 
6 = 5                     6 2 ǁ 
ǁ 3   4               3 4   2 6 
ǁ 2                     2 3 2 ǁ 
6 = = 6                   3 2 2 
6 6 2                     2   1 
6 6 1 4                     6 3 
2 3 2 2               2     3   
