16 16
2 4 0 0 5 0 3 1 0 5 0 5 3 1 0 2 
0 0 1 2 5 0 0 0 0 4 0 0 1 0 0 0 
0 0 0 0 0 0 4 0 0 6 0 5 0 0 0 4 
0 2 0 0 0 3 4 0 0 0 0 0 0 4 3 0 
0 0 0 0 0 1 1 0 0 0 0 0 0 0 4 0 
5 0 5 0 5 0 0 0 0 0 0 0 0 6 0 0 
4 2 3 1 0 4 5 0 0 5 0 1 0 0 0 0 
2 0 0 0 0 3 2 1 0 0 0 0 0 0 0 0 
0 0 0 0 0 3 3 0 0 0 0 0 0 0 0 0 
5 0 0 0 5 2 0 5 0 7 0 0 0 6 5 2 
3 0 5 1 4 0 0 3 1 0 1 3 1 3 0 1 
1 1 3 0 2 1 0 1 0 0 0 0 2 4 0 2 
5 0 0 0 0 0 0 0 0 6 0 8 2 0 0 0 
0 0 0 2 0 0 0 0 0 2 1 5 3 2 3 2 
2 2 0 6 0 0 0 0 0 5 1 3 4 3 4 2 
0 0 0 0 0 0 0 0 0 1 0 3 1 0 2 1 
100 65
0 4 0 1
0 4 0 6
0 4 1 4
0 9 0 7
0 9 0 11
0 9 1 9
5 0 5 2
5 0 0 0
5 0 6 0
5 13 5 4
5 13 3 13
5 13 9 13
6 6 6 5
6 6 6 9
6 6 7 6
9 0 9 4
9 0 7 0
9 0 10 0
9 9 9 7
9 9 9 13
9 9 6 9
9 9 12 9
10 2 10 0
10 2 10 3
10 2 11 2
10 8 10 7
12 0 12 9
12 0 11 0
12 0 14 0
12 11 12 9
12 11 12 12
12 11 10 11
12 11 13 11
14 3 14 1
14 3 14 9
14 3 13 3
0 9 0 11
0 9 1 9
2 9 2 6
2 9 2 11
2 9 1 9
2 9 2 6
2 9 2 11
2 9 1 9
4 14 3 14
4 14 9 14
4 14 3 14
4 14 9 14
5 13 5 4
5 13 3 13
5 13 9 13
6 11 6 9
10 10 10 11
11 1 11 2
12 0 12 9
12 0 14 0
12 11 12 9
12 11 12 12
12 11 10 11
12 11 13 11
14 1 14 3
14 3 14 9
14 3 13 3
1 12 0 12
3 14 3 13

693

2 4 - - 5 - 3 1 - 5 = 5 3 1   2 
|   1 2 5         4     1       
|           4 = = 6 = 5       4 
| 2       3 4             4 3   
|         1 1             ǁ 4   
5 - 5   5 = = = = = = = = 6 ǁ   
4 2 3 1   4 5 - - 5 - 1   ǁ ǁ   
2         3 2 1   |       ǁ ǁ   
|         3 3     |       ǁ ǁ   
5 - - - 5 2   5 - 7 - - - 6 5 2 
3 - 5 1 4     3 1 | 1 3 1 3   1 
1 1 3   2 1   1   |   ǁ 2 4   2 
5 = = = = = = = = 6 = 8 2       
ǁ     2           2 1 5 3 2 3 2 
2 2 = 6 = = = = = 5 1 3 4 3 4 2 
                  1   3 1   2 1 
