16 16
1 0 0 3 0 0 0 0 0 0 0 0 5 0 6 2 
2 0 0 6 0 0 0 0 3 6 2 1 0 1 0 1 
3 0 0 8 0 0 0 0 4 3 1 0 0 0 0 0 
0 0 0 0 0 0 0 0 0 3 2 0 5 2 0 0 
0 0 0 0 0 0 0 0 0 0 2 0 3 2 0 0 
0 2 0 0 0 0 0 0 0 0 0 0 2 3 0 0 
0 0 0 0 2 0 2 0 0 3 4 4 0 0 8 4 
4 5 1 0 0 0 1 0 0 1 0 0 4 3 0 0 
0 0 0 0 5 0 0 0 7 3 0 1 2 0 0 2 
2 1 0 0 4 1 2 0 4 4 0 0 0 0 0 3 
2 1 0 0 2 0 1 0 0 2 0 0 0 0 0 2 
0 0 0 0 0 0 0 0 0 0 0 1 0 4 0 1 
4 0 0 7 0 0 0 0 0 0 5 0 3 0 0 0 
5 3 1 0 1 3 1 3 0 0 0 2 4 0 0 0 
2 4 0 7 0 4 2 5 0 0 4 0 1 4 6 3 
2 6 2 3 0 0 0 0 1 1 4 0 2 1 2 1 
100 136
0 12 0 3
0 12 0 14
0 12 3 12
0 14 0 12
0 14 0 15
0 14 6 14
1 9 1 8
1 9 1 10
1 9 2 9
1 9 1 8
1 9 1 10
1 9 2 9
1 11 6 11
1 13 3 13
2 3 2 0
2 3 2 8
2 3 1 3
2 3 12 3
2 3 2 0
2 3 2 8
2 3 1 3
2 3 12 3
5 1 7 1
6 14 6 11
6 14 6 15
6 14 0 14
6 14 14 14
8 4 8 8
8 4 6 4
8 4 9 4
12 3 12 0
12 3 12 10
12 3 14 3
13 0 13 1
13 0 12 0
13 0 14 0
13 4 13 5
14 7 14 6
14 7 14 10
14 7 13 7
15 1 15 0
15 1 15 2
15 1 14 1
15 1 15 0
15 1 15 2
15 1 14 1
15 3 15 8
15 3 14 3
15 3 14 3
15 9 15 10
15 10 15 12
15 10 14 10
15 10 15 12
0 14 0 15
1 3 1 0
1 3 1 8
1 3 0 3
1 3 1 0
1 15 6 15
2 0 7 0
2 8 2 9
2 8 8 8
2 10 3 10
5 1 7 1
6 6 6 4
6 6 7 6
6 14 6 11
6 14 6 15
6 14 14 14
6 15 8 15
7 0 7 1
7 0 9 0
7 0 7 1
7 2 7 1
8 4 8 8
8 4 9 4
8 8 8 9
8 8 9 8
8 15 9 15
9 4 9 5
9 4 10 4
9 15 10 15
10 4 10 6
10 9 9 9
13 2 13 1
14 14 14 13
14 14 14 15
14 14 15 14
14 14 14 13
14 15 11 15
14 15 15 15
15 14 15 13
0 0 0 3
0 12 3 12
6 11 6 10
8 8 8 9
8 8 9 8
9 6 9 8
9 8 9 6
9 9 8 9
9 9 10 9
9 15 10 15
14 13 14 12
14 13 11 13
11 13 11 11
11 13 7 13
11 13 7 13
13 12 13 11
13 12 12 12
13 12 13 11
13 12 12 12
14 10 14 7
14 10 12 10
7 13 7 12
8 11 8 12
8 12 7 12
12 12 12 10
13 7 13 6
13 7 14 7
14 6 14 5
7 12 7 9
12 10 12 3
13 5 14 5
14 5 14 3
14 5 13 5
6 10 6 9
6 10 4 10
6 10 6 9
14 3 14 1
14 3 12 3
14 3 14 1
4 10 3 10
6 9 3 9
12 0 10 0
12 0 13 0
13 1 13 0

1009

1 - - 3 - - - - - - - - 5 = 6 2 
2 = = 6 - - - - 3 6 2 1 ǁ 1 ǁ 1 
3 = = 8 = = = = 4 3 1 | ǁ | ǁ | 
|     ǁ         | 3 2 | 5 2 ǁ | 
|     ǁ         | | 2 | 3 2 ǁ | 
| 2   ǁ         | | | | 2 3 ǁ | 
| ǁ   ǁ 2 - 2   | 3 4 4 = = 8 4 
4 5 1 ǁ |   1   | 1 - - 4 3 ǁ | 
|     ǁ 5 = = = 7 3   1 2 ǁ ǁ 2 
2 1   ǁ 4 1 2 = 4 4       ǁ ǁ 3 
2 1   ǁ 2 - 1     2       ǁ ǁ 2 
|     ǁ               1 - 4 ǁ 1 
4 - - 7 = = = = = = 5 - 3 | ǁ | 
5 3 1 ǁ 1 3 1 3     | 2 4 | ǁ | 
2 4 = 7 - 4 2 5 = = 4   1 4 6 3 
2 6 2 3 - - - - 1 1 4 = 2 1 2 1 
