16 16
3 0 5 4 0 0 0 0 0 0 3 2 3 2 0 0 
3 0 5 6 0 0 0 0 0 5 0 0 6 0 3 2 
0 2 0 0 4 4 2 4 0 6 2 0 0 0 2 0 
0 4 0 0 2 0 1 0 0 0 1 1 3 2 5 2 
0 0 0 0 0 0 0 2 0 2 0 0 0 0 4 2 
2 0 0 0 0 0 0 0 0 0 0 0 0 0 0 0 
0 0 0 4 0 4 0 0 0 0 0 0 1 0 0 0 
0 0 0 1 3 0 4 0 0 0 0 0 0 5 0 0 
3 6 0 4 6 1 2 3 0 0 0 0 2 0 0 2 
0 2 0 2 1 0 0 1 0 0 0 0 0 0 0 0 
3 0 6 0 0 0 0 0 0 0 0 0 7 7 5 4 
3 3 0 1 3 0 2 1 2 0 4 0 4 0 0 1 
1 2 0 2 2 0 0 2 0 0 2 0 0 0 2 3 
0 0 0 1 0 0 0 0 0 0 0 0 0 0 2 4 
3 0 7 0 0 0 5 0 0 0 2 0 3 5 7 4 
2 0 4 0 1 0 4 6 0 0 0 2 0 1 2 1 
100 42
0 2 0 0
0 2 0 3
0 2 1 2
1 9 1 3
1 9 1 12
1 9 2 9
7 13 7 6
7 13 3 13
7 13 10 13
8 4 8 3
8 4 8 5
8 4 7 4
8 4 9 4
10 12 10 2
10 12 10 13
10 12 8 12
10 12 11 12
14 2 14 0
14 2 14 6
14 2 10 2
14 2 15 2
14 14 14 13
14 14 14 15
14 14 13 14
14 14 15 14
15 7 15 6
15 7 15 11
15 7 12 7
15 7 15 6
15 7 15 11
15 7 12 7
8 4 8 3
8 4 7 4
9 7 8 7
13 3 12 3
15 6 15 4
15 6 14 6
15 2 15 0
15 2 14 2
15 2 15 0
14 0 14 2
14 0 12 0

1202

3 - 5 4             3 2 3 2     
3   5 6 - - - - - 5 - - 6   3 2 
  2     4 4 2 4   6 2       2   
  4     2   1       1 1 3 2 5 2 
              2   2       | 4 2 
2                         |     
      4   4             1 |     
      1 3   4 - - - - - - 5     
3 6   4 6 1 2 3         2 |   2 
  2   2 1     1         | |     
3   6 - - - - - - - - - 7 7 5 4 
3 3 | 1 3   2 1 2   4   4     1 
1 2 | 2 2     2     2       2 3 
|   | 1       ǁ             2 4 
3 = 7 - - - 5 ǁ     2   3 5 7 4 
2 = 4   1 - 4 6 = = = 2   1 2 1 
