16 16
2 2 2 1 1 1 3 0 0 0 6 2 1 3 1 1 
6 7 3 3 4 0 5 3 3 0 0 1 0 5 5 3 
0 0 0 0 0 0 6 4 7 0 6 5 2 0 0 0 
0 0 0 0 0 2 0 4 6 1 0 0 0 0 2 1 
2 0 0 0 0 0 0 2 0 0 0 0 0 0 0 0 
0 0 0 0 0 0 0 0 0 0 0 2 0 0 3 1 
1 0 0 0 4 3 0 0 4 0 0 1 0 0 0 0 
0 0 0 0 2 0 0 0 2 0 0 0 0 0 0 0 
2 6 0 4 0 0 6 0 2 3 0 2 1 0 0 0 
3 7 2 0 1 0 6 2 0 1 0 0 0 0 0 0 
3 2 0 0 0 0 2 1 0 0 0 0 0 0 6 2 
4 0 0 4 0 0 0 0 0 0 7 5 3 0 0 1 
2 0 0 0 0 0 1 0 0 0 5 0 0 5 5 2 
2 0 0 5 0 0 0 0 0 0 0 5 0 0 5 2 
2 2 0 5 2 1 0 0 0 0 0 4 0 3 0 0 
2 0 0 0 0 1 0 0 0 0 0 3 2 3 2 0 
100 55
0 10 0 6
0 10 0 11
0 10 2 10
1 0 1 1
1 0 0 0
1 0 4 0
2 6 2 7
2 6 1 6
2 6 8 6
2 8 2 7
2 8 2 10
2 8 1 8
2 8 3 8
9 1 9 0
9 1 9 2
9 1 8 1
9 1 10 1
11 10 11 3
11 10 11 11
11 10 2 10
11 10 12 10
12 10 12 6
12 10 12 13
12 10 11 10
13 11 13 3
13 11 13 14
13 11 14 11
14 3 14 1
14 3 14 4
14 3 13 3
0 10 0 6
0 10 0 11
0 10 2 10
1 0 1 1
1 0 0 0
1 0 4 0
1 1 1 2
1 1 0 1
1 1 8 1
2 6 2 7
2 6 1 6
2 6 8 6
6 0 8 0
6 8 3 8
6 8 7 8
6 8 3 8
6 8 7 8
10 14 10 15
10 14 5 14
10 14 12 14
10 14 10 15
10 14 5 14
10 14 12 14
11 15 12 15
12 10 12 13

984

2 2 2 1 1 1 3 = = = 6 2 1 3 1 1 
6 7 3 3 4   5 3 3   ǁ 1   5 5 3 
ǁ |         6 4 7 - 6 5 2       
ǁ |       2 ǁ 4 6 1 |       2 1 
2 |         ǁ 2 ǁ   |           
  |         ǁ   ǁ   | 2     3 1 
1 |     4 3 ǁ   4   | 1     ǁ   
| |     2   ǁ   2   |       ǁ   
2 6   4     6   2 3 | 2 1   ǁ   
3 7 2   1   6 2   1 |       ǁ   
3 2         2 1     |       6 2 
4     4 - - - - - - 7 5 3   ǁ 1 
2           1 - - - 5 = = 5 5 2 
2     5 - - - - - - - 5 - - 5 2 
2 2 - 5 2 1           4   3     
2         1           3 2 3 2   
