16 16
4 0 0 0 6 0 0 0 2 1 0 4 4 4 0 4 
6 3 3 2 0 2 1 0 0 0 0 3 0 0 0 5 
6 0 6 3 0 4 4 0 0 0 0 0 0 0 3 0 
0 2 7 0 6 0 5 4 0 0 0 0 6 4 0 0 
0 2 6 2 0 1 4 0 0 0 4 0 6 4 0 0 
5 0 0 0 7 0 0 0 0 0 0 0 0 0 7 5 
3 4 3 2 0 4 0 0 0 0 0 0 4 2 0 0 
2 0 4 4 0 4 3 0 0 0 0 0 6 5 0 0 
0 2 0 2 0 0 0 0 0 0 0 0 0 3 0 4 
0 0 0 1 0 0 0 0 0 0 0 0 0 0 0 3 
0 0 0 3 7 0 0 0 0 0 0 0 5 5 0 3 
1 0 0 2 0 4 6 0 0 0 0 0 7 3 0 4 
3 5 0 1 0 3 0 4 0 0 5 0 5 4 0 4 
0 2 0 0 0 0 0 3 1 2 4 1 0 3 0 0 
4 0 4 0 5 3 6 0 0 0 0 0 0 0 6 3 
1 0 0 0 4 0 0 0 0 0 0 0 0 0 4 2 
100 90
0 0 0 4
0 0 1 0
0 4 0 0
0 4 0 8
0 4 3 4
0 15 0 13
0 15 1 15
1 0 1 1
1 0 0 0
1 0 2 0
2 0 2 2
2 0 1 0
2 0 5 0
3 2 3 1
3 2 3 4
3 2 2 2
3 2 4 2
5 4 5 0
5 4 5 14
5 4 3 4
5 4 10 4
5 15 5 14
5 15 1 15
5 15 8 15
6 5 6 12
6 5 7 5
6 5 6 12
6 5 7 5
7 13 7 12
7 13 6 13
7 13 8 13
11 12 11 6
11 12 11 13
11 12 10 12
11 12 12 12
12 10 12 7
12 10 12 12
12 10 13 10
13 13 13 11
13 13 12 13
13 13 12 13
14 6 14 5
14 6 14 14
14 6 11 6
0 4 0 8
0 4 3 4
0 9 0 11
0 15 0 13
0 15 1 15
1 0 1 1
1 1 1 2
2 0 2 2
2 0 5 0
3 7 3 6
3 7 3 12
3 7 3 6
3 7 3 12
4 2 4 1
4 2 4 3
4 2 3 2
4 3 4 2
4 10 4 6
4 10 4 12
4 10 4 6
4 10 4 12
4 12 4 13
4 12 3 12
4 12 4 13
4 12 3 12
4 13 3 13
13 1 12 1
13 10 13 9
13 10 12 10
14 6 14 5
14 6 14 14
14 6 11 6
4 13 3 13
13 1 12 1
13 10 13 9
13 8 13 7
13 7 12 7
13 7 12 7
12 7 12 10
12 12 12 13
12 12 11 12
12 12 12 13
12 15 11 15
12 15 14 15
12 15 11 15
12 15 14 15

1168

4 = = = 6 = = = 2 1 - 4 4 4 = 4 
6 3 3 2 ǁ 2 1         3       5 
6 = 6 3 ǁ 4 4               3 | 
ǁ 2 7 - 6   5 4 = = = = 6 4   | 
ǁ 2 6 2 | 1 4 = = = 4 = 6 4   | 
5 - - - 7 - - - - - - - - - 7 5 
3 4 3 2 | 4 = = = = = = 4 2   | 
2   4 4 | 4 3           6 5   | 
  2   2 |                 3   4 
      1 |                     3 
      3 7               5 5   3 
1     2   4 6 - - - - - 7 3   4 
3 5   1   3 ǁ 4 = = 5 - 5 4   4 
  2         ǁ 3 1 2 4 1 - 3   ǁ 
4   4   5 3 6 = = = = = = = 6 3 
1       4                   4 2 
