16 16
4 5 0 4 2 0 0 0 0 0 0 0 0 0 4 3 
0 0 0 0 0 0 0 0 0 1 0 0 2 0 0 1 
0 0 0 0 5 0 0 0 0 0 0 0 3 0 0 0 
0 1 0 0 4 3 0 0 0 0 0 0 0 0 5 1 
0 0 0 0 2 1 2 0 0 0 0 3 3 1 0 0 
5 0 0 4 1 4 0 3 0 2 0 0 6 2 0 0 
0 0 0 0 1 0 0 0 0 0 0 0 0 2 0 0 
0 0 0 0 0 0 0 0 0 0 0 0 0 0 0 0 
6 2 0 0 2 7 0 0 0 0 0 6 6 5 0 0 
5 2 1 0 3 7 0 2 3 0 0 0 5 5 0 0 
4 0 0 0 1 3 0 0 4 1 0 0 1 1 0 0 
5 0 0 6 0 0 0 0 0 0 0 7 0 0 7 3 
2 1 0 7 0 0 0 0 4 3 1 0 3 1 2 1 
1 1 0 6 0 0 2 0 0 1 2 6 6 0 5 3 
3 0 0 4 4 3 0 0 4 1 1 1 2 1 5 3 
1 0 0 3 3 1 0 0 3 0 0 0 0 1 2 2 
100 51
0 0 0 1
0 0 5 0
0 1 0 0
0 1 0 3
0 1 3 1
0 15 0 14
0 15 1 15
0 15 0 14
2 4 2 12
2 4 0 4
2 4 3 4
8 0 8 1
8 0 5 0
8 0 9 0
8 5 8 4
8 5 8 11
8 5 5 5
8 5 9 5
8 13 8 12
8 13 6 13
8 13 9 13
9 13 9 12
9 13 8 13
9 13 10 13
11 0 11 3
11 0 10 0
11 0 12 0
11 11 11 3
11 11 11 14
11 11 8 11
11 11 13 11
12 3 12 1
12 3 12 8
12 3 11 3
12 3 13 3
0 0 0 1
1 9 1 12
1 12 2 12
5 0 5 3
5 0 8 0
5 0 5 3
8 0 8 1
8 0 9 0
9 13 9 12
10 9 10 8
10 12 9 12
12 3 12 8
12 3 11 3
12 3 13 3
9 12 8 12
9 12 8 12

621

4 5 - 4 2                   4 3 
| |     |         1 - - 2     1 
| |     5 - - - - - - - 3       
| 1     4 3                 5 1 
|       2 1 2         3 3 1     
5 = = 4 1 4   3   2     6 2     
ǁ       1 |               2     
ǁ         |               |     
6 2     2 7 - - - - - 6 6 5     
5 2 1   3 7   2 3     | 5 5     
4       1 3     4 1   | 1 1     
5 - - 6 - - - - - - - 7 - - 7 3 
2 1 - 7 = = = = 4 3 1 | 3 1 2 1 
1 1   6     2     1 2 6 6   5 3 
3     4 4 3     4 1 1 1 2 1 5 3 
1     3 3 1     3         1 2 2 
