16 16
2 2 0 0 0 4 0 0 0 0 0 0 4 2 3 1 
5 0 0 0 0 0 0 0 0 0 0 0 5 0 0 2 
0 1 3 2 4 0 0 0 0 6 2 1 0 0 3 0 
3 2 7 0 0 0 0 0 0 6 1 3 0 0 0 0 
3 1 0 0 0 0 2 0 0 4 0 0 0 6 7 6 
4 2 0 0 0 0 0 0 0 0 0 0 0 3 0 0 
2 0 8 0 0 0 0 0 0 0 0 5 0 1 0 4 
3 2 4 0 0 3 0 0 3 2 0 0 0 2 0 0 
4 0 0 0 0 0 0 0 0 0 0 7 7 5 0 0 
0 2 0 6 2 2 0 6 2 0 0 0 0 2 0 2 
0 2 0 7 0 6 3 0 0 0 0 0 6 2 0 1 
0 2 1 3 1 0 1 0 0 0 0 0 6 3 0 0 
5 0 0 0 0 7 2 0 0 0 0 0 4 3 0 0 
4 0 0 3 1 4 2 0 0 0 0 0 2 2 0 0 
4 0 0 0 0 0 0 8 0 0 0 8 0 0 8 3 
4 0 3 1 1 0 0 5 2 2 0 6 0 2 4 2 
100 168
1 0 1 12
1 0 0 0
1 0 3 0
2 9 2 4
2 9 2 10
2 9 3 9
2 9 2 4
2 9 2 10
2 9 3 9
3 2 3 1
3 2 3 9
3 2 2 2
3 2 6 2
3 9 3 2
3 9 3 10
3 9 4 9
3 11 2 11
3 11 6 11
3 11 6 11
4 9 4 6
4 9 7 9
4 9 4 6
4 13 4 14
4 13 0 13
4 13 5 13
4 13 4 14
4 13 0 13
4 13 5 13
4 14 4 15
4 14 2 14
4 14 14 14
4 15 4 14
4 15 1 15
4 15 6 15
4 15 4 14
4 15 1 15
5 13 6 13
6 2 6 0
6 2 3 2
6 2 7 2
6 2 6 0
6 2 7 2
6 2 7 2
6 2 7 2
6 11 8 11
6 15 9 15
6 15 9 15
7 13 8 13
8 12 8 11
8 12 8 13
8 12 1 12
8 12 10 12
9 3 9 1
9 3 9 4
9 3 10 3
9 3 9 1
9 3 9 4
9 3 10 3
9 7 9 5
9 7 9 8
9 7 14 7
9 7 9 5
9 7 9 8
9 7 14 7
10 3 10 1
10 3 10 5
10 3 11 3
10 5 10 3
10 5 10 6
10 5 12 5
10 12 10 13
10 12 8 12
10 12 11 12
10 12 10 13
10 12 11 12
10 15 14 15
11 1 11 2
11 1 10 1
11 12 11 13
11 12 12 12
11 12 11 13
11 12 12 12
11 13 12 13
12 0 12 5
12 0 8 0
12 0 13 0
12 12 12 13
12 12 13 12
12 13 13 13
13 12 13 13
14 7 14 0
14 7 14 11
14 7 15 7
14 11 14 7
14 11 14 14
14 11 8 11
14 11 15 11
14 14 14 11
14 14 14 15
14 14 15 14
14 14 14 15
14 14 15 14
14 14 15 14
15 0 15 2
15 0 14 0
15 0 15 2
15 0 14 0
15 2 15 3
15 4 15 7
15 7 15 8
15 7 14 7
15 11 15 9
15 11 15 13
15 11 14 11
15 11 15 9
15 11 15 13
15 14 15 15
0 5 0 1
0 5 0 12
0 5 0 1
0 5 0 12
0 12 1 12
0 12 1 12
0 14 0 15
0 14 2 14
0 14 2 14
2 4 2 3
5 0 5 1
5 0 4 0
5 0 5 1
5 0 4 0
6 11 8 11
7 1 7 0
7 5 7 8
7 9 7 8
7 13 8 13
9 13 8 13
10 3 11 3
10 5 10 6
10 5 12 5
10 6 11 6
11 3 11 4
14 0 14 7
14 11 8 11
15 7 15 8
0 0 1 0
2 4 2 3
7 1 7 0
7 5 7 8
9 13 8 13
13 0 13 3
13 0 12 0
13 0 13 3
13 3 13 4
13 5 13 6
13 5 12 5
13 5 13 6
13 5 12 5
2 2 2 1
2 2 3 2
7 0 8 0
8 0 8 11
8 0 12 0
8 11 8 12
8 12 1 12
12 5 12 6
12 5 12 6
1 0 3 0

980

2 2 = = = 4 = = = = = = 4 2 3 1 
5 - - - - - - - - - - - 5 ǁ ǁ 2 
ǁ 1 3 2 4 = = = = 6 2 1 ǁ ǁ 3 ǁ 
3 2 7 = = = = = = 6 1 3 ǁ ǁ | ǁ 
3 1 ǁ       2 = = 4   ǁ ǁ 6 7 6 
4 2 ǁ             |   ǁ ǁ 3 | | 
2 = 8             |   5 ǁ 1 | 4 
3 2 4     3 = = 3 2   ǁ ǁ 2 | ǁ 
4 - - - - - - - - - - 7 7 5 | ǁ 
ǁ 2 = 6 2 2 = 6 2     ǁ ǁ 2 | 2 
ǁ 2 - 7 = 6 3 ǁ       ǁ 6 2 | 1 
ǁ 2 1 3 1 ǁ 1 ǁ       ǁ 6 3 | | 
5 - - - - 7 2 ǁ       ǁ 4 3 | | 
4 = = 3 1 4 2 ǁ       ǁ 2 2 | | 
4 = = = = = = 8 = = = 8 = = 8 3 
4 = 3 1 1 - - 5 2 2 = 6 = 2 4 2 
