16 16
2 0 3 0 0 3 0 0 0 0 0 0 0 0 2 3 
4 3 3 2 1 0 0 0 0 0 0 0 1 0 3 0 
4 0 0 0 0 5 0 0 0 0 0 0 0 0 3 0 
0 2 5 3 2 0 1 0 0 3 0 0 0 4 5 5 
3 4 7 0 0 4 0 0 0 0 4 1 2 0 2 0 
0 0 0 1 1 0 2 4 2 0 0 0 0 0 2 2 
3 0 4 4 2 0 0 0 0 0 0 0 0 0 0 2 
1 0 2 0 3 0 0 3 0 0 0 0 0 0 6 5 
2 0 3 3 0 0 0 0 0 0 0 0 0 0 0 0 
0 0 1 0 0 0 0 0 0 0 0 0 0 0 0 3 
4 5 0 6 4 0 0 0 0 0 0 0 0 0 0 0 
1 3 1 4 4 0 0 3 0 0 6 3 4 0 0 2 
0 0 0 0 1 0 4 0 0 0 5 3 1 0 0 3 
3 4 0 0 0 5 0 0 0 0 0 0 0 6 7 4 
4 2 1 2 0 4 0 0 0 0 0 3 2 5 4 4 
4 3 2 0 0 4 0 0 0 0 0 4 2 3 3 4 
100 28
3 9 3 6
3 9 3 13
3 9 3 13
3 15 3 14
3 15 0 15
3 15 5 15
4 2 4 1
4 2 4 5
4 2 3 2
4 2 6 2
7 15 7 14
7 15 6 15
7 15 9 15
12 10 12 6
12 10 12 11
12 10 11 10
13 14 13 13
13 14 13 15
13 14 7 14
13 14 14 14
15 0 15 1
15 0 14 0
15 15 15 14
15 15 14 15
15 0 15 1
15 0 14 0
15 15 15 14
15 15 14 15

5959

2   3     3                 2 3 
4 3 3 2 1               1   3 | 
4         5                 3 | 
  2 5 3 2   1 - - 3 = = = 4 5 5 
3 4 7 - - 4         4 1 2   2 | 
    | 1 1   2 4 2           2 2 
3   4 4 2                     2 
1   2   3     3             6 5 
2   3 3                     | | 
    1                       | 3 
4 5   6 4                   |   
1 3 1 4 4     3     6 3 4   | 2 
        1   4 - - - 5 3 1   | 3 
3 4       5               6 7 4 
4 2 1 2   4           3 2 5 4 4 
4 3 2     4           4 2 3 3 4 
