16 16
1 3 0 0 0 0 0 4 3 4 1 2 3 2 2 2 
0 0 0 0 0 0 0 2 2 0 0 1 0 0 3 0 
0 4 0 0 0 0 0 0 0 6 0 0 6 3 0 0 
0 1 0 0 0 0 0 0 0 0 2 0 0 0 0 0 
0 0 0 0 0 0 0 0 0 4 7 1 0 1 5 3 
0 0 0 0 0 0 0 0 0 1 3 1 0 1 0 0 
3 0 0 0 0 0 0 0 0 0 0 0 7 4 4 1 
0 3 0 4 0 0 2 3 4 1 1 0 0 2 5 1 
0 0 0 0 0 0 0 1 0 0 0 0 0 0 0 2 
0 0 0 0 0 0 3 0 6 0 7 0 8 0 7 5 
0 2 0 0 0 0 0 0 0 2 0 1 0 2 0 2 
0 0 2 0 3 0 5 1 0 5 6 3 0 0 0 0 
0 0 0 4 3 4 4 0 2 4 4 1 0 6 7 3 
0 0 0 2 1 4 2 0 0 2 3 1 0 0 0 2 
4 0 7 0 0 0 0 0 0 0 4 0 2 3 2 2 
1 1 3 1 0 0 0 0 0 0 2 0 0 1 1 1 
100 48
4 10 4 9
4 10 4 11
4 10 3 10
4 10 5 10
6 12 6 0
6 12 6 13
6 12 2 12
6 12 9 12
9 10 9 8
9 10 9 12
9 10 7 10
9 10 11 10
9 12 9 10
9 12 9 14
9 12 6 12
9 12 14 12
9 15 9 14
9 15 8 15
9 15 10 15
10 11 11 11
12 13 12 14
12 13 10 13
12 13 14 13
12 13 12 14
12 13 10 13
12 13 14 13
12 14 12 15
12 14 9 14
12 14 14 14
14 2 14 0
14 2 14 10
14 2 11 2
14 2 15 2
4 10 4 9
4 10 3 10
4 10 5 10
5 11 5 10
7 9 7 8
9 10 9 8
9 10 11 10
9 12 9 14
9 12 14 12
3 1 2 1
5 9 4 9
4 9 2 9
2 9 2 1
2 9 2 12
2 9 0 9

1949

1 3           4 3 4 1 2 3 2 2 2 
              2 2 |   1     3   
  4 - - - - - - - 6 - - 6 3     
  1               | 2   |       
                  4 7 1 | 1 5 3 
                  1 3 1 | 1     
3 - - - - - - - - - - - 7 4 4 1 
  3   4     2 3 4 1 1   ǁ 2 5 1 
              1     |   ǁ     2 
            3   6 = 7 = 8 = 7 5 
  2               2 ǁ 1 ǁ 2 | 2 
    2   3   5 1   5 6 3 ǁ ǁ |   
    | 4 3 4 4   2 4 4 1 ǁ 6 7 3 
    | 2 1 4 2     2 3 1 ǁ ǁ | 2 
4 - 7 - - - - - - - 4   2 3 2 2 
1 1 3 1             2     1 1 1 
