16 16
3 5 0 0 0 0 0 0 0 0 0 5 4 4 4 2 
3 4 0 0 0 0 0 0 0 0 0 0 6 4 0 0 
1 0 0 0 0 0 0 0 0 0 0 0 2 0 0 0 
2 6 0 0 0 0 0 0 0 0 0 6 0 0 7 5 
0 0 0 0 0 0 0 0 0 2 1 0 0 2 0 0 
0 6 0 0 0 0 0 0 0 7 5 0 0 0 0 0 
0 3 3 4 0 0 6 0 2 0 0 0 2 4 0 0 
0 4 7 4 3 2 0 0 0 0 0 0 0 0 0 0 
0 0 4 0 6 3 0 3 0 5 0 0 2 0 0 0 
0 0 3 0 0 0 6 3 0 3 3 0 1 0 0 0 
3 6 0 0 0 0 0 0 0 0 0 7 0 2 0 3 
0 4 3 4 0 2 2 4 0 0 0 0 2 4 5 4 
0 0 0 0 1 2 0 0 0 0 0 0 0 0 0 0 
3 5 7 5 3 4 0 7 0 0 0 7 5 3 6 4 
4 7 4 1 5 5 0 5 4 0 0 7 0 2 3 2 
2 3 0 0 1 2 2 0 3 0 0 3 1 2 4 3 
100 94
0 1 0 0
0 1 0 11
0 1 1 1
3 14 3 11
3 14 3 15
3 14 0 14
3 14 11 14
5 1 5 9
5 1 3 1
5 1 6 1
5 10 5 9
5 10 4 10
5 10 9 10
6 6 6 3
6 6 6 8
6 6 9 6
7 2 7 1
7 2 7 3
7 2 6 2
7 2 8 2
8 9 8 7
8 9 5 9
8 9 9 9
10 11 10 1
10 11 10 13
10 11 3 11
10 11 13 11
11 7 11 6
11 7 13 7
11 7 11 6
11 7 13 7
13 2 13 1
13 2 13 3
13 2 11 2
13 2 14 2
13 7 13 5
13 7 13 11
13 7 14 7
14 1 14 0
14 1 14 2
14 1 13 1
14 1 15 1
14 11 14 8
14 11 14 13
14 11 13 11
14 11 15 11
1 13 1 12
1 13 0 13
1 13 1 12
1 13 0 13
4 9 5 9
4 9 5 9
4 13 6 13
5 1 5 9
5 1 3 1
5 1 6 1
5 10 5 9
5 10 9 10
6 6 6 3
6 6 6 8
6 6 9 6
8 4 8 2
8 4 8 5
8 4 7 4
8 4 8 2
8 4 8 5
8 4 7 4
8 5 7 5
9 6 9 2
9 6 9 7
9 6 9 2
9 6 9 7
9 10 9 9
9 12 8 12
13 12 13 11
13 12 13 13
13 12 11 12
4 13 6 13
7 5 7 4
8 12 6 12
9 2 8 2
6 12 6 13
6 13 10 13
7 2 7 1
7 2 7 3
7 2 6 2
7 3 6 3
10 11 10 1
10 11 3 11
10 11 13 11
7 3 6 3
6 2 6 1
7 1 10 1
7 1 10 1

1353

3 5 - - - - - - - - - 5 4 4 4 2 
3 4                     6 4 |   
1                       2   |   
2 6                   6 - - 7 5 
  ǁ               2 1 ǁ   2 |   
  6 = = = = = = = 7 5 ǁ   ǁ |   
  3 3 4 = = 6 = 2 | ǁ ǁ 2 4 |   
  4 7 4 3 2 ǁ     | ǁ ǁ | | |   
  ǁ 4 = 6 3 ǁ 3 - 5 ǁ ǁ 2 | |   
  ǁ 3 = = = 6 3   3 3 ǁ 1 | |   
3 6 = = = = = = = = = 7 - 2 | 3 
  4 3 4   2 2 4       ǁ 2 4 5 4 
    |   1 2   ǁ       ǁ |       
3 5 7 5 3 4 - 7 - - - 7 5 3 6 4 
4 7 4 1 5 5   5 4 - - 7 - 2 3 2 
2 3     1 2 2   3     3 1 2 4 3 
