16 16
3 0 0 4 4 4 0 0 0 4 2 6 2 2 0 4 
1 0 0 0 3 0 3 2 0 0 2 0 4 4 3 4 
2 0 0 6 0 0 0 0 0 8 4 0 2 0 2 0 
2 0 0 4 3 0 3 0 0 0 0 0 1 7 0 5 
2 2 0 0 3 0 0 0 0 0 0 0 3 5 1 0 
0 0 0 0 2 0 0 0 0 0 0 0 2 2 0 0 
6 7 0 7 0 0 7 0 0 8 0 7 0 0 6 5 
0 0 0 0 1 2 0 0 2 0 0 0 3 1 0 0 
0 0 2 5 7 4 0 0 0 0 0 0 4 0 5 0 
0 0 0 0 0 2 0 0 3 0 0 0 1 2 0 0 
0 0 0 1 2 0 0 0 0 0 0 0 3 5 0 0 
0 3 0 0 0 0 0 0 0 0 0 0 1 0 4 0 
0 1 0 0 0 0 0 0 0 4 2 0 1 0 2 0 
6 3 0 0 0 0 4 0 4 2 0 7 5 0 2 0 
2 1 0 0 0 4 0 0 3 1 0 3 6 4 6 5 
2 0 5 0 0 0 0 0 0 0 0 0 5 2 2 2 
100 130
0 0 0 3
0 0 1 0
0 0 0 3
0 11 0 10
0 11 0 12
0 11 6 11
0 15 0 13
0 15 1 15
2 9 2 3
2 9 2 10
2 9 0 9
2 9 6 9
3 13 3 12
3 13 3 15
3 13 1 13
3 13 4 13
6 0 6 1
6 0 4 0
6 0 13 0
6 3 6 1
6 3 6 6
6 3 3 3
6 3 8 3
6 9 6 6
6 9 6 11
6 9 2 9
6 9 12 9
6 15 6 14
6 15 3 15
6 15 14 15
8 4 8 3
8 4 8 5
8 4 7 4
8 4 10 4
8 14 8 12
8 14 6 14
8 14 11 14
10 13 10 12
10 13 9 13
10 13 14 13
13 0 13 1
13 0 6 0
13 0 14 0
13 11 13 9
13 11 13 12
13 11 6 11
13 11 14 11
15 2 15 0
15 2 15 12
15 2 8 2
0 5 0 4
0 5 0 9
0 5 0 4
0 5 0 9
0 11 0 10
0 11 0 12
0 11 6 11
0 15 0 13
0 15 1 15
1 7 1 6
1 10 2 10
1 12 1 13
1 12 2 12
1 12 1 13
1 12 2 12
2 9 2 3
2 9 2 10
2 9 0 9
2 10 1 10
2 14 1 14
3 13 3 15
3 13 1 13
3 13 4 13
5 4 4 4
6 0 6 1
6 0 4 0
6 9 6 6
6 9 6 11
6 9 12 9
8 4 8 3
8 4 8 5
8 4 10 4
10 3 8 3
12 10 12 9
13 0 13 1
13 0 14 0
13 6 13 8
13 6 6 6
13 6 13 8
13 6 6 6
14 1 13 1
14 5 14 8
14 5 9 5
14 5 14 8
14 5 9 5
15 0 15 2
1 7 1 6
2 14 1 14
4 1 6 1
5 4 4 4
7 5 8 5
7 8 9 8
8 5 7 5
12 1 11 1
12 10 12 9
1 6 1 4
1 14 1 15
1 15 3 15
3 15 6 15
4 1 6 1
4 4 3 4
7 8 9 8
9 8 13 8
11 1 6 1
1 4 0 4
11 1 6 1
1 4 0 4
6 3 6 6
6 3 3 3
6 3 8 3
6 6 3 6
8 2 15 2
15 12 15 13
15 12 14 12
0 3 2 3
0 3 2 3
3 6 3 4
15 12 15 13
15 12 14 12
3 6 3 4

698

3 = = 4 4 4 = = = 4 2 6 2 2 = 4 
1     ǁ 3 - 3 2   ǁ 2 ǁ 4 4 3 4 
2     6 = = = = = 8 4 ǁ 2 ǁ 2 | 
2     4 3 = 3     ǁ   ǁ 1 7 = 5 
2 2   ǁ 3   |     ǁ   ǁ 3 5 1 ǁ 
ǁ ǁ   ǁ 2   |     ǁ   ǁ 2 2   ǁ 
6 7 - 7 = = 7 = = 8 = 7     6 5 
ǁ ǁ   ǁ 1 2 ǁ   2 ǁ   | 3 1 | | 
ǁ ǁ 2 5 7 4 ǁ   ǁ ǁ   | 4 - 5 | 
ǁ ǁ ǁ | ǁ 2 ǁ   3 ǁ   | 1 2 | | 
ǁ ǁ ǁ 1 2 ǁ ǁ   | ǁ   | 3 5 | | 
ǁ 3 ǁ     ǁ ǁ   | ǁ   | 1 | 4 | 
ǁ 1 ǁ     ǁ ǁ   | 4 2 | 1 | 2 | 
6 3 ǁ     ǁ 4 = 4 2 - 7 5 | 2 | 
2 1 ǁ     4 = = 3 1   3 6 4 6 5 
2 = 5 - - - - - - - - - 5 2 2 2 
