16 16
2 0 1 0 5 0 0 0 0 4 2 1 3 1 1 2 
0 0 2 0 4 0 0 0 0 0 0 2 7 0 7 4 
4 0 0 0 0 0 0 0 0 7 7 2 0 2 3 3 
1 2 1 0 0 0 0 0 0 0 0 2 0 6 3 0 
0 6 6 0 0 3 2 0 0 0 4 5 0 2 0 4 
0 0 3 0 0 2 0 1 0 0 1 1 0 0 0 2 
0 4 0 0 0 0 0 0 0 6 0 0 7 0 4 4 
0 0 0 0 1 0 0 3 0 0 3 0 8 0 3 0 
0 0 0 0 0 0 0 0 0 0 0 1 0 0 0 0 
4 6 0 0 0 0 0 7 1 0 4 2 0 0 0 2 
3 2 0 0 0 0 0 2 0 0 0 1 0 0 3 2 
2 0 1 0 0 0 0 0 0 0 0 2 6 0 2 1 
1 0 0 0 0 0 0 0 0 5 0 2 0 4 3 1 
0 0 0 0 0 0 0 0 1 2 0 3 5 5 3 2 
0 0 0 2 0 0 0 0 3 0 4 3 4 2 1 0 
0 0 0 2 1 0 0 0 1 0 2 1 2 1 0 0 
100 120
0 4 0 2
0 4 0 9
0 4 1 4
1 12 1 11
1 12 1 14
1 12 0 12
1 12 6 12
1 14 1 12
1 14 1 15
1 14 0 14
1 14 2 14
2 9 2 0
2 9 2 10
2 9 0 9
2 9 6 9
3 13 3 14
3 13 2 13
3 13 4 13
3 13 3 14
3 13 2 13
3 13 4 13
4 1 4 2
4 1 3 1
4 1 6 1
4 1 4 2
4 1 3 1
4 1 6 1
4 2 4 5
4 2 3 2
4 2 5 2
4 2 4 5
4 6 4 5
4 11 4 10
4 11 3 11
4 11 5 11
4 15 2 15
4 15 5 15
4 15 2 15
4 15 5 15
6 1 6 9
6 1 9 1
6 9 6 12
6 9 2 9
6 9 12 9
6 9 6 12
6 15 6 14
6 15 9 15
6 15 6 14
6 15 9 15
7 12 7 10
7 12 7 14
7 12 6 12
7 12 11 12
7 12 7 10
7 12 7 14
7 12 6 12
7 12 11 12
8 11 9 11
9 1 9 0
9 1 9 7
9 1 10 1
9 1 9 0
9 1 9 7
9 7 9 8
9 7 7 7
9 7 10 7
11 2 11 0
11 12 11 11
11 12 11 14
11 12 13 12
11 12 11 11
12 13 12 14
12 13 13 13
12 13 12 14
12 13 13 13
0 0 2 0
0 0 2 0
0 4 0 9
0 4 1 4
0 9 0 10
0 13 0 12
0 15 1 15
0 15 1 15
1 2 1 4
1 4 1 2
1 14 1 15
1 14 2 14
2 0 2 9
2 9 2 10
2 10 2 11
2 10 0 10
2 10 4 10
2 15 2 14
3 0 9 0
3 14 6 14
5 2 5 5
5 7 5 5
5 10 4 10
6 14 6 12
7 4 7 7
7 7 9 7
7 10 9 10
7 14 10 14
9 0 10 0
9 7 10 7
9 10 9 11
9 10 14 10
9 10 14 10
10 0 10 1
10 0 11 0
12 0 12 9
12 9 13 9
12 11 13 11
2 10 2 11
2 10 4 10
3 11 4 11
6 12 1 12
12 9 13 9
12 11 13 11
13 8 14 8

885

2   1 - 5 = = = = 4 2 1 3 1 1 2 
ǁ   2 = 4         | | 2 7 = 7 4 
4 = = = = = = = = 7 7 2 ǁ 2 3 3 
1 2 1             ǁ ǁ 2 ǁ 6 3 ǁ 
| 6 6 = = 3 2     ǁ 4 5 ǁ 2 | 4 
| ǁ 3 - - 2 - 1   ǁ 1 1 ǁ   | 2 
| 4 - - - - - - - 6 = = 7 - 4 4 
| |     1 - - 3   | 3 = 8 = 3 ǁ 
| |           ǁ   | | 1 ǁ   | ǁ 
4 6 = = = = = 7 1 | 4 2 ǁ   | 2 
3 2           2   | ǁ 1 ǁ   3 2 
2 - 1             | ǁ 2 6 - 2 1 
1 - - - - - - - - 5 ǁ 2 | 4 3 1 
                1 2 ǁ 3 5 5 3 2 
      2         3   4 3 4 2 1   
      2 1       1   2 1 2 1     
