16 16
1 2 3 0 0 3 0 0 4 0 0 0 0 0 4 0 
0 0 1 0 0 0 0 0 3 0 1 0 1 1 0 0 
3 5 0 0 0 5 0 0 0 0 0 0 4 3 0 0 
0 0 1 1 1 0 2 2 4 1 3 0 5 6 7 1 
1 0 3 5 2 0 6 0 4 1 1 0 0 0 0 2 
0 0 2 0 2 0 0 0 0 0 0 0 0 0 0 0 
2 5 5 5 4 0 4 0 0 4 1 1 0 0 0 0 
0 1 3 0 0 0 5 2 0 0 2 0 0 0 5 4 
0 0 2 0 0 0 4 2 0 0 0 0 0 0 1 0 
0 2 0 6 0 7 0 0 0 5 6 2 0 3 1 0 
0 2 3 0 1 0 0 0 0 0 4 2 0 0 2 0 
0 2 2 0 0 0 2 0 0 6 2 0 0 0 0 0 
4 6 1 4 4 0 1 0 0 2 0 0 0 0 0 0 
2 2 0 2 2 0 0 0 0 0 0 0 0 0 0 0 
3 0 0 0 0 7 0 0 0 0 0 0 5 0 4 0 
1 0 0 0 0 4 0 4 0 0 0 0 4 2 2 1 
100 34
0 14 0 8
0 14 3 14
3 14 3 13
3 14 3 15
3 14 0 14
3 14 7 14
4 15 7 15
9 5 9 3
9 5 9 9
9 5 2 5
9 5 14 5
15 7 15 5
15 7 15 12
15 7 15 5
15 7 15 12
0 14 0 8
3 14 3 13
3 14 7 14
4 6 4 8
4 6 3 6
4 6 6 6
4 6 4 8
4 6 3 6
4 6 6 6
4 15 7 15
6 4 6 3
6 4 5 4
6 4 6 3
6 4 5 4
7 6 7 7
7 6 6 6
7 6 8 6
3 7 3 8
3 7 3 8

1024

1 2 3     3     4 = = = = = 4   
    1           3   1   1 1 ǁ   
3 5       5             4 3 ǁ   
    1 1 1 | 2 2 4 1 3   5 6 7 1 
1   3 5 2 | 6 = 4 1 1       ǁ 2 
    2   2 | ǁ               ǁ ǁ 
2 5 5 5 4 | 4     4 1 1     ǁ ǁ 
  1 3     | 5 2     2       5 4 
    2     | 4 2             1   
  2   6 - 7 - - - 5 6 2   3 1   
  2 3   1 |         4 2     2   
  2 2     | 2     6 2           
4 6 1 4 4 | 1     2             
2 2   2 2 |                     
3         7             5   4   
1         4 = 4 = = = = 4 2 2 1 
