16 16
2 1 2 0 5 2 0 0 1 2 4 4 0 2 2 0 
0 4 4 0 6 0 0 3 1 0 1 0 1 3 4 0 
0 2 4 2 0 1 0 4 0 3 0 0 0 0 0 0 
4 0 0 0 5 0 0 5 0 0 0 4 0 3 4 1 
0 0 0 0 0 3 3 0 0 2 0 0 3 0 4 2 
0 0 0 0 0 2 3 5 2 3 0 0 2 0 0 0 
0 0 0 0 0 0 0 2 0 0 0 0 0 0 0 1 
0 0 0 0 0 3 5 0 0 5 1 0 0 0 0 0 
0 0 0 0 0 2 0 0 0 3 1 0 0 0 0 0 
0 0 0 0 0 4 6 0 0 0 0 7 0 0 7 4 
0 2 0 0 0 2 2 0 0 0 0 0 3 0 6 4 
0 0 0 0 0 0 3 4 0 6 0 5 6 2 2 0 
0 0 0 0 0 3 0 3 1 3 0 0 0 0 0 0 
0 6 0 0 6 0 1 3 4 0 4 0 4 2 0 0 
4 4 5 0 7 0 0 2 0 2 4 0 5 2 0 0 
2 0 3 1 2 0 0 0 0 3 1 0 1 0 0 0 
100 30
0 4 0 2
0 4 0 5
0 4 1 4
9 11 9 6
9 11 9 14
9 11 3 11
9 11 11 11
10 15 10 14
10 15 9 15
11 9 11 7
11 9 11 11
11 9 12 9
11 9 11 7
11 9 11 11
11 9 12 9
13 1 13 4
13 1 10 1
13 1 14 1
14 2 14 1
14 2 14 4
14 2 15 2
5 12 4 12
6 7 5 7
10 15 10 14
10 15 9 15
13 1 13 4
13 1 10 1
13 1 14 1
5 12 4 12
6 7 5 7

603

2 1 2 - 5 2     1 2 4 4   2 2   
  4 4   6     3 1   1   1 3 4   
  2 4 2   1   4   3             
4       5     5       4   3 4 1 
          3 3     2   | 3   4 2 
          2 3 5 2 3   | 2       
              2       |       1 
          3 5     5 1 |         
          2       3 1 |         
          4 6 - - - - 7 - - 7 4 
  2       2 2         | 3   6 4 
  ǁ         3 4 = 6 = 5 6 2 2   
  ǁ       3   3 1 3             
  6 = = 6   1 3 4   4   4 2     
4 4 5 - 7     2   2 4   5 2     
2   3 1 2         3 1   1       
