16 16
3 0 6 0 0 4 3 0 0 3 0 6 2 3 2 1 
5 4 6 0 0 0 0 0 0 0 0 7 0 6 0 0 
0 0 0 0 0 0 0 4 0 4 2 0 1 0 0 0 
4 0 0 0 0 0 0 0 0 0 0 0 2 0 0 0 
0 0 6 0 0 0 0 6 0 1 0 0 0 3 0 0 
0 0 4 2 0 0 0 1 0 0 0 0 0 2 0 0 
5 7 0 0 0 0 0 0 0 0 0 5 5 2 0 0 
1 0 4 0 0 0 6 0 4 2 3 0 6 0 5 4 
1 0 0 0 1 0 0 2 0 0 3 2 6 2 0 0 
0 0 0 0 5 0 6 5 0 0 0 1 5 2 0 0 
0 0 6 0 4 2 6 4 0 0 6 0 4 0 3 4 
2 0 2 0 0 0 2 1 0 0 4 0 3 0 4 0 
0 0 0 0 0 0 0 0 0 0 0 0 0 0 0 0 
4 6 0 0 0 0 0 0 8 6 0 0 0 0 5 0 
2 5 0 0 5 4 3 0 8 0 0 0 3 4 7 6 
1 5 0 4 4 2 2 1 4 0 2 0 3 4 3 3 
100 129
0 2 0 0
0 2 0 5
0 2 1 2
0 11 0 9
0 11 0 12
0 11 1 11
1 0 1 1
1 0 0 0
1 0 3 0
1 13 1 11
1 13 0 13
1 13 4 13
2 7 2 9
2 7 4 7
4 2 4 7
4 2 1 2
4 2 5 2
4 7 4 2
4 7 4 9
4 7 2 7
4 7 5 7
6 0 6 1
6 0 3 0
6 0 7 0
7 6 7 2
7 6 7 8
7 6 9 6
7 6 7 2
7 6 7 8
7 6 9 6
9 4 9 6
9 4 8 4
9 4 10 4
10 2 10 4
10 2 7 2
10 2 11 2
13 8 13 1
13 8 13 9
13 8 7 8
13 8 14 8
13 9 13 8
13 9 13 14
13 9 7 9
14 4 14 1
14 4 14 5
14 4 15 4
14 8 14 6
14 8 14 12
14 8 13 8
14 8 15 8
14 14 14 13
14 14 14 15
14 14 13 14
14 14 15 14
14 15 14 14
14 15 10 15
14 15 15 15
15 1 15 0
15 1 15 3
15 1 14 1
0 2 0 0
0 2 0 5
0 2 1 2
0 5 0 6
0 11 0 9
0 11 0 12
0 11 1 11
1 0 1 1
1 0 3 0
1 13 1 11
1 13 0 13
1 13 4 13
2 7 2 9
3 0 6 0
4 2 1 2
4 2 5 2
4 13 5 13
5 3 5 2
5 13 6 13
6 0 6 1
6 1 6 11
6 1 1 1
6 1 13 1
7 2 10 2
8 0 11 0
8 7 9 7
9 4 9 6
9 4 10 4
10 2 10 4
10 2 11 2
10 5 10 6
10 10 10 12
10 10 8 10
10 10 11 10
10 10 10 12
10 10 8 10
10 10 11 10
11 0 13 0
11 10 11 12
13 8 13 1
13 8 13 9
14 8 14 6
14 8 14 12
14 8 15 8
14 15 14 14
14 15 10 15
15 1 15 3
15 1 14 1
15 3 15 4
15 15 15 14
15 15 15 14
0 5 0 6
0 6 0 9
0 13 0 14
2 9 2 10
2 9 2 10
2 12 3 12
3 12 6 12
5 2 5 3
7 8 7 9
8 7 9 7
10 5 10 6
11 10 11 12
13 9 13 14
15 3 15 4
15 13 15 12
15 13 14 13
15 13 15 12
15 13 14 13

1147

3 = 6 = = 4 3 - - 3 = 6 2 3 2 1 
5 4 6                 7 = 6     
ǁ | ǁ         4 = 4 2   1 ǁ     
4 | ǁ         ǁ         2 ǁ     
ǁ | 6 = = = = 6 - 1     | 3     
ǁ | 4 2       1         | 2     
5 7 - - - - - - - - - 5 5 2     
1 | 4 = = = 6 = 4 2 3   6   5 4 
1 | ǁ   1   ǁ 2 | | 3 2 6 2     
| | ǁ   5 = 6 5 | | ǁ 1 5 2     
| | 6 = 4 2 6 4 | | 6 = 4   3 4 
2 | 2       2 1 | | 4 = 3   4 ǁ 
| |             | |           ǁ 
4 6 = = = = = = 8 6 = = = = 5 ǁ 
2 5 - - 5 4 3 = 8 = = = 3 4 7 6 
1 5 = 4 4 2 2 1 4   2   3 4 3 3 
