16 16
1 1 0 4 0 0 0 5 0 0 0 0 5 0 5 2 
0 2 0 7 3 2 2 3 4 0 2 0 0 3 5 3 
0 0 0 2 3 3 2 2 2 0 1 0 0 2 0 4 
4 0 0 0 0 0 0 0 0 0 0 0 7 0 8 4 
0 3 4 0 0 3 0 0 0 4 0 0 7 4 0 1 
0 0 0 2 0 0 1 0 0 0 0 0 0 0 0 2 
0 0 0 6 0 6 2 0 0 0 0 0 2 0 0 0 
0 0 4 4 3 0 0 0 0 0 1 0 3 3 0 3 
0 0 0 0 4 0 0 1 0 6 2 0 4 1 0 0 
0 0 2 0 0 0 2 5 0 4 1 2 0 1 0 0 
0 0 3 6 4 2 0 2 0 2 3 0 0 3 6 3 
0 0 2 2 0 0 0 0 0 0 0 0 0 0 5 3 
0 4 0 0 0 0 0 0 4 0 5 3 0 2 4 0 
0 1 0 0 0 0 0 0 1 0 0 0 0 1 2 0 
3 0 0 0 0 0 0 0 0 0 0 0 6 0 2 3 
3 0 0 0 0 0 0 3 0 1 1 0 2 1 0 2 
100 43
0 7 0 3
0 7 0 12
0 7 1 7
0 14 0 12
0 14 0 15
0 14 1 14
1 3 1 1
1 3 1 4
1 3 0 3
1 3 2 3
3 12 3 0
3 12 3 14
3 12 0 12
3 12 4 12
3 14 3 12
3 14 3 15
3 14 1 14
3 14 10 14
4 13 4 12
4 13 7 13
4 13 4 12
4 13 7 13
6 3 6 5
6 3 5 3
6 3 7 3
2 13 1 13
2 15 1 15
2 15 3 15
2 15 1 15
2 15 3 15
3 14 3 15
3 14 1 14
3 14 10 14
4 15 5 15
5 15 7 15
6 3 6 5
6 3 5 3
6 3 7 3
7 15 10 15
2 13 1 13
5 6 6 6
7 15 10 15
1 13 1 14

1148

1 1   4 - - - 5 - - - - 5 - 5 2 
  2 - 7 3 2 2 3 4   2   | 3 5 3 
      2 3 3 2 2 2   1   | 2 ǁ 4 
4 - - - - - - - - - - - 7 = 8 4 
  3 4     3       4     7 4 ǁ 1 
      2     1             ǁ ǁ 2 
      6 = 6 2           2 ǁ ǁ | 
    4 4 3           1   3 3 ǁ 3 
        4     1   6 2   4 1 ǁ ǁ 
    2       2 5   4 1 2   1 ǁ ǁ 
    3 6 4 2   2   2 3     3 6 3 
    2 2                     5 3 
  4             4   5 3   2 4   
  1             1         1 2   
3                       6   2 3 
3             3   1 1   2 1   2 
