16 16
2 0 0 4 0 0 0 5 0 0 2 0 3 0 2 2 
0 2 0 6 4 4 1 0 0 0 0 0 0 3 3 0 
1 0 0 4 4 8 4 0 0 0 0 0 0 0 0 0 
0 0 0 2 3 3 3 0 0 0 0 0 0 0 0 1 
1 4 0 0 7 1 0 0 0 0 0 0 0 2 0 1 
0 0 0 0 0 0 0 0 0 0 0 0 0 1 0 0 
2 0 0 0 6 0 0 8 0 0 0 0 6 0 5 4 
0 4 2 1 0 1 0 0 0 0 3 0 7 4 0 3 
0 0 0 0 0 0 1 0 0 0 1 1 0 4 0 0 
3 5 2 0 0 0 0 0 3 0 0 4 0 0 0 0 
2 1 0 0 0 0 0 0 3 3 2 0 3 4 0 4 
1 0 0 0 3 5 3 0 0 0 0 0 0 0 0 0 
1 5 0 6 0 0 0 6 0 0 0 5 2 0 0 0 
1 0 1 0 0 2 0 0 0 2 0 5 2 0 4 5 
3 4 2 3 3 6 0 7 0 2 2 6 0 4 2 1 
0 3 2 0 2 3 0 4 0 0 0 2 0 1 0 0 
100 48
0 7 0 3
0 7 0 10
0 7 6 7
2 5 2 4
2 5 2 6
2 5 1 5
2 5 3 5
4 4 4 1
4 4 4 5
4 4 3 4
4 4 6 4
6 7 6 4
6 7 6 12
6 7 0 7
6 7 12 7
7 12 7 10
7 12 7 13
7 12 6 12
7 12 10 12
8 6 11 6
8 13 7 13
8 13 10 13
8 13 7 13
8 13 10 13
11 6 11 5
11 6 11 5
13 15 13 14
13 15 10 15
13 15 14 15
14 0 14 1
14 0 13 0
14 0 14 1
14 7 14 5
14 7 14 9
14 7 12 7
14 7 15 7
2 5 2 4
2 5 2 6
2 5 1 5
2 5 3 5
4 4 4 1
4 4 3 4
4 4 6 4
6 7 6 4
6 7 6 12
6 7 12 7
13 15 13 14
13 15 10 15

974

2     4 - - - 5 - - 2   3   2 2 
  2   6 4 4 1 ǁ           3 3   
1     4 4 8 4 ǁ                 
      2 3 3 3 ǁ               1 
1 4 = = 7 1   ǁ           2   1 
        ǁ     ǁ           1     
2       6 = = 8 = = = = 6   5 4 
  4 2 1   1   ǁ     3 - 7 4   3 
            1 ǁ     1 1 | 4     
3 5 2       | ǁ 3     4 | ǁ     
2 1         | ǁ 3 3 2   3 4   4 
1       3 5 3 ǁ               ǁ 
1 5   6       6       5 2     ǁ 
1   1     2   |   2   5 2   4 5 
3 4 2 3 3 6 - 7 - 2 2 6   4 2 1 
  3 2   2 3   4       2   1     
