16 16
4 3 2 6 3 5 0 3 1 5 0 0 4 1 2 3 
3 4 0 7 0 6 1 0 0 2 0 0 0 0 0 2 
0 4 3 0 0 0 3 5 0 0 0 0 8 3 0 0 
0 0 2 0 0 0 0 0 0 0 2 0 0 2 3 2 
0 0 0 0 0 0 0 0 0 0 0 0 0 0 0 0 
0 0 0 0 0 0 2 0 0 0 0 0 0 0 0 0 
0 4 0 6 2 0 1 0 1 0 5 1 0 0 0 4 
0 4 2 0 0 0 0 0 3 3 0 0 0 0 0 0 
0 0 0 0 0 0 1 4 4 4 4 2 0 1 2 0 
0 0 0 0 0 0 0 0 2 0 0 0 5 1 0 0 
0 0 0 3 0 0 2 7 4 3 4 3 0 1 0 0 
0 1 0 5 1 0 2 5 4 4 5 3 0 0 0 0 
0 0 0 1 0 0 3 4 0 2 2 1 0 0 0 0 
4 0 0 0 0 5 0 0 0 0 0 0 5 3 0 0 
3 3 0 0 0 7 0 0 6 0 4 2 2 0 4 5 
1 2 1 2 0 4 1 0 5 0 0 0 0 0 3 2 
100 103
0 0 0 1
0 0 1 0
0 0 0 1
0 0 1 0
0 3 0 2
0 3 0 4
0 3 1 3
0 3 0 2
0 3 0 4
0 3 1 3
0 5 0 4
0 5 0 7
0 5 1 5
0 9 0 8
0 9 0 12
0 9 1 9
1 3 1 1
1 3 1 5
1 3 6 3
2 12 2 7
2 12 2 13
2 12 0 12
2 12 9 12
2 12 2 7
2 12 2 13
2 12 0 12
2 12 9 12
3 10 6 10
6 15 3 15
6 15 14 15
6 15 3 15
6 15 14 15
10 7 10 6
10 7 10 8
10 7 8 7
10 7 11 7
11 3 11 1
11 3 11 4
11 3 10 3
11 3 12 3
11 3 10 3
13 13 13 12
13 13 10 13
13 13 13 12
14 5 14 1
14 5 14 8
14 5 13 5
14 5 15 5
15 8 15 6
15 8 15 14
15 8 14 8
0 1 1 1
0 5 0 7
0 5 1 5
0 7 2 7
0 9 0 12
0 9 1 9
1 5 1 3
1 5 1 6
1 5 13 5
1 15 0 15
3 10 6 10
6 4 6 3
7 1 7 2
7 1 6 1
7 1 7 2
7 1 6 1
10 3 6 3
15 5 15 3
15 5 14 5
15 5 15 3
15 8 15 14
15 8 14 8
1 15 0 15
3 2 2 2
6 1 6 3
6 1 2 1
6 3 6 4
6 3 1 3
14 8 14 5
14 8 14 10
14 8 11 8
14 10 14 11
14 10 12 10
14 10 14 11
15 2 15 1
0 15 0 14
1 1 1 0
1 1 2 1
2 1 2 2
2 1 2 2
12 7 12 6
12 7 11 7
12 7 12 6
12 7 11 7
13 0 13 5
13 0 14 0
13 0 13 5
13 0 14 0
13 5 14 5
14 1 14 0
14 1 15 1
12 6 11 6

973

4 3 2 6 3 5 = 3 1 5 = = 4 1 2 3 
3 4 - 7 = 6 1 |   2     ǁ     2 
  4 3 ǁ   | 3 5 = = = = 8 3     
  | 2 ǁ   |         2   ǁ 2 3 2 
  |   ǁ   |         ǁ   ǁ     ǁ 
  |   ǁ   | 2       ǁ   ǁ     ǁ 
  4 - 6 2 | 1   1   5 1 ǁ     4 
  4 2 |   |     3 3     ǁ     ǁ 
      |   | 1 4 4 4 4 2 ǁ 1 2 ǁ 
      |   |   | 2       5 1   ǁ 
      3   | 2 7 4 3 4 3   1   ǁ 
  1 - 5 1 | 2 5 4 4 5 3   |   ǁ 
      1   | 3 4 | 2 2 1   |   ǁ 
4 = = = = 5     |   |   5 3   ǁ 
3 3 - - - 7 = = 6 - 4 2 2   4 5 
1 2 1 2 = 4 1 - 5 = = = = = 3 2 
