16 16
2 0 0 3 2 6 2 1 0 0 0 0 0 5 2 1 
1 0 0 0 0 0 3 6 0 0 0 2 0 0 0 0 
0 0 0 0 0 0 1 0 0 0 0 0 0 0 0 0 
4 0 0 5 0 7 0 8 0 0 0 0 0 8 4 4 
4 2 2 6 3 0 1 0 2 0 4 0 1 0 0 0 
4 2 4 0 3 0 3 0 4 0 7 6 2 0 0 0 
0 0 2 0 2 0 0 0 0 0 0 0 0 0 0 1 
4 0 0 0 6 3 3 0 0 1 0 6 2 0 0 2 
4 2 0 0 0 2 2 0 0 0 0 0 0 0 0 0 
0 2 0 0 8 7 4 0 4 5 0 0 0 4 6 4 
5 0 4 1 0 0 0 0 0 4 0 0 3 4 4 2 
2 0 0 0 0 4 1 0 0 2 0 2 1 0 1 1 
0 0 0 0 0 2 0 0 0 0 0 0 0 0 0 0 
0 0 0 2 6 0 0 7 0 0 5 0 0 4 0 0 
1 0 7 0 0 4 0 8 0 0 0 0 0 0 5 3 
1 0 5 2 2 4 0 5 0 0 0 0 0 2 3 2 
100 118
0 5 0 4
0 5 0 6
0 5 3 5
0 13 0 7
0 13 0 14
0 13 3 13
1 7 1 6
1 7 1 11
1 7 3 7
3 7 3 5
3 7 3 13
3 7 1 7
3 7 13 7
3 13 3 7
3 13 3 14
3 13 0 13
3 13 9 13
3 15 3 14
3 15 0 15
3 15 6 15
3 15 3 14
5 10 5 8
5 10 5 11
5 10 4 10
5 10 13 10
5 11 5 10
5 11 5 12
5 11 7 11
7 9 9 9
7 11 7 12
7 11 5 11
7 11 11 11
7 15 9 15
9 4 9 1
9 4 9 5
9 4 7 4
9 4 13 4
9 8 9 9
9 8 5 8
9 8 9 9
9 8 5 8
9 9 10 9
10 0 10 2
10 0 8 0
10 0 11 0
11 9 10 9
14 2 14 0
14 2 14 5
14 2 10 2
14 2 15 2
14 7 14 5
14 7 14 14
14 7 13 7
14 7 15 7
15 0 15 2
15 2 15 3
15 2 14 2
0 5 0 4
0 5 0 6
0 5 3 5
0 13 0 14
1 7 1 6
1 7 1 11
2 6 1 6
3 7 3 5
3 7 13 7
3 13 3 14
3 13 9 13
4 3 4 2
4 3 4 4
4 3 3 3
4 3 4 2
4 3 4 4
4 3 3 3
7 15 9 15
9 4 9 1
9 4 9 5
9 4 7 4
9 4 13 4
9 5 9 6
9 5 8 5
9 5 11 5
9 9 10 9
9 14 9 13
9 14 9 15
9 14 10 14
10 9 11 9
11 0 10 0
13 4 13 3
13 4 13 7
13 4 13 3
13 4 13 7
13 13 13 10
13 13 10 13
13 13 13 10
13 13 10 13
14 2 14 5
14 2 10 2
14 7 14 5
14 7 14 14
14 7 13 7
14 7 15 7
15 2 15 3
15 4 15 5
15 5 15 4
15 5 15 7
15 5 15 7
15 7 15 13
15 13 15 14
9 14 9 13
9 14 9 15
9 14 10 14
10 3 10 2
12 5 11 5
13 7 13 10
13 10 5 10
10 0 8 0
12 5 11 5

2461

2     3 2 6 2 1 - - - - - 5 2 1 
1         ǁ 3 6 = = = 2   ǁ   | 
          ǁ 1 ǁ           ǁ   | 
4     5   7 = 8 = = = = = 8 4 4 
4 2 2 6 3   1 ǁ 2   4   1 ǁ   | 
4 2 4   3   3 ǁ 4 - 7 6 2 ǁ   | 
    2   2     ǁ ǁ   ǁ ǁ   ǁ   1 
4       6 3 3 ǁ ǁ 1 ǁ 6 2 ǁ   2 
4 2     ǁ 2 2 ǁ ǁ | ǁ |   ǁ   ǁ 
ǁ 2 = = 8 7 4 ǁ 4 5 ǁ |   4 6 4 
5 - 4 1 ǁ |   ǁ   4 ǁ | 3 4 4 2 
2   ǁ   ǁ 4 1 ǁ   2 ǁ 2 1 ǁ 1 1 
    ǁ   ǁ 2   ǁ     ǁ     ǁ     
    ǁ 2 6 = = 7 - - 5 = = 4     
1 - 7 = = 4 = 8 = = = = = = 5 3 
1 - 5 2 2 4 = 5 - - - - - 2 3 2 
