16 16
3 4 0 2 0 0 3 2 0 0 0 0 0 4 2 2 
3 5 0 0 0 0 7 0 0 0 0 0 0 5 6 6 
0 0 3 0 0 3 0 0 0 0 0 1 2 0 0 0 
0 0 0 0 1 0 0 0 0 0 0 0 0 0 0 0 
0 0 0 1 5 6 0 2 0 0 0 6 4 0 0 0 
1 0 3 0 0 0 0 0 3 2 0 0 0 0 0 0 
1 0 3 2 0 0 0 5 4 1 0 0 0 0 0 0 
3 6 0 0 5 5 0 4 0 0 0 0 0 0 0 0 
2 0 0 0 0 2 0 0 0 0 0 0 0 0 0 3 
3 0 1 0 3 1 0 0 0 0 0 0 0 0 0 0 
0 0 0 1 0 2 0 0 0 0 0 0 0 0 0 0 
3 5 0 0 4 4 0 3 0 0 0 7 0 6 6 5 
0 0 0 2 1 2 0 1 2 5 3 0 4 5 0 3 
0 1 3 7 0 0 6 5 4 0 1 0 3 3 0 0 
2 1 1 2 1 0 3 4 7 6 0 5 4 4 4 2 
0 0 0 1 0 0 2 1 4 5 1 3 0 0 4 1 
100 114
1 6 1 1
1 6 1 13
1 6 0 6
1 6 13 6
1 15 1 14
1 15 0 15
1 15 8 15
1 15 1 14
1 15 0 15
1 15 8 15
3 4 4 4
4 5 4 4
4 5 2 5
4 5 7 5
4 5 4 4
4 5 2 5
4 5 7 5
6 7 6 8
6 7 4 7
6 7 7 7
7 7 6 7
7 7 11 7
7 7 6 7
8 15 11 15
11 11 11 7
11 11 11 13
11 11 4 11
11 11 14 11
11 15 11 14
11 15 12 15
12 9 12 8
12 9 12 10
12 9 14 9
12 12 12 13
12 12 13 12
12 12 12 13
12 12 13 12
13 3 13 2
13 3 13 6
13 3 12 3
13 3 14 3
14 8 14 7
14 8 14 9
14 8 13 8
14 8 15 8
15 9 15 8
15 9 15 10
15 9 14 9
1 14 1 13
1 14 0 14
1 14 11 14
1 14 1 13
2 5 2 2
4 7 4 11
4 11 4 12
4 11 2 11
4 11 11 11
4 11 4 12
4 12 2 12
6 8 6 9
6 8 5 8
6 8 5 8
11 14 11 13
11 14 11 15
11 14 14 14
11 14 11 13
11 15 12 15
12 15 14 15
13 10 12 10
15 9 15 8
15 9 14 9
0 14 0 13
2 2 5 2
2 2 5 2
2 12 4 12
5 8 5 9
11 13 11 11
11 13 1 13
11 13 12 13
12 10 12 9
12 13 13 13
14 9 14 8
14 9 14 11
15 8 15 7
0 13 0 7
0 13 1 13
0 13 0 7
1 6 1 1
1 6 0 6
1 6 13 6
12 9 12 8
12 13 13 13
13 6 13 3
13 6 13 7
13 6 14 6
13 8 13 7
13 8 14 8
13 8 13 7
14 8 14 7
0 6 0 3
14 7 14 6
14 7 13 7
15 6 15 3
15 6 14 6
0 3 0 1
13 7 12 7
14 4 14 3
0 1 0 0
0 1 1 1
0 1 0 0
11 7 11 11
13 3 13 2
13 3 12 3
0 0 1 0

1157

3 4 - 2 - - 3 2 = = = = = 4 2 2 
3 5 = = = = 7 - - - - - - 5 6 6 
    3 - - 3 ǁ         1 2 | | ǁ 
    ǁ   1 ǁ ǁ         | ǁ | | ǁ 
    ǁ 1 5 6 ǁ 2 - - - 6 4 | | ǁ 
1   3     ǁ ǁ | 3 2   ǁ   | | ǁ 
1   3 2   ǁ ǁ 5 4 1   ǁ   | | ǁ 
3 6     5 5 ǁ 4       ǁ   | | ǁ 
2         2 ǁ |       ǁ   | | 3 
3   1   3 1 ǁ |       ǁ   | | | 
      1   2 ǁ |       ǁ   | | | 
3 5     4 4 ǁ 3 = = = 7 = 6 6 5 
      2 1 2 ǁ 1 2 5 3 | 4 5 | 3 
  1 3 7 = = 6 5 4 | 1 | 3 3 | | 
2 1 1 2 1   3 4 7 6 - 5 4 4 4 2 
      1 - - 2 1 4 5 1 3     4 1 
