16 16
4 3 0 4 0 0 0 0 0 0 0 0 4 0 3 2 
4 3 1 0 3 0 6 0 3 3 3 0 0 2 4 5 
5 5 5 5 5 1 0 3 4 0 5 2 0 0 1 0 
0 1 3 2 3 1 0 4 4 1 0 2 0 4 0 5 
6 0 0 0 0 0 6 4 0 0 4 4 0 4 4 0 
0 0 0 0 0 0 0 4 1 2 5 0 0 2 4 0 
0 0 0 0 0 0 0 0 1 0 0 0 0 4 6 0 
0 0 0 0 0 0 0 0 2 0 3 0 0 0 0 0 
0 0 0 0 0 0 0 0 3 1 0 0 0 0 0 0 
0 0 0 0 0 0 0 0 0 0 0 3 0 0 0 0 
0 2 0 3 0 0 6 7 8 2 0 2 0 0 0 0 
0 1 2 0 0 0 4 3 4 1 0 0 0 5 5 0 
0 0 0 0 0 0 1 2 1 0 0 0 0 2 0 0 
4 0 0 0 0 0 0 0 0 0 0 0 4 0 4 4 
3 1 1 0 0 0 0 0 0 4 0 0 5 0 4 1 
3 0 0 0 0 0 0 2 2 5 3 3 3 1 5 2 
100 128
0 0 0 1
0 0 1 0
0 0 0 1
0 0 1 0
1 0 1 1
1 0 2 0
1 6 1 4
1 6 1 8
1 6 4 6
1 6 1 4
1 6 1 8
1 6 4 6
1 15 1 14
1 15 0 15
1 15 3 15
2 0 2 1
2 0 4 0
4 0 4 6
4 0 2 0
4 0 13 0
4 6 4 0
4 6 4 7
4 6 10 6
6 14 6 13
6 14 5 14
6 14 11 14
6 14 6 13
6 14 5 14
6 14 11 14
10 6 10 3
10 6 10 7
10 6 11 6
10 6 10 3
10 6 10 7
10 7 10 8
10 7 5 7
10 7 11 7
10 8 10 7
10 8 10 9
10 8 8 8
10 8 11 8
10 8 10 7
10 8 10 9
10 8 8 8
15 9 15 8
15 9 15 10
15 9 14 9
15 14 15 13
15 14 15 15
15 14 14 14
2 0 2 1
4 0 13 0
5 7 5 8
5 7 4 7
5 7 4 7
5 14 5 13
5 14 4 14
10 1 10 3
10 1 11 1
13 0 13 12
13 0 14 0
15 14 15 15
15 14 14 14
4 7 4 10
4 14 4 13
4 14 2 14
4 14 4 13
10 11 9 11
11 2 11 6
3 7 3 8
3 7 2 7
3 7 3 8
3 7 2 7
3 8 3 9
3 8 2 8
3 15 1 15
3 15 13 15
3 15 13 15
10 11 9 11
11 2 11 6
11 6 11 7
11 8 11 7
11 8 11 9
11 8 12 8
11 13 11 14
11 13 6 13
11 13 12 13
12 6 12 7
12 13 11 13
13 15 13 14
13 15 14 15
14 14 14 12
14 14 13 14
2 7 2 8
2 8 2 10
2 8 1 8
9 11 4 11
13 14 13 12
13 14 11 14
1 9 1 10
5 10 5 9
5 10 4 10
5 10 7 10
6 8 7 8
6 13 5 13
11 13 11 14
13 12 0 12
13 12 14 12
0 12 0 3
0 12 0 14
0 12 0 3
1 9 1 10
3 13 1 13
3 13 4 13
3 13 1 13
3 13 4 13
4 11 4 10
4 11 3 11
4 11 4 10
0 3 0 1
0 3 2 3
1 4 2 4
1 9 1 10
1 14 1 15
1 14 0 14
1 14 0 14
2 10 2 11
3 11 2 11

1148

4 3 - 4 = = = = = = = = 4 - 3 2 
4 3 1 | 3 = 6 = 3 3 3   | 2 4 5 
5 5 5 5 5 1 ǁ 3 4 - 5 2 | ǁ 1 ǁ 
ǁ 1 3 2 3 1 ǁ 4 4 1   2 | 4 | 5 
6 = = = = = 6 4 - - 4 4 | 4 4 ǁ 
ǁ           | 4 1 2 5 | | 2 4 ǁ 
ǁ           | | 1   | | | 4 6 ǁ 
ǁ           | | 2   3 | | | ǁ ǁ 
ǁ           | | 3 1   | | | ǁ ǁ 
ǁ           | | ǁ     3 | | ǁ ǁ 
ǁ 2 - 3 = = 6 7 8 2   2 | | ǁ ǁ 
ǁ 1 2 = = = 4 3 4 1     | 5 5 ǁ 
ǁ           1 2 1       | 2 | ǁ 
4 - - - - - - - - - - - 4 - 4 4 
3 1 1             4     5 - 4 1 
3             2 2 5 3 3 3 1 5 2 
