16 16
1 3 0 0 0 4 0 0 2 2 3 3 1 1 1 0 
0 1 0 0 0 0 1 0 0 2 0 1 0 2 5 2 
3 0 0 0 0 4 0 0 0 0 4 0 5 1 0 1 
0 2 4 0 0 4 0 0 4 1 0 0 0 0 0 0 
0 1 2 0 0 1 0 0 0 1 0 0 5 1 0 0 
0 1 0 2 0 1 3 0 7 3 0 0 4 1 0 3 
3 3 1 0 0 0 2 0 3 1 0 0 1 0 0 0 
1 0 1 5 0 6 1 3 0 0 5 0 0 0 4 3 
0 0 0 1 0 0 0 0 0 0 0 1 1 0 3 1 
0 0 0 0 0 0 0 2 0 0 0 4 0 0 5 1 
0 0 0 0 0 0 0 0 0 0 0 1 0 0 0 1 
3 0 5 0 0 6 0 0 0 0 4 0 0 0 4 3 
3 0 0 0 1 2 0 0 1 0 0 2 0 0 1 1 
0 0 1 1 3 0 0 0 0 0 5 6 1 0 2 0 
2 4 0 0 0 0 0 0 0 0 4 2 1 0 0 0 
1 2 0 0 0 0 0 0 0 0 2 0 0 0 4 1 
100 10
5 8 5 6
5 8 5 9
5 8 3 8
5 8 6 8
7 5 7 3
7 5 7 6
7 5 5 5
7 5 11 5
7 5 7 3
7 5 11 5

600

1 3       4     2 2 3 3 1 1 1   
  1         1     2   1   2 5 2 
3         4         4   5 1   1 
  2 4     4     4 1             
  1 2     1     | 1     5 1     
  1   2   1 3 - 7 3     4 1   3 
3 3 1     | 2   3 1     1       
1   1 5 = 6 1 3     5       4 3 
      1   ǁ           1 1   3 1 
          ǁ   2       4     5 1 
          ǁ           1       1 
3   5     6         4       4 3 
3       1 2     1     2     1 1 
    1 1 3           5 6 1   2   
2 4                 4 2 1       
1 2                 2       4 1 
