16 16
2 3 0 0 2 2 0 5 4 0 0 3 0 1 1 0 
1 0 0 0 0 0 1 0 2 0 0 2 1 0 4 1 
1 2 1 0 0 3 0 0 0 0 0 0 0 0 0 1 
0 0 0 0 0 3 2 0 0 0 0 0 0 0 0 0 
3 0 0 0 4 0 0 6 0 0 0 0 0 0 5 2 
0 0 0 0 0 1 1 0 1 0 3 0 4 3 0 2 
0 1 0 0 0 0 0 0 3 0 4 1 0 0 0 0 
0 0 0 0 0 0 0 0 2 0 0 0 0 0 0 4 
3 3 1 0 0 3 4 0 4 0 0 0 6 3 0 0 
2 2 0 0 0 0 0 0 0 0 0 0 0 0 0 0 
1 1 0 0 0 0 3 0 4 0 1 0 0 0 0 0 
2 0 3 0 2 0 1 0 2 0 1 0 0 0 0 0 
3 2 0 1 0 6 0 6 0 0 0 0 4 1 0 0 
0 0 0 2 0 8 4 3 0 0 2 1 0 0 5 4 
3 0 4 3 0 6 4 2 1 0 4 2 3 0 3 1 
2 1 2 1 0 1 2 2 2 0 3 1 1 0 0 0 
100 39
0 7 0 5
0 7 0 8
0 7 4 7
13 5 13 3
13 5 13 6
13 5 12 5
13 5 14 5
13 5 13 3
13 5 13 6
13 5 12 5
13 5 14 5
14 5 14 3
14 5 14 6
14 5 15 5
14 5 14 3
12 5 12 3
12 5 12 7
12 5 8 5
12 5 12 7
12 7 12 12
12 7 4 7
12 7 13 7
12 7 12 12
13 6 13 7
13 6 14 6
14 6 14 7
14 6 15 6
15 6 15 7
4 7 4 4
4 7 4 14
4 7 0 7
4 7 4 4
6 11 6 10
11 6 10 6
10 6 8 6
10 6 8 6
8 6 8 5
8 6 5 6
5 5 8 5

1106

2 3     2 2 - 5 4     3   1 1   
1           1 ǁ 2     2 1   4 1 
1 2 1     3   ǁ               1 
          3 2 ǁ                 
3       4 = = 6 - - - - - - 5 2 
          1 1 | 1   3   4 3   2 
  1       | | | 3   4 1         
          | | | 2             4 
3 3 1     3 4 | 4       6 3     
2 2       | ǁ |                 
1 1       | 3 | 4   1           
2   3   2 | 1 | 2   1           
3 2   1 - 6 = 6 = = = = 4 1     
      2 = 8 4 3     2 1     5 4 
3   4 3 = 6 4 2 1   4 2 3   3 1 
2 1 2 1   1 2 2 2   3 1 1       
