16 16
2 0 4 0 0 0 0 0 0 0 4 0 0 0 5 2 
3 0 0 3 0 0 0 0 0 0 5 4 4 0 0 1 
0 0 0 2 0 0 2 1 1 0 3 2 0 0 0 0 
3 0 5 0 0 0 0 0 0 0 0 0 6 3 0 0 
3 0 6 4 0 0 3 0 3 0 4 0 7 5 0 0 
2 1 1 0 2 0 4 0 1 0 0 0 3 2 0 0 
4 0 0 6 0 0 0 0 0 0 0 0 0 0 5 3 
0 2 0 0 3 3 0 0 3 0 0 0 0 0 0 2 
4 5 0 0 2 0 1 0 0 3 2 0 0 0 0 2 
0 0 0 0 4 3 0 0 0 0 0 0 0 0 0 3 
0 0 0 0 3 0 3 1 0 5 4 0 2 0 0 0 
1 3 1 0 0 0 0 0 0 0 0 0 0 0 0 0 
0 0 0 0 0 0 0 0 0 4 0 0 0 0 5 3 
2 0 0 6 0 0 0 0 7 0 3 1 1 0 4 4 
3 2 1 4 1 2 6 0 7 2 6 0 0 4 3 4 
2 1 0 2 2 0 5 1 2 0 3 0 0 4 6 4 
100 112
0 14 0 10
0 14 0 15
0 14 6 14
1 12 1 11
1 12 3 12
1 12 1 11
1 12 3 12
3 12 3 2
3 12 3 13
3 12 4 12
3 12 3 2
3 13 4 13
3 13 4 13
4 12 4 10
4 12 4 13
4 12 5 12
13 8 13 3
13 8 13 10
13 8 7 8
13 8 14 8
14 6 14 5
14 6 14 8
14 6 15 6
14 6 14 5
14 6 14 8
14 6 15 6
15 6 15 4
15 6 15 7
15 6 15 4
15 14 15 13
15 14 15 15
15 14 14 14
15 14 15 13
15 14 15 15
15 14 14 14
15 15 14 15
15 15 14 15
1 11 1 10
1 11 2 11
2 11 2 10
4 12 4 10
4 12 4 13
4 12 5 12
4 13 5 13
10 7 10 6
10 9 10 10
10 9 8 9
10 9 12 9
12 9 12 14
12 9 10 9
12 9 12 14
14 4 14 3
14 15 14 14
14 15 13 15
15 13 15 10
15 13 14 13
4 10 4 8
4 10 8 10
5 13 5 12
6 3 6 0
6 3 4 3
6 3 13 3
6 3 6 0
6 3 4 3
6 3 13 3
7 1 8 1
8 9 8 10
8 9 10 9
10 10 10 12
10 12 10 10
13 3 13 0
13 3 13 8
13 3 14 3
13 15 13 14
13 15 12 15
13 15 13 14
14 3 14 2
14 3 15 3
14 13 14 10
15 3 15 1
4 3 4 2
4 3 4 6
6 0 5 0
6 0 8 0
7 1 8 1
8 0 8 1
8 0 11 0
8 0 8 1
8 1 11 1
11 1 11 2
13 0 14 0
13 14 13 12
13 14 12 14
14 1 14 0
14 13 14 10
15 0 14 0
4 2 4 0
4 2 3 2
4 2 5 2
5 1 5 0
13 11 13 10
14 10 14 9
14 10 13 10
14 10 15 10
14 10 14 9
15 10 15 8
4 2 4 0
4 2 3 2
13 8 7 8
13 8 14 8
14 8 15 8
4 0 3 0

1219

2   4               4 - - - 5 2 
3     3             5 4 4   | 1 
      2     2 1 1   3 2 ǁ   |   
3   5 = = = = = = = = = 6 3 |   
3 = 6 4 - - 3   3 - 4 = 7 5 |   
2 1 1 ǁ 2   4   1   |   3 2 |   
4 = = 6             |       5 3 
| 2   ǁ 3 3     3   |         2 
4 5   ǁ 2   1   ǁ 3 2         2 
| |   ǁ 4 3     ǁ ǁ           3 
| |   ǁ 3   3 1 ǁ 5 4 = 2       
1 3 1 ǁ         ǁ ǁ             
      ǁ         ǁ 4 = = = = 5 3 
2 - - 6 = = = = 7 - 3 1 1 - 4 4 
3 2 1 4 1 2 6 = 7 2 6 = = 4 3 4 
2 1 - 2 2 = 5 1 2 - 3 - - 4 6 4 
