16 16
3 0 3 0 0 0 0 0 0 0 0 0 4 0 6 2 
2 3 0 0 0 0 0 0 0 0 0 2 0 1 6 2 
0 4 1 2 4 0 0 0 2 1 2 0 0 0 4 0 
0 5 2 1 0 1 1 3 0 0 5 0 4 0 6 0 
0 5 0 0 7 5 0 0 4 2 0 0 0 1 5 0 
0 3 2 0 0 1 1 0 5 3 0 0 0 0 0 0 
5 0 0 0 6 0 0 0 0 0 3 2 0 0 0 1 
3 2 0 0 5 0 0 0 0 0 0 0 5 0 5 4 
2 0 0 0 4 0 0 0 0 3 1 0 0 0 0 0 
0 0 0 0 0 0 0 0 0 2 0 0 0 1 4 3 
0 0 0 0 0 0 0 0 0 0 0 0 0 0 0 0 
3 2 3 0 4 0 3 2 0 0 4 0 6 0 7 2 
4 0 0 0 6 2 0 0 0 0 0 3 6 2 0 0 
2 0 0 0 6 4 0 1 1 0 4 5 6 1 0 0 
2 0 0 0 2 1 4 0 2 0 5 6 3 1 5 3 
0 0 0 0 0 0 0 0 0 0 2 4 0 0 6 4 
100 41
0 14 0 12
0 14 0 15
0 14 1 14
3 1 3 2
3 1 2 1
3 1 4 1
3 14 3 12
3 14 2 14
3 14 4 14
4 4 4 1
4 4 4 5
4 4 2 4
4 4 6 4
4 14 4 13
4 14 3 14
4 14 7 14
6 0 6 4
6 0 1 0
6 0 7 0
11 14 11 12
11 14 11 15
11 14 9 14
11 14 14 14
15 14 15 11
15 14 15 15
15 14 14 14
15 15 15 14
15 15 14 15
0 14 0 12
0 14 0 15
0 14 1 14
3 14 3 12
3 14 2 14
4 14 7 14
5 2 5 1
15 14 15 11
15 14 15 15
5 2 5 1
5 1 4 1
4 1 4 4
4 1 3 1

771

3   3                   4 = 6 2 
2 3                   2   1 6 2 
| 4 1 2 4       2 1 2       4   
| 5 2 1 | 1 1 3     5   4 = 6   
| 5 = = 7 5     4 2       1 5   
| 3 2   | 1 1   5 3         ǁ   
5 - - - 6           3 2     ǁ 1 
3 2     5               5   5 4 
2       4         3 1           
                  2       1 4 3 
                            |   
3 2 3   4   3 2     4   6 - 7 2 
4       6 2           3 6 2 |   
2       6 4   1 1   4 5 6 1 |   
2       2 1 4   2   5 6 3 1 5 3 
                    2 4 = = 6 4 
