16 16
0 2 0 0 4 0 0 0 0 0 3 5 2 2 0 3 
1 2 1 0 4 0 2 0 0 0 0 0 0 0 0 0 
2 4 0 0 0 2 0 0 0 0 0 0 2 1 0 0 
0 0 0 0 0 1 0 0 0 0 0 0 0 0 0 0 
0 0 0 0 0 0 0 0 0 0 0 2 0 0 0 0 
2 0 0 0 0 0 0 0 0 0 0 0 0 0 0 0 
1 2 0 0 0 0 0 0 0 0 4 0 3 1 0 0 
3 3 1 0 1 0 3 1 1 1 0 2 0 0 0 3 
0 2 0 0 0 0 6 0 4 2 0 4 4 4 3 0 
0 0 0 1 0 0 5 2 0 0 0 2 3 2 0 0 
0 5 0 0 0 0 0 0 0 0 5 0 0 0 2 0 
0 3 2 0 4 3 0 0 2 1 0 3 4 0 3 2 
0 2 4 2 0 3 3 0 2 1 0 2 0 2 4 1 
4 0 0 0 5 0 0 0 0 0 4 0 4 2 2 2 
6 0 2 1 3 1 1 0 0 0 4 2 0 0 1 2 
3 0 2 0 3 2 1 0 0 0 3 0 3 4 2 1 
100 21
0 11 0 10
0 11 0 12
0 11 4 11
10 1 10 10
10 1 8 1
10 1 11 1
14 0 14 2
14 0 13 0
14 0 15 0
3 5 2 5
9 3 9 6
9 6 9 7
9 6 8 6
9 6 9 7
9 6 8 6
14 0 14 2
14 0 13 0
14 0 15 0
15 0 15 2
15 2 15 4
2 5 2 1

992

  2     4           3 5 2 2   3 
1 2 1   4   2         |         
2 4 - - - 2           | 2 1     
          1           |         
                      2         
2                               
1 2                 4   3 1     
3 3 1   1   3 1 1 1   2       3 
  2         6   4 2   4 4 4 3   
  |   1 - - 5 2       2 3 2     
  5 - - - - - - - - 5       2   
  3 2   4 3     2 1   3 4   3 2 
  2 4 2   3 3   2 1   2   2 4 1 
4       5           4   4 2 2 2 
6 = 2 1 3 1 1       4 2     1 2 
3 - 2 - 3 2 1       3   3 4 2 1 
