16 16
2 0 3 0 0 4 0 0 2 2 3 2 0 0 3 3 
4 3 0 0 0 5 2 2 0 0 2 0 1 2 0 2 
0 2 0 0 0 4 0 0 0 0 3 4 0 3 0 1 
4 3 0 0 0 0 7 4 0 0 3 0 0 0 0 0 
0 4 0 3 1 0 0 0 0 0 3 5 0 2 0 0 
0 4 3 0 1 0 0 0 0 0 1 0 0 0 0 0 
0 2 0 0 0 0 0 0 0 0 3 8 4 0 0 0 
0 1 0 0 0 0 0 0 0 0 3 0 3 0 0 0 
5 0 0 0 0 0 7 4 0 0 2 0 4 0 3 4 
0 0 0 0 0 0 3 3 0 0 0 0 2 0 3 3 
3 0 0 0 0 0 0 0 5 6 0 5 0 5 6 4 
0 3 0 0 0 2 2 0 4 0 1 4 1 0 0 0 
0 0 0 3 0 5 3 0 0 4 0 4 2 0 0 0 
0 0 0 3 0 5 4 0 0 2 2 3 2 0 0 0 
2 5 0 0 0 0 0 0 5 0 4 3 0 4 5 4 
2 3 0 0 0 0 0 0 3 4 5 4 0 1 0 0 
100 97
3 6 3 1
3 6 3 7
3 6 1 6
3 6 8 6
6 11 6 10
6 11 6 12
6 11 4 11
6 11 10 11
6 11 6 10
6 11 6 12
6 11 4 11
6 11 10 11
6 12 1 12
6 12 7 12
7 12 8 12
8 0 8 6
8 0 3 0
8 0 10 0
13 5 13 3
13 5 13 6
13 5 12 5
14 14 14 13
14 14 14 15
14 14 10 14
14 15 14 14
14 15 10 15
14 15 14 14
15 10 15 9
15 10 15 11
15 10 14 10
2 5 2 1
2 5 1 5
2 5 2 1
2 5 1 5
7 1 6 1
7 12 8 12
8 12 8 14
8 12 9 12
10 13 10 11
10 13 10 14
10 13 14 13
10 14 10 13
10 14 10 15
10 14 9 14
10 14 10 13
10 15 9 15
10 15 9 15
14 13 14 11
14 13 15 13
15 11 15 10
15 11 14 11
15 11 15 10
4 13 2 13
6 1 5 1
9 12 9 14
15 9 15 8
15 9 13 9
15 9 15 8
4 13 2 13
5 1 5 2
5 1 4 1
5 1 5 2
5 2 5 4
14 8 14 1
14 8 11 8
14 8 15 8
14 10 14 11
14 10 13 10
14 10 13 10
4 1 4 3
4 1 3 1
4 1 4 3
4 3 4 4
13 6 13 5
13 6 12 6
13 6 13 5
13 9 12 9
12 9 12 11
12 9 10 9
12 9 12 11
13 3 12 3
13 3 12 3
10 9 10 8
10 9 10 11
10 9 0 9
10 9 10 8
10 9 10 11
11 10 11 11
11 11 11 12
11 11 12 11
11 11 12 11
12 3 12 5
12 12 13 12
12 12 13 12
8 10 7 10
7 10 6 10
7 10 8 10

1100

2   3     4     2 2 3 2     3 3 
4 3       5 2 2   | 2   1 2   2 
  2 = = = 4 |     | 3 4 | 3   1 
4 3 - - - - 7 4   | 3   | ǁ     
| 4 = 3 1   |     | 3 5 | 2     
| 4 3 - 1   |     | 1 ǁ |       
| 2         |     | 3 8 4       
| 1         |     | 3 ǁ 3       
5 - - - - - 7 4   | 2 ǁ 4 - 3 4 
|           3 3   |   ǁ 2 - 3 3 
3               5 6 = 5 - 5 6 4 
  3       2 2   4 | 1 4 1 | | | 
      3 - 5 3   | 4 = 4 2 | | | 
      3 - 5 4   | 2 2 3 2 | | | 
2 5 - - - - - - 5 | 4 3 - 4 5 4 
2 3             3 4 5 4   1     
