16 16
2 3 0 0 0 0 0 0 0 0 0 0 5 2 2 2 
2 4 0 2 0 0 0 0 0 0 0 0 0 0 0 0 
3 6 0 0 0 0 0 0 0 0 0 0 7 0 6 6 
0 0 0 1 0 0 0 2 0 0 0 0 0 0 3 4 
0 0 2 3 4 0 0 5 0 0 2 0 0 3 7 3 
0 0 0 0 3 1 0 0 0 0 0 0 0 0 0 0 
0 0 0 0 0 0 0 0 1 0 5 1 0 0 0 0 
0 0 2 5 0 0 0 6 2 0 0 0 0 0 0 0 
0 0 3 4 0 3 1 0 1 0 0 1 0 0 4 0 
1 0 2 1 0 2 1 0 0 0 0 0 0 0 0 0 
2 6 0 0 0 0 0 7 0 0 5 3 0 0 0 0 
1 6 5 0 0 4 3 0 2 0 5 0 6 6 7 3 
2 0 2 0 1 0 2 0 4 0 5 2 5 0 2 1 
4 7 0 0 0 3 0 0 2 0 0 2 3 6 3 1 
3 3 1 0 0 0 0 5 3 1 6 4 2 4 2 0 
2 2 0 0 0 0 0 2 2 0 1 2 0 0 2 0 
100 103
0 12 0 1
0 12 0 13
0 12 2 12
2 15 2 14
2 15 0 15
2 15 3 15
2 15 2 14
2 15 0 15
2 15 3 15
3 15 3 14
3 15 4 15
4 14 4 13
4 14 4 15
4 14 3 14
4 14 8 14
10 7 10 1
10 7 10 10
10 7 7 7
10 7 14 7
11 2 11 1
11 2 11 5
11 2 12 2
11 14 11 13
11 14 11 15
11 14 8 14
11 14 12 14
13 1 13 0
13 1 13 5
13 1 11 1
13 1 14 1
14 10 14 9
14 10 14 11
14 10 12 10
14 10 15 10
2 14 2 12
2 14 0 14
2 14 3 14
2 14 2 12
4 14 4 13
4 14 4 15
4 14 8 14
8 14 8 11
11 12 11 10
11 12 11 13
11 12 12 12
11 12 11 10
11 12 11 13
11 12 12 12
11 14 11 13
11 14 11 15
11 14 12 14
11 15 12 15
13 15 13 14
14 10 14 11
14 10 12 10
0 14 0 13
2 12 2 1
2 12 0 12
2 12 2 1
4 13 4 10
6 11 6 10
8 8 7 8
10 11 10 10
11 13 13 13
0 12 0 1
1 3 1 1
2 1 2 0
2 1 1 1
2 1 10 1
2 1 2 0
10 1 10 0
10 1 10 7
10 1 11 1
10 1 10 0
10 11 10 10
11 1 11 0
11 1 11 2
11 1 13 1
11 13 13 13
12 0 13 0
13 13 13 12
13 13 13 14
13 13 14 13
13 13 13 12
13 14 14 14
14 13 14 12
14 13 14 14
14 13 14 12
15 14 15 11
15 14 15 11
1 3 1 1
9 0 2 0
10 11 10 10
12 0 13 0
13 0 13 1
14 11 13 11
14 11 13 11
1 1 1 0
13 12 12 12
0 0 0 1
0 0 1 0
12 12 12 11
12 12 12 11

1112

2 3 = = = = = = = = = = 5 2 2 2 
2 4 = 2                 ǁ   | ǁ 
3 6 = = = = = = = = = = 7 = 6 6 
| |   1       2             3 4 
| | 2 3 4     5     2 - - 3 7 3 
| |     3 1                 ǁ   
| |             1   5 1     ǁ   
| | 2 5       6 2           ǁ   
| | 3 4   3 1 | 1     1 - - 4   
1 | 2 1   2 1 |             |   
2 6 = = = = = 7 - - 5 3     |   
1 6 5 - - 4 3 | 2   5 = 6 6 7 3 
2 ǁ 2   1   2 | 4   5 2 5 ǁ 2 1 
4 7 - - - 3   | 2   ǁ 2 3 6 3 1 
3 3 1         5 3 1 6 4 2 4 2   
2 2           2 2   1 2 = = 2   
