16 16
1 2 3 4 0 3 1 0 2 3 0 0 0 3 3 1 
2 2 3 1 0 0 0 0 0 4 4 0 0 0 0 0 
0 0 1 0 0 0 0 0 0 3 2 0 0 2 2 1 
0 0 4 0 0 5 2 0 0 2 0 0 0 0 1 0 
0 0 0 0 0 0 4 0 6 0 0 0 0 4 3 2 
4 0 0 0 0 0 0 0 0 2 2 2 3 2 1 0 
0 0 5 4 1 0 0 0 0 0 0 0 0 2 0 0 
0 0 0 2 1 0 0 0 0 2 0 0 4 2 0 1 
0 0 2 5 2 0 2 0 0 0 0 0 0 0 0 1 
0 0 0 2 0 0 0 0 0 0 0 0 0 0 0 0 
5 5 0 0 0 4 0 0 6 0 0 0 4 4 4 3 
0 0 4 0 0 5 2 1 0 0 0 0 0 0 1 0 
0 2 3 0 0 0 1 1 4 1 0 0 2 0 0 1 
1 2 0 0 0 4 2 0 2 1 0 0 0 5 2 1 
2 3 0 0 0 3 0 5 0 0 0 5 2 2 0 0 
0 0 0 1 0 2 1 3 1 0 0 2 1 0 0 0 
100 17
1 10 1 9
1 10 2 10
6 2 6 3
6 2 3 2
6 2 8 2
10 0 10 1
10 0 5 0
10 0 13 0
14 0 14 1
14 0 14 1
1 10 1 9
1 10 2 10
10 0 10 1
10 0 5 0
5 0 1 0
5 0 1 0
0 0 0 1

990

1 2 3 4   3 1   2 3       3 3 1 
2 2 3 1           4 4           
ǁ   1             3 2     2 2 1 
ǁ   4     5 2     2         1   
ǁ   |       4   6         4 3 2 
4   |             2 2 2 3 2 1   
ǁ   5 4 1                 2     
ǁ   | 2 1         2     4 2   1 
ǁ   2 5 2   2                 1 
ǁ     2                         
5 5       4     6       4 4 4 3 
|   4     5 2 1             1   
| 2 3       1 1 4 1     2     1 
1 2       4 2   2 1       5 2 1 
2 3       3   5       5 2 2     
      1   2 1 3 1     2 1       
