16 16
2 0 0 0 0 0 3 0 0 0 3 0 0 2 2 1 
0 4 0 5 0 5 5 0 0 0 0 0 0 2 0 0 
0 3 0 6 3 0 4 0 0 3 1 0 0 0 2 0 
0 0 0 2 2 0 1 2 0 4 1 0 0 0 0 0 
4 0 0 0 0 8 0 0 0 0 0 0 0 7 6 4 
0 1 2 0 0 5 1 0 4 0 0 4 2 0 0 3 
3 0 0 0 0 0 1 2 0 4 2 0 0 0 0 3 
0 0 1 0 0 0 2 5 3 5 2 0 0 0 4 4 
0 0 0 0 0 0 0 0 1 0 1 0 0 0 0 3 
0 5 0 0 0 6 0 3 1 0 1 0 4 0 1 4 
0 3 5 0 0 6 0 0 0 7 4 0 0 0 1 0 
0 2 5 1 2 5 0 0 2 3 3 0 0 0 3 0 
4 0 0 0 0 0 0 0 0 0 0 5 5 3 0 0 
0 2 0 0 0 0 0 0 0 5 3 2 3 0 7 5 
3 0 0 0 0 0 0 0 0 4 0 0 0 4 3 3 
3 0 0 0 4 0 0 0 0 0 0 4 3 3 3 3 
100 53
1 1 1 3
1 1 2 1
1 5 1 3
1 5 1 6
1 5 4 5
4 5 4 0
4 5 4 13
4 5 1 5
4 5 5 5
9 1 9 5
9 1 5 1
9 1 10 1
10 2 10 1
10 2 10 5
10 2 11 2
10 9 10 5
10 9 10 10
10 9 7 9
10 9 11 9
11 2 11 1
11 2 11 3
11 2 10 2
11 5 11 4
11 5 11 8
11 5 10 5
13 14 13 12
13 14 13 15
13 14 11 14
13 14 14 14
1 1 1 3
1 1 2 1
2 1 2 3
2 3 2 4
2 3 1 3
2 3 3 3
4 5 4 0
4 5 4 13
4 5 5 5
4 13 4 14
4 13 1 13
4 13 12 13
9 1 9 5
9 1 10 1
11 2 11 1
13 1 13 9
13 1 13 9
15 4 15 0
15 4 15 11
15 4 15 0
15 4 15 11
10 2 10 5
11 4 11 5
15 0 14 0

1053

2           3       3     2 2 1 
  4 = 5 - 5 5             2     
  3 - 6 3 ǁ 4     3 1     | 2   
      2 2 ǁ 1 2   4 1     |     
4 = = = = 8 = = = = = = = 7 6 4 
  1 2     5 1   4     4 2 |   3 
3 |         1 2   4 2     |   3 
  | 1       2 5 3 5 2     | 4 4 
  |             1 | 1     |   3 
  5 = = = 6   3 1 | 1   4 | 1 4 
  3 5 = = 6 - - - 7 4     | 1   
  2 5 1 2 5 - - 2 3 3     | 3   
4                     5 5 3 |   
  2 = = = = = = = 5 3 2 3 - 7 5 
3                 4       4 3 3 
3 = = = 4 = = = = = = 4 3 3 3 3 
