16 16
3 2 3 4 0 4 0 0 1 2 4 1 0 1 2 0 
5 0 6 3 3 0 1 3 0 0 5 0 0 3 0 0 
0 2 0 5 5 0 2 4 3 3 0 2 4 3 0 2 
6 4 0 0 2 0 0 0 1 0 0 0 0 0 3 0 
3 0 0 0 1 0 0 0 0 0 0 0 0 0 0 0 
4 0 6 6 0 5 0 0 0 7 7 4 4 0 5 4 
3 2 0 6 2 0 1 0 4 5 3 0 2 1 0 2 
2 0 0 0 0 0 2 0 6 0 0 7 2 0 0 2 
0 2 0 0 0 0 0 0 0 0 0 0 1 0 0 0 
0 0 0 0 0 0 0 0 0 0 0 0 0 2 0 0 
0 1 0 5 2 0 0 0 2 0 0 0 2 0 0 0 
0 0 0 1 0 0 0 0 0 0 0 0 0 0 0 0 
4 0 5 0 0 6 0 0 0 0 0 7 6 3 0 0 
0 1 0 1 0 3 1 1 0 0 0 4 5 2 0 0 
4 5 6 0 0 0 0 0 0 0 0 0 0 0 7 5 
4 3 2 0 0 0 0 0 2 0 0 0 1 1 2 2 
100 27
1 0 1 2
1 0 0 0
1 0 3 0
3 0 3 1
3 0 1 0
3 0 4 0
5 9 5 5
5 9 5 10
5 9 2 9
5 9 6 9
7 11 7 8
7 11 7 12
7 11 5 11
7 11 12 11
14 14 14 2
14 14 14 15
14 14 5 14
14 14 15 14
15 0 15 1
15 0 14 0
3 0 3 1
3 0 4 0
13 12 13 11
13 12 13 13
13 12 12 12
15 0 15 1
15 0 14 0

671

3 2 3 4   4     1 2 4 1   1 2   
5 - 6 3 3   1 3     5     3     
ǁ 2   5 5   2 4 3 3   2 4 3   2 
6 4     2       1 |         3   
3       1         |             
4   6 6   5 - - - 7 7 4 4   5 4 
3 2   6 2   1   4 5 3 | 2 1 | 2 
2           2   6 - - 7 2   | 2 
  2                   | 1   |   
                      |   2 |   
  1   5 2       2     | 2   |   
      1               |     |   
4   5     6           7 6 3 |   
  1   1   3 1 1       4 5 2 |   
4 5 6 - - - - - - - - - - - 7 5 
4 3 2           2       1 1 2 2 
