16 16
2 2 4 2 2 0 5 4 0 0 4 0 6 0 4 4 
4 0 5 0 0 0 6 0 0 0 0 0 7 3 0 0 
3 2 0 0 0 0 0 1 0 0 0 2 0 0 0 0 
2 0 3 3 2 1 0 0 0 0 0 0 0 0 1 0 
0 1 2 0 0 0 0 0 0 0 0 0 0 0 0 0 
0 2 0 7 0 0 7 0 0 0 3 3 0 0 0 0 
3 2 2 3 2 2 0 3 3 0 0 4 0 3 7 4 
3 0 1 0 0 0 0 4 2 3 0 3 0 1 0 0 
4 4 0 0 3 2 0 0 1 0 0 0 0 0 2 0 
0 2 2 0 2 0 0 0 4 6 0 0 5 4 1 0 
4 0 0 0 0 0 5 5 3 0 2 0 2 0 1 0 
0 1 3 0 0 5 0 4 3 0 5 0 0 6 5 2 
0 0 4 0 0 5 1 0 0 5 4 0 0 2 0 0 
0 0 0 0 0 0 0 0 0 1 0 0 0 0 0 0 
4 0 7 3 3 0 0 5 5 0 1 0 0 0 0 0 
3 0 5 0 0 0 0 4 0 0 0 0 0 2 0 0 
100 63
0 6 0 4
0 6 0 7
0 6 1 6
0 12 0 10
0 12 0 14
0 12 1 12
0 15 0 14
0 15 6 15
5 3 5 1
5 3 5 6
5 3 3 3
5 3 6 3
6 14 6 13
6 14 6 15
6 14 3 14
6 14 8 14
11 14 11 13
11 14 11 15
11 14 10 14
12 5 12 2
12 5 12 6
12 5 11 5
12 9 12 10
12 9 9 9
12 9 13 9
14 2 14 0
14 2 14 3
14 2 12 2
14 2 15 2
14 8 14 7
14 8 14 10
14 8 11 8
0 12 0 10
0 12 0 14
0 12 1 12
0 14 0 15
0 15 6 15
1 12 1 6
1 12 1 13
1 12 9 12
3 5 3 4
6 14 6 13
6 14 6 15
6 14 8 14
9 14 9 13
10 6 10 0
10 6 10 7
10 6 5 6
11 1 11 2
11 10 11 13
11 10 10 10
11 10 12 10
11 14 11 13
11 14 11 15
12 5 12 2
12 5 11 5
12 9 12 10
12 9 9 9
14 8 14 7
14 8 11 8
0 10 0 7
0 10 0 7
0 7 0 6

877

2 2 4 2 2 - 5 4 = = 4 = 6 = 4 4 
4   5       6 - - - - - 7 3   ǁ 
3 2           1       2 |     ǁ 
2   3 3 2 1             |   1 ǁ 
  1 2 |                 |   | ǁ 
  2 - 7 - - 7       3 3 |   | ǁ 
3 2 2 3 2 2 | 3 3     4 | 3 7 4 
3   1       | 4 2 3   3 | 1 ǁ   
4 4     3 2 |   1       |   2   
  2 2   2   |   4 6     5 4 1   
4 - - - - - 5 5 3 ǁ 2   2   1   
  1 3     5   4 3 ǁ 5 - - 6 5 2 
    4 = = 5 1   ǁ 5 4     2     
    |           ǁ 1             
4 - 7 3 3     5 5 - 1           
3   5         4           2     
