16 16
2 0 5 0 0 0 0 0 0 0 5 0 0 4 1 0 
2 2 0 1 2 0 0 2 0 1 0 1 1 0 0 0 
1 0 0 0 0 0 0 0 0 0 0 0 0 0 0 1 
2 0 5 0 0 0 0 5 1 0 0 4 3 1 1 0 
0 0 3 1 1 0 0 3 3 3 0 2 0 1 0 0 
3 3 0 0 0 0 0 0 0 0 4 0 5 6 5 2 
2 0 0 0 0 0 0 0 0 0 5 1 0 2 1 1 
0 0 0 0 0 0 0 0 0 0 0 3 4 1 1 0 
0 0 0 0 0 0 0 0 0 0 0 1 2 1 0 0 
0 0 0 1 0 0 0 0 4 0 7 0 0 0 5 4 
0 0 0 2 0 0 0 1 3 0 0 2 3 1 2 0 
0 0 0 0 0 0 0 0 4 2 0 1 0 0 1 0 
3 0 1 4 4 0 0 4 0 0 5 0 3 0 1 0 
1 0 0 0 2 1 3 0 0 0 4 2 4 0 3 0 
1 0 0 3 0 1 2 4 3 0 1 2 4 1 0 2 
0 0 0 1 0 2 0 3 2 0 0 1 2 0 0 0 
100 18
0 2 0 0
0 2 0 10
0 2 3 2
0 13 0 10
0 13 0 14
0 13 3 13
0 13 0 10
2 15 5 15
3 14 5 14
9 10 9 8
9 10 9 14
9 10 6 10
9 10 12 10
11 9 11 8
13 14 13 12
13 14 12 14
13 14 13 12
11 9 11 8

597

2 - 5 - - - - - - - 5 = = 4 1   
2 2 | 1 2     2   1   1 1 |     
1   |                     |   1 
2   5         5 1     4 3 1 1 | 
    3 1 1     3 3 3   2   1 | | 
3 3                 4   5 6 5 2 
2                   5 1   2 1 1 
                    | 3 4 1 1   
                    | 1 2 1     
      1         4 - 7 - - - 5 4 
      2       1 3   | 2 3 1 2   
                4 2 | 1     1   
3   1 4 4     4     5   3   1   
1       2 1 3       4 2 4 = 3   
1     3   1 2 4 3   1 2 4 1   2 
      1   2   3 2     1 2       
