16 16
1 3 2 0 0 0 0 0 4 0 4 0 0 6 3 2 
1 0 0 0 0 0 0 0 0 0 1 0 0 0 1 1 
2 6 0 0 0 0 0 0 6 0 0 0 0 6 5 1 
1 4 0 0 0 0 3 2 0 2 0 1 1 2 3 2 
1 0 1 3 0 3 1 1 0 3 0 0 0 0 3 2 
0 1 0 2 0 3 0 3 0 0 0 0 0 0 0 1 
0 1 5 0 0 0 2 0 0 0 0 0 0 0 0 1 
0 0 2 0 0 0 0 0 0 4 0 0 1 0 0 0 
3 0 0 0 0 0 5 4 0 0 0 2 4 2 0 0 
0 3 0 3 1 0 0 1 0 0 0 0 1 0 0 0 
2 0 1 0 2 1 0 0 0 4 0 5 1 0 0 2 
0 5 3 1 2 0 4 3 0 0 0 6 2 0 0 0 
0 0 1 3 0 0 2 1 0 1 0 3 1 0 0 0 
0 0 0 3 0 1 0 0 0 0 0 0 0 0 0 0 
3 4 0 0 0 0 0 0 5 0 0 0 0 0 4 2 
3 0 0 2 1 2 0 0 4 0 3 0 1 1 3 1 
100 38
0 13 0 10
0 13 0 14
0 13 2 13
0 13 0 10
0 13 0 14
0 13 2 13
0 15 0 14
0 15 1 15
1 14 2 14
2 13 2 8
2 13 2 14
2 13 3 13
2 13 2 8
2 14 2 15
2 14 3 14
2 14 3 14
11 1 11 2
11 1 9 1
11 1 14 1
0 10 0 8
0 10 1 10
2 8 2 1
2 8 0 8
2 8 14 8
2 8 2 1
11 11 11 12
11 11 10 11
11 11 12 11
11 11 11 12
11 11 10 11
11 11 12 11
0 8 0 2
0 8 0 2
2 1 2 0
2 1 0 1
2 1 3 1
2 1 2 0
0 1 0 0

947

1 3 2 = = = = = 4 - 4 = = 6 3 2 
1 |             |   1     ǁ 1 1 
2 6 = = = = = = 6 = = = = 6 5 1 
1 4         3 2 | 2   1 1 2 3 2 
1   1 3   3 1 1 | 3         3 2 
  1   2   3   3 |             1 
  1 5       2   |             1 
    2           | 4     1       
3           5 4 |     2 4 2     
  3   3 1     1 |       1       
2 | 1   2 1     | 4   5 1     2 
  5 3 1 2   4 3 |     6 2       
  | 1 3     2 1 | 1   3 1       
  |   3   1     |               
3 4             5           4 2 
3     2 1 2     4   3   1 1 3 1 
