16 16
1 0 1 0 5 0 0 0 0 4 3 2 3 2 2 2 
0 0 2 0 4 0 0 0 0 0 0 3 7 0 7 6 
3 0 0 0 0 0 0 0 0 6 7 3 0 1 3 5 
2 2 1 0 0 0 0 0 0 0 0 2 0 5 3 0 
0 6 5 0 0 3 2 0 0 0 4 5 0 2 0 4 
0 0 2 0 0 2 0 1 0 0 3 3 0 0 0 2 
0 4 0 0 0 0 0 0 0 6 0 0 7 0 6 4 
0 0 0 0 1 0 0 3 0 0 3 0 8 0 5 0 
0 0 0 0 0 0 0 0 0 0 0 1 0 0 0 0 
4 6 0 0 0 0 0 7 1 0 4 2 0 0 0 3 
3 2 0 0 0 0 0 2 0 0 0 1 0 0 4 3 
3 0 1 0 0 0 0 0 0 0 0 4 6 0 3 2 
2 0 0 0 0 0 0 0 0 5 0 4 0 4 3 2 
0 0 0 0 0 0 0 0 1 2 0 4 5 5 4 2 
0 0 0 2 0 0 0 0 3 0 5 5 4 2 2 0 
0 0 0 2 1 0 0 0 1 0 2 1 2 1 0 0 
100 105
0 4 0 2
0 4 0 9
0 4 1 4
1 12 1 11
1 12 1 14
1 12 0 12
1 12 6 12
1 15 1 14
1 15 0 15
1 15 2 15
1 15 1 14
1 15 0 15
1 15 2 15
2 10 2 9
2 10 2 11
2 10 0 10
2 10 4 10
3 13 3 14
3 13 2 13
3 13 4 13
4 1 4 2
4 1 3 1
4 1 6 1
4 1 4 2
4 1 3 1
4 1 6 1
4 11 4 10
4 11 3 11
4 11 5 11
6 1 6 9
6 1 9 1
6 9 6 12
6 9 2 9
6 9 12 9
6 9 6 12
6 9 2 9
7 12 7 10
7 12 7 14
7 12 6 12
7 12 11 12
7 12 7 10
7 12 7 14
7 12 6 12
7 12 11 12
8 11 9 11
9 1 9 0
9 1 9 7
9 1 10 1
9 1 9 0
9 1 9 7
9 7 9 8
9 7 7 7
9 7 10 7
11 2 11 0
11 12 11 11
11 12 11 14
11 12 13 12
11 12 11 11
12 13 12 14
12 13 13 13
12 13 12 14
12 13 13 13
0 0 2 0
0 4 0 9
0 4 1 4
0 9 0 10
0 9 2 9
1 4 1 2
4 6 4 5
5 7 5 5
7 4 7 7
7 7 9 7
7 10 9 10
9 0 3 0
9 0 10 0
9 7 10 7
9 10 9 11
9 10 14 10
9 10 14 10
10 1 10 0
10 11 11 11
11 11 12 11
12 9 12 0
12 9 13 9
12 9 12 0
12 9 13 9
12 11 13 11
13 8 14 8
1 4 1 2
3 0 2 0
3 2 4 2
4 6 4 5
10 0 11 0
12 11 13 11
2 0 2 9
2 9 2 10
12 11 13 11
13 11 13 12
14 11 14 10
14 11 14 12
14 11 15 11
14 11 14 10
14 11 14 12
15 10 15 8
15 10 14 10

1007

1   1 - 5 = = = = 4 3 2 3 2 2 2 
|   2 = 4         | | 3 7 - 7 6 
3 - - - - - - - - 6 7 3 | 1 3 5 
2 2 1             ǁ | 2 | 5 3   
| 6 5     3 2     ǁ 4 5 | 2   4 
| ǁ 2     2 - 1   ǁ 3 3 |     2 
| 4 - - - - - - - 6 = = 7   6 4 
| |     1 - - 3   | 3 = 8 = 5   
| |           ǁ   | | 1 ǁ       
4 6 = = = = = 7 1 | 4 2 ǁ     3 
3 2           2   | ǁ 1 ǁ   4 3 
3 - 1             | ǁ 4 6 - 3 2 
2 = = = = = = = = 5 ǁ 4 | 4 3 2 
                1 2 ǁ 4 5 5 4 2 
      2         3   5 5 4 2 2   
      2 1       1 - 2 1 2 1     
