16 16
3 0 4 0 0 4 0 0 0 0 3 0 2 0 3 2 
3 1 2 1 1 0 2 0 2 1 0 2 4 3 0 2 
1 0 2 0 0 0 0 1 6 3 0 0 0 0 0 0 
1 0 4 0 3 0 3 1 0 1 0 0 0 0 0 2 
1 2 0 1 0 0 1 0 0 0 0 0 0 0 0 0 
0 0 0 0 0 4 0 0 6 2 0 0 0 0 0 0 
0 0 0 0 0 0 0 2 0 0 0 0 0 0 0 0 
0 0 3 3 0 4 0 6 4 4 0 0 0 0 0 0 
5 5 1 2 0 2 1 3 1 2 0 0 0 0 0 0 
0 2 1 1 0 0 0 2 1 0 0 0 0 0 0 0 
3 0 0 0 5 0 0 0 0 0 7 4 0 1 0 0 
4 0 0 3 4 5 1 0 0 0 0 0 0 0 0 0 
3 2 1 0 1 2 0 0 0 0 0 0 0 0 2 3 
2 0 0 4 0 0 0 0 0 0 4 0 2 2 2 0 
2 1 0 6 0 0 0 2 1 0 3 4 0 1 1 1 
2 1 0 3 0 0 0 0 1 1 2 3 0 1 0 0 
100 12
8 0 8 1
8 0 4 0
8 0 10 0
10 10 10 4
10 10 10 11
10 10 0 10
10 10 13 10
11 5 11 4
11 5 11 6
11 5 12 5
8 0 8 1
8 0 10 0

1146

3   4     4         3   2   3 2 
3 1 2 1 1   2   2 1 | 2 4 3   2 
1   2         1 6 3 |           
1   4   3   3 1   1 |         2 
1 2   1     1       |           
|         4     6 2 |           
|             2     |           
|   3 3   4   6 4 4 |           
5 5 1 2   2 1 3 1 2 |           
ǁ 2 1 1       2 1   |           
3       5 - - - - - 7 4   1     
4     3 4 5 1       |           
3 2 1   1 2         |       2 3 
2     4             4   2 2 2   
2 1   6       2 1   3 4   1 1 1 
2 1   3         1 1 2 3   1     
