16 16
0 1 2 0 0 4 0 0 0 0 0 0 0 0 4 0 
4 5 0 2 0 0 4 0 0 2 0 2 0 0 7 2 
0 0 0 0 0 0 0 0 0 0 1 3 0 2 0 0 
4 5 0 0 0 0 7 0 0 4 4 5 2 6 0 0 
0 2 1 3 4 0 0 1 2 2 4 0 0 0 0 0 
0 0 0 0 2 0 0 3 7 0 0 7 0 4 0 0 
3 5 0 0 0 0 0 4 3 0 0 0 0 0 0 1 
2 0 0 0 0 0 0 2 0 0 0 0 0 0 0 0 
2 0 3 4 0 0 5 0 0 0 0 8 0 0 6 3 
4 8 0 0 0 0 0 0 0 0 0 7 3 2 0 0 
2 5 0 5 0 0 0 2 0 2 0 8 0 3 1 2 
1 0 3 8 0 0 0 0 2 0 0 0 2 0 2 0 
2 0 1 0 0 0 1 0 5 0 0 5 4 5 5 0 
0 0 4 4 0 0 0 0 2 0 0 0 2 3 4 5 
4 5 6 3 0 0 0 0 2 0 0 6 0 0 1 1 
0 2 2 3 0 2 0 0 0 0 0 4 0 4 2 0 
100 167
0 14 0 5
0 14 1 14
0 14 0 5
0 14 1 14
1 0 1 1
1 0 3 0
1 0 1 1
1 0 3 0
1 14 1 11
1 14 1 15
1 14 8 14
3 0 3 1
3 0 6 0
3 6 3 1
3 6 3 9
3 6 1 6
3 6 8 6
3 13 3 12
3 13 2 13
3 13 5 13
3 13 3 12
3 13 2 13
3 13 5 13
4 4 4 3
4 4 5 4
4 4 4 3
4 4 5 4
4 10 4 9
4 10 3 10
4 10 4 9
4 10 3 10
5 8 5 7
5 8 5 11
5 8 4 8
5 8 6 8
5 13 5 11
5 13 9 13
6 1 6 0
6 1 4 1
6 1 9 1
8 11 8 6
8 11 5 11
8 11 9 11
8 11 8 6
8 11 5 11
8 11 9 11
8 11 9 11
8 14 8 15
8 14 1 14
8 14 10 14
8 14 8 15
8 14 8 15
9 1 9 0
9 1 9 11
9 1 6 1
9 1 10 1
10 3 10 1
10 3 10 7
10 3 11 3
10 11 10 9
10 11 10 13
10 11 9 11
10 11 12 11
10 11 10 9
10 11 10 13
10 11 9 11
10 11 12 11
10 15 13 15
10 15 13 15
11 3 11 2
11 3 11 8
11 3 10 3
11 3 13 3
11 3 11 2
11 3 11 8
11 3 10 3
12 6 12 8
12 8 12 11
12 8 13 8
12 14 12 13
12 14 11 14
12 14 13 14
13 15 13 14
13 15 14 15
13 15 13 14
14 0 14 1
14 0 12 0
14 0 14 1
14 0 12 0
0 5 0 2
3 11 3 10
3 11 2 11
3 11 5 11
5 11 5 8
5 11 3 11
6 15 1 15
7 7 6 7
8 11 9 11
9 12 9 13
10 13 12 13
11 12 12 12
11 14 12 14
12 8 12 11
12 8 13 8
13 3 13 2
13 3 14 3
13 3 13 2
0 5 0 2
1 14 1 11
2 11 2 10
2 11 3 11
3 10 3 9
7 7 6 7
11 12 12 12
13 2 12 2
13 2 14 2
14 2 14 1
14 2 14 3
14 2 15 2
14 2 14 1
14 2 14 3
14 8 14 11
14 8 14 11
14 11 14 14
14 11 12 11
14 11 15 11
14 11 15 11
15 1 15 2
15 1 14 1
15 3 15 5
15 11 15 5
15 11 15 13
15 13 15 14
15 14 15 13
0 1 1 1
3 9 3 6
3 9 1 9
6 7 6 8
6 7 5 7
6 8 5 8
10 1 10 0
10 1 9 1
11 2 11 0
12 12 12 13
12 12 13 12
13 12 13 13
13 14 13 13
1 9 1 6
10 1 10 0
12 13 12 14
12 13 13 13
1 6 1 3
1 6 3 6
9 0 9 1
9 0 8 0
9 0 9 1
1 3 1 1
3 1 3 6
3 1 1 1
3 1 4 1
6 1 6 0
7 0 8 0
8 6 8 3
8 6 8 3
8 3 8 2
8 3 4 3
4 2 8 2

1166

  1 2 = = 4 = = = = = = = = 4   
4 5 - 2 - - 4 - - 2   2 = = 7 2 
ǁ |         ǁ     | 1 3   2 ǁ | 
4 5 = = = = 7 = = 4 4 5 2 6 ǁ | 
| 2 1 3 4   | 1 2 2 4 ǁ   ǁ ǁ | 
| | | | 2   | 3 7 = = 7 - 4 ǁ | 
3 5 | |     | 4 3     ǁ   | ǁ 1 
2 ǁ | |     | 2       ǁ   | ǁ   
2 ǁ 3 4 = = 5 = = = = 8   | 6 3 
4 8 - - - - - - - - - 7 3 2 |   
2 5 - 5 - - - 2   2 = 8 = 3 1 2 
1 - 3 8 = = = = 2     ǁ 2 | 2 ǁ 
2   1 |     1 - 5 = = 5 4 5 5 ǁ 
ǁ   4 4         2     | 2 3 4 5 
4 5 6 3         2 = = 6 - - 1 1 
  2 2 3 - 2 - - - - - 4 - 4 2   
