16 16
0 2 0 4 0 0 0 0 0 0 3 1 4 2 3 1 
0 0 0 0 0 1 0 3 0 0 7 0 4 0 6 4 
2 0 0 5 0 0 0 4 3 0 0 0 0 2 0 2 
0 1 0 0 3 2 3 0 0 0 0 1 0 0 0 2 
0 0 0 0 0 1 0 0 0 0 0 0 0 0 0 4 
0 2 0 6 8 6 4 0 0 0 0 4 5 3 0 0 
0 3 0 7 5 3 0 0 0 0 0 2 0 2 5 4 
0 0 1 5 2 0 0 0 3 0 6 4 0 1 0 3 
0 1 4 0 0 0 0 6 2 0 0 0 0 1 0 3 
0 0 2 1 0 0 0 4 2 2 5 0 0 0 0 2 
4 0 0 6 0 0 0 2 1 0 6 4 0 0 0 0 
4 4 2 7 0 0 0 0 0 0 3 1 0 0 0 0 
0 2 0 1 0 0 0 0 0 0 0 0 0 0 0 0 
4 0 0 0 0 0 0 0 0 0 0 0 4 0 0 0 
5 0 0 4 2 3 3 3 0 0 4 0 5 3 4 3 
2 0 0 4 0 5 0 0 0 0 4 0 1 1 3 3 
100 41
1 10 1 7
1 10 1 12
1 10 0 10
1 10 7 10
4 15 3 15
4 15 6 15
4 15 3 15
4 15 6 15
5 4 5 3
5 4 5 5
5 4 3 4
5 4 6 4
6 3 6 1
6 3 6 4
6 3 5 3
6 3 7 3
11 3 11 2
11 3 11 10
11 3 10 3
11 3 12 3
12 1 11 1
12 1 11 1
14 0 14 3
14 0 13 0
14 0 15 0
15 5 15 3
15 5 15 10
15 5 14 5
3 11 5 11
5 4 5 3
5 4 5 5
5 4 3 4
5 4 6 4
5 6 5 5
5 6 3 6
5 6 5 5
5 6 3 6
11 3 11 2
11 3 11 10
11 3 10 3
3 6 3 5

737

  2   4             3 1 4 2 3 1 
          1   3 - - 7 - 4   6 4 
2     5       4 3   |     2   2 
  1     3 2 3       | 1       2 
        ǁ 1 ǁ       | |       4 
  2   6 8 6 4       | 4 5 3   ǁ 
  3 - 7 5 3         | 2   2 5 4 
    1 5 2       3   6 4   1   3 
  1 4         6 2         1   3 
    2 1       4 2 2 5         2 
4     6       2 1   6 4         
4 4 2 7 = = = = = = 3 1         
  2   1                         
4                       4       
5 - - 4 2 3 3 3     4   5 3 4 3 
2     4 - 5 - - - - 4   1 1 3 3 
