16 16
2 0 0 0 0 0 0 0 0 0 3 1 0 3 2 2 
0 1 3 0 0 4 2 0 5 4 0 2 0 0 0 0 
0 3 4 0 0 8 5 0 6 6 0 0 0 0 3 2 
0 3 3 5 2 0 0 0 0 0 0 0 0 0 0 2 
0 2 0 0 2 0 0 0 1 0 0 5 0 5 4 3 
0 0 0 0 0 0 0 0 0 0 0 0 0 0 3 1 
2 0 5 6 5 0 5 4 1 0 0 0 0 0 4 4 
4 3 3 0 0 0 2 1 0 0 0 0 0 0 3 5 
0 0 0 0 1 0 0 0 0 2 0 0 0 0 0 0 
4 0 0 2 0 0 0 0 0 0 0 4 0 0 0 2 
0 0 0 0 0 0 0 0 0 0 0 2 0 0 0 2 
4 0 0 0 0 6 0 0 0 0 7 0 0 6 6 4 
2 3 2 1 0 3 3 1 4 4 0 3 3 2 0 1 
1 0 0 0 0 2 3 0 5 3 0 0 1 0 6 1 
4 0 0 0 0 5 0 0 0 0 5 4 0 0 4 1 
3 0 1 1 0 3 0 0 1 2 5 0 0 0 2 0 
100 60
1 8 1 6
1 8 1 9
1 8 2 8
2 5 2 2
2 5 2 6
2 5 1 5
2 5 11 5
3 3 3 2
3 3 3 4
3 3 6 3
6 4 6 3
6 4 4 4
6 4 8 4
6 6 6 7
6 6 2 6
6 6 7 6
6 7 6 6
6 7 6 8
6 7 7 7
7 15 7 14
7 15 6 15
7 15 9 15
11 10 11 5
11 10 11 13
11 10 0 10
11 10 14 10
12 9 12 8
12 9 13 9
12 9 12 8
12 9 13 9
13 14 13 12
13 14 13 15
13 14 11 14
13 14 14 14
14 15 14 14
15 0 15 2
15 0 14 0
15 0 14 0
15 10 15 9
15 10 15 14
15 10 14 10
2 5 2 2
2 5 2 6
2 5 1 5
2 5 11 5
2 9 2 8
2 9 1 9
2 9 8 9
2 9 2 8
2 9 1 9
2 9 8 9
4 8 2 8
4 11 4 13
4 11 1 11
4 11 9 11
7 6 6 6
12 15 11 15
13 14 11 14
13 14 14 14
1 9 1 8

1015

2                   3 1   3 2 2 
  1 3     4 2 - 5 4 | 2         
  3 4 = = 8 5   6 6 | |     3 2 
  3 3 5 2 ǁ |   | ǁ | |       2 
  2   | 2 ǁ |   1 ǁ | 5 - 5 4 3 
      | | ǁ |     ǁ | |     3 1 
2   5 6 5 ǁ 5 4 1 ǁ | |     4 4 
4 3 3   | ǁ 2 1   ǁ | |     3 5 
        1 ǁ       2 | |       | 
4     2   ǁ         | 4       2 
          ǁ         | 2       2 
4         6 - - - - 7 - - 6 6 4 
2 3 2 1   3 3 1 4 4 | 3 3 2 ǁ 1 
1         2 3   5 3 |   1 - 6 1 
4         5         5 4     4 1 
3 - 1 1   3     1 2 5 - - - 2   
