16 16
2 0 6 0 0 0 0 0 0 0 6 0 0 5 2 0 
3 3 0 2 4 0 0 4 0 2 0 2 2 0 0 0 
2 0 0 0 0 0 0 0 0 0 0 0 0 0 0 2 
2 0 6 0 0 0 0 8 2 0 0 5 4 1 2 0 
0 0 4 2 2 0 0 5 3 4 0 2 0 2 0 0 
3 4 0 0 0 0 0 0 0 0 6 0 7 7 7 4 
4 0 0 0 0 0 0 0 0 0 6 1 0 3 1 2 
0 0 0 0 0 0 0 0 0 0 0 4 5 2 1 0 
0 0 0 0 0 0 0 0 0 0 0 2 2 1 0 0 
0 0 0 2 0 0 0 0 6 0 8 0 0 0 6 6 
0 0 0 2 0 0 0 2 4 0 0 3 4 2 3 0 
0 0 0 0 0 0 0 0 4 2 0 2 0 0 2 0 
5 0 1 6 6 0 0 6 0 0 6 0 4 0 1 0 
2 0 0 0 2 2 6 0 0 0 6 2 6 0 3 0 
1 0 0 5 0 2 4 5 3 0 2 3 6 2 0 2 
0 0 0 2 0 3 0 3 2 0 0 2 2 0 0 0 
100 111
0 2 0 0
0 2 0 10
0 2 3 2
0 10 0 2
0 10 0 13
0 10 5 10
0 13 0 10
0 13 0 14
0 13 3 13
0 13 0 14
2 15 5 15
3 7 3 2
3 7 3 8
3 7 1 7
3 7 4 7
3 11 3 12
3 11 1 11
3 11 4 11
3 14 5 14
3 14 5 14
5 12 5 10
5 12 5 13
5 12 3 12
5 12 7 12
5 14 5 13
5 14 5 15
5 14 6 14
9 10 9 8
9 10 9 14
9 10 6 10
9 10 12 10
9 15 9 14
9 15 6 15
9 15 14 15
11 9 11 8
12 0 12 2
12 0 6 0
12 0 13 0
12 3 12 4
12 3 10 3
12 3 14 3
13 6 13 5
13 6 13 10
13 6 14 6
13 14 13 12
13 14 12 14
13 14 13 12
14 7 14 6
14 7 14 8
14 7 15 7
0 2 0 0
0 2 3 2
0 10 5 10
1 3 1 4
2 15 5 15
3 7 3 2
3 7 3 8
3 7 1 7
3 7 4 7
4 2 4 3
4 2 3 2
4 9 4 8
4 9 1 9
4 9 4 8
4 9 1 9
4 11 3 11
4 13 5 13
5 14 5 13
5 14 5 15
6 15 9 15
9 10 9 8
9 10 9 14
9 10 6 10
9 10 12 10
9 15 9 14
9 15 14 15
11 9 11 8
12 0 6 0
12 0 13 0
12 3 12 4
12 3 10 3
12 3 14 3
12 7 12 4
12 7 12 10
12 7 10 7
12 7 12 4
12 7 12 10
12 7 10 7
13 6 13 5
13 6 13 10
13 6 14 6
14 0 14 3
14 13 14 12
1 3 1 4
1 4 1 7
1 7 1 4
4 2 4 3
4 2 3 2
4 13 5 13
9 3 9 8
9 3 9 8
10 8 9 8
10 8 11 8
10 8 9 8
10 8 11 8
12 4 13 4
13 4 12 4
14 13 14 12
4 4 4 7
4 8 4 7
4 4 4 7

1148

2 = 6 = = = = = = = 6 = = 5 2   
3 3 ǁ 2 4 = = 4   2 ǁ 2 2 |     
2   ǁ         ǁ   ǁ ǁ |   |   2 
2   6 = = = = 8 2 ǁ ǁ 5 4 1 2 ǁ 
    4 2 2 = = 5 3 4 ǁ 2 | 2 ǁ ǁ 
3 4                 6 - 7 7 7 4 
4                   6 1 | 3 1 2 
ǁ                   ǁ 4 5 2 1 ǁ 
ǁ                   ǁ 2 2 1   ǁ 
ǁ     2 = = = = 6 = 8 = = = 6 6 
ǁ     2       2 4   ǁ 3 4 2 3 ǁ 
ǁ     ǁ       ǁ 4 2 ǁ 2     2 ǁ 
5 - 1 6 6 = = 6 = = 6   4   1 ǁ 
2     ǁ 2 2 6 = = = 6 2 6 = 3 ǁ 
1 - - 5   2 4 5 3   2 3 6 2   2 
      2   3   3 2     2 2       
