16 16
2 0 4 0 0 0 0 0 0 0 0 0 1 2 3 2 
1 2 0 0 0 1 0 0 4 0 0 3 2 0 0 1 
2 4 0 0 0 0 0 0 1 0 0 0 0 2 0 1 
0 2 0 0 0 0 0 0 0 0 0 0 0 1 0 0 
4 0 5 0 0 0 0 0 0 0 0 6 5 3 5 3 
0 1 0 2 0 0 0 0 0 1 0 0 0 0 0 1 
0 2 0 0 0 1 0 0 0 0 0 0 3 3 0 3 
0 0 0 0 0 0 0 0 0 0 0 0 0 1 0 0 
4 2 0 3 0 6 0 0 0 0 0 3 4 2 0 0 
3 1 0 4 1 3 2 0 0 0 1 2 3 1 0 0 
4 2 0 3 0 0 0 1 0 0 0 0 0 0 0 0 
4 0 4 0 0 0 0 0 0 0 0 0 0 0 6 4 
4 2 0 2 4 0 0 4 3 1 1 0 2 1 0 1 
1 1 0 1 2 2 1 0 2 2 1 0 0 0 0 0 
3 0 5 0 0 0 0 4 0 0 0 0 5 3 4 3 
3 1 3 2 1 1 0 3 0 0 0 1 2 2 1 0 
100 14
1 8 1 5
1 8 1 11
1 8 2 8
1 8 1 11
14 15 14 14
14 15 12 15
14 15 14 14
15 0 15 1
15 0 14 0
15 0 14 0
11 15 11 14
11 15 6 15
11 15 11 14
11 15 6 15

521

2   4                   1 2 3 2 
1 2       1 - - 4 = = 3 2     1 
2 4             1         2   1 
  2                       1     
4   5                 6 5 3 5 3 
  1   2           1           1 
  2       1             3 3   3 
                          1   ǁ 
4 2   3   6           3 4 2   ǁ 
3 1   4 1 3 2       1 2 3 1   ǁ 
4 2   3       1               ǁ 
4   4                       6 4 
4 2   2 4     4 3 1 1   2 1   1 
1 1   1 2 2 1   2 2 1         | 
3   5         4         5 3 4 3 
3 1 3 2 1 1   3       1 2 2 1   
