16 16
4 0 0 0 0 0 0 0 0 0 3 1 2 4 3 1 
0 3 0 0 0 0 4 6 4 0 5 2 1 0 4 2 
0 0 3 1 0 0 0 5 6 2 0 1 0 5 6 2 
0 0 0 0 0 0 0 0 0 0 0 2 2 0 5 2 
0 0 5 2 0 0 0 0 0 0 0 0 0 0 0 0 
0 0 0 0 0 0 0 3 6 3 0 3 3 0 0 0 
0 0 0 0 0 0 0 1 2 3 0 0 2 0 0 2 
0 0 0 0 0 0 0 0 0 2 0 0 1 0 0 0 
0 4 5 0 0 0 7 0 0 0 7 6 0 6 6 5 
4 2 2 0 1 0 5 0 5 3 0 0 1 0 0 3 
3 1 3 0 0 0 0 0 5 6 3 0 0 0 5 4 
2 0 2 2 0 0 0 0 3 3 2 0 0 0 3 0 
0 0 2 2 0 0 0 0 0 0 0 5 3 4 4 4 
0 0 5 0 0 4 0 3 0 0 0 5 0 2 1 3 
0 0 2 0 0 3 0 0 0 4 0 6 0 0 2 4 
2 3 0 0 0 0 0 0 0 0 0 3 1 0 0 1 
100 61
0 0 0 10
0 0 9 0
0 0 0 10
0 0 9 0
1 7 1 6
1 7 1 8
1 7 2 7
1 7 1 6
1 7 1 8
1 7 2 7
1 8 1 10
1 8 2 8
2 2 2 3
2 2 4 2
2 2 4 2
2 8 2 7
2 8 2 9
2 8 5 8
2 8 2 7
2 8 2 9
5 8 5 7
5 8 5 9
5 8 6 8
5 8 5 7
5 8 5 9
8 6 8 2
8 6 8 10
8 6 1 6
8 6 9 6
8 15 8 14
8 15 6 15
8 15 9 15
9 0 9 1
9 0 10 0
9 6 9 4
9 6 9 8
9 6 8 6
13 2 13 5
13 2 12 2
13 2 14 2
1 6 1 1
2 7 5 7
4 3 4 2
6 7 6 8
8 6 8 2
8 6 8 10
8 10 8 11
8 10 1 10
8 10 10 10
9 6 9 8
1 1 8 1
1 1 8 1
4 3 4 2
5 9 6 9
6 9 7 9
7 9 6 9
8 1 8 2
8 1 9 1
4 2 8 2
8 2 9 2
9 2 10 2

853

4 = = = = = = = = = 3 1 2 4 3 1 
ǁ 3 - - - - 4 6 4 - 5 2 1   4 2 
ǁ ǁ 3 1     | 5 6 2 | 1   5 6 2 
ǁ ǁ ǁ       | | |   | 2 2   5 2 
ǁ ǁ 5 2     | | |   |           
ǁ ǁ |       | 3 6 3 | 3 3       
ǁ ǁ |       | 1 2 3 |   2     2 
ǁ ǁ |       |     2 |   1     | 
ǁ 4 5 = = = 7 = = = 7 6   6 6 5 
4 2 2   1 - 5 = 5 3 |   1     3 
3 1 3           5 6 3       5 4 
2   2 2         3 3 2       3   
    2 2               5 3 4 4 4 
    5 - - 4   3       5   2 1 3 
    2     3       4   6     2 4 
2 3                   3 1     1 
