16 16
2 3 0 0 0 2 0 2 2 3 0 0 0 0 3 1 
2 4 0 0 0 0 1 0 3 0 0 0 0 0 6 2 
1 0 2 0 5 2 1 0 1 0 0 0 0 0 0 1 
2 5 0 0 7 2 1 0 0 0 0 2 0 0 0 0 
0 0 2 0 0 1 0 0 0 0 0 0 0 0 0 0 
1 0 3 0 6 7 3 0 0 0 0 0 2 1 0 0 
2 0 1 0 0 4 1 2 0 0 0 3 0 0 0 0 
3 0 2 0 3 1 1 2 0 1 0 2 0 0 0 0 
0 0 2 0 4 2 0 6 0 0 0 6 4 1 0 0 
4 3 2 0 5 2 2 0 1 0 0 3 1 0 0 0 
0 2 1 0 1 1 2 0 0 1 0 0 2 0 0 0 
4 0 0 0 0 0 0 4 0 0 0 0 3 1 0 0 
0 0 0 2 0 4 1 0 0 0 0 0 0 0 0 0 
3 0 0 0 0 5 3 0 0 0 0 0 0 0 0 0 
3 3 2 1 0 0 0 4 0 0 0 0 0 0 4 3 
1 1 2 0 1 2 0 4 0 1 0 1 0 0 2 1 
100 13
2 4 2 2
2 4 2 5
2 4 3 4
5 5 5 4
5 5 5 6
5 5 4 5
5 5 6 5
13 6 13 5
13 6 12 6
13 6 13 5
5 5 5 4
5 5 5 6
5 5 6 5

930

2 3       2   2 2 3         3 1 
2 4         1   3           6 2 
1   2 - 5 2 1   1             1 
2 5     7 2 1         2         
    2     1                     
1   3   6 7 3           2 1     
2   1     4 1 2       3         
3   2   3 1 1 2   1   2         
    2   4 2   6       6 4 1     
4 3 2   5 2 2   1     3 1       
  2 1   1 1 2     1     2       
4             4         3 1     
      2   4 1                   
3         5 3                   
3 3 2 1       4             4 3 
1 1 2   1 2   4   1   1     2 1 
