16 16
1 1 3 0 0 3 0 0 4 0 0 0 0 0 4 0 
0 0 1 0 0 0 0 0 3 0 1 0 1 1 0 0 
3 4 0 0 0 4 0 0 0 0 0 0 3 2 0 0 
0 0 1 1 1 0 2 2 4 1 3 0 3 5 7 1 
1 0 2 4 2 0 5 0 3 1 1 0 0 0 0 1 
0 0 2 0 1 0 0 0 0 0 0 0 0 0 0 0 
2 4 4 4 3 0 4 0 0 4 1 1 0 0 0 0 
0 1 2 0 0 0 4 1 0 0 2 0 0 0 4 2 
0 0 1 0 0 0 3 1 0 0 0 0 0 0 1 0 
0 2 0 5 0 6 0 0 0 5 6 2 0 3 1 0 
0 2 2 0 1 0 0 0 0 0 3 1 0 0 2 0 
0 1 1 0 0 0 2 0 0 5 1 0 0 0 0 0 
3 5 1 4 3 0 1 0 0 2 0 0 0 0 0 0 
1 2 0 2 1 0 0 0 0 0 0 0 0 0 0 0 
3 0 0 0 0 6 0 0 0 0 0 0 3 0 4 0 
1 0 0 0 0 3 0 2 0 0 0 0 2 1 2 1 
100 12
0 14 0 8
0 14 3 14
0 14 0 8
0 14 3 14
3 14 3 13
3 14 3 15
3 14 7 14
4 15 7 15
0 8 0 5
0 8 1 8
3 14 3 13
3 14 7 14

936

1 1 3     3 - - 4 = = = = = 4   
    1           3   1   1 1 ǁ   
3 4       4             3 2 ǁ   
    1 1 1   2 2 4 1 3   3 5 7 1 
1   2 4 2   5   3 1 1       ǁ 1 
    2   1                   ǁ | 
2 4 4 4 3   4     4 1 1     ǁ | 
  1 2       4 1     2       4 2 
    1       3 1             1   
  2   5   6       5 6 2   3 1   
  2 2   1           3 1     2   
  1 1       2     5 1           
3 5 1 4 3   1     2             
1 2   2 1                       
3         6             3   4   
1         3   2         2 1 2 1 
