16 16
4 0 3 0 0 0 0 0 0 2 2 3 0 0 2 1 
3 0 0 0 0 1 0 0 0 0 0 2 0 0 0 0 
1 0 2 0 0 0 0 0 0 5 5 0 0 0 4 4 
3 0 0 2 2 4 0 4 4 0 0 1 0 3 0 0 
0 3 2 0 0 2 1 0 4 0 0 0 0 5 3 0 
0 2 0 5 0 0 0 4 3 0 0 0 0 0 1 0 
0 2 0 6 0 0 0 6 1 0 2 0 0 2 2 0 
0 1 0 3 0 2 0 3 1 0 3 4 2 0 0 0 
4 0 0 0 0 0 0 0 0 5 6 0 0 0 7 4 
0 0 0 0 0 0 2 2 0 0 5 4 3 2 2 0 
0 0 1 0 3 0 6 8 3 0 5 5 6 5 0 0 
0 0 0 0 2 0 0 2 1 0 0 3 0 2 0 0 
0 0 2 0 0 0 4 0 0 5 4 5 6 0 4 0 
0 2 0 0 0 0 3 2 0 5 2 2 0 0 0 0 
4 0 0 0 0 0 0 0 0 0 0 0 5 3 0 0 
2 0 1 2 0 0 0 0 0 4 0 0 3 3 3 0 
100 72
0 0 0 2
0 0 1 0
0 0 0 2
0 0 1 0
3 13 3 11
3 13 4 13
3 13 4 13
8 14 8 10
8 14 8 15
8 14 6 14
8 14 9 14
8 15 8 14
8 15 2 15
8 15 8 14
10 7 10 6
10 7 10 8
10 7 9 7
10 7 11 7
10 7 10 6
10 7 10 8
10 7 9 7
10 7 11 7
10 13 10 12
10 13 9 13
10 13 11 13
11 4 10 4
11 4 10 4
2 15 2 14
2 15 0 15
2 15 2 14
3 8 3 7
3 8 4 8
3 8 3 7
3 8 4 8
7 11 7 10
7 11 7 12
7 11 7 10
7 11 7 12
9 10 9 11
9 10 8 10
9 10 10 10
10 6 10 4
10 6 9 6
10 6 12 6
10 6 9 6
3 7 3 5
3 7 5 7
4 6 4 5
4 8 4 13
4 8 5 8
8 9 8 0
8 9 8 10
8 9 12 9
10 2 12 2
10 8 11 8
13 1 13 6
2 9 2 2
2 9 2 10
2 9 0 9
3 5 3 4
3 5 4 5
3 5 3 4
12 2 12 6
12 6 12 9
12 6 13 6
13 1 13 6
13 7 13 9
13 7 13 9
1 5 1 0
1 11 0 11
0 2 0 9
1 11 0 11

1112

4 = 3 - - - - - - 2 2 3     2 1 
3 - - - - 1       |   2       | 
1   2 - - - - - - 5 5       4 4 
3     2 2 4 - 4 4     1 - 3   | 
  3 2     2 1 | 4 - - - - 5 3 | 
  2   5       4 3           1 | 
  2   6       6 1   2     2 2 | 
  1   3   2   3 1   3 4 2   | | 
4 - - - - - - - - 5 6 - - - 7 4 
            2 2   | 5 4 3 2 2   
    1   3 - 6 8 3 | 5 5 6 5     
    |   2   | 2 1 |   3   2     
    2 - - - 4 - - 5 4 5 6   4   
  2 = = = = 3 2 = 5 2 2         
4                       5 3     
2   1 2           4     3 3 3   
