16 16
2 0 0 5 0 0 0 4 0 0 0 0 3 2 0 0 
0 2 1 0 3 5 1 0 2 3 0 0 0 0 0 0 
0 0 0 0 0 5 2 0 4 7 0 0 4 0 0 0 
3 0 0 0 0 0 0 0 2 2 0 2 0 0 2 0 
4 4 2 0 0 0 0 0 0 3 3 0 0 0 0 0 
4 0 0 8 7 5 0 6 0 3 0 0 0 0 0 0 
0 1 2 0 3 0 0 0 1 0 4 0 0 0 0 0 
0 4 4 0 0 0 0 0 0 0 0 0 0 0 4 3 
0 0 0 0 0 0 1 0 0 0 0 0 0 0 0 3 
0 5 0 6 4 0 0 0 0 0 0 0 0 0 0 0 
0 0 0 0 2 0 2 7 0 0 5 3 0 3 3 2 
0 3 3 0 1 0 1 0 0 1 0 0 5 4 1 1 
3 5 3 0 0 0 0 6 0 6 4 1 0 3 2 0 
1 5 0 4 2 0 0 5 1 0 4 2 0 2 2 0 
1 0 0 0 0 5 4 5 0 6 3 2 7 0 4 2 
0 0 0 0 0 2 4 4 1 4 0 0 3 0 1 0 
100 127
0 3 0 0
0 3 0 7
0 3 5 3
1 5 1 4
1 5 1 6
1 5 2 5
2 9 2 8
2 9 2 12
2 9 1 9
2 9 3 9
5 3 5 0
5 3 5 4
5 3 0 3
5 3 9 3
9 1 9 3
9 1 7 1
9 1 11 1
10 7 10 6
10 7 10 10
10 7 5 7
10 7 12 7
13 1 13 0
13 1 13 3
13 1 12 1
14 0 14 5
14 12 14 11
14 12 14 14
14 12 11 12
14 12 15 12
1 5 1 4
1 5 2 5
5 3 5 0
5 3 5 4
5 3 9 3
5 4 5 5
5 4 1 4
5 4 6 4
7 2 7 1
7 2 6 2
7 2 7 1
7 2 6 2
9 3 9 1
9 3 9 4
9 3 13 3
9 4 6 4
9 4 10 4
9 4 6 4
12 7 12 9
12 7 10 7
12 7 13 7
12 7 12 9
12 7 13 7
12 9 12 10
12 9 11 9
12 9 14 9
12 9 12 10
13 1 13 3
13 1 12 1
13 3 13 4
14 9 14 7
14 9 14 10
14 9 15 9
14 9 14 7
14 9 14 10
15 9 15 8
15 9 15 12
15 9 15 12
15 14 14 14
5 0 4 0
5 0 12 0
5 4 5 5
6 1 7 1
9 1 11 1
12 0 12 1
12 0 12 1
13 8 13 7
14 12 14 11
14 12 14 14
14 12 11 12
14 14 14 15
14 15 11 15
15 7 15 6
15 7 14 7
15 7 15 6
15 7 14 7
4 0 4 1
4 0 3 0
4 0 4 1
4 1 4 2
4 1 1 1
4 2 1 2
5 4 5 5
13 7 13 4
13 7 14 7
14 5 14 6
14 5 15 5
14 5 14 6
14 5 15 5
14 6 15 6
14 10 13 10
15 6 14 6
3 0 0 0
13 10 13 11
13 10 12 10
13 10 13 11
0 3 0 7
0 7 0 12
0 7 5 7
5 7 5 5
5 7 5 9
5 7 10 7
5 7 5 5
5 9 4 9
6 8 6 10
6 10 4 10
6 10 10 10
6 10 4 10
8 6 10 6
10 4 11 4
10 7 10 10
12 10 12 11
2 5 2 6
2 6 2 5
4 10 4 9
5 9 4 9
10 10 10 11
10 10 10 11

1053

2 - - 5 = = = 4 - - - - 3 2     
| 2 1 ǁ 3 5 1 | 2 3             
| | | ǁ | 5 2 | 4 7 - - 4       
3 | | ǁ |     | 2 2   2     2   
4 4 2 ǁ |     |   3 3           
4 = = 8 7 5 = 6 - 3 ǁ           
| 1 2 ǁ 3     ǁ 1 - 4           
| 4 4 ǁ ǁ     ǁ     |       4 3 
| |   ǁ ǁ   1 ǁ     |         3 
| 5 = 6 4   | ǁ     |           
| ǁ   | 2   2 7 = = 5 3   3 3 2 
| 3 3 | 1   1 ǁ   1     5 4 1 1 
3 5 3 |       6 = 6 4 1 ǁ 3 2 | 
1 5 = 4 2 - - 5 1 | 4 2 ǁ 2 2 | 
1 - - - - 5 4 5 = 6 3 2 7 = 4 2 
          2 4 4 1 4 = = 3   1   
