16 16
2 0 3 3 0 0 4 3 0 0 0 4 0 6 6 3 
3 3 0 2 2 1 0 3 3 0 0 2 0 0 3 1 
0 4 0 2 0 0 4 0 0 0 0 0 0 6 6 2 
5 5 0 3 2 0 0 3 0 3 0 2 0 0 0 2 
0 1 0 0 0 0 0 0 2 3 0 0 0 0 0 4 
4 0 6 0 0 0 5 4 0 0 0 5 1 0 0 0 
0 1 0 0 0 0 0 2 0 3 0 0 0 5 0 0 
0 0 0 0 0 0 0 0 0 0 0 0 0 0 0 0 
4 4 0 0 0 0 0 0 0 0 0 0 0 2 0 0 
0 3 0 0 0 0 0 2 0 0 1 0 0 2 0 4 
0 0 0 0 0 0 0 5 0 4 0 0 2 2 0 0 
2 4 0 0 0 0 4 5 3 2 3 5 4 0 0 0 
2 2 0 2 3 0 5 4 0 3 0 5 5 0 6 5 
4 0 5 0 0 0 0 0 5 3 1 0 4 2 4 0 
5 0 0 0 0 0 0 0 0 0 0 6 4 0 5 5 
3 1 0 0 0 1 0 0 0 0 0 2 2 1 1 1 
100 71
0 13 0 11
0 13 0 14
0 13 2 13
0 13 0 11
0 13 0 14
0 13 2 13
0 14 0 15
0 14 1 14
0 15 0 14
0 15 1 15
2 13 2 6
2 13 2 14
2 13 6 13
2 13 2 6
2 14 2 15
2 14 1 14
2 14 12 14
2 14 2 15
2 14 1 14
3 0 3 1
3 0 1 0
3 0 5 0
3 15 4 15
4 15 3 15
4 15 9 15
4 15 9 15
6 13 6 9
6 13 8 13
9 15 12 15
10 7 10 9
10 7 9 7
10 7 11 7
11 11 11 10
11 11 11 12
11 11 12 11
12 6 12 4
12 6 12 7
12 6 11 6
12 14 12 12
12 14 12 15
12 14 13 14
12 14 12 12
12 14 12 15
13 2 13 0
13 2 13 8
13 2 5 2
13 14 13 13
13 14 14 14
13 14 13 13
14 0 14 11
14 0 13 0
14 0 15 0
14 15 14 14
14 15 12 15
14 15 15 15
15 0 15 1
15 0 14 0
15 5 15 11
0 11 0 7
0 11 1 11
1 11 1 8
5 11 5 7
5 11 5 12
5 11 3 11
6 13 6 9
6 13 8 13
9 15 12 15
14 15 14 14
1 8 1 7
14 15 14 14
1 8 1 7

954

2   3 3     4 3 - - - 4 = 6 6 3 
3 3   2 2 1   3 3 - - 2   ǁ 3 1 
| 4   2     4 = = = = = = 6 6 2 
5 5   3 2     3   3   2   | | 2 
| 1             2 3   |   | | 4 
4   6       5 4 - - - 5 1 | | ǁ 
  1 |         2   3 = = = 5 | ǁ 
    |                     ǁ | ǁ 
4 4 |                     2 | ǁ 
  3 |         2     1     2 | 4 
    |         5 - 4     2 2 | ǁ 
2 4 |       4 5 3 2 3 5 4   | ǁ 
2 2 | 2 3 - 5 4   3   5 5 = 6 5 
4 - 5 - - - - - 5 3 1   4 2 4 | 
5 - - - - - - - - - - 6 4   5 5 
3 1       1 - - - - - 2 2 1 1 1 
