16 16
0 2 2 4 0 4 3 1 4 0 0 6 0 0 3 2 
0 0 2 6 2 0 5 3 6 2 1 0 0 0 1 0 
4 8 0 6 2 0 2 0 3 1 0 0 0 0 4 4 
3 0 4 5 0 8 0 7 0 5 2 0 0 0 0 2 
1 0 2 1 2 4 2 0 0 4 2 0 0 0 0 0 
2 8 0 0 8 0 0 7 0 0 0 7 0 0 7 4 
0 0 0 0 0 0 0 0 0 0 0 0 0 0 0 0 
0 0 0 0 0 0 0 0 0 0 0 4 2 0 0 0 
0 0 0 0 0 2 0 0 0 0 0 1 0 0 0 0 
0 0 0 0 0 0 0 0 3 0 0 5 2 0 3 2 
0 0 0 0 0 0 0 0 2 0 0 0 0 0 2 0 
3 8 2 0 0 4 0 8 0 0 0 5 0 0 3 1 
1 5 4 1 0 4 0 7 1 0 2 0 0 0 0 0 
0 2 3 1 0 2 0 0 3 5 3 0 0 0 0 0 
3 0 0 0 6 1 2 8 5 2 0 1 0 0 0 0 
4 0 2 2 6 2 0 2 2 0 0 0 0 0 0 0 
100 114
0 11 0 8
0 11 0 14
0 11 5 11
2 0 2 1
2 0 3 0
2 1 2 0
2 1 2 3
2 1 0 1
2 1 5 1
3 2 3 3
3 2 4 2
3 2 3 3
3 2 4 2
3 5 3 3
3 5 3 7
3 5 0 5
3 5 4 5
5 1 5 0
5 1 5 4
5 1 2 1
5 1 11 1
5 4 5 1
5 4 5 7
5 4 4 4
5 4 14 4
5 14 5 11
5 14 5 15
5 14 2 14
5 14 9 14
11 1 11 0
11 1 11 2
11 1 5 1
11 1 12 1
11 7 11 5
11 7 11 11
11 7 5 7
11 7 12 7
12 7 12 5
12 7 12 8
12 7 11 7
12 7 14 7
12 10 13 10
13 9 13 8
13 9 13 10
13 9 14 9
14 7 14 6
14 7 14 8
14 7 12 7
14 7 15 7
15 0 15 2
15 0 14 0
15 4 15 3
15 4 15 5
15 4 14 4
0 11 0 8
0 11 0 14
0 11 5 11
1 6 1 7
1 6 0 6
1 6 2 6
2 0 2 1
3 0 4 0
3 5 3 3
3 5 3 7
3 5 0 5
3 5 4 5
3 7 3 9
3 7 1 7
3 7 5 7
4 6 4 5
4 9 4 10
4 9 3 9
4 9 4 10
4 9 3 9
5 1 5 0
5 4 5 7
5 4 4 4
5 4 14 4
8 5 11 5
11 0 11 1
11 0 12 0
11 1 11 2
11 1 12 1
11 7 11 5
11 7 11 11
11 7 5 7
12 7 12 5
12 10 13 10
14 7 14 6
14 7 14 8
14 7 15 7
15 0 15 2
15 0 14 0
15 4 15 3
15 4 15 5
15 4 14 4
15 8 14 8
15 8 14 8
2 6 1 6
4 3 3 3
4 5 4 6
8 5 11 5
12 5 13 5
14 0 14 4
14 4 14 5
2 3 2 1
2 3 2 4
2 3 1 3
12 5 13 5
0 1 0 2
2 3 2 4
2 3 1 3
1 4 1 3
1 4 1 3

3134

  2 2 4   4 3 1 4 = = 6 = = 3 2 
  | 2 6 2 ǁ 5 3 6 2 1 ǁ     1   
4 8 = 6 2 ǁ 2 | 3 1   ǁ     4 4 
3 ǁ 4 5 = 8 = 7 - 5 2 ǁ     | 2 
1 ǁ 2 1 2 4 2 |   4 2 ǁ     |   
2 8 = = 8 = = 7       7 - - 7 4 
  ǁ     ǁ     ǁ             |   
  ǁ     ǁ     ǁ       4 2   |   
  ǁ     ǁ 2   ǁ       1     |   
  ǁ     ǁ ǁ   ǁ 3     5 2   3 2 
  ǁ     ǁ ǁ   ǁ 2           2   
3 8 2   ǁ 4 = 8 = = = 5     3 1 
1 5 4 1 ǁ 4 = 7 1   2           
  2 3 1 ǁ 2   ǁ 3 5 3           
3 - - - 6 1 2 8 5 2   1         
4 = 2 2 6 2   2 2               
