16 16
2 0 0 5 2 1 3 2 0 0 0 0 0 3 2 1 
3 1 0 0 1 0 3 0 0 0 0 0 0 5 2 1 
0 0 0 2 0 0 0 0 2 1 2 1 0 0 1 0 
4 0 0 0 0 0 0 0 5 0 6 3 0 0 0 0 
0 2 4 0 4 1 3 1 0 0 0 3 0 4 4 2 
0 0 2 0 0 0 0 0 0 0 0 0 0 0 2 1 
0 4 0 0 4 1 0 0 0 0 0 0 1 0 1 0 
1 0 0 0 2 0 4 2 0 0 0 0 0 0 4 1 
2 3 0 0 1 0 0 0 0 0 0 3 2 0 0 0 
0 0 0 0 0 0 0 1 0 0 2 2 1 0 0 0 
0 0 0 0 0 0 0 0 0 2 0 5 4 0 0 0 
0 0 0 0 0 0 0 0 0 1 0 1 1 0 0 0 
5 5 0 0 0 0 0 0 5 0 0 0 0 6 5 2 
2 0 1 0 3 0 1 0 0 2 5 2 1 2 1 2 
3 3 3 0 4 0 0 0 4 0 5 0 0 0 4 6 
2 2 2 2 3 0 0 0 3 1 3 0 0 0 1 2 
100 16
0 3 0 0
0 3 0 4
0 3 2 3
10 12 10 11
10 12 9 12
10 12 11 12
10 12 10 11
12 0 12 1
12 0 8 0
12 0 13 0
14 15 14 14
14 15 13 15
14 15 15 15
14 15 14 14
14 15 13 15
14 15 15 15

1319

2 - - 5 2 1 3 2           3 2 1 
3 1   | 1   3             5 2 1 
      2         2 1 2 1     1   
4               5   6 3         
  2 4   4 1 3 1       3   4 4 2 
    2                       2 1 
  4     4 1             1   1   
1       2   4 2             4 1 
2 3     1             3 2       
|             1     2 2 1       
|                 2   5 4       
|                 1   1 1       
5 5             5         6 5 2 
2   1   3   1     2 5 2 1 2 1 2 
3 3 3   4       4   5       4 6 
2 2 2 2 3       3 1 3       1 2 
