16 16
2 2 3 0 0 3 3 4 0 0 0 0 0 0 4 1 
0 2 0 2 1 0 0 0 1 0 3 0 5 0 4 3 
0 0 0 0 0 0 0 0 2 3 0 1 0 3 2 4 
0 4 2 4 2 0 3 0 0 0 0 0 0 0 0 0 
0 0 0 0 0 0 2 0 0 0 0 0 0 4 4 3 
0 3 0 5 0 6 5 0 0 0 4 3 0 2 0 2 
0 0 2 0 0 0 0 0 0 0 4 3 0 1 0 0 
0 0 0 0 0 0 0 0 3 7 0 0 7 0 7 5 
0 0 4 0 0 0 0 0 1 0 2 0 0 0 0 0 
0 2 0 0 0 0 3 0 1 0 0 0 0 0 0 0 
0 4 3 0 4 5 2 0 0 0 0 0 0 2 0 0 
0 3 1 0 2 1 0 0 3 7 7 2 0 0 0 0 
3 0 0 7 0 0 0 6 4 5 3 0 0 0 0 3 
3 3 4 5 0 1 0 0 2 4 2 0 0 0 0 0 
5 0 0 0 0 0 0 5 0 0 0 0 4 4 5 3 
3 0 0 1 2 3 0 3 0 2 3 0 5 2 4 3 
100 51
1 12 1 10
1 12 1 14
1 12 7 12
7 9 7 8
7 9 7 12
7 9 2 9
7 9 11 9
7 14 7 12
7 14 7 15
7 14 4 14
7 14 14 14
8 10 11 10
10 13 14 13
11 11 11 10
12 3 12 0
12 3 12 7
12 3 5 3
12 3 13 3
13 2 13 1
13 2 13 3
13 2 13 1
13 2 13 3
14 0 14 7
14 0 13 0
14 0 15 0
15 0 15 3
15 0 14 0
15 4 15 5
15 12 15 10
15 12 15 13
15 12 14 12
5 6 5 5
5 6 4 6
5 6 9 6
6 10 6 11
6 10 5 10
6 10 6 11
6 10 5 10
6 11 5 11
6 13 5 13
8 2 6 2
8 2 10 2
8 2 6 2
8 2 10 2
8 10 11 10
10 13 14 13
11 11 11 10
13 1 13 0
15 4 15 5
15 5 15 7
5 13 4 13

628

2 2 3     3 3 4             4 1 
  2   2 1       1   3 - 5 - 4 3 
                2 3   1 | 3 2 4 
  4 2 4 2   3     |     |       
            2     |     | 4 4 3 
  3   5   6 5     | 4 3 | 2 | 2 
    2 |     |     | 4 3 | 1 |   
    ǁ |     |   3 7 - - 7 - 7 5 
    4 |     |   1 | 2       |   
  2 ǁ |     3   1 | ǁ       |   
  4 3 | 4 5 2     | ǁ     2 |   
  3 1 | 2 1     3 7 7 2   ǁ |   
3 - - 7 - - - 6 4 5 3     ǁ | 3 
3 3 4 5   1     2 4 2     ǁ |   
5 - - - - - - 5         4 4 5 3 
3 - - 1 2 3 - 3   2 3 - 5 2 4 3 
