16 16
2 1 3 0 5 0 0 0 0 6 6 0 4 2 2 1 
0 2 0 0 4 0 0 2 1 0 2 2 6 4 0 0 
6 0 0 0 0 0 0 0 0 7 0 0 0 0 6 2 
0 4 0 3 2 6 0 3 0 0 4 0 0 3 0 2 
0 2 0 0 2 6 2 0 0 0 0 1 0 3 0 0 
0 4 0 7 0 0 0 6 1 0 0 0 0 0 4 3 
0 0 0 0 0 2 0 7 2 0 2 0 0 0 0 0 
0 0 0 0 2 0 4 5 2 0 0 0 0 0 2 0 
0 3 1 0 0 0 0 3 1 0 0 0 0 0 2 0 
0 0 0 0 0 0 0 1 0 4 0 0 0 6 6 2 
0 0 0 0 2 0 6 0 0 3 2 0 0 5 2 0 
6 0 0 7 0 0 0 0 0 7 0 0 0 6 2 0 
0 2 2 0 0 0 2 0 0 8 2 2 0 0 2 0 
0 0 0 0 0 0 2 0 0 6 4 4 0 0 0 0 
6 6 5 6 0 0 0 0 0 0 3 0 0 5 5 1 
2 2 1 4 2 0 0 0 0 0 4 2 0 3 2 0 
100 107
0 4 0 2
0 4 0 9
0 4 1 4
0 9 0 4
0 9 0 10
0 9 2 9
0 10 0 9
0 10 0 12
0 10 1 10
1 12 1 11
1 12 1 13
1 12 0 12
2 0 2 9
2 0 0 0
2 0 11 0
3 1 3 3
3 1 4 1
3 1 3 3
3 1 4 1
3 5 3 4
3 5 3 7
3 5 4 5
5 1 5 3
5 1 8 1
6 7 6 5
6 7 6 8
6 7 5 7
6 7 7 7
11 0 11 3
11 0 2 0
11 0 14 0
11 9 11 3
11 9 11 13
11 9 10 9
11 9 12 9
12 9 12 6
12 9 12 10
12 9 11 9
12 9 13 9
13 9 13 6
13 9 13 10
13 9 12 9
14 0 14 1
14 0 11 0
14 0 15 0
0 9 0 10
1 8 1 7
1 12 1 11
1 12 1 13
1 12 0 12
2 0 2 9
2 0 0 0
2 9 2 14
2 9 9 9
3 5 3 4
3 5 3 7
3 5 4 5
3 7 5 7
3 10 3 13
3 10 6 10
3 10 3 13
3 10 6 10
4 6 4 5
4 11 4 13
5 1 5 3
5 1 8 1
5 3 5 7
5 3 3 3
5 3 11 3
5 7 5 3
5 7 5 8
5 7 6 7
6 5 6 7
8 1 8 2
10 6 10 4
10 6 10 9
10 6 7 6
10 6 10 4
10 6 10 9
10 6 7 6
10 10 10 13
11 0 11 3
11 9 11 3
11 9 11 13
12 9 12 6
12 9 12 10
13 6 13 9
13 9 13 10
14 0 14 1
14 0 15 0
1 7 1 4
1 10 0 10
1 13 0 13
2 9 2 14
2 9 9 9
4 4 4 5
4 6 4 5
5 3 11 3
7 4 7 6
10 10 10 13
11 3 14 3
14 3 14 2
14 3 14 10
14 3 15 3
0 12 0 13
4 4 4 5
7 4 7 6

1661

2 1 3 - 5 = = = = 6 6 - 4 2 2 1 
ǁ 2     4 - - 2 1 | 2 2 6 4     
6 = = = = = = = = 7 = = = = 6 2 
ǁ 4 = 3 2 6 = 3   ǁ 4 = = 3   2 
ǁ 2   | 2 6 2 |   ǁ ǁ 1 - 3     
ǁ 4 = 7 = = = 6 1 ǁ ǁ       4 3 
ǁ ǁ   ǁ   2 = 7 2 ǁ 2           
ǁ ǁ   ǁ 2 = 4 5 2 ǁ         2   
ǁ 3 1 ǁ     ǁ 3 1 ǁ         2   
ǁ     ǁ     ǁ 1   4       6 6 2 
ǁ     ǁ 2 = 6 = = 3 2 = = 5 2   
6 = = 7 = = = = = 7 = = = 6 2   
ǁ 2 2 |     2 = = 8 2 2     2   
ǁ     |     2 = = 6 4 4         
6 6 5 6 - - - - - - 3     5 5 1 
2 2 1 4 2           4 2   3 2   
