16 16
3 4 4 2 3 1 0 0 0 2 0 0 3 1 0 2 
6 5 5 0 6 0 0 0 0 0 0 0 5 0 3 5 
0 0 0 0 0 1 1 0 0 0 0 0 6 5 3 0 
0 0 0 0 0 3 4 4 2 0 0 0 0 0 3 0 
0 0 0 0 0 4 4 7 5 1 0 0 0 0 0 0 
0 0 4 3 0 0 0 5 0 4 2 0 0 0 0 0 
4 0 4 5 0 0 0 0 0 1 1 0 0 0 0 0 
0 0 0 0 0 0 0 3 0 0 2 0 0 0 0 0 
2 0 0 1 0 0 0 0 0 0 0 0 0 0 0 0 
2 0 1 0 0 4 0 0 0 0 0 0 0 3 0 4 
0 0 0 0 0 2 0 0 0 0 0 0 0 1 0 2 
6 5 0 0 5 0 3 0 0 0 0 0 5 0 5 3 
0 4 4 4 0 4 5 5 0 4 1 0 3 2 3 2 
4 3 1 2 0 2 0 3 1 0 1 0 0 3 1 0 
3 4 0 0 6 0 6 0 0 4 2 2 1 0 1 0 
2 5 4 0 6 3 4 0 0 0 0 0 0 4 2 0 
100 141
1 0 1 1
1 0 0 0
1 0 6 0
1 0 1 1
1 0 0 0
1 0 6 0
1 15 1 14
1 15 0 15
1 15 9 15
4 7 4 6
4 7 4 8
4 7 3 7
4 7 5 7
6 0 6 2
6 0 8 0
11 0 11 1
11 0 9 0
11 0 13 0
11 0 11 1
11 0 9 0
11 0 13 0
13 0 13 1
13 0 14 0
15 1 15 0
15 1 15 2
15 1 14 1
15 4 15 2
15 4 15 5
15 4 14 4
15 4 15 2
15 4 15 5
15 4 14 4
0 0 0 1
0 1 0 2
0 1 1 1
0 1 0 2
0 2 0 3
0 2 1 2
1 1 1 2
8 0 8 3
14 4 14 1
14 4 14 6
14 4 11 4
14 4 14 1
14 6 14 9
14 6 12 6
14 6 15 6
14 6 14 9
14 6 12 6
14 9 14 10
14 9 12 9
14 11 14 10
14 11 14 12
15 2 15 1
15 5 15 6
15 6 15 13
15 6 15 13
15 13 15 14
15 13 13 13
15 14 14 14
1 1 1 2
6 2 6 3
6 2 5 2
6 2 6 3
6 3 6 9
6 3 5 3
6 3 5 3
11 4 11 1
11 4 11 6
11 4 11 1
11 4 11 6
12 3 12 2
12 3 13 3
12 3 12 2
12 3 13 3
12 5 12 6
12 5 13 5
12 5 12 6
12 5 13 5
12 9 12 7
12 9 12 10
12 9 12 7
13 8 13 7
13 10 13 13
14 0 14 1
14 0 15 0
1 4 1 2
1 4 1 12
1 4 0 4
1 4 1 2
1 4 1 12
1 4 0 4
4 5 4 6
4 5 3 5
4 5 4 6
4 5 3 5
4 6 4 7
5 2 5 3
5 7 5 9
5 7 4 7
5 7 5 9
5 7 4 7
5 9 5 10
5 9 4 9
5 10 6 10
7 10 7 7
7 10 7 7
9 2 9 5
9 5 9 13
9 5 10 5
9 5 9 13
10 5 10 13
11 1 12 1
11 12 11 6
11 12 11 14
11 12 12 12
12 1 12 2
12 1 13 1
12 1 12 2
12 6 12 7
12 7 13 7
13 1 13 2
13 7 12 7
0 3 0 4
0 5 0 9
0 9 0 12
2 12 2 6
2 12 2 13
2 12 1 12
2 12 2 13
2 12 1 12
3 6 3 5
3 6 3 7
3 6 3 7
3 7 3 6
4 8 3 8
0 12 0 13
0 12 1 12
0 15 1 15
2 12 2 13
4 8 3 8

966

3 4 4 2 3 1 - - - 2 - - 3 1   2 
6 5 5 = 6 = = = = = = = 5   3 5 
ǁ         1 1 - - - - - 6 5 3 | 
ǁ         3 4 4 2           3 | 
ǁ         4 4 7 5 1           | 
ǁ   4 3       5 = 4 2         | 
4 - 4 5 - - - - - 1 1         | 
|             3 = = 2         | 
2 - - 1                       | 
2   1 - - 4 = = = = = = = 3   4 
ǁ         2 - - - - - - - 1   2 
6 5 = = 5 = 3 - - - - - 5 - 5 3 
ǁ 4 4 4 | 4 5 5 = 4 1   3 2 3 2 
4 3 1 2 | 2 ǁ 3 1 | 1 - - 3 1   
3 4 = = 6 - 6 = = 4 2 2 1 | 1   
2 5 4 = 6 3 4 = = = = = = 4 2   
