16 16
2 4 2 0 0 0 3 0 0 4 0 0 0 3 1 1 
0 0 3 4 0 0 6 1 0 0 3 0 0 0 3 0 
0 0 4 3 0 0 5 2 0 0 4 0 2 0 0 0 
0 0 2 0 0 0 0 0 0 0 2 0 1 0 0 0 
5 8 0 6 0 0 0 0 0 6 0 0 0 0 6 4 
0 0 2 0 0 2 1 5 2 0 2 0 3 1 0 0 
0 0 0 0 0 0 0 0 0 0 0 0 0 0 0 0 
3 0 0 0 0 0 0 0 0 0 0 0 0 0 0 0 
2 0 0 0 4 7 0 3 0 0 0 0 0 0 0 3 
0 0 0 0 0 0 0 0 0 0 0 0 0 0 0 1 
0 0 0 0 6 7 0 0 0 7 0 0 5 2 0 1 
4 7 5 0 5 2 3 4 2 0 0 0 0 3 6 3 
2 1 3 0 3 0 6 5 2 4 3 0 0 1 1 0 
3 3 4 0 0 1 0 2 3 1 0 0 0 3 0 3 
4 0 0 6 0 5 7 2 3 3 3 0 5 4 3 3 
2 0 0 3 1 1 2 0 0 0 0 0 1 0 1 0 
100 116
4 0 4 1
4 0 0 0
4 0 7 0
4 1 4 0
4 1 4 3
4 1 0 1
4 1 11 1
4 1 4 0
4 1 4 3
4 1 0 1
4 3 4 9
4 3 2 3
4 3 14 3
4 3 4 9
4 9 4 14
4 9 0 9
4 9 10 9
4 9 4 14
4 14 4 15
4 14 1 14
4 14 11 14
4 14 4 15
4 15 0 15
4 15 8 15
5 2 11 2
5 7 5 6
5 7 5 8
5 7 8 7
7 0 8 0
7 0 8 0
8 4 8 5
8 4 10 4
8 4 8 5
8 4 10 4
8 5 8 7
8 5 5 5
8 5 10 5
8 15 9 15
10 4 10 5
10 4 11 4
10 9 10 5
10 9 10 12
10 9 12 9
10 15 11 15
11 0 11 1
11 0 12 0
11 0 11 1
11 0 12 0
11 1 11 2
11 1 12 1
11 1 11 2
11 1 11 2
11 14 11 13
11 14 11 15
11 14 12 14
13 2 13 1
13 2 12 2
13 2 13 1
13 2 12 2
14 3 14 0
14 3 14 5
14 3 15 3
14 3 14 0
14 3 14 5
14 6 14 5
14 6 14 7
14 6 12 6
14 6 15 6
0 0 0 1
0 1 0 2
0 9 0 6
0 9 0 13
0 9 0 6
0 13 0 14
1 14 1 10
1 14 1 10
2 6 2 3
2 6 2 7
2 6 1 6
3 2 2 2
5 2 11 2
5 5 8 5
5 7 5 8
5 7 8 7
5 10 5 12
8 5 10 5
10 4 10 5
10 4 11 4
10 9 10 5
10 9 10 12
10 9 12 9
11 14 11 13
11 14 11 15
13 1 13 0
14 0 13 0
14 0 15 0
15 0 15 3
15 3 15 4
1 10 2 10
2 10 2 12
2 10 3 10
2 10 2 12
3 2 2 2
3 10 3 12
5 10 5 12
10 5 11 5
2 2 2 3
2 2 1 2
1 3 1 2
1 3 1 6
1 3 1 2
1 3 1 6
1 6 1 7
1 6 0 6
1 6 2 6
2 6 2 7

1000

2 4 2       3 = = 4 - - - 3 1 1 
| ǁ 3 4 = = 6 1   | 3 = = = 3 | 
| ǁ 4 3 - - 5 2   | 4 = 2   | | 
| ǁ 2 |           | 2 - 1   | | 
5 8 = 6 = = = = = 6 = = = = 6 4 
| | 2 |   2 1 5 2 | 2 = 3 1 | | 
| | ǁ |   ǁ   ǁ   |         | | 
3 | ǁ |   ǁ   ǁ   |         | | 
2 | ǁ | 4 7 - 3   |         | 3 
  | ǁ | ǁ ǁ       |         | 1 
  | ǁ | 6 7 = = = 7 = = 5 2 | 1 
4 7 5 | 5 2 3 4 2 ǁ       3 6 3 
2 1 3 | 3   6 5 2 4 3     1 1   
3 3 4 |   1 | 2 3 1       3   3 
4 = = 6 = 5 7 2 3 3 3   5 4 3 3 
2 - - 3 1 1 2           1   1   
