16 16
1 3 3 4 0 0 0 0 5 0 0 4 1 3 2 0 
0 2 0 0 1 0 0 0 3 0 0 0 1 0 0 0 
3 0 4 4 0 0 0 0 0 0 0 4 0 6 5 2 
4 2 0 1 3 0 1 0 0 0 0 0 0 0 3 0 
0 0 4 0 7 0 0 0 0 0 0 5 3 0 0 0 
4 0 3 1 0 2 0 3 0 0 0 4 0 0 0 0 
5 0 5 0 6 0 2 1 2 0 0 0 0 0 0 0 
4 0 0 2 0 4 3 0 5 0 0 3 0 0 0 0 
0 0 0 0 0 2 0 0 2 0 0 1 0 0 0 0 
6 0 8 4 0 3 0 6 0 0 0 0 5 5 5 3 
0 0 6 2 0 0 1 0 1 0 0 0 0 1 5 3 
0 0 2 0 0 0 0 0 0 0 0 0 0 0 0 0 
0 1 4 0 5 2 2 0 3 0 0 0 4 0 6 3 
4 0 3 0 0 0 0 2 0 2 0 3 4 1 3 0 
0 2 0 0 6 0 2 3 5 3 0 0 5 0 3 2 
0 2 0 0 4 0 0 0 0 0 0 4 4 3 0 2 
100 34
0 8 0 3
0 8 0 11
0 8 1 8
4 4 4 2
4 4 4 11
4 4 3 4
4 4 6 4
6 0 6 2
6 0 5 0
6 0 7 0
9 0 9 2
9 0 7 0
9 0 13 0
9 0 9 2
9 0 7 0
9 0 13 0
9 2 9 3
9 2 6 2
9 2 10 2
10 2 10 3
10 2 9 2
10 2 11 2
10 2 10 3
10 2 9 2
11 2 12 2
13 0 13 2
13 0 13 2
14 8 14 7
14 8 14 9
14 8 12 8
7 0 6 0
12 1 12 2
12 2 12 4
12 2 13 2

797

1 3 3 4 - - - - 5 - - 4 1 3 2   
  2     1       3       1       
3   4 4               4   6 5 2 
4 2   1 3   1               3   
    4 - 7 - - - - - - 5 3       
4   3 1 | 2   3       4         
5 - 5   6   2 1 2               
4   | 2   4 3   5     3         
ǁ   |     2     2     1         
6 = 8 4   3   6         5 5 5 3 
ǁ   6 2     1   1         1 5 3 
ǁ   2                           
ǁ 1 4 - 5 2 2   3       4   6 3 
4 = 3         2 | 2   3 4 1 3   
  2     6   2 3 5 3     5   3 2 
  2     4             4 4 3   2 
