16 16
2 4 0 3 0 0 0 3 2 0 0 0 0 1 0 0 
4 7 2 0 0 2 0 0 0 0 1 0 0 0 1 0 
2 5 2 0 0 0 0 0 0 0 0 0 0 0 0 0 
3 4 0 0 0 0 0 0 2 0 3 0 0 0 0 0 
4 0 0 0 0 0 0 0 2 1 0 0 0 0 0 0 
0 0 0 0 1 0 1 0 1 0 0 0 0 0 0 0 
6 6 4 0 0 0 0 3 3 3 0 0 0 0 0 0 
0 4 3 0 2 6 7 2 0 0 3 0 0 0 3 0 
0 1 0 0 0 0 3 1 0 0 0 0 1 0 5 4 
5 0 0 7 0 7 0 0 5 4 0 0 0 0 3 3 
3 2 1 0 2 6 0 0 0 0 5 0 0 0 5 3 
2 0 0 0 0 4 0 4 2 3 0 0 3 2 3 0 
3 4 0 5 6 0 0 0 0 6 0 4 0 0 4 3 
5 4 2 0 4 2 1 0 0 2 0 0 1 1 4 5 
6 0 0 4 2 0 0 0 0 0 0 0 6 0 5 2 
3 1 0 3 0 0 0 0 3 0 2 0 4 0 2 0 
100 112
1 1 1 0
1 1 1 2
1 1 0 1
1 1 2 1
6 0 6 1
6 0 4 0
6 0 9 0
6 0 6 1
6 0 4 0
6 0 9 0
6 1 6 2
6 1 3 1
6 1 7 1
6 1 6 2
7 1 7 2
7 1 8 1
7 1 7 2
7 6 7 5
7 6 7 7
7 6 5 6
7 6 8 6
8 15 8 14
8 15 9 15
8 15 8 14
8 15 9 15
9 3 9 0
9 3 9 5
9 3 0 3
9 3 12 3
12 11 12 9
12 11 12 14
12 11 12 9
12 11 12 14
13 0 13 1
13 0 12 0
13 0 14 0
13 15 13 14
13 15 12 15
13 15 14 15
14 0 14 3
14 0 13 0
14 0 15 0
14 0 14 3
14 0 13 0
15 0 15 1
3 1 3 0
3 1 2 1
3 1 3 0
4 0 3 0
5 4 7 4
6 2 2 2
6 2 7 2
7 4 7 5
7 5 7 6
7 5 1 5
7 5 9 5
7 5 7 6
9 5 9 3
9 5 9 8
9 5 10 5
10 10 10 5
10 10 10 14
10 10 7 10
11 7 11 5
11 7 11 8
11 7 11 5
11 7 11 8
12 9 12 4
12 9 11 9
12 9 13 9
12 9 12 4
13 1 13 2
13 1 12 1
13 1 13 2
0 13 0 8
1 5 1 10
1 14 7 14
8 6 8 7
8 6 7 6
8 12 8 14
9 5 9 8
9 5 10 5
9 9 9 8
9 9 6 9
9 9 9 8
9 9 6 9
10 2 10 1
10 5 10 4
10 5 10 10
10 5 11 5
11 9 11 12
12 4 12 3
12 4 10 4
12 4 13 4
12 4 12 3
13 4 13 5
13 4 14 4
13 4 13 5
13 6 13 9
0 8 0 7
7 7 6 7
9 8 6 8
11 9 11 12
11 12 11 13
11 13 11 14
0 7 0 3
6 7 6 8
0 7 0 3
6 7 6 8
6 9 4 9
9 3 9 0
9 3 12 3

969

2 4   3 = = = 3 2 - - - - 1     
4 7 2 |   2 - - - - 1       1   
2 5 2 |   |                 |   
3 4 | |   |     2   3       |   
4 | | |   |     2 1         |   
ǁ | | | 1 | 1   1 |         |   
6 6 4 | | | | 3 3 3         |   
ǁ 4 3 | 2 6 7 2 | ǁ 3       3   
ǁ 1   |   | 3 1 | ǁ |   1 - 5 4 
5 = = 7 = 7 = = 5 4 |       3 3 
3 2 1 ǁ 2 6 = = = = 5 - - - 5 3 
2     ǁ | 4 = 4 2 3 = = 3 2 3   
3 4   5 6 = = = = 6 = 4 = = 4 3 
5 4 2   4 2 1 - - 2     1 1 4 5 
6 = = 4 2               6   5 2 
3 1   3         3   2   4   2   
