16 16
2 0 0 5 2 1 4 3 0 0 0 0 0 3 2 1 
4 2 0 0 2 0 5 0 0 0 0 0 0 7 2 2 
0 0 0 3 0 0 0 0 3 1 2 1 0 0 1 0 
5 0 0 0 0 0 0 0 5 0 6 3 0 0 0 0 
0 2 4 0 5 2 3 1 0 0 0 4 0 6 6 3 
0 0 2 0 0 0 0 0 0 0 0 0 0 0 3 1 
0 6 0 0 6 1 0 0 0 0 0 0 2 0 1 0 
2 0 0 0 4 0 5 2 0 0 0 0 0 0 4 2 
3 6 0 0 2 0 0 0 0 0 0 5 4 0 0 0 
0 0 0 0 0 0 0 1 0 0 2 2 1 0 0 0 
0 0 0 0 0 0 0 0 0 2 0 5 5 0 0 0 
0 0 0 0 0 0 0 0 0 3 0 3 2 0 0 0 
5 6 0 0 0 0 0 0 5 0 0 0 0 6 5 3 
2 0 1 0 3 0 1 0 0 2 5 2 1 2 1 2 
3 4 4 0 5 0 0 0 5 0 5 0 0 0 4 6 
2 2 3 2 4 0 0 0 5 2 4 0 0 0 2 2 
100 45
0 3 0 0
0 3 0 4
0 3 2 3
1 13 1 6
1 13 1 14
1 13 0 13
1 13 4 13
3 0 3 8
3 0 1 0
3 0 7 0
4 4 4 2
4 4 4 5
4 4 6 4
6 1 6 4
6 1 4 1
6 1 8 1
10 12 10 11
10 12 9 12
10 12 11 12
12 0 12 1
12 0 8 0
12 0 13 0
14 15 14 14
14 15 13 15
14 15 15 15
15 8 15 4
15 8 15 9
15 8 14 8
1 1 1 0
5 2 4 2
6 1 6 4
6 1 4 1
6 1 8 1
8 12 8 11
8 12 6 12
10 12 10 11
10 12 11 12
14 15 14 14
14 15 13 15
14 15 15 15
1 1 1 0
4 2 4 4
4 2 5 2
8 12 8 11
8 12 6 12

1347

2 - - 5 2 1 4 3           3 2 1 
4 2   | 2   5 - - - - - - 7 2 2 
|     3         3 1 2 1   | 1   
5 - - - - - - - 5   6 3   |     
| 2 4 = 5 2 3 1       4   6 6 3 
| ǁ 2   |                   3 1 
| 6 = = 6 1             2   1   
2 ǁ     4   5 2         ǁ   4 2 
3 6     2             5 4       
|             1     2 2 1       
|                 2   5 5       
|                 3   3 2       
5 6             5         6 5 3 
2   1   3   1     2 5 2 1 2 1 2 
3 4 4   5       5   5       4 6 
2 2 3 2 4 - - - 5 2 4       2 2 
