16 16
0 3 4 4 0 5 4 4 4 0 0 4 0 0 2 2 
0 0 2 5 3 0 4 4 4 2 1 0 0 0 1 0 
2 5 0 7 3 0 2 0 2 1 0 0 0 0 3 3 
2 0 3 6 0 6 0 4 0 3 2 0 0 0 0 2 
1 0 4 3 1 4 2 0 0 3 2 0 0 0 0 0 
2 5 0 0 6 0 0 6 0 0 0 5 0 0 6 4 
0 0 0 0 0 0 0 0 0 0 0 0 0 0 0 0 
0 0 0 0 0 0 0 0 0 0 0 3 2 0 0 0 
0 0 0 0 0 2 0 0 0 0 0 1 0 0 0 0 
0 0 0 0 0 0 0 0 3 0 0 5 3 0 4 2 
0 0 0 0 0 0 0 0 2 0 0 0 0 0 3 0 
4 5 2 0 0 4 0 8 0 0 0 5 0 0 3 1 
2 4 5 2 0 3 0 7 1 0 2 0 0 0 0 0 
0 2 3 2 0 1 0 0 3 4 3 0 0 0 0 0 
4 0 0 0 5 1 2 7 5 2 0 2 0 0 0 0 
4 0 4 3 4 2 0 1 2 0 0 0 0 0 0 0 
100 34
0 5 0 3
0 5 0 6
0 5 3 5
2 3 2 1
2 3 2 4
2 3 1 3
2 3 3 3
11 7 11 5
11 7 11 11
11 7 5 7
11 7 12 7
12 7 12 5
12 7 12 8
12 7 11 7
12 7 14 7
12 10 13 10
14 7 14 6
14 7 14 8
14 7 12 7
14 7 15 7
15 0 15 2
15 0 14 0
15 8 14 8
15 8 14 8
11 7 11 5
11 7 11 11
11 7 5 7
12 7 12 5
12 10 13 10
13 10 13 9
14 7 14 6
14 7 14 8
15 0 15 2
15 0 14 0

717

  3 4 4 - 5 4 4 4     4     2 2 
    2 5 3 | 4 4 4 2 1       1   
2 5 - 7 3 | 2   2 1         3 3 
2   3 6   6   4   3 2         2 
1   4 3 1 4 2     3 2           
2 5     6     6       5     6 4 
              ǁ                 
              ǁ       3 2       
          2   ǁ       1         
              ǁ 3     5 3   4 2 
              ǁ 2           3   
4 5 2     4 = 8 = = = 5     3 1 
2 4 5 2   3 = 7 1   2           
  2 3 2   1   ǁ 3 4 3           
4       5 1 2 7 5 2   2         
4 = 4 3 4 2   1 2               
