16 16
3 0 6 0 0 3 2 3 3 0 0 0 4 5 0 2 
0 2 0 3 2 3 0 0 0 2 3 2 0 3 3 0 
0 0 0 3 0 5 0 0 0 0 0 0 4 0 4 0 
0 0 0 4 1 1 2 4 0 2 0 0 0 2 5 4 
0 0 0 4 2 0 4 0 0 0 0 0 0 1 0 0 
0 0 0 2 3 1 0 5 0 0 0 0 6 0 5 0 
0 0 0 2 3 0 6 7 0 2 0 0 0 1 3 0 
0 0 0 4 2 2 0 2 0 0 0 0 0 1 2 0 
0 0 0 2 5 5 0 0 0 0 0 0 0 2 3 0 
0 0 0 2 0 2 0 0 0 0 0 0 0 1 0 0 
0 0 0 0 5 2 0 3 0 0 0 0 4 4 0 0 
4 6 0 0 2 0 0 3 4 3 4 3 0 0 0 0 
0 5 6 5 0 0 4 0 5 2 0 2 0 4 0 0 
0 4 5 0 0 0 0 0 0 0 4 1 0 2 0 0 
4 0 0 0 0 0 0 0 0 0 0 0 7 0 7 5 
2 0 2 2 3 0 0 0 0 0 0 0 5 2 3 1 
100 84
0 2 0 0
0 2 0 5
0 2 12 2
0 2 0 0
0 2 0 5
0 2 12 2
0 13 0 12
0 13 0 15
0 13 1 13
1 1 11 1
5 14 5 12
5 14 3 14
5 14 6 14
6 7 6 6
6 7 6 9
6 7 5 7
6 7 7 7
10 4 10 5
10 4 8 4
10 4 11 4
11 1 11 0
11 1 1 1
11 1 12 1
11 1 11 0
11 1 12 1
12 2 12 1
12 2 12 3
12 2 13 2
12 2 12 1
12 8 12 6
12 8 12 9
12 8 11 8
13 1 13 2
13 1 12 1
13 1 13 2
14 12 14 0
14 12 14 14
14 12 10 12
14 12 15 12
14 15 14 14
14 15 3 15
14 15 15 15
0 0 11 0
11 0 14 0
12 3 12 6
12 3 9 3
12 3 12 6
12 3 9 3
12 6 12 8
12 13 10 13
12 13 13 13
12 13 10 13
12 13 13 13
13 1 13 2
13 2 13 10
13 10 13 11
13 10 11 10
13 10 11 10
14 0 14 12
14 0 15 0
14 15 14 14
14 15 3 15
15 0 15 2
15 2 15 3
15 3 15 4
15 4 15 12
3 15 3 14
3 15 0 15
6 6 6 4
6 6 6 7
6 6 4 6
6 6 6 4
6 6 6 7
10 13 10 12
10 13 9 13
12 11 11 11
15 4 15 12
0 13 0 12
0 13 1 13
12 11 11 11
0 12 0 8
0 12 2 12
0 8 0 7
0 8 0 7

1037

3 = 6 = = 3 2 3 3 - - - 4 5 - 2 
| 2 ǁ 3 2 3       2 3 2 | 3 3 | 
| ǁ ǁ 3   5             4   4 | 
| ǁ ǁ 4 1 1 2 4   2       2 5 4 
| ǁ ǁ 4 2   4             1 | ǁ 
| ǁ ǁ 2 3 1 | 5         6 - 5 ǁ 
| ǁ ǁ 2 3 = 6 7 - 2       1 3 ǁ 
| ǁ ǁ 4 2 2   2           1 2 ǁ 
| ǁ ǁ 2 5 5               2 3 ǁ 
| ǁ ǁ 2 | 2               1   ǁ 
| ǁ ǁ ǁ 5 2   3         4 4   ǁ 
4 6 ǁ ǁ 2     3 4 3 4 3 | ǁ   ǁ 
| 5 6 5 = = 4 = 5 2 ǁ 2 | 4   ǁ 
| 4 5 - - - - - - - 4 1 | 2   ǁ 
4 = = = = = = = = = = = 7 - 7 5 
2 - 2 2 3 = = = = = = = 5 2 3 1 
