16 16
3 3 0 0 0 0 0 0 0 0 0 5 4 3 3 2 
3 2 0 0 0 0 0 0 0 0 0 0 5 3 0 0 
1 0 0 0 0 0 0 0 0 0 0 0 1 0 0 0 
2 6 0 0 0 0 0 0 0 0 0 6 0 0 6 5 
0 0 0 0 0 0 0 0 0 2 1 0 0 1 0 0 
0 5 0 0 0 0 0 0 0 6 4 0 0 0 0 0 
0 2 2 4 0 0 5 0 2 0 0 0 2 3 0 0 
0 3 7 4 2 2 0 0 0 0 0 0 0 0 0 0 
0 0 4 0 5 3 0 3 0 5 0 0 2 0 0 0 
0 0 3 0 0 0 5 3 0 3 2 0 1 0 0 0 
3 4 0 0 0 0 0 0 0 0 0 6 0 2 0 2 
0 4 3 4 0 2 2 4 0 0 0 0 2 2 3 2 
0 0 0 0 1 2 0 0 0 0 0 0 0 0 0 0 
2 4 7 5 3 4 0 6 0 0 0 6 5 3 6 3 
3 5 3 1 3 3 0 2 2 0 0 6 0 2 3 1 
1 2 0 0 1 2 1 0 2 0 0 3 1 2 4 2 
100 23
0 11 0 1
0 11 0 12
0 11 3 11
1 12 1 13
1 12 0 12
1 12 2 12
3 15 3 14
3 15 0 15
3 15 10 15
5 1 5 9
5 1 3 1
5 1 6 1
6 6 6 3
6 6 6 8
6 6 9 6
7 2 7 1
7 2 7 3
7 2 6 2
7 2 8 2
13 2 13 1
13 2 13 3
13 2 11 2
13 2 14 2

1067

3 3 - - - - - - - - - 5 4 3 3 2 
3 2                   | 5 3   | 
1                     | 1     | 
2 6                   6     6 5 
  |               2 1     1   | 
  5 - - - - - - - 6 4         | 
  2 2 4 - - 5 - 2       2 3   | 
  3 7 4 2 2 |                 | 
    4   5 3 | 3   5     2     | 
    3       5 3   3 2   1     | 
3 4                   6   2   2 
  4 3 4   2 2 4         2 2 3 2 
    |   1 2                     
2 4 7 5 3 4   6       6 5 3 6 3 
3 5 3 1 3 3   2 2     6   2 3 1 
1 2     1 2 1   2     3 1 2 4 2 
