16 16
1 0 0 3 0 0 0 0 0 0 0 0 5 0 5 3 
3 0 0 6 0 0 0 0 3 6 2 1 0 1 0 3 
4 0 0 7 0 0 0 0 6 6 3 0 0 0 0 0 
0 0 0 0 0 0 0 0 0 4 5 0 5 2 0 0 
0 0 0 0 0 0 0 0 0 0 3 0 3 2 0 0 
0 2 0 0 0 0 0 0 0 0 0 0 2 3 0 0 
0 0 0 0 2 0 2 0 0 3 5 5 0 0 8 4 
4 5 1 0 0 0 1 0 0 2 0 0 4 3 0 0 
0 0 0 0 5 0 0 0 7 4 0 2 3 0 0 2 
3 2 0 0 4 1 4 0 4 4 0 0 0 0 0 3 
2 1 0 0 2 0 3 0 0 2 0 0 0 0 0 2 
0 0 0 0 0 0 0 0 0 0 0 1 0 4 0 1 
3 0 0 5 0 0 0 0 0 0 5 0 3 0 0 0 
5 3 1 0 1 3 1 3 0 0 0 1 4 0 0 0 
4 4 0 6 0 3 2 5 0 0 4 0 2 4 6 3 
4 6 2 3 0 0 0 0 2 2 4 0 2 2 3 1 
100 151
0 12 0 3
0 12 0 14
0 12 3 12
1 9 1 8
1 9 1 10
1 9 2 9
1 9 1 8
1 9 1 10
1 9 2 9
1 11 6 11
2 3 2 0
2 3 2 8
2 3 1 3
2 3 12 3
2 9 2 8
2 9 2 10
2 9 3 9
2 9 2 8
2 10 3 10
2 10 3 10
3 9 3 10
3 9 6 9
3 9 3 10
3 10 4 10
4 10 6 10
5 1 7 1
6 14 6 11
6 14 6 15
6 14 0 14
6 14 14 14
6 14 6 11
6 14 6 15
6 14 0 14
6 14 14 14
6 15 1 15
6 15 8 15
8 4 8 8
8 4 6 4
8 4 9 4
8 15 9 15
9 15 10 15
13 0 13 1
13 0 12 0
13 0 14 0
14 7 14 6
14 7 14 10
14 7 13 7
14 14 14 13
14 14 14 15
14 14 15 14
14 14 14 13
14 15 11 15
14 15 15 15
15 0 15 1
15 0 14 0
15 0 15 1
15 0 14 0
15 1 15 2
15 1 14 1
15 14 15 13
15 14 15 13
1 13 3 13
1 15 0 15
2 8 2 3
2 8 1 8
2 8 8 8
4 10 6 10
5 1 7 1
6 6 6 4
6 6 7 6
8 4 8 8
8 4 9 4
8 8 8 9
8 8 9 8
9 4 9 5
9 4 10 4
9 6 9 8
9 6 10 6
9 6 9 8
9 6 10 6
9 8 9 9
9 9 8 9
9 9 10 9
9 9 8 9
9 15 10 15
10 9 10 6
14 0 14 1
14 13 14 12
14 13 11 13
15 1 15 2
15 1 14 1
1 3 1 0
1 3 0 3
1 3 2 3
1 3 1 0
1 3 0 3
1 15 0 15
8 8 8 9
10 4 13 4
11 13 11 11
11 13 7 13
11 13 7 13
12 10 12 12
12 10 6 10
12 10 14 10
13 0 13 1
13 0 12 0
13 5 13 6
13 5 14 5
13 5 14 5
13 7 14 7
13 7 14 7
13 11 13 12
13 12 12 12
13 12 14 12
13 12 12 12
14 1 14 3
14 3 14 5
14 3 12 3
14 3 15 3
14 3 12 3
14 3 15 3
14 10 12 10
14 10 15 10
15 3 15 8
15 8 15 9
15 9 15 10
15 10 15 12
15 10 15 12
0 0 1 0
0 12 0 14
0 12 3 12
0 14 0 15
2 0 2 3
2 0 7 0
2 0 7 0
7 0 7 1
7 0 9 0
7 9 6 9
7 12 7 13
7 12 8 12
7 12 8 12
7 12 8 12
8 11 6 11
8 11 6 11
12 3 12 0
12 10 6 10
13 1 13 2
6 10 6 9
7 2 7 1
7 1 9 1

914

1     3 - - - - - - - - 5 = 5 3 
3 = = 6         3 6 2 1 ǁ 1 ǁ 3 
4 = = 7 = = = = 6 6 3 | ǁ | ǁ | 
ǁ     |         | 4 5 | 5 2 ǁ | 
ǁ     |         | | 3 | 3 2 ǁ | 
ǁ 2   |         | | ǁ | 2 3 ǁ | 
ǁ ǁ   | 2 - 2   | 3 5 5 = = 8 4 
4 5 1 | |   1   | 2 ǁ ǁ 4 3 ǁ | 
| |   | 5 = = = 7 4 ǁ 2 3 ǁ ǁ 2 
3 2   | 4 1 4 = 4 4 ǁ     ǁ ǁ 3 
2 1   | 2   3 - - 2 ǁ     ǁ ǁ 2 
      | |           ǁ 1 - 4 ǁ 1 
3 - - 5 |           5 - 3 | ǁ | 
5 3 1 ǁ 1 3 1 3     ǁ 1 4 | ǁ | 
4 4 - 6 - 3 2 5 - - 4   2 4 6 3 
4 6 2 3 - - - - 2 2 4 = 2 2 3 1 
