16 16
2 1 2 2 6 0 0 5 0 4 0 2 4 0 3 2 
0 0 0 0 3 0 0 2 0 0 2 0 5 3 0 0 
3 0 5 0 0 0 0 0 0 5 0 0 0 6 5 5 
0 1 0 1 4 3 0 2 0 0 1 0 0 3 0 4 
3 0 0 3 5 5 0 3 0 0 2 0 0 1 0 0 
0 2 0 2 0 0 0 0 0 0 0 4 5 0 6 4 
0 0 0 0 0 0 0 0 0 0 0 0 0 0 0 3 
3 0 0 2 0 0 0 1 0 0 5 5 0 0 0 0 
1 0 0 0 0 2 0 0 0 0 0 0 0 0 0 0 
0 0 1 0 0 2 0 0 0 0 2 0 0 0 0 4 
3 5 0 6 5 3 1 0 0 0 0 0 0 0 0 0 
6 4 0 0 5 0 0 5 0 0 2 4 0 0 0 0 
4 5 0 0 1 0 0 2 0 0 1 0 0 0 0 0 
2 5 0 4 0 0 0 0 0 6 0 4 0 1 4 4 
2 2 1 3 3 0 0 0 0 6 0 0 3 2 5 3 
3 2 2 5 4 0 0 1 2 5 0 0 0 0 5 3 
100 101
0 4 0 3
0 4 0 7
0 4 1 4
0 4 0 3
0 4 0 7
0 4 1 4
2 15 2 14
2 15 0 15
2 15 3 15
7 11 7 10
7 11 5 11
7 11 11 11
9 15 6 15
9 15 13 15
9 15 6 15
9 15 13 15
10 6 10 5
11 0 11 1
11 0 10 0
11 0 12 0
11 0 11 1
11 0 10 0
11 0 12 0
12 0 12 1
12 0 13 0
13 15 13 14
13 15 14 15
15 3 15 2
15 3 15 4
15 3 14 3
15 9 15 8
15 9 15 14
15 9 14 9
6 15 5 15
5 15 5 14
5 15 3 15
5 15 5 14
3 15 3 13
3 15 2 15
5 14 5 12
5 14 13 14
5 14 5 12
5 14 13 14
13 14 13 13
14 14 14 13
14 14 14 15
14 14 15 14
13 11 13 9
13 11 11 11
13 11 13 9
13 11 11 11
11 11 11 10
13 9 13 3
13 9 2 9
13 9 14 9
13 9 13 3
14 9 14 4
14 9 14 12
14 9 15 9
14 9 14 4
7 11 7 10
7 11 5 11
11 7 11 4
11 7 7 7
11 7 12 7
12 10 11 10
5 11 5 12
5 11 0 11
9 10 7 10
1 12 1 13
1 12 0 12
1 12 5 12
2 9 2 2
2 9 0 9
2 9 2 2
2 9 0 9
2 13 2 14
2 13 1 13
2 13 3 13
2 13 2 14
2 13 1 13
2 13 3 13
9 10 7 10
14 12 14 13
14 12 5 12
14 14 14 15
14 14 15 14
15 15 15 14
0 9 0 7
0 9 0 11
0 12 0 14
0 12 1 12
0 12 0 14
1 4 1 7
1 7 0 7
1 10 3 10
2 14 2 15
2 14 0 14
4 10 7 10
15 15 15 14
15 9 15 8

1308

2 1 2 2 6 = = 5 - 4 - 2 4 = 3 2 
        3 - - 2   ǁ 2 | 5 3 | | 
3   5 = = = = = = 5 | | | 6 5 5 
  1   1 4 3   2   | 1 | | 3 - 4 
3     3 5 5   3   | 2 | | 1   | 
  2   2           | | 4 5 = 6 4 
                  | | ǁ |   ǁ 3 
3     2       1   | 5 5 |   ǁ ǁ 
1         2   |   | ǁ | |   ǁ ǁ 
    1     2   |   | 2 | |   ǁ 4 
3 5   6 5 3 1 |   |   | |   ǁ ǁ 
6 4     5 - - 5   | 2 4 |   ǁ ǁ 
4 5     1     2   | 1 ǁ |   ǁ ǁ 
2 5   4 = = = = = 6 = 4 | 1 4 4 
2 2 1 3 3 = = = = 6 - - 3 2 5 3 
3 2 2 5 4     1 2 5 - - - - 5 3 
