16 16
2 2 3 1 2 0 0 0 0 4 0 0 0 0 4 2 
0 0 0 1 4 0 0 0 0 5 0 0 4 3 0 0 
0 0 0 0 0 1 2 3 6 5 3 0 0 0 0 0 
0 0 0 0 0 2 0 0 3 2 3 0 0 3 0 0 
4 0 5 0 7 3 0 0 4 4 5 0 4 1 0 0 
4 1 0 0 0 0 0 0 2 0 3 1 0 0 6 4 
0 0 0 2 5 2 0 3 0 5 4 0 3 0 2 0 
0 0 0 0 0 0 0 0 0 0 5 4 3 0 0 0 
0 0 0 1 1 0 4 3 0 0 0 0 3 0 2 0 
0 0 0 0 0 0 0 0 0 0 0 0 1 0 0 1 
5 0 6 0 0 6 3 6 2 0 0 3 3 1 0 0 
0 1 0 0 0 3 0 4 1 0 0 0 0 0 0 0 
0 3 5 0 0 0 0 0 0 6 6 0 0 0 5 4 
6 0 3 1 0 0 0 0 0 0 1 1 0 2 3 4 
3 0 2 3 0 0 0 0 0 6 0 0 0 7 8 5 
1 0 2 1 1 0 0 0 0 0 0 0 0 3 4 4 
100 56
2 8 2 7
2 8 2 9
2 8 3 8
2 8 2 7
2 8 2 9
2 8 3 8
4 4 4 2
4 4 4 5
4 4 1 4
4 4 6 4
7 10 7 11
7 10 6 10
7 10 12 10
10 0 10 2
10 0 5 0
10 0 13 0
12 1 12 2
12 1 11 1
12 1 12 2
13 0 13 2
13 0 10 0
13 0 14 0
14 9 14 3
14 9 14 13
14 9 12 9
14 9 14 3
14 9 14 13
14 9 12 9
14 13 14 14
14 13 13 13
14 13 15 13
14 14 14 13
14 14 14 15
14 14 13 14
14 14 15 14
14 14 14 13
14 14 14 15
14 14 13 14
15 14 15 13
15 14 15 15
15 14 15 13
15 15 14 15
12 9 12 2
12 9 12 10
12 9 6 9
12 9 12 2
12 10 12 14
12 10 7 10
12 10 13 10
12 10 12 14
13 0 13 2
13 0 14 0
13 11 13 13
15 4 15 3
15 15 14 15
15 15 14 15

849

2 2 3 1 2         4         4 2 
      1 4         5     4 3     
        | 1 2 3 6 5 3           
        | 2     3 2 3     3     
4   5 - 7 3     4 4 5   4 1     
4 1     |       2   3 1     6 4 
|     2 5 2   3   5 4   3   2   
|                 | 5 4 3       
|     1 1   4 3   | ǁ   3   2   
|                 | ǁ   1     1 
5 - 6     6 3 6 2 | ǁ 3 3 1     
ǁ 1       3   4 1 | ǁ           
ǁ 3 5 = = = = = = 6 6 = = = 5 4 
6 = 3 1           ǁ 1 1 - 2 3 4 
3   2 3 = = = = = 6 = = = 7 8 5 
1   2 1 1                 3 4 4 
