16 16
2 0 3 0 0 3 0 0 0 0 0 0 0 0 2 2 
4 3 3 2 1 0 0 0 0 0 0 0 1 0 2 0 
4 0 0 0 0 5 0 0 0 0 0 0 0 0 2 0 
0 1 4 3 2 0 1 0 0 3 0 0 0 4 3 3 
2 3 5 0 0 4 0 0 0 0 4 1 2 0 1 0 
0 0 0 1 1 0 2 4 1 0 0 0 0 0 1 2 
2 0 2 3 4 0 0 0 0 0 0 0 0 0 0 2 
1 0 2 0 5 0 0 3 0 0 0 0 0 0 5 5 
1 0 3 3 0 0 0 0 0 0 0 0 0 0 0 0 
0 0 1 0 0 0 0 0 0 0 0 0 0 0 0 3 
3 6 0 5 3 0 0 0 0 0 0 0 0 0 0 0 
1 4 1 4 4 0 0 2 0 0 5 3 3 0 0 2 
0 0 0 0 1 0 3 0 0 0 4 3 1 0 0 2 
3 5 0 0 0 5 0 0 0 0 0 0 0 5 6 2 
3 3 1 2 0 4 0 0 0 0 0 2 2 3 4 3 
2 2 2 0 0 4 0 0 0 0 0 3 2 2 2 2 
100 6
3 9 3 6
3 9 3 13
3 9 3 13
7 15 7 14
7 15 6 15
7 15 9 15

968

2   3     3                 2 2 
4 3 3 2 1               1   2   
4         5                 2   
  1 4 3 2   1 - - 3 = = = 4 3 3 
2 3 5     4         4 1 2   1   
      1 1   2 4 1           1 2 
2   2 3 4                     2 
1   2   5     3             5 5 
1   3 3                       | 
    1                         3 
3 6   5 3                       
1 4 1 4 4     2     5 3 3     2 
        1   3       4 3 1     2 
3 5       5               5 6 2 
3 3 1 2   4           2 2 3 4 3 
2 2 2     4           3 2 2 2 2 
