16 16
2 0 5 0 0 0 4 0 0 0 3 1 2 5 3 2 
0 1 0 3 3 2 0 0 2 0 5 0 0 4 1 0 
4 3 0 2 3 0 0 0 1 0 0 0 1 0 0 0 
2 0 0 0 0 0 0 3 3 0 0 3 4 0 0 0 
4 0 6 0 4 4 0 0 0 0 0 1 0 0 0 0 
3 0 4 1 0 0 0 3 0 0 5 0 3 0 0 0 
3 2 0 3 4 0 0 1 0 1 5 3 0 0 1 0 
0 1 0 0 0 0 3 0 0 3 4 3 0 0 0 0 
0 0 0 0 0 0 0 1 2 0 0 0 0 2 2 0 
0 1 0 0 0 0 2 2 4 0 2 0 0 0 3 4 
0 0 0 0 0 0 0 0 2 0 0 0 0 0 0 3 
0 5 3 0 0 4 0 0 2 0 0 0 3 0 5 2 
2 0 1 0 0 3 0 0 0 0 0 0 0 1 4 1 
2 0 0 0 0 0 0 0 0 2 0 3 3 0 4 2 
2 7 5 5 5 3 0 0 0 2 0 1 1 0 0 0 
0 3 0 2 1 0 0 0 0 2 0 0 0 0 2 1 
100 17
0 2 0 0
0 2 0 6
0 2 4 2
0 13 0 12
0 13 0 14
0 13 1 13
1 1 2 1
11 1 11 2
11 1 9 1
11 1 14 1
14 2 14 1
14 2 14 3
14 2 12 2
11 1 11 2
11 1 14 1
14 2 14 1
14 2 14 3

941

2 - 5 - - - 4       3 1 2 5 3 2 
  1 | 3 3 2     2   5     4 1   
4 3 | 2 3       1       1       
2   |         3 3     3 4       
4   6   4 4           1         
3   4 1       3     5   3       
3 2   3 4     1   1 5 3     1   
  1         3     3 4 3         
              1 2         2 2   
  1         2 2 4   2       3 4 
  |             2             3 
  5 3     4     2       3   5 2 
2 ǁ 1     3               1 4 1 
2 ǁ |             2   3 3   4 2 
2 7 5 5 5 3       2   1 1       
  3   2 1         2         2 1 
