16 16
2 3 0 0 0 4 0 0 0 0 0 0 0 4 2 1 
0 4 2 2 0 4 0 1 2 6 0 2 0 0 2 2 
4 0 0 0 0 0 0 0 0 7 0 0 0 7 8 4 
0 0 2 0 0 0 0 6 2 0 4 4 0 0 4 2 
5 0 0 0 0 0 0 6 1 0 4 8 0 8 5 4 
4 4 0 3 4 0 0 3 0 0 2 4 1 0 0 2 
2 2 0 0 4 0 0 2 0 0 4 5 2 0 0 0 
2 0 0 7 0 0 4 1 0 0 0 2 0 0 0 1 
2 0 0 0 0 0 1 0 0 0 5 0 0 4 0 0 
5 0 0 8 0 0 0 0 0 8 4 0 0 0 4 4 
0 4 2 0 0 2 0 1 0 0 0 1 0 0 0 0 
0 0 2 0 0 2 0 0 0 2 1 0 0 0 0 0 
0 0 0 0 0 0 0 0 0 0 0 0 0 0 2 0 
4 8 6 0 0 0 0 0 0 0 0 0 0 0 0 0 
4 6 4 6 0 6 0 0 0 0 0 6 6 0 0 5 
1 2 2 4 2 3 0 0 0 0 1 3 3 2 0 3 
100 172
1 9 1 8
1 9 1 11
1 9 2 9
1 9 1 8
1 9 1 11
1 9 2 9
2 9 2 0
2 9 2 13
2 9 9 9
2 14 2 13
2 14 2 15
2 14 1 14
2 14 3 14
2 14 2 13
2 14 2 15
2 14 1 14
2 14 3 14
2 15 1 15
2 15 3 15
3 7 3 2
3 7 3 8
3 7 4 7
3 7 3 2
3 7 3 8
3 7 4 7
3 10 3 11
3 10 4 10
3 10 3 11
3 10 4 10
3 11 3 14
3 11 4 11
3 14 3 15
4 0 4 7
4 0 2 0
4 0 5 0
4 7 4 0
4 7 4 8
4 7 5 7
4 10 4 11
4 10 5 10
4 13 4 11
4 13 4 14
4 13 8 13
4 13 4 11
4 13 4 14
4 13 8 13
4 13 4 14
4 15 4 14
4 15 5 15
4 15 4 14
4 15 5 15
7 3 7 0
7 3 7 6
7 3 5 3
7 3 9 3
7 6 7 3
7 6 7 7
7 6 8 6
7 15 9 15
8 10 8 13
8 10 6 10
8 10 9 10
8 13 8 10
9 0 9 3
9 0 8 0
9 0 13 0
9 3 9 0
9 3 9 9
9 3 7 3
9 3 14 3
9 9 9 3
9 9 9 10
9 9 2 9
9 9 11 9
9 15 9 14
9 15 14 15
9 15 9 14
10 1 10 2
10 1 13 1
10 1 10 2
10 1 13 1
10 7 10 5
10 11 14 11
11 2 13 2
12 14 9 14
12 14 9 14
13 1 13 0
13 1 13 2
13 1 14 1
13 2 13 1
13 2 11 2
13 2 14 2
14 11 14 5
14 11 14 12
14 11 15 11
14 11 14 5
14 11 14 12
14 12 14 15
14 12 15 12
14 12 14 15
14 12 15 12
14 15 15 15
14 15 15 15
15 11 15 10
15 11 15 12
15 13 15 15
1 1 1 2
1 1 0 1
1 1 1 2
1 1 0 1
1 3 1 5
1 7 1 5
1 15 0 15
2 13 2 9
2 13 0 13
2 13 0 13
4 11 5 11
6 4 6 7
6 4 5 4
6 4 6 7
6 4 5 4
7 11 6 11
9 3 14 3
9 9 9 10
9 9 11 9
9 10 8 10
10 5 11 5
11 5 14 5
13 1 13 0
13 1 13 2
14 1 14 0
14 1 14 2
14 1 15 1
14 1 14 0
14 1 14 2
14 2 14 3
0 13 0 5
0 13 0 14
1 3 1 5
1 5 0 5
2 0 0 0
2 0 4 0
4 11 5 11
5 0 5 1
5 0 6 0
5 0 5 1
5 1 5 3
5 1 6 1
5 4 5 3
5 4 5 7
6 1 6 0
6 10 6 11
6 10 5 10
6 10 6 11
7 3 7 0
7 11 6 11
8 0 9 0
13 0 14 0
14 0 15 0
15 1 15 2
15 2 15 3
15 3 15 4
15 3 14 3
15 3 15 4
15 5 14 5
0 0 0 1
4 11 5 11
6 12 6 11
6 12 5 12
14 3 14 5
14 3 14 5
4 11 5 11

997

2 3       4 - - - - - - - 4 2 1 
| 4 2 2 = 4 - 1 2 6 = 2   ǁ 2 2 
4 - - - - - - - - 7 = = = 7 8 4 
ǁ   2 = = = = 6 2 ǁ 4 4 - - 4 2 
5 = = = = = = 6 1 ǁ 4 8 = 8 5 4 
4 4 - 3 4 - - 3   ǁ 2 4 1 ǁ   2 
2 2   | 4 = = 2   ǁ 4 5 2 ǁ     
2 = = 7 = = 4 1   ǁ | 2   ǁ   1 
2     ǁ     1     ǁ 5 = = 4   | 
5 = = 8 = = = = = 8 4       4 4 
| 4 2 ǁ   2 - 1   ǁ   1     ǁ | 
| ǁ 2 ǁ   2       2 1 |     ǁ | 
| ǁ ǁ ǁ   |           |     2 | 
4 8 6 ǁ   |           |       | 
4 6 4 6 = 6 = = = = = 6 6 = = 5 
1 2 2 4 2 3         1 3 3 2 - 3 
