16 16
3 2 2 0 3 0 3 2 4 0 0 3 0 0 3 1 
2 0 1 1 3 1 0 1 0 3 0 6 0 2 3 1 
2 4 0 0 0 0 5 1 0 0 0 0 3 4 4 3 
0 0 0 0 0 0 0 0 0 1 0 2 0 3 1 1 
1 0 2 0 0 0 4 0 0 0 1 0 4 2 0 0 
2 0 0 0 0 0 1 0 0 0 0 0 0 0 0 0 
4 4 0 0 0 0 0 0 5 0 0 0 4 0 4 0 
0 0 2 1 0 0 0 0 0 1 0 0 4 3 0 0 
0 0 0 0 2 4 3 1 0 0 0 0 0 0 3 1 
0 4 8 5 2 0 0 0 0 0 0 0 0 0 1 0 
0 0 2 4 0 5 0 0 5 0 0 0 4 4 2 0 
0 0 0 1 0 0 2 1 0 1 0 0 0 1 1 0 
0 0 0 0 0 2 4 2 5 6 1 0 2 3 0 0 
3 0 0 0 1 0 2 0 0 0 0 0 0 0 0 0 
3 3 0 0 0 0 0 0 0 4 0 0 0 4 3 1 
2 3 0 0 0 0 2 0 0 0 0 1 0 3 4 2 
100 16
9 2 9 1
9 2 9 3
9 2 7 2
9 2 10 2
12 8 12 7
12 8 12 9
12 8 10 8
12 9 12 8
12 9 12 10
12 9 11 9
12 9 14 9
9 2 9 1
9 2 9 3
9 2 7 2
9 2 10 2
12 9 12 8

939

3 2 2   3   3 2 4     3     3 1 
2   1 1 3 1   1   3   6   2 3 1 
2 4         5 1         3 4 4 3 
                  1   2   3 1 1 
1   2       4       1   4 2     
2           1                   
4 4             5       4   4   
    2 1           1     4 3     
    ǁ   2 4 3 1             3 1 
  4 8 5 2                   1   
    2 4   5     5       4 4 2   
      1     2 1 | 1       1 1   
          2 4 2 5 6 1   2 3     
3       1   2     |             
3 3               4       4 3 1 
2 3         2         1   3 4 2 
