16 16
2 1 2 2 2 0 0 2 2 4 0 3 2 0 3 3 
0 0 0 0 0 0 0 1 2 3 1 0 0 1 3 4 
3 0 2 3 4 0 0 0 0 0 0 4 4 3 4 3 
0 2 2 2 2 3 3 0 0 0 0 0 0 0 0 0 
4 4 0 0 0 0 5 0 0 0 0 4 0 0 0 0 
0 0 0 0 0 1 0 1 0 2 1 0 0 0 1 0 
0 0 0 1 0 0 0 0 0 0 0 0 0 0 0 0 
0 0 0 0 0 0 0 4 0 2 0 0 0 0 0 0 
0 0 0 0 0 0 0 0 0 0 0 0 0 0 0 0 
0 4 0 7 2 0 0 0 0 0 0 0 0 1 3 2 
0 1 0 3 0 3 0 5 0 0 0 4 0 1 0 0 
0 0 0 0 0 0 0 5 3 3 3 0 0 0 0 0 
4 0 0 0 2 3 0 2 0 0 0 4 0 0 0 0 
4 0 0 2 2 3 5 0 5 4 0 3 3 3 0 0 
2 2 2 0 5 0 4 0 0 3 0 2 3 7 4 1 
0 3 4 1 1 0 2 1 0 3 3 2 1 3 1 0 
100 21
9 3 9 1
9 3 9 4
9 3 6 3
9 3 10 3
11 7 11 8
11 7 10 7
11 7 12 7
13 8 13 6
13 8 13 9
13 8 11 8
14 13 14 12
14 13 14 14
14 13 13 13
14 13 15 13
9 3 9 1
9 3 9 4
9 3 10 3
12 11 10 11
12 11 13 11
12 11 10 11
12 11 13 11

941

2 1 2 2 2     2 2 4   3 2   3 3 
              1 2 3 1     1 3 4 
3   2 3 4             4 4 3 4 3 
  2 2 2 2 3 3                   
4 4         5         4         
          1   1   2 1       1   
      1                         
      |       4   2             
      |                         
  4 = 7 2                 1 3 2 
  1   3   3   5       4   1     
              5 3 3 3 ǁ         
4       2 3   2 |     4         
4     2 2 3 5 - 5 4   3 3 3     
2 2 2   5   4     3   2 3 7 4 1 
  3 4 1 1   2 1   3 3 2 1 3 1   
