16 16
2 0 0 0 0 3 0 0 0 0 0 0 0 2 2 2 
0 3 2 2 2 0 3 2 0 0 0 0 0 0 0 2 
0 0 0 3 3 0 2 0 0 0 0 0 0 0 0 3 
1 0 0 0 3 2 2 5 0 0 0 0 0 5 0 0 
2 5 5 5 5 4 0 3 3 0 1 0 0 0 0 0 
1 0 1 1 1 0 4 2 4 0 0 0 0 5 0 0 
2 4 0 0 0 5 4 2 4 0 0 4 1 0 0 0 
2 0 2 0 0 5 0 2 1 0 0 0 0 0 0 0 
1 0 3 3 2 2 0 2 0 0 0 2 0 0 0 0 
1 5 0 0 0 0 0 0 0 0 0 0 0 4 4 4 
2 6 5 0 0 1 0 0 0 0 0 0 0 0 0 1 
2 1 0 0 0 0 0 0 0 0 0 0 0 0 0 1 
5 0 6 0 0 0 0 0 0 0 0 0 0 3 2 2 
5 0 4 0 2 2 0 0 0 0 0 1 0 0 2 0 
4 1 0 0 0 5 0 0 0 0 0 0 0 4 4 2 
2 2 3 0 0 4 2 1 1 0 2 0 0 3 3 1 
100 7
3 13 3 7
3 13 0 13
3 13 5 13
6 12 6 11
12 0 12 2
12 0 11 0
12 0 13 0

1255

2         3               2 2 2 
  3 2 2 2   3 2           |   2 
      3 3   2             |   3 
1       3 2 2 5 - - - - - 5     
2 5 5 5 5 4   3 3   1     |     
1   1 1 1   4 2 4         5     
2 4       5 4 2 4     4 1       
2   2     5   2 1               
1   3 3 2 2   2       2         
1 5                       4 4 4 
2 6 5     1                   1 
2 1                           1 
5 - 6                     3 2 2 
5   4   2 2           1     2   
4 1       5               4 4 2 
2 2 3     4 2 1 1   2     3 3 1 
