16 16
1 3 0 0 0 2 2 0 3 0 0 3 1 2 4 3 
2 0 0 0 0 2 0 0 1 0 0 0 1 0 2 0 
5 5 0 0 0 0 0 0 0 0 0 6 3 2 0 0 
2 1 1 0 0 0 0 0 1 0 3 0 0 0 0 0 
2 0 5 0 0 0 0 0 0 1 0 0 1 0 0 0 
0 0 0 0 0 0 0 0 0 0 0 0 0 0 0 3 
3 0 5 0 0 0 0 0 0 0 6 5 0 3 0 0 
0 0 0 2 0 3 0 3 2 3 0 0 1 0 4 4 
0 0 0 2 0 0 0 5 2 0 0 0 0 0 0 1 
0 1 0 0 3 0 0 4 3 3 0 3 2 0 0 1 
0 0 0 0 2 0 0 1 2 0 0 3 0 3 0 0 
0 0 0 0 1 0 0 0 2 0 0 2 0 2 0 0 
0 0 0 2 0 0 0 0 0 0 5 0 0 0 6 4 
5 4 4 0 0 0 0 3 1 3 5 2 2 0 5 4 
3 3 4 1 2 0 0 3 1 1 2 4 5 2 3 3 
1 0 0 0 3 0 0 0 0 0 4 4 2 0 3 2 
100 9
2 0 2 1
2 0 1 0
2 0 3 0
3 10 3 8
3 10 6 10
3 10 6 10
13 0 13 1
13 0 6 0
13 0 14 0

1360

1 3       2 2   3     3 1 2 4 3 
2         2     1       1   2   
5 5                   6 3 2     
2 1 1           1 - 3           
2   5             1 ǁ   1       
                    ǁ         3 
3   5               6 5   3     
|     2   3   3 2 3     1   4 4 
|     2       5 2             1 
| 1     3     4 3 3   3 2     1 
|       2     1 2     3   3     
|       1       2     2   2     
|     2             5       6 4 
5 4 4         3 1 3 5 2 2   5 4 
3 3 4 1 2     3 1 1 2 4 5 2 3 3 
1       3           4 4 2   3 2 
