16 16
1 0 2 2 0 0 0 0 3 2 0 0 0 0 4 2 
3 0 6 0 0 4 6 2 0 4 0 0 0 0 7 6 
0 1 0 4 0 4 2 0 0 2 0 0 0 0 0 0 
6 3 0 4 0 2 0 0 0 0 0 0 2 0 0 0 
4 2 0 0 0 0 0 0 0 0 0 0 0 0 0 0 
3 0 8 8 0 0 0 0 4 0 0 0 3 2 0 2 
0 2 0 0 2 0 4 0 6 0 5 0 2 0 0 2 
5 4 0 5 0 5 2 1 0 0 0 0 0 0 0 4 
0 1 0 0 2 6 5 2 0 0 0 1 3 3 0 0 
5 4 0 0 0 0 0 0 0 0 0 0 0 0 0 0 
1 1 0 6 4 2 6 2 0 2 5 0 0 0 0 0 
2 0 0 3 1 1 3 0 0 2 4 0 0 0 0 0 
3 0 7 0 0 0 0 0 6 0 0 0 5 2 0 0 
4 0 7 0 0 0 0 3 0 0 0 0 0 0 5 3 
2 4 7 0 0 0 0 0 0 0 0 0 5 2 6 4 
2 4 2 2 0 0 0 0 4 0 0 0 4 1 2 2 
100 97
1 6 1 5
1 6 1 7
1 6 2 6
1 14 1 9
1 14 1 15
1 14 0 14
1 14 13 14
1 15 1 14
1 15 0 15
1 15 5 15
3 0 3 1
3 0 1 0
3 0 4 0
5 2 5 0
5 2 5 3
5 2 1 2
5 2 12 2
5 3 5 2
5 3 5 8
5 3 3 3
5 3 7 3
6 1 7 1
6 10 6 8
6 10 6 12
6 10 10 10
7 0 7 1
7 0 5 0
7 0 9 0
7 5 7 3
7 5 7 6
7 5 8 5
7 15 6 15
7 15 13 15
7 15 6 15
7 15 13 15
8 11 8 12
9 0 9 1
9 0 7 0
9 0 10 0
9 0 9 1
9 1 8 1
9 1 10 1
10 3 10 4
10 3 7 3
10 3 11 3
10 3 10 4
10 3 7 3
10 3 11 3
11 0 12 0
11 10 11 9
11 10 10 10
13 2 13 0
13 2 13 7
13 2 12 2
13 2 14 2
1 6 1 5
1 6 1 7
1 6 2 6
1 15 1 14
1 15 0 15
2 1 3 1
2 9 1 9
3 0 3 1
3 0 1 0
3 0 4 0
4 1 4 0
5 2 5 0
5 2 5 3
5 2 1 2
6 1 7 1
6 4 6 6
7 0 7 1
11 0 12 0
11 3 11 4
11 10 11 9
11 10 10 10
12 2 12 0
12 2 12 8
12 2 13 2
13 0 13 2
13 0 14 0
13 0 14 0
14 1 14 2
14 1 15 1
15 0 15 1
15 0 15 1
0 14 0 9
0 14 1 14
0 14 0 9
1 9 2 9
4 0 4 1
6 4 6 6
11 6 11 5
11 6 10 6
11 6 10 6
14 1 14 2
14 1 15 1

896

1   2 2         3 2 = = = = 4 2 
3   6     4 6 2   4 - - - - 7 6 
ǁ 1 ǁ 4   4 2     2         | | 
6 3 ǁ 4   2             2   | | 
4 2 ǁ |                     | | 
3 = 8 8 - - - - 4       3 2 | 2 
| 2 | | 2 = 4   6 - 5 - 2   | 2 
5 4 | 5 - 5 2 1     |       | 4 
ǁ 1 | ǁ 2 6 5 2     | 1 3 3 | ǁ 
5 4 | ǁ             |       | ǁ 
1 1 | 6 4 2 6 2   2 5       | ǁ 
2   | 3 1 1 3     2 4       | ǁ 
3 - 7 - - - - - 6       5 2 | ǁ 
4 = 7 - - - - 3             5 3 
2 4 7                   5 2 6 4 
2 4 2 2         4       4 1 2 2 
