16 16
4 6 0 0 3 3 0 5 5 0 0 5 0 2 1 0 
2 0 0 0 0 0 2 0 4 0 0 4 2 0 6 1 
2 3 1 0 0 4 0 0 0 0 0 0 0 0 0 1 
0 0 0 0 0 3 3 0 0 0 0 0 0 0 0 0 
6 0 0 0 5 0 0 7 0 0 0 0 0 0 8 3 
0 0 0 0 0 2 2 0 2 0 5 0 6 4 0 2 
0 1 0 0 0 0 0 0 4 0 5 2 0 0 0 0 
0 0 0 0 0 0 0 0 3 0 0 0 0 0 0 4 
4 4 2 0 0 5 6 0 5 0 0 0 8 4 0 0 
2 2 0 0 0 0 0 0 0 0 0 0 0 0 0 0 
2 1 0 0 0 0 3 0 5 0 2 0 0 0 0 0 
4 0 6 0 3 0 1 0 3 0 2 0 0 0 0 0 
4 2 0 2 0 7 0 7 0 0 0 0 5 1 0 0 
0 0 0 2 0 8 4 4 0 0 2 1 0 0 7 6 
5 0 6 4 0 7 5 4 2 0 7 3 3 0 4 2 
3 2 2 2 0 1 2 3 2 0 4 1 1 0 0 0 
100 161
0 0 0 1
0 0 1 0
0 0 0 1
0 0 1 0
0 1 0 4
0 1 2 1
0 7 0 5
0 7 0 8
0 7 4 7
0 11 0 8
0 11 0 13
0 11 1 11
1 6 3 6
1 14 1 12
1 14 1 15
1 14 0 14
1 14 4 14
2 15 4 15
4 0 4 4
4 0 2 0
4 0 8 0
4 0 4 4
4 0 2 0
4 0 8 0
4 14 4 7
4 14 4 15
4 14 1 14
4 14 13 14
5 10 5 8
5 10 5 12
5 10 6 10
5 12 5 10
5 12 5 13
5 12 8 12
5 12 5 13
5 12 8 12
5 13 8 13
7 15 5 15
7 15 13 15
7 15 5 15
7 15 13 15
8 0 8 1
8 0 9 0
8 12 8 8
8 12 8 13
8 12 12 12
12 5 12 3
12 5 12 7
12 5 8 5
12 5 13 5
13 5 13 3
13 5 13 6
13 5 12 5
13 5 14 5
13 5 13 3
13 5 13 6
13 5 12 5
13 6 13 7
13 6 14 6
13 14 13 11
13 14 13 15
13 14 4 14
13 14 14 14
13 15 13 14
13 15 14 15
14 0 14 2
14 0 12 0
14 0 15 0
14 5 14 3
14 5 14 6
14 5 15 5
14 5 14 3
14 5 14 6
14 5 14 6
14 10 14 8
14 10 14 11
14 10 13 10
14 10 15 10
0 1 0 4
0 1 2 1
0 13 0 11
1 6 3 6
1 8 1 11
1 8 0 8
1 8 1 11
1 8 0 8
1 11 1 12
2 1 2 2
2 5 0 5
2 5 3 5
2 5 0 5
2 5 3 5
4 14 4 7
4 14 4 15
5 13 8 13
6 11 6 10
8 12 8 8
8 12 8 13
8 12 12 12
12 13 12 12
13 14 13 15
14 3 14 2
14 3 15 3
14 14 14 12
14 14 14 15
14 14 14 12
15 3 15 2
0 4 4 4
0 7 0 8
0 7 4 7
6 11 6 10
12 12 12 7
14 2 14 0
14 2 11 2
14 2 15 2
14 2 11 2
15 1 15 0
11 2 11 0
11 2 11 4
11 2 8 2
11 2 11 0
11 4 4 4
12 1 12 0
12 3 12 5
12 7 12 12
12 7 4 7
12 7 13 7
15 1 15 0
6 1 8 1
8 1 8 2
8 1 9 1
8 5 8 6
8 5 5 5
8 5 8 6
8 5 5 5
8 6 5 6
8 6 10 6
8 6 5 6
8 6 10 6
10 6 11 6
10 8 10 10
10 8 8 8
10 8 11 8
11 0 10 0
11 0 12 0
11 4 4 4
12 0 12 1
12 7 4 7
12 7 13 7
13 7 13 10
14 10 14 8
14 10 14 11
14 10 15 10
15 10 15 8
15 10 15 11
15 12 14 12
3 5 3 6
14 7 14 6
14 7 15 7
14 7 15 7
15 6 15 7

1245

4 6 = = 3 3 - 5 5 - - 5 = 2 1   
2 ǁ     | ǁ 2 ǁ 4 = = 4 2 - 6 1 
2 3 1   | 4 ǁ ǁ             ǁ 1 
ǁ       | 3 3 ǁ             ǁ | 
6 = = = 5     7 = = = = = = 8 3 
ǁ       ǁ 2 2 ǁ 2 - 5 = 6 4 ǁ 2 
ǁ 1     ǁ ǁ ǁ ǁ 4   5 2 ǁ ǁ ǁ ǁ 
ǁ |     ǁ ǁ ǁ ǁ 3       ǁ ǁ ǁ 4 
4 4 2   ǁ 5 6 ǁ 5 = = = 8 4 ǁ ǁ 
2 2 |   ǁ | ǁ ǁ |       ǁ   ǁ ǁ 
2 1 |   ǁ | 3 ǁ 5 - 2   ǁ   ǁ ǁ 
4 = 6 - 3 | 1 ǁ 3   2   ǁ   ǁ ǁ 
4 2 ǁ 2 = 7 - 7 = = = = 5 1 ǁ ǁ 
|   ǁ 2 = 8 4 4 - - 2 1 - - 7 6 
5 = 6 4 = 7 5 4 2 = 7 3 3 = 4 2 
3 2 2 2   1 2 3 2 - 4 1 1       
