16 16
3 3 0 0 4 1 2 0 0 0 0 2 2 3 0 2 
4 2 0 0 0 0 0 0 0 0 1 0 0 3 2 0 
1 2 0 0 3 0 4 0 0 0 0 0 0 4 3 0 
1 0 0 3 0 0 5 0 0 0 0 2 1 0 1 0 
2 0 0 0 0 3 0 3 0 0 0 0 0 4 0 0 
3 5 3 0 4 6 0 3 0 0 0 1 0 0 0 0 
1 3 3 0 0 2 0 5 0 0 0 2 0 0 0 0 
0 0 1 0 0 0 0 2 0 0 0 0 0 0 0 0 
2 0 0 0 4 0 5 0 0 0 0 0 0 5 5 2 
1 2 0 0 4 1 0 2 3 3 1 0 0 2 0 1 
0 2 2 0 2 0 0 3 0 6 0 0 0 0 4 0 
4 0 0 0 0 0 4 2 2 4 0 2 2 0 5 4 
5 0 0 0 0 0 0 0 0 0 4 1 0 1 0 1 
3 0 0 0 0 0 0 2 1 0 0 1 0 0 0 1 
2 0 2 1 0 0 0 0 0 0 3 0 1 3 6 2 
0 0 2 0 0 0 0 0 2 0 2 2 0 0 5 2 
100 10
11 15 11 14
11 15 9 15
11 15 12 15
11 15 11 14
12 0 12 10
12 0 11 0
12 0 13 0
15 14 15 11
15 14 15 15
15 14 14 14

824

3 3     4 1 2         2 2 3   2 
4 2                 1     3 2   
1 2     3   4             4 3   
1     3     5         2 1   1   
2         3   3           4     
3 5 3   4 6   3       1         
1 3 3     2   5       2         
    1         2                 
2       4   5             5 5 2 
1 2     4 1   2 3 3 1     2   1 
  2 2   2     3   6         4 | 
4           4 2 2 4   2 2   5 4 
5 - - - - - - - - - 4 1   1   1 
3             2 1     1       1 
2   2 1             3   1 3 6 2 
    2           2   2 2 - - 5 2 
