16 16
3 0 4 1 3 1 1 2 0 0 1 0 3 0 2 1 
4 0 7 0 5 0 0 4 0 0 0 1 2 1 0 0 
0 2 5 2 0 1 0 0 3 0 0 0 0 0 6 3 
0 3 0 0 0 0 0 0 2 1 2 2 3 0 0 1 
0 0 0 1 0 4 0 4 0 0 5 4 3 0 0 0 
3 0 0 1 0 0 0 2 0 0 0 3 1 0 0 0 
3 0 0 0 0 3 1 2 1 0 0 1 1 0 0 1 
0 0 4 2 0 0 0 0 0 0 0 0 0 0 0 0 
0 0 3 1 0 0 0 0 0 0 2 4 2 0 0 0 
0 0 1 0 0 0 0 0 0 0 0 2 0 0 0 0 
4 7 0 0 5 0 0 0 0 0 0 0 0 0 5 2 
1 0 1 2 0 2 0 0 4 4 2 0 0 0 0 0 
2 5 2 2 6 3 0 0 0 1 0 0 0 0 0 0 
0 3 3 3 6 0 0 0 5 0 5 0 1 0 0 0 
1 1 3 3 4 0 2 3 3 0 1 2 0 0 5 0 
0 0 1 1 0 0 0 0 0 0 0 0 0 0 3 0 
100 15
1 2 1 0
1 2 1 4
1 2 0 2
1 2 2 2
1 13 1 12
10 1 10 0
10 1 10 4
10 1 3 1
10 1 12 1
14 14 14 11
14 14 10 14
14 14 15 14
15 14 15 3
15 14 14 14
15 2 14 2

929

3   4 1 3 1 1 2     1   3   2 1 
4 - 7 - 5     4       1 2 1     
  2 5 2   1     3           6 3 
  3             2 1 2 2 3     1 
  |   1   4   4     5 4 3       
3 |   1       2       3 1       
3 |       3 1 2 1     1 1     1 
  | 4 2                         
  | 3 1             2 4 2       
  | 1                 2         
4 7 - - 5                   5 2 
1 | 1 2   2     4 4 2       |   
2 5 2 2 6 3       1         |   
  3 3 3 6       5   5   1   |   
1 1 3 3 4   2 3 3   1 2 - - 5   
    1 1 - - - - - - - - - - 3   
