16 16
2 4 3 2 4 2 0 0 0 2 0 0 3 1 0 3 
4 6 5 0 8 0 0 0 0 0 0 0 7 0 4 6 
0 0 0 0 0 2 1 0 0 0 0 0 6 6 2 0 
0 0 0 0 0 4 3 2 2 0 0 0 0 0 2 0 
0 0 0 0 0 4 5 7 5 1 0 0 0 0 0 0 
0 0 4 1 0 0 0 5 0 4 2 0 0 0 0 0 
4 0 4 3 0 0 0 0 0 1 1 0 0 0 0 0 
0 0 0 0 0 0 0 4 0 0 3 0 0 0 0 0 
2 0 0 1 0 0 0 0 0 0 0 0 0 0 0 0 
2 0 1 0 0 4 0 0 0 0 0 0 0 4 0 4 
0 0 0 0 0 2 0 0 0 0 0 0 0 2 0 2 
6 7 0 0 8 0 5 0 0 0 0 0 6 0 7 4 
0 5 4 4 0 4 4 4 0 4 1 0 4 3 5 4 
6 6 2 2 0 2 0 3 1 0 1 0 0 3 1 0 
5 4 0 0 7 0 8 0 0 4 2 3 2 0 1 0 
2 2 2 0 6 2 4 0 0 0 0 0 0 4 2 0 
100 97
0 15 0 13
0 15 1 15
0 15 1 15
1 4 1 2
1 4 1 12
1 4 0 4
1 4 11 4
1 15 1 14
1 15 9 15
2 13 2 12
2 13 2 14
2 13 9 13
4 7 4 6
4 7 4 8
4 7 3 7
4 7 5 7
11 0 11 1
11 0 9 0
11 0 13 0
11 4 11 1
11 4 11 6
11 4 1 4
11 4 14 4
11 14 11 12
11 14 11 15
11 14 3 14
11 14 12 14
12 1 12 2
12 1 11 1
12 1 13 1
12 3 12 2
12 3 13 3
12 3 12 2
12 3 13 3
12 5 12 6
12 5 13 5
12 5 12 6
12 5 13 5
12 15 12 14
12 15 11 15
13 0 13 1
13 0 11 0
13 0 14 0
13 7 13 8
13 7 12 7
13 7 12 7
14 6 14 4
14 6 14 9
14 6 12 6
14 6 15 6
15 4 15 2
15 4 15 5
15 4 14 4
1 4 1 2
1 4 1 12
1 4 0 4
1 12 1 14
1 12 0 12
1 12 2 12
1 15 1 14
1 15 9 15
2 13 2 12
2 13 2 14
2 13 9 13
3 14 11 14
4 8 4 7
4 8 4 9
4 8 3 8
9 15 10 15
11 0 11 1
11 0 9 0
11 4 11 1
11 4 11 6
11 4 14 4
12 15 12 14
12 15 11 15
13 0 13 1
13 0 14 0
14 6 14 4
14 6 14 9
14 6 12 6
14 6 15 6
15 4 15 2
15 4 15 5
15 4 14 4
15 6 15 13
15 6 15 13
1 14 1 12
4 8 4 7
9 2 6 2
9 15 10 15
11 15 11 14
14 4 14 1
3 8 3 7
8 0 6 0
8 3 6 3
8 0 6 0

1257

2 4 3 2 4 2       2     3 1 - 3 
4 6 5 = 8 = = = = = = = 7 = 4 6 
        ǁ 2 1           6 6 2 ǁ 
        ǁ 4 3 2 2         ǁ 2 ǁ 
        ǁ 4 5 7 5 1       ǁ ǁ ǁ 
    4 1 ǁ     5   4 2     ǁ ǁ ǁ 
4   4 3 ǁ         1 1     ǁ ǁ ǁ 
ǁ   | | ǁ     4     3     ǁ ǁ ǁ 
2   | 1 ǁ                 ǁ ǁ ǁ 
2   1   ǁ 4               4 ǁ 4 
ǁ       ǁ 2               2 ǁ 2 
6 7 = = 8 = 5           6 - 7 4 
ǁ 5 4 4 ǁ 4 4 4   4 1   4 3 5 4 
6 6 2 2 ǁ 2 ǁ 3 1   1     3 1   
5 4 - - 7 = 8 = = 4 2 3 2   1   
2 2 2 = 6 2 4 = = = = = = 4 2   
