16 16
1 4 3 2 3 1 1 0 3 2 0 3 1 0 1 0 
1 0 1 0 0 0 1 0 5 0 0 4 4 1 3 0 
0 0 0 0 0 0 0 0 2 3 2 0 1 0 0 0 
0 0 2 0 5 0 0 0 0 0 0 4 0 1 0 2 
0 0 2 0 4 0 0 0 1 0 0 0 1 2 0 0 
0 0 1 1 4 0 3 2 0 0 0 0 0 0 0 0 
0 0 0 0 2 1 2 2 0 0 0 0 0 0 0 0 
4 6 0 0 0 0 0 0 0 0 0 7 0 6 8 5 
2 0 0 0 0 0 0 0 0 0 0 0 1 0 0 0 
1 0 0 0 0 1 0 0 0 0 0 0 0 0 0 0 
0 0 0 0 0 0 0 1 0 0 0 6 3 0 0 1 
2 4 1 0 0 2 0 0 0 4 0 6 2 2 4 2 
0 0 0 0 0 0 1 3 1 0 1 0 2 5 3 2 
0 0 0 0 0 0 0 4 0 4 3 3 4 4 0 1 
2 6 0 0 0 0 4 4 1 3 4 3 3 2 3 1 
0 3 0 0 0 0 0 3 2 2 2 0 0 0 1 0 
100 19
7 11 7 1
7 11 7 13
7 11 3 11
7 11 10 11
7 14 7 13
7 14 7 15
7 14 1 14
7 14 11 14
7 14 7 13
7 14 7 15
7 14 1 14
7 14 11 14
7 15 3 15
7 15 10 15
7 15 3 15
8 12 10 12
7 13 7 11
7 13 4 13
7 13 11 13

1070

1 4 3 2 3 1 1   3 2   3 1   1   
1   1       1   5     4 4 1 3   
                2 3 2   1   ǁ   
    2   5             4   1 ǁ 2 
    2   4       1     | 1 2 ǁ ǁ 
    1 1 4   3 2       |   | ǁ ǁ 
        2 1 2 2       |   | ǁ ǁ 
4 6 - - - - - - - - - 7 = 6 8 5 
2                     | 1 | ǁ | 
1         1           | | | ǁ | 
              1       6 3 | ǁ 1 
2 4 1     2       4   6 2 2 4 2 
            1 3 1   1   2 5 3 2 
              4   4 3 3 4 4   1 
2 6         4 4 1 3 4 3 3 2 3 1 
  3           3 2 2 2       1   
