16 16
0 0 0 2 2 3 2 0 4 2 6 0 2 1 2 0 
2 0 0 7 0 6 0 0 7 0 7 0 0 6 7 1 
2 2 0 0 2 4 1 2 0 2 2 0 0 1 0 0 
0 0 0 3 3 2 0 0 0 6 0 0 0 3 0 0 
4 7 0 4 4 0 6 6 0 0 2 4 0 1 3 0 
0 0 0 2 2 0 0 2 0 0 1 7 2 2 3 0 
0 0 0 0 0 0 0 0 0 0 0 0 0 0 0 0 
4 7 0 0 0 0 6 0 6 5 0 4 0 0 0 0 
2 0 0 0 3 1 0 4 8 6 0 4 4 0 3 0 
0 0 0 0 0 0 0 2 0 0 3 0 2 0 0 0 
2 8 0 0 4 2 5 2 0 4 0 0 0 0 0 0 
0 3 1 0 0 1 4 4 0 2 0 0 0 0 0 0 
2 0 0 0 0 5 0 0 6 0 6 0 2 0 0 0 
1 5 0 0 0 8 2 0 0 0 2 0 0 0 2 0 
0 4 0 0 0 2 2 0 7 0 0 2 0 0 1 0 
0 2 0 0 0 0 0 0 1 0 0 0 0 0 0 0 
100 112
0 10 0 9
0 10 0 12
0 10 1 10
1 3 1 0
1 3 1 5
1 3 0 3
1 3 3 3
1 8 1 5
1 8 1 10
1 8 0 8
1 8 7 8
1 13 1 10
1 13 1 14
1 13 0 13
1 13 2 13
1 14 1 13
1 14 1 15
1 14 0 14
1 14 4 14
3 9 3 13
3 9 2 9
3 9 7 9
3 9 3 13
3 9 2 9
3 9 7 9
3 13 4 13
4 1 4 0
4 1 4 3
4 1 2 1
4 1 7 1
4 7 4 6
4 7 2 7
4 7 5 7
4 7 4 6
4 7 2 7
4 7 5 7
4 11 4 10
4 11 5 11
5 11 5 10
5 11 5 12
5 11 4 11
5 11 7 11
8 8 8 7
8 8 8 9
8 8 7 8
8 8 12 8
10 1 10 0
10 1 10 4
10 1 7 1
10 1 11 1
10 9 8 9
10 9 11 9
10 9 8 9
10 9 11 9
11 7 11 6
11 7 10 7
11 7 11 6
11 7 10 7
13 5 13 1
13 5 13 6
13 5 12 5
13 5 14 5
14 8 14 6
14 8 14 11
14 8 12 8
14 8 15 8
15 1 14 1
15 1 14 1
0 10 0 9
0 10 0 12
0 10 1 10
0 14 1 14
1 13 1 10
1 14 4 14
2 10 1 10
4 10 4 11
4 14 5 14
5 11 5 12
5 11 7 11
5 13 5 14
5 13 5 14
8 8 8 7
8 8 8 9
8 8 7 8
8 8 12 8
9 7 8 7
10 1 10 0
10 1 10 4
10 1 7 1
10 1 11 1
10 6 10 5
10 6 7 6
10 6 11 6
13 5 13 1
13 5 13 6
13 5 12 5
13 5 14 5
14 1 13 1
14 1 13 1
14 6 14 8
14 8 14 11
14 8 12 8
14 14 13 14
0 8 0 6
0 8 1 8
2 10 1 10
8 0 7 0
8 7 9 7
0 8 0 6
1 8 1 5
1 8 7 8
8 0 7 0

716

      2 2 3 2 = 4 2 6 = 2 1 2   
2 - - 7 - 6 = = 7 - 7 = = 6 7 1 
2 2   | 2 4 1 2 ǁ 2 2     1 ǁ   
  |   3 3 2   ǁ ǁ 6 = = = 3 ǁ   
4 7 - 4 4   6 6 ǁ ǁ 2 4   1 3   
  |   2 2     2 ǁ ǁ 1 7 2 2 3   
  |             ǁ ǁ   ǁ         
4 7         6   6 5   4         
2 ǁ     3 1 | 4 8 6   4 4   3   
  ǁ         | 2 ǁ ǁ 3   2       
2 8 = = 4 2 5 2 ǁ 4             
  3 1     1 4 4 ǁ 2             
2         5     6   6   2       
1 5 = = = 8 2   ǁ   2       2   
  4       2 2 = 7 = = 2     1   
  2             1               
