16 16
3 0 5 0 0 2 2 3 3 0 0 0 3 2 0 2 
0 1 0 2 1 3 0 0 0 2 3 2 0 1 3 0 
0 0 0 3 0 5 0 0 0 0 0 0 4 0 3 0 
0 0 0 3 1 1 2 3 0 1 0 0 0 2 4 3 
0 0 0 3 2 0 4 0 0 0 0 0 0 1 0 0 
0 0 0 2 3 1 0 3 0 0 0 0 4 0 4 0 
0 0 0 2 3 0 5 5 0 2 0 0 0 1 3 0 
0 0 0 4 2 2 0 2 0 0 0 0 0 1 2 0 
0 0 0 2 4 5 0 0 0 0 0 0 0 1 2 0 
0 0 0 1 0 2 0 0 0 0 0 0 0 1 0 0 
0 0 0 0 3 2 0 2 0 0 0 0 4 3 0 0 
4 5 0 0 1 0 0 2 4 3 4 2 0 0 0 0 
0 4 5 3 0 0 4 0 5 2 0 1 0 3 0 0 
0 2 3 0 0 0 0 0 0 0 3 1 0 2 0 0 
4 0 0 0 0 0 0 0 0 0 0 0 5 0 5 4 
2 0 1 1 3 0 0 0 0 0 0 0 4 1 1 1 
100 14
0 2 0 0
0 2 0 5
0 2 12 2
1 1 11 1
1 14 1 13
1 14 2 14
1 14 2 14
11 1 11 0
11 1 12 1
11 1 11 0
11 1 12 1
12 8 12 6
12 8 12 9
12 8 11 8

597

3 - 5 - - 2 2 3 3       3 2   2 
  1 | 2 1 3       2 3 2   1 3   
  | | 3   5             4   3   
  | | 3 1 1 2 3   1       2 4 3 
  | | 3 2   4             1     
  | | 2 3 1   3         4   4   
  | | 2 3   5 5   2       1 3   
  | | 4 2 2   2           1 2   
  | | 2 4 5               1 2   
  | | 1   2               1     
  | |   3 2   2         4 3     
4 5 |   1     2 4 3 4 2         
  4 5 3     4 - 5 2   1   3     
  2 3               3 1   2     
4                       5   5 4 
2   1 1 3               4 1 1 1 
