16 16
3 0 0 6 0 0 0 5 0 0 2 0 4 0 2 3 
0 4 0 8 5 2 1 0 0 0 0 0 0 3 4 0 
1 0 0 4 5 6 4 0 0 0 0 0 0 0 0 0 
0 0 0 2 3 4 4 0 0 0 0 0 0 0 0 2 
1 5 0 0 7 1 0 0 0 0 0 0 0 3 0 1 
0 0 0 0 0 0 0 0 0 0 0 0 0 2 0 0 
2 0 0 0 6 0 0 8 0 0 0 0 8 0 8 5 
0 4 2 1 0 1 0 0 0 0 3 0 7 4 0 4 
0 0 0 0 0 0 2 0 0 0 1 2 0 2 0 0 
3 5 2 0 0 0 0 0 4 0 0 6 0 0 0 0 
3 2 0 0 0 0 0 0 3 3 2 0 3 2 0 4 
2 0 0 0 3 5 4 0 0 0 0 0 0 0 0 0 
2 7 0 7 0 0 0 7 0 0 0 6 1 0 0 0 
1 0 2 0 0 2 0 0 0 2 0 6 2 0 6 5 
3 4 4 4 4 8 0 7 0 2 2 5 0 4 2 1 
0 3 2 0 2 2 0 3 0 0 0 2 0 1 0 0 
100 175
0 0 0 3
0 0 2 0
0 0 0 3
0 3 0 7
0 3 1 3
1 1 1 3
1 1 4 1
1 1 1 3
1 1 4 1
1 3 1 4
1 3 0 3
1 3 2 3
4 4 4 1
4 4 4 5
4 4 3 4
4 4 6 4
6 7 6 4
6 7 6 12
6 7 0 7
6 7 12 7
6 7 6 4
6 7 6 12
6 7 0 7
6 7 12 7
6 12 6 14
6 12 0 12
6 12 7 12
6 14 6 12
6 14 6 15
6 14 1 14
6 14 13 14
6 15 6 14
6 15 4 15
6 15 7 15
7 13 7 12
7 13 8 13
7 13 7 12
7 13 8 13
7 15 6 15
7 15 10 15
7 15 10 15
8 6 11 6
9 8 9 11
9 8 10 8
9 8 9 11
9 8 10 8
9 11 8 11
9 11 12 11
10 8 10 9
10 15 13 15
11 6 11 5
11 6 8 6
11 6 11 5
12 1 12 0
12 1 12 3
12 1 10 1
12 1 14 1
12 3 12 1
12 3 12 7
12 3 7 3
12 3 14 3
13 2 14 2
13 15 13 14
13 15 10 15
13 15 14 15
13 15 13 14
14 0 14 1
14 0 13 0
14 0 14 1
14 5 14 4
14 5 14 7
14 5 13 5
14 5 15 5
14 5 14 4
14 5 14 7
14 5 13 5
14 5 15 5
14 7 14 9
14 7 12 7
14 7 15 7
0 3 0 7
0 7 0 10
0 10 0 12
0 12 0 14
0 12 6 12
1 3 1 4
1 3 2 3
2 3 2 4
2 3 3 3
3 3 3 4
3 6 3 5
3 6 2 6
3 6 3 5
3 6 2 6
3 15 0 15
4 4 4 1
4 4 3 4
4 4 6 4
5 13 4 13
6 12 7 12
6 14 1 14
6 14 13 14
7 5 11 5
9 11 8 11
9 11 12 11
11 5 11 4
12 3 12 7
12 3 14 3
12 11 12 7
12 11 12 12
12 11 13 11
12 11 12 7
13 2 14 2
13 11 13 9
13 11 13 12
13 11 14 11
13 11 13 9
13 11 13 12
13 14 14 14
13 14 14 14
14 3 14 2
14 3 14 4
14 4 15 4
14 7 14 9
14 7 15 7
14 10 14 11
15 4 15 2
15 7 15 11
0 15 0 14
0 15 3 15
1 14 1 13
1 14 1 13
2 4 2 5
2 4 1 4
2 6 2 5
2 6 1 6
3 5 2 5
3 5 2 5
4 13 1 13
4 13 5 13
8 10 7 10
10 9 10 10
10 10 10 9
11 5 11 4
14 2 14 1
14 10 14 11
15 1 15 2
2 4 2 5
2 4 1 4
2 5 1 5
7 10 7 12
11 4 6 4
12 1 12 0
12 1 10 1
1 4 1 5
6 4 6 0
7 1 7 2
7 1 9 1
7 1 7 2
7 1 9 1
7 10 7 12
7 12 10 12
9 2 9 1
10 12 10 13
11 0 10 0
4 1 4 0
6 0 9 0
9 2 9 1
10 12 10 13
11 0 10 0
14 13 14 11
14 13 15 13
14 13 14 11
9 0 9 1
9 0 10 0

1070

3 = = 6 = = = 5 - - 2 - 4 - 2 3 
| 4 = 8 5 2 1 ǁ         ǁ 3 4 ǁ 
1 ǁ   4 5 6 4 ǁ         ǁ | ǁ ǁ 
  ǁ   2 3 4 4 ǁ         ǁ | ǁ 2 
1 5 = = 7 1   ǁ         ǁ 3 ǁ 1 
        ǁ     ǁ         ǁ 2 ǁ | 
2 - - - 6 = = 8 = = = = 8 = 8 5 
| 4 2 1 | 1   ǁ     3 = 7 4 ǁ 4 
| ǁ   | | | 2 ǁ     1 2 | 2 ǁ ǁ 
3 5 2 | | | ǁ ǁ 4 = = 6 |   ǁ ǁ 
3 2   | | | ǁ ǁ 3 3 2 ǁ 3 2 ǁ 4 
2 ǁ   | 3 5 4 ǁ       ǁ     ǁ ǁ 
2 7 = 7 = = = 7 = = = 6 1   ǁ ǁ 
1 | 2 ǁ   2   |   2 = 6 2   6 5 
3 4 4 4 4 8 = 7 = 2 2 5 = 4 2 1 
  3 2 - 2 2   3 - - - 2   1     
