16 16
2 0 0 0 0 3 3 0 0 0 0 0 0 0 5 2 
0 0 0 0 2 0 1 0 0 0 3 3 4 1 0 2 
2 2 3 4 0 0 4 2 0 0 0 0 0 0 0 3 
0 0 3 0 0 0 0 2 5 0 7 0 6 2 0 0 
0 0 4 7 4 0 0 0 3 2 0 0 4 2 0 0 
0 0 0 0 0 0 0 0 0 0 0 0 0 0 0 0 
0 0 0 0 0 0 5 0 0 0 7 0 8 4 0 0 
4 0 0 0 0 0 1 1 2 2 0 2 4 0 0 0 
0 0 0 0 0 0 0 0 0 0 0 4 0 6 0 0 
0 4 0 5 0 6 0 6 6 4 0 3 0 2 0 0 
0 3 2 3 2 0 0 4 2 0 0 0 0 0 0 0 
5 0 0 0 0 5 0 0 0 0 5 6 0 0 4 4 
2 4 3 0 0 0 2 4 0 0 3 2 2 0 3 0 
2 5 5 0 0 7 0 0 0 0 0 0 0 0 4 1 
0 1 4 1 4 6 4 5 0 0 0 0 0 0 6 2 
2 0 6 5 6 4 2 4 0 0 0 0 4 2 3 1 
100 152
0 14 0 6
0 14 0 15
0 14 11 14
3 8 3 7
3 8 3 10
3 8 4 8
4 3 4 2
4 3 4 4
4 3 2 3
4 3 9 3
6 6 6 10
6 6 2 6
6 6 7 6
6 12 6 10
6 12 6 13
6 12 4 12
6 12 7 12
6 12 6 10
6 12 6 13
6 12 4 12
6 12 7 12
6 13 4 13
6 13 8 13
7 0 2 0
7 0 11 0
7 0 2 0
7 0 11 0
7 12 7 11
7 12 12 12
8 11 7 11
8 11 9 11
8 11 9 11
8 11 9 11
8 13 9 13
9 9 9 8
9 9 7 9
9 9 9 8
9 9 7 9
11 11 11 10
11 11 12 11
11 11 11 10
11 11 12 11
11 11 11 10
11 11 11 10
13 5 13 2
13 5 13 14
13 5 11 5
13 5 14 5
14 7 14 6
14 7 14 14
14 7 15 7
15 2 15 0
15 2 15 3
15 2 14 2
15 2 15 0
15 2 15 3
15 2 14 2
15 3 15 4
15 3 14 3
15 3 15 4
15 4 15 5
15 4 14 4
15 12 15 7
15 12 15 13
15 12 15 7
15 12 15 13
15 14 15 15
15 14 14 14
15 14 14 14
0 0 0 5
0 0 0 5
6 6 6 10
6 6 2 6
8 13 9 13
9 8 9 7
9 8 7 8
9 8 10 8
9 8 9 7
10 8 10 7
12 6 12 7
12 12 12 14
14 2 14 1
14 2 13 2
14 4 14 5
14 4 15 4
14 4 14 5
14 5 14 6
14 5 13 5
14 5 15 5
14 6 14 7
14 6 15 6
14 14 14 7
14 14 14 15
14 14 13 14
14 15 13 15
15 4 15 5
15 5 15 6
7 8 7 7
9 7 9 5
9 7 10 7
11 15 11 14
11 15 2 15
11 15 11 14
11 15 2 15
12 6 12 7
12 7 12 10
12 7 10 7
12 10 11 10
13 1 13 0
13 1 13 2
13 1 12 1
13 14 13 5
13 14 12 14
1 15 0 15
1 15 2 15
6 10 3 10
9 7 9 5
9 7 10 7
11 14 0 14
0 14 0 6
4 9 4 8
4 12 4 13
4 12 3 12
6 10 3 10
9 5 9 3
9 5 0 5
9 5 11 5
9 5 9 3
10 4 10 3
0 6 1 6
1 4 4 4
2 3 2 2
2 3 4 3
2 3 2 2
2 6 2 7
3 12 3 10
3 12 3 13
3 12 1 12
3 12 3 10
3 12 3 13
4 4 4 3
4 4 1 4
4 9 4 8
10 4 10 3
1 12 1 11
1 12 1 13
1 12 1 11
2 6 2 7
3 7 3 8
3 8 3 10
3 10 1 10
1 10 1 11

1171

2 = = = = 3 3 = = = = = = = 5 2 
        2 | 1       3 3 4 1 ǁ 2 
2 2 3 4 ǁ | 4 2     |   |   ǁ 3 
ǁ   3 ǁ ǁ | ǁ 2 5 = 7 = 6 2 ǁ ǁ 
ǁ   4 7 4 | ǁ   3 2 ǁ   4 2 ǁ ǁ 
ǁ     |   | ǁ       ǁ   ǁ | ǁ ǁ 
ǁ     |   | 5 = = = 7 = 8 4 ǁ ǁ 
4     |   | 1 1 2 2   2 4 | ǁ ǁ 
ǁ     |   |     | ǁ   4 | 6 ǁ ǁ 
ǁ 4   5 = 6 = 6 6 4   3 | 2 ǁ ǁ 
ǁ 3 2 3 2 |   4 2       |   ǁ ǁ 
5         5   |     5 6 |   4 4 
2 4 3     | 2 4 - - 3 2 2 - 3   
2 5 5 - - 7 = = = = = = = = 4 1 
  1 4 1 4 6 4 5 = = = = = = 6 2 
2 = 6 5 6 4 2 4 = = = = 4 2 3 1 
