16 16
1 0 5 0 0 5 0 0 0 0 0 0 5 0 5 4 
0 0 2 0 0 0 2 0 0 0 4 1 0 0 0 2 
4 0 0 0 0 6 0 0 0 0 8 4 0 2 0 2 
0 3 0 0 0 0 0 0 3 0 0 0 0 0 0 4 
0 1 1 2 0 0 0 0 0 1 0 0 0 0 0 0 
0 0 0 3 0 0 3 0 0 0 0 1 0 4 5 6 
0 0 0 0 0 0 0 0 0 0 4 0 0 4 4 3 
6 0 7 0 4 2 0 0 0 0 2 0 0 2 0 0 
6 2 6 0 0 0 8 2 0 4 0 0 8 0 8 3 
4 4 4 0 0 0 2 0 0 0 0 0 0 1 0 2 
1 0 0 0 0 0 0 0 3 0 0 0 0 2 0 0 
2 2 0 0 0 0 0 0 0 5 4 2 0 0 0 0 
0 0 0 0 0 0 0 0 0 4 4 2 0 0 0 3 
3 7 0 0 0 0 0 0 6 0 0 0 6 2 0 0 
2 5 0 3 1 0 5 0 7 0 4 2 6 4 4 3 
4 4 3 5 2 2 4 2 6 2 3 2 4 4 1 1 
100 173
0 2 0 0
0 2 0 5
0 2 1 2
0 12 0 5
0 12 0 14
0 12 8 12
0 15 0 14
0 15 1 15
0 15 0 14
0 15 1 15
2 0 2 5
2 0 7 0
2 0 2 5
2 0 7 0
2 5 2 10
2 5 0 5
2 5 7 5
2 5 2 10
2 10 2 11
2 10 1 10
2 10 6 10
3 1 4 1
3 8 10 8
3 15 2 15
3 15 5 15
3 15 2 15
3 15 5 15
4 9 8 9
5 6 8 6
5 15 5 14
5 15 6 15
6 10 2 10
6 10 7 10
6 10 7 10
7 0 7 2
7 0 8 0
7 2 7 0
7 2 7 4
7 2 4 2
7 2 8 2
8 0 8 1
8 0 7 0
8 0 9 0
8 6 8 2
8 6 8 7
8 6 5 6
8 6 9 6
8 9 8 12
8 9 11 9
8 9 8 12
8 12 8 14
8 12 0 12
8 12 13 12
8 14 8 12
8 14 8 15
8 14 6 14
8 14 14 14
9 13 10 13
10 13 13 13
13 1 13 0
13 1 13 8
13 1 11 1
13 1 14 1
14 6 14 4
14 6 14 8
14 6 15 6
15 0 15 1
15 0 14 0
15 0 15 1
15 0 14 0
15 1 15 2
15 1 14 1
15 2 15 3
15 8 15 7
15 8 15 9
15 8 14 8
15 8 15 7
15 8 15 9
15 8 14 8
0 2 0 5
0 2 1 2
0 5 0 12
0 14 5 14
0 14 5 14
1 6 1 10
2 10 2 11
2 10 1 10
2 11 1 11
2 11 5 11
2 13 5 13
3 8 10 8
4 3 5 3
5 3 4 3
5 15 5 14
5 15 6 15
7 2 7 4
7 2 8 2
7 4 7 5
7 13 6 13
8 0 8 1
8 0 9 0
8 2 8 6
8 2 9 2
8 2 9 2
8 6 8 7
8 6 9 6
8 12 13 12
8 14 8 15
8 14 6 14
8 14 14 14
9 0 9 1
9 0 10 0
9 1 9 2
9 1 11 1
9 1 9 2
10 8 13 8
11 0 13 0
11 0 13 0
11 9 11 10
11 9 12 9
12 9 12 10
12 9 11 9
12 9 12 10
13 8 13 1
13 8 13 12
13 8 14 8
13 8 13 12
14 1 14 3
14 1 13 1
14 8 14 6
14 8 14 10
14 8 14 10
14 10 14 11
14 10 15 10
15 2 15 3
15 6 15 5
15 6 14 6
15 6 15 5
15 10 15 11
15 10 15 11
15 12 15 13
15 12 14 12
15 12 15 13
15 12 14 12
15 13 15 14
15 13 14 13
15 15 14 15
1 6 1 10
2 13 5 13
5 13 5 14
5 13 6 13
6 13 6 14
6 13 7 13
6 14 6 15
8 15 9 15
9 15 12 15
11 9 11 10
11 10 11 11
11 10 12 10
11 11 12 11
12 10 12 11
12 15 14 15
13 1 14 1
14 3 15 3
14 11 14 12
14 14 14 13
14 14 14 15
15 4 15 3
15 4 15 3
14 13 14 12
14 13 13 13
13 12 14 12
13 12 14 12

1711

1 - 5 = = 5 = = = = = = 5 - 5 4 
    2     | 2 = = = 4 1 ǁ   ǁ 2 
4 = = = = 6 = = = = 8 4 ǁ 2 ǁ 2 
ǁ 3       |     3   ǁ | ǁ ǁ ǁ 4 
ǁ 1 1 2   |     ǁ 1 ǁ | ǁ ǁ ǁ ǁ 
ǁ   | 3   | 3   ǁ | ǁ 1 ǁ 4 5 6 
ǁ   |     | ǁ   ǁ | 4   ǁ 4 4 3 
6 = 7 = 4 2 ǁ   ǁ | 2   ǁ 2 ǁ   
6 2 6 = = = 8 2 ǁ 4 = = 8 = 8 3 
4 4 4       2   ǁ |     ǁ 1 ǁ 2 
1 |             3 |     ǁ 2 ǁ | 
2 2             | 5 4 2 ǁ | ǁ | 
ǁ |             | 4 4 2 ǁ | ǁ 3 
3 7 = = = = = = 6 = = = 6 2 ǁ | 
2 5 - 3 1 - 5 = 7 = 4 2 6 4 4 3 
4 4 3 5 2 2 4 2 6 2 3 2 4 4 1 1 
