16 16
4 0 0 0 0 0 0 0 0 0 3 2 3 5 3 1 
0 3 0 0 0 0 4 4 5 0 6 4 1 0 4 2 
0 0 4 2 0 0 0 2 8 3 0 1 0 5 5 2 
0 0 0 0 0 0 0 0 0 0 0 1 1 0 4 2 
0 0 6 2 0 0 0 0 0 0 0 0 0 0 0 0 
0 0 0 0 0 0 0 2 5 3 0 4 5 0 0 0 
0 0 0 0 0 0 0 1 2 4 0 0 4 0 0 2 
0 0 0 0 0 0 0 0 0 2 0 0 2 0 0 0 
0 4 6 0 0 0 7 0 0 0 8 7 0 8 8 6 
4 2 2 0 2 0 6 0 5 1 0 0 2 0 0 3 
4 2 4 0 0 0 0 0 6 2 4 0 0 0 4 3 
2 0 2 2 0 0 0 0 3 1 2 0 0 0 3 0 
0 0 3 4 0 0 0 0 0 0 0 6 4 5 4 4 
0 0 5 0 0 4 0 2 0 0 0 5 0 3 1 3 
0 0 2 0 0 4 0 0 0 4 0 7 0 0 2 5 
1 4 0 0 0 0 0 0 0 0 0 5 2 0 0 2 
100 144
0 0 0 10
0 0 9 0
0 0 0 10
0 0 9 0
0 13 0 12
0 13 0 14
0 13 2 13
1 8 1 7
1 8 1 10
1 8 2 8
2 2 2 3
2 2 4 2
2 2 2 3
2 2 4 2
2 8 2 7
2 8 2 9
2 8 1 8
2 8 5 8
2 8 2 7
2 8 2 9
2 8 1 8
4 2 4 3
4 2 8 2
5 12 5 11
5 12 3 12
5 12 6 12
8 6 8 2
8 6 8 10
8 6 1 6
8 6 9 6
8 10 8 6
8 10 8 11
8 10 1 10
8 10 10 10
8 13 8 11
8 13 8 14
8 13 2 13
8 13 12 13
8 13 8 11
8 13 8 14
8 13 2 13
8 13 12 13
8 14 8 15
8 14 3 14
8 14 10 14
8 15 8 14
8 15 6 15
8 15 9 15
8 15 8 14
8 15 6 15
9 0 9 1
9 0 10 0
9 6 9 4
9 6 9 8
9 6 8 6
9 6 9 4
9 6 9 8
9 12 12 12
9 15 10 15
10 0 10 1
10 0 11 0
10 0 10 1
13 2 13 5
13 2 12 2
13 2 14 2
14 11 14 9
14 11 14 14
14 11 13 11
14 11 15 11
14 15 14 14
14 15 13 15
14 15 15 15
15 1 15 0
15 1 15 11
15 1 15 11
1 7 1 6
1 10 1 11
1 10 0 10
1 10 8 10
1 10 1 11
2 9 5 9
4 2 4 3
4 2 8 2
5 12 5 11
5 12 6 12
6 12 7 12
7 9 6 9
7 12 6 12
8 2 8 1
8 2 8 6
8 2 9 2
8 10 8 11
8 10 10 10
9 12 12 12
9 15 10 15
10 10 10 9
10 10 11 10
11 0 11 2
11 10 11 9
12 12 12 11
12 12 12 13
14 9 14 5
14 9 14 11
14 9 14 5
14 11 13 11
14 11 15 11
14 15 13 15
14 15 15 15
15 11 15 12
1 6 1 1
1 6 1 7
5 11 3 11
5 11 8 11
7 9 6 9
8 1 1 1
8 1 9 1
8 1 1 1
8 11 12 11
8 11 12 11
9 2 10 2
10 2 10 8
10 2 11 2
10 2 10 8
10 8 10 9
10 8 9 8
10 8 11 8
10 8 9 8
11 8 11 3
11 8 11 3
12 3 12 2
12 3 12 11
12 3 12 2
12 3 12 11
12 11 13 11
13 2 13 5
13 2 14 2
13 5 13 7
13 5 14 5
13 7 13 11
13 11 13 13
6 9 6 8
6 9 5 9
9 8 9 9
5 9 5 8

913

4 = = = = = = = = = 3 2 3 5 3 1 
ǁ 3 - - - - 4 4 5 - 6 4 1 | 4 2 
ǁ ǁ 4 2     | 2 8 3 ǁ 1   5 5 2 
ǁ ǁ ǁ       |   | | ǁ 1 1 ǁ 4 2 
ǁ ǁ 6 2     |   | | ǁ | | ǁ |   
ǁ ǁ ǁ       | 2 5 3 ǁ 4 5 ǁ |   
ǁ ǁ ǁ       | 1 2 4 ǁ | 4 ǁ | 2 
ǁ ǁ ǁ       |     2 ǁ | 2 ǁ | ǁ 
ǁ 4 6 = = = 7 = = = 8 7 = 8 8 6 
4 2 2   2 = 6 = 5 1 ǁ ǁ 2 ǁ | 3 
4 2 4 = = = = = 6 2 4 ǁ ǁ ǁ 4 3 
2 - 2 2 = = = = 3 1 2 ǁ ǁ ǁ 3   
    3 4 = = = = = = = 6 4 5 4 4 
    5 = = 4 - 2 - - - 5 - 3 1 3 
    2     4 = = = 4 = 7 - - 2 5 
1 4 = = = = = = = = = 5 2     2 
