16 16
2 6 3 2 4 1 2 0 4 2 0 4 2 0 2 0 
1 0 1 0 0 0 2 0 8 0 0 7 6 1 4 0 
0 0 0 0 0 0 0 0 4 4 2 0 2 0 0 0 
0 0 2 0 6 0 0 0 0 0 0 7 0 2 0 2 
0 0 3 0 7 0 0 0 2 0 0 0 1 3 0 0 
0 0 1 2 6 0 4 2 0 0 0 0 0 0 0 0 
0 0 0 0 4 2 3 2 0 0 0 0 0 0 0 0 
4 6 0 0 0 0 0 0 0 0 0 8 0 8 8 6 
2 0 0 0 0 0 0 0 0 0 0 0 1 0 0 0 
1 0 0 0 0 2 0 0 0 0 0 0 0 0 0 0 
0 0 0 0 0 0 0 2 0 0 0 8 3 0 0 2 
2 5 2 0 0 4 0 0 0 6 0 8 2 4 4 2 
0 0 0 0 0 0 1 4 2 0 2 0 2 7 4 3 
0 0 0 0 0 0 0 6 0 7 4 5 3 5 0 2 
2 7 0 0 0 0 5 4 1 4 4 4 1 2 4 2 
0 4 0 0 0 0 0 4 3 4 4 0 0 0 1 0 
100 138
0 1 0 0
0 1 0 2
0 1 7 1
0 1 0 0
0 1 0 2
0 1 7 1
1 0 7 0
1 8 1 6
1 8 1 11
1 8 0 8
1 8 2 8
1 8 1 6
1 8 1 11
1 8 0 8
1 8 2 8
1 11 1 12
1 11 0 11
1 11 3 11
2 8 2 9
2 8 4 8
2 9 2 10
2 9 11 9
2 9 2 10
3 4 3 2
3 4 0 4
3 4 4 4
3 4 3 2
3 4 0 4
3 4 4 4
3 11 3 13
3 11 1 11
3 11 7 11
3 11 3 13
3 11 7 11
3 15 7 15
3 15 7 15
4 2 4 4
4 2 5 2
4 2 4 4
4 13 4 12
4 13 7 13
4 13 7 13
5 3 5 4
6 4 6 5
6 4 5 4
6 4 6 5
6 4 5 4
7 0 7 1
7 0 8 0
7 0 7 1
7 1 11 1
7 11 7 13
7 11 10 11
7 11 7 13
7 11 10 11
7 13 7 14
7 13 11 13
7 14 7 13
7 14 7 15
7 14 1 14
7 14 11 14
7 14 7 13
7 14 7 15
7 14 1 14
7 15 10 15
7 15 10 15
8 0 9 0
8 12 10 12
9 5 11 5
10 11 10 12
10 11 11 11
10 11 10 12
10 11 11 11
10 11 11 11
10 11 11 11
11 9 11 5
11 9 11 11
11 9 13 9
11 9 11 5
11 9 11 11
12 13 12 12
12 13 12 14
12 13 11 13
12 13 13 13
13 7 13 9
13 7 12 7
13 7 14 7
13 7 13 9
13 7 12 7
13 7 14 7
13 9 13 10
13 9 14 9
14 1 14 0
14 1 14 6
14 1 11 1
14 1 15 1
14 6 14 1
14 6 14 7
14 6 12 6
14 6 14 7
15 1 15 7
15 1 14 1
15 1 15 7
15 7 15 8
15 7 15 8
0 4 0 3
0 4 0 5
0 6 0 8
0 6 0 8
0 9 0 11
1 2 0 2
1 14 1 13
1 14 0 14
2 12 1 12
4 8 4 4
5 3 5 4
7 1 11 1
9 5 11 5
10 7 6 7
11 2 11 1
11 2 11 1
12 7 12 8
12 8 12 7
13 9 13 10
13 9 14 9
14 1 14 0
0 9 0 11
0 11 0 12
0 14 0 12
1 11 1 12
1 12 2 12
4 4 5 4
4 4 5 4
5 6 5 7
5 6 6 6
5 6 5 7
5 6 6 6
6 6 6 7

825

2 6 3 2 4 1 2 = 4 2 = 4 2 - 2   
1 ǁ 1   ǁ   2 = 8 = = 7 6 1 4   
| ǁ     ǁ       4 4 2 ǁ 2   ǁ   
| ǁ 2 = 6       | |   7 = 2 ǁ 2 
| ǁ 3 = 7 - - - 2 |   ǁ 1 3 ǁ ǁ 
| ǁ 1 2 6   4 2   |   ǁ   ǁ ǁ ǁ 
| ǁ     4 2 3 2   |   ǁ   ǁ ǁ ǁ 
4 6           |   |   8 = 8 8 6 
2 ǁ           |   |   ǁ 1 | | ǁ 
1 ǁ       2   |   |   ǁ | | | ǁ 
  ǁ       ǁ   2   |   8 3 | | 2 
2 5 2     4 = = = 6 = 8 2 4 4 2 
  |         1 4 2 | 2   2 7 4 3 
  |         | 6 = 7 4 5 3 5   2 
2 7 = = = = 5 4 1 4 4 4 1 2 4 2 
  4 = = = = = 4 3 4 4       1   
