16 16
2 2 5 1 2 3 0 0 0 0 0 0 3 3 0 3 
4 0 8 0 0 0 4 1 0 0 3 0 0 2 2 0 
2 0 0 0 0 0 0 0 0 2 0 0 0 0 0 4 
0 0 0 0 0 0 0 0 0 0 0 0 0 0 0 0 
0 0 0 3 0 0 8 0 0 8 6 2 0 4 8 5 
0 0 0 1 4 0 6 1 0 2 0 0 0 2 0 3 
0 0 0 2 5 1 3 2 0 0 0 0 0 0 0 0 
4 0 7 0 0 0 0 0 0 0 0 0 7 0 6 5 
2 0 6 1 1 0 4 0 0 1 2 1 0 2 5 4 
3 0 7 0 0 0 4 0 3 4 6 3 0 3 4 1 
2 2 6 0 0 0 0 0 0 0 4 2 0 1 0 0 
4 0 0 0 0 0 0 0 0 0 0 0 6 0 5 2 
0 2 1 0 0 2 0 0 0 0 0 0 7 0 6 4 
4 4 5 0 0 0 0 0 0 0 0 0 6 2 0 0 
5 2 4 0 0 0 4 3 0 0 0 2 2 0 5 4 
4 0 0 0 0 0 0 0 0 0 0 5 2 0 3 4 
100 166
0 2 0 1
0 2 0 3
0 2 1 2
1 2 1 0
1 2 1 6
1 2 0 2
1 2 7 2
1 2 1 0
1 2 1 6
1 2 0 2
1 6 1 7
1 6 4 6
4 3 4 6
4 3 5 3
4 3 4 6
4 9 4 6
4 9 4 10
4 9 2 9
4 9 5 9
4 9 4 6
4 9 4 10
4 9 2 9
4 9 5 9
4 10 4 11
4 10 1 10
4 10 8 10
4 10 4 11
4 14 4 13
4 14 4 15
4 14 1 14
4 14 7 14
4 14 4 13
4 14 4 15
4 14 1 14
4 14 7 14
5 4 5 6
5 4 6 4
5 4 5 6
5 4 6 4
5 6 5 7
5 6 4 6
5 6 6 6
5 6 4 6
7 2 7 0
7 2 8 2
7 2 7 0
7 2 8 2
7 2 8 2
7 2 8 2
7 14 7 12
7 14 7 15
7 14 8 14
7 14 7 12
7 15 5 15
7 15 8 15
8 2 8 0
8 2 8 3
12 12 12 5
12 12 12 14
12 12 11 12
12 12 13 12
13 13 13 12
14 0 14 1
14 0 13 0
14 0 15 0
14 6 14 2
14 6 14 7
14 6 14 2
14 6 14 7
14 7 14 11
15 0 15 11
15 0 14 0
15 0 15 11
15 15 15 14
15 15 14 15
15 15 15 14
15 15 14 15
0 1 0 0
0 4 0 5
1 0 0 0
1 0 2 0
1 10 1 13
1 10 1 13
2 0 7 0
2 15 0 15
2 15 4 15
2 15 0 15
2 15 4 15
4 13 5 13
4 13 5 13
4 15 5 15
5 15 7 15
6 3 6 4
6 3 6 4
6 7 6 6
7 0 8 0
7 12 11 12
7 15 8 15
8 15 8 14
8 15 9 15
10 13 9 13
13 13 13 12
14 2 14 1
14 2 13 2
14 15 14 14
14 15 12 15
0 4 0 5
0 5 0 12
0 12 0 13
0 13 0 12
0 13 0 15
6 7 6 6
7 12 11 12
8 6 8 4
8 6 8 9
8 6 9 6
8 6 9 6
9 6 9 2
9 6 9 8
9 8 9 9
9 8 9 9
9 9 9 10
9 9 9 10
9 10 9 11
9 10 8 10
9 10 10 10
9 10 9 11
10 10 10 2
10 10 10 11
10 10 10 2
10 11 9 11
11 12 11 0
11 12 11 14
11 12 12 12
12 15 12 14
12 15 11 15
12 15 12 14
13 12 13 2
13 12 12 12
13 12 14 12
14 0 13 0
6 4 6 5
10 2 10 1
10 2 9 2
10 2 10 1
10 2 9 2
11 0 10 0
11 0 13 0
11 0 10 0
11 15 11 14
12 14 12 12
12 14 11 14
12 14 14 14
13 0 13 1
13 1 13 2
13 1 12 1
13 1 13 2
13 2 12 2
9 0 9 2
9 2 9 0
11 14 9 14
11 14 9 14
9 14 9 13
9 14 8 14
8 14 8 13
8 14 8 13

991

2 2 5 1 2 3 - - - - - - 3 3 - 3 
4 = 8 = = = 4 1     3 = = 2 2 ǁ 
2   |       |     2 |       ǁ 4 
|   |       |     ǁ |       ǁ ǁ 
|   | 3 = = 8 = = 8 6 2   4 8 5 
|   | 1 4 = 6 1   2 |     2 ǁ 3 
|   | 2 5 1 3 2     |       ǁ ǁ 
4 = 7               |   7 = 6 5 
2 - 6 1 1 - 4 - - 1 2 1 ǁ 2 5 4 
3 = 7 - - - 4 - 3 4 6 3 ǁ 3 4 1 
2 2 6 = = = = = = = 4 2 ǁ 1 ǁ   
4 - - - - - - - - - - - 6 - 5 2 
| 2 1     2 - - - - - - 7 = 6 4 
4 4 5 - - - - - - - - - 6 2 | | 
5 2 4 = = = 4 3 - - - 2 2   5 4 
4 = = = = = = = = = = 5 2   3 4 
