16 16
1 2 6 2 2 0 3 2 0 0 4 0 6 0 4 2 
5 0 7 0 0 0 7 0 0 0 0 0 8 3 0 0 
4 2 0 0 0 0 0 1 0 0 0 2 0 0 0 0 
3 0 5 4 4 2 0 0 0 0 0 0 0 0 1 0 
0 1 3 0 0 0 0 0 0 0 0 0 0 0 0 0 
0 2 0 7 0 0 7 0 0 0 4 4 0 0 0 0 
5 4 2 4 3 3 0 2 4 0 0 5 0 3 7 2 
4 0 1 0 0 0 0 4 2 4 0 4 0 1 0 0 
5 6 0 0 4 3 0 0 2 0 0 0 0 0 2 0 
0 2 3 0 4 0 0 0 4 7 0 0 7 5 1 0 
5 0 0 0 0 0 5 7 2 0 2 0 2 0 2 0 
0 2 4 0 0 4 0 5 3 0 3 0 0 6 6 2 
0 0 4 0 0 4 2 0 0 5 2 0 0 2 0 0 
0 0 0 0 0 0 0 0 0 1 0 0 0 0 0 0 
5 0 6 1 3 0 0 3 4 0 2 0 0 0 0 0 
1 0 4 0 0 0 0 4 0 0 0 0 0 2 0 0 
100 92
0 2 0 1
0 2 0 3
0 2 1 2
0 12 0 10
0 12 0 14
0 12 1 12
1 0 1 2
1 0 0 0
1 0 2 0
1 6 1 2
1 6 1 12
1 6 0 6
1 6 5 6
1 12 1 6
1 12 1 13
1 12 0 12
1 12 9 12
5 3 5 1
5 3 5 6
5 3 3 3
5 3 6 3
6 0 6 1
6 0 3 0
6 0 7 0
6 11 6 8
6 11 5 11
6 11 7 11
6 14 6 13
6 14 6 15
6 14 3 14
6 14 8 14
8 0 8 1
8 0 7 0
8 0 10 0
9 9 9 8
9 9 9 12
9 9 7 9
9 9 12 9
10 7 10 6
10 7 10 8
10 7 7 7
10 7 11 7
11 14 11 13
11 14 11 15
11 14 10 14
13 9 12 9
14 0 14 2
14 0 10 0
14 0 15 0
15 2 15 7
15 2 14 2
0 1 0 2
0 2 0 3
0 2 1 2
0 4 0 6
0 12 0 10
0 12 0 14
0 14 0 15
0 14 0 15
1 0 1 2
1 0 2 0
1 12 1 13
1 12 9 12
1 13 6 13
3 4 3 3
3 4 3 5
3 4 3 3
3 4 3 5
5 10 5 6
5 10 5 11
5 10 5 6
5 10 5 11
6 14 6 13
6 14 6 15
6 14 8 14
7 13 9 13
11 14 11 13
11 14 11 15
11 14 10 14
14 0 14 2
14 0 10 0
15 2 15 7
15 2 14 2
0 4 0 6
0 7 0 10
0 10 0 7
1 6 1 2
1 6 5 6
2 7 2 11
2 11 5 11
9 14 9 13
1 2 3 2

1432

1 2 6 2 2 = 3 2 = = 4 = 6 = 4 2 
5 = 7 = = = 7 = = = = = 8 3     
4 2 |       ǁ 1 - - - 2 ǁ |     
3   5 4 4 2 ǁ         | ǁ | 1   
| 1 3 |     ǁ         | ǁ | |   
| 2 - 7 - - 7 = = = 4 4 ǁ | |   
5 4 2 4 3 3   2 4 - - 5 ǁ 3 7 2 
4   1         4 2 4   4 ǁ 1 ǁ   
5 6     4 3   | 2 |     ǁ | 2   
| 2 3   4     | 4 7 - - 7 5 1   
5           5 7 2 | 2   2   2   
ǁ 2 4     4   5 3 | 3     6 6 2 
ǁ   4     4 2     5 2     2     
ǁ                 1             
5 = 6 1 3     3 4   2           
1   4 = = = = 4           2     
