16 16
3 3 3 0 0 3 3 5 0 0 0 0 0 0 4 2 
0 2 0 2 1 0 0 0 2 0 4 0 5 0 2 2 
0 0 0 0 0 0 0 0 2 4 0 2 0 4 3 4 
0 5 2 6 3 0 4 0 0 0 0 0 0 0 0 0 
0 0 0 0 0 0 2 0 0 0 0 0 0 5 5 3 
0 6 0 7 0 6 4 0 0 0 5 4 0 4 0 2 
0 0 2 0 0 0 0 0 0 0 4 2 0 2 0 0 
0 0 0 0 0 0 0 0 2 7 0 0 7 0 8 6 
0 0 4 0 0 0 0 0 1 0 2 0 0 0 0 0 
0 3 0 0 0 0 3 0 1 0 0 0 0 0 0 0 
0 4 3 0 4 6 3 0 0 0 0 0 0 2 0 0 
0 3 1 0 2 1 0 0 3 7 8 2 0 0 0 0 
5 0 0 8 0 0 0 7 4 3 2 0 0 0 0 4 
4 2 2 6 0 2 0 0 2 4 2 0 0 0 0 0 
4 0 0 0 0 0 0 5 0 0 0 0 5 3 4 2 
3 0 0 1 2 3 0 3 0 3 4 0 6 2 4 2 
100 89
0 7 0 6
0 7 0 14
0 7 12 7
1 12 1 10
1 12 1 14
1 12 7 12
2 13 2 14
2 13 4 13
2 13 2 14
2 13 4 13
3 1 3 2
3 1 1 1
3 1 5 1
5 1 5 3
5 1 3 1
5 1 9 1
5 10 5 11
5 10 1 10
5 10 6 10
6 2 8 2
7 9 7 8
7 9 7 12
7 9 2 9
7 9 11 9
7 14 7 12
7 14 7 15
7 14 4 14
7 14 14 14
7 15 7 14
7 15 5 15
7 15 12 15
8 10 11 10
10 13 14 13
11 10 11 9
11 10 11 11
11 10 8 10
11 10 12 10
11 11 11 10
12 0 12 3
12 0 0 0
12 0 13 0
12 3 12 0
12 3 12 7
12 3 5 3
12 3 13 3
15 0 15 3
15 0 14 0
15 0 14 0
15 4 15 5
15 12 15 10
15 12 15 13
15 12 14 12
2 11 5 11
5 1 5 3
5 1 9 1
5 13 4 13
5 13 6 13
5 13 4 13
5 13 6 13
6 2 8 2
7 14 7 12
7 14 7 15
7 14 4 14
8 2 10 2
9 1 10 1
10 13 14 13
11 10 11 9
11 10 12 10
12 3 12 7
12 3 5 3
12 3 13 3
13 3 13 2
13 3 13 5
15 4 15 5
15 12 15 10
15 12 15 13
15 12 14 12
15 14 15 15
15 14 14 14
2 11 5 11
4 13 4 14
8 2 10 2
13 3 13 2
13 3 13 5
15 5 15 7
15 14 15 15
15 14 14 14
13 1 13 0
13 1 13 0

1154

3 3 3     3 3 5 - - - - - - 4 2 
| 2   2 1     | 2   4 - 5 - 2 2 
| |           | 2 4 | 2 | 4 3 4 
| 5 2 6 3   4 |   | | ǁ | ǁ     
| ǁ         2 |   | | ǁ | 5 5 3 
| 6 = 7   6 4 |   | 5 4 | 4 ǁ 2 
| ǁ 2 ǁ       |   | 4 2 | 2 ǁ | 
| ǁ ǁ ǁ       | 2 7 - - 7 = 8 6 
| ǁ 4 ǁ       | 1 | 2       | | 
| 3 ǁ ǁ     3 | 1 | ǁ       | | 
| 4 3 ǁ 4 6 3 |   | ǁ     2 | | 
| 3 1 ǁ 2 1   | 3 7 8 2   ǁ | | 
5 = = 8 = = = 7 4 3 2     ǁ | 4 
4 2 2 6 = 2     2 4 2     ǁ |   
4             5         5 3 4 2 
3 - - 1 2 3 - 3   3 4 = 6 2 4 2 
