16 16
2 4 2 0 1 2 3 4 5 0 4 1 0 5 6 3 
5 6 0 0 5 2 0 0 3 2 0 0 0 0 4 3 
0 2 0 0 0 0 4 0 2 0 6 0 0 8 2 0 
0 0 0 4 2 0 0 4 3 0 5 4 2 0 2 0 
0 0 0 0 0 0 0 0 2 1 0 0 0 0 5 4 
0 0 2 7 0 0 8 8 5 2 0 0 0 0 0 0 
0 0 0 0 0 0 0 0 2 0 0 0 0 0 0 0 
0 0 0 0 0 0 0 0 3 0 6 0 0 7 7 4 
0 5 2 0 0 0 0 0 4 2 0 2 2 0 3 2 
0 0 0 0 0 0 0 4 2 0 0 0 0 0 0 0 
0 5 2 1 0 0 0 2 0 0 6 5 4 0 3 5 
0 1 0 0 0 0 0 1 2 0 6 3 1 0 0 0 
5 0 0 0 0 0 8 0 0 0 0 0 0 7 5 4 
4 0 2 0 0 0 0 2 0 0 0 0 3 3 4 2 
4 0 0 0 0 0 7 0 0 0 0 0 4 0 2 2 
2 2 0 0 0 0 4 0 0 0 0 2 1 0 2 3 
100 113
0 8 0 7
0 8 0 10
0 8 1 8
0 13 0 11
0 13 0 14
0 13 2 13
0 14 0 13
0 14 0 15
0 14 1 14
1 0 1 1
1 0 0 0
1 0 12 0
2 13 2 10
2 13 2 14
2 13 0 13
2 13 7 13
3 3 3 4
3 3 5 3
4 14 4 15
4 14 3 14
4 14 7 14
5 3 5 2
5 3 5 6
5 3 3 3
5 3 10 3
5 6 5 3
5 6 5 7
5 6 2 6
5 6 12 6
5 7 5 6
5 7 5 8
5 7 3 7
5 7 9 7
8 1 8 2
8 1 2 1
8 1 10 1
10 1 10 2
10 1 8 1
10 1 11 1
10 1 10 2
10 15 10 14
10 15 8 15
10 15 12 15
11 10 11 8
11 10 11 11
11 10 10 10
12 6 12 0
12 6 12 13
12 6 5 6
12 6 14 6
13 2 13 0
13 7 13 12
0 10 0 8
0 10 2 10
0 10 2 10
0 14 0 15
0 14 1 14
0 15 1 15
2 13 2 10
2 13 2 14
2 13 7 13
3 3 3 4
3 14 4 14
5 3 5 2
5 6 5 7
7 13 7 10
7 13 7 14
7 13 12 13
8 2 8 1
11 10 11 8
11 10 11 11
11 10 10 10
12 6 12 0
12 6 12 13
12 6 14 6
13 2 13 0
13 7 13 12
14 6 14 0
14 6 14 12
14 6 15 6
1 4 1 1
1 4 1 5
1 4 0 4
1 14 1 15
3 11 3 10
3 11 3 12
3 11 3 10
3 11 3 12
11 7 10 7
0 2 0 1
0 2 0 1
1 4 1 1
1 4 1 5
1 14 1 15
4 15 4 14
4 15 7 15
4 15 7 15
7 14 7 13
7 14 7 15
7 14 8 14
0 5 0 6
0 5 0 6
7 14 7 13
7 14 7 15
12 13 12 14
12 13 13 13
7 10 7 8
7 10 3 10
7 10 10 10
8 9 8 8
12 13 12 14
12 13 13 13
8 9 8 8

1029

2 4 2   1 2 3 4 5 = 4 1 - 5 6 3 
5 6 = = 5 2     3 2 ǁ     ǁ 4 3 
| 2         4   2   6 = = 8 2   
| |   4 2   | 4 3   5 4 2 ǁ 2   
| |   ǁ     | | 2 1 |     ǁ 5 4 
| | 2 7 = = 8 8 5 2 |     ǁ | ǁ 
| |   |     ǁ | 2   |     ǁ | ǁ 
| |   |     ǁ | 3 - 6 - - 7 7 4 
| 5 2 |     ǁ | 4 2 | 2 2 | 3 2 
| ǁ   |     ǁ 4 2   |     |   | 
| 5 2 1     ǁ 2     6 5 4 | 3 5 
| 1         ǁ 1 2 = 6 3 1 |   | 
5 = = = = = 8 = = = = = = 7 5 4 
4 = 2       ǁ 2 = = = = 3 3 4 2 
4 - - - - - 7 - - - - - 4   2 2 
2 2         4         2 1   2 3 
