16 16
2 0 4 4 0 0 5 5 0 0 0 5 0 6 6 3 
3 3 0 3 2 1 0 3 2 0 0 1 0 0 2 1 
0 4 0 4 0 0 6 0 0 0 0 0 0 7 5 2 
5 5 0 4 2 0 0 3 0 4 0 2 0 0 0 2 
0 1 0 0 0 0 0 0 2 4 0 0 0 0 0 4 
4 0 8 0 0 0 6 4 0 0 0 5 1 0 0 0 
0 1 0 0 0 0 0 2 0 3 0 0 0 5 0 0 
0 0 0 0 0 0 0 0 0 0 0 0 0 0 0 0 
5 4 0 0 0 0 0 0 0 0 0 0 0 2 0 0 
0 3 0 0 0 0 0 3 0 0 2 0 0 3 0 4 
0 0 0 0 0 0 0 6 0 4 0 0 2 2 0 0 
4 5 0 0 0 0 4 2 2 3 3 6 4 0 0 0 
4 3 0 2 3 0 5 2 0 4 0 6 6 0 7 5 
5 0 6 0 0 0 0 0 6 4 2 0 6 2 3 0 
5 0 0 0 0 0 0 0 0 0 0 7 6 0 6 5 
4 2 0 0 0 1 0 0 0 0 0 2 2 1 2 1 
100 147
0 6 0 3
0 6 0 7
0 6 2 6
0 11 0 7
0 11 0 13
0 11 1 11
0 13 0 11
0 13 0 14
0 13 2 13
0 14 0 13
0 14 0 15
0 14 1 14
0 15 0 14
0 15 1 15
3 0 3 1
3 0 1 0
3 0 5 0
5 2 5 0
5 2 5 6
5 2 0 2
5 2 13 2
6 1 8 1
6 13 6 9
6 13 2 13
6 13 8 13
8 0 8 1
8 0 5 0
8 0 11 0
10 7 10 9
10 7 9 7
10 7 11 7
11 1 11 0
11 1 9 1
11 1 12 1
11 11 11 10
11 11 11 12
11 11 12 11
11 11 11 10
11 11 11 12
11 11 12 11
12 3 12 4
12 6 12 4
12 6 12 7
12 6 11 6
12 14 12 12
12 14 12 15
12 14 2 14
12 14 13 14
13 0 13 2
13 0 12 0
13 0 14 0
13 2 13 0
13 2 13 8
13 2 5 2
13 2 13 8
13 8 13 9
13 8 11 8
14 11 14 0
14 11 14 12
14 11 12 11
14 11 15 11
14 15 14 14
14 15 12 15
14 15 15 15
15 0 15 1
15 0 14 0
0 11 0 7
0 13 0 14
1 5 1 4
1 14 2 14
2 1 1 1
2 1 3 1
2 1 1 1
2 1 3 1
2 13 2 6
2 13 2 14
2 13 6 13
3 3 3 4
3 3 2 3
3 3 3 4
3 3 2 3
4 1 3 1
4 8 4 9
4 15 3 15
4 15 9 15
4 15 3 15
4 15 9 15
5 2 5 0
5 2 5 6
5 2 0 2
5 11 5 7
5 11 5 12
5 11 3 11
8 0 8 1
8 0 11 0
8 1 9 1
9 1 11 1
9 15 12 15
10 7 10 9
10 7 9 7
10 7 11 7
12 3 12 4
12 6 12 7
12 6 11 6
13 8 13 9
13 8 11 8
13 12 13 13
13 12 12 12
13 12 14 12
13 12 13 13
13 12 12 12
13 12 14 12
14 15 14 14
14 15 12 15
15 0 15 1
15 0 14 0
15 5 15 11
1 1 1 0
1 4 1 3
1 8 1 7
2 13 2 6
2 13 2 14
2 15 2 14
3 0 3 1
3 0 1 0
4 8 4 9
4 9 3 9
9 15 12 15
11 6 5 6
14 11 14 0
14 11 14 12
14 11 12 11
0 0 0 2
0 0 0 2
0 3 0 6
0 3 1 3
0 3 1 3
1 8 1 7
2 3 2 6
4 9 3 9
11 6 5 6
13 0 12 0
1 7 0 7
2 3 2 6
0 7 0 6
2 6 5 6
5 6 5 7

1081

2 = 4 4 = = 5 5 = = = 5 = 6 6 3 
3 3 ǁ 3 2 1 | 3 2     1   | 2 1 
ǁ 4 ǁ 4 = = 6 = = = = = = 7 5 2 
5 5 ǁ 4 2   | 3   4   2   ǁ | 2 
| 1 ǁ       |   2 4   |   ǁ | 4 
4 = 8 = = = 6 4 - - - 5 1 ǁ | ǁ 
| 1 ǁ       ǁ 2   3 - - - 5 | ǁ 
| | ǁ       ǁ             | | ǁ 
5 4 ǁ       ǁ             2 | ǁ 
ǁ 3 ǁ       ǁ 3     2     3 | 4 
ǁ ǁ ǁ       ǁ 6 = 4     2 2 | ǁ 
4 5 ǁ       4 2 2 3 3 6 4   | ǁ 
4 3 ǁ 2 3 - 5 2 ǁ 4   6 6 - 7 5 
5 = 6 = = = = = 6 4 2 ǁ 6 2 3 ǁ 
5 = = = = = = = = = = 7 6   6 5 
4 2       1 - - - - - 2 2 1 2 1 
