16 16
4 0 0 4 2 0 0 0 4 2 1 0 0 5 4 0 
0 1 2 5 0 0 0 0 6 7 0 2 0 0 6 2 
6 7 4 0 1 0 0 0 0 3 0 2 0 0 2 0 
2 0 2 0 5 0 0 0 7 0 0 0 0 6 4 2 
3 6 4 0 0 2 3 1 0 0 2 0 0 6 6 2 
4 0 0 0 0 0 0 0 0 0 0 0 0 0 0 0 
0 0 0 0 0 4 6 0 8 0 0 0 0 5 0 0 
0 0 0 0 4 0 2 0 0 2 4 1 0 2 0 0 
3 2 0 0 3 0 0 0 0 1 7 3 2 0 0 0 
0 1 0 0 1 0 2 0 6 2 0 0 0 0 0 0 
5 0 0 8 0 7 0 0 0 0 6 0 3 1 6 2 
0 0 0 0 2 8 0 0 0 3 0 2 3 0 2 0 
0 0 0 0 1 0 0 0 0 1 0 0 0 0 0 0 
2 2 0 5 2 0 0 1 0 0 5 0 5 0 2 0 
4 0 4 0 0 7 0 0 0 0 0 0 0 2 1 0 
2 0 0 0 0 4 0 0 0 4 0 4 2 2 4 2 
100 169
0 0 0 3
0 0 2 0
0 0 0 3
0 0 2 0
0 3 0 4
0 3 1 3
0 13 0 10
0 13 0 14
0 13 3 13
0 14 0 13
0 14 1 14
0 14 0 13
1 9 1 8
1 9 1 11
1 9 0 9
1 9 2 9
2 0 2 1
2 0 3 0
2 1 2 0
2 1 2 2
2 1 1 1
2 1 4 1
3 8 3 4
3 8 3 13
3 8 1 8
3 8 6 8
3 13 3 8
3 13 3 14
3 13 4 13
3 13 3 14
4 13 4 10
4 13 4 14
4 13 6 13
4 13 4 10
4 13 4 14
4 14 4 15
4 14 3 14
4 14 10 14
4 14 4 15
5 0 4 0
5 0 8 0
5 0 4 0
5 0 8 0
6 8 6 6
6 8 6 13
6 8 3 8
6 8 9 8
6 13 6 8
6 13 7 13
6 13 7 13
8 10 8 9
8 10 8 11
8 10 7 10
8 10 10 10
9 8 9 6
9 8 9 9
9 8 6 8
9 8 9 6
9 8 9 9
10 0 10 3
10 0 8 0
10 0 13 0
10 3 10 0
10 3 10 5
10 3 1 3
10 3 13 3
10 14 10 13
10 14 10 15
10 14 11 14
10 14 10 15
10 14 11 14
11 5 11 4
11 5 11 9
11 5 10 5
11 5 14 5
11 5 11 4
11 5 11 9
11 5 10 5
11 5 14 5
12 4 13 4
13 4 13 3
13 7 13 10
13 10 13 12
13 10 10 10
14 2 14 0
14 2 14 5
14 2 14 0
14 2 14 5
15 9 15 5
15 9 15 11
15 9 15 5
15 9 15 11
15 11 15 12
15 15 15 14
15 15 15 14
2 0 2 1
3 0 4 0
3 14 3 15
3 15 1 15
4 1 4 2
4 1 2 1
4 1 8 1
4 2 4 1
4 2 3 2
4 2 4 1
4 7 4 6
6 8 6 6
7 9 7 10
8 1 9 1
8 10 8 11
8 10 7 10
8 10 10 10
9 4 8 4
10 0 13 0
10 3 10 5
10 3 1 3
10 3 13 3
10 10 10 5
10 10 10 12
10 10 13 10
11 9 12 9
11 11 11 12
13 1 13 3
13 3 13 1
13 10 13 12
14 0 15 0
14 0 15 0
15 5 14 5
15 5 14 5
15 11 15 12
15 14 15 13
15 14 14 14
1 15 1 14
2 2 1 2
2 2 3 2
2 2 1 2
2 14 1 14
6 6 6 5
6 6 4 6
6 6 7 6
6 6 6 5
7 6 7 4
7 9 7 10
7 11 8 11
8 4 7 4
8 12 10 12
8 12 10 12
11 11 11 12
11 12 13 12
13 12 13 14
13 12 13 14
14 5 14 13
14 13 15 13
1 3 1 8
1 3 1 8
1 8 1 9
1 8 0 8
1 14 2 14
2 4 3 4
3 8 3 4
4 6 4 5
6 5 4 5
7 4 3 4
7 4 8 4
0 4 0 8
0 8 0 9
1 9 1 11
1 9 2 9
2 9 2 11

922

4 = = 4 2 - - - 4 2 1 - - 5 4   
ǁ 1 2 5 = = = = 6 7 = 2   | 6 2 
6 7 4 ǁ 1       | 3 - 2   | 2 | 
2 ǁ 2 ǁ 5 = = = 7 = = = = 6 4 2 
3 6 4 ǁ | 2 3 1 ǁ   2 = = 6 6 2 
4 |   ǁ | | |   ǁ         | |   
ǁ |   ǁ | 4 6 = 8 = = = = 5 |   
ǁ |   ǁ 4 - 2   ǁ 2 4 1   2 |   
3 2   ǁ 3       ǁ 1 7 3 2   |   
| 1   ǁ 1   2 = 6 2 ǁ   ǁ   |   
5 = = 8 = 7 - - - - 6 - 3 1 6 2 
ǁ     ǁ 2 8 = = = 3 ǁ 2 3   2   
ǁ     ǁ 1 ǁ       1 ǁ   |       
2 2 = 5 2 ǁ   1 - - 5 = 5 = 2   
4 = 4 = = 7 - - - - - - - 2 1   
2         4 = = = 4 = 4 2 2 4 2 
