16 16
2 4 0 0 0 0 0 6 5 4 1 3 5 4 2 2 
0 0 0 0 0 0 0 2 2 0 0 2 0 0 3 0 
0 5 0 0 0 0 0 0 0 7 0 0 7 4 0 0 
0 1 0 0 0 0 0 0 0 0 2 0 0 0 0 0 
0 0 0 0 0 0 0 0 0 5 7 1 0 2 6 4 
0 0 0 0 0 0 0 0 0 2 4 2 0 1 0 0 
5 0 0 0 0 0 0 0 0 0 0 0 8 5 5 2 
0 4 0 6 0 0 3 3 4 1 1 0 0 2 5 2 
0 0 0 0 0 0 0 1 0 0 0 0 0 0 0 2 
0 0 0 0 0 0 3 0 6 0 7 0 8 0 8 6 
0 2 0 0 0 0 0 0 0 2 0 2 0 2 0 4 
0 0 2 0 3 0 5 1 0 5 6 4 0 0 0 0 
0 0 0 6 5 4 6 0 2 5 5 1 0 6 7 6 
0 0 0 2 1 4 4 0 0 2 3 1 0 0 0 4 
5 0 7 0 0 0 0 0 0 0 4 0 2 4 4 5 
4 3 3 1 0 0 0 0 0 0 2 0 0 2 1 1 
100 148
0 7 0 1
0 7 0 8
0 7 1 7
0 7 0 1
0 7 0 8
0 7 1 7
0 12 0 11
0 12 0 13
0 12 2 12
2 1 2 9
2 1 0 1
2 1 3 1
4 9 4 10
4 9 2 9
4 9 5 9
4 10 4 9
4 10 4 11
4 10 3 10
4 10 5 10
6 0 6 12
6 0 0 0
6 0 14 0
6 12 6 0
6 12 6 13
6 12 2 12
6 12 9 12
7 1 7 3
7 1 10 1
7 1 7 3
7 1 10 1
7 3 7 6
7 3 12 3
9 10 9 8
9 10 9 12
9 10 7 10
9 10 11 10
9 12 9 10
9 12 9 14
9 12 6 12
9 12 14 12
9 14 9 12
9 14 9 15
9 14 7 14
9 14 12 14
9 15 9 14
9 15 8 15
9 15 10 15
9 15 9 14
9 15 8 15
10 9 11 9
10 11 11 11
10 13 12 13
10 15 12 15
11 2 14 2
12 3 12 4
12 3 7 3
12 3 13 3
12 13 12 14
12 13 10 13
12 13 14 13
12 13 12 14
12 13 14 13
12 15 12 14
12 15 10 15
12 15 13 15
13 15 12 15
13 15 14 15
13 15 12 15
14 15 14 14
14 15 15 15
14 15 14 14
14 15 14 14
15 0 15 1
15 0 14 0
15 0 15 1
15 0 14 0
15 1 15 2
0 1 0 0
2 1 2 9
4 10 4 9
4 10 3 10
5 9 5 10
5 10 5 11
5 11 5 10
6 0 14 0
6 12 6 13
6 12 2 12
7 3 7 6
7 9 7 8
9 10 9 8
9 10 11 10
9 12 14 12
10 9 11 9
10 11 11 11
11 2 14 2
11 10 11 9
11 10 11 11
11 10 12 10
11 10 11 9
11 11 12 11
12 3 12 4
12 3 13 3
12 10 12 9
12 10 13 10
12 14 9 14
12 14 14 14
13 11 13 10
14 0 14 2
14 2 14 10
14 2 15 2
14 13 15 13
14 13 15 13
2 9 2 12
2 9 0 9
7 8 7 7
7 8 9 8
7 8 7 7
12 10 12 9
12 10 13 10
14 2 14 10
14 2 15 2
14 10 15 10
14 10 15 10
1 8 0 8
1 11 0 11
2 9 2 12
2 9 0 9
0 9 0 8
0 9 0 10
1 8 0 8
1 11 0 11
0 12 0 13
0 12 2 12
0 13 0 14
0 13 2 13
2 12 2 13
2 13 4 13
2 13 4 13
4 14 4 15
4 14 1 14
4 14 6 14
4 14 4 15
4 14 1 14
4 14 6 14
4 15 0 15
4 15 6 15
5 13 6 13
0 15 0 14

961

2 4 = = = = = 6 5 4 1 3 5 4 2 2 
| |           2 2 ǁ   2 ǁ | 3 | 
| 5 = = = = = = = 7 = = 7 4 ǁ | 
| 1               | 2   ǁ ǁ ǁ | 
|                 5 7 1 ǁ 2 6 4 
|                 2 4 2 ǁ 1 ǁ | 
5 = = = = = = = = = = = 8 5 5 2 
ǁ 4 = 6 = = 3 3 4 1 1   ǁ 2 5 2 
ǁ ǁ   ǁ       1 |   |   ǁ   | 2 
ǁ ǁ   ǁ     3   6 = 7 = 8 = 8 6 
ǁ 2   ǁ           2 ǁ 2 ǁ 2 ǁ 4 
ǁ   2 ǁ 3   5 1   5 6 4 ǁ ǁ ǁ ǁ 
ǁ   ǁ 6 5 4 6   2 5 5 1 ǁ 6 7 6 
ǁ   ǁ 2 1 4 4     2 3 1 ǁ ǁ | 4 
5 - 7 = = = = = = = 4   2 4 4 5 
4 3 3 1             2     2 1 1 
