16 16
1 5 0 0 0 0 0 0 0 0 0 0 0 3 3 1 
2 0 2 0 4 0 4 0 0 0 0 4 0 5 6 0 
0 5 0 0 0 0 0 0 0 0 0 0 0 5 5 0 
0 2 3 2 2 0 6 3 0 0 0 0 3 0 4 5 
0 4 5 0 0 0 6 0 0 0 0 1 0 0 1 0 
0 0 5 0 2 2 0 3 3 3 4 2 0 0 0 0 
0 0 2 4 3 0 0 0 0 5 8 8 4 0 2 0 
0 0 2 4 0 0 0 4 0 4 0 3 2 0 0 0 
0 5 0 0 6 6 0 4 0 2 0 0 0 0 0 3 
0 0 4 3 0 0 0 4 7 0 8 7 4 0 0 0 
0 0 0 1 0 0 0 0 0 2 0 0 1 0 0 0 
0 0 5 0 7 6 0 0 0 4 0 3 2 0 0 0 
0 0 5 3 5 2 0 3 0 0 0 1 2 0 0 0 
0 0 1 0 3 1 0 2 0 0 5 4 4 0 0 0 
5 7 0 0 0 0 6 0 5 3 3 2 1 0 0 0 
1 3 0 0 0 0 0 0 0 0 0 0 0 5 4 3 
100 166
0 1 0 0
0 1 0 13
0 1 2 1
1 0 14 0
1 14 1 13
1 14 0 14
1 14 2 14
1 14 1 13
1 14 0 14
1 14 2 14
3 15 3 14
3 15 0 15
3 15 8 15
5 2 5 4
5 2 4 2
5 2 6 2
6 10 6 9
6 10 6 11
6 10 5 10
6 10 9 10
6 10 6 9
6 10 6 11
6 10 5 10
6 10 9 10
6 11 6 12
6 11 5 11
6 11 7 11
8 1 8 4
8 1 4 1
8 1 14 1
9 2 9 3
9 2 11 2
9 2 9 3
9 2 11 2
9 8 9 7
9 8 9 10
9 8 5 8
9 8 14 8
9 10 9 8
9 10 9 11
9 10 13 10
10 9 11 9
11 4 11 2
11 4 11 5
11 4 8 4
11 4 12 4
11 5 11 4
11 5 8 5
11 5 12 5
11 5 11 4
11 5 8 5
11 9 10 9
11 9 14 9
11 9 14 9
12 2 12 3
12 2 11 2
12 2 13 2
13 4 13 5
13 4 12 4
13 4 12 4
13 7 12 7
14 0 14 1
14 0 1 0
14 0 15 0
14 0 14 1
14 6 14 1
14 6 14 8
14 6 4 6
14 6 14 1
14 6 14 8
14 6 4 6
15 13 15 1
15 13 15 14
15 13 2 13
0 1 0 13
0 1 2 1
0 14 0 13
3 15 3 14
3 15 8 15
4 6 4 2
4 6 4 11
4 6 3 6
4 6 4 2
5 10 5 9
5 10 5 11
7 3 7 2
7 3 6 3
7 3 7 2
7 3 6 3
7 7 5 7
7 7 8 7
7 7 5 7
7 7 8 7
7 9 6 9
7 9 8 9
7 9 6 9
7 9 8 9
8 5 8 4
8 5 5 5
8 5 8 4
8 5 5 5
8 7 9 7
8 15 15 15
9 3 10 3
9 10 9 11
9 10 13 10
9 11 9 12
9 11 7 11
9 11 11 11
12 2 12 3
12 2 11 2
12 3 12 4
12 5 12 4
13 7 12 7
15 15 15 14
15 15 15 14
1 11 1 6
1 11 1 13
1 11 1 6
1 11 1 13
1 13 2 13
3 6 3 4
3 6 3 7
3 6 1 6
3 6 3 4
3 6 3 7
3 7 3 12
3 12 6 12
3 14 2 14
3 14 4 14
5 7 5 8
5 9 5 8
5 9 6 9
6 3 6 2
6 3 6 4
6 14 15 14
8 4 8 1
8 4 6 4
8 7 9 7
9 7 9 8
9 8 14 8
14 8 14 9
15 13 15 1
15 13 2 13
1 4 1 2
1 4 1 6
1 4 1 2
2 1 3 1
2 13 2 14
2 14 2 13
3 3 3 2
3 12 6 12
5 2 5 4
5 2 4 2
6 12 6 11
14 1 8 1
14 1 15 1
2 1 3 1
3 2 3 3
3 2 4 2
6 11 7 11
7 12 9 12
7 12 9 12
9 11 9 12
9 11 11 11
10 12 11 12

946

1 5 = = = = = = = = = = = 3 3 1 
2 ǁ 2 = 4 - 4 = = = = 4 = 5 6 | 
ǁ 5         |             5 5 | 
ǁ 2 3 2 2 = 6 3 - - - - 3 ǁ 4 5 
ǁ 4 5 = = = 6 - - - - 1 ǁ ǁ 1 ǁ 
ǁ | 5 = 2 2 ǁ 3 3 3 4 2 ǁ ǁ   ǁ 
ǁ | 2 4 3 ǁ ǁ ǁ | 5 8 8 4 ǁ 2 ǁ 
ǁ | 2 4 | ǁ ǁ 4 | 4 ǁ 3 2 ǁ | ǁ 
ǁ 5 = = 6 6 ǁ 4 | 2 ǁ | ǁ ǁ | 3 
ǁ ǁ 4 3 | ǁ ǁ 4 7 = 8 7 4 ǁ | | 
ǁ ǁ ǁ 1 | ǁ ǁ   ǁ 2 ǁ ǁ 1 ǁ | | 
ǁ ǁ 5 - 7 6 ǁ   ǁ 4 ǁ 3 2 ǁ | | 
ǁ ǁ 5 3 5 2 ǁ 3 ǁ ǁ ǁ 1 2 ǁ | | 
ǁ ǁ 1   3 1 ǁ 2 ǁ ǁ 5 4 4 ǁ | | 
5 7 = = = = 6 = 5 3 3 2 1 ǁ | | 
1 3 = = = = = = = = = = = 5 4 3 
