16 16
3 2 4 3 3 2 3 0 3 0 4 4 0 0 4 3 
3 0 7 0 8 6 6 0 7 0 7 2 2 3 0 4 
4 2 0 2 6 5 5 2 3 1 0 2 0 3 2 0 
4 0 7 0 0 0 0 0 0 0 8 5 0 3 0 3 
0 2 0 0 0 0 2 1 1 0 0 0 0 6 3 0 
0 4 0 4 0 0 3 4 5 0 4 0 0 3 0 0 
0 0 0 0 0 0 0 2 1 2 3 0 0 0 0 0 
0 4 0 5 0 0 0 0 0 0 0 5 0 3 0 0 
0 0 0 1 0 0 0 0 0 0 0 2 0 2 0 0 
0 0 0 0 0 0 0 0 0 0 0 0 0 0 0 0 
0 6 6 0 0 0 0 0 0 0 0 0 8 0 7 3 
0 4 0 4 2 0 0 0 0 0 0 0 0 2 0 2 
0 2 0 0 0 0 2 0 4 0 0 0 0 4 0 0 
0 0 0 0 0 0 0 0 0 0 0 0 0 0 0 0 
5 2 1 5 0 0 0 0 8 0 0 0 6 3 5 6 
3 3 2 3 0 0 4 2 4 2 1 0 4 0 4 3 
100 149
1 2 1 0
1 2 1 4
1 2 0 2
1 2 3 2
1 4 1 2
1 4 1 5
1 4 0 4
1 4 2 4
1 8 1 6
1 8 1 10
1 8 0 8
1 8 2 8
2 5 2 4
2 5 2 6
2 5 1 5
3 10 3 2
3 10 3 11
3 10 1 10
3 10 5 10
3 10 3 2
3 10 3 11
3 10 1 10
3 10 5 10
4 13 4 14
4 13 3 13
4 13 5 13
4 13 4 14
4 13 3 13
4 13 5 13
10 1 10 2
10 1 7 1
10 1 11 1
10 1 10 2
10 1 7 1
10 1 11 1
10 2 10 12
10 2 3 2
10 2 14 2
10 2 10 12
10 12 10 14
10 12 1 12
10 12 14 12
11 1 12 1
11 3 11 4
11 3 14 3
11 3 11 4
11 3 14 3
12 8 12 6
12 8 14 8
12 8 12 6
12 8 14 8
12 13 11 13
12 13 14 13
12 13 11 13
12 13 14 13
14 0 14 1
14 0 3 0
14 0 15 0
14 8 14 3
14 8 14 12
14 8 15 8
14 15 14 14
14 15 11 15
14 15 15 15
14 15 14 14
14 15 11 15
14 15 15 15
15 6 15 3
15 6 15 7
15 6 15 3
15 6 15 7
15 8 15 9
15 8 14 8
15 8 15 9
15 10 15 12
15 12 15 14
15 12 14 12
15 12 15 14
15 14 15 15
15 14 14 14
1 4 1 5
1 4 0 4
1 4 2 4
1 5 1 6
1 5 0 5
1 5 2 5
1 6 1 8
1 6 0 6
1 6 2 6
1 6 0 6
2 3 2 4
2 4 2 3
2 4 2 5
2 6 2 7
2 9 2 8
3 2 3 0
3 2 1 2
3 2 3 0
4 1 5 1
5 1 4 1
5 1 7 1
5 1 7 1
5 3 5 6
5 3 7 3
5 3 5 6
5 3 7 3
5 10 5 8
5 10 6 10
5 13 7 13
6 10 6 9
7 11 7 3
7 11 3 11
7 11 8 11
7 13 8 13
8 13 7 13
10 12 10 14
10 12 1 12
10 12 14 12
10 14 10 15
10 14 4 14
10 14 14 14
11 1 12 1
14 8 14 3
14 8 14 12
14 12 14 13
14 14 10 14
2 1 2 0
2 6 2 7
2 8 1 8
3 0 2 0
4 6 4 7
4 6 5 6
4 8 5 8
5 7 5 8
5 7 6 7
5 7 5 8
5 7 6 7
5 8 6 8
6 9 6 10
10 14 10 15
10 15 3 15
14 0 14 1
14 0 15 0
14 3 15 3
15 0 15 1
15 1 15 2
15 1 15 2
2 0 2 1
2 0 1 0

856

3 2 4 3 3 2 3   3   4 4     4 3 
3 - 7 = 8 6 6 = 7 - 7 2 2 3   4 
4 2 ǁ 2 6 5 5 2 3 1 ǁ 2 ǁ 3 2   
4 = 7 = = = = = = = 8 5 ǁ 3   3 
| 2 |       2 1 1   ǁ | ǁ 6 3 | 
| 4 | 4 = = 3 4 5 - 4 | ǁ 3 | | 
| ǁ | ǁ       2 1 2 3 | ǁ | | | 
| 4 | 5 - - - - - - - 5 ǁ 3 | | 
| ǁ | 1               2 ǁ 2 | | 
| ǁ |                   ǁ   | | 
| 6 6 = = = = = = = = = 8 = 7 3 
| 4 | 4 2               ǁ 2 ǁ 2 
| 2 | ǁ     2 = 4       ǁ 4 ǁ ǁ 
|   | ǁ         ǁ       ǁ ǁ ǁ ǁ 
5 2 1 5 = = = = 8 = = = 6 3 5 6 
3 3 2 3 = = 4 2 4 2 1 - 4 = 4 3 
