16 16
3 0 2 0 3 0 0 0 0 0 0 3 2 5 4 2 
0 0 0 0 4 2 3 0 0 0 0 7 0 7 6 4 
3 0 4 0 0 0 0 0 2 1 0 2 2 3 0 0 
2 0 0 0 0 0 0 4 6 4 0 0 8 3 0 0 
3 0 6 0 2 0 0 4 0 0 0 0 0 0 0 0 
0 0 0 0 0 0 0 6 6 0 0 0 0 0 2 0 
2 1 0 0 4 4 0 2 0 0 0 0 0 0 0 0 
0 0 0 0 3 4 0 4 6 0 0 0 0 0 0 0 
0 0 0 0 0 0 0 2 0 0 0 0 0 0 0 0 
3 0 7 0 0 0 4 0 5 0 2 0 6 0 5 3 
4 0 5 3 0 0 6 3 6 7 0 0 3 2 2 0 
0 0 2 0 0 0 0 1 6 7 0 0 0 0 5 0 
5 3 3 0 2 0 7 5 4 0 3 0 0 0 7 4 
3 3 2 4 0 2 0 3 3 4 2 0 0 0 0 0 
2 0 0 5 3 3 3 4 3 2 0 0 0 0 4 2 
0 0 0 2 2 0 1 0 0 0 0 0 0 0 0 0 
100 124
0 13 0 12
0 13 0 14
0 13 1 13
1 11 1 6
1 11 1 13
1 11 0 11
1 11 2 11
3 12 3 9
3 12 3 13
3 12 2 12
3 12 9 12
3 12 3 9
3 12 3 13
3 12 2 12
3 12 9 12
5 7 5 8
5 7 4 7
5 7 6 7
5 7 5 8
5 7 4 7
5 7 6 7
5 8 3 8
5 8 7 8
5 8 3 8
5 8 7 8
7 8 7 7
7 8 9 8
9 2 9 0
9 2 9 6
9 2 4 2
9 2 10 2
9 12 9 10
9 12 9 14
9 12 10 12
9 12 9 10
10 9 10 8
10 9 10 12
10 9 3 9
10 9 11 9
11 14 11 9
11 14 10 14
11 14 12 14
12 0 12 1
12 0 10 0
12 0 13 0
12 6 12 4
12 6 12 7
12 6 10 6
12 6 14 6
3 8 3 7
3 8 3 9
3 8 2 8
3 8 3 7
3 13 2 13
4 7 4 4
4 7 3 7
6 1 6 0
6 5 6 4
6 5 7 5
6 5 6 4
6 5 7 5
7 5 7 4
7 5 7 7
7 7 7 8
7 7 8 7
7 8 9 8
8 7 10 7
9 6 9 2
9 6 10 6
9 6 10 6
9 8 10 8
10 6 10 3
10 6 10 7
10 6 12 6
10 9 10 8
10 9 10 12
10 9 11 9
10 13 10 14
11 14 11 9
11 14 12 14
12 14 12 10
12 14 12 15
12 14 14 14
2 13 1 13
2 13 1 13
3 7 3 0
4 2 4 0
4 2 4 4
4 2 9 2
4 2 4 0
6 4 7 4
7 4 6 4
9 8 10 8
9 14 9 15
9 14 5 14
10 8 10 7
10 8 9 8
11 8 11 7
11 8 11 9
11 8 12 8
11 8 11 9
11 8 12 8
1 4 1 5
1 4 0 4
1 4 1 5
1 4 0 4
1 6 1 11
9 14 9 15
9 14 5 14
1 14 1 13
1 14 1 15
1 14 0 14
1 14 1 13
1 14 1 15
1 14 0 14
1 15 0 15
1 15 9 15
12 15 12 14
12 15 14 15
12 15 12 14
14 14 14 9
14 14 14 15
14 14 14 9
0 14 0 13

1030

3   2   3             3 2 5 4 2 
        4 2 3 = = = = 7 - 7 6 4 
3   4           2 1   2 2 3   | 
2 - - - - - - 4 6 4 = = 8 3   | 
3 = 6 - 2 - - 4 ǁ |     ǁ     | 
    ǁ         6 6 |     ǁ   2 | 
2 1 ǁ   4 4   2 ǁ |     ǁ   ǁ | 
    ǁ   3 4 - 4 6 |     ǁ   ǁ | 
    ǁ         2 ǁ |     ǁ   ǁ | 
3 - 7 = = = 4 | 5 | 2 = 6 - 5 3 
4   5 3 - - 6 3 6 7 = = 3 2 2   
|   2       ǁ 1 6 7 = = = = 5   
5 3 3   2 - 7 5 4   3 - - - 7 4 
3 3 2 4   2 | 3 3 4 2       | | 
2     5 3 3 3 4 3 2 = = = = 4 2 
      2 2   1                   
