16 16
4 5 0 0 6 4 2 0 0 2 0 0 5 0 0 3 
3 0 2 0 4 0 3 0 0 0 0 0 7 4 3 4 
0 0 0 0 0 0 2 0 0 0 0 0 3 3 0 1 
3 6 0 0 0 0 0 0 0 0 0 0 0 0 6 4 
3 8 0 0 0 0 0 0 0 4 3 1 0 0 0 4 
2 4 3 6 0 4 0 0 0 0 0 0 0 0 0 4 
4 5 5 3 0 0 0 0 0 0 0 0 0 0 0 3 
4 0 2 0 0 0 0 0 0 0 0 0 0 0 0 0 
4 6 0 0 0 6 0 0 0 0 0 0 0 0 7 4 
1 0 3 4 2 0 1 3 0 4 2 4 1 1 0 1 
0 0 4 4 0 5 0 0 0 7 0 6 5 3 7 4 
3 0 2 1 0 0 0 0 0 0 1 4 8 2 0 0 
0 3 3 0 0 0 0 0 0 0 0 2 4 2 0 0 
0 3 0 0 0 0 2 4 0 4 3 0 0 0 7 5 
4 6 0 6 0 6 0 0 0 0 0 0 0 1 1 1 
2 0 0 6 2 4 0 0 0 0 0 0 0 2 0 0 
100 168
0 0 0 1
0 0 1 0
0 0 0 1
0 0 1 0
0 4 0 1
0 4 0 5
0 4 1 4
0 4 0 1
0 4 0 5
0 4 1 4
0 5 0 6
0 5 5 5
0 12 0 9
0 12 0 15
0 12 1 12
1 4 1 2
1 4 9 4
3 1 3 0
3 1 0 1
3 1 4 1
3 1 3 0
3 1 4 1
3 14 3 15
3 14 1 14
3 14 8 14
3 14 3 15
3 14 1 14
3 14 8 14
3 15 2 15
3 15 4 15
4 1 4 0
4 1 3 1
4 1 5 1
4 15 5 15
4 15 5 15
5 3 5 2
5 3 6 3
5 3 5 2
5 3 6 3
5 3 5 2
5 3 6 3
5 5 8 5
5 15 4 15
5 15 6 15
6 15 8 15
8 1 8 0
8 1 6 1
8 1 12 1
8 1 8 0
8 1 6 1
8 1 12 1
8 5 8 14
8 5 5 5
8 5 10 5
8 5 8 14
8 5 10 5
10 9 10 5
10 9 10 11
10 9 9 9
10 9 13 9
10 14 10 13
10 14 10 15
10 14 8 14
10 14 13 14
11 12 11 11
11 12 11 13
11 12 10 12
11 12 12 12
11 12 11 11
11 12 11 13
11 12 10 12
11 12 12 12
12 12 12 11
12 12 12 13
12 13 14 13
13 7 13 6
13 7 13 9
13 7 13 6
13 7 13 9
13 9 13 10
13 10 11 10
13 14 13 15
13 14 10 14
13 14 14 14
13 14 13 15
13 15 13 14
13 15 10 15
13 15 14 15
14 1 14 0
14 1 14 3
14 1 13 1
14 1 14 0
14 1 14 3
14 1 13 1
14 3 14 5
14 3 11 3
14 3 15 3
14 3 14 5
14 5 10 5
14 5 15 5
15 13 15 5
15 13 15 5
1 0 3 0
1 15 1 14
1 15 0 15
1 15 0 15
4 9 4 10
4 9 0 9
4 9 4 10
4 9 4 10
6 15 8 15
7 0 6 0
7 0 8 0
7 0 6 0
7 0 8 0
8 15 8 14
8 15 9 15
9 0 11 0
9 4 9 3
9 6 9 7
9 7 9 9
10 9 10 5
10 9 10 11
10 9 9 9
10 11 10 12
10 11 9 11
10 11 11 11
10 11 10 12
10 15 10 14
11 0 14 0
11 11 12 11
13 1 12 1
14 0 11 0
14 5 15 5
15 0 15 3
15 0 15 3
15 3 15 4
15 4 15 3
0 6 1 6
0 12 1 12
1 6 2 6
1 12 1 13
1 12 0 12
1 12 2 12
1 13 1 12
1 13 2 13
1 13 1 12
2 6 1 6
2 12 2 13
2 13 2 12
6 0 6 1
6 0 5 0
8 14 10 14
9 3 9 2
9 3 10 3
9 3 9 2
9 7 9 9
9 10 9 11
9 11 9 10
9 11 9 12
9 13 10 13
10 3 10 2
10 12 10 13
12 2 11 2
10 3 10 2
12 2 11 2
10 2 10 3
10 2 9 2

820

4 5 = = 6 4 2     2 - - 5 - - 3 
3 | 2 - 4 | 3     |     7 4 3 4 
| |     | | 2     |     3 3 ǁ 1 
3 6     | |       |         6 4 
3 8     | |       4 3 1     ǁ 4 
2 4 3 6 | 4                 ǁ 4 
4 5 5 3 | ǁ                 ǁ 3 
4 ǁ 2   | ǁ                 ǁ ǁ 
4 6     | 6 = = = = = = = = 7 4 
1 ǁ 3 4 2 ǁ 1 3 = 4 2 4 1 1 ǁ 1 
| ǁ 4 4   5 = = = 7 = 6 5 3 7 4 
3 ǁ 2 1   |       | 1 4 8 2 ǁ | 
ǁ 3 3 |   |       | | 2 4 2 ǁ | 
ǁ 3   |   | 2 4 = 4 3     | 7 5 
4 6 = 6 = 6               1 1 1 
2 = = 6 2 4 = = = = = = = 2     
