16 16
3 0 5 0 0 4 0 0 0 0 0 0 0 0 3 0 
1 0 0 2 0 0 0 0 0 0 0 0 0 0 0 2 
4 0 8 8 2 0 0 0 0 0 0 1 0 5 3 0 
0 3 3 5 2 0 0 0 0 0 0 0 0 0 0 0 
0 4 3 4 3 0 0 0 4 0 0 0 0 7 3 0 
0 2 0 0 0 0 0 0 2 0 0 0 0 0 3 0 
0 4 6 0 0 6 0 0 0 0 0 0 0 7 4 0 
0 2 6 4 1 0 2 4 1 0 2 0 2 0 1 0 
0 0 4 0 3 8 0 7 2 2 7 0 6 0 0 0 
0 1 2 0 0 0 4 5 2 0 0 0 0 5 5 6 
0 2 0 5 1 0 2 0 0 0 2 0 0 5 4 0 
0 0 0 4 2 0 0 0 0 0 0 0 0 2 2 0 
0 4 0 0 0 7 0 0 0 0 0 0 8 0 3 0 
5 5 0 4 0 8 0 0 2 2 4 0 0 0 0 2 
2 5 4 5 4 8 0 0 0 0 8 2 4 3 1 0 
0 2 0 0 0 3 0 0 0 1 3 1 1 2 0 0 
100 160
0 0 0 2
0 0 1 0
0 0 0 2
2 0 2 2
2 0 13 0
2 0 2 2
2 0 13 0
2 2 2 3
2 2 0 2
2 2 3 2
2 3 2 2
2 3 2 4
2 3 1 3
2 3 3 3
2 3 2 2
2 3 2 4
2 3 1 3
2 13 2 11
2 13 2 14
2 13 4 13
6 13 6 5
6 13 6 14
6 13 4 13
6 13 9 13
8 5 8 4
8 5 8 7
8 5 6 5
8 5 12 5
8 5 8 4
8 5 8 7
8 5 6 5
8 5 12 5
8 7 8 8
8 7 7 7
8 7 9 7
8 10 8 9
8 10 8 12
8 10 7 10
8 10 10 10
8 12 8 10
8 12 7 12
8 12 12 12
9 6 9 7
9 6 10 6
9 6 9 7
9 6 10 6
9 15 9 14
9 15 1 15
9 15 13 15
9 15 9 14
9 15 1 15
9 15 13 15
10 13 10 14
10 13 9 13
10 13 11 13
12 5 12 1
12 5 12 12
12 5 13 5
12 12 12 5
12 12 12 14
12 12 8 12
12 12 14 12
13 5 13 3
13 5 13 8
13 5 12 5
13 5 14 5
13 10 13 9
13 10 14 10
13 10 13 9
13 10 14 10
14 2 14 1
14 2 14 3
14 2 14 1
14 2 14 3
14 4 14 3
14 4 14 5
14 4 14 3
14 4 14 5
14 5 14 10
14 5 13 5
14 5 15 5
14 10 14 5
14 10 14 11
14 10 15 10
2 13 2 14
2 13 4 13
6 5 6 2
6 5 6 13
6 5 0 5
7 6 7 7
8 12 7 12
10 10 8 10
11 3 11 4
11 3 10 3
11 3 11 4
11 3 10 3
12 1 10 1
12 1 13 1
12 1 10 1
12 12 12 14
12 12 14 12
13 5 13 3
13 5 13 8
14 3 13 3
14 5 15 5
14 10 14 11
14 10 15 10
14 12 14 13
14 12 15 12
15 11 15 10
15 13 14 13
15 13 14 13
0 5 0 2
0 5 0 14
0 5 0 2
0 14 2 14
2 2 3 2
4 8 4 13
4 8 5 8
4 8 4 13
4 8 5 8
6 2 6 1
6 2 4 2
6 2 7 2
6 2 6 1
6 2 4 2
7 2 7 1
7 2 7 3
7 2 8 2
7 2 7 1
7 2 7 3
7 3 7 4
7 3 10 3
7 6 7 7
7 7 7 8
7 10 8 10
8 2 9 2
8 4 10 4
8 7 8 8
8 7 9 7
9 1 9 2
9 7 9 8
13 3 13 1
14 14 12 14
15 9 15 5
6 1 5 1
6 1 5 1
15 1 14 1
15 1 14 1
4 1 4 2
4 1 3 1
4 1 3 1
4 3 4 4
4 3 3 3
4 3 4 4
4 3 3 3
4 4 3 4
3 3 3 2
3 3 3 4
4 1 3 1

894

3 = 5 = = 4 - - - - - - - - 3   
1   | 2   |                 | 2 
4 = 8 8 2 |           1 - 5 3 ǁ 
ǁ 3 3 5 2 |               ǁ   ǁ 
ǁ 4 3 4 3 |     4 = = = = 7 3 ǁ 
ǁ 2 ǁ     |     2         | 3 ǁ 
ǁ 4 6 - - 6 = = = = = = = 7 4 ǁ 
ǁ 2 6 4 1 ǁ 2 4 1   2   2 | 1 ǁ 
ǁ   4 | 3 8 = 7 2 2 7 = 6 |   ǁ 
ǁ 1 2 | | ǁ 4 5 2   ǁ   ǁ 5 5 6 
ǁ 2   5 1 ǁ 2       2   ǁ 5 4 ǁ 
ǁ ǁ   4 2 ǁ             ǁ 2 2 ǁ 
ǁ 4 - - - 7 = = = = = = 8 = 3 ǁ 
5 5 - 4 = 8 = = 2 2 4   ǁ   | 2 
2 5 4 5 4 8 = = = = 8 2 4 3 1   
  2       3 - - - 1 3 1 1 2     
