16 16
2 3 2 6 0 0 2 2 0 0 0 3 4 5 1 0 
3 5 0 8 2 0 0 0 0 0 0 0 0 0 0 0 
0 3 4 0 0 0 0 0 0 0 0 0 2 0 0 0 
0 0 2 0 0 0 0 0 0 0 0 0 0 0 0 0 
6 0 0 7 0 0 0 0 0 0 0 6 0 6 1 0 
0 1 1 0 1 3 0 0 4 2 0 0 0 2 0 0 
0 0 2 0 3 0 4 1 0 0 0 0 0 0 0 0 
4 5 0 0 5 0 6 0 7 7 1 0 3 0 6 2 
4 6 0 0 0 0 0 0 0 3 1 0 1 0 0 2 
0 4 0 0 0 0 0 0 0 1 0 7 0 0 7 6 
0 0 0 0 0 0 4 2 0 0 0 0 2 4 0 2 
4 7 3 0 4 0 6 0 0 3 0 5 1 0 6 4 
0 4 0 7 0 0 6 3 0 3 2 0 0 0 4 4 
4 0 0 7 0 0 0 0 7 0 0 0 0 7 3 2 
5 3 1 4 3 0 0 0 6 2 2 0 0 5 1 0 
4 0 0 0 0 0 3 1 3 0 0 0 0 0 3 1 
100 146
0 3 0 2
0 3 0 6
0 3 1 3
0 13 0 12
0 13 0 14
0 13 4 13
1 3 1 1
1 3 1 4
1 3 0 3
1 3 4 3
2 2 2 1
2 2 3 2
2 2 2 1
2 2 3 2
4 0 4 3
4 0 1 0
4 0 7 0
5 5 5 4
5 5 5 8
5 5 5 8
7 8 7 6
7 8 7 9
7 8 5 8
7 8 13 8
7 9 7 8
7 9 7 10
7 9 5 9
7 9 8 9
8 1 8 0
8 1 7 1
8 1 9 1
8 1 8 0
8 1 7 1
8 1 9 1
9 1 11 1
9 11 9 9
9 11 9 14
9 11 4 11
9 11 11 11
9 15 9 14
9 15 8 15
9 15 10 15
11 6 11 4
11 6 10 6
11 6 12 6
11 6 11 4
11 6 10 6
11 6 12 6
11 11 11 9
11 11 11 12
11 11 9 11
11 11 11 9
11 14 11 15
11 14 9 14
11 14 12 14
12 3 12 1
12 3 12 6
12 3 4 3
12 3 13 3
13 13 13 8
13 13 13 14
13 13 10 13
13 13 14 13
14 0 14 1
14 0 13 0
14 0 15 0
14 13 14 10
14 13 14 14
14 13 13 13
15 0 15 6
15 0 14 0
15 14 15 8
15 14 15 15
15 14 15 8
0 3 0 2
0 3 0 6
0 7 0 11
0 13 0 12
0 13 4 13
1 3 1 1
1 3 1 4
1 3 4 3
2 1 1 1
4 0 4 3
4 0 1 0
4 0 7 0
5 13 4 13
6 7 6 6
7 4 7 6
7 4 6 4
7 4 11 4
7 9 7 8
7 9 5 9
8 9 8 10
9 1 11 1
9 11 9 14
9 11 4 11
9 15 9 14
9 15 8 15
9 15 10 15
10 12 10 13
11 1 11 0
11 1 11 2
11 1 12 1
11 4 7 4
11 9 12 9
11 14 11 15
11 14 9 14
11 14 12 14
11 15 12 15
11 15 12 15
12 9 12 10
12 10 12 9
14 13 14 10
15 0 15 6
0 7 0 11
5 8 7 8
5 13 4 13
7 15 7 14
7 15 7 14
8 12 7 12
9 14 7 14
10 12 10 13
10 13 13 13
13 8 13 3
13 8 13 13
13 8 14 8
14 9 14 8
15 6 15 7
15 8 14 8
7 14 7 12
7 14 4 14
7 14 7 12
13 8 13 3
13 8 14 8
14 9 14 8
2 12 0 12
4 13 4 11
4 13 4 11
14 8 14 4
2 12 0 12
14 4 14 3
0 11 4 11
4 11 4 3
14 4 14 3
4 3 12 3

1054

2 3 2 6 = = 2 2 = = = 3 4 5 1   
3 5 = 8 2             | ǁ ǁ     
ǁ 3 4 ǁ               | 2 ǁ     
ǁ   2 ǁ               |   ǁ     
6 = = 7 - - - - - - - 6 = 6 1   
ǁ 1 1 ǁ 1 3 = = 4 2   ǁ   2 |   
ǁ   2 ǁ 3   4 1 ǁ ǁ   ǁ     |   
4 5   ǁ 5 - 6 - 7 7 1 ǁ 3 = 6 2 
4 6   ǁ ǁ       | 3 1 ǁ 1   | 2 
  4   ǁ ǁ       | 1 - 7 = = 7 6 
  ǁ   ǁ ǁ   4 2 |     ǁ 2 4 ǁ 2 
4 7 3 ǁ 4 = 6   | 3 = 5 1 ǁ 6 4 
  4 - 7 - - 6 3 | 3 2     ǁ 4 4 
4     7 = = = = 7 = = = = 7 3 2 
5 3 1 4 3 - - - 6 2 2 = = 5 1   
4 = = = = = 3 1 3 = = = = = 3 1 
