16 16
2 4 0 0 2 4 2 2 3 0 5 3 6 6 2 2 
4 7 0 0 0 6 0 4 1 0 0 0 4 0 2 5 
0 0 3 0 0 0 0 0 0 0 7 0 4 0 3 0 
0 0 6 0 0 0 0 4 3 0 0 0 0 0 4 0 
0 0 4 0 2 0 0 1 2 0 0 0 0 0 0 0 
0 6 0 0 0 0 0 0 0 0 7 0 0 6 7 4 
0 0 2 0 3 0 2 0 5 2 0 0 2 0 2 1 
0 0 0 0 0 0 4 0 7 3 0 0 0 0 0 0 
1 5 3 1 0 0 2 0 0 2 0 0 0 0 0 0 
2 1 0 0 4 0 0 0 7 4 0 2 6 0 0 0 
0 0 2 0 4 1 0 0 0 2 0 0 0 0 0 0 
6 0 0 0 0 0 0 0 7 0 6 0 5 7 6 3 
0 3 6 2 0 0 0 0 0 2 0 4 2 0 3 0 
0 1 0 0 0 0 0 0 0 0 0 0 3 5 6 0 
2 2 6 0 0 0 0 0 5 3 1 0 2 4 6 2 
2 0 0 0 0 0 0 0 5 0 0 5 0 5 4 2 
100 176
0 10 0 8
0 10 0 11
0 10 2 10
0 12 0 11
0 12 0 13
0 12 1 12
0 12 0 11
0 12 0 13
0 12 1 12
0 13 0 14
0 13 5 13
1 1 1 0
1 1 1 5
1 1 0 1
1 1 5 1
1 12 2 12
1 15 1 14
1 15 0 15
1 15 5 15
3 2 3 7
3 2 2 2
3 2 4 2
3 2 3 7
3 2 2 2
3 2 4 2
3 14 2 14
3 14 5 14
3 14 2 14
3 14 5 14
4 2 4 4
4 2 6 2
5 1 1 1
5 1 8 1
5 1 8 1
5 14 5 13
5 14 5 15
5 14 6 14
7 8 7 6
7 8 7 9
7 8 6 8
7 8 9 8
9 12 9 11
9 12 6 12
9 12 11 12
9 12 9 11
9 12 6 12
9 12 11 12
11 0 11 8
11 0 9 0
11 0 14 0
11 0 11 8
11 0 9 0
11 0 14 0
11 8 11 10
11 8 9 8
11 8 14 8
11 13 11 12
11 13 11 14
11 13 5 13
11 13 13 13
12 2 12 1
12 2 12 3
12 2 14 2
12 2 12 1
12 2 12 3
12 2 14 2
13 14 13 13
13 14 12 14
13 14 14 14
13 14 13 13
13 14 12 14
13 14 14 14
14 2 14 1
14 2 14 8
14 14 14 13
14 14 14 15
14 14 15 14
14 14 14 13
15 0 15 8
15 0 15 8
15 11 15 8
15 11 15 13
15 11 12 11
15 14 15 13
15 14 15 15
15 14 15 13
15 15 14 15
0 10 0 8
0 10 2 10
0 13 0 14
0 13 5 13
0 15 1 15
1 5 1 1
1 5 1 7
1 5 0 5
1 5 1 7
1 5 0 5
1 12 2 12
2 2 2 10
2 10 2 12
2 10 5 10
2 12 2 10
2 14 1 14
3 7 3 8
3 7 4 7
3 8 4 8
4 4 6 4
5 10 5 13
5 10 2 10
5 10 11 10
5 10 5 13
5 10 11 10
5 14 5 15
5 14 6 14
5 15 1 15
6 15 11 15
10 5 10 4
10 9 9 9
11 10 11 8
11 10 11 12
11 10 14 10
11 13 11 12
11 13 11 14
11 13 13 13
11 14 11 15
11 14 12 14
11 14 11 15
12 1 13 1
12 9 14 9
12 11 12 12
12 11 15 11
12 11 12 12
14 1 14 2
14 2 14 8
0 5 0 4
0 5 0 6
0 6 0 7
1 7 1 8
1 7 0 7
3 8 4 8
10 4 10 2
10 4 9 4
10 4 10 2
10 9 9 9
12 9 14 9
14 9 14 8
15 8 15 11
15 8 14 8
15 13 14 13
15 13 14 13
0 4 0 1
9 9 9 8
9 9 8 9
11 8 9 8
13 13 13 12
14 12 13 12
0 1 0 0
0 1 1 1
1 0 0 0
1 0 8 0
8 1 8 2
8 1 9 1
8 1 8 2
8 9 7 9
9 4 9 8
9 4 6 4
9 4 9 8
9 8 7 8
13 12 14 12
8 3 8 2
8 6 7 6
6 2 6 4
8 6 7 6
7 6 7 8
6 6 6 8
6 6 6 8

1044

2 4 - - 2 4 2 2 3 = 5 3 6 6 2 2 
4 7 = = = 6 = 4 1   ǁ   4 ǁ 2 5 
| ǁ 3 - - - - - - - 7 = 4 ǁ 3 ǁ 
| ǁ 6 = = = = 4 3   ǁ     ǁ 4 ǁ 
| ǁ 4 - 2     1 2   ǁ     ǁ ǁ ǁ 
| 6 |   |           7 = = 6 7 4 
| ǁ 2 - 3   2 = 5 2 ǁ   2 | 2 1 
| ǁ     |   4 = 7 3 ǁ   ǁ |   | 
1 5 3 1 |   2   ǁ 2 ǁ   ǁ |   | 
2 1     4 = = = 7 4 ǁ 2 6 |   | 
ǁ   2 = 4 1     ǁ 2 ǁ   ǁ |   | 
6 = = = = = = = 7 = 6 - 5 7 6 3 
ǁ 3 6 2         | 2 | 4 2 ǁ 3   
ǁ 1 ǁ           | ǁ | ǁ 3 5 6   
2 2 6 = = = = = 5 3 1 ǁ 2 4 6 2 
2 = = = = = = = 5 = = 5 - 5 4 2 
