16 16
4 0 5 0 0 0 0 0 0 0 0 0 0 0 3 2 
0 0 0 4 5 0 0 3 0 0 0 0 0 0 0 0 
0 0 0 2 4 2 0 7 0 0 0 0 0 0 7 5 
0 0 0 2 2 2 0 7 3 1 2 3 3 1 0 0 
0 0 0 0 2 4 4 0 2 0 7 4 0 0 0 0 
0 0 0 0 0 2 0 0 1 0 0 0 0 0 0 0 
4 1 0 4 4 4 6 4 0 0 0 0 0 0 0 0 
0 0 0 0 0 3 0 6 5 0 0 0 0 0 0 0 
2 0 0 0 0 1 0 2 3 1 0 0 0 0 0 0 
0 0 0 0 5 0 6 0 0 0 6 6 4 2 0 0 
1 0 4 0 5 4 0 0 0 0 3 2 0 0 0 2 
0 0 2 0 1 2 0 0 0 0 1 0 0 0 0 1 
3 0 0 8 0 0 7 0 0 0 0 0 0 0 7 3 
1 2 0 8 6 2 0 1 2 0 4 0 0 0 6 1 
3 4 0 6 2 2 6 4 1 3 0 0 0 0 8 4 
1 2 0 6 2 2 0 0 0 5 2 2 0 0 4 2 
100 168
0 0 0 2
0 0 6 0
0 0 0 2
0 0 6 0
1 3 1 4
1 3 2 3
1 3 1 4
1 3 2 3
2 7 2 5
2 7 2 14
2 7 1 7
2 7 3 7
2 15 2 14
2 15 0 15
2 15 10 15
4 10 4 8
4 10 4 11
4 10 3 10
4 10 9 10
6 0 6 1
6 0 8 0
7 8 7 7
7 8 5 8
7 8 8 8
9 4 9 6
9 4 6 4
9 4 10 4
12 3 12 0
12 3 12 6
12 3 6 3
12 3 13 3
12 3 12 0
12 3 12 6
12 3 6 3
12 3 13 3
12 6 12 14
12 6 9 6
12 6 14 6
13 3 13 1
13 3 13 4
13 3 14 3
13 4 13 3
13 4 13 5
13 4 14 4
13 4 13 3
13 4 13 5
14 6 14 5
14 6 14 7
14 6 12 6
14 7 14 6
14 7 14 8
14 7 13 7
14 14 14 9
14 14 14 15
14 14 13 14
14 14 15 14
14 14 14 9
14 14 14 15
14 14 13 14
14 14 15 14
14 15 13 15
14 15 15 15
15 3 15 1
15 3 15 4
15 3 14 3
15 3 15 1
15 3 15 4
15 3 14 3
15 9 15 5
15 9 15 10
15 9 14 9
15 14 15 11
15 14 15 15
6 3 6 4
6 3 3 3
7 8 7 7
7 8 8 8
8 0 10 0
8 9 8 8
10 2 0 2
10 2 11 2
10 2 0 2
10 2 11 2
10 5 10 4
10 5 11 5
10 5 10 4
10 5 11 5
11 4 10 4
12 0 13 0
12 15 12 14
12 15 11 15
12 15 12 14
13 8 13 10
13 10 13 8
13 10 13 14
13 10 13 14
13 14 12 14
13 14 12 14
14 0 14 1
14 0 15 0
14 0 14 1
14 1 14 3
14 1 13 1
14 3 14 4
14 3 13 3
14 6 14 5
15 5 15 9
15 9 15 10
0 2 0 14
3 3 3 4
7 7 7 5
7 7 6 7
7 7 8 7
7 7 7 5
8 7 8 5
9 6 9 4
9 6 9 10
9 6 12 6
9 6 9 10
9 10 9 11
9 10 4 10
9 10 10 10
9 11 9 12
9 11 4 11
9 11 10 11
9 11 9 12
9 11 4 11
9 12 9 13
9 12 3 12
9 13 3 13
10 4 9 4
10 10 10 11
10 10 11 10
10 15 2 15
12 14 2 14
12 14 2 14
3 12 3 11
3 12 3 11
4 11 4 10
6 4 6 5
6 4 4 4
6 6 6 5
6 6 6 7
6 6 4 6
6 6 6 5
6 6 6 7
6 6 4 6
6 7 3 7
7 5 6 5
3 7 3 5
3 7 3 8
3 7 2 7
3 11 3 10
4 6 4 5
4 10 4 8
5 5 4 5
5 5 4 5
3 7 3 5
3 7 3 8
3 8 3 9
4 5 4 4
3 4 2 4
2 4 2 5
2 4 1 4
2 4 1 4
2 7 2 14
2 7 1 7
1 4 1 7

1084

4 = 5 - - - - - - - - - - - 3 2 
ǁ   ǁ 4 5 - - 3               | 
ǁ   ǁ 2 4 2 - 7 = = = = = = 7 5 
ǁ   ǁ 2 2 2 = 7 3 1 2 3 3 1 ǁ ǁ 
ǁ   ǁ | 2 4 4 | 2 = 7 4 | | ǁ ǁ 
ǁ   ǁ | | 2 ǁ | 1   ǁ ǁ | | ǁ ǁ 
4 1 ǁ 4 4 4 6 4 |   ǁ ǁ | | ǁ ǁ 
|   ǁ ǁ | 3 = 6 5   ǁ ǁ | | ǁ ǁ 
2   ǁ ǁ | 1 - 2 3 1 ǁ ǁ | | ǁ ǁ 
|   ǁ ǁ 5 = 6 = = = 6 6 4 2 ǁ ǁ 
1   4 ǁ 5 4 ǁ       3 2     ǁ 2 
    2 ǁ 1 2 ǁ       1       ǁ 1 
3 = = 8 = = 7 - - - - - - - 7 3 
1 2 - 8 6 2 ǁ 1 2 = 4 = = = 6 1 
3 4 - 6 2 2 6 4 1 3 = = = = 8 4 
1 2 = 6 2 2 = = = 5 2 2 - - 4 2 
