16 16
2 6 0 4 0 0 2 3 0 5 6 0 3 3 2 0 
1 6 0 1 2 0 0 8 3 0 4 2 0 4 0 2 
2 0 0 0 0 0 0 2 1 0 4 0 6 3 0 0 
0 0 0 0 0 0 0 0 0 0 4 2 0 0 0 0 
4 0 3 0 0 0 0 0 0 7 0 0 7 0 4 0 
0 0 0 0 4 4 2 0 0 0 0 0 0 1 2 0 
0 0 2 0 6 0 0 0 0 6 1 0 0 0 0 0 
0 0 0 0 1 0 0 0 0 3 2 0 0 0 0 0 
6 7 0 0 0 0 0 0 0 0 0 0 6 6 5 6 
0 5 0 0 0 4 0 0 0 0 0 0 0 0 4 6 
0 5 4 4 1 0 0 0 0 0 1 0 0 0 0 2 
0 0 4 2 0 0 0 0 0 0 0 0 0 6 7 1 
0 0 4 0 0 7 0 2 0 0 5 4 0 2 0 2 
0 0 1 0 0 3 2 0 6 0 3 2 0 2 0 0 
4 8 2 1 0 0 0 0 7 0 0 0 5 4 6 5 
1 5 0 4 0 0 2 0 3 3 3 0 4 3 3 2 
100 175
0 1 0 0
0 1 0 3
0 1 1 1
0 1 0 0
0 1 0 3
0 1 1 1
0 3 0 6
0 3 1 3
0 9 0 7
0 9 0 10
0 9 4 9
0 10 0 9
0 10 0 12
0 10 1 10
0 10 0 9
0 10 0 12
1 1 1 0
1 1 8 1
1 1 8 1
1 7 1 4
1 7 1 8
1 7 0 7
1 7 2 7
1 7 1 4
1 7 1 8
1 7 0 7
1 7 2 7
1 8 2 8
1 10 1 11
1 10 2 10
1 10 1 11
2 0 4 0
2 10 2 12
2 10 3 10
2 10 2 12
2 12 2 13
2 12 0 12
2 12 4 12
2 12 2 13
3 10 3 11
3 10 6 10
3 10 3 11
4 0 2 0
4 0 8 0
4 0 8 0
4 9 4 2
4 9 6 9
4 9 4 2
4 9 6 9
4 12 4 14
4 12 8 12
4 12 4 14
4 12 8 12
4 14 0 14
4 14 5 14
5 4 5 5
5 4 6 4
5 4 5 5
5 4 6 4
5 5 5 6
5 5 9 5
5 6 13 6
6 4 6 2
6 4 7 4
6 4 6 2
6 9 7 9
6 9 7 9
7 10 7 9
7 10 10 10
8 0 8 1
8 0 14 0
8 1 8 0
8 1 9 1
8 1 8 0
8 1 9 1
8 12 8 13
8 12 14 12
8 12 8 13
8 12 14 12
8 13 8 14
8 13 5 13
8 13 11 13
8 13 8 14
8 15 8 14
8 15 1 15
8 15 9 15
8 15 8 14
8 15 1 15
8 15 9 15
9 5 9 1
9 5 12 5
9 5 9 1
9 15 9 14
9 15 10 15
10 1 10 2
10 1 9 1
10 1 14 1
10 4 10 3
11 14 11 13
11 14 11 15
11 14 9 14
11 14 14 14
12 5 12 2
12 5 13 5
12 5 12 2
12 5 13 5
12 5 13 5
12 7 12 10
12 11 12 10
12 11 13 11
12 11 12 10
12 11 13 11
12 15 14 15
13 8 13 6
13 8 13 10
13 8 14 8
14 0 14 1
14 0 15 0
14 0 14 1
14 1 14 2
14 1 10 1
14 1 15 1
14 8 14 3
14 8 14 12
14 8 13 8
14 8 15 8
15 1 15 3
15 1 14 1
15 1 15 3
15 1 14 1
15 3 15 6
15 3 15 6
0 14 0 13
1 13 0 13
1 13 2 13
1 13 0 13
5 14 8 14
9 14 9 15
9 14 11 14
9 15 10 15
10 1 10 2
10 2 10 3
10 2 11 2
10 3 11 3
10 3 11 3
11 2 12 2
11 13 11 14
11 13 12 13
11 13 11 14
11 13 12 13
12 2 11 2
12 7 12 10
12 10 13 10
12 15 14 15
13 2 14 2
13 10 13 8
13 13 14 13
14 8 14 12
14 8 13 8
14 14 14 13
14 14 14 15
14 14 15 14
14 14 14 13
14 14 14 15
14 15 15 15
15 8 15 9
15 8 15 9
15 9 15 10
15 10 15 12
15 15 15 14
13 13 14 13
14 12 15 12
15 10 15 12
15 12 15 13
15 13 15 14

994

2 6 = 4 - - 2 3 - 5 6 = 3 3 2   
1 6   1 2 = = 8 3 | 4 2 | 4 | 2 
2 ǁ           2 1 | 4 = 6 3 | ǁ 
ǁ ǁ               | 4 2 |   | ǁ 
4 ǁ 3 = = = = = = 7 |   7 = 4 ǁ 
ǁ ǁ     4 4 2     ǁ |   ǁ 1 2 ǁ 
ǁ ǁ 2 = 6 | |     6 1   ǁ | | ǁ 
ǁ ǁ     1 | |     3 2   ǁ | | ǁ 
6 7       | |       |   6 6 5 6 
| 5 = = = 4 |       |   ǁ | 4 6 
| 5 4 4 1 | |       1   ǁ | ǁ 2 
| ǁ 4 2   | |           ǁ 6 7 1 
| ǁ 4 = = 7 | 2 = = 5 4 ǁ 2 | 2 
| ǁ 1     3 2 - 6 = 3 2 ǁ 2 | ǁ 
4 8 2 1 - - - - 7 = = = 5 4 6 5 
1 5 = 4 = = 2   3 3 3 = 4 3 3 2 
