16 16
2 3 0 0 0 0 0 0 0 0 0 0 5 2 2 2 
3 5 0 2 0 0 0 0 0 0 0 0 0 0 0 0 
4 7 0 0 0 0 0 0 0 0 0 0 8 0 6 6 
0 0 0 1 0 0 0 2 0 0 0 0 0 0 4 4 
0 0 3 5 4 0 0 5 0 0 2 0 0 3 8 3 
0 0 0 0 4 2 0 0 0 0 0 0 0 0 0 0 
0 0 0 0 0 0 0 0 1 0 7 2 0 0 0 0 
0 0 2 6 0 0 0 6 3 0 0 0 0 0 0 0 
0 0 3 4 0 3 1 0 2 0 0 1 0 0 4 0 
1 0 2 1 0 2 1 0 0 0 0 0 0 0 0 0 
2 8 0 0 0 0 0 8 0 0 6 3 0 0 0 0 
1 7 5 0 0 5 3 0 2 0 6 0 8 7 7 3 
2 0 2 0 1 0 2 0 4 0 6 2 5 0 2 1 
4 8 0 0 0 4 0 0 2 0 0 2 3 6 3 1 
4 6 1 0 0 0 0 6 3 2 7 6 3 5 3 0 
2 4 0 0 0 0 0 4 2 0 1 3 0 0 2 0 
100 166
0 12 0 1
0 12 0 13
0 12 2 12
2 1 2 0
2 1 2 12
2 1 1 1
2 1 10 1
2 12 2 1
2 12 2 14
2 12 0 12
2 12 11 12
2 15 2 14
2 15 0 15
2 15 3 15
2 15 2 14
2 15 0 15
2 15 3 15
3 15 3 14
3 15 4 15
4 14 4 13
4 14 4 15
4 14 3 14
4 14 8 14
4 14 4 13
4 14 4 15
4 14 3 14
4 14 8 14
6 10 6 8
6 10 6 11
6 10 4 10
6 10 10 10
8 14 11 14
10 1 10 0
10 1 10 7
10 1 2 1
10 1 11 1
10 7 10 1
10 7 10 10
10 7 7 7
10 7 14 7
11 1 11 0
11 1 11 2
11 1 10 1
11 1 13 1
11 5 11 2
11 5 11 6
11 5 13 5
11 12 11 10
11 12 11 13
11 12 2 12
11 12 12 12
11 15 11 14
11 15 12 15
11 15 11 14
12 0 13 0
12 4 12 2
12 6 11 6
13 1 13 0
13 1 13 5
13 1 11 1
13 1 14 1
13 5 13 1
13 5 11 5
13 15 13 14
14 10 14 9
14 10 14 11
14 10 12 10
14 10 15 10
14 13 14 12
14 13 14 14
14 13 13 13
1 3 1 1
2 12 2 14
3 14 2 14
4 13 11 13
5 4 5 5
5 4 4 4
5 4 5 5
5 4 4 4
6 10 6 11
6 10 4 10
6 10 10 10
8 8 7 8
8 11 10 11
8 14 11 14
10 1 10 0
10 7 10 10
10 7 7 7
10 7 14 7
10 11 10 10
11 1 11 2
11 2 11 5
11 2 12 2
11 6 12 6
11 12 11 10
11 12 11 13
11 12 12 12
11 13 11 14
11 13 13 13
12 0 13 0
13 0 13 1
13 1 14 1
14 0 14 1
14 0 15 0
14 0 14 1
14 0 15 0
14 7 14 2
14 7 14 8
14 7 15 7
14 7 14 8
14 10 14 9
14 10 14 11
14 10 12 10
14 11 14 12
14 11 13 11
14 11 15 11
14 11 14 12
14 13 14 14
14 13 13 13
15 1 15 7
15 1 14 1
15 1 15 7
15 1 14 1
15 7 15 8
15 8 14 8
15 11 15 14
15 11 15 14
0 14 0 13
0 14 2 14
1 3 1 1
4 4 4 3
4 4 4 7
4 7 3 7
4 7 7 7
7 7 7 3
7 7 7 8
7 7 4 7
7 8 8 8
9 0 2 0
10 11 10 10
11 10 11 8
11 10 12 10
11 13 11 14
11 13 13 13
11 14 12 14
12 10 12 8
12 10 12 11
12 10 11 10
12 14 13 14
13 8 12 8
14 14 13 14
0 12 0 1
2 0 2 1
2 0 1 0
4 7 3 7
7 3 7 2
7 3 4 3
7 3 8 3
7 3 7 2
7 3 4 3
11 10 11 8
12 8 13 8
13 13 13 12
13 13 13 12
3 3 4 3
4 2 4 3

1033

2 3 = = = = = = = = = = 5 2 2 2 
3 5 = 2                 ǁ   | ǁ 
4 7 = = = = = = = = = = 8 = 6 6 
| ǁ   1       2         ǁ   4 4 
| ǁ 3 5 4 - - 5     2   ǁ 3 8 3 
| ǁ   ǁ 4 2   ǁ     ǁ   ǁ | ǁ   
| ǁ   ǁ       ǁ 1 - 7 2 ǁ | ǁ   
| ǁ 2 6 - - - 6 3   ǁ   ǁ | ǁ   
| ǁ 3 4   3 1 ǁ 2   ǁ 1 ǁ | 4   
1 ǁ 2 1   2 1 ǁ     ǁ | ǁ | ǁ   
2 8 = = = = = 8 = = 6 3 ǁ | ǁ   
1 7 5 = = 5 3 ǁ 2 = 6 = 8 7 7 3 
2 ǁ 2 - 1 ǁ 2 ǁ 4 - 6 2 5 ǁ 2 1 
4 8 = = = 4   ǁ 2   ǁ 2 3 6 3 1 
4 6 1 - - - - 6 3 2 7 6 3 5 3   
2 4 = = = = = 4 2   1 3 = = 2   
