16 16
3 0 0 3 1 4 0 0 4 6 2 3 0 0 3 0 
6 0 0 4 4 8 3 0 0 4 2 1 0 0 0 2 
0 2 0 0 6 6 3 0 0 0 0 0 0 0 0 0 
6 0 0 0 0 0 0 0 6 0 0 0 0 0 6 5 
0 1 2 0 5 3 0 0 0 2 2 1 0 0 0 1 
0 0 0 4 4 3 2 0 0 5 7 5 0 0 0 0 
5 6 2 0 0 0 0 0 0 2 0 2 4 2 0 0 
4 2 0 0 0 0 0 0 0 0 0 0 0 0 0 2 
0 0 0 0 0 0 0 0 0 0 0 1 0 0 0 0 
0 0 0 0 0 0 0 0 0 0 0 0 0 0 0 0 
0 0 0 3 4 0 0 0 6 0 7 3 4 1 3 0 
0 0 0 0 3 0 4 2 0 0 4 2 0 1 3 0 
5 0 0 5 0 0 0 0 7 0 0 0 6 0 4 4 
0 2 0 7 2 4 5 0 7 0 4 2 5 0 3 1 
4 3 0 8 0 4 1 0 3 6 4 0 1 0 2 0 
4 5 4 6 0 0 0 0 2 2 0 0 0 0 0 0 
100 174
0 9 0 8
0 9 0 10
0 9 1 9
0 9 0 8
0 9 0 10
0 9 1 9
0 11 0 14
0 11 1 11
0 11 0 14
0 14 3 14
1 0 1 3
1 0 0 0
1 0 3 0
1 0 1 3
1 0 0 0
1 0 3 0
1 5 1 4
1 5 1 6
1 5 0 5
1 5 2 5
1 5 1 4
1 5 1 6
1 5 0 5
1 5 2 5
1 15 3 15
1 15 3 15
2 5 2 4
2 5 2 6
2 5 4 5
2 5 2 4
3 0 6 0
3 0 6 0
3 8 3 14
3 8 0 8
3 8 10 8
3 8 3 14
3 8 0 8
3 8 10 8
3 15 3 14
3 15 4 15
3 15 3 14
5 9 5 10
5 9 4 9
5 9 6 9
5 11 5 10
5 11 4 11
5 11 6 11
7 15 12 15
10 8 10 4
10 8 10 10
10 8 12 8
10 8 10 4
10 10 10 11
10 10 5 10
10 10 11 10
11 7 11 6
12 0 12 3
12 0 7 0
12 0 14 0
12 8 12 3
12 8 12 12
12 8 13 8
13 3 13 1
13 3 13 4
13 3 12 3
13 3 14 3
13 6 13 5
13 6 13 8
13 6 14 6
14 3 14 1
14 3 14 5
14 3 13 3
14 3 15 3
14 3 14 1
14 3 14 5
14 3 13 3
14 5 13 5
14 5 13 5
14 9 14 8
14 9 14 10
14 9 15 9
14 9 14 8
14 9 14 10
14 9 15 9
14 10 14 12
14 10 13 10
14 14 13 14
14 14 13 14
15 0 15 1
15 0 14 0
15 0 15 1
15 0 14 0
15 2 15 1
15 2 15 3
15 2 15 1
15 2 15 3
15 3 15 8
0 0 0 3
0 5 0 4
1 4 1 3
1 4 2 4
1 6 2 6
1 9 1 10
1 10 1 9
2 6 5 6
3 14 10 14
5 6 5 5
5 11 5 10
5 11 6 11
6 9 5 9
6 12 6 13
6 12 10 12
6 12 6 13
6 12 10 12
7 15 12 15
8 11 10 11
10 10 10 11
10 10 5 10
10 10 11 10
10 12 10 13
10 12 12 12
10 14 11 14
10 14 11 14
11 6 11 4
11 6 11 7
11 6 11 4
11 10 11 11
11 11 11 10
11 13 11 14
12 8 12 3
12 8 12 12
12 8 13 8
12 15 12 14
12 15 13 15
13 5 13 4
13 6 13 8
13 10 13 8
13 10 13 11
13 10 13 8
13 11 13 12
13 12 13 14
13 12 12 12
13 12 12 12
14 0 14 1
15 3 15 8
0 3 1 3
5 3 5 4
5 3 10 3
5 3 5 4
5 3 10 3
11 4 10 4
12 0 12 3
12 0 7 0
12 14 12 12
13 1 13 3
13 8 14 8
7 0 7 1
7 0 6 0
7 1 6 1
10 3 10 4
5 4 5 5
5 4 4 4
5 5 4 5
6 0 6 1
6 0 6 1
6 1 6 2
6 1 4 1
6 1 6 2
2 1 2 4
2 1 2 4
2 4 4 4
4 2 4 4
4 2 4 4
4 4 4 5

912

3 - - 3 1 4     4 6 2 3 = = 3   
6 = = 4 4 8 3   ǁ 4 2 1     | 2 
ǁ 2 = = 6 6 3   ǁ           | ǁ 
6       | | |   6 = = = = = 6 5 
ǁ 1 2 = 5 3 |   ǁ 2 2 1     | 1 
ǁ |   4 4 3 2   ǁ 5 7 5     |   
5 6 2 ǁ         ǁ 2 ǁ 2 4 2 |   
4 2   ǁ         ǁ   ǁ   ǁ   | 2 
ǁ     ǁ         ǁ   ǁ 1 ǁ   | ǁ 
ǁ     ǁ         ǁ   ǁ | ǁ   | ǁ 
ǁ     3 4 = = = 6 - 7 3 4 1 3 ǁ 
ǁ       3 = 4 2 |   4 2 | 1 3 ǁ 
5 = = 5 = = = = 7 = = = 6 - 4 4 
| 2 = 7 2 4 5 = 7 = 4 2 5 - 3 1 
4 3 = 8 = 4 1   3 6 4 - 1   2   
4 5 4 6 = = = = 2 2             
