16 16
2 3 2 4 6 0 0 0 0 0 6 0 0 4 2 0 
2 0 0 0 3 0 1 0 0 0 0 0 0 0 0 0 
5 3 6 8 0 0 0 0 0 0 7 0 0 6 5 2 
0 0 2 0 0 0 0 0 0 0 0 4 2 0 2 2 
0 0 2 7 0 0 0 3 4 2 0 5 0 6 4 0 
4 0 2 5 0 0 0 0 1 0 0 1 2 0 5 4 
3 0 1 1 0 0 0 0 0 0 0 2 3 0 0 0 
4 6 0 0 0 0 0 0 0 0 5 0 0 0 7 2 
6 7 3 0 0 0 0 0 0 0 0 4 2 2 0 0 
0 0 0 0 2 2 0 0 0 2 0 7 4 4 0 0 
0 0 0 0 0 0 1 2 0 0 0 3 0 0 0 0 
0 0 0 0 0 4 0 0 0 0 0 0 0 0 7 4 
2 0 0 0 0 1 3 1 2 0 0 5 4 2 3 4 
0 0 3 0 7 0 7 0 0 0 0 7 5 7 6 5 
4 8 4 2 3 0 3 0 0 0 0 2 0 0 1 1 
3 5 0 0 0 0 0 0 0 0 0 0 0 4 3 1 
100 95
0 4 0 3
0 4 0 10
0 4 1 4
0 10 0 4
0 10 0 13
0 10 2 10
2 0 2 1
2 0 1 0
2 0 5 0
2 3 2 2
2 3 2 10
2 3 0 3
2 3 4 3
3 11 3 12
3 11 4 11
3 11 3 12
3 11 4 11
7 10 7 1
7 10 7 14
7 10 2 10
8 0 8 1
8 0 7 0
8 0 12 0
9 11 9 9
9 11 9 12
9 11 8 11
9 11 10 11
11 14 11 5
11 14 11 15
11 14 7 14
11 14 12 14
12 11 12 8
12 11 12 12
12 11 13 11
13 4 13 2
13 4 13 6
13 4 9 4
13 4 14 4
13 12 13 11
13 12 13 13
13 12 12 12
13 15 13 14
13 15 12 15
13 15 14 15
14 1 14 0
14 1 14 2
14 1 8 1
14 1 15 1
15 15 15 14
0 4 0 3
0 4 1 4
0 10 0 13
0 10 2 10
1 4 1 6
2 3 2 2
2 3 2 10
2 3 0 3
2 3 4 3
4 3 4 2
4 3 4 7
4 3 5 3
4 9 4 8
4 13 4 11
4 13 4 14
4 13 2 13
4 13 4 11
4 13 4 14
4 13 2 13
8 0 8 1
8 0 7 0
8 0 12 0
9 13 9 12
9 13 8 13
9 13 9 12
9 13 8 13
10 6 10 7
10 7 10 11
10 11 9 11
13 15 13 14
13 15 12 15
14 0 14 1
14 0 15 0
14 1 14 0
14 1 14 2
14 1 8 1
15 0 15 1
15 0 15 1
15 1 15 13
15 1 15 13
4 9 4 8
4 11 5 11
6 11 6 12
6 11 6 12
6 12 5 12
5 12 5 14

1114

2 3 2 4 6 = = = = = 6 = = 4 2   
2     ǁ 3 - 1       ǁ           
5 3 6 8 = = = = = = 7     6 5 2 
|   2 ǁ             | 4 2 ǁ 2 2 
|   2 7 - - - 3 4 2 | 5 = 6 4   
4   2 5         1   | 1 2 - 5 4 
3   1 1             | 2 3       
4 6 - - - - - - - - 5 - - - 7 2 
6 7 3                 4 2 2 |   
ǁ ǁ     2 2       2 - 7 4 4 |   
ǁ ǁ     |   1 2 - - - 3     |   
ǁ ǁ     | 4 - - - - - - - - 7 4 
2 ǁ     | 1 3 1 2 - - 5 4 2 3 4 
  ǁ 3 - 7 - 7         7 5 7 6 5 
4 8 4 2 3   3         2     1 1 
3 5 = = = = = = = = = = = 4 3 1 
