16 16
2 0 0 6 2 2 5 3 0 0 0 0 0 3 3 1 
4 2 0 0 2 0 5 0 0 0 0 0 0 8 4 2 
0 0 0 4 0 0 0 0 4 1 2 1 0 0 2 0 
6 0 0 0 0 0 0 0 7 0 6 4 0 0 0 0 
0 2 4 0 5 2 3 1 0 0 0 5 0 6 8 4 
0 0 2 0 0 0 0 0 0 0 0 0 0 0 4 2 
0 6 0 0 7 2 0 0 0 0 0 0 2 0 2 0 
2 0 0 0 4 0 6 4 0 0 0 0 0 0 6 4 
3 6 0 0 2 0 0 0 0 0 0 5 4 0 0 0 
0 0 0 0 0 0 0 2 0 0 2 2 2 0 0 0 
0 0 0 0 0 0 0 0 0 2 0 6 6 0 0 0 
0 0 0 0 0 0 0 0 0 3 0 4 2 0 0 0 
5 6 0 0 0 0 0 0 5 0 0 0 0 6 5 4 
3 0 1 0 3 0 1 0 0 2 6 3 1 2 1 2 
5 5 4 0 5 0 0 0 5 0 6 0 0 0 4 6 
3 3 3 2 4 0 0 0 5 3 6 0 0 0 2 2 
100 165
0 3 0 0
0 3 0 4
0 3 2 3
0 3 0 0
0 3 0 4
0 3 2 3
0 6 0 5
0 6 0 7
0 6 1 6
1 0 1 1
1 0 3 0
1 0 1 1
1 0 3 0
1 13 1 6
1 13 1 14
1 13 0 13
1 13 4 13
1 13 1 6
1 13 1 14
1 13 0 13
1 13 4 13
2 3 2 8
2 3 15 3
2 8 2 9
2 8 3 8
2 8 3 8
3 0 7 0
3 0 7 0
4 2 4 1
4 2 5 2
4 2 4 1
4 2 5 2
4 13 4 11
4 13 4 14
4 13 12 13
4 13 4 11
6 1 8 1
7 14 7 15
7 14 6 14
7 14 12 14
7 14 7 15
7 14 6 14
7 14 12 14
7 15 5 15
7 15 12 15
8 1 8 0
8 1 6 1
8 1 12 1
8 1 8 0
8 1 12 1
10 12 10 11
10 12 9 12
10 12 11 12
10 12 10 11
10 12 9 12
10 12 11 12
12 0 12 1
12 0 8 0
12 0 13 0
12 8 12 13
12 8 3 8
12 8 14 8
12 13 12 8
12 13 12 14
12 13 13 13
12 13 12 14
12 15 12 14
12 15 13 15
12 15 13 15
13 10 13 9
13 10 13 11
13 10 14 10
13 10 13 9
13 10 13 11
13 10 14 10
13 11 13 12
13 13 13 14
14 0 14 1
14 0 13 0
14 0 15 0
14 4 14 8
14 4 13 4
14 4 15 4
14 10 14 8
14 10 14 14
14 10 15 10
14 10 14 8
14 14 14 15
14 14 15 14
14 14 14 15
14 15 15 15
15 8 15 4
15 8 15 9
15 8 14 8
0 5 0 6
0 7 0 6
0 7 0 13
0 14 0 15
0 14 1 14
0 14 1 14
1 4 1 6
1 6 1 4
1 15 4 15
1 15 4 15
2 14 4 14
3 8 3 10
3 8 12 8
3 8 3 10
3 10 3 11
3 10 2 10
3 10 9 10
3 10 3 11
3 11 2 11
3 11 4 11
4 11 8 11
4 14 4 15
4 14 2 14
4 14 5 14
4 14 4 15
4 14 5 14
4 14 5 14
5 14 5 15
6 12 8 12
8 12 8 11
8 12 6 12
8 12 8 11
9 7 7 7
9 10 9 11
10 11 10 9
10 11 9 11
10 11 11 11
10 11 10 9
11 9 11 11
11 11 11 9
12 0 12 1
12 0 13 0
12 1 14 1
13 2 14 2
14 0 14 1
14 0 15 0
14 2 14 1
14 2 15 2
14 2 14 1
14 15 15 15
15 0 15 1
15 1 15 2
15 1 15 2
15 3 15 4
15 4 15 8
15 8 15 9
15 9 15 10
15 10 15 14
4 11 8 11
9 7 7 7
14 4 13 4
7 7 7 6
7 7 4 7
14 4 13 4
7 6 7 4
7 6 4 6
7 6 13 6
8 4 7 4
7 6 7 4
7 6 4 6
8 4 7 4

887

2 = = 6 2 2 5 3 - - - - - 3 3 1 
4 2   ǁ 2 = 5 = = = = = = 8 4 2 
ǁ     4 - - - - 4 1 2 1   ǁ 2 ǁ 
6     |         7 = 6 4   ǁ ǁ ǁ 
ǁ 2 4 | 5 2 3 1 ǁ   | 5 = 6 8 4 
ǁ   2 |     ǁ | ǁ   | ǁ   | 4 2 
ǁ 6   | 7 2 ǁ | ǁ   | ǁ 2 | 2 | 
2 ǁ   | 4 = 6 4 ǁ   | ǁ ǁ | 6 4 
3 6   | 2   | ǁ ǁ   | 5 4 | ǁ | 
| ǁ   |     | 2 ǁ   2 2 2 | ǁ | 
| ǁ   |     |   ǁ 2 = 6 6 | ǁ | 
| ǁ   |     |   ǁ 3 = 4 2 | ǁ | 
5 6   |     |   5 = = = = 6 5 4 
3 | 1 | 3   1   | 2 6 3 1 2 1 2 
5 5 4 | 5 - - - 5 = 6 - - - 4 6 
3 3 3 2 4 = = = 5 3 6 - - - 2 2 
