16 16
3 1 1 0 2 0 5 0 0 0 0 0 3 3 6 3 
4 0 0 0 4 3 7 0 3 3 3 2 0 3 0 0 
2 0 3 2 0 2 5 0 0 0 5 4 0 2 0 0 
4 0 0 0 8 0 0 0 0 0 0 0 6 0 3 2 
0 1 4 4 0 4 5 0 0 3 0 0 0 4 3 0 
0 0 0 4 0 4 0 2 0 6 3 0 0 3 0 0 
0 0 0 0 0 6 7 0 0 0 5 3 0 1 0 1 
0 0 0 0 0 4 0 0 1 0 3 3 0 1 0 2 
0 1 0 0 0 4 0 0 0 0 0 0 0 0 0 0 
0 0 0 0 0 0 0 0 0 0 0 1 0 0 0 0 
0 0 0 0 0 0 0 0 0 0 0 0 0 0 0 0 
0 4 7 6 0 4 0 0 0 0 0 0 0 0 0 0 
0 0 2 2 0 0 5 0 0 0 0 0 7 5 0 4 
0 3 0 0 8 4 5 0 0 0 3 2 0 2 0 0 
5 6 6 2 2 2 5 2 3 5 0 0 7 0 6 3 
3 4 4 0 0 0 0 0 0 6 4 2 3 3 6 2 
100 165
0 0 0 1
0 0 1 0
0 0 1 0
0 6 0 4
0 6 0 12
0 6 1 6
0 14 0 13
0 14 0 15
0 14 3 14
0 14 0 13
0 14 0 15
0 14 3 14
0 15 3 15
1 0 1 4
1 0 2 0
3 4 3 0
3 4 3 12
3 4 1 4
3 4 13 4
3 4 3 0
3 4 3 12
3 4 1 4
3 4 13 4
3 12 3 14
3 12 0 12
3 12 12 12
3 12 0 12
3 15 6 15
4 3 4 2
4 3 5 3
4 3 4 2
4 3 5 3
4 5 4 6
4 5 5 5
4 5 4 6
4 5 5 5
4 13 4 14
4 13 5 13
4 13 4 14
4 13 5 13
4 14 14 14
5 3 11 3
5 5 5 7
5 5 6 5
5 13 6 13
7 13 12 13
7 15 12 15
8 5 7 5
8 5 11 5
8 5 7 5
8 5 11 5
11 2 11 1
11 2 11 3
11 2 4 2
11 2 12 2
11 3 11 2
11 3 5 3
11 3 12 3
11 3 11 2
11 5 13 5
12 6 12 12
12 6 6 6
12 6 13 6
12 12 12 6
12 12 12 13
12 12 14 12
12 15 7 15
12 15 14 15
12 15 14 15
13 4 13 1
13 4 13 5
13 4 14 4
14 0 14 1
14 0 3 0
14 0 15 0
14 2 14 1
14 2 14 3
14 2 15 2
14 2 14 1
14 2 14 3
14 2 15 2
14 6 14 5
14 6 14 7
14 6 13 6
14 9 14 8
14 9 14 12
14 9 15 9
14 14 14 12
14 14 14 15
14 14 15 14
14 14 14 12
14 14 15 14
15 2 15 1
15 2 15 9
15 9 15 10
15 9 14 9
15 9 15 10
15 9 14 9
15 10 15 11
15 14 15 13
15 14 15 15
15 15 15 14
0 2 0 4
0 6 1 6
0 13 1 13
1 4 1 5
1 13 2 13
2 3 2 2
2 6 2 5
2 6 2 10
2 6 1 6
2 11 2 10
2 11 1 11
2 11 2 10
2 11 1 11
2 13 1 13
3 0 2 0
4 2 4 1
4 6 4 9
5 7 5 9
6 6 6 5
6 6 6 10
6 6 12 6
6 6 6 5
6 6 6 10
6 6 6 5
7 5 6 5
7 8 7 10
8 1 11 1
9 11 7 11
11 1 11 2
11 1 13 1
11 5 13 5
12 2 12 3
12 12 12 13
12 12 14 12
12 13 13 13
13 4 13 1
13 4 13 5
13 4 14 4
13 6 13 10
13 6 14 6
13 11 13 10
13 13 12 13
14 0 14 1
14 0 15 0
14 1 15 1
14 1 15 1
14 5 14 6
14 7 14 8
14 12 15 12
14 12 15 12
15 0 15 1
15 10 15 11
15 12 15 13
15 13 15 14
0 6 1 6
2 2 2 3
4 6 4 9
4 9 5 9
5 9 5 10
5 9 5 10
6 5 7 5
13 6 13 10
5 9 5 10

830

3 1 1 - 2 - 5 - - - - - 3 3 6 3 
4 - - - 4 3 7   3 3 3 2 ǁ 3 ǁ | 
2   3 2 ǁ 2 5 - - - 5 4 ǁ 2 ǁ | 
4 = = = 8 = = = = = = = 6 - 3 2 
| 1 4 4 ǁ 4 5 = = 3     | 4 3 | 
|   | 4 ǁ 4 - 2 - 6 3   | 3 | | 
|   | ǁ ǁ 6 7 = = = 5 3 | 1 | 1 
|   | ǁ ǁ 4 ǁ   1 - 3 3 | 1 | 2 
| 1 | ǁ ǁ 4 ǁ         | | | | ǁ 
| | | ǁ ǁ ǁ ǁ         1 | | | ǁ 
| | | ǁ ǁ ǁ ǁ           | | | ǁ 
| 4 7 6 ǁ 4 ǁ           | | | ǁ 
| | 2 2 ǁ ǁ 5 = = = = = 7 5 | 4 
| 3 = = 8 4 5 = = = 3 2 ǁ 2 | ǁ 
5 6 6 2 2 2 5 2 3 5 - - 7 = 6 3 
3 4 4 - - - - - - 6 4 2 3 3 6 2 
