16 16
2 0 0 4 1 1 2 0 5 5 4 0 0 0 3 1 
0 2 0 5 0 0 0 0 6 5 0 3 3 2 0 2 
4 0 0 2 2 0 5 3 0 0 0 4 0 0 7 5 
4 4 0 5 0 0 0 2 0 5 8 0 5 4 0 3 
5 5 1 0 0 0 0 0 0 2 5 0 3 2 0 0 
4 0 0 8 0 0 7 0 8 0 0 0 0 0 8 5 
5 4 2 0 4 0 7 2 0 2 0 0 0 0 0 0 
3 1 0 0 4 2 0 0 0 6 0 0 2 0 0 0 
2 0 1 7 3 0 5 0 0 0 0 0 0 0 0 0 
0 0 0 2 2 0 6 2 0 0 0 0 0 0 0 0 
0 3 0 0 0 0 0 0 6 6 0 0 0 0 5 0 
3 0 0 0 0 0 0 0 0 0 0 0 5 4 3 0 
4 0 1 2 0 0 0 0 0 0 4 2 0 0 0 0 
5 4 0 0 0 0 0 0 0 0 5 4 0 0 0 0 
4 7 0 0 0 0 0 0 0 0 0 0 6 0 0 4 
1 4 0 0 0 0 3 0 0 1 1 0 4 2 2 4 
100 130
0 8 0 6
0 8 0 9
0 8 1 8
2 14 2 11
2 14 2 15
2 14 0 14
2 14 5 14
3 10 3 9
3 10 3 12
3 10 0 10
3 10 4 10
3 13 3 12
3 13 4 13
3 13 3 12
3 13 4 13
4 0 4 1
4 0 3 0
4 0 5 0
5 3 5 0
5 3 5 6
5 3 3 3
5 3 8 3
5 8 5 6
5 8 5 14
5 8 1 8
5 8 10 8
5 14 5 8
5 14 5 15
5 14 2 14
5 14 10 14
6 0 6 1
6 0 5 0
6 0 7 0
6 4 6 6
6 4 7 4
6 4 6 6
6 4 7 4
6 6 6 7
6 6 5 6
6 6 8 6
6 9 7 9
7 5 7 4
7 9 7 12
7 9 6 9
7 9 10 9
8 3 8 2
8 3 8 4
8 3 5 3
8 3 9 3
10 8 10 1
10 8 10 9
10 8 5 8
13 0 13 1
13 0 12 0
13 0 14 0
13 11 13 10
13 11 12 11
14 1 14 0
14 1 14 12
14 1 13 1
14 1 15 1
15 15 15 14
15 15 14 15
1 9 1 8
1 9 0 9
1 9 3 9
1 13 1 12
3 10 3 9
3 10 3 12
3 10 0 10
3 10 4 10
3 12 4 12
4 2 4 1
4 12 4 10
5 3 5 0
5 3 5 6
5 3 3 3
5 8 5 6
5 8 1 8
5 14 5 15
5 14 10 14
6 0 6 1
6 0 7 0
6 2 6 1
7 5 7 4
8 3 8 4
8 3 9 3
9 6 9 4
9 6 9 7
9 6 8 6
9 6 9 4
9 6 9 7
9 6 8 6
10 8 10 1
10 8 10 9
13 11 13 10
13 11 12 11
15 15 15 14
15 15 14 15
1 13 1 12
4 0 4 1
4 0 3 0
4 1 3 1
4 12 4 10
6 2 6 1
6 7 6 6
8 4 8 6
8 6 6 6
12 10 12 3
12 10 13 10
12 10 12 3
12 10 13 10
13 10 13 1
1 12 1 11
4 1 3 1
4 10 4 9
5 6 2 6
5 6 2 6
12 2 12 0
1 11 2 11
3 7 2 7
4 9 3 9
10 1 7 1
1 11 2 11
2 11 2 14
3 7 2 7
3 9 1 9
7 0 8 0
8 0 11 0
2 7 2 6

2121

2     4 1 1 2 - 5 5 4       3 1 
  2   5         6 5 ǁ 3 3 2 | 2 
4     2 2   5 3 ǁ ǁ ǁ 4 = = 7 5 
4 4   5     ǁ 2 ǁ 5 8 = 5 4 ǁ 3 
5 5 1 ǁ     ǁ   ǁ 2 5 = 3 2 ǁ   
4 = = 8 = = 7 = 8 = = = = = 8 5 
5 4 2 ǁ 4 = 7 2 ǁ 2         ǁ   
3 1   ǁ 4 2 ǁ   ǁ 6 - - 2   ǁ   
2 | 1 7 3 - 5   ǁ |         ǁ   
| |   2 2 = 6 2 ǁ |         ǁ   
| 3 = = = = = = 6 6         5   
3                       5 4 3   
4 - 1 2 = = = = = = 4 2         
5 4 - - - - - - - - 5 4         
4 7 - - - - - - - - - - 6     4 
1 4         3     1 1   4 2 2 4 
