16 16
3 2 4 4 0 4 0 0 1 2 4 1 0 1 2 0 
5 0 8 5 4 0 1 5 0 0 6 0 0 3 0 0 
0 2 0 5 5 0 2 5 5 4 0 4 5 3 0 2 
6 4 0 0 2 0 0 0 2 0 0 0 0 0 3 0 
3 0 0 0 1 0 0 0 0 0 0 0 0 0 0 0 
4 0 7 7 0 5 0 0 0 7 7 5 4 0 5 4 
4 3 0 6 2 0 1 0 5 6 4 0 2 1 0 3 
2 0 0 0 0 0 2 0 7 0 0 7 2 0 0 4 
0 2 0 0 0 0 0 0 0 0 0 0 1 0 0 0 
0 0 0 0 0 0 0 0 0 0 0 0 0 3 0 0 
0 1 0 6 2 0 0 0 2 0 0 0 2 0 0 0 
0 0 0 2 0 0 0 0 0 0 0 0 0 0 0 0 
5 0 6 0 0 6 0 0 0 0 0 7 6 4 0 0 
0 1 0 2 0 4 1 1 0 0 0 4 5 2 0 0 
5 6 8 0 0 0 0 0 0 0 0 0 0 0 7 6 
4 4 3 0 0 0 0 0 3 0 0 0 2 2 3 2 
100 154
1 0 1 2
1 0 0 0
1 0 3 0
1 2 1 0
1 2 1 3
1 2 0 2
1 2 5 2
1 7 1 6
1 7 1 10
1 7 2 7
2 1 3 1
2 3 2 4
2 3 1 3
2 3 5 3
2 8 2 7
2 8 2 9
2 8 3 8
2 12 2 11
2 12 2 13
2 12 5 12
3 0 3 1
3 0 1 0
3 0 4 0
5 9 5 5
5 9 5 10
5 9 2 9
5 9 6 9
6 8 6 6
6 8 6 9
6 8 7 8
6 9 6 8
6 9 6 10
6 9 5 9
7 11 7 8
7 11 7 12
7 11 5 11
7 11 12 11
9 13 6 13
9 13 12 13
9 13 12 13
12 0 12 2
12 0 7 0
12 0 14 0
14 2 14 1
14 2 14 14
14 2 12 2
14 2 15 2
14 15 14 14
14 15 7 15
14 15 15 15
15 0 15 1
15 0 14 0
0 0 0 1
0 0 0 1
0 2 0 3
0 2 1 2
1 2 1 3
1 2 0 2
1 4 1 3
1 4 2 4
1 7 1 10
1 7 2 7
2 1 3 1
3 0 3 1
3 0 4 0
4 0 5 0
5 2 5 0
5 2 5 3
5 2 12 2
6 3 6 4
6 3 5 3
6 3 10 3
6 3 6 4
6 3 5 3
6 3 10 3
6 9 6 8
6 10 5 10
7 8 7 6
7 8 7 11
7 8 10 8
10 1 8 1
10 3 10 4
10 3 11 3
10 3 10 4
10 3 11 3
10 8 7 8
13 1 14 1
13 3 13 5
13 12 13 11
13 12 13 13
13 12 12 12
14 2 14 1
14 2 14 14
14 2 12 2
14 2 15 2
14 15 14 14
14 15 7 15
14 15 15 15
15 0 15 1
15 0 14 0
1 4 1 3
1 4 2 4
4 4 3 4
5 2 5 0
5 2 5 3
5 2 12 2
6 10 5 10
7 8 7 6
7 15 6 15
8 1 6 1
13 3 13 5
0 3 0 5
5 0 6 0
6 1 6 0
6 10 5 10
7 15 6 15
0 3 0 5
6 1 6 0
6 15 5 15
6 0 7 0
12 0 12 2
12 0 14 0
12 5 12 11
12 5 5 5
12 5 13 5
14 0 14 1
14 1 15 1
14 1 15 1
15 2 15 8
15 8 15 12
12 5 12 11
12 5 5 5
12 5 13 5
13 6 13 7
13 11 13 12
13 11 12 11
15 8 15 12
15 13 15 14
13 11 13 12
13 13 12 13
15 13 15 14
15 14 14 14
12 11 12 12
12 11 7 11
12 11 12 12
12 13 12 12
14 14 5 14
14 14 5 14
12 12 10 12
12 12 10 12
8 12 7 12
6 12 5 12
7 11 5 11
6 12 5 12

1273

3 2 4 4 = 4     1 2 4 1   1 2   
5 = 8 5 4   1 5 = = 6     3     
ǁ 2 | 5 5   2 5 5 4   4 5 3   2 
6 4 | | 2       2 |     |   3   
3   | | 1         |     |       
4 = 7 7   5 - - - 7 7 5 4   5 4 
4 3 ǁ 6 2 ǁ 1 - 5 6 4 ǁ 2 1 ǁ 3 
2 | ǁ ǁ   ǁ 2 = 7 = = 7 2 | ǁ 4 
| 2 ǁ ǁ   ǁ     ǁ     ǁ 1 | ǁ ǁ 
| | ǁ ǁ   ǁ     ǁ     ǁ   3 ǁ ǁ 
| 1 ǁ 6 2 ǁ     2     ǁ 2 ǁ ǁ ǁ 
|   ǁ 2   ǁ           ǁ ǁ ǁ ǁ ǁ 
5 = 6     6 = = = = = 7 6 4 ǁ ǁ 
ǁ 1 ǁ 2 = 4 1 1       4 5 2 ǁ ǁ 
5 6 8 = = = = = = = = = = = 7 6 
4 4 3 - - - - - 3 = = = 2 2 3 2 
