16 16
1 2 4 5 0 3 1 0 0 3 0 0 3 0 3 1 
3 7 7 5 3 0 0 0 0 0 0 0 0 0 0 0 
3 0 4 2 3 7 0 0 0 8 0 0 7 0 4 0 
3 0 2 0 0 7 0 0 3 0 0 0 0 2 0 3 
2 0 0 0 2 4 0 0 0 0 0 0 0 0 0 0 
0 0 0 0 0 3 0 5 5 0 0 0 2 4 3 0 
4 6 0 0 7 4 2 0 2 0 2 4 0 0 0 6 
2 0 0 0 3 0 0 5 0 5 0 2 0 3 4 0 
3 7 0 0 0 0 0 0 0 5 0 0 0 0 4 4 
0 0 3 0 4 0 0 0 0 6 0 0 2 1 3 0 
0 0 4 0 6 0 0 3 0 6 0 0 0 0 5 2 
1 0 2 0 0 4 0 3 0 4 0 3 0 5 4 0 
2 0 2 0 5 4 0 0 0 0 0 6 2 0 0 0 
0 0 2 0 3 2 0 0 0 0 0 4 0 0 4 0 
5 7 0 0 0 0 0 0 0 6 4 4 0 0 0 0 
2 4 0 0 0 0 0 0 0 0 0 0 0 5 5 2 
100 74
0 3 0 2
0 3 0 5
0 3 1 3
1 1 1 0
1 1 1 2
1 1 0 1
1 1 6 1
2 5 2 4
2 5 2 9
2 5 0 5
2 5 3 5
2 9 2 5
2 9 2 12
2 9 0 9
2 9 7 9
5 7 5 5
5 7 5 8
5 7 7 7
6 4 6 1
6 4 6 5
6 4 4 4
6 4 7 4
6 6 6 5
6 8 5 8
6 15 6 11
6 15 3 15
6 15 8 15
7 14 7 13
7 14 8 14
7 14 7 13
7 14 8 14
8 1 8 0
8 1 8 9
8 1 6 1
8 1 14 1
14 0 14 1
14 0 12 0
14 0 15 0
14 9 14 1
14 9 14 10
14 9 11 9
14 11 14 10
14 11 13 11
15 13 15 1
15 13 15 14
15 13 11 13
2 9 2 12
2 9 0 9
2 9 7 9
2 12 2 14
2 12 0 12
2 12 5 12
6 6 6 5
6 8 5 8
6 15 6 11
6 15 3 15
6 15 8 15
12 11 12 12
12 11 11 11
12 11 13 11
12 11 12 12
12 11 11 11
12 11 13 11
13 11 14 11
13 14 11 14
13 14 15 14
13 14 11 14
13 14 15 14
14 9 14 1
14 9 14 10
14 9 11 9
14 11 14 10
6 10 6 11
6 10 6 11

2913

1 2 4 5 - 3 1     3     3   3 1 
3 7 7 5 3 |       ǁ     |       
3 | 4 2 3 7 = = = 8 = = 7 - 4   
3 | 2     7     3 ǁ     | 2   3 
2 |     2 4       ǁ     |     ǁ 
  |     | 3 - 5 5 ǁ     2 4 3 ǁ 
4 6 - - 7 4 2 | 2 ǁ 2 4 = = = 6 
2 |     3     5   5   2   3 4 ǁ 
3 7 - - - - - - - 5         4 4 
  | 3   4         6     2 1 3   
  | 4   6     3   6         5 2 
1 | 2     4   3   4   3   5 4   
2 | 2   5 4       ǁ   6 2 | ǁ   
| | 2   3 2       ǁ   4   | 4   
5 7 = = = = = = = 6 4 4   | ǁ   
2 4 - - - - - - - - - - - 5 5 2 
