16 16
3 5 0 4 3 0 3 4 0 0 0 0 0 5 2 0 
1 0 2 0 0 1 0 6 0 0 4 2 0 0 1 0 
4 3 0 0 5 3 0 0 0 0 0 0 0 0 2 0 
0 0 0 0 0 2 0 0 0 0 0 0 0 0 0 2 
6 4 0 0 0 0 0 2 0 0 0 0 0 0 0 0 
0 6 4 0 4 6 0 0 0 0 0 0 0 0 0 0 
0 2 0 0 1 3 0 0 0 0 0 0 0 0 0 0 
5 0 0 7 0 0 6 0 0 0 0 0 0 7 7 5 
3 1 0 0 3 0 6 0 0 4 0 2 0 0 0 0 
3 4 2 0 4 3 0 4 4 0 2 4 0 0 2 0 
3 0 0 7 4 3 0 5 6 0 0 1 0 0 0 0 
0 0 0 0 5 3 0 0 0 0 0 2 0 4 0 0 
0 4 0 8 8 2 0 0 0 0 4 0 0 4 0 4 
1 0 0 0 4 0 5 0 0 0 4 2 0 4 5 5 
3 5 1 5 5 0 6 3 3 2 2 0 0 0 2 2 
4 5 2 3 4 1 3 0 0 0 0 0 0 3 0 0 
100 69
0 0 0 1
0 0 1 0
0 0 0 1
0 13 0 7
0 13 0 14
0 13 7 13
2 0 2 1
2 0 4 0
3 15 7 15
4 0 4 1
4 0 2 0
4 0 7 0
5 1 5 2
5 1 4 1
5 1 6 1
5 5 5 4
5 5 3 5
5 5 6 5
7 3 7 0
7 3 7 6
7 3 0 3
7 3 10 3
7 14 7 13
7 14 7 15
7 14 2 14
7 14 9 14
11 4 11 5
11 4 10 4
11 4 12 4
12 3 12 1
12 3 12 4
12 3 10 3
12 3 14 3
12 4 12 3
12 4 12 5
12 4 11 4
12 4 13 4
13 15 13 14
13 15 12 15
13 15 14 15
15 0 15 1
15 0 14 0
1 2 5 2
2 0 2 1
2 4 2 5
2 4 0 4
2 4 5 4
3 15 7 15
4 0 4 1
4 0 7 0
5 1 5 2
5 1 4 1
5 1 6 1
5 2 1 2
5 5 5 4
5 5 3 5
5 5 6 5
6 5 6 4
9 2 9 1
12 3 12 1
12 3 12 4
12 3 10 3
15 0 15 1
15 0 14 0
2 1 0 1
5 4 2 4
9 2 9 1
0 1 0 3
0 1 0 3

1040

3 5 = 4 3   3 4 - - - - - 5 2   
1 | 2 | | 1   6     4 2   | 1   
4 3 ǁ | 5 3               | 2   
ǁ   ǁ | ǁ 2               | | 2 
6 4 ǁ | ǁ ǁ   2           | | ǁ 
ǁ 6 4 | 4 6               | | ǁ 
ǁ 2   | 1 3               | | ǁ 
5 - - 7 - - 6             7 7 5 
3 1   | 3   6     4   2     |   
3 4 2 | 4 3   4 4   2 4     2   
3     7 4 3   5 6     1         
      ǁ 5 3           2   4     
  4 = 8 8 2         4     4   4 
1     | 4   5       4 2   4 5 5 
3 5 1 5 5   6 3 3 2 2       2 2 
4 5 2 3 4 1 3             3     
