16 16
4 0 6 0 4 0 0 0 0 0 3 0 5 4 2 0 
0 2 0 1 0 4 6 2 2 0 0 1 0 1 0 2 
0 0 0 2 0 2 0 0 0 0 0 0 0 2 0 0 
0 0 0 0 0 2 6 0 6 0 5 3 0 0 0 0 
2 0 0 0 0 1 0 2 0 2 0 0 0 0 0 0 
4 8 8 4 0 2 6 4 3 3 4 0 0 0 0 0 
2 0 4 3 0 1 3 0 0 0 5 0 0 0 0 0 
4 7 0 0 7 0 0 0 0 0 4 0 0 0 0 0 
0 0 0 0 0 4 5 3 3 2 2 0 0 0 0 0 
2 1 0 0 0 5 5 0 0 0 0 0 6 5 2 0 
0 0 0 0 0 0 0 4 8 0 0 5 0 0 0 0 
0 0 0 0 0 0 0 1 0 4 5 4 0 0 0 0 
1 3 0 0 8 6 4 0 4 0 6 3 0 3 6 4 
0 2 3 0 8 0 0 5 4 0 3 1 0 1 0 0 
5 0 0 0 7 0 3 2 0 4 0 0 6 2 0 0 
4 0 4 4 6 0 0 0 0 0 0 0 0 3 3 0 
100 146
0 0 0 2
0 0 4 0
0 2 0 0
0 2 0 4
0 2 5 2
0 12 0 10
0 12 0 13
0 12 9 12
1 1 5 1
1 6 1 5
1 6 1 7
1 6 3 6
5 1 5 0
5 1 5 2
5 1 1 1
5 1 7 1
5 2 5 1
5 2 5 3
5 2 0 2
5 2 6 2
6 10 6 6
6 10 5 10
6 10 7 10
7 1 7 0
7 1 7 4
7 1 5 1
7 1 9 1
9 5 9 6
9 5 8 5
9 5 12 5
10 8 10 7
10 8 10 11
10 8 8 8
10 8 12 8
11 9 11 10
11 9 14 9
11 9 11 10
11 9 14 9
12 4 12 1
12 4 12 5
12 4 7 4
12 4 13 4
12 5 12 4
12 5 12 6
12 5 9 5
12 10 12 11
12 10 11 10
12 10 13 10
12 10 12 11
12 10 11 10
12 10 13 10
12 15 12 14
12 15 1 15
13 4 13 2
13 4 13 7
13 4 12 4
13 4 14 4
13 8 13 7
13 8 12 8
13 8 13 7
13 8 12 8
13 10 13 11
14 0 14 4
14 0 12 0
14 0 15 0
14 12 14 9
14 12 14 13
14 12 9 12
15 0 15 2
15 0 14 0
15 3 15 2
15 3 15 4
15 3 15 2
15 3 15 4
15 4 15 13
15 4 14 4
0 0 4 0
0 2 0 4
1 6 1 5
1 6 1 7
1 6 3 6
5 0 5 1
5 0 6 0
5 0 6 0
5 2 5 3
5 2 6 2
6 2 6 3
7 0 7 1
7 0 9 0
7 1 7 0
7 4 7 10
7 4 0 4
7 4 12 4
8 6 8 5
8 6 8 7
8 6 9 6
10 8 10 7
10 8 10 11
10 8 8 8
10 8 12 8
11 10 11 11
12 4 12 1
12 5 12 6
12 6 9 6
12 11 11 11
12 15 12 14
12 15 1 15
13 4 13 2
13 4 13 7
13 4 14 4
14 0 14 4
14 12 14 9
14 12 14 13
14 12 9 12
15 0 15 2
15 4 15 13
15 4 14 4
15 13 15 14
15 14 12 14
15 14 12 14
1 3 2 3
1 5 2 5
2 3 5 3
5 3 6 3
6 2 6 3
7 4 7 10
7 4 0 4
11 11 10 11
11 11 10 11
12 1 13 1
12 6 9 6
13 1 13 2
13 13 12 13
14 4 14 6
14 6 14 7
1 5 2 5
10 11 3 11
14 6 14 7
13 7 11 7
10 7 8 7
10 7 8 7
8 8 8 9
8 9 8 10
8 10 7 10
6 10 6 6
6 10 5 10

853

4 = 6 = 4           3 - 5 4 2   
ǁ 2 ǁ 1 ǁ 4 6 2 2     1 | 1   2 
ǁ ǁ ǁ 2 ǁ 2 ǁ           | 2   ǁ 
ǁ ǁ ǁ | ǁ 2 6   6   5 3 |     ǁ 
2 ǁ ǁ | ǁ 1   2   2   | |     ǁ 
4 8 8 4 ǁ 2 6 4 3 3 4 | |     ǁ 
2 ǁ 4 3 ǁ 1 3 = = = 5 | |     ǁ 
4 7 - - 7 = = = = = 4 | |     ǁ 
| |     ǁ 4 5 3 3 2 2 | |     ǁ 
2 1     ǁ 5 5 ǁ ǁ     | 6 5 2 ǁ 
        ǁ ǁ ǁ 4 8 = = 5 ǁ     ǁ 
        ǁ ǁ ǁ 1 ǁ 4 5 4 ǁ     ǁ 
1 3 = = 8 6 4 | 4 ǁ 6 3 ǁ 3 6 4 
| 2 3 = 8 = = 5 4 ǁ 3 1 ǁ 1 ǁ   
5 = = = 7 - 3 2   4 = = 6 2 ǁ   
4 = 4 4 6 = = = = = = = = 3 3   
