16 16
1 0 5 0 0 0 0 0 0 0 5 0 0 0 6 2 
2 0 0 4 0 0 0 0 0 0 5 4 4 0 0 1 
0 0 0 4 0 0 4 2 1 0 3 2 0 0 0 0 
4 0 7 0 0 0 0 0 0 0 0 0 6 1 0 0 
3 0 4 3 0 0 4 0 1 0 2 0 7 4 0 0 
2 1 1 0 2 0 5 0 2 0 0 0 2 2 0 0 
4 0 0 6 0 0 0 0 0 0 0 0 0 0 7 5 
0 2 0 0 3 5 0 0 4 0 0 0 0 0 0 2 
5 6 0 0 2 0 2 0 0 3 2 0 0 0 0 2 
0 0 0 0 4 4 0 0 0 0 0 0 0 0 0 4 
0 0 0 0 4 0 5 1 0 5 4 0 2 0 0 0 
1 3 1 0 0 0 0 0 0 0 0 0 0 0 0 0 
0 0 0 0 0 0 0 0 0 4 0 0 0 0 7 3 
3 0 0 6 0 0 0 0 8 0 6 2 1 0 5 4 
6 3 1 5 2 2 6 0 7 1 6 0 0 5 3 4 
4 2 0 2 2 0 6 2 2 0 2 0 0 2 2 2 
100 162
0 2 0 0
0 2 0 10
0 2 3 2
0 14 0 10
0 14 0 15
0 14 6 14
0 14 0 10
0 14 0 15
0 14 6 14
1 0 3 0
1 3 1 10
1 3 2 3
1 3 1 10
1 3 2 3
1 12 1 11
1 12 3 12
1 12 1 11
1 12 3 12
1 15 6 15
2 3 2 6
2 3 4 3
2 6 2 7
2 6 4 6
2 6 2 7
3 2 3 0
3 2 0 2
3 2 4 2
3 2 3 0
3 2 4 2
3 2 4 2
3 12 3 13
3 12 4 12
3 12 4 12
3 12 4 12
4 13 4 12
4 13 5 13
4 13 4 12
4 13 5 13
6 14 6 3
6 14 6 15
6 14 12 14
6 15 6 14
6 15 7 15
7 5 7 4
7 5 7 8
7 5 9 5
7 8 7 5
7 8 13 8
7 8 13 8
8 0 8 1
8 0 6 0
8 0 11 0
8 6 10 6
9 15 8 15
9 15 12 15
9 15 8 15
9 15 12 15
10 9 10 10
10 9 8 9
10 9 12 9
13 8 13 3
13 8 13 10
13 8 14 8
14 0 14 1
14 0 13 0
14 0 15 0
14 0 14 1
14 0 13 0
14 0 15 0
14 6 14 5
14 6 14 8
14 6 15 6
14 6 14 5
14 6 14 8
14 6 15 6
14 8 14 9
14 8 13 8
14 8 15 8
14 10 14 13
14 10 13 10
14 10 15 10
14 10 14 13
14 10 13 10
14 10 15 10
15 0 15 1
15 0 15 1
15 6 15 4
15 6 15 7
15 6 15 4
15 6 15 7
15 8 14 8
0 2 0 10
0 10 1 10
1 0 3 0
1 11 1 10
1 11 2 11
2 11 2 10
5 6 5 4
5 6 5 8
5 6 4 6
6 15 6 14
8 0 8 1
8 0 6 0
8 1 8 4
8 1 7 1
8 1 11 1
8 1 8 4
8 6 10 6
9 4 9 5
9 4 10 4
9 4 9 5
9 4 10 4
9 5 7 5
10 4 10 6
10 6 10 4
10 6 10 7
11 1 11 2
11 1 14 1
12 9 12 14
12 9 10 9
12 9 12 14
12 14 12 15
12 14 13 14
12 14 13 14
13 8 13 3
13 8 13 10
13 10 13 11
13 15 13 14
13 15 14 15
13 15 13 14
13 15 14 15
14 2 14 3
14 4 14 3
14 15 14 14
14 15 15 15
15 3 14 3
15 3 14 3
15 15 15 14
1 10 2 10
6 0 6 3
6 0 5 0
6 3 4 3
6 3 4 3
7 1 7 4
10 12 10 10
12 14 13 14
13 3 14 3
13 10 13 11
4 2 4 0
4 6 4 8
4 6 5 6
5 2 5 1
5 4 5 6
5 8 5 12
5 12 4 12
10 12 10 10
2 8 2 10
4 0 5 0
4 10 4 12
10 10 10 9
8 9 8 10
8 10 8 9

1186

1 - 5 = = = = = = = 5 = = = 6 2 
2   ǁ 4 = = = = = = 5 4 4   ǁ 1 
ǁ   ǁ 4 - - 4 2 1 - 3 2 ǁ   ǁ | 
4 = 7 |     |           6 1 ǁ | 
3 - 4 3     4 - 1   2 - 7 4 ǁ | 
2 1 1 ǁ 2 = 5 - 2 - - - 2 2 ǁ | 
4 - - 6 - - - - - - - - - - 7 5 
ǁ 2 - - 3 5 = = 4           | 2 
5 6 = = 2 ǁ 2   ǁ 3 2       | 2 
| |     4 4 ǁ   ǁ |         | 4 
| |     4 = 5 1 ǁ 5 4 = 2   | ǁ 
1 3 1           ǁ ǁ         | ǁ 
  |             ǁ 4 = = = = 7 3 
3 |   6 = = = = 8 = 6 2 1   5 4 
6 3 1 5 2 2 6 = 7 1 6 = = 5 3 4 
4 2   2 2 = 6 2 2   2     2 2 2 
