16 16
3 0 0 0 0 4 0 0 0 0 0 0 0 0 4 1 
0 1 5 4 0 0 0 0 0 0 0 0 0 0 6 0 
0 2 6 0 0 0 0 4 4 5 0 4 0 4 0 0 
0 4 5 4 0 3 1 0 1 4 4 5 2 0 0 0 
0 3 0 0 0 0 0 7 0 0 0 0 0 6 0 0 
0 4 4 0 0 4 2 0 0 0 0 0 0 0 0 0 
3 5 0 0 0 0 0 0 4 0 4 0 0 0 0 0 
3 5 5 3 0 6 4 0 4 2 0 0 0 0 5 4 
3 1 0 2 0 0 4 0 0 0 0 4 3 0 0 3 
5 0 7 0 0 4 3 0 0 0 0 0 0 0 0 0 
0 1 4 0 0 0 0 5 0 0 5 0 0 0 0 0 
0 3 0 0 0 0 0 3 1 0 4 5 3 0 0 0 
6 0 0 0 0 0 0 6 0 0 0 0 0 7 8 3 
0 2 3 1 0 0 0 0 2 0 0 6 2 0 4 4 
6 0 3 3 0 0 0 6 0 0 0 4 1 6 2 4 
3 0 2 3 1 2 0 6 0 0 4 0 3 4 3 4 
100 176
1 2 1 1
1 2 1 3
1 2 2 2
1 14 1 3
1 14 0 14
1 14 7 14
1 14 1 3
1 14 0 14
1 14 7 14
2 9 2 8
2 9 2 11
2 9 3 9
2 13 2 11
2 13 4 13
2 13 2 11
2 13 4 13
4 7 4 1
4 7 4 13
4 7 2 7
4 7 10 7
4 13 4 7
4 13 12 13
4 13 12 13
6 1 6 0
6 1 5 1
6 1 7 1
6 8 6 10
6 8 7 8
6 8 6 10
6 8 7 8
6 10 10 10
7 8 7 9
7 8 11 8
8 11 8 12
8 11 11 11
8 11 8 12
8 11 11 11
8 12 11 12
9 0 9 2
9 0 8 0
9 0 12 0
10 10 6 10
10 10 11 10
10 10 11 10
10 10 11 10
11 10 11 11
12 0 12 7
12 0 9 0
12 0 14 0
12 13 12 7
12 13 12 14
12 13 14 13
12 14 12 13
12 14 12 15
12 14 7 14
12 14 13 14
12 14 12 13
12 14 12 15
12 14 7 14
13 1 13 2
13 11 13 8
13 11 13 12
13 11 14 11
13 11 13 8
13 11 13 12
13 11 14 11
13 14 13 15
13 14 14 14
13 14 13 15
13 15 12 15
13 15 14 15
14 0 14 2
14 0 12 0
14 0 15 0
14 11 14 7
14 11 14 12
14 15 14 14
14 15 15 15
14 15 15 15
15 7 15 5
15 7 15 10
15 7 14 7
15 7 15 5
15 7 15 10
15 7 14 7
15 10 15 12
15 10 15 12
15 12 15 13
15 13 15 14
15 13 14 13
15 13 15 14
15 14 15 15
0 5 0 0
0 5 0 14
0 5 0 0
0 5 0 14
0 15 7 15
1 2 1 3
1 2 2 2
2 2 2 1
2 2 2 7
2 2 3 2
2 2 2 1
2 7 2 8
2 7 4 7
2 8 2 9
2 8 3 8
2 11 2 9
3 1 3 2
3 1 4 1
3 1 3 2
3 1 4 1
3 2 3 3
3 3 3 2
3 3 3 5
3 3 3 5
3 5 3 6
3 9 3 10
3 10 3 9
3 10 3 11
3 10 3 9
3 11 3 12
3 11 3 12
4 7 10 7
5 1 5 2
5 1 6 1
5 1 5 2
5 2 5 5
5 2 7 2
5 5 5 6
5 5 7 5
5 5 5 6
7 5 7 3
7 5 7 6
7 5 9 5
7 5 7 3
7 5 7 6
7 6 8 6
7 14 7 15
7 15 8 15
7 15 8 15
8 3 8 1
8 3 7 3
8 6 7 6
8 6 9 6
8 6 9 6
9 2 9 0
9 2 9 5
9 2 10 2
9 2 9 5
9 2 10 2
9 2 10 2
9 5 9 6
10 2 10 1
10 7 11 7
11 1 11 7
11 11 11 12
11 12 11 11
12 0 12 7
13 1 13 2
14 0 14 2
14 0 15 0
15 0 15 2
15 4 15 3
0 0 6 0
7 2 7 1
7 2 7 1
8 0 7 0
8 0 7 0
10 7 11 7
12 7 14 7
7 2 7 1
7 2 7 1
12 7 14 7
14 7 14 3
6 1 6 0

929

3 = = = = 4 = = = = = = = = 4 1 
| 1 5 4 = = = = = = = = = = 6 | 
| 2 6 - - - - 4 4 5 = 4 = 4 ǁ | 
| 4 5 4 = 3 1 ǁ 1 4 4 5 2 ǁ ǁ | 
| 3 - - - - - 7 = = = = = 6 ǁ | 
| 4 4 - - 4 2 ǁ           ǁ ǁ | 
3 5 |     |   ǁ 4 = 4     ǁ ǁ | 
3 5 5 3 = 6 4 ǁ 4 2 ǁ     ǁ 5 4 
3 1 - 2   | 4 ǁ |   ǁ 4 3 ǁ ǁ 3 
5 = 7 = = 4 3 ǁ |   ǁ ǁ | ǁ ǁ   
ǁ 1 4         5 |   5 ǁ | ǁ ǁ   
ǁ 3 - - - - - 3 1   4 5 3 ǁ ǁ   
6 = = = = = = 6 - - - - - 7 8 3 
ǁ 2 3 1       ǁ 2 = = 6 2 | 4 4 
6 = 3 3 - - - 6 - - - 4 1 6 2 4 
3 - 2 3 1 2 = 6 = = 4 = 3 4 3 4 
