16 16
3 0 4 3 5 0 3 0 0 4 3 2 0 4 3 2 
2 0 0 3 5 0 0 0 0 3 5 0 0 7 5 3 
0 0 0 1 0 0 0 0 0 0 0 2 0 0 1 0 
3 0 6 1 0 0 0 0 0 0 0 5 0 6 4 4 
0 0 0 0 0 2 0 3 0 0 0 0 2 0 4 0 
0 0 0 0 0 0 0 0 0 0 0 0 0 4 6 0 
4 2 0 2 7 0 0 7 2 0 0 0 0 0 0 0 
0 0 0 0 2 2 0 0 0 0 0 0 4 0 0 0 
0 0 0 0 0 0 2 5 0 0 0 0 0 0 0 3 
4 0 6 0 0 8 4 3 0 0 3 0 0 2 0 0 
5 0 8 2 0 0 0 0 0 0 1 0 0 1 0 0 
6 2 0 2 0 0 2 5 0 6 0 5 7 0 7 2 
6 0 7 4 0 0 0 1 4 7 1 0 4 2 8 4 
5 2 1 0 0 0 0 0 2 2 0 0 0 3 7 6 
4 0 0 0 0 7 0 0 0 0 0 2 0 2 0 0 
2 0 2 3 2 4 0 0 0 0 0 0 5 0 5 4 
100 157
0 4 0 3
0 4 0 6
0 4 1 4
1 13 1 10
1 13 1 14
1 13 0 13
1 13 3 13
5 14 5 13
5 14 4 14
5 14 11 14
5 14 5 13
5 14 4 14
5 14 11 14
6 4 6 3
6 4 6 7
6 4 1 4
6 4 7 4
8 7 8 6
8 7 6 7
8 7 9 7
9 5 9 2
9 5 9 6
9 5 7 5
9 5 14 5
9 5 9 2
9 5 9 6
9 5 7 5
9 5 14 5
10 0 10 2
10 0 9 0
10 0 11 0
10 2 10 0
10 2 10 3
10 2 9 2
10 2 12 2
11 0 11 1
11 0 10 0
11 0 12 0
11 12 11 11
11 12 11 14
11 12 7 12
11 12 12 12
12 0 12 2
12 0 11 0
12 0 13 0
12 0 12 2
12 0 11 0
12 2 12 3
12 2 10 2
12 2 13 2
12 2 12 3
12 3 11 3
12 3 15 3
12 9 12 8
12 9 12 10
12 9 11 9
12 9 13 9
12 14 12 13
12 14 12 15
12 14 11 14
12 14 13 14
12 14 12 13
12 14 12 15
12 14 11 14
12 14 13 14
12 15 11 15
12 15 13 15
13 0 13 1
13 0 14 0
13 1 13 0
13 14 13 13
13 14 13 15
13 14 15 14
13 15 13 14
13 15 15 15
13 15 13 14
13 15 15 15
14 0 13 0
14 0 15 0
14 0 15 0
15 2 15 3
15 2 15 3
15 4 15 5
15 12 15 5
15 12 15 14
15 12 12 12
15 14 15 12
15 14 15 15
15 14 15 15
2 11 3 11
4 5 4 7
4 14 4 12
4 14 3 14
5 13 9 13
7 4 6 4
7 12 4 12
7 12 11 12
9 0 9 2
9 0 6 0
9 0 9 2
10 2 10 3
10 2 9 2
10 10 9 10
10 13 9 13
12 9 12 8
12 9 11 9
12 9 13 9
12 12 11 12
12 12 15 12
13 8 12 8
13 13 14 13
14 13 13 13
15 4 15 5
15 5 14 5
2 11 3 11
3 2 3 0
3 2 3 3
3 2 0 2
3 2 3 0
3 2 0 2
3 13 3 11
3 13 3 14
3 13 1 13
3 13 3 11
3 13 3 14
3 14 3 15
3 15 1 15
3 15 8 15
3 15 1 15
4 5 4 7
4 7 6 7
6 0 6 1
6 0 3 0
6 0 6 1
6 3 6 4
6 7 6 4
6 7 6 8
6 7 8 7
6 7 6 8
8 15 11 15
11 9 11 7
11 9 11 11
11 9 1 9
11 9 11 7
11 14 11 12
12 8 12 7
14 5 14 11
14 5 14 11
0 2 0 0
0 2 0 3
1 0 0 0
2 3 1 3
2 14 1 14
3 11 11 11
9 10 1 10
0 0 1 0
9 10 1 10

980

3 - 4 3 5 - 3     4 3 2   4 3 2 
2   ǁ 3 5         3 5 - - 7 5 3 
    ǁ 1 |         | ǁ 2   ǁ 1 ǁ 
3 = 6 1 |         | ǁ 5 = 6 4 4 
|       | 2 = 3   | ǁ | 2 - 4 | 
|       |     |   | ǁ | | 4 6 | 
4 2   2 7 = = 7 2 | ǁ | | | ǁ | 
|       2 2   ǁ   | ǁ | 4 | ǁ | 
|         ǁ 2 5   | ǁ | ǁ | ǁ 3 
4 = 6 = = 8 4 3   | 3 | ǁ 2 ǁ | 
5 = 8 2   ǁ       | 1 | ǁ 1 ǁ | 
6 2 ǁ 2   ǁ 2 5 = 6 - 5 7 = 7 2 
6 = 7 4   ǁ   1 4 7 1   4 2 8 4 
5 2 1 |   ǁ     2 2     ǁ 3 7 6 
4     |   7 = = = = = 2 ǁ 2 | ǁ 
2   2 3 2 4 - - - - - - 5 = 5 4 
