34 34
2 0 0 5 2 0 2 0 5 0 4 0 4 2 2 0 0 0 0 0 0 0 0 3 4 0 0 0 0 0 0 0 3 1 
4 2 1 3 0 0 0 0 4 0 0 0 0 0 0 0 0 0 0 0 0 0 0 5 5 0 0 0 0 0 0 1 1 0 
1 1 5 0 5 0 0 0 6 0 0 2 2 0 3 3 4 0 0 0 1 1 1 0 2 5 0 0 0 2 2 0 0 4 
1 2 2 1 1 1 3 0 2 1 0 3 3 2 0 1 0 0 0 0 0 0 0 0 1 0 1 1 3 4 0 3 2 0 
2 5 0 0 0 0 4 0 0 0 0 0 0 0 4 0 6 0 3 1 0 0 0 0 2 0 0 0 3 4 2 0 0 0 
2 0 2 1 2 1 0 0 0 5 0 0 2 0 0 2 4 0 0 0 0 5 5 0 0 0 3 6 0 0 0 3 5 2 
4 2 0 1 5 0 0 0 0 5 0 0 0 0 6 6 0 0 3 0 0 0 2 0 5 5 2 0 1 2 2 2 0 1 
0 3 6 2 4 0 0 0 0 0 0 0 2 0 0 1 1 0 4 0 0 1 0 0 2 0 0 5 5 5 5 6 5 3 
3 5 0 0 0 0 0 0 0 0 0 0 0 0 7 0 0 0 0 0 0 0 0 6 0 8 6 0 0 0 0 0 0 2 
0 0 2 0 0 0 6 4 0 0 0 0 0 0 0 3 0 6 0 0 6 3 0 0 1 0 2 0 0 0 0 0 4 4 
0 0 0 0 3 4 4 0 0 0 0 0 0 0 0 3 2 0 2 1 0 0 0 0 0 0 1 0 4 0 2 0 1 1 
0 0 0 0 0 2 0 3 0 0 0 0 0 0 6 0 0 7 2 1 2 1 1 0 4 7 2 0 2 0 0 0 2 3 
0 0 2 0 7 0 8 0 0 2 1 0 2 0 0 0 0 0 0 0 2 3 0 0 1 5 2 0 3 4 0 0 0 0 
0 0 0 0 0 0 0 1 2 1 0 0 0 0 0 3 0 4 1 5 0 4 2 0 1 4 2 0 3 1 1 0 0 2 
0 0 0 0 2 0 0 0 0 0 0 0 0 0 0 0 0 0 0 0 0 1 0 0 1 2 1 0 1 0 0 0 0 2 
0 0 0 0 2 0 0 2 5 0 0 0 2 0 0 1 2 3 0 8 0 0 0 5 0 0 0 6 0 0 0 6 3 3 
0 0 2 0 6 1 0 0 0 0 0 0 0 0 0 0 0 0 0 0 0 0 2 0 2 0 0 4 4 5 2 0 4 2 
0 0 0 0 0 1 6 0 7 0 0 0 0 0 5 0 4 0 0 0 0 0 0 0 4 2 2 0 0 0 2 6 7 2 
0 0 0 0 0 1 0 0 0 1 0 0 0 0 2 0 0 0 0 0 0 0 0 0 0 2 0 0 0 1 3 0 0 0 
0 0 0 0 0 0 0 0 0 0 0 0 0 0 0 0 0 0 0 0 0 0 0 0 0 0 0 0 0 2 4 0 0 0 
0 0 0 0 0 0 0 0 0 0 0 0 0 0 0 0 3 0 0 0 0 0 0 0 0 3 0 0 0 2 1 0 5 3 
1 7 0 0 6 3 4 2 0 0 0 0 0 0 0 0 2 0 2 0 0 2 5 0 0 0 0 0 0 5 2 0 0 1 
2 7 3 2 0 1 2 0 0 0 0 0 0 0 0 0 0 0 0 0 0 0 0 0 1 3 0 0 0 0 1 0 0 2 
0 0 1 0 5 7 4 0 0 0 0 0 0 0 0 0 0 0 0 0 0 0 2 0 0 0 0 0 0 0 0 0 0 0 
0 2 2 2 0 2 4 2 0 0 0 0 0 0 0 0 0 1 0 0 0 0 0 0 2 0 0 0 0 0 0 0 4 3 
1 3 0 0 2 0 0 0 0 0 0 0 0 0 0 1 0 3 0 0 1 4 0 0 0 0 0 0 3 5 2 0 1 1 
0 0 0 0 0 0 0 0 0 3 0 0 0 0 5 0 0 5 5 4 2 0 1 0 6 7 5 0 2 0 0 6 3 0 
0 0 0 0 0 0 0 0 0 1 0 0 0 0 2 0 1 0 4 2 0 0 0 0 2 0 2 0 0 1 0 3 4 2 
3 8 5 5 3 2 0 2 6 0 0 0 0 0 0 0 0 0 0 0 0 6 2 0 3 4 3 0 4 0 4 1 1 2 
1 0 0 2 0 0 0 1 4 2 0 0 0 0 0 0 0 0 0 0 0 3 1 0 0 1 2 0 1 0 3 2 2 0 
2 7 0 0 0 0 5 0 0 0 0 0 0 0 0 0 0 0 0 0 0 0 0 6 8 3 1 6 0 0 0 5 7 4 
3 5 0 0 0 0 0 0 0 0 0 0 3 0 0 1 0 0 0 0 0 0 0 0 3 2 0 8 4 2 3 1 0 0 
2 1 0 0 0 0 0 0 0 0 0 0 2 0 0 2 0 2 0 0 0 0 0 5 1 2 0 5 3 2 4 2 3 0 
0 0 0 0 0 0 0 0 0 0 0 0 0 0 0 1 0 0 0 0 0 0 0 3 0 1 0 1 3 0 0 3 2 0 
400 366
0 3 0 0
0 3 0 4
0 3 1 3
0 8 0 6
0 8 0 10
0 8 1 8
2 25 2 24
2 25 2 29
2 25 6 25
5 22 5 21
5 22 2 22
5 22 6 22
8 14 8 1
8 14 8 23
8 14 6 14
8 14 11 14
8 25 8 23
8 25 8 26
8 25 6 25
8 25 11 25
8 25 8 23
8 25 8 26
8 25 6 25
8 25 11 25
8 26 8 33
8 26 6 26
8 26 9 26
8 26 8 33
9 6 9 2
9 6 9 7
9 6 10 6
9 6 9 2
9 6 9 7
9 6 10 6
9 7 11 7
9 17 9 15
9 17 9 20
9 17 11 17
9 17 9 15
9 17 9 20
9 17 11 17
9 20 9 21
9 20 11 20
9 20 9 21
9 20 11 20
9 33 9 32
9 33 10 33
9 33 9 32
9 33 9 32
10 6 10 5
10 6 12 6
11 17 11 14
11 17 11 18
11 17 13 17
11 25 11 24
11 25 11 26
11 25 12 25
12 4 12 2
12 4 12 6
12 4 10 4
12 4 14 4
12 6 12 4
12 6 12 9
12 6 17 6
12 6 12 9
12 6 17 6
12 10 12 12
12 12 15 12
12 29 12 28
12 29 13 29
12 29 12 28
12 29 12 28
13 28 13 26
13 28 14 28
13 28 13 26
15 19 15 17
15 19 15 23
15 19 13 19
15 19 26 19
15 19 15 17
15 19 15 23
15 19 13 19
15 19 26 19
15 27 15 23
15 27 15 31
15 27 16 27
15 27 15 23
15 27 15 31
15 27 16 27
15 31 15 32
15 31 17 31
15 31 15 32
15 31 17 31
16 29 16 28
16 29 16 30
16 29 18 29
17 6 17 5
17 6 17 8
17 6 21 6
17 6 17 8
17 8 17 14
17 8 15 8
17 8 28 8
17 31 17 30
17 31 17 32
17 31 26 31
17 31 17 30
17 32 17 33
17 32 16 32
17 32 20 32
18 5 21 5
18 30 19 30
21 1 21 0
21 1 21 4
21 1 8 1
21 1 22 1
23 5 23 4
23 5 23 6
23 5 22 5
23 5 24 5
26 25 26 24
26 25 26 26
26 25 22 25
26 25 28 25
26 31 26 28
26 31 26 32
26 31 27 31
26 31 26 28
26 31 26 32
28 1 28 0
28 1 28 2
28 1 25 1
28 1 30 1
28 1 28 0
28 1 28 2
28 1 25 1
28 1 30 1
30 1 30 0
30 1 30 6
30 1 31 1
30 24 30 23
30 24 30 25
30 24 28 24
30 24 31 24
30 24 30 23
30 24 30 25
30 24 28 24
30 24 31 24
30 32 30 31
30 32 30 33
30 32 29 32
30 32 32 32
30 33 30 32
30 33 28 33
30 33 30 32
31 27 31 25
31 27 31 28
31 27 30 27
31 27 32 27
31 27 31 25
31 27 31 28
31 27 30 27
31 27 32 27
0 10 0 8
0 10 0 12
0 10 0 12
0 12 0 13
0 12 2 12
1 23 1 24
1 23 0 23
1 23 8 23
4 19 4 18
6 9 6 4
6 9 6 14
6 9 5 9
6 24 6 25
6 24 4 24
6 24 7 24
7 2 7 1
7 2 7 3
7 2 5 2
7 2 7 1
7 2 7 3
7 2 5 2
7 4 7 12
7 4 6 4
7 4 7 12
7 4 6 4
7 24 6 24
7 28 7 27
7 28 7 29
7 28 6 28
7 30 7 29
7 30 7 31
7 30 6 30
7 31 7 30
7 31 7 32
7 31 6 31
7 31 7 30
7 31 7 32
7 33 7 32
7 33 6 33
7 33 7 32
8 23 8 14
8 23 1 23
9 7 11 7
9 15 10 15
9 32 9 26
10 5 10 4
10 5 11 5
10 5 10 4
10 15 10 16
10 16 10 15
10 18 10 19
10 18 11 18
11 7 11 14
11 14 11 17
11 14 8 14
11 14 17 14
11 17 13 17
11 19 13 19
12 4 12 2
12 4 14 4
12 20 12 21
13 9 13 8
14 26 14 25
15 4 16 4
15 12 15 8
15 23 30 23
16 2 16 4
16 5 16 4
16 22 21 22
16 29 16 28
16 29 16 30
17 32 17 33
17 32 16 32
17 32 20 32
18 30 19 30
20 33 20 32
20 33 21 33
20 33 20 32
21 1 21 4
21 1 8 1
21 1 22 1
21 4 21 5
21 4 16 4
21 4 23 4
21 4 21 5
21 6 21 7
21 6 22 6
21 6 21 7
21 29 21 30
21 29 20 29
21 29 25 29
22 1 22 0
22 1 22 2
22 1 24 1
22 6 23 6
22 33 24 33
23 5 23 4
23 5 23 6
23 5 24 5
23 6 24 6
24 6 24 7
24 6 30 6
24 6 24 7
26 24 26 25
26 24 24 24
26 24 27 24
26 24 26 25
26 24 24 24
27 24 28 24
28 5 28 4
29 3 28 3
30 6 30 1
30 6 30 23
30 6 30 23
30 23 32 23
30 27 30 26
30 27 30 31
30 27 16 27
30 27 30 31
31 24 32 24
31 28 31 29
31 28 32 28
32 23 32 17
32 23 33 23
7 27 7 28
7 27 5 27
7 27 7 28
7 27 5 27
7 29 6 29
7 32 5 32
12 20 12 21
15 4 16 4
16 2 16 4
16 22 21 22
16 27 16 24
16 28 25 28
16 28 25 28
16 32 16 33
16 32 15 32
16 33 15 33
18 30 19 30
19 29 19 30
19 29 20 29
20 30 21 30
20 32 24 32
21 29 25 29
22 30 25 30
22 33 24 33
24 32 24 33
24 32 25 32
25 28 25 29
25 29 25 30
25 33 27 33
26 17 26 14
26 17 26 18
26 17 25 17
26 32 27 32
27 29 27 31
27 32 27 31
27 32 27 33
27 32 28 32
28 5 28 4
28 28 28 30
28 28 29 28
28 28 28 30
28 30 28 31
28 30 29 30
29 3 28 3
29 30 29 31
30 25 29 25
32 23 32 17
32 23 33 23
5 27 5 26
5 27 5 31
5 27 3 27
5 27 5 26
7 29 6 29
15 33 14 33
15 33 14 33
16 24 17 24
17 24 17 25
17 24 22 24
17 24 17 25
17 26 26 26
18 25 20 25
28 25 28 26
28 25 26 25
28 25 28 26
29 26 28 26
29 30 29 31
29 32 30 32
30 31 31 31
3 26 5 26
6 26 6 25
6 30 6 31
17 26 26 26
18 25 20 25
20 25 22 25
26 26 27 26
26 26 27 26
2 25 2 24
2 25 2 29
3 24 4 24

4096

2 - - 5 2   2 - 5 = 4 = 4 2 2                 3 4               3 1 
4 2 1 3         4       |                     5 5             1 1   
1 1 5   5       6     2 2   3 3 4       1 1 1 ǁ 2 5 = = = 2 2     4 
1 2 2 1 1 1 3   2 1   3 3 2   1             | ǁ 1 | 1 1 3 4   3 2   
2 5         4               4   6   3 1     | ǁ 2 | | | 3 4 2       
2   2 1 2 1       5     2     2 4         5 5 ǁ | | 3 6 - - - 3 5 2 
4 2 ǁ 1 5 - - - - 5 - - - - 6 6     3       2 ǁ 5 5 2 ǁ 1 2 2 2 | 1 
  3 6 2 4 = = = = = = = 2   | 1 1   4     1   ǁ 2 ǁ | 5 5 5 5 6 5 3 
3 5 - - - - - - - - - - - - 7 = = = = = = = = 6 = 8 6 = = = = = = 2 
  ǁ 2 = = = 6 4             ǁ 3 = 6 = = 6 3     1 ǁ 2 - - - - - 4 4 
  ǁ     3 4 4 ǁ             ǁ 3 2 ǁ 2 1 ǁ         ǁ 1   4   2   1 1 
  ǁ     | 2 | 3 - - - - - - 6 = = 7 2 1 2 1 1   4 7 2   2       2 3 
  ǁ 2 = 7 = 8 = = 2 1 - 2   |     ǁ   | 2 3     1 5 2   3 4         
  ǁ     ǁ   ǁ 1 2 1     |   | 3   4 1 5   4 2   1 4 2 = 3 1 1     2 
  ǁ     2   ǁ           |   |         ǁ   1     1 2 1   1         2 
  ǁ     2   ǁ 2 5 - - - 2   | 1 2 3 = 8 = = = 5 = = = 6 = = = 6 3 3 
  ǁ 2 = 6 1 ǁ   |           |         ǁ     2 | 2 - - 4 4 5 2 ǁ 4 2 
  ǁ     | 1 6 = 7 - - - - - 5   4     ǁ     ǁ | 4 2 2 | ǁ | 2 6 7 2 
  ǁ     | 1 |   | 1         2         ǁ     ǁ | | 2 ǁ | ǁ 1 3 | ǁ   
  ǁ     | | |   |                     ǁ     ǁ | | ǁ ǁ | ǁ 2 4 | ǁ   
  ǁ     | | |   |               3     ǁ     ǁ | | 3 ǁ | ǁ 2 1 | 5 3 
1 7 = = 6 3 4 2 |               2   2 ǁ   2 5 | | | ǁ | ǁ 5 2 | | 1 
2 7 3 2 | 1 2   |                     ǁ       | 1 3 ǁ | ǁ ǁ 1 | | 2 
  | 1   5 7 4   |                     ǁ     2 |   | ǁ | ǁ ǁ | | | ǁ 
  2 2 2   2 4 2 |                 1   ǁ       | 2 | ǁ | ǁ ǁ | | 4 3 
1 3     2   |   |             1   3   ǁ 1 4   | ǁ | ǁ | 3 5 2 | 1 1 
  ǁ         |   | 3         5 - - 5 5 4 2   1 | 6 7 5 | 2 = = 6 3 | 
  ǁ         |   | 1         2   1   4 2       | 2 ǁ 2 |   1 - 3 4 2 
3 8 5 5 3 2 | 2 6                         6 2 | 3 4 3 | 4 = 4 1 1 2 
1 ǁ   2     | 1 4 2                       3 1 | ǁ 1 2 | 1   3 2 2 | 
2 7 = = = = 5 = = = = = = = = = = = = = = = = 6 8 3 1 6 = = = 5 7 4 
3 5                     3     1               | 3 2 = 8 4 2 3 1 |   
2 1                     2     2   2 = = = = = 5 1 2   5 3 2 4 2 3   
                              1               3   1   1 3     3 2   
