34 34
1 2 1 0 3 1 3 0 2 1 2 1 0 4 2 2 2 1 4 0 0 0 0 0 0 0 0 5 0 0 0 4 3 2 
0 0 2 0 4 0 6 2 3 0 7 0 0 5 0 4 0 0 6 0 0 0 0 0 4 3 1 3 4 4 1 0 0 3 
0 5 0 6 2 0 0 3 3 1 0 2 2 0 1 4 4 0 2 1 0 0 2 0 5 4 2 3 0 1 1 0 1 0 
0 0 0 3 1 0 0 3 2 0 5 4 3 0 1 0 0 4 0 0 0 0 0 0 0 0 0 0 5 4 3 0 1 0 
3 4 0 0 0 0 7 0 0 5 3 3 1 0 4 0 4 0 1 2 1 1 0 0 0 0 2 2 0 0 1 0 4 5 
0 0 2 1 2 3 3 2 1 2 1 3 1 0 3 1 0 0 0 0 0 0 0 0 0 0 0 0 0 0 0 0 0 0 
0 0 5 4 0 5 0 0 0 0 0 0 0 7 0 6 4 0 3 5 2 5 0 0 0 0 8 4 0 0 0 0 1 0 
0 0 0 0 0 0 2 2 1 4 2 0 0 0 1 0 2 0 1 0 0 4 0 4 2 0 0 2 0 4 2 0 0 0 
0 0 4 0 0 0 5 6 3 0 1 0 0 0 0 0 0 0 1 5 0 0 0 0 0 0 5 4 0 2 0 0 2 3 
0 0 4 0 0 0 2 0 3 6 3 0 0 0 0 0 0 0 4 6 0 2 0 0 0 0 0 1 0 4 2 0 0 2 
0 0 2 0 0 0 1 0 1 0 1 0 0 0 0 0 0 0 2 2 1 2 0 0 0 0 0 2 4 4 2 0 0 0 
0 0 3 6 1 0 0 0 2 5 0 0 0 3 2 4 3 0 0 0 0 1 0 0 0 0 0 3 5 2 1 0 0 0 
0 0 1 4 2 0 2 4 0 4 0 0 2 2 1 3 2 0 0 0 0 0 0 0 0 0 0 1 0 2 0 0 0 0 
0 5 0 0 0 5 0 0 0 0 0 0 0 0 0 0 0 6 0 0 0 0 0 0 0 0 6 0 4 6 2 0 0 0 
5 6 0 3 2 0 0 1 0 0 0 0 0 0 0 0 0 0 3 1 2 2 0 0 4 1 0 2 4 1 0 0 0 0 
0 0 2 0 0 0 0 0 0 0 0 0 0 0 0 0 0 0 5 0 7 0 5 0 7 2 0 0 0 1 0 0 0 0 
0 0 0 0 0 0 0 0 0 0 1 0 0 0 0 0 0 0 2 2 8 2 0 2 0 3 6 0 6 5 0 0 0 0 
0 0 0 0 0 0 0 0 0 0 0 0 0 0 0 0 0 0 2 3 6 2 0 0 0 0 0 2 4 2 0 0 0 0 
0 0 3 0 0 0 1 3 0 0 0 0 0 0 0 0 0 0 0 1 2 0 7 4 0 2 0 2 6 1 3 0 0 0 
0 0 0 0 0 0 0 0 0 0 0 0 0 0 0 0 0 0 0 4 0 0 5 2 0 0 0 0 2 2 2 0 0 0 
0 0 0 0 0 0 0 0 0 0 0 0 0 0 0 0 0 0 0 6 2 2 5 3 0 3 7 0 0 6 1 0 0 0 
0 0 0 0 0 0 0 0 0 0 0 0 0 0 0 0 0 0 0 2 2 1 3 2 0 1 3 0 1 2 0 0 0 0 
0 0 0 0 0 0 0 0 0 0 0 0 0 0 0 0 0 0 5 0 4 0 0 0 6 0 0 0 0 0 0 7 7 4 
0 0 0 0 0 0 0 0 0 0 0 0 0 0 0 0 0 0 5 2 0 1 2 2 0 1 2 4 2 4 0 0 2 2 
0 2 0 0 0 0 0 0 0 0 0 0 0 0 0 0 0 0 2 1 0 0 0 0 0 3 0 5 1 0 0 0 3 5 
0 2 0 0 0 0 0 0 0 0 0 0 0 0 0 0 0 0 2 0 6 0 6 6 0 0 1 0 4 6 1 0 0 0 
0 3 0 0 1 0 0 0 0 0 0 1 0 0 0 0 0 5 2 1 0 2 0 3 0 4 2 0 4 0 0 0 0 0 
0 0 0 0 2 0 0 0 1 0 4 0 0 0 0 0 0 4 2 1 0 0 2 1 0 2 0 0 2 0 0 0 0 0 
0 3 0 5 4 0 0 0 0 0 3 2 0 3 0 1 0 1 2 0 6 4 1 0 5 0 0 5 0 4 1 0 0 0 
0 0 0 4 3 0 2 6 0 0 0 0 0 6 0 0 0 3 0 0 0 0 0 0 5 0 0 3 1 4 3 0 0 0 
4 4 0 1 2 0 2 4 0 0 0 0 0 4 0 2 0 2 1 1 0 0 0 0 5 2 0 3 0 4 1 0 0 0 
1 0 4 0 0 6 0 0 0 0 0 0 0 0 0 0 0 0 0 0 0 0 0 0 0 0 0 0 0 0 0 5 0 2 
4 0 0 0 0 4 1 1 0 2 2 0 5 0 0 0 0 0 0 0 0 0 0 0 0 0 0 0 0 0 0 7 5 3 
3 0 0 0 0 0 0 3 3 3 3 2 1 2 0 3 0 3 0 0 0 0 0 0 0 0 0 0 0 0 0 6 2 2 
400 221
0 27 0 18
0 27 0 31
0 27 1 27
1 10 1 8
1 10 1 13
1 10 0 10
1 10 3 10
1 29 1 28
1 29 1 30
1 29 2 29
1 29 1 28
2 1 2 3
2 1 0 1
2 1 4 1
2 3 2 1
2 3 2 4
2 3 3 3
4 6 4 1
4 6 4 9
4 6 1 6
4 6 5 6
4 33 4 32
4 33 1 33
4 33 8 33
6 2 6 3
6 2 5 2
6 2 8 2
6 13 6 5
6 13 6 15
6 13 1 13
6 13 11 13
6 26 6 21
6 26 6 27
6 26 4 26
6 26 8 26
6 26 6 21
6 26 6 27
6 26 4 26
6 26 8 26
13 1 13 5
13 1 4 1
13 1 14 1
14 0 14 1
14 0 4 0
14 0 30 0
15 20 15 18
15 20 15 22
15 20 14 20
15 20 16 20
15 24 15 22
15 24 15 25
15 24 14 24
15 24 22 24
16 20 16 19
16 20 16 21
16 20 15 20
16 20 17 20
16 20 16 19
16 20 16 21
16 20 15 20
16 23 18 23
16 29 16 28
16 29 15 29
16 29 17 29
17 20 17 19
17 20 17 21
17 20 18 20
17 20 17 19
17 20 17 21
18 22 18 20
18 22 18 23
18 22 15 22
18 22 19 22
20 19 20 20
20 19 19 19
20 19 21 19
20 19 20 20
20 19 19 19
20 19 21 19
20 26 20 25
20 26 20 29
20 26 16 26
20 26 21 26
22 18 22 20
22 18 17 18
22 18 23 18
22 31 22 24
22 31 22 32
22 31 0 31
22 31 31 31
23 29 23 28
23 29 25 29
23 29 23 28
23 29 25 29
24 33 24 32
24 33 23 33
24 33 31 33
25 29 25 28
25 29 25 30
25 29 28 29
25 29 25 28
28 20 28 18
28 20 28 21
28 20 25 20
28 20 28 18
28 20 28 21
28 20 25 20
28 21 28 22
28 21 26 21
28 24 28 27
28 24 22 24
28 24 29 24
30 24 30 19
30 24 30 25
30 24 29 24
32 31 32 12
32 31 32 32
32 31 31 31
32 31 33 31
33 31 33 17
33 31 33 32
33 31 32 31
33 31 33 17
33 31 33 32
33 33 32 33
33 33 32 33
1 28 1 27
1 28 3 28
2 3 2 4
2 3 3 3
2 24 2 22
2 24 2 25
2 24 1 24
2 30 3 30
3 3 3 4
6 27 4 27
6 27 7 27
7 23 7 21
7 23 7 24
7 23 7 21
7 23 7 24
16 23 18 23
16 29 16 28
16 29 17 29
18 22 18 23
18 22 15 22
18 22 19 22
19 19 19 22
19 19 18 19
23 27 23 26
23 27 24 27
23 27 23 26
23 27 24 27
25 20 25 18
25 20 25 22
25 20 22 20
25 20 25 18
25 22 25 23
25 22 23 22
25 22 27 22
25 22 25 23
25 22 23 22
25 23 23 23
25 23 26 23
25 23 23 23
25 23 26 23
26 23 27 23
30 18 30 17
30 24 30 25
30 24 29 24
33 17 33 15
16 28 16 26
16 28 14 28
16 28 17 28
16 28 16 26
17 19 17 18
17 28 17 27
17 28 18 28
17 28 17 27
18 27 18 28
18 28 18 27
18 28 18 29
18 28 19 28
18 28 19 28
22 18 22 20
22 18 23 18
22 20 22 24
22 24 22 31
22 24 15 24
23 25 24 25
28 24 28 27
28 24 29 24
33 15 33 13
16 26 16 25
16 26 13 26
16 26 20 26
21 20 21 21
33 15 33 13
13 26 13 17
13 26 13 28
13 26 8 26
13 26 13 17
13 26 13 28
14 27 14 28
20 21 20 22
20 21 20 22
13 17 13 5
13 17 3 17
13 17 26 17
13 17 13 5
14 27 14 28
14 28 14 29
15 2 18 2
16 10 27 10
16 18 15 18
11 21 10 21
13 28 13 29
13 28 11 28
15 2 18 2
16 18 15 18
12 27 11 27

5036

1 2 1   3 1 3   2 1 2 1   4 2 2 2 1 4 - - - - - - - - 5 - - - 4 3 2 
  | 2   4   6 2 3 - 7 - - 5   4     6           4 3 1 3 4 4 1 |   3 
  5 = 6 2   | 3 3 1 | 2 2 | 1 4 4   2 1     2 - 5 4 2 3 | 1 1 | 1 | 
  |   3 1   | 3 2   5 4 3 | 1     4                     5 4 3 | 1 | 
3 4 - - - - 7 - - 5 3 3 1 | 4   4 | 1 2 1 1         2 2     1 | 4 5 
| | 2 1 2 3 3 2 1 2 1 3 1 | 3 1   |                 ǁ |       |   | 
| | 5 4   5 - - - - - - - 7 - 6 4 | 3 5 2 5 = = = = 8 4       | 1 | 
| | |       2 2 1 4 2     | 1   2 | 1     4 = 4 2   ǁ 2   4 2 |   | 
| | 4       5 6 3   1     |       | 1 5             5 4   2   | 2 3 
| | 4       2   3 6 3     |       | 4 6   2         | 1   4 2 |   2 
| | 2       1   1   1     |       | 2 2 1 2         | 2 4 4 2 |     
| | 3 6 1       2 5       3 2 4 3 |       1         | 3 5 2 1 |     
| | 1 4 2   2 4   4     2 2 1 3 2 |                 | 1 | 2   |     
| 5 - - - 5 = = = = = = = = = = = 6 = = = = = = = = 6 = 4 6 2 |     
5 6   3 2     1                   | 3 1 2 2     4 1 | 2 4 1   |     
|   2                             | 5 - 7 - 5 - 7 2 |   | 1   |     
|   ǁ               1             | 2 2 8 2 ǁ 2 ǁ 3 6 = 6 5   |     
|   ǁ               |             | 2 3 6 2 ǁ ǁ ǁ   ǁ 2 4 2   |     
|   3       1 3     |             | | 1 2 - 7 4 ǁ 2 ǁ 2 6 1 3 |     
|                   |             | | 4 - - 5 2 ǁ   ǁ   2 2 2 |     
|                   |             | | 6 2 2 5 3 ǁ 3 7 - - 6 1 |     
|                   |             | | 2 2 1 3 2 ǁ 1 3   1 2   |     
|                   |             | 5 = 4 - - - 6 = = = = = = 7 7 4 
|                   |             | 5 2 | 1 2 2 | 1 2 4 2 4   | 2 2 
| 2                 |             | 2 1 |   ǁ ǁ | 3   5 1 ǁ   | 3 5 
| 2                 |             | 2 = 6 - 6 6 |   1   4 6 1 |   | 
| 3     1           | 1           5 2 1 ǁ 2 | 3 | 4 2   4 |   |   | 
|       2       1   4             4 2 1 ǁ | 2 1 | 2     2 |   |   | 
| 3   5 4           3 2   3   1   1 2 = 6 4 1   5 = = 5   4 1 |   | 
|     4 3   2 6           6       3             5     3 1 4 3 |   | 
4 4   1 2   2 4           4   2   2 1 1 - - - - 5 2   3   4 1 |   | 
1   4     6                                                   5   2 
4         4 1 1   2 2   5 - - - - - - - - - - - - - - - - - - 7 5 3 
3             3 3 3 3 2 1 2 = 3 - 3 = = = = = = = = = = = = = 6 2 2 
