34 34
2 4 0 3 3 0 0 0 0 2 3 3 3 2 0 0 0 0 0 0 0 3 0 3 2 2 0 4 0 0 0 0 5 4 
0 2 0 0 4 0 0 3 1 0 2 0 2 0 0 0 0 0 1 2 3 0 0 1 4 4 0 7 0 0 4 2 0 0 
5 0 0 6 0 0 0 0 0 6 0 5 0 7 0 0 0 0 5 3 2 0 0 0 2 1 0 2 0 0 0 0 0 0 
4 5 4 0 2 3 3 1 2 0 1 0 2 0 3 0 0 0 4 0 0 0 2 0 3 0 0 0 0 0 0 0 6 4 
4 4 0 0 3 0 3 5 4 0 0 0 0 0 0 0 2 2 6 0 0 5 2 2 0 0 0 0 0 2 0 2 0 0 
3 0 6 0 5 3 0 0 0 0 3 0 3 0 0 0 0 0 0 0 0 0 0 0 0 1 2 0 0 0 0 0 0 0 
3 2 4 0 5 2 0 0 0 0 0 0 0 0 0 0 0 0 0 2 2 7 4 3 0 0 0 0 0 0 2 3 0 0 
0 2 1 1 4 0 5 6 1 0 3 0 0 0 4 0 5 0 0 0 0 4 2 0 0 0 0 0 0 0 0 0 0 0 
0 4 0 2 0 2 0 2 1 0 0 0 0 0 3 4 0 1 0 5 4 0 0 0 4 0 4 0 0 5 5 0 0 0 
0 4 0 5 4 3 0 2 0 6 3 0 2 6 2 4 0 0 0 0 3 2 0 0 1 0 1 0 0 1 2 0 0 0 
0 0 0 0 2 1 0 1 0 4 1 0 0 0 1 0 0 2 3 5 0 0 0 0 0 0 0 0 0 0 0 3 0 0 
3 0 0 4 0 0 6 0 0 7 1 0 1 0 0 2 0 1 3 0 2 3 0 0 5 0 4 1 0 2 1 0 0 0 
2 1 0 0 1 1 0 2 0 0 1 0 0 0 0 3 0 0 0 2 0 0 1 0 0 0 3 1 0 0 0 0 0 0 
0 1 0 4 5 4 0 4 0 6 2 0 4 7 4 0 0 0 3 0 5 4 4 2 0 1 3 0 0 5 2 0 0 0 
0 1 0 4 6 4 0 2 0 3 0 0 3 3 3 4 0 0 0 0 0 3 2 2 0 3 6 2 0 0 1 0 0 0 
4 0 0 0 0 0 7 0 0 0 0 6 0 0 0 0 6 0 0 0 6 5 0 3 0 3 0 0 0 0 0 0 0 0 
0 2 0 4 3 4 0 3 0 3 1 0 3 0 0 0 6 0 0 5 0 0 0 0 6 5 0 0 0 0 0 0 0 0 
0 2 2 0 0 0 0 2 1 0 0 0 0 3 5 0 6 3 1 4 0 0 2 0 5 5 1 0 0 0 0 0 0 0 
0 0 5 5 3 0 0 2 0 4 4 0 0 0 0 3 5 0 0 1 1 0 0 0 2 2 0 1 0 0 0 0 0 0 
0 0 1 0 4 4 0 4 3 0 0 0 3 1 5 3 4 0 0 0 0 0 0 0 0 0 0 0 0 7 3 0 0 0 
0 5 0 0 0 0 6 4 2 0 0 0 3 1 0 1 0 0 0 0 0 0 0 1 0 0 5 5 2 0 0 0 0 0 
0 5 0 0 3 1 2 0 0 3 2 0 0 0 0 0 0 0 0 0 0 0 0 0 0 0 0 0 1 0 0 0 0 0 
0 0 4 0 0 0 6 3 2 5 1 0 3 0 5 2 0 0 0 0 0 0 0 0 0 0 0 0 1 0 0 0 0 0 
0 5 5 1 3 1 0 3 0 4 1 0 2 1 1 0 0 0 0 0 0 0 0 0 0 0 0 0 0 0 1 0 0 0 
0 3 4 0 8 0 6 0 0 0 0 5 0 0 0 0 6 0 0 0 0 0 0 0 0 0 6 5 2 0 0 0 0 0 
0 3 4 2 0 1 0 2 0 1 0 4 0 0 4 2 0 0 0 0 0 0 0 0 0 0 0 0 2 5 4 0 0 0 
0 0 2 0 7 3 0 6 0 0 0 0 0 0 6 5 2 2 0 0 0 0 0 0 0 0 6 0 2 3 0 0 0 0 
0 0 1 0 4 2 0 3 0 0 0 0 0 3 3 3 0 0 0 0 0 0 0 0 2 0 3 0 1 0 0 0 0 0 
0 5 0 0 0 0 5 0 0 0 0 0 0 0 0 0 0 0 0 0 3 0 0 0 0 0 0 7 0 7 3 0 0 0 
1 0 0 0 0 0 4 0 0 0 0 0 0 0 0 0 0 0 0 0 0 0 3 0 0 2 1 3 0 3 0 0 0 0 
4 6 0 0 0 0 0 0 0 0 0 0 0 0 0 0 0 0 0 0 2 0 0 0 0 0 0 0 0 0 0 4 5 2 
2 3 0 0 0 0 5 0 0 0 0 0 0 0 3 0 0 0 0 0 0 0 0 0 0 0 0 4 1 2 0 3 0 1 
4 6 0 2 1 0 6 4 3 0 0 0 0 0 0 0 0 0 0 0 0 0 0 0 0 0 0 6 0 0 0 0 4 2 
2 1 0 0 0 0 3 5 5 0 0 0 0 0 2 0 0 0 0 0 0 0 0 0 2 0 0 5 3 2 2 0 5 2 
400 320
0 32 0 27
0 32 0 33
0 32 3 32
0 33 0 32
0 33 3 33
0 33 0 32
1 27 1 25
1 27 1 30
1 27 0 27
1 27 2 27
2 0 2 3
2 0 0 0
2 0 3 0
2 13 2 11
2 13 2 18
2 13 0 13
2 13 9 13
3 1 3 0
3 1 3 2
3 1 4 1
3 32 3 24
3 32 3 33
3 32 30 32
3 32 3 24
3 32 3 33
3 33 30 33
6 21 6 20
6 21 6 22
6 21 4 21
6 21 7 21
8 30 8 29
8 30 6 30
8 30 9 30
11 9 11 6
11 9 11 10
11 9 10 9
11 9 13 9
13 13 13 12
13 13 13 14
13 13 9 13
13 13 14 13
15 6 15 0
15 6 15 11
15 6 11 6
15 6 20 6
15 21 15 20
15 21 15 23
15 21 14 21
16 5 16 4
16 5 19 5
16 5 16 4
16 5 19 5
16 25 16 24
16 25 15 25
16 25 17 25
18 2 18 3
18 2 17 2
18 2 19 2
19 5 19 4
19 5 21 5
19 29 19 16
19 29 19 30
19 29 13 29
19 29 25 29
20 6 20 7
20 6 15 6
20 6 21 6
20 6 20 7
20 6 21 6
20 26 20 23
20 26 20 27
20 26 24 26
21 1 21 4
21 1 20 1
21 1 23 1
22 2 22 6
22 2 23 2
22 2 22 6
22 2 23 2
22 6 22 7
22 6 24 6
24 4 24 2
24 4 24 6
24 4 23 4
24 4 26 4
24 4 24 2
24 4 24 6
24 4 23 4
24 4 26 4
24 6 24 11
24 6 22 6
24 6 28 6
25 5 26 5
26 4 26 2
26 4 26 5
26 4 27 4
26 7 26 14
26 7 25 7
26 7 27 7
26 7 26 14
26 7 25 7
26 7 27 7
26 14 26 15
26 14 25 14
26 14 27 14
26 14 26 15
28 1 28 6
28 1 25 1
28 1 30 1
28 27 28 20
28 27 28 29
28 27 24 27
28 27 29 27
33 7 33 6
33 7 33 8
33 7 32 7
33 27 33 24
33 27 33 28
33 27 32 27
33 32 33 30
33 32 33 33
33 32 32 32
0 27 0 25
0 27 1 27
1 30 1 27
1 30 1 31
1 30 1 31
11 9 11 6
11 9 10 9
11 9 13 9
12 7 13 7
12 10 13 10
13 9 13 7
13 9 13 10
13 9 14 9
13 9 13 7
14 4 14 3
14 4 14 5
14 4 13 4
14 4 14 3
14 4 14 5
14 4 13 4
14 5 13 5
18 2 18 3
18 2 17 2
19 4 18 4
19 4 21 4
19 4 18 4
20 1 17 1
20 1 21 1
20 1 17 1
20 1 21 1
22 6 22 7
23 1 23 2
23 1 24 1
23 5 23 4
25 3 25 2
25 9 25 11
25 11 25 14
25 11 24 11
25 11 25 14
25 14 25 15
26 26 26 17
26 26 24 26
26 26 27 26
26 26 26 17
26 26 24 26
26 26 27 26
27 26 27 24
27 28 26 28
11 6 11 3
11 6 7 6
11 6 15 6
12 7 13 7
14 3 14 1
14 3 13 3
14 5 13 5
14 7 14 9
16 1 16 3
23 1 23 2
23 1 24 1
23 3 23 2
24 2 24 1
24 2 25 2
24 26 24 16
24 26 24 27
24 26 20 26
25 3 25 2
27 24 27 15
13 5 13 4
13 5 12 5
14 7 14 9
16 1 16 3
16 3 16 4
16 3 18 3
18 3 18 4
20 26 20 27
24 16 24 11
24 16 19 16
24 16 26 16
24 16 24 11
24 16 19 16
25 2 25 1
25 15 26 15
26 16 26 15
24 11 15 11
25 1 28 1
26 15 27 15
27 15 27 14
15 11 15 6
15 11 15 16
15 11 2 11
15 11 15 16
15 16 15 20
15 16 7 16
15 16 16 16
15 16 15 20
15 20 15 21
15 20 13 20
15 20 18 20
16 16 16 12
16 16 16 19
16 16 17 16
16 16 16 12
16 16 16 19
16 19 17 19
16 24 16 25
16 24 11 24
16 24 17 24
16 24 16 25
16 24 11 24
17 14 17 13
17 14 17 16
17 14 19 14
17 16 17 14
17 16 17 17
17 16 18 16
17 16 17 17
17 17 17 18
17 19 16 19
17 19 18 19
17 19 16 19
17 22 17 24
18 16 18 15
18 16 19 16
18 16 18 15
19 29 19 30
19 29 13 29
19 29 25 29
3 12 5 12
8 15 8 14
8 15 9 15
8 15 8 14
8 15 9 15
9 15 9 14
9 15 11 15
11 15 12 15
12 15 14 15
14 15 14 14
14 15 12 15
14 15 14 14
15 0 12 0
15 0 29 0
15 0 12 0
15 25 14 25
16 12 19 12
17 13 17 14
17 13 19 13
17 22 17 24
18 16 18 15
19 12 20 12
19 14 19 15
19 14 22 14
19 15 19 14
19 15 20 15
22 15 22 14
30 0 30 1
30 0 31 0
30 0 30 1
30 0 31 0
30 1 30 20
30 1 28 1
30 1 31 1
31 6 31 1
31 6 31 14
31 6 32 6
32 0 32 1
32 0 33 0
32 0 32 1
32 0 33 0
32 1 32 3
32 1 31 1
32 1 33 1
32 1 32 3
32 4 32 6
32 6 32 7
32 6 31 6
32 6 33 6
32 6 32 7
32 7 32 8
33 6 33 7
33 7 33 8
3 12 5 12
5 12 9 12
15 25 14 25
19 12 20 12
19 14 22 14
22 15 22 14
27 7 27 13
27 13 27 14
29 6 29 22
29 6 28 6
29 6 29 22
29 6 28 6
29 22 29 25
29 25 29 26
30 20 30 31
31 6 31 14
28 6 28 20
28 20 28 27

4705

2 4   3 3         2 3 3 3 2               3   3 2 2 - 4 - - - - 5 4 
| 2     4     3 1   2   2 |         1 2 3     1 4 4 - 7 = = 4 2 | | 
5 - - 6           6   5 - 7 - - - - 5 3 2       2 1   2         | | 
4 5 4   2 3 3 1 2   1 | 2 | 3       4       2   3 = = = = = = = 6 4 
4 4     3   3 5 4     | ǁ |     2 2 6     5 2 2           2   2 | | 
3   6   5 3         3 | 3 |               |       1 2           | | 
3 2 4   5 2           | | |           2 2 7 4 3             2 3 | | 
  2 1 1 4   5 6 1   3 | | | 4   5         4 2               |   | | 
  4   2   2 | 2 1     | | | 3 4 | 1   5 4       4   4     5 5   | | 
  4   5 4 3 | 2   6 3 | 2 6 2 4 |       3 2     1   1     1 2   | | 
        2 1 | 1   4 1 |   | 1 | | 2 3 5                       3 | | 
3     4 - - 6 = = 7 1 | 1 |   2 | 1 3   2 3     5   4 1   2 1   | | 
2 1     1 1 ǁ 2   ǁ 1 |   |   3 |     2     1   ǁ   3 1         | | 
ǁ 1   4 5 4 ǁ 4 = 6 2 | 4 7 4 ǁ |   3   5 4 4 2 ǁ 1 3     5 2   | | 
ǁ 1 - 4 6 4 ǁ 2 = 3   | 3 3 3 4 |       | 3 2 2 ǁ 3 6 2   ǁ 1   | | 
4 - - - - - 7 = = = = 6 = = = = 6 = = = 6 5 - 3 ǁ 3       ǁ     | | 
| 2 = 4 3 4 ǁ 3   3 1 | 3 = = = 6 = = 5 |       6 5       ǁ     | | 
| 2 2 |   ǁ ǁ 2 1     | | 3 5 = 6 3 1 4 |   2 = 5 5 1     ǁ     | | 
| ǁ 5 5 3 ǁ ǁ 2   4 4 | | | | 3 5     1 1       2 2   1   ǁ     | | 
| ǁ 1   4 4 ǁ 4 3     | 3 1 5 3 4 - - - - - - - - - - - - 7 3   | | 
| 5     | | 6 4 2     | 3 1 ǁ 1 ǁ             1 - - 5 5 2 ǁ     | | 
| 5 - - 3 1 2     3 2 |     ǁ   ǁ                   ǁ   1 ǁ     | | 
| | 4 = = = 6 3 2 5 1 | 3   5 2 ǁ                   ǁ   1 ǁ     | | 
| 5 5 1 3 1 ǁ 3   4 1 | 2 1 1   ǁ                   ǁ     ǁ 1   | | 
| 3 4 = 8 = 6 - - - - 5 = = = = 6 - - - - - - - - - 6 5 2 ǁ     | | 
| 3 4 2 ǁ 1 | 2   1 - 4 = = 4 2 |                   ǁ | 2 5 4   | | 
| ǁ 2 - 7 3 | 6 = = = = = = 6 5 2 2 = = = = = = = = 6 | 2 3     | | 
| ǁ 1   4 2 | 3 - - - - - 3 3 3 - - - - - - - - 2 - 3 | 1       | | 
| 5 - - - - 5 - - - - - - - - - - - - - 3 = = = = = = 7 - 7 3   | | 
1 ǁ         4 = = = = = = = = = = = = = = = 3 - - 2 1 3   3     | | 
4 6 - - - - - - - - - - - - - - - - - - 2 - - - - - - - - - - 4 5 2 
2 3 - - - - 5 = = = = = = = 3                         4 1 2   3   1 
4 6 = 2 1 - 6 4 3                                     6         4 2 
2 1         3 5 5           2                   2 - - 5 3 2 2 - 5 2 
