34 34
3 5 0 0 4 0 0 0 4 3 2 0 3 0 3 4 4 4 2 1 2 0 0 4 0 0 0 0 0 0 3 2 3 2 
3 0 2 1 0 2 5 0 6 0 0 0 7 4 2 1 0 4 0 0 0 0 0 4 0 0 0 3 3 2 0 0 2 0 
1 6 8 3 2 1 0 1 0 3 0 3 0 3 0 0 6 0 0 0 0 0 0 0 0 0 0 0 0 0 5 5 3 2 
2 2 2 1 0 0 5 2 0 0 0 0 0 0 2 1 0 0 1 0 3 0 0 0 5 4 0 4 2 0 0 0 0 1 
4 0 0 0 0 0 4 1 0 0 0 0 0 0 4 3 0 0 0 0 0 0 0 0 0 3 2 0 0 0 0 2 0 0 
3 5 0 0 0 0 0 0 6 4 0 4 0 0 0 1 0 0 0 0 0 0 0 0 0 0 0 0 0 0 0 1 0 0 
0 5 0 0 4 0 0 0 0 2 2 0 0 5 7 3 0 3 0 0 0 0 1 0 0 0 0 0 0 0 0 0 0 0 
0 2 1 3 4 0 2 0 4 0 7 3 0 4 0 0 0 0 0 0 0 0 0 0 0 0 0 0 0 0 0 0 0 0 
4 0 0 4 2 0 0 0 0 0 6 3 0 4 3 1 0 4 0 0 0 0 0 0 4 0 0 0 0 0 6 0 6 3 
2 0 0 0 0 2 0 1 0 0 1 2 0 2 3 2 0 2 0 1 0 2 0 0 0 0 3 0 0 0 5 3 0 0 
3 0 0 0 0 0 0 0 0 0 0 0 6 0 0 0 5 0 0 0 0 0 0 0 0 0 0 0 0 0 0 5 0 0 
6 5 0 0 0 0 0 0 0 0 4 2 0 3 4 2 0 2 3 0 0 3 0 0 0 0 0 2 1 0 2 0 0 0 
0 0 1 5 0 0 0 3 3 0 2 2 0 0 1 2 0 1 2 2 0 0 2 0 0 1 0 0 3 1 0 0 2 0 
0 0 1 5 5 1 3 4 3 0 2 0 0 0 0 0 0 0 0 3 0 0 4 0 0 7 0 4 0 4 3 0 1 0 
0 0 0 3 5 1 2 0 3 0 6 5 0 3 0 4 0 3 5 6 2 0 1 0 0 3 1 2 0 0 0 0 1 0 
0 0 3 0 0 0 3 0 0 2 0 1 0 0 1 0 0 1 0 3 0 6 0 0 0 0 0 0 7 4 1 0 0 0 
0 0 0 3 2 2 0 0 0 4 6 3 0 0 0 0 0 5 6 0 0 5 0 0 0 0 5 2 0 3 3 0 0 0 
0 0 5 6 2 0 0 0 4 2 0 0 0 0 2 0 0 4 3 2 1 3 0 0 1 0 3 1 0 1 0 0 0 0 
0 0 2 1 2 0 0 0 0 0 0 0 0 0 0 0 0 4 4 4 5 0 0 0 0 0 2 1 0 2 0 0 0 0 
0 0 4 5 6 5 0 0 0 0 0 3 0 0 0 0 0 2 0 3 4 0 0 3 5 1 0 0 0 0 0 0 3 0 
0 0 0 0 0 0 0 0 0 0 0 0 0 4 4 0 0 0 0 1 2 0 3 2 3 1 0 0 0 4 3 0 0 0 
0 0 0 0 0 0 0 0 5 2 0 0 0 2 0 0 0 6 7 0 0 0 0 0 0 0 6 4 0 0 0 0 0 0 
0 0 0 0 0 0 0 0 2 0 0 2 0 2 4 0 0 2 0 0 0 2 0 0 3 0 0 0 0 2 0 0 0 0 
0 0 0 1 0 0 0 0 2 0 0 0 0 1 0 0 0 3 4 0 0 0 0 0 4 0 0 0 0 0 0 0 0 0 
0 0 0 0 1 0 0 0 0 0 0 0 0 0 0 0 0 0 0 0 0 0 0 0 1 0 0 2 0 0 0 0 0 0 
0 0 0 0 0 0 0 0 2 0 5 0 6 0 4 6 0 0 0 0 0 0 0 0 0 0 0 1 0 0 0 0 0 0 
0 0 0 0 0 2 0 3 0 0 0 0 5 2 1 5 0 2 0 0 0 0 0 0 0 0 0 2 0 1 0 0 0 0 
0 0 0 0 0 0 0 1 0 3 2 1 2 0 3 4 0 0 0 0 0 0 0 0 0 0 0 0 0 0 0 0 0 3 
0 2 5 0 0 0 7 0 0 6 0 0 0 0 0 0 5 0 0 0 0 0 0 0 0 0 4 2 0 0 0 4 4 0 
4 1 0 3 3 1 0 1 3 2 0 0 1 0 2 1 0 3 4 0 5 0 0 0 6 0 0 0 8 0 6 3 4 0 
0 0 0 5 0 0 5 0 5 0 0 0 0 0 4 2 0 2 1 1 3 1 0 0 0 0 0 0 4 2 3 1 0 2 
0 2 5 6 3 1 1 0 3 0 3 0 0 0 0 0 6 0 0 0 0 0 0 0 7 0 0 0 0 0 0 0 7 2 
6 4 5 3 0 0 0 0 5 0 2 1 0 0 0 0 6 0 0 0 0 0 5 2 2 2 3 0 0 3 3 0 4 3 
2 2 3 1 2 0 0 0 4 0 0 0 0 2 3 2 4 0 4 2 1 0 5 0 0 0 0 0 0 5 4 1 1 2 
400 239
0 1 0 0
0 1 0 4
0 1 2 1
1 6 1 5
1 6 1 8
1 6 3 6
1 12 1 8
1 12 1 13
1 12 0 12
1 12 10 12
2 2 2 1
2 2 2 3
2 2 1 2
2 2 3 2
2 2 2 1
2 2 2 3
2 2 1 2
2 2 3 2
3 24 3 20
3 24 3 25
3 24 8 24
6 1 6 4
6 1 5 1
6 1 7 1
6 13 6 14
6 13 2 13
6 13 7 13
7 10 7 8
7 10 7 11
7 10 6 10
7 10 8 10
7 13 6 13
7 13 8 13
7 13 6 13
8 13 8 14
8 13 9 13
8 13 8 14
10 31 10 16
10 31 9 31
10 31 28 31
11 0 11 1
11 0 10 0
11 0 29 0
11 0 11 1
11 0 10 0
11 0 29 0
13 25 13 22
13 25 13 27
13 25 12 25
13 25 14 25
15 28 15 21
15 28 15 29
15 28 12 28
15 28 29 28
16 26 16 21
16 26 16 27
16 26 17 26
17 2 17 3
17 2 15 2
17 2 18 2
21 8 21 9
21 8 17 8
21 8 22 8
21 18 21 17
21 18 21 26
21 18 18 18
21 18 23 18
28 6 28 2
28 6 28 9
28 6 15 6
28 6 30 6
29 0 29 1
29 0 32 0
29 7 29 8
29 20 29 18
29 20 29 24
29 20 30 20
29 28 29 24
29 28 29 30
29 28 15 28
29 28 30 28
30 3 30 6
30 3 29 3
30 3 31 3
31 24 31 16
31 24 31 32
31 24 29 24
31 24 32 24
32 22 32 16
32 22 32 23
32 22 33 22
33 18 33 16
33 18 33 19
33 18 33 16
33 18 33 19
33 20 33 22
33 22 33 29
33 22 32 22
2 1 2 0
2 1 0 1
2 1 3 1
6 14 6 15
6 14 4 14
6 14 8 14
6 22 6 17
9 30 9 26
9 30 9 31
9 30 8 30
13 25 13 22
13 25 13 27
13 25 14 25
13 27 11 27
13 27 14 27
14 27 14 26
19 5 19 4
19 5 16 5
19 5 26 5
22 21 22 24
23 3 19 3
24 4 19 4
26 5 19 5
26 29 22 29
29 5 29 4
29 28 29 24
29 28 29 30
29 28 30 28
29 30 29 31
29 30 20 30
29 30 30 30
29 30 29 31
30 21 30 20
30 28 30 29
30 30 30 29
30 30 30 31
33 16 33 15
33 16 32 16
33 22 33 29
1 0 0 0
14 25 14 22
19 4 19 3
19 4 19 5
19 4 18 4
19 4 19 3
22 21 22 24
22 24 23 24
22 29 20 29
23 24 23 18
23 24 24 24
23 24 23 18
29 4 29 3
29 24 29 20
29 24 31 24
32 16 32 11
32 16 32 22
32 16 31 16
32 16 31 16
32 23 32 24
32 25 32 26
33 15 33 14
1 0 0 0
13 22 13 19
13 22 12 22
15 21 15 19
15 21 15 28
15 21 16 21
15 21 15 19
15 21 16 21
20 29 20 30
20 29 18 29
20 29 20 30
29 4 29 3
30 3 30 6
30 3 31 3
31 3 31 2
31 3 31 4
31 3 32 3
31 3 31 2
31 16 31 10
31 16 31 24
31 16 28 16
31 24 31 32
31 32 31 33
31 32 29 32
31 32 32 32
32 25 32 26
32 26 32 29
33 14 33 13
0 1 0 4
0 4 0 8
0 4 2 4
0 8 0 9
0 8 1 8
0 8 0 9
0 9 0 10
0 10 0 12
1 3 2 3
1 8 1 6
1 8 1 12
1 8 5 8
2 7 3 7
3 3 3 6
5 8 5 1
5 8 5 9
5 8 7 8
5 8 5 1
5 8 5 9
6 4 6 1
6 4 7 4
6 4 7 4
12 22 12 19
14 20 14 19
16 30 16 29
16 30 15 30
16 30 16 29
18 29 17 29
33 14 33 13
2 4 2 5
14 20 14 19
16 29 15 29
33 8 33 4
33 8 32 8
33 8 33 4
33 8 32 8
1 5 1 6
14 19 14 18
14 19 13 19
14 19 15 19
14 19 14 18
15 29 15 28
15 29 13 29
31 4 31 5
12 28 12 29
12 28 11 28
13 29 13 30
11 27 11 21
11 30 13 30
13 29 13 30
11 21 11 18
11 21 11 18

6050

3 5 = = 4 - - - 4 3 2 - 3   3 4 4 4 2 1 2     4             3 2 3 2 
3 ǁ 2 1 | 2 5 = 6 = = = 7 4 2 1   4           4       3 3 2     2   
1 6 8 3 2 1 | 1 | 3   3 | 3     6                           5 5 3 2 
2 2 2 1 - - 5 2 |       | | 2 1     1   3 - - - 5 4   4 2         1 
4           4 1 |       | | 4 3                 | 3 2         2     
3 5 = = = = = = 6 4   4 | | | 1                 |             1     
  5 = = 4       | 2 2   | 5 7 3   3 - - - - 1   |                   
  2 1 3 4   2   4 - 7 3 | 4 |                   |                   
4     4 2           6 3 | 4 3 1   4             4           6   6 3 
2         2   1     1 2 | 2 3 2   2   1   2         3 - - - 5 3     
3                       6       5 - - - - - - - - - - - - - - 5     
6 5                 4 2   3 4 2   2 3 = = 3 - - - - - 2 1   2 |     
ǁ   1 5       3 3   2 2     1 2   1 2 2 - - 2     1   | 3 1 | | 2   
ǁ   1 5 5 1 3 4 3   2                 3 - - 4 = = 7 = 4 | 4 3 | 1   
ǁ     3 5 1 2   3   6 5   3   4   3 5 6 2   1 - - 3 1 2 | |   | 1   
ǁ   3       3     2   1     1     1   3 = 6 = = = = = = 7 4 1 |     
ǁ   | 3 2 2 |     4 6 3           5 6     5 - - - - 5 2 ǁ 3 3 |     
ǁ   5 6 2 | |   4 2         2     4 3 2 1 3     1   3 1 ǁ 1   |     
ǁ   2 1 2 | |   |                 4 4 4 5           2 1 ǁ 2   |     
ǁ   4 5 6 5 |   |     3           2 | 3 4     3 5 1     ǁ |   | 3   
ǁ     | | ǁ |   |         4 4       | 1 2   3 2 3 1     ǁ 4 3 |     
ǁ     | | ǁ |   5 2       2       6 7 - - - - - - - 6 4 ǁ | | |     
ǁ     | | ǁ |   2     2   2 4     2 |     2 = = 3       ǁ 2 | |     
ǁ     1 | ǁ |   2         1       3 4 = = = = = 4       ǁ | | |     
ǁ       1 ǁ |                                   1     2 ǁ | | |     
ǁ         ǁ |   2   5   6   4 6                       1 ǁ | | |     
ǁ         2 | 3         5 2 1 5   2                   2 ǁ 1 | |     
ǁ           | 1   3 2 1 2   3 4                         ǁ   | |   3 
ǁ 2 5 - - - 7 - - 6             5                   4 2 ǁ   | 4 4   
4 1   3 3 1 | 1 3 2     1   2 1 | 3 4 - 5 = = = 6 = = = 8 = 6 3 4   
|     5 = = 5   5           4 2 | 2 1 1 3 1     ǁ       4 2 3 1 | 2 
| 2 5 6 3 1 1   3   3 - - - - - 6 = = = = = = = 7 = = = = = = = 7 2 
6 4 5 3         5   2 1 - - - - 6 = = = = = 5 2 2 2 3 - - 3 3   4 3 
2 2 3 1 2 = = = 4         2 3 2 4 = 4 2 1 - 5 = = = = = = 5 4 1 1 2 
