34 34
1 2 4 2 4 4 3 1 1 3 0 0 0 0 1 2 0 4 0 5 0 0 0 0 2 3 0 2 0 0 2 0 4 1 
4 7 5 1 0 3 4 5 0 6 0 0 0 0 0 0 0 0 0 7 0 0 0 0 0 0 0 0 0 0 0 0 6 2 
3 0 0 0 0 2 0 4 2 1 2 0 0 0 0 0 3 2 2 0 3 5 0 3 0 0 0 0 0 0 3 1 0 0 
0 0 2 0 7 0 7 0 0 0 0 0 0 0 0 0 5 6 5 0 0 0 0 0 1 1 2 3 0 0 0 0 0 0 
0 0 2 1 4 2 0 2 2 2 0 0 0 0 0 0 0 0 0 0 0 0 0 0 5 7 0 4 2 0 0 3 0 0 
5 5 0 0 0 0 7 4 0 6 2 0 0 0 0 0 0 0 0 0 0 3 0 0 4 0 0 0 0 0 0 0 0 3 
0 0 3 0 0 3 0 2 0 0 0 0 0 0 0 0 2 0 0 0 1 3 1 3 4 0 0 0 5 2 0 0 0 0 
4 0 2 0 1 0 0 5 0 4 0 0 0 0 0 0 0 0 0 0 0 1 1 6 4 0 0 0 3 1 0 0 0 0 
0 0 0 0 0 0 0 0 0 0 0 0 0 0 0 0 0 1 0 0 1 3 0 5 2 0 0 0 0 0 0 0 0 0 
2 0 0 1 3 0 0 3 0 0 0 0 0 0 0 0 0 1 0 0 3 0 3 0 0 6 0 0 0 0 6 4 0 0 
1 0 0 0 0 0 0 0 0 0 0 0 0 0 0 0 2 3 0 0 4 2 0 4 2 0 3 4 3 2 0 0 5 4 
3 7 3 0 3 3 0 3 0 0 0 0 0 0 0 0 0 2 0 0 3 0 7 5 2 2 0 3 4 0 0 3 6 2 
2 3 3 0 2 3 0 3 5 0 0 0 0 0 0 0 0 0 4 0 1 0 5 0 0 0 6 1 0 0 0 4 7 2 
0 1 0 0 0 2 0 1 2 0 0 0 0 0 0 0 0 0 1 0 0 0 3 0 4 3 5 0 5 3 0 2 0 2 
4 0 4 0 0 0 6 0 0 0 0 0 0 0 0 0 0 0 0 4 0 0 0 0 0 0 0 0 0 0 6 0 8 6 
4 3 0 3 0 3 0 2 4 0 0 0 0 0 0 0 0 0 0 0 0 0 0 0 0 0 0 0 0 3 0 0 0 4 
3 0 0 3 0 4 0 0 0 1 0 0 2 0 0 0 5 0 0 0 0 0 0 4 0 0 0 3 2 0 0 4 4 0 
4 0 0 3 3 0 0 0 0 2 0 1 0 0 4 1 0 2 4 3 2 4 2 0 0 0 0 0 0 0 0 2 1 0 
0 2 0 1 0 0 0 0 0 0 0 0 0 0 0 0 0 0 0 0 0 0 1 0 0 3 0 6 5 0 4 4 2 0 
0 1 0 0 0 0 0 0 0 0 0 0 0 0 0 0 0 0 0 3 2 0 0 0 0 0 0 0 3 0 0 0 0 0 
5 0 5 0 6 3 0 0 0 0 0 0 0 0 0 0 0 3 0 0 1 0 0 0 0 0 0 4 0 0 2 0 0 0 
0 1 0 1 5 1 0 0 0 0 0 0 0 0 0 0 0 2 0 0 0 0 3 6 2 0 0 0 4 0 4 6 0 0 
3 4 0 2 6 4 0 0 0 3 0 0 0 0 7 0 7 0 5 3 2 5 0 3 0 0 0 2 4 0 0 0 0 0 
2 2 0 3 4 0 0 0 0 0 0 0 0 0 1 2 5 0 0 2 0 0 0 0 0 0 0 0 0 0 0 2 0 0 
6 0 7 3 0 3 0 3 4 0 0 0 0 0 0 0 0 0 0 0 0 6 0 0 0 6 0 2 5 0 1 0 0 0 
3 2 5 0 4 1 0 2 4 0 3 1 2 3 0 0 0 0 0 0 0 5 0 2 0 1 1 0 3 0 0 0 0 0 
4 0 0 0 0 0 7 0 0 0 0 0 0 0 0 0 0 0 0 0 0 0 0 0 0 0 0 0 0 5 0 0 4 4 
5 5 2 0 0 0 0 2 0 0 0 0 0 5 0 0 0 2 1 2 0 2 2 0 5 0 0 1 0 0 1 0 3 0 
0 0 1 0 0 0 4 0 0 0 0 0 0 6 0 1 0 2 0 1 0 0 1 0 7 0 0 0 0 8 3 2 3 0 
2 0 2 0 0 0 0 0 0 0 0 0 0 5 0 0 0 0 0 0 0 4 2 1 0 3 0 5 2 0 1 3 2 0 
4 5 6 0 0 0 2 1 2 0 3 0 0 4 0 0 0 4 0 4 0 0 2 2 0 4 3 0 2 5 6 4 0 0 
2 3 5 0 2 0 4 0 0 0 5 1 1 0 0 0 2 0 0 2 0 0 0 0 0 0 1 0 0 0 0 1 0 3 
0 1 0 0 0 0 3 0 0 0 4 0 2 0 0 0 5 0 0 0 0 4 4 2 4 0 0 6 5 3 4 0 5 5 
2 0 5 0 0 0 0 0 0 0 0 0 0 0 0 0 4 0 0 2 1 1 2 1 1 0 0 4 4 2 4 2 3 3 
400 360
0 19 0 17
0 19 0 24
0 19 1 19
1 1 1 0
1 1 1 2
1 1 0 1
1 1 5 1
2 21 2 20
2 21 2 23
2 21 5 21
3 4 3 2
3 4 3 6
3 4 0 4
3 4 4 4
3 18 3 17
3 18 2 18
3 18 12 18
4 24 4 25
4 24 3 24
4 24 5 24
4 25 4 24
4 25 4 27
4 25 3 25
4 25 9 25
5 0 5 1
5 0 2 0
5 0 7 0
5 6 5 1
5 6 5 7
5 6 3 6
5 6 14 6
6 28 6 29
6 28 4 28
6 28 7 28
7 7 7 9
7 7 6 7
7 7 9 7
11 1 11 0
11 1 11 2
11 1 5 1
11 1 12 1
11 22 11 20
11 22 11 23
11 22 9 22
11 22 12 22
12 8 12 7
12 8 12 18
12 8 13 8
12 32 12 31
12 32 12 33
12 32 11 32
12 32 14 32
14 32 14 30
14 32 14 33
14 32 12 32
14 32 16 32
14 33 14 32
14 33 13 33
14 33 15 33
14 33 14 32
14 33 13 33
15 33 26 33
16 16 16 12
16 16 16 23
16 16 22 16
20 0 20 2
20 0 17 0
20 0 22 0
21 31 21 30
21 31 18 31
21 31 23 31
21 31 21 30
21 31 18 31
21 31 23 31
22 14 22 9
22 14 22 16
22 14 17 14
22 14 23 14
24 0 24 2
24 0 23 0
24 0 25 0
24 0 24 2
24 0 23 0
24 0 25 0
24 2 24 3
24 2 20 2
24 2 25 2
26 6 26 0
26 6 26 29
26 6 14 6
26 6 28 6
27 0 27 1
27 0 26 0
27 0 29 0
27 13 27 7
27 13 27 17
27 13 28 13
27 24 27 22
27 24 27 27
27 24 28 24
28 24 28 22
28 24 28 29
28 24 27 24
28 24 32 24
28 29 28 24
28 29 28 30
28 29 26 29
28 29 30 29
29 27 29 25
29 27 29 28
29 27 32 27
30 25 30 26
30 25 29 25
30 25 30 26
30 25 29 25
30 26 31 26
32 33 32 32
32 33 31 33
32 33 33 33
33 2 33 0
33 2 33 16
33 2 31 2
3 26 3 27
4 2 4 3
4 2 3 2
4 4 4 5
4 4 3 4
4 4 4 5
4 25 4 24
4 25 4 27
5 24 5 21
5 24 6 24
5 24 5 21
6 21 6 20
6 21 6 22
6 21 7 21
6 24 6 23
6 24 7 24
6 24 6 23
7 0 5 0
7 0 9 0
7 0 9 0
7 9 7 7
7 9 5 9
7 9 5 9
7 24 7 23
7 24 8 24
7 24 7 23
9 25 9 22
9 25 9 30
9 25 11 25
9 25 9 22
9 25 9 30
9 30 9 31
9 30 2 30
9 30 14 30
9 30 9 31
9 31 4 31
9 31 11 31
10 0 11 0
10 23 10 24
10 23 11 23
10 23 10 24
10 23 11 23
10 32 10 33
10 32 1 32
10 32 11 32
11 22 11 20
11 22 11 23
11 22 12 22
13 31 12 31
14 30 14 19
14 30 14 32
14 30 18 30
14 30 14 19
15 33 26 33
16 31 16 32
16 31 17 31
16 31 16 32
16 31 17 31
16 32 17 32
17 15 17 14
18 31 18 30
18 31 18 32
18 32 26 32
19 1 18 1
21 1 22 1
22 1 22 0
22 1 23 1
22 1 22 0
22 14 22 9
22 14 22 16
22 14 17 14
22 18 22 16
22 18 22 19
22 18 17 18
23 15 23 16
25 21 25 13
25 21 25 23
25 21 24 21
26 33 26 32
26 33 31 33
28 24 27 24
28 29 28 30
28 29 26 29
28 29 30 29
29 27 29 28
29 27 32 27
32 1 31 1
32 27 32 24
32 27 32 28
32 27 33 27
32 27 32 24
33 27 33 24
33 27 33 28
33 27 33 28
33 28 33 29
33 28 32 28
1 2 1 1
1 2 1 3
1 2 0 2
2 21 2 20
2 21 2 23
2 23 2 30
3 4 3 6
3 4 0 4
3 26 3 27
3 27 4 27
4 27 4 28
4 31 2 31
5 9 5 7
5 9 5 10
5 9 4 9
5 9 5 7
5 10 2 10
6 23 7 23
7 22 7 23
7 23 8 23
7 23 8 23
8 24 8 23
11 23 11 24
13 26 13 25
13 26 13 28
13 26 12 26
13 31 12 31
14 19 14 6
14 19 1 19
17 14 17 11
18 30 18 28
18 30 20 30
20 0 20 2
20 0 17 0
21 17 20 17
22 9 17 9
23 15 23 16
26 32 26 29
26 32 27 32
27 22 27 21
32 24 32 23
0 4 0 3
0 4 0 5
0 5 0 6
0 5 1 5
0 5 0 6
1 2 1 1
1 19 1 9
1 19 1 32
1 19 0 19
3 6 1 6
3 6 5 6
3 6 1 6
3 16 3 17
3 16 2 16
3 16 6 16
8 23 8 21
12 31 12 32
14 6 14 2
14 6 5 6
14 6 26 6
15 29 15 8
17 0 17 3
17 0 16 0
17 9 16 9
18 1 18 3
21 17 20 17
26 29 26 6
0 2 0 1
0 2 0 3
0 17 0 15
0 17 0 19
0 17 0 15
0 24 0 25
0 25 0 27
0 25 0 27
0 30 0 32
1 19 1 9
1 19 1 32
1 32 1 33
1 32 0 32
1 32 10 32
2 5 1 5
8 23 8 21
9 3 9 4
11 31 11 32
14 2 14 0
14 2 12 2
14 2 14 0
15 29 15 8
16 12 16 16
20 17 17 17
0 0 1 0
0 14 0 9
0 30 0 32
0 32 0 33
1 0 1 1
1 0 2 0
1 9 1 7
1 9 0 9
1 9 2 9
1 9 1 7
1 33 5 33
2 0 5 0
2 5 1 5
2 10 2 16
4 9 4 8
5 33 10 33
11 31 11 32
11 32 11 33
11 32 10 32
12 32 12 33
13 1 12 1
13 5 12 5
14 0 12 0
14 0 15 0
15 0 15 1
15 0 16 0
15 0 15 1
15 1 15 3
15 8 15 7
15 8 24 8
16 0 16 3
17 17 17 18
17 18 17 19
17 18 22 18
0 9 0 8
1 6 1 7
1 6 0 6
5 33 10 33
10 33 11 33
13 5 12 5
15 7 24 7
0 7 1 7
1 7 2 7
2 7 2 8
2 7 4 7
2 7 2 8
4 8 4 7
5 7 5 6
6 7 7 7
5 1 11 1

4623

1 2 4 2 4 4 3 1 1 3 - - - - 1 2 = 4 = 5 - - - - 2 3 = 2     2 = 4 1 
4 7 5 1 ǁ 3 4 5 = 6 = = = = = = = = = 7 = = = = = = = = = = = = 6 2 
3 |     ǁ 2 ǁ 4 2 1 2 - - - - - 3 2 2 | 3 5 = 3 - - - - - - 3 1 ǁ | 
ǁ | 2 - 7 = 7 |     |           5 6 5 |   |     1 1 2 3     | | ǁ | 
ǁ | 2 1 4 2 ǁ 2 2 2 |           |   | |   |     5 7 = 4 2   | 3 ǁ | 
5 5 - - - - 7 4 = 6 2           |   | |   3 = = 4 |     |   | | ǁ 3 
ǁ ǁ 3     3 ǁ 2   ǁ             2   | | 1 3 1 3 4 |     5 2 | | ǁ ǁ 
4 ǁ 2   1   ǁ 5 = 4                 | |   1 1 6 4 |     3 1 | | ǁ ǁ 
ǁ ǁ         ǁ |                   1 | | 1 3 = 5 2 |         | | ǁ ǁ 
2 ǁ   1 3   ǁ 3                   1 | | 3   3 = = 6 = = = = 6 4 ǁ ǁ 
1 ǁ         ǁ                   2 3 | | 4 2 | 4 2 | 3 4 3 2 | | 5 4 
3 7 3   3 3 ǁ 3                   2 | | 3 = 7 5 2 2   3 4   | 3 6 2 
2 3 3   2 3 ǁ 3 5 - - - - - - - - - 4 | 1   5       6 1     | 4 7 2 
| 1 |     2 ǁ 1 2                   1 |     3   4 3 5 - 5 3 | 2 ǁ 2 
4 = 4 - - - 6 - - - - - - - - - - - - 4 = = = = = = = = = = 6 = 8 6 
4 3 - 3   3 ǁ 2 4 = = = = = = = = = = = = = = = = = = = = 3 |   | 4 
3 - - 3   4 ǁ | | 1     2 = = = 5 - - - - - - 4       3 2   | 4 4 ǁ 
4 - - 3 3   ǁ | | 2   1 - - 4 1 | 2 4 3 2 4 2               | 2 1 ǁ 
ǁ 2 - 1     ǁ | | |         ǁ   | | ǁ       1     3   6 5 - 4 4 2 ǁ 
ǁ 1         ǁ | | |         ǁ   | | ǁ 3 2               3   | ǁ | ǁ 
5 = 5   6 3 ǁ | | |         ǁ   | 3 ǁ   1             4     2 ǁ | ǁ 
| 1 | 1 5 1 ǁ | | |         ǁ   | 2 ǁ       3 6 2       4   4 6 | ǁ 
3 4 | 2 6 4 ǁ | | 3 = = = = 7 = 7 - 5 3 2 5   3       2 4     ǁ | ǁ 
2 2 | 3 4   ǁ | |           1 2 5     2                       2 | ǁ 
6 = 7 3   3 ǁ 3 4                         6       6   2 5   1   | ǁ 
3 2 5   4 1 ǁ 2 4   3 1 2 3 - - - - - - - 5 - 2   1 1   3       | ǁ 
4 - - - - - 7 = = = = = = = = = = = = = = = = = = = = = = 5 - - 4 4 
5 5 2       | 2 - - - - - 5 - - - 2 1 2   2 2 - 5 - - 1   ǁ 1   3 | 
|   1       4             6   1   2   1     1 - 7 = = = = 8 3 2 3 | 
2   2                     5               4 2 1 | 3 - 5 2 ǁ 1 3 2 | 
4 5 6       2 1 2   3     4       4   4     2 2 | 4 3 ǁ 2 5 6 4   | 
2 3 5   2   4       5 1 1       2     2         |   1 ǁ       1   3 
  1 |       3       4   2       5         4 4 2 4 = = 6 5 3 4   5 5 
2 - 5 - - - - - - - - - - - - - 4     2 1 1 2 1 1 - - 4 4 2 4 2 3 3 
