34 34
3 0 0 0 0 0 0 0 0 0 0 2 2 0 4 5 5 0 0 0 4 0 1 2 5 0 0 0 0 5 5 4 4 4 
0 2 0 6 3 0 3 4 5 3 1 0 2 3 0 2 0 2 3 0 4 3 2 2 4 0 0 1 0 0 2 2 0 0 
0 3 4 8 4 2 0 5 7 0 0 7 0 6 4 0 6 0 0 0 0 0 0 0 0 0 0 0 0 8 0 0 6 4 
0 0 1 0 0 0 0 3 5 2 1 4 1 0 3 4 3 0 0 0 0 0 0 0 0 0 0 0 0 0 2 0 4 2 
0 6 0 8 0 0 7 0 0 0 0 0 0 7 0 0 0 0 0 0 0 0 0 0 0 0 0 0 0 8 4 2 0 0 
0 5 3 0 1 1 0 2 3 5 0 4 1 0 3 3 0 5 0 2 0 3 0 0 0 0 4 2 0 0 0 1 0 4 
0 6 5 0 5 5 0 0 0 0 0 0 2 0 0 4 0 7 0 0 0 0 0 0 0 0 8 4 0 0 0 2 0 0 
0 0 0 0 0 4 0 0 0 4 1 0 0 0 0 0 0 0 0 0 0 0 0 0 0 0 0 0 0 0 0 0 0 0 
4 0 0 0 0 3 0 0 0 0 0 0 4 0 0 0 2 0 0 3 0 0 0 0 4 0 2 0 0 0 5 4 0 0 
3 0 3 0 0 2 0 0 5 6 0 0 0 0 0 4 0 0 0 0 0 2 0 0 0 0 0 0 0 0 0 1 0 0 
0 0 2 0 0 0 0 0 2 0 0 0 0 0 0 4 0 0 0 1 0 0 0 0 4 0 0 0 0 0 4 5 0 0 
5 8 0 7 5 3 0 6 4 0 0 0 0 0 0 6 5 0 0 0 0 0 0 0 0 0 0 0 0 0 2 4 0 0 
4 0 1 0 2 2 0 0 4 0 0 0 0 0 0 0 1 0 0 2 0 6 0 0 6 0 0 0 0 8 0 0 7 5 
4 0 0 0 3 0 6 6 7 6 0 4 0 0 0 6 0 6 0 0 0 0 0 0 0 0 0 0 0 7 4 1 5 5 
0 0 0 0 3 2 4 5 3 0 1 4 0 0 0 2 2 6 0 0 0 4 0 0 0 0 0 6 2 0 0 1 0 3 
4 0 4 7 0 0 0 0 0 5 2 0 0 0 0 4 0 4 0 0 0 0 0 0 4 5 3 2 2 0 0 0 0 1 
0 0 1 0 0 2 0 0 6 0 6 7 6 0 0 0 4 0 0 0 0 0 2 0 0 4 3 0 5 0 4 4 0 0 
0 2 2 7 0 0 0 0 4 1 4 8 4 0 0 0 5 0 0 0 0 0 0 0 6 5 0 2 0 0 0 0 0 0 
4 0 0 6 0 0 0 0 2 1 1 5 2 0 0 2 4 0 2 0 0 0 1 0 0 2 0 0 0 0 0 0 0 0 
0 1 0 0 2 0 5 0 0 0 0 5 4 0 0 1 1 0 0 0 0 0 0 0 0 4 0 7 5 0 0 0 0 0 
0 5 0 7 0 0 7 0 0 0 0 2 0 0 0 0 0 0 0 0 2 0 5 3 0 0 0 0 2 0 0 0 0 0 
0 6 0 6 0 2 4 0 4 4 0 4 0 0 0 5 0 0 6 0 2 2 0 0 0 2 0 0 0 0 3 0 0 0 
0 4 2 5 0 0 0 0 0 0 0 5 2 0 0 0 0 0 2 0 0 0 0 0 0 0 0 0 0 0 6 4 0 1 
0 4 0 6 0 0 0 0 0 0 0 0 0 6 5 5 0 0 0 0 0 6 6 4 0 0 0 0 0 0 6 2 0 0 
0 1 4 7 5 0 0 0 0 0 0 0 0 7 0 0 0 0 0 0 0 0 0 0 6 0 0 6 4 0 6 0 6 5 
0 1 0 0 0 0 2 0 0 0 5 1 0 0 0 0 0 0 0 2 0 0 0 0 0 1 0 0 3 0 5 1 0 4 
5 5 0 0 0 3 0 0 0 0 7 2 0 0 0 3 0 1 0 0 0 0 0 0 0 4 0 4 5 0 6 0 6 5 
0 5 6 0 0 2 3 0 6 2 0 0 0 0 0 0 0 0 0 0 0 0 0 0 0 2 1 2 0 0 0 2 0 0 
0 3 0 2 0 3 0 0 4 2 0 0 0 0 2 5 2 0 0 5 0 0 0 0 6 0 0 3 0 0 0 4 5 2 
0 4 6 1 0 4 1 0 0 0 0 0 0 0 0 0 0 0 0 0 0 0 0 0 0 0 0 0 0 0 4 0 6 4 
0 1 0 0 0 1 0 0 0 6 7 0 0 7 0 6 0 0 0 0 0 4 2 0 0 0 0 0 0 0 0 0 0 4 
0 0 0 0 0 0 0 0 0 2 2 2 2 4 4 8 0 0 0 0 0 0 5 0 3 0 0 0 0 3 0 0 5 6 
5 3 5 0 7 0 0 0 5 0 0 6 5 2 5 5 4 0 5 0 0 0 6 0 0 0 0 0 4 4 4 2 1 2 
2 0 2 1 4 0 0 4 3 0 0 1 2 1 3 4 3 2 4 0 0 0 5 0 0 0 0 0 4 2 0 0 0 0 
400 677
0 15 0 14
0 15 0 16
0 15 1 15
0 24 0 23
0 24 0 29
0 24 1 24
0 30 0 29
0 30 0 31
0 30 1 30
0 33 0 32
0 33 2 33
0 33 0 32
0 33 2 33
1 3 1 1
1 3 1 4
1 3 2 3
1 3 1 1
1 3 1 4
1 3 2 3
1 8 1 7
1 8 1 9
1 8 2 8
2 3 2 2
2 3 2 4
2 3 4 3
2 11 2 8
2 11 2 13
2 11 0 11
2 11 3 11
2 29 2 16
2 29 2 32
2 29 0 29
2 29 4 29
2 29 2 16
2 29 2 32
2 29 0 29
2 29 4 29
2 32 2 33
2 32 0 32
2 32 3 32
2 32 2 33
4 1 4 3
4 1 2 1
4 1 5 1
4 1 4 3
4 1 2 1
4 1 5 1
4 3 4 6
4 3 2 3
4 3 11 3
4 13 4 6
4 13 4 29
4 13 2 13
4 13 23 13
4 29 4 13
4 29 4 30
4 29 12 29
5 9 5 8
5 9 5 11
5 9 7 9
5 17 5 15
5 17 5 19
5 17 6 17
6 1 6 2
6 1 5 1
6 1 11 1
6 1 6 2
6 1 5 1
6 1 11 1
6 4 6 5
6 4 5 4
6 4 11 4
6 26 6 17
6 26 6 27
6 26 5 26
6 26 8 26
6 26 6 17
6 26 6 27
6 26 5 26
6 26 8 26
6 27 5 27
6 27 14 27
8 0 0 0
8 0 9 0
8 0 0 0
8 0 9 0
8 24 8 19
8 24 10 24
8 24 8 19
8 24 10 24
8 30 8 31
8 30 4 30
8 30 10 30
9 0 11 0
9 9 9 8
9 9 7 9
9 9 13 9
9 9 9 8
9 9 7 9
9 9 13 9
10 24 10 19
10 24 12 24
10 31 10 30
10 31 9 31
10 31 11 31
11 0 11 1
11 0 12 0
11 1 11 0
11 1 11 3
11 1 17 1
11 15 11 16
11 15 10 15
11 15 13 15
11 15 11 16
11 15 10 15
11 15 13 15
12 0 11 0
12 0 13 0
12 0 13 0
12 21 12 19
12 21 12 24
12 21 14 21
12 21 12 19
12 21 12 24
12 21 14 21
12 24 15 24
12 29 12 32
12 29 4 29
12 29 13 29
12 29 12 32
12 29 13 29
12 29 13 29
12 29 13 29
12 32 12 33
12 32 3 32
12 32 13 32
13 0 15 0
13 8 13 7
13 8 13 9
13 8 12 8
13 8 14 8
13 9 13 8
13 9 13 11
13 9 15 9
13 11 5 11
13 11 14 11
13 11 5 11
13 15 13 17
13 15 14 15
13 15 13 17
13 15 14 15
13 17 6 17
13 17 14 17
13 17 6 17
13 17 14 17
13 33 13 32
13 33 12 33
13 33 14 33
14 11 14 10
14 11 16 11
14 11 16 11
14 17 14 16
14 17 14 21
14 17 15 17
14 17 14 16
14 21 21 21
15 0 13 0
15 0 18 0
15 0 18 0
15 3 15 2
15 3 15 9
15 3 11 3
15 3 17 3
15 15 15 17
15 15 18 15
15 15 15 17
15 15 18 15
15 17 26 17
15 25 15 24
15 25 15 26
15 25 16 25
16 8 16 5
16 8 16 10
16 8 17 8
16 8 16 5
16 8 16 10
16 8 17 8
16 10 16 11
16 10 15 10
16 10 17 10
16 10 16 11
16 12 16 11
16 12 8 12
16 12 17 12
16 12 16 11
16 12 8 12
16 12 17 12
16 16 17 16
17 11 17 10
17 11 17 12
17 11 16 11
17 11 18 11
17 12 17 11
17 16 16 16
17 16 18 16
17 16 16 16
17 16 18 16
17 24 17 25
17 24 15 24
17 24 24 24
17 24 17 25
17 24 15 24
17 24 24 24
18 0 18 3
18 0 26 0
18 3 18 8
18 3 17 3
18 3 20 3
18 3 18 8
18 3 17 3
18 16 19 16
18 18 21 18
19 1 20 1
19 6 19 4
19 6 19 11
19 6 20 6
19 15 21 15
19 27 19 25
19 27 19 28
19 27 17 27
19 27 24 27
20 1 20 3
20 1 21 1
20 3 20 1
20 3 20 6
20 3 21 3
20 20 21 20
20 22 20 23
20 22 18 22
20 22 23 22
21 1 21 3
21 1 20 1
21 1 22 1
21 15 23 15
21 18 21 20
21 18 18 18
21 18 22 18
21 18 22 18
21 21 23 21
22 30 22 31
22 30 21 30
22 30 23 30
22 30 22 31
22 30 21 30
22 30 23 30
23 23 23 22
23 23 20 23
23 23 23 22
23 23 20 23
23 30 23 31
23 30 24 30
23 30 23 31
23 30 24 30
24 3 24 2
24 3 24 4
24 3 23 3
24 3 28 3
24 24 24 27
24 24 28 24
24 24 24 27
24 24 28 24
24 27 24 28
24 27 19 27
24 27 26 27
24 30 24 28
24 30 24 32
24 30 25 30
24 30 24 28
24 32 24 33
24 32 13 32
24 32 26 32
24 32 24 33
24 32 13 32
24 33 22 33
24 33 25 33
24 33 25 33
25 10 25 6
25 10 25 11
25 10 26 10
25 19 28 19
25 25 26 25
25 33 26 33
26 0 26 1
26 0 32 0
26 25 26 27
26 25 27 25
26 25 26 27
26 27 26 28
26 32 26 30
26 32 26 33
26 32 28 32
26 32 26 30
26 32 26 33
27 1 27 2
27 1 26 1
27 1 28 1
27 2 27 1
27 2 24 2
27 2 29 2
27 2 27 1
27 2 24 2
27 8 27 6
27 8 27 9
27 8 28 8
27 8 27 6
27 8 27 9
27 8 28 8
27 25 27 26
28 1 29 1
28 24 28 19
28 24 28 27
28 24 31 24
28 24 28 19
29 2 29 1
29 2 29 3
29 2 32 2
29 5 29 6
29 5 28 5
29 5 30 5
29 5 28 5
30 9 30 10
30 9 28 9
30 9 31 9
30 9 30 10
30 9 28 9
30 9 31 9
30 10 30 13
30 10 26 10
30 10 31 10
30 21 30 15
30 21 30 22
30 21 30 15
30 21 30 22
30 33 29 33
30 33 31 33
30 33 29 33
30 33 31 33
31 15 31 14
31 15 31 22
31 15 30 15
31 15 32 15
31 15 31 14
31 15 31 22
31 15 30 15
31 15 32 15
31 33 31 32
31 33 32 33
32 4 32 2
32 4 32 8
32 4 24 4
32 4 33 4
32 18 32 16
32 18 32 22
32 18 33 18
33 7 33 4
33 7 33 8
33 7 33 4
33 7 33 8
33 22 33 18
33 22 33 28
33 22 32 22
0 0 0 11
0 32 0 31
1 10 1 9
1 27 1 24
2 1 2 2
2 2 2 3
2 2 3 2
2 3 2 4
2 4 2 5
2 4 1 4
2 5 2 7
2 11 2 8
2 11 2 13
2 11 3 11
2 13 2 14
2 13 1 13
2 13 4 13
2 16 2 14
2 16 0 16
2 16 3 16
2 16 2 14
3 8 3 7
3 8 3 9
3 8 2 8
3 11 3 10
3 11 3 12
3 15 3 14
3 15 3 16
3 15 3 14
3 15 3 16
4 3 4 6
4 3 11 3
4 6 4 13
4 6 13 6
4 6 13 6
4 29 4 30
4 31 4 30
4 31 5 31
5 1 5 2
5 2 6 2
5 5 6 5
5 11 5 9
5 12 6 12
5 26 5 21
5 26 5 27
5 33 3 33
5 33 12 33
5 33 3 33
5 33 12 33
6 12 8 12
6 31 8 31
7 5 6 5
7 5 8 5
7 5 6 5
7 5 8 5
7 9 7 10
8 5 9 5
8 16 11 16
8 31 8 30
8 31 6 31
9 5 11 5
9 15 6 15
9 15 10 15
9 15 6 15
9 15 10 15
10 2 9 2
10 31 10 30
10 31 11 31
11 1 11 3
11 1 17 1
11 7 11 8
11 7 5 7
11 7 13 7
11 7 11 8
11 7 5 7
11 7 13 7
11 8 10 8
11 8 12 8
11 16 8 16
11 16 12 16
11 31 11 30
12 2 15 2
12 8 13 8
13 6 13 4
13 6 13 7
13 6 14 6
13 6 13 4
13 29 13 30
14 6 14 5
14 6 14 7
14 6 14 5
14 7 14 8
14 7 13 7
14 7 14 8
14 7 13 7
15 2 15 3
15 2 16 2
15 10 15 9
15 25 15 26
15 25 16 25
15 33 14 33
16 25 16 26
16 25 17 25
17 2 17 3
17 8 17 3
17 8 17 9
17 10 17 11
17 10 18 10
17 11 18 11
19 4 19 6
20 3 20 6
20 3 21 3
20 22 23 22
21 1 21 3
21 1 22 1
21 8 21 6
21 8 21 9
21 8 21 6
21 8 21 9
21 9 21 11
21 15 23 15
21 25 19 25
21 30 16 30
22 1 22 2
22 1 23 1
22 11 22 3
22 11 22 12
22 11 21 11
22 31 16 31
23 1 23 3
23 1 24 1
23 1 23 3
23 3 23 13
23 3 22 3
23 3 24 3
23 13 23 14
23 13 24 13
23 21 23 22
23 22 23 21
24 2 24 3
24 13 24 4
24 13 23 13
24 13 30 13
24 13 24 4
24 13 23 13
24 13 30 13
24 28 20 28
25 1 26 1
25 19 28 19
25 31 25 30
25 33 26 33
26 0 26 1
26 0 32 0
26 11 26 10
26 30 26 28
26 30 25 30
26 30 29 30
26 30 26 28
26 33 28 33
27 27 28 27
27 31 28 31
28 1 29 1
28 3 24 3
28 8 28 5
28 8 32 8
28 19 28 16
28 27 27 27
29 1 29 2
29 2 32 2
29 30 29 32
29 30 32 30
29 30 29 32
29 32 29 33
29 32 28 32
29 32 31 32
29 32 29 33
30 1 32 1
31 33 31 32
31 33 32 33
32 30 32 29
32 30 32 31
32 30 32 29
32 31 32 32
33 4 33 3
0 16 0 15
0 16 0 20
0 31 0 30
0 31 1 31
1 6 1 7
1 9 1 8
1 17 1 18
1 24 1 23
1 24 0 24
1 31 1 30
2 14 0 14
3 9 3 8
3 30 3 32
3 32 3 30
5 2 6 2
5 9 5 8
5 21 5 19
6 2 9 2
6 5 6 4
6 15 6 17
6 15 5 15
6 17 5 17
8 30 10 30
9 2 10 2
10 8 9 8
11 30 11 31
12 8 13 8
12 32 12 33
12 32 13 32
13 29 13 30
13 33 14 33
14 4 13 4
15 9 15 3
17 2 17 3
17 3 15 3
17 11 18 11
20 28 19 28
21 6 21 5
21 6 20 6
21 9 21 11
21 11 20 11
21 25 19 25
22 2 22 3
22 11 22 3
22 11 22 12
22 31 16 31
24 4 32 4
25 30 25 28
25 30 25 28
26 11 26 10
27 31 28 31
28 16 28 15
28 31 28 32
28 32 28 31
28 32 28 33
32 4 32 2
32 4 32 8
0 14 0 12
0 14 0 15
0 16 0 20
0 20 0 22
0 20 1 20
0 30 0 29
1 6 1 7
1 13 1 12
1 17 1 18
1 18 1 20
1 20 1 21
5 8 9 8
5 17 5 15
6 4 11 4
11 3 11 4
11 3 11 4
13 29 13 30
13 30 13 31
16 30 16 28
16 30 16 31
16 30 16 28
16 31 14 31
19 12 19 11
19 12 18 12
19 12 19 11
19 12 18 12
19 25 19 27
19 28 19 27
19 28 16 28
19 28 16 28
20 6 20 11
20 6 19 6
21 3 21 5
21 3 22 3
25 28 26 28
26 28 32 28
31 24 31 22
31 29 32 29
0 12 1 12
0 24 0 23
1 6 1 7
1 8 2 8
1 20 1 21
1 21 1 22
1 22 1 23
2 7 2 8
2 7 3 7
2 7 2 8
2 7 3 7
5 14 23 14
16 26 16 28
16 26 15 26
17 27 17 25
18 11 19 11
18 11 19 11
18 25 17 25
31 24 31 22
31 29 32 29
32 28 32 22
32 28 33 28
32 28 32 22
33 28 33 22
33 28 33 29
5 14 23 14
31 22 32 22

4178

3 - - - - - - - - - - 2 2 - 4 5 5 = = = 4 - 1 2 5 - - - - 5 5 4 4 4 
ǁ 2 = 6 3   3 4 5 3 1 | 2 3 | 2 | 2 3 - 4 3 2 2 4 - - 1   ǁ 2 2 | ǁ 
ǁ 3 4 8 4 2 - 5 7 = = 7 = 6 4 = 6 = = = = = = = = = = = = 8 = = 6 4 
ǁ ǁ 1 ǁ       3 5 2 1 4 1 ǁ 3 4 3                         ǁ 2 = 4 2 
ǁ 6 = 8 = = 7 = = = = = = 7 = = = = = = = = = = = = = = = 8 4 2 | ǁ 
ǁ 5 3 ǁ 1 1 ǁ 2 3 5 = 4 1 | 3 3 = 5 - 2 - 3 - - - - 4 2   ǁ | 1 | 4 
ǁ 6 5 ǁ 5 5 ǁ ǁ | |   ǁ 2 | ǁ 4 - 7 = = = = = = = = 8 4   ǁ | 2 | ǁ 
ǁ ǁ | ǁ ǁ 4 ǁ ǁ | 4 1 ǁ | | ǁ ǁ   ǁ                 ǁ |   ǁ | ǁ | ǁ 
4 ǁ | ǁ ǁ 3 ǁ ǁ | ǁ   ǁ 4 | ǁ ǁ 2 ǁ   3 = = = = 4   2 |   ǁ 5 4 | ǁ 
3 ǁ 3 ǁ ǁ 2 ǁ ǁ 5 6   ǁ ǁ | ǁ 4 ǁ ǁ       2     ǁ     |   ǁ ǁ 1 | ǁ 
| ǁ 2 ǁ ǁ | ǁ ǁ 2 ǁ   ǁ ǁ | ǁ 4 ǁ ǁ   1 - - - - 4     |   ǁ 4 5 | ǁ 
5 8 = 7 5 3 ǁ 6 4 ǁ   ǁ ǁ | ǁ 6 5 ǁ             |     |   ǁ 2 4 | ǁ 
4 ǁ 1 | 2 2 ǁ ǁ 4 ǁ   ǁ ǁ | ǁ ǁ 1 ǁ   2 = 6 = = 6     |   8 = = 7 5 
4 ǁ | | 3 = 6 6 7 6 - 4 ǁ | ǁ 6 = 6       ǁ     |     |   7 4 1 5 5 
ǁ ǁ | | 3 2 4 5 3 | 1 4 ǁ | ǁ 2 2 6 - - - 4     |     6 2     1 ǁ 3 
4 ǁ 4 7 = = = = = 5 2 ǁ ǁ | ǁ 4 = 4       |     4 5 3 2 2     | ǁ 1 
ǁ ǁ 1 ǁ   2 = = 6 = 6 7 6 | ǁ ǁ 4 |       | 2   ǁ 4 3 - 5 = 4 4 ǁ   
ǁ 2 2 7 - - - - 4 1 4 8 4 | ǁ ǁ 5 |       |     6 5 - 2 ǁ   | ǁ ǁ   
4 - - 6 = = = = 2 1 1 5 2 | ǁ 2 4 | 2     | 1   ǁ 2   | ǁ   | ǁ ǁ   
| 1   | 2 = 5 - - - - 5 4 | ǁ 1 1 | ǁ     | |   ǁ 4 = 7 5   | ǁ ǁ   
| 5 = 7 = = 7 - - - - 2   | ǁ |   | ǁ   2 | 5 3 ǁ ǁ   ǁ 2   | ǁ ǁ   
| 6 = 6 - 2 4 = 4 4 = 4   | ǁ 5   | 6 - 2 2 ǁ ǁ ǁ 2   ǁ |   3 ǁ ǁ   
| 4 2 5 = = = = = = = 5 2 | ǁ ǁ   | 2     | ǁ ǁ ǁ     ǁ |   6 4 ǁ 1 
| 4 = 6 - - - - - - - - - 6 5 5   |       6 6 4 ǁ     ǁ |   6 2 ǁ | 
| 1 4 7 5 = = = = = = = = 7       |             6 = = 6 4 = 6 - 6 5 
| 1 ǁ ǁ ǁ   2 - - - 5 1   ǁ       |   2         ǁ 1   | 3 = 5 1 | 4 
5 5 ǁ ǁ ǁ 3         7 2   ǁ   3   1   ǁ         ǁ 4 = 4 5 = 6 = 6 5 
ǁ 5 6 ǁ ǁ 2 3 = 6 2 |     ǁ           ǁ         ǁ 2 1 2 |   | 2 | | 
ǁ 3 | 2 ǁ 3 - - 4 2 |     ǁ 2 5 2 - - 5 = = = = 6 - - 3 |   | 4 5 2 
ǁ 4 6 1 ǁ 4 1   | ǁ |     ǁ                     |       |   4 = 6 4 
ǁ 1 ǁ   ǁ 1     | 6 7 - - 7   6 = = = = = 4 2   |       |   |   | 4 
ǁ | ǁ   ǁ       | 2 2 2 2 4 4 8 = = = = = = 5 = 3       | 3 |   5 6 
5 3 5 = 7 = = = 5     6 5 2 5 5 4 - 5 - - - 6 = = = = = 4 4 4 2 1 2 
2   2 1 4 = = 4 3     1 2 1 3 4 3 2 4 - - - 5 = = = = = 4 2         
