34 34
2 5 4 4 5 0 0 0 0 0 0 0 0 0 0 0 0 0 0 0 0 0 0 0 0 0 0 4 0 0 0 0 0 0 
1 0 2 0 0 2 0 0 4 3 4 0 0 0 3 2 2 0 4 0 0 2 0 0 0 0 0 0 0 0 0 0 2 0 
0 0 0 0 0 3 4 2 0 1 5 0 4 2 0 0 2 2 1 0 0 0 0 0 0 0 0 0 0 0 0 0 0 0 
0 0 3 5 0 0 1 1 0 2 3 0 2 1 0 0 0 0 0 0 0 0 0 0 0 0 0 0 0 0 0 0 0 2 
0 0 1 2 0 3 0 0 4 6 0 0 0 0 6 0 0 5 0 0 0 7 0 0 0 0 0 7 0 0 0 1 4 0 
0 0 2 3 0 3 4 2 0 3 0 3 3 1 0 0 4 5 4 2 0 2 2 0 0 0 0 6 0 0 2 2 0 0 
4 6 0 0 5 0 0 0 5 0 0 0 0 0 6 6 0 0 0 0 0 0 0 0 0 0 0 0 0 3 1 0 0 0 
0 0 3 1 0 2 2 0 0 2 3 1 4 4 0 0 1 4 0 0 2 0 0 2 0 4 1 1 0 1 0 7 4 0 
0 0 0 2 0 0 1 0 0 0 0 1 0 4 0 0 0 0 0 0 0 0 0 0 0 0 0 2 0 0 2 0 3 4 
0 0 3 4 5 5 1 0 0 1 0 2 0 2 0 0 3 6 0 0 0 0 0 0 0 6 0 0 0 0 5 6 2 0 
0 0 0 0 2 1 0 0 0 0 0 0 0 1 0 0 1 0 1 5 0 5 2 0 2 0 0 2 1 2 0 0 1 0 
0 0 2 5 0 0 0 0 8 0 5 5 6 3 0 0 2 2 0 2 0 2 0 0 4 0 0 0 0 0 0 0 0 0 
0 0 2 0 3 0 0 3 0 0 0 0 0 0 0 0 0 1 0 2 0 0 4 1 0 0 0 0 0 0 0 0 0 0 
0 0 1 2 5 2 3 0 0 1 0 0 0 0 0 0 0 3 0 1 0 0 0 0 0 0 0 0 0 0 0 0 3 3 
0 0 4 0 7 1 2 2 0 0 0 0 0 0 0 0 3 0 4 6 0 0 6 1 0 0 0 0 0 0 3 0 0 1 
2 0 4 2 0 1 1 0 0 0 0 0 0 1 0 0 4 0 2 4 0 0 0 1 0 0 2 4 2 6 2 4 0 2 
1 0 0 0 0 0 0 2 0 0 0 0 0 0 0 0 2 0 0 2 0 0 0 0 0 0 0 0 0 0 2 4 0 0 
4 7 0 0 6 5 2 0 3 4 0 0 4 1 0 5 0 5 0 0 0 0 5 6 3 0 0 0 0 0 0 0 0 0 
0 0 3 2 0 5 2 0 0 0 0 0 2 2 0 0 0 3 0 2 2 4 1 4 3 0 0 3 0 7 0 0 6 4 
0 0 0 1 0 0 0 0 3 3 0 0 0 0 0 0 3 0 0 0 0 6 1 2 2 0 4 4 0 5 1 0 0 1 
0 2 0 0 0 4 2 0 2 1 0 0 1 0 0 2 0 1 0 3 2 6 2 2 1 0 2 2 1 4 2 0 0 0 
6 0 5 3 0 1 0 0 1 4 0 0 0 0 0 4 6 0 0 5 0 0 0 0 0 6 0 0 0 0 0 0 6 2 
5 2 1 2 5 0 0 4 3 0 0 0 0 0 0 0 0 1 2 0 3 0 1 0 0 0 1 0 0 0 0 0 0 2 
2 1 0 1 0 1 5 2 2 0 0 3 2 0 0 0 0 5 4 0 5 0 0 0 0 7 6 0 1 0 0 0 0 4 
2 0 7 0 7 0 4 1 4 5 0 1 2 0 0 0 0 0 2 0 0 2 0 0 0 0 3 0 0 0 1 2 0 0 
1 0 0 1 0 2 3 2 0 1 0 1 0 0 0 0 0 0 0 0 0 0 0 0 0 0 2 4 0 0 3 0 0 0 
0 0 0 2 0 0 4 0 5 0 5 5 4 0 0 0 0 0 0 0 0 0 0 0 0 0 1 0 0 0 2 0 0 4 
0 0 0 0 0 0 2 1 1 2 0 0 2 0 0 0 0 0 0 0 1 0 0 0 0 0 1 0 2 0 2 0 0 0 
0 2 0 4 7 7 0 0 5 4 0 0 0 0 0 3 0 0 0 0 0 0 0 0 0 0 0 0 0 0 0 0 0 0 
0 0 0 4 2 1 1 0 4 2 0 4 6 4 0 1 2 4 3 0 0 3 0 0 0 7 5 0 3 1 0 0 0 0 
3 0 2 2 1 0 0 0 0 0 5 2 3 2 0 1 2 0 0 5 0 0 0 0 1 2 2 0 1 0 0 0 0 0 
0 4 3 0 0 0 0 0 0 0 5 0 3 1 0 1 3 0 0 6 0 0 0 0 0 0 0 5 0 0 3 3 0 0 
3 0 0 0 0 0 0 0 0 0 0 0 0 0 6 0 0 0 0 0 0 0 0 0 0 0 0 0 0 0 0 0 8 4 
1 0 0 0 0 0 0 0 0 0 0 0 0 0 4 0 0 0 0 0 0 2 1 0 0 2 0 0 0 0 0 0 5 2 
400 370
0 1 0 0
0 1 0 2
0 1 6 1
0 4 0 3
0 4 0 27
0 4 6 4
0 27 0 4
0 27 4 27
0 27 4 27
1 32 4 32
3 3 3 2
3 3 0 3
3 3 4 3
3 33 8 33
4 21 4 17
4 21 4 27
4 21 1 21
4 21 5 21
4 27 4 21
4 27 4 31
4 27 5 27
4 27 5 27
4 32 1 32
4 32 7 32
4 32 7 32
5 27 5 22
5 27 5 30
5 27 7 27
5 27 5 22
6 15 6 14
6 15 1 15
6 15 17 15
6 15 6 14
6 15 1 15
6 15 17 15
7 31 7 29
7 31 7 32
7 31 5 31
7 31 9 31
7 32 7 31
11 8 11 3
11 8 11 10
11 8 6 8
11 8 17 8
11 8 11 3
11 8 11 10
11 8 6 8
11 8 17 8
13 9 17 9
14 4 14 2
14 4 14 5
14 4 13 4
14 4 17 4
17 1 17 0
17 1 17 4
17 1 6 1
17 1 20 1
18 29 18 27
18 29 18 32
18 29 15 29
18 29 19 29
21 0 21 2
21 0 17 0
21 0 22 0
21 0 21 2
21 0 17 0
21 0 22 0
23 25 23 20
23 25 23 26
23 25 21 25
23 25 29 25
23 26 23 25
23 26 23 28
23 26 22 26
23 26 24 26
23 33 22 33
23 33 26 33
23 33 22 33
23 33 26 33
24 2 24 0
24 2 24 4
24 2 22 2
24 2 30 2
26 33 26 30
26 33 32 33
28 1 31 1
28 4 28 3
28 4 28 5
28 4 24 4
28 4 29 4
28 5 28 4
28 5 28 8
28 5 25 5
28 5 29 5
29 6 29 8
29 8 29 9
29 8 28 8
29 8 29 9
31 1 31 2
31 1 28 1
31 1 31 2
31 10 31 2
31 10 31 12
31 10 30 10
31 19 31 16
31 19 31 27
31 19 30 19
31 19 31 16
31 19 31 27
31 19 30 19
31 31 31 30
32 32 32 14
32 32 32 33
32 32 33 32
32 32 32 14
32 32 32 33
32 32 33 32
32 33 32 32
33 33 33 32
33 33 33 32
3 33 8 33
4 14 4 9
4 14 1 14
4 14 6 14
4 14 4 9
4 14 1 14
4 14 6 14
6 29 6 30
7 31 5 31
7 31 9 31
8 33 8 32
8 33 13 33
9 31 9 30
9 31 9 32
9 31 15 31
9 31 9 30
14 4 14 2
14 4 13 4
14 4 17 4
15 2 15 3
15 2 14 2
15 2 15 3
15 2 14 2
16 31 16 30
16 31 15 31
16 31 16 30
16 31 15 31
17 0 17 1
17 4 17 1
17 4 17 5
17 4 22 4
18 5 18 6
18 5 17 5
18 5 20 5
20 1 17 1
20 21 20 20
20 21 20 22
20 21 19 21
20 21 20 20
20 21 20 22
20 21 19 21
21 32 21 25
21 32 21 33
21 32 18 32
21 32 21 25
21 32 21 33
21 32 18 32
22 22 22 20
23 26 23 25
24 2 24 0
24 2 24 4
24 2 30 2
24 31 24 30
25 0 30 0
25 3 26 3
26 3 28 3
28 3 28 4
28 3 29 3
28 5 28 4
28 5 28 8
29 3 29 4
29 3 30 3
29 3 30 3
29 29 29 28
30 0 32 0
30 4 30 10
31 10 31 12
31 10 30 10
31 31 31 30
32 14 32 0
32 14 6 14
32 14 33 14
32 14 32 0
32 32 33 32
33 0 33 14
33 14 33 21
33 14 33 21
33 22 33 25
1 14 1 10
4 9 4 8
4 9 3 9
4 9 5 9
4 9 4 8
6 1 6 0
6 1 6 4
6 1 0 1
6 1 6 0
6 14 6 8
7 13 7 12
7 13 8 13
7 13 7 12
7 13 8 13
8 13 8 11
8 13 9 13
8 32 9 32
10 32 13 32
11 12 11 11
11 12 11 13
11 12 17 12
11 12 11 11
11 12 11 13
11 12 17 12
15 31 15 30
16 0 15 0
18 32 18 29
18 32 18 33
18 32 13 32
18 33 15 33
18 33 19 33
18 33 15 33
19 21 19 16
19 21 19 22
19 21 18 21
19 21 19 16
21 25 21 19
21 25 9 25
21 25 23 25
23 17 23 18
23 17 22 17
23 17 29 17
24 4 24 6
24 4 22 4
24 26 25 26
25 5 25 6
27 20 23 20
28 9 28 8
28 9 27 9
28 9 28 8
28 9 27 9
29 25 29 21
29 25 29 26
29 25 30 25
31 31 31 30
1 10 1 9
1 10 2 10
1 10 1 9
5 13 5 12
6 0 1 0
6 0 15 0
7 12 7 11
9 25 9 17
9 25 9 30
9 25 7 25
9 25 9 17
9 25 9 30
10 19 10 18
10 19 10 21
10 19 11 19
13 32 13 33
13 33 14 33
23 3 22 3
24 4 24 6
24 4 22 4
24 21 29 21
24 26 25 26
25 27 25 30
25 27 31 27
25 27 25 30
25 27 31 27
25 30 26 30
26 26 27 26
27 30 27 28
27 30 27 28
29 25 29 21
29 25 29 26
29 25 30 25
29 26 30 26
29 28 30 28
30 24 30 19
30 26 29 26
0 0 0 1
0 2 0 3
0 2 1 2
0 2 0 3
0 4 6 4
1 2 3 2
3 3 3 2
3 3 4 3
4 2 5 2
5 2 5 3
5 12 5 11
5 18 5 17
5 18 5 19
5 18 5 17
5 18 5 19
5 21 4 21
7 25 7 23
7 25 7 26
7 25 7 23
8 27 8 30
9 17 9 16
9 17 7 17
9 17 11 17
9 17 9 16
5 12 5 11
7 20 7 17
8 27 8 30
9 30 14 30
14 30 15 30
15 29 15 28
15 29 10 29
15 29 18 29
15 29 15 28
15 29 10 29
5 11 5 9
7 20 7 17
10 28 10 27
5 9 5 7
6 8 6 4
7 17 7 16
9 16 10 16
10 27 15 27
15 27 15 26
15 27 18 27
15 27 15 26
19 26 19 27
19 26 20 26
19 26 19 27
19 26 20 26
4 8 4 5
4 8 1 8
5 6 5 5
5 6 5 7
5 6 5 5
5 6 5 5
5 16 5 17
5 16 2 16
5 16 5 17
5 16 2 16
5 17 4 17
6 8 6 4
9 4 9 3
9 4 9 5
9 4 10 4
1 8 1 5
1 8 1 9
1 8 1 5
1 16 1 18
1 16 1 18
1 18 1 21
1 18 2 18
2 17 4 17
2 17 4 17
4 5 2 5
4 17 4 21
4 5 2 5
2 5 2 6
2 6 2 7
2 6 3 6
2 6 2 7

5577

2 5 4 4 5 = = = = = = = = = = = = = = = = = = = = = = 4             
1 ǁ 2 | ǁ 2 = = 4 3 4 - - - 3 2 2 = 4 - - 2           ǁ         2   
| ǁ | | ǁ 3 4 2 | 1 5   4 2 ǁ ǁ 2 2 1     |           ǁ         ǁ   
| ǁ 3 5 ǁ ǁ 1 1 | 2 3   2 1 ǁ ǁ ǁ ǁ       |           ǁ         ǁ 2 
| ǁ 1 2 ǁ 3 - - 4 6 = = = = 6 ǁ ǁ 5 = = = 7 = = = = = 7 - - - 1 4 ǁ 
| ǁ 2 3 ǁ 3 4 2 - 3 - 3 3 1 ǁ ǁ 4 5 4 2   2 2 = = = = 6 - - 2 2 ǁ ǁ 
4 6 - - 5 = = = 5 - - - - - 6 6                       |   3 1 ǁ ǁ ǁ 
| | 3 1   2 2   ǁ 2 3 1 4 4 | ǁ 1 4 = = 2     2 = 4 1 1   1 - 7 4 ǁ 
| |   2     1   ǁ     1 - 4 | ǁ   |               |   2 = = 2 ǁ 3 4 
| | 3 4 5 5 1   ǁ 1   2   2 | ǁ 3 6 = = = = = = = 6 = = = = 5 6 2 | 
| |     2 1     ǁ         1 | ǁ 1 | 1 5 - 5 2   2 |   2 1 2 | | 1 | 
| | 2 5 = = = = 8 = 5 5 6 3 | ǁ 2 2   2   2     4 |   |   ǁ | | | | 
| | 2   3     3 ǁ       ǁ   | ǁ   1   2     4 1   |   |   ǁ | | | | 
| | 1 2 5 2 3   ǁ 1     ǁ   | ǁ   3   1           |   |   ǁ | | 3 3 
| | 4 = 7 1 2 2 ǁ |     ǁ   | ǁ 3   4 6     6 1   |   |   ǁ 3 | | 1 
2 | 4 2 ǁ 1 1   ǁ |     ǁ 1 | ǁ 4   2 4       1   | 2 4 2 6 2 4 | 2 
1 |     ǁ     2 ǁ |     ǁ   | ǁ 2     2           |   |   ǁ 2 4 | ǁ 
4 7 = = 6 5 2   3 4     4 1 | 5   5         5 6 3 |   |   ǁ     | ǁ 
ǁ ǁ 3 2 | 5 2           2 2 |     3   2 2 4 1 4 3 |   3 - 7 = = 6 4 
ǁ ǁ   1 | |     3 3         |   3 = = = = 6 1 2 2 | 4 4   5 1   ǁ 1 
ǁ 2     | 4 2   2 1     1   | 2   1   3 2 6 2 2 1 | 2 2 1 4 2   ǁ   
6 = 5 3 | 1     1 4         | 4 6     5 - - - - - 6 = = = = = = 6 2 
5 2 1 2 5     4 3           |     1 2   3 - 1     ǁ 1             2 
2 1 | 1 ǁ 1 5 2 2     3 2   |     5 4   5 - - - - 7 6 - 1         4 
2 = 7 = 7 = 4 1 4 5   1 2   |     | 2   | 2       | 3       1 2   ǁ 
1   ǁ 1 | 2 3 2   1   1     |     |     | |       | 2 4 = = 3     ǁ 
|   ǁ 2 | | 4   5   5 5 4   |     |     | |       | 1 ǁ     2 - - 4 
|   ǁ | | | 2 1 1 2     2   |     |     1 |       | 1 ǁ 2 = 2     | 
| 2 ǁ 4 7 7 = = 5 4         | 3   |       |       |   ǁ           | 
| ǁ ǁ 4 2 1 1 - 4 2   4 6 4 | 1 2 4 3     3 = = = 7 5 ǁ 3 1       | 
3 ǁ 2 2 1 - - - - - 5 2 3 2 | 1 2     5 - - - - 1 2 2 ǁ 1         | 
| 4 3 - - - - - - - 5 = 3 1 | 1 3 = = 6 = = = = = = = 5     3 3   | 
3 = = = = = = = = = = = = = 6 = = = = = = = = = = = = = = = = = 8 4 
1 - - - - - - - - - - - - - 4 = = = = = = 2 1 - - 2             5 2 
