34 34
4 5 0 0 0 0 0 3 0 0 0 0 0 0 0 0 0 2 0 0 0 2 1 2 4 1 0 2 0 0 3 0 3 2 
0 0 2 6 4 2 2 5 0 0 0 0 0 0 0 0 0 0 0 0 0 6 0 0 4 0 1 3 0 0 0 0 8 4 
0 0 3 7 0 0 0 6 2 2 0 4 0 2 0 4 0 0 0 0 0 4 2 5 0 6 0 2 0 0 2 2 0 2 
0 0 2 0 2 4 2 7 0 3 2 0 0 0 0 0 0 0 0 0 2 0 0 5 2 0 2 1 0 0 0 0 0 0 
0 0 2 7 0 5 1 0 2 4 0 7 0 0 0 0 0 0 0 0 0 0 0 0 0 7 6 0 0 0 8 5 0 0 
0 0 1 2 1 5 3 0 4 6 2 3 0 0 0 0 0 0 1 0 0 0 0 0 0 0 2 0 0 0 4 1 0 0 
0 0 4 0 0 0 0 8 0 0 0 0 0 0 0 0 0 0 0 0 0 0 0 0 0 8 0 0 0 0 0 0 8 6 
0 0 1 4 2 2 0 0 2 3 0 0 2 0 4 1 2 1 2 0 0 3 3 0 3 0 2 0 0 5 2 0 0 0 
0 0 2 0 1 0 0 0 4 5 0 0 0 0 5 0 0 0 3 1 0 0 4 2 0 0 0 0 0 0 2 0 0 0 
0 0 5 5 4 6 2 0 0 0 0 0 0 0 0 3 7 5 3 1 0 3 0 0 5 0 0 0 0 0 0 2 0 0 
0 0 0 0 0 4 2 0 0 0 0 0 0 0 0 0 2 2 0 2 0 0 5 2 0 0 0 0 0 0 0 0 0 0 
0 0 0 0 0 0 0 0 3 1 0 0 0 0 0 0 4 3 0 4 0 4 0 2 0 0 0 0 0 0 0 0 0 0 
0 0 0 3 0 7 2 0 3 0 2 0 0 0 0 0 0 1 0 4 2 0 0 4 0 0 0 0 0 0 0 0 0 2 
0 0 0 3 2 3 1 0 0 0 0 0 0 0 0 0 0 0 0 4 4 0 0 0 0 0 0 2 0 7 8 4 0 0 
0 0 5 0 0 0 0 7 0 0 0 0 0 0 8 3 4 0 6 0 0 6 5 4 3 0 0 0 0 0 4 2 0 0 
0 0 4 0 0 5 4 0 4 0 0 0 0 0 7 0 6 3 3 1 2 0 0 0 2 0 0 0 0 0 2 0 0 2 
0 0 0 2 3 2 2 0 2 2 4 0 3 1 0 1 3 1 1 0 0 0 0 0 0 0 0 0 0 0 4 6 0 0 
0 0 2 0 5 0 0 6 1 1 4 4 0 4 7 0 0 0 0 5 0 0 4 0 3 0 0 0 0 0 0 2 0 0 
2 0 2 0 4 4 2 2 2 0 3 2 0 1 4 0 2 0 0 0 0 0 2 0 0 0 0 0 0 0 0 0 0 0 
2 0 4 0 0 8 0 0 0 0 0 0 7 0 0 0 0 0 0 8 4 0 0 0 0 0 2 0 0 7 6 2 0 0 
0 0 2 0 0 4 4 0 0 0 4 3 5 2 0 2 0 4 0 6 2 0 0 0 0 0 0 0 0 0 4 4 0 0 
6 7 0 0 0 0 0 0 0 0 0 0 0 0 0 0 0 0 0 0 0 5 0 5 4 0 0 0 0 0 0 2 0 0 
0 0 2 3 4 0 4 0 0 0 0 0 0 2 2 0 4 0 4 0 0 7 3 0 0 0 0 0 0 0 0 0 0 0 
0 0 0 2 0 0 2 0 0 0 0 0 0 0 0 0 0 0 0 0 0 6 0 0 2 0 0 0 0 0 6 0 7 5 
4 0 5 0 7 0 0 0 0 0 0 6 0 0 0 4 4 1 4 0 2 2 0 0 2 0 0 0 0 0 0 2 2 0 
2 0 0 2 0 1 2 0 0 2 0 6 2 0 0 1 2 0 0 0 0 0 0 0 0 0 0 0 0 0 4 0 2 0 
2 0 4 4 0 2 7 0 0 0 0 0 0 0 0 0 0 0 8 0 0 0 4 6 4 0 0 0 0 0 4 3 4 0 
0 0 1 0 0 2 6 0 2 0 0 0 2 0 0 0 0 0 6 0 0 3 1 4 2 0 0 0 0 0 2 0 0 0 
6 7 0 0 7 0 0 0 0 0 0 0 0 0 0 0 0 0 0 0 0 0 0 0 0 8 0 0 0 6 0 7 4 0 
0 4 4 2 0 2 2 2 0 0 0 0 2 0 0 0 0 0 4 0 1 0 0 2 2 0 2 6 0 3 2 0 0 0 
5 0 5 4 6 8 4 0 0 2 0 0 0 0 0 0 0 0 8 0 0 0 0 6 3 0 2 4 2 5 4 0 0 0 
5 1 0 2 0 4 0 5 0 0 0 0 0 0 0 0 1 0 0 2 4 1 2 6 2 0 0 0 0 0 1 0 2 6 
6 2 6 2 4 0 0 0 0 0 0 0 0 0 0 0 0 0 7 0 4 4 0 0 0 7 0 0 0 5 3 5 2 2 
2 2 6 0 0 0 0 0 3 0 0 0 3 2 0 0 2 0 4 1 2 6 2 0 0 3 0 0 1 2 0 5 4 2 
400 642
0 0 0 1
0 0 18 0
0 0 0 1
0 0 18 0
1 3 1 2
1 3 1 4
1 3 2 3
1 3 1 2
1 3 1 4
1 3 2 3
1 4 1 5
1 4 3 4
1 32 1 27
1 32 1 33
1 32 0 32
1 32 6 32
1 32 1 27
1 32 1 33
1 32 0 32
1 32 6 32
1 33 0 33
1 33 2 33
2 7 2 8
2 7 1 7
2 7 3 7
2 7 2 8
2 7 1 7
2 7 3 7
2 33 6 33
3 7 3 6
3 7 3 9
3 7 6 7
4 3 4 2
4 3 4 5
4 3 2 3
4 3 5 3
4 11 4 9
4 11 4 25
4 11 2 11
4 11 5 11
4 30 4 26
4 30 4 31
4 30 2 30
4 30 5 30
4 30 4 26
4 30 4 31
4 30 2 30
4 30 5 30
4 31 2 31
4 31 5 31
4 31 2 31
5 30 5 26
5 30 7 30
6 2 6 7
6 2 5 2
6 2 7 2
6 2 6 7
6 7 6 25
6 7 3 7
6 7 14 7
6 25 6 7
6 25 4 25
6 25 28 25
6 25 4 25
6 25 28 25
6 32 6 33
6 32 23 32
6 32 6 33
6 32 23 32
6 32 6 33
6 32 6 33
6 33 12 33
7 3 7 4
7 3 9 3
7 3 7 4
7 3 9 3
7 5 9 5
7 29 7 26
7 29 7 30
7 29 13 29
8 2 9 2
8 4 9 4
8 30 13 30
9 16 9 15
9 16 9 17
9 16 7 16
9 16 10 16
9 24 9 21
9 24 7 24
9 24 14 24
9 31 13 31
10 22 10 19
10 22 10 23
10 22 14 22
11 21 11 19
11 21 14 21
11 21 11 19
11 21 14 21
12 5 12 3
12 5 12 6
12 5 10 5
12 5 13 5
12 23 11 23
12 23 14 23
12 23 11 23
12 23 14 23
12 33 15 33
13 30 13 29
13 30 13 31
13 30 8 30
13 30 14 30
14 2 14 7
14 2 9 2
14 2 15 2
14 14 14 7
14 14 14 15
14 14 8 14
14 14 15 14
14 14 14 7
14 14 14 15
14 14 8 14
14 14 15 14
14 21 14 18
14 21 14 22
14 21 21 21
14 21 14 18
15 5 15 2
15 5 15 6
15 5 16 5
15 14 15 8
15 14 15 16
15 14 17 14
15 33 23 33
16 31 16 30
16 31 14 31
16 31 17 31
16 31 16 30
16 31 14 31
16 31 17 31
17 19 17 14
17 19 15 19
17 19 19 19
19 5 19 2
19 5 19 12
19 5 18 5
19 5 20 5
19 5 19 2
19 5 19 12
19 5 18 5
19 5 20 5
19 12 19 19
19 12 16 12
19 12 20 12
19 19 19 12
19 19 19 20
19 19 17 19
19 19 20 19
19 29 19 26
19 29 19 30
19 29 13 29
19 29 28 29
20 10 20 6
20 10 20 11
20 10 20 6
20 10 20 11
21 0 21 1
21 0 19 0
21 0 24 0
21 0 21 1
21 0 19 0
21 0 24 0
21 1 21 21
21 1 0 1
21 1 28 1
22 21 22 18
22 21 22 22
22 21 21 21
22 21 23 21
23 30 23 32
23 30 20 30
23 30 25 30
23 30 23 32
23 30 20 30
23 30 25 30
23 33 23 32
23 33 31 33
24 0 25 0
24 2 24 4
24 2 22 2
24 2 26 2
24 11 24 4
24 11 24 15
24 11 25 11
24 11 24 4
24 11 24 15
24 11 25 11
24 15 24 16
24 15 25 15
25 11 25 9
25 11 25 12
25 11 25 9
25 11 25 12
25 30 25 32
25 30 26 30
26 6 26 5
26 6 26 18
26 6 25 6
26 6 27 6
26 18 26 6
26 18 26 22
26 18 24 18
26 18 27 18
26 30 26 31
26 30 27 30
26 30 26 31
27 30 29 30
28 0 28 1
28 0 26 0
28 0 30 0
28 0 28 1
28 0 26 0
28 0 30 0
28 4 28 1
28 4 28 25
28 4 24 4
28 4 30 4
28 25 28 4
28 25 28 29
28 25 32 25
28 29 28 25
28 29 19 29
28 29 29 29
28 29 29 29
29 27 29 26
29 27 29 29
29 27 30 27
29 27 29 26
29 27 30 27
29 27 30 27
29 30 30 30
30 5 30 4
30 5 30 6
30 5 29 5
30 5 31 5
30 5 30 4
30 5 30 6
30 5 29 5
30 5 31 5
30 6 30 9
30 6 29 6
30 9 30 18
30 26 30 27
30 29 30 28
30 29 30 30
30 29 32 29
30 30 30 29
30 30 31 30
31 0 31 1
31 0 30 0
31 0 32 0
31 5 31 3
31 5 31 7
31 7 31 16
31 23 31 22
31 23 31 24
31 23 30 23
31 23 31 22
31 23 31 24
31 23 30 23
31 33 31 32
31 33 23 33
31 33 32 33
31 33 31 32
31 33 32 33
32 0 32 1
32 0 31 0
32 0 33 0
32 0 32 1
32 0 31 0
32 2 32 3
32 2 30 2
32 2 33 2
32 2 32 3
32 2 30 2
32 2 33 2
32 4 32 18
32 4 32 18
32 18 32 20
32 18 30 18
32 18 33 18
33 0 33 1
33 1 33 2
33 2 33 8
33 21 33 20
33 21 33 22
33 21 32 21
33 21 33 20
33 21 33 22
33 21 32 21
33 25 33 28
33 25 32 25
33 25 32 25
33 31 33 29
33 31 33 32
33 31 32 31
33 33 33 32
33 33 33 32
0 33 0 32
2 3 2 2
2 3 4 3
2 3 2 2
2 3 2 2
2 15 2 13
2 15 2 21
2 15 2 13
2 15 2 21
2 21 2 22
2 21 1 21
3 2 4 2
3 4 3 5
3 10 3 9
3 20 3 23
4 3 4 5
4 3 5 3
4 26 4 25
4 26 3 26
4 26 5 26
4 26 4 25
5 4 5 5
5 5 5 6
5 5 4 5
5 5 5 6
5 5 4 5
5 6 4 6
5 8 5 9
5 8 4 8
5 8 5 9
5 8 4 8
5 9 5 10
5 9 4 9
5 9 5 10
5 9 4 9
5 18 5 11
6 7 14 7
7 5 9 5
7 29 7 26
7 29 13 29
8 2 9 2
8 23 8 22
9 4 9 3
9 4 9 5
9 4 9 3
9 31 13 31
10 23 10 22
12 10 12 8
13 19 13 20
13 19 12 19
13 19 13 20
13 19 12 19
13 20 12 20
13 27 13 29
13 30 13 29
13 30 13 31
13 30 14 30
14 18 14 16
14 18 9 18
14 18 15 18
14 18 14 16
14 30 15 30
15 20 19 20
16 3 16 4
16 15 16 16
16 30 15 30
16 30 19 30
17 11 17 10
17 11 18 11
17 11 17 10
17 11 18 11
17 19 17 14
18 16 18 14
19 2 18 2
19 2 20 2
19 19 19 20
19 19 20 19
19 20 15 20
19 26 19 29
19 30 19 29
19 30 19 31
19 30 20 30
19 30 19 31
20 2 20 5
20 5 20 6
20 11 20 12
20 17 20 15
20 17 20 19
20 17 20 15
20 17 20 19
20 19 20 20
20 20 20 19
20 30 20 31
20 31 21 31
21 31 20 31
23 33 23 32
24 0 25 0
24 31 24 32
25 3 26 3
25 16 24 16
26 3 26 2
26 3 25 3
26 3 26 2
26 18 26 22
26 18 24 18
26 18 27 18
27 2 26 2
27 6 27 5
27 6 27 8
27 6 26 6
27 6 27 5
27 6 27 8
27 12 27 18
28 25 32 25
28 32 28 31
28 32 26 32
28 32 28 31
28 32 26 32
29 1 29 2
29 1 28 1
29 1 29 2
29 1 28 1
29 2 29 3
29 2 30 2
29 3 30 3
29 6 29 7
29 7 29 12
29 12 29 18
29 18 29 20
29 18 30 18
29 18 30 18
30 0 30 2
30 0 30 2
30 3 30 4
30 3 31 3
30 3 30 4
30 4 28 4
30 18 30 23
30 18 32 18
30 18 30 23
30 28 30 29
31 19 31 20
33 2 33 8
33 8 33 12
33 12 33 13
33 19 33 18
33 32 33 31
0 30 0 27
1 21 1 7
1 21 1 24
1 21 0 21
1 21 1 7
1 21 1 24
2 11 2 9
2 11 4 11
2 11 2 9
2 22 2 23
2 23 2 25
2 23 3 23
2 23 2 25
2 23 3 23
2 25 2 27
2 25 0 25
2 25 4 25
2 25 2 27
3 5 3 6
3 5 1 5
3 5 4 5
3 7 3 9
3 20 3 23
3 23 3 24
3 26 3 27
4 9 4 11
4 25 4 11
8 23 8 22
11 19 10 19
11 19 12 19
12 10 12 8
12 17 11 17
12 19 12 20
13 27 13 29
16 3 16 4
18 16 18 14
20 13 20 12
23 32 24 32
25 16 24 16
25 32 26 32
26 32 26 31
27 12 27 18
27 18 27 21
27 21 27 18
27 21 27 22
27 23 27 24
27 23 26 23
27 23 27 24
27 23 26 23
28 31 32 31
31 19 31 20
31 20 31 21
31 20 32 20
32 20 32 18
32 20 32 21
32 21 32 25
32 25 32 29
32 25 32 29
32 32 32 31
32 32 32 31
33 12 33 13
33 16 33 18
33 16 33 18
0 24 0 23
0 24 1 24
0 24 0 23
0 24 1 24
0 30 0 27
1 6 1 7
1 26 1 27
8 22 8 19
8 22 7 22
10 22 14 22
12 8 11 8
18 14 18 13
18 14 17 14
20 12 20 13
20 12 19 12
24 16 24 17
24 18 24 20
24 18 22 18
24 20 24 21
26 22 26 23
26 22 22 22
26 24 26 23
26 24 24 24
26 24 26 23
26 24 24 24
28 31 32 31
32 30 32 29
33 31 33 29
0 22 0 21
17 13 17 14
17 13 16 13
17 13 17 14
17 13 17 14
22 16 22 14
22 16 22 18
22 16 22 14
22 16 22 18
22 21 22 22
22 21 21 21
22 21 23 21
23 21 24 21
23 24 21 24
26 23 21 23
32 29 32 30
0 17 0 7
15 14 15 8
15 14 15 16
15 16 15 17
15 16 14 16
15 16 16 16
15 16 15 17
15 18 15 17
15 18 16 18
16 12 16 10
16 16 16 17
18 22 17 22
22 13 22 6
23 24 21 24
0 17 0 7
14 16 14 15
15 8 15 6
15 8 16 8
16 12 16 10
17 7 17 4
17 7 17 8
17 7 18 7
17 7 17 4
17 7 18 7
18 5 18 4
18 5 18 6
18 8 18 10
18 22 17 22
21 24 21 23
21 24 17 24
22 13 22 6
0 7 0 1
11 16 11 17
11 16 10 16
11 16 11 17
14 7 14 2
15 6 15 5
15 6 16 6
16 10 16 9
16 10 17 10
17 10 17 9
17 22 17 24
17 22 14 22
17 24 15 24
18 4 18 2
18 4 17 4
18 4 17 4
18 8 18 10
21 23 21 21
22 6 22 4
22 6 23 6
23 6 23 3
0 1 21 1
9 2 9 3
9 2 14 2
9 16 9 15
9 16 9 17
9 16 7 16
10 17 9 17
14 22 14 23
14 23 14 24
15 2 15 5
15 2 17 2
15 24 14 24
16 9 16 8
17 2 17 4
21 1 28 1
22 4 22 3
23 3 22 3
28 4 24 4
9 15 7 15
10 17 9 17
16 4 16 5
22 4 22 3
24 4 24 2
7 14 7 12
7 14 8 14
7 14 7 12
7 14 8 14
8 14 8 9
22 2 24 2

4014

4 5 - - - - - 3 = = = = = = = = = 2       2 1 2 4 1   2 = = 3   3 2 
ǁ ǁ 2 6 4 2 2 5 = = = = = = = = = = = = = 6 = = 4 | 1 3 = = = = 8 4 
ǁ ǁ 3 7 | |   6 2 2 = 4   2 = 4 = = = = = 4 2 5 = 6 = 2     2 2 ǁ 2 
ǁ ǁ 2 ǁ 2 4 2 7 = 3 2 ǁ                 2 = = 5 2 | 2 1     ǁ ǁ ǁ | 
ǁ ǁ 2 7 = 5 1 ǁ 2 4 = 7 = = = = = = = = = = = = = 7 6 = = = 8 5 ǁ | 
ǁ ǁ 1 2 1 5 3 ǁ 4 6 2 3 - - - - - - 1             ǁ 2 - - - 4 1 ǁ | 
ǁ ǁ 4 = = = = 8 = = = = = = = = = = = = = = = = = 8         |   8 6 
ǁ ǁ 1 4 2 2   ǁ 2 3     2 = 4 1 2 1 2     3 3   3 ǁ 2 = = 5 2   ǁ | 
ǁ ǁ 2 ǁ 1 ǁ   ǁ 4 5 - - - - 5 | ǁ   3 1 - - 4 2 | ǁ       ǁ 2   ǁ | 
ǁ ǁ 5 5 4 6 2 ǁ             ǁ 3 7 5 3 1   3 - - 5 ǁ       ǁ ǁ 2 ǁ | 
ǁ ǁ ǁ     4 2 ǁ             ǁ   2 2 | 2 - - 5 2 | ǁ       ǁ ǁ ǁ ǁ | 
ǁ ǁ ǁ     |   ǁ 3 1         ǁ   4 3 | 4 = 4 ǁ 2 | ǁ       ǁ ǁ ǁ ǁ | 
ǁ ǁ ǁ 3 - 7 2 ǁ 3 = 2       ǁ     1 | 4 2 ǁ ǁ 4 | ǁ       ǁ ǁ ǁ ǁ 2 
ǁ ǁ ǁ 3 2 3 1 ǁ             ǁ       | 4 4 ǁ ǁ ǁ | ǁ   2 = 7 8 4 ǁ | 
ǁ ǁ 5 = = = = 7 = = = = = = 8 3 4 = 6 = = 6 5 4 3 ǁ       | 4 2 ǁ | 
ǁ ǁ 4 = = 5 4 - 4 = = = = = 7 = 6 3 3 1 2 | |   2 ǁ       | 2 ǁ ǁ 2 
ǁ ǁ | 2 3 2 2   2 2 4 = 3 1 | 1 3 1 1 | ǁ | |   | ǁ       | 4 6 ǁ | 
ǁ ǁ 2 - 5 = = 6 1 1 4 4 | 4 7 = = = = 5 ǁ | 4 - 3 ǁ       | | 2 ǁ | 
2 ǁ 2 - 4 4 2 2 2 = 3 2 | 1 4 = 2     ǁ ǁ | 2   | ǁ       | |   ǁ | 
2 ǁ 4 = = 8 = = = = = = 7 = = = = = = 8 4 |     | ǁ 2 = = 7 6 2 ǁ | 
ǁ ǁ 2 - - 4 4 = = = 4 3 5 2   2 = 4 = 6 2 |     | ǁ       ǁ 4 4 ǁ | 
6 7 - - - - - - - - - - - - - - - - - - - 5 - 5 4 ǁ       ǁ ǁ 2 ǁ | 
ǁ ǁ 2 3 4 - 4 = = = = = = 2 2 = 4 = 4 - - 7 3 | ǁ ǁ       ǁ ǁ   ǁ | 
ǁ ǁ ǁ 2 - - 2                       |     6 | | 2 ǁ       ǁ 6 = 7 5 
4 ǁ 5 = 7 = = = = = = 6 = = = 4 4 1 4 - 2 2 | | 2 ǁ       ǁ ǁ 2 2 ǁ 
2 ǁ | 2 ǁ 1 2     2 = 6 2     1 2   ǁ       | | ǁ ǁ       ǁ 4 - 2 ǁ 
2 ǁ 4 4 ǁ 2 7 = = = = = = = = = = = 8 = = = 4 6 4 ǁ       ǁ 4 3 4 ǁ 
ǁ ǁ 1   ǁ 2 6 = 2       2 = = = = = 6 = = 3 1 4 2 ǁ       ǁ 2   ǁ ǁ 
6 7 - - 7 = = = = = = = = = = = = = = = = = = = = 8 = = = 6 | 7 4 ǁ 
ǁ 4 4 2 ǁ 2 2 2 - - - - 2 - - - - - 4 - 1     2 2 ǁ 2 6 - 3 2 ǁ   ǁ 
5 = 5 4 6 8 4 - - 2 - - - - - - - - 8 = = = = 6 3 ǁ 2 4 2 5 4 ǁ   ǁ 
5 1 ǁ 2 - 4 - 5 - - - - - - - - 1   ǁ 2 4 1 2 6 2 ǁ       | 1 ǁ 2 6 
6 2 6 2 4 = = = = = = = = = = = = = 7 = 4 4 - - - 7 = = = 5 3 5 2 2 
2 2 6 = = = = = 3 - - - 3 2     2 = 4 1 2 6 2     3 - - 1 2 = 5 4 2 
