34 34
3 0 6 0 5 0 0 3 4 0 6 0 0 0 0 0 0 0 0 0 0 0 0 0 5 0 3 3 0 0 0 2 4 2 
5 0 7 2 0 2 0 3 4 2 2 2 4 0 0 0 0 0 0 0 0 0 0 0 5 2 0 2 4 3 1 0 0 2 
0 1 5 0 7 0 0 0 0 0 0 0 0 0 0 0 0 0 0 0 0 0 0 0 0 0 7 0 8 6 0 5 0 0 
3 0 4 1 6 0 0 6 4 4 6 0 0 0 0 0 0 0 0 0 0 0 6 5 5 4 0 1 2 0 2 0 0 0 
0 0 2 3 5 0 0 4 3 1 0 0 0 0 0 2 1 4 0 2 0 0 0 2 0 4 0 0 0 0 0 0 0 0 
0 4 0 0 6 0 0 0 0 0 7 0 0 0 0 5 4 6 4 0 0 0 8 0 8 5 0 4 0 6 4 0 0 0 
0 5 1 0 0 2 6 2 1 0 6 6 0 6 5 6 0 0 0 0 4 0 3 3 8 3 0 5 0 7 5 0 0 0 
0 4 2 0 0 2 6 0 0 0 4 5 3 5 6 4 2 0 0 0 6 0 0 2 2 0 0 4 2 3 3 0 0 0 
3 0 0 0 6 0 0 0 0 0 0 0 0 0 0 0 0 0 0 0 0 0 0 0 0 0 8 0 0 0 0 8 8 5 
3 3 3 3 0 3 5 3 0 0 4 2 4 0 0 5 4 6 4 3 3 3 0 0 3 0 0 0 0 0 0 0 0 0 
0 0 0 4 0 3 0 1 0 0 0 0 3 2 1 0 2 0 2 0 2 0 2 0 5 1 0 0 0 0 0 0 0 0 
0 0 0 0 2 0 5 0 0 0 5 0 0 0 0 6 8 6 5 7 2 5 3 1 0 0 0 0 0 0 0 0 0 2 
0 0 0 0 3 0 4 4 5 0 6 0 0 3 2 0 5 4 0 5 2 0 0 0 0 0 0 0 0 0 0 0 0 3 
0 0 0 0 2 0 2 3 3 0 2 0 0 0 0 0 1 0 0 1 0 0 0 0 0 0 0 0 0 0 0 0 0 2 
2 0 4 7 0 8 0 0 0 0 0 0 0 0 0 8 0 0 8 0 0 7 0 0 5 0 0 0 0 0 0 0 0 1 
1 0 0 0 1 0 1 5 0 0 3 3 0 2 0 0 4 4 0 1 0 0 1 0 5 0 0 0 0 0 0 0 0 0 
1 0 0 0 2 0 2 0 2 0 3 0 0 0 0 0 0 0 0 4 0 7 0 2 2 0 0 0 0 0 2 0 0 0 
0 0 0 0 0 0 6 8 0 0 0 5 0 0 0 6 6 4 0 4 2 0 3 0 5 3 0 0 0 0 0 0 0 0 
0 0 0 0 0 0 4 7 6 2 0 3 5 5 2 0 4 5 0 1 0 7 4 0 0 0 0 0 0 0 4 0 0 0 
0 0 3 0 0 0 0 1 4 0 2 0 2 4 0 7 4 2 0 2 0 4 4 4 0 0 0 0 0 0 0 0 0 0 
0 0 2 0 3 7 0 0 0 0 0 0 0 0 3 1 4 0 6 0 0 0 5 3 0 0 0 0 0 0 0 0 0 0 
0 0 0 0 0 3 3 2 1 0 0 0 0 0 4 0 0 0 0 0 0 0 0 0 4 1 0 0 0 0 0 0 0 0 
4 8 0 6 0 0 0 0 0 0 0 0 0 0 0 0 0 0 0 0 0 0 0 0 0 0 7 0 0 0 5 0 0 0 
0 0 2 0 1 0 2 0 0 3 0 0 0 0 0 0 0 0 6 2 1 0 0 0 2 1 0 2 3 2 0 0 0 0 
0 0 4 6 0 0 0 0 0 0 0 0 0 0 0 0 0 0 5 0 0 0 0 6 5 3 0 4 6 5 3 4 0 0 
0 0 3 7 0 0 0 0 4 3 4 0 0 0 0 0 0 0 0 4 0 0 2 0 0 0 0 0 0 5 3 0 4 0 
0 0 3 6 4 0 2 0 2 5 5 0 0 3 0 6 2 3 3 0 4 0 5 5 5 5 0 3 0 3 2 0 2 0 
0 6 0 0 0 0 0 0 3 4 0 0 0 0 0 5 0 5 4 0 4 0 2 3 3 1 0 1 0 1 0 0 4 5 
0 4 6 0 0 0 0 0 0 0 0 0 0 0 0 0 0 0 0 6 0 0 0 0 0 0 8 0 7 3 4 0 0 3 
4 3 3 0 0 0 0 0 0 0 0 0 0 0 0 0 0 0 0 5 0 0 0 0 6 2 0 1 4 2 0 7 7 4 
5 5 4 0 0 0 0 0 0 0 0 0 0 0 0 0 0 0 0 4 0 0 1 2 7 4 0 3 3 0 0 4 3 0 
4 3 5 0 0 0 0 0 0 0 0 0 0 3 0 0 1 2 0 4 0 1 2 0 4 3 0 4 0 4 2 2 3 5 
4 0 0 0 0 0 0 0 0 0 0 0 0 0 0 0 0 0 0 0 0 0 0 0 0 0 7 0 0 0 0 0 6 5 
3 1 2 0 0 0 0 0 0 0 0 0 0 0 0 0 0 0 0 0 0 0 0 0 0 0 6 0 0 0 0 0 4 2 
400 702
0 2 0 0
0 2 0 4
0 2 1 2
0 2 0 0
0 2 0 4
0 2 1 2
0 10 0 8
0 10 0 24
0 10 1 10
0 10 0 8
0 10 0 24
0 10 1 10
1 0 1 2
1 0 0 0
1 0 3 0
2 4 2 2
2 4 2 26
2 4 0 4
2 4 3 4
2 28 2 26
2 28 2 29
2 28 1 28
2 28 3 28
2 28 2 26
2 28 2 29
2 28 1 28
2 28 3 28
2 29 2 31
2 29 1 29
2 29 5 29
2 29 2 31
3 7 3 4
3 7 3 8
3 7 4 7
3 7 3 4
3 7 3 8
3 7 4 7
3 8 3 9
3 8 4 8
3 9 3 10
3 9 4 9
3 9 3 10
3 10 3 22
3 10 5 10
3 22 3 10
3 22 3 23
3 22 5 22
3 24 3 23
3 24 3 25
3 24 5 24
3 30 5 30
4 25 3 25
4 25 5 25
4 25 3 25
4 25 5 25
5 22 5 18
5 22 5 24
5 22 3 22
5 22 6 22
5 24 5 22
5 24 5 25
5 24 3 24
5 24 6 24
5 29 5 27
5 29 5 30
5 29 6 29
5 29 5 27
5 29 5 30
5 30 3 30
6 1 6 2
6 1 5 1
6 1 7 1
6 6 6 5
6 6 6 7
6 6 7 6
6 6 6 5
6 6 6 7
6 6 7 6
6 11 6 10
6 11 6 13
6 11 7 11
6 11 6 10
6 11 6 13
6 11 7 11
6 13 6 14
6 13 7 13
6 24 6 23
6 24 6 25
6 24 5 24
6 24 7 24
6 24 6 23
6 24 6 25
6 24 5 24
6 29 6 27
6 29 6 30
6 29 7 29
6 30 6 29
6 30 7 30
6 30 6 29
6 30 7 30
7 6 7 5
7 6 7 10
7 6 9 6
7 6 7 5
8 4 8 0
8 4 5 4
8 4 11 4
8 4 8 0
8 4 5 4
8 4 11 4
8 26 8 31
8 26 2 26
8 26 22 26
8 26 8 31
8 26 2 26
8 26 22 26
8 31 8 32
8 31 2 31
8 31 24 31
8 32 8 31
8 32 8 33
8 32 0 32
8 32 25 32
8 32 8 31
8 32 8 33
8 32 0 32
10 3 9 3
10 3 14 3
10 3 9 3
10 3 14 3
11 6 11 10
11 6 9 6
11 6 12 6
11 16 11 15
11 16 11 17
11 16 10 16
11 16 12 16
11 16 11 15
11 16 11 17
11 16 10 16
11 16 12 16
11 17 11 18
11 17 9 17
11 17 12 17
11 17 11 18
11 19 11 18
11 19 11 20
11 19 9 19
11 19 12 19
12 8 12 7
12 8 12 10
12 8 13 8
14 3 14 2
14 3 14 5
14 3 22 3
14 5 14 3
14 5 14 15
14 5 10 5
14 5 20 5
14 15 14 5
14 15 14 18
14 15 11 15
14 15 17 15
14 18 14 15
14 18 14 21
14 18 11 18
14 18 20 18
14 24 14 21
14 24 10 24
14 24 15 24
15 4 16 4
15 7 15 6
15 7 15 10
15 7 17 7
15 16 15 17
15 16 17 16
15 16 15 17
15 16 17 16
15 17 17 17
15 24 15 22
15 24 14 24
15 24 16 24
16 4 20 4
16 6 17 6
16 21 16 19
16 21 16 23
16 21 14 21
16 21 18 21
16 30 18 30
17 6 17 7
17 6 16 6
17 6 18 6
17 7 17 6
17 7 17 11
17 7 15 7
17 7 18 7
17 16 17 15
17 16 17 17
17 16 18 16
17 16 17 15
17 17 15 17
17 17 18 17
18 7 18 6
18 7 18 8
18 7 17 7
18 7 19 7
18 8 18 7
18 8 18 9
18 8 19 8
18 8 18 7
18 8 18 9
18 12 18 11
18 12 18 13
18 12 19 12
18 17 18 16
18 17 19 17
18 17 18 16
18 17 19 17
18 21 18 19
18 21 18 22
18 21 16 21
18 21 19 21
18 30 16 30
18 30 22 30
18 30 22 30
19 8 19 10
19 8 21 8
19 8 19 10
19 15 19 13
19 15 19 16
19 15 17 15
19 15 20 15
20 5 20 4
20 5 14 5
20 5 21 5
20 5 20 4
20 5 21 5
20 5 21 5
20 14 21 14
21 7 21 6
21 7 21 6
21 14 21 24
21 14 20 14
21 14 21 24
22 1 22 0
22 1 22 3
22 1 9 1
22 1 27 1
22 1 22 0
22 1 22 3
22 1 9 1
22 1 27 1
22 3 22 26
22 3 14 3
22 3 24 3
22 26 22 30
22 26 28 26
23 2 24 2
23 18 23 9
23 18 23 19
23 18 24 18
23 18 23 9
23 18 23 19
23 18 24 18
24 3 24 2
24 3 24 18
24 3 25 3
24 3 24 2
24 3 24 18
24 23 24 18
24 23 24 24
24 23 26 23
24 23 24 24
24 23 26 23
24 23 24 24
25 3 25 2
25 3 25 8
25 3 26 3
25 29 25 30
25 29 24 29
25 29 26 29
25 32 25 30
25 32 26 32
25 32 25 30
26 3 26 2
26 3 26 4
26 3 25 3
26 3 26 2
26 3 26 4
26 4 26 6
26 10 26 9
26 10 26 13
26 10 25 10
26 15 26 13
26 15 26 16
26 15 27 15
26 15 26 13
26 15 26 16
26 15 27 15
26 25 26 24
26 25 24 25
26 25 27 25
27 1 27 8
27 1 28 1
27 33 27 32
27 33 14 33
27 33 28 33
28 2 28 1
28 2 28 19
28 2 29 2
28 2 28 1
28 2 28 19
28 2 29 2
28 19 28 26
28 19 25 19
28 19 29 19
28 19 28 26
28 26 28 28
28 26 22 26
28 26 32 26
29 24 29 19
29 24 29 25
29 24 30 24
29 24 29 19
29 24 29 25
29 24 30 24
29 32 29 31
29 32 29 33
29 32 27 32
29 32 30 32
30 0 30 1
30 0 29 0
30 0 31 0
30 24 30 23
30 24 30 25
30 24 31 24
30 25 30 24
30 25 31 25
30 25 30 24
31 13 31 2
31 13 31 16
31 13 31 2
31 17 31 19
31 24 31 22
31 24 31 25
31 24 31 22
31 27 31 29
31 27 30 27
31 27 31 29
31 27 30 27
31 29 31 30
31 29 29 29
31 33 31 32
31 33 29 33
31 33 32 33
33 0 33 1
33 0 32 0
33 0 32 0
33 26 33 2
33 26 33 32
33 26 32 26
33 26 33 2
33 26 33 32
33 26 32 26
33 32 33 33
33 32 32 32
33 33 32 33
0 8 0 7
0 8 1 8
0 32 0 31
0 32 0 33
0 33 1 33
1 0 1 2
1 0 3 0
1 3 1 2
1 5 1 7
1 8 1 7
1 8 1 9
1 8 1 7
1 11 1 12
1 12 1 11
1 12 1 24
1 12 1 24
1 28 1 27
1 28 1 29
1 29 1 30
1 33 8 33
2 31 0 31
2 31 8 31
3 4 3 3
3 4 2 4
3 4 4 4
3 10 5 10
3 22 3 23
3 25 3 24
3 27 5 27
4 7 4 4
4 7 4 8
4 8 6 8
4 19 4 17
4 23 3 23
5 4 5 1
5 4 4 4
5 4 5 1
5 4 4 4
5 22 5 18
5 22 6 22
5 25 6 25
5 27 6 27
6 1 5 1
6 1 7 1
6 10 5 10
6 10 7 10
6 13 6 14
6 13 7 13
7 1 7 2
7 2 7 1
7 27 7 28
7 27 6 27
7 27 7 28
7 27 6 27
7 29 7 30
7 29 6 29
8 33 11 33
8 33 11 33
9 3 9 2
9 17 9 16
9 17 9 18
9 17 5 17
9 17 9 16
9 17 9 18
11 15 11 10
11 15 9 15
11 15 14 15
12 4 13 4
12 14 12 13
12 17 12 16
12 33 13 33
13 4 12 4
13 16 12 16
13 19 12 19
13 33 12 33
14 2 9 2
14 2 19 2
14 2 9 2
14 5 10 5
14 15 17 15
14 18 14 21
14 18 11 18
14 18 20 18
15 7 15 10
15 19 16 19
15 24 14 24
16 8 16 10
16 10 16 8
16 10 15 10
16 19 16 21
16 19 17 19
17 6 17 7
17 19 17 20
17 20 17 19
18 6 21 6
18 14 18 13
18 16 19 16
18 21 18 22
18 21 19 21
18 22 17 22
18 22 19 22
19 2 20 2
19 15 19 13
19 15 19 16
19 15 17 15
19 16 20 16
19 19 19 21
19 21 19 19
19 22 19 23
19 22 20 22
19 22 19 23
19 23 16 23
19 23 20 23
20 2 19 2
20 16 20 18
20 22 20 18
20 22 20 23
20 22 20 18
20 22 20 23
21 24 21 25
21 24 17 24
22 0 16 0
22 0 29 0
22 26 22 30
22 30 24 30
23 2 24 2
23 4 23 6
23 6 23 9
23 20 23 24
24 31 24 30
25 3 25 2
25 3 25 8
25 8 25 9
25 8 26 8
25 19 25 10
25 19 25 22
25 19 25 10
25 22 26 22
26 2 25 2
26 4 26 6
26 10 26 9
26 10 25 10
26 20 26 22
26 20 27 20
26 20 26 22
26 20 27 20
27 1 27 8
27 1 28 1
27 17 27 15
27 17 27 18
27 17 26 17
27 18 27 17
27 18 26 18
27 18 27 17
27 20 27 22
27 33 27 32
27 33 28 33
28 26 28 28
28 26 32 26
28 28 28 29
28 28 24 28
28 28 29 28
28 33 29 33
29 0 29 1
29 0 30 0
29 31 29 29
29 31 29 32
29 31 30 31
29 31 29 32
29 31 30 31
29 33 29 32
30 23 30 22
31 17 31 19
31 19 31 21
31 19 30 19
31 30 31 31
31 33 31 32
31 33 32 33
32 0 32 26
32 0 31 0
32 26 32 32
32 26 32 32
32 33 32 32
32 33 32 32
0 7 0 4
0 7 0 4
1 3 1 2
2 1 2 2
2 4 2 2
2 4 2 26
2 26 0 26
3 23 4 23
4 4 4 3
4 19 4 17
5 10 5 15
5 10 6 10
5 10 5 15
5 10 6 10
5 17 5 16
5 17 5 18
5 17 4 17
5 17 5 16
5 17 5 18
6 15 6 14
6 15 5 15
6 15 7 15
6 15 6 14
6 15 5 15
6 15 7 15
6 20 6 22
6 20 7 20
6 20 7 20
6 20 7 20
6 23 7 23
7 10 7 11
7 10 9 10
9 1 9 0
9 16 9 15
9 16 7 16
9 18 9 19
9 18 10 18
10 5 9 5
11 19 11 20
11 19 9 19
11 19 12 19
11 21 11 22
11 21 9 21
11 21 14 21
12 14 12 13
12 16 12 17
12 19 12 20
12 20 12 19
14 21 11 21
14 21 16 21
15 0 14 0
16 24 17 24
17 11 15 11
17 11 18 11
17 24 17 25
17 25 17 24
17 25 10 25
18 14 18 13
19 13 19 12
19 13 18 13
20 16 20 18
24 31 24 30
25 9 26 9
26 17 26 18
26 17 26 18
27 15 27 9
27 15 27 9
27 20 27 22
27 27 26 27
27 32 27 29
28 30 28 29
29 31 30 31
30 19 30 2
30 19 29 19
30 19 30 2
30 31 30 32
30 32 31 32
31 0 31 1
31 0 30 0
1 2 2 2
1 25 1 24
1 27 0 27
2 2 3 2
3 2 3 0
3 2 4 2
3 2 4 2
4 15 4 16
4 15 5 15
5 16 7 16
6 14 7 14
7 14 7 13
7 14 7 15
7 14 10 14
7 15 7 14
8 0 9 0
9 0 14 0
9 5 9 6
10 20 9 20
10 24 10 22
10 24 9 24
11 23 11 22
12 13 12 10
17 11 15 11
17 11 18 11
18 12 18 13
25 9 26 9
26 22 26 23
26 22 26 23
26 27 24 27
26 32 26 30
27 9 27 8
27 9 26 9
28 30 28 29
29 19 29 2
30 2 30 1
30 2 31 2
31 2 31 1
31 2 31 1
0 27 0 26
0 27 0 26
1 25 1 24
7 14 7 13
9 5 9 6
10 20 9 20
10 24 10 22
10 24 9 24
11 22 11 21
12 10 12 8
12 10 11 10
12 10 13 10
12 10 11 10
13 10 13 8
15 11 15 13
26 27 24 27
26 30 26 29
28 28 24 28
28 28 29 28
29 1 30 1
29 1 30 1
29 28 29 27
29 28 30 28
30 27 30 28
0 24 1 24
9 21 9 20
9 21 9 24
24 27 24 28
24 27 23 27
26 29 25 29
7 20 7 23
23 27 23 28
25 29 24 29

4114

3 = 6 = 5 = = 3 4 = 6 = = = = = = = = = = = = = 5   3 3       2 4 2 
5 = 7 2 | 2 - 3 4 2 2 2 4 = = = = = = = = = = = 5 2 | 2 4 3 1 | ǁ 2 
ǁ 1 5 = 7 = = = = = = = = = = = = = = = = = = = = = 7 = 8 6 = 5 ǁ | 
3 - 4 1 6 = = 6 4 4 6 = = = = = = = = = = = 6 5 5 4 ǁ 1 2 | 2 ǁ ǁ | 
    2 3 5 - - 4 3 1 ǁ         2 1 4 = 2     ǁ 2 ǁ 4 ǁ |   | ǁ ǁ ǁ | 
  4 = = 6       |   7 = = = = 5 4 6 4 = = = 8 = 8 5 ǁ 4 = 6 4 ǁ ǁ | 
  5 1   ǁ 2 6 2 1   6 6 = 6 5 6 | |     4 - 3 3 8 3 ǁ 5 - 7 5 ǁ ǁ | 
  4 2   ǁ 2 6 - - - 4 5 3 5 6 4 2 |     6 - - 2 2   ǁ 4 2 3 3 ǁ ǁ | 
3 = = = 6   |       |       |   | |                 8 = = = = 8 8 5 
3 3 3 3 ǁ 3 5 3     4 2 4   | 5 4 6 4 3 3 3 - - 3   ǁ         | | ǁ 
| ǁ ǁ 4 ǁ 3 | 1         3 2 1 | 2 | 2 ǁ 2 | 2 = 5 1 ǁ         | | ǁ 
| ǁ ǁ ǁ 2 ǁ 5 - - - 5 - - - - 6 8 6 5 7 2 5 3 1 | | ǁ         | | 2 
| ǁ ǁ ǁ 3 ǁ 4 4 5 = 6 - - 3 2 ǁ 5 4 ǁ 5 2 ǁ     | | ǁ         | | 3 
| ǁ ǁ ǁ 2 ǁ 2 3 3 - 2         ǁ 1   ǁ 1   ǁ     | | ǁ         | | 2 
2 ǁ 4 7 = 8 = = = = = = = = = 8 = = 8 = = 7 - - 5 | ǁ         | | 1 
1 ǁ | ǁ 1 ǁ 1 5 = = 3 3 - 2   ǁ 4 4 ǁ 1   ǁ 1 - 5 | ǁ         | | | 
1 ǁ | ǁ 2 ǁ 2 ǁ 2 = 3 ǁ       ǁ ǁ ǁ ǁ 4 = 7 - 2 2 | ǁ       2 | | | 
| ǁ | ǁ | ǁ 6 8 - - - 5       6 6 4 ǁ 4 2 ǁ 3 | 5 3 ǁ       ǁ | | | 
| ǁ | ǁ | ǁ 4 7 6 2   3 5 5 2 ǁ 4 5 ǁ 1 - 7 4 | |   ǁ       4 | | | 
| ǁ 3 ǁ | ǁ | 1 4 = 2   2 4 = 7 4 2 ǁ 2 = 4 4 4 |   ǁ       ǁ | | | 
| ǁ 2 ǁ 3 7 |   |           3 1 4 = 6 = = = 5 3 |   ǁ       ǁ | | | 
| ǁ   ǁ   3 3 2 1           4 = = = = = = = = = 4 1 ǁ       ǁ | | | 
4 8 = 6 - - - - - - - - - - - - - - - - - - - - - - 7 = = = 5 | | | 
| ǁ 2 | 1 - 2 - - 3 = = = = = = = = 6 2 1 - - - 2 1 ǁ 2 3 2 | | | | 
| ǁ 4 6 = = = = = = = = = = = = = = 5 - - - - 6 5 3 ǁ 4 6 5 3 4 | | 
| ǁ 3 7 = = = = 4 3 4 = = = = = = = = 4 - - 2 ǁ   | ǁ ǁ ǁ 5 3 = 4 | 
| ǁ 3 6 4 = 2   2 5 5 - - 3 = 6 2 3 3 | 4 = 5 5 5 5 ǁ 3 ǁ 3 2 - 2 | 
| 6 = = = = = = 3 4 = = = = = 5 - 5 4 | 4 = 2 3 3 1 ǁ 1 ǁ 1 - - 4 5 
| 4 6 = = = = = = = = = = = = = = = = 6 = = = = = = 8 = 7 3 4   | 3 
4 3 3 - - - - - - - - - - - - - - - - 5 = = = = 6 2 ǁ 1 4 2 - 7 7 4 
5 5 4 = = = = = = = = = = = = = = = = 4     1 2 7 4 ǁ 3 3 |   4 3 | 
4 3 5 = = = = = = = = = = 3 - - 1 2 = 4 - 1 2 = 4 3 ǁ 4 = 4 2 2 3 5 
4 - - - - - - - - - - - - - - - - - - - - - - - - - 7 = = = = = 6 5 
3 1 2 = = = = = = = = = = = = = = = = = = = = = = = 6 = = = = = 4 2 
