34 34
2 2 3 4 0 0 3 2 0 3 2 0 0 0 0 0 0 0 0 0 0 0 0 0 0 0 0 0 0 0 0 2 2 3 
0 0 1 4 2 2 0 3 2 0 2 0 0 0 0 0 2 0 0 0 0 0 0 0 1 0 0 0 0 0 0 0 1 0 
0 6 0 6 2 5 5 0 0 6 0 0 0 0 0 0 0 0 0 0 0 0 0 0 0 0 0 0 0 0 0 2 3 5 
4 5 1 0 0 2 0 3 2 0 1 3 0 0 0 0 0 0 0 0 0 0 0 5 0 0 0 0 0 0 0 5 1 0 
0 2 2 0 0 1 0 0 3 0 1 0 3 0 3 4 0 0 3 0 0 4 1 0 2 1 0 3 2 1 1 0 1 0 
0 1 0 4 0 3 3 0 2 0 3 0 5 2 0 3 1 0 1 0 0 0 4 6 5 0 0 7 4 3 0 0 0 0 
0 5 5 0 0 1 4 5 1 0 0 0 3 1 0 2 0 0 5 0 0 4 0 3 0 0 3 4 0 6 4 0 0 0 
0 0 2 0 5 0 5 2 2 0 0 3 2 0 0 5 0 4 5 5 2 0 6 2 2 0 4 4 1 2 1 0 0 0 
0 0 1 0 3 2 0 0 0 0 0 1 1 0 0 3 1 2 1 2 1 0 3 2 1 0 1 3 1 0 0 0 0 0 
0 5 0 5 0 0 5 4 5 0 0 2 4 0 6 0 0 0 0 0 0 4 0 0 0 0 0 0 0 0 0 7 3 0 
0 3 1 0 1 0 3 1 2 0 3 0 0 0 4 0 0 1 2 0 0 5 3 0 0 3 4 0 4 2 0 0 1 0 
5 0 0 5 0 0 0 0 0 7 0 0 0 0 0 0 0 0 0 0 0 0 0 0 0 0 0 0 0 0 0 8 6 4 
0 2 4 0 2 2 0 0 0 0 2 0 6 0 4 0 0 4 0 0 0 2 0 0 0 0 0 0 0 0 1 0 0 1 
0 4 5 0 0 0 2 4 0 0 3 3 0 2 0 1 3 0 1 0 0 0 0 0 0 0 0 0 0 3 2 0 0 0 
0 0 0 0 6 4 2 0 0 0 0 0 5 4 0 2 0 0 0 0 0 0 0 0 0 0 0 0 0 0 0 0 0 0 
0 0 0 0 0 0 0 0 0 0 0 0 0 2 0 0 4 0 4 0 0 4 0 0 0 0 0 0 0 6 1 0 0 0 
0 2 0 0 0 0 0 0 0 0 0 0 0 0 0 0 0 0 4 4 3 0 0 0 0 0 0 0 0 0 0 0 0 0 
0 0 0 0 0 0 0 0 0 0 2 0 4 5 0 6 5 0 1 0 3 1 0 0 0 0 0 0 0 2 0 0 1 0 
0 0 0 0 0 2 6 5 2 0 2 0 1 1 0 0 1 0 0 0 2 0 0 1 0 0 0 0 0 0 0 0 2 0 
0 0 0 0 0 0 0 0 0 0 4 7 0 0 5 5 0 6 0 0 0 0 0 0 0 0 0 0 0 0 0 7 4 0 
0 3 4 0 0 0 0 0 0 0 2 0 2 2 0 4 2 0 2 0 0 0 0 0 4 2 1 1 0 3 1 0 0 0 
0 0 0 0 0 0 0 0 0 0 0 0 0 0 0 4 2 0 2 0 0 0 0 0 5 0 0 0 0 6 3 0 0 0 
0 0 0 0 0 0 0 0 0 0 4 5 6 6 0 0 0 0 2 0 0 3 2 0 4 2 0 0 0 0 2 0 0 0 
0 0 0 0 0 0 0 0 0 0 0 0 0 2 0 4 0 5 0 0 0 0 0 0 0 0 0 0 0 4 5 0 0 0 
0 0 0 0 0 0 0 0 0 0 2 0 0 1 5 0 0 0 3 0 0 2 3 5 0 5 0 0 3 2 3 0 2 0 
0 0 0 0 0 0 0 0 0 0 0 0 3 2 0 2 5 2 0 2 0 3 2 0 2 0 1 0 0 0 1 0 1 0 
0 3 0 0 5 0 7 3 1 0 1 4 2 0 6 1 5 0 6 0 0 1 1 4 5 8 5 1 0 6 0 6 2 3 
0 2 0 0 0 0 4 3 1 0 0 3 1 0 3 1 4 2 2 0 0 0 0 1 1 2 1 0 0 2 1 3 0 0 
0 0 0 0 3 0 0 0 0 7 0 0 0 0 0 0 0 0 0 0 0 0 0 0 0 0 0 0 6 0 0 0 5 1 
0 1 0 0 0 0 0 0 0 0 4 0 0 0 4 0 0 0 0 1 1 2 0 3 0 0 0 0 0 0 0 0 6 1 
3 0 0 0 1 1 0 0 0 4 4 2 1 1 0 2 0 0 0 0 0 0 0 0 0 3 4 0 5 1 1 2 2 1 
2 3 2 0 2 4 0 4 0 3 3 0 4 3 0 3 0 4 0 0 0 0 0 2 0 0 4 2 0 4 5 3 1 1 
2 0 0 6 0 0 0 0 0 0 0 0 0 0 5 0 0 0 0 0 0 0 0 0 0 4 1 1 0 0 3 0 5 2 
2 1 1 4 0 0 0 0 0 0 0 0 0 0 0 0 0 0 0 0 0 0 0 0 0 0 0 0 4 3 2 1 4 2 
400 328
2 1 2 3
2 1 0 1
2 1 3 1
2 1 2 3
2 1 0 1
2 1 3 1
2 3 2 4
2 3 1 3
2 3 5 3
2 3 2 4
2 5 2 6
2 5 1 5
2 5 3 5
2 33 2 32
2 33 0 33
2 33 11 33
3 23 3 11
3 23 3 31
3 23 5 23
5 27 5 24
5 27 5 28
5 27 4 27
5 27 6 27
6 1 6 2
6 1 5 1
6 1 9 1
6 30 6 29
6 30 4 30
6 30 7 30
6 30 6 29
7 4 7 2
7 4 7 6
7 4 8 4
7 19 7 18
7 19 7 20
7 19 8 19
9 3 9 1
9 3 9 6
9 3 11 3
9 31 9 21
9 31 9 32
9 31 3 31
9 31 11 31
11 0 11 3
11 0 3 0
11 0 30 0
11 9 11 3
11 9 11 31
11 9 2 9
11 9 28 9
11 31 11 9
11 31 11 32
11 31 9 31
11 31 19 31
11 32 11 31
11 32 11 33
11 32 10 32
11 32 17 32
12 12 12 10
12 12 12 14
12 12 14 12
12 12 12 10
12 12 12 14
12 12 14 12
12 14 12 17
12 14 19 14
12 17 12 21
12 17 19 17
12 17 12 21
12 30 13 30
13 7 13 6
13 7 18 7
13 7 13 6
13 7 18 7
13 13 14 13
14 4 14 5
14 4 12 4
14 4 26 4
14 4 14 5
14 4 12 4
14 4 26 4
15 16 13 16
15 16 17 16
15 16 13 16
15 16 17 16
17 13 17 12
17 13 15 13
17 13 18 13
17 15 17 16
17 15 14 15
17 15 19 15
17 15 17 16
17 15 14 15
17 15 19 15
17 16 18 16
18 32 19 32
19 11 19 10
19 11 19 14
19 11 13 11
19 11 22 11
19 17 19 15
19 17 19 31
19 17 23 17
19 17 19 15
19 17 19 31
22 13 22 12
22 13 20 13
22 13 23 13
22 13 22 12
22 13 20 13
22 13 23 13
23 30 23 29
23 30 22 30
23 30 24 30
24 23 24 22
24 23 24 25
24 23 26 23
26 6 26 4
26 6 26 7
26 6 18 6
26 6 27 6
26 25 26 24
26 25 26 26
26 25 24 25
26 25 27 25
26 25 26 24
26 25 26 26
26 25 24 25
26 25 27 25
26 26 26 27
26 26 25 26
26 26 27 26
26 29 26 31
26 29 24 29
26 29 27 29
26 29 26 31
26 29 24 29
26 29 27 29
26 31 26 32
26 31 19 31
26 31 27 31
26 31 26 32
28 32 28 28
28 32 28 33
28 32 29 32
32 14 32 3
32 14 32 25
32 14 29 14
0 0 3 0
0 0 3 0
0 2 0 3
0 2 1 2
0 2 0 3
0 3 0 6
0 3 1 3
1 3 1 4
1 3 1 4
3 0 3 1
5 3 5 5
6 1 6 2
6 1 9 1
6 29 6 27
6 29 5 29
6 29 7 29
6 29 6 27
7 29 7 28
8 5 8 4
8 28 8 27
9 8 9 7
9 8 7 8
9 8 10 8
9 32 9 31
9 32 4 32
10 2 10 1
10 4 10 6
10 21 10 18
10 21 10 22
10 21 9 21
10 26 10 25
10 26 10 28
10 26 10 25
10 26 10 28
10 28 10 29
10 29 10 28
11 0 11 3
11 0 30 0
11 31 11 32
11 33 2 33
11 33 12 33
12 2 12 1
12 2 13 2
12 2 12 1
12 2 13 2
12 5 14 5
13 1 13 2
13 1 16 1
13 1 13 2
13 1 16 1
13 2 20 2
13 13 14 13
13 15 13 16
14 13 14 12
14 13 15 13
16 19 16 18
16 19 16 20
16 19 16 18
16 19 16 20
16 20 17 20
17 13 17 12
18 12 17 12
18 23 18 20
18 32 19 32
19 31 19 32
19 32 19 31
20 2 20 1
20 2 31 2
20 2 20 1
20 12 22 12
22 12 22 11
22 12 20 12
22 12 25 12
24 32 25 32
25 24 26 24
25 30 24 30
27 6 27 7
27 6 26 6
27 6 27 7
27 30 27 31
28 32 28 28
28 32 29 32
29 32 29 23
29 32 29 33
29 32 30 32
29 32 29 23
30 0 31 0
30 28 30 26
30 28 30 29
30 28 33 28
31 29 31 30
31 29 33 29
31 29 31 30
31 29 33 29
5 3 5 5
8 5 8 4
10 1 9 1
10 25 10 22
12 5 14 5
14 6 18 6
14 12 17 12
16 18 15 18
16 18 17 18
17 20 17 21
17 20 18 20
17 29 15 29
18 5 18 6
20 1 26 1
24 30 23 30
25 24 26 24
26 1 27 1
28 28 28 9
28 28 24 28
28 28 28 9
28 28 24 28
29 10 29 14
29 10 30 10
29 10 29 14
29 10 30 10
29 14 29 19
29 20 29 21
29 21 29 23
31 17 31 15
31 17 31 23
31 17 31 15
31 17 31 23
32 14 32 3
32 14 32 25
32 25 32 26
32 25 30 25
32 27 31 27
7 4 7 2
7 4 7 6
10 1 9 1
10 22 10 21
14 6 18 6
15 18 15 21
15 18 13 18
15 18 15 21
15 21 15 29
15 21 15 29
15 29 15 30
15 29 13 29
15 29 17 29
18 5 18 6
24 28 24 25
26 1 27 1
29 1 31 1
31 15 30 15
31 26 31 27
31 26 30 26
31 26 30 26
32 3 32 0
32 3 11 3
32 3 33 3
32 3 32 0
33 0 33 1
33 2 33 3
33 3 33 28
33 3 33 28
33 28 33 29
6 2 6 5
6 2 4 2
6 2 4 2
9 3 9 6
11 9 2 9
11 9 28 9
13 29 13 30
30 15 30 25
30 25 30 26
31 0 31 1
31 1 31 2
2 9 2 6
2 9 2 31
2 9 0 9
2 9 2 6
3 2 3 1
4 1 3 1
1 8 1 7
1 8 1 7

6193

2 2 3 4 - - 3 2   3 2                                         2 2 3 
ǁ ǁ 1 4 2 2   3 2 | 2           2               1               1 | 
ǁ 6 = 6 2 5 5 = = 6 - - - - - - - - - - - - - - - - - - - - - 2 3 5 
4 5 1 |   2   3 2 ǁ 1 3 - - - - - - - - - - - 5 - - - - - - - 5 1 ǁ 
| 2 2 |   1     3 ǁ 1   3   3 4     3     4 1 | 2 1   3 2 1 1 | 1 ǁ 
| 1 ǁ 4 = 3 3   2 ǁ 3   5 2   3 1   1       4 6 5 - - 7 4 3 | | | ǁ 
| 5 5 - - 1 4 5 1 ǁ     3 1   2     5     4   3     3 4 = 6 4 | | ǁ 
| ǁ 2 = 5 = 5 2 2 ǁ   3 2     5   4 5 5 2   6 2 2   4 4 1 2 1 | | ǁ 
| ǁ 1   3 2     | ǁ   1 1     3 1 2 1 2 1   3 2 1   1 3 1     | | ǁ 
| 5 - 5 = = 5 4 5 ǁ   2 4   6             4 - - - - - - - - - 7 3 ǁ 
| 3 1 | 1 - 3 1 2 ǁ 3       4     1 2 - - 5 3 - - 3 4 = 4 2   ǁ 1 ǁ 
5 = = 5 - - - - - 7 = = = = = = = = = = = = = = = = = = = = = 8 6 4 
ǁ 2 4 | 2 2       ǁ 2 = 6 = 4 - - 4 = = = 2                 1 | | 1 
ǁ 4 5 | ǁ ǁ 2 4   ǁ 3 3 ǁ 2 | 1 3 | 1                     3 2 | |   
ǁ ǁ | | 6 4 2 ǁ   ǁ   | 5 4 | 2 ǁ | |                     |   | |   
ǁ ǁ | | ǁ   ǁ ǁ   ǁ   | | 2 | ǁ 4 | 4 = = 4 = = = = = = = 6 1 | |   
ǁ 2 | | ǁ   ǁ ǁ   ǁ   | | | | ǁ ǁ | 4 4 3                 ǁ   | |   
ǁ   | | ǁ   ǁ ǁ   ǁ 2 | 4 5 | 6 5 | 1   3 1               2   | 1   
ǁ   | | ǁ 2 6 5 2 ǁ 2 | 1 1 | ǁ 1 |     2 - - 1               | 2   
ǁ   | | ǁ   |     ǁ 4 7 - - 5 5 = 6 = = = = = = = = = = = = = 7 4   
ǁ 3 4 | ǁ   |     ǁ 2 | 2 2   4 2 | 2           4 2 1 1   3 1 |     
ǁ | | | ǁ   |     ǁ   | ǁ ǁ   4 2 | 2           5         6 3 |     
ǁ | | | ǁ   |     ǁ 4 5 6 6       | 2     3 2   4 2         2 |     
ǁ | | | ǁ   |     ǁ     | 2   4   5                       4 5 |     
ǁ | | | ǁ   |     ǁ 2   | 1 5       3     2 3 5 - 5 - - 3 2 3 | 2   
ǁ | | | ǁ   |     ǁ     3 2   2 5 2   2   3 2 | 2 ǁ 1   ǁ ǁ 1 | 1   
ǁ 3 | | 5 - 7 3 1 ǁ 1 4 2   6 1 5   6     1 1 4 5 8 5 1 ǁ 6 = 6 2 3 
ǁ 2 | |     4 3 1 ǁ   3 1   3 1 4 2 2         1 1 2 1   ǁ 2 1 3     
ǁ   | | 3         7 = = = = = = = = = = = = = = = = = = 6 = = = 5 1 
ǁ 1 | |             4 = = = 4 - - - - 1 1 2 - 3 = = = = = = = = 6 1 
3 | | | 1 1       4 4 2 1 1 | 2 - - - - - - - - - 3 4 - 5 1 1 2 2 1 
2 3 2 | 2 4   4   3 3   4 3 | 3 = 4 = = = = = 2   | 4 2 | 4 5 3 1 1 
2 = = 6 = = = = = = = = = = 5 = = = = = = = = = = 4 1 1 | ǁ 3   5 2 
2 1 1 4 = = = = = = = = = = = = = = = = = = = = = = = = 4 3 2 1 4 2 
