34 34
3 0 3 0 5 0 0 0 0 0 0 0 0 0 0 0 3 3 2 2 2 3 3 2 4 0 0 0 0 0 0 0 5 4 
1 4 0 0 7 0 0 0 0 0 0 4 0 0 0 0 0 0 0 6 0 0 7 0 0 0 0 4 0 0 2 2 0 3 
1 0 3 2 0 1 0 0 0 0 0 3 0 0 0 0 0 0 1 2 0 0 4 0 0 0 0 3 0 0 3 4 0 2 
0 0 5 0 6 0 0 0 0 0 0 0 5 0 0 0 0 0 0 0 0 0 0 0 0 0 0 0 0 0 0 0 5 2 
0 0 0 2 0 2 2 1 1 3 4 2 0 1 0 2 0 0 0 0 0 0 0 0 5 0 0 4 2 2 0 3 0 2 
0 4 5 6 0 4 0 0 0 8 6 1 0 2 0 3 0 0 0 0 0 1 0 0 5 1 0 0 0 0 2 0 0 3 
0 2 1 2 0 3 0 2 0 0 2 1 0 2 0 5 3 0 0 0 0 0 0 0 5 0 0 5 1 4 6 0 0 0 
3 0 0 0 5 0 0 0 0 7 3 0 0 0 2 0 2 0 0 0 0 0 0 0 4 4 2 0 0 0 2 0 0 0 
0 2 4 3 0 2 3 3 1 0 1 0 0 0 5 8 0 0 0 0 0 0 0 0 0 4 2 0 1 0 2 0 0 0 
4 6 5 4 0 2 0 0 1 0 1 0 0 0 3 0 4 0 6 0 0 2 1 0 0 6 6 0 0 0 0 0 0 0 
1 0 0 4 0 5 7 7 3 0 0 0 0 3 6 0 5 2 0 2 3 0 0 0 0 2 0 0 0 0 3 0 0 0 
1 0 5 4 0 0 0 0 2 0 0 0 0 2 5 0 1 0 0 1 3 1 0 2 2 2 0 0 2 1 0 0 0 0 
0 0 3 2 0 1 0 0 0 0 2 4 0 0 1 0 0 0 0 0 2 0 0 0 0 0 0 0 0 1 0 0 0 0 
0 3 1 0 0 1 0 0 0 0 1 0 5 0 0 5 0 0 6 0 0 6 0 4 1 0 4 0 0 2 0 0 0 0 
0 5 2 0 0 0 0 4 4 0 0 0 2 2 2 0 0 0 3 1 0 4 2 1 0 0 3 0 0 0 0 0 3 0 
0 0 0 0 0 0 0 1 0 0 0 0 1 4 0 3 0 0 0 0 0 0 0 0 0 3 1 0 0 0 0 0 3 0 
0 0 0 0 0 2 6 0 0 4 2 0 1 3 0 3 0 0 0 0 0 0 0 4 0 4 2 0 0 0 0 0 0 0 
0 0 0 0 0 1 4 1 2 0 0 6 0 0 5 0 0 0 0 0 0 0 0 0 0 0 0 6 6 4 3 0 0 0 
0 3 0 3 0 2 5 0 4 3 0 5 3 2 0 3 0 0 0 0 0 3 0 0 0 0 0 2 6 4 4 0 0 0 
0 0 0 1 0 0 3 2 1 1 2 5 4 2 0 2 2 0 0 0 0 0 0 0 0 0 0 0 4 1 2 0 0 0 
3 0 0 0 4 0 0 0 0 0 0 0 0 0 5 0 0 0 0 0 0 0 0 0 0 0 2 0 2 1 0 0 0 0 
0 1 0 2 0 0 1 0 0 0 0 0 0 0 6 0 0 0 0 0 0 0 0 0 0 0 0 0 0 0 0 7 3 0 
0 3 2 0 5 0 0 0 2 1 0 3 0 0 5 0 0 0 1 0 0 0 0 0 0 0 2 1 0 3 0 5 2 0 
0 0 0 0 3 0 0 4 0 0 0 0 0 0 6 0 0 0 0 0 0 3 2 0 0 0 5 0 0 0 0 1 3 0 
0 2 0 4 0 0 0 6 4 0 0 3 1 0 0 0 2 0 0 0 0 6 0 0 2 0 0 0 2 0 0 3 0 0 
3 0 0 0 0 0 0 0 0 0 0 0 0 0 6 0 0 0 0 0 0 0 0 0 0 0 5 0 0 0 0 6 3 0 
0 2 4 0 0 0 0 0 0 0 0 0 0 0 6 0 0 0 0 0 0 4 0 4 0 0 1 4 3 1 0 3 1 0 
0 1 0 2 6 5 5 0 0 0 0 0 3 0 0 3 0 3 0 0 0 5 1 3 2 0 0 7 0 0 0 0 4 0 
0 2 5 2 0 2 2 3 0 0 1 0 0 0 0 1 2 0 0 0 0 6 0 0 0 2 0 2 0 0 0 0 0 0 
0 1 3 2 0 1 0 5 0 0 0 0 6 0 4 0 0 0 0 0 0 0 0 0 0 0 0 0 0 0 0 0 4 0 
4 0 0 0 7 0 0 0 5 3 1 0 0 2 0 3 0 5 0 0 0 5 0 0 0 0 0 0 0 0 0 0 7 4 
5 3 2 0 4 1 0 0 5 1 2 0 6 6 0 2 0 3 1 0 0 3 0 0 0 2 0 1 0 0 0 0 0 2 
3 0 0 2 3 0 2 1 4 4 4 1 3 4 6 0 0 0 0 0 0 0 0 0 4 2 0 3 0 0 0 0 5 5 
2 3 2 3 0 0 3 2 1 3 4 2 3 1 3 3 0 0 0 0 0 0 0 0 0 0 0 3 0 0 1 2 0 4 
400 355
0 0 0 2
0 0 1 0
0 0 0 2
0 4 0 2
0 4 0 16
0 4 1 4
0 32 0 24
0 32 0 33
0 32 3 32
0 33 0 32
0 33 1 33
0 33 0 32
1 1 1 4
1 1 5 1
1 1 1 4
1 1 5 1
1 22 1 19
1 22 1 27
1 22 0 22
1 22 2 22
1 33 2 33
2 0 7 0
3 2 3 4
3 2 2 2
3 2 5 2
3 12 3 4
3 12 3 32
3 12 13 12
4 24 4 15
4 24 4 27
4 24 5 24
5 1 5 2
5 1 6 1
5 9 5 5
5 9 5 10
5 9 4 9
5 9 7 9
5 9 5 5
5 9 5 10
5 9 4 9
5 9 7 9
5 10 5 11
5 10 4 10
5 10 6 10
5 10 4 10
6 30 6 29
6 30 5 30
6 30 7 30
6 30 6 29
6 30 5 30
6 30 7 30
7 9 7 4
7 9 7 10
7 9 16 9
8 14 8 15
8 14 7 14
8 14 9 14
8 15 8 14
8 15 8 25
8 15 6 15
8 15 13 15
8 15 8 14
8 15 8 25
8 15 6 15
9 14 10 14
9 16 9 18
9 16 10 16
9 16 9 18
9 16 10 16
9 18 9 21
9 18 13 18
9 18 9 21
9 18 13 18
9 26 9 25
9 26 8 26
9 26 13 26
9 26 9 25
9 26 8 26
9 26 13 26
10 6 10 5
10 6 10 7
10 6 8 6
10 6 16 6
10 14 10 13
10 14 9 14
10 14 11 14
10 14 10 13
10 14 11 14
12 20 11 20
13 18 13 15
13 18 13 21
13 18 14 18
13 18 13 15
13 21 13 23
13 21 11 21
13 21 14 21
14 1 14 2
14 1 13 1
14 1 18 1
21 31 21 14
21 31 21 32
21 31 4 31
21 31 22 31
27 27 27 24
27 27 27 32
27 27 26 27
27 27 28 27
30 4 30 0
30 4 30 8
30 4 27 4
30 4 31 4
30 32 30 21
30 32 30 33
30 32 29 32
30 32 32 32
31 0 31 1
31 0 30 0
31 0 32 0
32 24 32 14
32 24 32 25
32 24 32 14
32 24 32 25
32 33 32 32
32 33 31 33
32 33 33 33
33 33 33 31
33 33 32 33
33 33 33 31
0 4 0 16
0 4 1 4
0 16 0 17
0 17 0 18
0 24 0 23
1 33 2 33
2 31 2 30
2 31 1 31
2 31 2 30
2 31 1 31
4 10 4 9
4 10 4 11
6 7 6 5
7 26 7 25
7 26 7 25
8 25 7 25
8 25 9 25
9 22 9 25
9 25 10 25
9 25 10 25
10 17 10 16
11 16 10 16
12 20 11 20
13 21 13 23
13 21 14 21
29 7 29 5
29 7 29 12
29 7 28 7
32 14 32 13
32 14 29 14
32 14 33 14
32 14 32 13
33 30 33 27
0 17 0 18
0 24 0 23
4 8 4 7
6 7 6 5
7 25 7 24
10 16 10 17
31 13 31 12
31 13 30 13
31 13 32 13
31 13 31 12
31 13 30 13
31 13 32 13
4 6 4 5
5 25 5 24
7 24 7 16
7 24 6 24
7 24 7 16
31 12 31 10
31 12 29 12
31 12 32 12
31 12 31 10
4 6 4 5
5 5 5 3
5 5 6 5
29 12 29 7
29 12 29 14
29 12 27 12
29 12 29 14
29 14 29 32
29 32 27 32
29 32 30 32
30 10 30 9
30 17 30 15
30 17 30 21
30 17 31 17
3 4 3 2
3 4 3 12
3 4 1 4
3 4 1 4
4 3 5 3
5 3 5 2
5 3 4 3
5 3 6 3
5 3 5 2
26 14 26 2
26 14 26 21
26 14 25 14
26 14 26 2
26 14 26 21
26 14 25 14
27 4 27 3
27 4 27 5
27 4 30 4
27 4 27 3
27 4 27 5
27 6 27 5
27 6 27 12
27 6 28 6
27 32 27 27
27 32 26 32
28 10 28 7
28 21 28 16
28 21 28 25
28 21 27 21
28 21 28 16
28 21 28 25
28 21 27 21
28 27 27 27
29 7 28 7
1 4 1 11
1 11 1 19
1 11 2 11
1 11 1 19
1 19 1 22
1 19 0 19
1 19 2 19
2 3 2 2
2 5 2 11
2 11 2 18
2 19 2 22
2 22 2 27
2 22 1 22
24 7 24 3
24 7 24 8
24 7 23 7
24 7 24 3
24 7 24 8
24 7 23 7
24 8 24 11
24 8 22 8
25 14 25 0
25 14 25 26
25 14 23 14
25 14 25 0
26 2 26 1
26 2 28 2
26 21 26 23
26 21 27 21
26 23 26 26
26 23 27 23
26 23 27 23
28 15 27 15
0 19 0 20
0 20 0 21
0 21 0 22
2 3 2 2
3 2 5 2
23 7 23 4
23 7 19 7
24 3 24 1
24 3 21 3
24 16 24 21
24 21 24 16
24 21 24 24
24 21 23 21
24 21 24 24
24 21 23 21
25 26 25 31
25 26 23 26
26 1 27 1
26 27 26 28
26 27 27 27
26 27 26 28
26 28 26 29
26 31 25 31
27 24 27 23
0 21 0 22
1 22 1 27
1 27 1 30
1 27 2 27
1 30 2 30
20 14 20 26
20 14 17 14
20 14 21 14
21 14 21 31
21 14 20 14
21 14 22 14
21 14 20 14
23 4 22 4
24 1 22 1
24 28 24 31
25 26 25 31
25 26 23 26
25 31 25 32
25 31 24 31
25 31 26 31
25 32 23 32
25 32 23 32
27 22 27 21
22 4 20 4
22 4 23 4
22 4 20 4
24 28 24 31
27 21 27 17
20 4 20 0
20 4 7 4
21 3 21 1
21 6 19 6
22 1 22 2
22 1 22 2
27 17 27 15
19 3 18 3
20 0 11 0
20 0 25 0
27 17 27 15
30 0 30 4
30 0 31 0
11 2 11 3
11 2 9 2
11 2 12 2
27 12 27 6
10 0 9 0
10 3 9 3
10 3 11 3
10 3 9 3
10 3 11 3
11 3 11 2
9 0 9 1
9 0 7 0
9 0 9 1
9 1 9 2
9 1 8 1
9 1 13 1
9 1 9 2
9 3 9 2
9 3 8 3
7 0 7 4
7 4 7 9
8 1 8 2
8 2 8 3
8 2 9 2
8 2 8 3
11 2 12 2
6 1 6 2

7222

3 = 3 - 5 = = = = = = = = = = = 3 3 2 2 2 3 3 2 4 - - - - - - - 5 4 
1 4 = = 7 - - - - - - 4 = = = = = = = 6 = = 7 = = = = 4 - - 2 2 | 3 
1 ǁ 3 2 ǁ 1 - - - - - 3 - - - - - - 1 2 - - 4 - - - - 3     3 4 | 2 
| ǁ 5 = 6 = = = = = = = 5 - - - - - - - - - - - - - - - - - - - 5 2 
| ǁ ǁ 2   2 2 1 1 3 4 2 | 1   2 - - - - - - - - 5 - - 4 2 2   3   2 
| 4 5 6 - 4 = = = 8 6 1 | 2   3           1     5 1         2 |   3 
| 2 1 2   3 = 2   ǁ 2 1 | 2   5 3               5     5 1 4 6 |     
3 - - - 5 = = = = 7 3   |   2 ǁ 2 = = = = = = = 4 4 2       2 |     
| 2 4 3 | 2 3 3 1 | 1   |   5 8 = = = = = = = = = 4 2   1   2 |     
4 6 5 4 | 2 |   1 | 1   |   3 | 4 = 6 = = 2 1 - - 6 6         |     
1 | | 4 | 5 7 7 3 |     | 3 6 | 5 2 ǁ 2 3         2 ǁ       3 |     
1 | 5 4 |   |   2 |     | 2 5 | 1   ǁ 1 3 1   2 2 2 ǁ   2 1   |     
| | 3 2 | 1 |     | 2 4 |   1 |     ǁ   2 |         ǁ     1   |     
| 3 1   | 1 |     | 1   5     5 = = 6 - - 6 = 4 1   4     2   |     
| 5 2   |   | 4 4 |     2 2 2       3 1   4 2 1     3         | 3   
| |     |   | 1   |     1 4   3                   3 1         | 3   
| |     | 2 6     4 2   1 3   3               4   4 2         |     
| |     | 1 4 1 2     6     5                         6 6 4 3 |     
| 3   3 | 2 5   4 3   5 3 2 | 3           3           2 6 4 4 |     
|     1 |   3 2 1 1 2 5 4 2 | 2 2                       4 1 2 |     
3 - - - 4   | |             5 - - - - - - - - - - - 2   2 1   |     
| 1 - 2 ǁ   1 |             6 = = = = = = = = = = = = = = = = 7 3   
| 3 2 | 5     | 2 1   3     5       1               2 1   3   5 2   
| |   | 3 - - 4 |           6             3 2       5         1 3   
| 2 - 4 = = = 6 4 - - 3 1   |   2 = = = = 6 = = 2   ǁ   2 = = 3 ǁ   
3 = = = = = = = = = = = = = 6 - - - - - - - - - - - 5 = = = = 6 3   
  2 4 = = = = = = = = = = = 6 = = = = = = 4 - 4 - - 1 4 3 1   3 1   
  1 | 2 6 5 5 = = = = = 3     3 = 3 - - - 5 1 3 2 - - 7 = = = = 4   
  2 5 2 ǁ 2 2 3 - - 1   |     1 2 = = = = 6 = = = 2   2         |   
  1 3 2 ǁ 1 - 5 = = = = 6 = 4 - - - - - - - - - - - - - - - - - 4   
4 = = = 7 - - - 5 3 1   | 2 | 3 - 5 - - - 5 - - - - - - - - - - 7 4 
5 3 2   4 1     5 1 2 = 6 6 | 2   3 1     3       2   1         | 2 
3     2 3   2 1 4 4 4 1 3 4 6 = = = = = = = = = 4 2   3         5 5 
2 3 2 3     3 2 1 3 4 2 3 1 3 3                       3 - - 1 2 = 4 
