34 34
3 3 2 0 0 0 4 4 0 0 4 4 0 0 0 0 6 0 0 0 0 0 0 0 0 0 0 6 0 0 0 0 6 3 
0 0 1 1 2 1 0 0 4 2 0 2 2 4 4 2 0 3 0 0 0 6 3 1 1 3 2 0 1 2 0 3 0 0 
0 4 5 4 6 3 0 4 5 0 7 0 0 7 6 2 0 4 0 5 4 0 2 0 3 0 1 0 0 1 3 3 0 0 
0 1 0 1 2 1 0 4 4 1 0 2 0 4 3 3 0 2 1 0 2 0 2 1 0 2 0 6 4 1 0 0 0 0 
3 0 5 0 0 0 6 0 0 0 6 0 0 0 0 0 6 0 0 5 0 6 0 0 6 2 0 0 0 2 0 0 0 0 
0 1 0 2 2 1 0 3 2 2 0 2 0 4 2 3 0 3 3 0 0 0 2 1 0 0 0 0 0 0 0 0 0 0 
0 0 0 0 0 2 0 2 0 0 0 3 2 0 2 0 0 0 0 0 0 0 0 0 0 0 0 0 0 0 0 0 0 0 
3 2 0 0 4 0 0 2 4 5 0 3 0 0 0 0 0 0 0 0 0 0 0 0 0 0 0 0 0 0 0 0 0 0 
3 2 0 0 0 0 0 0 0 0 0 1 0 0 0 0 0 0 0 0 0 0 0 0 0 0 0 0 0 0 0 0 0 0 
4 0 8 4 0 3 0 0 0 0 0 3 4 0 3 5 0 2 0 0 0 0 4 4 0 0 0 0 0 0 0 0 0 0 
0 0 0 2 0 0 0 6 4 0 0 0 2 0 1 3 0 0 0 0 0 0 2 0 0 0 0 0 0 0 0 2 0 0 
0 0 0 0 0 0 0 0 0 3 0 2 0 0 0 1 0 0 0 0 0 0 0 0 0 0 0 0 3 0 0 1 0 0 
0 2 0 5 6 4 0 0 0 0 0 0 2 0 0 1 0 2 0 0 0 0 0 0 0 0 0 0 0 0 0 0 0 0 
0 0 0 0 0 1 0 0 0 2 0 0 0 0 5 4 0 0 0 0 0 0 0 0 0 0 0 0 0 0 0 2 0 0 
0 4 0 0 0 2 0 0 0 1 0 0 0 0 3 0 0 0 0 0 1 0 2 0 0 0 0 0 0 0 0 0 0 0 
0 0 0 0 0 0 0 0 0 3 0 0 0 0 0 0 0 5 4 0 0 0 1 0 0 0 0 0 0 0 0 0 0 1 
0 0 0 0 0 4 0 0 0 0 0 0 4 5 3 0 0 0 0 0 0 0 3 5 0 0 0 0 0 3 0 0 0 2 
0 0 0 0 0 0 0 0 4 4 0 0 0 0 1 0 0 0 0 0 0 0 4 0 0 0 4 5 0 0 0 4 0 0 
0 3 5 0 0 0 0 0 0 1 0 0 4 4 3 0 0 0 0 0 0 0 2 0 0 0 2 0 0 0 0 0 0 0 
0 1 0 0 0 0 0 0 5 3 0 0 0 1 2 0 0 0 1 0 3 6 0 5 2 3 3 4 3 0 0 0 0 3 
0 0 0 0 0 0 0 0 0 0 0 3 6 0 7 5 0 0 0 0 1 3 0 3 1 2 2 2 1 0 0 0 0 0 
0 3 4 0 0 0 0 0 4 2 0 3 0 3 5 2 0 4 0 4 0 0 0 0 0 0 0 0 0 3 0 0 0 0 
0 1 0 4 0 0 0 0 3 1 0 2 0 1 0 1 0 0 1 4 0 0 0 0 0 0 0 1 1 1 0 4 4 3 
0 2 5 5 0 0 0 6 0 0 5 0 6 0 5 2 0 5 5 3 4 0 6 0 0 0 5 0 7 4 0 4 1 3 
0 1 3 4 0 0 0 0 3 3 0 3 4 0 3 2 0 2 3 2 4 2 2 1 3 2 4 1 0 3 0 2 1 3 
0 0 3 4 0 0 0 2 0 2 0 2 3 4 0 0 4 0 0 0 0 0 0 0 4 3 4 1 0 1 0 0 0 0 
0 0 0 0 0 0 0 1 0 1 0 0 0 3 0 0 0 0 0 0 0 0 0 0 0 0 0 0 7 0 6 0 6 3 
4 0 0 0 7 4 0 4 4 0 4 0 6 0 0 0 0 0 0 0 4 2 2 0 5 0 3 2 3 3 4 1 0 1 
0 2 0 0 5 1 0 3 3 1 0 1 3 0 0 0 0 0 0 0 0 0 0 0 5 0 0 0 0 0 5 2 0 0 
0 1 2 4 0 0 6 0 2 2 6 0 0 0 0 0 0 0 0 0 0 0 0 0 0 0 0 0 0 0 4 2 0 0 
0 0 3 6 4 1 4 1 2 0 0 0 3 0 0 4 2 4 0 0 0 0 0 0 0 0 0 0 0 0 5 5 7 4 
0 0 2 2 4 2 0 0 4 5 0 0 2 0 0 0 1 2 1 0 3 3 0 4 0 0 0 0 3 1 2 1 0 1 
2 5 0 0 0 0 6 5 3 3 5 0 0 0 0 4 0 0 0 0 3 3 1 0 0 1 0 0 2 3 4 0 6 1 
1 4 4 3 0 0 2 2 4 3 4 0 0 0 0 0 0 0 0 0 0 0 0 5 0 0 0 0 0 0 3 1 3 2 
400 354
0 16 0 11
0 16 0 27
0 16 4 16
0 16 0 11
0 16 0 27
0 16 4 16
0 27 0 32
0 27 3 27
0 32 0 27
0 32 0 33
0 32 22 32
0 33 0 32
0 33 15 33
1 21 1 17
1 21 1 22
1 21 4 21
1 21 1 17
1 21 1 22
1 21 4 21
2 10 2 8
2 10 2 13
2 10 0 10
2 10 4 10
2 19 2 17
2 19 2 20
2 19 4 19
2 20 2 19
2 20 3 20
2 20 2 19
3 20 14 20
4 16 4 10
4 16 4 19
4 16 25 16
4 16 4 10
4 19 21 19
4 21 4 24
4 21 19 21
4 21 4 24
4 21 19 21
4 24 4 25
4 24 2 24
4 24 19 24
4 24 4 25
9 2 9 0
9 2 9 3
9 2 4 2
9 2 18 2
9 2 9 0
9 2 9 3
9 2 4 2
9 2 18 2
9 15 9 14
9 15 5 15
9 15 10 15
12 1 14 1
12 3 12 4
12 3 10 3
12 3 22 3
14 1 12 1
14 1 18 1
14 1 18 1
15 17 15 18
15 17 12 17
15 17 21 17
16 23 16 22
16 23 9 23
16 23 19 23
16 33 19 33
17 22 16 22
17 22 18 22
17 22 16 22
17 22 18 22
19 8 19 9
19 8 17 8
19 8 21 8
19 21 19 20
19 21 19 23
19 21 20 21
19 21 19 20
20 14 20 12
20 14 20 15
20 14 19 14
20 14 21 14
23 17 23 18
23 17 21 17
23 17 24 17
23 22 23 20
23 22 23 26
23 22 24 22
23 22 23 20
23 22 23 26
23 22 24 22
23 28 23 26
23 28 23 29
23 28 22 28
23 28 26 28
27 4 27 0
27 4 27 5
27 4 12 4
27 4 28 4
28 24 28 12
28 24 28 30
28 24 27 24
30 32 30 31
30 32 30 33
30 32 26 32
30 32 32 32
30 33 30 32
30 33 27 33
30 33 31 33
33 23 33 10
33 23 33 30
33 23 31 23
0 11 0 10
0 11 1 11
0 27 3 27
0 32 22 32
1 9 1 8
1 11 1 12
1 12 1 13
1 13 1 14
1 13 2 13
1 13 1 14
1 14 1 15
1 14 2 14
1 15 2 15
1 17 2 17
2 13 2 10
2 13 2 14
2 13 3 13
2 14 2 13
2 14 2 15
2 14 3 14
2 14 2 13
2 17 3 17
3 11 3 13
3 13 3 11
3 13 3 14
3 14 3 15
3 18 3 17
3 27 3 25
3 27 3 28
3 27 17 27
3 27 3 25
4 10 4 6
4 10 2 10
4 10 23 10
4 19 21 19
7 9 7 8
7 9 5 9
7 9 11 9
9 0 8 0
9 0 27 0
13 14 13 15
13 14 10 14
13 14 14 14
15 22 14 22
16 5 14 5
16 5 27 5
16 5 14 5
16 5 27 5
16 33 19 33
17 26 17 27
17 26 18 26
17 26 17 27
17 26 18 26
19 20 20 20
19 33 22 33
20 21 20 23
23 3 23 2
23 3 22 3
23 3 24 3
23 7 23 10
23 7 10 7
23 7 25 7
23 7 23 10
23 7 10 7
23 7 25 7
23 20 23 19
23 20 24 20
23 28 23 26
23 28 23 29
23 28 26 28
24 23 24 24
25 3 25 2
25 3 24 3
25 3 25 2
25 3 24 3
25 16 25 13
25 16 25 24
25 16 25 13
26 28 26 13
26 28 26 30
26 28 27 28
27 0 27 4
27 0 32 0
27 20 27 12
27 20 27 21
27 20 27 12
27 20 27 21
27 22 27 24
32 22 32 21
32 25 32 28
0 10 0 7
0 10 2 10
1 9 1 8
1 25 1 24
1 25 1 26
1 25 1 26
2 26 2 24
3 9 3 8
4 6 4 2
4 6 0 6
4 6 29 6
4 6 4 2
4 6 0 6
7 4 5 4
7 4 12 4
7 4 5 4
7 4 12 4
9 3 5 3
9 3 10 3
10 7 10 8
10 7 7 7
10 7 10 8
10 7 7 7
10 8 7 8
10 8 17 8
12 4 12 3
12 4 12 5
12 5 9 5
12 5 13 5
12 5 9 5
14 22 10 22
17 8 17 9
17 8 19 8
17 9 15 9
17 9 18 9
17 9 15 9
20 21 20 23
24 3 24 2
24 20 24 19
24 20 24 21
24 20 24 19
25 2 24 2
25 24 25 25
25 24 24 24
25 24 25 25
25 29 24 29
27 4 27 5
27 4 28 4
27 12 27 10
27 12 25 12
27 12 28 12
27 12 27 10
27 22 27 24
29 6 29 3
29 6 29 8
29 6 30 6
29 6 29 3
29 6 29 8
0 6 0 2
0 6 0 7
0 7 2 7
0 7 2 7
1 8 2 8
2 7 2 8
2 7 3 7
2 24 2 22
3 7 3 8
3 8 3 7
3 8 2 8
3 22 3 23
3 22 2 22
5 5 6 5
6 5 9 5
6 7 5 7
7 8 7 9
7 8 5 8
10 22 9 22
12 3 22 3
15 9 14 9
22 3 22 1
23 3 23 2
24 24 24 25
28 5 28 4
29 3 29 2
29 3 30 3
30 3 30 2
30 3 30 4
30 3 31 3
30 3 30 2
30 3 30 4
30 4 30 5
30 4 31 4
30 6 30 7
30 6 32 6
30 6 32 6
31 4 31 3
31 4 31 5
31 4 31 5
32 6 32 1
32 6 32 7
32 6 33 6
32 6 32 1
32 7 32 8
32 7 33 7
33 2 33 1
33 2 33 3
33 2 33 1
33 2 33 3
33 3 33 6
1 8 2 8
1 22 1 23
5 7 5 8
5 7 6 7
5 9 7 9
9 22 9 23
9 22 5 22
9 22 9 23
9 23 5 23
11 9 13 9
13 9 11 9
16 23 19 23
19 23 19 24
19 23 20 23
20 24 20 25
21 1 21 2
21 1 19 1
21 1 21 2
21 2 18 2
23 3 23 2
28 4 28 1
31 2 30 2
32 7 32 8
32 7 33 7
33 1 33 0
33 1 32 1
33 8 33 9
33 8 32 8
33 8 33 9
18 1 18 2
18 2 21 2
28 4 28 1
29 2 29 1
31 8 31 9
31 8 30 8
31 8 31 9
31 8 30 8
32 0 32 1
33 8 33 9
33 10 33 23
33 10 32 10
33 10 32 10

4659

3 3 2 - - - 4 4 - - 4 4 = = = = 6 = = = = = = = = = = 6 = = = = 6 3 
    1 1 2 1 ǁ ǁ 4 2 ǁ 2 2 4 4 2 ǁ 3 = = = 6 3 1 1 3 2 ǁ 1 2   3 ǁ | 
  4 5 4 6 3 ǁ 4 5 - 7 = = 7 6 2 ǁ 4 - 5 4 ǁ 2 - 3 - 1 ǁ   1 3 3 ǁ | 
  1   1 2 1 ǁ 4 4 1 ǁ 2 = 4 3 3 ǁ 2 1 | 2 ǁ 2 1 | 2 = 6 4 1     ǁ | 
3   5 = = = 6 - - - 6 = = = = = 6 - - 5 | 6 = = 6 2   |   2     ǁ | 
  1 ǁ 2 2 1 | 3 2 2 | 2   4 2 3 | 3 3 ǁ | ǁ 2 1 |     |         ǁ | 
    ǁ | ǁ 2 | 2 | ǁ | 3 2   2 | |     ǁ | ǁ | | |     |         ǁ | 
3 2 ǁ | 4 | | 2 4 5 | 3       | |     ǁ | ǁ | | |     |         ǁ | 
3 2 ǁ | ǁ | | ǁ | | | 1       | |     ǁ | ǁ | | |     |         ǁ | 
4 = 8 4 ǁ 3 | ǁ | | | 3 4   3 5 | 2   ǁ | ǁ 4 4 |     |         ǁ | 
|   ǁ 2 ǁ ǁ | 6 4 | |   2   1 3 |     ǁ | ǁ 2 | |     |       2 ǁ | 
|   ǁ | ǁ ǁ | ǁ | 3 | 2     | 1 |     ǁ | ǁ | | |     | 3     1 ǁ | 
| 2 ǁ 5 6 4 | ǁ | ǁ |   2   | 1 | 2   ǁ | ǁ | | |     |         ǁ | 
| ǁ ǁ ǁ | 1 | ǁ | 2 |       5 4 | |   ǁ | ǁ | | |     |       2 ǁ | 
| 4 ǁ ǁ | 2 | ǁ | 1 |       3   | |   ǁ 1 ǁ 2 | |     |         ǁ | 
| ǁ ǁ ǁ | ǁ | ǁ | 3 |           | 5 4 ǁ   ǁ 1 | |     |         ǁ 1 
| ǁ ǁ ǁ | 4 | ǁ | ǁ |   4 5 3   | |   ǁ   ǁ 3 5 |     |   3     ǁ 2 
| ǁ ǁ ǁ | ǁ | ǁ 4 4 |       1   | |   ǁ   ǁ 4 ǁ |   4 5       4 ǁ ǁ 
| 3 5 ǁ | ǁ | ǁ ǁ 1 |   4 4 3   | |   ǁ   ǁ 2 ǁ |   2           ǁ ǁ 
| 1 ǁ ǁ | ǁ | ǁ 5 3 |     1 2   | | 1 ǁ 3 6 - 5 2 3 3 4 3       ǁ 3 
| | ǁ ǁ | ǁ | ǁ |   | 3 6 - 7 5 | |   ǁ 1 3 = 3 1 2 2 2 1       ǁ | 
| 3 4 ǁ | ǁ | ǁ 4 2 | 3   3 5 2 | 4   4                   3     ǁ | 
| 1 - 4 | ǁ | ǁ 3 1 | 2   1   1 | | 1 4               1 1 1   4 4 3 
| 2 5 5 | ǁ | 6 = = 5   6   5 2 | 5 5 3 4 = 6 = = = 5 = 7 4   4 1 3 
| 1 3 4 | ǁ | ǁ 3 3   3 4   3 2 | 2 3 2 4 2 2 1 3 2 4 1 ǁ 3   2 1 3 
|   3 4 | ǁ | 2   2   2 3 4 = = 4 - - - - - - - 4 3 4 1 ǁ 1         
|       | ǁ | 1   1     | 3 - - - - - - - - - - - - - - 7 - 6   6 3 
4 = = = 7 4 | 4 4   4 = 6 = = = = = = = 4 2 2 = 5   3 2 3 3 4 1 | 1 
| 2 = = 5 1 | 3 3 1   1 3 - - - - - - - - - - - 5 - - - - - 5 2 | | 
| 1 2 4 = = 6 = 2 2 6                                       4 2 | | 
|   3 6 4 1 4 1 2       3     4 2 4                         5 5 7 4 
|   2 2 4 2 ǁ   4 5     2       1 2 1   3 3   4         3 1 2 1 | 1 
2 5 = = = = 6 5 3 3 5         4         3 3 1 |   1 - - 2 3 4   6 1 
1 4 4 3 - - 2 2 4 3 4 = = = = = = = = = = = = 5 - - - - - - 3 1 3 2 
