34 34
1 2 4 0 0 0 0 0 0 0 0 0 0 0 0 0 0 0 0 0 0 0 0 0 4 0 0 0 0 0 0 3 2 0 
3 0 6 0 0 0 0 0 0 0 0 0 5 4 4 1 0 0 0 0 0 4 0 0 5 2 2 3 1 2 3 6 8 4 
0 0 0 2 4 2 1 2 0 0 0 0 4 2 0 0 0 0 0 2 0 5 1 2 4 0 0 3 4 0 1 0 5 4 
0 0 0 1 3 0 0 4 2 3 0 0 0 0 6 4 2 0 0 0 0 0 0 0 0 6 4 1 0 5 0 4 5 2 
4 4 0 2 0 3 0 4 2 2 0 0 0 0 0 3 0 0 0 0 0 0 4 4 2 0 3 2 0 2 1 0 3 1 
3 0 0 2 5 0 0 7 0 0 0 0 0 0 5 0 0 0 0 0 0 0 0 0 0 5 2 3 0 2 0 0 3 0 
3 3 0 0 1 2 0 5 0 0 0 0 0 0 0 3 0 0 0 0 0 0 4 4 2 3 1 6 6 3 0 0 3 3 
0 1 0 1 0 3 0 4 0 1 0 0 0 0 0 3 0 0 3 0 2 0 0 0 4 2 0 2 0 0 0 0 0 2 
4 0 6 0 0 0 0 0 0 0 0 0 0 0 5 0 0 0 0 0 0 0 6 3 4 0 6 0 5 0 5 5 2 2 
0 2 0 1 4 1 1 0 0 1 0 0 0 0 0 1 0 0 4 0 0 0 5 0 2 1 0 0 0 2 0 0 3 3 
0 0 0 4 7 0 5 0 0 4 0 2 0 0 0 3 0 0 7 0 3 1 2 3 0 0 7 1 0 5 7 5 0 2 
0 0 0 4 3 1 0 0 0 0 0 0 0 0 0 3 0 0 5 3 3 0 1 3 0 0 5 1 0 3 3 1 0 1 
0 0 0 0 1 0 7 0 0 0 0 0 0 0 7 0 0 0 0 0 0 0 0 0 0 0 0 0 5 0 0 0 6 4 
0 0 0 5 5 0 6 0 5 3 1 3 5 1 0 2 0 5 4 0 4 0 0 0 0 0 0 0 0 2 5 2 0 3 
0 0 0 1 0 1 0 0 0 2 1 1 0 1 0 3 2 0 0 0 0 0 0 0 0 0 0 0 0 3 5 3 0 0 
0 0 0 2 0 0 0 0 4 0 0 4 0 0 0 0 0 0 0 0 0 0 0 0 0 0 0 0 0 0 0 0 0 0 
0 0 0 0 0 0 0 1 2 0 0 3 0 0 0 0 0 0 0 0 0 0 0 0 0 0 0 0 0 0 0 0 0 2 
0 4 0 3 4 2 0 3 5 0 4 4 0 0 0 0 0 0 0 0 0 0 0 0 0 0 0 0 0 0 0 0 0 0 
0 0 0 3 5 2 0 0 0 0 0 2 0 0 0 0 0 0 0 0 0 0 0 0 0 0 0 0 0 0 0 0 0 0 
0 0 0 2 4 0 5 5 6 0 0 0 7 3 0 4 0 4 0 0 7 0 0 0 2 0 0 0 0 0 0 0 0 0 
2 3 0 0 3 0 3 1 3 3 0 2 0 1 0 3 1 0 0 0 0 0 0 0 0 0 0 0 0 0 0 0 0 0 
1 0 0 2 6 0 0 0 0 0 0 4 0 0 0 4 4 0 0 0 0 0 0 0 0 0 0 0 0 3 0 0 0 0 
0 0 0 0 0 1 0 0 0 2 1 0 0 0 0 0 2 0 0 0 5 0 3 1 0 0 0 0 0 2 0 2 1 0 
0 0 0 3 6 0 0 0 0 3 3 0 0 0 0 0 0 0 0 0 1 0 0 0 0 0 0 0 0 0 0 1 2 0 
0 0 0 1 3 0 2 0 0 0 1 0 0 0 0 4 0 4 0 0 0 0 0 0 0 0 0 0 5 0 7 0 4 3 
4 0 6 0 0 0 0 0 0 0 0 5 4 4 7 0 0 0 0 0 0 0 0 5 4 5 5 0 5 1 0 1 3 0 
0 0 0 2 5 0 0 0 0 0 0 2 3 0 0 0 2 0 3 0 0 0 1 0 3 0 0 0 2 0 0 0 0 0 
0 0 0 2 6 1 4 0 0 3 0 0 2 0 0 0 0 0 0 0 0 0 0 0 0 0 1 2 1 0 0 0 0 0 
0 0 0 2 0 0 3 0 0 3 0 0 0 4 0 2 3 0 4 0 0 0 3 5 3 0 0 0 0 0 0 0 0 3 
4 4 0 0 3 3 0 0 0 4 5 2 2 4 0 2 2 0 4 0 3 1 0 1 0 0 0 0 2 0 5 0 6 5 
1 3 0 0 0 2 2 2 1 0 2 1 0 2 0 4 3 0 2 1 1 0 0 0 0 0 0 0 0 0 0 0 0 0 
2 2 0 4 5 0 0 0 0 7 0 0 0 0 6 0 0 0 0 0 0 0 4 0 0 4 0 4 2 0 2 1 0 0 
4 0 6 0 5 5 0 6 4 7 4 4 0 0 6 0 0 0 0 0 0 0 0 0 0 0 0 0 0 6 6 2 3 6 
4 2 1 2 0 4 1 3 1 3 4 2 2 0 6 0 0 0 0 0 3 0 0 1 0 0 0 0 0 2 4 4 2 2 
400 278
1 12 1 2
1 12 1 13
1 12 2 12
1 32 1 31
1 32 1 33
1 32 0 32
1 32 2 32
1 32 1 31
1 32 1 33
1 32 0 32
1 32 2 32
1 33 2 33
1 33 2 33
2 33 2 32
2 33 3 33
5 7 5 4
5 7 5 14
5 7 4 7
5 7 6 7
10 4 10 3
10 4 10 6
10 4 9 4
10 4 11 4
10 18 10 15
10 18 10 20
10 18 9 18
10 18 11 18
10 26 10 23
10 26 10 27
10 26 8 26
10 26 11 26
10 29 10 30
10 29 9 29
10 29 11 29
12 6 12 4
12 6 12 14
12 6 10 6
12 6 13 6
13 3 13 4
13 3 11 3
13 3 14 3
13 8 13 6
13 8 13 9
13 8 15 8
13 12 13 11
13 12 13 13
13 12 19 12
13 17 13 15
13 17 13 18
13 17 19 17
14 5 17 5
15 3 17 3
19 20 19 17
19 20 19 24
19 20 13 20
19 20 22 20
24 30 24 28
24 30 24 32
24 30 14 30
24 30 29 30
25 14 25 13
25 14 25 23
25 14 12 14
25 14 31 14
25 25 25 24
25 25 25 26
25 25 31 25
29 33 29 32
29 33 28 33
29 33 32 33
30 15 30 16
30 15 29 15
30 15 30 16
30 15 29 15
31 9 31 4
31 9 31 14
31 9 29 9
31 9 32 9
32 4 32 2
32 4 32 5
32 4 31 4
32 7 32 5
32 7 32 8
32 7 33 7
32 7 32 5
32 7 32 8
32 7 33 7
32 8 32 9
32 8 33 8
32 9 32 10
32 9 31 9
32 9 33 9
32 33 32 32
32 33 29 33
32 33 33 33
33 0 33 1
33 0 32 0
33 0 33 1
33 0 32 0
33 7 33 6
33 14 33 12
33 14 33 20
33 14 32 14
33 14 33 12
33 14 33 20
33 14 32 14
1 31 1 30
1 31 0 31
1 31 3 31
1 31 1 30
2 32 3 32
10 26 10 23
10 26 8 26
10 26 11 26
11 5 11 4
12 6 12 14
12 6 10 6
12 6 13 6
13 3 13 4
13 3 11 3
13 6 13 4
13 6 13 8
13 6 19 6
14 13 19 13
15 3 17 3
23 20 22 20
24 15 24 17
24 15 21 15
24 15 24 17
24 15 21 15
24 17 24 28
24 17 19 17
28 15 28 16
32 0 32 2
32 0 31 0
32 2 32 4
32 2 25 2
32 2 33 2
32 2 25 2
32 9 32 10
32 9 31 9
32 10 32 11
32 10 33 10
32 11 32 14
32 11 33 11
32 11 32 14
32 33 32 32
32 33 33 33
33 3 33 5
33 5 33 3
33 5 32 5
33 5 32 5
33 9 33 10
33 9 33 10
33 10 33 11
0 31 0 24
0 31 0 24
2 32 3 32
8 26 8 24
8 26 8 28
8 26 6 26
8 26 8 24
9 25 9 24
11 3 11 4
11 3 10 3
13 4 17 4
13 4 17 4
19 24 19 20
21 15 21 16
21 15 20 15
21 16 20 16
21 16 22 16
21 16 22 16
25 2 25 0
25 2 25 11
25 2 8 2
25 2 25 0
26 4 26 3
26 4 26 11
26 4 27 4
28 15 28 16
29 1 29 0
29 1 30 1
29 1 29 0
29 1 30 1
29 10 29 9
29 10 29 11
29 10 30 10
30 8 30 7
31 1 31 0
31 1 30 1
31 3 31 4
31 3 28 3
31 3 31 4
31 3 28 3
32 4 31 4
0 24 0 2
0 24 1 24
6 27 6 28
6 27 5 27
6 27 7 27
6 27 6 28
6 27 5 27
6 27 7 27
6 28 6 29
6 28 2 28
6 28 8 28
6 28 6 29
8 2 8 0
8 2 8 14
8 2 1 2
8 2 8 0
8 2 8 14
9 1 17 1
10 3 10 4
10 3 9 3
10 4 10 6
10 4 9 4
14 16 14 15
17 1 9 1
17 1 20 1
17 1 20 1
20 1 20 0
20 15 19 15
25 0 21 0
25 0 29 0
29 0 30 0
30 7 30 6
0 2 0 1
0 2 1 2
0 2 0 1
1 2 1 0
1 2 1 12
1 2 1 0
3 29 3 31
3 29 1 29
3 29 4 29
4 1 4 0
4 1 6 1
4 1 4 0
4 1 6 1
7 1 6 1
8 0 6 0
8 0 20 0
9 4 9 5
14 16 14 15
19 15 19 17
19 15 14 15
19 15 20 15
19 20 13 20
19 20 22 20
22 20 22 22
22 22 22 20
22 22 22 23
22 29 21 29
0 0 1 0
2 28 2 27
2 28 1 28
2 28 2 27
2 30 1 30
4 0 5 0
4 0 5 0
5 0 6 0
13 17 13 15
13 17 13 18
13 18 13 20
13 18 11 18
13 20 13 29
22 29 21 29
1 29 3 29
12 14 8 14
12 14 25 14
12 14 8 14
21 29 14 29
10 11 10 9
10 9 10 6
10 9 10 11
10 9 9 9

6239

1 2 4 - - - - - - - - - - - - - - - - - - - - - 4 = = = = = = 3 2   
3 = 6 = = = = = = = = = 5 4 4 1           4     5 2 2 3 1 2 3 6 8 4 
    | 2 4 2 1 2         4 2           2   5 1 2 4     3 4 ǁ 1 | 5 4 
    | 1 3     4 2 3         6 4 2                 6 4 1 | 5 - 4 5 2 
4 4 | 2   3   4 2 2           3             4 4 2   3 2 | 2 1   3 1 
3 ǁ | 2 5 - - 7 - - - - - - 5                     5 2 3 | 2     3   
3 3 |   1 2   5               3             4 4 2 3 1 6 6 3     3 3 
| 1 | 1   3   4   1           3     3   2       4 2 | 2 |         2 
4 = 6 = = = = = = = = = = = 5               6 3 4 = 6 - 5   5 5 2 2 
| 2 | 1 4 1 1     1         ǁ 1     4       5   2 1 ǁ     2     3 3 
| ǁ | 4 7 = 5 - - 4 = 2     ǁ 3 - - 7 - 3 1 2 3 = = 7 1   5 7 5   2 
| ǁ | 4 3 1 ǁ               ǁ 3     5 3 3   1 3     5 1   3 3 1   1 
| ǁ | ǁ 1 - 7 = = = = = = = 7       |                   5       6 4 
| ǁ | 5 5 - 6 = 5 3 1 3 5 1 ǁ 2 = 5 4 - 4 - - - - - - - - 2 5 2   3 
| ǁ | 1 ǁ 1 |   | 2 1 1 | 1 ǁ 3 2 |     ǁ                 3 5 3     
| ǁ | 2 ǁ | |   4     4 | | ǁ |   |     ǁ                 | |       
| ǁ | ǁ ǁ | | 1 2     3 | | ǁ |   |     ǁ                 | |     2 
| 4 | 3 4 2 | 3 5   4 4 | | ǁ |   |     ǁ                 | |       
| ǁ | 3 5 2 |         2 | | ǁ |   |     ǁ                 | |       
| ǁ | 2 4   5 5 6       7 3 ǁ 4 - 4 - - 7 = = = 2         | |       
2 3 |   3   3 1 3 3   2   1 ǁ 3 1 |     ǁ                 | |       
1   | 2 6             4     ǁ 4 4 |     ǁ                 3 |       
|   |     1       2 1       ǁ ǁ 2 |     5 = 3 1           2 | 2 1   
|   | 3 6         3 3       ǁ ǁ   |     1                   | 1 2   
|   | 1 3   2       1       ǁ 4 = 4 - - - - - - - - - - 5 - 7 - 4 3 
4 = 6 - - - - - - - - 5 4 4 7 - - - - - - - - 5 4 5 5   5 1 | 1 3   
|   ǁ 2 5 - - - - - - 2 3   |   2   3       1   3 |     2   |       
|   ǁ 2 6 1 4     3     2   |                     | 1 2 1   |       
|   ǁ 2     3     3       4 | 2 3   4       3 5 3 |         |     3 
4 4 ǁ ǁ 3 3       4 5 2 2 4 | 2 2   4   3 1   1   |     2   5   6 5 
1 3 ǁ ǁ   2 2 2 1 | 2 1   2 | 4 3   2 1 1         |               ǁ 
2 2 ǁ 4 5 - - - - 7 - - - - 6               4     4   4 2   2 1   ǁ 
4 - 6 = 5 5 = 6 4 7 4 4 = = 6                             6 6 2 3 6 
4 2 1 2 = 4 1 3 1 3 4 2 2 = 6 = = = = = 3     1           2 4 4 2 2 
