34 34
4 0 0 0 0 5 0 0 0 0 0 0 0 0 0 0 0 0 0 0 0 0 0 1 1 0 0 2 0 0 0 4 3 2 
0 3 0 4 2 0 3 4 0 0 0 0 0 6 0 0 0 0 4 0 0 0 0 0 0 0 0 0 0 0 0 5 2 4 
0 0 2 0 2 0 0 0 0 2 0 4 0 7 0 0 0 0 0 0 0 0 0 5 2 1 0 3 0 3 2 0 1 0 
0 0 6 5 1 0 0 0 0 2 0 0 0 3 4 4 0 0 0 5 4 0 0 0 3 0 3 2 0 0 1 0 0 0 
4 0 3 3 2 0 0 0 0 0 0 0 0 0 0 4 2 0 2 2 0 0 1 0 0 0 0 2 0 4 1 0 0 0 
4 0 4 5 4 0 0 0 0 4 0 0 0 5 4 0 0 0 0 0 0 1 0 0 0 0 0 0 0 0 0 0 0 0 
2 0 2 0 2 0 2 0 0 2 0 0 0 2 2 7 0 0 4 0 0 0 0 0 0 0 0 0 0 0 0 0 2 0 
3 4 0 5 5 0 1 0 0 0 0 0 0 4 2 0 0 1 0 0 2 4 4 5 4 0 0 1 0 0 0 0 0 0 
3 0 0 0 0 0 0 0 0 0 0 0 0 0 0 0 0 0 0 0 0 0 0 0 0 0 0 0 0 0 0 0 0 0 
3 0 2 5 4 0 2 5 0 0 0 0 0 5 0 5 2 5 0 0 0 6 0 0 0 0 5 0 0 6 4 0 0 0 
0 0 1 2 2 0 1 5 0 0 4 2 0 2 2 3 1 3 0 2 0 2 0 0 3 2 0 1 0 4 3 0 0 0 
6 7 0 0 0 6 0 0 0 0 0 0 0 0 0 0 0 0 0 0 0 0 0 0 0 0 6 4 5 0 0 5 3 0 
0 0 3 5 2 0 3 0 0 0 0 0 0 0 0 0 0 0 0 0 0 1 2 0 4 2 0 3 0 2 1 0 3 0 
0 0 1 0 0 0 0 0 0 0 0 0 0 2 0 2 0 0 2 0 0 0 0 0 5 0 0 0 0 0 0 0 2 0 
0 0 4 8 4 0 0 0 0 0 0 0 0 0 0 0 0 0 0 0 0 0 0 0 0 4 0 0 2 0 0 0 1 0 
0 0 0 0 0 0 0 0 2 0 0 0 0 6 0 4 0 0 0 0 0 0 0 0 0 0 0 6 0 6 2 0 0 0 
0 0 4 0 3 0 0 0 0 0 0 0 0 1 0 0 0 0 0 0 0 0 0 0 0 0 0 0 1 0 1 0 0 0 
0 0 2 0 0 0 6 0 0 0 0 0 0 0 0 7 0 0 0 0 0 0 0 0 6 6 0 5 3 0 0 0 3 0 
2 0 0 0 0 0 5 3 1 2 3 0 4 3 0 0 0 0 0 0 0 0 0 0 4 4 0 3 4 0 0 0 0 0 
1 5 0 7 3 0 0 0 0 0 3 2 0 4 2 0 0 0 0 0 0 0 0 0 2 1 0 0 2 0 0 0 4 4 
4 5 2 0 1 0 0 3 0 6 0 0 5 0 0 5 0 0 0 0 0 0 0 0 0 0 7 0 0 6 4 0 0 1 
2 0 2 0 0 0 2 2 0 3 3 0 6 3 2 0 1 3 0 2 1 2 1 3 2 1 0 1 0 4 5 0 0 2 
2 5 4 0 0 0 2 5 0 5 4 1 3 3 2 0 0 0 1 0 0 6 0 3 0 0 5 0 0 1 0 0 0 0 
1 2 0 7 3 0 0 2 1 5 0 0 0 0 0 5 0 4 2 2 0 5 0 0 0 4 3 3 5 0 4 0 0 0 
0 3 3 4 1 0 4 0 0 4 1 0 0 0 0 4 0 0 0 0 0 0 0 0 0 5 3 1 4 0 3 0 0 0 
3 0 0 0 0 4 0 0 0 0 0 0 0 0 0 0 0 0 0 0 0 0 0 0 0 0 0 0 0 0 0 4 5 5 
0 2 0 2 0 0 1 2 0 0 2 2 0 0 0 0 5 0 3 1 1 2 0 0 0 2 2 2 4 4 1 0 0 3 
0 0 0 3 2 0 2 0 5 0 6 0 0 0 0 0 6 0 0 0 0 0 0 0 0 5 4 5 0 5 4 0 0 2 
0 0 0 0 0 0 4 3 2 3 6 0 0 0 4 4 0 1 5 2 2 0 0 0 0 4 2 0 0 3 4 0 3 4 
0 0 0 0 0 0 2 4 0 5 3 1 0 0 3 3 0 2 5 0 3 1 1 0 0 4 3 0 0 0 0 0 2 0 
1 2 0 0 0 5 0 0 0 0 0 0 0 0 0 0 5 0 0 0 0 0 0 0 0 0 0 6 5 5 4 0 4 4 
3 0 0 0 0 5 3 0 2 1 4 0 3 0 4 2 3 0 2 1 0 2 0 2 0 3 0 4 2 4 2 0 0 3 
4 1 0 5 0 4 2 0 0 0 5 0 0 0 0 0 0 0 0 0 0 0 0 0 0 0 0 0 0 0 0 5 6 3 
4 3 1 4 4 3 2 2 3 2 3 0 0 0 0 0 0 0 0 0 0 4 2 1 0 0 0 0 0 0 0 3 3 2 
400 411
0 0 0 5
0 0 4 0
0 0 0 5
0 0 4 0
0 5 0 23
0 5 11 5
0 5 11 5
1 13 1 7
1 13 1 18
1 13 2 13
1 13 1 7
1 13 1 18
1 13 2 13
1 18 1 31
1 18 4 18
3 2 3 3
3 2 2 2
3 2 4 2
3 2 3 3
3 2 2 2
3 2 4 2
3 15 3 14
3 15 4 15
3 15 3 14
3 15 4 15
4 0 4 2
4 0 5 0
4 15 4 16
4 15 6 15
5 0 5 2
5 0 6 0
5 0 5 2
5 2 5 3
5 2 6 2
5 21 7 21
6 15 6 14
6 15 6 18
6 15 9 15
7 4 7 3
7 4 6 4
7 4 9 4
11 0 11 1
11 0 9 0
11 0 18 0
11 0 11 1
11 0 9 0
11 0 18 0
11 1 11 5
11 1 7 1
11 1 19 1
11 5 11 1
11 5 11 26
11 5 25 5
11 26 11 27
11 26 9 26
11 26 20 26
11 26 11 27
11 26 9 26
11 28 11 27
11 28 11 31
11 28 14 28
12 3 12 2
12 3 12 4
12 3 14 3
13 24 13 18
13 24 12 24
13 24 17 24
14 3 14 2
14 3 14 4
14 3 12 3
14 3 19 3
14 25 12 25
14 25 17 25
14 25 12 25
14 25 17 25
15 27 15 29
15 27 12 27
15 27 17 27
15 27 15 29
15 27 12 27
15 27 17 27
15 29 15 30
15 29 12 29
15 29 20 29
15 29 15 30
16 2 14 2
16 2 17 2
16 2 14 2
16 2 17 2
16 28 17 28
16 30 20 30
17 6 17 15
17 6 12 6
17 6 18 6
17 6 17 15
17 6 12 6
17 6 18 6
17 15 17 24
17 15 15 15
17 15 20 15
17 25 17 24
17 25 18 25
17 25 17 24
17 25 18 25
18 25 18 24
18 25 19 25
20 26 20 15
20 26 20 29
20 26 22 26
20 29 20 26
20 29 20 30
20 29 21 29
20 29 20 30
20 30 20 33
21 30 21 29
21 30 21 33
21 30 23 30
23 3 23 1
23 3 23 4
23 3 19 3
23 3 24 3
23 28 23 27
23 28 23 30
23 28 24 28
25 32 25 31
25 32 25 33
25 32 28 32
33 0 33 1
33 0 32 0
33 0 33 1
33 0 32 0
0 24 0 27
0 27 0 31
0 31 0 32
0 31 1 31
0 31 0 32
1 1 1 3
1 7 1 6
1 7 9 7
3 14 3 13
3 14 5 14
4 16 4 18
5 14 5 13
5 14 6 14
5 14 5 13
6 18 6 15
7 23 7 22
7 23 7 24
7 23 2 23
9 0 8 0
10 7 10 6
10 7 10 10
10 7 9 7
10 10 10 7
10 10 10 11
10 10 10 11
12 2 12 3
12 2 13 2
12 4 14 4
12 6 12 21
12 22 12 24
12 24 12 22
12 24 13 24
12 27 11 27
12 29 12 30
14 2 14 3
14 3 14 4
14 3 19 3
14 4 16 4
14 28 11 28
15 8 15 13
16 4 19 4
16 13 15 13
17 24 17 15
17 24 13 24
18 24 19 24
19 24 18 24
19 28 18 28
19 32 19 33
19 32 17 32
19 32 19 33
19 32 17 32
19 33 1 33
19 33 1 33
20 26 20 15
20 26 22 26
22 2 22 1
22 2 21 2
22 2 22 1
22 2 21 2
32 0 32 1
32 0 31 0
32 3 32 5
32 3 27 3
32 3 33 3
33 1 33 2
33 3 33 4
33 3 32 3
33 3 33 4
33 4 33 5
1 1 1 3
1 3 1 4
1 3 3 3
1 4 2 4
1 6 6 6
1 33 1 32
1 33 0 33
2 4 3 4
2 11 2 9
2 11 2 13
2 11 2 9
2 11 2 13
2 13 3 13
2 23 2 24
2 23 7 23
2 23 2 24
3 3 4 3
3 3 4 3
3 20 3 19
3 20 7 20
3 20 3 19
3 20 7 20
4 22 7 22
6 15 9 15
7 17 9 17
7 21 7 22
7 21 9 21
7 21 7 22
7 23 7 24
8 0 7 0
8 0 7 0
9 21 9 17
9 21 9 26
9 21 10 21
9 21 9 17
9 21 9 26
10 7 9 7
10 25 10 24
11 28 11 31
13 18 13 15
15 8 15 13
16 4 19 4
17 32 14 32
19 28 18 28
20 2 20 1
30 5 30 16
30 5 25 5
30 5 31 5
31 0 30 0
31 14 31 12
31 14 31 15
31 14 31 12
31 14 31 15
33 4 33 5
0 33 0 32
1 6 6 6
2 13 3 13
2 25 2 27
3 9 5 9
3 19 4 19
4 19 3 19
7 6 9 6
7 24 7 27
7 24 3 24
9 6 9 7
9 7 9 13
9 26 9 29
9 29 9 30
9 29 4 29
9 29 10 29
9 29 9 30
9 29 4 29
9 30 4 30
9 30 10 30
10 24 10 21
10 24 10 25
10 27 10 29
10 29 10 30
10 30 10 29
13 32 12 32
18 28 18 27
18 28 17 28
20 2 20 1
25 0 25 5
25 0 23 0
25 0 25 5
25 31 25 32
25 31 32 31
25 31 25 32
25 33 21 33
25 33 26 33
25 33 26 33
27 4 27 3
29 9 29 7
29 9 29 10
29 9 28 9
30 1 26 1
31 12 31 10
3 9 5 9
3 24 3 26
4 29 4 27
4 29 2 29
5 9 5 13
5 9 6 9
5 13 6 13
5 13 6 13
7 13 7 14
7 13 9 13
7 13 7 14
7 13 9 13
10 19 10 17
13 32 12 32
17 28 17 27
18 27 17 27
21 30 21 29
21 30 23 30
23 30 23 28
24 30 24 28
24 30 26 30
24 30 24 28
25 33 26 33
26 3 26 1
26 3 27 3
26 29 26 28
26 29 27 29
26 29 26 28
26 29 27 29
27 30 27 29
27 30 28 30
27 30 27 29
27 30 28 30
27 33 28 33
28 30 28 29
28 30 30 30
30 30 30 29
30 30 31 30
30 30 30 29
31 10 31 9
31 10 32 10
31 10 32 10
31 30 31 29
32 3 32 5
3 24 3 26
3 26 3 27
3 30 2 30
4 27 3 27
10 19 10 17
12 32 11 32
17 27 18 27
21 29 21 27
22 29 22 26
27 33 28 33
28 33 28 32
28 33 30 33
30 33 30 32
30 33 31 33
30 33 30 32
31 29 31 28
31 29 30 29
31 29 31 28
31 33 32 33
2 27 2 29
28 32 29 32
29 32 30 32
30 28 30 27
30 28 30 29
30 28 26 28
30 32 32 32
31 27 31 25
31 27 30 27
31 27 31 25
31 27 30 27
31 33 32 33
32 32 32 31
32 32 32 33
32 32 33 32
32 32 32 31
32 32 33 32
33 33 33 32
2 27 2 29
2 30 2 32
6 32 11 32
11 31 11 32
27 27 27 26
27 27 26 27
27 27 30 27
27 29 28 29
28 29 30 29
30 27 30 16
30 27 30 28
30 28 26 28
31 25 31 23
33 31 33 23
33 31 32 31
33 31 32 31
1 31 1 32
24 28 24 27
29 18 29 17
29 18 29 20
29 18 28 18
31 23 31 21
33 22 33 21
23 28 23 27
33 22 33 21
23 27 23 26
33 21 33 10
33 21 31 21
31 19 31 18
31 18 31 16
31 16 30 16
31 16 30 16

7342

4 = = = = 5 - - - - - - - - - - - - - - - - - 1 1 - - 2 - - - 4 3 2 
ǁ 3 = 4 2 ǁ 3 4 = = = = = 6 = = = = 4 - - - - - - - - - - - - 5 2 4 
ǁ   2 | 2 ǁ ǁ |   2 = 4 = 7         |         5 2 1 - 3 = 3 2 - 1 ǁ 
ǁ   6 5 1 ǁ ǁ |   2       3 4 4     | 5 4     ǁ 3 = 3 2   | 1     ǁ 
4 - 3 3 2 ǁ ǁ |   ǁ         | 4 2 - 2 2 ǁ   1 ǁ |     2 - 4 1     ǁ 
4 = 4 5 4 ǁ ǁ |   4 - - - 5 4 |         ǁ 1 | ǁ |         ǁ |     ǁ 
2   2   2 ǁ 2 |   2       2 2 7 = = 4   ǁ | | ǁ |         ǁ |   2 ǁ 
3 4   5 5 ǁ 1 |           4 2 ǁ   1     2 4 4 5 4 - - 1   ǁ |   | ǁ 
3 |     | ǁ | |           ǁ   ǁ   |       |               ǁ |   | ǁ 
3 | 2 5 4 ǁ 2 5 - - - - - 5   5 2 5 = = = 6 = = = = 5 - - 6 4   | ǁ 
ǁ | 1 2 2 ǁ 1 5 = = 4 2   2 2 3 1 3 = 2   2 - - 3 2 ǁ 1 - 4 3   | ǁ 
6 7 = = = 6 - - - - - - - - - - - - - - - - - - - - 6 4 5 = = 5 3 ǁ 
ǁ | 3 5 2 | 3 - - - - - - - - - - - - - - 1 2 = 4 2 | 3 ǁ 2 1   3 ǁ 
ǁ | 1 ǁ | | ǁ             2   2 - - 2 - - - - - 5 ǁ | ǁ ǁ |     2 ǁ 
ǁ | 4 8 4 | ǁ                                   ǁ 4 | ǁ 2 |     1 ǁ 
ǁ | ǁ ǁ | | ǁ   2 = = = = 6   4                 ǁ ǁ | 6 = 6 2   | ǁ 
ǁ | 4 ǁ 3 | ǁ             1   |                 ǁ ǁ | ǁ 1 | 1   | ǁ 
ǁ | 2 ǁ ǁ | 6 = = = = = = = = 7 = = = = = = = = 6 6 | 5 3 | |   3 ǁ 
2 |   ǁ ǁ | 5 3 1 2 3   4 3   |                 4 4 | 3 4 | |   ǁ ǁ 
1 5   7 3 |         3 2   4 2 |                 2 1 |   2 | |   4 4 
4 5 2 | 1 |   3   6     5     5 = = = = = = = = = = 7 = = 6 4 - - 1 
2   2 |   | 2 2   3 3   6 3 2   1 3   2 1 2 1 3 2 1 ǁ 1 - 4 5 - - 2 
2 5 4 |   | 2 5   5 4 1 3 3 2       1     6   3     5 - - 1 ǁ     | 
1 2 - 7 3 |   2 1 5           5   4 2 2   5       4 3 3 5 = 4     | 
| 3 3 4 1 | 4     4 1         4                   5 3 1 4 = 3     | 
3 = = = = 4                                                 | 4 5 5 
  2 - 2   | 1 2     2 2         5   3 1 1 2       2 2 2 4 4 1 | | 3 
  |   3 2 | 2   5   6           6                 5 4 5 ǁ 5 4 | | 2 
  |   |   | 4 3 2 3 6       4 4   1 5 2 2         4 2 | ǁ 3 4 | 3 4 
  |   |   | 2 4 - 5 3 1     3 3   2 5 - 3 1 1     4 3 | ǁ | | | 2 | 
1 2   |   5 - - - - - - - - - - 5 - - - - - - - - - - 6 5 5 4 | 4 4 
3     |   5 3   2 1 4 - 3 = 4 2 3 - 2 1   2 - 2 - 3 = 4 2 4 2 | | 3 
4 1   5 = 4 2       5                     |                   5 6 3 
4 3 1 4 4 3 2 2 3 2 3 - - - - - - - - - - 4 2 1 - - - - - - - 3 3 2 
