34 34
4 0 0 0 4 0 0 0 0 3 0 0 0 0 0 0 0 0 0 0 0 0 4 2 2 0 3 2 3 2 3 0 4 2 
3 1 2 0 0 0 0 0 0 0 0 0 0 0 0 5 0 0 0 0 0 0 5 0 0 0 4 0 4 0 2 0 3 1 
1 0 0 2 0 0 0 0 0 0 5 2 2 3 2 6 4 0 0 0 3 1 0 4 6 2 1 0 4 0 5 3 3 2 
2 0 4 0 0 0 0 0 0 0 3 3 0 3 1 3 2 0 3 2 3 1 0 0 2 2 0 3 0 0 0 4 0 2 
0 0 4 1 0 0 0 0 0 0 4 0 0 0 0 6 0 0 0 0 6 1 0 0 1 0 3 0 0 0 0 0 0 0 
0 0 4 0 0 0 4 2 0 0 4 0 3 1 0 2 0 0 0 0 3 2 0 0 1 0 6 2 0 0 0 2 0 0 
6 5 0 0 0 0 0 0 0 0 0 0 0 0 0 0 0 0 0 0 0 0 6 8 0 2 0 1 0 0 0 0 0 3 
2 0 2 1 2 0 0 0 0 0 3 0 0 0 2 0 2 1 3 3 1 0 0 0 3 0 7 2 0 0 0 0 0 0 
2 0 0 0 2 0 1 2 1 0 0 3 0 0 3 1 4 2 3 3 1 2 0 0 0 1 0 1 0 0 0 0 0 0 
0 0 5 4 0 0 0 5 2 0 0 4 2 0 0 0 2 1 1 0 0 0 0 0 2 2 0 0 0 0 0 0 0 0 
0 0 0 2 0 4 0 0 4 0 6 0 0 0 5 0 0 0 0 6 4 0 0 0 4 2 0 0 0 0 0 1 0 0 
4 3 5 2 3 0 0 3 2 0 0 1 2 0 4 0 3 4 2 0 2 0 0 0 4 1 0 0 0 0 0 0 0 2 
0 4 0 2 3 1 0 0 0 1 0 0 0 0 0 2 0 0 0 0 1 0 0 0 0 2 0 0 0 0 0 0 0 0 
0 0 3 0 0 0 0 7 6 0 0 3 0 0 6 4 0 0 0 0 1 0 0 0 0 0 0 0 0 0 0 0 0 0 
0 0 4 2 1 2 0 0 4 2 0 0 0 0 0 0 0 0 0 0 0 0 0 0 0 0 0 0 0 0 0 0 0 0 
3 0 1 0 0 0 0 0 1 0 0 0 0 0 0 0 0 0 0 0 0 0 0 0 0 4 0 0 0 0 0 0 0 0 
2 0 0 0 0 0 2 0 0 0 0 0 0 0 1 0 0 0 0 0 0 0 0 6 5 0 0 0 0 0 0 0 0 0 
2 0 0 0 0 0 0 0 0 0 0 0 0 0 0 0 0 0 0 3 3 0 0 0 2 0 0 0 0 0 0 0 0 0 
4 7 0 0 0 5 4 0 0 0 0 0 0 0 0 0 0 0 2 3 2 0 0 0 1 4 0 0 0 0 0 0 0 0 
1 0 3 4 4 6 0 5 0 0 5 0 0 0 0 0 5 5 0 3 5 6 0 6 4 0 0 0 0 0 0 0 0 0 
2 0 1 0 2 0 1 0 0 0 0 1 2 0 2 1 1 5 0 4 4 0 0 0 4 0 0 0 0 0 0 0 0 0 
0 0 2 7 0 5 3 0 2 0 6 0 0 0 2 3 0 5 2 1 0 3 0 2 2 0 0 0 0 0 0 0 0 0 
0 0 1 2 3 0 5 0 4 4 4 0 0 0 0 0 0 2 0 1 2 1 0 0 0 0 0 0 0 2 7 3 0 0 
0 0 1 0 3 1 2 0 1 2 2 0 3 0 0 0 0 0 4 0 2 0 0 0 0 0 0 0 0 1 5 1 0 0 
4 6 0 0 0 0 0 6 0 0 0 0 0 0 0 0 0 0 0 0 0 0 6 0 0 5 5 0 0 1 5 2 0 0 
2 4 0 0 6 5 2 0 1 2 0 0 0 4 0 0 0 0 0 3 2 0 0 1 0 2 3 3 0 0 0 0 0 0 
2 0 4 2 0 3 3 0 2 0 0 0 0 5 0 0 0 0 0 0 0 0 7 0 0 0 0 0 5 0 0 0 3 4 
3 0 5 3 6 2 1 0 1 0 0 0 0 6 0 2 2 3 0 0 0 0 5 4 3 4 4 2 5 0 5 3 1 2 
4 2 0 2 5 3 2 0 1 3 0 0 0 6 0 0 0 0 0 0 4 2 1 2 2 0 1 0 5 2 2 2 0 1 
1 0 3 0 0 0 0 6 0 0 0 0 0 0 0 0 0 0 0 0 0 0 0 0 0 4 0 0 0 0 0 0 4 4 
4 0 0 0 0 0 0 7 0 0 0 0 0 0 0 0 0 0 2 3 0 0 0 0 0 5 0 0 0 0 0 0 2 2 
0 1 0 0 0 0 0 0 2 4 0 0 0 0 5 0 0 2 0 0 1 3 0 2 2 5 0 2 0 0 3 2 0 1 
3 4 0 0 0 0 0 7 0 0 0 0 0 0 7 2 1 2 0 7 2 4 0 0 0 0 0 0 0 0 0 0 5 1 
1 3 0 0 0 2 0 3 0 2 2 1 1 0 5 0 3 1 0 5 2 3 3 2 0 0 0 0 0 0 0 0 4 2 
400 269
0 0 0 4
0 0 1 0
0 0 0 4
0 0 1 0
0 4 0 9
0 4 7 4
2 3 2 0
2 3 4 3
3 2 3 0
3 2 4 2
3 2 3 0
3 2 4 2
4 2 5 2
4 2 5 2
5 2 7 2
5 6 5 7
5 6 8 6
5 6 5 7
6 22 6 23
6 22 1 22
6 22 24 22
6 22 6 23
6 22 1 22
6 22 24 22
6 23 6 25
6 23 2 23
6 23 16 23
7 26 7 24
7 26 7 27
7 26 5 26
7 26 24 26
8 25 9 25
9 2 9 3
9 2 7 2
9 2 11 2
13 7 13 2
13 7 13 8
13 7 11 7
13 7 19 7
15 25 12 25
15 25 18 25
15 25 12 25
15 25 18 25
16 23 16 24
16 23 6 23
16 23 19 23
16 23 16 24
16 23 19 23
18 1 18 0
18 1 18 5
18 1 12 1
18 1 24 1
18 25 18 24
18 25 24 25
19 21 19 20
19 21 8 21
19 21 21 21
19 21 19 20
19 21 8 21
19 21 21 21
19 23 19 24
19 23 21 23
19 23 19 24
19 23 21 23
19 24 20 24
19 24 20 24
20 24 21 24
21 3 21 2
21 3 21 5
21 3 19 3
21 3 22 3
22 30 22 29
22 30 22 31
22 30 2 30
22 30 23 30
24 22 24 7
24 22 24 25
24 22 26 22
24 22 24 7
26 22 26 13
26 22 26 28
26 22 27 22
28 4 28 3
28 4 28 5
28 4 27 4
28 13 28 9
28 13 28 20
28 13 27 13
28 13 28 9
28 13 28 20
28 13 27 13
28 20 28 21
28 20 31 20
28 28 28 26
28 28 28 29
28 28 27 28
29 7 29 2
29 7 24 7
29 7 30 7
29 7 29 2
29 7 24 7
29 7 30 7
30 7 30 0
30 7 30 18
30 7 32 7
30 25 30 32
30 25 29 25
30 25 31 25
31 1 32 1
31 8 31 9
31 14 31 9
31 14 31 17
31 14 32 14
32 19 32 17
32 19 32 20
32 19 30 19
32 19 33 19
33 14 33 12
33 14 33 16
33 14 32 14
33 19 33 17
33 19 33 20
33 19 32 19
1 0 1 1
6 23 6 25
6 23 2 23
9 2 9 3
9 2 11 2
15 2 14 2
16 6 18 6
17 24 16 24
20 24 21 24
25 20 25 19
25 23 25 25
26 22 26 13
26 22 26 28
26 22 27 22
27 13 27 8
27 13 27 15
27 13 26 13
27 13 27 15
27 16 27 17
27 26 27 25
27 26 27 27
27 26 27 25
27 26 27 27
28 8 28 9
28 28 28 29
28 28 27 28
31 8 31 9
31 9 31 14
33 11 33 10
33 14 33 16
33 14 32 14
33 16 32 16
33 19 33 20
2 23 2 24
2 23 0 23
2 24 2 25
2 24 0 24
2 24 3 24
2 24 2 25
2 24 0 24
14 2 14 3
14 2 13 2
14 2 14 3
14 4 14 5
14 5 18 5
16 6 18 6
17 24 16 24
18 6 18 5
18 6 20 6
19 5 19 4
19 5 18 5
19 5 21 5
19 5 19 4
19 5 18 5
19 5 21 5
20 4 19 4
25 20 25 19
27 16 27 17
27 17 27 22
27 25 27 24
27 25 29 25
29 25 29 32
29 25 30 25
32 15 32 14
33 10 33 9
0 23 0 22
16 24 11 24
18 1 18 0
18 1 12 1
18 1 24 1
19 4 19 3
24 1 24 0
24 1 24 7
24 1 25 1
24 1 24 0
24 7 19 7
25 4 25 1
25 4 25 5
25 4 27 4
25 4 25 1
25 4 25 5
25 4 27 4
25 19 25 13
27 4 27 3
27 4 27 5
27 4 28 4
32 15 32 14
33 9 33 7
0 22 0 9
0 22 1 22
0 22 0 9
1 22 1 15
11 24 11 25
11 24 10 24
11 24 10 24
12 1 12 3
12 1 11 1
13 2 13 7
18 0 17 0
18 0 19 0
19 3 19 2
19 3 21 3
20 0 24 0
22 6 22 4
22 6 21 6
22 6 23 6
24 0 20 0
25 1 25 0
25 13 25 9
25 13 26 13
25 13 25 9
26 8 26 13
26 8 25 8
1 15 1 22
1 15 2 15
1 15 2 15
1 15 2 15
2 15 2 14
2 15 2 16
2 15 3 15
2 16 2 20
2 16 3 16
2 16 2 20
10 24 10 25
10 24 9 24
10 25 9 25
17 0 16 0
19 2 20 2
25 0 26 0
9 24 7 24
16 0 15 0
7 24 7 26
15 0 11 0
15 0 11 0
11 0 11 1
11 0 8 0
8 0 7 0
7 0 6 0
6 0 6 1
6 1 6 0
6 1 11 1
6 1 6 0
6 1 6 0
11 2 11 3
11 2 11 3
12 3 12 4

6654

4 = = = 4 - - - - 3 = = = = = = = = = = = = 4 2 2   3 2 3 2 3   4 2 
3 1 2   |                     5 = = = = = = 5 | ǁ   4   4   2   3 1 
1 - - 2 |           5 2 2 3 2 6 4 = = = 3 1 ǁ 4 6 2 1   4   5 3 3 2 
2 = 4 | |           3 3   3 1 3 2   3 2 3 1 ǁ ǁ 2 2   3     | 4   2 
    4 1 |           4         6         6 1 ǁ ǁ 1   3       |       
    4   |   4 2     4   3 1   2         3 2 ǁ ǁ 1   6 2     | 2     
6 5 |   |   |                               6 8 = 2 | 1     |     3 
2 | 2 1 2   |       3       2   2 1 3 3 1   ǁ ǁ 3 = 7 2     |       
2 | |   2   1 2 1     3     3 1 4 2 3 3 1 2 ǁ ǁ | 1 | 1     |       
| | 5 4       5 2     4 2       2 1 1     ǁ ǁ ǁ 2 2 |       |       
| | ǁ 2   4     4   6       5         6 4 ǁ ǁ ǁ 4 2 |       | 1     
4 3 5 2 3     3 2     1 2   4   3 4 2   2 ǁ ǁ ǁ 4 1 |       |     2 
ǁ 4 - 2 3 1   |   1           2         1 ǁ ǁ ǁ | 2 |       |       
ǁ ǁ 3 = = = = 7 6     3     6 4         1 ǁ ǁ ǁ | ǁ |       |       
ǁ ǁ 4 2 1 2   | 4 2                       ǁ ǁ ǁ | ǁ |       |       
3 ǁ 1     |   | 1                         ǁ ǁ ǁ | 4 |       |       
2 ǁ       | 2 |             1             ǁ ǁ 6 5 ǁ |       |       
2 ǁ       | ǁ |                       3 3 ǁ ǁ ǁ 2 ǁ |       |       
4 7 - - - 5 4 |                     2 3 2 ǁ ǁ ǁ 1 4 |       |       
1 ǁ 3 4 4 6 | 5     5           5 5   3 5 6 ǁ 6 4 | |       |       
2 ǁ 1 ǁ 2 ǁ 1 |       1 2   2 1 1 5   4 4 ǁ ǁ ǁ 4 | |       |       
ǁ ǁ 2 7 - 5 3 | 2   6       2 3   5 2 1   3 ǁ 2 2 | |       |       
ǁ ǁ 1 2 3 - 5 | 4 4 4             2   1 2 1 ǁ     | |     2 7 3     
ǁ ǁ 1   3 1 2 | 1 2 2   3           4   2   ǁ     | |     1 5 1     
4 6 - - - - - 6 = = = = = = = = = = = = = = 6 - - 5 5     1 5 2     
2 4 = = 6 5 2 ǁ 1 2 = = = 4 - - - - - 3 2   | 1 - 2 3 3             
2   4 2 ǁ 3 3 ǁ 2 - - - - 5 = = = = = = = = 7 = = = = = 5       3 4 
3   5 3 6 2 1 ǁ 1 - - - - 6 = 2 2 3 - - - - 5 4 3 4 4 2 5   5 3 1 2 
4 2   2 5 3 2 ǁ 1 3 = = = 6 = = = = = = 4 2 1 2 2 | 1 - 5 2 2 2   1 
1   3 = = = = 6                         |         4 - - - - - - 4 4 
4 - - - - - - 7 - - - - - - - - - - 2 3 |         5 - - - - - - 2 2 
  1           | 2 4 = = = = 5 - - 2   | 1 3   2 2 5   2     3 2   1 
3 4           7             7 2 1 2 - 7 2 4                     5 1 
1 3       2   3 - 2 2 1 1 - 5 = 3 1 - 5 2 3 3 2                 4 2 
