34 34
2 4 4 0 0 4 0 0 0 0 0 2 3 3 2 0 0 0 5 0 0 0 0 0 1 4 0 4 2 1 1 0 3 2 
0 2 2 2 1 0 4 0 5 1 2 3 1 0 2 3 0 0 0 0 0 0 0 0 0 2 0 0 0 0 1 0 0 1 
5 0 0 0 0 7 5 2 6 2 0 0 2 0 1 5 0 0 6 0 0 0 0 0 0 0 0 7 4 0 3 0 4 2 
0 0 1 0 0 3 4 0 0 0 0 4 3 0 2 6 2 0 0 0 0 0 0 0 0 2 0 0 2 0 0 0 0 0 
0 0 0 0 0 0 0 0 2 0 0 5 1 0 3 5 5 2 0 0 0 0 0 0 0 6 0 7 3 0 0 0 0 0 
0 0 0 0 0 0 3 0 0 0 1 1 0 0 1 0 0 2 0 0 0 0 0 0 0 0 2 0 0 0 0 0 0 0 
0 4 0 0 0 0 0 0 2 0 0 0 0 0 1 2 0 0 0 0 2 0 6 0 0 5 0 2 0 0 0 0 0 0 
0 0 0 0 0 0 0 0 0 0 0 0 0 0 1 2 0 0 0 2 0 0 3 1 2 3 0 0 0 0 0 0 0 0 
0 6 0 0 0 0 0 0 0 0 0 0 0 7 0 4 0 0 0 0 1 0 0 0 2 0 7 0 0 6 0 0 5 5 
0 0 4 2 0 0 0 0 0 0 0 2 2 0 1 2 4 6 0 5 0 0 0 0 0 0 5 5 2 0 3 5 1 1 
0 0 5 0 0 0 0 0 0 0 2 0 0 0 0 2 1 2 0 3 1 1 0 0 0 0 2 4 2 0 1 0 2 0 
0 0 0 0 0 0 0 3 0 0 3 0 0 0 4 0 0 0 5 0 0 0 0 0 0 0 0 0 0 5 0 4 5 2 
3 0 0 0 1 0 0 2 0 0 0 0 0 0 4 6 2 1 0 1 0 3 1 0 0 0 0 1 2 0 2 2 1 2 
0 0 0 0 0 0 0 0 0 0 6 6 4 0 0 0 1 0 0 3 0 7 0 0 0 0 5 5 0 0 3 0 0 0 
0 0 0 0 0 0 0 0 0 0 0 0 0 0 0 4 3 3 0 0 2 0 0 0 0 0 1 2 0 0 0 0 0 0 
0 0 4 0 5 0 0 0 0 0 6 3 2 0 0 2 0 0 0 0 6 7 0 3 1 4 0 0 5 0 0 0 4 3 
0 0 0 2 0 0 0 0 0 0 3 1 0 0 5 0 8 4 0 0 2 0 0 2 0 4 2 0 0 0 0 0 0 0 
0 0 4 4 0 0 0 0 0 0 0 0 0 0 0 2 0 0 0 1 0 3 0 7 0 0 0 0 4 0 4 7 7 2 
0 0 2 1 0 0 0 0 0 0 1 0 0 0 4 3 0 0 0 0 0 3 1 0 2 0 5 1 0 0 0 0 0 1 
0 6 6 2 0 0 0 0 0 0 0 0 0 0 4 2 2 0 0 3 0 6 0 5 0 0 5 2 0 3 0 2 0 0 
0 3 4 2 0 0 0 0 0 0 0 0 0 0 2 5 2 0 0 2 0 3 1 4 0 0 3 1 0 2 0 0 4 3 
0 1 2 1 0 0 0 0 0 0 0 0 0 0 0 2 0 0 0 0 0 0 0 2 0 0 1 0 0 1 0 1 4 1 
5 0 0 0 6 0 0 0 0 0 0 0 0 6 0 0 0 0 5 0 0 0 0 0 0 0 0 0 6 0 5 3 4 1 
0 2 0 0 0 1 0 4 0 0 3 2 0 0 1 3 2 1 0 0 1 0 0 3 3 3 3 1 0 2 0 0 2 4 
0 0 0 0 0 0 0 0 1 0 0 0 0 5 0 5 3 2 0 0 0 0 0 0 1 0 0 0 0 0 0 3 1 0 
0 0 0 0 0 0 0 0 2 1 0 2 0 0 1 0 0 0 0 0 0 0 0 0 0 0 0 1 4 4 0 2 1 0 
0 6 0 0 8 0 0 8 6 0 0 3 0 0 3 3 4 0 7 0 0 0 0 8 0 7 4 1 3 0 0 1 0 0 
0 0 1 2 0 2 2 5 1 0 0 0 0 0 2 3 2 1 3 2 1 3 3 6 3 4 2 0 0 2 0 2 4 0 
2 0 0 0 0 4 0 0 0 0 0 0 0 5 0 5 0 0 3 6 3 0 2 2 1 0 0 0 0 1 0 0 0 0 
0 0 2 3 0 3 0 0 0 0 0 2 0 0 2 4 1 0 1 3 2 0 0 0 0 0 0 0 0 2 7 0 4 4 
0 0 1 0 0 1 0 0 0 0 0 0 0 6 0 0 0 0 0 0 0 6 0 0 0 0 0 0 5 2 5 2 0 1 
0 5 4 3 4 0 0 0 0 0 2 1 0 4 0 0 0 0 0 3 2 0 2 0 2 1 0 0 0 0 3 2 0 1 
2 2 0 0 0 0 0 0 0 0 0 0 0 0 0 0 0 0 0 0 2 2 3 2 0 0 0 0 3 3 2 0 2 4 
2 0 0 0 1 0 0 0 0 0 0 0 0 0 0 0 0 0 0 0 1 0 1 3 2 1 0 0 4 0 0 0 2 2 
400 355
0 18 0 14
0 18 0 24
0 18 2 18
0 25 0 27
0 25 1 25
0 25 0 27
0 25 1 25
0 27 0 28
0 27 2 27
1 8 1 6
1 8 1 9
1 8 2 8
2 0 2 5
2 0 0 0
2 0 12 0
2 27 2 18
2 27 2 28
2 27 4 27
6 1 6 8
6 1 8 1
6 1 6 8
6 1 8 1
6 22 6 20
6 22 6 25
6 22 7 22
6 22 6 20
6 22 6 25
6 22 7 22
8 1 8 13
8 1 19 1
8 26 8 24
8 26 8 29
8 26 5 26
8 26 9 26
8 33 8 32
8 33 2 33
8 33 9 33
9 2 9 3
9 2 10 2
9 2 9 3
9 2 10 2
9 27 9 26
9 27 9 28
9 27 10 27
9 31 9 30
9 31 9 32
9 31 11 31
10 32 11 32
13 10 13 11
13 10 11 10
13 10 15 10
13 10 13 11
13 10 11 10
13 10 15 10
13 11 13 12
13 11 9 11
13 11 15 11
13 11 13 12
13 21 13 19
13 21 13 26
13 21 12 21
13 21 15 21
15 10 15 4
15 10 15 11
15 10 16 10
15 10 15 4
16 16 16 14
16 16 16 17
16 16 14 16
16 16 19 16
16 16 16 14
16 16 16 17
16 16 14 16
16 16 19 16
17 23 17 21
17 23 17 28
17 23 16 23
17 23 19 23
17 31 17 30
17 31 17 32
17 31 12 31
17 31 19 31
18 26 18 24
18 26 18 27
18 26 19 26
19 1 19 2
19 1 8 1
19 1 20 1
22 0 22 4
22 0 12 0
22 0 28 0
26 1 26 4
26 1 23 1
26 1 31 1
26 1 26 4
26 1 23 1
26 1 31 1
26 4 26 7
26 4 22 4
26 4 31 4
26 7 26 4
26 7 26 8
26 7 23 7
26 7 27 7
26 18 26 16
26 18 26 23
26 18 22 18
26 18 27 18
26 23 26 18
26 23 26 25
26 23 23 23
26 23 27 23
27 7 27 6
27 7 27 8
27 7 26 7
29 30 29 29
29 30 29 32
29 30 22 30
29 30 30 30
0 18 0 14
0 18 2 18
1 8 1 6
1 8 2 8
2 8 2 7
2 8 2 9
2 8 4 8
2 8 2 7
2 9 2 12
2 18 2 15
2 18 2 27
2 18 11 18
2 27 2 28
2 27 4 27
3 2 3 5
3 11 3 12
3 11 4 11
3 11 3 12
3 11 4 11
3 25 4 25
4 8 4 11
4 11 4 12
4 11 5 11
4 25 4 27
4 25 3 25
4 25 6 25
4 25 4 27
4 25 6 25
5 10 5 6
5 26 8 26
6 25 7 25
6 27 4 27
7 25 7 24
8 1 8 13
8 13 8 15
8 13 0 13
8 13 22 13
8 33 8 32
8 33 2 33
9 11 9 12
9 12 13 12
9 17 9 16
9 17 5 17
9 17 10 17
9 17 9 16
9 17 5 17
9 17 10 17
9 19 9 26
9 19 7 19
9 19 10 19
9 31 9 30
9 31 11 31
10 32 11 32
13 12 15 12
15 12 15 11
15 15 14 15
15 20 15 21
15 20 14 20
15 20 16 20
15 20 15 21
15 20 14 20
15 20 16 20
15 28 15 25
15 28 12 28
15 28 17 28
16 17 14 17
16 17 23 17
16 26 16 25
17 15 18 15
19 1 19 2
19 1 20 1
19 2 19 3
19 2 18 2
19 2 20 2
19 2 19 3
22 13 22 4
22 13 8 13
22 13 24 13
22 13 22 4
22 13 24 13
23 5 23 7
23 7 23 10
23 7 26 7
23 20 23 23
24 17 24 16
24 24 23 24
26 4 22 4
26 4 31 4
26 7 26 8
26 8 26 11
26 8 25 8
26 23 26 25
26 23 23 23
26 23 27 23
26 25 26 26
26 25 23 25
26 25 27 25
27 7 27 6
27 23 27 22
27 23 27 24
27 23 28 23
27 23 27 22
1 6 1 4
1 6 2 6
1 10 1 11
2 5 2 0
2 5 2 6
2 5 3 5
2 5 2 6
2 5 3 5
2 5 2 6
2 6 3 6
3 6 5 6
3 12 2 12
4 17 4 16
5 6 3 6
6 27 4 27
7 25 7 24
8 20 8 24
8 26 8 29
8 26 9 26
8 29 8 32
8 29 0 29
8 29 11 29
8 29 8 32
8 32 2 32
9 30 10 30
13 27 13 26
13 27 12 27
13 27 14 27
14 17 14 16
14 17 12 17
15 15 14 15
16 11 16 10
16 26 16 25
17 15 18 15
23 10 23 11
24 17 24 16
26 8 26 11
26 8 25 8
27 5 28 5
0 5 0 2
0 5 0 11
0 5 0 2
0 5 0 11
0 12 0 13
0 12 1 12
0 12 0 13
0 28 2 28
1 3 1 2
1 10 1 11
2 28 3 28
2 32 2 30
2 32 0 32
2 32 2 30
3 28 4 28
4 17 4 16
4 27 4 28
7 23 7 22
8 13 8 15
8 15 7 15
8 15 9 15
12 22 12 21
13 16 12 16
14 15 12 15
14 15 12 15
16 25 16 23
16 25 15 25
17 23 17 21
17 23 17 28
17 23 19 23
23 10 23 11
24 8 24 13
25 9 25 11
27 5 28 5
28 5 28 13
28 5 29 5
0 2 0 1
0 2 1 2
1 1 0 1
1 33 0 33
2 30 1 30
7 19 9 19
12 15 12 14
12 15 12 16
12 15 10 15
12 15 12 14
15 25 15 24
15 25 15 28
0 1 0 0
0 1 1 1
0 30 0 32
0 32 0 33
2 0 12 0
11 14 9 14
11 14 12 14
11 14 12 14
11 18 11 29
11 18 22 18
11 18 11 29
11 18 22 18
15 23 15 21
15 23 15 21
16 14 18 14
16 14 18 14
18 14 18 15
18 14 19 14
19 14 19 15
19 14 20 14
19 14 19 15
20 15 20 14
20 15 20 16
20 15 21 15
22 0 22 4
22 0 28 0
10 19 10 20
10 19 9 19
10 21 10 26
15 4 15 2
15 4 12 4
15 4 15 2
20 15 20 16
20 15 21 15
12 7 11 7
15 2 10 2
15 2 17 2
17 2 17 3
17 2 18 2
17 2 17 3
17 3 16 3
17 3 18 3
18 10 16 10
10 2 10 10
10 2 10 10
11 7 11 10
11 7 12 7

4369

2 4 4 = = 4 = = = = = 2 3 3 2 = = = 5 - - - - - 1 4 = 4 2 1 1 - 3 2 
| 2 2 2 1 - 4 = 5 1 2 3 1 | 2 3     ǁ             2   | | | 1   | 1 
5 = = = = 7 5 2 6 2 - - 2 | 1 5 - - 6 = = = = = = = = 7 4 | 3 = 4 2 
ǁ   1 - - 3 4   |     4 3 | 2 6 2   |             2   ǁ 2 |     | ǁ 
ǁ           ǁ   2 - - 5 1 | 3 5 5 2 |             6 = 7 3 |     | ǁ 
ǁ           3 - - - 1 1   | 1     2 |             ǁ 2 ǁ   |     | ǁ 
ǁ 4 = = = = = = 2         | 1 2   ǁ |   2 = 6 = = 5 ǁ 2   |     | ǁ 
ǁ ǁ                       | 1 2   ǁ | 2     3 1 2 3 ǁ     |     | ǁ 
ǁ 6 = = = = = = = = = = = 7 = 4   ǁ | ǁ 1 - - - 2 - 7 = = 6 = = 5 5 
ǁ ǁ 4 2               2 2 ǁ 1 2 4 6 | 5 - - - - - - 5 5 2 | 3 5 1 1 
ǁ ǁ 5 = = = = = = = 2 | | ǁ | 2 1 2 | 3 1 1 - - - - 2 4 2 | 1 ǁ 2   
ǁ ǁ |         3 - - 3 | | ǁ 4 |     5 = = = = = = = = = = 5   4 5 2 
3 ǁ |   1     2     ǁ | | ǁ 4 6 2 1 ǁ 1   3 1         1 2   2 2 1 2 
| ǁ |   |           6 6 4 ǁ   ǁ 1 | ǁ 3 - 7 - - - - 5 5 |   3 |     
| ǁ |   |           ǁ | | ǁ   4 3 3 ǁ   2 |         1 2 |     |     
| ǁ 4 = 5 = = = = = 6 3 2 ǁ   2 ǁ | ǁ   6 7 = 3 1 4 = = 5     | 4 3 
| ǁ | 2             3 1   ǁ 5 = 8 4 ǁ   2     2 - 4 2   |     |     
| ǁ 4 4             |     ǁ ǁ 2 ǁ | ǁ 1   3 = 7 = = = = 4   4 7 7 2 
| ǁ 2 1             1     ǁ 4 3 ǁ | ǁ     3 1 ǁ 2 - 5 1       |   1 
| 6 6 2                   ǁ 4 2 2 | ǁ 3   6   5     5 2   3   2     
| 3 4 2                   ǁ 2 5 2 | ǁ 2   3 1 4     3 1   2     4 3 
| 1 2 1                   ǁ   2   | ǁ         2     1     1   1 4 1 
5 = = = 6 = = = = = = = = 6       | 5                   6   5 3 4 1 
ǁ 2     ǁ 1 - 4 - - 3 2   ǁ 1 3 2 1 |   1 - - 3 3 3 3 1   2 |   2 4 
ǁ ǁ     ǁ     ǁ 1 - - - - 5   5 3 2 |         ǁ 1 |         | 3 1   
ǁ ǁ     ǁ     ǁ 2 1 - 2     1       |         ǁ   |   1 4 4 | 2 1   
ǁ 6 = = 8 = = 8 6 = = 3     3 3 4 - 7 = = = = 8 = 7 4 1 3   | 1     
ǁ ǁ 1 2 ǁ 2 2 5 1           2 3 2 1 3 2 1 3 3 6 3 4 2     2 | 2 4   
2 ǁ     ǁ 4 - - - - - - - 5   5     3 6 3   2 2 1         1 |       
  ǁ 2 3 ǁ 3           2     2 4 1   1 3 2                 2 7 - 4 4 
  ǁ 1   ǁ 1               6               6             5 2 5 2   1 
  5 4 3 4           2 1   4           3 2   2   2 1         3 2   1 
2 2                                     2 2 3 2         3 3 2   2 4 
2       1                               1   1 3 2 1     4       2 2 
