34 34
4 0 3 1 1 0 0 0 4 0 0 0 0 0 0 0 0 0 0 0 0 0 0 5 0 3 2 0 6 0 0 0 5 2 
6 0 0 0 0 0 0 0 7 0 5 3 3 0 0 0 0 0 5 4 0 3 1 0 1 5 0 0 5 2 0 0 0 1 
4 0 2 0 0 0 3 2 0 1 2 1 3 2 0 0 0 0 0 1 1 3 0 0 1 4 1 1 0 0 0 0 0 2 
0 2 4 0 0 0 0 0 7 0 0 0 0 0 0 0 0 0 8 0 0 6 3 0 0 0 3 4 0 0 1 0 0 0 
0 2 2 0 0 0 0 0 4 0 0 0 0 0 0 0 0 3 0 1 2 0 0 0 0 0 0 1 0 0 0 0 0 0 
0 1 2 0 0 3 2 1 0 3 5 0 0 2 0 0 0 0 0 3 3 0 0 0 0 0 5 0 0 0 0 0 7 5 
0 2 3 1 0 3 1 4 0 0 0 4 0 3 0 0 0 0 0 0 2 0 0 0 3 4 0 1 2 0 0 3 3 0 
0 1 0 3 0 6 2 0 0 0 0 4 3 0 0 0 0 0 0 0 0 4 1 0 0 1 0 0 0 0 0 0 2 2 
0 1 0 0 2 0 0 0 0 0 0 1 2 0 0 0 0 3 0 0 4 5 2 0 0 3 7 0 0 0 0 3 0 2 
0 0 0 0 0 0 3 0 0 0 0 0 0 0 0 0 0 1 0 0 0 2 1 0 0 3 0 3 0 0 0 6 5 3 
0 0 0 0 4 0 2 0 0 3 5 0 0 7 0 0 0 0 7 5 5 3 2 0 0 3 0 5 0 0 0 7 3 1 
0 0 0 0 0 0 1 0 0 2 0 0 0 0 0 0 0 0 0 0 4 4 0 0 0 0 0 4 2 0 0 5 0 0 
0 0 0 1 0 0 0 0 0 0 0 0 0 0 0 0 0 0 0 1 0 0 0 0 4 4 0 2 0 0 0 0 0 3 
0 0 0 2 0 0 0 0 0 5 0 3 1 0 0 4 0 0 5 1 0 0 0 0 0 2 0 3 0 0 0 4 0 0 
0 0 0 0 0 0 0 0 0 0 0 0 0 0 0 0 2 0 0 0 0 0 1 0 0 1 0 0 2 5 1 2 0 0 
0 0 0 0 0 0 0 0 0 0 2 0 0 0 0 0 3 0 6 3 0 0 0 0 0 1 0 0 2 0 0 0 0 0 
0 4 6 5 0 0 0 0 0 0 0 0 0 0 0 0 0 0 0 1 0 0 0 0 0 0 0 0 0 0 0 0 0 0 
0 0 0 2 0 0 0 0 0 0 5 0 0 3 0 4 2 0 0 2 0 5 1 0 0 0 0 0 0 0 0 0 0 0 
0 3 0 2 4 0 0 0 0 0 0 1 0 1 0 2 1 0 7 4 0 0 0 0 0 0 0 0 5 7 0 0 5 3 
0 2 0 3 0 0 0 0 0 0 0 0 0 0 0 0 0 0 0 0 0 2 0 0 0 0 0 0 0 0 1 3 0 2 
0 2 0 2 0 0 0 0 0 0 4 5 0 5 0 3 0 0 3 1 0 0 0 0 0 0 0 0 1 0 1 0 0 0 
0 5 7 0 7 5 4 0 0 0 2 0 0 1 0 0 0 0 0 0 0 0 0 0 0 0 0 0 0 0 3 0 0 0 
0 0 4 1 0 2 4 3 0 2 0 7 0 0 0 0 0 0 0 0 6 0 0 6 7 3 0 0 0 0 0 5 4 3 
1 0 2 1 0 2 4 2 0 1 0 4 0 0 0 0 0 1 2 0 4 1 2 5 4 1 0 0 0 0 0 0 3 0 
3 4 4 0 7 0 0 0 5 0 0 0 0 0 0 0 0 0 0 0 0 0 0 0 0 0 5 6 0 4 5 2 0 0 
3 3 0 1 0 1 2 0 3 0 0 0 0 0 0 2 3 4 2 1 1 1 3 0 0 2 0 0 3 4 3 2 3 0 
2 2 0 0 0 3 0 0 4 0 0 0 0 0 0 0 0 8 7 3 2 0 5 3 1 0 2 0 2 0 2 3 0 0 
0 0 0 3 0 3 1 0 0 2 0 4 2 0 0 3 2 0 0 2 0 0 2 3 2 0 1 0 3 5 2 0 5 2 
0 0 0 0 0 3 0 0 6 0 0 7 0 4 0 5 3 0 3 5 6 6 0 2 0 0 1 0 0 0 1 2 0 2 
2 0 7 4 0 2 1 0 6 1 0 3 0 0 3 2 0 0 4 2 0 3 1 2 0 4 0 0 3 0 2 4 4 6 
2 3 5 2 0 0 0 0 2 0 0 0 0 0 0 0 0 0 2 0 0 3 4 4 1 0 0 0 1 0 0 0 1 2 
3 0 1 0 6 0 0 0 0 0 0 0 0 0 0 0 0 6 0 0 6 3 4 4 1 0 2 4 0 4 3 0 0 2 
0 4 0 0 7 0 0 0 0 0 0 0 0 0 0 0 0 0 0 0 0 0 0 0 0 5 4 6 5 0 3 5 4 4 
3 4 1 1 5 0 0 0 0 0 0 0 0 0 0 0 0 0 0 0 3 1 2 3 0 2 2 1 3 0 0 0 3 2 
400 339
0 0 0 2
0 0 1 0
0 0 0 2
0 0 1 0
0 23 0 8
0 23 0 25
0 23 22 23
0 28 0 26
0 28 0 32
0 28 1 28
0 28 0 26
0 28 0 32
0 28 1 28
1 0 1 8
1 0 2 0
1 10 1 8
1 10 1 11
1 10 2 10
1 18 1 12
1 18 1 19
1 18 3 18
3 8 3 2
3 8 3 18
3 8 1 8
3 8 4 8
3 18 3 8
3 18 3 21
3 18 1 18
3 18 10 18
5 10 5 9
5 10 5 13
5 10 10 10
5 26 5 32
5 26 3 26
5 26 8 26
5 33 5 32
5 33 2 33
5 33 7 33
6 11 6 13
6 11 7 11
6 11 6 13
6 11 7 11
7 11 7 12
7 11 8 11
7 12 8 12
10 13 10 10
10 13 10 18
10 13 6 13
10 13 17 13
10 31 10 27
10 31 10 32
10 31 9 31
10 31 11 31
13 15 13 18
13 15 17 15
13 15 13 18
13 15 17 15
14 29 14 28
14 29 14 30
14 29 18 29
16 3 16 2
16 3 13 3
16 3 17 3
18 18 18 16
18 18 18 19
18 18 15 18
18 18 20 18
18 28 18 29
18 28 15 28
18 28 20 28
21 1 21 2
21 1 20 1
21 1 24 1
21 4 21 2
21 4 21 5
21 4 18 4
21 4 24 4
22 11 22 9
22 11 22 20
22 11 20 11
22 11 23 11
22 24 22 23
22 24 22 25
22 24 12 24
22 24 23 24
26 17 26 8
26 17 26 18
26 17 25 17
26 17 31 17
26 17 26 8
26 17 26 18
26 17 25 17
26 17 31 17
26 18 26 19
26 18 25 18
26 18 28 18
28 11 28 8
28 11 28 13
28 11 27 11
28 11 29 11
28 13 28 11
28 13 28 15
28 13 28 15
29 2 29 0
29 2 29 3
29 2 24 2
29 2 30 2
29 8 29 6
29 8 29 9
29 8 28 8
29 8 30 8
29 33 29 32
29 33 28 33
29 33 30 33
29 33 29 32
29 33 28 33
29 33 30 33
31 17 31 4
31 17 31 20
32 4 32 1
32 4 32 25
32 4 31 4
32 4 33 4
32 31 32 30
32 31 32 32
32 31 29 31
33 4 33 3
33 4 33 20
33 4 32 4
33 20 33 4
33 20 33 21
33 22 33 23
0 2 0 3
0 4 0 8
0 8 0 23
0 8 1 8
1 0 1 8
1 0 2 0
1 8 1 10
1 8 3 8
2 0 2 2
2 0 23 0
2 7 2 6
2 9 2 10
2 13 2 12
3 18 3 21
3 18 10 18
3 21 3 22
3 21 2 21
3 21 7 21
3 21 3 22
3 30 3 27
4 27 3 27
5 13 5 10
7 12 8 12
7 21 7 22
7 21 8 21
7 21 8 21
9 17 8 17
10 13 10 10
10 13 10 18
10 13 17 13
13 12 13 11
18 18 18 19
18 18 15 18
18 18 20 18
18 19 17 19
18 19 20 19
20 18 20 15
21 13 20 13
29 8 28 8
29 8 30 8
31 17 31 4
31 17 31 20
31 20 31 21
31 20 28 20
31 20 31 21
31 20 28 20
31 33 32 33
33 2 33 1
33 22 33 23
33 23 33 25
1 10 1 11
2 6 2 2
2 6 2 7
2 13 2 12
3 22 1 22
3 27 3 26
3 27 2 27
8 17 4 17
15 18 15 16
15 18 15 19
15 18 13 18
15 18 15 16
15 19 13 19
15 19 16 19
17 19 17 21
22 20 22 11
22 20 22 23
22 20 23 20
22 20 22 23
22 20 23 20
22 23 22 24
22 23 0 23
23 23 23 22
23 23 23 24
23 23 26 23
24 8 24 4
24 8 4 8
24 8 25 8
24 26 24 27
24 26 8 26
24 26 26 26
28 8 28 5
28 8 28 11
28 8 26 8
28 20 28 19
28 20 28 21
28 20 26 20
28 20 28 19
28 21 28 23
28 21 25 21
28 21 29 21
30 18 29 18
31 4 31 2
31 4 24 4
31 4 32 4
31 33 32 33
32 33 32 32
32 33 33 33
33 1 33 0
33 1 32 1
33 1 33 0
33 33 33 32
0 25 1 25
0 25 1 25
8 17 4 17
11 20 11 21
11 20 10 20
11 20 11 21
11 20 10 20
11 21 10 21
11 21 17 21
12 19 10 19
13 9 13 11
13 9 11 9
13 9 22 9
13 18 10 18
13 18 10 18
14 16 15 16
15 10 17 10
17 16 17 15
17 21 17 22
17 21 19 21
17 21 19 21
21 10 20 10
22 11 20 11
22 11 23 11
22 31 22 32
22 31 19 31
22 31 24 31
23 9 23 11
23 11 23 17
24 4 24 2
24 4 24 8
24 4 21 4
24 4 24 2
25 3 27 3
25 17 25 16
25 17 25 18
26 8 26 5
26 18 26 19
26 18 28 18
26 22 26 23
26 22 25 22
26 22 27 22
27 3 29 3
27 6 27 5
27 9 27 11
28 21 28 23
28 21 29 21
29 5 28 5
30 18 29 18
32 1 32 4
32 1 30 1
33 0 31 0
4 17 4 8
10 18 10 19
13 9 13 11
13 9 11 9
14 22 10 22
15 10 17 10
17 16 17 15
21 10 20 10
23 18 23 20
25 16 25 15
27 3 29 3
27 9 27 11
27 11 27 12
27 12 27 15
28 11 29 11
29 3 29 2
29 5 28 5
29 11 29 14
29 14 29 15
29 14 29 15
29 18 29 19
29 18 28 18
29 19 28 19
30 3 30 2
31 0 30 0
31 0 30 0
20 10 20 11
20 10 17 10
23 18 23 20
23 21 23 22
23 23 23 24
23 23 26 23
25 16 25 15
25 22 26 22
27 5 26 5
28 19 27 19
28 19 27 19
30 1 30 2
30 3 30 2
17 10 17 13
25 22 26 22
27 5 26 5
27 22 27 23
27 23 27 24
27 23 27 24
30 1 30 2
25 5 25 6
25 6 25 8
25 8 24 8
29 2 29 0
29 2 24 2
4 8 4 2
3 8 3 2

5623

4 = 3 1 1 - - - 4 = = = = = = = = = = = = = = 5 - 3 2 = 6 = = = 5 2 
6 = = = = = = = 7 = 5 3 3 - - - - - 5 4   3 1 ǁ 1 5     5 2       1 
4 - 2 - - - 3 2 ǁ 1 2 1 3 2         ǁ 1 1 3 | ǁ 1 4 1 1           2 
| 2 4 = = = = = 7 = = = = = = = = = 8 = = 6 3 ǁ     3 4 - - 1     | 
| 2 2 - - - - - 4 - - - - - - - - 3 ǁ 1 2 |   ǁ     | 1           | 
| 1 2     3 2 1 | 3 5 = = 2       ǁ ǁ 3 3 |   ǁ     5 - - - - - 7 5 
| 2 3 1   3 1 4 |   | 4 = 3       ǁ ǁ   2 |   ǁ 3 4 | 1 2     3 3 | 
| 1   3   6 2   |   | 4 3 |       ǁ ǁ     4 1 ǁ   1 |           2 2 
| 1     2       |   | 1 2 |       3 ǁ   4 5 2 ǁ   3 7         3   2 
|           3   |   |     |       1 ǁ     2 1 ǁ   3 | 3       6 5 3 
|       4   2   | 3 5 = = 7 = = = = 7 5 5 3 2 ǁ   3 | 5 - - - 7 3 1 
|           1   | 2       ǁ         ǁ | 4 4 | ǁ     | 4 2     5     
|     1         | ǁ       ǁ         ǁ 1   | | ǁ 4 4 | 2           3 
|     2         | 5 = 3 1 ǁ   4 = = 5 1   | | ǁ | 2 | 3       4     
|     |         | |       ǁ   ǁ 2   | |   | 1 ǁ | 1 |   2 5 1 2     
|     |         | | 2     ǁ   ǁ 3 = 6 3   |   ǁ | 1 |   2 |         
| 4 6 5         | | ǁ     ǁ   ǁ     ǁ 1   |   ǁ |   |   | |         
|     2         | | 5 - - 3   4 2   ǁ 2 - 5 1 ǁ |   |   | |         
| 3   2 4       | | | 1   1   2 1 - 7 4   ǁ   ǁ |   |   5 7     5 3 
| 2   3 |       | | |               ǁ |   2   ǁ |   |   |   1 3   2 
| 2   2 |       | | 4 5   5   3 - - 3 1       ǁ |   |   1   1 |     
| 5 7 - 7 5 4   | | 2 ǁ   1                   ǁ |   |       3 |     
| | 4 1 ǁ 2 4 3 | 2 - 7 = = = = = = = = 6 = = 6 7 3 |         5 4 3 
1 | 2 1 ǁ 2 4 2 | 1 - 4 - - - - - 1 2 = 4 1 2 5 4 1 |         | 3   
3 4 4 = 7 = = = 5                             ǁ     5 6   4 5 2     
3 3 ǁ 1 | 1 2 - 3             2 3 4 2 1 1 1 3 ǁ   2 |   3 4 3 2 3   
2 2 ǁ | | 3 - - 4 = = = = = = = = 8 7 3 2 | 5 3 1   2   2   2 3     
    ǁ 3 | 3 1   | 2 = 4 2 - - 3 2 ǁ ǁ 2 | | 2 3 2   1   3 5 2   5 2 
    ǁ ǁ | 3 - - 6 = = 7 = 4 = 5 3 ǁ 3 5 6 6 = 2     1       1 2   2 
2 = 7 4 | 2 1 - 6 1   3 - - 3 2   ǁ 4 2 ǁ 3 1 2   4     3   2 4 4 6 
2 3 5 2 |       2                 ǁ 2   ǁ 3 4 4 1       1     | 1 2 
3 | 1 - 6 = = = = = = = = = = = = 6 = = 6 3 4 4 1   2 4   4 3 |   2 
| 4 = = 7 - - - - - - - - - - - - - - - - - - - - 5 4 6 5   3 5 4 4 
3 4 1 1 5 = = = = = = = = = = = = = = = 3 1 2 3 - 2 2 1 3       3 2 
