34 34
3 2 1 5 0 0 0 0 0 0 0 0 0 4 2 5 5 2 5 0 0 0 0 0 3 3 0 0 4 1 0 2 3 3 
0 2 1 0 2 1 2 0 0 0 0 0 0 3 3 3 0 0 2 0 0 0 0 0 0 3 3 1 0 3 0 5 4 0 
4 0 0 6 7 0 6 0 0 0 0 0 0 0 0 0 6 0 0 0 0 0 0 0 5 0 0 0 4 0 4 0 0 5 
0 0 0 0 0 0 3 0 0 0 0 0 0 0 0 0 0 1 0 0 2 0 3 1 0 2 3 4 0 0 3 0 0 0 
0 0 0 0 0 0 2 0 0 0 0 0 0 0 0 0 0 3 0 0 4 0 5 5 0 0 1 0 0 0 1 0 0 0 
0 0 0 0 0 0 0 0 0 0 0 0 0 0 0 0 0 3 2 0 0 1 4 4 0 2 3 4 0 2 0 0 0 3 
0 0 0 0 0 3 0 0 0 0 0 0 0 0 0 0 6 0 0 0 4 0 1 0 0 0 1 0 0 2 3 3 4 0 
0 0 0 0 0 0 1 0 0 0 0 0 0 3 0 0 5 0 0 0 0 4 1 0 0 2 4 4 6 5 6 3 0 0 
0 0 0 0 0 0 0 0 0 0 0 0 0 0 0 0 0 3 2 0 0 3 4 2 0 1 0 1 0 2 0 4 0 0 
0 0 0 0 2 0 0 0 0 0 0 0 0 0 0 0 0 0 0 0 0 3 0 0 0 0 0 0 0 0 4 5 4 0 
0 0 0 0 2 0 0 0 0 0 0 0 0 0 0 0 0 0 0 0 0 2 0 0 0 0 0 3 0 0 3 3 0 0 
0 0 0 0 0 0 0 0 0 0 0 0 0 0 0 0 0 4 0 2 0 0 7 0 6 3 0 0 0 4 0 0 6 5 
0 1 0 5 3 0 0 0 0 1 0 0 0 4 2 0 0 0 3 0 0 0 4 2 7 2 0 0 0 2 2 1 0 4 
0 1 0 5 3 5 0 0 0 0 3 0 2 0 0 0 2 3 3 0 2 0 1 1 4 2 0 0 0 4 4 0 0 2 
0 0 2 0 0 5 1 2 0 0 4 0 0 0 0 0 0 0 0 0 0 0 0 0 5 3 0 0 0 0 0 0 0 1 
5 0 0 0 0 0 0 0 0 0 0 0 0 0 0 0 0 0 0 0 0 0 0 0 0 0 6 6 4 5 4 0 0 0 
0 3 0 6 2 2 0 0 0 5 2 1 0 3 0 0 0 6 2 1 2 2 4 0 5 3 0 5 5 0 3 3 0 0 
0 0 2 5 0 0 0 0 0 3 0 0 0 0 0 0 0 4 3 3 0 2 0 4 0 2 0 0 0 3 0 3 0 0 
0 5 0 0 0 0 0 0 0 0 0 0 3 5 0 5 3 0 3 0 5 0 4 5 0 3 0 3 4 7 3 2 0 0 
0 0 2 0 0 2 2 2 0 0 0 0 4 2 0 3 3 0 3 2 0 0 1 1 0 2 0 3 1 2 4 3 0 0 
0 0 4 0 3 0 5 0 0 0 0 0 5 0 0 0 0 4 0 0 5 0 0 0 6 0 4 0 0 0 0 0 4 4 
0 0 4 1 0 3 3 2 1 2 2 2 0 3 2 3 1 0 3 2 0 1 0 0 0 0 0 2 1 1 2 1 0 0 
0 0 3 0 0 0 0 4 5 5 4 5 6 3 1 0 0 0 0 2 0 0 0 0 0 2 0 4 4 2 5 2 0 0 
0 0 3 3 0 0 1 0 1 0 5 3 2 1 0 0 0 0 0 0 0 0 0 0 0 0 0 0 0 2 0 0 0 0 
0 0 3 0 0 0 2 0 0 0 2 0 0 0 3 3 0 0 0 0 0 4 0 0 7 4 0 0 0 0 0 0 0 4 
0 0 2 0 0 0 4 5 0 4 0 0 0 0 0 0 0 3 3 3 0 0 4 4 0 2 0 1 0 4 0 0 0 4 
0 4 0 4 4 6 0 0 0 0 0 0 0 0 0 0 0 0 0 0 4 0 0 3 0 0 0 0 0 0 0 0 0 2 
0 0 2 3 3 0 2 0 0 0 0 4 0 0 0 0 0 0 1 0 0 0 0 1 0 0 0 0 0 0 4 0 5 3 
0 0 4 6 5 0 0 2 4 0 0 4 0 0 0 0 0 0 0 0 0 1 4 0 6 4 0 0 0 4 0 4 3 0 
0 0 1 0 0 0 3 0 0 0 0 0 0 0 0 0 0 0 0 0 7 0 4 0 4 2 0 0 0 4 3 0 0 2 
0 4 0 6 3 4 0 0 3 1 1 0 0 3 2 0 0 0 2 0 5 3 4 0 4 3 0 0 0 2 2 0 0 1 
0 2 2 3 3 0 0 0 5 4 3 0 0 4 0 0 0 0 0 0 0 0 0 0 0 0 5 0 4 0 0 4 4 2 
4 0 0 0 4 0 0 0 0 0 0 0 0 0 0 0 0 0 3 2 0 0 0 5 0 0 6 2 4 0 0 0 2 0 
3 3 2 0 5 0 0 0 0 0 2 0 0 0 0 0 0 0 3 0 0 3 2 3 3 3 5 3 5 3 2 0 4 3 
400 306
0 3 0 2
0 3 0 13
0 3 2 3
0 15 0 14
0 15 0 16
0 15 1 15
0 18 0 17
0 18 0 24
0 18 1 18
2 4 2 3
2 4 2 6
2 4 1 4
2 4 9 4
2 33 2 30
2 33 0 33
2 33 5 33
6 32 6 31
6 32 9 32
6 32 6 31
6 32 9 32
9 32 9 31
9 32 11 32
11 22 11 19
11 22 11 24
11 22 8 22
11 22 12 22
11 32 11 29
11 32 11 33
11 32 20 32
11 32 11 29
11 32 11 33
12 24 12 23
12 24 12 25
12 24 11 24
12 24 13 24
12 33 11 33
12 33 13 33
12 33 11 33
12 33 13 33
14 33 20 33
15 0 15 26
15 0 2 0
15 0 32 0
16 3 16 1
16 3 16 4
16 3 17 3
16 3 16 1
16 3 16 4
16 3 17 3
16 9 16 5
16 9 16 10
16 9 17 9
16 17 16 13
16 17 16 18
16 17 17 17
16 17 16 13
16 17 16 18
16 17 17 17
16 24 16 22
16 24 16 25
16 24 20 24
17 23 17 21
17 23 18 23
17 23 17 21
17 23 18 23
18 1 18 12
18 1 16 1
18 1 26 1
18 15 18 13
18 15 18 16
18 15 19 15
18 29 18 28
18 29 18 30
18 29 17 29
18 29 19 29
20 33 20 32
20 33 24 33
20 33 20 32
24 24 24 21
24 24 24 25
24 24 20 24
24 24 28 24
24 33 24 25
24 33 25 33
24 33 24 25
25 23 25 22
25 23 26 23
25 23 25 22
25 23 26 23
25 33 25 29
25 33 26 33
25 33 25 29
26 33 27 33
27 30 27 32
27 30 29 30
27 30 27 32
27 30 29 30
28 31 28 32
28 31 31 31
28 31 28 32
28 31 31 31
29 20 29 6
29 20 29 22
29 20 26 20
29 20 30 20
31 8 31 4
31 8 31 9
31 8 30 8
31 26 31 13
31 26 31 28
31 26 32 26
31 31 31 28
31 31 31 32
32 23 32 19
32 23 32 26
32 23 33 23
33 4 33 2
33 4 33 10
33 4 32 4
33 26 33 25
33 26 33 27
33 26 32 26
33 28 33 27
33 28 33 29
33 28 32 28
0 3 0 13
0 3 2 3
0 13 0 14
0 13 1 13
0 15 0 16
0 15 1 15
1 31 1 29
1 31 1 32
1 31 0 31
1 32 1 31
1 32 0 32
1 32 1 31
2 3 2 0
2 3 2 4
2 3 12 3
11 33 5 33
13 3 13 1
13 3 13 4
13 3 12 3
14 2 14 5
14 24 14 10
14 24 14 25
14 24 13 24
16 5 16 9
16 22 16 21
16 22 16 24
16 22 16 21
17 2 17 3
18 1 18 12
18 1 26 1
20 32 20 26
22 30 22 29
22 30 22 31
22 30 21 30
23 29 22 29
25 22 25 19
25 22 28 22
25 29 25 27
25 29 28 29
26 1 26 3
26 1 30 1
26 20 26 5
26 20 29 20
26 20 26 5
26 23 27 23
27 18 27 11
28 8 28 7
28 8 28 11
28 8 28 7
28 8 28 11
28 11 27 11
28 21 28 22
28 22 28 24
28 22 29 22
28 24 28 25
28 24 24 24
28 24 29 24
28 24 28 25
28 29 28 25
28 29 29 29
28 29 28 25
30 1 30 3
30 1 31 1
30 1 30 3
30 3 30 4
30 3 28 3
30 3 31 3
30 3 30 4
31 28 31 26
31 28 32 28
1 2 1 1
2 0 0 0
2 0 15 0
12 1 12 3
14 2 14 5
17 2 17 3
17 3 17 9
20 20 20 17
20 20 20 24
20 20 18 20
20 26 20 24
20 26 15 26
20 26 20 24
22 28 22 27
22 28 21 28
22 28 22 27
22 28 22 27
22 30 22 31
22 30 21 30
25 7 25 6
25 7 25 9
25 7 22 7
25 25 24 25
26 5 26 4
26 5 21 5
26 5 30 5
26 5 26 4
27 11 27 6
27 11 28 11
28 3 28 2
28 3 28 4
28 3 27 3
28 3 28 2
28 3 28 4
29 2 28 2
30 5 30 4
30 5 30 8
30 5 30 8
31 8 31 4
31 8 31 9
31 9 31 10
31 9 30 9
0 0 0 1
0 0 0 1
15 26 15 0
15 26 15 27
15 26 7 26
15 26 15 27
15 27 15 28
15 27 10 27
15 27 16 27
15 27 15 28
16 27 16 28
16 27 18 27
16 27 16 28
16 27 18 27
19 25 18 25
20 24 20 20
21 27 22 27
24 24 24 21
25 2 24 2
25 6 25 7
25 6 24 6
25 6 25 7
25 9 25 17
25 9 22 9
25 9 25 17
27 6 29 6
28 2 27 2
28 4 27 4
29 6 29 20
32 0 32 4
32 0 33 0
32 0 32 4
33 0 33 1
33 0 33 1
33 1 33 2
33 4 33 10
33 4 32 4
11 29 8 29
11 29 12 29
16 24 16 25
16 25 17 25
17 25 18 25
18 25 19 25
22 7 22 8
22 7 21 7
22 7 22 8
23 8 22 8
23 10 23 11
23 10 22 10
23 10 24 10
24 6 23 6
24 21 24 15
24 21 21 21
25 2 24 2
25 17 25 18
25 18 25 19
25 19 25 18
27 2 27 3
28 4 27 4
31 1 31 2
31 2 31 3
31 3 31 4
10 27 8 27
24 2 23 2
28 4 27 4
26 4 26 3
26 4 20 4
27 3 26 3
26 3 23 3

5897

3 2 1 5 = = = = = = = = = 4 2 5 5 2 5 - - - - - 3 3     4 1   2 3 3 
| 2 1 ǁ 2 1 2             3 3 3     2             3 3 1   3 - 5 4 | 
4 - - 6 7 - 6                   6               5       4   4 - - 5 
ǁ     | |   3                     1     2   3 1   2 3 4     3     | 
ǁ     | |   2                     3     4   5 5     1       1     | 
ǁ     | |                         3 2     1 4 4   2 3 4   2       3 
ǁ     | | 3                     6       4   1       1     2 3 3 4 | 
ǁ     | |   1             3     5         4 1     2 4 4 6 5 6 3 ǁ | 
ǁ     | |                         3 2     3 4 2   1 | 1   2   4 ǁ | 
ǁ     | 2                                 3 |       | |   | 4 5 4 | 
ǁ     | 2                                 2 |       | 3   | 3 3 | | 
ǁ     |                           4   2 - - 7 - 6 3 | |   4 = = 6 5 
ǁ 1 - 5 3         1       4 2       3       4 2 7 2 | |   2 2 1 | 4 
ǁ 1 - 5 3 5         3   2       2 3 3   2   1 1 4 2 | |   4 4   | 2 
ǁ   2 = = 5 1 2     4 - - - - - - - - - - - - - 5 3 | |         | 1 
5 = = = = = = = = = = = = = = = = = = = = = = = = = 6 6 4 5 4   | | 
| 3 = 6 2 2 = = = 5 2 1   3 = = = 6 2 1 2 2 4 = 5 3 | 5 5   3 3 | | 
| | 2 5 - - - - - 3               4 3 3   2 = 4 | 2 | ǁ   3   3 | | 
| 5 = = = = = = = = = = 3 5 - 5 3   3   5   4 5 | 3 | 3 4 7 3 2 | | 
| ǁ 2     2 2 2         4 2   3 3   3 2 |   1 1 | 2 | 3 1 2 4 3 | | 
| ǁ 4   3   5           5         4 - - 5 = = = 6 = 4 - - - - - 4 4 
| ǁ 4 1 | 3 3 2 1 2 2 2   3 2 3 1   3 2   1     |     2 1 1 2 1   | 
| ǁ 3   | |   4 5 5 4 5 6 3 1         2   |     | 2   4 4 2 5 2   | 
| ǁ 3 3 | | 1 | 1 | 5 3 2 1               |     |         2       | 
| ǁ 3 | | | 2 |   | 2       3 3 - - - - - 4 = = 7 4 = = = = = = = 4 
| ǁ 2 | | | 4 5 - 4 = = = = = = = 3 3 3 - - 4 4 ǁ 2   1 - 4 = = = 4 
| 4 - 4 4 6 = = = = = = = = = = = = = = 4   | 3 ǁ         |       2 
| | 2 3 3 | 2 - - - - 4 - - - - - - 1   ǁ   | 1 ǁ         | 4 = 5 3 
| | 4 6 5 | | 2 4 = = 4                 ǁ 1 4 - 6 4 = = = 4 ǁ 4 3   
| | 1 |   | 3 = = = = = = = = = = = = = 7 - 4   4 2       4 3 ǁ   2 
| 4 = 6 3 4 = = 3 1 1     3 2       2   5 3 4   4 3       2 2 ǁ   1 
| 2 2 3 3 = = = 5 4 3     4 - - - - - - - - - - - - 5 = 4 - - 4 4 2 
4 = = = 4                           3 2 - - - 5 - - 6 2 4       2   
3 3 2 - 5 = = = = = 2               3     3 2 3 3 3 5 3 5 3 2   4 3 
