34 34
1 0 3 1 3 2 1 2 0 0 0 0 0 0 0 0 0 0 0 0 0 0 0 0 0 0 0 0 0 0 0 4 2 2 
3 0 5 2 3 0 0 0 0 0 0 0 0 0 0 0 0 0 0 0 3 0 0 0 0 0 0 0 0 0 0 7 4 4 
3 1 0 1 0 0 4 0 0 0 0 0 0 3 2 0 3 0 0 0 5 4 0 0 0 0 0 0 0 0 0 0 2 0 
2 0 6 6 4 3 0 3 0 5 0 2 1 6 4 2 3 0 0 2 1 2 0 0 0 0 0 0 0 0 0 0 0 0 
0 1 0 2 1 2 0 2 0 0 0 0 0 2 2 0 0 1 0 4 0 0 0 0 0 0 0 0 0 0 0 6 5 0 
0 0 0 3 0 0 7 0 0 6 0 0 0 0 0 0 0 0 0 0 3 2 4 0 5 0 0 0 0 3 1 0 2 0 
0 3 0 0 3 2 4 3 1 0 1 0 0 4 3 3 0 0 4 2 0 0 4 2 0 3 0 4 1 0 2 0 1 0 
0 0 0 0 5 6 0 2 0 4 0 0 0 6 0 6 2 0 0 3 0 0 2 2 0 3 1 0 0 0 0 0 0 0 
0 0 0 0 3 0 3 5 3 0 1 4 1 0 2 5 1 0 0 0 0 0 0 0 0 4 0 6 3 0 0 0 0 0 
0 0 0 0 2 2 1 0 0 0 1 0 0 0 4 2 0 0 0 0 0 4 7 5 0 0 2 0 2 0 0 0 0 0 
3 3 0 0 2 2 1 0 2 0 0 3 0 4 3 1 0 0 4 0 0 0 1 1 0 0 0 0 0 0 0 0 2 0 
0 0 0 0 0 1 0 0 0 0 3 0 0 0 3 1 2 2 0 0 0 5 5 3 0 0 3 0 0 0 0 0 0 0 
0 0 0 0 0 0 0 0 0 0 1 0 2 2 0 4 5 5 0 0 0 0 0 0 0 0 0 0 0 0 0 0 0 0 
0 0 0 0 0 3 0 7 0 6 0 0 4 4 0 0 1 4 0 2 0 2 2 0 0 0 0 0 0 0 0 0 0 0 
0 0 0 0 0 2 1 3 1 3 0 0 2 1 0 0 0 2 0 0 0 4 2 0 0 0 0 0 0 0 0 0 0 0 
1 0 0 1 5 0 0 0 0 0 0 0 0 0 6 5 5 4 0 0 0 6 0 4 0 5 5 0 0 4 3 0 0 0 
1 0 0 0 0 1 2 0 0 0 0 0 0 2 3 0 4 4 0 0 0 2 0 0 0 1 2 0 0 0 3 0 0 0 
0 0 0 0 0 2 0 0 0 0 0 3 0 6 0 0 0 0 6 0 5 0 0 0 5 0 0 2 0 6 6 0 0 0 
0 0 0 0 0 2 0 0 0 0 0 4 2 4 0 3 1 0 3 2 0 0 0 0 2 0 0 0 4 3 2 0 0 0 
5 0 7 0 6 0 0 0 0 0 0 0 0 0 0 0 0 0 0 0 5 0 0 0 0 0 0 0 0 0 0 7 6 5 
0 1 0 0 0 2 3 4 4 0 0 0 0 0 1 0 0 0 0 0 0 2 4 0 4 0 0 0 0 2 1 0 0 0 
0 3 0 0 0 1 0 5 5 0 0 0 0 0 0 0 0 0 0 0 5 0 3 0 4 0 0 2 0 0 0 0 0 3 
3 0 0 0 0 2 0 0 0 2 0 3 2 0 0 3 2 0 4 1 0 5 0 0 0 0 0 0 0 4 4 0 0 2 
0 0 0 0 0 4 0 4 5 4 0 5 0 0 0 2 4 0 6 1 0 0 1 2 5 3 3 3 1 0 0 0 0 1 
0 0 0 0 0 0 0 2 2 0 0 0 0 0 1 0 5 2 0 0 0 0 3 0 6 5 2 0 3 0 0 0 1 0 
0 0 0 0 0 4 6 0 0 0 0 6 0 0 0 0 5 0 7 3 0 0 2 1 0 3 2 0 0 0 0 0 1 0 
4 5 0 0 0 3 0 1 5 4 2 0 0 0 0 0 0 0 0 2 0 0 3 0 5 0 0 5 5 0 2 0 0 0 
3 2 0 0 0 4 0 0 0 1 0 0 0 0 0 0 5 3 5 3 0 0 2 2 0 1 1 0 2 5 2 0 3 5 
4 1 0 0 0 4 6 0 4 0 0 0 0 0 2 0 4 1 3 1 0 0 0 1 0 2 5 6 3 0 2 0 1 0 
0 0 0 0 0 2 5 3 0 4 0 3 0 0 0 0 0 0 0 0 5 6 4 2 0 0 2 0 2 6 4 0 3 0 
0 0 0 0 0 1 2 3 2 1 1 0 0 0 0 0 2 0 0 0 0 4 3 1 0 0 1 3 0 6 2 0 0 0 
0 0 0 1 4 0 0 0 0 0 0 0 0 0 0 0 0 0 0 0 0 0 0 0 4 3 2 1 1 4 2 0 0 0 
5 0 5 0 0 0 0 0 0 3 4 2 2 0 0 6 0 3 0 0 0 0 0 0 0 0 0 0 0 0 0 6 5 0 
2 2 6 0 0 0 2 2 0 4 0 0 0 0 0 5 1 1 0 0 0 0 0 0 0 0 0 0 0 0 0 3 3 3 
400 464
1 31 1 20
1 31 1 32
1 31 0 31
1 31 4 31
2 21 2 20
2 21 3 21
2 21 2 20
2 21 3 21
3 9 3 7
3 9 3 11
3 9 5 9
4 32 4 31
4 32 2 32
4 32 5 32
5 6 5 3
5 6 5 9
5 6 2 6
5 6 6 6
5 24 5 22
5 24 5 29
5 24 17 24
7 4 7 5
7 4 6 4
7 4 8 4
9 22 9 21
9 22 9 23
9 22 7 22
9 22 10 22
11 22 11 21
11 22 11 23
11 22 13 22
12 17 12 16
12 17 11 17
12 17 13 17
13 7 13 5
13 7 13 9
13 7 8 7
13 7 14 7
15 25 15 26
15 25 8 25
15 25 16 25
17 30 17 29
17 30 16 30
17 30 18 30
17 30 17 29
17 30 16 30
17 30 18 30
19 0 19 2
19 0 16 0
19 0 22 0
19 31 19 20
19 31 19 32
19 31 4 31
19 31 32 31
19 33 19 32
19 33 1 33
19 33 21 33
25 18 25 16
25 18 25 19
25 18 23 18
25 18 27 18
27 33 27 32
27 33 23 33
27 33 33 33
29 20 29 11
29 20 29 21
29 20 21 20
32 0 32 2
32 0 28 0
32 0 33 0
32 15 32 12
32 15 32 17
32 15 33 15
32 15 32 12
32 15 32 17
32 15 33 15
32 32 32 31
32 32 29 32
32 32 33 32
33 2 33 1
33 2 33 6
33 2 32 2
33 2 33 1
33 2 33 6
33 2 32 2
33 15 33 9
33 15 33 16
33 15 33 9
4 7 3 7
9 22 9 21
9 22 9 23
9 22 7 22
15 23 15 21
15 23 11 23
15 23 15 21
15 23 11 23
17 29 17 27
17 29 15 29
17 29 18 29
17 29 17 27
18 28 18 24
18 28 18 29
18 28 18 24
18 28 18 29
19 0 19 2
19 0 22 0
19 2 19 4
19 2 3 2
19 2 32 2
20 1 21 1
21 1 26 1
22 0 26 0
22 21 22 29
22 21 20 21
22 21 29 21
22 33 21 33
23 24 23 23
23 24 23 25
23 24 24 24
26 0 26 1
26 0 27 0
26 0 26 1
27 33 27 32
27 33 33 33
31 3 31 4
31 4 31 24
31 4 19 4
31 4 31 24
31 24 31 25
31 24 26 24
32 10 32 9
32 10 32 11
32 10 32 9
32 10 32 11
33 0 32 0
33 7 33 9
33 9 33 7
33 33 33 32
4 7 3 7
8 27 8 25
8 27 8 28
8 27 6 27
8 27 8 25
8 27 8 28
8 27 6 27
10 23 9 23
11 22 11 21
11 22 13 22
14 22 14 21
15 0 10 0
15 21 15 17
15 21 14 21
15 21 16 21
15 21 15 17
16 21 16 17
16 26 15 26
16 30 15 30
17 18 17 13
17 18 17 20
17 18 18 18
17 18 17 13
17 18 17 20
17 18 18 18
17 24 17 20
17 24 5 24
17 24 17 20
18 19 18 18
18 19 22 19
19 4 19 2
19 4 15 4
19 4 15 4
21 1 26 1
21 8 21 7
21 8 20 8
21 8 23 8
21 20 19 20
21 20 29 20
21 20 19 20
21 27 21 24
22 18 22 16
22 18 23 18
22 18 22 16
22 18 23 18
22 33 21 33
23 18 23 16
23 18 23 19
23 18 25 18
24 17 24 16
26 1 27 1
32 9 32 2
3 9 3 11
3 9 5 9
5 9 5 6
5 9 5 20
5 9 7 9
6 27 6 25
6 27 6 28
7 26 7 25
8 11 8 10
8 11 8 12
8 11 10 11
8 11 10 11
8 25 7 25
8 28 9 28
9 10 11 10
9 23 7 23
9 28 9 26
10 8 8 8
10 18 10 15
10 18 6 18
10 18 6 18
14 22 14 21
15 15 15 14
15 15 15 16
15 15 12 15
15 25 15 26
16 17 16 16
16 17 15 17
16 17 16 16
16 26 15 26
17 13 17 11
17 13 16 13
17 13 18 13
17 13 17 11
17 20 19 20
18 13 18 12
18 13 18 15
18 13 18 12
18 16 18 15
19 2 3 2
19 20 19 31
19 33 19 32
19 33 1 33
21 27 21 24
23 16 23 15
23 16 24 16
23 16 23 15
24 17 24 16
32 0 28 0
1 33 1 32
1 33 0 33
3 2 3 0
3 2 3 3
3 2 1 2
3 2 3 0
3 3 3 4
3 3 2 3
3 3 4 3
3 12 3 13
3 13 3 14
3 13 2 13
3 13 4 13
3 13 3 14
3 13 2 13
4 1 6 1
4 13 4 14
6 1 10 1
6 10 6 13
6 13 6 14
6 13 7 13
6 13 6 14
6 18 6 15
6 18 6 19
6 25 7 25
7 13 7 9
7 13 7 15
7 13 10 13
7 13 7 9
7 13 7 15
7 15 7 16
7 15 6 15
7 15 8 15
7 15 7 16
8 16 8 15
9 21 5 21
9 21 11 21
9 23 7 23
9 26 11 26
10 0 10 1
10 0 10 1
10 8 8 8
11 26 15 26
14 21 14 17
15 17 15 16
15 29 15 30
15 29 5 29
15 29 15 30
16 16 16 14
16 16 15 16
18 15 22 15
19 32 19 31
19 32 10 32
19 32 24 32
21 24 21 22
21 24 20 24
22 15 22 12
22 15 22 12
23 11 23 9
23 11 22 11
23 11 25 11
25 32 27 32
28 0 28 1
28 0 27 0
28 32 29 32
29 32 32 32
0 33 0 32
2 0 2 1
2 0 1 0
2 0 1 0
3 3 3 4
3 3 4 3
5 3 5 6
5 3 15 3
5 20 5 21
5 20 3 20
5 22 5 24
5 22 6 22
5 22 6 22
5 29 5 30
6 14 6 15
6 19 7 19
6 22 6 23
6 23 6 22
7 9 7 7
7 19 13 19
8 8 8 7
10 32 6 32
11 21 13 21
13 9 13 7
13 9 13 12
13 9 14 9
14 17 13 17
15 16 15 15
15 16 13 16
20 14 20 8
20 24 20 22
20 24 20 29
20 24 20 22
21 22 20 22
27 0 27 1
2 6 2 13
2 6 0 6
2 6 5 6
4 19 4 17
4 19 3 19
4 19 3 19
4 31 4 32
4 31 1 31
4 31 19 31
5 32 4 32
6 8 6 7
7 19 13 19
10 11 10 13
10 13 10 14
10 13 12 13
11 10 12 10
11 21 13 21
13 9 13 12
13 9 14 9
13 17 12 17
18 11 18 5
18 11 17 11
18 11 18 5
20 8 20 7
20 8 21 8
20 22 20 21
32 31 32 17
32 31 32 32
32 31 33 31
32 31 33 31
33 17 33 31
0 7 0 31
0 7 0 31
0 31 0 32
1 31 1 20
1 31 1 32
1 32 2 32
4 14 3 14
13 17 12 17
17 5 16 5
20 7 20 6
20 7 21 7
20 7 20 6
1 20 2 20
2 20 2 16
2 20 2 16
3 14 3 15
3 15 3 16
3 16 2 16
11 17 11 16
12 16 12 15
12 16 11 16
12 16 12 15
16 6 16 13
16 6 14 6
16 14 15 14
20 5 20 6
20 5 21 5
21 7 21 8
21 7 23 7
21 7 23 7
22 5 23 5
25 6 25 5
25 6 25 11
25 6 28 6
25 6 25 5
25 6 25 11
25 6 28 6
25 11 25 16
25 11 23 11
25 11 29 11
26 8 26 7
26 8 26 9
26 8 28 8
27 5 26 5
27 5 28 5
27 5 26 5
27 5 28 5
27 16 27 17
27 16 25 16
27 16 28 16
28 5 28 6
28 5 29 5
28 14 28 16
12 16 12 15
14 5 13 5
14 5 13 5
15 4 10 4
15 14 15 15
15 14 11 14
15 14 16 14
15 14 11 14
22 5 23 5
23 5 23 7
23 5 25 5
23 7 23 8
24 7 24 8
24 14 24 16
24 16 25 16
25 5 26 5
28 14 28 16
28 16 28 17
28 18 28 19
28 18 27 18
28 18 27 18
11 5 10 5
11 15 11 14
13 7 8 7
13 7 14 7
14 7 14 8
14 9 14 12
15 4 10 4
24 7 24 8
10 14 9 14
10 14 9 14
23 8 23 9
9 14 9 15
9 14 8 14
9 15 8 15
23 8 23 9
8 14 8 15
23 8 23 9
23 11 22 11
22 9 22 11

10559

1   3 1 3 2 1 2 = = = = = = = = = = = = = = = = = = = = = = = 4 2 2 
3   5 2 3   |                           3 = = = = = = = = = = 7 4 4 
3 1 | 1     4 - - - - - - 3 2   3 = = = 5 4                   ǁ 2 ǁ 
2 = 6 6 4 3 ǁ 3 - 5 = 2 1 6 4 2 3     2 1 2                   ǁ | ǁ 
  1 ǁ 2 1 2 ǁ 2   ǁ       2 2     1 - 4 |                     6 5 ǁ 
  | ǁ 3 = = 7 = = 6 - - - - - - - - - - 3 2 4 = 5 - - - - 3 1 ǁ 2 ǁ 
  3 ǁ | 3 2 4 3 1 | 1 - - 4 3 3 - - 4 2   | 4 2 ǁ 3 - 4 1 | 2 ǁ 1 ǁ 
  | ǁ | 5 6   2 - 4 = = = 6 = 6 2   ǁ 3   | 2 2 ǁ 3 1 ǁ   |   ǁ | ǁ 
  | ǁ | 3   3 5 3   1 4 1 | 2 5 1   ǁ ǁ   | ǁ ǁ ǁ 4 = 6 3 |   ǁ | ǁ 
  | ǁ | 2 2 1 ǁ ǁ   1 ǁ   | 4 2     ǁ ǁ   4 7 5 ǁ | 2 - 2 |   ǁ | ǁ 
3 3 ǁ | 2 2 1 ǁ 2   | 3 - 4 3 1 - - 4 ǁ   | 1 1 ǁ | |     |   ǁ 2 ǁ 
|   ǁ | ǁ 1   ǁ     3     | 3 1 2 2   ǁ   5 5 3 ǁ | 3     |   ǁ | ǁ 
|   ǁ | ǁ     ǁ     1   2 2 ǁ 4 5 5   ǁ   ǁ ǁ ǁ ǁ | |     |   ǁ | ǁ 
|   ǁ | ǁ 3 - 7 = 6 = = 4 4 ǁ | 1 4   2   2 2 ǁ ǁ | |     |   ǁ | ǁ 
|   ǁ | ǁ 2 1 3 1 3 - - 2 1 ǁ | | 2 - - - 4 2 ǁ ǁ | |     |   ǁ | ǁ 
1   ǁ 1 5   |               6 5 5 4 = = = 6 = 4 ǁ 5 5     4 3 ǁ | ǁ 
1   ǁ   ǁ 1 2 - - - - - - 2 3 - 4 4 - - - 2     ǁ 1 2     | 3 ǁ | ǁ 
|   ǁ   ǁ 2           3 = 6 = = = = 6 = 5 = = = 5     2 = 6 6 ǁ | ǁ 
|   ǁ   ǁ 2 = = = = = 4 2 4 - 3 1   3 2 |       2 = = = 4 3 2 ǁ | ǁ 
5 = 7 = 6                     |       | 5 = = = = = = = = = = 7 6 5 
ǁ 1 |   | 2 3 4 4 - - - - - 1 |       | ǁ 2 4 = 4 - - - - 2 1 | | | 
ǁ 3 |   | 1   5 5             |       | 5 | 3 - 4 = = 2       | | 3 
3 ǁ |   | 2   ǁ | 2 - 3 2 = = 3 2 = 4 1 ǁ 5 - - - - - - - 4 4 | | 2 
| ǁ |   | 4 - 4 5 4 - 5       2 4 - 6 1 ǁ | 1 2 5 3 3 3 1     | | 1 
| ǁ |   | |   2 2     ǁ     1 - 5 2 ǁ   ǁ | 3   6 5 2   3     | 1 | 
| ǁ |   | 4 6 = = = = 6 - - - - 5 - 7 3 ǁ | 2 1   3 2         | 1 | 
4 5 |   | 3 ǁ 1 5 4 2 |         |   | 2 ǁ | 3   5     5 5   2 | | | 
3 2 |   | 4 ǁ   | 1   |         5 3 5 3 ǁ | 2 2 | 1 1   2 5 2 | 3 5 
4 1 |   | 4 6   4     |     2 = 4 1 3 1 ǁ |   1 | 2 5 6 3   2 | 1 ǁ 
ǁ   |   | 2 5 3   4   3 - - - - - - - - 5 6 4 2 |   2   2 6 4 | 3 ǁ 
ǁ   |   | 1 2 3 2 1 1           2         4 3 1 |   1 3   6 2 | ǁ ǁ 
ǁ   | 1 4 = = = = = = = = = = = = = = = = = = = 4 3 2 1 1 4 2 | ǁ ǁ 
5 - 5 - - - - - - 3 4 2 2 = = 6 = 3 - - - - - - - - - - - - - 6 5 ǁ 
2 2 6 = = = 2 2 = 4 = = = = = 5 1 1 - - - - - - - - - - - - - 3 3 3 
