34 34
2 6 4 0 4 2 0 4 0 0 0 0 0 0 0 0 0 0 0 0 0 0 0 0 0 0 3 2 0 3 0 3 1 1 
1 0 4 0 7 0 0 5 0 0 0 0 0 0 0 0 0 0 0 0 3 5 3 3 2 0 0 4 0 2 0 0 0 2 
0 0 3 0 5 3 1 0 0 0 0 0 0 0 0 0 0 0 0 1 0 2 0 4 0 0 0 3 1 0 0 0 0 0 
4 6 0 0 4 0 0 6 0 0 0 0 0 0 0 0 0 0 0 2 0 0 0 0 4 0 6 3 4 6 0 5 5 3 
3 0 3 2 0 0 1 0 0 0 0 0 0 0 0 0 0 0 0 0 0 0 0 4 0 0 8 4 3 4 1 0 4 3 
3 0 5 5 0 0 0 0 0 0 0 0 0 0 0 0 0 0 0 0 0 3 0 0 0 0 7 0 4 0 0 6 2 3 
0 0 0 2 0 0 0 0 0 0 0 0 0 0 0 0 0 0 0 0 0 0 0 0 0 0 3 3 0 2 2 4 4 2 
0 0 0 2 0 0 0 0 0 0 0 0 0 0 0 0 0 0 0 0 0 6 0 2 2 0 5 3 0 5 6 0 6 1 
0 0 0 0 0 0 0 0 0 0 0 0 0 0 0 0 0 0 0 0 0 2 0 0 0 0 0 1 0 0 0 0 2 0 
5 7 5 4 0 0 0 0 0 0 0 0 0 0 0 0 0 0 0 0 0 0 0 0 0 0 0 0 0 3 0 3 0 5 
0 1 2 4 6 6 5 0 0 0 0 0 0 1 0 0 0 0 0 0 5 0 0 0 0 0 6 3 0 1 0 3 3 0 
3 3 0 2 0 2 2 0 0 0 0 0 0 0 0 0 0 0 0 0 4 0 0 1 0 2 0 1 0 0 0 1 0 0 
3 3 0 1 5 3 2 0 0 0 0 0 0 0 0 0 0 0 0 0 2 1 0 0 0 0 3 2 0 2 5 0 7 4 
1 0 0 2 6 4 2 0 0 0 0 0 0 0 0 0 0 0 0 0 0 0 0 0 0 0 1 0 0 1 3 2 0 1 
3 0 6 0 0 0 0 8 0 0 0 0 0 0 0 0 0 0 0 0 0 0 0 0 0 6 0 0 5 0 0 0 6 1 
0 2 0 4 0 4 2 0 4 0 3 2 0 4 2 2 3 0 5 3 3 1 0 0 0 3 3 3 5 6 6 0 7 3 
0 0 0 4 2 0 0 0 0 0 0 0 0 0 3 0 0 0 4 0 4 1 0 0 0 5 5 2 0 5 4 0 2 0 
0 4 0 2 0 6 6 0 2 0 0 0 0 0 1 0 1 0 4 2 0 3 3 3 2 0 4 0 6 2 1 1 0 4 
0 0 0 0 0 0 0 0 2 0 0 0 0 0 1 0 0 0 2 1 0 0 1 0 0 0 3 3 6 3 0 1 2 0 
0 0 0 0 2 0 0 0 3 0 6 0 0 6 0 0 0 0 0 0 6 5 3 4 3 0 3 3 3 3 0 2 0 0 
4 6 0 0 0 0 0 0 3 3 0 2 1 0 0 0 0 0 0 0 0 0 2 0 0 4 0 0 0 0 4 6 0 0 
1 0 0 0 0 0 0 0 0 4 0 6 3 0 0 0 0 0 0 0 0 0 2 0 2 0 4 0 0 0 2 2 0 0 
0 0 0 0 0 0 0 0 0 0 0 0 2 0 0 0 1 3 2 0 0 0 3 0 0 0 0 0 0 0 0 0 0 0 
0 3 0 0 0 0 3 0 0 2 0 0 0 0 1 0 0 0 0 0 0 0 4 2 3 0 5 0 0 0 0 0 3 3 
0 1 0 0 0 0 0 0 0 0 0 0 0 0 0 0 0 3 0 0 4 0 0 2 1 0 5 3 1 2 2 2 0 0 
0 0 0 3 4 0 1 0 4 0 5 6 5 0 3 0 4 0 0 3 0 5 2 0 0 0 3 4 0 6 0 4 0 0 
0 0 0 3 1 0 0 0 1 0 3 3 1 0 2 0 0 0 0 0 0 5 0 4 1 0 2 2 1 4 2 0 0 0 
3 0 4 3 0 4 0 6 0 0 0 0 0 4 0 0 0 0 0 0 0 0 0 0 0 5 0 0 0 0 0 5 0 0 
0 2 0 1 0 5 3 0 3 0 0 0 0 6 0 2 1 0 0 2 2 0 2 1 0 0 2 0 0 0 4 0 0 0 
1 0 4 3 2 2 2 0 5 5 0 2 1 7 0 0 0 0 0 6 3 2 0 0 0 4 0 0 0 0 5 3 0 0 
2 0 3 0 0 3 1 0 3 4 2 2 0 4 0 0 1 1 0 3 2 4 0 2 1 3 0 0 0 0 3 1 0 0 
5 6 0 0 0 0 0 5 0 0 0 0 0 0 0 0 0 0 0 0 0 0 0 0 0 0 0 0 0 0 0 0 5 4 
2 3 2 0 5 0 0 5 0 0 0 0 0 0 0 0 0 0 0 4 0 0 0 0 0 0 0 3 4 4 0 0 5 2 
2 4 4 0 6 4 4 4 0 0 0 0 0 0 2 1 1 3 0 5 0 4 0 0 2 2 0 3 2 2 1 1 3 1 
400 408
0 1 0 0
0 1 0 2
0 1 3 1
0 1 0 0
0 1 0 2
0 1 3 1
0 2 0 4
0 2 1 2
0 4 0 5
0 4 1 4
0 4 0 5
0 7 0 26
0 7 1 7
0 7 0 26
0 7 1 7
1 0 3 0
1 2 1 4
1 2 2 2
1 2 1 4
1 4 1 7
1 4 2 4
1 21 1 20
1 21 1 22
1 21 2 21
3 0 3 1
3 0 4 0
3 0 3 1
4 26 4 23
4 26 4 27
4 26 3 26
4 26 5 26
4 26 4 23
4 26 4 27
4 26 3 26
4 26 5 26
5 26 5 21
5 26 5 28
5 26 6 26
9 0 9 1
9 0 5 0
9 0 11 0
9 1 9 0
9 1 9 2
9 1 3 1
9 1 10 1
9 33 9 31
9 33 7 33
9 33 12 33
12 32 12 30
12 32 12 33
12 32 10 32
12 32 14 32
14 7 14 2
14 7 14 25
14 7 3 7
14 7 27 7
14 7 14 2
14 7 14 25
14 7 3 7
14 7 27 7
14 25 14 28
14 25 11 25
14 25 15 25
14 25 14 28
15 8 15 10
15 8 17 8
15 8 15 10
15 8 17 8
15 18 15 16
15 18 15 19
15 18 16 18
15 32 15 30
15 32 15 33
15 32 14 32
15 32 16 32
17 6 17 5
17 6 15 6
17 6 23 6
17 6 17 5
17 6 15 6
17 6 23 6
20 1 20 0
20 1 17 1
20 1 23 1
20 1 20 0
20 1 17 1
20 1 23 1
20 31 20 30
20 31 19 31
20 31 21 31
20 31 20 30
20 31 19 31
20 31 21 31
27 7 27 5
27 7 27 13
27 7 31 7
27 7 27 5
27 31 27 25
27 31 25 31
27 31 29 31
28 30 28 26
28 30 29 30
28 30 28 26
28 30 29 30
29 8 29 9
29 8 28 8
29 8 30 8
29 13 29 12
29 13 29 19
29 13 28 13
29 13 30 13
31 0 31 1
31 0 30 0
31 0 32 0
33 4 33 2
33 4 33 5
33 4 32 4
33 4 33 2
33 4 33 5
33 4 32 4
33 5 33 6
33 5 30 5
33 6 33 7
33 6 30 6
33 6 33 7
33 7 33 14
33 7 32 7
33 14 33 15
33 19 33 17
33 19 33 21
33 19 32 19
1 4 1 7
1 4 2 4
3 7 3 4
3 7 3 19
3 7 1 7
3 7 3 4
3 26 3 24
3 26 3 27
3 26 0 26
3 26 3 24
4 0 5 0
4 23 2 23
4 27 4 28
4 27 3 27
5 2 5 3
5 2 4 2
5 2 9 2
7 21 7 23
7 21 5 21
7 21 8 21
7 21 7 23
7 21 5 21
7 21 8 21
7 24 7 26
7 32 7 30
7 32 6 32
7 32 8 32
7 32 7 30
7 32 6 32
7 32 8 32
9 1 9 0
9 1 9 2
9 33 9 31
9 33 12 33
10 5 10 4
10 5 10 6
10 5 11 5
10 5 10 4
10 5 10 6
10 5 11 5
10 13 10 20
12 21 12 20
12 33 12 32
13 4 13 3
13 4 13 5
13 4 12 4
13 4 13 3
13 4 13 5
13 4 12 4
13 5 13 6
13 5 12 5
13 6 12 6
13 31 13 30
13 33 14 33
14 2 14 0
14 2 10 2
14 2 27 2
14 2 14 0
14 32 14 28
14 32 12 32
14 32 15 32
15 1 17 1
15 3 15 5
15 3 16 3
15 3 15 5
15 3 16 3
15 5 17 5
15 29 15 28
15 29 15 30
15 29 16 29
15 29 15 28
15 29 15 30
15 29 16 29
16 3 16 4
16 3 17 3
16 4 19 4
17 1 15 1
17 3 25 3
19 4 25 4
20 0 14 0
20 0 21 0
23 1 24 1
23 6 25 6
25 4 25 3
25 4 26 4
25 4 25 3
26 3 27 3
27 0 27 2
27 0 29 0
27 0 27 2
27 2 27 3
29 2 29 3
29 2 30 2
29 2 29 3
29 2 30 2
29 13 29 19
29 13 28 13
29 13 30 13
29 19 29 20
29 19 28 19
29 19 30 19
29 19 29 20
30 13 30 11
30 13 30 16
31 1 31 0
31 1 28 1
31 1 32 1
31 1 31 0
31 1 28 1
31 7 31 32
31 7 32 7
31 7 31 32
31 7 32 7
32 7 32 19
33 2 33 1
33 2 32 2
33 16 33 17
33 17 33 19
33 21 33 19
33 21 33 24
33 21 33 24
33 25 33 27
2 6 2 5
3 1 3 4
3 4 2 4
3 19 2 19
3 24 1 24
4 0 5 0
4 23 2 23
5 26 5 28
5 26 6 26
7 24 7 26
7 30 7 29
7 30 6 30
7 30 12 30
7 30 7 29
9 31 10 31
10 4 10 3
10 4 12 4
11 31 10 31
12 20 11 20
13 0 12 0
13 31 13 30
14 32 14 28
15 5 17 5
17 5 27 5
26 3 27 3
27 5 17 5
28 5 28 3
28 5 28 6
28 5 29 5
28 13 28 8
28 13 28 15
28 13 27 13
28 13 28 8
29 3 29 4
30 5 30 2
30 5 29 5
30 17 30 19
30 19 30 20
32 4 32 2
32 7 32 19
32 19 32 27
33 1 33 0
33 1 32 1
33 1 33 0
33 25 33 27
2 2 2 4
2 5 2 4
2 23 2 21
2 23 1 23
3 24 1 24
10 4 10 3
10 4 12 4
10 31 10 32
10 32 12 32
11 20 11 23
11 20 10 20
11 20 10 20
11 25 11 27
12 5 12 4
12 5 12 6
27 13 27 25
27 13 19 13
28 5 28 6
28 15 28 16
28 19 28 20
28 22 28 20
28 22 28 23
29 6 28 6
32 0 32 1
1 21 1 20
1 21 1 22
1 22 1 23
10 26 10 20
10 26 10 27
10 26 7 26
10 26 10 20
10 26 10 27
10 26 7 26
11 6 10 6
12 3 11 3
19 13 19 10
19 13 19 20
19 13 15 13
19 13 19 10
19 13 19 20
19 20 19 21
19 20 16 20
19 20 24 20
19 20 19 21
22 18 22 17
23 9 21 9
23 14 25 14
24 20 24 17
24 20 24 23
24 20 24 17
25 12 25 11
25 12 22 12
25 12 26 12
25 21 25 19
25 21 25 22
25 21 26 21
10 6 4 6
10 6 11 6
11 3 10 3
15 13 15 11
15 13 15 14
15 13 15 11
18 8 19 8
19 10 19 8
19 10 15 10
19 10 25 10
19 10 19 8
21 9 20 9
21 9 23 9
21 9 20 9
21 11 21 12
21 11 20 11
21 11 25 11
21 11 21 12
21 11 20 11
21 11 25 11
22 18 22 17
23 22 23 23
23 22 22 22
23 22 23 23
23 22 22 22
24 17 22 17
25 11 25 10
25 11 25 12
25 11 26 11
25 12 22 12
26 11 26 10
10 3 10 2
20 9 20 8
20 12 21 12
22 16 25 16
22 22 21 22
25 16 25 14
25 16 25 19
25 16 25 14
25 19 25 21
26 11 26 10
26 14 26 21
9 3 9 2
9 3 7 3
9 3 9 2
9 3 7 3
20 8 25 8
26 14 26 21
6 3 5 3
20 8 25 8
25 8 25 10
25 8 26 8
25 10 26 10
6 3 5 3

13844

2 6 4 - 4 2   4 = = = = = = = = = = = = = = = = = = 3 2   3   3 1 1 
1 ǁ 4 = 7 = = 5                         3 5 3 3 2   | 4   2       2 
| ǁ 3 - 5 3 1 |                       1   2 - 4 ǁ   | 3 1           
4 6 - - 4 = = 6 - - - - - - - - - - - 2       ǁ 4 = 6 3 4 6   5 5 3 
3 | 3 2     1 ǁ                               4 = = 8 4 3 4 1   4 3 
3 | 5 5     | ǁ                           3 - - - - 7 = 4     6 2 3 
| | | 2     | ǁ                           ǁ         3 3   2 2 4 4 2 
| | | 2     | ǁ                           6 = 2 2 = 5 3   5 6 = 6 1 
| | | ǁ     | ǁ                           2         ǁ 1     |   2 | 
5 7 5 4     | ǁ                                     ǁ     3 | 3 = 5 
| 1 2 4 6 6 5 ǁ           1 - - - - - - 5 = = = = = 6 3   1 | 3 3 ǁ 
3 3 | 2 ǁ 2 2 ǁ                         4 - - 1   2 - 1     | 1 ǁ ǁ 
3 3 | 1 5 3 2 ǁ                         2 1       | 3 2   2 5 - 7 4 
1   | 2 6 4 2 ǁ                                   | 1     1 3 2 ǁ 1 
3 = 6 = = = = 8 = = = = = = = = = = = = = = = = = 6 = = 5 = = = 6 1 
| 2 | 4 = 4 2 ǁ 4 = 3 2 = 4 2 2 3 - 5 3 3 1       3 3 3 5 6 6 - 7 3 
| ǁ | 4 2 ǁ ǁ ǁ ǁ   |     | 3       4   4 1       5 5 2   5 4   2   
| 4 | 2 | 6 6 ǁ 2   |     | 1   1   4 2 | 3 3 3 2   4   6 2 1 1   4 
| ǁ | | | ǁ ǁ ǁ 2   |     | 1       2 1 |   1       3 3 6 3   1 2   
| ǁ | | 2 ǁ ǁ ǁ 3 = 6 = = 6 = = = = = = 6 5 3 4 3   3 3 3 3   2     
4 6 | | | ǁ ǁ ǁ 3 3 | 2 1 |             |   2     4         4 6     
1 ǁ | | | ǁ ǁ ǁ ǁ 4 | 6 3 |             |   2   2   4       2 2     
  ǁ | | | ǁ ǁ ǁ ǁ ǁ | ǁ 2 |     1 3 2   |   3                       
  3 | | | ǁ 3 ǁ ǁ 2 | ǁ ǁ | 1   | |     |   4 2 3   5           3 3 
  1 | | | ǁ | ǁ ǁ   | ǁ ǁ | |   | 3 = = 4 - - 2 1   5 3 1 2 2 2     
    | 3 4 ǁ 1 ǁ 4 - 5 6 5 | 3 = 4 - - 3 = 5 2       3 4   6   4     
    | 3 1 ǁ   ǁ 1   3 3 1 | 2 = = = = = = 5   4 1   2 2 1 4 2 |     
3 = 4 3   4 = 6 - - - - - 4 - - - - - - - - - - - 5 - - - - - 5     
| 2   1 - 5 3 | 3 = = = = 6 - 2 1     2 2 - 2 1     2 = = = 4 |     
1 ǁ 4 3 2 2 2 | 5 5   2 1 7 = = = = = 6 3 2       4         5 3     
2 ǁ 3 - - 3 1 | 3 4 2 2 - 4 - - 1 1 - 3 2 4   2 1 3         3 1     
5 6       | | 5 = = = = = = = = = = = = = = = = = = = = = = = = 5 4 
2 3 2 - 5 | | 5 = = = = = = = = = = = 4 - - - - - - - 3 4 4     5 2 
2 4 4 = 6 4 4 4 - - - - - - 2 1 1 3 = 5 = 4 = = 2 2 = 3 2 2 1 1 3 1 
