34 34
3 0 0 0 0 0 0 0 0 0 0 4 0 3 1 2 3 2 3 0 2 0 0 0 3 0 0 4 0 0 4 4 2 2 
0 3 0 4 0 4 0 0 0 4 0 5 0 0 0 0 5 0 0 0 0 0 0 0 0 0 0 0 0 0 6 5 4 5 
0 1 0 0 1 0 0 2 1 0 0 0 2 1 1 1 0 0 3 0 4 0 0 0 4 0 2 0 1 2 0 0 0 1 
0 0 0 0 0 0 2 4 2 0 0 0 0 1 0 3 0 0 0 1 4 3 1 0 0 0 3 0 4 0 0 0 0 1 
0 1 0 4 2 0 0 0 0 0 0 0 0 0 0 0 0 0 0 0 1 3 3 0 0 2 4 0 0 0 0 0 0 0 
0 1 1 2 2 0 0 0 0 0 0 0 2 4 5 4 0 0 0 0 3 0 0 0 5 0 0 0 6 4 0 0 0 0 
0 0 2 3 0 0 0 6 5 0 0 0 0 1 0 0 0 0 0 0 0 2 5 1 0 1 2 2 0 0 0 0 0 0 
0 4 2 4 4 0 0 0 2 0 2 0 0 0 0 0 0 0 0 0 0 0 0 0 0 0 0 1 0 0 0 0 0 0 
0 0 1 4 1 0 0 4 1 0 0 0 4 0 6 4 0 0 0 0 0 0 0 0 0 0 0 1 3 0 0 0 0 0 
0 0 1 7 4 0 0 0 0 0 0 0 4 1 0 1 0 0 1 0 0 0 0 0 0 0 0 0 1 0 0 0 0 0 
0 0 2 0 0 0 0 0 0 0 0 0 3 2 0 1 0 2 0 0 0 0 0 0 0 2 6 5 2 2 0 0 0 0 
0 0 4 0 0 0 0 0 0 0 4 4 0 0 5 3 0 0 0 0 6 0 6 0 0 1 0 0 0 1 0 0 0 0 
0 0 0 0 0 0 0 0 0 0 0 0 3 0 3 2 0 0 0 0 4 1 2 0 0 4 7 0 0 0 4 0 0 0 
0 0 0 0 0 0 0 0 1 0 2 0 3 2 0 0 0 0 0 0 3 0 2 0 0 1 3 1 2 0 3 0 0 0 
0 0 0 0 0 0 0 0 0 0 3 0 3 0 6 4 0 0 0 0 2 3 0 0 4 0 0 0 0 0 0 5 0 0 
2 5 3 0 0 0 0 0 2 0 4 0 0 2 6 2 0 3 0 6 0 0 0 0 0 0 0 0 4 4 0 4 0 0 
1 0 0 0 3 0 0 0 0 0 2 0 0 2 4 1 0 0 0 4 0 0 0 2 0 0 0 0 0 2 1 2 0 0 
0 0 0 0 1 0 0 0 0 0 0 0 3 0 0 0 5 0 0 0 0 0 0 0 0 0 0 0 6 0 0 2 0 0 
0 0 0 0 0 0 0 0 0 0 1 0 3 3 2 1 0 4 5 0 0 5 2 1 4 4 2 1 5 0 0 0 4 0 
0 0 0 0 0 0 0 0 0 0 0 0 2 2 0 0 0 0 0 2 0 5 0 2 2 0 0 0 0 2 0 0 4 0 
2 0 0 0 0 0 0 0 0 0 3 5 0 0 4 2 0 0 5 0 0 0 0 0 0 6 7 4 4 0 0 0 4 0 
0 0 1 0 0 0 0 0 0 0 3 0 1 0 4 2 0 0 5 0 0 4 2 2 0 0 0 1 0 4 5 2 2 0 
0 0 0 0 0 0 0 0 0 0 2 0 4 0 6 2 0 0 0 1 0 4 1 0 0 0 1 2 0 0 0 1 0 0 
0 0 0 0 0 0 0 4 3 0 1 0 0 3 4 1 0 0 2 2 0 5 1 0 0 0 2 0 3 0 1 0 0 0 
0 0 4 6 0 5 3 0 2 0 0 0 0 0 0 1 0 0 0 0 1 4 1 0 2 0 0 0 2 0 0 0 0 0 
0 0 2 5 2 5 5 6 5 0 3 0 0 0 5 4 0 0 0 0 1 0 0 5 0 0 5 6 0 6 0 3 4 0 
0 0 1 2 1 3 2 2 1 0 0 0 0 4 3 0 0 0 0 1 0 0 0 0 0 0 2 0 0 6 4 0 0 0 
4 7 0 0 0 0 0 0 0 6 3 3 0 4 3 3 0 5 0 1 0 0 0 0 0 0 2 0 0 4 4 0 0 0 
0 0 3 0 2 0 0 1 2 6 2 2 0 2 2 2 0 4 0 0 0 0 0 6 4 0 1 0 2 0 3 0 0 0 
0 0 5 4 0 0 5 0 0 0 0 0 6 0 0 0 6 0 0 0 0 0 0 0 0 5 0 0 0 0 0 4 6 0 
1 0 0 3 2 2 6 4 1 2 2 0 5 1 2 0 8 0 0 0 0 3 0 1 0 0 1 0 0 4 0 0 6 2 
1 1 2 2 2 0 3 3 1 0 1 0 3 1 1 0 5 0 0 0 2 1 3 0 0 7 3 2 1 6 2 2 7 2 
2 0 0 6 0 0 0 0 0 7 0 0 0 0 0 0 0 0 0 0 0 0 0 0 0 7 1 1 0 2 2 0 7 2 
2 0 0 5 0 0 0 1 2 5 0 0 0 0 0 0 0 0 0 0 0 0 0 1 0 4 0 0 3 0 2 1 4 2 
400 412
1 1 1 3
1 1 2 1
1 1 1 3
1 3 1 5
1 3 4 3
1 5 1 9
1 5 24 5
1 5 1 9
1 9 1 11
1 9 27 9
1 33 1 32
1 33 0 33
1 33 2 33
2 4 4 4
6 7 6 8
6 7 3 7
6 7 8 7
6 7 6 8
6 7 3 7
6 7 8 7
8 7 8 8
8 7 23 7
9 3 9 2
9 3 9 4
9 3 8 3
9 3 24 3
10 2 11 2
11 2 10 2
11 2 15 2
11 2 15 2
12 26 12 25
12 26 12 30
12 26 10 26
12 26 13 26
13 8 15 8
14 31 14 24
14 31 1 31
14 31 15 31
15 8 23 8
20 26 20 25
20 26 20 27
20 26 18 26
20 26 22 26
23 7 23 8
23 7 25 7
23 7 23 8
24 8 25 8
25 7 25 6
25 7 25 8
25 7 26 7
25 7 25 6
25 7 25 8
25 8 24 8
25 8 26 8
27 1 27 0
27 1 27 9
27 1 15 1
27 1 31 1
27 9 27 1
27 9 27 10
27 9 28 9
27 9 27 10
28 9 28 8
28 9 28 10
28 9 30 9
28 9 28 8
28 9 28 10
29 2 29 3
29 2 28 2
29 2 31 2
29 12 29 16
29 12 22 12
29 12 30 12
29 12 29 16
29 12 22 12
29 12 30 12
29 16 29 25
29 16 17 16
29 16 30 16
29 16 29 25
29 32 29 31
29 32 25 32
29 32 30 32
29 32 29 31
29 32 25 32
29 32 30 32
30 32 30 29
30 32 30 33
30 32 31 32
30 32 30 29
31 16 31 14
31 16 31 20
31 16 30 16
31 25 31 22
31 25 31 26
31 25 29 25
31 25 32 25
31 32 31 31
31 32 31 33
31 32 32 32
32 9 32 3
32 9 32 25
32 9 30 9
32 9 33 9
32 25 32 9
32 25 32 26
32 25 31 25
32 25 33 25
33 3 33 0
33 3 33 7
33 3 32 3
33 8 33 9
33 9 33 8
33 9 33 23
33 9 32 9
33 25 33 28
33 25 32 25
33 25 33 28
1 33 1 32
1 33 0 33
3 33 30 33
7 8 6 8
9 3 9 4
9 3 8 3
9 3 24 3
9 4 8 4
9 4 16 4
10 27 10 26
10 27 10 28
10 27 8 27
11 29 10 29
16 4 17 4
20 18 20 25
20 18 18 18
20 18 21 18
20 26 20 25
20 26 20 27
20 26 18 26
24 3 24 2
24 3 24 5
24 3 25 3
24 3 24 2
25 14 25 15
25 14 23 14
25 14 26 14
25 32 25 31
25 32 21 32
26 7 26 6
27 1 27 0
27 1 15 1
27 17 27 19
27 17 18 17
27 17 28 17
28 11 27 11
28 17 28 23
28 17 27 17
28 17 28 23
28 23 28 24
28 23 25 23
28 23 28 24
28 23 25 23
28 24 28 26
28 24 24 24
29 31 29 25
29 31 25 31
30 16 30 14
30 16 30 21
30 16 31 16
30 16 30 14
30 16 30 21
30 16 31 16
30 23 30 21
30 29 30 26
30 29 31 29
31 20 31 21
31 22 31 25
31 29 31 28
31 29 31 30
31 29 32 29
31 29 31 30
31 29 32 29
31 32 31 31
31 32 31 33
31 32 32 32
32 9 32 3
32 27 31 27
32 32 32 30
32 32 32 33
32 32 33 32
33 3 33 0
33 3 32 3
33 28 33 30
7 4 7 3
7 4 5 4
7 4 7 3
7 4 5 4
7 8 6 8
8 3 8 2
8 3 7 3
8 28 5 28
8 28 9 28
8 28 5 28
18 25 18 24
18 25 20 25
18 25 18 24
18 25 20 25
19 21 19 19
19 21 19 23
19 21 18 21
20 25 20 18
24 2 21 2
24 2 25 2
25 26 25 27
25 26 23 26
25 26 26 26
25 27 25 26
25 27 25 29
25 27 22 27
25 27 25 26
25 27 25 29
25 29 25 31
25 29 21 29
25 29 26 29
25 29 21 29
26 19 23 19
26 29 26 26
26 29 26 30
26 29 27 29
26 29 26 30
26 29 27 29
26 30 27 30
27 0 20 0
27 0 30 0
27 17 18 17
27 26 27 29
27 26 27 29
27 30 26 30
27 30 28 30
27 30 28 30
28 11 27 11
28 28 28 30
29 25 31 25
31 0 32 0
31 26 31 27
32 0 32 3
32 3 31 3
4 4 4 3
5 28 5 24
5 28 5 29
5 28 3 28
5 28 5 24
5 29 2 29
5 29 10 29
5 29 2 29
6 8 3 8
7 3 7 2
10 28 10 27
15 2 15 1
18 17 18 18
18 17 15 17
20 0 16 0
22 27 21 27
22 31 21 31
23 26 23 22
23 30 21 30
24 24 24 22
24 28 23 28
25 23 25 20
0 27 0 24
0 27 0 30
0 27 0 24
0 27 0 30
0 30 0 31
0 30 1 30
0 31 0 32
0 31 1 31
0 31 0 32
1 30 1 16
1 30 1 31
1 30 12 30
1 30 1 16
1 30 1 31
1 32 1 31
1 32 18 32
3 28 3 26
3 28 2 28
3 28 3 26
4 3 4 1
4 3 5 3
4 26 4 25
4 26 3 26
4 26 4 25
10 27 10 26
12 30 12 26
12 30 13 30
13 30 13 28
14 31 14 24
14 31 15 31
15 31 15 29
15 31 16 31
17 16 17 12
17 16 1 16
17 16 17 12
17 16 1 16
17 28 17 31
17 28 15 28
17 28 18 28
17 28 17 31
17 28 15 28
17 28 18 28
18 32 18 28
18 32 19 32
18 32 18 28
19 32 19 29
19 32 20 32
19 32 19 29
20 27 20 28
20 27 18 27
20 32 20 28
20 32 21 32
20 32 20 28
21 23 21 22
21 29 21 30
21 29 21 30
21 30 21 31
23 21 23 19
23 21 22 21
23 21 24 21
23 28 20 28
23 28 24 28
24 20 24 21
24 21 23 21
0 24 0 20
2 26 2 24
2 26 2 24
7 10 11 10
7 27 6 27
10 26 10 25
10 26 6 26
10 26 12 26
11 20 11 22
11 20 5 20
11 20 12 20
11 20 11 22
11 20 5 20
11 20 12 20
11 22 11 25
11 22 6 22
11 22 12 22
11 22 6 22
12 20 12 21
12 20 13 20
12 25 12 22
12 25 12 26
12 25 13 25
13 26 13 27
13 28 13 30
14 24 14 21
14 24 18 24
15 19 15 17
15 19 3 19
15 19 16 19
15 19 15 17
15 19 16 19
15 19 16 19
15 28 15 29
15 29 15 28
15 29 16 29
16 19 16 23
16 23 18 23
16 29 16 30
18 22 18 21
18 24 19 24
19 19 19 21
19 24 19 23
21 23 21 22
22 19 22 21
22 22 22 21
23 18 21 18
23 21 22 21
0 20 0 18
2 24 2 20
2 24 5 24
5 24 5 20
6 21 6 22
6 22 6 21
6 22 6 23
6 27 6 26
7 10 11 10
9 18 2 18
10 25 6 25
11 10 11 11
11 10 13 10
13 22 13 20
14 21 14 20
18 22 18 21
19 21 18 21
21 21 21 18
21 21 21 18
23 18 21 18
0 18 0 17
2 18 2 20
2 20 2 18
2 20 3 20
3 20 3 21
3 20 4 20
3 20 3 21
13 22 13 20
14 20 14 21
18 21 18 18
20 18 18 18
0 18 0 17

5672

3                     4   3 1 2 3 2 3 - 2 - - - 3 = = 4 = = 4 4 2 2 
  3 = 4 - 4 = = = 4 - 5         5 = = = = = = = = = = = = = 6 5 4 5 
  1   | 1 |   2 1 |     2 1 1 1 ǁ   3 = 4 - - - 4 = 2   1 2 | | | 1 
      | | | 2 4 2 |       1   3 ǁ   | 1 4 3 1   |   3 = 4 ǁ | | | 1 
  1 - 4 2 |   ǁ | |             ǁ   | | 1 3 3   | 2 4   | ǁ | | | | 
  1 1 2 2 |   ǁ | |     2 4 5 4 ǁ   | | 3 - - - 5 = = = 6 4 | | | | 
    2 3 ǁ |   6 5 |       1     ǁ   | | ǁ 2 5 1   1 2 2 ǁ | | | | | 
  4 2 4 4 |   ǁ 2 | 2           ǁ   | | ǁ   ǁ     | | 1 ǁ | | | | | 
    1 4 1 |   4 1 | ǁ   4   6 4 ǁ   | | ǁ   ǁ     | | 1 3 | | | | | 
    1 7 4 |   |   | ǁ   4 1   1 ǁ   1 | ǁ   ǁ     | | | 1 | | | | | 
    2 ǁ | |   |   | ǁ   3 2   1 ǁ 2   | ǁ   ǁ     2 6 5 2 2 | | | | 
    4 ǁ | |   |   | 4 4     5 3 ǁ     | 6 = 6 - - 1 ǁ     1 | | | | 
    ǁ ǁ | |   |   | |   3   3 2 ǁ     | 4 1 2 - - 4 7 = = = 4 | | | 
    ǁ ǁ | |   | 1 | 2   3 2     ǁ     | 3 = 2     1 3 1 2 = 3 | | | 
    ǁ ǁ | |   | | | 3   3   6 4 ǁ     | 2 3 - - 4 = = = = = = 5 | | 
2 5 3 ǁ | |   | 2 | 4     2 6 2 ǁ 3 = 6         |       4 4 - 4 | | 
1 ǁ   ǁ 3 |   | | | 2     2 4 1 ǁ |   4 - - - 2 |       ǁ 2 1 2 | | 
| ǁ   ǁ 1 |   | | |     3 = = = 5 |           | |       6 = = 2 | | 
| ǁ   ǁ   |   | | | 1   3 3 2 1 | 4 5 - - 5 2 1 4 4 2 1 5 = = = 4 | 
| ǁ   ǁ   |   | | |     2 2     | ǁ ǁ 2 = 5 - 2 2 ǁ ǁ |   2 = = 4 | 
2 ǁ   ǁ   |   | | | 3 5     4 2 | ǁ 5 = = = = = = 6 7 4 4 = = = 4 | 
| ǁ 1 ǁ   |   | | | 3   1   4 2 | ǁ 5 = = 4 2 2     | 1 | 4 5 2 2 | 
| ǁ | ǁ   |   | | | 2   4   6 2 | ǁ ǁ 1 - 4 1       1 2 | ǁ | 1 | | 
| ǁ | ǁ   |   4 3 | 1   ǁ 3 4 1 | ǁ 2 2 - 5 1 - - - 2 | 3 ǁ 1   | | 
| ǁ 4 6 - 5 3 | 2 |     ǁ   | 1 | ǁ   | 1 4 1 - 2   | | 2 ǁ     | | 
| ǁ 2 5 2 5 5 6 5 | 3   ǁ   5 4 | ǁ   | 1 - - 5 |   5 6 = 6 - 3 4 | 
| ǁ 1 2 1 3 2 2 1 |     ǁ 4 3   | ǁ   1       ǁ |   2 - - 6 4 | ǁ | 
4 7 = = = = = = = 6 3 3 ǁ 4 3 3 | 5 - 1       ǁ |   2 = = 4 4 | ǁ | 
| | 3   2     1 2 6 2 2 ǁ 2 2 2 | 4 = = = = = 6 4 - 1   2 - 3 | ǁ | 
| | 5 4     5     |     6 = = = 6 = = = = = = = = 5 - - - - - 4 6 | 
1 | | 3 2 2 6 4 1 2 2   5 1 2 = 8 = = = = 3 - 1   ǁ 1 - - 4 = = 6 2 
1 1 2 2 2   3 3 1 | 1   3 1 1 - 5 - - - 2 1 3 = = 7 3 2 1 6 2 2 7 2 
2 - - 6 = = = = = 7 = = = = = = = = = = = = = = = 7 1 1   2 2 - 7 2 
2 = = 5 - - - 1 2 5 - - - - - - - - - - - - - 1   4 = = 3 - 2 1 4 2 
