34 34
1 1 0 0 0 0 0 0 0 0 0 3 1 0 2 0 0 0 2 2 0 3 2 0 2 0 0 0 3 0 0 0 2 1 
0 2 2 5 0 0 2 1 0 3 2 0 4 0 6 3 2 1 0 1 0 0 1 0 2 1 2 0 0 0 0 2 1 0 
0 4 0 5 0 0 3 4 1 0 0 0 2 0 0 0 0 0 0 4 0 3 0 0 6 5 6 2 0 2 0 6 0 5 
0 5 2 0 2 3 2 2 1 0 0 0 3 2 0 0 0 0 0 4 4 2 1 2 0 0 2 2 0 3 2 0 0 0 
0 4 0 0 0 4 0 0 0 0 0 0 0 1 6 0 0 0 6 0 0 0 4 2 0 0 2 5 3 1 0 1 0 0 
0 5 0 6 3 3 5 0 0 4 6 8 6 2 0 2 4 0 0 0 0 0 3 0 0 5 2 0 0 4 0 4 1 0 
0 0 0 0 2 0 5 2 1 0 0 0 0 3 4 0 3 0 0 0 0 0 1 0 0 3 3 0 0 5 0 4 1 0 
0 0 0 0 4 4 5 5 3 0 2 0 0 2 0 0 0 0 0 0 0 1 0 6 5 3 0 0 0 0 0 0 1 0 
0 0 1 0 0 0 0 5 4 0 0 0 3 3 0 0 0 0 0 3 0 3 0 0 1 2 0 0 0 0 0 0 0 0 
0 0 0 0 3 0 2 1 0 0 0 0 1 2 2 0 0 0 0 1 0 0 1 0 4 0 6 4 0 2 0 0 0 0 
0 3 3 0 1 0 0 0 0 0 0 0 0 0 1 0 0 0 0 0 0 0 0 0 0 2 4 1 0 0 0 0 0 0 
0 1 0 3 0 4 0 0 0 6 0 8 0 0 0 0 0 0 5 0 0 6 4 0 5 0 0 0 6 0 0 6 3 0 
5 0 0 0 0 0 0 3 1 0 1 0 3 0 0 0 0 0 0 0 0 2 1 0 0 1 3 2 0 2 0 0 1 0 
0 3 0 0 4 0 0 0 0 5 5 0 6 5 4 0 0 0 0 2 1 3 0 6 7 0 6 5 0 0 1 0 0 0 
0 0 4 4 0 3 4 4 2 0 0 0 2 0 4 0 5 1 3 0 0 6 2 0 0 2 4 0 0 0 0 0 0 0 
0 4 5 3 0 0 1 3 0 0 4 0 1 0 0 2 2 0 0 2 4 2 1 0 5 0 4 3 0 0 0 0 0 0 
0 0 2 0 7 5 2 3 3 0 4 0 0 0 0 3 0 0 4 1 0 1 0 0 0 2 3 0 0 0 0 3 2 0 
0 5 2 2 6 0 0 5 2 0 6 7 2 0 3 0 0 0 3 0 4 0 0 0 4 3 1 1 0 0 4 0 4 0 
0 3 2 2 1 1 0 3 1 0 2 4 2 0 3 0 0 0 0 0 0 4 1 0 2 0 0 0 0 0 4 1 0 0 
4 0 0 0 0 0 0 0 0 4 0 0 0 5 0 0 0 0 0 0 0 0 0 6 0 0 0 0 7 7 5 2 0 4 
0 3 4 0 0 0 3 2 4 0 2 3 0 5 0 0 2 0 0 0 0 0 0 0 1 4 3 0 0 3 3 0 0 0 
0 2 0 1 0 0 0 0 0 0 0 0 2 0 0 2 1 0 2 4 0 0 0 6 0 4 4 0 0 4 0 5 0 0 
0 1 0 4 3 0 4 1 0 0 0 0 0 0 0 0 0 0 0 4 0 0 0 0 0 0 3 0 0 3 1 0 0 0 
0 0 0 1 2 0 6 4 5 0 0 0 0 0 0 0 0 0 0 1 0 0 0 0 0 0 0 0 0 0 0 0 0 0 
0 0 0 0 0 0 0 2 2 0 0 0 0 0 1 7 0 0 5 0 0 0 0 0 0 0 0 0 6 5 3 0 0 0 
0 0 0 1 1 0 7 2 0 0 0 0 0 0 2 4 0 0 1 2 0 4 0 0 0 0 0 0 0 0 0 0 0 0 
0 0 0 0 0 0 3 0 0 0 1 1 4 6 0 0 0 0 0 0 0 7 0 0 0 0 2 0 0 0 0 0 0 0 
0 2 0 3 0 0 2 0 0 0 2 0 0 6 0 0 1 0 0 0 0 2 0 0 0 0 0 0 0 0 2 0 0 0 
0 0 0 0 0 0 0 0 0 0 1 0 0 4 1 0 0 0 0 3 0 0 0 0 0 0 0 0 4 0 1 0 0 0 
0 0 0 0 0 0 0 0 0 0 0 0 0 4 0 4 0 0 0 3 0 0 0 0 0 0 2 0 3 5 2 0 0 0 
0 0 0 0 0 0 0 0 0 0 0 2 0 4 0 2 0 2 0 0 0 0 0 0 0 0 0 0 0 4 1 0 0 0 
4 2 0 2 0 0 0 0 0 5 0 0 0 0 0 0 0 0 0 0 0 0 0 0 0 0 0 0 0 0 0 4 6 4 
4 0 3 1 1 0 5 0 0 8 0 0 0 0 0 0 0 0 0 0 0 0 0 0 6 0 4 3 1 0 0 4 3 3 
1 2 0 0 0 0 4 2 0 6 0 0 0 0 0 0 0 0 0 0 0 0 0 2 3 0 0 2 1 0 0 5 2 1 
400 498
1 3 1 2
1 3 1 6
1 3 2 3
2 33 2 31
2 33 0 33
2 33 19 33
3 1 3 2
3 1 2 1
3 1 4 1
5 1 5 3
5 1 4 1
5 1 10 1
5 11 5 10
5 11 5 12
5 11 0 11
5 11 11 11
5 11 5 10
5 11 5 12
5 11 0 11
5 11 11 11
5 12 5 13
5 12 3 12
5 12 8 12
5 12 5 13
11 11 11 9
11 11 11 18
11 11 17 11
12 0 12 7
12 0 0 0
12 0 19 0
13 10 13 9
13 10 12 10
13 10 15 10
13 12 13 13
13 12 12 12
13 12 14 12
13 12 13 13
13 12 12 12
13 12 14 12
13 24 13 23
13 24 13 26
13 24 11 24
13 24 15 24
14 2 14 3
14 2 15 2
14 2 14 3
14 2 15 2
14 3 14 5
14 3 15 3
14 16 14 14
14 16 14 17
14 16 15 16
17 1 17 2
17 1 15 1
17 1 18 1
19 28 19 23
19 28 19 29
19 28 11 28
19 28 24 28
21 31 21 29
21 31 19 31
21 31 31 31
24 15 24 14
24 15 24 18
24 15 21 15
24 15 25 15
25 6 25 4
25 6 25 7
25 6 23 6
25 6 26 6
26 21 26 13
26 21 26 26
26 21 25 21
26 21 27 21
32 9 32 6
32 9 32 24
32 9 31 9
32 9 33 9
32 9 32 6
32 9 32 24
32 9 31 9
32 9 33 9
32 24 32 26
32 24 33 24
32 24 32 26
32 24 33 24
32 26 32 27
32 26 29 26
33 9 33 7
33 9 33 23
33 9 33 7
33 9 33 23
33 24 33 27
33 31 33 28
33 31 33 32
33 31 32 31
2 33 2 31
2 33 19 33
5 10 5 9
5 10 1 10
5 10 7 10
5 10 5 9
7 10 7 8
11 9 11 5
11 9 11 11
11 9 13 9
11 9 11 5
11 9 13 9
11 11 11 18
11 11 17 11
12 0 12 7
12 0 19 0
12 12 12 21
13 4 13 1
13 4 13 9
13 4 13 1
13 4 13 9
13 10 15 10
13 27 13 26
13 27 12 27
13 27 15 27
15 10 15 7
15 10 16 10
16 10 16 8
16 10 17 10
16 10 16 8
17 10 17 8
17 10 17 11
17 10 18 10
17 10 17 8
17 10 17 11
19 0 19 9
19 0 31 0
19 9 19 13
19 9 31 9
19 9 19 13
19 33 19 31
19 33 31 33
20 8 20 7
20 8 23 8
20 8 20 7
20 8 23 8
21 23 21 19
21 23 21 25
21 23 19 23
21 23 21 19
21 23 21 25
21 23 19 23
21 25 21 26
21 25 20 25
21 26 20 26
21 26 22 26
21 26 20 26
21 31 21 29
21 31 31 31
24 15 24 18
24 15 21 15
24 15 25 15
25 6 25 7
25 6 23 6
25 6 26 6
25 14 25 15
25 15 25 14
25 21 25 19
25 21 26 21
25 21 25 19
26 6 27 6
30 17 30 15
30 29 30 30
30 29 29 29
30 29 29 29
30 29 29 29
31 0 31 1
31 0 32 0
31 0 31 1
31 9 31 3
31 31 31 32
31 31 32 31
31 33 31 32
31 33 32 33
31 33 31 32
32 0 32 2
32 0 33 0
32 0 32 2
32 27 32 28
32 27 33 27
32 31 32 32
32 31 33 31
33 1 33 6
33 1 33 6
33 6 32 6
33 6 32 6
33 31 33 32
33 33 32 33
1 10 1 9
2 31 2 29
2 31 1 31
2 31 4 31
2 31 2 29
3 20 3 19
3 20 3 21
3 20 3 19
3 20 3 21
5 9 5 6
5 9 1 9
8 8 8 7
8 8 7 8
8 8 8 7
8 8 7 8
11 5 11 3
11 5 7 5
12 7 12 8
13 1 15 1
14 8 14 7
15 1 15 2
15 1 17 1
16 8 16 7
17 7 17 4
17 7 16 7
17 7 18 7
17 32 17 30
17 32 16 32
17 32 17 30
17 32 16 32
18 31 18 30
19 23 19 13
19 23 19 28
19 23 13 23
19 30 19 29
19 30 18 30
19 30 20 30
20 24 20 25
20 25 20 26
21 12 26 12
21 19 21 18
21 19 22 19
21 29 20 29
21 29 22 29
22 19 22 26
22 19 23 19
22 19 22 26
23 6 23 4
23 6 23 7
23 6 22 6
23 6 23 4
25 18 24 18
27 6 27 3
30 17 30 15
31 9 31 3
31 32 32 32
32 6 32 4
32 33 32 32
1 9 1 7
6 8 6 7
7 7 7 6
7 7 6 7
7 7 8 7
8 2 10 2
13 23 13 21
13 23 13 24
13 23 7 23
13 23 13 21
14 8 14 7
16 5 16 4
16 5 16 6
16 5 14 5
16 31 11 31
17 20 17 18
17 20 15 20
17 20 17 18
17 20 15 20
17 30 13 30
17 30 18 30
18 24 17 24
18 30 19 30
21 12 26 12
26 12 26 11
26 12 26 13
26 13 26 21
26 13 20 13
26 13 27 13
26 13 20 13
27 13 27 10
27 13 27 16
27 13 28 13
29 15 29 13
29 15 29 19
29 15 29 13
29 15 29 19
30 11 30 13
30 11 30 13
30 13 29 13
30 13 29 13
32 3 32 2
3 30 3 29
3 30 3 29
6 6 6 4
6 6 5 6
6 6 7 6
7 5 7 4
7 5 7 6
7 5 7 4
7 7 7 6
7 7 8 7
7 23 7 21
7 23 7 24
7 23 4 23
8 7 9 7
9 6 7 6
10 14 9 14
12 32 11 32
14 7 14 6
14 7 15 7
16 4 16 2
16 4 16 5
16 4 17 4
16 4 16 2
16 4 16 5
16 4 17 4
16 31 11 31
17 4 17 3
17 4 17 7
17 4 18 4
18 5 18 7
18 24 17 24
20 2 20 1
20 2 20 6
20 2 20 1
20 2 20 6
20 6 22 6
22 6 22 4
22 6 22 7
23 7 23 8
23 7 24 7
23 7 23 8
23 8 24 8
24 7 24 8
27 13 27 10
27 13 28 13
28 10 28 13
28 13 28 14
5 25 5 26
5 25 2 25
5 25 6 25
6 6 6 4
6 6 5 6
7 4 9 4
7 4 9 4
7 23 7 24
7 23 4 23
9 4 10 4
10 2 10 1
11 31 11 28
11 31 11 32
11 31 6 31
11 31 11 28
11 32 7 32
12 29 19 29
14 5 14 6
14 6 15 6
15 2 15 3
15 2 15 3
15 7 16 7
17 7 18 7
17 24 17 25
17 24 15 24
18 8 18 10
18 11 18 12
18 11 17 11
18 11 18 12
18 11 17 11
20 1 21 1
22 4 22 3
26 10 20 10
3 23 3 22
4 22 4 18
4 22 5 22
4 22 4 18
4 22 5 22
10 2 10 1
11 1 11 3
11 3 5 3
11 28 11 24
11 28 4 28
11 28 19 28
12 25 12 26
12 29 19 29
17 11 17 12
20 10 20 11
20 11 20 13
22 4 22 3
3 19 3 13
3 19 2 19
4 14 4 13
4 14 4 18
4 14 6 14
4 14 4 18
4 14 6 14
4 18 11 18
5 1 5 3
5 1 4 1
5 15 5 16
5 16 5 15
5 16 6 16
5 16 6 16
5 22 6 22
6 16 6 14
6 29 6 31
6 29 5 29
6 29 9 29
9 29 6 29
20 11 20 13
20 16 20 13
20 16 21 16
21 18 24 18
24 18 24 28
24 28 24 29
24 28 19 28
24 28 28 28
24 28 24 29
27 21 26 21
1 14 1 12
1 14 1 15
1 14 0 14
1 14 1 12
1 14 1 15
1 14 0 14
1 15 1 16
1 16 1 17
3 13 3 12
4 1 4 5
4 5 3 5
4 5 5 5
4 5 3 5
4 18 11 18
5 3 5 4
6 14 6 13
9 14 9 13
11 18 11 21
11 21 11 22
11 21 8 21
11 21 12 21
11 21 11 22
11 21 8 21
11 22 9 22
11 22 12 22
19 13 13 13
19 13 13 13
19 29 19 30
19 29 20 29
19 29 20 29
26 26 29 26
28 19 29 19
28 28 28 30
28 28 29 28
28 28 29 28
29 28 29 29
29 29 29 30
0 18 0 19
1 12 0 12
1 12 2 12
3 1 3 2
3 1 2 1
3 4 3 5
3 12 2 12
5 3 5 4
6 13 7 13
8 21 8 19
9 19 8 19
13 13 13 14
13 14 13 19
13 14 14 14
13 14 13 19
14 14 14 16
14 14 17 14
14 16 15 16
15 12 17 12
15 15 16 15
27 30 24 30
0 11 0 1
0 18 0 19
2 1 2 3
2 1 1 1
2 19 2 21
2 19 1 19
2 19 2 21
5 3 5 4
5 5 5 6
6 13 7 13
15 15 16 15
16 15 16 18
27 30 24 30
1 1 1 2
1 3 1 6
1 3 2 3
2 3 2 6
5 5 5 6
2 3 2 6

5502

1 1 - - - - - - - - - 3 1   2       2 2   3 2   2       3       2 1 
| 2 2 5 = = 2 1 - 3 2 ǁ 4 = 6 3 2 1   1     1   2 1 2         2 1 | 
| 4 - 5 = = 3 4 1 | | ǁ 2             4 = 3     6 5 6 2   2 = 6 = 5 
| 5 2   2 3 2 2 1 | | ǁ 3 2 - - - - - 4 4 2 1 2   | 2 2   3 2 |   ǁ 
| 4 - - - 4       | | ǁ | 1 6 = = = 6 = = = 4 2   | 2 5 3 1   1   ǁ 
| 5 = 6 3 3 5 - - 4 6 8 6 2 ǁ 2 4   ǁ       3 ǁ   5 2   | 4   4 1 ǁ 
| |   | 2 = 5 2 1   | ǁ | 3 4 - 3   ǁ       1 ǁ   3 3   | 5 - 4 1 ǁ 
| |   | 4 4 5 5 3 - 2 ǁ | 2         ǁ     1 - 6 5 3     | ǁ   | 1 ǁ 
| | 1 | ǁ | | 5 4     ǁ 3 3         ǁ 3 - 3   | 1 2     | ǁ   | | ǁ 
| | | | 3 | 2 1       ǁ 1 2 2       ǁ 1   ǁ 1 | 4   6 4 | 2   | | ǁ 
| 3 3 | 1 |           ǁ     1       ǁ     ǁ | |   2 4 1 |     | | ǁ 
| 1 - 3 - 4 = = = 6 = 8 = = = = = = 5 - - 6 4 | 5 - - - 6 = = 6 3 ǁ 
5 = = = = = = 3 1 ǁ 1 ǁ 3 - - - - - - - - 2 1 | | 1 3 2 ǁ 2   ǁ 1 ǁ 
ǁ 3 = = 4 = = = = 5 5 ǁ 6 5 4 = = = = 2 1 3 = 6 7 - 6 5 ǁ ǁ 1 ǁ   ǁ 
ǁ | 4 4 - 3 4 4 2   ǁ ǁ 2 ǁ 4 = 5 1 3     6 2 | | 2 4 | ǁ ǁ | ǁ   ǁ 
ǁ 4 5 3   | 1 3 - - 4 ǁ 1 ǁ | 2 2     2 4 2 1 | 5   4 3 ǁ ǁ | ǁ   ǁ 
ǁ ǁ 2 = 7 5 2 3 3 = 4 ǁ | ǁ | 3 - - 4 1 ǁ 1   | | 2 3   ǁ ǁ | 3 2 ǁ 
ǁ 5 2 2 6 = = 5 2 = 6 7 2 ǁ 3       3 = 4     | 4 3 1 1 ǁ ǁ 4 = 4 ǁ 
ǁ 3 2 2 1 1 - 3 1 - 2 4 2 ǁ 3             4 1 | 2       ǁ ǁ 4 1   ǁ 
4 - - - - - - - - 4 = = = 5 - - - - - - - - - 6 = = = = 7 7 5 2 - 4 
| 3 4 = = = 3 2 4 | 2 3 = 5 - - 2             ǁ 1 4 3   ǁ 3 3 |   | 
| 2   1     |   ǁ | |   2 ǁ   2 1   2 4 = = = 6 = 4 4   ǁ 4 = 5   | 
| 1   4 3 - 4 1 ǁ | |   ǁ ǁ   ǁ     | 4 = = = = = = 3   ǁ 3 1 ǁ   | 
|     1 2 = 6 4 5 | |   ǁ ǁ   ǁ     | 1                 ǁ     ǁ   | 
|           ǁ 2 2 | |   ǁ ǁ 1 7 = = 5 - - - - - - - - - 6 5 3 ǁ   | 
|     1 1 - 7 2   | |   ǁ ǁ 2 4     1 2 = 4             |   ǁ ǁ   | 
|           3     | 1 1 4 6 = = = = = = = 7 - - - - 2   |   ǁ ǁ   | 
| 2   3 - - 2     | 2 = = 6 - - 1         2         |   |   2 ǁ   | 
|                 | 1 - - 4 1         3             |   4 - 1 ǁ   | 
|                 |       4 = 4 = = = 3             2   3 5 2 ǁ   | 
|                 |   2 = 4   2 = 2                 |     4 1 ǁ   | 
4 2   2 = = = = = 5                                 |         4 6 4 
4 = 3 1 1 - 5 = = 8 = = = = = = = = = = = = = = 6 = 4 3 1     4 3 3 
1 2 = = = = 4 2 = 6 = = = = = = = = = = = = = 2 3 - - 2 1 - - 5 2 1 
