34 34
1 0 2 0 1 0 0 0 0 0 0 0 0 0 0 0 0 0 0 0 0 0 0 0 0 0 0 0 0 0 0 2 1 2 
0 1 4 0 0 3 0 5 0 0 0 0 0 0 0 0 0 0 0 0 0 0 0 0 0 0 0 0 0 0 0 7 4 3 
4 0 4 5 2 0 1 0 2 0 0 0 0 0 0 0 5 0 4 0 0 2 0 0 0 0 0 0 0 0 0 0 1 1 
0 2 2 0 0 0 0 0 1 3 0 5 0 0 2 1 0 3 4 2 3 0 0 0 0 0 0 0 0 3 0 0 0 2 
0 0 0 0 0 0 0 0 3 7 0 5 0 1 2 0 0 0 4 2 0 0 0 0 0 0 0 0 0 0 1 0 0 0 
0 0 2 6 0 0 3 4 1 0 0 0 2 1 0 0 0 0 3 2 0 0 0 0 0 0 0 0 0 0 0 0 5 5 
0 3 0 2 2 5 3 2 1 3 1 0 3 0 6 3 0 6 0 0 6 0 0 0 0 0 0 0 1 5 3 0 3 0 
0 0 0 2 0 3 3 0 4 2 0 0 3 2 0 0 0 0 2 0 0 0 0 0 0 0 2 0 0 7 2 0 2 0 
0 3 0 0 0 0 0 0 0 0 0 6 3 2 0 1 0 0 0 0 0 0 0 0 0 0 0 0 0 1 0 0 3 0 
5 0 0 0 0 4 0 0 0 1 0 0 0 0 0 0 0 2 6 0 6 0 0 0 0 0 0 0 0 0 0 5 4 0 
0 4 0 4 3 0 2 2 0 3 0 5 0 0 4 4 0 3 5 3 0 0 0 0 0 2 0 0 0 2 3 0 4 5 
2 0 0 3 3 0 0 3 0 3 1 0 2 2 2 1 0 4 1 0 0 0 2 0 0 7 0 0 0 6 3 0 0 0 
1 0 1 2 0 0 3 5 2 0 0 0 2 0 0 1 0 2 2 1 0 0 1 2 0 3 1 2 1 0 0 0 0 0 
5 6 0 0 0 6 0 0 0 7 2 0 4 4 5 2 0 1 1 0 0 0 0 2 1 0 4 4 1 0 0 0 3 0 
2 0 2 0 0 5 2 2 0 6 1 0 0 2 0 0 0 0 1 0 5 0 7 6 1 0 0 0 0 0 0 0 2 0 
2 0 3 3 1 2 0 3 0 4 1 0 0 0 0 0 0 0 0 0 0 1 4 4 0 0 0 0 0 0 0 0 0 0 
5 5 0 0 0 0 0 0 0 0 0 3 5 0 6 0 5 4 0 0 5 7 0 0 7 2 0 0 0 0 0 0 2 0 
0 0 2 0 2 0 4 0 0 3 2 0 2 1 0 1 0 0 0 0 0 0 0 0 0 0 0 0 0 0 0 0 0 0 
0 0 5 0 0 0 4 0 0 4 0 0 3 0 6 3 0 0 0 0 0 2 0 0 0 0 0 5 2 0 0 0 0 0 
0 0 0 3 0 0 4 2 0 2 0 0 5 2 0 1 0 0 0 0 0 1 2 0 7 1 0 0 2 0 1 0 0 0 
0 0 0 3 1 0 0 0 0 0 0 0 3 1 4 3 0 0 1 0 5 5 1 2 4 0 0 3 0 0 0 0 0 0 
0 0 5 0 0 0 6 0 0 0 0 5 0 2 0 0 0 0 2 2 3 3 0 2 0 0 0 2 3 0 0 0 5 5 
0 0 3 1 0 0 0 3 0 2 0 0 0 0 0 0 0 2 4 0 4 0 0 0 0 0 4 0 0 7 5 0 0 1 
0 0 5 5 1 0 0 3 3 0 2 0 2 1 3 1 0 0 0 0 2 1 0 0 0 0 0 3 1 0 3 0 0 2 
0 0 0 1 0 0 0 0 2 0 0 0 0 2 0 0 0 0 0 0 0 0 0 0 0 0 0 0 2 0 1 0 0 0 
3 0 5 4 0 0 6 0 0 6 6 4 5 3 2 1 0 4 0 0 0 0 0 0 0 0 5 6 6 0 0 0 0 0 
1 0 4 0 2 2 4 3 0 5 4 2 1 0 0 0 0 3 0 0 0 0 0 0 1 1 2 3 4 0 0 0 0 0 
2 6 0 0 0 0 0 0 0 0 0 0 0 0 0 0 8 0 0 0 0 0 0 0 0 0 0 0 0 7 0 4 5 4 
0 0 1 4 6 5 0 0 0 0 0 3 2 0 6 2 0 1 3 0 0 0 0 0 4 0 0 1 0 4 4 4 4 3 
0 0 0 0 2 0 0 0 1 0 0 5 0 0 5 1 0 1 4 0 0 4 2 0 0 1 2 0 0 0 2 1 1 3 
1 0 4 8 0 7 0 0 0 0 0 0 0 0 0 0 7 0 0 0 0 0 0 0 6 0 0 0 0 0 0 0 3 6 
1 0 1 4 2 3 0 0 0 0 0 0 0 2 2 0 4 2 0 0 0 0 0 3 4 0 0 0 0 4 0 0 2 4 
5 5 0 0 0 0 0 0 0 0 0 0 0 0 0 0 0 0 0 0 0 0 0 4 0 0 0 0 0 0 0 4 3 4 
4 4 0 0 0 0 0 0 0 0 0 0 0 0 0 0 0 0 0 0 0 0 0 0 2 0 0 0 2 3 2 3 3 1 
400 405
1 7 1 5
1 7 1 31
1 7 5 7
2 3 2 2
2 3 2 4
2 3 5 3
2 16 2 8
2 16 2 18
2 16 16 16
3 11 3 9
3 11 3 14
3 11 4 11
4 9 4 8
4 9 4 11
4 9 3 9
4 9 6 9
5 33 5 32
5 33 3 33
5 33 10 33
6 17 6 20
6 17 3 17
6 17 9 17
6 17 6 20
6 17 3 17
6 17 9 17
6 20 6 28
6 20 3 20
6 20 9 20
6 20 3 20
6 29 6 30
6 29 3 29
6 29 7 29
7 18 9 18
7 29 7 26
7 29 7 30
7 29 6 29
7 29 8 29
9 0 9 5
9 0 2 0
9 0 11 0
9 18 9 20
9 18 7 18
9 18 10 18
9 20 9 18
9 20 9 31
9 20 14 20
9 20 9 31
10 1 10 3
10 1 13 1
10 1 10 3
10 1 13 1
10 3 10 4
10 3 11 3
11 25 11 22
11 25 11 29
11 25 10 25
11 25 12 25
13 0 13 1
13 0 12 0
13 0 14 0
13 1 13 0
13 1 13 5
13 1 16 1
13 5 13 9
13 5 9 5
13 5 14 5
13 5 13 9
13 5 9 5
13 9 13 10
13 9 11 9
13 9 14 9
14 22 14 20
14 22 14 23
14 22 12 22
14 22 15 22
16 0 16 1
16 0 15 0
16 0 25 0
16 21 16 20
16 21 16 24
16 21 15 21
16 21 18 21
16 24 16 21
16 24 16 25
16 24 14 24
16 24 19 24
18 2 18 6
18 2 17 2
18 2 21 2
18 27 18 28
18 27 13 27
18 27 20 27
19 24 19 22
19 24 19 25
19 24 16 24
19 24 20 24
21 33 21 32
21 33 10 33
21 33 22 33
22 29 22 26
22 29 22 30
22 29 11 29
22 29 27 29
22 30 22 29
22 30 19 30
22 30 23 30
23 2 23 3
23 2 22 2
23 2 25 2
23 3 23 2
23 3 23 4
23 3 22 3
23 3 24 3
25 28 25 27
25 28 24 28
25 28 26 28
25 28 25 27
25 28 24 28
25 28 26 28
26 9 26 7
26 9 26 10
26 9 25 9
26 28 26 27
26 28 33 28
27 16 27 1
27 16 16 16
27 16 30 16
27 16 27 1
27 16 16 16
27 16 30 16
27 29 27 31
27 29 22 29
27 29 28 29
27 29 27 31
27 29 28 29
27 29 28 29
28 4 28 3
28 4 28 5
28 4 29 4
28 4 28 3
28 4 28 5
28 4 29 4
28 14 28 12
28 14 28 15
28 14 29 14
28 14 28 12
28 14 28 15
28 14 29 14
28 29 28 30
28 30 28 31
28 30 29 30
28 30 28 31
29 8 29 11
29 11 29 14
29 11 28 11
29 15 29 14
30 3 30 2
30 3 30 5
30 3 28 3
30 3 31 3
30 3 30 2
30 3 30 5
30 3 28 3
30 3 31 3
30 5 30 16
30 5 28 5
30 5 31 5
30 24 30 16
30 24 28 24
30 24 31 24
30 24 30 16
30 24 28 24
30 24 31 24
30 33 30 32
30 33 29 33
30 33 31 33
30 33 30 32
30 33 29 33
30 33 31 33
31 3 31 2
31 3 31 4
31 4 31 5
31 24 31 23
31 24 33 24
31 29 31 32
31 29 33 29
31 29 31 32
31 29 33 29
31 33 32 33
31 33 32 33
32 0 32 1
32 0 31 0
32 0 33 0
32 23 32 1
32 23 31 23
32 23 32 1
32 23 31 23
32 31 32 32
32 31 33 31
32 31 32 32
32 31 33 31
32 33 32 32
32 33 33 33
33 0 33 1
33 0 32 0
33 0 33 1
33 1 33 24
33 1 32 1
33 28 33 29
33 30 33 31
3 17 3 18
4 30 6 30
7 26 7 29
7 29 7 30
9 18 10 18
10 4 11 4
11 0 9 0
11 22 11 25
12 2 12 3
12 3 11 3
12 7 12 6
12 7 12 8
12 7 11 7
13 0 14 0
14 22 14 20
14 22 14 23
14 22 15 22
14 23 13 23
14 23 15 23
15 0 16 0
15 22 15 23
15 23 15 22
15 23 14 23
16 21 16 20
16 21 18 21
16 24 16 25
19 24 19 22
19 24 20 24
20 3 20 4
20 3 19 3
20 3 19 3
21 33 21 32
21 33 10 33
22 30 22 29
23 28 23 27
24 30 23 30
25 3 25 2
25 3 25 6
25 3 25 2
25 3 25 6
25 6 25 9
25 6 21 6
25 6 26 6
25 6 25 9
25 9 25 10
25 9 22 9
25 9 26 9
25 10 25 11
25 10 23 10
25 10 26 10
25 10 25 11
25 10 23 10
25 27 25 26
25 27 23 27
25 27 26 27
25 27 25 26
26 6 26 5
26 6 26 7
26 6 26 5
26 7 26 9
26 10 26 11
26 10 26 11
26 12 25 12
27 1 27 0
27 1 16 1
27 1 32 1
27 1 27 0
28 2 30 2
29 11 29 14
29 11 28 11
29 30 29 31
30 32 29 32
31 17 31 16
10 4 11 4
11 3 11 4
11 29 11 25
11 29 11 30
11 29 10 29
11 29 11 30
11 30 10 30
14 23 13 23
19 3 19 6
19 21 20 21
21 6 21 2
21 6 21 11
21 6 19 6
21 6 21 2
21 6 21 11
22 9 22 7
23 27 23 21
23 30 23 33
23 33 27 33
24 8 23 8
25 0 16 0
25 0 26 0
25 11 25 12
25 11 21 11
26 2 26 4
26 2 25 2
26 2 26 4
26 2 25 2
27 31 27 32
27 31 28 31
27 32 27 33
27 32 28 32
27 32 27 33
27 32 28 32
27 33 28 33
28 11 28 5
28 31 28 32
28 32 28 33
28 33 29 33
29 21 29 18
29 21 29 22
29 21 29 18
29 21 29 22
31 17 31 16
12 23 12 25
12 23 12 25
13 24 13 26
16 1 16 11
16 1 16 11
19 6 19 7
19 6 18 6
19 7 19 9
20 24 20 23
20 24 20 27
21 32 16 32
22 7 23 7
22 26 22 20
23 2 22 2
23 20 22 20
24 8 23 8
28 5 30 5
29 18 29 17
29 18 28 18
31 16 31 14
31 16 30 16
11 25 10 25
13 26 13 27
13 26 12 26
13 26 13 27
21 32 16 32
22 2 21 2
22 7 23 7
22 26 22 20
23 7 23 8
23 20 22 20
30 16 30 5
31 5 31 13
31 13 31 14
10 29 10 30
10 30 10 32
12 27 12 28
12 27 13 27
13 28 18 28
14 32 13 32
14 32 13 32
18 27 20 27
19 28 21 28
21 2 18 2
13 32 10 32
19 28 21 28
21 28 21 27
10 32 10 33
10 32 9 32
10 33 5 33
21 27 21 23
9 32 9 31
9 32 8 32
9 32 9 31
8 32 7 32
8 32 7 32
9 31 1 31
1 31 1 7
1 31 1 32
1 31 0 31
2 21 2 18
3 29 3 20
3 29 6 29
6 32 5 32
1 31 1 32
1 31 0 31
2 21 2 18
6 32 5 32
2 18 2 16
3 18 3 19
3 18 4 18
3 18 3 19
4 18 4 19
4 18 5 18
4 18 4 19
5 18 5 19
5 19 5 18
6 32 5 32

9574

1   2   1                                                     2 1 2 
  1 4     3 - 5 = = = = = = = = = = = = = = = = = = = = = = = 7 4 3 
4   4 5 2   1 | 2 - - - - - - - 5 = 4 = = 2                   | 1 1 
| 2 2 |       | 1 3 - 5 - - 2 1 | 3 4 2 3 - - - - - - - - 3   |   2 
|     |       | 3 7 - 5   1 2   | ǁ 4 2 ǁ                 ǁ 1 |   | 
|   2 6     3 4 1 |     2 1     | ǁ 3 2 ǁ                 ǁ | | 5 5 
| 3   2 2 5 3 2 1 3 1   3   6 3 | 6 = = 6 - - - - - - - 1 5 3 | 3 ǁ 
|     2   3 3   4 2     3 2     | ǁ 2   |           2 = = 7 2 | 2 ǁ 
| 3                   6 3 2   1 | ǁ ǁ   |                 1   | 3 ǁ 
5 - - - - 4       1             | 2 6 = 6 = = = = = = = = = = 5 4 ǁ 
ǁ 4 = 4 3 ǁ 2 2   3   5     4 4 | 3 5 3 |         2       2 3 - 4 5 
2 ǁ   3 3 ǁ   3   3 1   2 2 2 1 | 4 1   |   2 = = 7 = = = 6 3   | ǁ 
1 ǁ 1 2   ǁ 3 5 2 |     2     1 | 2 2 1 |   1 2 = 3 1 2 1 |     | ǁ 
5 6 - - - 6 = = = 7 2   4 4 5 2 | 1 1   |   | 2 1 - 4 4 1 |     3 ǁ 
2 | 2     5 2 2   6 1     2     |   1   5 = 7 6 1     | | |     2 ǁ 
2 | 3 3 1 2   3   4 1           |         1 4 4 |     | | |       ǁ 
5 5 = = = = = = = = = 3 5   6   5 4     5 7 = = 7 2   | | |     2 ǁ 
ǁ | 2   2   4     3 2   2 1   1 ǁ         ǁ     ǁ     | | |     ǁ ǁ 
ǁ | 5 - - - 4     4     3   6 3 ǁ         2     ǁ     5 2 |     ǁ ǁ 
ǁ | ǁ 3 - - 4 2 - 2     5 2   1 ǁ         1 2 = 7 1   ǁ 2 | 1   ǁ ǁ 
ǁ | ǁ 3 1   |           3 1 4 3 ǁ   1   5 5 1 2 4 - - 3 ǁ | |   ǁ ǁ 
ǁ | 5 = = = 6 = = = = 5   2     ǁ   2 2 3 3   2 - - - 2 3 | |   5 5 
ǁ | 3 1     | 3 - 2   |         ǁ 2 4   4 = = = = = 4 - - 7 5     1 
ǁ | 5 5 1   | 3 3 | 2 | 2 1 3 1 ǁ       2 1 - - - - - 3 1 ǁ 3 - - 2 
ǁ | | 1     |   2 | ǁ |   2     ǁ                     | 2 ǁ 1     | 
3 | 5 4 = = 6 = = 6 6 4 5 3 2 1 ǁ 4                 5 6 6 ǁ       | 
1 | 4 = 2 2 4 3 = 5 4 2 1       ǁ 3             1 1 2 3 4 ǁ       | 
2 6 = = = = = = = = = = = = = = 8                       | 7 = 4 5 4 
  | 1 4 6 5 - - - - - 3 2 = 6 2 ǁ 1 3           4     1 | 4 4 4 4 3 
  | | ǁ 2 ǁ     1 - - 5 = = 5 1 ǁ 1 4 = = 4 2   ǁ 1 2   |   2 1 1 3 
1 | 4 8 = 7 = = = = = = = = = = 7 = = = = = = = 6       |       3 6 
1 | 1 4 2 3 - - - - - - - 2 2 - 4 2           3 4       | 4 = = 2 4 
5 5 = = = = = = = = = = = = = = = = = = = = = 4 |       | ǁ   4 3 4 
4 4 - - - - - - - - - - - - - - - - - - - - - - 2       2 3 2 3 3 1 
