34 34
2 3 0 0 0 0 3 2 0 0 0 0 0 0 4 0 0 0 0 0 0 0 3 0 0 0 0 3 3 0 0 3 2 4 
0 4 1 3 0 0 6 0 0 0 0 0 0 0 0 0 0 0 0 0 0 0 0 0 0 0 0 5 0 1 0 0 2 5 
0 5 0 0 0 0 4 0 0 0 0 0 0 0 5 0 1 3 1 1 0 0 0 0 0 0 0 0 3 6 2 0 0 2 
0 3 0 0 0 0 0 0 0 0 0 0 0 2 5 0 0 6 0 5 0 0 0 2 0 0 0 0 0 2 0 0 0 1 
5 0 0 0 0 0 0 0 0 0 0 0 0 0 0 0 0 0 0 0 0 0 0 0 0 0 0 5 0 0 0 5 6 4 
0 2 0 3 0 0 0 3 1 3 0 0 3 3 4 0 4 0 0 2 2 0 4 2 0 5 2 0 0 1 0 0 0 0 
0 4 1 3 4 2 0 0 2 4 3 2 0 0 3 1 0 2 0 5 2 0 0 1 0 0 2 0 2 0 0 0 0 1 
0 4 0 3 0 0 0 5 0 0 0 0 5 3 4 0 8 0 0 0 0 0 7 0 0 7 5 0 0 0 0 0 5 2 
0 2 0 1 1 3 0 0 4 2 1 0 0 2 5 1 0 0 3 0 3 2 0 0 0 0 0 0 5 5 3 0 3 4 
0 1 2 0 0 6 3 5 0 2 0 0 0 0 4 1 0 0 0 0 0 0 0 2 0 0 1 0 0 0 0 0 1 3 
0 4 4 3 4 0 1 0 6 7 7 2 0 2 0 1 0 0 0 0 0 0 0 0 0 0 1 0 0 0 4 0 0 1 
0 0 0 1 0 0 2 5 0 0 0 0 0 1 0 0 0 0 0 0 0 0 0 0 0 0 0 0 0 0 2 0 0 1 
0 3 1 0 0 0 0 0 0 0 0 0 0 2 0 0 0 0 2 0 0 0 0 0 0 0 0 0 0 2 0 0 0 0 
0 0 1 0 4 0 0 0 0 0 0 0 0 4 6 5 0 0 0 0 0 0 0 0 2 5 2 0 0 0 0 0 0 3 
0 0 0 0 0 0 0 0 0 4 6 2 0 2 4 4 0 0 0 0 0 0 0 0 0 0 0 0 0 0 0 0 0 0 
5 7 3 0 0 0 0 2 0 2 1 0 0 2 3 5 0 0 0 0 0 0 3 3 0 0 0 0 0 0 0 0 3 0 
0 3 3 2 0 0 0 0 0 0 0 0 0 1 0 2 0 0 0 0 0 0 0 0 0 0 0 0 0 0 0 0 0 0 
4 0 0 0 4 0 0 0 0 3 0 0 6 0 0 0 7 0 0 0 6 0 0 0 0 0 0 0 5 0 0 2 0 0 
0 1 2 2 2 0 0 0 0 1 2 0 6 5 4 2 0 1 2 0 0 0 0 0 0 0 0 0 0 2 1 2 0 0 
0 0 0 0 0 0 0 0 0 1 0 0 0 0 1 0 0 0 0 0 0 0 0 0 0 0 0 0 3 6 4 4 0 0 
0 3 5 5 4 0 3 1 0 2 5 1 2 0 2 2 0 2 4 0 5 6 1 0 0 0 0 0 2 0 0 3 0 0 
0 0 2 0 2 0 3 0 0 2 2 1 0 3 0 1 0 2 1 0 1 2 0 0 0 0 0 0 5 4 3 0 0 0 
0 0 2 7 3 0 2 0 0 3 3 0 0 5 6 2 0 1 0 0 0 0 0 0 0 0 0 0 2 2 2 0 0 0 
0 0 1 0 3 7 0 0 7 0 0 0 0 0 0 0 5 0 0 0 0 0 0 0 0 0 0 6 0 0 0 6 6 3 
0 0 1 0 3 3 3 2 0 3 4 2 3 2 0 0 0 2 6 0 4 0 0 0 0 2 1 0 2 1 3 0 0 2 
1 0 0 0 2 4 4 2 0 0 1 1 2 0 0 0 0 0 0 0 3 3 0 0 0 4 0 0 0 1 5 0 0 0 
1 0 0 4 0 5 0 0 4 5 0 0 0 4 3 1 0 0 0 0 0 2 0 0 0 0 0 0 0 1 0 0 1 0 
0 0 2 0 0 3 3 2 1 3 0 1 1 4 4 1 0 1 4 0 4 0 4 0 0 6 2 0 0 0 0 0 1 0 
4 7 0 0 0 0 0 0 0 0 0 0 0 0 0 0 6 0 2 0 0 0 0 0 1 0 2 0 6 5 4 4 5 0 
1 0 2 5 0 6 0 0 0 6 5 5 5 5 0 0 6 0 0 0 0 0 0 0 0 4 5 0 0 4 4 0 2 0 
2 0 0 2 0 4 0 1 0 0 2 0 3 0 3 0 5 0 0 0 0 0 0 0 0 2 4 0 0 3 1 3 2 0 
3 4 0 0 0 0 0 0 0 5 0 4 1 0 4 2 3 0 0 0 0 0 0 0 4 2 2 0 0 4 3 3 0 0 
2 0 0 0 0 0 0 0 0 5 0 0 0 6 0 0 0 0 0 0 0 0 0 0 0 0 0 5 5 0 0 0 7 6 
3 0 0 0 3 2 1 1 0 3 2 0 0 4 1 2 0 0 0 0 0 0 0 0 0 3 0 2 2 1 2 0 4 2 
400 431
0 33 0 32
0 33 1 33
0 33 0 32
0 33 1 33
2 1 2 6
2 1 1 1
2 1 3 1
4 0 4 27
4 0 0 0
4 0 15 0
4 33 4 32
4 33 3 33
4 33 6 33
4 33 4 32
5 25 5 23
5 25 5 26
5 25 7 25
6 19 6 17
6 19 6 20
6 19 5 19
7 16 7 14
7 16 7 22
7 16 5 16
7 16 17 16
7 16 7 14
7 16 7 22
7 16 5 16
7 16 17 16
7 22 7 25
7 22 5 22
7 22 15 22
8 28 8 29
8 28 6 28
8 28 17 28
10 9 10 8
10 9 10 10
10 9 9 9
10 9 14 9
10 10 10 9
10 10 10 11
10 10 8 10
10 10 14 10
11 7 11 6
11 7 9 7
11 7 15 7
13 15 13 14
13 15 10 15
13 15 14 15
15 1 15 0
15 1 15 2
15 1 12 1
15 1 16 1
15 15 15 14
15 15 14 15
15 15 16 15
17 16 17 12
17 16 17 20
17 16 23 16
18 13 18 12
18 13 18 14
18 13 21 13
22 3 22 2
22 3 22 4
22 3 20 3
22 3 26 3
23 5 23 4
23 5 23 8
23 5 9 5
23 5 24 5
25 30 25 29
25 30 24 30
25 30 28 30
28 0 28 1
28 0 26 0
28 0 29 0
28 0 28 1
28 1 28 16
28 1 20 1
28 1 31 1
28 32 28 31
28 32 27 32
28 32 29 32
29 2 29 3
29 5 29 3
29 5 29 9
29 5 30 5
29 5 29 3
29 5 29 9
29 5 30 5
29 9 29 10
29 9 31 9
29 9 29 10
29 9 31 9
29 11 29 10
29 11 29 12
29 11 31 11
29 13 29 12
29 13 29 16
29 13 32 13
30 0 31 0
32 32 32 28
32 32 32 33
32 32 30 32
32 32 33 32
32 33 32 32
32 33 24 33
32 33 33 33
32 33 32 32
32 33 24 33
33 33 33 32
3 14 3 13
3 14 3 17
3 14 2 14
3 17 3 14
3 17 3 19
3 17 2 17
3 17 3 19
3 17 2 17
4 32 4 31
4 32 1 32
4 32 7 32
4 32 4 31
5 16 5 14
5 16 5 19
6 15 6 14
6 17 6 19
6 19 6 20
6 23 5 23
7 26 7 25
7 26 6 26
7 26 9 26
7 32 7 33
7 32 8 32
7 32 7 33
7 32 8 32
8 33 8 32
8 33 9 33
8 33 9 33
9 23 15 23
10 8 10 9
10 8 8 8
10 8 23 8
10 8 10 9
10 8 8 8
10 10 10 11
10 10 14 10
10 26 13 26
12 18 8 18
14 9 14 10
14 9 15 9
14 9 14 10
22 6 21 6
23 8 23 5
23 8 23 16
23 8 26 8
25 0 17 0
25 30 24 30
25 30 28 30
26 3 26 5
26 3 22 3
26 3 26 5
26 32 23 32
28 32 28 31
28 32 29 32
29 2 29 3
29 3 30 3
30 0 31 0
30 3 30 5
30 5 30 7
33 32 33 30
33 32 32 32
2 33 1 33
5 14 5 13
5 14 6 14
5 14 5 13
5 20 5 22
5 20 5 22
5 22 7 22
5 25 5 26
5 25 7 25
8 33 9 33
9 9 8 9
9 23 15 23
9 32 15 32
10 30 8 30
10 30 11 30
10 30 8 30
10 30 11 30
10 33 11 33
12 18 8 18
13 33 23 33
15 23 15 22
15 32 23 32
17 0 17 4
17 0 15 0
17 0 17 4
17 4 13 4
17 4 18 4
22 6 21 6
22 13 22 10
22 13 22 14
22 13 21 13
22 14 22 13
22 14 22 15
22 14 20 14
22 14 22 13
22 14 22 15
23 8 23 16
23 8 26 8
23 32 23 31
23 32 23 33
23 32 15 32
23 32 23 31
23 33 13 33
30 32 30 31
33 30 33 29
1 33 1 32
1 33 2 33
8 18 8 20
13 4 13 2
13 4 10 4
13 4 10 4
15 0 15 1
15 0 4 0
16 3 16 2
20 6 20 7
20 6 11 6
20 6 21 6
21 15 20 15
23 31 23 27
23 31 20 31
23 31 28 31
23 31 23 27
24 30 24 29
28 31 28 30
10 4 10 3
10 4 8 4
10 6 9 6
11 3 10 3
15 7 11 7
16 3 16 2
23 27 23 16
23 27 4 27
23 27 32 27
23 27 23 16
24 18 24 17
24 18 24 20
24 18 27 18
24 18 24 17
24 18 24 20
24 18 27 18
24 20 24 25
24 20 25 20
24 28 28 28
26 21 25 21
26 29 28 29
27 22 27 20
27 22 27 25
27 22 27 20
27 22 27 25
27 25 27 26
27 25 25 25
27 25 29 25
27 25 27 26
28 16 28 1
28 16 28 18
28 16 29 16
28 26 29 26
28 28 28 29
28 28 24 28
28 28 32 28
28 28 28 29
28 28 32 28
28 30 28 29
29 30 29 29
29 30 30 30
29 30 29 29
29 30 29 29
30 31 31 31
30 31 31 31
31 29 31 30
31 29 30 29
31 29 31 30
31 29 30 29
31 30 31 31
6 4 6 3
6 4 6 5
6 4 6 3
6 4 6 5
6 26 7 26
7 26 7 25
9 5 9 6
9 5 8 5
9 5 23 5
9 5 9 6
9 5 8 5
9 7 7 7
9 7 11 7
9 7 7 7
13 24 13 25
13 26 13 25
17 16 17 12
17 16 17 20
17 20 8 20
17 20 20 20
17 20 8 20
17 20 20 20
21 28 21 29
21 28 20 28
21 28 22 28
22 17 21 17
24 26 24 25
25 25 25 21
26 21 25 21
27 20 27 18
27 20 25 20
28 16 28 18
28 16 29 16
28 24 31 24
28 26 29 26
28 29 29 29
29 25 29 26
29 25 30 25
29 25 29 26
29 26 30 26
30 16 30 14
30 16 29 16
30 16 31 16
30 26 30 25
30 26 31 26
30 26 31 26
31 24 31 16
31 24 31 25
31 24 31 16
31 25 33 25
32 13 32 9
32 13 29 13
32 13 33 13
32 13 32 9
32 13 33 13
32 27 32 28
32 27 33 27
32 27 32 28
32 27 33 27
33 13 33 10
33 13 33 14
33 25 33 15
33 25 33 15
8 8 8 9
8 8 6 8
8 21 20 21
13 24 13 25
13 25 7 25
17 12 17 9
17 12 7 12
17 12 18 12
17 12 17 9
18 12 18 10
18 12 18 13
18 12 20 12
18 12 18 10
20 10 20 9
20 10 20 11
20 10 21 10
20 10 20 9
20 10 21 10
21 9 22 9
21 11 21 13
22 10 22 9
27 18 27 17
30 10 29 10
31 14 31 15
31 14 30 14
31 14 31 15
31 14 30 14
33 10 33 9
7 12 7 13
7 12 5 12
7 12 7 13
7 12 5 12
8 21 20 21
13 25 7 25
14 11 14 10
18 13 18 14
18 14 18 15
18 14 19 14
18 15 20 15
19 9 18 9
20 21 20 20
20 21 20 22
20 21 21 21
20 21 20 20
21 9 22 9
21 21 21 20
30 10 29 10
30 16 29 16
6 11 6 10
6 14 7 14
7 14 7 13
7 22 15 22
8 14 8 13
8 14 8 15
8 14 9 14
9 15 9 14
10 13 8 13
10 13 11 13
12 13 13 13
14 11 14 10
15 10 15 9
20 20 20 18
30 16 29 16
5 13 5 12
6 11 6 10
8 14 9 14
9 14 8 14
12 13 13 13
13 13 13 14
13 13 14 13
13 14 13 15
13 14 14 14
13 14 13 15
13 14 14 14
14 15 14 14
14 15 15 15
29 13 29 12
5 9 5 8
5 9 6 9
5 9 6 9
6 8 6 9
6 9 6 10
14 14 14 13

8628

2 3         3 2             4               3         3 3     3 2 4 
| 4 1 3     6                                         5   1     2 5 
| 5 - - - - 4               5   1 3 1 1                 3 6 2   | 2 
| 3                       2 5 = = 6 = 5       2           2     | 1 
5 - - - - - - - - - - - - - - - - - - - - - - - - - - 5       5 6 4 
ǁ 2   3       3 1 3     3 3 4 - 4 - - 2 2 = 4 2 - 5 2 |   1     | | 
ǁ 4 1 3 4 2     2 4 3 2 ǁ   3 1 ǁ 2 = 5 2   ǁ 1   ǁ 2 | 2       | 1 
ǁ 4   3       5 |       5 3 4 = 8 = = = = = 7 - - 7 5 | |       5 2 
ǁ 2   1 1 3   ǁ 4 2 1   | 2 5 1 ǁ   3 - 3 2 ǁ     ǁ | | 5 5 3   3 4 
ǁ 1 2   | 6 3 5 ǁ 2 |   | | 4 1 ǁ   ǁ   ǁ ǁ ǁ 2   ǁ 1 | |   ǁ   1 3 
ǁ 4 4 3 4 ǁ 1 ǁ 6 7 7 2 | 2   1 ǁ   ǁ   ǁ ǁ ǁ ǁ   ǁ 1 | |   4   | 1 
ǁ     1 ǁ ǁ 2 5 | | ǁ   | 1   | ǁ   ǁ   ǁ ǁ ǁ ǁ   ǁ | | |   2   | 1 
ǁ 3 1   ǁ ǁ | ǁ | | ǁ   | 2   | ǁ   2   ǁ ǁ ǁ ǁ   ǁ | | | 2     |   
ǁ | 1 - 4 ǁ | ǁ | | ǁ   | 4 6 5 ǁ       ǁ ǁ ǁ ǁ 2 5 2 | |       | 3 
ǁ |     | ǁ | ǁ | 4 6 2 | 2 4 4 ǁ       ǁ ǁ ǁ ǁ       | |       | ǁ 
5 7 3   | ǁ | 2 | 2 1   | 2 3 5 ǁ       ǁ ǁ 3 3       | |       3 ǁ 
| 3 3 2 | ǁ |   |       | 1   2 ǁ       ǁ ǁ           | |       ǁ ǁ 
4 = = = 4 ǁ |   | 3 = = 6 = = = 7 = = = 6 ǁ           | 5     2 ǁ ǁ 
| 1 2 2 2 ǁ |   | 1 2 = 6 5 4 2 | 1 2   ǁ ǁ           |   2 1 2 ǁ ǁ 
|         ǁ |   | 1     | | 1 | |       ǁ ǁ           | 3 6 4 4 ǁ ǁ 
| 3 5 5 4 ǁ 3 1 | 2 5 1 2 | 2 2 | 2 4 - 5 6 1         | 2     3 ǁ ǁ 
| | 2 | 2 ǁ 3   | 2 2 1 - 3 | 1 | 2 1   1 2           | 5 4 3 | ǁ ǁ 
| | 2 7 3 ǁ 2   | 3 3 - - 5 6 2 | 1                   | 2 2 2 | ǁ ǁ 
| | 1 ǁ 3 7 = = 7 = = = = = = = 5 = = = = = = = = = = 6 = = = 6 6 3 
| | 1 ǁ 3 3 3 2 ǁ 3 4 2 3 2       2 6 = 4 - - - - 2 1 | 2 1 3 | | 2 
1 |   ǁ 2 4 4 2 ǁ   1 1 2           ǁ   3 3 - - - 4   | ǁ 1 5 | | ǁ 
1 |   4 = 5     4 5       4 3 1     ǁ   | 2       |   | ǁ 1 ǁ | 1 ǁ 
| | 2     3 3 2 1 3   1 1 4 4 1   1 4 - 4 = 4 = = 6 2 | ǁ | ǁ | 1 ǁ 
4 7 = = = = = = = = = = = = = = 6 = 2           1 | 2 | 6 5 4 4 5 ǁ 
1 | 2 5 = 6 = = = 6 5 5 5 5 - - 6               | 4 5 | ǁ 4 4   2 ǁ 
2 |   2 - 4 - 1   ǁ 2 | 3 ǁ 3 - 5               | 2 4 | ǁ 3 1 3 2 ǁ 
3 4               5   4 1 ǁ 4 2 3 = = = = = = = 4 2 2 | ǁ 4 3 3 | ǁ 
2                 5 = = = 6                       |   5 5 - - - 7 6 
3       3 2 1 1   3 2 - - 4 1 2 = = = = = = = = = 3   2 2 1 2 - 4 2 
