34 34
2 1 1 0 0 0 4 2 2 0 0 3 0 0 0 4 4 3 2 0 1 0 0 0 2 0 0 1 0 2 0 0 3 1 
3 0 5 0 0 0 5 0 0 0 0 0 0 0 0 5 2 3 6 0 0 0 0 0 5 0 0 0 0 0 0 0 7 3 
3 2 3 0 4 1 0 1 0 3 0 1 2 0 0 5 0 0 3 2 6 3 2 1 3 1 1 3 1 3 0 2 0 1 
0 2 2 1 2 0 0 2 0 3 0 0 0 0 0 0 0 0 5 0 6 4 6 3 3 0 0 5 1 1 0 0 0 0 
6 0 4 0 4 3 0 4 0 0 4 0 0 2 3 0 4 1 0 1 5 2 0 4 5 0 0 0 0 0 0 3 0 0 
0 1 0 0 0 0 0 3 2 2 0 0 0 3 0 2 4 1 0 0 0 0 0 2 4 0 4 3 1 0 0 0 0 0 
0 2 0 0 4 0 6 0 0 0 0 0 0 5 2 0 0 0 5 0 7 0 6 0 0 0 0 0 0 0 0 5 6 4 
0 0 0 0 0 2 7 0 0 0 0 4 2 4 0 2 2 0 6 2 1 2 4 0 0 0 0 1 0 0 0 0 2 2 
0 0 0 0 0 2 4 0 0 0 0 0 0 0 0 0 0 1 3 4 2 3 0 0 0 0 2 0 0 0 0 0 2 1 
0 0 0 4 4 0 0 0 0 0 0 0 0 0 0 0 0 0 0 0 0 0 0 0 0 0 0 0 0 0 0 6 6 3 
0 0 0 0 0 1 1 3 2 0 0 0 0 5 0 0 0 0 0 0 0 0 0 0 0 4 0 0 0 5 2 0 3 3 
0 0 0 3 0 2 0 3 2 3 2 0 0 0 0 0 0 0 2 0 0 0 0 0 0 5 0 1 0 0 2 0 6 5 
0 0 0 3 0 1 0 0 1 0 4 0 0 6 0 0 0 0 0 0 0 0 0 0 0 5 0 2 1 3 3 0 4 0 
0 0 0 0 0 4 0 5 4 5 2 3 1 0 1 0 0 0 0 0 0 0 0 0 0 0 0 0 0 2 0 0 0 0 
4 3 0 0 0 0 2 0 0 3 0 7 0 4 4 0 0 0 0 0 0 0 0 0 0 0 0 0 0 3 0 0 0 0 
0 3 0 0 0 0 0 0 0 0 0 5 2 0 1 0 0 0 0 0 0 0 0 0 0 0 0 0 0 0 0 0 0 3 
0 4 0 0 0 4 4 0 0 4 1 0 0 0 0 0 0 0 0 0 0 0 0 0 0 0 0 0 0 0 0 0 0 0 
1 0 0 2 0 4 2 0 0 3 0 3 1 0 0 0 0 0 0 0 0 0 0 0 0 0 0 0 0 0 0 0 0 0 
1 2 0 0 0 5 2 0 0 0 0 0 0 0 0 0 0 0 0 0 0 0 0 0 0 0 0 0 0 0 0 0 0 0 
0 0 0 0 0 2 0 0 0 3 0 0 0 6 0 0 0 0 0 0 0 0 0 0 0 0 0 0 0 0 0 5 6 6 
4 0 7 0 7 0 0 4 0 5 2 1 0 0 2 0 0 0 0 0 0 0 0 0 2 2 0 0 6 3 1 0 0 0 
0 2 0 1 4 0 5 3 0 6 0 5 1 0 1 0 0 0 0 0 0 0 0 0 0 3 0 0 6 1 1 0 0 0 
0 3 0 0 1 0 2 1 0 3 1 3 2 0 0 0 0 0 0 0 0 0 0 0 0 3 2 1 0 0 0 0 3 0 
0 0 0 3 0 0 0 0 5 0 0 0 0 6 0 0 0 0 0 0 0 0 0 0 5 0 0 5 6 2 3 2 0 0 
0 5 6 0 2 0 3 1 0 2 0 6 2 0 3 0 2 0 0 0 0 0 2 1 0 2 1 1 0 1 0 1 0 3 
0 0 0 1 3 1 0 2 0 2 5 5 2 0 2 3 0 0 0 0 0 5 6 3 0 6 7 0 6 4 0 2 0 0 
0 0 0 1 3 0 0 0 0 2 0 1 1 0 0 1 0 0 0 0 0 0 0 1 0 2 4 0 3 2 0 0 0 1 
0 4 0 0 0 3 5 4 0 5 7 0 0 6 0 0 0 0 0 0 0 4 5 2 0 0 4 2 3 2 0 0 0 2 
0 5 5 4 5 0 2 0 0 0 4 4 0 0 0 3 0 0 0 2 0 0 2 0 6 0 0 0 0 0 5 0 0 0 
0 1 2 0 1 0 0 0 0 6 0 5 0 0 0 0 0 0 2 0 0 4 2 0 6 0 5 0 2 0 1 0 4 4 
4 0 0 3 4 0 0 0 5 5 1 1 0 0 0 2 0 3 0 0 0 5 3 1 3 0 1 0 0 0 0 0 1 0 
5 0 4 5 5 0 3 0 0 0 0 0 0 5 0 0 0 0 0 0 0 0 0 0 0 0 0 0 0 0 0 4 1 0 
4 0 0 2 4 2 0 0 0 0 0 0 0 5 0 0 0 2 2 0 5 0 0 0 0 0 0 0 0 5 0 0 0 3 
3 0 1 0 2 1 0 1 0 0 0 0 0 5 2 2 0 3 3 2 4 3 0 0 1 2 0 0 0 5 0 4 2 0 
400 315
1 32 1 24
1 32 1 33
1 32 0 32
1 32 6 32
4 0 4 2
4 0 2 0
4 0 14 0
4 0 4 2
4 0 2 0
4 0 14 0
6 20 6 18
6 20 6 22
6 20 4 20
6 20 7 20
7 6 7 5
7 6 7 11
7 6 6 6
7 6 8 6
11 33 11 32
11 33 10 33
11 33 15 33
14 0 14 1
14 0 17 0
14 11 14 9
14 11 14 13
14 11 13 11
14 11 15 11
19 33 19 32
19 33 15 33
19 33 24 33
19 33 19 32
19 33 15 33
19 33 24 33
20 2 20 0
20 2 20 4
20 2 4 2
20 2 24 2
21 1 22 1
24 1 24 2
24 1 22 1
24 1 27 1
25 26 25 25
25 26 25 28
25 26 24 26
25 26 26 26
27 10 27 9
27 10 27 13
27 10 25 10
27 10 28 10
28 1 28 2
28 1 27 1
28 1 29 1
28 30 28 24
28 30 23 30
28 30 29 30
29 26 29 24
29 26 29 28
29 26 30 26
29 28 29 26
30 8 30 4
30 8 30 9
30 8 23 8
30 9 30 8
30 9 30 10
30 9 29 9
31 0 31 2
31 0 30 0
31 0 32 0
32 29 32 20
32 29 32 33
32 29 33 29
33 0 33 2
33 0 32 0
33 0 32 0
33 13 33 7
33 13 33 14
33 13 32 13
33 31 33 29
33 31 33 32
33 31 33 29
33 31 33 32
4 10 4 7
4 10 4 13
4 10 4 7
4 10 4 13
5 1 6 1
6 1 14 1
6 20 6 18
6 20 6 22
6 20 4 20
6 22 6 31
6 22 3 22
6 22 7 22
6 22 6 31
10 29 10 25
10 29 10 30
10 29 12 29
11 33 11 32
11 33 10 33
14 1 15 1
15 1 16 1
16 1 15 1
16 1 18 1
16 1 18 1
18 0 20 0
18 5 18 6
18 5 17 5
18 5 19 5
19 32 19 31
19 32 12 32
19 32 22 32
19 32 19 31
20 0 20 2
20 0 30 0
21 1 22 1
24 1 24 2
24 1 27 1
24 2 24 4
24 2 20 2
24 2 28 2
25 26 25 25
25 26 25 28
25 26 26 26
25 28 25 29
25 28 23 28
25 28 26 28
25 28 25 29
25 29 24 29
25 29 26 29
27 1 28 1
27 7 27 6
27 7 25 7
27 7 27 6
27 7 25 7
28 1 28 2
28 10 28 11
28 10 27 10
28 10 28 11
28 11 28 15
28 11 29 11
28 30 28 24
28 30 23 30
29 9 29 11
29 9 27 9
29 9 30 9
29 9 29 11
29 9 27 9
29 26 29 24
30 0 30 3
30 0 31 0
30 21 30 17
30 21 30 22
30 21 29 21
31 2 31 0
31 2 31 3
31 2 31 3
31 13 31 6
31 13 31 31
31 13 32 13
32 0 32 3
33 13 33 14
33 13 32 13
33 15 33 17
3 22 3 21
3 22 3 23
3 22 2 22
3 22 3 21
3 22 3 23
11 32 11 30
11 32 10 32
11 32 12 32
11 32 11 30
12 32 12 30
12 32 12 30
23 28 23 27
23 28 23 29
23 28 21 28
23 28 23 27
23 28 23 29
24 27 23 27
25 25 25 23
25 25 24 25
25 25 26 25
25 25 25 23
27 13 27 10
27 13 27 21
27 13 23 13
27 13 27 21
27 13 23 13
28 24 28 22
28 24 29 24
28 24 28 22
28 24 29 24
33 15 33 17
9 31 9 4
9 31 9 32
9 31 6 31
9 31 9 4
9 31 9 32
9 31 6 31
9 32 9 33
9 32 8 32
9 32 10 32
9 32 9 33
10 13 10 8
10 13 10 25
10 13 12 13
11 18 11 25
21 28 21 25
21 28 21 29
21 28 20 28
22 32 29 32
23 13 23 8
23 13 23 24
23 13 19 13
23 13 23 8
23 24 23 27
23 24 20 24
23 24 23 27
23 24 20 24
24 11 24 9
24 11 24 12
24 11 25 11
24 11 24 9
24 11 24 12
24 11 25 11
24 25 24 23
24 33 26 33
25 21 25 15
25 21 25 22
25 21 27 21
26 15 25 15
27 22 27 21
27 22 27 23
27 22 25 22
27 33 29 33
28 19 28 15
7 11 7 6
7 11 7 12
7 11 7 12
7 13 7 15
7 13 6 13
7 13 7 15
7 13 6 13
7 22 7 21
7 22 7 27
7 22 7 21
8 26 8 21
11 18 11 25
19 13 19 9
19 13 19 31
19 13 14 13
19 13 19 9
19 13 19 31
19 31 23 31
20 14 21 14
20 28 20 25
20 28 20 29
20 28 21 28
20 28 20 25
20 28 20 29
20 29 20 30
21 28 21 25
21 30 23 30
22 27 22 26
22 32 29 32
23 31 24 31
25 31 31 31
27 22 27 23
27 22 25 22
27 26 27 27
27 26 26 26
27 26 27 27
27 26 26 26
27 33 29 33
28 19 28 15
29 32 29 33
29 32 30 32
29 33 32 33
31 32 31 31
32 33 32 29
8 26 8 21
12 25 12 13
12 25 12 27
12 25 11 25
12 30 12 29
15 14 14 14
16 10 16 9
21 25 22 25
22 25 22 26
25 22 25 21
25 22 25 23
25 22 24 22
25 31 31 31
26 23 26 25
8 21 8 20
24 22 24 16
25 21 25 15
8 20 8 19
24 16 24 14
25 14 24 14
8 19 8 18
8 19 7 19
8 19 8 18
24 14 25 14
7 19 7 18
7 18 7 16
7 18 6 18
7 18 8 18
7 18 7 16
7 18 6 18
8 17 8 6
8 6 8 5
8 6 7 6
8 5 7 5

6388

2 1 1       4 2 2     3       4 4 3 2   1       2     1   2     3 1 
3   5       5                 5 2 3 6           5 - - - - - - - 7 3 
3 2 3   4 1   1   3   1 2     5     3 2 6 3 2 1 3 1 1 3 1 3   2 | 1 
ǁ 2 2 1 2     2   3                 5   6 4 6 3 3     5 1 1     |   
6 = 4   4 3   4 = = 4 = = 2 3   4 1   1 5 2 | 4 5             3 |   
ǁ 1 |         3 2 2       3   2 4 1     ǁ   | 2 4   4 3 1       |   
ǁ 2 |   4   6             5 2       5 = 7 = 6 = = = = = = = = 5 6 4 
ǁ | |     2 7 = = = = 4 2 4 = 2 2 = 6 2 1 2 4 - - - - 1       ǁ 2 2 
ǁ | |     2 4 - - - - - - - - - - 1 3 4 2 3 = = = = 2         ǁ 2 1 
ǁ | | 4 4 = = = = = = = = = = = = = = = = = = = = = = = = = = 6 6 3 
ǁ | |     1 1 3 2 - - - - 5 - - - - - - - - - - - 4 - - - 5 2   3 3 
ǁ | | 3   2   3 2 3 2     |         2 = = = = = = 5   1   | 2 = 6 5 
ǁ | | 3   1     1   4     6 - - - - - - - - - - - 5 - 2 1 3 3 = 4 | 
ǁ | |     4   5 4 5 2 3 1   1                             2     | | 
4 3 |       2     3 - 7 - 4 4                             3     | | 
| 3 |                 5 2 | 1                                   | 3 
| 4 |     4 4     4 1     |                                     | ǁ 
1 ǁ | 2   4 2     3   3 1 |                                     | ǁ 
1 2 |     5 2             |                                     | ǁ 
|   |     2       3 = = = 6 = = = = = = = = = = = = = = = = = 5 6 6 
4 = 7 - 7     4   5 2 1   | 2                   2 2 = = 6 3 1 | | ǁ 
| 2 ǁ 1 4   5 3   6   5 1 | 1                   ǁ 3 = = 6 1 1 | | ǁ 
| 3 ǁ   1   2 1   3 1 3 2 |                     ǁ 3 2 1 |   | | 3 ǁ 
| | ǁ 3         5 = = = = 6 - - - - - - - - - - 5 = = 5 6 2 3 2 ǁ ǁ 
| 5 6 - 2   3 1 | 2 = 6 2 ǁ 3 - 2 - - - - - 2 1 - 2 1 1 | 1 ǁ 1 ǁ 3 
| ǁ | 1 3 1   2 | 2 5 5 2 ǁ 2 3 = = = = = 5 6 3 = 6 7 = 6 4 ǁ 2 ǁ | 
| ǁ | 1 3     ǁ | 2 | 1 1 ǁ   1           | ǁ 1 - 2 4   3 2 ǁ ǁ ǁ 1 
| 4 |     3 5 4 | 5 7 = = 6 = = = = = = = 4 5 2     4 2 3 2 ǁ ǁ ǁ 2 
| 5 5 4 5   2   | ǁ 4 4 - - - 3 = = = 2     2 = 6 = = = = = 5 ǁ ǁ ǁ 
| 1 2   1       | 6 = 5             2     4 2   6 = 5 = 2   1 ǁ 4 4 
4 - - 3 4 - - - 5 5 1 1       2   3 - - - 5 3 1 3   1         ǁ 1 | 
5 = 4 5 5   3 - - - - - - 5 - - - - - - - - - - - - - - - - - 4 1 | 
4 - - 2 4 2               5       2 2   5 - - - - - - - - 5 = = = 3 
3 - 1   2 1   1 - - - - - 5 2 2 = 3 3 2 4 3     1 2       5 = 4 2   
