34 34
3 4 0 5 3 0 0 2 0 0 0 3 1 1 0 3 0 0 0 0 0 0 0 0 0 0 0 0 0 0 5 4 3 2 
2 0 0 5 0 0 0 0 6 0 0 6 0 0 0 0 0 0 0 0 0 0 0 0 4 4 0 4 5 4 0 4 5 4 
2 3 1 0 4 0 4 2 0 2 2 0 3 0 0 0 0 0 0 0 0 0 0 0 7 8 4 0 2 3 0 4 3 0 
0 0 0 0 4 2 0 0 0 4 3 0 0 2 3 0 0 0 3 2 2 3 0 0 5 0 4 5 5 5 0 0 2 0 
0 6 0 7 0 0 5 3 0 0 0 0 0 1 3 4 3 1 0 4 0 0 0 0 4 0 1 2 5 6 0 4 4 3 
0 5 3 3 3 0 0 0 7 4 3 0 6 0 6 0 3 0 7 0 0 0 0 0 0 8 7 3 5 4 0 0 0 0 
0 2 4 0 4 0 0 0 6 4 3 0 4 0 4 4 4 0 3 1 1 0 0 0 0 5 6 0 5 2 0 6 6 0 
5 0 0 0 0 0 0 0 0 0 0 7 0 0 0 0 0 0 0 0 0 0 0 0 0 0 0 0 0 0 6 6 0 0 
0 2 2 0 0 5 0 0 4 4 2 0 2 4 0 4 0 0 0 0 0 0 0 0 0 0 0 0 0 0 5 6 0 0 
0 6 0 0 0 5 0 0 0 0 0 7 0 0 0 0 0 0 0 0 0 0 0 0 0 5 0 4 2 1 0 0 0 0 
0 0 2 6 3 0 4 3 4 6 2 0 3 0 0 0 0 0 0 0 0 4 4 3 2 0 2 3 0 5 0 0 0 0 
3 0 2 0 3 0 4 0 3 0 1 0 5 5 0 0 0 0 0 0 0 0 5 1 0 0 3 5 4 0 0 4 0 0 
0 0 0 0 2 0 2 0 1 0 0 0 0 0 0 0 0 0 0 0 0 0 0 2 0 0 4 5 0 0 0 4 0 0 
0 0 5 5 0 4 0 5 0 6 4 0 0 0 0 0 0 0 3 0 0 0 7 4 0 0 4 0 3 0 0 4 5 4 
0 4 2 0 2 0 2 0 1 4 0 0 0 0 0 0 0 0 0 0 0 0 0 0 0 0 0 0 0 0 0 0 0 0 
0 4 1 0 0 0 4 0 0 2 0 0 0 0 0 0 0 0 0 0 0 0 0 0 0 0 0 6 5 0 0 0 0 0 
0 0 2 0 0 0 0 0 0 1 0 0 0 0 0 0 0 0 2 0 0 0 0 0 0 0 0 0 0 0 0 0 0 0 
5 6 5 4 6 0 4 0 0 2 0 0 0 0 0 0 0 0 0 0 0 0 0 0 0 0 0 4 0 0 0 0 0 0 
0 0 3 0 4 0 0 0 0 0 0 0 0 2 0 0 0 0 0 0 0 0 0 0 0 0 0 2 0 0 0 0 0 0 
0 0 0 0 0 0 5 7 5 4 0 0 0 0 0 0 0 0 0 0 0 0 2 0 0 0 4 0 5 3 0 0 0 0 
0 0 3 0 0 0 0 0 0 0 4 0 0 0 0 0 0 0 0 0 0 0 0 0 0 0 5 2 0 1 0 0 0 0 
0 0 0 0 0 0 0 0 0 0 0 0 0 0 0 0 0 0 0 0 0 0 0 0 0 0 0 2 0 0 0 0 0 0 
0 0 2 0 0 0 3 0 0 0 0 0 0 0 0 0 0 0 0 0 0 0 0 0 0 0 5 6 0 3 0 0 0 4 
0 0 0 0 3 0 4 0 1 0 3 0 0 0 0 0 0 0 0 0 0 0 0 0 0 0 1 2 0 0 0 0 0 0 
0 5 3 0 0 0 0 0 1 0 3 0 6 0 0 0 0 0 0 0 0 0 0 0 0 6 0 0 6 5 0 0 0 4 
6 8 4 3 0 0 4 3 3 7 4 0 0 3 0 0 0 0 1 2 4 0 0 6 2 0 1 1 0 2 0 0 0 4 
4 2 3 4 0 4 0 0 5 6 1 0 3 6 0 0 0 0 0 0 0 0 0 7 0 7 5 5 8 3 0 3 0 4 
6 4 5 4 0 2 0 0 1 4 3 0 1 2 2 4 0 0 0 0 0 0 0 5 3 3 4 4 4 3 0 2 0 0 
6 5 0 0 5 0 0 0 0 0 0 6 0 0 0 0 0 0 0 0 0 0 0 0 0 0 0 0 0 0 5 0 7 4 
3 0 1 0 6 3 0 3 3 5 4 0 4 0 0 6 0 5 0 0 0 0 0 0 0 0 0 0 0 0 6 4 0 1 
5 6 3 3 5 0 2 6 6 4 3 0 5 2 2 4 4 8 4 3 2 1 2 0 4 3 3 0 0 0 4 0 6 3 
6 6 4 0 2 0 3 6 4 3 3 0 3 0 0 4 6 6 3 3 3 0 2 1 0 3 4 3 2 3 0 7 8 2 
5 0 0 5 0 6 0 0 0 0 0 6 0 0 0 0 0 0 0 0 0 2 2 0 4 0 0 0 0 4 2 4 4 4 
2 1 0 4 4 3 2 0 4 0 0 5 0 0 0 0 0 0 0 0 0 0 0 0 0 0 0 0 0 6 0 4 3 4 
400 668
0 3 0 1
0 3 0 4
0 3 1 3
0 30 0 15
0 30 0 31
0 30 7 30
1 8 1 3
1 8 1 11
1 8 5 8
1 8 1 3
1 8 1 11
1 8 5 8
1 11 1 24
1 11 0 11
1 11 7 11
1 11 1 24
1 24 1 25
1 24 2 24
1 25 1 27
1 25 2 25
1 25 1 27
1 27 1 28
1 27 3 27
1 28 1 29
1 28 2 28
1 29 1 28
1 29 2 29
1 29 1 28
2 24 2 12
2 24 2 25
2 24 3 24
2 25 2 24
2 25 2 26
2 25 5 25
2 25 2 24
2 25 2 26
2 25 5 25
2 26 3 26
3 29 3 28
3 29 2 29
3 29 4 29
4 1 4 3
4 1 2 1
4 1 5 1
4 1 4 3
4 1 2 1
4 1 5 1
4 3 4 6
4 3 1 3
4 3 5 3
4 29 4 28
4 29 3 29
4 29 5 29
4 29 4 28
4 29 3 29
5 8 5 4
5 8 5 9
5 8 6 8
5 12 5 14
5 12 2 12
5 12 6 12
5 12 5 14
5 12 2 12
5 12 6 12
5 14 5 16
5 14 4 14
5 14 6 14
5 14 5 16
5 18 5 16
5 18 5 25
5 18 3 18
5 18 6 18
5 25 5 18
5 25 5 26
5 25 6 25
5 26 5 25
5 26 5 27
5 26 4 26
5 26 6 26
5 29 5 28
5 29 6 29
5 29 5 28
6 12 6 14
6 12 8 12
6 14 6 15
6 14 27 14
6 15 6 16
6 15 8 15
6 15 6 16
6 16 6 18
6 16 30 16
6 31 6 32
6 31 4 31
6 31 7 31
6 31 6 32
6 31 4 31
6 31 7 31
6 32 4 32
6 32 13 32
7 0 7 11
7 0 2 0
7 0 11 0
7 11 7 0
7 11 9 11
7 11 9 11
7 30 7 31
7 30 0 30
7 30 8 30
7 30 7 31
7 30 8 30
7 31 8 31
7 31 8 31
8 5 8 2
8 5 8 8
8 5 9 5
8 13 8 12
8 13 11 13
8 13 11 13
8 15 27 15
8 31 8 30
8 31 11 31
9 1 9 5
9 1 8 1
9 1 14 1
9 1 9 5
9 1 8 1
9 1 14 1
9 25 9 27
9 25 6 25
9 25 24 25
10 3 10 2
10 3 10 4
10 3 13 3
10 3 10 2
10 3 10 4
10 3 13 3
10 21 10 22
10 21 30 21
10 21 10 22
10 21 10 22
10 22 10 23
10 29 10 27
10 29 9 29
10 29 19 29
11 2 13 2
11 22 11 23
11 22 13 22
11 22 13 22
11 28 11 27
11 28 13 28
11 28 11 27
11 28 13 28
11 31 8 31
11 31 12 31
11 31 12 31
12 23 13 23
12 27 12 26
12 27 11 27
12 27 15 27
12 31 13 31
13 26 12 26
13 26 19 26
13 26 12 26
13 26 19 26
13 28 15 28
14 1 14 2
14 1 15 1
15 1 15 2
15 1 17 1
15 1 17 1
15 27 15 28
15 27 12 27
15 27 17 27
15 27 15 28
15 27 17 27
15 28 19 28
15 28 19 28
17 0 17 1
17 0 11 0
17 0 25 0
17 1 17 0
17 1 17 2
17 1 24 1
17 27 18 27
19 6 19 7
19 6 17 6
19 6 22 6
19 26 19 28
19 26 20 26
20 10 13 10
20 10 23 10
20 10 13 10
20 10 23 10
20 26 20 27
20 26 22 26
20 26 20 27
20 26 22 26
21 27 22 27
21 27 22 27
22 27 22 26
22 27 22 29
22 27 23 27
22 27 22 26
24 1 24 2
24 1 25 1
24 12 24 10
24 12 11 12
24 12 26 12
24 12 24 10
24 12 11 12
24 12 26 12
24 25 24 28
24 25 9 25
24 25 26 25
24 25 24 28
24 25 26 25
24 28 24 29
24 28 26 28
24 28 24 29
24 28 26 28
25 0 25 1
25 0 17 0
25 0 26 0
25 1 25 0
25 1 25 2
25 1 24 1
25 1 26 1
25 1 25 0
25 1 25 2
25 9 25 8
25 9 25 10
25 9 19 9
25 9 26 9
25 23 25 24
25 23 13 23
25 23 26 23
25 23 25 24
25 23 13 23
25 23 26 23
26 0 26 1
26 0 27 0
26 0 27 0
26 13 26 12
26 13 25 13
26 13 27 13
26 13 25 13
26 13 27 13
26 13 25 13
26 25 26 23
26 25 26 26
26 25 27 25
26 28 26 27
26 28 26 29
26 28 27 28
27 0 27 1
27 0 28 0
27 23 27 24
27 23 26 23
27 23 31 23
28 0 28 1
28 0 27 0
28 0 29 0
28 0 28 1
28 0 27 0
28 30 28 32
28 30 8 30
28 30 29 30
29 15 29 12
29 15 27 15
29 15 30 15
29 15 29 12
29 15 27 15
29 15 30 15
29 17 30 17
29 30 29 31
29 30 28 30
29 30 30 30
29 30 29 31
29 30 28 30
29 31 29 33
29 31 31 31
30 0 30 1
30 0 29 0
30 0 31 0
30 17 30 16
30 17 30 18
30 17 29 17
30 17 31 17
30 17 30 16
30 17 30 18
30 17 29 17
30 30 30 26
30 30 32 30
30 30 30 26
31 0 31 1
31 0 30 0
31 0 32 0
31 0 31 1
31 0 30 0
31 1 31 2
31 1 30 1
31 1 33 1
31 1 31 2
31 2 31 4
31 2 30 2
31 7 31 6
31 7 31 8
31 7 30 7
31 7 31 6
31 7 31 8
31 7 30 7
31 16 31 15
31 16 31 17
31 16 30 16
31 17 31 16
31 17 31 18
31 17 31 16
31 17 31 18
31 31 31 32
31 31 32 31
31 31 31 32
31 31 32 31
31 31 31 32
31 31 32 31
31 32 31 33
31 32 30 32
31 32 32 32
32 0 33 0
32 0 33 0
33 3 33 4
33 3 32 3
33 3 33 4
33 3 32 3
33 4 33 5
33 4 31 4
33 11 33 8
33 11 33 29
33 11 32 11
33 29 33 11
33 29 33 31
33 29 32 29
33 33 33 32
33 33 32 33
33 33 33 32
33 33 32 33
0 15 0 13
0 15 0 30
0 31 0 32
0 31 1 31
0 31 0 32
1 31 1 32
1 31 2 31
1 31 1 32
2 2 2 1
2 4 2 6
2 4 3 4
2 4 2 6
2 4 3 4
2 6 2 7
2 6 4 6
2 7 4 7
2 24 3 24
2 26 3 26
2 29 2 28
2 31 2 32
2 31 4 31
2 31 2 32
3 4 3 5
3 5 3 4
3 26 3 27
3 28 3 27
3 28 4 28
4 7 4 6
4 15 4 14
4 15 4 16
4 15 4 14
4 15 4 16
4 16 4 17
4 19 4 24
4 19 3 19
4 19 4 24
4 19 3 19
4 24 3 24
4 31 4 32
5 18 3 18
5 18 6 18
5 25 5 26
6 8 6 4
6 8 6 9
6 8 5 8
6 8 6 4
6 8 6 9
6 9 6 10
6 9 5 9
6 10 5 10
6 26 6 25
6 26 6 28
6 26 5 26
6 26 6 25
6 26 6 28
6 29 6 28
6 32 4 32
6 32 13 32
8 2 8 5
8 15 27 15
8 30 8 31
9 11 9 5
10 9 10 8
10 9 10 10
10 9 13 9
10 9 10 8
10 9 10 10
10 9 13 9
10 12 11 12
10 23 10 24
10 23 10 24
10 29 10 27
10 29 19 29
11 0 7 0
11 2 13 2
12 23 13 23
12 26 12 27
12 31 13 31
13 9 13 7
13 9 13 10
13 9 14 9
13 9 13 7
13 10 11 10
13 18 16 18
13 22 19 22
13 31 13 32
13 31 26 31
14 9 14 8
14 9 15 9
14 9 15 9
15 6 14 6
15 6 17 6
15 6 14 6
15 6 17 6
16 2 17 2
16 9 17 9
17 27 18 27
18 13 11 13
19 8 19 7
19 8 19 9
19 8 23 8
19 28 19 29
20 29 22 29
22 26 23 26
22 29 24 29
22 33 13 33
22 33 24 33
22 33 13 33
22 33 24 33
23 10 24 10
24 1 24 2
24 29 25 29
24 33 25 33
25 10 25 9
25 10 26 10
25 10 25 9
25 33 24 33
25 33 26 33
25 33 26 33
26 9 26 8
26 9 25 9
26 9 27 9
26 28 26 27
26 28 26 29
26 28 27 28
26 33 26 31
26 33 28 33
27 1 27 2
27 1 28 1
27 1 27 2
27 28 27 27
27 28 27 29
27 29 26 29
27 31 26 31
28 32 28 33
28 32 28 33
28 33 28 32
29 0 29 2
29 4 29 5
29 4 28 4
29 4 30 4
29 4 29 5
29 4 28 4
29 4 30 4
30 1 30 2
30 1 30 2
30 7 30 6
30 7 30 8
30 7 29 7
30 7 30 6
30 8 30 9
30 8 29 8
30 8 31 8
30 8 30 9
30 8 29 8
30 15 30 14
30 15 31 15
31 6 33 6
31 8 31 9
31 15 31 12
31 15 31 16
32 11 32 21
32 11 28 11
32 11 33 11
32 11 32 21
32 11 28 11
32 33 32 32
32 33 31 33
33 8 33 6
33 29 33 31
33 29 32 29
33 31 33 32
33 31 32 31
0 1 0 0
0 1 0 3
0 1 0 0
0 12 0 11
2 0 1 0
3 18 3 14
3 20 3 21
3 26 3 27
3 28 3 27
3 28 4 28
3 32 2 32
3 32 4 32
4 7 4 6
4 13 3 13
4 24 3 24
6 4 6 2
6 4 5 4
6 10 5 10
8 8 8 5
8 8 8 9
8 8 8 9
8 9 8 10
8 10 8 9
9 11 9 5
10 8 10 7
10 8 11 8
10 12 11 12
11 13 11 12
11 13 18 13
13 18 16 18
13 22 19 22
13 32 13 33
13 33 13 32
16 2 17 2
19 8 19 7
19 8 19 9
19 9 17 9
24 29 25 29
26 9 26 8
26 9 27 9
27 27 27 26
27 27 26 27
27 27 27 26
28 1 28 4
28 11 28 4
29 7 29 5
29 7 29 8
29 10 29 9
29 10 30 10
29 10 29 9
29 10 30 10
29 12 27 12
29 12 30 12
30 3 30 4
30 4 30 3
30 12 30 13
30 12 31 12
30 12 30 13
30 12 31 12
30 22 31 22
30 33 30 32
31 32 30 32
31 32 32 32
32 5 33 5
32 5 33 5
32 30 32 29
0 0 1 0
0 11 0 7
3 13 3 14
3 20 3 21
3 21 3 24
4 6 4 3
4 33 1 33
6 2 6 1
6 2 5 2
6 2 6 1
17 6 17 4
19 6 19 7
19 6 22 6
27 9 27 8
27 9 27 10
28 1 28 4
29 9 30 9
30 3 30 4
30 22 31 22
30 32 30 33
30 33 30 32
32 22 32 24
32 22 32 24
32 24 32 29
32 24 30 24
0 4 0 3
0 4 0 7
1 3 4 3
4 33 1 33
5 1 5 2
5 3 5 2
5 3 5 4
5 8 5 9
5 9 5 10
13 5 13 3
13 5 13 7
13 5 13 3
13 5 13 7
17 4 17 3
17 4 14 4
17 4 18 4
17 4 17 3
17 4 14 4
18 4 18 2
18 4 23 4
18 4 18 2
22 6 23 6
23 4 23 6
23 4 23 6
23 6 25 6
24 8 25 8
25 6 25 3
25 6 25 7
25 6 25 3
29 9 30 9
30 10 31 10
30 24 30 25
30 24 27 24
30 24 30 25
31 9 31 10
31 9 31 10
31 29 31 28
1 33 1 32
1 33 0 33
3 9 3 10
3 9 2 9
3 9 3 10
3 9 2 9
3 10 2 10
14 2 13 2
17 3 17 2
17 3 13 3
31 29 31 28
0 33 0 32
17 2 18 2
20 2 22 2
31 27 31 26
20 2 22 2
24 2 25 2
25 2 25 3
31 27 31 26
31 27 31 26
31 26 31 25
31 25 30 25

6660

3 4 = 5 3 - - 2 - - - 3 1 1 - 3 = = = = = = = = = = = = = = 5 4 3 2 
2     5 = = = = 6 = = 6 = = = = = = = = = = = = 4 4 = 4 5 4 ǁ 4 5 4 
2 3 1 ǁ 4 = 4 2 ǁ 2 2 | 3 - - - - - - - - - - - 7 8 4 | 2 3 ǁ 4 3 ǁ 
| ǁ   ǁ 4 2 | | ǁ 4 3 | ǁ 2 3 - - - 3 2 2 3 - - 5 ǁ 4 5 5 5 ǁ | 2 ǁ 
| 6 = 7 = = 5 3 ǁ     | ǁ 1 3 4 3 1 ǁ 4 = = = = 4 ǁ 1 2 5 6 ǁ 4 4 3 
| 5 3 3 3 - - - 7 4 3 | 6 = 6 = 3 - 7 = = = = = = 8 7 3 5 4 ǁ ǁ ǁ   
| 2 4 - 4 = = = 6 4 3 | 4 - 4 4 4 - 3 1 1         5 6 = 5 2 ǁ 6 6   
5 = = = = = = = = = = 7 |   | | |                 |         6 6 ǁ   
ǁ 2 2 = = 5 = = 4 4 2 ǁ 2 4 | 4 |                 |         5 6 ǁ   
ǁ 6 = = = 5 = = = = = 7   ǁ | ǁ |                 5 - 4 2 1 | ǁ ǁ   
ǁ ǁ 2 6 3   4 3 4 6 2   3 ǁ | ǁ |         4 4 3 2 ǁ 2 3 = 5 | ǁ ǁ   
3 ǁ 2 ǁ 3   4   3 ǁ 1   5 5 | ǁ |         | 5 1   ǁ 3 5 4 ǁ | 4 ǁ   
| ǁ ǁ ǁ 2   2   1 ǁ |   ǁ ǁ | ǁ |         | ǁ 2   ǁ 4 5 ǁ ǁ | 4 ǁ   
| ǁ 5 5 = 4 = 5 = 6 4   ǁ ǁ | ǁ |   3     | 7 4   ǁ 4 ǁ 3 ǁ | 4 5 4 
| 4 2 | 2   2   1 4 ǁ   ǁ ǁ | ǁ |   ǁ     | ǁ ǁ   ǁ ǁ ǁ | ǁ | |   ǁ 
| 4 1 | ǁ   4     2 ǁ   ǁ ǁ | ǁ |   ǁ     | ǁ ǁ   ǁ ǁ 6 5 ǁ | |   ǁ 
| ǁ 2 | ǁ   ǁ     1 ǁ   ǁ ǁ | ǁ |   2     | ǁ ǁ   ǁ ǁ ǁ ǁ ǁ | |   ǁ 
5 6 5 4 6 - 4     2 ǁ   ǁ ǁ | ǁ |         | ǁ ǁ   ǁ ǁ 4 ǁ ǁ | |   ǁ 
ǁ | 3 = 4   |     | ǁ   ǁ 2 | ǁ |         | ǁ ǁ   ǁ ǁ 2 ǁ ǁ | |   ǁ 
ǁ |     |   5 7 5 4 ǁ   ǁ   | ǁ |         | 2 ǁ   ǁ 4 - 5 3 | |   ǁ 
ǁ | 3   |   ǁ   | | 4   ǁ   | ǁ |         |   ǁ   ǁ 5 2   1 | |   ǁ 
ǁ | ǁ   |   ǁ   | | ǁ   ǁ   | ǁ |         |   ǁ   ǁ ǁ 2   | | |   ǁ 
ǁ | 2   |   3   | | ǁ   ǁ   | ǁ |         |   ǁ   ǁ 5 6 - 3 | |   4 
ǁ |     3 = 4   1 | 3   ǁ   | ǁ |         |   ǁ   ǁ 1 2   | | |   ǁ 
ǁ 5 3       |   1 | 3 = 6   | ǁ |         |   ǁ   6 = = 6 5 | |   4 
6 8 4 3 = = 4 3 3 7 4   ǁ 3 | ǁ |   1 2 4 |   6 2 ǁ 1 1 ǁ 2 | |   4 
4 2 3 4   4     5 6 1   3 6 | ǁ |         |   7 - 7 5 5 8 3 | 3 - 4 
6 4 5 4   2     1 4 3   1 2 2 4 |         |   5 3 3 4 4 4 3 | 2   | 
6 5 = = 5 - - - - - - 6 |     ǁ |         |   | |           5 - 7 4 
3 - 1   6 3 - 3 3 5 4 ǁ 4 = = 6 | 5       |   | |           6 4 - 1 
5 6 3 3 5   2 6 6 4 3 ǁ 5 2 2 4 4 8 4 3 2 1 2 | 4 3 3 = = = 4 | 6 3 
6 6 4 - 2   3 6 4 3 3 ǁ 3 - - 4 6 6 3 3 3   2 1 | 3 4 3 2 3 | 7 8 2 
5 |   5 | 6 |         6 = = = = = = = = = 2 2 = 4 - - - - 4 2 4 4 4 
2 1   4 4 3 2 - 4 - - 5 = = = = = = = = = = = = = = = = = 6 = 4 3 4 
