34 34
3 3 2 2 0 0 4 0 0 0 0 0 0 0 4 0 0 0 0 0 0 0 0 0 0 0 3 1 3 2 0 3 4 2 
5 0 0 0 0 0 0 0 0 0 0 0 0 0 0 0 0 0 0 0 0 0 0 0 3 1 0 2 0 3 2 0 0 1 
0 1 2 0 3 1 2 4 2 0 0 0 0 6 0 3 4 0 5 0 0 4 2 1 0 2 3 5 5 0 0 5 5 4 
4 3 3 1 0 2 0 5 0 0 0 0 0 5 1 0 3 1 0 2 0 4 3 1 0 0 0 0 0 1 0 0 1 0 
2 1 5 0 5 0 0 0 0 0 0 0 0 0 0 5 0 0 5 1 1 3 0 0 0 2 0 0 0 3 1 0 2 0 
0 0 3 1 0 2 0 0 0 0 0 4 0 0 0 5 0 0 0 0 0 5 4 1 0 1 0 0 0 0 0 0 0 0 
5 6 0 0 5 0 0 0 0 0 0 0 0 0 0 0 0 0 0 0 0 0 0 0 4 0 4 0 0 0 0 0 0 1 
0 2 3 0 4 0 0 0 0 0 3 0 0 0 0 0 0 0 0 0 0 0 0 0 0 4 4 0 0 0 0 0 0 1 
0 0 5 2 0 0 0 0 0 0 2 0 0 0 0 0 0 0 0 0 0 0 0 0 0 4 2 0 0 3 0 0 0 0 
0 0 3 1 0 0 0 0 0 0 0 0 0 0 0 0 0 0 0 0 0 0 0 0 0 2 1 0 0 0 0 0 0 3 
0 0 3 4 0 0 0 0 0 0 0 0 0 0 0 0 0 0 0 0 0 0 0 0 0 0 0 0 0 4 0 2 0 0 
1 4 2 2 0 0 0 0 0 0 0 0 0 0 0 0 0 0 0 0 0 0 0 0 0 4 0 5 0 1 2 0 5 6 
2 3 2 1 0 0 0 0 0 0 0 0 0 0 0 0 0 0 0 0 0 0 0 0 0 6 2 3 0 3 3 1 0 2 
0 2 3 2 0 0 0 0 0 0 0 0 0 0 0 0 0 0 0 0 0 0 0 0 0 2 2 3 0 3 3 2 0 2 
5 0 0 0 6 0 0 0 0 0 0 0 0 0 0 0 0 0 0 0 0 0 0 0 6 0 0 0 7 0 0 0 5 4 
0 4 3 0 0 4 0 0 2 2 3 2 0 0 0 0 4 0 0 0 3 2 3 1 0 2 5 2 0 2 0 0 5 1 
0 0 1 0 0 0 0 0 0 1 0 2 0 4 0 0 4 0 1 0 0 0 0 2 0 3 4 0 7 0 0 0 7 3 
0 0 0 0 0 5 0 0 0 0 5 0 0 0 0 0 0 0 0 0 5 0 0 0 0 0 0 2 0 4 6 2 0 0 
0 0 0 0 0 2 2 0 0 0 5 2 1 1 3 0 0 0 0 0 0 0 0 4 0 2 0 3 0 0 3 1 0 0 
0 0 0 0 0 2 5 0 2 2 4 3 4 0 4 0 0 0 3 2 0 0 0 0 0 1 0 0 0 0 3 2 0 0 
0 6 0 0 7 0 0 0 0 0 0 0 0 0 0 0 0 0 0 0 6 4 0 0 0 5 6 4 0 0 0 0 0 0 
0 0 2 2 0 1 2 2 0 3 0 4 0 0 0 0 0 3 4 2 0 2 0 0 0 0 0 1 0 0 0 0 0 2 
0 0 0 0 0 2 0 2 1 0 1 4 0 0 0 0 2 1 0 1 0 2 0 0 0 2 3 2 0 0 0 1 0 2 
0 0 4 4 0 4 5 0 0 5 0 0 0 0 0 0 0 0 5 3 0 1 0 0 0 2 1 1 0 0 0 1 0 0 
0 0 0 1 0 0 0 4 2 0 4 4 0 5 0 0 0 0 0 0 5 0 7 4 0 4 0 0 5 4 5 3 0 0 
0 0 0 2 0 0 0 0 2 0 2 2 0 6 0 0 0 0 2 2 4 1 3 2 0 1 1 3 0 2 2 2 0 0 
0 0 0 0 0 1 0 0 4 7 0 0 0 0 0 0 0 0 0 0 0 0 0 0 6 0 3 4 0 0 0 0 0 0 
0 4 4 4 0 1 0 0 1 0 1 3 1 1 4 0 0 0 0 5 0 4 1 0 0 4 4 1 0 6 7 3 0 0 
0 3 2 1 0 0 0 4 0 6 2 0 0 0 4 0 0 4 2 0 0 1 0 0 0 2 0 0 0 2 0 1 0 0 
0 0 0 2 0 4 5 0 0 2 2 3 2 3 0 0 0 0 0 4 0 0 0 0 5 0 7 2 4 0 7 4 5 4 
0 0 3 4 0 2 2 0 0 0 0 0 0 0 0 0 2 3 2 1 1 1 3 2 0 3 5 1 0 2 0 1 3 2 
0 0 2 0 6 0 0 0 0 0 0 0 0 0 0 0 0 0 0 0 6 2 0 0 0 2 3 2 0 3 3 3 2 1 
5 3 3 2 4 0 0 0 0 0 0 0 0 0 0 0 0 0 2 3 5 0 3 6 3 4 0 0 7 0 0 0 5 3 
4 0 0 0 0 0 0 0 0 0 0 0 0 0 4 0 0 0 2 2 3 1 0 3 1 4 3 1 3 1 2 0 4 1 
400 276
1 0 1 24
1 0 0 0
1 0 3 0
2 13 2 8
2 13 2 15
2 13 3 13
2 13 2 8
2 13 2 15
2 13 3 13
2 18 2 16
2 18 2 21
2 18 4 18
2 33 2 32
2 33 1 33
2 33 6 33
2 33 2 32
5 15 5 11
5 15 5 21
5 15 4 15
6 0 6 1
6 0 4 0
6 0 11 0
8 2 8 3
8 2 7 2
8 2 9 2
11 33 11 32
11 33 9 33
11 33 12 33
11 33 11 32
11 33 9 33
11 33 12 33
14 0 14 4
14 0 12 0
14 0 32 0
14 28 14 24
14 28 14 32
14 28 2 28
14 28 16 28
15 1 15 2
15 1 20 1
15 1 15 2
15 1 20 1
15 26 15 25
15 26 15 27
15 26 16 26
16 32 16 28
16 32 16 33
16 32 15 32
16 32 29 32
17 5 17 10
17 5 15 5
17 5 18 5
17 30 17 29
17 30 17 31
17 30 18 30
17 30 17 29
17 30 17 31
17 30 18 30
20 1 20 4
20 1 27 1
24 22 24 20
24 22 24 23
24 22 15 22
24 22 25 22
26 9 26 8
26 9 26 24
26 9 23 9
26 9 28 9
27 19 27 14
27 19 27 21
27 19 29 19
27 30 27 29
27 30 27 31
27 30 25 30
27 30 29 30
29 26 29 24
29 26 29 27
29 26 27 26
29 26 30 26
32 28 32 25
32 28 32 32
32 28 29 28
32 28 33 28
33 0 33 14
33 0 32 0
33 0 33 14
33 0 32 0
33 14 33 18
33 14 28 14
0 6 0 3
0 6 0 14
0 6 0 3
0 6 0 14
0 14 0 26
0 33 0 32
0 33 0 32
2 7 2 6
2 7 3 7
2 7 2 6
2 7 3 7
3 17 3 16
6 0 6 1
6 0 4 0
6 1 6 4
6 1 4 1
6 1 7 1
6 1 6 4
7 33 9 33
11 27 11 25
11 27 2 27
11 27 12 27
15 29 15 32
16 2 15 2
17 20 17 10
17 20 15 20
17 20 20 20
17 29 17 27
17 29 24 29
20 1 20 4
20 1 27 1
20 4 20 20
20 4 14 4
20 4 31 4
20 25 20 26
20 25 19 25
20 25 22 25
24 13 24 11
24 13 24 20
24 13 25 13
24 28 24 25
24 28 24 29
24 28 29 28
25 13 25 11
25 13 25 18
25 13 24 13
25 13 25 11
25 13 25 18
25 19 25 20
27 1 27 2
27 1 28 1
27 29 27 30
27 29 25 29
27 29 28 29
27 29 27 30
27 29 25 29
28 7 28 9
28 7 24 7
28 7 28 9
28 7 24 7
28 9 28 10
28 9 26 9
28 9 29 9
28 29 30 29
29 30 29 31
29 30 27 30
29 30 31 30
29 30 29 31
29 30 31 30
29 30 29 31
30 16 30 17
30 29 31 29
31 4 31 2
31 4 20 4
31 4 32 4
31 4 31 2
31 4 32 4
31 20 31 21
31 20 30 20
31 20 32 20
31 20 31 21
31 20 32 20
31 20 32 20
31 29 31 30
31 31 31 32
31 31 30 31
31 31 31 32
32 4 32 3
0 2 0 1
0 14 0 26
0 32 0 31
0 32 2 32
3 0 3 1
3 0 1 0
3 0 3 1
4 2 4 4
4 2 3 2
4 2 5 2
15 29 15 32
16 13 16 11
16 13 16 16
16 13 16 11
16 13 16 16
16 16 16 18
16 16 15 16
16 28 16 26
16 28 16 32
16 28 14 28
16 28 16 26
17 27 18 27
19 6 19 5
19 6 19 8
19 6 18 6
19 19 19 18
23 18 23 9
23 18 23 19
23 18 21 18
24 7 24 8
24 7 22 7
24 10 24 11
24 10 25 10
24 10 24 11
24 10 25 10
24 11 24 13
24 29 24 28
24 29 24 30
25 19 25 20
25 20 25 21
25 20 24 20
27 8 26 8
29 31 29 32
30 3 30 2
30 3 29 3
30 3 30 2
30 3 29 3
30 16 30 17
32 4 32 3
0 2 0 1
15 16 15 11
15 16 15 20
15 16 15 11
15 27 15 26
16 9 15 9
19 19 19 18
23 6 23 5
23 6 21 6
23 6 29 6
26 8 26 9
26 8 25 8
28 31 27 31
30 2 28 2
32 2 32 1
0 0 0 1
0 0 1 0
5 11 5 5
5 11 5 15
5 11 5 5
15 5 15 8
15 5 17 5
15 5 15 8
15 9 15 10
19 18 19 14
25 8 24 8
27 31 25 31
32 2 32 1
5 3 5 2
19 14 19 12
19 14 18 14
19 14 19 12
28 1 28 2
28 1 32 1
28 3 27 3
32 0 14 0
5 2 4 2
18 14 18 13
19 12 19 11
19 12 18 12
27 2 27 3
27 2 23 2
27 2 27 3
27 3 25 3
23 2 23 3
23 2 21 2
23 2 23 3
23 3 21 3
23 3 24 3
21 2 21 3

5061

3 3 2 2 = = 4 = = = = = = = 4 = = = = = = = = = = = 3 1 3 2   3 4 2 
5 - - - - - - - - - - - - - - - - - - - - - - - 3 1   2   3 2   | 1 
ǁ 1 2   3 1 2 4 2 = = = = 6 = 3 4 - 5 - - 4 2 1   2 3 5 5     5 5 4 
4 3 3 1   2   5           5 1   3 1 | 2   4 3 1       | | 1     1 | 
2 1 5 - 5                     5     5 1 1 3       2   | | 3 1   2 | 
ǁ | 3 1   2 = = = = = 4 = = = 5 - - - - - 5 4 1   1   | |         | 
5 6 = = 5                                       4   4 | |         1 
| 2 3   4           3                             4 4 | |         1 
|   5 2             2                             4 2 | | 3       | 
|   3 1                                           2 1 | |         3 
|   3 4                                               | | 4   2   ǁ 
1 4 2 2                                           4 - 5 | 1 2   5 6 
2 3 2 1                                           6 2 3 | 3 3 1   2 
| 2 3 2                                           2 2 3 | 3 3 2   2 
5 - - - 6                                       6 - - - 7 - - - 5 4 
ǁ 4 3   | 4 = = 2 2 3 2 = = = = 4 - - - 3 2 3 1   2 5 2 ǁ 2 = = 5 1 
ǁ ǁ 1   | ǁ       1   2 = 4 = = 4 - 1   |   | 2   3 4 = 7 = = = 7 3 
ǁ ǁ     | 5 - - - - 5 - - - - - - - - - 5   |         2 - 4 6 2 |   
ǁ ǁ     | 2 2       5 2 1 1 3           |   | 4   2   3   | 3 1 |   
ǁ ǁ     | 2 5 - 2 2 4 3 4 = 4 - - - 3 2 |   |     1       | 3 2 |   
ǁ 6 = = 7 - - - - - - - - - - - - - - - 6 4 |     5 6 4   |     |   
ǁ ǁ 2 2 ǁ 1 2 2   3   4           3 4 2   2 |     |   1   |     | 2 
ǁ ǁ | | ǁ 2 | 2 1   1 4         2 1 | 1   2 |     2 3 2   |   1 | 2 
ǁ ǁ 4 4 ǁ 4 5 |   5 - - - - - - - - 5 3   1 |     2 1 1   |   1 |   
ǁ ǁ | 1 ǁ   | 4 2 | 4 4 = 5 - - - - - - 5 - 7 4   4 - - 5 4 5 3 |   
ǁ ǁ | 2 ǁ   | ǁ 2 | 2 2 = 6 = = = = 2 2 4 1 3 2   1 1 3 | 2 2 2 |   
ǁ ǁ | | ǁ 1 | ǁ 4 7 - - - - - - - - - - - - - - 6   3 4 | ǁ | | |   
ǁ 4 4 4 ǁ 1 | ǁ 1 ǁ 1 3 1 1 4 - - - - 5 - 4 1     4 4 1 | 6 7 3 |   
ǁ 3 2 1 ǁ   | 4 = 6 2       4     4 2 |   1       2 |   | 2 ǁ 1 |   
ǁ | | 2 ǁ 4 5     2 2 3 2 3 |         4         5 - 7 2 4 | 7 4 5 4 
ǁ | 3 4 ǁ 2 2               |   2 3 2 1 1 1 3 2   3 5 1 | 2 ǁ 1 3 2 
ǁ | 2 = 6                   |           6 2       2 3 2 | 3 3 3 2 1 
5 3 3 2 4                   |       2 3 5   3 6 3 4 - - 7 - - - 5 3 
4 = = = = = = = = = = = = = 4 - - - 2 2 3 1   3 1 4 3 1 3 1 2   4 1 
