34 34
3 2 2 0 0 3 0 0 0 0 0 0 0 0 0 4 0 0 0 0 0 0 0 0 2 1 3 0 3 3 0 4 1 2 
0 3 0 4 0 3 0 0 0 0 0 0 0 0 0 6 0 0 0 0 0 0 0 0 4 3 3 2 0 1 1 0 2 5 
0 4 0 2 0 0 1 0 5 0 0 2 0 0 0 0 0 0 0 0 0 0 0 0 2 2 0 1 0 2 0 0 2 0 
0 0 0 0 0 0 2 0 7 0 0 0 0 0 0 6 0 0 0 0 0 0 0 0 0 0 4 0 4 5 3 0 3 0 
0 0 0 0 0 0 1 1 0 4 3 3 0 3 2 0 0 4 2 2 2 3 0 5 0 0 5 3 0 0 0 0 0 0 
0 0 0 0 0 0 0 2 0 2 0 0 1 4 0 0 2 5 1 0 0 1 0 2 0 0 0 4 0 0 0 0 0 0 
0 0 0 0 0 0 0 0 0 1 4 0 1 0 0 0 0 0 0 0 5 0 0 0 0 0 6 3 0 0 0 0 0 0 
0 3 0 2 0 5 6 2 0 0 0 0 0 0 0 0 0 0 0 0 0 0 0 0 0 2 0 1 0 0 0 0 0 0 
4 0 0 3 0 2 4 5 7 0 6 6 4 5 4 0 0 0 4 6 4 0 0 0 0 4 5 3 0 0 0 0 0 0 
0 0 0 1 1 0 3 2 2 1 0 0 2 3 4 0 0 0 0 0 2 0 0 0 0 0 0 0 0 1 0 0 0 0 
2 2 0 0 5 4 6 0 5 4 0 4 5 3 0 0 0 0 2 0 1 4 0 0 0 6 0 0 0 0 0 0 0 0 
1 0 0 0 0 1 0 0 0 0 3 0 0 0 2 0 0 0 1 0 2 3 0 0 0 0 0 0 0 0 0 0 0 0 
3 0 0 0 7 0 7 2 0 0 0 0 2 0 0 0 1 6 0 6 0 0 0 0 0 6 4 1 0 3 0 6 4 4 
1 1 0 3 0 1 0 1 0 2 0 0 0 0 0 0 2 0 2 0 2 5 0 1 0 0 2 1 1 2 2 0 0 3 
3 0 0 5 6 3 4 3 0 0 0 0 1 0 0 0 3 6 5 0 1 0 0 2 0 5 0 0 0 5 3 0 0 0 
2 1 0 0 4 3 4 1 0 0 0 0 0 0 0 0 0 0 0 0 0 0 2 6 2 2 0 0 2 4 2 0 0 0 
5 0 0 7 0 0 7 2 0 0 0 6 4 0 0 0 0 0 2 0 0 0 0 4 0 0 2 0 0 0 0 0 0 0 
0 2 4 0 1 0 0 3 0 0 0 2 0 0 0 0 1 5 5 0 4 6 0 0 0 0 0 0 3 0 1 0 0 2 
0 0 0 0 0 0 0 2 0 0 6 0 4 3 1 0 0 1 2 0 4 0 1 4 3 0 0 0 0 0 0 0 0 0 
0 0 0 0 0 0 0 0 0 0 4 0 2 0 0 0 0 0 0 0 2 0 0 2 0 2 5 2 0 0 0 0 0 0 
0 2 0 0 5 0 7 0 5 0 0 0 0 0 0 6 0 0 0 5 0 6 2 3 4 0 2 0 0 0 0 0 0 0 
0 0 0 2 3 1 0 1 0 1 4 0 0 2 1 0 2 4 2 0 2 5 1 3 0 3 0 0 0 5 4 0 0 0 
0 0 6 0 5 0 6 3 0 2 7 0 0 0 0 7 0 6 4 0 0 2 1 0 0 0 0 2 1 2 0 0 0 0 
0 0 2 0 0 0 2 0 0 0 0 2 0 2 1 0 3 0 0 6 0 0 0 0 7 6 0 7 2 1 0 0 0 0 
0 0 4 0 5 3 2 4 0 0 0 0 0 0 0 0 2 3 1 0 1 0 0 0 3 0 0 0 0 0 0 0 0 0 
0 0 2 0 0 0 1 0 0 0 0 6 0 6 2 0 3 6 0 4 0 0 3 1 0 2 3 3 0 0 1 0 0 0 
0 0 2 0 5 6 3 0 0 0 0 3 1 0 0 0 0 0 0 0 0 0 0 0 0 0 0 0 0 0 0 0 0 0 
2 0 1 0 3 0 1 0 0 2 2 1 0 6 2 0 1 0 0 0 3 0 7 4 0 1 3 0 2 0 1 0 0 0 
1 0 4 0 0 6 2 2 0 3 0 4 2 0 1 0 0 0 1 0 0 0 0 0 3 0 0 2 0 0 0 0 2 3 
0 0 2 0 0 3 2 0 0 1 0 0 0 0 0 0 0 0 0 0 1 0 1 3 0 2 0 0 0 0 0 0 1 1 
4 7 0 0 0 0 2 0 6 0 0 5 0 7 3 0 3 4 2 0 0 0 0 0 0 0 0 0 0 0 0 0 0 2 
2 2 2 0 0 0 0 0 5 0 3 4 3 1 0 0 1 0 0 5 0 0 0 4 0 0 0 0 0 7 3 0 0 0 
5 4 0 0 0 0 0 0 0 0 0 0 4 0 0 6 1 2 0 5 0 0 0 0 0 0 4 2 0 2 0 0 0 0 
2 2 0 0 0 2 1 0 1 0 2 0 0 0 0 4 0 0 0 0 0 0 0 0 0 0 0 0 0 0 0 6 5 4 
400 392
1 33 1 32
1 33 0 33
1 33 12 33
2 8 2 6
2 8 2 11
2 8 3 8
4 23 4 21
4 23 4 26
4 23 5 23
8 8 8 7
8 8 8 10
8 8 3 8
8 8 9 8
10 25 10 21
10 25 8 25
10 25 12 25
10 25 10 21
10 25 8 25
10 25 12 25
12 4 12 0
12 4 12 6
12 4 10 4
12 4 14 4
12 25 12 19
12 25 12 26
12 25 14 25
12 25 12 19
13 21 13 20
13 21 13 23
13 21 17 21
16 0 16 3
16 0 15 0
16 0 27 0
16 6 16 3
16 6 16 7
16 6 15 6
16 6 20 6
21 30 21 29
21 30 17 30
21 30 25 30
21 30 21 29
22 2 22 4
22 2 17 2
22 2 23 2
22 2 22 4
22 2 17 2
22 2 23 2
22 10 22 9
22 10 22 15
22 10 21 10
22 10 27 10
23 24 23 19
23 24 23 25
23 24 20 24
23 24 24 24
23 27 23 25
23 27 23 28
23 27 22 27
23 27 25 27
24 2 24 4
24 2 25 2
24 2 24 4
24 2 25 2
25 11 25 13
25 11 23 11
25 11 26 11
25 11 25 13
25 11 23 11
25 11 26 11
25 13 25 14
25 13 23 13
25 13 27 13
25 13 25 14
27 13 27 11
27 13 27 14
27 13 30 13
27 22 27 20
27 22 27 23
27 22 25 22
27 22 29 22
29 20 27 20
30 1 30 0
30 1 30 6
30 1 20 1
30 1 31 1
30 13 30 11
30 13 30 14
30 13 27 13
30 13 31 13
31 29 31 23
31 29 31 30
31 29 23 29
31 29 32 29
31 30 31 29
31 30 27 30
32 0 32 1
32 0 31 0
32 0 33 0
32 19 32 17
32 19 32 26
32 19 31 19
32 26 32 19
32 26 32 27
32 26 32 27
32 29 31 29
33 31 33 15
33 31 33 32
33 31 12 31
33 31 33 15
33 31 33 32
33 31 12 31
33 32 33 33
33 32 29 32
33 32 33 33
33 33 30 33
33 33 30 33
2 8 2 11
2 8 3 8
4 9 4 10
4 9 5 9
4 9 4 10
4 9 5 9
6 9 6 10
12 19 12 17
12 19 8 19
12 19 20 19
12 19 12 17
12 31 12 29
12 31 12 32
12 31 0 31
12 31 12 29
14 18 14 17
14 18 13 18
14 18 16 18
17 2 17 1
17 2 17 4
17 18 17 17
17 18 16 18
17 18 18 18
21 3 21 4
23 13 23 14
26 11 26 12
27 13 27 14
27 22 27 20
27 22 27 23
27 22 25 22
28 12 28 11
29 33 28 33
30 13 30 11
30 13 30 14
31 29 31 23
33 15 33 10
33 15 32 15
0 31 0 29
0 31 0 32
0 31 0 29
0 33 1 33
8 19 8 18
8 19 8 20
8 19 4 19
8 19 8 18
8 19 8 20
12 17 12 16
12 17 5 17
12 17 14 17
12 17 5 17
13 18 14 18
14 17 14 16
14 17 14 18
14 17 17 17
14 17 14 16
16 3 16 0
16 3 16 6
16 3 14 3
16 3 14 3
17 1 20 1
17 17 17 16
17 17 17 18
17 17 18 17
17 18 18 18
21 3 21 4
28 12 28 11
30 1 30 0
30 1 30 6
30 1 31 1
30 8 30 11
30 8 20 8
30 8 31 8
30 8 30 11
30 8 20 8
30 8 31 8
31 2 31 8
31 23 31 19
31 23 29 23
32 15 32 12
32 15 32 16
32 15 22 15
6 20 6 26
6 20 4 20
6 20 8 20
8 18 5 18
8 18 10 18
9 20 8 20
9 20 10 20
10 18 11 18
10 21 11 21
11 20 11 21
15 4 15 5
15 4 14 4
15 4 15 5
15 4 14 4
28 11 28 9
28 11 30 11
28 14 30 14
29 9 28 9
30 0 28 0
30 0 31 0
31 2 31 8
31 11 31 10
31 11 31 12
31 11 31 10
31 11 31 12
31 12 32 12
32 0 32 1
32 0 33 0
32 1 32 12
32 1 33 1
32 12 32 15
32 15 22 15
33 1 33 5
33 5 33 6
33 8 33 10
8 25 8 26
8 25 7 25
10 21 11 21
14 4 14 3
14 4 14 5
14 4 12 4
27 0 16 0
28 9 27 9
31 8 31 10
7 25 7 27
8 26 8 27
8 26 12 26
8 26 8 27
8 26 12 26
8 27 12 27
12 26 13 26
6 26 6 20
6 26 6 27
6 26 4 26
6 26 6 27
6 26 4 26
6 27 5 27
5 27 4 27
6 20 4 20
4 19 4 18
4 21 4 23
4 21 5 21
5 23 4 23
5 27 4 27
4 18 4 17
5 27 4 27
4 17 4 14
4 17 5 17
4 17 4 14
4 26 3 26
4 26 3 26
5 17 5 16
5 17 5 16
8 14 8 13
8 14 9 14
8 14 8 13
8 14 9 14
9 14 9 13
9 14 11 14
20 15 20 8
20 15 20 19
20 15 22 15
20 15 20 8
20 15 20 19
20 15 22 15
21 14 21 13
3 15 3 8
3 15 3 26
3 15 1 15
3 15 3 8
3 15 3 26
3 15 1 15
19 10 19 12
19 10 18 10
19 10 19 12
19 10 18 10
21 13 21 10
1 15 1 5
1 15 1 24
1 15 0 15
1 15 1 5
18 10 18 7
18 10 18 12
18 10 11 10
18 10 18 7
18 12 18 13
18 12 16 12
18 12 18 13
20 8 20 6
21 10 21 9
21 10 22 10
0 15 0 5
0 15 0 24
0 15 0 5
10 8 10 6
10 8 10 9
10 8 9 8
13 16 14 16
16 11 16 12
16 11 10 11
16 11 17 11
16 11 16 12
16 11 10 11
16 11 17 11
16 12 14 12
17 7 16 7
20 6 20 4
20 6 16 6
20 6 22 6
21 7 22 7
8 8 8 7
8 8 8 10
8 8 3 8
8 10 8 11
8 10 6 10
8 10 11 10
8 10 8 11
8 11 8 12
8 11 4 11
8 11 10 11
8 11 8 12
9 9 10 9
10 9 10 8
10 9 13 9
10 11 10 12
11 5 10 5
11 14 18 14
12 12 10 12
13 9 13 7
16 6 15 6
18 13 10 13
20 4 20 6
20 4 21 4
20 6 22 6
21 5 24 5
22 4 24 4
22 6 22 7
22 6 23 6
22 6 22 7
22 6 23 6
24 7 24 6
24 7 28 7
24 7 24 6
24 7 28 7
25 6 26 6
3 6 3 8
3 6 4 6
4 7 5 7
5 7 7 7
6 10 4 10
7 6 7 5
7 6 7 7
7 6 8 6
10 8 10 6
12 7 12 6
12 12 10 12
13 5 14 5
22 4 24 4
4 11 4 13
4 11 4 13
4 13 5 13
5 13 5 12
5 13 8 13
5 13 8 13
6 12 8 12
8 12 8 13
10 6 10 5
10 6 9 6
10 6 12 6
10 6 10 5
12 6 12 4
12 6 12 7
12 6 14 6
12 6 14 6
10 5 10 4

10213

3 2 2     3 = = = = = = = = = 4 - - - - - - - - 2 1 3   3 3 = 4 1 2 
  3   4   3 = = = = = = = = = 6 - - - - - - - - 4 3 3 2   1 1 | 2 5 
  4   2     1 - 5 = = 2       ǁ                 2 2   1   2   | 2 | 
            2 - 7 = = = = = = 6 = = = = = = = = = = 4   4 5 3 | 3 | 
            1 1 ǁ 4 3 3 = 3 2 = = 4 2 2 2 3 = 5 - - 5 3       |   | 
              2 ǁ 2 | | 1 4     2 5 1 | ǁ 1   2     ǁ 4       |   | 
              | ǁ 1 4 | 1 ǁ       ǁ | | 5 = = = = = 6 3       |   | 
  3   2   5 6 2 ǁ   | | | ǁ       ǁ | | |         2 - 1       |   | 
4     3   2 4 5 7 = 6 6 4 5 4     ǁ 4 6 4         4 5 3       |   | 
      1 1   3 2 2 1 | | 2 3 4     ǁ | | 2         ǁ ǁ |   1   |   | 
2 2     5 4 6 = 5 4 | 4 5 3 |     ǁ 2 | 1 4 = = = 6 ǁ |       |   | 
1       | 1 |     | 3 ǁ ǁ | 2     ǁ 1 | 2 3       ǁ ǁ |       |   | 
3 - - - 7 = 7 2   | | ǁ 2 | |   1 6 = 6 = = = = = 6 4 1   3 = 6 4 4 
1 1   3 ǁ 1 ǁ 1 - 2 | ǁ   | |   2 | 2 | 2 5 - 1   | 2 1 1 2 2 ǁ   3 
3     5 6 3 4 3     | ǁ 1 | |   3 6 5 | 1 |   2   5       5 3 ǁ     
2 1   ǁ 4 3 4 1     | ǁ | | |     | | |   | 2 6 2 2     2 4 2 ǁ     
5 = = 7 = = 7 2     | 6 4 | |     | 2 |   |   4     2         ǁ     
ǁ 2 4 - 1   ǁ 3     | 2 | | |   1 5 5 | 4 6             3   1 ǁ   2 
ǁ | ǁ       ǁ 2 = = 6 - 4 3 1     1 2 | 4   1 4 3           | ǁ     
ǁ | ǁ       ǁ       4 = 2             | 2     2   2 5 2     | ǁ     
ǁ 2 ǁ   5 = 7 - 5 = = = = = = 6 = = = 5   6 2 3 4   2       | ǁ     
ǁ | ǁ 2 3 1 ǁ 1 ǁ 1 4 - - 2 1 ǁ 2 4 2   2 5 1 3 | 3       5 4 ǁ     
ǁ | 6 = 5 | 6 3 ǁ 2 7 - - - - 7   6 4     2 1   |     2 1 2 | ǁ     
ǁ | 2   ǁ | 2   ǁ   | 2   2 1 ǁ 3     6 - - - - 7 6 - 7 2 1 | ǁ     
ǁ | 4 = 5 3 2 4 ǁ   | ǁ   |   ǁ 2 3 1   1       3     |   | | ǁ     
ǁ | 2       1 ǁ ǁ   | 6 = 6 2 ǁ 3 6   4     3 1   2 3 3   | 1 ǁ     
ǁ | 2   5 6 3 ǁ ǁ   | 3 1 |   ǁ             ǁ             |   ǁ     
2 | 1   3   1 ǁ ǁ 2 2 1 - 6 2 ǁ 1       3 = 7 4   1 3   2 | 1 ǁ     
1 | 4     6 2 2 ǁ 3 - 4 2 ǁ 1 ǁ     1   |   |   3     2   | | ǁ 2 3 
| | 2     3 2   ǁ 1   |   ǁ | ǁ         1   1 3   2       | | ǁ 1 1 
4 7 = = = = 2   6 = = 5 = 7 3 ǁ 3 4 2         |           | | ǁ | 2 
2 2 2 = = = = = 5 - 3 4 3 1   ǁ 1     5 - - - 4 = = = = = 7 3 ǁ | ǁ 
5 4 - - - - - - - - - - 4 = = 6 1 2 - 5 = = = = = = 4 2   2   ǁ | ǁ 
2 2 - - - 2 1   1 - 2 - - - - 4 = = = = = = = = = = = = = = = 6 5 4 
