34 34
3 5 0 0 4 0 0 0 0 0 0 5 5 6 0 0 4 2 0 0 0 0 0 0 0 5 1 3 0 0 5 4 0 4 
3 0 2 2 0 2 1 1 3 1 0 0 3 4 2 0 0 0 0 0 0 0 0 0 0 0 0 4 2 0 0 1 2 0 
4 0 0 3 0 0 0 0 0 0 0 0 5 0 0 0 6 0 0 0 0 0 0 0 0 7 0 0 0 0 6 2 0 0 
0 0 0 0 0 3 1 0 4 4 0 4 5 4 4 0 0 4 0 6 6 6 0 0 3 1 3 0 6 2 4 0 5 0 
0 5 5 2 0 0 0 0 0 1 2 0 6 5 6 2 0 0 1 5 4 2 0 0 0 2 1 0 0 2 6 2 0 0 
0 6 4 1 0 5 0 0 4 0 0 0 0 0 0 0 5 5 0 0 0 0 0 0 5 6 0 0 6 0 0 0 6 5 
0 4 3 0 0 4 4 0 5 0 0 0 0 0 2 0 0 3 0 0 0 0 0 0 0 0 0 0 0 3 3 2 0 2 
5 0 0 0 4 0 0 0 0 0 0 0 0 0 0 0 7 6 0 0 0 0 0 0 0 0 0 0 0 0 0 0 6 3 
0 4 4 0 0 2 0 5 0 0 0 0 5 4 3 3 0 4 0 0 0 0 0 0 4 3 0 3 1 3 5 2 0 0 
0 3 0 2 0 3 2 0 2 0 0 0 3 4 4 0 0 0 4 3 4 0 0 0 0 0 0 5 0 2 0 2 0 0 
0 4 4 0 0 3 0 8 0 0 0 0 0 0 0 6 0 0 0 0 0 0 0 0 0 0 0 0 4 0 6 4 0 0 
0 0 0 0 0 0 0 0 0 2 0 6 6 3 2 0 0 0 0 0 3 0 0 0 0 0 0 0 0 4 5 2 0 0 
5 5 2 0 0 3 1 7 0 0 0 7 3 0 0 0 0 0 0 0 3 0 0 0 2 0 0 0 0 0 0 0 0 0 
0 2 3 0 0 3 0 3 2 2 0 7 0 7 6 0 0 0 0 5 0 0 0 0 0 0 0 5 0 0 0 0 0 0 
0 0 0 0 0 3 0 0 7 0 5 6 4 4 4 0 0 0 5 6 1 3 1 0 0 2 1 0 0 0 0 0 0 0 
5 0 6 4 0 3 4 2 0 1 0 2 0 3 4 0 0 0 4 7 0 5 0 0 0 4 0 0 0 0 0 0 0 0 
5 0 6 1 0 1 0 1 0 2 0 1 4 3 0 0 0 0 4 0 0 0 1 3 0 4 0 0 0 0 0 3 0 0 
0 0 4 2 0 0 0 0 0 0 0 0 2 0 0 0 0 0 0 0 1 5 4 5 0 5 4 0 0 0 0 3 0 0 
5 0 0 0 6 7 6 0 7 2 6 0 0 7 5 0 0 0 5 5 4 0 0 0 0 0 4 0 0 0 0 3 0 2 
0 3 3 0 0 6 5 4 0 4 7 1 1 4 3 0 0 0 4 3 3 0 1 0 0 0 0 0 0 0 0 0 0 1 
0 0 0 0 0 4 4 4 0 2 2 0 0 2 0 0 0 0 4 0 0 0 0 0 0 0 0 0 0 0 5 3 4 3 
0 2 6 0 5 0 0 0 6 0 0 0 0 6 6 0 0 0 3 6 0 6 0 5 0 0 0 0 0 0 0 1 0 3 
0 2 6 4 1 2 0 0 5 0 3 1 0 3 4 0 0 0 4 8 4 0 0 1 0 4 6 0 0 0 5 5 2 0 
0 0 4 6 0 0 0 0 0 0 4 1 2 0 4 0 0 0 4 4 2 0 0 0 0 3 4 0 0 0 3 0 0 0 
0 4 0 0 0 0 0 0 0 0 0 0 0 0 0 8 6 5 0 0 0 7 0 0 0 0 0 5 0 0 0 0 2 0 
0 3 0 0 0 0 3 0 0 0 0 0 0 0 0 0 0 0 0 0 0 1 0 2 0 0 0 5 4 6 3 0 0 0 
0 0 0 0 0 0 0 0 0 0 0 0 0 0 0 0 4 6 0 0 0 0 0 0 0 0 0 5 0 0 0 4 0 0 
2 0 0 0 0 0 0 0 0 0 0 0 0 0 0 0 3 0 2 4 0 0 0 0 0 0 0 0 0 0 0 0 7 6 
2 0 0 0 0 0 1 0 0 0 0 0 0 0 0 0 0 3 3 4 0 4 0 0 5 0 0 0 4 3 2 1 0 2 
0 0 0 0 0 0 0 0 0 0 0 0 0 0 0 0 0 3 0 4 4 2 0 0 0 0 0 0 2 0 2 4 0 0 
6 6 0 0 0 0 0 0 0 0 0 0 0 0 0 6 7 0 0 0 0 0 0 0 7 0 0 0 0 6 2 3 6 4 
6 8 6 0 0 0 2 0 0 0 0 0 0 0 0 0 0 3 5 6 0 0 0 0 4 1 4 4 0 7 4 0 0 4 
5 3 0 0 0 2 0 0 0 0 0 0 0 0 0 4 5 3 0 4 2 0 0 0 0 0 2 1 0 3 6 5 6 3 
4 0 6 0 0 0 0 0 0 0 0 0 0 0 0 0 4 0 4 0 0 0 0 0 0 5 0 0 4 0 4 2 3 2 
400 692
0 1 0 0
0 1 0 4
0 1 4 1
0 11 0 4
0 11 0 12
0 11 3 11
0 13 0 12
0 13 0 16
0 13 1 13
0 13 0 12
0 13 0 16
0 13 1 13
0 16 0 17
0 16 2 16
0 25 0 17
0 25 0 26
0 25 2 25
0 25 2 25
0 30 0 27
0 30 0 31
0 30 2 30
0 33 0 31
0 33 5 33
0 33 0 31
0 33 5 33
2 0 1 0
2 0 7 0
2 0 1 0
2 0 7 0
2 12 2 16
2 12 1 12
2 12 3 12
2 16 2 12
2 16 2 25
2 16 5 16
2 16 2 25
2 25 2 30
2 25 3 25
2 25 2 30
2 30 2 31
2 30 0 30
2 30 3 30
3 14 3 13
3 14 4 14
3 14 3 13
3 14 4 14
3 17 3 19
3 17 5 17
3 17 3 19
3 17 5 17
3 19 3 20
3 19 4 19
3 20 3 19
3 20 3 21
3 20 4 20
3 20 3 19
3 20 3 21
3 21 3 24
3 21 4 21
3 26 3 28
3 26 4 26
3 26 3 28
3 28 3 29
3 28 5 28
3 28 3 29
3 28 5 28
3 30 3 32
3 30 4 30
3 30 3 32
4 14 4 13
4 14 4 15
4 14 6 14
4 14 4 13
4 15 8 15
4 30 4 29
4 30 4 31
4 30 6 30
4 30 4 29
4 30 4 31
5 1 5 2
5 1 4 1
5 1 6 1
5 1 5 2
5 1 4 1
5 1 6 1
5 16 5 17
5 16 7 16
5 16 5 17
5 16 7 16
5 28 5 25
5 28 8 28
5 28 5 25
5 32 5 33
5 32 3 32
5 32 7 32
5 32 5 33
5 32 3 32
5 32 7 32
5 33 6 33
6 1 6 2
6 1 8 1
6 33 7 33
7 0 12 0
7 4 0 4
7 4 18 4
7 4 0 4
7 4 18 4
7 17 7 16
7 17 6 17
7 17 8 17
7 17 7 16
7 17 6 17
7 17 8 17
7 32 7 33
7 32 20 32
7 32 7 33
7 32 20 32
8 1 8 2
8 1 9 1
8 1 8 2
8 2 6 2
8 2 10 2
9 1 10 1
10 2 10 1
10 2 12 2
10 2 10 1
10 7 10 5
10 7 10 15
10 7 8 7
10 7 12 7
10 7 10 5
10 7 10 15
10 7 8 7
10 7 12 7
10 15 10 28
10 15 8 15
10 15 24 15
10 15 10 28
10 28 10 30
10 28 25 28
10 30 10 31
10 30 8 30
10 30 11 30
10 30 10 31
10 30 8 30
10 31 9 31
10 31 11 31
11 11 11 9
11 11 11 12
11 11 12 11
11 11 11 9
11 11 11 12
11 11 12 11
11 12 11 13
11 12 12 12
11 12 11 13
11 12 12 12
11 20 12 20
11 29 11 30
11 29 25 29
11 29 11 30
11 29 25 29
12 7 12 6
12 7 12 11
12 7 13 7
13 11 13 9
13 11 13 13
13 11 12 11
13 11 14 11
13 14 13 13
13 14 11 14
13 14 14 14
13 14 13 13
13 14 11 14
13 14 14 14
14 8 14 5
14 8 14 10
14 8 13 8
14 8 18 8
14 14 14 13
14 14 15 14
15 0 15 2
15 0 12 0
15 0 16 0
15 14 15 13
15 14 18 14
15 14 15 13
15 19 15 18
15 19 15 21
15 19 14 19
15 19 18 19
16 18 15 18
16 18 18 18
16 18 15 18
16 18 18 18
18 0 18 4
18 0 16 0
18 0 27 0
18 4 18 0
18 4 18 5
18 4 21 4
18 5 18 6
18 5 16 5
18 5 19 5
18 5 18 6
18 5 19 5
18 13 18 10
18 13 18 14
18 13 16 13
18 13 19 13
18 33 19 33
19 5 19 6
19 5 18 5
19 5 20 5
19 5 19 6
19 10 19 9
19 10 19 11
19 10 18 10
19 10 20 10
20 5 20 6
20 5 22 5
20 5 20 6
20 18 19 18
20 18 21 18
20 18 19 18
20 18 21 18
20 30 20 31
20 30 11 30
20 30 22 30
21 4 21 2
21 4 22 4
21 4 21 2
21 8 21 13
21 8 18 8
21 8 22 8
21 8 21 13
21 8 18 8
21 8 22 8
21 13 21 14
21 13 20 13
21 13 22 13
21 13 21 14
21 14 19 14
21 14 22 14
21 14 19 14
21 14 22 14
21 23 21 21
21 23 17 23
21 23 22 23
22 3 22 2
22 3 23 3
22 3 22 2
22 3 23 3
22 14 22 13
22 14 23 14
22 19 22 18
22 19 22 20
22 19 21 19
22 19 23 19
22 19 22 18
22 19 22 20
22 19 21 19
22 19 23 19
22 20 19 20
22 20 23 20
22 26 22 25
22 26 18 26
22 26 23 26
22 26 22 25
22 26 18 26
22 26 23 26
23 3 23 2
23 3 23 10
23 14 23 12
23 26 23 25
23 26 31 26
24 16 24 15
24 16 24 17
24 16 26 16
24 16 24 15
24 16 24 17
24 16 26 16
24 21 24 17
24 21 21 21
24 21 25 21
24 21 24 17
24 21 21 21
25 27 25 28
25 27 24 27
25 27 26 27
25 29 25 28
25 29 25 30
25 29 28 29
25 29 25 28
26 16 26 17
26 16 27 16
26 27 25 27
26 27 31 27
26 27 25 27
26 27 31 27
26 31 22 31
26 31 28 31
26 31 22 31
27 19 27 18
27 19 28 19
27 19 27 18
27 19 28 19
27 33 27 32
27 33 21 33
27 33 28 33
27 33 27 32
27 33 21 33
27 33 28 33
28 24 28 21
28 24 12 24
28 24 30 24
28 28 28 29
28 28 29 28
28 28 28 29
28 28 29 28
29 31 29 30
29 31 30 31
29 31 29 30
29 31 30 31
30 0 30 1
30 0 28 0
30 0 31 0
30 0 30 1
30 0 28 0
30 0 31 0
30 1 30 15
30 1 25 1
30 1 31 1
30 1 30 15
30 15 30 16
30 15 24 15
30 15 32 15
30 15 30 16
30 16 30 24
30 16 27 16
30 16 32 16
30 24 30 16
30 24 28 24
30 24 31 24
30 24 31 24
30 29 30 30
30 29 31 29
30 29 30 30
30 29 31 29
30 29 31 29
30 29 31 29
30 33 30 32
30 33 31 33
30 33 30 32
30 33 31 33
31 0 31 1
31 0 32 0
31 1 31 0
31 1 31 2
31 1 32 1
31 1 31 0
31 1 31 2
31 1 32 1
31 2 31 6
31 2 33 2
31 2 31 6
31 2 33 2
31 18 31 17
31 18 31 19
31 18 33 18
31 19 31 18
31 19 31 24
31 19 32 19
31 19 31 18
31 19 31 24
31 33 31 30
31 33 32 33
32 0 32 1
32 0 33 0
32 0 33 0
32 5 32 15
32 15 32 5
32 15 32 16
32 19 32 20
32 31 32 30
32 31 32 32
32 31 33 31
32 32 32 31
32 32 32 33
32 32 33 32
32 32 32 31
32 32 32 33
33 0 33 2
33 0 32 0
33 2 33 16
33 18 33 16
33 18 33 25
33 18 33 16
33 25 33 28
33 25 31 25
33 25 33 28
33 28 33 30
33 28 33 30
33 30 33 31
33 30 32 30
33 32 33 33
33 32 33 33
0 1 0 0
0 1 4 1
0 11 0 12
0 11 3 11
0 12 1 12
0 31 0 30
1 0 0 0
1 13 1 12
1 13 1 14
1 27 1 28
1 27 0 27
1 27 1 28
1 27 0 27
1 32 1 31
1 32 3 32
2 12 3 12
3 11 3 9
3 11 3 12
3 13 3 12
3 13 4 13
3 21 3 24
3 21 4 21
3 24 5 24
4 1 4 2
4 20 4 19
4 20 9 20
4 20 4 19
4 25 5 25
4 25 5 25
5 5 5 8
5 5 3 5
5 5 6 5
5 17 6 17
5 24 5 25
5 24 8 24
5 24 5 25
5 24 8 24
6 2 5 2
7 0 12 0
8 17 8 15
8 24 8 25
9 1 10 1
9 14 9 13
9 14 8 14
9 14 9 13
9 14 8 14
9 18 9 19
9 18 4 18
9 18 9 19
9 18 9 19
9 20 9 27
9 31 8 31
11 13 13 13
11 20 12 20
12 1 12 0
12 1 12 2
12 1 13 1
12 7 12 11
12 7 13 7
12 12 12 11
13 13 13 11
13 13 14 13
13 13 14 13
13 19 14 19
13 27 24 27
14 13 14 12
15 18 15 19
15 25 14 25
15 25 16 25
15 25 14 25
15 25 16 25
16 25 17 25
17 2 17 3
17 2 16 2
17 2 17 3
17 2 16 2
17 12 16 12
18 6 18 8
18 6 15 6
18 6 19 6
18 6 18 8
18 26 17 26
19 7 19 6
19 7 20 7
19 7 19 6
19 7 20 7
19 10 19 9
19 10 18 10
19 10 20 10
19 12 19 13
19 18 19 19
19 18 18 18
20 6 20 7
20 7 20 6
20 9 19 9
20 13 19 13
21 2 21 1
21 2 19 2
21 2 22 2
21 2 21 1
21 19 21 18
21 19 19 19
21 19 19 19
22 5 22 8
22 8 22 10
22 8 22 10
22 13 22 11
22 18 23 18
22 25 17 25
22 25 23 25
23 2 23 3
23 2 22 2
23 2 23 3
23 10 23 11
23 10 22 10
23 12 23 14
23 18 23 19
23 18 22 18
23 18 23 19
24 15 24 1
24 17 26 17
24 27 13 27
26 17 28 17
26 17 28 17
27 0 18 0
27 16 30 16
28 6 25 6
28 30 25 30
28 30 25 30
29 20 29 19
29 20 29 21
29 20 29 19
29 20 29 21
30 31 30 32
30 32 27 32
31 17 32 17
31 26 31 27
31 26 32 26
31 26 31 27
31 30 31 29
31 30 32 30
31 30 31 29
32 19 32 20
32 26 32 27
32 30 32 29
33 2 33 16
3 12 4 12
4 12 4 10
4 12 4 13
4 12 8 12
4 12 4 10
4 12 4 13
5 2 5 3
6 8 6 6
6 8 5 8
6 8 9 8
6 14 8 14
8 7 8 5
8 12 8 13
8 12 9 12
8 12 8 13
8 12 9 12
8 13 9 13
8 13 9 13
8 24 8 25
8 25 8 27
8 27 9 27
9 3 15 3
9 6 9 5
9 12 9 8
9 20 9 27
11 20 12 20
12 1 12 0
12 1 13 1
12 11 13 11
12 24 28 24
13 2 15 2
13 19 14 19
14 12 14 11
14 12 16 12
14 12 14 11
14 18 14 19
14 26 17 26
15 0 15 2
15 0 16 0
15 2 15 3
15 2 13 2
15 2 16 2
15 3 9 3
15 3 16 3
15 6 15 5
15 6 15 7
15 6 15 5
15 7 16 7
15 13 16 13
16 0 16 2
16 0 16 2
16 25 17 25
17 12 16 12
17 25 17 26
17 26 17 25
18 10 18 9
18 10 18 13
18 10 14 10
18 18 18 19
19 1 19 2
19 2 19 1
19 9 18 9
19 13 19 14
22 2 22 1
22 2 22 1
23 30 22 30
24 1 24 15
24 1 25 1
24 1 25 1
27 32 24 32
27 32 30 32
27 32 24 32
28 21 28 19
29 19 29 17
29 19 28 19
31 17 32 17
31 29 32 29
32 16 32 17
32 29 32 30
4 2 4 3
4 2 1 2
4 2 4 3
4 2 1 2
4 9 3 9
6 6 6 5
6 6 6 8
6 6 6 5
6 8 5 8
8 7 8 5
8 27 9 27
9 5 9 6
9 5 10 5
9 27 9 29
9 29 8 29
12 5 13 5
13 19 14 19
14 11 14 10
14 11 13 11
14 11 15 11
14 18 14 19
14 20 14 21
15 5 14 5
15 9 16 9
15 11 16 11
15 19 15 21
15 19 18 19
16 12 16 13
18 8 14 8
18 13 18 14
18 14 18 13
18 18 18 19
18 19 18 20
18 20 17 20
18 20 19 20
18 20 19 20
19 22 17 22
23 30 22 30
28 18 28 17
1 3 2 3
2 3 1 3
3 9 3 8
3 9 1 9
5 8 5 5
6 5 5 5
12 5 13 5
13 9 13 8
14 8 14 5
14 8 14 10
17 21 17 22
17 21 15 21
17 21 21 21
23 30 22 30
1 8 1 7
1 8 3 8
1 8 3 8
3 8 3 6
12 5 13 5
1 6 1 5
3 5 1 5

4307

3 5 - - 4 - - - - - - 5 5 6 = = 4 2 - - - - - - - 5 1 3 - - 5 4 = 4 
3 ǁ 2 2 ǁ 2 1 1 3 1   ǁ 3 4 2   |                 ǁ   4 2   ǁ 1 2 ǁ 
4 ǁ ǁ 3 ǁ |     ǁ |   ǁ 5 = = = 6 = = = = = = = = 7 = = = = 6 2 | ǁ 
ǁ ǁ ǁ   ǁ 3 1 - 4 4 - 4 5 4 4   | 4 = 6 6 6 = = 3 1 3 = 6 2 4 = 5 ǁ 
ǁ 5 5 2 ǁ |       1 2 = 6 5 6 2 | ǁ 1 5 4 2     | 2 1   ǁ 2 6 2 ǁ ǁ 
ǁ 6 4 1 ǁ 5 = = 4       |   | | 5 5 |   |       5 6 = = 6   |   6 5 
ǁ 4 3   ǁ 4 4 = 5       |   2 | ǁ 3 |   |       ǁ       | 3 3 2 ǁ 2 
5 | |   4       |       |   | | 7 6 |   |       ǁ       |       6 3 
ǁ 4 4   ǁ 2 = 5 |       5 4 3 3 - 4 |   |       4 3 - 3 1 3 5 2 ǁ   
ǁ 3 | 2 ǁ 3 2 ǁ 2 - - - 3 4 4 |     4 3 4 = = = = = = 5 - 2 ǁ 2 ǁ   
ǁ 4 4 ǁ ǁ 3 = 8 = = = = = = = 6 = = = = = = = = = = = = 4 - 6 4 ǁ   
ǁ   | ǁ ǁ     ǁ   2 = 6 6 3 2 |         3               | 4 5 2 ǁ   
5 5 2 ǁ ǁ 3 1 7 = = = 7 3 | ǁ |         3       2       | ǁ |   ǁ   
| 2 3 ǁ ǁ 3   3 2 2 - 7 = 7 6 |       5         ǁ     5 | ǁ |   ǁ   
|   ǁ ǁ ǁ 3 = = 7 = 5 6 4 4 4 |     5 6 1 3 1   ǁ 2 1 ǁ | ǁ |   ǁ   
5 = 6 4 ǁ 3 4 2 ǁ 1 | 2 | 3 4 |     4 7 = 5     ǁ 4 | ǁ | ǁ |   ǁ   
5 = 6 1 ǁ 1 | 1 ǁ 2 | 1 4 3 | |     4 ǁ   | 1 3 ǁ 4 | ǁ | ǁ | 3 ǁ   
|   4 2 ǁ | |   ǁ   |   2 | | |     ǁ ǁ 1 5 4 5 ǁ 5 4 ǁ | ǁ | 3 ǁ   
5 = = = 6 7 6 = 7 2 6 = = 7 5 |     5 5 4 | | | ǁ | 4 ǁ | ǁ | 3 ǁ 2 
ǁ 3 3   | 6 5 4 ǁ 4 7 1 1 4 3 |     4 3 3 | 1 | ǁ | ǁ ǁ | ǁ |   ǁ 1 
ǁ   |   | 4 4 4 ǁ 2 2     2 ǁ |     4 ǁ | |   | ǁ | ǁ ǁ | ǁ 5 3 4 3 
ǁ 2 6 = 5 |     6 = = = = 6 6 |     3 6 | 6 - 5 ǁ | ǁ ǁ | ǁ | 1   3 
ǁ 2 6 4 1 2 - - 5 = 3 1 - 3 4 |     4 8 4 ǁ   1 ǁ 4 6 ǁ | ǁ 5 5 2 ǁ 
ǁ   4 6 - - - - - - 4 1 2 = 4 |     4 4 2 ǁ     ǁ 3 4 ǁ | ǁ 3 ǁ   ǁ 
ǁ 4 = = = = = = = = = = = = = 8 6 5 = = = 7     ǁ   | 5 | ǁ   ǁ 2 ǁ 
ǁ 3         3                 | ǁ |       1   2 ǁ   | 5 4 6 3 ǁ ǁ ǁ 
ǁ |         |                 | 4 6             ǁ   | 5   | ǁ 4 ǁ ǁ 
2 |         |                 | 3 ǁ 2 4         ǁ   | ǁ   | ǁ | 7 6 
2 |         1                 | ǁ 3 3 4 - 4 - - 5   | ǁ 4 3 2 1 ǁ 2 
ǁ |                           | ǁ 3 - 4 4 2     ǁ   | ǁ 2   2 4 ǁ   
6 6 = = = = = = = = = = = = = 6 7 = = = = = = = 7   | ǁ   6 2 3 6 4 
6 8 6 = = = 2                 | | 3 5 6 = = = = 4 1 4 4   7 4 - - 4 
5 3 ǁ     2 = = = = = = = = = 4 5 3 | 4 2         | 2 1   3 6 5 6 3 
4 - 6 = = = = = = = = = = = = = 4 = 4 - - - - - - 5 = = 4 = 4 2 3 2 
