34 34
1 2 0 0 0 0 0 0 0 0 0 0 0 0 0 0 0 0 0 0 0 3 0 0 0 0 0 0 0 0 0 0 2 0 
1 4 3 2 1 4 0 4 0 0 0 0 0 0 3 2 1 2 5 6 2 0 3 1 2 4 2 1 3 0 3 1 3 2 
0 0 1 2 0 5 1 3 0 3 2 4 2 1 0 1 0 2 0 3 1 0 0 3 3 0 0 0 0 2 0 0 2 1 
0 6 6 0 0 0 0 2 0 1 1 0 2 0 0 2 0 0 0 2 2 0 0 0 1 0 0 0 0 0 1 2 5 2 
0 2 0 4 4 0 0 6 0 0 0 5 7 4 0 0 0 5 4 0 0 5 6 3 0 6 6 5 6 6 3 0 0 2 
0 2 0 2 0 0 0 0 4 0 0 3 0 0 0 0 0 0 0 2 2 0 0 0 2 0 1 1 2 1 1 0 0 0 
0 5 6 0 0 0 0 3 0 1 3 0 0 0 0 3 0 3 0 4 3 0 4 0 0 0 2 0 0 0 0 5 0 0 
0 0 0 1 2 2 0 3 0 2 0 0 0 0 0 0 0 1 0 0 2 0 2 2 5 0 2 2 3 4 2 0 0 0 
0 0 0 4 7 0 0 5 0 0 0 0 0 0 0 0 0 1 0 0 3 0 4 2 2 0 0 1 1 0 0 0 0 0 
0 0 0 0 0 0 0 0 0 0 0 0 0 0 0 0 0 0 0 0 0 0 6 0 0 5 2 4 0 6 3 0 0 0 
0 0 0 0 4 2 0 0 0 0 0 0 0 0 0 0 5 5 0 0 3 0 0 0 2 0 1 0 1 0 1 0 0 0 
0 0 0 0 1 1 0 0 3 0 0 0 0 0 0 0 0 4 0 0 0 0 0 0 0 0 0 0 0 0 0 0 0 0 
0 0 0 0 0 0 0 0 0 0 0 0 0 1 0 0 0 0 0 0 4 0 0 0 0 0 0 0 2 4 2 0 0 0 
0 4 0 0 0 0 0 0 0 0 0 0 4 0 0 0 0 2 0 0 0 0 0 2 4 0 0 0 0 3 1 0 0 0 
0 2 0 3 0 5 2 0 3 0 0 0 2 0 0 0 0 0 0 0 0 0 0 0 0 0 4 6 3 0 0 5 3 0 
0 0 0 0 0 3 1 0 2 0 0 0 4 0 5 0 0 0 0 0 0 0 4 2 0 0 0 0 4 6 0 6 2 0 
4 0 5 0 0 0 0 7 0 6 4 0 0 2 0 0 4 0 6 5 4 0 0 0 0 0 0 0 2 5 1 0 1 0 
0 2 4 0 0 3 1 0 1 4 2 0 0 0 0 0 2 0 5 0 0 0 0 0 0 0 0 0 2 4 2 0 0 0 
0 2 0 2 2 2 0 0 1 0 3 0 5 3 0 0 2 0 3 0 0 0 0 0 0 0 0 0 0 1 0 3 2 0 
0 0 0 0 1 4 3 0 0 0 0 0 4 4 0 0 1 2 1 0 0 0 0 0 0 0 0 0 0 3 4 2 0 0 
0 4 0 5 0 6 0 6 0 4 5 0 0 2 0 0 0 0 0 2 0 0 0 0 1 0 0 0 0 2 0 0 0 0 
0 0 0 3 0 0 2 0 0 1 1 0 0 0 0 0 0 0 0 2 0 0 0 0 0 0 0 0 5 0 5 0 5 0 
0 5 7 0 0 0 0 0 0 0 0 6 0 0 7 5 6 4 0 3 0 0 0 0 0 0 0 0 3 1 0 1 0 0 
0 3 0 2 4 1 1 0 0 4 2 0 4 2 2 2 4 2 0 0 0 0 4 2 1 0 3 0 3 0 5 3 0 0 
0 2 0 2 4 0 0 0 0 5 0 6 6 0 0 0 0 0 3 4 1 0 2 0 0 0 0 0 0 0 0 0 0 0 
0 1 0 0 0 3 0 1 0 0 1 0 3 2 0 0 0 0 2 2 0 0 0 0 0 0 0 0 2 0 1 0 0 0 
0 0 0 0 0 3 0 0 0 4 0 0 1 0 1 0 0 0 5 4 0 0 0 0 0 0 2 0 0 0 0 0 0 0 
0 0 0 2 0 2 1 0 0 3 0 0 2 0 0 0 0 0 1 2 0 0 0 0 0 0 1 0 0 0 0 0 0 0 
0 0 0 2 2 0 4 0 0 3 0 0 0 2 0 0 0 0 0 0 0 5 0 0 0 5 0 6 0 0 0 0 3 0 
0 0 0 1 1 0 4 3 1 0 0 0 6 0 5 0 5 0 0 0 0 4 0 4 3 0 1 5 2 1 0 0 4 5 
0 0 5 0 0 6 0 0 0 6 3 0 2 1 1 2 8 4 2 1 0 3 1 3 3 0 0 3 0 0 2 1 0 2 
0 0 3 2 2 5 0 2 1 5 2 0 2 5 0 0 5 0 0 0 0 1 1 2 1 0 0 3 0 0 5 3 0 2 
6 7 0 0 0 0 0 0 0 0 0 7 0 0 0 0 0 0 0 0 0 0 0 0 0 2 0 2 3 2 0 2 0 0 
2 4 0 0 2 1 0 0 3 0 0 5 0 0 0 0 0 0 0 0 0 0 0 0 0 0 3 0 0 0 4 0 4 3 
400 360
1 18 1 17
1 18 1 19
1 18 4 18
1 19 1 18
1 19 1 20
1 19 2 19
1 19 1 18
1 19 1 20
1 22 1 23
1 22 4 22
1 22 4 22
3 1 3 2
3 1 1 1
3 1 4 1
3 1 3 2
3 1 1 1
3 1 4 1
3 2 3 7
3 2 2 2
3 2 6 2
3 2 3 7
4 3 4 4
4 3 5 3
4 3 4 4
4 3 5 3
4 4 4 7
4 4 7 4
4 12 4 11
4 12 4 13
4 12 3 12
4 12 13 12
4 22 4 21
4 22 4 23
4 22 6 22
4 22 4 21
5 1 6 1
5 8 5 11
5 8 11 8
5 8 5 11
5 8 11 8
6 31 6 26
6 31 3 31
6 31 14 31
8 4 8 3
8 4 8 7
8 4 7 4
8 4 10 4
9 22 9 25
9 22 8 22
9 22 15 22
9 22 9 25
9 22 8 22
9 22 15 22
10 16 10 17
10 16 1 16
10 16 16 16
11 17 10 17
11 17 13 17
11 17 10 17
11 17 13 17
12 20 10 20
12 20 16 20
12 20 10 20
12 20 16 20
15 14 15 12
15 14 1 14
15 14 22 14
15 22 15 23
15 22 23 22
16 7 16 2
16 7 16 9
16 7 8 7
16 7 20 7
16 20 16 19
16 20 24 20
17 18 17 16
17 18 16 18
17 18 18 18
21 28 21 30
21 28 17 28
21 28 22 28
21 32 21 30
21 32 18 32
21 32 28 32
22 1 22 2
22 1 20 1
22 1 23 1
23 22 23 23
23 22 24 22
23 22 23 23
24 22 30 22
28 21 28 13
28 21 4 21
28 21 29 21
28 25 28 27
28 25 9 25
28 25 32 25
29 14 29 12
29 14 29 16
29 14 30 14
29 23 29 24
29 23 30 23
29 23 29 24
29 23 30 23
29 33 29 32
29 33 4 33
29 33 30 33
30 2 30 5
30 2 22 2
30 2 31 2
30 15 30 16
30 16 30 15
30 16 30 17
30 16 29 16
30 16 31 16
30 17 30 16
30 17 30 18
30 17 30 16
30 18 30 19
30 21 29 21
30 21 31 21
30 21 29 21
30 24 30 23
30 24 29 24
30 24 31 24
31 9 31 8
31 9 31 10
31 9 30 9
31 13 31 12
31 13 31 16
31 13 30 13
31 22 31 23
32 0 32 1
32 0 16 0
32 0 33 0
32 0 32 1
32 0 16 0
32 0 33 0
32 1 32 11
32 1 25 1
32 1 33 1
33 1 33 4
33 1 32 1
33 1 33 4
33 5 33 8
33 8 33 11
33 8 33 11
1 17 2 17
2 5 2 3
2 5 2 6
2 5 1 5
2 17 4 17
4 17 4 18
4 17 6 17
4 17 4 18
4 17 6 17
4 18 4 21
5 1 6 1
6 22 6 26
6 22 7 22
6 22 7 22
6 31 3 31
6 31 14 31
7 3 8 3
7 5 7 7
7 24 7 23
7 24 7 26
7 24 8 24
8 3 8 4
8 3 14 3
8 4 8 7
8 4 10 4
8 22 8 23
10 4 10 5
10 4 11 4
10 5 11 5
10 24 13 24
11 8 14 8
12 13 4 13
13 1 6 1
13 1 14 1
13 1 6 1
13 1 14 1
13 12 4 12
13 12 14 12
13 12 14 12
14 3 14 5
14 8 15 8
15 23 13 23
16 0 16 2
16 0 1 0
16 18 16 16
16 18 16 19
16 18 17 18
16 18 16 16
16 18 16 19
20 29 19 29
23 24 20 24
24 1 23 1
27 26 26 26
29 21 29 16
31 5 31 4
31 5 31 7
31 5 30 5
31 9 31 10
31 9 30 9
31 13 31 12
31 13 31 16
31 16 30 16
32 1 32 11
32 11 32 25
32 11 24 11
32 11 33 11
0 0 0 1
1 1 1 2
1 1 0 1
1 2 1 3
1 2 1 3
1 4 1 5
1 5 1 7
1 5 2 5
1 7 1 14
1 7 2 7
1 7 1 14
1 15 2 15
2 3 2 5
2 7 2 9
2 7 2 9
3 15 6 15
3 32 3 33
3 32 2 32
3 32 14 32
4 13 4 12
4 13 2 13
4 25 4 23
4 25 4 26
4 25 1 25
4 25 4 23
4 25 4 26
4 25 1 25
4 26 4 27
4 26 1 26
4 26 5 26
4 26 4 27
6 1 6 2
6 2 16 2
6 2 16 2
7 5 7 7
8 22 8 23
10 24 13 24
13 23 13 24
14 3 14 5
14 8 15 8
15 12 15 14
15 12 18 12
15 12 18 12
15 14 22 14
16 13 18 13
16 16 10 16
20 29 19 29
22 14 22 11
22 14 22 15
22 14 23 14
24 1 23 1
26 26 23 26
28 21 28 13
28 21 4 21
29 12 29 14
29 12 27 12
29 12 30 12
29 12 27 12
29 12 30 12
29 14 29 16
30 9 30 5
30 9 30 10
30 9 28 9
30 9 30 5
30 10 25 10
31 7 31 5
32 11 24 11
32 11 33 11
33 11 33 26
0 21 0 32
1 25 1 24
1 25 1 26
2 23 2 24
2 23 2 24
3 15 6 15
3 24 2 24
6 15 22 15
7 23 7 24
10 16 10 17
16 13 18 13
19 12 19 13
19 12 18 12
19 12 19 13
19 12 18 12
19 13 18 13
19 13 20 13
20 13 20 10
22 1 22 2
22 1 20 1
22 11 22 2
22 11 22 14
22 11 24 11
22 11 22 2
22 11 24 11
23 10 23 9
23 12 23 13
23 12 24 12
23 12 23 13
23 12 24 12
24 12 24 11
24 12 24 18
24 12 25 12
24 12 24 11
29 8 29 7
30 5 30 2
30 5 27 5
31 5 31 4
0 21 0 32
5 11 4 11
18 12 18 10
20 1 20 3
20 1 18 1
20 5 20 3
20 5 20 7
20 5 19 5
20 5 20 3
20 5 20 7
20 5 19 5
22 2 30 2
23 10 23 9
24 9 24 4
24 9 23 9
24 9 26 9
29 6 29 7
29 6 28 6
29 6 29 7
29 6 28 6
31 2 31 3
31 2 31 3
23 9 23 6
24 9 24 4
24 9 26 9
25 7 25 5
26 9 26 5
26 9 27 9
28 6 28 9
28 6 27 6
28 9 27 9
23 5 23 4
25 5 26 5
23 4 23 3
23 4 24 4
23 4 23 3
24 4 24 3
25 5 26 5
27 5 27 3
24 3 27 3

5380

1 2                                       3 = = = = = = = = = = 2   
1 4 3 2 1 4 - 4 = = = = = = 3 2 1 2 5 6 2   3 1 2 4 2 1 3   3 1 3 2 
| ǁ 1 2 = 5 1 3 = 3 2 4 2 1 | 1 | 2 | 3 1   ǁ 3 3 ǁ |     2     2 1 
| 6 6 = = = = 2   1 1   2 | | 2 | | | 2 2   ǁ   1 ǁ |       1 2 5 2 
| 2 | 4 4 - - 6       5 7 4 | ǁ | 5 4 - - 5 6 3 = 6 6 5 6 6 3 ǁ | 2 
| 2 | 2 |       4 = = 3 ǁ | | ǁ | ǁ   2 2 ǁ |   2   1 1 2 1 1 ǁ | | 
| 5 6   |     3 ǁ 1 3   ǁ | | 3 | 3   4 3 ǁ 4 - - - 2 - - - - 5 | | 
| ǁ ǁ 1 2 2 = 3 ǁ 2     ǁ | | | | 1     2 ǁ 2 2 5 - 2 2 3 4 2 ǁ | | 
| ǁ ǁ 4 7 = = 5 ǁ       ǁ | | | | 1     3 ǁ 4 2 2     1 1     ǁ | | 
| ǁ ǁ | ǁ     | ǁ       ǁ | | | |         ǁ 6 = = 5 2 4   6 3 ǁ | | 
| ǁ ǁ | 4 2   | ǁ       ǁ | | | 5 5     3 ǁ ǁ   2 | 1   1   1 ǁ | | 
| ǁ ǁ | 1 1   | 3       ǁ | | | ǁ 4     ǁ ǁ ǁ   ǁ |           ǁ | | 
| ǁ ǁ |       | |       ǁ 1 | | ǁ ǁ     4 ǁ ǁ   ǁ |     2 4 2 ǁ | | 
| 4 ǁ |       | |       4   | | ǁ 2     ǁ ǁ ǁ 2 4 |       3 1 ǁ | | 
| 2 ǁ 3 = 5 2 | 3       2   | | ǁ       ǁ ǁ ǁ |   | 4 6 3     5 3 | 
|   ǁ     3 1 | 2       4 = 5 | ǁ       ǁ ǁ 4 2   |     4 6   6 2 | 
4 - 5 - - - - 7 - 6 4   ǁ 2 ǁ | 4 = 6 5 4 ǁ |     |     2 5 1   1 | 
ǁ 2 4     3 1 | 1 4 2   ǁ ǁ ǁ | 2 - 5   | ǁ |     |     2 4 2     | 
ǁ 2   2 2 2   | 1   3 - 5 3 ǁ | 2   3   | ǁ |     |     | 1   3 2 | 
ǁ |     1 4 3 |         4 4 ǁ | 1 2 1   | ǁ |     |     | 3 4 2 | | 
ǁ 4 - 5 = 6 = 6   4 5 - - 2 ǁ |       2 | ǁ |   1 |     | 2     | | 
ǁ ǁ   3     2     1 1       ǁ |       2 | ǁ |   | |     5 - 5 - 5 | 
ǁ 5 7 = = = = = = = = 6 = = 7 5 6 4   3 | ǁ |   | |     3 1   1 | | 
ǁ 3 ǁ 2 4 1 1 - - 4 2 ǁ 4 2 2 2 4 2     | ǁ 4 2 1 | 3   3   5 3 | | 
ǁ 2 ǁ 2 4 = = = = 5   6 6 - - - - - 3 4 1 ǁ 2     | |           | | 
ǁ 1 ǁ |   3 - 1   ǁ 1 ǁ 3 2         2 2   ǁ |     | |   2   1   | | 
ǁ | ǁ |   3 - - - 4 | ǁ 1   1       5 4   ǁ |     | 2           | | 
ǁ | ǁ 2 - 2 1     3 | ǁ 2           1 2   ǁ |     | 1           | | 
ǁ | ǁ 2 2 | 4 - - 3 | ǁ ǁ 2 = = = = = = = 5 |     5 - 6         3 | 
ǁ | ǁ 1 1 | 4 3 1 | | ǁ 6 = 5 = 5 - - - - 4 | 4 3 | 1 5 2 1     4 5 
ǁ | 5 = = 6 = = = 6 3 ǁ 2 1 1 2 8 4 2 1   3 1 3 3 |   3     2 1   2 
ǁ | 3 2 2 5 = 2 1 5 2 ǁ 2 5 = = 5         1 1 2 1 |   3     5 3   2 
6 7 = = = = = = = = = 7 - - - - - - - - - - - - - 2   2 3 2   2     
2 4 = = 2 1 - - 3 = = 5 - - - - - - - - - - - - - - 3       4   4 3 
