34 34
0 0 0 1 3 4 4 6 6 0 0 0 0 0 0 0 0 0 0 6 0 0 0 0 5 2 2 3 4 4 0 0 0 4 
0 0 0 0 2 0 2 4 6 3 4 0 0 0 0 0 0 2 0 0 2 0 5 0 8 5 0 5 7 4 0 4 3 6 
2 0 0 0 0 0 0 3 3 1 0 0 0 0 0 0 0 0 0 0 1 0 3 1 0 4 0 3 0 4 5 5 1 0 
0 0 0 0 0 0 2 0 0 0 7 0 0 0 0 0 0 0 0 8 0 5 3 0 0 0 0 0 0 2 0 0 4 4 
6 0 0 6 0 7 0 0 4 6 7 5 0 0 0 0 0 5 2 0 1 1 5 0 8 5 0 3 6 4 0 0 0 1 
6 0 2 0 2 0 0 0 0 0 0 0 0 0 0 0 0 1 0 0 0 1 5 1 0 1 0 2 0 0 0 2 0 0 
4 0 0 0 0 0 0 0 0 0 0 0 0 0 0 0 0 2 0 0 5 0 6 0 5 0 6 3 0 0 0 0 0 0 
4 0 0 7 6 0 0 0 0 2 2 4 0 0 0 0 0 4 0 0 6 0 5 3 7 3 0 0 0 4 6 3 0 0 
0 0 0 1 2 0 0 0 0 0 0 0 0 0 0 0 0 0 0 0 6 2 1 3 4 0 0 0 0 0 0 2 0 0 
2 0 0 0 0 6 0 0 0 0 0 0 0 0 0 0 0 0 0 5 5 0 0 0 3 5 0 0 0 0 0 0 0 0 
1 3 4 6 3 0 0 0 0 0 0 0 0 0 0 1 2 4 0 0 0 2 0 0 4 0 0 0 0 2 6 0 5 4 
0 0 0 6 3 0 0 0 0 0 0 0 0 0 0 0 0 0 0 0 3 0 5 5 8 4 0 0 0 1 5 2 0 0 
2 0 0 6 4 0 0 0 0 3 0 0 0 0 0 4 4 8 3 0 3 4 5 0 0 0 0 0 0 3 0 4 0 2 
0 0 0 4 3 0 0 0 0 0 2 0 2 0 0 0 4 0 1 0 5 0 8 3 0 0 0 0 0 3 0 0 0 1 
0 0 4 6 4 0 0 2 0 8 7 0 3 0 0 0 2 0 0 0 0 1 4 0 0 0 0 0 0 0 0 0 0 0 
0 0 5 5 3 0 0 0 0 2 2 0 0 0 0 4 0 7 0 5 8 0 5 0 7 2 0 0 0 5 1 0 0 0 
0 0 2 2 1 0 2 0 0 0 0 0 0 0 0 3 0 5 2 3 5 3 5 4 6 2 0 0 0 2 0 0 0 3 
5 8 0 0 0 6 0 0 0 0 0 0 0 0 0 0 0 0 0 0 0 0 0 0 0 0 6 0 6 0 0 5 0 0 
0 0 2 5 0 8 0 0 0 0 4 2 0 0 0 0 0 0 0 0 0 0 5 0 4 1 0 1 0 0 0 0 0 0 
0 0 0 5 3 0 0 2 0 0 5 0 0 0 0 0 0 0 0 5 1 0 0 2 3 3 0 0 0 3 0 6 7 5 
3 5 5 0 2 0 0 3 0 0 0 0 4 0 0 3 0 0 1 2 0 0 0 3 3 0 0 0 0 5 2 0 2 3 
0 0 6 8 0 8 0 0 0 0 0 0 0 0 0 0 0 0 0 0 0 0 7 0 7 3 0 3 0 0 2 8 6 6 
0 0 4 0 0 0 0 0 0 3 0 0 0 0 0 0 0 0 3 0 3 0 0 1 0 1 0 0 0 0 3 5 0 0 
1 0 4 0 0 0 2 0 0 0 1 0 0 0 0 0 0 0 0 0 5 1 0 0 0 0 0 0 0 0 1 0 0 0 
0 0 0 0 0 0 0 0 0 2 3 0 0 0 0 0 0 0 0 2 5 0 6 4 0 0 0 0 0 0 4 4 4 4 
2 0 4 0 1 0 0 0 0 0 0 0 0 0 0 0 0 0 0 0 4 0 0 4 0 2 0 0 0 0 2 0 4 0 
0 0 0 0 0 0 4 0 0 0 8 0 0 0 0 0 0 0 6 7 6 0 4 3 0 0 0 3 5 7 0 3 0 0 
4 6 5 0 0 0 2 0 4 0 6 2 0 0 0 0 0 0 0 2 0 1 4 3 5 4 0 2 0 4 0 0 6 6 
2 0 1 0 2 0 0 2 6 0 0 0 0 0 0 0 4 0 0 2 5 4 0 2 6 4 0 0 0 3 0 3 2 3 
6 6 3 0 0 0 6 0 0 0 0 0 0 0 0 3 0 0 0 3 5 4 0 0 2 0 0 0 0 6 2 0 0 0 
0 0 1 0 0 0 2 0 0 0 0 0 0 0 0 0 0 0 0 0 0 0 4 0 0 0 4 3 0 3 1 0 0 0 
3 0 2 8 5 7 0 0 0 0 0 0 0 0 0 7 6 0 5 0 0 0 0 0 0 0 0 0 5 0 0 7 8 5 
3 6 3 5 3 3 0 0 0 0 0 0 0 3 1 2 2 1 5 0 2 1 3 4 0 0 0 0 6 0 3 3 4 3 
0 4 0 0 5 0 2 0 1 0 0 1 0 0 0 0 0 0 4 0 0 0 4 2 2 3 0 0 5 0 0 0 4 1 
400 661
0 7 0 6
0 7 0 8
0 7 1 7
0 7 0 6
0 7 0 8
0 7 1 7
0 8 0 19
0 8 1 8
0 19 0 8
0 19 0 24
0 19 3 19
0 33 0 29
0 33 1 33
0 33 0 29
0 33 1 33
1 22 1 20
1 22 1 24
1 22 2 22
1 24 1 22
1 24 1 25
1 24 0 24
1 24 4 24
1 28 1 27
1 28 1 29
1 28 0 28
1 28 4 28
1 33 1 32
1 33 3 33
2 30 2 29
2 30 2 31
2 30 7 30
3 10 3 6
3 10 3 19
3 10 1 10
3 10 4 10
3 19 3 10
3 19 3 21
3 19 0 19
3 19 9 19
3 21 3 19
3 21 3 22
3 21 4 21
3 21 3 22
4 0 4 3
4 0 2 0
4 0 5 0
4 0 4 3
4 0 2 0
4 0 5 0
4 3 4 5
4 3 0 3
4 3 7 3
4 3 4 5
4 5 4 8
4 5 0 5
4 5 9 5
4 9 4 8
4 9 4 10
4 9 7 9
4 9 4 8
4 9 4 10
4 9 7 9
4 11 4 10
4 11 4 17
4 11 7 11
4 20 6 20
4 22 4 24
4 22 3 22
4 22 5 22
4 24 4 22
4 24 4 25
4 24 1 24
4 24 6 24
5 0 5 2
5 0 6 0
5 4 7 4
6 0 5 0
6 0 7 0
6 0 5 0
6 20 6 22
6 20 7 20
6 20 6 22
6 20 7 20
6 22 6 24
6 22 5 22
6 22 7 22
6 22 6 24
7 0 7 3
7 0 9 0
7 0 7 3
7 3 7 4
7 3 8 3
7 3 7 4
7 3 7 4
7 20 7 22
7 20 8 20
7 20 7 22
7 20 8 20
7 24 7 23
7 24 7 25
7 24 6 24
7 24 8 24
8 20 8 21
8 20 9 20
8 20 8 21
8 20 9 20
9 25 9 24
9 25 7 25
9 25 11 25
10 3 10 2
10 3 10 4
10 3 11 3
10 3 10 2
10 3 10 4
10 3 11 3
11 3 11 4
11 3 12 3
11 24 11 23
11 24 11 25
11 24 10 24
11 24 15 24
11 24 11 23
11 24 11 25
11 24 10 24
11 24 15 24
12 17 12 16
12 17 12 18
12 17 10 17
12 17 15 17
12 17 12 16
12 17 12 18
12 17 10 17
12 17 15 17
12 22 12 21
12 22 11 22
12 22 13 22
13 22 13 20
13 22 13 23
13 22 12 22
13 22 14 22
13 22 13 20
13 22 13 23
13 22 12 22
14 9 14 7
14 9 14 10
14 9 12 9
14 9 15 9
14 9 14 7
14 9 14 10
14 9 12 9
14 9 15 9
14 10 14 12
14 10 13 10
14 10 15 10
14 22 14 21
14 22 15 22
14 22 15 22
15 2 15 3
15 2 14 2
15 2 16 2
15 17 15 15
15 17 15 19
15 17 16 17
15 20 15 19
15 20 15 22
15 20 13 20
15 20 16 20
15 20 15 19
15 20 15 22
15 20 13 20
15 20 16 20
15 24 15 22
15 24 15 25
15 24 16 24
16 22 16 21
16 22 16 23
16 22 18 22
17 0 17 1
17 0 12 0
17 0 20 0
17 1 17 0
17 1 17 5
17 1 10 1
17 1 20 1
17 1 17 0
17 1 17 5
17 1 10 1
17 5 9 5
17 5 18 5
17 5 9 5
17 5 18 5
17 26 17 28
17 26 6 26
17 26 30 26
17 26 17 28
17 26 6 26
17 26 30 26
17 28 17 31
17 28 4 28
17 28 26 28
17 28 17 31
18 3 18 2
18 3 18 5
18 3 19 3
18 5 18 3
18 5 18 10
18 5 21 5
18 27 21 27
19 32 19 31
19 32 19 33
19 32 10 32
19 32 20 32
20 29 20 30
20 29 19 29
20 29 26 29
21 2 21 3
21 2 20 2
21 2 22 2
21 2 21 3
21 2 20 2
21 2 22 2
21 3 21 5
21 3 19 3
21 3 31 3
21 5 21 3
21 5 21 22
21 5 18 5
21 5 31 5
21 24 21 22
21 24 21 25
21 24 20 24
21 24 27 24
21 27 26 27
21 31 21 30
21 31 21 32
21 31 19 31
21 31 22 31
21 31 21 30
21 31 21 32
21 31 19 31
21 31 22 31
21 32 21 33
21 32 20 32
21 32 24 32
21 32 21 33
21 33 20 33
21 33 24 33
22 2 23 2
25 4 28 4
26 10 26 6
26 10 26 18
26 10 24 10
26 10 27 10
26 10 26 6
26 10 26 18
26 10 24 10
26 10 27 10
26 18 26 19
26 18 22 18
26 18 31 18
26 18 26 19
26 19 26 20
26 19 24 19
26 19 27 19
27 2 27 1
27 2 25 2
27 2 28 2
27 10 27 8
27 10 27 11
27 33 27 32
27 33 24 33
27 33 28 33
27 33 27 32
27 33 24 33
27 33 28 33
28 4 31 4
28 7 28 8
28 16 28 8
28 16 31 16
28 16 28 8
28 16 31 16
29 0 29 1
29 0 28 0
29 0 31 0
29 0 29 1
29 0 28 0
29 0 31 0
29 1 29 2
29 1 27 1
29 1 32 1
29 1 29 2
29 2 30 2
29 6 29 15
29 6 27 6
29 6 30 6
29 6 29 15
29 6 27 6
29 6 30 6
29 15 31 15
29 29 29 30
29 29 28 29
29 29 30 29
29 29 29 30
29 29 28 29
29 29 30 29
30 26 30 22
30 26 30 27
31 0 32 0
31 3 31 2
31 3 31 4
31 3 21 3
31 3 32 3
31 15 31 5
31 15 31 16
31 15 32 15
31 16 31 15
31 16 31 18
31 16 32 16
31 31 31 28
31 31 31 32
31 31 28 31
31 31 32 31
31 32 31 31
31 32 31 33
31 32 28 32
31 32 32 32
31 32 31 31
31 32 31 33
31 32 28 32
32 0 32 1
32 0 32 1
32 13 32 5
32 13 32 14
32 13 32 5
33 1 33 4
33 1 32 1
33 1 33 4
33 1 32 1
33 28 33 25
33 28 33 32
33 28 32 28
0 6 0 5
0 6 1 6
0 8 1 8
0 19 0 24
0 29 0 28
0 29 1 29
1 4 0 4
1 8 1 7
1 8 1 9
1 8 2 8
1 8 1 7
1 17 1 10
1 24 1 25
1 24 0 24
1 33 1 32
1 33 3 33
2 7 2 8
2 23 2 22
3 19 9 19
3 33 3 32
3 33 4 33
4 8 4 5
4 22 5 22
4 24 4 25
4 24 6 24
4 28 4 27
4 28 4 29
4 28 1 28
4 28 4 27
4 29 3 29
4 29 7 29
4 29 3 29
5 4 7 4
5 21 5 22
5 22 5 23
6 26 6 27
6 26 0 26
7 4 8 4
7 24 7 23
7 24 7 25
7 24 8 24
7 29 7 30
7 29 10 29
7 29 7 30
7 30 7 31
7 30 2 30
7 30 10 30
8 4 10 4
8 24 8 23
8 24 9 24
9 0 10 0
9 25 9 24
9 25 11 25
10 1 10 2
10 2 14 2
10 24 10 21
10 30 10 29
10 30 10 32
10 30 11 30
10 30 10 32
10 30 11 30
10 33 10 32
10 33 12 33
10 33 10 32
10 33 12 33
11 3 11 4
11 3 12 3
11 4 12 4
11 22 11 20
11 22 11 23
11 22 11 20
11 22 11 23
11 23 13 23
12 3 12 4
12 3 13 3
12 3 12 4
12 3 13 3
12 4 13 4
12 9 12 15
12 21 12 20
13 3 13 4
13 3 14 3
13 4 14 4
13 33 16 33
14 2 14 3
14 2 15 2
14 3 14 4
14 3 15 3
14 4 14 3
14 4 15 4
15 24 15 25
15 24 16 24
15 29 15 30
15 29 13 29
15 29 16 29
16 6 16 15
16 24 16 23
16 24 16 25
16 24 18 24
16 24 16 23
16 25 18 25
16 29 15 29
16 33 19 33
18 5 18 10
18 10 18 11
18 10 19 10
18 11 18 22
18 24 18 22
18 24 19 24
18 24 18 22
19 10 19 7
19 10 19 19
19 10 19 7
19 10 19 19
19 31 19 29
19 31 19 32
19 31 17 31
19 32 19 33
20 4 19 4
20 7 20 12
20 12 20 7
20 12 20 15
20 12 20 15
20 15 20 18
20 30 20 29
21 3 19 3
21 5 21 22
21 5 31 5
21 27 26 27
21 33 20 33
21 33 24 33
22 2 23 2
23 2 23 0
23 2 25 2
23 20 23 21
23 20 22 20
23 20 24 20
24 32 24 31
24 32 25 32
24 32 24 31
25 2 25 0
25 2 27 2
25 32 25 30
25 32 27 32
25 32 25 30
26 6 23 6
26 6 23 6
27 0 27 1
27 0 25 0
27 0 27 1
27 1 27 0
27 1 27 2
27 8 27 10
27 8 28 8
27 8 28 8
27 10 27 11
27 32 27 29
28 7 28 8
28 25 28 24
28 25 27 25
28 25 28 24
28 25 27 25
28 31 28 29
28 31 31 31
28 33 31 33
30 22 27 22
30 22 32 22
30 22 27 22
30 30 30 29
31 3 31 2
31 3 31 4
31 3 32 3
31 15 31 5
31 15 32 15
31 18 32 18
31 28 26 28
31 28 32 28
31 28 26 28
31 28 32 28
31 33 32 33
31 33 32 33
32 1 32 2
32 2 32 3
32 2 32 3
32 3 32 4
32 16 32 17
32 28 32 23
32 28 32 30
32 28 33 28
32 30 32 31
0 5 0 4
0 5 4 5
0 24 0 25
0 28 0 27
0 28 1 28
1 4 0 4
1 6 3 6
1 17 1 10
2 7 2 8
2 9 1 9
2 25 1 25
2 25 4 25
2 25 1 25
2 25 4 25
2 29 2 30
2 29 1 29
2 29 1 29
3 10 1 10
3 10 4 10
3 32 2 32
4 25 5 25
6 26 6 27
6 26 0 26
6 27 5 27
7 22 7 23
7 22 8 22
8 31 7 31
9 5 9 19
10 17 10 16
10 17 10 21
11 20 12 20
11 30 11 29
11 30 11 31
11 30 11 31
12 21 12 20
12 31 12 29
12 31 17 31
12 31 12 29
12 31 17 31
13 20 13 18
13 29 12 29
13 29 15 29
14 3 15 3
16 6 16 15
16 23 16 22
16 33 19 33
19 29 20 29
19 32 19 33
20 0 20 1
20 0 20 1
20 1 20 2
20 2 20 1
20 2 18 2
20 4 19 4
23 10 24 10
24 9 22 9
24 9 22 9
24 30 24 31
24 30 23 30
24 30 24 31
26 29 26 28
26 29 26 31
26 29 27 29
26 31 26 29
27 25 27 24
27 25 25 25
27 29 27 32
27 29 26 29
28 24 28 23
28 24 27 24
28 24 29 24
28 24 28 23
30 27 27 27
30 27 27 27
31 18 32 18
32 23 32 22
32 23 33 23
32 23 32 22
32 30 32 31
32 32 32 33
32 32 33 32
32 32 33 32
33 22 33 18
33 22 33 23
33 22 33 18
33 24 33 25
33 32 33 28
0 25 1 25
0 27 1 27
0 27 1 27
1 28 1 27
1 31 1 32
1 31 2 31
1 31 2 31
2 31 1 31
2 31 5 31
4 18 4 17
5 27 4 27
5 31 7 31
7 17 7 11
7 17 6 17
7 17 7 11
7 17 6 17
9 5 9 19
9 19 9 20
18 3 19 3
19 3 19 4
22 9 22 18
22 18 22 20
22 30 22 31
22 30 22 31
22 31 22 30
25 25 22 25
26 27 26 28
31 18 32 18
33 18 33 11
33 18 32 18
33 24 33 25
1 27 2 27
4 18 4 17
5 17 4 17
7 11 7 10
32 18 32 20
33 8 33 6
4 11 4 10
4 11 4 17
7 10 4 10
33 6 33 4
33 4 32 4
33 4 32 4

4785

      1 3 4 4 6 6 = = = = = = = = = = 6 = = = = 5 2 2 3 4 4 = = = 4 
      | 2 ǁ 2 4 6 3 4 = = = = = = 2   ǁ 2 - 5 = 8 5 ǁ 5 7 4   4 3 6 
2     |   ǁ | 3 3 1 ǁ                 ǁ 1   3 1 ǁ 4 ǁ 3 ǁ 4 5 5 1 ǁ 
ǁ     |   ǁ 2 - - - 7 = = = = = = = = 8 = 5 3   ǁ ǁ ǁ   ǁ 2 ǁ | 4 4 
6 = = 6 = 7 = = 4 6 7 5 = = = = = 5 2 ǁ 1 1 5 = 8 5 ǁ 3 6 4 ǁ |   1 
6 - 2 | 2 |       ǁ | |           1   ǁ | 1 5 1 ǁ 1 ǁ 2 | | ǁ 2     
4     | ǁ |       ǁ | |           2   ǁ 5 = 6 = 5   6 3 | | ǁ |     
4 = = 7 6 |       2 2 4 = = = = = 4   ǁ 6 = 5 3 7 3 ǁ   | 4 6 3     
|     1 2 |                           ǁ 6 2 1 3 4 | ǁ   | | | 2     
2       | 6 = = = = = = = = = = = = = 5 5       3 5 ǁ   | | |       
1 3 4 6 3 ǁ                   1 2 4 - - - 2 - - 4 ǁ ǁ   | 2 6 = 5 4 
  ǁ | 6 3 ǁ                       ǁ     3 = 5 5 8 4 ǁ   | 1 5 2 | ǁ 
2 ǁ | 6 4 ǁ       3 - - - - - 4 4 8 3   3 4 5 | ǁ   ǁ   | 3 = 4 | 2 
| ǁ | 4 3 ǁ       ǁ 2   2       4 ǁ 1 - 5 = 8 3 ǁ   ǁ   | 3   ǁ | 1 
| ǁ 4 6 4 ǁ   2 = 8 7 - 3       2 ǁ     ǁ 1 4   ǁ   ǁ   | ǁ   ǁ | | 
| ǁ 5 5 3 ǁ       2 2         4 - 7 - 5 8 = 5 - 7 2 ǁ   | 5 1 ǁ | | 
| ǁ 2 2 1 ǁ 2 = = = = = = = = 3   5 2 3 5 3 5 4 6 2 ǁ   | 2   ǁ | 3 
5 8 = = = 6                                 |   | | 6 = 6 = = 5 | ǁ 
| | 2 5 = 8 = = = = 4 2 - - - - - - - - - - 5 = 4 1 ǁ 1 |     | | ǁ 
| | | 5 3 ǁ   2 = = 5 = = = = = = = = 5 1     2 3 3 ǁ | | 3 - 6 7 5 
3 5 5 ǁ 2 ǁ   3 = = = = 4 = = 3 - - 1 2       3 3   ǁ | | 5 2 ǁ 2 3 
    6 8 = 8 = = = = = = = = = = = = = = = = 7 - 7 3 ǁ 3 | | 2 8 6 6 
    4 ǁ   ǁ       3 - - - - - - - - 3 - 3     1 | 1 ǁ ǁ | | 3 5 | ǁ 
1 - 4 ǁ   ǁ 2     ǁ 1               |   5 1     | | ǁ ǁ | | 1   | ǁ 
    | ǁ   ǁ ǁ     2 3               | 2 5   6 4 | | ǁ ǁ | | 4 4 4 4 
2 - 4 ǁ 1 ǁ ǁ       ǁ               | | 4     4 | 2 ǁ ǁ | | 2 = 4 ǁ 
|   ǁ ǁ | ǁ 4 = = = 8 = = = = = = = 6 7 6   4 3 | | ǁ 3 5 7 = 3 | ǁ 
4 6 5 ǁ | ǁ 2   4 = 6 2             | 2   1 4 3 5 4 ǁ 2 ǁ 4 = = 6 6 
2 | 1 ǁ 2 ǁ ǁ 2 6 = = = = = = = 4   | 2 5 4 ǁ 2 6 4 ǁ ǁ ǁ 3 - 3 2 3 
6 6 3 ǁ | ǁ 6 = = = = = = = = 3 ǁ   | 3 5 4 ǁ   2   ǁ ǁ ǁ 6 2 ǁ ǁ | 
ǁ | 1 ǁ | ǁ 2                 | ǁ   |       4 - - - 4 3 ǁ 3 1 ǁ ǁ | 
3 | 2 8 5 7 = = = = = = = = = 7 6 - 5       |           5 - - 7 8 5 
3 6 3 5 3 3 = = = = = = = 3 1 2 2 1 5 - 2 1 3 4 - - - - 6 - 3 3 4 3 
  4 = = 5 - 2 - 1     1 - - - - - - 4 = = = 4 2 2 3 - - 5 = = = 4 1 
