34 34
2 0 0 0 0 3 2 5 0 0 2 2 4 0 0 0 0 0 0 0 0 0 3 0 0 0 0 0 0 0 0 0 0 2 
3 5 0 3 3 6 0 5 0 0 0 0 0 0 0 0 0 0 0 0 0 0 0 0 0 0 0 0 0 0 0 0 0 4 
2 0 0 0 0 0 1 0 3 0 0 0 0 0 0 0 0 0 0 0 0 0 0 5 0 0 0 0 0 2 2 0 2 0 
0 0 2 0 0 0 0 0 0 2 3 0 0 4 0 4 3 2 3 0 2 0 0 0 1 4 0 5 3 0 4 2 0 0 
0 0 0 0 0 0 0 0 0 3 0 0 0 7 1 3 0 1 3 1 0 0 0 0 1 4 1 3 0 0 2 1 0 0 
4 5 6 0 0 0 3 0 3 0 2 3 1 4 1 0 2 0 0 0 3 0 0 6 0 0 0 0 0 0 0 0 3 0 
0 0 0 0 0 0 0 0 0 5 0 4 2 4 4 0 2 0 0 0 0 4 0 5 0 0 0 2 2 4 3 1 0 0 
0 0 0 0 0 0 0 0 0 2 2 3 1 0 3 0 2 0 3 0 0 4 4 4 0 0 0 0 3 0 3 3 0 0 
0 0 0 0 0 1 0 0 4 0 0 0 0 5 3 2 0 0 0 0 0 0 0 0 0 0 0 0 0 4 0 0 4 0 
0 0 0 0 5 2 0 0 4 0 4 0 0 0 0 0 3 0 0 0 0 0 0 0 0 0 0 0 0 4 2 1 0 0 
0 0 0 0 3 2 0 0 2 2 3 0 1 1 0 3 0 0 0 2 4 0 0 0 0 0 0 0 0 0 0 0 5 0 
0 0 0 0 5 4 0 0 1 5 3 0 0 0 0 4 0 0 0 5 5 0 1 2 4 2 0 0 0 3 1 2 0 0 
0 0 0 0 0 0 0 0 0 2 1 2 0 0 0 5 0 4 2 0 3 0 0 0 5 1 0 0 0 0 0 0 0 0 
0 0 0 0 5 0 5 0 3 0 0 0 0 0 0 0 0 0 0 8 0 0 0 0 0 0 0 0 0 4 5 4 0 3 
0 0 0 0 0 2 0 0 1 0 3 0 0 0 0 0 0 3 0 5 4 3 3 3 0 3 0 1 1 0 0 1 0 0 
0 0 0 0 0 0 0 5 0 0 0 0 0 0 4 0 0 0 0 0 0 0 0 0 0 6 0 5 4 0 0 0 0 0 
0 0 0 0 6 5 0 0 1 4 0 0 0 0 0 0 0 0 3 0 2 0 2 3 4 4 1 2 2 0 0 0 0 0 
0 0 4 0 0 0 0 3 0 5 0 0 0 0 0 0 0 0 0 0 0 0 0 0 0 0 0 0 0 6 7 3 0 0 
2 0 4 0 0 0 0 0 1 0 2 3 2 3 0 2 0 0 3 3 2 2 0 4 1 2 5 2 1 3 0 2 0 0 
2 0 0 0 5 4 0 3 3 6 0 6 0 0 0 0 0 0 7 0 0 0 0 5 6 4 7 0 0 4 0 3 0 0 
2 5 5 0 2 4 0 0 0 4 2 0 1 3 0 0 1 0 0 0 0 1 0 0 5 1 0 1 2 0 3 4 0 0 
1 2 3 0 2 5 0 4 3 3 2 4 1 4 0 0 0 0 6 0 0 0 0 0 7 4 7 7 5 0 1 0 0 0 
4 3 1 0 2 3 0 2 4 4 2 4 1 3 0 0 3 1 3 0 0 0 4 4 3 2 4 2 1 0 0 0 0 0 
0 2 0 5 0 0 5 0 0 0 0 0 0 0 0 0 0 0 0 0 0 0 0 0 0 0 0 0 0 4 2 0 0 0 
0 1 2 7 4 1 0 2 4 0 0 0 0 0 0 0 0 0 0 0 0 0 0 0 0 0 0 0 0 0 0 4 0 0 
3 5 0 6 6 4 0 2 0 1 4 4 0 0 5 0 0 0 0 3 0 0 0 0 0 0 0 0 0 0 0 0 0 0 
0 0 2 0 0 4 0 0 0 0 3 1 2 3 0 3 0 2 1 0 0 0 0 0 0 0 0 0 0 0 0 0 0 0 
0 0 0 0 5 5 0 4 5 4 3 2 2 0 0 5 4 0 0 5 0 0 0 0 0 0 0 0 0 0 0 3 0 0 
2 0 3 0 0 1 0 0 0 0 3 0 6 4 3 1 2 2 0 0 3 0 0 0 0 0 0 4 0 5 2 0 0 0 
2 0 0 0 0 1 0 4 5 0 3 1 0 3 3 0 2 2 0 0 4 0 0 0 0 0 0 6 1 0 1 0 0 0 
3 0 4 5 6 5 0 4 6 4 0 0 5 4 0 0 3 0 0 6 0 0 0 0 3 3 0 4 1 0 1 0 0 0 
0 0 1 3 3 2 0 2 2 3 1 1 3 4 0 0 0 0 0 5 0 0 0 0 0 3 0 0 0 5 5 2 0 0 
5 6 0 0 0 0 6 0 0 0 0 0 0 0 0 0 0 0 0 0 0 0 0 0 0 0 0 0 0 0 0 0 6 4 
4 6 0 0 4 2 3 3 0 0 0 0 2 1 1 0 0 0 0 0 0 0 0 0 0 0 0 0 0 0 0 0 4 3 
400 425
0 7 0 6
0 7 0 10
0 7 1 7
1 1 1 0
1 1 1 3
1 1 5 1
2 23 2 8
2 23 2 29
2 23 5 23
3 27 3 25
3 27 3 28
3 27 4 27
4 13 4 9
4 13 4 14
4 13 3 13
4 13 5 13
6 9 6 11
6 9 4 9
6 9 7 9
9 4 9 5
9 4 1 4
9 4 10 4
10 32 10 20
10 32 8 32
10 32 32 32
11 4 11 5
11 4 10 4
11 4 13 4
13 19 13 8
13 19 13 29
13 19 11 19
13 19 14 19
13 19 13 8
13 19 13 29
13 19 11 19
13 19 14 19
15 7 15 14
15 7 1 7
15 7 17 7
16 4 16 5
16 4 13 4
16 4 19 4
16 4 16 5
16 4 13 4
16 4 19 4
17 2 5 2
17 2 18 2
17 2 5 2
17 2 18 2
17 30 17 29
17 30 17 31
17 30 13 30
17 30 20 30
18 2 18 0
18 2 20 2
19 18 19 11
19 18 19 23
19 18 18 18
19 18 21 18
19 26 19 25
19 26 19 29
19 26 18 26
19 26 21 26
20 1 20 0
20 1 20 2
20 1 21 1
20 21 20 24
21 24 21 18
21 24 21 25
21 24 20 24
21 24 22 24
21 27 21 26
21 27 21 28
21 27 20 27
21 27 22 27
22 22 22 18
22 22 22 23
22 22 22 18
22 22 22 23
22 23 22 24
24 3 24 2
24 3 24 4
24 3 23 3
24 3 25 3
25 14 25 11
25 14 25 19
25 14 28 14
26 18 26 17
27 4 27 5
27 4 25 4
27 4 30 4
27 15 27 16
27 15 26 15
27 15 28 15
31 19 31 13
31 19 31 25
31 19 30 19
31 29 31 25
31 29 31 30
31 29 28 29
31 30 31 29
31 30 31 31
31 30 30 30
32 0 32 1
32 0 30 0
32 0 33 0
33 0 33 1
33 0 32 0
33 0 33 1
33 1 33 4
33 1 32 1
0 12 0 11
0 12 0 22
0 12 0 11
0 12 0 22
0 22 0 33
0 33 1 33
1 33 1 7
1 33 13 33
1 33 1 7
3 2 5 2
4 13 4 9
4 13 3 13
4 13 5 13
5 10 5 11
6 9 6 11
6 9 7 9
7 22 7 21
7 22 7 23
7 22 7 21
7 22 7 23
7 23 7 28
7 23 6 23
12 15 12 11
12 15 12 17
12 15 11 15
12 24 12 20
12 24 12 25
12 24 11 24
13 6 13 4
13 6 5 6
13 6 23 6
13 33 32 33
14 5 16 5
15 14 15 7
15 14 15 25
15 14 15 25
15 25 15 27
15 25 14 25
15 25 16 25
15 25 15 27
19 0 18 0
19 0 20 0
21 5 21 4
21 5 20 5
21 5 22 5
21 27 21 26
21 27 21 28
21 27 22 27
22 23 22 24
22 26 22 25
22 26 21 26
22 26 22 25
22 26 21 26
29 30 28 30
31 30 31 29
31 31 27 31
33 1 33 4
33 1 32 1
33 4 33 5
33 4 31 4
0 10 0 7
3 2 5 2
3 9 3 10
3 13 3 10
3 13 3 15
3 15 3 16
3 15 4 15
3 15 3 16
5 0 5 1
5 0 2 0
5 0 5 1
5 0 2 0
5 2 5 1
5 10 5 11
7 21 7 18
7 21 6 21
11 5 11 4
11 5 10 5
11 5 11 4
13 4 13 6
13 33 32 33
14 5 16 5
14 20 14 19
14 20 14 21
14 20 14 19
14 20 14 21
14 21 14 22
14 22 14 23
16 5 19 5
19 5 19 4
19 5 20 5
19 5 19 4
20 5 20 4
20 5 21 5
21 24 21 18
21 24 21 25
21 24 20 24
21 25 21 26
21 25 20 25
21 26 19 26
32 6 32 32
32 6 23 6
32 6 33 6
32 6 32 32
32 6 23 6
32 6 33 6
32 32 32 33
32 32 10 32
32 32 33 32
32 33 33 33
33 32 33 14
33 32 33 33
33 32 33 33
3 9 3 10
4 19 4 18
5 2 5 1
5 6 2 6
5 6 13 6
6 21 6 16
6 21 6 23
6 21 6 16
12 17 12 15
12 17 12 18
12 17 12 18
14 19 14 17
14 22 14 23
14 23 14 25
14 25 14 27
14 28 15 28
15 28 15 27
15 28 16 28
15 28 15 27
19 4 20 4
20 2 20 1
20 2 21 2
20 24 19 24
20 24 19 24
21 18 21 13
21 18 19 18
21 18 22 18
22 17 22 16
26 5 25 5
26 5 27 5
26 5 25 5
26 5 27 5
30 5 30 4
30 5 29 5
30 5 31 5
33 13 33 12
1 1 1 0
1 1 1 3
7 18 7 16
14 17 14 10
15 27 16 27
19 24 19 23
19 24 19 25
19 24 18 24
19 24 19 23
19 25 19 26
19 25 18 25
20 2 20 1
20 16 20 13
22 16 22 13
25 5 25 4
25 5 24 5
28 5 27 5
33 12 33 7
1 0 0 0
7 18 7 16
14 10 14 8
14 10 14 17
16 24 16 23
16 24 16 25
16 24 16 23
16 24 16 25
16 25 16 26
18 25 18 26
18 26 18 27
18 26 19 26
18 26 18 27
19 29 18 29
19 29 23 29
19 29 18 29
20 28 21 28
21 28 20 28
21 28 22 28
22 16 22 13
25 4 25 3
25 4 24 4
25 4 27 4
25 4 25 3
27 5 27 4
30 4 30 3
30 4 30 5
30 4 31 4
30 4 30 3
30 5 31 5
31 4 31 3
33 5 33 6
0 0 0 5
13 8 11 8
16 27 16 28
18 28 18 29
24 4 24 3
24 4 22 4
25 3 25 1
25 3 24 3
25 3 30 3
26 2 28 2
11 9 11 10
11 9 10 9
11 9 12 9
17 29 17 9
17 29 17 30
17 29 13 29
17 29 17 9
17 29 17 30
18 23 18 21
18 23 19 23
18 23 18 21
18 23 19 23
19 18 19 11
19 18 18 18
22 5 22 4
22 5 21 5
23 6 23 29
26 2 28 2
13 29 13 30
16 23 16 22
18 20 18 19
19 11 19 9
19 11 18 11
19 11 21 11
19 11 19 9
21 4 21 2
23 3 23 1
23 3 24 3
23 3 23 1
23 6 23 29
23 29 23 30
24 2 24 1
25 1 25 0
25 1 32 1
28 2 30 2
28 29 28 27
28 29 28 30
28 29 28 27
30 2 30 3
30 2 31 2
30 2 30 3
1 3 1 4
16 22 16 20
18 19 18 18
18 19 18 20
19 9 19 8
19 9 17 9
19 9 20 9
19 9 19 8
20 9 20 10
20 9 21 9
20 9 20 10
23 30 21 30
25 1 25 0
25 1 32 1
28 27 28 20
28 27 29 27
29 27 29 20
29 27 29 28
29 27 30 27
30 28 30 27
32 1 32 0
16 20 16 18
18 10 18 11
18 15 18 13
29 27 29 20
29 27 30 27
30 0 29 0
30 27 30 25
16 18 16 9
18 10 18 11
18 12 18 13
18 15 18 13
28 0 25 0
28 0 29 0
29 20 29 17
29 20 28 20
30 19 30 16
30 19 30 24
30 19 31 19
30 19 30 16
30 19 30 24
30 24 30 25
30 25 31 25
31 19 31 13
16 18 16 9
22 0 22 1
22 0 21 0
22 0 22 1
22 0 22 1
22 2 21 2
27 19 27 16
27 19 27 31
27 19 25 19
28 20 28 17
31 13 31 12
31 13 30 13
16 9 16 8
16 9 17 9
17 9 17 7
18 8 19 8
26 17 26 15
26 15 27 15
27 15 27 16
27 16 27 19

5904

2 - - - - 3 2 5 = = 2 2 4 = = = = = = = = = 3 - - - - - - - - - - 2 
3 5 = 3 3 6   5 = = = = = = = = = = = = = = = = = = = = = = = = = 4 
2 |     |   1 | 3 - - - - - - - - - - - - - - 5 - - - - - 2 2   2 | 
ǁ | 2   |   | |   2 3 - - 4 - 4 3 2 3   2     | 1 4 - 5 3   4 2   | 
ǁ | ǁ   |   | |   3 = = = 7 1 3   1 3 1       | 1 4 1 3     2 1   | 
4 5 6   |   3 | 3 | 2 3 1 4 1   2       3     6                 3 | 
    ǁ   |   ǁ |   5 = 4 2 4 4   2 = = = = 4 - 5       2 2 4 3 1   | 
    ǁ   |   ǁ |   2 2 3 1   3   2 = 3 - - 4 4 4 - - - - 3   3 3   | 
    ǁ   | 1 ǁ | 4         5 3 2                           4     4 | 
    ǁ   5 2 ǁ | 4   4           3                         4 2 1 | | 
    ǁ   3 2 ǁ | 2 2 3   1 1   3       2 4 - - - - - - - - - - - 5 | 
    ǁ   5 4 ǁ | 1 5 3         4       5 5   1 2 4 2       3 1 2 ǁ | 
    ǁ   |   ǁ | | 2 1 2 - - - 5 = 4 2 ǁ 3 - - - 5 1             ǁ | 
    ǁ   5 = 5 | 3 = = = = = = = = = = 8 = = = = = = = = = 4 5 4 ǁ 3 
    ǁ   ǁ 2 | | 1 - 3 = = = = = = 3 - 5 4 3 3 3 - 3 - 1 1 | | 1 ǁ ǁ 
    ǁ   ǁ ǁ | 5 = = = = = = 4 = = = = = = = = = = 6 = 5 4 | |   ǁ ǁ 
    ǁ   6 5 | | 1 4 = = = = = = = = 3 - 2 - 2 3 4 4 1 2 2 | |   ǁ ǁ 
    4   ǁ | | 3 - 5 = = = = = = = = = = = = = = = = = = = 6 7 3 ǁ ǁ 
2 - 4   ǁ | |   1 | 2 3 2 3 = 2     3 3 2 2 = 4 1 2 5 2 1 3 | 2 ǁ ǁ 
2   |   5 4 | 3 3 6 = 6 = = = = = = 7 - - - - 5 6 4 7 - - 4 | 3 ǁ ǁ 
2 5 5   2 4 |     4 2 | 1 3 - - 1   ǁ     1 - - 5 1 ǁ 1 2 | 3 4 ǁ ǁ 
1 2 3 - 2 5 | 4 3 3 2 4 1 4 - - - - 6 = = = = = 7 4 7 7 5 | 1   ǁ ǁ 
4 3 1   2 3 | 2 4 4 2 4 1 3 = = 3 1 3 = = = 4 4 3 2 4 2 1 | |   ǁ ǁ 
  2 = 5 |   5 = = = = = = = = = = = = = = = = = = = = = = 4 2   ǁ ǁ 
  1 2 7 4 1 ǁ 2 4                                             4 ǁ ǁ 
3 5 - 6 6 4 ǁ 2   1 4 4 - - 5 - - - - 3                         ǁ ǁ 
| ǁ 2 | ǁ 4 ǁ       3 1 2 3 | 3 - 2 1 |                         ǁ ǁ 
| ǁ ǁ | 5 5 ǁ 4 5 4 3 2 2   | 5 4 = = 5 - - - - - - - - - - - 3 ǁ ǁ 
2 ǁ 3 | | 1 ǁ       3   6 4 3 1 2 2 - - 3 - - - - - - 4 = 5 2 | ǁ ǁ 
2 ǁ | | | 1 ǁ 4 5   3 1   3 3   2 2 - - 4 = = = = = = 6 1 | 1 | ǁ ǁ 
3 ǁ 4 5 6 5 ǁ 4 6 4     5 4     3 = = 6 = = = = 3 3 - 4 1 | 1 | ǁ ǁ 
| ǁ 1 3 3 2 ǁ 2 2 3 1 1 3 4 = = = = = 5 - - - - - 3 - - - 5 5 2 ǁ ǁ 
5 6     |   6 = = = = = = = = = = = = = = = = = = = = = = = = = 6 4 
4 6 = = 4 2 3 3 - - - - 2 1 1 - - - - - - - - - - - - - - - - - 4 3 
