34 34
2 0 0 5 0 0 0 0 0 0 0 0 0 0 0 0 3 0 2 2 0 0 0 0 3 0 0 0 0 0 4 2 2 1 
2 0 0 7 0 0 0 0 0 0 5 0 0 0 0 0 0 0 0 0 0 0 0 0 0 0 0 0 0 0 4 1 3 2 
3 2 0 7 0 0 0 0 1 2 0 1 0 2 1 0 0 0 0 0 0 5 0 0 0 2 0 2 0 3 3 2 0 0 
4 2 0 6 4 3 3 2 5 3 0 2 0 5 0 0 0 0 0 0 0 6 0 0 0 0 0 0 0 5 2 1 0 0 
4 0 0 0 0 0 6 0 6 2 0 4 1 3 2 0 0 0 0 0 0 6 0 0 0 0 2 4 1 0 1 0 4 4 
0 1 0 3 2 1 0 2 4 2 0 2 2 5 0 1 1 2 0 0 0 4 0 1 1 0 0 4 1 0 3 4 0 0 
0 3 0 5 0 0 3 0 0 0 7 0 0 0 0 0 0 0 0 0 0 0 0 0 0 0 0 0 0 6 0 0 0 0 
0 0 1 2 1 2 4 2 2 2 0 4 0 0 5 2 2 0 0 0 0 3 2 1 4 0 0 5 2 0 0 0 0 1 
0 0 0 4 0 0 7 4 6 3 0 0 0 0 1 3 0 0 4 3 1 0 0 0 0 0 1 0 0 0 0 0 0 0 
0 4 4 0 0 0 0 2 4 2 0 4 0 0 1 0 2 0 4 0 0 6 5 3 0 0 2 0 0 0 0 0 0 0 
0 3 1 0 0 0 0 0 2 0 0 0 0 0 0 0 1 1 3 3 1 0 0 0 0 0 0 0 0 0 0 0 0 0 
0 3 0 5 3 2 0 0 0 0 0 0 2 0 0 6 0 3 0 0 0 7 0 0 7 5 4 0 0 0 0 0 0 0 
0 0 0 4 2 0 0 6 8 3 0 0 2 0 0 5 3 2 0 1 1 0 0 0 0 3 0 0 0 0 0 0 0 0 
0 2 3 0 0 0 0 0 2 1 0 0 1 0 0 4 4 2 0 0 0 0 0 0 0 3 0 0 0 0 0 0 0 0 
0 0 0 1 0 0 0 6 0 0 7 6 6 2 0 0 2 0 0 4 2 0 0 0 0 0 0 0 0 0 0 0 0 1 
0 1 0 0 0 0 0 0 3 1 0 1 3 1 0 0 0 0 0 0 0 0 0 0 0 3 0 0 0 0 0 2 0 0 
0 0 0 0 0 0 0 2 4 0 6 0 0 0 0 5 4 0 1 1 0 0 0 2 0 0 2 0 0 0 0 0 0 0 
0 0 0 0 0 0 0 4 0 0 7 4 0 3 0 4 2 0 0 0 0 0 0 0 0 0 1 0 0 0 0 0 0 0 
4 0 5 0 1 0 0 0 3 2 0 2 0 3 1 2 1 0 0 0 0 0 0 0 0 0 0 0 0 0 0 0 0 0 
3 2 0 1 0 0 0 4 4 2 0 0 0 0 0 3 0 2 0 0 0 0 0 0 0 0 0 0 0 0 0 0 0 0 
4 0 0 5 1 0 0 5 0 0 6 0 0 0 0 0 0 0 0 0 0 7 0 4 5 7 5 4 3 0 5 0 6 3 
0 3 4 2 0 0 0 3 0 0 4 0 2 1 2 0 0 0 0 0 0 5 4 5 4 3 3 1 1 0 0 0 3 1 
0 3 5 0 0 0 6 0 0 0 0 0 0 0 0 0 0 0 0 0 0 0 0 0 0 0 0 0 0 7 7 0 5 3 
0 2 0 1 1 0 0 2 1 0 2 0 4 0 0 0 0 6 0 0 0 6 0 0 2 2 3 2 2 0 0 1 2 0 
0 0 4 5 5 2 0 0 2 0 0 0 6 0 0 2 2 6 3 3 1 0 1 3 0 0 6 4 3 0 2 2 0 0 
0 0 2 1 1 0 4 4 1 2 0 0 5 0 0 0 0 3 2 3 2 0 2 2 0 0 0 0 0 0 3 4 0 2 
0 5 0 0 0 0 5 0 0 0 0 0 0 0 0 0 0 0 0 0 0 6 0 0 0 0 5 1 0 0 3 3 0 1 
0 0 2 6 3 1 0 1 0 0 3 0 0 0 0 0 0 0 0 0 0 5 2 1 0 0 3 3 3 0 1 0 0 2 
0 0 3 8 0 0 7 0 0 0 0 0 0 0 0 0 0 0 0 0 0 0 0 0 0 0 0 0 0 5 0 4 0 0 
0 0 1 3 1 0 0 4 0 3 2 3 2 5 0 0 0 4 0 0 0 2 0 1 0 0 0 0 0 0 2 4 0 0 
0 0 1 0 0 0 4 4 0 0 1 0 2 3 1 0 0 3 0 0 0 0 0 0 0 0 0 0 0 6 0 5 0 0 
4 6 0 0 0 0 0 0 0 3 0 6 0 0 0 0 0 0 0 0 0 0 0 0 0 0 3 2 1 0 1 2 5 4 
4 6 0 0 0 0 0 4 0 0 0 0 0 0 4 0 0 0 0 0 0 0 0 0 0 0 0 0 0 6 5 3 2 3 
1 2 2 3 0 3 0 6 0 0 0 0 3 3 5 0 0 0 0 0 0 0 3 0 0 0 0 1 0 1 2 4 2 2 
400 420
0 3 0 0
0 3 0 16
0 3 1 3
1 10 1 3
1 10 1 30
1 10 6 10
2 3 2 1
2 3 2 8
2 3 1 3
2 3 3 3
2 9 3 9
2 21 2 14
2 21 2 25
2 21 3 21
3 8 3 7
3 8 3 9
3 8 4 8
6 29 6 10
6 29 3 29
6 29 22 29
6 29 6 10
6 29 3 29
6 29 22 29
7 14 7 11
7 14 7 15
7 14 8 14
7 27 7 24
7 27 7 28
7 27 20 27
8 6 8 3
8 6 8 7
8 6 7 6
8 6 22 6
11 21 11 17
11 21 11 24
11 21 9 21
11 21 20 21
11 25 11 24
11 25 11 26
11 25 12 25
12 7 12 8
12 7 9 7
12 7 14 7
12 7 12 8
12 7 9 7
12 7 14 7
12 8 12 9
12 8 10 8
12 8 13 8
14 7 14 10
14 7 16 7
14 7 14 10
14 7 16 7
14 10 14 11
14 10 6 10
14 10 16 10
17 7 17 10
17 7 19 7
17 7 17 10
17 7 19 7
17 10 17 11
17 10 16 10
17 10 20 10
19 7 19 8
19 7 20 7
20 7 20 10
20 7 21 7
20 7 20 10
20 7 21 7
20 10 20 21
20 10 17 10
20 10 21 10
20 21 20 23
20 21 11 21
20 21 21 21
20 25 20 24
20 25 20 26
20 25 15 25
20 25 21 25
20 30 20 32
20 30 5 30
20 30 22 30
22 29 22 6
22 29 22 30
22 29 28 29
23 17 23 12
23 17 23 21
23 17 24 17
23 17 23 12
23 17 23 21
23 17 24 17
23 21 23 24
23 21 26 21
23 21 23 24
23 21 26 21
23 25 23 26
24 17 24 16
24 17 24 18
24 17 25 17
24 17 24 16
26 1 26 6
26 1 23 1
26 1 31 1
26 21 26 6
26 21 26 26
26 21 27 21
26 21 26 6
27 3 27 2
27 3 27 4
27 3 28 3
27 3 27 2
27 3 27 4
27 3 28 3
28 2 28 3
28 2 29 2
28 2 28 3
28 3 28 6
28 3 29 3
29 13 29 12
29 13 29 17
29 13 30 13
30 31 30 29
30 31 29 31
30 31 31 31
31 11 31 9
31 11 31 26
31 11 29 11
31 11 31 9
31 11 31 26
31 11 29 11
33 7 33 5
33 7 33 12
33 7 32 7
33 7 33 5
33 7 33 12
33 7 32 7
33 12 33 13
33 13 33 14
2 3 2 1
2 3 1 3
2 3 3 3
2 9 3 9
2 21 2 25
2 21 3 21
3 3 3 1
3 3 3 4
3 3 5 3
3 3 3 1
3 4 3 5
3 4 5 4
3 4 3 5
3 8 3 7
3 8 4 8
3 21 3 13
3 21 3 29
3 21 4 21
3 21 3 13
4 0 3 0
4 0 18 0
4 0 3 0
4 0 18 0
4 6 4 8
4 6 3 6
4 6 6 6
4 6 4 8
4 6 3 6
4 6 6 6
4 21 4 14
4 21 4 26
4 21 5 21
4 21 4 14
4 21 4 26
4 27 4 28
4 27 5 27
4 27 5 27
4 27 5 27
5 13 5 12
5 13 5 15
5 13 4 13
5 16 5 17
5 17 5 21
5 21 5 23
5 24 5 27
7 11 7 14
7 11 9 11
7 11 9 11
7 14 7 15
9 11 9 14
9 11 14 11
9 22 9 21
9 22 9 23
9 22 7 22
12 8 12 9
12 8 10 8
12 8 13 8
13 9 12 9
14 11 14 10
14 11 14 12
14 11 15 11
15 9 15 8
15 31 5 31
16 8 16 10
16 8 15 8
16 8 16 10
16 8 15 8
16 10 16 15
16 10 14 10
16 23 20 23
17 10 17 11
17 11 17 13
17 11 18 11
18 0 18 2
18 0 19 0
18 11 18 13
19 8 19 9
19 8 18 8
19 8 19 9
20 21 20 23
20 21 21 21
21 7 21 10
21 10 21 12
21 22 21 21
21 22 21 23
21 22 21 21
21 22 21 23
23 12 23 10
23 12 24 12
23 25 23 26
24 12 24 8
24 12 24 15
24 12 25 12
24 12 24 8
24 12 24 15
25 12 25 9
25 12 25 17
25 12 25 9
25 12 25 17
27 4 27 5
28 3 28 6
28 3 29 3
28 6 28 29
28 6 26 6
28 6 30 6
29 4 29 3
29 7 29 9
29 7 30 7
29 7 29 9
29 7 30 7
31 26 31 27
33 5 33 3
33 13 33 14
2 27 2 29
3 0 2 0
3 0 2 0
3 6 3 5
6 10 6 6
6 10 1 10
8 26 9 26
9 8 9 9
9 8 8 8
9 8 9 9
9 8 8 8
14 11 14 12
14 12 14 13
14 12 13 12
14 12 15 12
14 12 14 13
15 1 13 1
15 12 15 13
15 31 5 31
16 23 20 23
18 8 18 9
18 9 18 8
21 10 21 12
21 13 21 14
21 14 21 21
21 23 21 24
23 10 23 8
25 8 25 7
27 7 27 10
27 10 27 21
33 3 33 2
33 3 33 2
2 0 1 0
2 27 2 29
5 7 5 8
5 31 5 30
5 31 3 31
6 3 6 1
6 3 5 3
6 3 7 3
8 8 8 7
8 8 8 9
8 8 7 8
8 8 8 7
8 9 7 9
8 9 7 9
21 23 21 24
25 7 25 6
25 7 23 7
25 7 25 6
27 10 27 21
27 21 27 22
30 2 30 6
30 6 30 7
30 6 28 6
30 7 30 10
31 9 31 1
32 7 32 1
32 7 32 14
32 14 32 29
32 14 33 14
32 14 32 29
32 29 32 30
32 29 30 29
32 29 33 29
32 29 32 30
33 14 33 22
33 14 33 22
33 22 33 27
5 7 5 8
5 8 5 9
5 8 4 8
5 9 4 9
7 8 7 7
8 7 8 6
21 23 21 24
21 24 21 25
23 7 23 4
24 4 24 3
24 4 24 5
24 4 25 4
24 5 24 4
25 6 26 6
26 1 23 1
26 1 31 1
27 21 27 22
27 23 27 26
28 6 28 29
29 9 29 10
29 10 29 11
30 29 30 17
30 29 30 31
30 29 28 29
30 29 30 17
31 27 31 28
32 1 32 0
32 1 31 1
32 1 33 1
32 1 32 0
32 1 31 1
33 1 33 0
4 8 4 9
7 7 7 6
11 5 11 4
20 24 20 25
20 24 11 24
20 24 20 25
20 24 11 24
22 6 22 2
22 6 22 29
22 6 8 6
22 6 22 2
23 3 24 3
24 4 24 3
29 23 29 21
31 1 31 0
32 0 31 0
32 0 31 0
7 6 7 5
7 6 8 6
8 3 7 3
8 3 11 3
8 3 11 3
11 5 11 4
29 21 29 17
31 0 20 0
6 3 6 1
6 3 5 3
7 2 9 2
9 2 9 1
9 2 10 2
9 2 9 1
20 0 20 3
20 0 19 0
20 0 20 3
29 17 29 13
29 17 30 17
30 14 30 13
5 1 6 1
9 1 10 1
9 1 10 1
10 1 11 1
18 2 18 4
18 2 13 2
18 2 13 2
19 0 19 1
19 1 19 3
20 3 20 4
20 3 21 3
20 3 21 3
21 2 21 1
21 2 22 2
21 2 21 1
21 2 22 2
30 12 30 13
30 12 29 12
13 2 13 1
14 3 12 3
21 1 22 1
22 1 22 2
24 2 24 3
24 2 25 2
24 2 24 3
24 2 25 2
11 1 11 3
11 1 11 3
12 3 12 4
12 3 11 3
12 3 12 4

4815

2 - - 5 - - - - - - - - - - - - 3   2 2         3           4 2 2 1 
2     7 - - - - - - 5 - - - - - - - - - - - - - - - - - - - 4 1 3 2 
3 2 = 7 - - - - 1 2 ǁ 1   2 1 - - - - - - 5 = = = 2   2 = 3 3 2     
4 2 = 6 4 3 3 2 5 3 ǁ 2   5 = = = = = = = 6 - - - - - - - 5 2 1     
4     | |   6 = 6 2 ǁ 4 1 3 2 = = = = = = 6 = = = = 2 4 1 ǁ 1 | 4 4 
ǁ 1   3 2 1 ǁ 2 4 2 ǁ 2 2 5 - 1 1 2 - - - 4 - 1 1 - - 4 1 ǁ 3 4     
ǁ 3 = 5     3 - - - 7 = = = = = = = = = = = = = = = = = = 6 | ǁ     
ǁ   1 2 1 2 4 2 2 2 | 4 = = 5 2 2         3 2 1 4 - - 5 2 ǁ | ǁ   1 
ǁ   | 4 - - 7 4 6 3 | ǁ     1 3     4 3 1   |       1 |   ǁ | ǁ     
ǁ 4 4 ǁ     ǁ 2 4 2 | 4 - - 1   2   4     6 5 3     2 |   ǁ | ǁ     
ǁ 3 1 ǁ     ǁ ǁ 2   | |         1 1 3 3 1 |           |   ǁ | ǁ     
ǁ 3 = 5 3 2 ǁ ǁ ǁ   | | 2     6   3 - - - 7 - - 7 5 4 |   ǁ | ǁ     
ǁ     4 2   ǁ 6 8 3 | | 2     5 3 2   1 1 ǁ     ǁ 3   |   ǁ | ǁ     
ǁ 2 3 |     ǁ ǁ 2 1 | | 1     4 4 2       ǁ     ǁ 3   |   ǁ | ǁ     
ǁ | ǁ 1     ǁ 6 = = 7 6 6 2     2     4 2 ǁ     ǁ     |   ǁ | ǁ   1 
ǁ 1 ǁ       ǁ ǁ 3 1 ǁ 1 3 1               ǁ     ǁ 3   |   ǁ | 2     
ǁ   ǁ       ǁ 2 4 = 6 - - - - 5 4   1 1   ǁ   2 ǁ | 2 |   ǁ |       
ǁ   ǁ       ǁ 4 = = 7 4 - 3   4 2         ǁ   ǁ ǁ | 1 |   ǁ |       
4 - 5 - 1   ǁ ǁ 3 2 ǁ 2 - 3 1 2 1         ǁ   ǁ ǁ |   |   ǁ |       
3 2 - 1     ǁ 4 4 2 ǁ         3   2       ǁ   ǁ ǁ |   |   ǁ |       
4 = = 5 1   ǁ 5 = = 6 - - - - - - - - - - 7 = 4 5 7 5 4 3 ǁ 5 - 6 3 
| 3 4 2     ǁ 3 - - 4 = 2 1 2 - - - - - - 5 4 5 4 3 3 1 1 ǁ |   3 1 
| 3 5 = = = 6 = = = = = = = = = = = = = = = = = = = = = = 7 7   5 3 
| 2   1 1 - - 2 1 - 2 - 4 = = = = 6 = = = 6 = = 2 2 3 2 2 |   1 2   
| ǁ 4 5 5 2   | 2 = = = 6 = = 2 2 6 3 3 1 ǁ 1 3     6 4 3 | 2 2     
| ǁ 2 1 1   4 4 1 2 = = 5 = = = = 3 2 3 2 ǁ 2 2           | 3 4   2 
| 5 - - - - 5 = = = = = = = = = = = = = = 6 - - - - 5 1   | 3 3   1 
| ǁ 2 6 3 1 | 1 - - 3 = = = = = = = = = = 5 2 1 - - 3 3 3 | 1     2 
| ǁ 3 8 = = 7 = = = = = = = = = = = = = = = = = = = = = = 5   4     
| ǁ 1 3 1   ǁ 4 = 3 2 3 2 5 = = = 4 - - - 2 - 1           | 2 4     
| ǁ 1 - - - 4 4 - - 1 ǁ 2 3 1     3 = = = = = = = = = = = 6 = 5     
4 6 - - - - - - - 3 = 6 = = = = = = = = = = = = = = 3 2 1 | 1 2 5 4 
4 6 - - - - - 4 - - - - - - 4 = = = = = = = = = = = = = = 6 5 3 2 3 
1 2 2 3 - 3 = 6 = = = = 3 3 5 = = = = = = = 3 - - - - 1   1 2 4 2 2 
