34 34
1 0 3 1 0 0 0 4 0 1 1 0 0 3 0 6 4 0 0 4 0 0 0 0 0 0 0 0 0 0 0 0 4 2 
4 0 8 0 0 0 0 6 4 0 0 0 0 0 0 6 0 0 0 0 0 0 0 0 0 0 0 0 0 0 0 0 4 2 
0 2 0 4 0 5 4 0 4 3 0 0 4 0 0 5 0 0 0 0 0 0 0 0 0 2 2 0 6 0 4 2 0 0 
0 0 0 3 1 0 2 0 5 0 0 0 0 0 0 0 0 0 0 0 0 0 0 0 0 0 0 0 8 0 0 0 5 4 
0 4 0 2 0 0 0 0 4 6 4 0 0 0 0 0 0 0 0 0 0 0 0 4 0 0 5 4 0 3 0 0 4 4 
0 0 0 3 0 5 0 6 0 7 0 0 0 0 0 0 0 0 0 0 0 0 0 0 0 5 5 4 0 0 3 4 0 2 
6 5 0 3 0 5 3 5 4 5 0 0 0 0 0 0 4 4 2 1 3 0 0 5 1 2 4 3 0 6 5 0 0 4 
4 3 0 4 3 3 3 3 0 0 0 0 0 0 0 0 0 0 0 0 0 0 0 5 0 4 4 2 0 3 4 3 0 0 
3 0 7 0 0 0 0 0 0 0 0 0 0 0 0 0 0 0 0 0 0 0 0 0 0 0 0 0 7 0 0 0 6 4 
0 1 0 1 4 3 0 3 0 0 0 0 5 0 3 2 1 0 0 0 0 0 5 0 4 4 4 2 0 2 3 2 0 1 
0 0 0 2 5 0 0 0 4 0 0 0 6 0 0 0 0 0 0 0 0 0 7 0 0 0 0 0 6 0 5 5 0 2 
0 0 0 4 0 6 0 0 0 0 6 0 5 0 0 0 0 0 0 0 4 3 0 4 6 0 4 1 0 2 0 0 0 0 
0 0 0 5 4 4 2 1 0 0 7 2 0 1 0 0 0 0 0 0 6 3 0 0 4 4 0 0 0 0 0 0 0 0 
3 2 0 4 0 0 6 0 3 5 7 0 6 0 0 0 0 3 2 0 0 1 7 8 2 0 0 0 0 0 0 0 0 0 
4 4 0 0 2 0 5 1 2 6 4 0 2 0 2 3 0 5 5 1 0 2 4 3 0 4 5 3 0 0 0 4 0 0 
5 5 0 5 0 0 0 0 0 0 0 0 0 0 0 0 0 0 0 0 6 0 0 0 0 0 0 0 5 5 0 4 0 0 
0 0 0 0 1 0 0 0 0 0 0 0 0 0 1 1 0 0 0 0 0 0 0 0 0 0 0 0 4 4 0 3 0 0 
0 0 0 0 4 0 0 0 0 0 0 0 0 0 7 3 0 0 0 0 0 3 0 0 0 0 0 0 7 3 0 0 0 0 
0 0 0 0 0 0 0 2 0 0 0 0 0 0 2 0 0 0 0 0 0 3 0 3 2 5 0 4 0 3 0 0 0 0 
0 0 0 0 4 0 0 7 0 0 0 0 0 0 0 0 0 0 0 0 6 0 0 0 0 6 2 0 0 0 0 0 0 0 
0 0 0 0 0 2 0 7 0 0 2 0 0 0 0 3 0 4 5 3 0 3 0 0 0 3 2 7 6 6 0 0 0 0 
0 0 0 0 0 0 0 4 3 0 0 0 0 0 0 4 1 0 2 0 0 4 0 3 2 0 2 0 0 4 0 0 0 0 
0 0 0 0 0 2 6 0 6 0 0 0 0 4 2 3 1 0 0 3 0 0 3 0 0 7 4 0 0 0 0 0 0 0 
0 0 0 0 0 2 4 0 0 0 0 3 0 4 0 5 3 0 2 3 0 0 0 4 3 0 2 0 6 6 0 5 7 3 
0 1 0 0 4 0 0 0 6 0 4 8 4 0 0 0 0 0 0 0 1 0 0 0 1 0 0 0 6 4 0 0 0 2 
0 0 0 0 6 3 1 0 6 0 0 5 4 6 0 0 0 6 0 0 0 4 3 6 2 0 0 0 6 4 0 0 0 0 
0 0 0 0 4 5 2 0 4 4 0 0 0 6 2 1 0 4 0 3 1 0 3 7 0 5 7 6 0 4 0 0 0 0 
0 0 0 6 0 0 0 0 0 0 0 0 0 0 0 0 0 0 0 0 0 6 2 5 4 0 4 3 0 0 0 0 0 0 
0 0 0 0 2 3 3 0 0 0 5 0 4 4 2 3 0 2 1 1 0 4 0 1 2 0 2 0 0 0 0 0 0 4 
0 0 0 0 0 4 5 1 2 0 8 0 0 0 0 7 0 0 0 0 0 0 0 0 0 6 0 6 8 6 0 0 0 0 
0 0 0 4 0 3 4 0 0 0 6 1 4 0 0 6 5 5 0 4 0 5 0 0 0 6 1 0 4 3 0 6 4 0 
0 0 0 4 5 0 0 0 0 0 5 1 2 0 0 2 3 5 0 6 2 3 2 2 1 3 1 0 5 2 0 2 2 0 
4 0 7 0 0 0 0 0 0 0 0 0 0 0 0 0 0 0 0 0 0 0 0 0 0 0 0 4 4 0 6 0 6 5 
2 0 6 0 0 0 0 0 0 0 0 0 0 0 0 4 0 3 0 0 0 0 2 0 0 1 2 5 3 3 5 4 4 2 
400 675
0 7 0 3
0 7 0 9
0 7 1 7
0 7 1 7
0 15 0 13
0 15 0 16
0 15 1 15
0 15 0 13
0 15 0 16
0 15 1 15
0 16 0 19
0 16 6 16
0 19 0 32
0 19 6 19
0 19 0 32
0 32 0 33
0 32 1 32
0 33 1 33
1 2 1 0
1 2 1 7
1 2 0 2
1 2 8 2
1 2 1 0
1 2 1 7
1 2 0 2
1 2 8 2
1 15 1 8
1 15 2 15
1 15 1 8
1 15 2 15
1 32 1 33
1 32 3 32
1 32 3 32
2 1 4 1
2 3 2 5
2 3 3 3
2 3 2 5
2 3 3 3
2 28 2 26
2 28 2 30
2 28 3 28
2 28 2 26
2 28 2 30
2 28 3 28
2 30 2 31
2 30 5 30
2 31 5 31
3 8 3 6
3 8 2 8
3 8 4 8
3 28 8 28
3 28 8 28
3 33 3 32
3 33 4 33
3 33 3 32
3 33 4 33
4 1 2 1
4 1 6 1
4 1 6 1
4 10 4 9
4 10 11 10
4 10 4 9
4 10 11 10
4 23 4 26
4 23 6 23
4 23 4 26
4 23 6 23
4 27 4 26
4 27 5 27
4 27 4 26
4 27 5 27
4 29 6 29
4 33 4 32
4 33 5 33
5 7 5 5
5 7 5 9
5 7 6 7
5 7 5 5
5 7 5 9
5 7 6 7
5 27 5 26
5 27 6 27
6 0 6 1
6 0 1 0
6 0 7 0
6 0 6 1
6 0 1 0
6 0 7 0
6 1 7 1
6 9 6 8
6 9 5 9
6 9 13 9
6 16 6 17
6 16 9 16
6 16 6 17
6 17 6 18
6 17 13 17
6 18 13 18
6 29 6 30
6 29 4 29
6 29 7 29
6 29 6 30
6 29 7 29
7 0 7 1
7 0 8 0
7 1 9 1
7 23 7 25
7 23 6 23
7 23 11 23
8 0 13 0
8 2 32 2
9 12 9 14
9 12 2 12
9 12 10 12
9 22 10 22
9 24 9 25
9 24 11 24
9 24 9 25
9 24 11 24
10 28 10 30
10 28 8 28
10 28 15 28
10 28 10 30
10 28 8 28
10 28 15 28
11 5 11 3
11 5 9 5
11 5 12 5
11 5 11 3
11 5 9 5
11 5 12 5
11 10 11 12
11 10 12 10
11 10 11 12
11 10 12 10
11 24 11 23
11 24 11 26
11 24 12 24
11 24 11 23
11 29 15 29
12 3 12 4
12 3 11 3
12 3 13 3
12 10 12 11
12 10 13 10
12 20 12 21
12 20 11 20
12 20 15 20
12 20 12 21
12 20 11 20
12 20 15 20
12 25 12 24
12 25 14 25
12 25 12 24
12 25 14 25
13 22 13 21
13 22 13 23
13 22 10 22
13 22 14 22
13 23 13 22
13 23 13 24
13 23 11 23
13 23 14 23
14 31 10 31
14 31 15 31
14 31 10 31
14 31 15 31
15 0 15 1
15 0 14 0
15 0 32 0
15 3 15 20
15 3 13 3
15 3 27 3
15 20 15 3
15 20 15 28
15 20 19 20
15 31 15 29
15 31 16 31
17 14 17 4
17 14 17 15
17 14 16 14
17 14 18 14
17 28 17 21
17 28 17 29
17 28 16 28
17 28 20 28
18 25 18 24
18 25 18 27
18 25 19 25
18 27 18 25
18 27 20 27
18 27 20 27
19 7 19 4
19 7 19 20
19 7 18 7
19 7 20 7
19 20 19 7
19 20 19 25
19 20 24 20
19 20 19 25
19 25 19 26
19 25 18 25
19 25 20 25
19 26 20 26
20 18 20 17
20 18 20 19
20 18 21 18
20 27 20 26
20 27 20 28
20 27 26 27
20 29 20 28
20 29 18 29
20 29 21 29
20 29 20 28
20 29 18 29
20 29 21 29
21 29 23 29
22 6 22 5
22 6 22 8
22 6 23 6
22 6 22 5
22 6 22 8
22 6 23 6
22 8 22 13
22 8 21 8
22 8 24 8
22 8 22 13
22 13 22 14
22 13 23 13
22 25 22 22
22 25 22 26
22 25 20 25
22 25 26 25
23 6 23 5
23 6 25 6
23 23 23 24
23 23 25 23
23 23 23 24
23 23 25 23
23 24 24 24
23 28 23 29
23 28 20 28
23 28 24 28
23 28 23 29
23 28 20 28
23 28 24 28
23 29 23 31
23 29 21 29
23 29 24 29
23 32 23 31
23 32 23 33
23 32 8 32
23 32 30 32
24 1 15 1
24 4 19 4
24 4 25 4
24 4 19 4
24 4 25 4
24 11 24 10
24 11 24 12
24 11 23 11
24 11 25 11
24 11 24 10
24 11 24 12
24 11 23 11
24 11 25 11
24 12 25 12
24 28 24 29
24 28 25 28
24 28 24 29
24 28 25 28
24 29 25 29
25 4 25 5
25 4 26 4
25 8 25 11
25 8 24 8
25 8 26 8
25 8 25 11
25 8 24 8
25 8 26 8
25 23 25 22
25 23 25 24
25 23 26 23
25 23 25 22
25 24 27 24
25 28 25 29
25 28 29 28
25 28 25 29
25 28 29 28
25 29 26 29
26 9 26 8
26 9 26 13
26 9 26 8
26 9 26 13
26 13 26 14
26 13 25 13
26 13 28 13
26 13 26 14
26 23 26 22
26 23 27 23
26 23 26 22
26 23 27 23
26 23 26 22
26 23 27 23
26 26 26 25
26 26 26 27
26 26 23 26
26 26 27 26
26 27 26 26
26 27 20 27
26 27 27 27
26 27 26 26
26 29 29 29
27 3 15 3
27 3 30 3
27 3 30 3
27 21 27 22
27 21 25 21
27 21 28 21
27 21 27 22
27 21 25 21
27 21 28 21
28 10 28 6
28 10 28 12
28 10 29 10
28 13 28 12
28 13 28 14
28 13 28 12
28 14 28 15
28 33 24 33
28 33 32 33
28 33 24 33
28 33 32 33
29 10 29 8
29 10 29 15
29 10 28 10
29 10 30 10
29 10 29 8
29 10 29 15
29 10 28 10
29 15 29 25
29 15 28 15
29 15 30 15
29 28 29 27
29 28 29 29
29 28 30 28
29 29 29 28
29 29 26 29
29 29 30 29
30 3 30 5
30 3 31 3
30 10 30 6
30 10 30 11
30 10 31 10
30 12 30 15
30 12 31 12
30 12 30 15
30 12 31 12
30 15 30 16
30 15 29 15
30 15 31 15
30 16 30 17
30 16 31 16
30 16 30 17
30 16 31 16
30 21 30 19
30 21 30 25
30 21 31 21
31 3 31 4
31 4 31 3
31 4 31 10
31 4 31 3
31 4 31 10
31 10 31 11
31 10 30 10
31 19 31 17
31 19 31 20
31 19 30 19
31 19 31 17
31 19 31 20
31 19 30 19
32 30 32 28
32 30 32 32
32 30 33 30
32 30 32 28
32 30 32 32
32 30 33 30
32 32 32 33
32 32 31 32
32 32 33 32
32 32 32 33
32 33 33 33
33 2 33 0
33 2 33 15
33 2 32 2
33 2 33 0
33 2 33 15
33 2 32 2
33 15 33 17
33 15 31 15
33 27 33 26
33 27 33 28
33 27 32 27
33 31 33 30
33 31 33 32
33 31 33 30
33 31 33 32
33 32 33 33
0 0 0 2
0 10 0 13
1 7 1 8
1 8 1 7
3 32 4 32
4 9 4 8
4 9 2 9
4 9 5 9
4 9 4 8
4 26 5 26
4 32 8 32
5 9 6 9
5 9 6 9
5 31 5 30
5 31 7 31
5 31 5 30
5 33 6 33
6 8 6 7
6 8 10 8
6 8 6 7
6 30 7 30
6 33 8 33
8 0 13 0
8 2 32 2
8 28 8 32
9 22 10 22
9 25 9 26
9 25 7 25
9 29 9 30
10 8 13 8
10 22 9 22
10 22 13 22
10 22 9 22
10 22 9 22
11 3 10 3
11 20 11 21
11 20 6 20
11 21 12 21
11 29 15 29
12 3 12 4
12 3 13 3
12 4 12 5
12 4 14 4
12 5 12 6
12 10 12 11
12 10 13 10
12 10 13 10
12 24 13 24
13 6 13 8
13 6 12 6
13 6 14 6
13 6 13 8
13 6 14 6
13 6 14 6
13 9 13 10
13 9 14 9
13 22 13 23
13 23 14 23
14 4 14 6
14 6 14 7
14 8 14 9
14 9 14 8
14 9 14 10
14 9 13 9
14 9 14 10
14 10 14 12
14 10 13 10
14 17 14 15
14 17 14 18
14 17 13 17
14 19 14 18
14 21 14 22
14 22 14 21
14 22 14 23
14 25 14 26
16 4 17 4
16 15 17 15
17 4 17 14
17 4 19 4
17 14 17 15
17 14 18 14
17 28 17 21
17 28 17 29
17 28 16 28
18 7 19 7
18 24 18 23
18 29 17 29
19 7 20 7
20 5 20 7
21 7 21 8
21 7 20 7
21 7 21 8
21 7 20 7
21 24 21 23
21 26 22 26
22 14 22 15
23 5 25 5
23 11 23 13
23 13 23 15
23 13 25 13
24 8 24 10
24 10 24 8
24 12 25 12
25 4 25 5
25 4 26 4
25 11 25 12
25 12 25 13
25 13 25 17
26 4 26 5
26 4 28 4
26 5 26 6
26 5 28 5
26 20 26 19
28 4 28 5
28 21 28 19
28 21 28 23
29 7 29 6
29 28 29 27
29 28 29 29
30 10 30 6
30 19 30 17
31 16 31 17
32 0 32 2
32 0 15 0
32 0 32 2
33 30 33 29
4 8 4 3
4 32 8 32
6 20 6 23
6 20 6 23
6 24 6 25
6 30 7 30
6 33 8 33
7 23 7 25
7 25 7 26
7 29 7 30
7 30 7 31
8 28 8 32
8 33 8 32
8 33 9 33
9 29 9 30
10 33 23 33
12 7 9 7
13 9 13 10
13 10 13 12
13 12 13 17
13 12 11 12
13 12 14 12
13 12 11 12
13 18 14 18
14 14 14 15
14 18 14 17
14 25 14 26
16 28 16 29
16 28 15 28
16 29 16 31
16 29 15 29
16 29 16 31
17 21 18 21
18 21 18 23
18 23 18 21
20 5 20 7
20 7 20 10
20 10 20 15
21 24 21 23
21 26 22 26
22 26 22 25
23 15 23 16
23 15 22 15
23 15 23 16
23 15 22 15
23 26 26 26
23 31 23 32
23 31 30 31
23 32 23 31
23 32 23 33
25 13 25 17
25 17 25 21
25 17 20 17
25 17 26 17
25 17 25 21
25 22 22 22
26 5 26 6
26 5 28 5
26 19 26 17
27 23 27 24
27 23 27 24
27 24 27 26
27 26 27 27
27 26 28 26
27 27 29 27
28 6 29 6
28 6 29 6
28 18 28 17
28 24 28 26
29 5 29 6
29 5 30 5
29 5 29 6
29 5 30 5
29 25 29 15
29 25 29 27
29 25 30 25
29 25 29 27
29 25 30 25
29 27 32 27
30 17 31 17
30 25 30 21
30 25 30 26
30 25 31 25
30 28 30 29
30 28 31 28
30 28 30 29
30 32 30 31
30 32 31 32
30 32 30 31
31 28 31 29
31 28 32 28
31 28 31 29
31 28 32 28
31 31 30 31
32 27 33 27
33 29 33 28
2 5 2 6
11 12 10 12
14 14 14 15
14 17 14 18
15 28 15 29
20 17 20 15
20 17 20 18
21 15 21 16
21 15 20 15
21 21 21 23
21 21 20 21
21 21 20 21
21 21 20 21
22 16 23 16
22 22 22 25
26 19 26 17
26 25 22 25
30 17 31 17
30 21 31 21
30 31 31 31
31 21 31 22
31 23 31 22
31 23 31 24
31 25 31 26
31 25 33 25
32 27 33 27
33 17 33 22
33 17 33 22
33 28 33 29
2 5 2 6
10 12 9 12
26 17 26 15
28 15 28 17
2 5 2 6
2 6 2 8
2 8 2 9
2 8 3 8
2 9 2 12
2 12 2 15
2 12 9 12
2 15 9 15
3 8 3 6
9 14 9 15
3 4 3 3
4 3 5 3

4490

1 - 3 1 - - - 4 - 1 1 - - 3 = 6 4 - - 4 = = = = = = = = = = = = 4 2 
4 = 8 = = = = 6 4 = = = = = = 6 |     |                         4 2 
ǁ 2 ǁ 4 = 5 4 - 4 3 - - 4 - - 5 |     |           2 2 = 6 = 4 2 ǁ   
ǁ ǁ ǁ 3 1   2 = 5 |     ǁ     | |     |                 8   | | 5 4 
ǁ 4 ǁ 2 - - - - 4 6 4   ǁ     | |     |       4 = = 5 4 ǁ 3 | | 4 4 
ǁ ǁ ǁ 3   5 = 6 = 7 ǁ   ǁ     | |     |       ǁ   5 5 4 ǁ ǁ 3 4 ǁ 2 
6 5 ǁ 3   5 3 5 4 5 ǁ   ǁ     | 4 4 2 1 3 = = 5 1 2 4 3 ǁ 6 5 | ǁ 4 
4 3 ǁ 4 3 3 3 3 | | ǁ   ǁ     | | | |   |     5 = 4 4 2 ǁ 3 4 3 ǁ ǁ 
3 | 7           | | ǁ   ǁ     | | | |   |     |   |     7 = = = 6 4 
ǁ 1 ǁ 1 4 3   3 | | ǁ   5 - 3 2 1 | |   |   5 | 4 4 4 2 ǁ 2 3 2 | 1 
ǁ   ǁ 2 5 ǁ   | 4 | ǁ   6         | |   |   7 | ǁ       6 = 5 5 | 2 
ǁ   ǁ 4 = 6   | | | 6 = 5         | |   4 3 ǁ 4 6 - 4 1 ǁ 2   ǁ | | 
ǁ   ǁ 5 4 4 2 1 | | 7 2 ǁ 1       | |   6 3 ǁ | 4 4     ǁ ǁ   ǁ | | 
3 2 ǁ 4 |   6 = 3 5 7 - 6 - - - - 3 2   ǁ 1 7 8 2 ǁ     ǁ ǁ   ǁ | | 
4 4 ǁ | 2 - 5 1 2 6 4 - 2   2 3 - 5 5 1 ǁ 2 4 3   4 5 3 ǁ ǁ   4 | | 
5 5 ǁ 5 = = = = = = = = = = = = = = = = 6 - - - - - - - 5 5 - 4 | | 
ǁ | ǁ ǁ 1                   1 1         |               4 4 = 3 | | 
ǁ | ǁ ǁ 4 = = = = = = = = = 7 3         | 3 = = = = = = 7 3     | | 
ǁ | ǁ ǁ |     2             2           | 3 = 3 2 5 = 4 | 3     | | 
ǁ | ǁ ǁ 4 - - 7 = = = = = = = = = = = = 6 = = = = 6 2 ǁ | ǁ     | | 
ǁ | ǁ ǁ ǁ 2 = 7 - - 2 - - - - 3 - 4 5 3 | 3       3 2 7 6 6     | | 
ǁ | ǁ ǁ ǁ     4 3             4 1 | 2   | 4 - 3 2 | 2 ǁ ǁ 4     | | 
ǁ | ǁ ǁ ǁ 2 6 = 6 = = = = 4 2 3 1 |   3 |   3 = = 7 4 ǁ ǁ ǁ     | | 
ǁ | ǁ ǁ ǁ 2 4   |     3 - 4 - 5 3 | 2 3 |   | 4 3 ǁ 2 ǁ 6 6 - 5 7 3 
ǁ 1 ǁ ǁ 4 | |   6 = 4 8 4 |       |     1   | ǁ 1 ǁ ǁ ǁ 6 4   | | 2 
ǁ   ǁ ǁ 6 3 1   6 = = 5 4 6 = = = 6 = = = 4 3 6 2 ǁ ǁ ǁ 6 4   | | ǁ 
ǁ   ǁ ǁ 4 5 2   4 4 = = = 6 2 1 - 4 = 3 1 ǁ 3 7 | 5 7 6 ǁ 4   | | ǁ 
ǁ   ǁ 6 | ǁ               |               6 2 5 4 - 4 3 ǁ ǁ   | | ǁ 
ǁ   ǁ ǁ 2 3 3 - - - 5 - 4 4 2 3 - 2 1 1 - 4 - 1 2 - 2 | ǁ ǁ   | | 4 
ǁ   ǁ ǁ   4 5 1 2 = 8 = = = = 7 = = = = = = = = = 6 = 6 8 6   | | ǁ 
ǁ   ǁ 4 - 3 4 = = = 6 1 4 = = 6 5 5 - 4 - 5 = = = 6 1 | 4 3   6 4 ǁ 
ǁ   ǁ 4 5 = = = = = 5 1 2     2 3 5 = 6 2 3 2 2 1 3 1 | 5 2   2 2 ǁ 
4 = 7                         |                   |   4 4 = 6 = 6 5 
2 = 6 = = = = = = = = = = = = 4 - 3 = = = = 2     1 2 5 3 3 5 4 4 2 
