34 34
2 2 0 4 0 5 3 0 0 0 0 0 0 0 0 0 0 0 0 0 5 0 0 0 0 4 4 2 1 1 3 3 3 3 
0 1 0 0 0 4 0 0 0 0 0 0 0 0 0 0 0 0 0 0 4 3 2 1 0 0 3 2 6 2 0 0 1 0 
4 2 3 5 0 5 0 0 0 0 0 0 0 0 0 0 0 0 0 0 3 0 0 0 0 5 8 2 0 3 5 3 0 4 
0 0 1 0 1 4 0 0 0 0 0 0 0 0 0 0 0 0 0 0 5 2 2 1 1 0 4 2 0 2 0 2 3 0 
0 0 3 4 4 0 0 0 0 0 0 0 0 0 0 0 0 0 0 0 4 3 4 2 3 0 4 2 0 1 0 4 4 0 
0 0 2 2 2 0 0 0 0 0 0 0 0 0 0 0 0 0 0 0 3 2 1 0 0 0 4 0 6 0 6 5 0 0 
5 6 0 0 0 0 0 0 0 0 0 0 0 0 0 0 0 0 0 0 0 0 0 5 4 0 2 3 0 3 2 4 0 0 
3 0 1 2 4 0 0 0 0 0 0 0 0 0 0 0 4 0 0 0 1 2 1 0 0 0 1 3 0 4 2 2 0 0 
1 0 0 0 4 0 3 1 3 0 0 2 0 0 0 0 0 1 0 3 0 3 0 0 0 0 3 0 6 0 0 0 3 0 
0 0 2 6 0 0 0 0 7 0 2 1 1 3 0 0 4 0 0 6 0 6 5 0 0 0 3 4 4 1 1 3 0 0 
4 6 4 0 0 1 0 0 2 2 4 0 0 5 3 0 0 2 1 0 0 0 0 0 0 0 2 0 0 0 0 5 0 0 
0 0 4 0 0 0 0 0 0 0 0 0 0 0 2 0 0 0 3 0 0 0 0 0 3 0 0 0 0 0 0 0 0 0 
3 0 2 0 2 0 0 0 0 0 0 0 0 5 0 0 7 6 0 0 0 2 3 0 4 0 1 0 0 0 0 0 0 0 
3 0 0 0 2 0 0 0 0 2 3 2 0 2 1 1 5 5 3 0 0 0 1 0 2 0 0 0 0 0 0 0 0 0 
3 0 4 7 0 0 0 0 0 0 0 0 0 0 0 0 0 0 0 6 0 0 0 5 0 6 0 0 0 0 0 6 5 4 
3 0 3 4 0 0 0 2 0 0 0 3 0 0 0 4 0 3 0 0 2 4 3 0 2 0 1 0 3 5 2 0 0 0 
0 0 1 0 0 0 0 0 0 2 0 0 0 0 0 0 0 6 1 0 0 0 0 0 4 0 3 4 0 0 2 0 0 0 
4 0 2 5 0 0 0 0 0 0 0 3 0 0 1 1 0 4 0 0 5 8 4 0 0 0 0 0 0 0 0 0 0 1 
0 0 2 4 0 0 0 0 0 0 3 0 0 1 0 0 0 1 0 0 2 0 1 0 0 0 0 0 0 5 4 0 0 1 
0 0 0 3 0 0 0 0 0 0 0 0 0 0 0 0 0 0 0 5 0 6 5 3 5 0 0 0 0 3 1 0 0 2 
0 0 4 0 3 0 0 0 0 0 0 0 0 0 0 0 4 5 3 0 2 0 2 1 0 0 0 0 0 1 1 0 0 0 
0 0 2 2 0 3 0 0 0 3 0 0 2 0 6 2 0 2 1 2 4 3 2 0 0 0 0 0 0 2 4 0 0 2 
0 0 2 0 0 0 0 3 0 7 0 0 0 3 8 2 0 1 0 0 0 3 0 0 1 0 0 0 0 0 3 0 3 0 
5 7 6 3 0 0 0 3 1 0 0 0 0 0 0 0 0 2 0 4 1 0 0 0 2 0 0 0 0 0 1 0 3 3 
0 5 4 1 0 2 0 2 1 0 0 0 0 0 4 3 6 0 0 6 0 6 5 0 0 0 0 0 0 0 4 7 2 0 
0 0 0 0 0 0 0 0 0 0 0 0 0 0 0 1 2 0 0 4 2 2 2 0 0 0 0 0 0 0 4 6 3 1 
0 0 0 0 0 3 0 0 0 8 0 0 0 0 0 0 0 0 0 0 0 0 0 7 5 0 2 0 0 0 2 2 2 1 
2 0 0 0 0 0 2 1 1 0 1 3 1 1 0 0 0 0 0 0 0 0 0 0 2 0 1 0 0 0 3 0 6 3 
2 0 0 0 0 3 4 0 2 6 0 5 3 0 0 0 0 0 0 0 0 0 0 0 1 0 0 0 0 0 0 1 0 1 
2 0 3 3 0 1 1 3 0 5 0 0 0 4 0 0 0 0 0 0 0 4 2 0 0 0 0 0 0 0 3 0 0 1 
0 0 3 2 0 4 5 0 0 0 0 0 0 0 0 0 0 0 0 0 0 0 0 6 0 5 0 6 2 0 2 0 0 0 
0 0 2 0 0 2 4 0 0 3 1 1 2 0 0 0 0 0 2 0 0 0 0 5 2 3 4 6 0 6 0 7 5 2 
3 5 0 0 5 0 0 0 0 0 0 0 0 0 0 0 0 0 0 0 0 0 0 0 0 0 0 5 1 4 4 3 5 3 
1 2 1 0 4 0 0 0 0 0 2 0 0 0 0 0 0 3 0 3 0 0 0 1 2 3 0 5 4 3 3 2 2 1 
400 440
0 5 0 3
0 5 0 6
0 5 1 5
0 20 0 6
0 20 0 25
0 20 1 20
2 26 2 25
2 26 2 27
2 26 1 26
2 26 3 26
2 26 2 25
2 26 2 27
2 26 1 26
2 26 3 26
5 31 5 30
5 31 4 31
5 31 6 31
6 0 6 1
6 0 2 0
6 0 7 0
9 8 9 3
9 8 9 10
9 8 8 8
9 8 10 8
10 31 10 26
10 31 9 31
10 31 14 31
12 16 12 13
12 16 12 17
12 16 9 16
12 16 13 16
14 3 14 2
14 3 14 19
14 3 9 3
14 3 15 3
15 29 15 28
15 29 15 30
15 29 18 29
16 27 16 26
16 27 30 27
16 27 16 26
16 27 30 27
17 21 17 20
17 21 17 22
17 21 15 21
17 21 19 21
17 21 17 20
17 21 17 22
17 21 15 21
17 21 19 21
17 22 15 22
17 22 18 22
19 21 19 19
19 21 19 22
19 21 21 21
19 21 19 19
19 22 19 23
19 22 20 22
19 24 19 23
19 24 16 24
19 24 22 24
22 9 22 7
22 9 22 13
22 9 21 9
22 9 26 9
22 14 22 13
22 14 22 15
22 14 21 14
22 14 24 14
22 14 22 13
22 14 22 15
22 14 21 14
22 14 24 14
23 0 23 1
23 0 17 0
23 0 27 0
24 1 24 2
24 1 23 1
24 1 32 1
24 14 24 15
24 22 24 21
24 22 21 22
24 22 25 22
24 31 24 30
24 31 24 32
24 31 14 31
24 31 25 31
26 9 26 5
26 9 26 23
26 9 22 9
26 9 28 9
26 23 26 9
26 23 26 24
26 23 20 23
26 23 30 23
29 21 29 13
29 21 29 22
29 21 29 13
29 21 29 22
30 27 30 25
30 27 30 28
30 27 31 27
30 27 30 25
31 26 31 25
31 26 31 27
31 26 31 25
31 26 31 27
31 31 31 29
31 31 31 32
31 31 28 31
31 31 32 31
33 27 33 25
33 27 33 28
33 27 32 27
10 5 10 8
11 2 10 2
11 2 12 2
11 2 10 2
11 2 12 2
11 14 10 14
13 17 13 16
13 17 13 18
13 17 12 17
19 22 19 23
19 22 20 22
19 24 16 24
21 14 21 12
21 14 21 15
21 14 17 14
21 14 21 12
22 9 22 7
22 9 21 9
23 24 26 24
24 14 24 15
26 9 26 5
26 9 28 9
26 23 26 24
26 23 30 23
28 9 28 8
28 9 28 11
28 9 29 9
28 9 28 8
29 13 29 9
29 13 27 13
30 23 30 6
30 23 30 25
30 23 31 23
30 23 30 6
31 31 31 29
31 31 31 32
31 31 32 31
9 8 9 3
9 8 9 10
9 8 8 8
10 2 10 1
10 2 9 2
11 14 10 14
14 23 14 19
14 23 14 25
14 23 6 23
15 21 15 20
15 21 15 22
15 22 15 24
16 24 16 26
16 24 15 24
18 13 18 10
20 16 20 17
20 16 24 16
20 16 20 17
20 16 24 16
21 15 17 15
23 24 26 24
24 16 24 15
24 16 24 19
24 16 25 16
24 16 24 19
24 19 24 21
24 19 23 19
24 19 25 19
24 19 24 21
24 21 24 22
24 21 22 21
24 21 25 21
25 15 25 16
25 19 25 20
26 26 26 24
26 26 27 26
27 8 27 7
27 10 27 11
27 24 28 24
28 11 28 12
28 11 27 11
28 11 28 12
28 11 27 11
28 12 27 12
29 7 29 6
29 7 29 9
29 7 29 9
30 25 31 25
31 29 31 27
31 29 21 29
31 29 32 29
31 29 31 27
9 3 9 2
9 3 7 3
9 3 14 3
9 22 9 21
9 22 7 22
9 22 12 22
10 1 10 0
10 1 6 1
10 1 23 1
10 1 10 0
10 1 6 1
10 14 10 13
13 24 12 24
14 2 14 3
14 2 15 2
14 2 14 3
14 19 14 23
14 19 9 19
14 19 19 19
14 19 9 19
14 25 14 23
14 25 14 31
14 25 2 25
14 25 14 31
14 25 2 25
14 31 14 32
14 31 10 31
15 15 15 11
15 15 15 17
15 15 15 11
15 15 15 17
15 17 16 17
15 20 17 20
15 26 15 28
16 17 16 9
16 17 16 18
16 17 17 17
17 0 15 0
17 0 23 0
17 0 15 0
17 11 17 3
17 17 16 17
17 17 18 17
17 17 16 17
17 20 18 20
18 10 18 3
18 20 17 20
19 19 21 19
20 20 21 20
21 9 21 5
23 1 23 0
23 1 23 2
23 1 24 1
24 31 24 30
24 31 24 32
24 31 25 31
25 19 25 20
25 21 25 22
25 31 25 30
25 31 25 32
25 31 26 31
25 31 25 30
27 0 28 0
27 6 28 6
28 0 29 0
28 6 28 5
28 6 27 6
28 6 28 5
29 0 32 0
30 28 15 28
30 30 29 30
31 27 32 27
3 26 3 27
3 26 4 26
4 26 4 27
4 26 5 26
4 26 4 27
5 26 5 28
5 26 6 26
5 26 5 28
5 28 5 30
5 28 1 28
5 28 8 28
5 28 5 30
5 30 5 31
5 30 2 30
5 30 6 30
6 1 6 0
6 1 6 23
6 1 2 1
7 0 6 0
7 0 8 0
7 2 7 3
7 4 7 16
7 4 8 4
7 4 7 16
7 4 8 4
7 16 7 20
7 16 9 16
7 21 8 21
8 4 8 6
8 6 8 4
8 6 8 7
8 8 8 11
8 11 9 11
8 28 8 26
8 28 8 32
8 28 9 28
8 28 8 26
8 28 8 32
9 12 9 13
9 19 9 16
9 19 9 21
9 19 8 19
9 19 9 16
9 21 9 22
9 21 8 21
9 21 12 21
9 21 9 22
9 27 9 26
9 27 9 28
9 27 9 26
9 27 9 28
9 28 9 29
9 30 9 31
9 31 10 31
10 0 12 0
10 0 12 0
12 0 13 0
12 16 12 13
12 16 12 17
12 16 13 16
12 21 12 22
12 22 13 22
12 24 11 24
12 24 13 24
12 24 11 24
12 26 10 26
13 0 14 0
14 0 13 0
14 0 15 0
15 11 15 7
16 9 16 2
17 11 17 3
18 10 18 3
19 19 21 19
20 20 21 20
21 20 21 21
21 20 23 20
22 21 21 21
23 1 23 2
23 2 23 3
23 2 22 2
23 2 24 2
23 2 23 3
23 19 23 17
24 22 21 22
24 30 23 30
24 30 25 30
25 30 26 30
30 30 29 30
1 28 1 27
1 28 1 29
1 28 0 28
1 28 1 27
1 28 1 29
2 0 2 1
2 0 0 0
2 0 0 0
2 2 2 3
2 2 3 2
2 2 2 3
4 29 3 29
7 21 8 21
7 29 7 30
7 29 6 29
7 29 7 30
7 29 6 29
7 31 6 31
8 17 8 19
9 13 10 13
9 13 10 13
9 26 8 26
11 24 6 24
15 2 15 3
15 3 15 2
15 3 15 7
22 30 21 30
23 19 23 17
29 30 27 30
0 27 0 26
0 27 0 26
0 29 0 30
3 29 2 29
6 24 6 23
6 24 4 24
6 24 6 23
6 29 6 30
6 31 5 31
6 31 7 31
22 17 21 17
22 30 21 30
0 26 0 25
0 26 1 26
2 29 2 30
2 29 2 30
4 31 4 32
4 31 3 31
4 31 4 32
4 32 3 32
4 32 8 32
6 23 4 23
14 32 14 33
14 32 22 32
22 30 21 30
0 25 0 20
0 25 2 25
3 32 3 31
3 32 1 32
4 24 4 23
4 24 3 24
14 32 14 33
14 32 22 32
14 33 2 33
14 33 17 33
18 33 19 33
19 33 21 33
21 30 21 29
21 33 23 33
22 32 23 32
23 32 23 33
2 33 0 33
23 32 23 33
2 33 0 33
0 33 0 32
0 32 0 31
0 32 0 31

6403

2 2   4 - 5 3 - - - - - - - - - - - - - 5 = = = = 4 4 2 1 1 3 3 3 3 
ǁ 1       4                             4 3 2 1   | 3 2 6 2     1 ǁ 
4 2 3 5   5                             3         5 8 2 | 3 5 3 | 4 
| | 1   1 4                             5 2 2 1 1 ǁ 4 2 | 2 | 2 3 | 
| | 3 4 4                               4 3 4 2 3 ǁ 4 2 | 1 | 4 4 | 
| | 2 2 2                               3 2 1 | | ǁ 4 = 6 = 6 5 | | 
5 6 - - - - - - - - - - - - - - - - - - - - - 5 4 ǁ 2 3 | 3 2 4 | | 
3 ǁ 1 2 4 = = = = = = = = = = = 4 - - - 1 2 1 | | ǁ 1 3 | 4 2 2 | | 
1 ǁ   | 4 = 3 1 3 - - 2         | 1 - 3   3 | | | ǁ 3 = 6 = = = 3 | 
  ǁ 2 6 = = = = 7 = 2 1 1 3     4 = = 6 - 6 5 | | ǁ 3 4 4 1 1 3   | 
4 6 4 ǁ   1 - - 2 2 4     5 3   | 2 1 ǁ   | | | | ǁ 2 - - - - 5   | 
ǁ | 4 ǁ                     2   |   3 ǁ   | | | 3 ǁ |         ǁ   | 
3 | 2 ǁ 2                 5 = = 7 6   ǁ   2 3 | 4 ǁ 1         ǁ   | 
3 |   ǁ 2         2 3 2   2 1 1 5 5 3 ǁ     1 | 2 ǁ           ǁ   | 
3 | 4 7 - - - - - - - - - - - - - - - 6 = = = 5 = 6 = = = = = 6 5 4 
3 | 3 4 - - - 2 - - - 3 = = = 4 = 3   | 2 4 3 - 2   1 - 3 5 2 | ǁ | 
ǁ | 1 - - - - - - 2 - - - - - - - 6 1 | | ǁ |   4 - 3 4 | | 2 | ǁ | 
4 | 2 5 = = = = = = = 3     1 1   4   | 5 8 4   ǁ     ǁ | |   | ǁ 1 
ǁ | 2 4 = = = = = = 3 - - 1 | |   1   | 2 ǁ 1   ǁ     ǁ | 5 4 | ǁ 1 
ǁ |   3                     | |       5 = 6 5 3 5     ǁ | 3 1 | ǁ 2 
ǁ | 4   3                   | | 4 5 3 ǁ 2 | 2 1 |     ǁ | 1 1 | ǁ | 
ǁ | 2 2   3 - - - 3     2 = 6 2 ǁ 2 1 2 4 3 2 | |     ǁ | 2 4 | ǁ 2 
ǁ | 2         3 = 7 - - - 3 8 2 ǁ 1     | 3 ǁ | 1     ǁ | | 3 | 3 | 
5 7 6 3       3 1 ǁ         ǁ   ǁ 2 = 4 1 | ǁ | 2     ǁ | | 1 | 3 3 
| 5 4 1   2   2 1 ǁ         4 3 6 = = 6 = 6 5 | ǁ     ǁ | | 4 7 2   
| |               ǁ           1 2     4 2 2 2 | ǁ     ǁ | | 4 6 3 1 
| |       3 = = = 8 = = = = = = = = = = = = = 7 5 - 2 ǁ | | 2 2 2 1 
2 |         2 1 1 ǁ 1 3 1 1                   ǁ 2   1 ǁ | | 3   6 3 
2 |       3 4   2 6 - 5 3 |                   ǁ 1     ǁ | | | 1   1 
2 | 3 3   1 1 3 = 5 - - - 4 = = = = = = = 4 2 ǁ       ǁ | | 3 |   1 
| | 3 2   4 5 = = = = = = = = = = = = = = = = 6 - 5 = 6 2 | 2 |     
| | 2     2 4     3 1 1 2           2         5 2 3 4 6 = 6 = 7 5 2 
3 5     5                                             5 1 4 4 3 5 3 
1 2 1   4           2             3   3       1 2 3 - 5 4 3 3 2 2 1 
