34 34
3 6 0 0 0 0 0 2 1 3 2 0 0 3 0 0 0 3 0 1 2 0 4 1 2 2 0 6 0 0 5 1 1 1 
1 0 0 2 0 0 0 0 0 8 0 0 0 0 0 0 0 6 0 0 0 0 7 0 7 3 1 0 2 0 6 2 0 0 
2 7 0 3 0 1 0 0 0 0 0 0 0 0 0 0 0 0 3 2 0 0 0 0 0 0 0 0 4 0 3 1 5 3 
1 4 1 0 1 2 0 0 0 0 0 0 0 0 0 1 0 0 2 0 0 0 0 0 0 0 0 0 3 1 0 0 0 1 
0 0 0 0 0 0 0 0 0 0 0 0 0 0 0 0 0 0 2 0 0 0 0 0 0 0 0 0 2 0 6 4 0 1 
3 0 0 7 5 6 0 0 0 6 0 0 0 0 0 5 2 0 0 0 0 0 0 4 6 0 0 0 2 3 0 2 0 0 
0 0 0 0 2 0 3 3 0 0 2 3 0 3 2 3 0 0 0 0 0 0 0 2 0 0 0 0 3 4 5 0 6 3 
0 0 0 0 1 0 1 0 0 0 3 5 2 0 3 2 0 0 5 6 0 0 7 3 0 0 0 0 0 0 0 1 0 1 
0 1 0 0 0 4 2 0 0 0 2 6 0 6 0 1 1 0 1 0 3 4 0 0 0 0 0 0 0 0 5 2 0 1 
0 0 0 0 2 3 0 0 1 0 1 4 1 0 0 0 0 0 1 0 1 0 0 1 0 0 0 0 2 0 0 1 0 0 
0 3 0 6 0 0 3 0 0 0 0 1 0 0 0 0 0 0 5 3 0 0 0 2 0 0 0 0 0 0 0 0 0 0 
0 2 2 2 0 0 0 4 3 4 5 2 0 0 0 0 0 0 6 2 0 0 3 3 3 2 2 0 2 0 0 0 0 0 
0 3 6 0 0 0 0 0 0 5 0 6 3 0 0 0 0 0 4 0 0 0 2 0 6 4 1 0 1 0 5 3 0 0 
0 2 5 0 0 1 0 2 0 5 2 2 1 0 0 0 0 0 2 1 0 4 0 0 2 4 3 0 0 0 1 0 0 0 
3 0 0 0 0 0 0 0 0 0 0 0 0 4 0 0 0 4 0 0 0 0 0 0 0 0 0 7 0 7 0 0 5 3 
0 2 0 0 4 0 5 6 4 4 6 5 2 0 1 0 0 0 2 4 0 4 0 0 0 0 3 0 2 0 2 1 0 1 
0 0 2 0 0 2 0 0 2 2 0 0 0 0 2 2 0 0 0 0 0 0 1 3 0 2 0 0 4 6 5 2 0 0 
0 2 4 0 6 5 0 0 1 1 0 0 0 0 0 0 0 0 0 0 0 0 0 0 0 0 0 0 0 4 0 0 0 1 
0 1 2 0 3 1 0 0 0 0 0 0 0 0 3 6 2 0 0 0 0 0 0 0 0 0 0 0 0 0 0 0 0 0 
5 0 0 5 5 2 0 0 0 0 0 0 0 0 1 0 1 0 0 2 0 0 0 0 0 2 0 0 0 2 0 0 0 0 
0 0 1 0 0 0 0 0 0 0 0 0 2 0 3 2 0 0 0 0 0 0 0 3 2 0 0 0 0 0 0 0 0 2 
0 1 0 0 0 0 0 0 3 4 0 0 0 0 0 3 3 0 0 0 0 0 0 2 0 0 0 0 0 0 0 0 0 0 
0 0 3 2 3 0 0 2 0 4 0 0 1 0 0 0 2 0 0 0 0 0 0 0 0 0 0 0 1 0 0 0 0 0 
0 0 0 2 4 0 0 2 0 2 0 2 0 0 0 4 6 0 0 1 0 6 0 6 4 0 0 0 1 0 0 0 0 0 
0 0 0 0 0 0 0 0 0 0 0 0 0 0 0 0 4 0 5 2 0 0 1 0 0 0 0 0 3 0 4 1 0 0 
4 0 0 0 1 1 0 6 5 0 7 0 0 7 4 0 2 0 2 0 0 4 2 0 2 0 0 0 0 0 1 1 0 0 
4 3 0 0 0 0 0 2 2 0 5 2 0 0 2 0 0 0 0 0 0 1 0 0 0 0 0 0 0 0 2 4 4 3 
2 0 7 0 0 0 6 0 0 0 0 0 0 6 5 5 0 6 0 0 0 0 0 0 0 6 4 0 1 0 0 1 1 0 
1 0 5 0 4 2 0 0 0 1 0 0 2 1 0 3 2 6 0 0 0 0 4 3 1 0 1 0 0 0 0 0 0 0 
3 0 0 0 0 0 6 0 0 0 0 0 5 1 0 1 3 0 3 0 0 0 5 0 0 4 1 6 0 0 6 0 4 0 
0 2 2 2 3 0 4 0 0 0 0 1 4 2 0 2 2 0 1 2 2 0 3 2 1 0 1 2 2 3 3 3 2 0 
6 4 4 0 0 0 5 0 0 0 0 0 0 0 3 4 0 5 0 4 4 0 0 0 0 6 0 0 0 6 2 1 2 3 
3 2 0 0 4 0 5 0 0 0 0 0 0 0 0 0 0 0 0 0 0 0 0 2 4 7 2 2 0 7 0 1 0 0 
1 2 2 1 3 1 2 0 0 0 0 0 0 0 0 0 0 0 0 0 0 0 0 1 2 2 0 0 1 2 0 0 0 0 
400 422
0 0 0 1
0 0 1 0
0 0 0 1
0 1 0 7
0 1 2 1
0 27 0 25
0 27 0 30
0 27 14 27
0 27 0 25
0 27 0 30
0 27 14 27
0 30 0 31
0 30 1 30
0 30 1 30
1 9 1 3
1 9 1 17
1 9 0 9
1 9 5 9
1 9 1 3
1 9 1 17
1 9 0 9
1 9 5 9
1 17 1 22
1 17 0 17
1 17 14 17
1 17 1 22
1 22 1 24
1 22 0 22
1 22 7 22
1 30 1 28
1 30 1 31
1 30 2 30
1 30 1 28
1 31 2 31
2 28 2 30
2 28 3 28
2 28 2 30
2 28 3 28
2 32 2 33
2 32 0 32
2 32 6 32
3 15 5 15
4 30 4 28
4 30 4 31
4 30 6 30
4 30 4 28
4 30 4 31
4 30 6 30
4 31 5 31
5 3 5 0
5 3 5 4
5 3 2 3
5 3 10 3
5 9 5 5
5 9 5 15
5 9 11 9
5 9 5 5
5 23 5 24
5 23 6 23
5 23 5 24
5 23 6 23
5 24 1 24
5 24 11 24
5 24 1 24
5 24 11 24
7 18 7 19
7 18 4 18
7 18 8 18
8 1 10 1
8 21 8 20
8 21 13 21
8 21 8 20
8 21 13 21
8 30 8 31
8 30 6 30
8 30 12 30
10 18 10 19
10 18 9 18
10 18 11 18
11 18 11 19
11 18 10 18
11 18 12 18
11 18 11 19
11 18 10 18
12 18 13 18
14 27 14 17
14 27 14 29
14 27 29 27
19 0 19 3
19 0 14 0
19 0 25 0
25 10 25 8
25 10 25 13
25 10 15 10
25 10 26 10
27 2 27 0
27 2 27 6
27 2 22 2
27 2 28 2
31 0 31 1
31 0 29 0
31 0 32 0
31 0 31 1
31 0 29 0
31 0 32 0
31 17 31 15
31 17 31 19
31 17 28 17
32 25 32 24
32 25 32 26
32 25 31 25
32 25 33 25
32 29 32 27
32 29 32 31
32 29 31 29
32 29 33 29
0 1 0 7
0 1 2 1
0 8 0 9
0 10 0 13
0 33 2 33
2 1 2 0
2 1 2 3
2 1 3 1
2 32 2 33
2 32 6 32
3 2 3 1
3 28 3 29
3 33 4 33
4 31 5 31
5 5 5 4
5 5 3 5
5 5 8 5
5 5 5 4
6 32 6 30
6 32 6 33
6 32 14 32
6 32 6 30
6 33 7 33
7 31 8 31
8 5 8 6
8 5 9 5
8 5 8 6
8 20 9 20
8 30 12 30
8 33 14 33
9 31 12 31
10 19 7 19
12 18 13 18
13 19 13 21
13 21 13 24
20 2 22 2
21 1 26 1
25 0 19 0
25 0 26 0
25 0 26 0
26 0 26 1
26 0 27 0
27 2 27 6
27 2 22 2
27 2 28 2
27 6 27 13
27 6 15 6
27 6 29 6
27 6 27 13
27 13 27 14
27 13 25 13
27 13 28 13
27 13 27 14
28 9 28 12
28 12 29 12
29 6 29 0
29 6 29 12
29 6 30 6
29 6 29 12
29 6 30 6
32 29 32 27
32 29 31 29
32 29 33 29
33 28 33 25
0 10 0 13
0 13 0 17
0 17 0 19
0 20 0 22
3 1 3 0
3 1 2 1
7 6 6 6
10 19 7 19
17 5 17 4
17 5 16 5
17 5 18 5
25 7 25 8
25 7 23 7
25 7 26 7
25 7 25 8
25 7 23 7
25 7 26 7
25 13 25 10
25 13 25 14
25 13 14 13
26 11 26 10
28 0 28 2
28 2 28 4
28 4 28 2
28 4 28 5
28 4 28 5
31 29 31 25
31 29 31 30
31 29 30 29
31 29 31 25
32 25 32 24
32 25 32 26
32 25 31 25
0 20 0 22
0 22 0 23
0 24 1 24
0 24 1 24
1 22 1 24
1 22 7 22
1 24 1 25
2 0 2 1
6 6 6 7
7 19 7 18
7 19 7 22
7 19 2 19
7 22 7 23
7 22 11 22
22 12 20 12
23 9 22 9
23 11 15 11
25 13 25 14
25 13 14 13
26 11 26 10
2 19 2 18
6 6 6 7
6 7 11 7
7 18 4 18
7 22 7 23
7 22 11 22
7 23 9 23
9 8 11 8
10 23 11 23
20 12 15 12
23 9 22 9
23 11 15 11
2 18 3 18
3 18 2 18
10 23 11 23
22 9 22 7
22 9 21 9
21 9 21 8
21 9 17 9
21 9 21 8
22 7 15 7
15 7 15 6
15 7 15 8
15 7 13 7
15 7 15 6
15 7 15 8
21 8 17 8
14 13 14 17
14 13 8 13
14 17 14 27
27 17 27 15
27 17 27 25
27 17 28 17
27 17 27 15
27 17 27 25
27 17 28 17
27 25 27 26
27 25 19 25
27 25 29 25
27 25 27 26
27 26 15 26
27 26 28 26
28 17 28 16
28 17 28 22
28 17 31 17
28 22 28 23
28 22 29 22
28 22 28 23
8 13 8 11
8 13 8 15
8 13 6 13
8 16 5 16
15 26 15 21
23 23 23 21
23 23 23 24
23 23 21 23
23 23 23 21
23 23 23 24
23 23 21 23
23 24 20 24
23 24 25 24
25 24 25 22
5 16 5 15
7 12 7 11
8 13 8 11
8 13 6 13
15 26 15 21
20 24 20 23
23 21 23 19
23 21 15 21
23 21 25 21
23 21 15 21
24 19 24 18
24 22 25 22
25 21 25 18
25 21 26 21
25 21 25 18
5 15 6 15
5 15 6 15
7 12 7 11
8 11 8 10
8 11 7 11
8 11 9 11
8 11 8 10
9 11 9 10
9 11 9 12
9 11 10 11
11 10 11 9
11 10 11 11
11 10 13 10
12 9 12 2
12 9 11 9
12 9 13 9
12 11 12 12
12 11 11 11
12 11 13 11
12 11 12 12
12 11 13 11
12 11 12 12
13 12 15 12
15 6 15 4
15 8 15 9
15 8 16 8
15 11 15 10
15 19 15 18
15 19 19 19
15 19 15 18
15 19 19 19
16 8 16 9
16 9 15 9
16 22 16 23
19 25 16 25
20 23 16 23
23 16 23 15
23 16 22 16
23 16 24 16
23 16 23 15
23 16 22 16
23 16 24 16
24 16 24 18
24 16 25 16
24 18 24 19
25 16 25 14
9 5 9 4
10 6 10 3
11 7 11 3
11 7 11 8
11 7 11 3
11 8 11 9
11 10 13 10
15 6 15 4
15 9 15 10
15 9 13 9
15 11 15 10
15 14 16 14
16 25 16 23
21 16 21 15
21 16 19 16
21 16 21 15
23 15 21 15
25 14 20 14
26 14 27 14
9 5 9 4
10 3 10 1
10 3 10 6
10 3 5 3
10 3 10 1
13 9 13 7
13 9 12 9
13 9 12 9
15 4 15 1
15 4 17 4
15 11 15 10
16 2 17 2
16 5 17 5
17 4 17 2
17 4 17 5
17 4 18 4
17 4 17 2
18 16 18 15
26 14 27 14
7 4 6 4
12 2 12 1
12 2 11 2
12 2 13 2
12 2 12 1
12 2 11 2
13 2 13 1
13 2 13 5
13 2 13 1
15 1 17 1
15 10 25 10
16 2 17 2
17 1 18 1
18 2 18 4
18 16 18 15
6 4 5 4
11 1 12 1
18 2 18 4
18 15 18 14
18 15 16 15
18 15 20 15
18 15 18 14
19 4 19 3
19 4 19 5
19 4 22 4
20 14 20 15
20 14 19 14
16 15 16 14

6707

3 6 = = = = = 2 1 3 2 = = 3 - - - 3 - 1 2 = 4 1 2 2 = 6 = = 5 1 1 1 
1 ǁ   2 = = = = = 8 = = = = = = = 6 = = = = 7 = 7 3 1 ǁ 2 = 6 2 | | 
2 7 - 3   1       ǁ               | 3 2     ǁ   ǁ     ǁ 4 = 3 1 5 3 
1 4 1 | 1 2       ǁ           1   | 2 |     ǁ   ǁ     ǁ 3 1     ǁ 1 
      |   |       ǁ           |   | 2 |     ǁ   ǁ     ǁ 2 = 6 4 ǁ 1 
3 - - 7 5 6 = = = 6 - - - - - 5 2 | ǁ |     ǁ 4 6     ǁ 2 3 ǁ 2 ǁ   
      ǁ 2 | 3 3   | 2 3   3 2 3 | | ǁ |     ǁ 2 ǁ     ǁ 3 4 5 = 6 3 
      ǁ 1 | 1 |   | 3 5 2 ǁ 3 2 | | 5 6 - - 7 3 ǁ     ǁ     | 1 | 1 
  1   ǁ   4 2 |   | 2 6 = 6 - 1 1 | 1 ǁ 3 4 ǁ | ǁ     ǁ     5 2 | 1 
  |   ǁ 2 3   | 1 | 1 4 1 |       | 1 ǁ 1 ǁ ǁ 1 ǁ     ǁ 2   ǁ 1 | | 
  3 = 6 = = 3 | | |   1   |       | 5 3   ǁ ǁ 2 ǁ     ǁ     ǁ | | | 
  2 2 2 = = = 4 3 4 5 2   |       | 6 2   ǁ 3 3 3 2 2 ǁ 2   ǁ | | | 
  3 6 - - - - - - 5 ǁ 6 3 |       | 4     ǁ 2   6 4 1 ǁ 1   5 3 | | 
  2 5 - - 1   2 - 5 2 2 1 |       | 2 1 - 4 - - 2 4 3 ǁ     1   | | 
3             |   |     | 4 - - - 4 = = = = = = = = = 7 - 7     5 3 
| 2 - - 4 = 5 6 4 4 6 5 2 ǁ 1       2 4   4 = = = = 3 | 2   2 1   1 
| | 2   | 2 | | 2 2 ǁ ǁ | ǁ 2 2       ǁ   ǁ 1 3 - 2 | | 4 6 5 2     
| 2 4 = 6 5 | | 1 1 ǁ ǁ | ǁ   |       ǁ   ǁ   |   | | |   4       1 
| 1 2 = 3 1 | | | | ǁ ǁ | ǁ 3 6 2     ǁ   ǁ   |   | | |             
5 - - 5 5 2 | | | | ǁ ǁ | ǁ 1 | 1     2   ǁ   |   2 | |   2         
ǁ   1   |   | | | | ǁ ǁ 2 ǁ 3 2 |         ǁ   3 2 | | |           2 
ǁ 1 |   |   | | 3 4 ǁ ǁ | ǁ | 3 3         ǁ   2 | | | |             
ǁ | 3 2 3   | 2 - 4 ǁ ǁ 1 ǁ | | 2         ǁ   ǁ | | | | 1           
ǁ | ǁ 2 4   | 2   2 ǁ 2   ǁ | 4 6     1 - 6 = 6 4 | | | 1           
ǁ | ǁ       | ǁ     ǁ     ǁ |   4 - 5 2   | 1   | | | | 3   4 1     
4 | ǁ   1 1 | 6 5 - 7 = = 7 4 - 2   2 = = 4 2 - 2 | | |     1 1     
4 3 ǁ       | 2 2   5 2   | 2             1       | | |     2 4 4 3 
2 - 7 = = = 6 = = = = = = 6 5 5 = 6 = = = = = = = 6 4 | 1     1 1   
1 - 5 = 4 2 |     1 - - 2 1   3 2 6 - - - - 4 3 1 | 1 |             
3 - - - - - 6 = = = = = 5 1   1 3 ǁ 3       5     4 1 6     6   4   
ǁ 2 2 2 3   4         1 4 2   2 2 ǁ 1 2 2   3 2 1   1 2 2 3 3 3 2   
6 4 4       5               3 4 - 5 - 4 4         6 = = = 6 2 1 2 3 
3 2     4   5                                 2 4 7 2 2 = 7 - 1     
1 2 2 1 3 1 2                                 1 2 2 - - 1 2         
