34 34
1 2 4 2 4 3 2 1 1 3 0 0 0 0 1 2 0 4 0 5 0 0 0 0 2 3 0 2 0 0 2 0 4 1 
3 7 5 1 0 3 3 4 0 6 0 0 0 0 0 0 0 0 0 7 0 0 0 0 0 0 0 0 0 0 0 0 6 1 
2 0 0 0 0 2 0 4 2 1 2 0 0 0 0 0 3 2 2 0 3 5 0 3 0 0 0 0 0 0 3 2 0 0 
0 0 2 0 7 0 7 0 0 0 0 0 0 0 0 0 5 7 6 0 0 0 0 0 1 1 2 3 0 0 0 0 0 0 
0 0 2 1 4 2 0 1 2 3 0 0 0 0 0 0 0 0 0 0 0 0 0 0 5 7 0 4 2 0 0 4 0 0 
5 5 0 0 0 0 7 4 0 6 2 0 0 0 0 0 0 0 0 0 0 3 0 0 2 0 0 0 0 0 0 0 0 2 
0 0 2 0 0 3 0 2 0 0 0 0 0 0 0 0 2 0 0 0 1 3 1 3 1 0 0 0 5 2 0 0 0 0 
4 0 1 0 1 0 0 5 0 4 0 0 0 0 0 0 0 0 0 0 0 1 1 7 3 0 0 0 4 2 0 0 0 0 
0 0 0 0 0 0 0 0 0 0 0 0 0 0 0 0 0 1 0 0 1 3 0 5 1 0 0 0 0 0 0 0 0 0 
2 0 0 1 3 0 0 1 0 0 0 0 0 0 0 0 0 2 0 0 3 0 3 0 0 6 0 0 0 0 5 3 0 0 
1 0 0 0 0 0 0 0 0 0 0 0 0 0 0 0 2 4 0 0 4 2 0 4 2 0 3 2 1 1 0 0 3 4 
3 7 3 0 3 3 0 1 0 0 0 0 0 0 0 0 0 2 0 0 3 0 7 5 1 1 0 2 4 0 0 3 4 1 
2 3 3 0 2 3 0 3 5 0 0 0 0 0 0 0 0 0 4 0 1 0 5 0 0 0 6 1 0 0 0 4 7 1 
0 1 0 0 0 2 0 1 2 0 0 0 0 0 0 0 0 0 1 0 0 0 3 0 2 1 5 0 5 3 0 2 0 2 
4 0 5 0 0 0 7 0 0 0 0 0 0 0 0 0 0 0 0 4 0 0 0 0 0 0 0 0 0 0 6 0 8 4 
4 3 0 2 0 3 0 2 4 0 0 0 0 0 0 0 0 0 0 0 0 0 0 0 0 0 0 0 0 3 0 0 0 2 
1 0 0 2 0 4 0 0 0 1 0 0 2 0 0 0 5 0 0 0 0 0 0 4 0 0 0 3 2 0 0 4 4 0 
2 0 0 3 4 0 0 0 0 2 0 1 0 0 4 1 0 2 3 2 1 4 2 0 0 0 0 0 0 0 0 2 1 0 
0 2 0 1 0 0 0 0 0 0 0 0 0 0 0 0 0 0 0 0 0 0 1 0 0 3 0 6 5 0 4 4 2 0 
0 1 0 0 0 0 0 0 0 0 0 0 0 0 0 0 0 0 0 3 1 0 0 0 0 0 0 0 3 0 0 0 0 0 
5 0 5 0 7 3 0 0 0 0 0 0 0 0 0 0 0 3 0 0 1 0 0 0 0 0 0 4 0 0 1 0 0 0 
0 1 0 2 7 2 0 0 0 0 0 0 0 0 0 0 0 2 0 0 0 0 3 5 2 0 0 0 2 0 3 6 0 0 
3 4 0 2 6 4 0 0 0 3 0 0 0 0 7 0 7 0 5 3 2 5 0 2 0 0 0 2 2 0 0 0 0 0 
2 2 0 1 2 0 0 0 0 0 0 0 0 0 1 2 5 0 0 2 0 0 0 0 0 0 0 0 0 0 0 2 0 0 
6 0 7 3 0 3 0 3 4 0 0 0 0 0 0 0 0 0 0 0 0 6 0 0 0 7 0 3 5 0 1 0 0 0 
2 1 5 0 4 1 0 2 4 0 3 1 2 3 0 0 0 0 0 0 0 5 0 2 0 1 1 0 3 0 0 0 0 0 
4 0 0 0 0 0 7 0 0 0 0 0 0 0 0 0 0 0 0 0 0 0 0 0 0 0 0 0 0 5 0 0 4 4 
5 5 2 0 0 0 0 2 0 0 0 0 0 5 0 0 0 2 1 2 0 2 2 0 5 0 0 1 0 0 1 0 3 0 
0 0 1 0 0 0 4 0 0 0 0 0 0 7 0 2 0 2 0 1 0 0 1 0 7 0 0 0 0 8 3 2 3 0 
1 0 3 0 0 0 0 0 0 0 0 0 0 5 0 0 0 0 0 0 0 4 2 1 0 3 0 5 2 0 1 1 2 0 
3 3 5 0 0 0 1 1 2 0 3 0 0 4 0 0 0 4 0 4 0 0 1 1 0 4 3 0 2 5 6 2 0 0 
2 2 3 0 1 0 1 0 0 0 5 1 1 0 0 0 2 0 0 2 0 0 0 0 0 0 1 0 0 0 0 1 0 3 
0 1 0 0 0 0 2 0 0 0 4 0 2 0 0 0 5 0 0 0 0 4 4 2 4 0 0 6 3 1 4 0 3 1 
2 0 4 0 0 0 0 0 0 0 0 0 0 0 0 0 4 0 0 2 1 1 2 1 1 0 0 4 4 2 4 2 3 1 
400 381
0 19 0 17
0 19 0 24
0 19 1 19
1 1 1 0
1 1 1 2
1 1 0 1
1 1 5 1
2 21 2 20
2 21 2 23
2 21 5 21
3 4 3 2
3 4 3 6
3 4 0 4
3 4 4 4
3 17 3 16
3 17 3 18
3 17 2 17
3 17 8 17
3 18 3 17
3 18 2 18
3 18 12 18
3 18 3 17
3 18 2 18
4 24 4 25
4 24 3 24
4 24 5 24
4 25 4 24
4 25 4 27
4 25 3 25
4 25 9 25
5 0 5 1
5 0 2 0
5 0 7 0
5 6 5 1
5 6 5 7
5 6 3 6
5 6 14 6
6 28 6 29
6 28 4 28
6 28 7 28
7 7 7 9
7 7 6 7
7 7 9 7
7 23 7 22
7 23 7 24
7 23 6 23
7 23 8 23
9 17 10 17
11 1 11 0
11 1 11 2
11 1 5 1
11 1 12 1
11 22 11 20
11 22 11 23
11 22 9 22
11 22 12 22
12 8 12 7
12 8 12 18
12 8 13 8
12 32 12 31
12 32 12 33
12 32 11 32
12 32 14 32
13 33 14 33
14 32 14 30
14 32 14 33
14 32 12 32
14 32 16 32
16 16 16 12
16 16 16 23
16 16 22 16
20 0 20 2
20 0 17 0
20 0 22 0
20 4 20 2
20 4 20 5
20 4 17 4
20 4 21 4
21 31 21 30
21 31 18 31
21 31 23 31
21 31 21 30
21 31 18 31
21 31 23 31
22 14 22 9
22 14 22 16
22 14 17 14
22 14 23 14
24 0 24 2
24 0 23 0
24 0 25 0
24 0 24 2
24 0 23 0
24 0 25 0
24 2 24 3
24 2 20 2
24 2 25 2
24 25 24 21
24 25 24 27
24 25 18 25
24 25 25 25
26 0 26 6
26 0 27 0
26 0 26 6
26 0 27 0
26 6 26 29
26 6 14 6
26 6 28 6
27 0 27 1
27 0 29 0
27 0 27 1
27 13 27 7
27 13 27 17
27 13 28 13
27 24 27 22
27 24 27 27
27 24 28 24
28 24 28 22
28 24 28 29
28 24 27 24
28 24 32 24
28 29 28 24
28 29 28 30
28 29 26 29
28 29 30 29
29 27 29 25
29 27 29 28
29 27 32 27
30 25 30 26
30 25 29 25
30 25 30 26
30 25 29 25
30 26 31 26
2 20 2 21
2 20 6 20
3 26 3 27
4 2 4 3
4 2 3 2
4 4 4 5
4 4 3 4
4 4 4 5
4 25 4 24
4 25 4 27
7 0 5 0
7 0 9 0
7 0 9 0
7 9 7 7
7 9 5 9
7 9 5 9
7 23 7 24
7 23 6 23
7 23 8 23
9 17 10 17
9 25 9 22
9 25 9 30
9 25 11 25
10 0 11 0
10 17 10 16
10 17 11 17
10 23 10 24
10 23 11 23
10 23 10 24
10 23 11 23
11 17 11 7
12 32 12 31
12 32 11 32
13 26 13 25
13 26 13 28
13 26 12 26
13 33 14 33
14 32 14 30
14 32 14 33
14 32 16 32
15 33 26 33
16 32 16 31
16 32 17 32
17 15 17 14
19 1 18 1
21 1 22 1
22 1 22 0
22 1 23 1
22 1 22 0
22 14 22 9
22 14 22 16
22 14 17 14
22 18 22 16
22 18 22 19
22 18 17 18
23 15 23 16
24 25 24 21
24 25 24 27
24 25 18 25
25 1 25 2
25 21 25 13
25 21 25 23
25 21 24 21
25 23 25 21
25 26 25 28
25 28 24 28
28 24 27 24
28 29 28 30
28 29 26 29
28 29 30 29
29 27 29 28
29 27 32 27
32 27 32 24
32 27 32 28
32 27 33 27
32 27 32 24
33 27 33 24
33 27 33 28
33 27 33 28
33 28 33 29
33 28 32 28
1 2 1 1
1 2 1 3
1 2 0 2
3 4 3 6
3 4 0 4
3 26 3 27
4 27 4 28
4 27 3 27
4 31 2 31
4 31 9 31
4 31 2 31
4 31 9 31
5 9 5 7
5 9 5 10
5 9 4 9
5 9 5 7
5 10 2 10
7 7 6 7
7 28 7 29
7 28 6 28
7 28 7 29
9 25 9 22
9 25 9 30
10 16 6 16
11 22 11 20
11 22 11 23
11 22 12 22
14 30 14 19
14 30 9 30
14 30 18 30
14 30 14 19
15 33 26 33
16 31 17 31
17 14 17 11
20 0 20 2
20 0 17 0
21 17 20 17
21 24 21 23
22 9 17 9
23 15 23 16
24 21 24 8
24 21 22 21
24 21 25 21
25 13 25 12
25 28 24 28
26 33 26 32
26 33 31 33
27 22 27 21
31 33 31 31
31 33 32 33
32 24 32 23
33 33 33 32
0 4 0 3
0 4 0 5
1 2 1 1
3 6 1 6
3 6 5 6
3 6 1 6
5 7 5 6
6 16 3 16
6 28 6 29
11 23 11 24
12 31 11 31
12 31 13 31
13 24 13 22
14 19 14 6
14 19 1 19
16 31 17 31
17 9 16 9
18 31 18 30
18 31 18 32
18 32 26 32
21 17 20 17
21 24 21 23
25 13 25 12
26 32 26 29
26 32 27 32
0 2 0 1
0 2 0 3
1 19 1 9
1 19 1 32
1 19 0 19
2 5 1 5
12 18 12 8
12 18 13 18
13 24 13 22
14 6 14 2
14 6 5 6
14 6 26 6
14 6 14 2
16 12 16 16
17 4 17 3
17 4 20 4
17 4 17 3
18 30 18 28
18 30 20 30
20 17 17 17
20 27 18 27
20 27 22 27
20 27 18 27
20 27 22 27
24 27 24 28
25 11 25 10
26 29 26 6
0 0 1 0
0 17 0 15
0 17 0 19
0 17 0 15
0 24 0 25
0 25 0 27
0 25 0 27
0 30 0 32
1 19 1 9
1 19 1 32
1 32 1 33
1 32 0 32
1 32 10 32
1 32 0 32
2 5 1 5
5 33 10 33
9 3 9 4
12 7 12 8
12 7 13 7
13 22 12 22
15 29 15 8
17 17 17 18
18 27 18 25
18 27 18 28
18 27 16 27
18 27 18 28
25 10 25 8
0 14 0 9
0 30 0 32
1 9 1 7
1 9 0 9
1 9 2 9
1 9 1 7
2 10 2 16
4 9 4 8
5 33 10 33
10 33 10 32
10 33 11 33
11 32 11 31
11 32 10 32
15 29 15 8
25 10 25 8
0 9 0 8
4 9 4 8
11 31 9 31
15 8 15 7
15 8 24 8
24 8 24 7
24 8 25 8
25 8 25 7
2 8 2 7
4 7 2 7
9 30 2 30
9 30 2 30
15 7 24 7
24 7 25 7
2 7 2 8
2 7 1 7
2 30 2 23
1 7 1 6
0 7 0 6
1 5 0 5
0 5 0 6

5031

1 2 4 2 4 3 2 1 1 3 - - - - 1 2 = 4 = 5 - - - - 2 3 = 2     2 = 4 1 
3 7 5 1 ǁ 3 3 4 = 6 = = = = = = = = = 7 = = = = = = = = = = = = 6 1 
2 |     ǁ 2 ǁ 4 2 1 2 - - - - - 3 2 2 | 3 5 - 3 - - - - - - 3 2 |   
| | 2 - 7 = 7 |     |           5 7 6 | | |     1 1 2 3     ǁ ǁ |   
| | 2 1 4 2 ǁ 1 2 3 |           | | | | | |     5 7 = 4 2   ǁ 4 |   
5 5 - - - - 7 4 = 6 2           | | | | | 3     2 |     |   ǁ ǁ | 2 
ǁ | 2     3 ǁ 2   ǁ             2 | | | 1 3 1 3 1 |     5 2 ǁ ǁ | ǁ 
4 | 1   1   ǁ 5 = 4             | | | |   1 1 7 3 |     4 2 ǁ ǁ | ǁ 
ǁ |         ǁ |                 | 1 | | 1 3   5 1 |         ǁ ǁ | ǁ 
2 |   1 3   ǁ 1                 | 2 | | 3   3 = = 6 = = = = 5 3 | ǁ 
1 |         ǁ                   2 4 | | 4 2 | 4 2 | 3 2 1 1 | | 3 4 
3 7 3   3 3 ǁ 1 - - - - - - - - - 2 | | 3 = 7 5 1 1   2 4   | 3 4 1 
2 3 3   2 3 ǁ 3 5 = = = = = = = = = 4 | 1   5       6 1     | 4 7 1 
  1       2 ǁ 1 2                   1 |     3 = 2 1 5 - 5 3 | 2 ǁ 2 
4   5 = = = 7 - - - - - - - - - - - - 4 = = = = = = = = = = 6 = 8 4 
4 3   2   3 ǁ 2 4 = = = = = = = = = = = = = = = = = = = = 3 |   ǁ 2 
1     2   4 ǁ | | 1     2 = = = 5 - - - - - - 4       3 2   | 4 4 ǁ 
2     3 4   ǁ | | 2   1 - - 4 1 | 2 3 2 1 4 2         |     | 2 1 ǁ 
ǁ 2   1 ǁ   ǁ | | |         ǁ   | | |       1     3 - 6 5 - 4 4 2 ǁ 
ǁ 1     ǁ   ǁ | | |         ǁ   | | | 3 1         ǁ   ǁ 3   | ǁ | ǁ 
5 = 5 - 7 3 ǁ | | |         ǁ   | 3 |   1         ǁ   4     1 ǁ | ǁ 
| 1 | 2 7 2 ǁ | | |         ǁ   | 2 |       3 5 2 ǁ   ǁ 2   3 6 | ǁ 
3 4 | 2 6 4 ǁ | | 3 = = = = 7 = 7 - 5 3 2 5   2   ǁ   2 2     ǁ | ǁ 
2 2 | 1 2   ǁ | |           1 2 5     2   |       ǁ           2 | ǁ 
6 = 7 3   3 ǁ 3 4 - - - - - - - - - - - - 6 = = = 7 = 3 5   1   | ǁ 
2 1 5   4 1 ǁ 2 4 = 3 1 2 3 - - - - - - - 5 = 2   1 1 - 3       | ǁ 
4 = = = = = 7 = = = = = = = = = = = = = = = = = = = = = = 5 - - 4 4 
5 5 2       | 2 - - - - - 5 - - - 2 1 2   2 2 - 5 - - 1   ǁ 1   3 | 
|   1       4             7   2   2   1     1 - 7 = = = = 8 3 2 3 | 
1   3                     5               4 2 1 | 3 - 5 2 ǁ 1 1 2 | 
3 3 5       1 1 2   3     4       4   4     1 1 | 4 3 ǁ 2 5 6 2   | 
2 2 3   1   1       5 1 1       2     2         |   1 ǁ       1 - 3 
  1         2       4   2       5         4 4 2 4 = = 6 3 1 4   3 1 
2   4                           4     2 1 1 2 1 1 - - 4 4 2 4 2 3 1 
