34 34
1 0 0 2 2 1 4 0 0 4 0 3 0 5 3 2 3 0 0 0 4 0 0 0 0 0 0 0 0 0 0 0 2 1 
3 0 0 4 5 3 6 0 0 0 0 0 0 6 0 2 0 2 1 0 0 2 2 2 1 0 2 0 0 0 0 0 0 4 
0 0 0 0 0 0 0 3 4 2 0 0 0 0 1 4 0 0 0 2 0 3 0 4 0 0 0 0 0 0 0 0 2 0 
0 0 0 0 0 2 0 4 0 0 0 0 0 0 3 3 3 5 3 0 0 0 1 0 0 0 0 0 0 0 0 0 0 0 
0 0 2 0 0 0 0 4 0 0 1 0 0 0 0 2 6 2 1 0 0 0 4 3 4 0 0 0 0 0 0 0 4 0 
0 0 0 0 4 3 0 0 0 0 0 0 0 0 0 3 6 2 0 3 0 2 4 2 0 0 0 0 0 3 3 2 0 0 
0 0 0 0 2 2 0 0 0 0 3 0 0 6 6 5 3 0 0 0 0 3 0 0 7 0 0 0 0 3 2 0 0 0 
5 4 3 0 0 0 0 5 5 6 2 2 0 5 0 0 0 0 5 2 0 3 5 0 7 2 0 0 0 0 6 1 0 0 
2 1 0 0 0 0 0 2 0 3 0 0 0 0 0 2 3 2 3 2 0 0 1 0 4 0 4 2 1 0 3 0 0 0 
4 0 0 5 0 0 6 0 6 0 0 0 0 0 0 0 0 0 0 0 6 0 0 0 0 0 0 0 0 0 0 0 5 6 
0 1 0 0 2 0 0 0 0 1 5 0 3 0 0 2 0 4 0 0 0 2 0 0 0 0 0 0 0 0 4 2 0 0 
5 5 1 0 0 0 0 0 0 0 0 2 0 0 3 0 0 5 2 0 0 0 1 0 0 3 0 0 1 0 0 1 0 0 
0 4 4 0 0 0 0 2 0 2 5 4 0 0 0 0 0 0 0 0 0 2 0 0 0 2 0 0 0 0 0 0 0 0 
0 1 0 0 0 1 0 0 0 0 0 0 0 0 0 0 0 0 1 0 0 0 0 0 0 0 0 0 0 0 0 3 0 0 
3 0 0 0 0 0 0 0 0 0 0 0 0 3 4 0 0 0 1 1 0 0 0 0 0 0 0 0 0 0 0 0 0 0 
3 5 4 0 0 0 0 4 0 0 0 0 0 3 0 0 0 0 0 0 0 0 0 0 0 0 0 0 0 0 0 0 0 0 
3 0 0 6 7 4 0 0 0 3 5 4 0 2 5 0 0 5 6 4 0 0 0 0 0 0 0 0 0 0 0 0 0 0 
0 3 2 0 0 2 0 0 0 0 2 2 0 0 3 1 0 0 0 0 0 0 0 0 0 0 0 0 0 0 0 0 0 0 
0 0 1 0 0 1 0 0 0 0 2 0 5 0 0 0 0 4 2 2 0 0 0 0 0 0 0 0 0 0 0 4 0 4 
3 3 3 4 0 1 0 0 0 0 2 0 0 0 0 0 0 2 0 0 0 0 0 0 0 0 0 0 0 0 0 0 0 2 
3 0 4 2 0 0 0 0 0 0 1 0 0 0 0 0 0 0 0 0 0 0 0 0 0 0 0 0 0 0 0 0 0 1 
2 0 0 0 5 5 0 0 0 4 0 0 7 0 0 0 0 0 0 0 5 0 0 0 0 0 0 0 0 0 5 5 0 0 
2 0 0 0 0 4 0 0 0 0 3 2 0 3 5 3 0 5 2 2 0 3 0 0 3 4 5 4 2 2 0 2 0 0 
2 3 0 3 0 3 0 0 0 0 4 4 0 2 0 4 0 5 1 0 0 6 0 0 4 0 4 4 3 5 0 0 0 0 
3 6 0 0 0 0 6 5 0 0 1 0 0 0 0 0 2 4 3 4 0 4 2 2 0 0 2 0 1 0 0 4 5 4 
3 0 3 4 0 0 3 2 0 5 0 5 0 0 3 5 0 0 0 0 5 0 0 4 2 0 0 0 0 0 0 0 0 0 
0 0 2 0 0 0 1 1 0 0 2 0 0 0 4 5 0 0 3 0 4 0 0 0 0 5 0 5 3 0 0 0 3 0 
4 5 2 0 2 0 4 2 0 4 4 1 0 0 0 4 0 0 6 0 0 0 6 4 2 4 0 0 4 4 0 2 0 0 
2 0 0 6 0 0 4 0 0 1 0 0 0 0 0 0 2 0 7 0 5 2 5 5 1 0 1 2 2 0 0 3 0 0 
1 1 0 6 0 0 5 4 0 3 0 0 4 0 3 0 4 2 4 2 3 1 5 5 0 0 0 0 3 0 0 2 0 0 
2 3 0 3 1 2 3 1 0 2 0 1 1 0 1 0 1 2 4 3 2 1 3 0 0 4 3 0 0 0 0 2 3 3 
1 2 0 0 0 0 0 0 6 0 0 0 0 7 0 8 0 0 0 0 0 0 0 6 0 0 0 6 6 5 0 2 1 0 
4 0 4 0 0 0 0 0 5 3 2 1 0 3 2 8 0 0 2 2 4 0 0 5 3 0 0 4 3 1 2 3 2 4 
3 3 0 0 0 0 3 0 0 0 0 0 0 0 0 5 0 0 0 0 0 0 0 0 0 0 0 0 0 0 2 2 1 2 
400 304
0 13 0 11
0 13 0 14
0 13 1 13
6 24 6 21
6 24 6 29
6 24 4 24
6 24 7 24
7 0 7 1
7 0 1 0
7 0 8 0
7 22 7 21
7 22 7 24
7 22 8 22
9 33 9 32
9 33 1 33
9 33 18 33
9 33 9 32
9 33 1 33
9 33 18 33
11 0 11 1
11 0 9 0
11 0 14 0
16 4 16 3
16 4 16 5
16 4 10 4
16 4 21 4
18 33 18 31
18 33 19 33
21 12 21 9
21 12 21 20
21 12 18 12
21 12 29 12
21 31 21 30
21 31 18 31
21 31 22 31
22 14 22 13
22 14 22 15
22 14 25 14
22 17 22 15
22 17 22 18
22 17 23 17
23 29 23 28
23 29 22 29
23 29 27 29
24 32 24 31
24 32 24 33
24 32 26 32
25 11 25 9
25 11 23 11
25 11 27 11
28 18 28 16
28 18 28 20
28 18 27 18
28 18 29 18
31 13 31 8
31 13 31 15
31 13 23 13
31 13 32 13
31 15 31 13
31 15 31 23
31 15 27 15
31 15 32 15
32 8 32 2
32 8 32 9
32 8 31 8
32 15 32 14
32 15 32 18
32 15 31 15
32 15 33 15
32 15 32 14
32 15 32 18
32 15 31 15
32 19 32 20
32 20 32 19
32 20 32 23
32 20 32 23
33 15 33 6
33 15 33 30
1 33 1 26
1 33 0 33
19 17 18 17
19 33 20 33
20 10 19 10
24 33 24 32
24 33 30 33
24 33 24 32
26 32 30 32
27 10 27 9
27 10 26 10
27 10 27 9
27 10 26 10
30 14 29 14
32 13 32 11
32 13 31 13
33 15 33 6
33 15 33 30
0 32 0 20
1 26 1 24
19 17 18 17
24 31 22 31
24 31 27 31
24 31 27 31
26 32 30 32
29 14 26 14
32 10 32 9
33 6 33 1
0 32 0 20
21 31 21 30
21 31 18 31
29 14 26 14
32 10 32 9
0 20 0 16
0 20 9 20
9 20 9 8
9 20 9 32
9 20 21 20
9 20 9 8
9 20 9 32
9 32 4 32
10 10 10 9
10 10 10 12
10 10 12 10
10 17 10 15
10 17 11 17
10 17 10 15
10 17 11 17
17 15 17 14
18 31 13 31
22 26 22 25
22 26 22 27
22 26 23 26
26 14 26 15
26 14 25 14
32 8 32 2
32 8 31 8
4 32 4 24
4 32 2 32
4 32 4 24
6 14 6 13
6 14 6 15
6 14 3 14
6 14 6 13
6 14 6 15
6 14 3 14
7 13 7 11
7 13 7 18
7 13 6 13
8 24 8 26
8 24 7 24
8 24 8 26
8 24 7 24
8 26 8 27
9 8 9 6
9 8 7 8
9 8 31 8
9 8 9 6
12 7 15 7
13 31 11 31
15 7 12 7
15 7 24 7
15 7 24 7
19 10 18 10
21 5 21 4
21 5 19 5
21 5 22 5
24 10 23 10
27 9 25 9
27 9 28 9
32 2 32 0
32 2 27 2
33 1 33 0
2 32 2 23
4 24 4 23
6 13 6 10
6 13 1 13
6 13 7 13
6 24 6 21
6 24 6 29
6 24 7 24
8 26 8 27
8 28 8 30
8 30 7 30
9 6 9 3
9 6 1 6
9 6 24 6
9 6 9 3
10 31 10 30
13 5 16 5
16 5 16 4
16 5 17 5
17 5 18 5
23 10 23 11
23 10 22 10
23 10 23 11
23 11 22 11
24 6 24 1
24 6 24 7
24 6 25 6
24 6 24 1
24 6 24 7
24 7 25 7
25 11 25 9
28 3 28 6
28 3 25 3
28 3 29 3
28 3 28 6
28 3 25 3
28 3 29 3
28 6 27 6
28 6 29 6
29 3 29 6
29 3 30 3
29 3 29 6
29 3 30 3
30 3 30 4
30 5 30 6
31 8 31 13
32 0 31 0
32 0 33 0
32 0 33 0
1 6 1 5
1 6 1 13
1 6 0 6
1 6 1 5
1 6 1 13
3 7 2 7
3 7 4 7
3 7 2 7
3 7 4 7
4 2 7 2
4 7 4 10
4 7 7 7
6 10 7 10
7 7 7 8
7 7 8 7
7 7 7 8
7 7 8 7
7 8 7 9
7 9 7 8
7 9 7 10
7 9 8 9
7 9 8 9
7 9 8 9
7 11 7 13
8 15 8 16
8 30 7 30
10 31 10 30
22 10 22 11
23 13 22 13
24 1 24 0
24 1 23 1
24 1 27 1
24 1 24 0
25 3 25 2
25 3 25 6
25 9 21 9
27 4 27 6
30 5 30 6
31 1 30 1
0 6 0 5
0 6 0 9
0 6 0 9
0 9 0 11
2 7 2 8
2 8 2 9
2 9 2 8
4 2 7 2
7 30 7 25
7 30 7 31
7 30 6 30
7 30 7 25
8 15 8 16
8 16 8 17
8 17 8 18
10 30 10 21
10 30 21 30
22 13 22 14
25 2 26 2
25 9 21 9
27 4 27 6
27 6 27 7
31 1 30 1
0 9 0 11
0 13 0 14
0 13 1 13
1 13 1 15
5 31 5 30
5 31 5 30
7 24 7 22
10 21 12 21
21 9 21 12
25 2 26 2
27 2 27 1
30 0 30 1
30 0 29 0
0 14 0 15
7 21 7 22
7 21 6 21
27 1 27 0
27 1 29 1
27 1 27 0
28 0 27 0
27 0 25 0
25 0 24 0

14535

1     2 2 1 4 = = 4 = 3 - 5 3 2 3 - - - 4 = = = = = = = = = = = 2 1 
3     4 5 3 6 = = = = = = 6 - 2   2 1   | 2 2 2 1 - 2 - - - - - - 4 
|           | 3 4 2       | 1 4       2 | 3   4 - - - - - - - - 2 ǁ 
|         2 | 4           | 3 3 3 5 3   |   1                   | ǁ 
|   2       | 4 - - 1     | ǁ 2 6 2 1   |   4 3 4 = = = = = = = 4 ǁ 
|   ǁ   4 3 | |           | ǁ 3 6 2   3 | 2 4 2 |         3 3 2 | ǁ 
|   ǁ   2 2 | |     3 - - 6 6 5 3       | 3 = = 7 = = = = 3 2   | ǁ 
5 4 3       | 5 5 6 2 2 = 5 - - - - 5 2 | 3 5 = 7 2 = = = = 6 1 | ǁ 
2 1         | 2 | 3           2 3 2 3 2 |   1   4 = 4 2 1 - 3   | ǁ 
4     5 = = 6 = 6 = = = = = = = = = = = 6 = = = = = = = = = = = 5 6 
| 1     2   |   | 1 5 - 3     2 = 4     | 2 - - - - - - - - 4 2   ǁ 
5 5 1   |   |   |   | 2     3     5 2   | | 1     3     1   | 1   ǁ 
| 4 4   |   | 2 | 2 5 4                 | 2       2         | |   ǁ 
| 1     | 1 | ǁ |                   1   |                   | 3   ǁ 
3       | | | ǁ |         3 4       1 1 |                   | |   ǁ 
3 5 4   | | | 4 |         3             |                   | |   ǁ 
3     6 7 4 | ǁ | 3 5 4   2 5     5 6 4 |                   | |   ǁ 
  3 2   | 2 | ǁ |   2 2     3 1         |                   | |   ǁ 
    1   | 1 | ǁ |   2   5         4 2 2 |                   | 4 - 4 
3 3 3 4 | 1 | ǁ |   2   |         2     |                   | ǁ   2 
3   4 2 | | | ǁ |   1   |               |                   | ǁ   1 
2       5 5 | ǁ | 4 = = 7 - - - - - - - 5                   5 5     
2         4 | ǁ | ǁ 3 2 | 3 5 3 - 5 2 2   3     3 4 5 4 2 2   2     
2 3   3   3 | ǁ | ǁ 4 4 | 2 | 4   5 1     6     4   4 4 3 5   |     
3 6 = = = = 6 5 | ǁ 1 | | | |   2 4 3 4   4 2 2     2   1 |   4 5 4 
3 | 3 4 - - 3 2 | 5 = 5 | | 3 5         5     4 2         |   ǁ | | 
| | 2 ǁ     1 1 | | 2 | | | 4 5     3   4         5   5 3 |   ǁ 3 | 
4 5 2 ǁ 2 = 4 2 | 4 4 1 | | ǁ 4     6       6 4 2 4     4 4   2 ǁ | 
2 | | 6 = = 4   | 1     | | ǁ | 2 - 7 - 5 2 5 5 1   1 2 2     3 ǁ | 
1 1 | 6 = = 5 4 | 3     4 | 3 | 4 2 4 2 3 1 5 5         3     2 ǁ | 
2 3 | 3 1 2 3 1 | 2   1 1 | 1 | 1 2 4 3 2 1 3     4 3         2 3 3 
1 2 |           6 = = = = 7 = 8 - - - - - - - 6       6 6 5   2 1   
4 - 4 = = = = = 5 3 2 1 - 3 2 8 = = 2 2 4 = = 5 3     4 3 1 2 3 2 4 
3 3 - - - - 3 = = = = = = = = 5 = = = = = = = = = = = = = = 2 2 1 2 
