34 34
2 0 3 3 5 5 3 2 0 0 3 2 0 0 0 0 0 0 0 0 0 0 4 0 0 0 0 0 3 3 0 0 2 2 
4 2 0 1 0 2 0 1 2 0 0 4 0 3 0 2 0 1 0 3 0 0 2 0 0 0 0 0 0 2 0 0 0 0 
5 0 4 0 4 2 5 0 2 0 0 3 3 0 0 4 0 0 0 4 0 0 0 0 0 0 0 0 7 0 0 0 5 5 
4 1 5 4 0 1 0 4 0 0 6 0 0 0 0 0 0 0 0 0 0 0 0 4 3 0 1 0 0 2 3 3 0 0 
3 3 4 3 0 0 0 3 2 0 2 0 0 0 0 0 0 0 0 0 0 0 0 0 1 0 0 0 0 0 1 0 0 0 
1 0 0 0 6 0 7 0 0 0 0 0 0 0 0 0 0 0 0 0 0 0 0 7 0 0 0 0 7 6 2 0 0 0 
2 5 3 1 0 1 0 3 5 0 0 0 0 0 0 0 0 0 3 0 0 3 2 0 0 1 0 2 0 0 4 5 0 0 
2 0 0 0 0 0 0 0 6 4 2 3 0 0 0 0 0 0 6 0 0 6 2 0 2 2 0 0 0 0 2 0 0 0 
0 3 0 0 5 2 0 1 2 0 0 0 0 0 0 0 2 0 0 0 0 0 1 0 0 0 0 0 3 0 1 0 0 0 
0 3 0 0 3 2 0 0 0 0 0 2 0 0 0 0 3 0 1 0 0 0 0 0 3 5 1 0 0 0 2 0 0 0 
0 3 2 0 1 1 0 0 0 0 0 0 0 0 0 0 0 0 0 0 0 0 0 0 0 0 0 0 0 0 0 0 0 0 
4 0 0 0 0 0 6 0 0 0 0 0 0 0 0 0 0 0 0 0 0 7 3 0 0 0 0 0 0 0 0 0 0 0 
0 1 2 2 0 0 6 0 0 0 0 0 0 3 3 3 0 1 1 0 0 5 3 0 0 0 0 0 0 0 0 0 0 0 
3 5 7 0 0 0 5 0 0 6 0 0 0 5 0 5 1 4 0 0 0 2 2 0 1 0 2 0 0 0 0 0 0 0 
1 1 0 0 0 0 3 2 0 3 0 1 0 3 1 2 0 3 0 0 1 0 0 0 0 0 0 0 0 0 0 0 0 0 
3 0 5 0 0 0 0 0 0 0 0 0 0 0 0 0 0 0 0 0 0 0 0 5 6 5 6 5 0 0 0 0 0 0 
0 0 0 2 6 0 0 0 0 0 0 0 0 5 2 0 3 1 2 0 3 3 3 0 0 0 0 0 0 0 0 0 0 0 
0 0 0 3 5 3 0 0 0 0 0 0 0 5 0 0 6 1 0 0 0 2 3 0 0 4 4 0 1 0 0 0 0 0 
0 2 0 0 0 0 0 0 0 0 1 0 0 0 1 1 0 0 0 0 0 3 3 0 3 1 0 0 0 0 3 0 0 0 
0 0 0 2 4 4 0 2 0 0 0 0 0 0 0 0 0 0 0 0 0 0 1 0 3 4 0 8 0 3 0 0 0 0 
1 4 0 0 5 0 0 0 0 0 2 0 0 0 0 0 0 0 0 0 0 0 1 0 3 1 0 0 0 1 0 0 2 0 
0 0 0 0 2 0 0 0 0 0 0 0 0 0 0 0 0 0 0 1 4 4 2 0 0 0 0 0 0 0 0 0 2 3 
2 5 0 3 0 0 0 0 0 0 0 0 0 7 3 2 0 0 0 2 0 2 1 0 4 6 0 7 4 5 0 0 0 2 
1 0 0 0 3 4 0 0 0 0 4 2 0 0 1 1 0 0 0 0 2 3 2 0 0 0 2 0 1 2 0 0 6 5 
1 0 0 0 0 0 0 1 2 2 0 0 0 0 0 0 0 0 0 0 0 1 1 0 1 4 4 3 3 0 5 0 2 0 
4 6 0 0 3 0 3 5 3 6 0 0 0 7 6 4 0 0 0 0 0 0 0 0 0 4 0 0 2 0 0 0 0 0 
0 0 0 0 1 0 0 0 0 2 0 1 0 1 0 2 0 0 0 5 0 0 0 7 0 0 0 0 0 0 3 0 2 0 
0 4 0 4 0 5 4 3 2 0 0 4 0 0 6 2 0 0 0 5 4 2 0 5 0 0 0 0 0 4 3 0 0 0 
0 2 0 4 3 3 2 1 0 0 0 1 2 0 4 1 0 0 0 2 4 5 2 3 2 0 0 0 0 2 2 0 0 0 
4 0 6 0 0 0 0 0 0 0 0 0 0 0 0 0 6 0 4 0 0 0 0 0 0 0 0 0 0 0 0 6 7 4 
2 1 0 1 0 0 0 0 4 0 0 0 0 3 3 2 0 2 0 1 0 3 0 0 0 0 0 0 3 1 1 1 4 2 
1 0 5 0 0 0 0 0 5 3 2 4 1 0 5 0 6 5 6 0 0 0 0 0 0 0 0 0 5 4 4 0 5 2 
3 0 7 0 3 1 3 1 4 5 0 6 2 2 4 1 4 2 8 0 0 0 4 0 0 5 1 2 6 0 0 2 4 3 
1 0 2 2 4 0 4 2 2 3 0 4 0 3 3 0 6 2 3 0 0 0 0 1 1 3 1 0 2 0 0 1 3 3 
400 320
0 4 0 3
0 4 0 5
0 4 2 4
2 0 2 2
2 0 1 0
2 0 3 0
2 28 2 19
2 28 2 32
2 28 0 28
2 28 5 28
2 33 2 32
2 33 0 33
2 33 21 33
5 6 5 4
5 6 5 23
5 6 2 6
5 6 11 6
6 8 6 7
6 8 6 18
6 8 7 8
6 31 6 30
6 31 3 31
6 31 29 31
7 8 7 9
7 8 6 8
7 8 8 8
7 8 7 9
7 8 6 8
7 9 7 10
7 9 13 9
11 6 11 0
11 6 5 6
11 6 12 6
11 6 11 0
11 6 12 6
12 6 12 3
12 6 13 6
12 6 12 3
12 6 13 6
13 2 13 1
13 2 13 6
13 2 12 2
13 2 15 2
13 9 13 6
13 9 13 13
13 9 14 9
13 9 13 6
13 9 13 13
15 27 15 26
15 27 6 27
15 27 19 27
16 4 16 3
16 4 16 13
16 4 17 4
16 4 16 3
16 4 16 13
16 4 17 4
19 27 19 25
19 27 19 29
19 27 15 27
19 27 22 27
22 13 22 3
22 13 22 14
22 13 17 13
22 13 25 13
22 29 22 28
22 29 20 29
22 29 23 29
23 32 23 33
23 32 21 32
23 32 24 32
23 32 23 33
23 32 21 32
23 32 24 32
24 30 24 28
24 30 18 30
24 30 26 30
25 13 25 9
25 13 25 14
25 13 22 13
25 13 26 13
26 23 26 19
26 23 26 30
26 23 15 23
26 23 27 23
26 32 29 32
32 2 32 0
32 2 32 4
32 2 31 2
32 2 33 2
32 18 32 17
32 18 32 22
32 18 31 18
32 18 33 18
32 18 32 17
32 18 32 22
32 18 31 18
32 18 33 18
32 22 32 25
32 22 28 22
32 25 32 26
32 25 33 25
32 25 33 25
32 25 33 25
32 27 32 28
33 16 33 14
33 16 33 17
33 16 32 16
33 16 33 14
33 16 33 17
33 16 32 16
33 18 33 23
33 26 33 28
1 29 0 29
6 7 8 7
7 10 7 11
11 0 7 0
11 0 13 0
13 2 13 1
13 2 12 2
13 2 15 2
14 6 14 7
14 9 14 7
14 9 14 11
17 26 17 25
17 26 15 26
17 26 17 25
17 26 15 26
17 28 8 28
19 7 19 5
19 27 19 25
19 27 19 29
19 27 22 27
19 29 5 29
20 32 2 32
21 4 20 4
22 27 22 25
22 27 22 28
22 27 24 27
23 10 23 5
23 10 23 11
23 10 23 5
23 10 23 11
23 26 24 26
25 13 25 9
25 13 25 14
25 14 25 15
25 14 23 14
25 14 27 14
25 14 25 15
25 15 23 15
25 15 26 15
25 25 25 28
25 25 24 25
25 25 25 28
25 25 24 25
26 32 29 32
27 14 27 11
27 14 27 15
27 14 28 14
27 14 27 11
27 14 27 15
27 19 27 20
27 19 26 19
27 19 28 19
29 31 29 32
29 31 6 31
29 31 30 31
29 31 29 32
29 31 29 32
31 17 31 16
31 17 31 18
31 17 30 17
31 28 31 29
31 28 30 28
31 28 32 28
32 16 32 15
32 16 31 16
32 27 32 28
32 28 32 31
32 28 31 28
32 28 33 28
1 29 0 29
5 29 5 28
5 29 5 30
5 29 3 29
5 29 5 28
5 29 5 30
6 30 6 31
6 30 7 30
6 30 7 30
7 0 6 0
8 28 5 28
8 30 9 30
9 30 18 30
12 1 13 1
15 26 15 25
15 26 15 27
15 26 13 26
17 25 15 25
17 25 18 25
18 30 24 30
19 7 19 5
19 25 19 24
19 25 20 25
20 32 2 32
21 4 20 4
22 25 22 24
22 25 22 27
22 25 24 25
23 5 23 4
23 5 27 5
23 26 24 26
24 26 24 25
24 26 24 27
25 9 25 8
25 9 24 9
25 9 26 9
25 9 25 8
26 15 26 19
29 16 29 2
29 16 29 18
29 16 31 16
29 16 29 2
29 16 29 18
29 16 31 16
29 18 31 18
30 15 30 14
30 17 31 17
30 28 30 29
30 28 31 28
31 18 31 17
31 18 29 18
31 29 31 30
3 29 3 30
3 31 3 30
3 31 3 30
6 27 6 25
8 28 5 28
17 16 17 13
17 16 17 17
17 16 16 16
17 16 17 13
17 16 16 16
17 16 16 16
19 5 19 4
19 5 17 5
22 25 22 24
24 9 24 8
24 24 22 24
26 9 26 11
27 11 27 8
27 11 28 11
28 12 28 14
28 14 28 12
28 14 28 15
29 2 29 0
29 2 15 2
29 2 31 2
29 2 29 0
30 1 30 0
30 3 30 8
30 8 30 13
30 8 31 8
30 8 30 13
30 15 30 14
31 16 31 14
31 16 31 14
31 29 31 30
3 26 3 24
18 10 20 10
20 10 20 4
22 1 22 0
22 1 20 1
22 1 25 1
22 24 22 25
23 4 25 4
25 1 25 0
25 1 22 1
25 1 27 1
25 1 25 0
25 1 27 1
25 4 23 4
25 4 26 4
27 1 28 1
28 1 27 1
28 3 28 4
28 3 27 3
28 3 28 4
28 3 27 3
28 4 28 5
29 0 25 0
29 0 30 0
31 29 31 30
31 30 31 32
20 4 19 4
20 24 19 24
20 24 19 24
25 0 24 0
27 3 27 5
27 3 22 3
30 30 28 30
18 24 15 24
20 4 19 4
23 0 22 0
18 24 15 24
19 4 19 3
22 1 20 1
15 24 15 23
15 24 15 25
15 24 13 24
15 24 15 23
15 25 9 25
15 25 9 25
20 1 20 0
20 1 18 1
13 26 9 26
15 0 15 2
15 0 14 0
15 0 15 2

13832

2   3 3 5 5 3 2     3 2                     4           3 3     2 2 
4 2   1 | 2   1 2     4   3   2   1   3     2           | 2       | 
5 - 4   4 2 5   2     3 3     4       4 - - - - - - - - 7 - - - 5 5 
4 1 5 4   1 | 4     6                         4 3 - 1   | 2 3 3 ǁ | 
3 3 4 3     | 3 2   2                           1       | | 1 | ǁ | 
1       6 - 7 - - - - - - - - - - - - - - - - 7         7 6 2 | ǁ | 
2 5 3 1   1 ǁ 3 5 - - - - - - - - - 3     3 2     1 - 2 ǁ | 4 5 ǁ | 
2           ǁ | 6 4 2 3             6     6 2   2 2   | ǁ | 2 ǁ ǁ | 
| 3     5 2 ǁ 1 2 |             2           1         | 3 | 1 ǁ ǁ | 
| 3     3 2 ǁ     |   2         3   1           3 5 1 | | | 2 ǁ ǁ | 
| 3 2   1 1 ǁ     |                               ǁ | | | | | ǁ ǁ | 
4 = = = = = 6     |                       7 3     ǁ | | | | | ǁ ǁ | 
| 1 2 2 = = 6     |       3 3 3   1 1     5 3     ǁ | | | | | ǁ ǁ | 
3 5 7 - - - 5 = = 6 = = = 5   5 1 4       2 2   1 ǁ 2 | | | | ǁ ǁ | 
1 1 ǁ       3 2 - 3 - 1   3 1 2   3     1       | ǁ | | | | | ǁ ǁ | 
3 = 5                                         5 6 5 6 5 | | | ǁ ǁ | 
    | 2 6 = = = = = = = = 5 2   3 1 2   3 3 3 | ǁ | ǁ ǁ | | | ǁ ǁ | 
    | 3 5 3               5 = = 6 1       2 3 | ǁ 4 4 ǁ 1 | | ǁ ǁ | 
  2 |     |         1     | 1 1           3 3 | 3 1   ǁ   | 3 ǁ ǁ | 
  | | 2 4 4 = 2     |     |                 1 | 3 4 = 8 = 3 ǁ ǁ ǁ | 
1 4 |   5 - - - - - 2     |                 1 | 3 1   ǁ   1 ǁ ǁ 2 | 
  ǁ |   2                 |           1 4 4 2 |       ǁ   | ǁ ǁ 2 3 
2 5 | 3 - - - - - - - - - 7 3 2       2   2 1 | 4 6 = 7 4 5 ǁ ǁ ǁ 2 
1 ǁ | | 3 4 = = = = 4 2   ǁ 1 1         2 3 2 | | | 2 | 1 2 ǁ ǁ 6 5 
1 ǁ | | ǁ |   1 2 2       ǁ | |           1 1 | 1 4 4 3 3 - 5 ǁ 2   
4 6 | | 3 | 3 5 3 6 = = = 7 6 4               |   4 = = 2   | ǁ     
| ǁ | | 1 |       2 - 1   1 | 2 - - - 5 - - - 7 - - - - - - 3 ǁ 2   
| 4 | 4 - 5 4 3 2 - - 4 = = 6 2       5 4 2   5           4 3 ǁ ǁ   
| 2 | 4 3 3 2 1       1 2 = 4 1       2 4 5 2 3 2         2 2 ǁ ǁ   
4 = 6 = = = = = = = = = = = = = 6 = 4       |               | 6 7 4 
2 1 | 1 - - - - 4 = = = = 3 3 2 ǁ 2 ǁ 1   3 |           3 1 1 1 4 2 
1   5           5 3 2 4 1   5 = 6 5 6       |           5 4 4 - 5 2 
3 - 7 - 3 1 3 1 4 5   6 2 2 4 1 4 2 8 = = = 4 - - 5 1 2 6 - - 2 4 3 
1   2 2 4   4 2 2 3   4   3 3 = 6 2 3 - - - - 1 1 3 1 - 2     1 3 3 
