34 34
1 3 0 0 0 0 2 1 0 2 1 2 0 2 0 0 0 0 0 0 0 0 0 0 0 0 0 0 0 4 1 3 2 1 
3 4 0 0 0 0 0 0 0 6 0 0 0 0 0 0 0 0 0 0 0 0 2 2 0 3 1 1 2 0 3 5 4 0 
3 0 2 0 0 4 0 6 2 0 1 0 5 3 0 0 0 0 0 0 0 0 1 3 2 0 0 4 3 0 2 0 3 2 
0 0 1 1 2 3 2 0 2 0 2 0 6 0 0 0 0 5 0 0 0 0 0 0 0 5 0 0 1 0 2 0 2 1 
2 0 0 0 0 2 0 6 5 0 3 6 0 0 0 0 0 7 0 0 0 0 6 2 1 0 4 7 2 0 0 0 0 0 
0 0 2 0 4 0 2 0 2 0 1 3 1 0 0 0 0 3 0 2 0 0 4 4 3 0 1 0 1 0 0 0 3 1 
2 6 5 0 2 0 0 3 0 5 0 0 0 0 0 0 0 0 0 0 0 0 0 0 0 6 3 0 3 6 5 0 0 0 
2 0 4 0 3 0 0 1 4 0 5 0 0 0 0 0 0 0 0 4 0 1 0 0 0 0 2 0 1 0 4 0 0 1 
5 6 3 2 1 0 0 0 6 2 0 0 0 0 0 0 0 0 0 2 0 0 0 0 0 0 0 0 2 0 2 0 0 0 
1 1 3 4 1 0 0 0 2 0 0 0 0 0 0 0 0 0 0 0 0 0 0 0 0 0 0 0 0 0 3 4 0 0 
0 2 0 0 0 0 5 0 0 0 7 0 0 0 0 0 0 0 0 0 0 0 0 0 0 7 0 7 4 0 0 0 0 0 
2 4 0 3 0 0 3 0 2 1 0 3 0 0 0 0 4 0 0 0 0 0 0 0 0 7 1 0 0 0 0 0 0 0 
2 0 0 0 0 0 4 0 3 3 0 5 2 3 0 0 0 0 0 0 0 2 1 0 0 6 2 0 0 0 0 0 0 0 
0 1 2 0 0 0 0 1 2 2 0 3 1 0 0 0 0 0 0 0 2 0 0 0 0 4 1 0 0 0 0 0 0 0 
0 0 0 2 0 0 6 0 0 0 6 0 0 5 0 0 0 0 0 0 0 0 0 0 0 4 2 0 0 0 0 0 0 0 
0 3 7 0 6 3 0 0 0 1 0 2 1 4 2 4 4 0 0 0 0 0 0 0 2 0 2 0 0 0 0 0 0 0 
0 0 0 0 0 0 0 0 0 0 0 3 1 2 0 2 0 2 0 1 1 0 0 0 0 4 3 0 0 0 0 0 0 0 
0 0 0 1 0 0 0 0 0 0 0 0 1 0 3 0 7 4 1 3 5 1 0 0 0 5 2 0 0 0 0 3 0 0 
0 0 0 0 2 0 0 0 0 0 0 0 0 0 5 2 5 4 0 1 0 0 0 0 0 3 0 0 0 0 3 0 0 0 
0 0 0 0 2 3 0 0 0 0 0 0 0 0 2 0 1 2 0 0 0 0 0 0 0 2 0 0 0 0 1 0 0 0 
0 1 0 5 5 0 0 3 0 3 0 0 2 7 0 0 0 0 0 0 7 0 0 0 6 0 0 5 0 6 0 6 7 3 
0 1 0 3 0 3 0 2 1 0 0 0 2 5 1 0 0 0 3 1 0 0 0 1 0 3 1 0 2 0 1 0 0 2 
0 0 0 1 0 1 0 0 0 0 0 0 4 0 0 0 2 0 0 0 0 0 0 0 0 0 0 0 5 6 2 0 0 0 
0 3 6 0 3 1 0 4 5 0 0 0 5 0 0 0 0 0 7 2 0 1 0 4 0 0 0 0 0 0 0 0 0 0 
0 1 0 0 0 0 0 2 0 0 0 0 4 1 2 4 0 1 0 2 0 0 0 0 4 4 1 0 0 0 0 0 0 0 
0 3 3 3 0 0 6 0 3 0 0 0 4 0 0 5 1 0 0 0 0 0 0 0 5 1 0 0 0 0 0 0 0 0 
0 1 0 1 2 0 7 0 3 4 0 0 4 2 0 5 4 3 0 0 0 0 0 0 2 0 0 0 1 5 1 1 0 0 
0 0 0 2 0 0 4 0 1 2 0 0 2 1 0 2 3 2 0 0 0 0 0 0 0 0 0 0 0 4 2 0 0 0 
0 2 4 0 0 0 0 0 0 0 6 6 0 0 0 0 4 0 6 3 0 2 0 6 0 4 0 7 0 0 3 1 0 0 
0 1 0 2 0 0 0 0 0 0 0 0 4 0 0 0 0 0 6 1 0 3 4 0 3 4 2 0 2 3 0 0 5 5 
0 0 0 5 0 0 0 0 0 0 4 0 6 2 3 0 3 0 5 0 0 0 4 2 0 0 0 0 1 3 3 0 2 0 
0 1 2 4 2 1 3 0 6 2 2 0 2 0 2 0 1 0 2 0 0 2 0 0 0 0 0 0 0 2 4 2 0 1 
5 0 0 0 0 0 0 0 6 1 2 4 1 2 4 0 3 0 0 0 4 0 0 0 0 3 0 7 0 0 0 0 5 3 
3 1 2 0 0 0 0 0 5 0 0 0 0 0 0 0 0 0 4 2 2 1 2 0 5 0 0 3 2 0 3 0 2 2 
400 414
2 12 2 10
2 12 2 13
2 12 3 12
3 17 3 12
3 17 3 25
3 17 4 17
4 11 4 10
4 11 4 17
4 11 5 11
4 11 4 10
4 11 4 17
4 11 5 11
4 22 4 17
4 22 4 23
4 22 5 22
4 22 4 17
4 22 4 23
4 22 5 22
4 27 4 26
4 27 4 28
4 27 2 27
4 27 10 27
6 30 6 29
6 30 3 30
6 30 7 30
8 0 8 1
8 0 7 0
8 0 9 0
10 10 10 6
10 10 10 25
10 10 7 10
10 10 14 10
11 25 11 16
11 25 11 26
11 25 10 25
11 25 12 25
12 11 12 12
12 11 11 11
12 11 13 11
15 2 15 1
15 2 15 4
15 2 13 2
15 2 23 2
17 16 17 14
17 16 17 17
17 16 15 16
17 16 18 16
20 3 20 4
20 3 17 3
20 3 21 3
20 13 20 12
20 13 20 20
20 13 16 13
20 13 21 13
20 32 20 31
20 32 20 33
20 32 5 32
20 32 29 32
23 18 23 12
23 18 23 19
23 18 21 18
23 18 28 18
23 23 23 21
23 23 21 23
23 23 28 23
23 23 28 23
25 24 25 25
25 24 24 24
25 24 26 24
26 6 26 4
26 6 26 8
26 6 25 6
26 6 27 6
28 23 28 21
28 23 28 25
28 23 30 23
28 23 28 21
28 25 28 27
28 25 29 25
28 25 28 27
28 27 28 30
28 27 20 27
28 27 32 27
29 22 29 21
29 22 30 22
29 22 29 21
29 22 30 22
29 26 29 25
29 33 29 32
29 33 21 33
29 33 31 33
30 3 30 10
30 3 29 3
30 3 31 3
30 23 30 22
31 8 31 6
31 8 31 9
31 8 32 8
31 8 31 6
31 8 31 9
31 8 32 8
32 0 32 8
32 0 12 0
32 0 33 0
32 8 32 0
32 8 32 9
32 8 33 8
33 0 33 1
33 0 32 0
33 2 33 8
33 8 33 2
33 8 33 18
33 8 33 18
33 18 33 19
33 18 31 18
33 24 33 22
33 24 33 27
33 24 29 24
2 12 2 13
2 12 3 12
5 22 5 19
5 22 5 23
5 23 5 24
5 23 5 24
8 0 8 1
8 0 7 0
8 1 8 2
8 1 6 1
8 1 9 1
8 1 8 2
8 19 7 19
11 25 11 16
11 25 10 25
11 25 12 25
12 25 12 22
12 25 12 26
12 25 13 25
12 25 12 26
18 14 18 15
18 14 17 14
18 14 19 14
22 16 22 12
22 28 22 29
22 28 21 28
22 28 26 28
26 24 25 24
26 29 26 30
26 29 22 29
26 29 27 29
27 29 27 30
27 29 26 29
27 29 27 30
29 26 29 25
29 33 29 32
29 33 21 33
30 22 30 18
31 6 31 5
31 21 31 18
31 21 33 21
32 20 33 20
33 19 33 20
33 22 33 24
5 23 5 24
6 1 6 0
6 1 6 2
6 1 1 1
6 1 6 0
6 1 6 2
8 19 7 19
11 16 11 11
11 16 15 16
12 21 17 21
13 20 16 20
13 25 13 26
13 25 14 25
13 25 14 25
14 13 14 10
14 13 12 13
14 13 15 13
14 25 14 26
14 25 16 25
14 26 15 26
15 16 15 15
15 16 17 16
15 24 20 24
15 26 16 26
16 25 16 26
16 25 17 25
16 25 16 26
17 25 17 26
17 25 18 25
20 20 20 13
20 20 20 24
20 20 17 20
20 20 20 24
20 20 17 20
20 24 20 27
20 24 15 24
20 24 24 24
20 33 20 32
20 33 7 33
22 16 22 12
24 24 24 25
24 24 25 24
24 25 24 26
24 25 21 25
24 25 21 25
26 29 22 29
29 21 29 19
29 24 29 25
29 24 33 24
30 18 30 16
30 18 29 18
31 4 31 3
32 25 32 27
4 0 2 0
4 24 4 26
6 25 6 9
6 25 6 26
6 25 10 25
6 25 6 9
6 25 6 26
6 25 10 25
7 19 7 10
7 19 7 21
7 26 6 26
11 11 12 11
13 11 13 12
13 11 12 11
15 15 15 14
15 15 16 15
15 15 15 14
16 15 16 13
17 20 17 19
17 25 17 26
17 25 18 25
19 25 19 30
19 25 18 25
20 13 20 12
20 13 21 13
20 29 20 27
20 29 20 31
20 29 22 29
20 29 20 27
20 29 20 31
20 29 22 29
20 31 20 32
20 31 17 31
20 31 26 31
21 25 21 26
21 28 22 28
21 30 22 30
22 28 22 29
29 18 29 12
29 18 28 18
29 18 30 18
29 18 29 12
29 18 28 18
30 18 30 16
31 4 31 3
32 25 32 27
3 25 3 17
3 25 1 25
3 25 1 25
4 0 2 0
5 19 5 17
5 26 4 26
6 29 6 28
6 29 6 30
6 29 0 29
6 29 6 28
6 29 6 30
7 30 7 28
7 30 8 30
7 30 8 30
8 28 10 28
10 27 10 25
10 27 10 28
10 27 4 27
10 27 10 25
10 27 10 28
10 27 10 28
12 12 12 13
12 13 14 13
15 13 15 12
15 13 14 13
17 12 16 12
17 20 17 19
17 31 9 31
17 31 9 31
18 30 9 30
20 27 28 27
28 18 28 16
28 18 28 19
28 18 23 18
28 19 24 19
28 19 24 19
31 3 31 2
0 29 0 13
0 29 0 30
0 29 0 13
2 0 1 0
2 13 2 22
2 24 2 23
4 26 4 27
6 28 5 28
9 31 9 30
9 31 1 31
10 10 10 6
10 10 7 10
10 10 14 10
17 20 17 19
18 19 18 17
18 30 9 30
28 16 28 11
28 16 27 16
28 16 28 11
29 12 29 3
29 12 30 12
30 3 30 10
30 10 30 12
30 10 31 10
30 12 30 13
30 12 31 12
30 12 30 13
30 12 31 12
31 10 32 10
32 10 32 11
32 11 32 12
32 13 32 14
32 13 32 14
32 14 32 16
32 14 31 14
32 16 31 16
0 11 0 10
2 24 2 23
3 30 2 30
7 10 7 8
8 9 8 8
16 19 16 17
17 18 17 17
28 10 28 2
28 10 28 11
28 10 14 10
28 10 28 2
28 10 28 11
28 10 14 10
28 11 16 11
30 16 30 14
31 14 30 14
2 23 1 23
2 30 1 30
7 10 7 8
8 9 8 8
14 10 14 6
15 11 16 11
16 17 17 17
17 17 17 16
18 17 18 16
18 17 19 17
18 17 18 16
19 17 19 16
22 12 21 12
22 12 23 12
23 8 23 7
23 8 21 8
23 8 25 8
28 11 16 11
1 30 1 31
8 8 8 4
8 8 7 8
8 8 9 8
8 8 7 8
9 8 9 4
14 6 14 3
14 6 12 6
14 6 25 6
14 6 14 3
14 6 12 6
15 4 15 2
15 4 15 5
15 4 18 4
15 9 20 9
18 16 18 15
18 16 17 16
19 14 18 14
21 12 21 13
21 13 21 14
24 7 23 7
25 6 25 3
25 6 25 8
25 6 26 6
25 6 25 3
1 30 1 31
13 7 13 8
15 4 15 5
15 4 18 4
15 5 19 5
17 14 18 14
24 7 23 7
23 7 23 8
23 8 25 8
21 7 20 7
21 7 20 7
20 7 20 9
20 9 26 9
26 9 26 8
26 9 27 9
26 9 26 8
27 9 27 8
26 6 26 4
26 6 27 6
27 6 27 3
27 6 27 3

15399

1 3         2 1   2 1 2   2 = = = = = = = = = = = = = = = 4 1 3 2 1 
3 4               6                         2 2   3 1 1 2 | 3 5 4   
3 | 2     4   6 2   1 - 5 3 - - - - - - - - 1 3 2 ǁ   4 3 | 2 | 3 2 
ǁ | 1 1 2 3 2   2   2   6 - - - - 5 = = = = = = = 5   | 1 | 2 | 2 1 
2 |       2   6 5   3 6 = = = = = 7 = = = = 6 2 1 - 4 7 2 | | |     
  | 2   4   2   2   1 3 1         3 - 2 - - 4 4 3   1 ǁ 1 | | | 3 1 
2 6 5   2     3   5 = = = = = = = = = = = = = = = 6 3 ǁ 3 6 5 | |   
2 | 4   3     1 4 = 5 - - - - - - - - 4 - 1       ǁ 2 ǁ 1 - 4 | | 1 
5 6 3 2 1 - - - 6 2 ǁ                 2           ǁ   ǁ 2   2 | | | 
1 1 3 4 1 - - - 2   ǁ                             ǁ   ǁ |   3 4 | | 
  2         5 = = = 7 - - - - - - - - - - - - - - 7 = 7 4   ǁ ǁ | | 
2 4   3     3   2 1 ǁ 3 - - - - 4 = = = = = = = = 7 1       ǁ ǁ | | 
2           4   3 3 ǁ 5 2 3     |         2 1 - - 6 2       ǁ ǁ | | 
| 1 2       ǁ 1 2 2 ǁ 3 1 ǁ     |       2 |       4 1       ǁ ǁ | | 
|   | 2 = = 6 - - - 6 - - 5     |       | |       4 2       ǁ ǁ | | 
| 3 7 = 6 3 |     1 ǁ 2 1 4 2 4 4       | |     2 | 2       ǁ ǁ | | 
|   |   ǁ | |     | ǁ 3 1 2 - 2 ǁ 2 - 1 1 |     ǁ 4 3       ǁ ǁ | | 
|   | 1 ǁ | |     | ǁ ǁ 1 | 3 - 7 4 1 3 5 1     ǁ 5 2       ǁ 3 | | 
|   | | 2 | |     | ǁ ǁ   | 5 2 5 4 - 1 ǁ       ǁ 3         3 | | | 
|   | | 2 3 |     | ǁ ǁ   | 2   1 2     ǁ       ǁ 2 - - - - 1 | | | 
| 1 | 5 5   | 3 - 3 ǁ ǁ 2 7 = = = = = = 7 = = = 6 - - 5 = 6 = 6 7 3 
| 1 | 3   3 | 2 1 | ǁ ǁ 2 5 1       3 1       1 | 3 1 ǁ 2 ǁ 1 | | 2 
|   | 1   1 |   | | ǁ ǁ 4 = = = 2   |         | | ǁ   ǁ 5 6 2 | | ǁ 
| 3 6   3 1 | 4 5 | ǁ ǁ 5 - - - - - 7 2   1 - 4 | ǁ   ǁ | ǁ   | | ǁ 
| 1         | 2 ǁ | ǁ ǁ 4 1 2 4   1 ǁ 2       ǁ 4 4 1 ǁ | ǁ   | | ǁ 
| 3 3 3 = = 6 - 3 | ǁ ǁ 4     5 1   ǁ ǁ       ǁ 5 1   ǁ | ǁ   | | ǁ 
| 1   1 2 = 7 - 3 4 ǁ ǁ 4 2   5 4 3 ǁ ǁ       ǁ 2     ǁ 1 5 1 1 | ǁ 
|     2 = = 4   1 2 ǁ ǁ 2 1   2 3 2 ǁ ǁ       ǁ       ǁ   4 2   | ǁ 
| 2 4 = = = = = = = 6 6 = = = = 4 - 6 3   2 = 6 - 4 = 7 - - 3 1 | ǁ 
| 1   2 - - - - - - - - 4 = = = = = 6 1 - 3 4 | 3 4 2 | 2 3     5 5 
|     5 = = = = = = 4 - 6 2 3 - 3 = 5 - - - 4 2 ǁ     | 1 3 3   2 | 
| 1 2 4 2 1 3 = 6 2 2   2   2   1   2 - - 2     ǁ     |   2 4 2   1 
5 = = = = = = = 6 1 2 4 1 2 4 - 3   |   4 |     ǁ 3 = 7         5 3 
3 1 2 = = = = = 5 = = = = = = = = = 4 2 2 1 2 = 5 - - 3 2   3   2 2 
