34 34
2 1 3 0 0 0 0 0 0 0 0 0 0 0 4 3 0 0 0 0 0 0 0 0 0 0 0 0 0 0 3 2 5 2 
0 2 5 0 0 3 1 2 0 2 0 0 3 2 0 4 0 0 0 0 0 0 0 0 4 4 0 0 4 2 0 1 0 1 
5 0 0 0 0 0 0 7 0 0 0 0 0 0 7 0 0 0 0 0 0 0 0 0 0 0 0 0 0 0 7 0 7 2 
2 3 0 0 0 0 0 6 0 3 2 5 0 0 7 0 0 0 2 2 0 4 0 6 0 3 0 0 3 2 0 1 5 2 
2 2 3 0 3 3 2 4 2 2 2 4 3 2 3 0 0 0 0 0 0 3 1 0 1 3 0 0 5 3 0 0 2 1 
6 0 5 0 0 0 0 0 0 0 0 0 0 0 0 0 0 0 0 0 0 0 0 7 0 0 0 0 0 0 6 3 2 2 
0 0 0 2 0 0 0 0 0 3 3 3 0 0 0 0 0 0 5 0 0 3 1 0 1 2 0 4 2 2 0 0 0 1 
0 0 0 0 3 0 3 1 0 0 4 2 1 1 4 0 2 0 0 1 0 4 2 0 0 2 1 0 3 6 0 3 0 1 
0 0 0 0 1 0 0 0 2 0 0 0 4 0 5 0 0 0 5 1 0 0 1 0 4 0 0 5 1 2 0 2 0 0 
0 0 0 0 3 0 5 3 0 0 0 4 0 2 0 2 2 3 0 0 0 0 0 0 0 2 0 5 2 0 0 0 0 0 
0 0 0 0 3 2 0 1 0 0 0 0 4 5 0 4 0 3 0 0 0 0 0 0 5 0 0 0 0 0 5 0 4 2 
0 0 0 0 1 0 5 3 3 0 4 0 0 0 0 0 0 1 0 0 0 0 0 0 2 1 4 0 3 2 0 1 3 2 
0 0 0 0 3 1 0 1 2 0 0 0 1 0 0 3 3 0 5 0 0 6 4 0 3 0 8 0 2 2 0 0 3 3 
0 0 0 0 0 0 0 4 3 0 0 0 1 0 0 0 2 1 0 1 2 0 1 0 0 1 0 2 3 0 0 0 0 0 
0 0 0 0 0 0 0 0 2 0 0 0 0 0 0 3 3 2 6 3 5 7 3 0 0 5 6 0 6 6 0 0 0 4 
0 2 0 0 4 0 5 5 5 0 4 0 0 0 0 0 2 1 2 1 2 4 3 0 0 0 0 2 4 0 0 0 0 2 
0 0 0 0 2 1 0 0 0 0 2 0 0 0 0 4 0 0 0 0 0 0 0 6 0 0 4 0 1 4 0 3 0 2 
4 0 0 0 0 1 0 0 2 0 2 0 2 4 0 2 0 0 0 2 0 4 0 5 0 2 6 4 2 2 0 0 0 0 
0 0 0 0 0 0 0 3 0 0 0 0 2 3 0 2 3 2 0 1 0 0 0 3 4 2 3 0 2 1 0 0 0 0 
0 0 0 0 0 0 0 0 1 0 6 8 0 0 5 0 0 0 0 0 0 0 0 0 0 0 0 0 0 0 5 6 7 5 
0 0 0 0 0 0 0 0 0 0 0 0 2 2 0 2 2 0 0 5 0 0 1 0 2 0 0 0 0 0 0 0 1 0 
0 0 0 0 3 3 0 4 3 0 4 0 0 0 0 4 0 0 0 5 0 0 0 0 7 0 0 2 0 0 0 0 1 1 
0 0 0 0 0 1 0 2 1 0 2 0 0 0 0 2 1 2 1 0 2 0 0 0 0 0 0 0 0 0 0 0 0 1 
0 0 0 0 3 0 6 4 1 0 1 4 6 6 0 3 0 4 2 0 0 0 0 0 0 0 0 0 0 0 0 0 0 0 
0 0 0 0 2 1 0 2 1 0 0 1 0 0 0 0 2 4 0 0 0 0 0 0 0 0 0 0 0 0 0 0 0 0 
0 0 0 3 0 0 4 5 1 0 0 2 0 0 0 5 0 6 1 0 0 0 0 0 0 0 0 0 0 0 0 0 0 0 
0 3 0 3 0 0 1 3 1 0 0 3 0 0 0 0 2 2 0 0 0 0 0 0 2 0 0 0 0 0 0 4 4 2 
0 0 0 0 0 0 0 0 0 0 0 0 0 2 0 0 0 1 0 0 0 0 0 0 0 0 0 0 0 0 0 3 2 2 
3 4 0 1 0 0 0 0 0 0 0 0 0 2 0 0 4 3 1 0 0 0 0 0 0 0 0 0 0 0 0 3 2 3 
2 4 0 0 0 0 0 0 0 0 0 0 5 5 0 0 0 0 0 0 0 0 0 0 0 0 0 0 0 0 0 3 2 0 
3 0 6 0 0 0 0 0 0 8 4 2 2 1 0 0 0 0 0 0 0 0 0 0 0 0 0 0 0 0 0 2 0 0 
0 1 5 2 2 2 4 2 0 0 2 0 0 0 6 4 0 0 0 0 0 0 0 0 0 0 0 0 0 0 0 1 0 0 
4 0 0 0 5 4 5 0 0 7 3 1 2 3 5 0 6 0 0 2 4 0 0 0 0 0 0 0 0 0 6 4 6 2 
3 0 0 0 4 2 2 1 0 5 0 3 0 2 3 1 3 0 0 0 0 0 0 0 3 0 0 2 2 0 5 2 3 1 
400 350
0 32 0 31
0 32 0 33
0 32 2 32
2 0 2 7
2 0 0 0
2 0 3 0
2 14 2 7
2 14 2 30
2 14 0 14
2 14 3 14
3 11 3 10
3 11 3 14
3 11 4 11
3 23 3 21
3 23 3 25
3 23 5 23
3 23 3 21
3 23 3 25
3 23 5 23
5 0 5 2
5 0 4 0
5 0 17 0
5 0 5 2
5 0 4 0
5 0 17 0
5 23 5 2
5 23 5 30
5 23 16 23
6 18 6 11
6 18 6 21
6 18 8 18
10 24 10 30
10 24 8 24
10 24 11 24
12 26 12 24
12 26 12 28
12 26 11 26
12 26 14 26
12 26 12 24
12 26 12 28
12 26 11 26
12 26 14 26
13 25 14 25
14 21 14 20
14 21 14 22
14 21 12 21
14 21 15 21
14 25 14 26
14 25 17 25
14 25 14 26
14 25 17 25
16 23 16 15
16 23 5 23
16 23 17 23
16 23 16 15
16 23 17 23
17 0 17 5
17 0 28 0
17 21 17 19
17 21 17 23
17 21 17 19
17 21 17 23
17 23 18 23
17 26 17 27
17 26 16 26
17 26 18 26
17 26 17 27
17 26 16 26
17 26 18 26
19 11 19 10
19 11 19 14
19 11 9 11
19 11 23 11
19 11 19 10
19 11 19 14
19 11 9 11
19 11 23 11
19 32 19 31
19 32 19 33
19 32 12 32
19 32 20 32
19 33 19 32
19 33 16 33
19 33 21 33
21 24 21 19
21 24 21 27
21 24 20 24
21 24 26 24
22 33 26 33
30 2 30 0
30 2 30 9
30 2 31 2
30 2 30 0
30 2 30 9
30 2 31 2
30 9 30 10
30 9 6 9
30 9 32 9
31 1 31 2
31 2 31 3
31 2 31 3
33 9 33 7
33 9 33 11
33 9 32 9
33 30 33 28
33 30 33 31
33 30 32 30
1 2 1 1
1 2 1 5
1 2 0 2
1 13 1 12
1 15 1 24
1 15 0 15
1 15 1 24
1 15 0 15
1 24 1 25
1 25 1 24
1 25 1 28
1 25 1 28
1 28 1 29
3 21 3 19
3 21 4 21
4 22 4 21
4 24 4 25
4 28 4 25
4 28 4 29
4 28 3 28
6 3 6 9
9 11 9 13
9 11 7 11
9 27 9 25
9 27 9 28
9 27 8 27
10 12 10 13
10 12 12 12
10 12 10 13
10 12 10 13
11 10 7 10
11 10 15 10
11 10 7 10
11 10 15 10
11 26 11 25
11 26 11 28
11 28 11 29
14 29 14 28
14 29 12 29
14 29 16 29
14 29 14 28
14 29 12 29
14 29 16 29
14 33 12 33
14 33 15 33
14 33 12 33
14 33 15 33
15 1 15 4
15 8 15 7
15 8 14 8
15 8 17 8
15 10 16 10
16 15 14 15
16 15 17 15
16 26 16 28
16 26 14 26
16 29 16 31
16 29 17 29
16 33 19 33
17 27 17 28
17 27 21 27
18 26 18 25
19 10 17 10
19 10 21 10
19 10 17 10
19 10 21 10
19 32 19 31
19 32 12 32
21 10 22 10
21 24 21 19
21 24 20 24
21 24 26 24
21 32 26 32
29 1 29 0
29 1 28 1
29 1 29 0
29 1 28 1
29 12 29 13
29 12 23 12
29 12 30 12
30 0 32 0
30 9 30 10
30 9 6 9
30 9 32 9
31 7 31 6
32 0 32 4
32 0 33 0
32 0 32 4
33 0 33 4
33 0 33 4
33 4 33 5
33 4 32 4
33 9 33 11
33 9 32 9
1 13 1 12
1 28 1 29
3 19 3 18
4 21 4 14
7 10 7 11
7 10 6 10
8 12 8 14
8 12 7 12
8 12 8 14
11 28 11 29
14 26 14 28
15 1 15 4
15 10 16 10
15 27 15 28
15 28 15 27
15 28 14 28
15 28 14 28
18 25 18 24
19 31 19 30
19 31 16 31
19 31 26 31
19 31 19 30
20 22 20 19
21 10 22 10
25 15 25 17
25 15 23 15
25 15 31 15
26 31 26 32
26 31 27 31
26 31 26 32
26 32 26 33
28 0 28 1
28 0 28 1
28 3 26 3
31 7 31 6
1 12 1 9
3 18 3 14
6 10 6 11
7 13 7 14
7 14 7 16
7 14 8 14
7 14 7 16
13 27 13 28
13 28 13 27
13 28 14 28
16 31 11 31
18 24 18 23
18 24 12 24
18 24 18 23
19 30 32 30
26 1 26 3
31 6 31 5
31 6 32 6
1 9 1 7
3 14 3 11
3 14 2 14
3 14 4 14
6 10 6 11
11 24 10 24
19 30 32 30
26 1 26 3
32 30 32 20
32 30 32 31
32 30 33 30
3 14 2 14
4 14 4 13
18 28 18 29
18 28 17 28
25 3 25 6
32 20 32 19
32 20 22 20
32 20 32 19
4 13 4 12
22 20 22 18
25 3 25 6
32 16 32 14
32 16 28 16
32 16 33 16
32 16 32 14
32 16 28 16
32 16 33 16
4 12 4 11
28 16 28 17
28 16 26 16
28 17 28 18
28 17 27 17
31 15 31 14
31 15 25 15
31 15 31 14
4 12 4 11
26 16 26 17
26 17 25 17
31 14 31 10
31 14 19 14
31 14 32 14
31 14 31 10
32 10 32 9
32 10 32 11
32 10 32 9
32 12 32 13
33 11 33 13
4 11 4 10
19 14 8 14
23 13 23 12
23 13 20 13
23 13 27 13
23 13 23 12
23 13 20 13
23 13 27 13
25 17 25 15
25 17 25 18
25 17 24 17
25 17 24 17
28 13 29 13
30 10 30 11
30 10 23 10
32 9 32 6
32 12 32 13
3 11 3 10
4 10 4 9
9 13 10 13
10 13 17 13
13 12 17 12
17 13 17 12
17 13 18 13
17 13 18 13
17 15 18 15
18 12 18 13
19 14 8 14
20 12 23 12
23 11 23 12
23 11 24 11
23 18 23 17
23 18 23 17
24 17 24 16
24 17 23 17
25 11 26 11
26 11 25 11
26 11 30 11
28 13 29 13
8 18 8 19
8 18 6 18
8 18 12 18
8 18 12 18
20 12 23 12
23 17 23 15
6 18 6 21
7 19 7 21
23 15 22 15

7147

2 1 3                       4 3                             3 2 5 2 
| 2 5 - - 3 1 2 - 2 - - 3 2 | 4 = = = = = = = = 4 4 = = 4 2   1 | 1 
5 - - - - - - 7 - - - - - - 7 - - - - - - - - - - - - - - - 7   7 2 
2 3           6   3 2 5 = = 7 - - - 2 2 - 4 = 6 = 3     3 2   1 5 2 
2 2 3   3 3 2 4 2 2 2 4 3 2 3 - - - - - - 3 1 ǁ 1 3 - - 5 3     2 1 
6 = 5 - - - - - - - - - - - - - - - - - - - - 7 - - - - - - 6 3 2 2 
ǁ     2 - - - - - 3 3 3 - - - - - - 5 = = 3 1 ǁ 1 2   4 2 2       1 
ǁ       3   3 1   ǁ 4 2 1 1 4 = 2   ǁ 1 - 4 2 ǁ   2 1   3 6   3   1 
ǁ       1       2 ǁ ǁ | 4 = 5       5 1     1 ǁ 4     5 1 2   2     
ǁ       3   5 3   ǁ ǁ 4 - 2 ǁ 2 2 3 ǁ         ǁ | 2 - 5 2           
ǁ       3 2   1   ǁ ǁ ǁ 4 5 ǁ 4   3 ǁ         ǁ 5 - - - - - 5   4 2 
ǁ       1   5 3 3 ǁ 4 ǁ | | ǁ     1 ǁ         ǁ 2 1 4 - 3 2   1 3 2 
ǁ       3 1   1 2 ǁ ǁ ǁ 1 | ǁ 3 3   5     6 4 ǁ 3 = 8 = 2 2   | 3 3 
ǁ             4 3 ǁ ǁ ǁ 1 | ǁ   2 1   1 2 | 1 ǁ | 1 ǁ 2 3 ǁ   | ǁ ǁ 
ǁ               2 ǁ ǁ ǁ | | ǁ 3 3 2 6 3 5 7 3 ǁ | 5 6 - 6 6   | ǁ 4 
ǁ 2 = = 4   5 5 5 ǁ 4 ǁ | | ǁ | 2 1 2 1 2 4 3 ǁ | ǁ | 2 4 ǁ   | ǁ 2 
ǁ       2 1     | ǁ 2 ǁ | | ǁ 4 = = = = = = = 6 | ǁ 4 - 1 4 - 3 ǁ 2 
4 - - - - 1     2 ǁ 2 ǁ 2 4 ǁ 2       2 = 4 = 5 | 2 6 4 2 2   | ǁ ǁ 
|             3   ǁ ǁ ǁ 2 3 ǁ 2 3 2   1       3 4 2 3 | 2 1   | ǁ ǁ 
|               1 ǁ 6 8 = = 5                         |     5 6 7 5 
|                 ǁ ǁ ǁ 2 2 | 2 2     5 - - 1   2     |     ǁ | 1 | 
|       3 3   4 3 ǁ 4 ǁ ǁ ǁ | 4       5 = = = = 7 - - 2     ǁ | 1 1 
|         1   2 1 ǁ 2 ǁ ǁ ǁ | 2 1 2 1 - 2       ǁ           ǁ | | 1 
|       3   6 4 1 ǁ 1 4 6 6 | 3 - 4 2   |       ǁ           ǁ | | | 
|       2 1   2 1 ǁ | 1 | ǁ | | 2 4     |       ǁ           ǁ | | | 
|     3 = = 4 5 1 ǁ | 2 | ǁ | 5 = 6 1   |       ǁ           ǁ | | | 
| 3 = 3     1 3 1 ǁ | 3 | ǁ | ǁ 2 2     |       2           ǁ 4 4 2 
|     |           ǁ | | | 2 | ǁ | 1     |                   ǁ 3 2 2 
3 4   1           ǁ | | | 2 | ǁ 4 3 1   |                   ǁ 3 2 3 
2 4               ǁ | | 5 5 | ǁ ǁ       |                   ǁ 3 2   
3 = 6 = = = = = = 8 4 2 2 1 | ǁ ǁ       |                   ǁ 2     
| 1 5 2 2 2 4 2   ǁ 2 = = = 6 4 ǁ       |                   ǁ 1     
4 = = = 5 4 5 - - 7 3 1 2 3 5 = 6     2 4 - - - - - - - - - 6 4 6 2 
3 = = = 4 2 2 1 - 5 = 3 - 2 3 1 3               3     2 2 - 5 2 3 1 
