34 34
1 0 0 0 4 0 0 0 0 0 0 0 0 0 0 0 2 2 6 0 0 0 4 3 0 0 0 0 0 3 0 0 6 4 
0 0 0 0 0 0 0 0 0 0 0 0 0 0 0 0 0 0 4 2 0 0 0 4 0 4 4 2 1 0 0 3 0 0 
5 0 0 0 8 0 0 0 0 0 0 0 0 0 0 0 0 0 0 0 0 0 7 0 0 0 0 0 0 0 0 6 0 2 
0 2 0 3 0 0 2 0 5 0 0 3 3 0 0 0 0 0 0 0 2 0 0 2 4 0 0 0 6 0 4 2 0 0 
0 0 2 4 0 0 0 0 2 0 0 0 0 0 0 1 0 4 0 0 2 0 0 0 3 3 2 0 0 2 4 2 0 0 
0 0 0 2 6 4 2 0 0 0 0 0 3 0 3 0 0 7 0 6 2 0 0 5 0 0 0 0 8 0 0 6 0 2 
0 0 0 2 2 0 0 0 0 0 0 0 3 0 0 4 0 0 0 0 0 0 0 0 3 4 1 2 0 2 0 4 0 0 
0 0 0 5 0 0 0 0 0 0 0 6 0 3 0 0 0 0 0 2 0 0 0 0 1 0 0 0 0 4 0 0 5 0 
4 2 0 4 1 0 0 4 4 4 4 0 2 2 0 2 0 0 0 0 0 0 0 5 0 8 7 5 0 5 1 0 0 4 
2 0 0 4 4 2 0 0 4 5 3 0 0 0 0 0 0 0 0 0 0 0 0 2 2 4 2 1 0 2 0 0 0 0 
4 0 5 0 0 0 0 6 0 0 0 6 4 2 0 0 0 6 0 0 0 0 7 0 0 0 0 0 8 0 0 0 6 4 
3 2 5 0 0 3 1 0 3 0 0 0 0 0 0 0 0 0 0 0 0 0 7 0 0 2 2 0 0 0 1 0 0 0 
0 0 0 1 0 4 3 0 5 0 0 2 2 0 2 0 4 3 0 2 0 0 0 0 0 0 0 0 0 0 0 0 0 0 
5 0 4 0 0 1 1 0 0 3 0 0 7 2 0 0 0 5 0 0 0 0 5 0 1 0 0 1 0 3 6 0 6 0 
0 2 0 0 0 0 0 0 0 0 2 0 2 0 0 0 0 4 2 0 2 0 0 2 1 0 0 0 0 2 3 3 0 0 
0 0 2 0 0 0 0 6 0 4 6 1 0 0 0 0 6 0 2 2 7 0 7 8 5 2 0 0 0 2 4 2 0 0 
2 6 0 3 0 0 0 0 6 4 0 1 0 0 0 0 0 2 0 0 5 2 2 4 2 0 0 0 0 4 8 2 2 3 
0 4 2 0 0 0 0 0 0 4 4 5 0 0 0 0 6 0 0 0 0 0 0 0 0 0 8 3 0 0 0 2 0 4 
0 4 0 5 0 2 3 0 0 2 0 0 0 0 2 2 0 0 0 0 0 0 0 0 0 0 0 2 0 0 0 0 0 2 
2 3 0 0 2 0 0 0 6 4 0 0 0 0 0 0 0 0 0 0 0 2 0 0 0 0 0 0 0 0 0 0 0 2 
0 3 0 0 0 0 0 0 2 0 0 6 0 0 8 4 0 0 0 0 0 0 0 0 0 0 0 0 0 2 0 0 0 0 
0 4 2 0 0 0 4 0 4 4 0 4 3 4 5 2 0 0 0 4 0 7 0 0 0 0 5 6 0 0 0 0 0 0 
4 0 0 3 0 0 2 0 2 0 0 2 0 2 1 0 0 0 0 2 0 3 1 0 0 0 0 2 0 0 0 0 0 0 
0 2 6 0 5 3 1 0 2 0 5 0 4 0 0 0 5 0 0 0 0 0 0 0 0 0 0 0 8 0 8 6 4 0 
0 2 8 0 0 0 0 8 0 0 0 0 0 0 0 0 6 0 0 0 4 3 3 4 0 6 2 0 0 3 7 1 4 6 
0 0 0 0 1 0 0 0 4 0 0 0 0 6 4 2 0 2 6 2 0 1 0 2 0 0 3 1 0 0 0 2 1 2 
0 0 2 4 7 0 0 8 6 1 0 0 0 0 4 2 0 3 4 0 7 0 4 0 0 4 5 2 0 1 0 6 6 2 
0 0 0 4 2 3 4 2 4 2 2 0 0 8 8 4 0 2 2 0 6 0 0 4 1 3 0 0 0 4 6 3 0 1 
0 2 0 4 2 3 0 2 3 0 0 0 0 2 2 2 0 1 3 0 0 0 0 5 0 4 1 0 0 2 2 1 0 0 
2 0 0 0 0 0 5 0 0 0 0 0 0 0 0 0 8 0 0 0 0 0 0 0 0 0 0 0 8 0 0 0 6 2 
4 0 0 0 0 0 0 0 0 0 0 0 0 0 0 0 6 3 0 0 0 0 0 0 0 0 0 0 7 0 0 2 0 2 
5 0 0 0 0 0 0 0 0 0 0 0 0 1 2 0 4 0 0 0 0 1 0 1 0 0 0 0 7 3 1 1 0 0 
4 0 0 0 0 0 2 1 4 0 0 0 0 0 0 0 0 7 0 0 0 4 1 0 0 0 2 0 8 0 5 3 6 4 
0 0 0 0 0 0 0 0 2 1 0 0 0 2 0 0 0 5 0 0 0 0 0 0 0 0 4 2 2 0 2 1 4 2 
400 638
0 18 0 17
0 18 0 22
0 18 1 18
0 18 0 17
0 18 0 22
0 18 1 18
0 22 0 23
0 22 2 22
0 32 0 29
0 32 0 33
0 32 7 32
0 32 0 29
0 32 0 33
0 32 7 32
0 33 2 33
0 33 2 33
1 18 1 19
1 18 14 18
1 19 5 19
1 31 1 28
1 31 2 31
1 31 2 31
2 0 2 4
2 0 0 0
2 0 8 0
2 4 2 0
2 4 0 4
2 4 5 4
2 4 0 4
2 4 5 4
2 22 2 31
2 22 10 22
2 22 2 31
2 22 10 22
2 31 3 31
3 8 3 6
3 8 3 11
3 8 4 8
3 20 4 20
3 28 3 24
3 28 3 30
3 28 5 28
3 28 3 24
3 28 3 30
3 28 5 28
3 30 3 31
3 30 4 30
4 17 4 15
4 17 5 17
4 17 5 17
4 17 5 17
5 4 5 3
5 4 5 5
5 4 6 4
5 4 5 3
5 5 5 6
5 5 9 5
5 5 5 6
5 17 5 14
5 17 10 17
5 17 5 14
5 17 10 17
5 23 5 28
5 23 3 23
5 23 8 23
5 28 5 23
5 28 5 31
5 28 10 28
5 31 5 28
5 31 4 31
5 31 6 31
5 31 4 31
5 31 6 31
5 33 8 33
6 15 6 12
6 15 8 15
6 15 6 12
6 15 8 15
6 31 6 29
6 31 14 31
7 11 7 13
7 11 3 11
7 11 10 11
7 11 7 13
7 11 3 11
7 11 10 11
7 13 8 13
7 29 6 29
7 29 8 29
7 29 8 29
7 29 8 29
7 32 10 32
8 7 8 8
8 7 10 7
8 7 8 8
8 7 10 7
8 10 8 9
8 10 9 10
8 10 8 9
8 10 9 10
8 25 8 23
8 25 8 26
8 25 6 25
8 25 9 25
8 25 8 23
8 25 8 26
8 25 6 25
8 25 9 25
8 26 8 27
8 26 6 26
8 26 9 26
8 33 5 33
8 33 10 33
8 33 10 33
10 7 10 2
10 7 10 11
10 7 15 7
10 7 10 2
10 17 10 13
10 17 12 17
10 17 10 13
10 17 12 17
10 28 10 22
10 28 5 28
10 28 23 28
10 28 10 22
10 28 23 28
10 32 10 33
10 32 7 32
10 32 13 32
10 32 10 33
10 32 13 32
11 8 12 8
13 0 13 2
13 0 11 0
13 0 16 0
13 12 13 9
13 12 13 13
13 12 12 12
13 12 14 12
13 17 13 13
13 17 12 17
13 17 14 17
13 17 14 17
13 22 13 24
13 22 11 22
13 22 15 22
13 27 17 27
13 30 13 29
13 30 11 30
13 30 14 30
13 30 13 29
13 30 14 30
13 32 16 32
13 32 16 32
14 1 16 1
15 7 15 2
15 7 15 9
15 7 24 7
15 7 15 2
15 7 15 9
15 16 15 11
15 16 15 18
15 16 17 16
15 16 15 18
15 16 17 16
15 20 15 19
15 20 15 22
15 20 14 20
15 20 16 20
15 23 15 22
15 23 15 24
15 23 14 23
15 23 16 23
15 23 15 22
15 23 15 24
15 23 14 23
15 23 16 23
16 30 16 29
16 30 16 31
16 30 15 30
16 30 23 30
16 30 16 29
16 30 16 31
16 30 15 30
16 30 23 30
16 33 17 33
17 16 17 11
17 16 17 26
17 16 23 16
17 16 17 11
19 8 19 9
19 8 16 8
19 8 20 8
19 8 19 9
19 8 16 8
19 8 20 8
19 9 18 9
19 9 21 9
19 21 21 21
20 11 20 14
20 11 17 11
20 11 21 11
20 11 20 14
20 11 17 11
20 11 21 11
20 14 20 15
20 14 18 14
20 14 21 14
21 8 21 9
21 8 22 8
21 8 21 9
21 8 22 8
21 9 21 11
21 11 21 12
21 19 21 21
21 19 22 19
21 19 21 21
21 19 22 19
21 27 21 26
21 27 18 27
21 27 22 27
21 27 21 26
21 27 18 27
21 27 22 27
22 11 22 13
22 11 22 13
23 10 23 8
23 10 23 12
23 10 27 10
23 12 23 10
23 12 23 16
23 12 23 16
23 28 23 16
23 28 23 30
23 28 29 28
23 30 23 28
23 30 23 31
23 30 24 30
23 32 23 31
23 32 24 32
23 32 23 31
23 32 24 32
24 2 24 1
24 2 24 7
24 2 23 2
24 2 26 2
24 2 24 1
24 2 24 7
24 2 23 2
24 2 26 2
24 7 26 7
24 16 24 20
24 16 23 16
24 16 29 16
24 16 24 20
24 16 29 16
24 20 24 21
24 20 26 20
24 25 24 23
24 25 24 26
24 25 26 25
24 25 24 23
24 25 24 26
24 25 26 25
24 30 24 29
24 30 24 31
24 30 23 30
24 30 27 30
24 32 24 33
24 32 25 32
25 4 26 4
25 8 23 8
25 8 26 8
25 8 26 8
25 8 26 8
25 13 25 14
25 13 27 13
25 13 25 14
25 13 27 13
25 13 25 14
25 13 25 14
25 15 26 15
25 18 25 17
25 18 25 19
25 18 26 18
25 18 25 17
25 18 25 19
25 18 26 18
25 31 26 31
26 3 26 4
26 3 27 3
26 3 26 4
26 3 27 3
26 4 26 7
26 4 27 4
26 7 26 4
26 7 26 8
26 7 24 7
26 7 27 7
26 8 26 7
26 8 26 9
26 14 26 15
26 14 27 14
26 14 27 14
26 14 27 14
26 20 26 18
26 20 26 22
26 20 27 20
26 31 26 32
26 31 25 31
26 31 27 31
26 31 26 32
26 31 27 31
26 32 26 33
26 32 29 32
27 3 27 4
27 3 28 3
27 13 27 10
27 13 27 14
27 13 28 13
27 15 27 14
27 15 28 15
27 15 27 14
27 15 28 15
27 20 27 18
27 20 27 23
27 20 26 20
27 20 27 18
27 20 27 23
28 1 28 3
28 1 28 3
28 3 28 4
28 4 28 5
28 18 28 17
28 18 28 23
28 18 28 23
29 16 29 6
29 16 29 28
29 16 30 16
29 28 29 16
29 28 29 32
29 28 23 28
29 28 30 28
31 0 31 13
31 0 30 0
31 0 32 0
31 14 31 16
31 28 31 23
31 28 31 29
31 28 30 28
31 28 32 28
32 0 32 6
32 0 31 0
32 0 32 6
32 7 32 8
32 8 32 17
32 8 33 8
32 8 32 17
32 17 32 21
32 17 30 17
32 17 33 17
32 21 32 17
32 21 32 22
32 21 31 21
32 28 32 26
32 28 32 30
32 28 31 28
32 28 33 28
32 28 32 26
32 28 32 30
32 28 31 28
33 8 33 9
33 13 33 17
33 13 33 17
33 26 33 17
33 26 33 27
33 26 33 17
33 26 33 27
33 28 33 30
0 4 0 16
0 4 0 16
0 29 0 23
1 23 1 25
1 23 0 23
1 23 1 25
1 25 1 26
1 26 1 25
1 26 1 27
1 26 1 27
2 0 8 0
3 6 3 8
3 8 4 8
3 12 5 12
3 20 4 20
3 24 3 23
3 24 4 24
4 3 4 2
4 3 3 3
4 3 4 2
4 3 3 3
4 24 4 25
4 26 4 25
4 29 4 30
4 30 4 29
5 14 5 12
5 23 8 23
6 12 5 12
6 25 6 24
6 27 8 27
7 24 6 24
8 0 8 1
8 0 9 0
8 8 8 9
8 8 9 8
8 9 9 9
8 13 8 12
8 23 9 23
8 26 8 27
8 26 9 26
8 27 6 27
8 27 9 27
8 30 8 29
9 5 9 4
9 8 9 9
9 10 9 9
9 23 9 24
9 24 9 25
9 29 8 29
9 29 13 29
10 22 11 22
11 8 12 8
11 22 11 25
11 22 10 22
11 22 13 22
12 3 12 5
12 16 12 14
13 12 13 9
13 12 12 12
13 12 14 12
13 17 14 17
13 22 15 22
13 30 14 30
14 1 16 1
14 10 15 10
14 17 14 18
14 24 15 24
14 29 15 29
14 31 15 31
14 31 15 31
15 10 15 9
15 10 14 10
15 10 17 10
15 30 15 29
16 1 16 0
16 1 16 3
16 1 17 1
16 1 16 3
16 3 18 3
16 8 16 9
16 11 17 11
16 17 16 20
16 23 16 22
16 23 16 24
16 24 15 24
16 29 20 29
16 33 17 33
17 1 17 2
17 1 18 1
17 1 17 2
17 10 17 9
17 10 15 10
17 10 17 9
17 27 17 26
18 1 18 3
18 1 19 1
18 1 18 3
18 9 17 9
19 21 21 21
20 14 20 15
20 14 18 14
20 14 21 14
20 15 18 15
20 15 21 15
20 29 16 29
21 12 21 13
21 13 21 12
21 13 21 14
21 13 21 14
21 15 21 14
22 22 22 21
23 2 23 1
23 2 23 4
23 2 21 2
23 2 23 1
23 4 23 5
23 4 19 4
23 4 23 5
23 4 19 4
23 30 23 31
23 31 17 31
23 31 17 31
24 23 24 22
24 23 25 23
24 30 24 29
24 30 27 30
26 7 27 7
26 18 26 17
26 20 26 22
26 22 26 25
26 22 24 22
26 25 26 26
26 32 26 33
26 32 29 32
27 6 27 5
27 6 29 6
27 6 27 5
27 6 29 6
27 8 27 9
27 8 28 8
27 8 27 9
27 8 28 8
27 17 26 17
27 23 27 24
27 23 28 23
27 25 28 25
27 30 27 29
27 30 27 31
27 30 28 30
27 30 27 29
27 33 29 33
28 5 27 5
28 7 28 8
28 23 28 25
28 31 28 30
29 16 29 6
29 16 30 16
29 28 29 32
29 28 30 28
30 16 30 0
30 16 30 17
30 16 31 16
30 16 30 0
31 0 30 0
31 14 31 16
31 29 31 28
31 29 31 30
32 17 30 17
3 1 3 3
3 1 8 1
4 24 4 25
6 24 6 25
8 12 10 12
9 4 9 3
9 4 8 4
9 4 9 3
9 8 9 9
9 9 9 8
10 12 10 11
10 22 11 22
11 8 12 8
11 22 11 25
11 26 17 26
12 8 12 11
12 14 12 16
13 0 13 2
13 0 11 0
13 2 13 5
13 2 11 2
13 6 12 6
13 9 15 9
15 24 15 25
16 8 16 9
16 9 16 8
16 9 17 9
16 17 16 20
16 33 17 33
17 26 17 27
17 26 11 26
17 26 21 26
17 26 21 26
17 33 18 33
18 33 19 33
19 33 24 33
21 1 21 2
21 1 20 1
21 1 20 1
21 6 18 6
21 6 22 6
21 6 18 6
21 6 22 6
21 26 21 21
22 0 19 0
22 0 29 0
22 0 19 0
22 0 29 0
22 3 18 3
22 21 21 21
23 6 23 5
24 21 24 22
24 21 25 21
24 29 26 29
24 33 25 33
25 33 24 33
26 17 27 17
27 25 28 25
27 29 28 29
28 23 28 25
28 26 26 26
28 29 27 29
30 28 30 31
6 4 6 3
8 3 7 3
8 3 9 3
8 3 7 3
8 3 9 3
9 0 10 0
10 0 10 2
10 0 11 0
10 0 10 2
10 2 11 2
10 12 10 11
11 1 11 2
12 5 12 6
12 5 11 5
12 5 12 6
12 8 12 11
18 5 18 3
18 5 18 6
19 1 20 1
21 21 22 21
30 28 30 31
31 31 32 31
6 3 7 3
10 11 10 12
11 1 11 2
11 2 11 5
11 5 11 6

3318

1       4 = = = = = = = = = = = 2 2 6 = = = 4 3 - - - - - 3 = = 6 4 
|       ǁ                           4 2     | 4 = 4 4 2 1 - - 3 ǁ ǁ 
5 = = = 8                           | |     7 = = = = = = = = 6 ǁ 2 
ǁ 2 - 3 ǁ   2 = 5 - - 3 3           | | 2   ǁ 2 4 = = = 6 = 4 2 ǁ   
ǁ | 2 4 ǁ       2     ǁ |     1 - 4 | | 2   ǁ | 3 3 2   ǁ 2 4 2 ǁ   
ǁ |   2 6 4 2         ǁ 3 - 3 = = 7 | 6 2   ǁ 5 = = = = 8 = = 6 ǁ 2 
ǁ |   2 2 |           ǁ 3 = = 4   ǁ |       ǁ ǁ 3 4 1 2 ǁ 2 - 4 ǁ ǁ 
ǁ |   5   |           6 = 3   ǁ   ǁ | 2     ǁ ǁ 1 ǁ | ǁ ǁ 4   | 5 ǁ 
4 2   4 1 |   4 4 4 4 ǁ 2 2   2   ǁ |       ǁ 5 = 8 7 5 ǁ 5 1 | ǁ 4 
2     4 4 2   ǁ 4 5 3 ǁ |         ǁ |       ǁ 2 2 4 2 1 ǁ 2   | ǁ ǁ 
4 = 5 = = = = 6 - - - 6 4 2 = = = 6 |       7 = = = = = 8 |   | 6 4 
3 2 5 - - 3 1 | 3                 ǁ |       7 = = 2 2   ǁ | 1 | ǁ   
ǁ   | 1 - 4 3 | 5 = = 2 2   2 = 4 3 | 2     ǁ       ǁ   ǁ | | | ǁ   
5 = 4 - - 1 1 |   3 = = 7 2 - - - 5 |       5 - 1   ǁ 1 ǁ 3 6 | 6   
| 2           |   | 2   2         4 2   2   ǁ 2 1   ǁ | ǁ 2 3 3 ǁ   
| ǁ 2 = = = = 6 = 4 6 1 - - - - 6 = 2 2 7 - 7 8 5 2 ǁ | ǁ 2 4 2 ǁ   
2 6 = 3       | 6 4 ǁ 1         ǁ 2 = = 5 2 2 4 2   ǁ | ǁ 4 8 2 2 3 
  4 2 |       | ǁ 4 4 5 = = = = 6 - - - - - - - - - 8 3 ǁ ǁ ǁ 2   4 
  4 = 5 - 2 3 | ǁ 2   ǁ     2 2 |                   ǁ 2 ǁ ǁ ǁ ǁ   2 
2 3   | 2   ǁ | 6 4   ǁ     ǁ | |         2         ǁ ǁ ǁ ǁ ǁ ǁ   2 
ǁ 3   | ǁ   ǁ | 2 |   6 = = 8 4 |         ǁ         ǁ ǁ ǁ 2 ǁ ǁ   | 
ǁ 4 2 | ǁ   4 | 4 4 - 4 3 4 5 2 |     4 = 7 - - - - 5 6 ǁ   ǁ ǁ   | 
4   | 3 ǁ   2 | 2     2 = 2 1   |     2   3 1         2 ǁ   ǁ ǁ   | 
ǁ 2 6 - 5 3 1 | 2 - 5 = 4 = = = 5 - - - - - - - - - - - 8 = 8 6 4 | 
ǁ 2 8 = = = = 8 |   |           6 = = = 4 3 3 4 = 6 2   ǁ 3 7 1 4 6 
ǁ   ǁ   1     ǁ 4   |     6 4 2 ǁ 2 6 2 | 1 | 2   ǁ 3 1 ǁ | ǁ 2 1 2 
ǁ   2 4 7 = = 8 6 1 |     ǁ 4 2 ǁ 3 4 - 7 = 4 - - 4 5 2 ǁ 1 ǁ 6 6 2 
ǁ     4 2 3 4 2 4 2 2 - - 8 8 4 ǁ 2 2 = 6 = = 4 1 3 |   ǁ 4 6 3 ǁ 1 
ǁ 2 = 4 2 3 ǁ 2 3         2 2 2 ǁ 1 3 = = = = 5 = 4 1   ǁ 2 2 1 ǁ | 
2           5 = = = = = = = = = 8 = = = = = = = = = = = 8 = = = 6 2 
4 = = = = = = = = = = = = = = = 6 3                     7 = = 2   2 
5 - - - - - - - - - - - - 1 2 = 4 ǁ       1   1 - - - - 7 3 1 1     
4 = = = = = 2 1 4 = = = = = = = = 7 = = = 4 1       2 = 8 = 5 3 6 4 
                2 1       2 = = = 5 = = = = = = = = 4 2 2 - 2 1 4 2 
