34 34
2 0 5 0 0 0 0 0 0 0 0 0 0 0 0 0 0 0 0 0 0 0 0 2 1 0 5 0 0 2 2 3 4 2 
2 0 7 0 0 0 0 0 0 0 0 0 0 0 0 0 0 0 0 0 0 0 0 0 0 0 6 0 0 0 0 4 4 1 
2 3 0 2 0 0 0 5 0 0 0 0 0 0 0 0 0 0 0 0 2 2 5 0 3 1 0 1 0 1 0 4 2 1 
1 0 5 0 0 0 0 7 0 0 4 0 0 0 0 2 2 4 0 0 5 2 0 2 3 2 0 4 0 3 0 3 0 0 
2 0 2 1 3 3 0 6 0 0 0 0 0 0 0 0 0 0 0 0 0 0 5 0 3 0 0 3 2 3 0 0 5 0 
0 0 0 0 2 2 1 4 0 0 0 0 3 0 0 0 1 0 0 0 0 0 3 0 3 3 0 1 0 5 3 1 0 0 
2 5 0 6 0 0 0 0 0 0 0 0 0 0 0 0 0 0 0 0 0 0 0 0 0 0 5 0 2 0 3 2 0 0 
1 0 2 0 2 0 4 0 0 4 0 0 0 0 0 0 0 0 0 0 0 0 0 0 3 3 0 2 1 3 4 2 0 0 
0 0 0 0 3 2 0 2 1 0 2 0 4 0 0 0 4 2 1 4 0 0 0 0 4 0 0 0 1 2 1 0 0 0 
3 0 4 0 1 0 5 5 4 0 2 0 0 2 0 0 0 2 0 6 5 2 0 0 0 0 0 4 0 5 3 2 0 0 
0 0 0 0 0 0 1 0 2 0 0 0 0 0 0 0 0 2 0 3 0 0 0 0 0 0 0 0 0 0 0 0 0 0 
0 0 0 0 2 0 0 6 2 0 1 2 5 5 0 0 0 0 0 0 2 3 0 0 5 2 0 0 0 0 0 0 0 0 
0 0 0 0 2 0 0 4 1 0 0 1 1 2 0 0 0 0 0 0 0 1 0 0 0 1 0 0 0 0 0 0 0 0 
0 0 0 0 4 0 0 0 0 7 0 0 0 0 0 0 7 0 0 0 0 0 0 0 7 3 0 0 0 0 0 0 0 0 
0 0 3 0 0 0 0 0 0 0 0 0 2 0 0 0 0 2 0 0 3 1 1 2 0 2 0 0 0 0 0 0 0 0 
0 0 0 0 0 0 0 0 0 0 0 0 0 0 0 0 0 1 0 2 2 0 1 0 0 0 0 4 1 0 0 0 0 0 
0 0 0 0 0 0 0 0 0 0 0 0 3 0 0 0 0 1 0 0 0 3 6 4 0 0 0 2 0 0 0 0 0 0 
0 0 2 0 0 0 0 0 0 0 0 0 0 0 0 0 0 0 0 0 0 1 0 4 0 4 0 0 0 0 0 0 0 0 
0 0 0 0 0 2 4 0 0 7 0 0 7 0 2 0 0 2 0 4 0 0 0 2 0 0 0 4 0 7 0 0 6 4 
0 0 0 0 2 0 1 2 0 7 2 2 5 1 2 0 0 0 0 0 0 3 0 1 0 0 0 4 1 0 2 3 0 0 
0 0 0 0 0 0 0 1 0 0 2 0 4 0 0 0 0 3 0 5 0 0 0 0 0 0 0 2 1 0 2 5 0 1 
0 0 0 0 0 2 0 4 0 6 0 0 6 0 4 1 0 2 0 0 0 0 0 3 6 4 0 2 0 6 3 0 0 1 
0 0 0 0 0 1 0 4 2 4 2 0 3 0 1 0 0 0 0 0 0 0 0 1 0 1 0 1 0 0 0 0 0 2 
0 0 3 6 0 0 0 0 0 0 0 0 0 0 0 0 6 0 0 7 3 6 7 3 6 2 0 0 2 5 2 0 0 0 
0 0 1 0 3 1 2 0 3 0 0 0 0 0 4 2 2 3 2 4 2 2 0 2 5 1 0 2 0 3 2 3 0 0 
6 6 3 0 4 0 0 0 0 0 0 0 0 0 5 0 0 0 0 0 0 0 5 0 0 0 8 0 0 0 0 0 7 3 
0 0 2 0 0 1 0 0 0 0 0 0 0 0 6 0 0 2 3 0 0 0 6 0 5 1 0 2 1 0 0 0 5 4 
0 0 1 0 0 2 0 0 4 0 0 0 0 0 5 2 3 0 5 2 3 0 3 2 8 2 0 6 0 5 0 0 4 2 
2 4 4 0 0 1 1 0 2 0 0 0 0 0 2 1 2 1 2 1 0 0 4 2 3 1 0 2 2 4 2 1 0 1 
1 1 1 0 3 3 4 0 0 0 0 0 0 0 0 0 0 0 0 0 0 0 0 0 0 0 7 0 0 0 0 0 7 2 
3 6 2 0 3 0 7 0 0 0 0 0 2 1 3 2 0 6 3 1 0 0 4 0 0 0 6 6 0 0 3 1 6 2 
2 0 0 0 2 1 4 0 0 0 0 0 0 0 4 3 2 0 1 1 0 0 3 2 2 1 0 3 4 2 0 1 0 0 
3 5 0 6 0 0 0 0 0 0 0 0 0 0 0 0 0 4 0 0 0 0 0 4 3 2 2 5 5 1 4 3 3 0 
2 5 2 3 0 0 0 0 0 0 0 0 0 0 0 0 0 0 0 0 1 2 0 4 1 2 0 6 4 2 3 2 2 0 
400 303
0 2 0 0
0 2 0 23
0 2 1 2
0 26 0 24
0 26 0 29
0 26 1 26
2 7 2 3
2 7 2 20
2 7 3 7
2 22 2 21
2 22 2 24
2 22 4 22
4 32 4 29
4 32 2 32
4 32 18 32
13 9 13 4
13 9 13 16
13 9 7 9
13 9 18 9
13 24 13 16
13 24 13 25
13 24 11 24
13 24 21 24
17 25 14 25
17 25 21 25
17 25 14 25
17 25 21 25
18 12 18 9
18 12 18 14
18 12 16 12
18 12 19 12
18 29 18 27
18 29 18 32
18 29 9 29
18 29 21 29
18 33 18 32
18 33 2 33
18 33 20 33
18 33 18 32
19 9 19 7
19 9 19 10
19 9 18 9
19 9 21 9
20 19 20 17
20 19 18 19
20 19 23 19
20 31 20 30
20 31 19 31
20 31 24 31
21 33 22 33
22 33 25 33
23 22 23 21
23 22 23 23
23 22 16 22
23 22 25 22
25 0 25 1
25 0 9 0
25 0 28 0
25 0 25 1
25 0 9 0
25 0 28 0
25 1 25 2
25 1 6 1
25 1 28 1
25 1 25 2
25 26 25 22
25 26 25 32
25 26 6 26
25 26 29 26
25 26 25 22
25 26 25 32
25 26 6 26
25 26 29 26
25 32 25 33
25 32 18 32
25 32 26 32
26 24 26 22
26 24 26 25
26 24 27 24
27 24 27 23
27 24 27 25
27 24 26 24
27 24 28 24
27 24 27 23
27 24 27 25
27 24 26 24
27 27 27 29
27 27 26 27
27 27 28 27
27 27 27 29
27 27 26 27
27 27 28 27
28 1 28 2
28 1 29 1
28 1 28 2
29 0 30 0
29 26 29 6
29 26 29 32
29 26 30 26
30 1 30 0
30 1 30 2
30 1 32 1
30 1 30 0
30 1 30 2
30 1 32 1
30 6 30 4
30 6 30 12
30 6 29 6
30 6 31 6
30 17 30 15
30 17 30 18
30 17 32 17
30 17 30 15
30 17 30 18
30 17 32 17
30 27 30 26
30 27 30 30
30 27 31 27
30 27 30 26
30 27 30 30
30 27 31 27
31 0 32 0
31 16 31 15
32 17 32 3
32 17 32 23
33 1 33 0
33 1 33 2
33 1 32 1
33 27 33 25
33 27 33 28
33 27 32 27
33 27 33 25
33 27 33 28
33 27 32 27
33 28 33 29
33 28 32 28
0 23 0 2
0 26 0 29
0 26 1 26
0 30 0 31
1 26 1 2
1 26 1 31
1 26 6 26
1 26 1 2
3 23 3 24
9 0 7 0
13 25 13 24
13 25 12 25
17 23 16 23
17 23 18 23
17 23 16 23
17 23 18 23
18 32 18 29
19 23 21 23
21 25 21 24
21 25 22 25
24 24 24 23
24 24 24 25
24 24 23 24
25 32 25 33
25 32 26 32
26 22 26 18
26 22 25 22
26 22 27 22
26 22 26 18
26 22 25 22
26 28 26 32
26 33 26 32
26 33 27 33
26 33 26 32
26 33 27 33
27 32 27 29
27 32 29 32
27 32 27 29
27 32 29 32
28 25 28 24
28 28 28 29
28 31 28 30
28 33 29 33
30 26 30 22
30 26 29 26
30 26 32 26
31 0 32 0
31 16 31 15
32 3 32 1
32 3 23 3
32 3 33 3
32 3 32 1
32 3 23 3
33 1 33 0
33 1 33 2
33 3 33 20
33 21 33 23
0 30 0 31
3 23 3 24
4 32 4 29
4 32 2 32
16 23 16 22
16 23 14 23
21 24 21 23
21 24 13 24
21 24 23 24
21 24 21 23
22 23 23 23
23 3 23 2
23 3 23 16
23 3 6 3
23 3 23 2
23 16 23 19
23 16 13 16
23 16 24 16
23 16 23 19
23 16 13 16
23 22 23 21
23 22 23 23
23 22 16 22
23 24 23 25
23 24 24 24
23 24 23 25
23 24 24 24
25 14 25 4
25 14 24 14
25 14 26 14
26 2 25 2
26 2 27 2
27 29 28 29
28 2 29 2
28 24 28 23
28 28 28 29
28 29 28 30
30 22 30 19
30 22 31 22
30 22 31 22
31 15 31 14
33 21 33 23
33 23 33 24
33 23 32 23
6 3 6 1
6 3 6 26
6 3 4 3
7 2 9 2
9 2 7 2
9 2 14 2
9 2 14 2
9 20 9 19
9 20 9 21
9 20 11 20
14 2 17 2
14 12 16 12
14 23 14 22
16 22 16 21
16 22 15 22
16 22 16 21
17 2 23 2
21 15 21 14
21 17 20 17
23 21 23 20
23 21 19 21
23 21 24 21
23 21 23 20
24 21 24 20
28 23 28 22
30 18 31 18
31 14 31 6
31 14 30 14
31 14 31 6
31 19 31 22
32 23 32 24
32 23 31 23
3 10 3 7
3 10 3 15
3 10 3 7
3 10 3 15
3 17 3 16
3 17 3 20
3 17 3 16
3 17 3 20
6 3 6 1
6 3 6 26
14 12 16 12
18 12 18 9
18 12 18 14
18 12 19 12
19 21 17 21
21 17 20 17
28 22 28 19
28 22 27 22
28 22 27 22
30 14 30 13
31 6 31 5
31 23 31 24
27 20 27 19
30 6 30 4
30 6 30 12
30 6 29 6
31 4 30 4
27 20 27 19
27 18 27 16
27 18 26 18
27 18 28 18
27 18 27 16
27 18 28 18
28 17 28 16

6129

2 - 5 = = = = = = = = = = = = = = = = = = = = 2 1 - 5 = = 2 2 3 4 2 
2   7 = = = = = = = = = = = = = = = = = = = = = = = 6 - - - - 4 4 1 
2 3   2 - - - 5 - - - - - - - - - - - - 2 2 5 - 3 1 | 1   1   4 2 1 
1   5         7 = = 4 = = = = 2 2 4 = = 5 2 | 2 3 2 | 4   3   3 ǁ | 
2   2 1 3 3   6                             5   3   | 3 2 3 = = 5 | 
      | 2 2 1 4         3       1           3   3 3 | 1   5 3 1 | | 
2 5 = 6 = = = = = = = = = = = = = = = = = = = = = = 5   2   3 2 | | 
1 | 2 | 2   4     4                             3 3 ǁ 2 1 3 4 2 | | 
| | ǁ | 3 2   2 1 | 2   4       4 2 1 4         4   ǁ   1 2 1   | | 
3 | 4 | 1   5 5 4 | 2     2       2   6 5 2         ǁ 4   5 3 2 | | 
ǁ | ǁ |     1   2 |               2   3 |           ǁ     |     | | 
ǁ | ǁ | 2     6 2 | 1 2 5 5             2 3     5 2 ǁ     |     | | 
ǁ | ǁ | 2     4 1 |   1 1 2               1     | 1 ǁ     |     | | 
ǁ | ǁ | 4 - - - - 7 - - - - - - 7 - - - - - - - 7 3 ǁ     |     | | 
ǁ | 3 |           |     2       ǁ 2     3 1 1 2 ǁ 2 ǁ     |     | | 
ǁ | | |           |     ǁ       ǁ 1   2 2   1 | ǁ ǁ ǁ 4 1 |     | | 
ǁ | | |           |     3       ǁ 1       3 6 4 ǁ ǁ ǁ 2   |     | | 
ǁ | 2 |           |     |       ǁ         1 ǁ 4 ǁ 4 ǁ     |     | | 
ǁ | | |   2 4     7 = = 7 = 2   ǁ 2   4   | ǁ 2 ǁ ǁ ǁ 4 - 7 = = 6 4 
ǁ | | | 2   1 2 - 7 2 2 5 1 2   ǁ     |   3 ǁ 1 ǁ ǁ ǁ 4 1 | 2 3 | | 
ǁ | | |       1   | 2   4       ǁ 3 - 5   | ǁ | ǁ ǁ ǁ 2 1 | 2 5 | 1 
ǁ | | |   2   4   6     6   4 1 ǁ 2   |   | ǁ 3 6 4 ǁ 2   6 3 | | 1 
ǁ | | |   1   4 2 4 2   3   1   ǁ     |   | ǁ 1 | 1 ǁ 1       | | 2 
ǁ | 3 6 - - - - - - - - - - - - 6 = = 7 3 6 7 3 6 2 ǁ   2 5 2 | | | 
ǁ | 1 ǁ 3 1 2   3           4 2 2 3 2 4 2 2 | 2 5 1 ǁ 2   3 2 3 | | 
6 6 3 ǁ 4 - - - - - - - - - 5               5 = = = 8 = = = = = 7 3 
ǁ | 2 ǁ   1                 6     2 3 = = = 6 - 5 1 ǁ 2 1 - - - 5 4 
ǁ | 1 ǁ   2     4           5 2 3 = 5 2 3   3 2 8 2 ǁ 6 = 5 = = 4 2 
2 4 4 ǁ   1 1   2           2 1 2 1 2 1 - - 4 2 3 1 ǁ 2 2 4 2 1 ǁ 1 
1 1 1 ǁ 3 3 4 - - - - - - - - - - - - - - - - - - - 7 - - - - - 7 2 
3 6 2 ǁ 3 = 7 = = = = = 2 1 3 2 = 6 3 1 - - 4 - - - 6 6 = = 3 1 6 2 
2 ǁ   ǁ 2 1 4 = = = = = = = 4 3 2 ǁ 1 1 - - 3 2 2 1 | 3 4 2   1     
3 5 = 6 - - - - - - - - - - - - - 4 - - - - - 4 3 2 2 5 5 1 4 3 3   
2 5 2 3 - - - - - - - - - - - - - - - - 1 2 = 4 1 2 = 6 4 2 3 2 2   
