34 34
2 4 0 3 4 0 0 0 0 0 0 0 0 0 0 0 0 0 0 0 0 0 3 3 0 0 0 6 0 5 0 6 2 1 
1 5 4 0 5 0 0 0 0 0 0 0 0 3 0 1 0 0 0 0 0 0 0 3 1 4 3 0 1 0 1 0 1 0 
0 3 3 0 2 0 0 0 0 0 1 2 0 5 0 4 0 0 0 0 1 0 0 3 0 6 3 0 0 0 0 0 4 4 
2 0 0 7 0 0 0 0 0 0 0 0 0 0 0 0 0 0 0 0 0 0 6 0 0 0 0 7 5 0 0 0 0 0 
3 4 2 0 3 0 3 2 0 0 0 0 0 4 2 1 0 0 0 4 3 2 0 3 0 2 2 0 0 0 2 0 0 0 
0 0 3 0 0 0 0 0 0 2 0 6 2 0 1 3 0 5 3 0 0 0 0 3 1 0 0 0 0 0 0 0 0 0 
2 0 2 0 0 3 4 3 0 3 1 0 0 0 0 1 0 0 0 0 0 0 0 3 0 6 4 0 0 0 0 0 0 0 
1 0 0 0 0 4 5 0 0 0 0 7 2 0 2 6 0 4 0 0 0 0 0 0 1 0 0 0 0 0 0 0 0 0 
2 0 0 0 0 2 3 0 4 0 2 2 1 0 0 1 0 0 0 0 1 0 0 0 0 0 0 0 0 0 0 0 0 0 
5 4 0 6 6 0 0 0 0 0 0 0 0 6 0 0 0 6 3 0 1 0 0 0 3 0 2 0 0 0 0 0 0 3 
0 0 0 0 0 1 4 0 0 2 1 0 0 4 0 1 1 3 2 0 4 6 0 0 0 0 0 0 0 0 0 0 0 0 
0 0 0 0 0 1 4 3 2 0 2 0 0 0 0 0 0 3 1 0 0 2 0 0 0 0 0 0 0 3 2 0 0 0 
0 0 0 0 4 0 0 0 0 6 0 0 0 0 0 0 0 5 1 0 0 2 0 0 0 0 3 0 0 4 3 0 0 0 
0 0 0 0 5 0 0 2 4 5 0 0 0 3 2 0 0 2 2 0 0 0 0 0 0 0 2 0 0 0 0 0 0 0 
4 0 0 0 2 2 0 0 5 1 0 0 1 0 0 0 0 0 2 0 0 0 0 0 0 0 1 0 0 0 0 0 0 0 
0 0 1 3 0 0 0 0 0 0 0 0 0 0 0 0 0 3 0 5 0 0 0 4 4 0 2 0 0 0 0 0 0 3 
0 0 4 0 3 0 0 0 0 0 0 0 5 0 0 0 2 2 1 0 0 0 0 3 1 0 0 0 0 2 0 3 0 0 
0 0 0 1 2 0 4 0 3 0 0 2 0 4 4 1 4 5 0 6 6 6 0 4 1 0 0 0 0 3 0 2 0 0 
0 0 0 4 0 0 0 0 0 0 0 5 5 0 2 0 2 3 2 2 2 2 0 2 0 0 0 0 0 2 0 3 0 0 
0 0 0 0 2 6 0 2 2 3 0 0 1 3 0 4 0 0 0 0 0 0 5 0 0 6 2 0 0 1 0 0 0 0 
0 0 4 0 0 5 0 0 0 4 3 5 0 0 0 0 0 0 0 0 0 0 6 5 4 0 2 0 0 0 0 3 0 0 
0 0 0 0 1 5 0 5 1 0 4 0 4 4 2 1 5 0 0 0 0 3 0 0 0 0 0 0 0 0 0 0 0 0 
0 0 0 0 0 0 0 2 0 0 3 0 2 0 2 0 5 3 0 1 0 0 2 2 0 0 0 0 0 0 4 2 0 0 
0 0 0 0 3 0 0 0 0 6 3 5 0 6 0 0 0 0 0 0 0 4 0 3 0 0 0 0 0 0 3 1 0 1 
3 0 2 0 0 0 0 1 0 0 2 0 2 6 2 1 0 3 0 3 1 0 0 0 0 0 0 0 3 5 6 5 0 2 
3 0 0 0 4 0 0 6 3 0 6 6 0 0 0 0 0 6 2 5 3 0 0 0 3 0 0 0 1 1 3 3 0 4 
0 0 0 5 5 2 0 4 1 0 3 0 3 0 0 4 4 4 2 5 4 0 0 0 0 0 4 6 3 0 4 2 0 0 
0 0 2 3 2 0 0 0 0 0 1 0 2 0 0 0 2 2 0 2 3 0 2 6 0 0 1 6 0 0 0 0 5 4 
4 4 0 0 0 0 0 0 0 6 2 0 0 0 0 3 0 0 0 0 0 5 1 4 0 0 2 2 2 2 4 2 0 3 
2 4 1 1 2 0 0 3 0 5 1 3 0 0 0 3 2 1 1 0 0 3 1 4 1 0 6 0 8 6 4 3 0 0 
1 2 2 0 0 0 0 0 0 4 1 2 1 1 0 4 0 0 0 0 0 0 2 4 2 0 4 2 0 3 5 3 5 3 
3 0 0 0 0 0 0 0 0 0 0 0 0 0 0 0 0 0 0 0 0 0 0 0 0 6 0 0 8 0 4 3 4 3 
4 0 0 0 0 0 2 1 2 0 0 0 0 0 0 0 0 0 0 0 0 0 0 0 5 0 0 0 5 0 0 5 2 3 
4 0 0 0 0 0 0 0 0 0 0 0 0 0 0 0 0 0 0 0 0 0 3 1 2 1 0 0 0 0 0 0 3 2 
400 530
0 27 0 23
0 27 0 29
0 27 3 27
0 27 0 23
0 27 0 29
0 27 3 27
0 31 0 29
0 31 0 32
0 31 16 31
0 31 0 29
0 31 0 32
0 31 16 31
0 33 2 33
1 32 2 32
2 32 2 33
2 32 27 32
2 32 2 33
2 33 9 33
3 3 3 0
3 3 3 22
3 3 0 3
3 3 9 3
3 27 3 22
3 27 3 28
3 27 26 27
3 28 3 27
3 28 1 28
3 28 24 28
5 11 5 9
5 11 5 12
5 11 7 11
5 11 5 9
5 11 5 12
5 11 7 11
5 17 5 15
5 17 5 18
5 17 7 17
7 11 7 6
7 11 7 12
7 11 8 11
7 15 7 14
7 15 7 17
7 15 6 15
7 15 8 15
9 0 9 1
9 0 8 0
9 0 14 0
9 33 15 33
10 21 10 20
10 21 4 21
10 21 11 21
10 21 10 20
10 21 4 21
10 21 11 21
13 4 13 7
13 4 12 4
13 4 14 4
15 33 9 33
15 33 23 33
24 31 24 30
24 31 23 31
24 31 25 31
24 33 25 33
25 33 24 33
25 33 27 33
25 33 27 33
26 3 26 4
26 3 18 3
26 3 27 3
27 33 27 32
27 33 28 33
29 28 29 26
29 28 29 29
29 28 28 28
29 28 31 28
29 28 29 26
29 28 29 29
29 28 28 28
29 28 31 28
29 29 29 30
29 29 28 29
29 29 30 29
29 29 29 30
30 27 30 26
30 29 30 30
31 28 31 25
31 28 31 30
31 28 32 28
32 31 32 28
32 31 32 32
32 31 31 31
33 0 33 22
33 0 32 0
33 0 33 22
33 0 32 0
0 29 11 29
1 2 1 1
1 2 2 2
1 2 1 1
1 2 2 2
1 4 1 13
1 4 0 4
1 4 2 4
1 30 4 30
2 2 2 1
2 13 2 11
2 13 2 15
2 13 1 13
2 25 2 23
2 25 2 26
2 25 1 25
2 25 2 23
2 25 2 26
2 25 1 25
2 26 1 26
3 28 3 27
4 30 11 30
6 10 6 9
7 15 7 14
7 15 7 17
7 17 5 17
9 17 9 13
9 17 9 18
9 17 10 17
9 17 9 13
9 17 9 18
9 17 10 17
20 2 16 2
20 2 24 2
20 2 16 2
20 2 24 2
20 5 20 9
20 5 19 5
20 5 21 5
21 7 21 5
21 7 21 8
21 7 22 7
26 27 26 26
26 27 26 28
26 27 27 27
26 27 26 26
26 27 26 28
27 27 27 26
27 27 27 32
27 27 28 27
28 29 28 30
28 30 28 31
28 30 29 30
28 30 28 31
28 33 30 33
28 33 30 33
29 26 29 24
29 26 28 26
29 26 30 26
29 26 28 26
29 30 29 31
29 31 30 31
29 31 30 31
30 26 30 24
30 26 30 27
30 29 30 30
31 25 31 0
31 25 31 28
31 25 33 25
31 25 31 0
31 28 31 30
31 28 32 28
31 30 31 31
31 30 30 30
32 0 32 6
32 0 31 0
32 6 32 7
32 8 32 24
32 24 32 8
32 24 33 24
32 24 33 24
32 28 32 31
33 22 33 23
1 25 1 24
1 25 1 26
2 1 1 1
3 22 3 3
3 22 0 22
3 22 19 22
3 22 0 22
5 18 5 17
5 18 9 18
6 9 6 7
9 13 9 4
9 13 4 13
9 13 10 13
9 13 9 4
15 19 15 17
15 19 4 19
15 19 17 19
16 2 16 4
16 2 15 2
17 6 17 4
17 6 17 8
17 6 17 4
17 6 17 8
17 21 17 20
17 21 12 21
17 21 18 21
17 21 17 20
17 21 12 21
17 21 18 21
19 5 19 4
19 5 19 7
19 5 20 5
19 5 19 4
19 5 19 7
19 25 19 22
19 25 19 26
19 25 6 25
19 25 19 22
19 25 19 26
19 25 6 25
20 23 20 22
20 23 20 24
20 23 22 23
26 26 26 20
26 26 20 26
27 23 27 22
27 23 28 23
27 23 27 22
27 23 28 23
27 23 28 23
27 23 28 23
27 27 27 32
27 27 28 27
27 32 30 32
28 21 28 15
28 21 28 22
28 21 29 21
29 23 29 22
29 23 30 23
29 23 30 23
29 23 30 23
30 23 30 22
30 30 30 31
30 32 30 33
30 32 31 32
30 32 31 32
2 1 1 1
2 20 2 15
2 23 1 23
4 13 4 7
4 13 4 14
4 13 4 7
5 15 5 14
5 15 4 15
6 9 6 7
6 25 6 23
6 25 6 26
6 25 4 25
6 25 6 23
6 26 4 26
6 26 9 26
6 26 4 26
7 24 9 24
8 8 8 6
8 8 8 10
8 8 8 6
8 8 8 10
9 4 9 3
9 4 4 4
9 4 12 4
9 4 9 3
9 24 15 24
9 26 12 26
10 18 10 17
10 18 11 18
10 20 9 20
10 20 17 20
12 4 12 9
12 4 13 4
12 9 12 17
12 9 10 9
12 9 13 9
12 9 12 17
12 9 10 9
12 26 13 26
15 26 14 26
17 3 18 3
18 3 18 11
18 3 26 3
18 23 17 23
19 8 19 9
20 26 20 24
29 21 29 18
29 21 28 21
30 22 30 15
30 32 31 32
1 23 0 23
2 15 2 13
2 15 1 15
4 4 4 6
4 19 4 20
4 19 15 19
4 19 4 20
4 20 8 20
4 25 4 23
5 24 5 23
6 7 6 6
9 3 9 1
9 3 3 3
9 3 15 3
9 24 15 24
10 6 10 5
10 6 11 6
10 6 11 6
10 6 11 6
10 13 10 10
10 13 10 15
11 5 11 6
11 7 11 8
11 8 11 7
11 10 11 17
12 26 13 26
14 0 9 0
14 0 24 0
14 0 24 0
15 3 15 17
15 24 15 23
15 24 16 24
16 4 16 12
17 8 17 11
17 24 17 23
18 23 17 23
19 8 19 9
20 24 20 23
20 24 25 24
24 0 25 0
25 0 28 0
25 24 25 20
28 21 28 15
29 17 29 16
30 15 30 13
30 15 29 15
30 15 29 15
0 22 0 4
4 4 4 6
4 6 6 6
4 23 5 23
6 6 6 5
6 6 7 6
11 10 11 17
11 17 12 17
14 8 14 5
14 8 14 9
14 8 13 8
14 12 14 18
14 18 13 18
15 3 15 17
15 19 17 19
15 23 6 23
15 23 16 23
15 23 16 23
16 4 16 12
16 23 17 23
17 19 17 17
17 19 17 20
17 19 18 19
17 19 17 17
17 20 18 20
17 20 18 20
24 13 24 12
24 13 24 14
24 13 23 13
24 13 24 12
24 13 24 14
24 13 23 13
25 0 28 0
25 24 25 20
28 0 28 1
28 0 29 0
29 16 29 15
0 4 0 3
0 4 1 4
4 23 5 23
6 5 7 5
13 9 13 8
13 9 13 13
16 18 16 17
23 13 23 11
23 13 23 21
23 13 21 13
23 13 23 11
23 21 23 23
23 21 21 21
23 21 23 23
23 23 22 23
6 5 7 5
7 5 7 6
7 5 8 5
8 5 8 6
13 9 13 8
13 9 13 13
13 13 13 14
13 14 13 17
14 8 14 5
14 8 13 8
20 23 20 22
21 21 21 16
21 21 21 16
22 16 22 14
22 16 22 17
22 16 21 16
22 19 22 17
22 22 20 22
7 6 7 11
12 17 12 18
12 17 13 17
13 7 13 4
18 19 18 18
20 22 20 11
20 22 19 22
20 22 22 22
21 13 21 12
21 13 21 14
21 13 21 12
22 17 22 16
18 18 18 17
19 22 19 15
21 12 21 10
21 12 22 12
21 16 21 15
21 16 22 16
22 12 22 10
22 14 21 14
19 15 19 13
19 15 17 15
19 15 19 13
20 11 20 10
20 11 18 11
20 11 20 10
20 11 18 11
21 10 20 10
21 10 22 10
21 10 22 10
17 14 17 13
17 14 18 14
17 14 17 13
17 14 18 14
18 12 18 11
18 12 16 12
18 12 19 12
19 9 20 9
19 13 17 13
20 9 20 5
20 9 23 9
23 9 23 4
23 9 23 10
23 9 28 9
23 9 23 4
23 9 23 10
24 7 25 7
25 7 25 4
25 7 25 8
25 7 26 7
25 7 25 4
25 7 25 8
25 8 26 8
25 10 25 11
25 10 24 10
25 10 26 10
25 10 25 11
25 10 24 10
25 10 26 10
25 11 25 17
25 11 23 11
25 11 29 11
25 11 25 17
25 17 25 18
25 17 24 17
25 17 26 17
25 17 25 18
25 19 25 20
25 19 24 19
25 19 26 19
26 7 26 5
26 7 29 7
26 7 26 5
26 10 27 10
26 20 26 19
26 20 27 20
26 20 26 19
27 20 27 19
27 20 27 19
28 1 9 1
28 1 29 1
28 1 9 1
28 15 26 15
4 1 4 0
4 1 4 2
4 1 4 0
4 1 4 2
5 2 6 2
9 0 8 0
17 11 18 11
18 12 16 12
22 7 21 7
23 10 23 11
24 15 24 17
24 17 24 19
24 20 24 19
25 4 23 4
25 4 26 4
25 19 26 19
26 4 26 3
26 4 27 4
26 4 27 4
26 15 26 12
26 15 26 16
26 15 26 12
26 16 26 17
26 16 27 16
26 16 26 17
26 17 26 18
26 18 26 19
27 12 26 12
27 12 30 12
27 16 27 17
5 2 6 2
6 0 4 0
6 0 7 0
16 12 16 16
21 4 21 5
21 5 21 7

5645

2 4   3 4 - - - - - - - - - - - - - - - - - 3 3 = = = 6 = 5 = 6 2 1 
1 5 4 | 5 - - - - - - - - 3   1             ǁ 3 1 4 3 ǁ 1 | 1 ǁ 1 | 
  3 3 | 2           1 2 - 5 = 4 - - - - 1   ǁ 3 = 6 3 ǁ | | | ǁ 4 4 
2 - - 7 = = = = = = = = = = = = = = = = = = 6 - - - - 7 5 | | ǁ | | 
3 4 2 ǁ 3 = 3 2 = = = = = 4 2 1       4 3 2 | 3 - 2 2 | | | 2 ǁ | | 
|   3 ǁ |   |     2 = 6 2 | 1 3 - 5 3 ǁ | ǁ | 3 1 | ǁ | | | | ǁ | | 
2   2 ǁ | 3 4 3 = 3 1 ǁ   |   1   ǁ | ǁ | ǁ | 3 = 6 4 | | | | ǁ | | 
1     ǁ | 4 5 = = = = 7 2 | 2 6 = 4 | ǁ | ǁ | | 1 ǁ | | | | | ǁ | | 
2     ǁ | 2 3 = 4 = 2 2 1 |   1     | ǁ 1 ǁ | | | ǁ | | | | | ǁ | | 
5 4 - 6 6 = = = = = = = = 6 = = = 6 3 ǁ 1 ǁ | | 3 ǁ 2 | | | | ǁ | 3 
ǁ ǁ   | | 1 4     2 1 - - 4 - 1 1 3 2 ǁ 4 6 | | ǁ ǁ | | | | | ǁ | ǁ 
ǁ ǁ   | | 1 4 3 2 ǁ 2 = = = = = = 3 1 ǁ | 2 | | ǁ ǁ | | | 3 2 ǁ | ǁ 
ǁ ǁ   | 4 - - - - 6 = = = = = = = 5 1 ǁ | 2 | | ǁ ǁ 3 | | 4 3 ǁ | ǁ 
ǁ ǁ   | 5 = = 2 4 5 = = = 3 2 - - 2 2 ǁ | ǁ | | ǁ ǁ 2 | |     ǁ | ǁ 
4 ǁ   | 2 2 = = 5 1     1 - - - - - 2 ǁ | ǁ | | ǁ ǁ 1 | |     ǁ | ǁ 
ǁ ǁ 1 3 = = = = = = = = = = = = = 3 - 5 | ǁ | 4 4 ǁ 2 | |     ǁ | 3 
ǁ ǁ 4 - 3 = = = = = = = 5 - - - 2 2 1 ǁ | ǁ | 3 1 ǁ   | | 2   3 | | 
ǁ ǁ ǁ 1 2 = 4 = 3 - - 2 ǁ 4 4 1 4 5 = 6 6 6 | 4 1 ǁ   | | 3   2 | | 
ǁ ǁ ǁ 4 - - - - - - - 5 5 | 2 | 2 3 2 2 2 2 | 2   ǁ   | | 2   3 | | 
ǁ ǁ ǁ ǁ 2 6 = 2 2 3   ǁ 1 3 = 4 - - - - - - 5 = = 6 2 | | 1     | | 
ǁ ǁ 4 ǁ   5 = = = 4 3 5 - - - - - - - - - - 6 5 4 - 2 | |     3 | | 
ǁ ǁ ǁ ǁ 1 5 = 5 1 | 4 - 4 4 2 1 5 = = = = 3 ǁ | |   | | |       | | 
ǁ ǁ ǁ ǁ       2   | 3 - 2 | 2 - 5 3 - 1   | 2 2 |   | | |   4 2 | | 
ǁ ǁ ǁ ǁ 3 = = = = 6 3 5 = 6 - - - - - - - 4 = 3 |   | | |   3 1 | 1 
3 ǁ 2 ǁ |     1   | 2 | 2 6 2 1 - 3 - 3 1       |   | | 3 5 6 5 | 2 
3 ǁ   ǁ 4 = = 6 3 | 6 6 = = = = = 6 2 5 3 = = = 3   | | 1 1 3 3 | 4 
ǁ ǁ   5 5 2 = 4 1 | 3 | 3 = = 4 4 4 2 5 4 - - - - - 4 6 3   4 2 | ǁ 
ǁ ǁ 2 3 2     |   | 1 | 2     | 2 2   2 3   2 6     1 6 = = = = 5 4 
4 4           |   6 2 | |     3 = = = = = 5 1 4     2 2 2 2 4 2 | 3 
2 4 1 1 2     3   5 1 3 |     3 2 1 1 - - 3 1 4 1 - 6 = 8 6 4 3 | ǁ 
1 2 2             4 1 2 1 1 - 4 - - - - - - 2 4 2 - 4 2 ǁ 3 5 3 5 3 
3 = = = = = = = = = = = = = = = = = = = = = = = = 6 = = 8 = 4 3 4 3 
4 - - - - - 2 1 2 = = = = = = = = = = = = = = = 5 |     5 = = 5 2 3 
4 = = = = = = = = = = = = = = = = = = = = = 3 1 2 1             3 2 
