34 34
4 0 0 6 0 0 4 2 4 0 3 2 2 2 3 0 0 3 1 2 4 0 5 4 4 2 2 1 3 0 4 0 3 2 
4 1 2 5 4 2 0 1 4 1 0 0 0 0 2 2 1 0 4 6 5 1 0 1 4 0 3 0 0 0 0 0 6 4 
2 0 0 1 2 0 7 0 7 4 0 6 6 7 0 6 3 0 2 0 2 0 0 2 2 0 1 5 0 4 0 0 0 0 
1 0 0 0 3 2 0 2 3 2 0 2 0 4 0 4 2 3 0 8 0 0 8 7 0 5 2 0 0 0 0 0 0 0 
3 4 7 0 0 0 8 0 0 0 7 0 3 2 1 3 0 4 0 8 4 4 0 5 2 4 2 0 0 2 0 0 0 0 
0 2 4 0 3 1 0 2 0 0 6 0 0 6 2 2 1 3 2 3 1 2 0 3 2 0 2 0 0 0 0 0 0 2 
6 0 0 0 0 0 7 0 0 0 0 0 0 0 0 0 0 0 0 0 0 0 8 0 0 8 6 0 0 0 0 0 0 0 
0 2 4 0 5 4 0 1 0 5 0 0 6 0 0 0 6 2 0 0 0 0 0 2 3 0 2 0 0 0 0 0 0 0 
0 4 7 2 0 0 0 4 4 0 0 0 2 0 0 0 2 0 0 0 0 0 0 1 4 0 2 0 0 0 0 0 0 0 
0 4 2 0 0 4 0 0 2 0 0 0 0 0 0 0 0 0 0 0 0 0 0 2 0 0 4 0 0 0 0 0 0 0 
0 4 2 0 0 2 0 5 0 7 0 0 0 0 0 0 0 0 0 0 0 0 6 4 5 0 0 0 3 0 0 0 6 5 
0 2 6 0 8 4 0 0 2 4 3 0 4 0 0 5 0 2 1 0 3 0 6 3 4 0 4 0 0 3 5 1 0 2 
0 0 2 0 0 2 0 0 0 0 2 0 0 4 2 6 3 4 4 0 5 2 0 0 2 0 0 0 0 0 3 1 0 1 
0 4 0 0 8 3 0 0 4 5 1 0 0 0 0 2 1 2 0 0 0 0 2 6 2 0 0 0 0 0 2 0 0 0 
0 3 0 0 0 1 0 0 0 4 2 0 0 0 0 2 0 0 0 0 0 0 4 4 2 0 0 0 0 0 0 0 0 0 
0 0 4 2 0 0 0 0 6 0 0 0 4 6 5 0 0 0 0 0 0 0 6 0 0 6 3 0 6 4 4 3 0 2 
0 0 0 0 0 0 0 0 0 2 6 0 4 4 2 0 0 0 0 0 0 0 0 0 0 0 2 0 6 0 2 4 0 0 
0 0 0 0 0 0 0 0 0 2 4 0 0 2 0 0 0 0 0 0 0 0 0 0 0 0 4 0 0 0 2 4 0 0 
0 0 0 0 0 0 0 0 0 0 0 0 0 0 0 0 0 0 0 0 0 0 0 0 0 0 0 0 0 0 0 2 0 0 
0 3 3 0 0 0 0 1 5 0 0 0 4 0 0 0 0 0 0 0 0 0 3 2 0 8 6 0 6 0 8 4 0 0 
0 2 3 2 0 0 0 2 5 0 0 1 2 0 0 0 0 0 0 0 0 0 0 0 0 4 2 0 4 2 2 2 0 0 
0 2 0 0 7 0 7 0 0 0 0 0 0 0 0 0 0 0 0 0 0 0 0 0 0 0 0 7 0 0 0 0 8 3 
0 1 2 0 0 2 0 2 0 0 0 4 2 3 0 0 0 0 4 0 0 0 1 4 3 2 1 0 4 4 1 2 4 2 
0 3 3 0 5 5 0 4 0 0 0 8 0 0 0 0 2 0 0 4 0 0 0 5 0 3 0 0 0 2 5 0 0 6 
0 0 2 2 0 0 0 0 2 4 0 6 0 0 2 0 0 0 0 2 0 0 0 1 0 0 0 0 0 1 5 2 3 0 
0 0 0 0 3 0 0 6 0 0 0 0 0 0 0 0 0 0 8 0 0 0 0 0 7 7 3 0 0 0 2 2 0 0 
0 0 0 0 0 0 0 5 4 2 0 0 0 0 0 0 0 0 0 0 0 0 0 0 2 0 0 0 0 0 0 0 0 0 
0 0 0 0 0 0 0 0 0 0 0 0 0 0 0 0 0 0 0 0 0 0 4 0 0 4 0 0 6 0 0 6 4 5 
0 6 8 4 0 2 0 3 3 0 0 0 0 0 0 0 0 0 0 0 0 0 0 0 0 0 0 0 6 4 2 0 2 0 
0 2 0 0 2 1 0 4 1 0 0 0 0 0 0 0 0 0 0 2 0 0 4 0 0 0 0 0 5 5 2 0 0 3 
0 0 0 0 0 0 0 2 0 0 0 0 0 0 0 0 0 0 0 0 0 0 0 0 0 0 0 0 1 3 2 0 0 2 
0 0 4 0 0 0 4 2 0 6 0 0 0 0 0 0 0 0 7 0 0 0 0 0 0 0 0 7 0 0 0 7 8 2 
5 0 0 0 0 0 0 0 0 3 0 3 0 1 0 0 0 0 2 1 2 2 6 2 1 2 0 6 0 0 1 2 4 4 
4 0 0 0 0 0 0 0 0 0 0 0 0 0 0 0 0 0 0 0 6 0 4 2 4 0 0 5 0 0 0 3 2 2 
400 639
0 0 0 3
0 0 1 0
0 0 0 3
0 0 1 0
0 3 0 6
0 3 1 3
0 22 0 20
0 22 0 23
0 22 3 22
1 0 1 1
1 0 2 0
2 6 2 4
2 6 2 8
2 6 0 6
2 6 4 6
2 13 2 12
2 13 2 15
2 13 0 13
2 13 3 13
2 29 2 27
2 29 4 29
2 29 2 27
2 29 4 29
3 19 3 17
3 19 3 22
3 19 1 19
3 19 4 19
3 19 3 17
3 19 3 22
3 19 1 19
3 19 4 19
3 22 3 23
3 22 0 22
3 22 6 22
4 2 4 1
4 2 4 6
4 2 1 2
4 2 5 2
4 6 4 2
4 6 4 10
4 6 2 6
4 6 6 6
4 19 4 17
4 19 4 20
4 19 5 19
4 21 4 20
4 21 5 21
4 21 4 20
4 21 5 21
4 23 4 24
4 23 3 23
4 23 5 23
6 0 6 6
6 0 4 0
6 0 32 0
6 0 6 6
6 0 4 0
6 0 32 0
6 22 6 6
6 22 6 25
6 22 3 22
6 22 10 22
6 25 6 22
6 25 6 26
6 25 4 25
6 25 15 25
6 26 6 25
6 26 5 26
6 26 7 26
6 26 6 25
6 26 5 26
7 4 7 2
7 4 7 5
7 4 11 4
7 9 7 7
7 9 7 12
7 9 10 9
7 12 7 9
7 12 7 16
7 12 8 12
7 12 7 16
7 12 8 12
7 16 7 17
7 16 8 16
7 16 7 17
7 16 8 16
7 26 8 26
8 2 8 1
8 2 8 3
8 2 7 2
8 2 9 2
8 7 8 8
8 7 10 7
8 7 8 8
8 7 10 7
8 8 9 8
8 26 9 26
9 5 7 5
9 5 10 5
9 5 7 5
9 5 10 5
9 26 11 26
10 7 10 9
10 7 19 7
10 7 10 9
10 24 10 23
10 24 8 24
10 24 11 24
10 33 10 32
10 33 5 33
10 33 11 33
11 4 11 2
11 4 11 5
11 4 7 4
11 4 13 4
11 5 11 4
11 5 12 5
11 5 11 4
11 15 11 12
11 15 11 17
11 15 12 15
12 5 13 5
13 4 13 1
13 4 13 5
13 4 11 4
13 4 21 4
15 2 15 3
15 2 19 2
15 2 15 3
15 2 19 2
15 8 15 12
15 8 13 8
15 8 19 8
15 8 15 12
15 8 13 8
15 8 19 8
16 10 16 9
16 10 16 12
16 10 17 10
16 10 16 9
16 10 16 12
16 10 17 10
17 10 17 9
17 10 17 13
19 25 19 23
19 25 19 26
19 25 15 25
19 25 20 25
19 25 19 23
19 25 19 26
19 25 15 25
19 25 20 25
19 26 19 28
19 26 17 26
19 26 20 26
19 26 19 28
19 28 19 30
19 28 16 28
19 28 20 28
19 28 19 30
19 30 19 31
19 30 17 30
19 30 20 30
21 6 21 4
21 6 21 27
21 6 6 6
21 6 31 6
21 27 21 6
21 27 21 32
21 27 31 27
21 27 21 32
21 27 31 27
21 32 21 33
21 32 10 32
21 32 22 32
22 28 22 29
22 28 27 28
22 28 22 29
22 28 27 28
22 29 22 30
22 29 23 29
23 5 23 4
23 5 22 5
23 5 28 5
23 11 23 7
23 11 23 16
23 11 22 11
23 11 24 11
23 11 23 7
23 11 23 16
23 11 22 11
23 11 24 11
23 19 23 23
23 19 24 19
23 19 23 23
23 19 24 19
23 30 23 29
23 30 23 33
23 30 24 30
23 33 23 30
23 33 22 33
23 33 27 33
24 11 24 9
24 11 24 14
24 11 32 11
24 11 24 9
25 18 25 24
25 18 22 18
25 18 31 18
25 18 25 24
25 18 22 18
25 18 31 18
25 24 25 25
25 24 22 24
25 24 26 24
26 7 26 8
26 7 25 7
26 7 28 7
27 22 27 25
27 22 29 22
27 22 27 25
27 22 29 22
27 25 25 25
27 25 32 25
27 28 27 31
27 28 28 28
27 28 27 31
27 28 28 28
27 31 27 32
27 31 25 31
27 31 31 31
27 31 27 32
28 1 28 2
28 1 23 1
28 1 29 1
28 1 28 2
28 1 23 1
28 1 29 1
28 2 28 3
28 2 24 2
28 2 31 2
28 28 28 29
28 28 29 28
28 28 28 29
28 28 29 28
28 29 28 30
28 29 29 29
28 30 29 30
29 22 29 19
29 22 32 22
31 2 31 6
31 2 28 2
31 2 31 6
31 6 31 7
31 9 31 7
31 9 26 9
31 9 32 9
31 9 26 9
31 9 32 9
31 9 32 9
31 18 32 18
31 31 31 27
31 31 31 32
31 31 32 31
31 32 31 31
31 32 31 33
31 32 28 32
31 32 32 32
31 32 31 31
31 32 31 33
31 32 28 32
32 0 33 0
32 11 32 13
32 22 32 21
32 22 32 23
32 22 33 22
32 22 32 21
32 22 32 23
32 33 32 32
32 33 33 33
32 33 32 32
32 33 33 33
33 0 33 20
33 0 32 0
33 0 33 20
33 20 33 22
33 20 32 20
33 22 33 20
33 22 33 23
33 23 33 24
33 24 33 27
33 24 32 24
33 24 33 27
0 3 0 6
0 3 1 3
0 6 0 7
1 5 1 4
1 19 1 18
1 19 1 20
1 19 0 19
1 19 1 18
1 21 1 20
2 0 3 0
2 6 2 4
2 6 2 8
2 8 2 9
2 8 1 8
2 8 3 8
2 20 1 20
3 4 3 5
3 5 3 4
3 7 3 8
3 22 3 23
4 0 4 1
4 1 4 2
4 1 5 1
4 6 4 10
4 6 6 6
4 10 4 12
4 10 0 10
4 10 5 10
4 19 4 17
4 19 4 20
4 19 5 19
5 1 5 2
5 2 5 4
5 2 4 2
5 4 5 5
5 7 5 10
5 10 5 7
5 10 5 13
5 10 4 10
5 10 5 13
5 13 5 14
5 13 4 13
5 13 5 14
5 13 4 13
5 20 5 19
6 22 6 6
6 22 10 22
7 5 7 4
7 9 10 9
8 3 8 2
8 8 9 8
9 26 11 26
10 22 10 9
10 22 10 23
10 22 11 22
10 22 10 9
11 2 11 1
11 2 10 2
11 2 12 2
11 2 11 1
11 2 10 2
11 22 11 20
11 22 11 23
11 22 13 22
11 22 11 20
11 22 11 23
11 26 11 29
11 26 15 26
12 20 12 18
12 20 12 21
12 20 11 20
12 21 12 20
13 1 13 4
13 1 14 1
13 1 14 1
13 4 13 5
13 4 21 4
13 8 13 9
13 8 11 8
14 1 19 1
14 9 14 10
14 9 13 9
14 9 14 10
14 9 13 9
15 25 15 22
15 25 15 26
15 25 6 25
15 28 15 26
15 28 15 29
15 28 16 28
15 28 15 29
15 28 16 28
16 12 16 13
16 12 15 12
16 28 16 26
16 28 16 30
16 28 15 28
17 13 16 13
17 26 16 26
19 30 19 31
19 30 17 30
19 30 20 30
19 31 18 31
19 31 20 31
20 7 20 8
20 25 20 12
20 25 20 26
20 28 20 29
20 29 20 28
21 6 21 4
21 32 21 33
21 32 10 32
21 32 22 32
22 11 22 7
22 11 22 12
22 12 22 13
22 13 22 18
22 18 22 13
22 22 22 23
22 23 22 24
22 23 23 23
22 23 22 24
22 31 22 32
22 32 22 31
23 7 22 7
23 7 25 7
23 23 24 23
23 30 24 30
23 33 22 33
23 33 27 33
24 9 24 8
24 29 24 30
25 7 26 7
25 24 25 25
25 24 26 24
25 25 25 26
25 25 23 25
27 32 27 33
27 32 24 32
27 33 29 33
27 33 29 33
28 2 28 3
28 2 24 2
28 3 28 5
28 3 24 3
29 4 29 5
29 19 32 19
29 33 30 33
30 7 29 7
31 18 32 18
31 27 31 31
31 27 32 27
31 27 32 27
31 27 32 27
32 20 33 20
32 25 32 27
32 32 32 31
33 32 33 31
33 32 33 31
1 2 1 3
1 4 1 3
1 4 1 5
1 4 1 3
2 11 2 12
2 11 0 11
2 11 3 11
2 11 2 12
2 11 0 11
2 11 3 11
2 12 2 13
2 12 0 12
2 12 4 12
2 20 1 20
3 7 3 8
3 9 2 9
3 13 3 15
3 13 2 13
3 13 3 15
4 12 4 10
4 14 4 15
5 18 5 17
7 2 7 1
7 2 8 2
10 1 9 1
10 9 11 9
10 28 10 32
10 32 10 28
10 32 10 33
11 8 11 9
11 9 11 10
11 9 13 9
11 30 11 29
11 30 11 31
11 30 12 30
12 20 12 18
13 9 13 10
15 12 15 13
15 13 15 14
15 13 12 13
15 13 16 13
15 13 15 14
15 13 12 13
15 22 15 14
15 22 14 22
15 22 19 22
15 22 15 14
15 22 14 22
15 29 15 30
15 29 11 29
15 33 12 33
15 33 21 33
16 13 16 14
16 14 15 14
17 31 16 31
17 31 18 31
17 31 16 31
19 22 19 12
20 7 20 8
24 3 20 3
24 9 24 8
24 32 24 31
25 4 23 4
25 7 26 7
25 25 25 26
25 25 23 25
25 26 22 26
26 8 28 8
30 7 29 7
32 30 32 27
33 31 33 27
0 10 0 8
0 10 0 8
0 12 0 13
0 20 0 19
0 20 0 22
0 20 1 20
0 23 0 24
0 23 1 23
0 23 0 24
0 24 0 25
0 24 1 24
0 30 0 28
0 30 0 32
0 30 0 28
0 30 0 32
1 24 1 26
1 24 2 24
1 24 1 26
1 32 1 26
1 32 1 33
1 32 0 32
1 32 1 33
2 8 2 9
2 8 1 8
2 9 1 9
2 13 2 15
2 15 2 16
2 15 1 15
2 15 3 15
2 15 2 16
2 27 2 26
3 15 3 16
3 25 3 23
3 25 3 26
3 25 4 25
5 18 5 17
7 1 8 1
8 1 8 2
8 1 9 1
9 1 9 2
9 1 10 1
11 12 11 10
11 12 11 15
11 12 11 10
11 30 12 30
11 33 10 33
12 10 12 13
12 13 12 10
12 14 12 15
12 18 12 17
12 18 11 18
17 31 16 31
19 22 19 12
20 3 20 2
21 4 23 4
22 5 23 5
22 25 23 25
23 5 23 4
24 32 24 31
25 4 23 4
25 31 25 30
26 8 28 8
29 7 29 8
29 7 28 7
32 27 33 27
0 8 0 7
0 8 1 8
0 25 0 26
0 26 0 27
0 33 1 33
0 33 1 33
1 7 1 8
2 24 2 23
11 30 12 30
12 14 12 15
12 15 12 16
12 15 11 15
12 15 13 15
12 31 15 31
13 30 15 30
16 31 16 30
19 12 19 8
19 12 20 12
20 11 20 8
24 30 25 30
28 7 28 8
2 23 3 23
3 23 3 25
3 23 4 23
11 17 12 17
12 17 12 16
12 17 13 17
13 30 15 30
15 30 15 31
19 8 20 8
19 8 20 8
12 16 13 16
13 15 14 15
13 17 13 22
13 23 13 24
13 23 11 23
13 23 14 23
14 15 14 22
14 22 14 23
14 23 14 24
14 23 13 23
14 24 13 24
10 23 10 24
10 23 9 23
11 24 10 24
11 24 12 24
11 24 12 24
8 24 8 23
8 24 7 24
8 24 7 24
7 23 7 24

4900

4 = = 6 = = 4 2 4 = 3 2 2 2 3     3 1 2 4 = 5 4 4 2 2 1 3 = 4 = 3 2 
4 1 2 5 4 2 | 1 4 1 | ǁ | | 2 2 1   4 6 5 1 ǁ 1 4 = 3 - - - - - 6 4 
2   | 1 2 = 7 = 7 4 | 6 6 7 = 6 3   2 ǁ 2   ǁ 2 2   1 5 = 4         
1   |   3 2 ǁ 2 3 2 | 2 | 4 = 4 2 3 = 8 = = 8 7 = 5 2     ǁ         
3 4 7 = = = 8 = = = 7 = 3 2 1 3   4 = 8 4 4 ǁ 5 2 4 2     2         
ǁ 2 4 - 3 1 ǁ 2 = = 6 = = 6 2 2 1 3 2 3 1 2 ǁ 3 2 | 2             2 
6 = = = = = 7 = = = = = = = = = = = = = = = 8 = = 8 6             | 
ǁ 2 4 - 5 4 | 1 - 5 = = 6 = = = 6 2         ǁ 2 3 ǁ 2             | 
ǁ 4 7 2 ǁ ǁ | 4 4 ǁ     2       2           ǁ 1 4 ǁ 2             | 
ǁ 4 2   ǁ 4 | ǁ 2 ǁ                         ǁ 2 | ǁ 4             | 
ǁ 4 2   ǁ 2 | 5 = 7 = = = = = = = = = = = = 6 4 5 ǁ ǁ   3 = = = 6 5 
ǁ 2 6 - 8 4 | | 2 4 3 = 4 = = 5 - 2 1   3 = 6 3 4 ǁ 4 - - 3 5 1 ǁ 2 
ǁ   2   ǁ 2 | | | | 2 = = 4 2 6 3 4 4 = 5 2 | | 2 ǁ |     | 3 1 ǁ 1 
ǁ 4 = = 8 3 | | 4 5 1     ǁ   2 1 2 - - - - 2 6 2 ǁ |     | 2 | ǁ | 
ǁ 3     ǁ 1 | | ǁ 4 2     ǁ   2 - - - - - - 4 4 2 ǁ |     | ǁ | ǁ | 
ǁ | 4 2 ǁ   | | 6 = = = 4 6 5 = = = = = = = 6 - - 6 3 - 6 4 4 3 ǁ 2 
ǁ | ǁ   ǁ   | | ǁ 2 6 = 4 4 2               |     ǁ 2 - 6 - 2 4 ǁ | 
ǁ | ǁ   ǁ   | | ǁ 2 4 - - 2                 |     ǁ 4   |   2 4 ǁ | 
ǁ | ǁ   ǁ   | | ǁ                           |     ǁ |   |   ǁ 2 ǁ | 
ǁ 3 3   ǁ   | 1 5 - - - 4 = = = = = = = = = 3 2 = 8 6 = 6 = 8 4 ǁ | 
ǁ 2 3 2 ǁ   | 2 5 - - 1 2 - - - - - - - - - - - - 4 2   4 2 2 2 ǁ | 
ǁ 2   | 7 = 7 = = = = = = = = = = = = = = = = = = = = 7 = = = = 8 3 
ǁ 1 2 | | 2 | 2 - - - 4 2 3 = = = = 4       1 4 3 2 1 ǁ 4 4 1 2 4 2 
ǁ 3 3 | 5 5 | 4 = = = 8 = = = = 2   ǁ 4 = = = 5 | 3 | ǁ ǁ 2 5 = = 6 
ǁ ǁ 2 2 ǁ | | | 2 4 = 6 - - 2       ǁ 2       1 | ǁ | ǁ ǁ 1 5 2 3 ǁ 
ǁ ǁ ǁ | 3 | | 6       |             8 = = = = = 7 7 3 ǁ ǁ   2 2 | ǁ 
ǁ ǁ ǁ |   | | 5 4 2   |             ǁ           2 |   ǁ ǁ     | | ǁ 
ǁ ǁ ǁ |   | | | ǁ ǁ   |             ǁ       4 = = 4   ǁ 6 = = 6 4 5 
ǁ 6 8 4 - 2 | 3 3 ǁ   |             ǁ       ǁ     |   ǁ 6 4 2 | 2 ǁ 
ǁ 2 ǁ   2 1 | 4 1 ǁ   |             ǁ 2 - - 4     |   ǁ 5 5 2 | ǁ 3 
ǁ   ǁ       | 2   ǁ   |             ǁ |     |     |   ǁ 1 3 2 | ǁ 2 
ǁ   4 = = = 4 2 - 6   |             7 |     |     |   7 = = = 7 8 2 
5                 3   3 - 1         2 1 2 2 6 2 1 2 - 6 - - 1 2 4 4 
4 = = = = = = = = = = = = = = = = = = = 6 = 4 2 4 = = 5 - - - 3 2 2 
