34 34
2 0 5 0 0 0 0 0 0 0 0 0 0 0 0 0 0 0 0 5 0 0 0 3 0 0 0 0 5 4 4 0 5 3 
4 0 8 0 0 0 0 0 0 0 0 0 0 0 0 0 0 4 2 0 4 5 2 2 4 0 5 3 3 4 6 3 0 3 
0 2 0 2 0 3 4 0 4 0 0 4 1 2 5 2 0 0 0 0 0 0 2 0 4 2 0 3 3 4 0 2 0 3 
0 4 0 0 0 0 0 0 0 0 0 0 0 3 0 0 0 0 0 0 0 0 5 7 7 4 0 5 2 4 0 0 0 0 
0 0 0 0 0 0 0 3 0 0 0 7 6 4 0 0 0 0 0 0 0 0 4 0 4 3 0 0 0 0 0 0 0 0 
0 0 0 2 0 7 6 0 0 0 0 0 0 1 0 0 0 0 0 0 3 0 0 0 0 0 0 0 0 6 6 0 8 6 
0 0 0 3 3 0 2 0 0 0 0 0 0 0 0 1 0 0 0 0 1 0 0 0 0 0 0 0 0 0 0 2 0 0 
0 0 0 5 5 0 2 0 0 0 2 0 0 3 0 0 0 0 3 5 0 7 5 0 0 0 0 3 0 0 0 4 0 0 
0 0 0 0 0 0 0 0 0 2 0 0 0 0 0 0 0 0 2 5 1 0 0 0 3 3 0 0 0 0 0 0 0 0 
0 0 0 0 2 0 0 0 0 0 0 0 0 0 0 0 0 0 1 0 3 6 1 0 4 3 0 0 0 0 0 0 0 0 
0 4 0 0 0 0 0 0 1 0 0 0 4 6 0 0 0 0 2 0 3 6 2 0 0 0 0 0 0 0 0 0 0 0 
0 0 0 0 0 0 0 0 0 0 0 0 0 0 0 0 0 0 0 4 4 0 0 6 0 0 6 4 0 0 0 0 0 0 
0 0 0 0 0 0 0 0 0 0 0 0 1 0 0 0 0 0 0 3 0 3 2 0 4 0 6 0 0 0 0 0 0 0 
0 0 0 0 0 0 0 0 0 0 0 0 0 2 0 0 0 0 0 4 0 0 1 0 0 0 4 4 0 0 0 0 0 0 
0 0 0 0 3 7 6 0 0 0 0 0 0 2 0 3 0 0 0 0 5 5 5 0 6 2 3 4 0 4 0 0 0 0 
0 0 0 0 1 0 2 0 0 0 0 0 0 0 0 0 0 0 0 0 3 4 4 0 3 0 0 2 0 0 0 0 0 0 
0 0 0 0 3 6 0 6 7 4 4 6 5 6 0 0 0 0 6 5 2 0 0 5 0 0 0 0 4 3 0 0 0 0 
3 0 0 0 0 0 1 0 0 0 0 0 0 0 0 0 0 0 4 0 4 3 1 0 4 4 4 0 4 4 3 0 0 0 
0 0 0 0 1 5 3 0 0 0 0 3 0 0 0 0 0 0 2 0 3 2 0 0 3 0 6 0 6 5 3 0 0 2 
0 0 0 0 0 4 2 0 0 0 0 0 0 0 0 0 0 0 4 6 0 0 0 7 0 6 7 3 0 3 3 0 0 2 
4 6 0 5 0 7 3 0 5 0 3 3 2 2 0 0 0 0 5 6 0 4 1 0 4 6 0 5 6 5 4 0 0 3 
3 4 0 0 3 7 3 0 4 0 0 0 2 0 0 4 0 6 2 2 2 2 1 0 5 6 0 3 0 2 1 0 0 0 
3 0 0 0 1 2 2 0 2 0 0 0 0 0 6 0 0 5 0 0 5 3 1 0 1 2 0 2 0 4 0 6 0 3 
3 4 0 3 0 0 0 6 0 0 0 0 0 0 0 0 0 0 0 0 0 0 0 6 0 0 8 0 5 4 1 0 0 0 
3 3 0 1 0 3 0 5 0 4 0 0 0 0 0 0 0 0 0 0 0 4 2 0 1 0 5 0 2 4 2 0 0 0 
1 0 7 0 0 0 0 0 0 0 0 0 0 0 0 0 0 0 0 0 0 0 0 7 0 0 0 0 0 0 0 7 7 6 
4 4 0 1 0 0 5 0 0 0 0 0 6 5 5 1 2 0 2 4 0 4 3 0 2 2 0 6 6 4 2 0 0 3 
0 2 0 2 4 0 5 0 0 3 4 2 0 1 0 0 0 2 7 6 2 0 4 0 5 0 6 7 7 0 0 6 0 3 
6 0 7 0 0 0 0 0 0 0 0 0 7 0 5 0 4 0 5 0 0 3 3 0 3 4 0 2 0 2 2 0 0 3 
0 2 0 3 0 5 0 5 0 0 0 0 8 4 4 0 4 3 0 2 0 0 0 6 4 5 0 2 0 0 0 4 0 0 
6 4 0 3 3 8 2 3 1 3 3 0 5 4 4 3 5 0 0 0 0 2 2 5 3 5 0 4 0 3 0 4 0 2 
3 1 0 3 0 6 0 0 0 5 0 0 0 0 0 0 0 0 0 0 0 0 0 4 4 4 0 0 0 0 0 0 0 0 
3 0 5 0 0 0 0 0 0 0 0 0 0 0 0 0 0 0 0 0 0 4 0 0 5 3 0 6 8 6 6 4 6 5 
4 4 4 0 0 0 0 0 0 0 0 0 0 0 0 0 0 0 0 0 0 0 0 0 0 0 4 4 4 4 4 1 1 2 
400 729
0 2 0 0
0 2 0 19
0 2 1 2
0 28 0 23
0 28 0 29
0 28 1 28
0 32 0 30
0 32 0 33
0 32 5 32
1 2 1 0
1 2 1 17
1 2 0 2
1 2 25 2
1 2 1 0
1 2 1 17
1 2 0 2
1 17 1 18
1 17 21 17
1 21 1 20
1 21 1 22
1 21 7 21
1 26 1 24
1 26 1 27
1 26 11 26
2 1 3 1
2 14 2 13
2 14 2 15
2 14 22 14
3 1 2 1
3 1 10 1
3 1 10 1
3 22 3 23
3 22 2 22
3 22 4 22
3 24 3 23
3 24 3 25
3 24 2 24
3 24 4 24
3 27 3 28
3 27 2 27
3 27 7 27
4 11 4 7
4 11 4 12
4 11 2 11
4 11 16 11
5 5 5 3
5 5 5 6
5 5 2 5
5 5 14 5
5 6 5 5
5 6 2 6
5 6 6 6
5 6 5 5
5 6 2 6
5 29 5 30
5 29 3 29
5 29 14 29
5 29 5 30
5 29 3 29
5 29 14 29
5 30 5 32
5 30 1 30
5 30 17 30
5 30 5 32
5 32 5 33
5 32 0 32
5 32 25 32
5 33 5 32
5 33 2 33
5 33 18 33
5 33 5 32
5 33 2 33
6 6 7 6
6 31 7 31
7 3 7 4
7 3 6 3
7 3 20 3
7 22 7 21
7 22 4 22
7 22 9 22
7 31 6 31
7 31 22 31
7 31 22 31
8 9 16 9
9 21 9 20
9 21 7 21
9 21 10 21
9 21 9 20
9 21 7 21
9 21 10 21
10 1 20 1
10 8 16 8
10 13 10 12
10 13 7 13
10 13 13 13
10 13 10 12
10 13 7 13
10 13 13 13
10 21 10 20
10 21 10 22
10 21 12 21
10 21 10 20
10 22 12 22
11 23 11 26
11 23 3 23
11 23 16 23
11 23 11 26
11 23 3 23
11 23 16 23
11 26 11 27
11 26 1 26
11 26 12 26
11 27 7 27
11 27 13 27
11 27 7 27
12 24 12 26
12 24 14 24
12 24 12 26
12 24 14 24
12 26 13 26
13 27 13 26
13 27 14 27
13 27 13 26
14 6 14 5
14 6 7 6
14 6 15 6
14 6 14 5
14 6 15 6
14 6 14 5
14 13 16 13
14 20 14 21
14 20 11 20
14 20 15 20
14 22 14 21
14 22 13 22
14 22 15 22
14 24 14 25
14 24 15 24
14 24 14 25
14 24 15 24
14 29 14 27
14 29 16 29
16 8 16 7
16 8 16 9
16 8 20 8
16 13 16 12
16 13 14 13
16 13 20 13
16 13 16 12
16 13 20 13
16 18 16 19
16 18 10 18
16 18 17 18
16 18 16 19
16 18 10 18
16 18 17 18
17 6 18 6
17 18 17 20
17 18 18 18
18 33 19 33
19 19 19 18
19 19 19 23
19 19 20 19
19 19 19 18
19 19 19 23
19 19 20 19
19 23 19 25
19 23 16 23
19 23 23 23
19 26 19 25
19 26 19 27
19 26 18 26
19 26 23 26
19 33 20 33
20 1 20 0
20 1 10 1
20 1 21 1
20 1 20 0
20 1 21 1
20 5 20 3
20 5 20 6
20 5 19 5
20 5 21 5
20 18 20 19
20 18 19 18
20 18 21 18
20 19 20 18
20 19 20 21
20 19 21 19
20 21 20 22
20 21 21 21
20 21 21 21
20 24 20 25
20 24 21 24
20 24 20 25
20 24 21 24
20 25 19 25
20 25 21 25
20 25 19 25
20 25 21 25
20 27 20 28
20 27 19 27
20 27 21 27
20 33 22 33
21 1 21 0
21 1 23 1
21 17 21 15
21 17 21 18
21 17 22 17
21 17 21 15
21 17 22 17
21 22 22 22
21 25 21 24
21 25 22 25
21 25 21 24
21 25 22 25
22 31 22 29
22 31 25 31
22 31 22 29
22 31 25 31
23 1 23 0
23 1 24 1
23 1 23 0
23 26 23 23
23 26 23 28
23 26 19 26
23 26 24 26
25 2 25 0
25 2 25 23
25 2 28 2
25 2 25 23
25 2 28 2
25 23 25 31
25 23 23 23
25 23 29 23
25 32 25 31
25 32 25 33
25 32 32 32
25 33 25 32
25 33 22 33
25 33 26 33
25 33 25 32
25 33 22 33
26 0 26 1
26 0 28 0
26 0 26 1
26 0 28 0
26 1 27 1
26 6 26 3
26 6 26 12
26 6 27 6
26 12 26 6
26 12 26 13
26 12 28 12
26 12 26 13
26 12 28 12
26 13 26 14
26 13 27 13
26 13 26 14
26 27 26 25
26 27 26 28
26 27 27 27
26 27 26 25
26 27 26 28
26 27 27 27
26 28 26 29
26 28 27 28
26 28 26 29
26 28 27 28
26 29 26 30
26 29 28 29
26 30 28 30
26 33 27 33
27 11 27 10
27 18 27 17
27 18 27 19
27 18 26 18
27 18 28 18
27 24 27 26
27 24 26 24
27 24 28 24
27 26 27 24
27 26 27 27
27 26 33 26
27 26 27 27
27 26 33 26
28 0 28 2
28 0 30 0
28 12 28 2
28 12 28 14
28 12 29 12
28 25 28 24
28 25 29 25
28 25 28 24
28 25 29 25
29 5 29 3
29 5 29 7
29 5 30 5
29 12 29 7
29 12 29 13
29 12 28 12
29 12 30 12
29 12 29 7
29 12 29 13
29 12 28 12
29 13 29 14
29 13 30 13
30 0 30 1
30 0 28 0
30 0 31 0
30 5 30 4
30 5 30 6
30 5 29 5
30 5 31 5
30 5 30 4
30 5 30 6
30 5 29 5
30 7 30 8
30 7 29 7
30 7 29 7
30 12 30 10
30 12 30 13
30 13 30 12
30 13 30 14
30 14 30 15
30 14 29 14
30 14 30 15
30 16 30 15
30 16 30 21
30 16 29 16
30 25 30 24
30 25 29 25
30 25 31 25
31 9 31 5
31 9 31 23
31 9 30 9
32 21 32 2
32 21 32 24
32 21 32 2
32 21 32 24
32 27 32 28
32 27 30 27
32 27 33 27
32 27 32 28
32 27 30 27
32 27 33 27
32 28 32 29
32 28 27 28
32 28 33 28
32 33 32 32
32 33 30 33
32 33 33 33
33 0 33 1
33 0 32 0
33 0 33 1
33 0 32 0
33 1 33 2
33 1 31 1
33 2 33 26
33 2 32 2
33 2 33 26
33 27 33 28
33 27 33 28
33 28 33 29
33 29 33 30
33 29 32 29
33 29 33 30
33 30 33 31
33 30 32 30
0 0 1 0
0 19 0 23
0 19 7 19
1 0 17 0
1 18 7 18
1 20 1 21
1 20 5 20
1 20 1 21
1 30 1 29
1 30 1 31
1 30 0 30
1 30 1 29
1 30 1 31
1 31 2 31
2 6 2 5
2 6 2 8
2 8 2 11
2 8 2 11
2 11 2 12
2 33 1 33
3 29 3 28
3 29 2 29
4 11 4 7
4 11 4 12
4 11 16 11
4 12 4 13
4 12 10 12
4 22 3 22
4 22 7 22
5 20 6 20
7 10 16 10
7 13 5 13
7 21 7 19
7 21 7 22
7 21 7 19
8 9 16 9
9 24 9 25
9 24 8 24
9 24 9 25
9 24 8 24
9 25 8 25
10 12 4 12
12 12 16 12
12 22 12 21
12 26 13 26
13 19 12 19
13 19 16 19
13 19 12 19
13 19 16 19
14 27 14 26
14 27 15 27
16 8 16 7
16 8 16 9
16 8 20 8
16 11 16 10
16 11 16 12
16 11 18 11
16 11 16 10
16 12 20 12
16 19 16 20
17 0 20 0
18 11 20 11
19 18 18 18
19 25 19 23
19 25 19 26
20 0 17 0
21 0 22 0
21 0 22 0
21 15 14 15
21 19 21 20
21 20 22 20
21 24 22 24
22 0 23 0
22 14 22 8
22 14 22 17
22 14 2 14
22 14 22 8
22 14 22 17
22 17 22 20
22 20 22 21
23 26 23 23
23 26 23 28
23 26 24 26
24 0 24 1
24 1 24 0
24 7 24 5
24 7 24 9
24 7 23 7
24 9 24 7
24 9 24 21
24 9 24 21
24 21 24 22
24 21 22 21
24 24 24 26
24 26 24 28
26 1 27 1
26 6 27 6
26 24 27 24
26 33 27 33
27 3 27 4
27 4 27 3
27 4 27 6
27 4 27 6
27 6 27 9
27 9 27 10
27 10 27 9
27 10 27 11
27 28 27 27
27 28 32 28
27 28 27 27
27 28 27 27
27 33 28 33
28 0 28 2
28 2 32 2
28 2 32 2
28 27 29 27
28 33 30 33
29 1 30 1
29 3 30 3
29 14 29 16
29 14 28 14
29 31 27 31
29 31 30 31
29 31 27 31
29 31 30 31
30 0 30 1
30 0 31 0
30 1 29 1
30 4 30 3
30 12 30 10
30 16 30 21
30 16 29 16
30 27 29 27
30 31 30 29
30 31 32 31
31 0 32 0
31 5 31 3
31 5 31 9
31 5 31 3
32 28 32 29
32 29 32 28
32 29 32 30
32 29 30 29
32 30 32 31
32 30 32 31
32 31 32 30
32 32 32 33
32 32 25 32
32 32 33 32
32 32 32 33
0 19 0 23
0 19 7 19
0 28 0 29
0 28 1 28
0 29 0 30
0 29 1 29
0 30 0 32
0 33 1 33
0 33 1 33
1 29 1 28
2 3 2 5
2 3 5 3
2 29 2 28
3 27 2 27
4 7 16 7
4 12 4 13
4 13 3 13
5 5 14 5
7 10 16 10
12 19 11 19
12 21 14 21
14 15 6 15
14 15 21 15
14 26 17 26
14 26 17 26
15 24 17 24
15 27 19 27
16 23 16 20
16 23 19 23
16 28 16 29
16 28 17 28
16 28 16 29
16 28 17 28
17 20 17 21
17 20 18 20
17 20 17 21
17 22 17 21
17 24 17 25
17 24 18 24
17 24 17 25
17 25 17 26
17 25 17 26
17 28 17 29
17 28 18 28
17 29 17 30
17 29 18 29
17 29 17 30
18 11 20 11
18 20 18 21
18 21 18 20
18 24 18 26
18 26 18 24
18 26 19 26
22 20 22 21
23 7 23 3
23 7 16 7
23 7 24 7
23 7 23 3
23 7 16 7
23 23 25 23
24 5 24 3
24 26 24 28
24 29 24 30
24 29 23 29
24 29 24 30
24 29 23 29
25 31 25 23
25 31 27 31
25 31 27 31
28 30 28 29
29 3 30 3
29 16 29 17
29 23 29 19
29 23 29 24
29 23 30 23
29 23 29 19
29 23 29 24
29 24 29 25
29 24 30 24
29 25 30 25
30 9 30 10
30 9 31 9
30 22 30 23
31 23 31 24
31 23 30 23
31 23 31 24
1 27 1 26
1 27 2 27
2 15 2 14
2 28 2 29
2 29 2 28
3 13 2 13
3 13 4 13
11 19 11 20
11 19 8 19
11 19 11 20
11 20 10 20
15 22 15 21
15 22 14 22
15 22 15 21
16 7 16 5
21 8 21 12
21 8 20 8
21 8 21 12
21 8 20 8
23 3 20 3
23 30 23 29
27 19 27 18
27 19 27 20
27 19 26 19
27 19 27 18
27 19 27 20
27 22 26 22
27 22 28 22
27 22 26 22
27 22 28 22
28 22 28 21
29 17 27 17
30 22 30 23
30 23 30 24
30 25 31 25
31 24 31 25
31 24 32 24
31 25 32 25
32 24 32 25
32 24 32 25
1 24 1 23
1 24 2 24
1 24 1 23
9 18 8 18
9 20 8 20
14 22 14 21
15 21 15 20
15 21 14 21
16 5 16 4
16 5 14 5
16 5 18 5
16 5 16 4
16 5 14 5
20 8 20 10
20 10 20 11
23 29 23 28
26 19 26 18
26 19 26 21
26 19 26 21
26 21 26 22
26 21 28 21
27 18 28 18
28 16 28 14
28 16 26 16
28 16 28 14
28 16 26 16
28 18 28 21
1 22 2 22
2 24 2 25
2 24 3 24
2 25 3 25
3 22 3 23
3 23 3 24
3 25 3 24
3 25 4 25
4 24 4 25
4 24 8 24
4 24 4 25
7 18 7 19
7 18 8 18
14 4 9 4
14 4 15 4
14 4 9 4
14 20 15 20
16 4 18 4
18 5 18 6
18 5 19 5
22 29 22 27
22 29 21 29
26 15 26 14
28 14 26 14
7 4 7 3
7 4 6 4
7 4 7 3
7 4 6 4
18 5 18 6
18 5 19 5
19 5 19 6
19 6 20 6
20 3 20 5
20 5 20 6
20 5 21 5
20 28 20 27
20 28 20 29
20 28 18 28
20 28 20 27
20 28 20 29
21 5 21 4
21 5 21 6
21 5 22 5
21 27 21 29
21 27 22 27
21 30 20 30
6 3 6 4
18 28 18 29
18 28 18 29
20 30 20 29
20 30 19 30
20 30 20 29
18 28 18 29
18 28 18 29
18 30 19 30
20 29 19 29
18 30 19 30

4894

2 - 5 - - - - - - - - - - - - - - - - 5 = = = 3 - - - - 5 4 4 = 5 3 
4 = 8 = = = = = = = = = = = = = = 4 2 ǁ 4 5 2 2 4 - 5 3 3 4 6 3 ǁ 3 
| 2 | 2 - 3 4 - 4 = = 4 1 2 5 2   | | ǁ | | 2   4 2 ǁ 3 3 4 | 2 ǁ 3 
| 4 | |   | ǁ         |   3 ǁ     | | ǁ | | 5 7 7 4 ǁ 5 2 4 |   ǁ ǁ 
| ǁ | |   | ǁ 3 = = = 7 6 4 ǁ     | | ǁ | | 4 ǁ 4 3 ǁ |   ǁ |   ǁ ǁ 
| ǁ | 2 - 7 6 |       ǁ ǁ 1 ǁ     | | ǁ 3 | ǁ ǁ |   ǁ |   6 6 = 8 6 
| ǁ | 3 3 ǁ 2 |       ǁ ǁ | ǁ 1   | | ǁ 1 | ǁ ǁ |   ǁ |   ǁ | 2 | | 
| ǁ | 5 5 ǁ 2 |     2 ǁ ǁ 3 ǁ |   | 3 5 = 7 5 ǁ |   ǁ 3   ǁ | 4 | | 
| ǁ | |   ǁ | |   2 ǁ ǁ ǁ ǁ ǁ |   | 2 5 1 ǁ | ǁ 3 3 ǁ ǁ   ǁ | ǁ | | 
| ǁ | | 2 ǁ | |   ǁ ǁ ǁ ǁ ǁ ǁ |   | 1 | 3 6 1 ǁ 4 3 ǁ ǁ   ǁ | ǁ | | 
| 4 | | ǁ ǁ | | 1 ǁ ǁ ǁ 4 6 ǁ |   | 2 | 3 6 2 ǁ     ǁ ǁ   ǁ | ǁ | | 
| ǁ | | ǁ ǁ | | | ǁ ǁ ǁ   ǁ ǁ |   | ǁ 4 4 | | 6 = = 6 4   ǁ | ǁ | | 
| ǁ | | ǁ ǁ | | | ǁ ǁ ǁ 1 ǁ ǁ |   | ǁ 3 | 3 2 ǁ 4 = 6 |   ǁ | ǁ | | 
| ǁ | | ǁ ǁ | | | ǁ ǁ ǁ | 2 ǁ |   | ǁ 4 | | 1 ǁ ǁ   4 4   ǁ | ǁ | | 
| ǁ | | 3 7 6 | | ǁ ǁ ǁ | 2 ǁ 3   | ǁ ǁ 5 5 5 ǁ 6 2 3 4 - 4 | ǁ | | 
| ǁ | | 1 ǁ 2 | | ǁ ǁ ǁ | ǁ ǁ ǁ   | ǁ ǁ 3 4 4 ǁ 3   ǁ 2   | | ǁ | | 
| ǁ | | 3 6 - 6 7 4 4 6 5 6 ǁ ǁ   | 6 5 2 - - 5 |   ǁ | 4 3 | ǁ | | 
3 ǁ | | | | 1 ǁ ǁ     | | ǁ ǁ ǁ   | 4 - 4 3 1 ǁ 4 4 4 | 4 4 3 ǁ | | 
ǁ ǁ | | 1 5 3 ǁ ǁ     3 | ǁ ǁ ǁ   | 2   3 2   ǁ 3 = 6 | 6 5 3 ǁ | 2 
ǁ ǁ | |   4 2 ǁ ǁ     ǁ | ǁ ǁ ǁ   | 4 6 = = = 7 = 6 7 3 | 3 3 ǁ | 2 
4 6 | 5 = 7 3 ǁ 5 - 3 3 2 2 ǁ ǁ   | 5 6 - 4 1 | 4 6 ǁ 5 6 5 4 ǁ | 3 
3 4 | | 3 7 3 ǁ 4 = = = 2   ǁ 4 = 6 2 2 2 2 1 | 5 6 ǁ 3 - 2 1 ǁ | | 
3 | | | 1 2 2 ǁ 2 = = = = = 6 = = 5 - - 5 3 1 | 1 2 ǁ 2 - 4 = 6 | 3 
3 4 | 3 = = = 6                           |   6 = = 8 = 5 4 1 ǁ | ǁ 
3 3 | 1 - 3 - 5 = 4 = = = = = = = = = = = 4 2 ǁ 1 - 5 = 2 4 2 ǁ | ǁ 
1 - 7 = = = = = = = = = = = = = = = = = = = = 7 = = = = = = = 7 7 6 
4 4 ǁ 1 - - 5 = = = = = 6 5 5 1 2   2 4 = 4 3 | 2 2 = 6 6 4 2 ǁ ǁ 3 
ǁ 2 ǁ 2 4 = 5 - - 3 4 2 ǁ 1 |   ǁ 2 7 6 2 | 4 | 5 = 6 7 7 | | 6 ǁ 3 
6 = 7 - - - - - - - - - 7 - 5 = 4 | 5 - - 3 3 | 3 4 ǁ 2 ǁ 2 2 ǁ ǁ 3 
ǁ 2 ǁ 3 - 5 - 5 = = = = 8 4 4 - 4 3   2 = = = 6 4 5 ǁ 2 ǁ     4 ǁ | 
6 4 ǁ 3 3 8 2 3 1 3 3 = 5 4 4 3 5 = = = = 2 2 5 3 5 ǁ 4 ǁ 3 - 4 ǁ 2 
3 1 ǁ 3 = 6 = = = 5 - - - - - - - - - - - - - 4 4 4 ǁ ǁ ǁ |   | ǁ | 
3 | 5 = = = = = = = = = = = = = = = = = = 4 = = 5 3 ǁ 6 8 6 6 4 6 5 
4 4 4 = = = = = = = = = = = = = = = = = = = = = = = 4 4 4 4 4 1 1 2 
