34 34
1 1 0 0 0 0 0 0 0 0 0 3 2 0 2 0 0 0 2 2 0 3 2 0 4 0 0 0 3 0 0 0 2 1 
0 2 2 5 0 0 2 1 0 3 2 0 5 0 6 3 2 1 0 1 0 0 2 0 5 1 2 0 0 0 0 3 2 0 
0 4 0 5 0 0 3 4 1 0 0 0 2 0 0 0 0 0 0 4 0 3 0 0 6 5 6 2 0 2 0 6 0 5 
0 5 2 0 2 3 2 2 1 0 0 0 3 2 0 0 0 0 0 4 4 2 1 2 0 0 4 4 0 3 2 0 0 0 
0 3 0 0 0 4 0 0 0 0 0 0 0 1 6 0 0 0 6 0 0 0 4 2 0 0 2 6 4 1 0 2 0 0 
0 4 0 6 3 3 5 0 0 5 7 8 6 2 0 2 4 0 0 0 0 0 3 0 0 5 4 0 0 4 0 5 1 0 
0 0 0 0 3 0 5 2 2 0 0 0 0 3 4 0 3 0 0 0 0 0 1 0 0 3 5 0 0 5 0 4 1 0 
0 0 0 0 4 4 5 4 4 0 2 0 0 2 0 0 0 0 0 0 0 1 0 6 7 3 0 0 0 0 0 0 1 0 
0 0 1 0 0 0 0 4 4 0 0 0 3 3 0 0 0 0 0 3 0 3 0 0 3 2 0 0 0 0 0 0 0 0 
0 0 0 0 2 0 2 1 0 0 0 0 1 2 2 0 0 0 0 1 0 0 1 0 4 0 5 4 0 2 0 0 0 0 
0 3 3 0 1 0 0 0 0 0 0 0 0 0 1 0 0 0 0 0 0 0 0 0 0 2 3 1 0 0 0 0 0 0 
0 1 0 3 0 4 0 0 0 6 0 8 0 0 0 0 0 0 5 0 0 6 4 0 5 0 0 0 6 0 0 6 3 0 
5 0 0 0 0 0 0 3 1 0 1 0 3 0 0 0 0 0 0 0 0 2 1 0 0 1 3 2 0 2 0 0 1 0 
0 2 0 0 3 0 0 0 0 5 5 0 6 5 4 0 0 0 0 2 1 3 0 6 7 0 6 4 0 0 1 0 0 0 
0 0 4 4 0 3 4 4 2 0 0 0 2 0 4 0 5 1 3 0 0 6 2 0 0 2 5 0 0 0 0 0 0 0 
0 4 5 3 0 0 2 4 0 0 4 0 1 0 0 3 3 0 0 2 4 2 1 0 5 0 5 2 0 0 0 0 0 0 
0 0 2 0 7 5 2 3 3 0 4 0 0 0 0 3 0 0 4 1 0 1 0 0 0 2 3 0 0 0 0 3 2 0 
0 5 2 2 6 0 0 5 2 0 5 6 2 0 3 0 0 0 3 0 4 0 0 0 4 3 1 1 0 0 4 0 4 0 
0 3 2 2 1 1 0 3 1 0 2 4 2 0 3 0 0 0 0 0 0 4 1 0 2 0 0 0 0 0 4 1 0 0 
4 0 0 0 0 0 0 0 0 4 0 0 0 5 0 0 0 0 0 0 0 0 0 6 0 0 0 0 7 7 5 2 0 4 
0 3 4 0 0 0 3 2 4 0 2 3 0 5 0 0 2 0 0 0 0 0 0 0 1 4 3 0 0 5 3 0 0 0 
0 2 0 1 0 0 0 0 0 0 0 0 2 0 0 2 1 0 2 4 0 0 0 5 0 3 4 0 0 6 0 5 0 0 
0 1 0 4 3 0 4 1 0 0 0 0 0 0 0 0 0 0 0 4 0 0 0 0 0 0 3 0 0 3 1 0 0 0 
0 0 0 1 2 0 6 4 4 0 0 0 0 0 0 0 0 0 0 1 0 0 0 0 0 0 0 0 0 0 0 0 0 0 
0 0 0 0 0 0 0 2 1 0 0 0 0 0 1 7 0 0 5 0 0 0 0 0 0 0 0 0 6 5 3 0 0 0 
0 0 0 1 1 0 7 2 0 0 0 0 0 0 2 4 0 0 1 2 0 4 0 0 0 0 0 0 0 0 0 0 0 0 
0 0 0 0 0 0 3 0 0 0 1 1 4 6 0 0 0 0 0 0 0 7 0 0 0 0 2 0 0 0 0 0 0 0 
0 2 0 3 0 0 2 0 0 0 4 0 0 6 0 0 1 0 0 0 0 2 0 0 0 0 0 0 0 0 2 0 0 0 
0 0 0 0 0 0 0 0 0 0 3 0 0 4 1 0 0 0 0 3 0 0 0 0 0 0 0 0 4 0 1 0 0 0 
0 0 0 0 0 0 0 0 0 0 0 0 0 4 0 4 0 0 0 5 0 0 0 0 0 0 4 0 3 5 2 0 0 0 
0 0 0 0 0 0 0 0 0 0 0 2 0 4 0 2 0 2 0 0 0 0 0 0 0 0 0 0 0 4 1 0 0 0 
4 2 0 2 0 0 0 0 0 5 0 0 0 0 0 0 0 0 0 0 0 0 0 0 0 0 0 0 0 0 0 4 6 4 
4 0 3 3 3 0 5 0 0 8 0 0 0 0 0 0 0 0 0 0 0 0 0 0 6 0 4 3 1 0 0 4 3 3 
1 2 0 0 0 0 4 2 0 6 0 0 0 0 0 0 0 0 0 0 0 0 0 2 3 0 0 2 1 0 0 5 4 3 
400 294
1 3 1 2
1 3 1 6
1 3 2 3
2 33 2 31
2 33 0 33
2 33 19 33
3 1 3 2
3 1 2 1
3 1 4 1
5 10 5 9
5 10 5 11
5 10 1 10
5 10 7 10
5 11 5 10
5 11 5 12
5 11 0 11
5 11 11 11
5 11 5 10
5 11 5 12
5 11 0 11
5 12 5 13
5 12 3 12
5 12 8 12
5 12 5 13
7 24 7 23
7 24 7 25
7 24 2 24
7 24 8 24
12 0 12 7
12 0 0 0
12 0 19 0
13 24 13 23
13 24 13 26
13 24 11 24
13 24 15 24
14 2 14 3
14 2 15 2
14 2 14 3
14 2 15 2
14 3 14 5
14 3 15 3
14 26 14 25
14 26 13 26
14 26 15 26
17 1 17 2
17 1 15 1
17 1 18 1
19 28 19 23
19 28 19 29
19 28 11 28
19 28 24 28
20 29 20 30
20 29 19 29
20 29 21 29
21 29 21 31
21 29 20 29
21 29 22 29
21 29 21 31
21 29 20 29
24 15 24 14
24 15 24 18
24 15 21 15
24 15 25 15
25 6 25 4
25 6 25 7
25 6 23 6
25 6 26 6
26 21 26 13
26 21 26 26
26 21 25 21
26 21 27 21
29 19 29 15
29 19 29 26
29 19 28 19
32 9 32 6
32 9 32 24
32 9 31 9
32 9 33 9
32 9 32 6
32 9 32 24
32 9 31 9
32 9 33 9
32 24 32 26
32 24 33 24
32 24 32 26
32 24 33 24
32 26 32 27
32 26 29 26
33 9 33 7
33 9 33 23
33 9 33 7
33 9 33 23
33 24 33 27
33 31 33 28
33 31 33 32
33 31 32 31
1 12 1 14
1 12 0 12
1 12 2 12
2 33 2 31
2 33 19 33
5 25 5 26
5 25 2 25
5 25 6 25
12 0 12 7
12 0 19 0
19 0 19 9
19 0 31 0
19 29 19 28
19 29 19 30
19 29 12 29
19 33 19 31
19 33 31 33
20 30 19 30
21 23 21 19
21 23 21 25
21 23 19 23
24 15 24 18
24 15 21 15
24 15 25 15
25 6 25 7
25 6 23 6
25 6 26 6
25 14 25 15
25 15 25 14
25 21 25 19
25 21 26 21
25 21 25 19
30 17 30 15
30 29 30 30
30 29 29 29
30 29 29 29
30 29 29 29
31 0 31 1
31 0 32 0
31 0 31 1
31 32 31 31
31 32 31 33
31 32 32 32
31 32 31 31
31 32 31 33
31 32 32 32
31 33 32 33
32 0 32 2
32 0 33 0
32 0 32 2
32 27 32 28
32 27 33 27
33 1 33 6
33 1 33 6
33 6 32 6
33 6 32 6
33 31 33 32
33 31 32 31
33 32 33 33
33 32 32 32
33 33 32 33
33 33 32 33
2 31 2 29
2 31 1 31
2 31 4 31
2 31 2 29
17 32 17 30
17 32 16 32
17 32 17 30
17 32 16 32
19 29 19 28
19 29 19 30
20 24 20 25
20 25 20 26
20 25 21 25
20 25 20 26
20 26 21 26
20 30 19 30
21 26 21 25
21 26 22 26
21 26 22 26
23 6 23 4
23 6 23 7
23 6 22 6
23 6 23 4
23 19 22 19
25 18 24 18
30 17 30 15
31 31 21 31
31 31 32 31
16 31 11 31
17 30 13 30
17 30 18 30
18 30 18 31
18 30 19 30
19 31 21 31
22 19 22 26
22 19 21 19
22 19 21 19
29 15 29 13
29 15 29 19
29 15 29 13
30 13 30 11
30 13 29 13
30 13 30 11
30 13 29 13
3 30 3 29
3 30 3 29
12 29 9 29
12 32 11 32
16 31 11 31
11 28 11 24
11 28 4 28
11 28 19 28
11 28 11 24
11 28 4 28
11 31 11 32
11 31 6 31
11 31 11 32
11 31 6 31
12 25 12 26
19 23 19 13
19 23 13 23
19 23 21 23
19 23 19 13
21 19 21 18
24 28 24 18
24 28 24 29
24 28 28 28
24 28 24 18
24 28 24 29
6 26 6 25
6 26 5 26
6 26 9 26
6 29 6 31
6 29 5 29
6 29 9 29
7 32 6 32
13 23 13 21
13 23 13 24
13 23 7 23
13 23 13 21
17 20 17 18
17 20 15 20
17 20 17 18
17 20 15 20
18 24 17 24
21 18 21 16
5 32 5 31
6 31 6 29
7 23 7 21
7 23 7 24
7 23 4 23
18 24 17 24
20 16 20 13
3 23 3 22
3 23 4 23
4 22 4 18
4 22 5 22
4 22 4 18
4 22 5 22
5 31 5 29
5 31 4 31
5 31 5 29
6 29 5 29
7 23 7 24
17 24 17 25
17 24 15 24
20 16 20 13
3 20 3 19
3 20 3 21
3 20 3 19
3 20 3 21
4 18 4 14
4 18 0 18
4 18 11 18
4 18 4 14
5 16 5 15
5 16 6 16
5 16 5 15
5 16 6 16
5 22 6 22
1 17 1 16
3 19 2 19
4 14 4 13
4 14 1 14
4 14 6 14
4 14 1 14
1 14 1 12
1 14 1 15
1 14 0 14
1 15 1 16
3 13 3 12
3 19 2 19
2 19 2 21
2 19 1 19
3 13 3 12
2 12 1 12

6089

1 1                   3 2   2       2 2   3 2   4       3       2 1 
| 2 2 5 - - 2 1   3 2 ǁ 5 = 6 3 2 1 | 1     2   5 1 2         3 2 | 
| 4   5     3 4 1   | ǁ 2   ǁ       | 4 - 3     6 5 6 2   2 = 6 = 5 
| 5 2   2 3 2 2 1   | ǁ 3 2 ǁ       | 4 4 2 1 2 | | 4 4   3 2 |   ǁ 
| 3       4         | ǁ | 1 6 = = = 6 = = = 4 2 | | 2 6 4 1   2   ǁ 
| 4   6 3 3 5     5 7 8 6 2 | 2 4   |       3 | | 5 4   ǁ 4 = 5 1 ǁ 
|       3   5 2 2   | | | 3 4   3   |       1 | | 3 5   ǁ 5 = 4 1 ǁ 
|       4 4 5 4 4   2 | | 2         |     1 - 6 7 3 |   ǁ |   ǁ 1 ǁ 
|   1         4 4     | 3 3         | 3   3   | 3 2 |   ǁ |   ǁ   ǁ 
|       2   2 1       | 1 2 2       | 1     1 | 4   5 4 ǁ 2   ǁ   ǁ 
| 3 3   1             |     1       |         |   2 3 1 ǁ |   ǁ   ǁ 
| 1   3   4       6   8             5     6 4 | 5 = = = 6 |   6 3 ǁ 
5 = = = = = = 3 1   1   3                 2 1 | | 1 3 2 ǁ 2   ǁ 1 ǁ 
ǁ 2     3         5 5   6 5 4         2 1 3 = 6 7 - 6 4 ǁ | 1 ǁ   ǁ 
ǁ   4 4 - 3 4 4 2       2   4   5 1 3     6 2 | | 2 5   ǁ | | ǁ   ǁ 
ǁ 4 5 3     2 4     4   1     3 3     2 4 2 1 | 5   5 2 ǁ | | ǁ   ǁ 
ǁ | 2   7 5 2 3 3   4         3     4 1 ǁ 1   | | 2 3   ǁ | | 3 2 ǁ 
ǁ 5 2 2 6     5 2   5 6 2   3       3 = 4     | 4 3 1 1 ǁ | 4 = 4 ǁ 
ǁ 3 2 2 1 1   3 1   2 4 2   3             4 1 | 2       ǁ | 4 1   ǁ 
4 - - - - - - - - 4       5 = = = = = = = = = 6 - - - - 7 7 5 2 - 4 
| 3 4       3 2 4   2 3   5 = = 2             ǁ 1 4 3   | 5 3 |   | 
| 2   1                 2     2 1 - 2 4 - - - 5 - 3 4   | 6 = 5   | 
| 1   4 3   4 1               ǁ       4 - - - - - - 3   | 3 1 |   | 
|     1 2 = 6 4 4             ǁ       1                 |     |   | 
|           ǁ 2 1           1 7 = = 5 = = = = = = = = = 6 5 3 |   | 
|     1 1 - 7 2             2 4     1 2 = 4             |     |   | 
|           3       1 1 4 6 - - - - - - - 7 - - - - 2   |     |   | 
| 2   3     2       4     6     1         2             |   2 |   | 
|                   3     4 1         3                 4   1 |   | 
|                         4 = 4 = = = 5 - - - - - - 4   3 5 2 |   | 
|                     2 = 4   2 = 2                 |     4 1 |   | 
4 2   2           5                                 |         4 6 4 
4 = 3 3 3   5 = = 8 = = = = = = = = = = = = = = 6 = 4 3 1     4 3 3 
1 2 = = = = 4 2 = 6 = = = = = = = = = = = = = 2 3 - - 2 1 - - 5 4 3 
