34 34
4 0 4 0 0 0 0 0 5 0 0 0 0 0 0 0 6 0 0 0 0 0 0 0 0 0 0 5 4 0 1 0 0 0 
0 2 0 4 0 5 2 0 0 2 1 0 3 3 6 2 0 3 5 5 0 5 0 0 0 5 4 0 0 0 0 0 0 0 
0 4 0 0 0 0 0 0 0 5 0 4 8 7 6 0 0 0 1 0 0 4 4 0 0 4 3 0 0 0 0 0 0 0 
0 0 0 0 0 0 3 1 0 0 2 0 0 5 4 0 0 5 0 8 0 0 0 0 0 0 0 6 0 0 0 0 0 0 
5 5 0 2 0 0 0 2 0 0 4 0 0 0 0 0 0 0 2 0 1 0 5 5 1 4 2 0 0 2 0 0 0 0 
3 1 0 0 0 0 0 0 0 0 0 0 4 7 2 0 0 0 0 0 4 4 0 5 0 7 3 0 0 0 0 0 0 0 
5 0 5 0 0 4 4 4 0 0 0 5 2 4 3 0 0 0 0 0 0 0 0 2 0 0 0 0 0 4 0 0 4 0 
0 0 0 2 0 6 4 4 0 0 3 2 1 1 0 0 0 5 4 3 5 3 0 0 0 0 0 0 0 2 0 0 0 0 
0 0 0 3 3 6 3 5 0 0 0 3 5 5 5 2 0 4 3 2 0 2 0 0 0 0 0 0 0 0 0 0 0 0 
0 2 0 0 0 4 4 4 0 0 0 0 1 1 3 2 0 2 2 0 5 5 0 0 0 0 0 0 0 0 0 0 0 0 
0 0 0 5 0 0 0 0 7 6 5 6 0 0 0 0 8 0 0 2 3 6 0 0 0 0 0 0 0 6 0 0 7 3 
0 0 2 0 2 0 2 1 0 4 5 0 3 3 4 4 0 2 6 0 5 5 0 2 1 0 0 0 0 4 0 0 0 1 
0 0 0 0 0 0 0 0 0 0 2 0 4 4 0 0 0 3 8 3 0 4 0 0 0 0 0 0 0 0 0 0 0 2 
0 0 0 0 4 0 4 3 0 4 2 0 4 0 0 0 0 0 0 0 0 0 0 2 0 0 0 0 0 4 3 0 0 0 
0 0 0 0 4 2 0 0 0 5 4 0 6 6 5 3 0 0 0 0 0 0 0 0 0 0 0 0 0 0 0 0 0 0 
0 0 0 0 1 0 0 0 0 3 2 0 2 0 3 4 0 0 5 4 0 4 0 0 0 0 0 0 0 0 0 0 0 0 
0 4 0 6 0 0 7 4 0 6 0 7 0 5 1 4 0 0 2 2 0 0 0 5 0 8 5 0 0 0 0 0 0 0 
0 3 4 4 2 2 4 1 0 3 2 5 2 4 0 4 0 5 0 0 7 6 0 0 0 0 0 0 0 3 5 0 6 4 
0 4 0 3 0 0 0 0 0 5 0 0 0 5 0 0 0 5 6 3 0 3 0 0 0 0 2 0 0 3 4 1 0 0 
0 3 0 0 0 0 0 0 0 3 0 1 0 0 0 0 0 0 0 0 0 0 0 6 2 0 0 0 0 0 0 0 0 0 
4 5 0 8 0 0 0 0 8 0 0 0 0 6 5 4 0 3 7 4 0 0 0 6 2 0 0 0 0 0 0 0 0 0 
0 0 0 0 3 4 0 0 0 1 3 0 2 0 2 1 0 0 2 2 0 0 0 2 0 0 0 0 0 0 0 0 0 0 
0 0 2 0 0 0 0 0 0 3 4 0 0 0 5 0 7 0 0 0 6 3 5 0 0 8 0 8 8 0 0 0 7 3 
0 0 0 0 3 0 0 0 0 0 0 0 0 0 0 0 0 2 0 0 5 2 0 2 0 6 2 2 0 2 0 4 0 0 
0 0 0 0 0 0 0 0 0 5 0 0 5 0 0 2 0 4 0 6 0 0 7 0 0 2 4 0 7 5 1 0 0 0 
0 1 0 0 4 0 0 0 0 0 1 0 0 1 0 0 0 0 0 0 0 0 0 2 3 4 5 1 3 6 2 0 0 0 
3 1 0 0 0 0 0 0 0 0 0 0 0 4 7 4 0 0 0 0 0 0 0 0 4 0 0 0 0 0 0 4 0 0 
2 1 0 0 0 0 0 0 0 4 0 0 0 0 2 3 0 0 0 0 4 0 8 7 6 4 1 1 3 0 0 0 0 3 
1 0 0 0 0 0 0 0 0 5 7 2 0 6 3 4 0 5 1 0 0 1 0 2 2 0 0 0 0 2 0 0 0 0 
0 0 0 0 0 0 0 0 0 2 0 0 0 5 4 0 0 4 0 0 0 0 5 0 0 6 0 0 5 0 0 0 6 5 
0 0 0 6 4 0 2 0 7 2 0 0 0 1 0 0 0 4 2 3 7 5 7 3 2 7 2 2 7 5 1 0 0 0 
0 0 0 4 4 6 0 0 8 0 5 0 4 0 6 3 0 0 0 0 2 0 4 6 2 1 0 0 3 2 0 0 2 0 
4 0 6 0 0 0 0 0 7 0 0 0 0 0 0 0 5 0 0 0 0 0 0 0 0 0 0 0 0 0 0 5 3 2 
2 0 1 2 0 0 4 0 4 2 0 0 0 0 3 0 4 0 0 0 0 4 0 0 0 0 0 0 4 4 0 5 6 2 
400 733
0 0 0 2
0 0 4 0
0 0 0 2
0 0 4 0
0 2 0 8
0 2 6 2
0 8 0 16
0 8 10 8
0 16 0 8
0 16 0 27
0 16 10 16
1 1 2 1
1 3 1 5
1 3 4 3
1 3 1 5
1 3 4 3
1 14 1 13
1 14 1 15
1 14 2 14
1 14 1 13
1 14 1 15
1 14 2 14
1 18 1 17
1 18 1 19
1 18 2 18
1 21 1 19
1 21 1 25
1 21 2 21
1 26 1 25
1 26 2 26
1 26 1 25
1 26 2 26
2 1 1 1
2 1 4 1
2 1 4 1
2 9 2 11
2 9 1 9
2 9 10 9
2 12 2 11
2 12 2 13
2 12 1 12
2 12 5 12
2 12 2 11
2 12 2 13
2 12 1 12
2 12 5 12
2 13 2 14
2 13 1 13
2 13 3 13
3 10 4 10
3 17 3 19
3 17 1 17
3 17 7 17
3 19 3 17
3 19 3 27
3 19 1 19
3 19 7 19
3 27 3 19
3 27 0 27
3 27 22 27
4 10 3 10
4 10 7 10
4 10 7 10
4 18 7 18
4 22 4 20
4 22 4 23
4 22 22 22
4 23 4 22
4 23 4 24
4 23 5 23
4 25 4 26
4 25 5 25
4 25 4 26
4 25 5 25
4 29 6 29
5 12 5 13
5 12 6 12
5 13 5 14
5 13 3 13
5 13 6 13
5 20 5 21
5 20 7 20
5 20 5 21
5 20 7 20
5 21 7 21
5 25 5 23
5 25 5 26
5 25 16 25
6 0 6 2
6 0 5 0
6 0 20 0
6 11 6 12
6 11 2 11
6 11 7 11
6 11 7 11
6 32 6 29
6 32 10 32
6 32 6 29
6 32 10 32
7 10 10 10
8 7 8 6
8 7 7 7
8 7 9 7
9 21 9 20
9 21 8 21
9 21 10 21
10 3 10 8
10 3 8 3
10 3 16 3
10 16 10 11
10 16 10 19
10 16 0 16
10 16 22 16
10 21 10 20
10 21 9 21
10 21 11 21
10 21 10 20
10 21 9 21
10 29 10 32
10 29 7 29
10 29 11 29
10 29 10 32
10 29 7 29
10 29 11 29
10 33 10 32
10 33 11 33
10 33 10 32
11 15 11 14
11 15 14 15
11 15 11 14
11 15 14 15
11 18 11 17
11 18 11 20
11 18 12 18
11 18 11 17
11 18 11 20
11 18 12 18
11 21 11 20
11 21 12 21
11 21 11 20
11 21 12 21
11 29 13 29
12 18 12 17
12 18 12 19
12 18 15 18
12 21 12 19
12 21 15 21
12 33 17 33
15 21 15 19
15 21 17 21
15 21 15 19
16 6 16 3
16 6 16 7
16 6 13 6
16 6 17 6
16 11 16 9
16 11 16 13
16 11 10 11
16 11 17 11
16 23 16 25
16 23 13 23
16 23 19 23
16 25 16 23
16 25 16 26
16 25 5 25
16 25 22 25
17 17 17 20
17 17 12 17
17 17 18 17
17 20 17 17
17 20 17 21
17 20 22 20
17 20 17 21
17 20 22 20
17 20 17 21
17 21 18 21
18 13 18 9
18 13 17 13
18 13 20 13
18 18 18 17
18 18 18 19
18 18 20 18
18 18 18 17
18 18 18 19
18 18 20 18
18 19 20 19
19 23 19 24
19 23 16 23
19 23 20 23
19 23 19 24
19 23 20 23
20 3 20 1
20 3 20 8
20 3 18 3
20 3 30 3
20 3 20 1
20 3 20 8
20 3 18 3
20 3 30 3
20 8 20 13
20 8 10 8
20 8 30 8
20 18 20 17
20 18 20 19
20 18 21 18
20 19 20 18
20 19 21 19
20 23 20 24
20 23 21 23
20 23 20 24
20 23 21 23
21 5 21 4
21 5 31 5
21 5 21 4
21 5 31 5
22 2 32 2
22 20 22 16
22 20 22 21
22 20 23 20
22 20 22 16
22 25 22 22
22 25 22 27
22 25 16 25
22 25 23 25
22 27 22 25
22 27 22 28
22 27 3 27
22 27 23 27
22 28 22 27
22 28 22 32
22 28 0 28
22 28 24 28
22 28 22 27
22 28 22 32
22 28 0 28
22 32 22 33
22 32 17 32
22 32 29 32
23 31 23 29
23 31 26 31
23 31 23 29
23 31 26 31
24 9 24 12
24 9 22 9
24 9 27 9
24 19 24 17
24 19 24 22
24 19 30 19
24 19 24 17
24 19 24 22
24 19 30 19
24 22 24 25
24 22 22 22
24 22 27 22
24 28 24 26
24 28 24 29
24 28 25 28
24 29 24 28
24 29 24 30
24 29 25 29
25 4 23 4
25 4 30 4
25 4 23 4
25 4 30 4
26 14 26 13
26 14 26 15
26 14 22 14
26 14 27 14
26 31 26 24
26 31 32 31
27 20 27 22
27 20 30 20
27 20 27 22
27 20 30 20
27 22 27 23
27 22 24 22
27 22 29 22
28 9 28 10
28 9 27 9
28 9 29 9
28 10 28 9
28 10 28 11
28 10 25 10
28 10 31 10
28 21 30 21
29 13 29 14
29 13 28 13
29 13 30 13
29 28 29 25
29 28 27 28
29 28 30 28
29 32 29 33
29 32 22 32
29 32 31 32
29 32 29 33
29 32 31 32
30 3 30 4
30 3 31 3
30 4 30 3
30 17 30 18
30 17 29 17
30 17 30 18
30 17 29 17
30 19 30 20
30 20 30 21
30 20 31 20
30 22 30 21
30 22 30 23
30 22 29 22
30 22 31 22
30 25 30 24
30 25 30 26
30 25 29 25
30 25 31 25
30 30 30 29
31 4 31 3
31 4 31 5
31 4 31 3
31 4 31 5
31 5 31 8
31 5 31 8
31 8 31 10
31 8 30 8
31 8 32 8
31 23 31 22
31 23 31 24
31 23 30 23
31 23 31 22
31 23 31 24
31 23 30 23
33 6 33 3
33 6 33 8
33 6 33 3
33 6 33 8
33 8 33 9
33 8 32 8
33 9 33 14
33 31 33 29
33 31 33 32
33 31 32 31
33 32 33 31
33 32 33 33
33 32 32 32
33 32 33 31
33 32 33 33
0 8 10 8
0 16 0 27
0 28 0 27
0 28 0 30
1 12 1 10
1 18 1 17
1 18 1 19
2 13 2 14
2 13 3 13
2 14 3 14
2 21 2 22
2 21 1 21
2 21 2 22
2 22 2 25
2 26 2 25
3 17 7 17
3 19 1 19
3 19 7 19
3 27 0 27
4 18 7 18
4 23 4 22
4 29 6 29
5 13 5 14
5 13 3 13
5 13 6 13
5 21 7 21
6 13 6 14
6 13 7 13
6 14 8 14
7 12 8 12
8 13 8 12
8 13 8 14
8 13 9 13
9 1 16 1
9 5 9 6
9 5 8 5
9 5 9 6
9 5 8 5
9 6 9 7
9 6 8 6
9 7 8 7
9 12 8 12
10 16 10 11
10 16 10 19
10 16 22 16
10 32 17 32
11 10 11 9
11 10 10 10
11 10 12 10
11 14 11 13
11 14 14 14
11 20 10 20
11 24 11 23
11 29 13 29
12 18 12 17
12 18 12 19
12 18 15 18
12 33 17 33
13 12 12 12
13 12 14 12
13 12 12 12
13 12 14 12
13 23 11 23
13 29 13 30
13 29 17 29
13 30 17 30
14 5 14 4
14 9 14 10
14 9 13 9
14 9 15 9
14 12 14 13
14 12 15 12
14 12 14 13
14 12 15 12
14 13 14 14
14 13 12 13
14 13 16 13
14 13 14 14
15 4 14 4
15 19 15 18
15 19 16 19
16 9 16 11
16 9 15 9
16 9 17 9
16 9 15 9
16 9 17 9
16 19 16 18
16 25 16 26
17 17 18 17
17 21 18 21
17 32 17 30
17 32 17 33
17 32 22 32
17 32 17 30
17 33 22 33
18 17 20 17
18 21 22 21
18 26 16 26
18 31 18 30
19 11 19 9
20 8 20 13
20 8 10 8
20 8 30 8
20 13 20 14
20 13 18 13
20 13 25 13
20 17 20 18
21 4 23 4
21 18 21 19
22 2 32 2
22 10 22 9
22 10 21 10
22 10 22 9
22 10 21 10
22 25 22 22
22 25 23 25
22 33 27 33
23 20 23 17
23 20 23 21
23 20 23 17
23 20 23 21
23 23 23 25
23 25 23 23
23 25 23 26
23 25 24 25
23 27 23 26
24 9 24 12
24 9 27 9
24 17 24 15
24 17 28 17
24 22 22 22
24 26 24 28
24 26 25 26
24 26 25 26
24 28 24 29
25 25 25 24
25 25 25 26
25 25 25 24
25 25 25 26
25 26 25 27
25 28 25 29
25 29 25 28
25 29 25 30
25 29 25 30
26 13 26 14
26 13 28 13
26 13 26 14
26 24 25 24
26 24 27 24
26 24 27 24
27 9 28 9
27 22 27 23
27 22 29 22
27 23 27 24
27 23 25 23
27 23 28 23
27 24 27 23
27 24 27 25
27 24 28 24
27 25 27 26
27 25 29 25
27 25 29 25
27 27 27 28
27 28 29 28
27 33 29 33
28 10 28 11
28 10 31 10
28 13 28 14
28 13 29 13
28 13 28 14
28 13 29 13
28 18 28 17
28 29 30 29
29 9 30 9
29 17 29 14
29 17 28 17
29 25 29 22
29 25 29 28
30 3 31 3
30 6 30 8
30 9 30 8
30 20 30 21
30 20 31 20
30 22 30 21
30 22 29 22
30 22 31 22
30 24 30 25
30 25 30 26
30 27 30 28
30 28 30 27
30 28 30 29
30 28 31 28
31 8 31 10
31 8 30 8
31 8 32 8
31 10 31 12
31 12 31 14
31 12 24 12
31 12 31 14
31 14 31 15
31 14 29 14
31 14 33 14
31 14 31 15
32 2 32 0
32 2 32 8
32 2 33 2
32 2 32 0
33 0 32 0
33 0 32 0
33 14 33 16
33 16 33 21
33 16 32 16
33 16 33 21
33 21 33 28
33 21 33 28
33 28 33 29
33 28 31 28
33 29 31 29
33 29 31 29
1 9 2 9
1 21 1 25
1 25 2 25
2 9 10 9
2 14 3 14
2 22 2 25
3 13 3 14
6 14 8 14
6 23 5 23
8 5 8 4
8 5 8 6
8 5 7 5
8 5 8 4
8 13 8 12
8 13 8 14
9 1 16 1
9 7 8 7
9 20 9 18
9 20 7 20
10 9 10 8
10 9 10 10
10 9 11 9
10 9 10 8
10 11 10 10
10 11 8 11
10 11 16 11
11 9 11 10
11 9 13 9
12 12 12 13
12 12 11 12
12 13 11 13
13 9 13 10
13 9 14 9
13 30 17 30
14 4 14 5
14 4 13 4
14 9 14 10
14 10 13 10
14 10 15 10
15 18 16 18
16 1 16 3
16 1 17 1
16 3 16 6
16 3 10 3
16 3 17 3
17 2 17 1
17 2 17 3
17 2 17 1
17 2 17 3
17 3 17 4
17 4 17 5
17 5 17 6
17 6 17 7
17 6 16 6
18 1 18 3
18 1 19 1
18 1 19 1
18 26 16 26
18 30 18 29
18 30 17 30
18 30 18 29
19 9 18 9
21 9 21 10
21 12 24 12
22 16 22 14
24 12 21 12
24 15 26 15
25 23 27 23
26 15 26 14
26 15 27 15
27 33 29 33
28 0 27 0
28 17 28 15
28 17 28 15
28 23 28 24
28 29 30 29
29 14 28 14
29 33 32 33
30 6 30 8
30 28 30 29
30 28 31 28
32 31 32 32
32 33 32 32
5 23 5 25
5 23 6 23
5 26 16 26
7 5 7 3
7 5 7 6
7 5 6 5
7 5 7 3
7 5 7 6
7 6 7 7
7 6 6 6
7 7 6 7
8 3 8 4
8 3 10 3
8 11 8 12
8 21 7 21
9 20 9 18
9 20 7 20
10 10 11 10
11 2 6 2
11 12 11 13
13 4 13 6
13 4 11 4
13 4 13 6
16 7 16 6
16 7 13 7
16 7 13 7
17 29 18 29
18 1 19 1
18 9 18 13
18 9 17 9
18 9 19 9
20 1 20 0
20 1 25 1
20 1 20 0
22 16 22 14
26 0 26 1
26 0 20 0
26 0 27 0
27 14 27 15
27 15 28 15
6 0 6 2
6 0 5 0
7 7 6 7
7 20 7 19
8 19 8 18
9 17 8 17
11 2 6 2
11 4 11 6
13 6 13 7
17 10 17 11
22 14 21 14
6 5 6 6
6 5 1 5
6 5 6 6
6 6 6 7
6 7 4 7
7 18 7 17
7 18 8 18
8 19 8 18
9 17 8 17
11 6 11 7
17 10 17 11
22 14 21 14
1 5 1 6
1 5 1 6
3 6 3 7
7 17 8 17
8 17 7 17
20 14 20 15
20 14 16 14
20 14 20 15
20 14 20 15
20 15 17 15
16 13 16 11
16 13 17 13
16 13 17 13
16 15 15 15
16 15 17 15
16 15 15 15
16 15 17 15
17 11 17 12
17 13 17 12
15 15 15 14
15 15 14 15
14 14 15 14
14 14 15 14

4604

4 = 4 - - - - - 5 = = = = = = = 6 = = = = = = = = = = 5 4 - 1       
ǁ 2 | 4 = 5 2   ǁ 2 1 - 3 3 6 2 ǁ 3 5 5 - 5 = = = 5 4 ǁ ǁ           
ǁ 4 | ǁ   |     ǁ 5 - 4 8 7 6   ǁ | 1 ǁ   4 4 = = 4 3 ǁ ǁ           
ǁ ǁ | ǁ   | 3 1 ǁ ǁ 2 | ǁ 5 4   ǁ 5 = 8 = = = = = = = 6 ǁ           
5 5 | 2   |   2 ǁ ǁ 4 | ǁ ǁ     ǁ ǁ 2 ǁ 1 - 5 5 1 4 2 ǁ ǁ 2         
3 1 |     |   | ǁ ǁ ǁ | 4 7 2   ǁ ǁ ǁ ǁ 4 4 | 5 = 7 3 ǁ ǁ ǁ         
5 = 5     4 4 4 ǁ ǁ ǁ 5 2 4 3   ǁ ǁ ǁ ǁ ǁ ǁ | 2   ǁ | ǁ ǁ 4 = = 4   
|   ǁ 2 = 6 4 4 ǁ ǁ 3 2 1 1 ǁ   ǁ 5 4 3 5 3 |     ǁ | ǁ ǁ 2     ǁ   
|   ǁ 3 3 6 3 5 ǁ ǁ | 3 5 5 5 2 ǁ 4 3 2 ǁ 2 |     ǁ | ǁ ǁ ǁ     ǁ   
| 2 ǁ ǁ   4 4 4 ǁ ǁ | | 1 1 3 2 ǁ 2 2 = 5 5 |     ǁ | ǁ ǁ ǁ     ǁ   
| ǁ ǁ 5 - - - - 7 6 5 6 = = = = 8 = = 2 3 6 |     ǁ | ǁ ǁ 6 = = 7 3 
| ǁ 2 ǁ 2 - 2 1 ǁ 4 5 ǁ 3 3 4 4 ǁ 2 6 = 5 5 | 2 1 ǁ | ǁ ǁ 4     | 1 
| ǁ   ǁ |       ǁ | 2 ǁ 4 4 | ǁ ǁ 3 8 3 - 4 | |   ǁ | ǁ ǁ ǁ     | 2 
| ǁ   ǁ 4 = 4 3 ǁ 4 2 ǁ 4 | | ǁ ǁ | ǁ     | | 2   ǁ | ǁ ǁ 4 3   | ǁ 
| ǁ   ǁ 4 2 | ǁ ǁ 5 4 ǁ 6 6 5 3 ǁ | ǁ     | | |   ǁ | ǁ ǁ | ǁ   | ǁ 
| ǁ   ǁ 1   | ǁ ǁ 3 2 ǁ 2 | 3 4 ǁ | 5 4 = 4 | |   ǁ | ǁ ǁ | ǁ   | ǁ 
| 4 - 6 = = 7 4 ǁ 6 = 7 = 5 1 4 ǁ | 2 2   | | 5 = 8 5 ǁ ǁ | ǁ   | ǁ 
| 3 4 4 2 2 4 1 ǁ 3 2 5 2 4 | 4 ǁ 5 = = 7 6 | ǁ   ǁ ǁ ǁ ǁ 3 5 = 6 4 
| 4 - 3         ǁ 5 = = = 5 | | ǁ 5 6 3 ǁ 3 | ǁ   ǁ 2 ǁ ǁ 3 4 1 ǁ | 
| 3   ǁ         ǁ 3 - 1   ǁ | | ǁ | ǁ | ǁ | | 6 2 ǁ   ǁ ǁ       ǁ | 
4 5 = 8 = = = = 8 = = = = 6 5 4 ǁ 3 7 4 ǁ | | 6 2 ǁ   ǁ ǁ       ǁ | 
| |   ǁ 3 4     ǁ 1 3   2 | 2 1 ǁ   2 2 ǁ | | 2   ǁ   ǁ ǁ       ǁ | 
| | 2 ǁ | ǁ     ǁ 3 4   ǁ | 5 = 7 = = = 6 3 5 = = 8 = 8 8 = = = 7 3 
| | ǁ ǁ 3 ǁ     ǁ |     ǁ | |     2 = = 5 2 ǁ 2 = 6 2 2 | 2 = 4 ǁ | 
| | ǁ ǁ ǁ ǁ     ǁ 5 = = 5 | | 2 - 4 = 6 = = 7 - - 2 4 = 7 5 1 ǁ ǁ | 
| 1 ǁ ǁ 4 ǁ     ǁ ǁ 1   | 1 | |   |   ǁ     ǁ 2 3 4 5 1 3 6 2 ǁ ǁ | 
3 1 ǁ ǁ ǁ ǁ     ǁ ǁ |   | 4 7 4   |   ǁ     ǁ ǁ 4 - - - - - - 4 ǁ | 
2 1 ǁ ǁ ǁ ǁ     ǁ 4 |   | | 2 3   |   ǁ 4 = 8 7 6 4 1 1 3     | ǁ 3 
1   ǁ ǁ ǁ ǁ     ǁ 5 7 2 | 6 3 4 = 5 1 ǁ ǁ 1 ǁ 2 2 ǁ     ǁ 2   | ǁ ǁ 
    ǁ ǁ ǁ ǁ     ǁ 2 ǁ   | 5 4 - - 4   ǁ ǁ | 5 - - 6 = = 5 ǁ   | 6 5 
    ǁ 6 4 ǁ 2 = 7 2 ǁ   | 1 |     4 2 3 7 5 7 3 2 7 2 2 7 5 1 | ǁ | 
    ǁ 4 4 6 = = 8 = 5 - 4 = 6 3         2   4 6 2 1     3 2   | 2 | 
4 = 6 - - - - - 7           |   5                       | ǁ   5 3 2 
2   1 2 = = 4 = 4 2 - - - - 3 - 4 = = = = 4 = = = = = = 4 4 - 5 6 2 
