34 34
2 0 0 0 0 0 0 0 0 0 0 0 0 0 0 0 0 0 0 0 3 4 0 6 0 0 0 0 0 0 0 2 2 2 
0 4 0 0 4 0 0 0 0 0 0 0 0 0 0 0 0 0 0 0 7 6 2 0 3 0 0 0 0 0 0 0 5 3 
0 3 2 0 4 0 0 2 2 3 0 0 0 0 0 0 0 0 0 0 3 4 4 0 0 1 2 0 5 0 0 0 4 3 
3 0 0 0 0 0 0 0 0 0 0 0 0 0 0 0 0 0 0 0 0 0 0 7 7 0 0 0 5 3 3 4 2 0 
0 2 3 0 0 0 0 0 0 0 0 0 0 0 0 2 0 0 2 1 1 3 3 0 0 1 2 5 0 0 6 4 0 4 
0 5 7 0 0 0 0 0 0 0 0 0 0 0 0 0 0 0 0 0 0 6 6 0 0 0 2 0 2 0 5 1 0 3 
0 0 0 2 0 5 5 0 0 0 3 0 3 2 2 4 0 0 6 4 4 0 0 0 0 0 5 6 0 0 0 0 6 4 
0 0 0 5 0 5 3 3 0 0 0 0 0 0 0 0 0 0 7 6 6 0 0 0 0 0 3 6 0 0 2 1 0 2 
0 0 0 6 4 0 0 0 2 5 0 0 0 0 0 6 2 2 0 2 4 0 0 0 0 0 4 6 0 4 4 3 0 1 
0 0 0 6 5 0 0 0 3 4 3 0 2 2 0 0 4 6 0 0 0 0 0 0 0 5 0 0 4 0 0 1 0 0 
0 0 0 0 1 0 0 0 2 2 0 0 0 0 0 0 0 0 0 0 0 0 0 0 0 0 2 3 0 0 0 0 0 0 
0 0 0 0 0 0 0 6 0 7 0 0 4 8 2 0 0 0 0 0 0 0 0 0 0 0 1 0 0 0 0 0 0 0 
0 0 0 0 0 0 0 4 2 7 0 0 0 6 3 0 0 0 0 4 5 0 0 0 0 0 2 6 0 0 0 0 0 0 
0 0 0 5 0 4 0 2 0 2 2 0 0 4 2 0 0 0 0 0 0 0 0 0 0 5 3 0 0 0 0 0 0 0 
0 0 0 0 2 0 6 0 0 0 0 0 0 0 0 6 6 6 0 0 0 0 0 0 0 4 3 0 0 0 0 0 0 0 
0 0 0 0 0 0 4 2 4 0 4 0 0 4 2 0 3 4 0 0 3 0 0 0 0 3 2 0 0 0 0 0 0 0 
0 0 0 3 4 0 4 0 7 0 0 0 0 0 0 5 0 0 6 6 3 0 0 0 6 0 0 6 0 0 0 0 0 0 
0 5 8 6 4 0 6 3 3 0 3 0 0 0 0 0 1 2 0 3 0 0 0 0 4 4 4 4 0 0 0 0 0 0 
0 0 0 4 3 0 2 1 3 0 4 0 0 0 0 0 0 0 0 0 3 0 0 0 3 0 0 0 7 7 8 5 0 0 
0 4 0 4 0 8 0 0 0 0 0 0 0 0 0 7 6 4 0 0 2 0 4 0 0 4 4 2 0 0 3 4 0 0 
0 0 0 0 0 0 0 3 0 4 0 0 0 4 1 0 0 0 0 4 3 0 0 0 0 6 7 6 0 3 2 2 0 0 
0 0 0 2 2 0 0 5 0 6 0 2 0 2 0 0 0 1 0 0 0 0 0 0 0 0 5 6 0 2 0 3 0 0 
0 0 0 0 0 0 0 0 0 0 2 0 0 5 3 0 0 2 0 0 0 0 4 0 0 0 6 6 0 3 5 4 0 0 
0 0 0 2 4 0 0 0 0 0 0 0 0 0 0 0 6 5 0 3 3 0 2 0 0 0 0 2 0 0 0 1 0 0 
0 0 0 0 2 0 0 0 0 3 0 0 0 0 1 0 5 3 0 0 3 0 1 0 0 5 6 0 4 8 4 1 0 0 
0 0 0 0 1 0 0 0 0 1 0 0 0 0 0 0 5 0 6 5 4 0 3 0 0 5 6 0 0 7 5 3 0 0 
0 3 5 5 0 7 0 7 0 0 0 0 0 7 5 0 2 2 4 4 1 0 0 0 0 2 5 5 4 6 4 1 0 0 
0 1 4 5 2 5 2 3 4 4 0 0 0 6 4 0 1 3 0 6 2 0 0 0 0 2 6 5 3 5 5 1 0 0 
3 0 0 0 0 0 0 0 0 0 0 0 0 0 0 7 0 0 0 0 0 5 6 8 7 0 0 0 0 0 0 0 6 4 
0 2 0 0 0 0 0 0 0 0 0 0 0 4 2 6 0 0 1 2 0 3 0 0 0 4 0 4 0 6 4 1 0 4 
3 0 0 0 0 0 0 0 0 0 0 0 0 5 4 0 1 3 0 0 6 0 5 4 0 3 1 0 0 0 3 2 0 3 
0 0 0 0 0 0 0 0 2 0 0 0 4 0 3 5 3 1 2 0 7 3 0 0 5 0 0 0 0 6 6 4 0 0 
5 0 0 0 0 0 0 0 0 0 0 4 6 6 6 5 0 0 4 3 2 3 3 6 4 5 0 0 0 0 0 0 7 5 
2 2 0 0 0 0 0 0 0 0 0 0 3 2 3 0 3 3 3 2 1 4 2 3 2 1 1 0 0 0 0 0 5 4 
400 672
0 23 0 21
0 23 0 31
0 23 3 23
0 23 0 21
0 23 0 31
0 23 3 23
1 1 1 4
1 1 2 1
1 1 1 4
1 1 2 1
1 4 1 20
1 4 2 4
1 20 1 21
1 20 0 20
1 20 2 20
2 28 2 26
2 28 2 32
2 28 3 28
3 23 3 0
3 23 3 24
3 23 28 23
4 27 4 26
4 27 4 30
4 27 6 27
5 1 5 2
5 1 4 1
5 1 17 1
5 22 5 21
5 22 4 22
5 22 19 22
5 22 5 21
5 22 4 22
5 22 19 22
6 5 6 3
6 5 6 6
6 5 7 5
6 26 6 27
6 26 5 26
6 26 7 26
7 3 7 5
7 3 6 3
7 3 8 3
7 18 7 7
7 18 7 19
7 18 6 18
7 18 16 18
7 20 7 19
7 20 6 20
7 20 8 20
7 20 7 19
7 20 6 20
7 20 8 20
8 3 8 4
8 3 7 3
8 3 9 3
8 3 8 4
8 3 7 3
8 4 8 8
8 4 9 4
8 9 8 8
8 9 8 15
8 9 9 9
8 15 8 9
8 15 8 16
8 15 14 15
8 15 8 16
8 15 14 15
8 17 9 17
8 20 8 19
8 20 12 20
9 16 9 17
9 16 14 16
9 16 9 17
9 16 14 16
9 25 9 28
9 25 4 25
9 25 13 25
11 7 11 9
11 7 12 7
11 7 11 9
11 7 12 7
11 7 12 7
11 7 12 7
11 9 11 12
11 9 10 9
11 9 12 9
11 13 11 12
11 13 11 14
11 13 9 13
11 13 12 13
11 13 11 12
11 13 11 14
11 13 9 13
11 13 12 13
12 13 12 9
12 13 12 14
12 13 13 13
12 13 12 9
12 14 13 14
12 20 12 19
12 20 15 20
12 20 12 19
12 20 15 20
12 27 12 26
12 27 10 27
12 27 16 27
12 27 12 26
12 27 10 27
12 27 16 27
13 3 13 5
13 3 9 3
13 3 16 3
14 6 14 4
14 6 14 15
14 6 15 6
14 6 14 4
14 6 14 15
14 6 15 6
14 16 14 15
14 16 14 17
14 16 15 16
14 16 14 15
15 6 15 7
15 6 16 6
15 20 16 20
16 8 16 6
16 8 16 15
16 8 15 8
16 8 17 8
16 24 16 27
16 24 3 24
16 24 17 24
16 24 16 27
16 24 3 24
16 24 17 24
16 27 17 27
16 27 17 27
17 2 17 1
17 2 17 3
17 2 5 2
17 2 26 2
17 2 17 1
17 2 17 3
17 2 5 2
17 2 26 2
17 3 17 4
17 3 16 3
17 3 18 3
17 3 17 4
17 24 17 25
17 24 18 24
17 25 17 26
17 25 19 25
17 25 17 26
17 26 17 27
17 26 19 26
17 27 19 27
18 3 18 4
18 3 19 3
18 3 18 4
18 24 28 24
18 29 18 28
18 29 18 30
18 29 8 29
18 29 20 29
18 30 18 29
18 30 18 31
18 30 8 30
18 30 19 30
18 30 18 29
18 30 18 31
18 30 8 30
18 31 9 31
18 31 19 31
18 31 19 31
19 1 17 1
19 1 26 1
19 1 17 1
19 1 26 1
19 3 19 5
19 3 21 3
19 3 19 5
19 5 19 15
19 5 26 5
19 5 19 15
19 5 26 5
19 15 19 16
19 15 16 15
19 15 28 15
19 22 19 20
19 22 22 22
19 25 19 26
19 25 20 25
19 25 19 26
19 26 19 27
19 31 19 30
19 31 20 31
20 27 20 26
20 27 20 29
20 27 21 27
20 27 20 26
20 27 20 29
20 27 21 27
21 7 21 9
21 7 20 7
21 7 26 7
21 26 21 27
21 26 20 26
21 26 22 26
21 27 21 26
21 27 21 29
21 27 22 27
22 10 22 13
22 22 22 17
22 22 23 22
22 22 22 17
22 26 22 27
22 26 21 26
22 26 24 26
22 26 22 27
22 26 24 26
23 16 23 17
23 16 19 16
23 16 24 16
23 16 23 17
23 16 19 16
23 16 24 16
24 25 24 26
24 25 20 25
24 25 25 25
24 26 24 25
24 26 24 28
24 26 25 26
24 28 24 29
24 28 26 28
24 28 24 29
24 29 24 30
24 29 22 29
24 29 25 29
25 16 25 18
25 16 24 16
25 16 26 16
25 18 25 16
25 18 25 19
25 18 26 18
25 18 25 19
25 18 26 18
25 29 25 30
25 29 24 29
25 29 26 29
25 29 25 30
25 29 24 29
25 29 26 29
26 5 26 3
26 5 26 7
26 5 27 5
26 13 26 7
26 13 26 14
26 13 22 13
26 13 27 13
26 27 26 26
26 27 26 28
26 27 27 27
26 29 26 28
26 29 26 30
26 29 27 29
26 29 26 28
27 3 27 2
27 3 27 4
27 3 26 3
27 9 27 8
27 9 27 13
27 9 27 8
27 9 27 13
27 13 27 14
27 13 26 13
27 13 29 13
27 14 26 14
27 14 29 14
27 14 26 14
28 15 28 21
28 15 19 15
28 15 29 15
28 15 28 21
28 15 29 15
28 15 29 15
28 23 28 22
28 23 28 24
28 23 3 23
28 23 30 23
29 15 29 14
29 15 29 18
29 15 31 15
30 14 30 13
30 14 31 14
30 14 30 13
30 14 31 14
30 20 30 17
30 20 30 22
30 20 31 20
30 20 30 17
30 20 30 22
30 20 31 20
31 20 31 18
31 20 31 21
31 20 32 20
31 29 31 24
31 29 31 30
31 29 29 29
31 29 31 24
31 29 31 30
31 29 29 29
31 30 31 31
31 30 30 30
31 31 31 30
31 31 30 31
31 31 31 30
32 0 32 11
32 0 30 0
32 0 33 0
32 11 32 0
32 11 32 12
32 11 32 12
32 12 32 13
32 12 31 12
32 12 33 12
32 12 32 13
32 13 32 14
32 13 30 13
32 13 33 13
32 13 32 14
32 14 32 15
32 14 31 14
32 14 33 14
32 14 32 15
32 25 32 24
32 25 32 32
32 25 33 25
32 33 32 32
32 33 30 33
32 33 33 33
33 26 33 32
33 32 33 33
33 32 32 32
33 33 33 32
33 33 32 33
0 21 0 20
0 21 1 21
1 20 1 21
1 20 0 20
1 20 2 20
2 1 2 2
2 2 2 4
2 4 2 7
2 22 2 21
2 22 1 22
2 22 2 21
2 22 1 22
2 25 2 26
2 28 2 32
2 28 3 28
4 22 4 21
5 1 5 2
5 1 4 1
5 21 5 2
5 21 4 21
5 21 5 2
5 21 4 21
6 5 6 6
6 5 7 5
6 15 6 14
6 15 6 18
6 15 6 14
6 15 6 18
6 20 6 19
7 5 7 6
7 19 7 18
7 19 6 19
7 19 8 19
8 9 9 9
8 17 9 17
8 26 8 27
8 26 7 26
8 26 8 27
8 26 7 26
8 27 8 29
8 27 7 27
8 27 8 29
8 27 7 27
8 29 8 30
8 30 8 31
8 31 8 33
8 31 7 31
9 3 9 4
9 3 13 3
9 3 9 4
9 3 9 4
9 17 14 17
9 28 9 25
9 28 18 28
9 28 18 28
10 26 10 27
10 26 11 26
11 12 11 9
12 8 12 9
12 14 13 14
12 19 16 19
13 5 13 3
13 5 13 7
13 5 13 7
13 13 13 10
14 17 9 17
14 17 15 17
14 17 15 17
14 17 15 17
15 7 15 8
15 8 15 10
15 8 16 8
15 10 15 13
15 13 15 10
15 13 15 14
15 13 15 14
15 16 15 17
15 16 17 16
16 3 16 4
16 4 16 6
16 4 17 4
16 4 16 6
16 8 16 15
16 8 17 8
16 15 19 15
17 4 17 6
18 4 18 6
18 10 18 8
18 10 17 10
18 10 18 8
18 10 17 10
18 24 28 24
18 28 18 29
19 16 19 17
19 30 20 30
20 19 20 20
20 19 17 19
20 19 20 20
20 19 17 19
20 20 19 20
20 25 20 26
20 25 24 25
20 25 20 26
20 25 20 26
21 17 19 17
22 10 22 13
23 27 22 27
25 4 24 4
25 9 24 9
25 25 25 26
25 25 26 25
25 25 25 26
25 25 26 25
25 26 26 26
26 18 26 17
26 18 26 19
27 8 27 7
27 8 31 8
27 19 27 17
27 19 27 20
27 19 26 19
27 19 27 17
27 19 27 20
27 19 26 19
28 23 28 22
28 23 28 24
28 23 30 23
28 32 28 24
28 32 28 33
28 32 32 32
28 32 28 24
28 32 28 33
28 32 32 32
28 33 29 33
28 33 29 33
29 1 27 1
29 13 30 13
29 19 29 21
29 25 29 27
29 25 30 25
29 25 29 27
29 25 30 25
29 27 29 29
29 33 30 33
30 13 29 13
30 26 30 25
31 8 31 12
31 15 31 16
31 15 32 15
33 32 32 32
0 0 3 0
0 0 3 0
1 21 2 21
2 4 2 7
2 8 2 9
2 9 2 8
2 9 2 20
2 21 1 21
3 23 3 24
4 20 4 19
5 2 4 2
5 28 5 30
6 13 6 12
6 19 6 18
6 19 6 20
6 32 6 27
6 32 6 33
6 32 3 32
6 32 6 27
6 32 6 33
6 32 3 32
6 33 5 33
6 33 7 33
7 5 7 6
7 27 7 30
7 27 6 27
7 27 7 30
7 27 6 27
9 12 9 10
9 25 13 25
12 8 12 9
12 19 16 19
13 13 13 10
16 19 16 18
16 19 16 20
16 19 17 19
16 19 16 18
16 20 18 20
17 10 17 8
17 17 19 17
17 17 19 17
18 8 18 7
23 27 22 27
24 4 23 4
24 9 21 9
25 26 26 26
26 1 26 2
26 19 26 20
27 2 27 3
27 2 26 2
27 2 27 3
27 4 27 5
27 5 27 6
27 5 26 5
27 25 27 26
27 26 27 25
27 26 27 27
27 26 26 26
27 26 27 27
27 26 26 26
27 29 27 28
27 29 27 30
27 29 27 28
27 29 27 30
28 0 30 0
28 22 28 21
28 22 25 22
28 22 30 22
28 22 28 21
28 24 31 24
29 19 29 21
29 21 28 21
29 27 29 29
29 29 29 30
29 33 30 33
30 23 30 22
30 23 32 23
31 15 31 16
31 15 32 15
31 24 32 24
32 15 32 18
32 23 32 22
32 23 32 24
32 23 33 23
32 23 32 22
32 23 32 24
32 25 32 32
33 24 33 23
33 24 33 23
2 32 2 33
2 32 1 32
3 31 3 30
3 31 4 31
3 31 3 30
3 31 4 31
4 2 4 15
4 18 4 15
4 27 4 26
4 27 4 30
4 30 4 31
4 30 3 30
4 30 5 30
4 30 4 31
4 33 2 33
4 33 5 33
4 33 2 33
4 33 5 33
5 26 6 26
5 28 5 30
5 30 5 31
6 13 6 12
6 18 7 18
7 7 7 6
7 7 7 18
9 12 9 10
13 9 12 9
17 7 17 6
18 6 17 6
22 27 22 29
23 4 23 3
23 4 21 4
23 4 23 3
24 9 21 9
26 2 26 3
26 3 26 5
26 7 26 13
26 7 21 7
26 7 27 7
26 7 27 7
26 14 26 13
26 14 24 14
26 27 27 27
27 5 27 6
27 28 27 27
28 0 30 0
29 29 29 30
29 30 29 31
29 30 30 30
30 22 32 22
30 30 30 31
32 0 33 0
33 1 33 12
33 22 33 21
33 22 33 21
3 29 3 28
6 6 6 10
6 12 6 10
9 10 9 9
13 9 12 9
17 6 17 7
17 7 17 6
21 3 21 4
21 9 21 7
21 9 21 11
21 9 20 9
21 11 21 13
33 1 33 12
33 13 33 14
33 14 33 16
33 16 33 17
33 21 33 20
33 21 32 21
3 29 3 28
6 6 6 10
9 9 9 8
11 9 10 9
20 7 20 9
20 9 20 7
20 9 20 13
20 13 20 14
20 13 21 13
22 13 22 14
22 13 22 14
33 16 33 17
33 17 33 18
3 29 3 28

7211

2                                       3 4 = 6 = = = = = = = 2 2 2 
ǁ 4 = = 4 - - - - - - - - - - - - - - - 7 6 2 ǁ 3               5 3 
ǁ 3 2 - 4 = = 2 2 3 - - - - - - - - - - 3 4 4 ǁ   1 2 - 5 = = = 4 3 
3 - - - - - - - - - - - - - - - - - - - - - - 7 7       5 3 3 4 2 ǁ 
  2 3 - - - - - - - - - - - - 2 - - 2 1 1 3 3 ǁ ǁ 1 2 5 = = 6 4 ǁ 4 
  5 7 = = = = = = = = = = = = = = = = = = 6 6 ǁ ǁ | 2 | 2 = 5 1 ǁ 3 
  | ǁ 2 - 5 5 = = = 3 - 3 2 2 4 = = 6 4 4   ǁ ǁ ǁ | 5 6 = = = = 6 4 
  | ǁ 5 - 5 3 3 = = = = = = = = = = 7 6 6   ǁ ǁ ǁ | 3 6 = = 2 1   2 
  | ǁ 6 4 - - - 2 5 = = = = = 6 2 2 | 2 4   ǁ ǁ ǁ | 4 6 = 4 4 3 - 1 
  | ǁ 6 5       3 4 3 = 2 2   ǁ 4 6 |   |   ǁ ǁ ǁ 5 = = 4 | ǁ 1     
  | ǁ ǁ 1       2 2       ǁ   ǁ ǁ ǁ |   |   ǁ ǁ ǁ ǁ 2 3 ǁ | ǁ |     
  | ǁ ǁ       6 = 7 = = 4 8 2 ǁ ǁ ǁ |   |   ǁ ǁ ǁ ǁ 1 ǁ ǁ | ǁ |     
  | ǁ ǁ       4 2 7 = = = 6 3 ǁ ǁ ǁ | 4 5   ǁ ǁ ǁ ǁ 2 6 ǁ | ǁ |     
  | ǁ 5 = 4 = 2   2 2 = = 4 2 ǁ ǁ ǁ | ǁ ǁ   ǁ ǁ ǁ 5 3 ǁ ǁ | ǁ |     
  | ǁ | 2 = 6 = = = = = = = = 6 6 6 | ǁ ǁ   ǁ ǁ ǁ 4 3 ǁ ǁ | ǁ |     
  | ǁ |     4 2 4 - 4 = = 4 2   3 4 | ǁ 3   ǁ ǁ ǁ 3 2 ǁ ǁ | ǁ |     
  | ǁ 3 4 = 4 - 7 = = = = = = 5 |   6 6 3   ǁ ǁ 6 = = 6 ǁ | ǁ |     
  5 8 6 4 - 6 3 3 - 3         ǁ 1 2   3 |   ǁ ǁ 4 4 4 4 ǁ | ǁ |     
  ǁ ǁ 4 3 - 2 1 3 = 4         ǁ   ǁ   ǁ 3   ǁ ǁ 3 | | | 7 7 8 5     
  4 ǁ 4 = 8 = = = = = = = = = 7 6 4   ǁ 2 - 4 ǁ ǁ 4 4 2   | 3 4     
  ǁ ǁ |   ǁ   3 = 4 - - - 4 1 ǁ ǁ |   4 3   | ǁ ǁ 6 7 6 = 3 2 2     
  ǁ ǁ 2 2 ǁ   5 = 6 - 2 - 2   ǁ ǁ 1         | ǁ ǁ ǁ 5 6 - 2   3     
  ǁ ǁ   | ǁ   ǁ   ǁ 2 = = 5 3 ǁ ǁ 2 = = = = 4 ǁ ǁ ǁ 6 6 - 3 5 4     
  ǁ ǁ 2 4 ǁ   ǁ   ǁ       |   ǁ 6 5   3 3   2 ǁ ǁ ǁ ǁ 2   |   1     
  ǁ ǁ   2 ǁ   ǁ   3       | 1 ǁ 5 3     3   1 ǁ ǁ 5 6 - 4 8 4 1     
  ǁ ǁ   1 ǁ   ǁ   1       | | ǁ 5 = 6 5 4   3 ǁ ǁ 5 6   | 7 5 3     
  3 5 5 = 7 - 7 = = = = = 7 5 ǁ 2 2 4 4 1   | ǁ ǁ 2 5 5 4 6 4 1     
  1 4 5 2 5 2 3 4 4 = = = 6 4 ǁ 1 3 = 6 2   | ǁ ǁ 2 6 5 3 5 5 1     
3 |             |         | | 7 = = = = = 5 6 8 7 = = = = = = = 6 4 
ǁ 2             |         4 2 6 - - 1 2 = 3 | ǁ | 4 = 4 = 6 4 1 ǁ 4 
3               |         5 4 | 1 3 = = 6 = 5 4 | 3 1     ǁ 3 2 ǁ 3 
|               2 - - - 4 | 3 5 3 1 2 - 7 3 | | 5 = = = = 6 6 4 ǁ | 
5 = = = = = = = = = = 4 6 6 6 5 - - 4 3 2 3 3 6 4 5 = = = = = = 7 5 
2 2 = = = = = = = = = = 3 2 3 - 3 3 3 2 1 4 2 3 2 1 1 - - - - - 5 4 
