34 34
2 5 3 4 0 4 0 0 0 0 0 3 1 4 0 0 3 0 0 0 0 0 2 0 4 1 2 4 3 2 3 2 0 2 
2 0 2 4 2 3 0 0 0 2 0 0 1 4 0 0 7 0 0 0 0 0 0 0 5 0 0 2 0 0 4 3 0 0 
5 6 0 0 0 0 0 0 0 0 0 5 2 0 1 0 3 2 0 0 0 4 1 1 2 0 5 0 6 3 3 6 2 0 
1 0 2 0 0 0 0 0 3 1 3 1 2 6 0 0 0 0 0 0 0 7 0 0 0 5 2 0 0 0 0 1 0 0 
4 6 0 0 0 0 0 0 5 0 6 3 1 0 1 3 0 0 0 0 0 5 0 2 1 0 3 0 6 0 4 1 0 4 
0 4 2 2 0 0 4 1 0 3 4 0 0 0 0 0 1 4 0 1 0 0 1 0 0 0 3 2 0 0 0 2 2 0 
5 0 0 0 0 0 7 4 0 0 0 0 2 0 0 4 2 0 0 0 0 0 3 0 0 6 4 2 0 3 5 0 0 0 
0 4 0 2 0 0 0 2 0 0 0 0 0 0 0 0 0 6 0 2 0 0 0 3 1 0 4 2 0 0 1 0 3 0 
0 3 0 0 0 0 7 2 0 0 0 0 0 0 0 0 0 0 2 0 2 2 3 5 1 0 3 0 0 0 0 0 0 0 
0 2 0 3 0 0 5 2 0 3 0 0 0 0 0 0 0 0 3 2 0 1 0 3 2 4 3 0 0 4 0 6 4 0 
0 4 0 0 0 0 0 0 3 0 0 0 0 0 4 0 0 6 0 0 5 0 5 1 2 7 2 0 0 4 2 0 2 0 
0 4 0 0 0 0 5 2 3 2 0 4 5 0 3 2 1 2 1 2 3 2 3 3 0 6 2 3 0 4 1 0 1 0 
0 3 2 0 0 0 3 2 4 1 0 1 2 0 1 0 0 0 0 0 0 1 1 1 0 1 0 2 0 4 2 0 0 0 
3 0 0 0 0 0 0 0 0 0 5 0 0 7 0 0 0 0 0 0 0 0 0 0 0 0 0 0 7 0 0 5 2 0 
0 2 1 0 2 1 2 3 0 4 0 0 0 0 4 0 0 0 0 0 0 0 0 0 0 0 3 0 0 4 2 2 1 0 
0 3 0 0 5 5 2 2 0 5 0 0 0 0 0 0 0 0 2 0 0 0 4 0 2 3 0 0 0 5 0 0 4 0 
0 2 0 2 0 3 0 2 3 0 0 0 0 0 6 0 0 0 0 0 0 0 8 0 5 0 0 0 0 0 1 2 0 0 
0 5 5 3 0 3 0 3 5 0 0 0 0 0 0 0 0 0 0 0 0 0 0 0 3 0 0 0 0 4 5 4 0 0 
0 0 2 1 0 2 0 0 0 0 0 0 0 0 0 0 0 0 0 0 0 0 0 0 0 0 0 0 0 2 0 0 0 0 
0 6 0 0 6 0 5 0 4 4 0 3 0 4 0 0 0 0 0 3 0 0 5 0 2 0 0 0 0 1 2 1 0 0 
0 4 3 2 0 2 0 3 3 0 0 3 2 0 0 0 0 0 0 0 0 0 0 0 0 2 1 0 0 0 0 0 0 0 
0 0 0 0 0 4 0 1 0 0 0 3 4 0 0 0 0 0 0 2 0 0 1 0 0 0 0 0 0 0 0 0 0 0 
0 0 0 0 0 0 2 2 0 0 0 1 0 2 0 0 0 0 0 0 0 0 0 0 0 0 0 0 0 0 0 0 0 0 
0 0 4 3 0 0 2 1 0 0 0 1 0 0 5 0 0 0 0 0 0 0 0 0 0 0 0 0 7 0 0 0 6 4 
0 0 0 3 0 5 7 0 3 0 0 2 0 0 3 0 5 0 0 0 0 0 0 0 0 0 0 0 6 0 2 0 0 0 
0 0 0 0 0 1 0 3 2 4 0 1 2 0 0 2 0 0 0 0 0 0 1 0 0 4 2 0 0 2 2 0 0 0 
0 5 6 5 7 0 6 4 2 0 0 3 6 0 4 3 0 0 0 0 0 0 0 0 0 0 0 0 0 0 0 0 0 0 
0 0 0 4 0 0 0 0 0 0 0 0 0 2 4 1 0 2 0 0 0 4 0 0 0 6 0 0 6 4 2 0 0 0 
0 3 0 3 0 0 0 3 4 0 0 3 2 1 3 2 3 0 0 0 0 0 0 1 0 4 2 1 4 2 0 0 0 1 
0 2 0 0 0 3 5 0 2 2 0 2 0 0 0 0 0 0 0 0 0 0 0 0 0 0 0 2 4 4 2 0 0 1 
4 0 5 3 0 2 1 0 2 1 0 1 0 0 0 0 0 0 0 0 0 0 0 0 0 0 0 0 0 0 0 0 6 3 
0 4 4 0 7 0 0 0 0 0 6 0 0 0 0 0 0 0 0 0 0 0 0 0 0 0 0 0 0 0 0 2 0 2 
4 4 5 0 7 3 3 4 0 0 6 0 0 0 0 0 0 0 0 0 0 0 0 1 1 0 0 0 0 0 0 3 3 3 
3 3 4 2 2 2 1 2 0 0 5 0 0 0 0 0 0 0 0 0 0 0 0 0 0 0 0 0 0 0 0 5 4 2 
400 249
0 1 0 0
0 1 0 2
0 1 2 1
1 16 1 13
1 16 1 24
1 16 0 16
1 16 2 16
2 0 2 1
2 0 1 0
2 0 3 0
3 21 3 13
3 21 3 25
3 21 2 21
3 21 4 21
4 0 4 1
4 0 6 0
4 0 4 1
4 0 6 0
4 1 4 8
4 1 2 1
4 1 5 1
4 1 4 8
5 1 5 2
5 1 7 1
5 1 5 2
6 0 13 0
6 30 6 29
6 30 4 30
6 30 7 30
7 1 7 3
7 1 8 1
7 1 7 3
8 6 8 1
8 6 8 7
8 6 6 6
8 6 9 6
10 25 10 24
10 25 10 26
10 25 9 25
10 25 11 25
13 13 13 10
13 13 13 28
13 13 3 13
13 13 19 13
14 14 14 26
14 14 16 14
14 14 14 26
14 14 16 14
15 9 15 7
15 9 14 9
15 9 19 9
15 18 15 22
16 14 16 22
16 14 23 14
16 14 16 22
16 14 23 14
16 22 16 24
16 22 15 22
16 22 19 22
17 1 17 2
17 1 16 1
17 1 19 1
17 8 17 7
17 8 16 8
17 8 19 8
19 1 19 4
19 1 17 1
19 1 20 1
23 28 23 14
23 28 23 32
23 28 13 28
23 28 24 28
24 6 24 5
24 6 24 8
24 6 23 6
24 6 26 6
24 16 24 14
24 16 24 28
24 16 28 16
25 22 25 25
25 25 25 26
25 25 27 25
25 25 25 26
26 1 26 2
26 1 20 1
26 1 28 1
26 4 26 3
26 4 26 6
26 4 19 4
26 4 31 4
27 3 26 3
27 3 28 3
27 3 26 3
27 3 28 3
27 17 27 21
27 21 27 17
27 21 27 25
27 21 27 25
32 4 32 2
32 4 32 5
32 4 31 4
32 4 33 4
33 10 33 7
33 10 33 31
33 10 32 10
2 0 2 1
2 0 1 0
5 3 5 6
6 0 13 0
6 6 6 7
6 6 5 6
6 6 8 6
6 6 6 7
6 6 5 6
6 30 6 29
6 30 4 30
7 17 7 19
7 17 5 17
7 17 10 17
7 17 7 19
7 17 5 17
7 17 10 17
10 17 10 14
10 17 10 20
10 17 11 17
10 17 10 14
11 12 11 11
11 12 6 12
11 12 12 12
14 26 20 26
15 18 15 22
15 22 15 24
15 29 15 32
15 29 14 29
15 29 17 29
19 1 19 4
19 1 20 1
19 4 19 6
19 4 15 4
19 4 26 4
20 1 20 2
20 25 15 25
25 5 24 5
26 1 26 2
26 1 28 1
26 2 26 3
26 2 23 2
26 2 30 2
26 2 26 3
26 4 26 6
26 4 31 4
26 6 26 7
26 6 24 6
26 6 29 6
28 1 29 1
28 3 30 3
29 1 31 1
30 0 13 0
30 0 32 0
30 0 32 0
30 2 30 3
30 2 31 2
30 2 30 3
30 2 31 2
31 1 31 2
31 1 32 1
31 1 31 2
31 4 31 10
31 4 32 4
31 4 31 10
31 4 32 4
31 10 31 31
31 10 13 10
31 10 32 10
31 10 31 31
32 0 32 1
32 0 33 0
32 1 32 2
32 1 33 1
32 2 32 4
32 2 33 2
32 2 33 2
32 10 32 7
32 10 32 23
32 10 33 10
32 24 32 31
33 0 33 1
33 0 33 1
33 2 33 3
33 2 33 3
33 4 33 5
0 0 0 1
5 3 5 6
5 17 5 16
5 17 5 19
6 6 6 7
6 15 6 16
6 15 4 15
6 15 6 16
6 15 4 15
7 7 6 7
7 7 8 7
8 6 8 1
8 6 9 6
10 14 4 14
10 14 11 14
13 10 13 13
13 10 5 10
13 10 5 10
15 25 15 24
15 25 20 25
16 24 16 22
16 24 17 24
16 24 17 24
18 5 17 5
23 2 23 3
23 2 20 2
23 2 23 3
24 3 23 3
32 10 32 7
4 15 4 21
5 7 5 9
5 10 5 9
5 10 4 10
16 22 19 22
16 24 17 24
18 5 17 5
19 24 19 22
20 2 20 3
32 7 32 6
32 7 33 7
33 10 33 31
4 10 4 8
4 10 4 11
4 10 3 10
4 10 4 8
4 10 4 11
5 9 9 9
19 24 19 22
3 10 3 9
3 10 3 11
4 8 3 8
2 11 2 1
2 11 2 12
2 11 0 11
3 2 3 8
3 8 3 2
1 9 1 5
1 9 1 5

5609

2 5 3 4   4           3 1 4     3           2   4 1 2 4 3 2 3 2   2 
2 | 2 4 2 3 = = = 2   | 1 4 - - 7 - - - - - - - 5     2     4 3     
5 6 - - - - - - - - - 5 2   1   3 2       4 1 1 2   5   6 3 3 6 2   
1 | 2 = = = = = 3 1 3 1 2 6 - - - - - - - 7 - - - 5 2         1     
4 6 = = = = = = 5 = 6 3 1 | 1 3 - - - - - 5   2 1   3   6   4 1   4 
ǁ 4 2 2 = = 4 1 - 3 4     | | ǁ 1 4 - 1     1       3 2     ǁ 2 2   
5 |         7 4   | ǁ   2 | | 4 2 ǁ         3     6 4 2   3 5       
ǁ 4 = 2     ǁ 2   | ǁ   | | |     6 = 2       3 1   4 2     1   3   
ǁ 3 = = = = 7 2   | ǁ   | | |     ǁ 2   2 2 3 5 1   3               
ǁ 2   3     5 2   3 ǁ   | | |     ǁ 3 2   1   3 2 4 3     4   6 4   
ǁ 4             3   ǁ   | | 4 = = 6 - - 5   5 1 2 7 2     4 2   2   
ǁ 4         5 2 3 2 ǁ 4 5 | 3 2 1 2 1 2 3 2 3 3   6 2 3   4 1   1   
ǁ 3 2       3 2 4 1 ǁ 1 2 | 1             1 1 1   1   2   4 2       
3                   5 = = 7 - - - - - - - - - - - - - - 7     5 2   
| 2 1   2 1 2 3   4 |     | 4 = = = = = = = = = = = 3   | 4 2 2 1   
| 3     5 5 2 2 - 5 |     | ǁ       2 = = = 4 - 2 3 |   | 5 - - 4   
| 2   2 | 3   2 3 | |     | 6 = = = = = = = 8 = 5 ǁ |   | | 1 2     
| 5 5 3 | 3   3 5 | |     | ǁ               ǁ   3 ǁ |   | 4 5 4     
| ǁ 2 1 | 2     | | |     | ǁ               ǁ     ǁ |   | 2         
| 6 = = 6 - 5   4 4 | 3   4 ǁ         3     5 = 2 ǁ |   | 1 2 1     
| 4 3 2 ǁ 2   3 3   | 3 2   ǁ                     2 1   |           
| | |   ǁ 4   1     | 3 4   ǁ         2     1           |           
| | |   ǁ   2 2     | 1   2 ǁ                           |           
| | 4 3 ǁ   2 1     | 1     5 - - - - - - - - - - - - - 7 - - - 6 4 
| | | 3 ǁ 5 7 - 3   | 2     3 - 5 - - - - - - - - - - - 6   2       
| | |   ǁ 1 ǁ 3 2 4 | 1 2     2 |           1 - - 4 2     2 2       
| 5 6 5 7 = 6 4 2   | 3 6   4 3 |                 |                 
| ǁ | 4 ǁ   |       |     2 4 1 | 2 = = = 4 = = = 6     6 4 2       
| 3 | 3 ǁ   | 3 4   | 3 2 1 3 2 3             1   4 2 1 4 2       1 
| 2 | | ǁ 3 5   2 2 | 2                               2 4 4 2     1 
4 | 5 3 ǁ 2 1   2 1 | 1                                         6 3 
ǁ 4 4   7 = = = = = 6 = = = = = = = = = = = = = = = = = = = = 2   2 
4 4 5 = 7 3 3 4 = = 6 - - - - - - - - - - - - 1 1 - - - - - - 3 3 3 
3 3 4 2 2 2 1 2 - - 5 = = = = = = = = = = = = = = = = = = = = 5 4 2 
