34 34
2 0 3 0 5 4 2 2 0 0 0 0 0 0 4 0 0 0 0 0 3 1 2 4 4 3 1 4 2 4 6 2 4 2 
4 0 5 0 6 0 0 0 0 0 0 0 0 0 0 0 0 0 0 0 6 0 4 2 0 6 4 0 3 6 7 2 4 1 
6 4 0 2 0 4 4 2 0 0 4 0 5 3 2 3 3 4 3 0 0 2 7 3 0 6 4 0 2 0 4 2 0 0 
2 2 0 0 0 0 0 3 3 2 5 2 0 1 0 2 0 2 0 0 0 2 6 5 0 6 0 8 4 0 1 0 5 2 
3 0 8 4 0 5 8 0 0 0 0 0 7 0 7 0 5 0 4 2 0 0 3 0 0 0 2 0 3 6 0 4 0 1 
3 3 6 3 0 0 0 3 0 4 6 2 0 1 5 5 0 0 0 0 7 5 5 5 0 5 4 0 0 0 4 6 0 0 
0 2 3 3 0 0 0 3 1 0 2 0 0 2 4 0 2 4 4 1 0 0 3 5 0 0 0 0 0 0 0 0 0 0 
5 0 0 0 4 2 0 3 0 7 0 0 7 0 3 3 0 5 6 0 6 6 4 4 0 1 0 0 4 0 0 2 0 3 
3 5 3 1 0 1 0 3 2 3 3 4 6 0 0 3 0 2 3 1 2 3 2 0 0 0 0 0 3 0 0 0 0 0 
3 6 0 0 6 0 6 0 0 0 0 0 0 0 0 0 0 0 0 0 0 0 0 0 6 0 0 6 4 0 5 0 5 0 
0 0 4 4 0 0 0 4 0 0 0 0 0 4 0 0 3 4 4 3 3 0 4 2 0 1 2 0 2 0 0 2 0 0 
2 0 0 4 0 2 0 6 3 2 3 5 4 0 0 0 5 5 3 0 0 0 6 0 5 0 2 3 2 0 1 4 0 0 
4 5 0 0 0 0 0 0 3 0 1 0 3 0 2 0 0 3 4 4 0 0 6 0 0 0 0 4 2 0 0 0 0 0 
5 6 0 4 6 4 0 6 5 6 0 6 0 0 0 0 8 0 0 0 0 0 0 0 0 0 0 0 0 8 0 4 0 0 
4 4 0 3 6 4 0 2 3 6 2 0 3 0 6 0 8 0 0 0 0 0 0 0 0 0 5 5 0 6 4 3 4 0 
3 3 0 1 0 2 0 2 0 4 2 0 3 2 4 2 3 0 2 0 0 1 2 0 0 0 3 4 0 4 1 0 0 0 
2 0 7 0 6 0 7 0 0 0 0 6 0 0 0 0 0 0 0 0 0 0 0 0 0 0 0 0 0 0 0 5 6 4 
0 2 0 0 0 2 0 2 4 5 3 0 0 0 0 1 0 0 0 0 0 0 0 0 0 0 0 0 0 0 3 3 0 3 
0 0 0 1 0 0 0 5 8 8 6 0 0 0 0 0 2 0 0 0 0 0 0 0 0 0 0 0 0 0 0 2 0 2 
4 4 0 0 0 0 0 0 0 0 3 0 0 0 0 0 0 0 0 0 0 0 0 0 0 0 0 0 0 0 0 2 0 2 
3 2 6 4 0 0 0 0 0 5 2 0 0 1 0 0 7 0 0 0 0 0 0 0 0 0 0 0 0 0 6 0 0 4 
6 0 4 3 0 0 0 0 0 6 4 0 0 0 0 0 0 0 0 0 0 0 0 0 0 0 0 0 0 0 0 0 0 0 
5 0 0 0 6 5 0 0 0 3 2 0 0 0 0 0 0 0 0 0 0 0 0 0 0 0 0 0 0 0 0 0 0 4 
4 3 6 2 0 0 0 0 0 0 2 0 0 0 0 0 0 2 0 0 0 0 0 0 2 0 0 0 0 0 0 0 0 0 
4 3 5 2 0 0 0 0 4 0 0 0 0 0 0 0 0 0 0 0 0 0 0 0 0 0 0 0 0 0 0 0 0 0 
0 0 2 2 0 3 0 0 3 0 3 0 0 0 0 0 0 4 0 0 0 0 0 0 6 0 0 0 0 0 6 0 0 4 
0 0 0 0 0 2 0 0 1 0 0 0 0 0 0 0 0 0 0 0 0 0 0 0 0 0 0 0 0 0 0 0 0 0 
4 4 5 5 0 5 7 6 0 5 0 0 0 0 0 0 0 0 0 0 0 0 0 0 0 0 0 0 0 0 0 0 0 0 
0 1 0 1 0 2 0 6 2 4 3 0 0 0 0 0 0 0 0 0 0 0 0 0 0 0 0 0 0 0 0 0 0 0 
5 0 7 0 8 4 5 6 0 4 2 0 0 0 0 0 0 0 0 0 0 0 0 0 0 0 0 0 0 0 0 0 0 0 
0 1 0 4 7 5 6 6 1 0 0 0 0 0 0 0 3 1 0 0 0 0 0 0 0 0 0 0 0 0 0 0 0 0 
0 0 0 2 2 3 5 4 3 0 0 0 0 0 0 0 0 0 0 0 0 0 0 0 0 0 0 0 0 0 0 0 0 0 
6 5 6 0 0 0 0 0 4 5 0 8 0 0 0 0 0 0 0 0 0 0 0 0 0 0 0 0 0 0 8 6 2 0 
3 3 4 0 0 0 0 0 0 5 3 6 0 0 0 0 0 0 0 0 0 0 0 0 0 0 4 4 0 0 4 2 3 4 
400 673
0 4 0 2
0 4 0 5
0 4 1 4
0 30 0 29
0 30 0 31
0 30 1 30
0 30 0 29
0 30 0 31
0 30 1 30
0 32 0 33
0 32 1 32
0 32 0 33
0 32 1 32
1 30 1 29
1 30 1 31
1 30 2 30
2 0 2 1
2 0 1 0
2 0 3 0
2 0 2 1
2 0 1 0
2 0 3 0
2 1 2 3
2 1 3 1
2 12 2 10
2 12 2 13
2 12 4 12
2 22 2 21
2 22 2 23
2 22 1 22
2 22 3 22
3 27 3 25
3 27 3 28
3 27 0 27
3 27 9 27
3 27 3 25
3 27 3 28
3 27 0 27
3 27 9 27
4 2 4 0
4 2 4 3
4 2 5 2
4 2 4 0
4 2 4 3
4 2 5 2
4 6 4 5
4 6 4 12
4 6 2 6
4 6 9 6
4 6 4 5
4 6 4 12
4 6 2 6
4 6 9 6
4 14 4 12
4 14 4 16
4 14 2 14
4 14 5 14
5 10 5 9
5 10 5 11
5 10 6 10
5 10 5 9
5 10 5 11
5 10 6 10
5 15 5 14
5 15 5 20
5 15 7 15
5 31 5 30
5 31 4 31
5 31 7 31
5 31 5 30
5 31 4 31
5 31 7 31
6 23 6 22
6 23 5 23
6 23 7 23
7 0 7 4
7 0 5 0
7 0 8 0
7 9 7 7
7 9 7 12
7 9 5 9
7 9 8 9
7 28 4 28
7 28 8 28
7 28 4 28
7 28 8 28
7 33 4 33
7 33 16 33
7 33 16 33
8 1 8 0
8 1 8 2
8 1 9 1
8 28 9 28
9 6 9 4
9 6 9 24
9 6 16 6
9 6 9 4
9 24 9 27
9 24 0 24
9 24 11 24
9 24 9 27
9 24 0 24
9 32 9 30
9 32 3 32
9 32 14 32
10 7 10 13
10 7 11 7
10 7 10 13
10 7 11 7
10 13 10 16
10 13 15 13
10 23 10 22
10 25 10 26
11 7 11 8
11 7 13 7
11 7 11 8
11 7 13 7
11 11 11 10
11 11 11 12
11 11 13 11
11 12 11 11
11 12 12 12
11 12 11 11
11 16 11 17
11 16 10 16
11 16 13 16
12 1 12 0
12 1 9 1
12 1 13 1
12 12 14 12
12 14 14 14
13 0 13 1
13 0 12 0
13 0 14 0
13 7 13 8
13 7 14 7
13 7 13 8
13 7 14 7
13 16 13 29
13 16 11 16
13 16 14 16
13 16 13 29
13 16 14 16
13 16 14 16
13 16 14 16
13 29 13 31
13 29 4 29
13 29 14 29
14 14 14 16
14 14 12 14
14 14 15 14
14 14 14 16
14 14 15 14
14 26 14 16
14 26 14 27
14 26 15 26
15 14 15 13
15 14 15 15
16 2 16 0
16 2 16 4
16 2 10 2
16 2 20 2
16 6 16 4
16 6 16 11
16 6 27 6
16 33 16 32
16 33 17 33
17 1 19 1
17 5 22 5
17 9 17 8
17 9 17 10
17 9 18 9
18 3 20 3
18 7 18 8
18 7 17 7
18 7 27 7
18 8 18 7
18 8 18 9
18 8 17 8
18 8 24 8
18 8 18 7
18 8 18 9
18 8 17 8
18 9 18 10
18 9 17 9
18 9 20 9
20 3 20 2
20 3 21 3
20 3 20 2
20 16 20 13
20 16 20 30
20 16 18 16
20 16 30 16
21 0 21 2
21 0 20 0
21 0 22 0
21 0 21 2
21 0 20 0
21 0 22 0
21 9 21 10
21 9 20 9
21 9 22 9
21 9 21 10
21 9 20 9
21 9 22 9
21 10 20 10
21 10 22 10
22 33 20 33
22 33 25 33
22 33 20 33
22 33 25 33
24 8 25 8
25 24 25 17
25 24 25 30
25 24 23 24
25 24 25 17
25 24 25 30
25 24 23 24
25 30 25 33
25 30 20 30
25 30 32 30
25 30 25 33
27 7 27 6
27 7 27 9
27 7 28 7
27 7 27 6
27 7 27 9
28 7 28 5
28 7 28 8
28 7 29 7
28 7 28 5
28 7 28 8
29 0 29 2
29 0 27 0
29 0 32 0
29 4 29 2
29 4 29 5
29 4 22 4
29 4 30 4
29 4 29 2
29 4 29 5
29 4 22 4
29 4 30 4
29 5 29 6
29 5 30 5
29 6 29 7
29 6 30 6
29 6 29 7
29 6 30 6
30 4 30 3
30 4 30 5
30 4 31 4
30 6 30 5
30 6 30 7
30 6 31 6
30 6 30 5
30 7 30 8
30 7 29 7
30 7 31 7
30 16 30 17
30 16 20 16
31 6 31 5
31 6 31 7
32 0 32 1
32 0 29 0
32 0 33 0
32 11 32 9
32 11 32 30
32 11 16 11
32 11 33 11
32 11 32 9
32 11 32 30
32 11 16 11
32 11 33 11
32 31 32 30
32 31 32 32
32 31 33 31
32 31 32 30
32 31 32 32
32 31 33 31
33 9 33 2
33 9 33 10
33 9 32 9
33 11 33 10
33 11 33 26
33 26 33 11
33 26 33 27
33 26 33 27
33 27 33 30
33 30 33 27
33 30 32 30
33 30 32 30
33 32 33 33
33 33 33 32
0 24 0 23
0 24 0 25
0 27 0 26
0 27 0 28
0 29 0 28
0 29 1 29
1 0 1 2
1 0 0 0
1 2 1 4
1 2 0 2
1 2 1 4
1 2 0 2
1 4 1 20
1 4 0 4
1 4 7 4
1 20 1 22
1 20 0 20
1 20 5 20
1 20 1 22
1 20 0 20
1 25 1 26
1 25 0 25
1 25 2 25
1 25 1 26
1 25 0 25
1 25 2 25
1 26 2 26
1 29 1 28
1 29 1 30
1 29 4 29
1 29 1 28
2 3 4 3
2 5 2 6
2 5 4 5
2 5 2 6
2 5 4 5
2 25 2 26
2 25 3 25
2 25 2 26
2 25 3 25
2 26 1 26
3 10 3 9
3 10 3 11
3 10 2 10
3 11 3 10
3 13 2 13
3 23 3 22
3 23 2 23
3 23 5 23
3 25 5 25
3 28 2 28
3 28 4 28
4 0 5 0
4 2 4 3
4 2 5 2
4 5 7 5
4 19 4 18
4 26 5 26
4 29 4 31
4 29 13 29
4 29 4 31
5 2 5 1
5 2 5 3
5 2 6 2
5 3 6 3
5 9 5 7
5 20 5 15
5 20 5 21
5 20 7 20
5 26 5 25
5 26 4 26
5 26 5 25
5 30 9 30
6 8 6 7
6 16 6 17
7 9 7 7
7 9 7 12
7 9 8 9
7 12 7 14
7 12 4 12
7 12 8 12
7 23 7 22
7 23 6 23
7 23 7 22
7 25 5 25
8 11 8 10
8 11 8 12
8 11 8 10
8 11 8 12
9 4 9 1
9 4 7 4
9 4 13 4
9 4 9 1
9 28 9 27
9 28 10 28
9 28 9 27
10 2 10 3
10 2 16 2
10 2 10 3
10 3 11 3
10 23 10 22
10 31 11 31
11 3 10 3
11 3 13 3
11 3 13 3
11 5 13 5
11 24 11 22
11 24 11 26
11 24 11 22
11 24 11 26
12 12 14 12
12 22 12 19
12 22 12 27
12 22 11 22
12 22 12 19
12 22 12 27
12 22 11 22
12 27 12 28
12 27 11 27
12 28 11 28
13 1 13 0
13 1 12 1
13 1 14 1
13 1 13 0
13 3 13 4
13 3 14 3
13 4 13 5
13 4 14 4
13 29 13 31
13 29 14 29
13 31 11 31
13 31 14 31
14 0 14 1
14 0 15 0
14 0 14 1
14 1 15 1
14 29 14 27
14 29 14 30
14 29 15 29
14 29 14 27
14 30 14 31
14 30 15 30
14 30 14 31
14 32 9 32
14 32 16 32
14 32 16 32
15 1 15 0
15 7 15 9
15 29 15 27
16 6 16 4
16 6 16 11
16 6 27 6
16 31 16 11
16 31 16 32
16 31 17 31
16 32 16 31
17 1 19 1
17 5 22 5
17 7 17 8
17 15 17 30
18 9 18 10
18 9 17 9
18 10 17 10
18 10 19 10
18 10 17 10
18 10 19 10
19 1 19 0
19 1 20 1
19 10 20 10
20 2 20 1
20 2 16 2
20 2 21 2
20 16 20 30
20 16 18 16
20 33 20 30
20 33 19 33
21 2 21 3
21 3 23 3
22 0 23 0
22 4 22 5
22 4 16 4
22 4 22 5
22 4 16 4
22 5 25 5
23 2 23 1
23 2 23 3
23 2 24 2
23 17 25 17
24 8 25 8
25 5 26 5
25 17 23 17
26 8 25 8
27 3 27 2
27 3 25 3
27 3 28 3
27 6 27 5
28 1 27 1
30 7 29 7
30 7 31 7
31 6 31 5
31 6 31 7
31 8 32 8
32 0 32 1
32 0 33 0
33 0 33 1
33 11 33 10
33 32 33 33
0 4 0 5
0 5 0 6
0 14 0 7
0 14 0 20
0 14 0 7
0 21 0 22
0 23 0 22
0 23 1 23
0 23 1 23
1 22 2 22
1 28 2 28
3 25 5 25
4 19 4 18
5 3 6 3
5 7 6 7
5 20 5 21
5 20 7 20
5 30 9 30
6 3 6 2
6 16 6 17
6 17 6 18
6 17 7 17
6 18 6 19
6 18 7 18
6 18 7 18
7 4 7 0
7 5 8 5
7 18 7 17
7 18 7 20
7 18 8 18
7 18 7 17
8 3 8 2
8 10 8 9
9 1 9 0
9 1 8 1
9 30 9 32
9 30 11 30
10 22 10 20
10 22 11 22
10 26 10 28
10 31 11 31
11 5 13 5
11 22 11 18
11 27 11 28
12 0 12 1
12 0 11 0
12 19 12 18
13 4 13 5
13 4 14 4
14 4 14 3
14 4 14 5
14 4 16 4
14 4 14 3
14 5 15 5
15 1 15 0
15 5 14 5
15 7 15 9
15 9 15 10
15 9 14 9
15 15 15 16
15 29 15 27
16 2 16 0
16 32 16 31
19 0 20 0
20 30 17 30
20 30 17 30
22 0 23 0
25 5 26 5
27 5 27 6
27 6 27 5
29 7 29 9
31 8 32 8
33 9 33 2
33 9 32 9
0 5 0 6
4 18 4 16
4 18 2 18
5 7 6 7
6 2 6 1
7 7 8 7
8 2 8 1
8 7 8 8
8 8 8 7
9 0 8 0
9 0 11 0
10 20 10 19
12 19 12 18
14 9 14 8
14 9 14 10
14 9 13 9
14 9 14 8
14 9 14 10
14 12 15 12
15 10 15 12
15 27 15 26
15 27 14 27
22 0 23 0
23 0 23 1
24 0 24 1
24 0 27 0
24 0 24 1
24 0 27 0
27 0 27 1
27 1 27 2
27 1 24 1
29 0 29 2
31 8 32 8
32 8 32 2
32 9 29 9
33 2 33 1
33 2 32 2
2 18 2 17
5 1 5 0
5 1 6 1
10 20 10 19
12 18 12 17
12 18 11 18
13 9 13 8
13 9 13 11
13 9 11 9
13 9 13 8
13 9 13 11
14 8 13 8
14 27 14 26
15 22 15 21
15 22 15 26
23 1 23 2
23 2 24 2
29 9 29 10
29 9 28 9
29 10 28 10
32 2 32 1
32 2 29 2
33 1 32 1
2 18 2 17
10 19 10 18
11 10 11 9
11 10 12 10
12 8 11 8
12 17 11 17
14 26 14 16
15 16 15 18
15 18 15 16
23 2 24 2
28 9 28 10
28 9 27 9
28 9 28 10
30 1 32 1
30 3 30 4
30 3 31 3
30 3 30 4
30 5 31 5
31 3 31 4
32 2 29 2
2 17 2 16
2 17 3 17
3 17 3 15
4 16 4 14
10 18 10 17
10 18 11 18
10 18 10 17
12 17 11 17
25 10 23 10
27 9 22 9
29 2 27 2
2 16 2 15
3 15 2 15
10 17 10 16
10 17 11 17
11 16 11 17
22 10 23 10
2 16 2 15

4755

2   3 - 5 4 2 2 = = = = = = 4 - - - - - 3 1 2 4 4 3 1 4 2 4 6 2 4 2 
4 - 5 = 6 - - - - - - - - - - - - - - - 6 = 4 2 ǁ 6 4 ǁ 3 6 7 2 4 1 
6 4 - 2 | 4 4 2     4 - 5 3 2 3 3 4 3   | 2 7 3 ǁ 6 4 ǁ 2 | 4 2     
2 2   | | ǁ ǁ 3 3 2 5 2 | 1 | 2 - 2 |   | 2 6 5 ǁ 6 = 8 4 | 1   5 2 
3 = 8 4 | 5 8 = = = = = 7 - 7 = 5 - 4 2 |   3 | ǁ ǁ 2 ǁ 3 6 = 4 | 1 
3 3 6 3 | | ǁ 3 - 4 6 2 | 1 5 5 = = = = 7 5 5 5 ǁ 5 4 ǁ ǁ ǁ 4 6 | | 
| 2 3 3 | | ǁ 3 1 | 2   | 2 4 | 2 4 4 1 ǁ   3 5 ǁ |   ǁ ǁ ǁ ǁ ǁ | | 
5 = = = 4 2 ǁ 3 = 7 = = 7 - 3 3   5 6 - 6 6 4 4 ǁ 1   ǁ 4 ǁ ǁ 2 | 3 
3 5 3 1 | 1 ǁ 3 2 3 3 4 6     3   2 3 1 2 3 2   ǁ     ǁ 3 ǁ ǁ   | ǁ 
3 6 = = 6 = 6 - - - - - - - - - - - - - - - - - 6 = = 6 4 ǁ 5 = 5 ǁ 
| | 4 4 |   | 4 = = = = = 4 - - 3 4 4 3 3 - 4 2 | 1 2 - 2 ǁ | 2 ǁ ǁ 
2 | ǁ 4 | 2 | 6 3 2 3 5 4 |     5 5 3 - - - 6 = 5 = 2 3 2 ǁ 1 4 ǁ ǁ 
4 5 ǁ ǁ | ǁ | ǁ 3 | 1 | 3 | 2   ǁ 3 4 4 = = 6 = = = = 4 2 ǁ   | ǁ ǁ 
5 6 ǁ 4 6 4 | 6 5 6 = 6 ǁ | ǁ   8 = = = = = = = = = = = = 8 = 4 ǁ ǁ 
4 4 ǁ 3 6 4 | 2 3 6 2   3 | 6 = 8 = = = = = = = = = 5 5 = 6 4 3 4 ǁ 
3 3 ǁ 1 | 2 | 2 = 4 2 - 3 2 4 2 3 = 2     1 2 - - - 3 4 = 4 1   ǁ ǁ 
2 = 7 - 6 = 7 = = = = 6 - - - - - - - - - - - - - - - - - - - 5 6 4 
  2 ǁ   ǁ 2 ǁ 2 4 5 3 ǁ       1 - - - - - - - - - - - - - - 3 3   3 
  ǁ ǁ 1 ǁ ǁ ǁ 5 8 8 6 ǁ         2                           ǁ 2   2 
4 4 ǁ | ǁ ǁ ǁ | | | 3 ǁ         ǁ                           ǁ 2   2 
3 2 6 4 ǁ ǁ ǁ | | 5 2 ǁ   1 - - 7 = = = = = = = = = = = = = 6 - - 4 
6 = 4 3 ǁ ǁ ǁ | | 6 4 ǁ         ǁ                           |     ǁ 
5     | 6 5 ǁ | | 3 2 ǁ         ǁ                           |     4 
4 3 6 2 ǁ | ǁ | | | 2 ǁ         ǁ 2             2           |     ǁ 
4 3 5 2 ǁ | ǁ | 4 | | ǁ         ǁ ǁ             ǁ           |     ǁ 
ǁ | 2 2 ǁ 3 ǁ | 3 | 3 ǁ         ǁ 4 = = = = = = 6 = = = = = 6 = = 4 
ǁ |   | ǁ 2 ǁ | 1 |   ǁ         ǁ                           |       
4 4 5 5 ǁ 5 7 6 = 5   ǁ         ǁ                           |       
| 1 | 1 ǁ 2 = 6 2 4 3 ǁ         ǁ                           |       
5 = 7 = 8 4 5 6 - 4 2 ǁ         ǁ                           |       
ǁ 1 ǁ 4 7 5 6 6 1 |   ǁ         3 1                         |       
ǁ | ǁ 2 2 3 5 4 3 |   ǁ                                     |       
6 5 6 - - - - - 4 5 = 8 = = = = = = = = = = = = = = = = = = 8 6 2   
3 3 4 = = = = = = 5 3 6 = = = = = = = = = = = = = = 4 4 = = 4 2 3 4 
