34 34
4 0 0 2 2 3 0 3 0 0 6 0 4 4 4 0 0 0 0 0 0 4 0 0 0 0 0 0 0 0 3 1 3 2 
5 0 0 0 0 0 0 0 0 0 8 0 0 0 0 0 0 0 0 0 0 0 6 0 0 0 0 0 0 0 7 5 0 2 
0 4 0 6 6 6 2 3 6 4 0 2 0 0 0 0 3 4 5 4 2 2 0 2 6 3 4 4 5 2 0 4 0 0 
0 6 0 6 3 0 0 0 0 4 0 3 2 2 3 2 0 0 0 0 3 5 0 2 0 0 2 0 6 2 0 0 0 0 
0 6 2 0 1 0 0 0 2 0 0 4 0 3 0 0 0 3 0 0 0 0 0 3 0 0 0 0 0 0 0 4 0 0 
0 4 0 0 0 0 0 0 1 0 0 0 4 0 7 4 0 1 0 0 0 4 0 0 5 0 0 6 7 3 0 0 0 0 
0 5 0 6 0 5 0 3 0 2 0 0 0 0 0 0 0 2 0 2 0 0 0 0 0 0 0 0 0 0 0 5 6 6 
0 0 2 0 0 1 0 4 4 1 0 0 0 0 5 2 0 0 0 0 0 4 0 0 0 0 0 0 0 1 0 0 1 0 
0 4 4 0 3 2 0 0 4 0 0 0 0 0 0 0 0 3 0 0 0 0 0 0 0 0 0 0 2 0 0 0 3 4 
1 0 2 0 5 4 0 5 6 3 0 0 4 0 0 0 0 0 0 0 0 4 0 0 0 0 0 0 0 0 0 0 5 4 
1 3 4 0 6 6 3 0 0 0 0 0 0 0 0 0 0 0 0 0 0 0 0 0 0 2 0 4 0 0 0 0 3 0 
0 3 4 0 2 0 0 0 0 0 0 0 0 0 0 0 0 0 0 0 0 0 0 0 0 0 0 0 0 0 0 0 5 4 
3 0 0 7 0 8 5 0 0 0 0 0 0 0 0 0 0 0 0 0 0 0 0 0 0 0 0 0 0 0 0 0 0 2 
0 2 2 0 1 0 3 0 0 3 0 0 0 0 0 0 0 0 0 5 8 4 0 0 0 0 0 0 0 0 0 0 0 0 
0 0 0 0 0 0 2 0 4 0 0 0 0 0 0 0 0 0 0 2 0 2 0 0 0 0 0 0 0 0 0 0 0 0 
0 0 0 6 6 7 3 0 0 0 0 0 0 0 2 0 0 4 6 0 6 3 0 0 0 0 0 0 0 0 0 0 6 6 
0 0 0 4 1 4 6 0 0 0 0 0 0 0 0 0 0 2 0 1 5 2 0 4 7 0 0 0 0 0 5 0 0 2 
0 0 0 4 3 4 6 0 3 0 0 0 0 0 0 0 0 2 3 0 0 0 5 5 5 2 4 4 6 4 0 0 0 1 
0 3 0 2 6 5 4 0 0 0 0 6 7 0 0 0 8 0 0 0 0 0 0 0 0 0 7 0 7 5 0 0 0 0 
0 3 0 0 0 2 0 0 0 0 0 4 0 2 4 2 0 3 0 4 3 0 5 4 2 2 0 0 0 0 0 0 0 0 
0 1 0 0 0 2 0 0 0 0 0 0 0 0 0 0 0 4 1 0 2 0 6 6 6 5 0 0 0 3 0 0 0 3 
0 4 7 0 6 3 4 0 0 0 0 4 0 3 7 5 0 3 0 8 0 4 0 0 3 3 0 0 0 0 0 0 0 0 
0 0 0 2 0 2 0 0 0 0 0 3 0 2 0 1 0 0 0 0 2 2 0 0 2 2 0 0 0 0 0 0 0 0 
0 0 2 0 0 0 0 0 0 0 0 5 7 3 2 0 6 0 0 8 7 3 3 0 3 4 0 2 8 6 0 0 0 0 
0 6 5 6 0 0 0 0 0 0 0 4 4 2 0 4 5 2 0 0 3 3 4 0 0 4 0 0 0 0 0 0 0 0 
0 3 4 4 0 0 0 0 3 0 0 4 0 4 2 0 4 6 0 7 3 4 4 0 0 0 0 0 0 0 0 0 0 0 
2 0 0 0 6 6 4 0 0 6 5 6 2 0 0 0 0 3 3 7 0 0 0 7 5 4 0 0 3 3 0 0 0 0 
3 3 4 3 0 3 3 0 0 4 4 5 0 5 3 4 0 0 0 5 3 1 0 4 3 1 0 0 0 0 0 0 0 0 
4 0 4 4 0 2 2 0 3 0 3 0 0 0 0 0 0 0 0 0 0 0 0 0 0 0 7 0 0 0 4 0 0 0 
5 4 0 0 6 0 0 4 0 0 0 0 0 0 0 0 0 0 0 0 0 0 0 0 0 0 6 3 3 2 0 0 0 0 
0 1 3 3 0 2 6 0 0 0 0 0 0 0 6 0 0 0 0 5 0 0 0 0 0 0 0 0 0 0 6 5 6 3 
5 0 5 3 0 4 6 2 3 3 2 3 0 0 7 4 2 5 2 4 0 0 0 0 0 0 0 1 2 0 4 0 3 2 
3 4 0 0 6 3 3 0 0 0 5 4 2 2 2 3 1 4 0 6 0 0 0 0 0 0 0 0 0 0 0 7 5 2 
2 4 2 2 3 2 0 0 0 0 0 0 0 0 0 0 0 0 0 6 0 0 0 0 0 0 4 4 3 0 0 3 2 1 
400 696
0 0 0 3
0 0 1 0
0 0 0 3
0 0 1 0
0 10 0 7
0 10 0 12
0 10 1 10
0 10 0 7
0 10 0 12
0 10 1 10
0 12 0 13
0 12 3 12
0 13 0 14
0 13 3 13
0 13 0 14
0 14 0 21
0 14 3 14
0 21 0 30
0 21 2 21
0 21 0 30
1 0 1 10
1 0 9 0
1 0 1 10
1 10 26 10
1 10 26 10
1 22 1 30
1 22 17 22
1 22 1 30
1 22 17 22
1 30 1 31
1 30 0 30
1 30 16 30
2 1 2 3
2 1 3 1
2 1 2 3
2 1 3 1
2 3 2 4
2 3 3 3
2 4 2 3
2 4 2 5
2 4 3 4
2 4 2 3
2 4 2 5
2 5 2 6
2 5 6 5
2 5 2 6
2 5 6 5
2 8 2 7
2 8 2 9
2 8 4 8
2 8 2 7
2 8 2 9
2 8 4 8
2 9 3 9
2 11 3 11
2 18 2 17
2 18 2 19
2 18 15 18
2 24 2 23
2 24 2 25
2 24 5 24
2 24 2 23
2 24 2 25
2 24 5 24
2 28 2 27
2 28 2 29
2 28 3 28
2 31 1 31
2 31 4 31
2 31 1 31
2 31 4 31
3 1 3 3
3 1 4 1
3 3 3 1
3 3 3 4
3 3 6 3
3 3 3 4
3 9 2 9
3 9 6 9
3 9 6 9
3 21 3 20
3 21 2 21
3 21 5 21
3 23 4 23
4 1 4 2
4 1 3 1
4 1 5 1
4 4 8 4
4 31 6 31
5 1 4 1
5 1 6 1
5 1 4 1
5 8 7 8
5 14 5 12
5 14 5 15
5 14 3 14
5 14 7 14
5 21 3 21
5 21 7 21
5 21 7 21
5 28 5 27
5 28 5 29
5 28 3 28
5 28 8 28
6 1 6 3
6 1 8 1
6 3 6 1
6 3 12 3
6 3 12 3
6 33 6 32
6 33 1 33
6 33 8 33
6 33 6 32
6 33 1 33
6 33 8 33
7 2 8 2
7 21 9 21
8 33 8 32
8 33 9 33
9 4 9 5
9 4 8 4
9 4 10 4
9 12 5 12
9 12 18 12
9 12 5 12
9 12 18 12
9 21 7 21
9 21 13 21
9 21 13 21
9 32 9 33
9 32 8 32
9 32 10 32
9 33 9 32
9 33 11 33
10 4 10 5
10 4 9 4
10 4 11 4
10 4 10 5
10 4 9 4
10 5 10 6
10 5 9 5
10 5 12 5
10 5 10 6
10 6 12 6
11 4 13 4
11 32 11 33
11 32 10 32
11 32 15 32
11 33 11 32
11 33 12 33
12 6 12 5
12 6 13 6
12 6 12 5
12 6 13 6
12 33 15 33
13 19 13 20
13 19 6 19
13 19 14 19
13 20 13 19
13 20 13 21
13 20 3 20
13 20 15 20
13 20 13 19
13 20 13 21
13 20 3 20
14 19 16 19
14 21 15 21
15 3 15 4
15 3 12 3
15 3 16 3
15 3 15 4
15 3 12 3
15 3 16 3
15 4 15 5
15 4 16 4
15 4 15 5
15 4 15 5
15 18 15 17
15 18 2 18
15 18 17 18
15 18 15 17
15 18 17 18
15 32 15 33
15 32 11 32
15 32 30 32
15 32 15 33
15 32 30 32
15 33 16 33
16 3 17 3
16 3 17 3
16 6 16 5
16 6 15 6
16 6 17 6
16 6 16 5
16 6 15 6
16 6 17 6
16 20 16 21
16 20 15 20
16 20 19 20
16 24 16 23
16 24 16 30
16 24 5 24
16 24 17 24
17 3 17 4
17 3 18 3
17 6 17 5
17 6 17 8
17 6 18 6
17 6 17 5
17 28 17 27
17 28 17 29
17 28 18 28
17 28 17 27
17 28 17 29
17 28 18 28
17 29 18 29
18 6 18 5
18 6 21 6
18 6 18 5
18 11 18 12
18 11 4 11
18 11 19 11
18 11 18 12
18 11 4 11
18 11 19 11
18 16 18 12
18 16 2 16
18 16 23 16
18 16 18 12
18 16 2 16
18 16 23 16
18 28 18 26
18 28 18 29
18 28 23 28
19 11 19 13
19 11 21 11
20 25 20 24
20 25 19 25
20 25 21 25
21 2 21 1
21 2 21 4
21 2 13 2
21 2 23 2
21 6 21 5
21 6 26 6
21 6 21 5
21 11 21 13
21 11 22 11
21 11 21 13
21 14 21 13
21 14 21 15
21 14 19 14
21 14 23 14
21 19 21 17
21 19 21 21
21 19 19 19
21 19 23 19
21 19 21 17
21 19 21 21
21 19 19 19
21 19 23 19
23 11 23 12
23 11 22 11
23 11 24 11
23 12 23 11
23 12 23 13
23 12 24 12
23 12 23 11
23 12 23 13
23 12 24 12
23 16 23 14
23 16 23 19
23 16 24 16
23 16 23 19
23 19 23 20
23 19 25 19
23 28 23 27
23 28 23 29
23 28 18 28
23 28 26 28
23 29 23 28
23 29 20 29
23 29 26 29
23 29 23 28
23 29 20 29
24 1 24 2
24 1 21 1
24 1 25 1
24 1 24 2
24 1 21 1
24 1 25 1
24 3 24 2
24 3 22 3
24 3 25 3
24 3 24 2
24 3 22 3
24 3 25 3
24 11 24 12
24 11 25 11
24 11 24 12
25 3 25 2
25 3 27 3
25 11 25 13
25 11 26 11
25 11 25 13
25 22 25 21
25 22 24 22
25 22 25 21
25 22 24 22
26 4 26 5
26 4 21 4
26 4 29 4
26 4 26 5
26 4 21 4
26 4 29 4
26 5 26 6
26 5 22 5
26 5 27 5
26 5 26 6
26 6 26 9
26 9 26 10
26 9 13 9
26 9 27 9
26 9 26 10
26 9 13 9
26 11 26 10
26 11 26 12
26 11 27 11
26 11 26 12
26 11 27 11
26 19 26 18
26 19 26 23
26 19 25 19
26 19 27 19
28 26 28 10
28 26 28 30
28 26 18 26
28 26 29 26
29 0 29 1
29 0 28 0
29 0 31 0
29 4 29 1
29 4 29 7
29 4 32 4
29 4 29 1
29 7 29 26
29 7 31 7
29 7 29 26
29 26 29 27
29 26 28 26
29 26 33 26
29 29 29 28
30 30 30 31
30 30 28 30
30 30 31 30
30 30 30 31
30 30 28 30
30 30 31 30
30 32 30 31
30 32 30 33
30 32 31 32
30 32 30 31
31 14 31 11
31 14 31 15
31 14 30 14
31 14 32 14
31 17 31 16
31 17 31 18
31 17 32 17
31 30 31 28
31 30 31 32
32 4 32 1
32 4 32 5
32 4 33 4
32 4 32 1
32 4 32 5
32 10 32 6
32 10 32 11
32 10 31 10
32 19 32 17
32 19 31 19
32 19 33 19
32 19 32 17
32 19 31 19
32 19 33 19
33 19 33 5
33 19 33 26
33 26 33 19
33 26 33 27
33 27 33 28
33 27 31 27
33 27 33 28
0 4 0 5
0 5 0 4
0 5 0 7
0 33 0 32
0 33 0 32
1 30 1 31
1 30 16 30
1 31 0 31
2 7 6 7
2 11 3 11
2 16 2 17
2 17 2 18
2 17 4 17
2 19 2 20
2 19 6 19
2 19 2 20
3 23 4 23
4 11 4 13
4 11 3 11
4 13 3 13
4 17 5 17
4 23 16 23
4 31 6 31
5 12 5 14
6 1 8 1
6 17 8 17
6 32 6 31
6 32 0 32
6 32 7 32
6 32 6 31
7 2 8 2
7 29 5 29
8 1 8 2
8 1 10 1
8 2 9 2
8 4 8 5
8 28 5 28
8 32 9 32
9 2 10 2
9 5 9 7
9 5 8 5
9 7 9 8
9 7 7 7
9 7 9 8
9 7 7 7
9 8 9 9
9 8 8 8
9 8 14 8
9 8 9 9
10 2 10 1
10 2 11 2
10 2 10 1
10 27 10 25
10 27 5 27
10 27 10 25
10 27 5 27
11 2 11 1
11 2 13 2
11 2 11 1
12 5 15 5
13 6 14 6
13 9 9 9
14 8 14 6
14 8 17 8
14 8 17 8
14 21 15 21
15 6 15 5
15 14 7 14
15 17 8 17
15 17 16 17
15 20 15 21
15 20 16 20
15 20 16 20
15 33 16 33
16 5 15 5
16 5 17 5
16 17 17 17
16 21 21 21
16 23 16 24
16 23 17 23
17 5 17 4
17 27 17 26
17 29 18 29
17 33 20 33
18 3 18 4
18 4 18 5
18 4 17 4
18 4 21 4
18 4 18 5
18 4 21 4
18 5 19 5
18 26 18 28
18 26 17 26
18 26 28 26
18 26 17 26
18 29 20 29
19 5 20 5
19 13 19 14
19 14 19 15
19 14 21 14
19 15 21 15
19 19 19 17
19 19 19 20
19 20 20 20
19 22 19 23
19 22 17 22
19 22 20 22
20 5 21 5
20 18 20 17
20 22 20 23
20 22 19 22
20 22 23 22
20 22 20 23
20 22 19 22
20 23 20 24
20 23 19 23
20 23 26 23
20 23 20 24
20 24 20 25
20 24 19 24
20 24 21 24
20 33 30 33
21 1 21 2
21 2 21 4
21 2 23 2
21 14 21 15
21 15 21 14
21 15 22 15
21 17 20 17
21 21 22 21
22 11 22 13
22 13 23 13
23 19 23 20
23 19 25 19
23 20 23 21
23 20 22 20
23 20 24 20
23 27 23 28
24 2 25 2
24 22 24 21
24 22 23 22
24 25 23 25
24 25 26 25
24 25 23 25
24 25 26 25
25 2 25 1
25 2 27 2
25 21 25 20
25 21 24 21
26 23 26 19
26 23 26 24
26 23 27 23
26 25 26 24
26 25 27 25
26 28 26 29
26 29 26 28
27 9 27 6
27 9 27 10
27 9 27 6
27 10 27 11
27 10 28 10
27 10 27 11
27 11 27 13
27 13 27 14
27 13 25 13
27 13 27 14
27 13 25 13
28 3 28 2
28 3 27 3
28 3 28 2
28 3 27 3
28 30 28 26
29 27 29 28
29 29 29 28
30 31 6 31
31 2 31 0
31 2 31 3
31 2 30 2
31 19 31 18
31 19 30 19
31 28 33 28
32 1 32 0
32 1 33 1
32 17 32 16
33 1 33 0
33 1 33 2
33 1 33 0
33 2 33 3
33 3 33 4
33 4 33 5
2 25 2 26
2 26 2 27
2 26 3 26
2 26 2 27
2 27 2 28
3 26 3 28
3 28 3 29
3 28 2 28
3 28 5 28
5 27 5 24
5 27 5 28
5 27 5 24
5 29 3 29
6 17 8 17
7 9 7 8
8 8 7 8
10 0 12 0
11 1 13 1
12 0 26 0
12 5 15 5
13 1 18 1
15 14 7 14
16 24 16 30
16 24 17 24
17 18 17 17
17 22 17 23
17 27 17 26
18 1 19 1
19 1 18 1
19 1 20 1
19 17 20 17
19 23 19 24
19 23 17 23
20 17 19 17
20 33 30 33
23 22 23 21
23 25 23 24
23 25 22 25
24 13 24 15
24 13 24 15
24 15 24 16
24 15 27 15
25 14 27 14
25 16 25 17
25 16 24 16
25 16 25 17
25 16 24 16
25 17 25 19
25 17 24 17
25 17 26 17
25 17 25 19
26 17 26 18
26 23 26 24
26 23 27 23
27 2 27 1
27 2 28 2
27 2 27 1
27 15 27 19
27 23 27 21
27 23 27 24
27 24 26 24
27 24 26 24
28 2 28 0
28 10 28 8
29 1 29 0
30 1 30 2
30 19 30 14
31 17 31 16
32 0 31 0
32 0 31 0
7 8 7 7
12 0 26 0
17 22 17 23
17 23 17 24
17 24 17 25
17 24 17 25
19 25 20 25
23 24 22 24
24 16 24 17
26 17 26 18
26 19 25 19
26 19 27 19
27 1 27 0
27 15 27 19
27 19 27 20
28 0 27 0
28 0 29 0
28 8 28 6
30 14 30 19
30 14 31 14
30 14 31 14
30 14 31 14
31 0 31 2
31 15 32 15
7 7 7 5
23 24 22 24
25 19 25 20
25 20 24 20
28 8 28 6
31 15 32 15
6 5 6 7
6 7 6 5
21 24 21 25
22 25 21 25
27 6 27 5
28 5 27 5
31 15 32 15
32 14 32 13
32 13 32 12
32 12 32 11
32 11 32 10
32 11 31 11
31 11 31 10
32 10 32 6

4642

4 = = 2 2 3 - 3 = = 6 = 4 4 4 - - - - - - 4 = = = = = = = = 3 1 3 2 
5 = = = = = = = = = 8   | | |             | 6 = = = = = = = 7 5 | 2 
| 4 = 6 6 6 2 3 6 4 ǁ 2 | | |   3 4 5 4 2 2 ǁ 2 6 3 4 4 5 2 ǁ 4 | ǁ 
| 6 = 6 3 ǁ   | ǁ 4 ǁ 3 2 2 3 2 ǁ | ǁ | 3 5 ǁ 2 ǁ   2 - 6 2 ǁ ǁ | ǁ 
| 6 2 | 1 ǁ   | 2 ǁ ǁ 4 - 3 |   ǁ 3 ǁ | ǁ ǁ ǁ 3 ǁ       ǁ | ǁ 4 | ǁ 
| 4   | | ǁ   | 1 ǁ ǁ ǁ 4 = 7 4 ǁ 1 ǁ | ǁ 4 ǁ | 5 = = 6 7 3 ǁ ǁ | ǁ 
| 5 = 6 | 5 = 3 | 2 ǁ ǁ ǁ   |   ǁ 2 ǁ 2 ǁ ǁ ǁ | |     ǁ ǁ | ǁ 5 6 6 
| ǁ 2 ǁ | 1 - 4 4 1 ǁ ǁ ǁ   5 2 ǁ ǁ ǁ | ǁ 4 ǁ | |     ǁ ǁ 1 ǁ | 1 ǁ 
| 4 4 ǁ 3 2   ǁ 4   ǁ ǁ ǁ   ǁ   ǁ 3 ǁ | ǁ ǁ ǁ | |     ǁ 2   ǁ | 3 4 
1 | 2 ǁ 5 4 - 5 6 3 ǁ ǁ 4   ǁ   ǁ | ǁ | ǁ 4 ǁ | |     ǁ     ǁ | 5 4 
1 3 4 ǁ 6 6 3   | | ǁ ǁ ǁ   ǁ   ǁ | ǁ | ǁ ǁ ǁ | | 2 = 4     ǁ | 3 | 
| 3 4 ǁ 2 | |   | | ǁ ǁ ǁ   ǁ   ǁ | ǁ | ǁ ǁ ǁ | |           ǁ | 5 4 
3 | | 7 | 8 5   | | ǁ ǁ ǁ   ǁ   ǁ | ǁ | ǁ ǁ ǁ | |           ǁ | ǁ 2 
ǁ 2 2 ǁ 1 ǁ 3   | 3 ǁ ǁ ǁ   ǁ   ǁ | ǁ 5 8 4 ǁ | |           ǁ | ǁ | 
ǁ | | ǁ   ǁ 2 - 4 ǁ ǁ ǁ ǁ   ǁ   ǁ | ǁ 2 | 2 ǁ | |           ǁ | ǁ | 
ǁ | | 6 6 7 3   ǁ ǁ ǁ ǁ ǁ   2   ǁ 4 6 | 6 3 ǁ | |           ǁ | 6 6 
ǁ | | 4 1 4 6   ǁ ǁ ǁ ǁ ǁ       ǁ 2 ǁ 1 5 2 ǁ 4 7 = = = = = 5 | ǁ 2 
ǁ | | 4 3 4 6 - 3 ǁ ǁ ǁ ǁ       ǁ 2 3   | | 5 5 5 2 4 4 6 4   | ǁ 1 
ǁ 3 | 2 6 5 4     ǁ ǁ 6 7 = = = 8       | | | |     7 = 7 5   | ǁ | 
ǁ 3 |   ǁ 2 |     ǁ ǁ 4 - 2 4 2 ǁ 3 - 4 3 | 5 4 2 2 ǁ   ǁ |   | ǁ | 
ǁ 1 |   ǁ 2 |     ǁ ǁ |     ǁ | ǁ 4 1 ǁ 2 | 6 6 6 5 ǁ   ǁ 3   | ǁ 3 
ǁ 4 7 = 6 3 4     ǁ ǁ 4 = 3 7 5 ǁ 3 = 8 = 4 | | 3 3 ǁ   ǁ ǁ   | ǁ ǁ 
ǁ ǁ ǁ 2 ǁ 2 |     ǁ ǁ 3 - 2 | 1 ǁ     ǁ 2 2 | | 2 2 ǁ   ǁ ǁ   | ǁ ǁ 
ǁ ǁ 2 ǁ ǁ | |     ǁ ǁ 5 7 3 2 - 6 = = 8 7 3 3 | 3 4 ǁ 2 8 6   | ǁ ǁ 
ǁ 6 5 6 ǁ | |     ǁ ǁ 4 4 2 = 4 5 2   ǁ 3 3 4 |   4 ǁ   | |   | ǁ ǁ 
ǁ 3 4 4 ǁ | |   3 ǁ ǁ 4 = 4 2 | 4 6 = 7 3 4 4 |   ǁ ǁ   | |   | ǁ ǁ 
2   | | 6 6 4 - - 6 5 6 2 ǁ | |   3 3 7 = = = 7 5 4 ǁ   3 3   | ǁ ǁ 
3 3 4 3 ǁ 3 3 = = 4 4 5 - 5 3 4 = = = 5 3 1 - 4 3 1 ǁ         | ǁ ǁ 
4 - 4 4 ǁ 2 2 = 3 - 3 - - - - - - - - - - - - - - - 7 = = = 4 | ǁ ǁ 
5 4 = = 6 - - 4 = = = = = = = = = = = = = = = = = = 6 3 3 2 ǁ | ǁ ǁ 
| 1 3 3 | 2 6 |             6 = = = = 5             |       6 5 6 3 
5 = 5 3 | 4 6 2 3 3 2 3 - - 7 4 2 5 2 4             | 1 2 - 4 - 3 2 
3 4 = = 6 3 3 = = = 5 4 2 2 2 3 1 4 = 6             | | |     7 5 2 
2 4 2 2 3 2 - - - - - - - - - - - - - 6 = = = = = = 4 4 3     3 2 1 
