34 34
2 3 0 3 2 4 0 0 0 0 0 0 0 0 0 0 0 0 0 0 0 0 0 0 0 4 1 0 5 3 1 1 0 3 
3 3 0 5 0 0 0 0 0 0 0 0 0 0 0 0 0 0 0 0 0 0 0 0 0 6 2 3 7 5 3 0 0 5 
0 4 4 0 1 4 4 4 0 0 0 0 0 0 0 0 0 0 0 0 0 0 6 4 2 0 2 0 0 6 4 3 4 0 
4 7 4 0 0 4 0 0 5 0 3 0 0 4 2 1 4 3 0 0 0 0 0 6 6 0 0 3 0 4 0 3 0 0 
0 3 2 0 0 1 0 0 7 0 0 6 0 0 0 5 4 0 0 0 0 0 0 0 0 5 2 0 0 3 0 0 0 0 
4 0 0 5 6 0 6 2 0 3 0 6 0 0 0 0 0 3 0 2 0 0 0 4 3 6 3 5 0 4 7 7 6 0 
4 4 2 0 3 0 3 1 0 3 0 4 0 0 0 0 0 0 0 2 0 0 0 4 0 5 3 3 0 2 0 1 0 0 
0 0 0 0 4 0 0 0 6 0 0 0 0 0 0 0 0 0 0 0 0 0 7 0 0 0 0 0 5 0 6 0 3 0 
0 0 0 0 0 1 2 1 0 3 0 0 0 6 2 4 4 0 5 0 4 3 0 0 0 0 0 0 0 1 0 2 2 0 
0 0 0 0 0 0 0 0 0 3 0 4 4 0 3 8 4 0 3 4 6 4 0 0 0 0 0 0 0 4 7 5 0 0 
0 0 0 0 5 0 7 3 0 0 0 0 4 0 0 0 5 2 0 2 0 1 0 0 0 0 0 0 0 0 0 5 6 0 
0 2 1 0 0 4 4 0 0 4 0 8 4 0 0 0 6 0 6 0 5 0 0 0 0 0 0 0 0 2 6 6 0 0 
0 0 0 0 0 6 0 0 5 1 0 6 4 0 0 0 0 0 0 0 0 1 0 0 0 0 0 0 0 1 0 4 0 0 
0 0 0 0 0 4 4 2 4 0 0 3 2 0 0 0 6 0 7 1 0 0 0 0 0 0 0 0 0 4 6 5 0 0 
0 0 0 0 4 0 0 0 0 0 0 0 0 5 2 0 3 0 3 0 0 0 0 3 0 0 0 0 5 4 6 2 0 0 
0 0 0 0 3 0 0 0 0 0 0 0 0 0 0 5 0 0 0 0 5 3 0 4 4 4 0 0 4 1 4 1 0 0 
5 0 0 8 0 0 0 0 0 0 0 0 0 0 0 0 0 0 0 0 0 0 6 0 0 0 0 0 0 0 0 0 7 4 
0 3 0 8 0 5 0 0 0 0 0 0 0 0 0 0 0 0 0 0 0 0 0 0 6 0 0 0 0 0 5 2 0 0 
0 3 2 0 1 0 1 5 3 3 0 0 0 0 6 0 0 0 0 5 0 0 2 2 0 4 6 4 0 4 2 3 0 0 
0 3 3 0 0 0 0 0 0 2 0 0 0 0 0 3 0 3 2 0 2 0 2 5 0 2 0 0 0 0 2 0 0 4 
0 0 0 0 0 0 2 0 0 0 0 0 0 0 0 0 0 3 0 0 5 0 3 3 0 4 8 0 0 6 0 0 0 4 
0 0 0 0 0 0 0 0 1 7 0 2 0 0 0 0 0 0 0 0 0 0 0 0 0 3 5 4 4 0 0 2 0 0 
0 0 0 0 2 0 0 0 0 0 0 0 0 0 0 4 0 6 2 0 0 0 0 0 0 2 3 1 2 0 0 2 0 0 
0 0 2 0 0 0 6 7 0 6 0 0 0 0 5 5 3 0 0 0 5 0 0 0 7 0 0 0 0 8 8 6 0 3 
0 0 2 0 0 0 2 4 3 0 0 0 0 0 0 3 0 0 0 0 3 2 0 0 7 0 0 0 5 5 7 5 0 0 
6 7 5 0 0 0 0 0 0 0 1 0 0 0 2 0 0 0 0 0 3 3 1 0 4 0 0 2 2 1 3 1 0 0 
0 0 4 0 0 0 0 3 0 5 0 0 0 0 2 2 0 0 3 6 0 0 0 0 0 0 0 0 0 0 0 0 8 5 
0 5 3 0 0 0 0 2 2 4 0 0 0 0 0 0 2 0 4 0 2 4 0 2 1 2 0 1 0 0 0 0 3 0 
0 0 2 0 0 0 0 0 0 2 0 0 0 0 0 0 0 0 0 0 2 8 4 0 4 6 0 0 0 0 0 5 4 0 
0 5 6 0 3 6 0 0 0 0 0 0 0 0 0 0 0 6 4 0 2 0 2 0 2 1 0 0 0 0 1 0 0 0 
0 4 5 0 2 8 0 0 0 0 0 0 0 4 0 2 0 6 2 4 5 8 0 8 0 0 0 0 0 0 7 4 3 0 
5 4 2 6 4 6 3 3 0 0 0 0 0 3 0 3 2 3 4 5 2 2 0 0 2 0 4 0 4 4 4 0 0 2 
1 1 0 6 0 0 0 5 0 0 0 0 0 0 0 0 0 0 0 0 0 0 0 7 0 0 0 0 7 7 0 3 0 2 
1 0 0 5 0 0 0 0 0 0 0 0 0 4 0 0 0 4 2 2 3 0 0 5 0 2 2 0 5 4 0 0 4 3 
400 720
0 28 0 26
0 28 0 29
0 28 1 28
0 33 0 31
0 33 1 33
0 33 1 33
2 22 2 7
2 22 2 23
2 22 7 22
2 22 2 7
2 22 2 23
2 22 7 22
2 23 2 24
2 23 3 23
2 32 2 31
2 32 5 32
2 32 2 31
2 32 5 32
3 1 3 0
3 1 3 2
3 1 2 1
3 1 4 1
3 8 3 5
3 8 3 10
3 8 4 8
4 8 4 5
4 8 4 11
4 8 3 8
4 8 7 8
4 11 4 8
4 11 4 15
4 11 5 11
4 25 4 26
4 25 1 25
4 25 5 25
5 6 5 4
5 6 5 7
5 6 6 6
5 6 5 4
5 6 5 7
5 6 6 6
5 30 5 29
5 30 5 31
5 30 2 30
5 30 7 30
5 31 5 30
5 31 5 32
5 31 3 31
5 31 6 31
5 32 5 31
5 32 7 32
7 22 7 8
7 22 7 28
7 22 16 22
8 13 8 9
8 13 8 14
8 13 14 13
8 13 8 9
8 13 8 14
8 13 14 13
8 15 8 16
8 15 9 15
8 15 8 16
8 15 9 15
8 16 8 18
8 16 9 16
8 18 8 20
8 18 9 18
9 12 9 11
9 12 10 12
9 12 9 11
9 12 10 12
9 15 9 14
9 15 9 16
9 15 15 15
9 30 9 29
9 30 9 31
9 30 7 30
9 30 11 30
10 4 10 6
10 4 7 4
10 4 14 4
10 12 10 7
10 12 11 12
10 16 10 17
10 16 9 16
10 16 11 16
10 31 10 32
10 31 9 31
10 31 11 31
10 32 10 31
10 32 8 32
10 32 16 32
10 32 10 31
10 32 8 32
11 5 11 6
11 5 12 5
11 5 11 6
11 5 12 5
11 11 11 9
11 11 11 12
11 11 12 11
11 11 11 9
11 11 11 12
11 11 12 11
11 12 11 11
11 16 11 18
11 16 10 16
11 16 13 16
11 16 11 18
11 16 10 16
11 18 11 20
11 18 9 18
11 18 13 18
11 18 11 20
12 5 12 8
12 5 13 5
12 12 12 11
12 12 13 12
12 12 12 11
12 12 13 12
13 18 13 16
13 18 13 19
13 18 14 18
13 18 13 16
13 18 14 18
13 18 14 18
13 31 13 30
13 31 12 31
13 31 14 31
16 0 16 3
16 0 6 0
16 0 25 0
16 3 16 0
16 3 16 22
16 3 5 3
16 3 17 3
16 32 16 22
16 32 16 33
16 32 26 32
17 3 17 1
17 3 17 5
17 3 16 3
17 3 31 3
17 3 17 1
17 3 17 5
17 3 16 3
17 24 17 5
17 24 17 30
17 24 23 24
17 24 17 5
17 24 17 30
17 24 23 24
18 7 18 6
18 7 18 8
18 7 23 7
18 14 18 9
18 14 18 19
18 14 23 14
18 14 18 9
18 14 18 19
18 14 23 14
18 25 18 26
18 25 19 25
18 25 18 26
18 25 19 25
18 26 18 27
18 26 20 26
18 26 18 27
18 26 20 26
18 27 18 29
18 27 21 27
18 29 18 30
18 29 20 29
18 29 18 30
19 23 19 22
19 23 18 23
19 23 20 23
19 30 23 30
19 33 16 33
19 33 20 33
19 33 16 33
19 33 20 33
20 6 23 6
20 25 20 26
20 25 21 25
20 25 20 26
20 25 21 25
20 26 21 26
20 26 21 26
20 29 23 29
20 33 23 33
21 9 21 8
21 9 21 11
21 9 19 9
21 9 23 9
21 11 21 9
21 28 21 27
21 28 22 28
21 28 21 27
21 28 22 28
23 6 23 7
23 6 20 6
23 6 24 6
23 6 23 7
23 6 24 6
23 24 23 20
23 24 23 29
23 24 24 24
23 29 23 24
23 29 23 30
23 29 20 29
23 29 24 29
23 30 23 29
23 30 23 31
23 30 19 30
23 30 24 30
23 31 23 30
23 31 22 31
23 31 24 31
23 31 23 30
23 31 22 31
24 28 24 24
24 28 24 29
24 28 25 28
24 30 24 29
24 30 24 31
24 30 25 30
25 0 25 1
25 0 16 0
25 0 31 0
25 2 25 1
25 2 24 2
25 2 26 2
25 10 25 14
26 2 25 2
26 2 27 2
26 2 25 2
26 32 26 19
26 32 26 33
26 32 16 32
26 32 27 32
27 1 27 2
27 1 25 1
27 1 29 1
28 21 28 20
28 21 28 22
28 21 27 21
28 21 30 21
28 21 28 20
28 21 28 22
28 21 27 21
28 21 30 21
28 22 28 24
28 22 29 22
28 31 28 25
28 31 28 32
28 31 30 31
29 2 29 1
29 2 28 2
29 2 30 2
29 2 29 1
29 2 28 2
29 2 30 2
29 22 29 24
30 5 30 4
30 5 30 13
30 5 29 5
30 5 31 5
30 5 30 4
30 5 30 13
30 5 29 5
30 5 31 5
30 13 30 15
30 13 31 13
30 21 30 20
30 21 30 23
30 21 31 21
30 23 30 21
30 23 30 30
30 23 32 23
30 23 30 30
30 23 32 23
30 30 30 31
30 30 29 30
30 30 31 30
31 0 31 1
31 0 25 0
31 0 32 0
31 0 31 1
31 3 31 2
31 3 31 4
31 3 32 3
31 3 31 2
31 3 31 4
31 4 31 5
31 4 31 5
31 5 31 6
31 5 31 6
31 6 31 7
31 24 31 26
32 3 32 1
32 3 32 7
32 3 33 3
32 23 32 7
32 23 32 28
32 23 33 23
32 29 32 28
32 29 32 31
32 29 31 29
32 29 33 29
33 0 33 3
33 3 33 13
33 3 32 3
33 13 33 3
33 13 33 17
33 13 33 17
33 17 33 18
33 28 33 26
33 28 33 29
33 28 32 28
0 25 0 5
0 25 1 25
0 25 0 5
0 25 1 25
0 28 0 29
0 28 1 28
1 25 1 3
1 25 1 26
1 25 4 25
1 28 1 27
1 28 1 29
1 28 7 28
2 6 2 5
2 6 2 7
2 6 2 5
2 6 2 7
2 24 3 24
2 26 1 26
2 26 4 26
2 29 2 30
2 29 1 29
2 29 3 29
2 29 2 30
2 29 1 29
2 29 3 29
3 13 3 10
3 13 3 14
3 13 3 10
3 13 3 14
3 29 4 29
3 31 2 31
3 31 5 31
4 8 3 8
4 11 4 15
4 11 5 11
4 16 4 15
4 16 3 16
4 16 4 15
4 16 3 16
4 25 5 25
5 4 5 3
5 4 2 4
5 4 6 4
5 4 5 3
5 11 5 9
5 11 5 17
5 11 6 11
5 11 5 9
5 25 5 24
5 25 5 26
5 25 6 25
5 25 5 24
5 27 5 26
5 27 3 27
5 27 6 27
5 32 7 32
6 0 6 1
6 0 5 0
6 0 6 1
6 11 6 9
6 11 6 19
6 11 6 9
6 19 5 19
6 23 6 25
6 23 5 23
6 23 6 25
6 23 5 23
6 25 6 26
7 8 7 4
7 8 7 22
7 8 7 4
7 32 7 30
8 5 8 6
8 18 8 20
8 18 9 18
8 20 8 21
8 20 9 20
8 21 9 21
8 31 9 31
9 11 9 9
9 15 9 14
9 15 9 16
9 15 15 15
9 19 9 20
9 19 10 19
9 19 9 20
9 19 10 19
9 31 9 30
9 31 8 31
11 6 11 9
11 6 10 6
11 9 12 9
11 11 12 11
12 5 12 8
12 5 13 5
12 8 13 8
12 11 13 11
13 5 13 6
13 6 13 5
13 6 13 7
13 6 13 7
13 8 13 11
13 8 12 8
13 8 13 11
13 16 14 16
14 16 13 16
15 20 15 15
15 20 15 21
15 20 11 20
15 23 15 24
15 23 14 23
15 23 15 24
15 23 14 23
15 24 15 25
15 25 15 24
15 25 15 28
15 25 15 28
15 28 15 29
15 28 14 28
15 30 15 31
15 30 14 30
15 30 14 30
15 30 14 30
16 22 16 3
16 22 16 32
16 22 7 22
16 32 16 33
17 1 18 1
17 5 29 5
17 30 17 31
18 4 22 4
20 26 21 26
20 26 21 26
20 33 23 33
21 9 19 9
21 9 23 9
21 27 21 26
21 31 18 31
22 4 29 4
22 27 22 26
23 9 23 7
23 9 23 14
23 9 26 9
23 9 23 7
23 29 24 29
23 33 26 33
24 2 23 2
24 30 24 29
24 30 24 31
24 30 25 30
24 31 25 31
25 0 25 1
25 1 19 1
25 1 27 1
25 1 19 1
25 30 25 29
26 32 26 19
26 32 26 33
26 32 27 32
26 33 31 33
26 33 31 33
27 2 27 1
27 21 27 20
27 21 27 23
27 23 27 24
28 9 27 9
28 24 28 25
28 24 29 24
28 24 28 25
28 25 28 31
28 25 27 25
28 25 29 25
29 1 30 1
29 1 30 1
29 4 29 5
30 1 30 2
30 1 31 1
30 21 30 20
30 21 31 21
30 30 30 31
30 30 31 30
31 19 31 18
31 19 31 20
31 19 30 19
31 24 31 26
31 26 31 28
31 30 31 29
31 30 31 29
32 3 32 7
33 17 33 18
33 19 33 20
0 5 0 4
1 33 1 30
2 2 2 1
2 2 3 2
2 2 2 1
2 2 3 2
2 5 3 5
2 30 1 30
3 2 3 1
3 5 2 5
3 16 3 15
3 16 3 17
3 17 5 17
3 29 4 29
4 29 5 29
5 0 5 3
5 0 3 0
5 0 5 3
5 9 6 9
5 19 5 17
5 23 5 24
5 23 3 23
5 29 5 30
5 29 6 29
5 30 7 30
6 1 6 2
6 1 11 1
6 2 11 2
6 4 6 6
6 4 7 4
6 25 6 26
6 29 8 29
7 30 9 30
8 21 9 21
9 9 9 11
9 9 8 9
9 14 14 14
9 21 9 20
9 21 10 21
9 29 9 30
9 29 11 29
9 29 11 29
10 4 10 6
10 4 14 4
10 6 10 7
10 6 8 6
10 6 10 7
12 21 15 21
13 16 14 16
14 4 14 13
14 4 15 4
14 13 14 14
14 23 14 28
14 30 14 29
14 30 14 31
14 30 13 30
15 4 15 15
15 21 15 20
17 30 17 31
18 9 18 8
18 31 21 31
21 25 22 25
22 25 22 26
23 2 19 2
24 28 24 24
24 28 25 28
25 27 25 24
26 19 26 18
26 19 18 19
26 19 30 19
26 19 26 18
27 25 27 27
27 32 28 32
28 9 27 9
28 32 28 31
28 32 30 32
29 4 29 5
29 5 29 17
29 17 29 18
29 17 22 17
29 17 30 17
29 17 29 18
29 17 22 17
29 18 27 18
29 18 30 18
29 20 30 20
30 17 30 15
30 17 30 18
30 17 31 17
30 17 31 17
30 17 31 17
30 19 30 20
30 19 31 19
30 31 30 32
30 32 33 32
31 16 31 15
31 18 31 19
31 20 30 20
31 26 31 28
31 28 31 29
31 28 32 28
32 28 32 23
32 28 32 29
32 28 33 28
32 29 32 31
32 29 33 29
32 33 33 33
33 19 33 20
33 20 33 23
33 23 33 25
33 23 32 23
33 23 33 25
33 26 33 28
33 29 33 32
33 32 33 33
33 32 33 33
0 5 0 4
1 3 1 1
1 3 0 3
1 33 1 30
2 1 1 1
3 0 3 1
3 0 1 0
3 1 4 1
3 23 3 24
3 23 3 24
3 24 3 23
4 1 4 2
9 20 11 20
9 20 11 20
13 30 13 29
13 30 13 31
13 30 11 30
13 30 13 29
13 31 12 31
14 29 14 28
14 29 13 29
14 29 14 28
15 4 15 15
18 8 18 7
18 19 18 22
18 19 18 22
18 23 19 23
20 20 20 22
20 20 19 20
20 20 23 20
22 17 22 15
22 17 22 18
22 17 20 17
22 17 22 15
25 27 25 24
27 18 26 18
31 16 31 15
32 7 31 7
32 7 31 7
0 30 0 29
1 3 1 1
1 3 0 3
1 29 1 28
3 23 3 24
11 30 11 31
11 31 11 30
11 31 12 31
11 31 11 30
11 31 12 31
12 29 13 29
14 28 7 28
18 7 23 7
20 17 19 17
22 15 19 15
22 15 23 15
22 18 19 18
23 7 24 7
24 7 24 8
24 7 26 7
24 7 24 8
24 8 27 8
25 24 25 22
25 24 24 24
26 7 27 7
26 9 26 14
26 9 27 9
26 9 26 14
26 9 27 9
26 15 24 15
27 8 27 7
27 16 23 16
31 13 31 15
0 3 0 1
1 0 0 0
1 0 0 0
1 29 1 28
19 15 19 17
19 18 19 17
24 24 24 21
24 24 23 24
24 24 24 21
25 14 23 14
25 21 25 20
26 15 24 15
27 16 23 16
1 27 3 27
1 27 3 27
23 14 23 15
23 16 23 15
24 15 23 15
25 21 25 20
25 21 25 20

4426

2 3 - 3 2 4 = = = = = = = = = = = = = = = = = = = 4 1 - 5 3 1 1 - 3 
3 3 = 5 - - - - - - - - - - - - - - - - - - - - - 6 2 3 7 5 3 = = 5 
| 4 4   1 4 4 4 = = = = = = = = = = = = = = 6 4 2 ǁ 2 ǁ | 6 4 3 4   
4 7 4   | 4 - - 5 - 3 = = 4 2 1 4 3         ǁ 6 6 ǁ | 3 | 4 | 3 ǁ   
| 3 2   | 1 - - 7 = = 6 = = = 5 4 |         ǁ |   5 2 | | 3 | ǁ ǁ   
4 = = 5 6 = 6 2 | 3 = 6 - - - - - 3 - 2     ǁ 4 3 6 3 5 | 4 7 7 6   
4 4 2 | 3 - 3 1 | 3 = 4 - - - - - - - 2     ǁ 4 = 5 3 3 | 2 ǁ 1 ǁ   
| | | | 4 = = = 6 = = = = = = = = = = = = = 7 - - - - - 5 | 6 - 3   
| | | | | 1 2 1   3 = = = 6 2 4 4 - 5 = 4 3 ǁ           | 1 ǁ 2 2   
| | | | |   |     3 = 4 4 ǁ 3 8 4   3 4 6 4 ǁ           | 4 7 5 ǁ   
| | | | 5 = 7 3 - - - - 4 ǁ | ǁ 5 2 | 2 ǁ 1 ǁ           | ǁ | 5 6   
| 2 1 | ǁ 4 4 - - 4 = 8 4 ǁ | ǁ 6 = 6 = 5   ǁ           | 2 6 6 |   
|     | ǁ 6 = = 5 1   6 4 ǁ | ǁ |   |   | 1 ǁ           | 1 | 4 |   
|     | ǁ 4 4 2 4 = = 3 2 ǁ | ǁ 6 = 7 1 | | ǁ           | 4 6 5 |   
|     | 4 - - - - - - - - 5 2 ǁ 3   3   | | ǁ 3 - - - - 5 4 6 2 |   
|     | 3 = = = = = = = = = = 5 - - - - 5 3 ǁ 4 4 4 = = 4 1 4 1 |   
5 = = 8 = = = = = = = = = = = = = = = = = = 6 = = = = = = = = = 7 4 
ǁ 3 = 8 = 5 = = = = = = = = = = = = = = = = = = 6 = = = = = 5 2 ǁ ǁ 
ǁ 3 2 | 1 | 1 5 3 3 = = = = 6 = = = = 5 = = 2 2 ǁ 4 6 4 - 4 2 3 ǁ ǁ 
ǁ 3 3 | | |   ǁ   2         ǁ 3 - 3 2 | 2   2 5 ǁ 2 ǁ |   | 2 ǁ ǁ 4 
ǁ ǁ | | | | 2 ǁ   ǁ         ǁ |   3 | | 5 - 3 3 ǁ 4 8 |   6 ǁ ǁ ǁ 4 
ǁ ǁ | | | | ǁ ǁ 1 7 = 2     ǁ |   | | | |       ǁ 3 5 4 4 ǁ ǁ 2 ǁ ǁ 
ǁ ǁ | | 2 | ǁ ǁ   ǁ         ǁ 4 = 6 2 | |       ǁ 2 3 1 2 ǁ ǁ 2 ǁ ǁ 
ǁ ǁ 2 | | | 6 7 = 6 - - - - 5 5 3 ǁ   | 5 - - - 7 = = = = 8 8 6 ǁ 3 
ǁ ǁ 2 | | | 2 4 3 |         | 3 ǁ ǁ   | 3 2 = = 7 = = = 5 5 7 5 ǁ | 
6 7 5 | | |   | | | 1 - - - 2 ǁ ǁ ǁ   | 3 3 1 - 4 = = 2 2 1 3 1 ǁ | 
ǁ ǁ 4 | | |   3 | 5 = = = = 2 2 ǁ ǁ 3 6 = = = = = = = = = = = = 8 5 
ǁ 5 3 | | |   2 2 4             2 ǁ 4 | 2 4 - 2 1 2 - 1         3 ǁ 
ǁ | 2 | | |       2               ǁ | | 2 8 4 - 4 6 = = = = = 5 4 ǁ 
ǁ 5 6 | 3 6 - - - - - - - - - - - 6 4 | 2 ǁ 2 - 2 1         1 | | ǁ 
ǁ 4 5 | 2 8 = = = = = = = 4 - 2 - 6 2 4 5 8 = 8 = = = = = = 7 4 3 ǁ 
5 4 2 6 4 6 3 3           3 - 3 2 3 4 5 2 2   ǁ 2 = 4 = 4 4 4   | 2 
1 1 - 6 = = = 5 - - - - - - - - - - - - - - - 7 = = = = 7 7 = 3 | 2 
1 - - 5 = = = = = = = = = 4 = = = 4 2 2 3 - - 5 = 2 2 = 5 4 - - 4 3 
