34 34
4 5 0 0 5 0 0 0 0 0 4 2 1 0 0 0 0 0 0 0 0 0 0 0 3 0 2 1 3 0 0 0 2 2 
4 4 2 1 0 0 0 0 0 0 2 0 0 0 0 2 4 0 2 1 2 0 0 0 0 0 0 0 4 2 0 0 0 0 
1 0 3 2 0 0 0 0 0 0 0 0 0 0 0 3 6 2 0 0 0 0 0 0 3 0 0 0 0 0 0 0 7 6 
3 0 2 0 0 0 0 0 0 0 0 0 0 0 2 0 0 0 0 0 5 0 0 0 4 2 2 3 1 0 4 1 0 4 
2 0 4 0 7 0 0 0 0 0 0 0 0 0 0 0 0 0 0 0 0 0 0 0 3 0 0 4 2 3 6 2 0 0 
1 0 5 2 0 3 4 0 0 0 4 0 0 0 0 0 0 0 0 0 0 0 0 3 4 0 3 2 4 3 0 1 0 3 
2 3 0 1 0 1 0 2 4 1 0 0 1 2 2 0 4 2 0 3 2 0 0 4 5 2 0 0 2 1 0 0 0 0 
0 0 0 0 0 0 0 0 0 0 0 3 6 8 2 0 0 0 0 2 0 0 0 0 5 4 3 5 0 0 6 3 0 0 
2 2 0 0 0 3 5 0 3 0 0 0 2 0 0 0 0 0 0 0 0 0 0 0 1 2 0 4 4 2 0 1 0 3 
0 0 0 0 0 2 1 0 0 0 0 5 0 5 0 0 8 0 0 0 0 0 0 0 0 0 8 0 0 0 6 3 0 0 
3 0 5 3 0 1 0 0 0 0 0 2 2 0 3 0 3 2 4 0 5 0 0 2 0 0 0 0 0 0 2 1 0 0 
0 0 0 0 0 3 0 0 0 0 6 0 0 0 0 0 0 0 0 0 4 0 0 0 0 0 5 0 0 0 0 0 6 4 
0 0 0 0 0 1 2 1 2 1 0 2 4 0 0 0 0 0 0 0 4 4 0 0 3 2 0 1 2 3 3 0 0 0 
0 0 0 2 0 3 7 6 6 1 0 0 2 3 0 0 0 0 0 0 1 2 0 0 0 0 0 0 0 2 3 0 0 2 
0 0 0 0 0 1 0 2 5 2 0 1 3 5 0 0 0 0 0 0 0 0 0 0 5 3 0 2 4 0 0 0 3 0 
0 0 0 0 0 0 0 0 3 2 0 0 3 3 0 0 0 0 0 1 0 0 0 0 0 2 0 0 2 2 4 0 3 0 
4 2 0 1 0 3 6 0 0 0 5 0 0 0 0 0 0 0 0 0 0 0 0 0 6 3 0 0 3 0 0 0 5 4 
2 1 0 0 0 2 4 0 4 3 3 0 2 0 0 0 0 1 0 0 0 0 0 0 4 2 0 0 4 3 1 0 0 2 
4 0 8 0 7 0 0 0 0 0 0 0 0 0 0 0 0 0 0 0 0 0 0 0 0 0 5 5 0 0 0 0 7 4 
0 2 0 2 5 0 0 0 0 0 0 0 0 4 1 1 2 0 4 0 0 0 1 0 4 2 0 0 2 0 3 1 0 0 
0 3 0 3 0 2 0 0 0 2 3 3 2 0 3 5 2 0 0 0 0 0 0 0 0 2 0 0 0 1 0 4 5 1 
0 0 0 2 0 0 3 2 2 3 2 0 0 0 2 0 2 0 0 0 0 0 0 0 0 0 0 0 1 0 0 0 2 2 
0 0 0 3 5 4 4 0 0 0 0 6 5 0 3 0 5 0 8 0 2 2 0 0 5 5 0 0 2 0 0 3 4 6 
0 0 0 0 0 0 0 2 6 0 3 0 0 0 2 0 1 0 0 0 0 1 0 0 0 0 0 0 6 4 0 2 2 0 
0 0 0 0 0 0 0 0 2 0 0 0 0 0 2 5 0 0 4 1 2 0 3 2 0 2 0 0 2 0 0 1 0 0 
0 0 0 0 0 0 0 0 0 0 0 0 0 0 1 0 1 2 0 0 0 0 0 0 0 0 0 4 0 6 5 0 5 6 
3 0 0 0 0 0 0 0 0 0 0 0 0 0 4 6 0 0 0 0 0 2 2 2 0 0 0 0 2 6 4 0 4 2 
5 3 0 1 0 3 2 0 0 2 2 5 5 0 2 5 4 0 0 0 0 0 0 0 0 0 0 5 0 0 0 0 8 3 
0 0 0 2 0 5 0 0 0 6 2 2 3 0 1 2 4 4 0 0 0 0 0 0 0 0 0 3 2 1 4 1 2 0 
0 0 0 5 5 2 0 0 0 2 0 0 1 0 0 1 3 2 0 0 0 0 0 0 0 0 0 3 0 2 6 0 0 4 
2 0 0 2 2 4 0 0 0 0 0 0 0 7 0 5 6 3 0 0 0 4 0 0 0 0 0 0 0 0 2 2 0 5 
0 0 0 1 0 4 0 0 0 1 1 0 0 3 0 1 2 1 0 0 0 0 0 0 0 0 0 0 0 0 2 0 2 2 
2 0 7 0 0 0 0 0 0 0 0 0 0 0 0 0 0 0 3 4 3 4 0 0 5 0 4 3 0 0 0 0 0 1 
1 0 5 0 0 0 0 0 0 0 0 0 0 0 0 0 0 0 0 0 0 0 0 0 0 0 0 0 6 0 0 0 5 2 
400 339
0 0 0 1
0 0 1 0
0 0 0 1
0 0 1 0
0 4 0 1
0 4 0 10
0 4 4 4
1 0 1 1
1 0 2 0
2 32 2 24
2 32 2 33
2 32 0 32
2 32 11 32
2 33 2 32
2 33 0 33
2 33 3 33
2 33 2 32
2 33 0 33
3 30 3 28
3 30 3 31
3 30 4 30
3 30 4 30
3 33 5 33
3 33 5 33
4 30 4 29
4 30 4 31
4 30 7 30
4 30 4 29
4 31 5 31
5 33 8 33
7 13 7 12
7 13 7 14
7 13 6 13
7 13 9 13
7 13 7 12
7 13 7 14
7 13 6 13
7 13 9 13
7 30 7 27
7 30 7 31
7 30 9 30
7 30 7 27
7 30 7 31
7 31 8 31
8 33 11 33
9 16 9 13
9 16 9 26
9 16 6 16
9 16 10 16
9 16 9 13
9 16 9 26
9 16 6 16
9 16 10 16
9 26 9 30
9 26 7 26
9 26 11 26
9 30 9 26
9 30 9 31
9 30 10 30
9 30 9 31
9 31 10 31
10 20 10 18
10 20 10 23
10 20 11 20
10 30 12 30
11 32 11 33
11 32 2 32
11 32 14 32
11 32 11 33
11 32 14 32
11 33 8 33
13 6 13 5
13 6 13 7
13 6 12 6
13 6 16 6
13 33 16 33
18 2 18 0
18 2 18 4
18 2 10 2
18 2 32 2
18 2 18 0
18 2 18 4
18 2 10 2
18 2 32 2
18 4 18 26
18 4 4 4
18 4 19 4
18 32 18 27
18 32 18 33
18 32 16 32
18 32 20 32
19 1 20 1
22 18 22 16
22 18 22 20
22 18 19 18
22 18 24 18
22 18 22 16
22 18 22 20
22 18 19 18
22 18 24 18
22 33 22 32
22 33 21 33
22 33 25 33
22 33 22 32
22 33 21 33
22 33 25 33
25 33 25 32
25 33 26 33
27 0 27 1
27 0 26 0
27 0 30 0
27 32 27 27
27 32 27 33
27 32 26 32
27 32 28 32
27 32 27 27
27 32 27 33
27 32 26 32
27 32 28 32
29 3 29 4
29 3 28 3
29 3 30 3
30 13 30 5
30 13 30 15
30 13 19 13
30 13 31 13
30 33 30 31
30 33 29 33
30 33 31 33
31 5 31 3
31 5 31 9
31 5 30 5
31 5 30 5
31 10 31 13
32 2 32 0
32 2 32 18
32 2 33 2
32 24 32 21
32 24 32 26
32 24 22 24
33 2 33 0
33 2 33 28
33 2 32 2
33 28 33 2
33 28 33 32
33 28 28 28
0 32 0 28
1 29 1 28
7 12 7 11
7 12 6 12
7 12 8 12
7 12 7 11
8 27 8 28
8 27 7 27
8 27 8 28
8 27 7 27
8 28 8 29
8 29 8 28
9 26 7 26
9 26 11 26
10 18 10 17
10 18 10 20
10 18 10 17
10 23 10 20
13 33 16 33
16 3 13 3
16 33 16 32
16 33 17 33
17 33 18 33
18 0 17 0
18 0 26 0
18 33 18 32
18 33 20 33
19 1 20 1
19 18 19 16
19 18 19 22
19 24 19 25
19 24 22 24
19 24 19 25
19 24 22 24
20 1 27 1
22 12 22 11
22 12 20 12
22 12 27 12
23 28 23 29
23 28 22 28
23 28 24 28
23 28 23 29
23 28 22 28
23 28 24 28
24 8 23 8
24 25 22 25
24 31 23 31
25 33 25 32
25 33 26 33
26 0 27 0
26 28 26 29
26 29 26 28
26 29 26 30
26 29 25 29
26 29 26 30
26 29 25 29
26 30 26 32
26 30 25 30
26 32 25 32
27 1 27 0
27 33 29 33
29 33 29 30
29 33 30 33
30 0 32 0
32 2 32 18
33 28 33 32
33 28 28 28
1 29 1 28
10 16 10 14
13 3 10 3
24 8 23 8
24 25 22 25
25 29 25 27
25 29 25 30
25 29 23 29
25 29 25 27
28 31 28 30
29 30 29 29
29 30 28 30
29 30 30 30
29 30 29 29
29 30 28 30
1 28 1 20
1 28 0 28
10 14 10 12
23 8 23 7
23 8 23 10
23 8 21 8
23 8 23 7
23 29 23 31
25 27 18 27
25 27 27 27
25 30 25 32
27 27 28 27
28 29 28 30
0 28 0 27
9 13 9 11
10 14 10 12
20 25 22 25
20 29 20 31
22 11 22 12
22 11 20 11
22 11 27 11
22 11 22 12
22 11 20 11
25 30 25 32
27 12 27 11
27 12 28 12
27 12 27 11
27 12 28 12
27 27 28 27
28 27 29 27
29 27 32 27
0 26 0 24
8 12 8 8
9 11 9 6
9 11 10 11
9 11 10 11
11 10 11 5
11 10 11 20
11 10 16 10
11 10 11 5
11 10 11 20
11 10 16 10
11 20 11 26
11 26 18 26
17 28 17 29
17 28 16 28
17 28 17 29
17 28 16 28
20 12 20 11
20 25 22 25
22 25 22 24
23 32 22 32
23 32 22 32
29 27 32 27
32 27 32 26
0 24 0 12
0 24 0 26
6 9 6 8
7 11 0 11
8 6 8 5
8 6 8 8
8 6 5 6
11 26 18 26
22 21 22 24
22 21 23 21
22 31 20 31
32 24 32 21
32 24 32 26
32 26 18 26
0 11 0 10
4 4 4 2
4 4 0 4
4 4 18 4
4 4 4 2
5 10 5 6
5 10 1 10
5 10 5 6
5 10 1 10
6 7 6 8
6 8 6 7
6 8 8 8
8 6 8 5
8 6 5 6
9 5 8 5
9 5 10 5
11 5 12 5
21 28 19 28
21 32 20 32
22 31 20 31
32 21 32 20
32 21 30 21
0 10 0 4
5 5 6 5
19 28 19 30
19 30 19 31
20 31 20 32
20 32 18 32
20 32 21 32
30 21 30 17
30 21 26 21
30 21 30 17
32 18 32 19
32 19 32 20
32 19 32 20
0 1 1 1
0 1 1 1
1 1 1 2
24 18 24 15
24 18 24 19
24 20 24 22
24 20 24 22

6237

4 5 - - 5 = = = = = 4 2 1 - - - - - - - - - - - 3 = 2 1 3 - - - 2 2 
4 4 2 1 ǁ           2 |       2 4   2 1 2 - - - - - - - 4 2     | ǁ 
1   3 2 ǁ           ǁ |       3 6 2             3 - - - - - - - 7 6 
3   2   ǁ           ǁ |     2           5       4 2 2 3 1 - 4 1 ǁ 4 
2   4 = 7           ǁ |                         3     4 2 3 6 2 ǁ ǁ 
1   5 2 ǁ 3 4 = = = 4 |                       3 4   3 2 4 3 | 1 ǁ 3 
2 3   1 ǁ 1 ǁ 2 4 1   | 1 2 2   4 2   3 2     4 5 2     2 1 |   ǁ | 
        ǁ   ǁ   |     3 6 8 2   ǁ     2         5 4 3 5 = = 6 3 ǁ | 
2 2     ǁ 3 5 - 3 - - - 2 ǁ     ǁ               1 2 ǁ 4 4 2 | 1 ǁ 3 
        ǁ 2 1 - - - - 5 - 5 = = 8 = = = = = = = = = 8 = = = 6 3 ǁ ǁ 
3   5 3 ǁ 1           2 2 = 3 - 3 2 4 = 5 = = 2     ǁ       2 1 ǁ ǁ 
    ǁ | ǁ 3 = = = = 6 = = = = = = = = = 4 - - - - - 5       |   6 4 
    ǁ | ǁ 1 2 1 2 1 ǁ 2 4               4 4     3 2 ǁ 1 2 3 3   ǁ   
    ǁ 2 ǁ 3 7 6 6 1 ǁ   2 3             1 2         ǁ     2 3   ǁ 2 
    ǁ | ǁ 1 | 2 5 2 ǁ 1 3 5                     5 3 ǁ 2 4       3 ǁ 
    ǁ | ǁ   |   3 2 ǁ   3 3           1           2 ǁ   2 2 4   3 ǁ 
4 2 ǁ 1 ǁ 3 6       5                           6 3 ǁ   3       5 4 
2 1 ǁ   ǁ 2 4   4 3 3   2         1             4 2 ǁ   4 3 1   | 2 
4 = 8 = 7 - - - - - - - - - - - - - - - - - - - - - 5 5 - - - - 7 4 
| 2 ǁ 2 5                 4 1 1 2 - 4 - - - 1   4 2 | | 2 - 3 1 ǁ | 
| 3 ǁ 3   2       2 3 3 2 | 3 5 2   ǁ           ǁ 2 | | | 1 - 4 5 1 
| | ǁ 2     3 2 2 3 2 ǁ | | 2   2   ǁ           ǁ ǁ | | 1     ǁ 2 2 
| | ǁ 3 5 4 4   |     6 5 | 3   5 = 8 = 2 2 - - 5 5 | | 2     3 4 6 
| | ǁ         2 6 - 3 | | | 2   1   ǁ     1     | ǁ | | 6 4 - 2 2 ǁ 
| | ǁ           2     | | | 2 5 - - 4 1 2 = 3 2 | 2 | | 2 |   1   ǁ 
| | ǁ                 | | | 1   1 2             |   | 4 = 6 5 = 5 6 
3 | ǁ                 | | | 4 6           2 2 2 |   | | 2 6 4 - 4 2 
5 3 ǁ 1   3 2     2 2 5 5 | 2 5 4         |     |   | 5 = = = = 8 3 
|   ǁ 2   5       6 2 2 3 | 1 2 4 4       |     |   | 3 2 1 4 1 2 | 
|   ǁ 5 5 2       2     1 |   1 3 2       |     |   | 3 ǁ 2 6 - - 4 
2   ǁ 2 2 4 - - - - - - - 7 - 5 6 3 = = = 4     |   | ǁ ǁ   2 2 - 5 
|   ǁ 1 - 4 - - - 1 1 - - 3   1 2 1       |     |   | ǁ ǁ   2   2 2 
2 - 7 = = = = = = = = = = = = = = = 3 4 3 4 = = 5 = 4 3 ǁ         1 
1 - 5 = = = = = = = = = = = = = = = = = = = = = = = = = 6 = = = 5 2 
