34 34
1 0 0 3 2 4 0 0 0 0 0 0 0 0 0 0 0 0 0 3 0 2 2 4 2 3 0 2 2 0 0 5 2 2 
4 0 0 7 0 7 0 0 0 0 0 0 0 0 0 0 0 0 0 0 0 0 0 6 0 0 0 4 0 0 0 6 5 4 
0 2 2 0 2 0 1 4 0 0 2 0 0 2 0 0 0 0 0 0 0 0 4 0 3 0 0 0 0 3 1 3 1 1 
0 0 0 0 0 0 3 4 0 0 0 0 0 0 0 0 0 0 0 0 0 1 0 0 0 3 0 3 2 0 2 3 1 3 
0 4 3 0 0 0 0 0 3 0 0 0 1 1 1 2 5 0 0 3 2 4 0 0 0 0 0 0 0 0 0 2 0 0 
0 0 1 0 0 0 2 0 0 4 6 0 0 6 5 2 2 0 0 0 1 0 3 0 2 6 0 0 0 5 4 0 5 5 
5 6 5 0 0 0 0 0 0 2 3 1 0 0 2 1 0 0 0 0 0 0 0 0 0 0 3 2 0 0 0 0 0 0 
0 0 0 0 0 0 2 0 0 2 0 0 0 4 0 0 0 0 0 6 3 0 0 0 0 0 0 1 1 0 0 0 0 0 
2 0 0 0 4 0 0 0 0 3 0 0 0 0 0 0 2 0 0 0 0 0 0 0 0 0 0 0 0 0 0 0 0 0 
2 0 0 0 0 0 4 4 6 0 0 0 0 0 0 0 0 0 0 5 0 5 3 0 0 0 4 5 2 0 0 0 0 0 
0 0 0 0 0 0 2 0 0 2 0 0 3 2 3 1 0 4 1 0 0 0 0 0 0 0 3 0 1 0 0 0 0 0 
0 0 0 0 0 0 0 0 0 4 0 0 5 0 6 0 0 8 2 0 0 0 0 0 0 0 1 0 0 0 0 0 0 0 
0 0 0 0 0 0 1 0 0 0 4 2 0 0 0 0 0 0 0 0 2 5 0 0 1 0 0 0 0 0 0 0 0 0 
0 0 0 0 0 0 2 0 0 2 4 0 0 3 7 0 2 0 0 0 1 4 0 0 0 0 2 0 0 0 0 0 0 0 
0 3 0 0 0 0 5 6 0 1 0 0 0 1 5 0 2 2 0 0 2 4 0 0 0 0 0 0 0 0 0 0 0 0 
0 0 0 0 0 0 0 0 0 0 0 0 0 1 4 0 1 0 0 0 0 1 0 0 0 0 0 0 0 0 0 0 0 0 
0 0 0 0 0 0 2 0 0 3 7 0 5 0 0 0 0 0 0 6 0 3 0 0 2 6 8 5 2 0 0 2 0 0 
0 0 0 0 0 0 1 0 0 0 0 0 0 1 0 2 0 0 0 7 2 1 0 0 0 0 4 1 1 0 3 0 0 0 
0 0 0 0 4 5 0 5 0 2 0 0 0 2 1 0 0 0 0 0 0 0 0 0 0 0 0 0 0 0 0 0 0 2 
0 1 3 0 1 0 1 0 0 0 0 2 4 5 4 2 1 0 0 0 0 0 2 0 0 0 4 6 2 0 4 3 0 2 
0 2 3 0 2 0 3 0 0 0 0 1 1 2 0 0 0 0 0 0 0 0 0 0 0 0 2 5 2 0 2 2 0 3 
6 0 0 6 4 0 0 0 0 5 5 0 0 0 6 0 5 2 0 0 1 0 4 0 0 1 0 3 2 0 0 1 0 0 
5 4 4 0 1 5 5 0 0 2 0 0 0 0 4 2 2 1 0 3 0 2 3 0 1 0 7 0 0 6 0 0 6 3 
1 1 2 0 2 2 0 0 0 4 7 0 0 0 0 0 0 0 0 2 2 3 2 0 2 1 6 1 3 7 4 2 0 0 
3 4 2 0 0 1 0 0 0 2 3 0 0 0 0 0 0 0 0 3 0 2 1 0 3 0 5 2 1 1 2 0 0 0 
4 0 0 0 5 5 2 0 5 0 0 0 0 0 0 0 0 0 0 0 0 0 0 5 0 0 0 0 0 0 0 3 0 1 
2 0 2 0 2 0 1 0 2 2 2 4 0 3 0 3 0 0 0 2 3 1 0 0 0 2 0 0 3 2 1 2 0 1 
1 0 1 0 1 0 0 0 2 0 1 3 1 0 1 3 0 0 0 0 5 0 0 5 0 0 0 0 4 3 0 0 0 2 
2 6 0 6 0 5 2 0 3 5 0 0 0 7 0 0 0 0 0 0 0 0 0 0 0 0 0 0 0 0 7 4 0 0 
1 0 1 4 1 5 2 0 4 5 0 0 0 5 0 0 0 0 4 0 5 6 2 1 0 0 0 0 4 1 0 0 0 0 
0 0 0 2 1 4 2 0 2 3 2 1 2 5 0 2 2 0 5 2 1 4 0 0 0 0 0 0 6 2 0 0 0 0 
0 2 5 0 0 0 0 7 0 0 0 0 0 0 0 0 0 0 0 0 0 0 0 0 0 0 0 0 0 0 7 0 6 3 
3 0 4 2 5 0 0 6 0 0 0 0 4 0 0 0 0 0 0 0 0 0 0 0 0 0 5 1 1 1 3 1 3 1 
2 1 1 2 3 1 0 3 0 0 0 0 3 0 4 2 0 0 1 0 0 0 0 0 0 0 4 0 3 4 2 2 4 1 
400 302
0 31 0 28
0 31 0 32
0 31 1 31
1 3 1 0
1 3 1 5
1 3 0 3
1 3 21 3
4 16 4 15
4 16 4 19
4 16 5 16
5 33 5 32
5 33 3 33
5 33 18 33
6 0 6 1
6 0 1 0
6 0 8 0
6 2 6 1
6 2 5 2
6 2 19 2
10 17 10 15
10 17 10 18
10 17 11 17
10 17 11 17
11 17 11 14
11 17 11 18
11 17 14 17
13 14 13 13
13 14 13 16
13 14 11 14
13 14 14 14
14 6 14 7
14 6 13 6
14 6 16 6
16 10 16 9
16 10 16 12
16 10 13 10
16 10 21 10
16 26 16 25
16 26 16 27
16 26 13 26
16 26 17 26
16 26 16 25
16 26 16 27
16 26 13 26
16 26 17 26
17 19 17 15
17 19 17 20
17 19 16 19
17 19 22 19
21 0 21 3
21 0 9 0
21 0 22 0
21 0 21 3
21 0 9 0
21 0 22 0
21 3 21 4
21 3 1 3
21 3 28 3
22 0 22 1
22 0 23 0
22 0 22 1
22 1 22 2
22 1 23 1
22 2 23 2
22 26 22 24
22 26 22 29
22 26 20 26
22 26 23 26
23 10 23 9
23 10 23 19
23 10 21 10
23 10 24 10
23 26 23 25
23 26 23 27
23 26 22 26
23 26 24 26
23 29 23 28
23 29 23 30
23 29 22 29
23 29 24 29
25 0 24 0
25 0 26 0
25 0 24 0
25 0 26 0
25 4 25 5
25 4 23 4
25 4 26 4
28 3 28 1
28 3 28 5
28 3 29 3
28 3 28 1
28 3 28 5
28 13 28 9
28 13 28 30
28 13 26 13
28 13 29 13
28 30 28 13
28 30 28 31
28 30 26 30
28 30 31 30
29 20 29 18
29 20 29 21
29 20 30 20
29 21 29 20
29 21 29 22
29 21 30 21
29 21 29 20
29 21 29 22
29 23 29 28
29 28 29 29
29 28 30 28
29 28 30 28
30 13 30 12
30 13 30 15
30 13 29 13
30 19 30 18
30 21 30 28
30 28 30 21
30 28 30 29
30 28 32 28
30 29 32 29
31 30 31 32
31 30 28 30
31 30 32 30
31 30 31 32
31 30 32 30
31 30 32 30
31 32 31 33
31 32 22 32
31 32 32 32
31 32 31 33
32 26 32 12
32 26 32 27
32 26 33 26
33 14 33 12
33 14 33 15
33 14 33 12
33 14 33 15
33 18 33 26
33 26 33 28
33 26 32 26
33 28 33 29
33 28 33 29
33 29 33 30
33 29 33 30
8 0 6 0
11 17 11 14
11 17 11 18
11 17 14 17
11 26 10 26
16 25 16 24
16 25 5 25
16 25 21 25
16 25 16 24
17 26 17 27
17 26 19 26
19 26 19 27
19 26 20 26
19 26 19 27
19 27 19 28
19 27 20 27
22 2 23 2
22 14 22 15
22 14 21 14
22 14 22 15
22 14 21 14
22 32 22 29
22 32 22 33
22 32 5 32
22 32 22 29
22 32 22 33
23 26 22 26
23 29 23 28
23 29 23 30
23 29 22 29
23 30 23 31
23 30 24 30
23 31 25 31
24 0 24 1
24 1 24 2
24 1 28 1
24 1 24 2
24 26 24 24
24 26 24 27
24 26 24 24
24 26 24 27
26 2 27 2
27 0 28 0
27 12 27 11
27 14 27 15
27 20 27 15
27 20 27 23
27 20 26 20
27 33 26 33
27 33 31 33
28 30 28 31
28 31 26 31
29 18 29 13
29 18 30 18
29 18 29 13
30 19 30 18
32 26 32 12
5 25 5 24
5 25 5 29
5 25 3 25
5 25 5 24
5 25 5 29
11 14 11 12
11 14 10 14
11 14 13 14
12 24 12 21
19 22 21 22
19 27 19 28
19 27 20 27
21 14 21 10
21 14 21 16
21 14 19 14
21 14 21 10
22 26 22 29
23 28 24 28
25 23 25 8
25 23 25 31
25 23 27 23
25 33 22 33
26 21 26 20
26 25 26 28
28 31 26 31
30 18 30 16
1 23 1 5
1 23 1 27
1 23 0 23
1 23 1 5
1 23 1 27
1 23 0 23
19 22 21 22
20 33 19 33
21 22 21 20
21 22 22 22
25 31 25 23
26 25 26 28
30 18 30 16
0 23 0 22
0 23 0 24
0 24 0 25
0 25 0 27
20 33 19 33
30 15 30 13
0 22 0 21
0 25 0 27
1 27 1 31
1 27 3 27
1 31 1 32
1 31 0 31
1 31 2 31
1 31 1 32
2 24 2 22
18 33 5 33
0 21 0 19
0 28 0 31
2 24 2 22
0 19 0 5
2 22 2 13
2 22 5 22
3 25 3 27
0 19 0 5
3 25 3 27
3 28 3 30
5 29 5 30
0 5 0 4
0 5 1 5
1 5 1 3
1 5 18 5
1 5 18 5
2 4 8 4
2 29 2 30
3 28 3 30
5 29 5 30
8 4 2 4
8 4 18 4
8 4 18 4
18 4 18 5
18 4 19 4
0 4 0 3
5 29 5 30
5 30 5 32
5 32 5 33
5 32 3 32
17 30 17 28
17 30 19 30
17 30 19 30
19 30 19 31
19 30 20 30
3 33 2 33
4 31 3 31
1 33 1 32
1 33 0 33
1 33 1 32
1 33 0 33
4 31 3 31
0 32 1 32
2 31 2 32
2 31 3 31

5531

1     3 2 4 = = = = = = = = = = = = = 3 - 2 2 4 2 3 = 2 2 = = 5 2 2 
4 - - 7 = 7 = = = = = = = = = = = = = = = = = 6 = = = 4 - - - 6 5 4 
| 2 2 ǁ 2 ǁ 1 4     2     2 - - - - - - - - 4 = 3     |   3 1 3 1 1 
|     ǁ ǁ ǁ 3 4                           1 |     3 = 3 2 = 2 3 1 3 
| 4 3 ǁ ǁ ǁ     3       1 1 1 2 5 - - 3 2 4 |     |           2 | | 
|   1 ǁ ǁ ǁ 2     4 6     6 5 2 2       1   3   2 6 = = = 5 4 - 5 5 
5 6 5 ǁ ǁ ǁ       2 3 1     2 1                   | 3 2         | ǁ 
ǁ   | ǁ ǁ ǁ 2     2       4           6 3         |   1 1       | ǁ 
2   | ǁ 4 ǁ       3             2                 |             | ǁ 
2   | ǁ ǁ ǁ 4 4 6                     5   5 3     | 4 5 2       | ǁ 
ǁ   | ǁ ǁ ǁ 2     2     3 2 3 1 - 4 1             | 3   1       | ǁ 
ǁ   | ǁ ǁ ǁ       4     5 - 6 = = 8 2             | 1           | ǁ 
ǁ   | ǁ ǁ ǁ 1       4 2     ǁ     ǁ     2 5 - - 1 |             | ǁ 
ǁ   | ǁ ǁ ǁ 2     2 4     3 7 - 2 ǁ     1 4       | 2           | ǁ 
ǁ 3 | ǁ ǁ ǁ 5 6   1 |     1 5   2 2     2 4       | ǁ           | ǁ 
ǁ   | ǁ ǁ ǁ |       |     1 4   1         1       | ǁ           | ǁ 
ǁ   | ǁ ǁ ǁ 2     3 7 - 5             6   3     2 6 8 5 2     2 | ǁ 
ǁ   | ǁ ǁ ǁ 1       |     1   2 - - - 7 2 1       | 4 1 1 - 3   | ǁ 
ǁ   | ǁ 4 5   5   2 |     2 1         |           | |       ǁ   | 2 
ǁ 1 3 ǁ 1   1       | 2 4 5 4 2 1     |     2     | 4 6 2   4 3 | 2 
ǁ 2 3 ǁ 2   3       | 1 1 2 |         |     ǁ     | 2 5 2   2 2 | 3 
6 = = 6 4         5 5 = = = 6 - 5 2   | 1 - 4     1 | 3 2     1 |   
5 4 4 | 1 5 5     2 |       4 2 2 1   3   2 3   1 - 7 = = 6 = = 6 3 
1 1 2 | 2 2       4 7 - - - - - - - - 2 2 3 2   2 1 6 1 3 7 4 2 | | 
3 4 2 | | 1       2 3                 3   2 1   3 = 5 2 1 1 2 | | | 
4 |   | 5 5 2   5 - - - - - - - - - - - - - - 5 = = = = = = = 3 | 1 
2 | 2 | 2   1   2 2 2 4   3   3       2 3 1   |   2 = = 3 2 1 2 | 1 
1 | 1 | 1       2   1 3 1 | 1 3 - - - - 5 - - 5         4 3 | ǁ | 2 
2 6 = 6 = 5 2   3 5 - - - 7 = = = = = = = = = = = = = = = = 7 4 | | 
1   1 4 1 5 2   4 5       5 = = = = 4 - 5 6 2 1 - - - - 4 1 ǁ   | | 
      2 1 4 2   2 3 2 1 2 5 = 2 2 = 5 2 1 4 = = = = = = 6 2 ǁ   | | 
  2 5         7                                         | | 7 = 6 3 
3   4 2 5     6         4 = = = = = = = = = = = = = 5 1 1 1 3 1 3 1 
2 1 1 2 3 1   3         3 = 4 2     1 - - - - - - - 4 - 3 4 2 2 4 1 
