34 34
4 2 0 2 2 0 0 4 0 4 0 0 0 0 0 0 0 0 0 0 0 2 3 0 3 0 0 0 0 0 5 2 2 1 
5 0 0 6 1 5 0 0 0 7 0 0 3 0 0 0 0 0 0 2 1 0 2 0 0 1 1 0 3 2 0 0 0 1 
0 0 0 0 2 6 0 2 0 0 2 4 0 0 6 0 0 0 0 0 0 5 0 0 0 0 0 0 5 0 0 0 0 0 
0 0 0 0 1 0 4 2 0 0 0 1 2 0 0 2 2 0 0 0 0 5 0 0 0 0 3 1 4 4 0 0 0 0 
0 2 0 4 1 3 4 1 0 5 3 0 7 1 0 4 0 0 0 0 0 0 0 0 0 0 0 0 0 0 7 0 3 0 
0 1 2 5 0 0 0 0 0 6 1 0 2 0 0 4 0 0 0 0 0 0 4 4 0 0 4 3 2 0 0 3 4 0 
0 0 0 2 0 0 0 1 0 1 0 0 0 0 0 2 2 0 0 3 0 0 3 3 0 2 2 0 1 0 0 1 0 0 
4 0 0 0 0 0 0 0 0 0 0 0 0 0 7 0 0 0 0 0 0 0 0 0 0 0 0 0 0 0 7 0 6 5 
4 0 0 0 3 0 1 0 1 2 3 1 2 3 0 0 0 1 0 0 0 3 0 3 2 0 1 3 4 2 0 2 0 0 
0 4 5 2 0 3 5 0 6 5 4 1 4 2 0 2 0 0 4 2 0 6 1 0 0 1 2 0 0 0 0 5 2 0 
0 0 0 0 0 3 3 0 0 3 0 0 0 0 0 1 0 0 4 0 1 3 0 0 0 3 4 1 0 0 0 0 1 0 
0 2 0 0 0 1 1 0 0 2 0 0 0 0 0 0 2 0 0 0 0 1 0 0 0 0 0 2 0 3 0 3 3 0 
0 0 0 0 0 2 4 0 4 2 6 0 6 3 0 0 0 3 5 0 3 0 0 7 6 4 5 3 0 2 0 1 0 0 
6 0 6 3 0 0 0 0 0 1 0 0 0 1 0 0 0 0 2 0 0 2 0 0 5 2 0 1 0 2 0 2 0 0 
0 1 2 0 0 0 3 0 0 0 0 0 0 2 0 0 0 0 0 0 0 0 0 0 4 2 0 0 0 0 0 0 0 0 
0 3 1 2 0 0 2 1 0 0 0 1 0 4 0 0 0 0 0 0 0 0 0 0 2 2 0 3 0 0 0 0 0 0 
0 0 0 0 0 0 0 0 0 0 2 0 0 0 0 0 0 4 0 0 0 7 2 0 0 0 0 0 0 0 0 0 0 0 
4 7 4 1 0 5 0 0 5 0 2 2 0 0 0 0 0 0 0 0 0 1 0 0 0 3 0 0 0 0 0 5 5 0 
0 0 3 3 0 0 2 0 4 0 0 0 0 0 0 0 0 0 0 0 0 0 0 0 0 0 0 0 0 3 0 2 0 0 
0 0 0 1 0 0 3 0 0 6 0 0 6 4 0 3 6 0 0 0 0 0 0 7 4 3 0 0 0 0 0 1 0 0 
0 2 4 3 0 0 2 0 0 0 2 0 0 0 0 1 2 0 0 2 0 3 2 0 1 0 0 0 0 0 0 0 0 0 
0 2 0 0 0 5 0 0 0 8 5 1 4 0 0 2 0 0 0 0 0 0 0 6 3 0 0 0 0 0 0 0 0 0 
0 0 0 1 0 0 0 2 4 4 2 2 0 0 0 0 2 3 2 0 4 2 0 0 3 7 7 5 0 0 0 0 0 0 
0 0 0 0 0 0 0 0 2 0 1 0 0 2 0 0 1 0 2 0 6 3 0 0 0 0 0 0 0 0 0 0 0 0 
1 6 4 3 5 5 0 5 0 0 0 4 0 1 0 0 0 0 0 0 0 1 0 0 0 0 0 0 0 0 0 0 0 0 
2 4 0 3 5 0 4 4 0 0 0 2 1 0 0 3 0 6 0 0 5 3 0 0 3 0 4 2 0 0 0 0 0 0 
0 2 0 1 3 1 2 4 0 0 0 0 2 0 0 3 2 2 0 0 3 2 0 0 2 0 2 1 0 0 0 0 0 0 
4 0 4 0 0 0 0 0 0 0 0 0 0 0 5 0 0 0 0 0 0 0 0 5 0 6 2 1 0 0 0 3 0 0 
3 2 3 0 0 0 3 0 0 0 0 0 3 1 0 1 4 0 0 0 0 2 0 0 2 5 0 1 0 0 0 0 0 0 
2 0 0 0 0 2 2 0 0 0 0 0 6 3 0 2 0 4 2 2 0 1 0 0 4 0 3 1 0 0 0 0 0 0 
0 2 4 0 0 3 1 0 2 0 0 0 4 3 0 0 0 0 1 5 0 0 0 5 5 0 0 0 6 2 0 0 0 0 
0 1 3 2 0 1 0 0 0 0 0 0 2 1 0 0 0 4 0 4 0 1 0 0 0 3 0 1 4 2 0 0 0 3 
4 0 0 0 0 0 0 0 0 0 0 0 0 0 5 5 5 0 4 2 1 0 0 2 2 6 0 0 0 0 6 8 5 1 
3 0 3 0 0 0 0 0 0 2 0 0 2 0 3 1 3 2 1 0 0 0 0 0 0 5 2 0 2 0 3 2 3 2 
400 280
0 0 0 1
0 0 1 0
0 0 0 1
0 0 1 0
0 30 0 24
0 30 0 31
0 30 4 30
1 5 1 4
1 5 1 9
1 5 2 5
2 14 2 11
2 14 2 21
2 14 7 14
2 14 2 11
2 14 2 21
2 14 7 14
2 28 2 21
2 28 1 28
2 28 3 28
4 12 4 10
4 12 4 13
4 12 3 12
4 12 5 12
5 9 5 3
5 9 5 10
5 9 4 9
5 9 6 9
7 14 7 0
7 14 7 30
7 14 27 14
7 33 7 32
7 33 1 33
7 33 31 33
9 1 9 2
9 1 11 1
9 1 9 2
9 1 11 1
12 23 12 20
12 23 12 24
12 23 8 23
12 23 19 23
13 0 13 2
13 0 8 0
13 0 17 0
13 0 13 2
13 0 8 0
13 0 17 0
13 2 13 3
13 2 9 2
13 2 14 2
13 2 13 3
13 24 13 25
13 24 12 24
13 24 14 24
16 21 16 17
16 21 16 22
16 21 13 21
16 21 17 21
17 0 17 1
17 0 24 0
17 1 17 2
17 1 15 1
17 1 20 1
17 32 17 31
17 32 11 32
17 32 32 32
21 9 21 5
21 9 21 10
21 9 19 9
21 9 22 9
21 9 21 5
21 9 21 10
21 9 19 9
21 9 22 9
22 25 22 24
22 25 22 26
22 25 19 25
22 25 27 25
22 27 22 26
22 27 15 27
22 27 25 27
24 1 24 2
24 1 21 1
24 1 25 1
24 1 24 2
24 1 21 1
24 1 25 1
32 31 32 30
32 31 32 32
32 31 27 31
32 31 33 31
32 31 32 30
32 31 32 32
32 31 27 31
32 31 33 31
33 25 33 18
33 25 33 26
33 25 32 25
0 7 0 4
0 7 0 9
0 7 0 4
0 7 0 9
0 9 0 21
0 9 1 9
0 33 0 32
1 3 1 0
1 3 0 3
1 3 4 3
1 3 1 0
1 3 0 3
1 3 4 3
1 5 1 9
1 5 2 5
1 9 1 12
1 9 4 9
2 5 2 4
2 5 2 7
2 5 4 5
2 5 2 4
2 7 3 7
2 11 2 10
2 11 3 11
3 4 4 4
3 6 3 7
3 6 4 6
3 6 4 6
3 6 4 6
3 12 4 12
3 21 3 16
3 21 3 26
3 21 2 21
3 29 3 28
3 29 1 29
3 29 3 28
3 29 1 29
4 3 4 1
4 3 5 3
4 5 4 6
4 7 4 9
4 12 4 10
4 12 5 12
5 9 5 3
5 9 4 9
6 7 6 3
7 33 7 32
7 33 31 33
8 0 8 4
8 0 7 0
9 2 9 3
9 22 9 21
16 21 16 17
16 21 16 22
16 21 13 21
17 1 17 2
17 1 15 1
17 1 20 1
18 8 18 6
18 8 17 8
18 8 18 6
18 8 17 8
19 9 19 6
19 9 19 12
19 9 13 9
19 9 19 6
19 12 19 13
19 12 12 12
19 12 21 12
19 12 19 13
19 12 12 12
19 13 15 13
19 13 23 13
20 10 21 10
21 12 21 11
21 12 25 12
23 13 24 13
31 33 32 33
32 30 32 25
32 30 7 30
32 30 33 30
32 30 32 25
33 25 33 26
33 25 32 25
33 28 33 30
33 30 33 28
33 33 33 32
33 33 33 32
1 0 7 0
1 9 1 12
1 9 4 9
1 12 1 19
1 19 1 20
1 28 1 26
1 28 2 28
2 10 4 10
4 1 5 1
5 2 5 3
6 3 5 3
7 0 7 14
7 30 7 14
7 30 7 32
7 30 4 30
7 32 7 30
7 32 5 32
7 32 9 32
8 31 9 31
9 2 9 3
9 21 9 19
9 21 8 21
9 21 10 21
9 21 9 19
9 21 8 21
10 21 10 20
10 21 11 21
11 16 19 16
12 12 12 10
12 12 12 13
12 12 9 12
12 12 12 10
13 3 15 3
13 18 12 18
15 7 15 6
15 11 17 11
15 13 14 13
16 17 12 17
16 17 22 17
17 11 17 10
19 16 19 15
19 16 11 16
19 16 20 16
19 16 19 15
19 16 20 16
19 23 19 24
19 23 12 23
19 23 21 23
19 23 19 24
19 23 21 23
19 23 19 24
20 10 21 10
20 22 20 21
21 10 22 10
21 23 21 24
21 23 27 23
21 23 21 24
21 23 27 23
27 31 19 31
33 32 32 32
1 25 1 22
5 32 5 31
5 32 4 32
5 32 5 31
6 31 5 31
7 30 4 30
8 31 9 31
9 18 9 15
9 18 10 18
9 18 9 15
9 18 10 18
10 18 10 15
10 18 12 18
12 10 12 9
12 10 9 10
12 10 16 10
12 10 12 9
12 17 12 18
13 18 12 18
15 13 14 13
16 10 17 10
18 31 17 31
19 15 20 15
20 22 20 21
21 15 25 15
32 32 17 32
1 22 0 22
8 17 8 21
12 17 12 18
12 20 12 23
13 13 12 13
18 31 17 31
21 15 25 15
12 13 9 13

8080

4 2   2 2 = = 4 = 4 - - - - - - - - - - - 2 3   3 - - - - - 5 2 2 1 
5 = = 6 1 5 = = = 7 = = 3 - - - - - - 2 1   2 - - 1 1 - 3 2 |     1 
|     ǁ 2 6 - 2   ǁ 2 4 = = 6 = = = = = = 5 - - - - - - 5 ǁ |     | 
|     ǁ 1 | 4 2   ǁ | 1 2   ǁ 2 2 - - - - 5 - - - - 3 1 4 4 |     | 
| 2 - 4 1 3 4 1 - 5 3 = 7 1 ǁ 4                             7   3 | 
| 1 2 5 = = = = = 6 1   2   ǁ 4             4 4     4 3 2   ǁ 3 4 | 
|     2 - - - 1   1         ǁ 2 2     3     3 3   2 2   1   ǁ 1 | | 
4 = = = = = = = = = = = = = 7 = = = = = = = = = = = = = = = 7 = 6 5 
4 - - - 3   1   1 2 3 1 2 3 |     1 - - - 3   3 2   1 3 4 2 | 2 | ǁ 
ǁ 4 5 2   3 5   6 5 4 1 4 2 | 2 = = 4 2 = 6 1 |   1 2       | 5 2 ǁ 
ǁ ǁ |     3 3     3 |   | | | 1 - - 4   1 3   |   3 4 1     |   1 ǁ 
ǁ 2 |     1 1     2 |   | | |   2   |     1   |       2   3 | 3 3 ǁ 
ǁ   |     2 4   4 2 6 = 6 3 |   ǁ 3 5   3 = = 7 6 4 5 3   2 | 1 | ǁ 
6 = 6 3           1 |   ǁ 1 |   ǁ | 2     2   ǁ 5 2   1   2 | 2 | ǁ 
ǁ 1 2 |     3     | |   ǁ 2 |   ǁ |       ǁ   ǁ 4 2         |   | ǁ 
ǁ 3 1 2     2 1   | | 1 ǁ 4 |   ǁ |       ǁ   ǁ 2 2   3     |   | ǁ 
ǁ ǁ               | 2 | ǁ | |   ǁ 4 = = = 7 2 ǁ       |     |   | ǁ 
4 7 4 1   5     5 | 2 2 ǁ | |   ǁ |       1   ǁ   3   |     | 5 5 ǁ 
| ǁ 3 3     2 = 4 |     ǁ | |   ǁ |           ǁ       |   3 | 2 ǁ ǁ 
| ǁ   1     3 = = 6 - - 6 4 | 3 6 |           7 4 3   |     | 1 ǁ ǁ 
| 2 4 3     2     ǁ 2   | | | 1 2 |   2   3 2 ǁ 1 |   |     | | ǁ ǁ 
| 2       5 = = = 8 5 1 4 | | 2   |           6 3 |   |     | | ǁ ǁ 
| ǁ   1       2 4 4 2 2 | | | ǁ 2 3 2   4 2   ǁ 3 7 7 5     | | ǁ ǁ 
| ǁ             2   1   | 2 | ǁ 1   2   6 3   ǁ   |   |     | | ǁ ǁ 
1 6 4 3 5 5   5       4 | 1 | ǁ           1   ǁ   |   |     | | ǁ ǁ 
2 4   3 5   4 4       2 1   | 3   6     5 3   ǁ 3 | 4 2     | | ǁ ǁ 
  2   1 3 1 2 4         2   | 3 2 2     3 2   ǁ 2 | 2 1     | | ǁ ǁ 
4   4                       5                 5   6 2 1     | 3 ǁ ǁ 
3 2 3       3           3 1   1 4         2     2 5   1     | ǁ ǁ ǁ 
2         2 2           6 3   2   4 2 2   1     4   3 1     | ǁ ǁ ǁ 
  2 4     3 1   2       4 3         1 5       5 5       6 2 | ǁ ǁ ǁ 
  1 3 2   1             2 1       4   4   1       3   1 4 2 | ǁ ǁ 3 
4                           5 5 5   4 2 1     2 2 6 = = = = 6 8 5 1 
3   3             2     2   3 1 3 2 1 - - - - - - 5 2   2 = 3 2 3 2 
