34 34
3 0 0 5 4 0 4 0 0 6 0 0 0 4 0 4 4 4 0 4 2 0 0 0 0 0 0 0 3 4 0 0 4 3 
5 3 1 0 0 2 0 0 0 0 1 0 0 0 0 0 0 6 0 8 0 0 0 0 0 4 3 0 7 8 0 4 3 4 
4 2 0 0 5 5 4 1 2 0 3 5 0 1 0 0 0 0 1 0 1 0 0 2 0 0 3 2 0 0 2 7 5 3 
0 0 0 0 3 1 3 2 0 0 3 0 0 0 0 0 0 0 0 0 0 0 0 0 0 0 0 3 0 0 0 4 0 2 
0 5 0 7 0 0 7 6 5 0 0 0 0 0 0 0 0 0 0 0 2 0 0 0 1 7 4 4 0 6 3 0 0 3 
0 0 0 0 2 0 0 4 0 0 0 0 0 0 0 0 0 0 0 0 0 0 0 0 0 2 0 0 0 3 1 0 0 0 
0 0 0 0 0 0 0 0 0 0 6 8 0 0 0 0 0 4 0 0 0 1 0 5 0 0 0 0 7 0 0 6 6 6 
0 5 2 0 6 0 7 4 4 0 4 7 0 0 5 5 2 2 0 0 0 2 0 0 4 0 0 3 0 2 4 0 0 0 
0 4 1 0 4 3 6 4 3 0 3 7 4 1 0 0 1 0 0 0 0 0 0 0 4 4 0 0 0 0 0 0 0 0 
0 1 0 0 0 0 3 6 3 0 0 0 4 0 0 0 4 5 0 0 0 0 0 0 2 0 0 0 0 0 0 0 4 0 
4 0 0 7 0 0 3 7 4 0 3 0 0 2 0 0 0 0 0 0 4 8 2 0 0 0 0 0 0 4 4 0 3 0 
2 3 3 0 2 5 2 0 2 0 2 0 0 0 0 0 0 0 0 0 1 0 0 0 0 0 0 0 0 0 0 0 0 0 
0 0 0 0 0 0 0 0 2 0 2 0 0 0 0 0 4 7 4 0 0 0 0 0 6 6 0 4 0 0 0 0 1 0 
0 0 0 0 4 5 0 8 6 0 0 0 3 0 0 0 1 0 0 0 5 4 0 0 4 4 4 0 0 0 0 0 2 0 
0 0 0 0 0 0 0 0 0 0 4 0 0 0 0 0 0 0 0 0 0 0 0 0 0 0 0 0 0 3 0 7 4 0 
0 0 4 0 0 0 0 0 0 0 0 0 0 3 3 0 0 0 2 0 6 0 0 6 0 0 8 4 0 3 0 6 4 4 
1 0 2 0 0 0 0 0 0 0 0 0 5 0 0 6 3 0 0 0 0 2 2 5 3 1 0 1 0 4 0 4 0 0 
2 0 1 0 0 0 0 0 0 0 0 0 3 2 1 0 1 0 0 0 0 0 4 4 2 0 0 0 0 0 1 0 0 0 
4 6 4 0 0 0 0 0 0 0 4 0 2 0 0 7 5 0 0 0 0 4 0 0 0 0 0 0 0 2 2 0 0 0 
0 0 0 0 0 0 0 0 0 0 0 0 0 0 0 0 4 0 0 0 0 0 6 0 0 0 7 1 0 0 0 0 0 0 
0 0 3 0 0 0 0 0 0 0 0 0 0 0 0 0 0 0 0 0 5 4 4 3 1 4 6 1 0 4 0 8 6 4 
0 0 0 0 0 0 0 2 0 0 0 0 0 0 0 0 0 0 0 0 3 0 0 0 0 4 1 0 0 2 0 0 4 2 
0 0 3 0 0 0 3 0 3 0 0 0 0 0 0 0 5 6 0 7 0 0 0 0 0 0 0 0 6 0 0 7 5 3 
0 0 3 0 4 0 6 2 0 0 0 0 0 0 0 0 3 5 2 0 2 0 0 5 0 0 0 0 0 3 0 5 3 0 
2 0 0 0 0 0 0 0 0 0 0 0 0 0 0 0 0 4 4 0 4 0 0 6 0 0 0 5 2 0 4 6 4 2 
0 0 0 0 0 0 0 0 0 0 0 0 0 0 0 0 0 1 2 0 4 2 0 3 2 0 0 2 0 0 4 4 4 3 
0 0 0 0 0 0 0 0 0 0 4 6 0 0 0 7 0 0 0 7 0 0 0 0 0 0 0 0 0 7 0 0 5 5 
0 0 4 8 0 0 0 0 0 8 0 0 5 1 1 0 1 5 4 5 0 0 0 0 0 0 0 4 4 0 1 3 1 1 
0 0 2 0 0 0 0 0 0 0 2 0 0 3 4 0 3 6 0 0 0 0 0 3 3 6 4 4 3 0 2 8 4 3 
0 0 5 7 0 0 2 0 0 0 0 0 0 0 0 0 0 0 2 2 2 5 1 0 3 8 0 0 0 8 2 0 3 5 
0 0 2 6 5 0 2 0 0 0 5 0 7 7 4 0 4 3 4 4 0 6 0 7 0 7 4 0 4 7 4 0 0 0 
0 0 0 3 3 1 0 0 0 0 1 2 3 4 3 0 4 3 1 0 0 4 2 0 2 5 0 0 4 5 4 0 0 0 
5 5 0 0 0 0 0 0 0 7 0 0 0 0 0 6 0 0 0 0 0 0 0 7 0 0 0 0 0 0 0 7 5 3 
2 4 0 0 0 0 4 2 1 4 3 4 2 2 0 4 0 0 3 4 0 0 0 5 0 0 0 0 0 2 1 4 4 2 
400 686
0 3 0 0
0 3 0 4
0 3 4 3
0 9 0 6
0 9 0 13
0 9 27 9
0 9 0 6
0 9 0 13
0 9 27 9
0 13 0 15
0 13 2 13
0 15 0 16
0 15 7 15
0 15 0 16
0 16 0 17
0 16 7 16
0 17 0 19
0 17 1 17
0 17 0 19
0 19 0 20
0 19 1 19
1 0 1 1
1 0 0 0
1 0 2 0
1 5 2 5
1 10 2 10
1 17 1 19
1 17 6 17
1 19 1 17
1 19 1 25
1 19 22 19
1 19 1 25
1 19 22 19
1 25 1 26
1 25 4 25
1 28 1 26
1 28 1 29
1 28 0 28
1 28 6 28
1 29 1 28
1 29 1 31
1 29 0 29
1 29 4 29
1 29 1 28
1 29 1 31
1 29 0 29
1 31 1 32
1 31 2 31
2 4 2 5
2 4 0 4
2 4 3 4
2 18 12 18
2 31 2 30
2 31 2 32
2 31 3 31
4 1 4 3
4 1 2 1
4 1 7 1
4 6 4 3
4 6 4 7
4 6 3 6
4 6 7 6
4 8 4 7
4 8 2 8
4 8 7 8
4 25 4 24
4 25 4 26
4 25 5 25
4 25 4 26
4 25 5 25
4 25 4 26
5 4 7 4
5 7 4 7
5 7 7 7
5 7 4 7
5 7 7 7
6 10 6 11
6 10 3 10
6 10 7 10
6 10 6 11
6 10 3 10
6 10 7 10
6 11 2 11
6 11 7 11
6 11 2 11
6 11 7 11
6 11 7 11
6 11 7 11
6 17 1 17
6 17 7 17
6 17 7 17
6 33 6 32
6 33 4 33
6 33 15 33
6 33 6 32
6 33 4 33
6 33 15 33
7 10 7 11
7 10 8 10
7 14 7 11
7 14 7 15
7 14 15 14
8 1 8 2
8 1 7 1
8 1 9 1
8 1 7 1
8 11 8 10
8 11 8 12
8 11 7 11
8 11 26 11
8 25 8 24
8 25 12 25
8 25 8 24
8 25 12 25
9 12 8 12
9 12 13 12
9 12 8 12
9 12 13 12
9 32 6 32
9 32 10 32
9 32 6 32
9 32 10 32
10 3 10 0
10 3 10 6
10 3 4 3
10 3 27 3
10 7 10 6
10 7 10 8
10 7 9 7
10 7 13 7
10 21 10 20
10 21 10 22
10 21 7 21
10 21 13 21
10 21 10 20
10 21 10 22
10 21 7 21
10 21 13 21
11 5 11 4
11 5 11 6
11 5 13 5
12 17 12 16
12 17 12 18
12 17 9 17
12 17 22 17
12 18 12 17
12 18 15 18
12 24 12 25
12 24 9 24
12 24 13 24
12 24 12 25
12 24 9 24
12 24 13 24
13 7 13 5
13 7 13 8
13 7 10 7
13 7 21 7
13 8 13 7
13 8 12 8
13 8 22 8
13 8 13 7
13 8 12 8
13 12 16 12
13 20 13 21
13 20 11 20
13 20 15 20
14 10 12 10
14 10 18 10
14 10 12 10
14 10 18 10
14 31 14 29
14 31 14 32
14 31 6 31
14 31 15 31
15 2 11 2
15 2 16 2
15 2 11 2
15 2 16 2
15 18 23 18
15 20 15 23
15 20 13 20
15 20 20 20
15 20 15 23
15 20 20 20
15 23 15 26
15 23 6 23
15 23 16 23
15 23 15 26
15 26 15 27
15 26 13 26
15 26 19 26
15 33 15 32
15 33 20 33
16 12 16 15
16 12 17 12
16 12 16 15
16 12 17 12
16 15 16 16
16 15 7 15
16 15 18 15
16 15 16 16
17 30 18 30
18 10 26 10
18 15 18 12
18 15 18 16
18 15 26 15
18 21 16 21
18 21 20 21
18 21 16 21
18 21 20 21
19 16 18 16
19 16 22 16
19 16 18 16
19 16 22 16
19 22 19 26
19 22 17 22
19 22 20 22
19 22 19 26
19 22 17 22
19 22 20 22
19 26 19 27
19 26 15 26
19 26 20 26
19 26 20 26
20 26 20 25
20 26 20 27
20 26 21 26
20 26 20 25
20 31 20 29
20 31 20 32
20 31 16 31
20 31 22 31
20 31 20 29
20 31 20 32
20 31 16 31
20 31 22 31
20 32 20 33
20 32 15 32
20 32 21 32
20 32 20 33
20 33 21 33
21 32 21 33
21 32 22 32
21 32 22 32
22 17 22 16
22 17 12 17
22 17 23 17
22 17 22 16
22 17 23 17
22 31 22 28
22 31 22 32
22 31 23 31
24 27 24 23
24 27 24 28
24 27 25 27
26 19 26 15
26 19 26 29
26 19 22 19
26 19 27 19
26 33 26 32
26 33 25 33
26 33 27 33
27 3 27 2
27 3 27 9
27 3 10 3
27 3 29 3
27 9 27 3
27 9 27 12
27 9 32 9
27 17 27 16
27 17 27 18
27 17 28 17
28 25 28 24
28 25 28 26
28 25 29 25
28 25 28 24
28 25 28 26
28 25 29 25
28 26 28 27
28 26 30 26
28 27 28 28
28 27 27 27
28 27 28 28
28 31 28 30
28 31 28 32
28 31 27 31
28 31 32 31
28 31 28 30
28 31 28 32
28 31 27 31
28 31 32 31
29 2 29 3
29 2 28 2
29 2 30 2
29 21 29 20
29 21 29 22
29 21 30 21
29 25 29 24
29 25 30 25
29 25 29 24
29 25 30 25
29 25 29 24
29 25 30 25
29 29 29 30
29 29 26 29
29 29 30 29
29 29 29 30
29 29 26 29
29 29 30 29
29 29 30 29
29 33 29 32
29 33 28 33
29 33 32 33
30 4 30 3
30 4 30 6
30 4 31 4
30 10 30 12
30 10 28 10
30 10 31 10
30 13 30 12
30 13 30 14
30 13 28 13
30 13 31 13
30 23 30 21
30 23 30 25
30 23 28 23
30 23 32 23
30 26 30 25
30 26 30 28
30 26 30 25
30 30 30 29
30 30 31 30
30 30 30 29
30 30 31 30
31 5 31 4
31 22 31 21
31 24 31 25
31 30 31 29
31 30 33 30
32 0 32 1
32 0 24 0
32 0 33 0
32 23 32 15
32 23 30 23
32 23 33 23
32 23 32 15
32 23 33 23
32 23 33 23
33 19 33 18
33 19 33 23
33 19 33 18
33 19 33 23
33 29 31 29
33 29 31 29
33 31 33 32
33 31 32 31
33 31 33 32
33 31 32 31
33 32 33 33
33 32 32 32
33 33 32 33
0 6 0 4
0 6 2 6
0 20 0 28
0 29 0 28
0 29 0 32
0 32 0 33
0 32 1 32
0 32 0 33
0 33 1 33
1 2 1 1
1 5 2 5
1 33 1 32
1 33 2 33
1 33 2 33
2 11 2 10
2 31 2 30
2 31 2 32
2 31 3 31
3 10 2 10
3 31 3 33
3 31 6 31
4 7 4 6
4 7 4 8
4 33 3 33
5 4 7 4
6 21 6 23
6 31 6 28
6 31 6 32
6 31 14 31
6 31 6 28
7 2 7 1
7 4 7 6
7 4 8 4
7 4 7 6
7 4 8 4
7 14 7 15
7 14 15 14
7 15 7 16
7 24 7 27
7 24 8 24
7 24 7 27
7 24 8 24
7 30 7 29
7 30 10 30
7 30 7 29
7 30 10 30
8 4 8 5
8 11 8 10
8 11 8 12
8 11 26 11
8 13 10 13
8 16 9 16
9 16 9 17
9 16 12 16
9 16 9 17
9 17 12 17
10 10 11 10
10 13 15 13
10 20 4 20
10 29 10 30
10 29 14 29
10 29 10 30
10 29 14 29
10 32 12 32
11 2 11 1
11 8 10 8
11 10 10 10
12 16 13 16
13 20 13 21
13 24 13 25
13 26 13 25
13 26 15 26
13 26 13 25
13 32 14 32
14 31 14 32
14 31 15 31
14 32 13 32
15 13 15 14
15 26 15 27
15 31 15 29
15 31 15 32
15 31 16 31
15 31 15 29
16 16 17 16
16 25 16 24
16 31 16 29
17 13 17 12
17 13 17 14
17 22 17 23
17 22 16 22
17 23 17 24
17 23 16 23
17 23 17 24
18 10 26 10
18 15 18 12
18 15 18 16
18 15 26 15
18 30 18 29
20 22 20 21
20 22 20 23
20 25 20 24
20 25 21 25
20 29 18 29
20 29 21 29
21 25 21 20
22 8 22 6
22 16 23 16
22 19 22 28
22 19 26 19
22 19 22 28
22 28 22 31
22 28 6 28
22 28 24 28
23 4 23 6
23 4 13 4
23 4 23 6
23 4 13 4
23 6 23 7
23 6 22 6
23 6 23 7
23 6 22 6
23 16 23 17
24 27 24 23
24 27 25 27
24 30 24 31
24 30 25 30
24 30 24 31
24 30 25 30
24 31 24 32
24 31 23 31
24 31 25 31
24 31 24 32
25 20 25 21
25 20 24 20
25 20 25 21
25 20 24 20
25 24 25 23
25 30 25 31
25 30 27 30
25 31 25 32
25 31 27 31
26 10 26 11
26 29 26 19
26 29 23 29
26 29 23 29
26 33 26 32
26 33 25 33
27 3 27 2
27 3 29 3
27 9 27 12
27 9 32 9
27 12 27 13
27 12 30 12
27 12 30 12
27 14 28 14
27 27 27 19
27 27 27 28
27 27 27 19
27 28 28 28
28 10 30 10
28 24 28 23
29 29 30 29
30 10 30 12
30 28 30 29
30 28 31 28
30 28 31 28
31 22 31 21
31 24 31 25
31 28 31 25
31 28 31 29
32 9 32 1
32 9 32 15
32 9 33 9
32 15 32 9
32 15 26 15
32 15 33 15
32 31 32 32
33 6 33 1
33 6 33 7
33 6 33 1
33 6 33 7
33 8 33 9
33 9 33 10
33 9 32 9
33 10 33 11
33 10 33 11
33 11 33 12
33 15 33 13
33 15 33 18
33 15 33 13
0 4 0 3
2 32 2 33
4 26 4 27
4 27 3 27
4 27 7 27
4 27 3 27
6 23 2 23
6 28 1 28
7 2 7 1
8 4 8 5
8 5 8 6
8 6 8 7
8 6 7 6
8 6 9 6
8 6 8 7
8 6 7 6
10 20 4 20
11 8 10 8
12 27 12 25
12 27 15 27
12 27 12 25
12 27 15 27
13 4 13 5
13 4 11 4
13 24 13 25
15 29 16 29
16 22 16 23
16 23 16 24
16 23 16 24
20 21 20 20
21 7 13 7
21 25 21 20
23 16 23 17
23 29 23 31
24 20 24 23
24 20 23 20
25 24 25 23
26 10 26 11
26 11 26 15
26 15 26 11
26 15 26 19
27 2 23 2
27 2 28 2
28 14 28 13
28 14 30 14
28 14 28 13
29 2 29 3
29 2 30 2
30 3 30 4
30 3 29 3
30 3 31 3
30 3 30 4
30 3 29 3
30 6 29 6
30 13 30 12
30 13 30 14
30 13 31 13
30 14 31 14
31 3 31 4
31 11 31 12
31 13 31 12
31 13 31 14
31 16 31 17
31 16 30 16
31 16 31 17
31 16 30 16
31 21 31 18
31 21 30 21
31 25 30 25
32 31 32 32
33 1 33 0
33 1 32 1
33 11 33 12
1 26 2 26
2 20 2 23
2 26 2 27
3 27 2 27
4 1 4 3
4 1 2 1
10 8 10 7
13 5 11 5
20 20 21 20
23 2 22 2
23 20 23 23
23 23 24 23
25 23 24 23
29 3 29 6
30 12 31 12
30 16 30 17
30 16 28 16
30 21 30 19
30 21 30 23
30 21 29 21
30 23 28 23
31 17 30 17
32 0 32 1
32 0 24 0
32 1 18 1
32 31 32 32
1 1 1 0
2 0 1 0
2 0 10 0
2 0 10 0
10 0 10 3
11 5 11 6
18 0 18 1
18 0 17 0
18 0 18 1
18 0 17 0
23 2 22 2
23 23 24 23
28 16 28 17
28 17 28 16
28 17 27 17
28 17 30 17
28 17 27 17
29 21 29 20
30 18 30 19
30 18 29 18
30 18 30 19
30 18 29 18
30 19 29 19
0 0 0 3
4 3 4 6
4 3 10 3
16 0 11 0
17 2 18 2
18 2 18 1
18 2 20 2
18 2 18 1
20 2 22 2
27 18 27 19
29 19 27 19
11 0 11 1
11 1 18 1

4790

3 = = 5 4 - 4 = = 6 = = = 4 - 4 4 4 = 4 2 - - - - - - - 3 4 - - 4 3 
5 3 1 | | 2 |     ǁ 1     |   | | 6 = 8 = = = = = 4 3 - 7 8 = 4 3 4 
4 2   | 5 5 4 1 2 ǁ 3 5   1   | | ǁ 1 ǁ 1 - - 2   | 3 2 ǁ | 2 7 5 3 
ǁ ǁ   | 3 1 3 2 | ǁ 3 ǁ       | | ǁ | ǁ       |   |   3 ǁ |   4 - 2 
ǁ 5 = 7 = = 7 6 5 ǁ ǁ ǁ       | | ǁ | ǁ 2     | 1 7 4 4 ǁ 6 3 |   3 
ǁ |   ǁ 2   | 4 | ǁ ǁ ǁ       | | ǁ | ǁ ǁ     |   2   | ǁ 3 1 |   ǁ 
ǁ |   ǁ ǁ   | ǁ | ǁ 6 8       | | 4 | ǁ ǁ 1 - 5       | 7 = = 6 6 6 
ǁ 5 2 ǁ 6 = 7 4 4 ǁ 4 7 - - 5 5 2 2 | ǁ ǁ 2   | 4 = = 3 | 2 4 ǁ ǁ ǁ 
ǁ 4 1 ǁ 4 3 6 4 3 ǁ 3 7 4 1 ǁ | 1   | ǁ ǁ ǁ   | 4 4     |   ǁ ǁ ǁ ǁ 
ǁ 1   ǁ     3 6 3 ǁ   ǁ 4 | ǁ | 4 5 | ǁ ǁ ǁ   | 2 ǁ     |   ǁ ǁ 4 ǁ 
4 = = 7 - - 3 7 4 ǁ 3 ǁ ǁ 2 ǁ | | ǁ | ǁ 4 8 2 | ǁ ǁ     | 4 4 ǁ 3 ǁ 
2 3 3 ǁ 2 5 2 ǁ 2 ǁ 2 ǁ ǁ | ǁ | | ǁ | ǁ 1 ǁ   | ǁ ǁ     | ǁ   ǁ | ǁ 
| | ǁ ǁ | ǁ   ǁ 2 ǁ 2 ǁ ǁ | ǁ | 4 7 4 ǁ | ǁ   | 6 6 = 4 | ǁ   ǁ 1 ǁ 
| | ǁ ǁ 4 5 - 8 6 ǁ ǁ ǁ 3 | ǁ | 1 ǁ | ǁ 5 4   | 4 4 4 ǁ | ǁ   ǁ 2 ǁ 
| | ǁ ǁ ǁ     ǁ | ǁ 4 ǁ | | ǁ |   ǁ | ǁ ǁ     |     ǁ ǁ | 3 - 7 4 ǁ 
| | 4 ǁ ǁ     ǁ | ǁ ǁ ǁ | 3 3 |   ǁ 2 ǁ 6 = = 6 = = 8 4 | 3 = 6 4 4 
1 | 2 ǁ ǁ     ǁ | ǁ ǁ ǁ 5 = = 6 3 ǁ | ǁ ǁ 2 2 5 3 1 ǁ 1 | 4 - 4 | | 
2 | 1 ǁ ǁ     ǁ | ǁ ǁ ǁ 3 2 1 | 1 ǁ | ǁ ǁ ǁ 4 4 2   ǁ   |   1 ǁ | | 
4 6 4 ǁ ǁ     ǁ | ǁ 4 ǁ 2 = = 7 5 ǁ | ǁ ǁ 4 ǁ       ǁ   | 2 2 ǁ | | 
  | | ǁ ǁ     ǁ | ǁ ǁ ǁ       ǁ 4 ǁ | ǁ ǁ ǁ 6 = = = 7 1 | |   ǁ | | 
  | 3 ǁ ǁ     ǁ | ǁ ǁ ǁ       ǁ ǁ ǁ | ǁ 5 4 4 3 1 4 6 1 | 4 = 8 6 4 
  | | ǁ ǁ     2 | ǁ ǁ ǁ       ǁ ǁ ǁ | ǁ 3 = = = = 4 1   | 2   ǁ 4 2 
  | 3 ǁ ǁ   3 - 3 ǁ ǁ ǁ       ǁ 5 6 | 7 = = = = = = = = 6 = = 7 5 3 
  | 3 ǁ 4 = 6 2   ǁ ǁ ǁ       ǁ 3 5 2 ǁ 2 - - 5         | 3 - 5 3   
2 | | ǁ           ǁ ǁ ǁ       ǁ   4 4 ǁ 4 - - 6 = = = 5 2 ǁ 4 6 4 2 
ǁ | | ǁ           ǁ ǁ ǁ       ǁ   1 2 ǁ 4 2   3 2     2   ǁ 4 4 4 3 
ǁ | | ǁ           ǁ 4 6 = = = 7 = = = 7 = = = = = = = = = 7 | | 5 5 
ǁ | 4 8 = = = = = 8 = = 5 1 1 | 1 5 4 5 = = = = = = = 4 4 ǁ 1 3 1 1 
ǁ | 2 ǁ           ǁ 2   ǁ 3 4 | 3 6   |       3 3 6 4 4 3 ǁ 2 8 4 3 
ǁ | 5 7 - - 2     ǁ ǁ   ǁ | | | | | 2 2 2 5 1 ǁ 3 8 |     8 2 ǁ 3 5 
ǁ | 2 6 5 - 2     ǁ 5 = 7 7 4 | 4 3 4 4 - 6 = 7 - 7 4 - 4 7 4 ǁ   | 
ǁ |   3 3 1       ǁ 1 2 3 4 3 | 4 3 1 - - 4 2 ǁ 2 5 - - 4 5 4 ǁ   | 
5 5 - - - - - - - 7 = = = = = 6 = = = = = = = 7           ǁ | 7 5 3 
2 4 = = = = 4 2 1 4 3 4 2 2 = 4 - - 3 4 = = = 5           2 1 4 4 2 
