34 34
4 2 0 2 2 0 0 4 0 4 0 0 0 0 0 0 0 0 0 0 0 3 4 0 4 0 0 0 0 0 6 2 2 1 
6 0 0 6 1 5 0 0 0 7 0 0 4 0 0 0 0 0 0 3 1 0 3 0 0 1 2 0 4 2 0 0 0 1 
0 0 0 0 2 7 0 2 0 0 2 5 0 0 6 0 0 0 0 0 0 6 0 0 0 0 0 0 5 0 0 0 0 0 
0 0 0 0 1 0 4 2 0 0 0 2 2 0 0 2 2 0 0 0 0 5 0 0 0 0 4 2 4 4 0 0 0 0 
0 3 0 6 2 4 4 2 0 6 3 0 8 2 0 5 0 0 0 0 0 0 0 0 0 0 0 0 0 0 7 0 3 0 
0 1 2 6 0 0 0 0 0 6 1 0 2 0 0 6 0 0 0 0 0 0 6 4 0 0 5 3 2 0 0 4 4 0 
0 0 0 3 0 0 0 1 0 1 0 0 0 0 0 2 2 0 0 4 0 0 5 3 0 2 3 0 1 0 0 2 0 0 
5 0 0 0 0 0 0 0 0 0 0 0 0 0 7 0 0 0 0 0 0 0 0 0 0 0 0 0 0 0 8 0 7 5 
4 0 0 0 5 0 2 0 2 2 3 1 2 3 0 0 0 1 0 0 0 4 0 4 2 0 1 4 4 2 0 2 0 0 
0 4 6 2 0 3 5 0 8 5 4 2 6 3 0 2 0 0 4 2 0 7 2 0 0 1 2 0 0 0 0 5 2 0 
0 0 0 0 0 4 3 0 0 3 0 0 0 0 0 1 0 0 5 0 2 3 0 0 0 3 4 2 0 0 0 0 1 0 
0 2 0 0 0 2 1 0 0 2 0 0 0 0 0 0 2 0 0 0 0 1 0 0 0 0 0 2 0 3 0 4 3 0 
0 0 0 0 0 2 4 0 5 2 7 0 6 4 0 0 0 3 6 0 4 0 0 7 7 4 6 4 0 2 0 2 0 0 
6 0 8 4 0 0 0 0 0 2 0 0 0 2 0 0 0 0 2 0 0 2 0 0 6 2 0 1 0 2 0 2 0 0 
0 2 2 0 0 0 4 0 0 0 0 0 0 2 0 0 0 0 0 0 0 0 0 0 4 2 0 0 0 0 0 0 0 0 
0 4 2 2 0 0 3 1 0 0 0 2 0 4 0 0 0 0 0 0 0 0 0 0 2 2 0 3 0 0 0 0 0 0 
0 0 0 0 0 0 0 0 0 0 3 0 0 0 0 0 0 4 0 0 0 8 2 0 0 0 0 0 0 0 0 0 0 0 
4 7 5 1 0 6 0 0 5 0 2 3 0 0 0 0 0 0 0 0 0 2 0 0 0 4 0 0 0 0 0 5 5 0 
0 0 4 3 0 0 2 0 4 0 0 0 0 0 0 0 0 0 0 0 0 0 0 0 0 0 0 0 0 4 0 2 0 0 
0 0 0 1 0 0 3 0 0 7 0 0 7 6 0 4 8 0 0 0 0 0 0 8 4 4 0 0 0 0 0 1 0 0 
0 2 5 3 0 0 2 0 0 0 2 0 0 0 0 2 4 0 0 3 0 3 2 0 1 0 0 0 0 0 0 0 0 0 
0 2 0 0 0 6 0 0 0 8 6 2 5 0 0 2 0 0 0 0 0 0 0 6 3 0 0 0 0 0 0 0 0 0 
0 0 0 1 0 0 0 2 4 4 4 2 0 0 0 0 4 4 2 0 4 2 0 0 4 8 8 5 0 0 0 0 0 0 
0 0 0 0 0 0 0 0 2 0 2 0 0 4 0 0 2 0 2 0 7 4 0 0 0 0 0 0 0 0 0 0 0 0 
1 6 4 4 8 5 0 5 0 0 0 4 0 2 0 0 0 0 0 0 0 1 0 0 0 0 0 0 0 0 0 0 0 0 
2 4 0 3 6 0 5 6 0 0 0 2 1 0 0 3 0 6 0 0 5 3 0 0 4 0 4 3 0 0 0 0 0 0 
0 2 0 1 3 1 3 6 0 0 0 0 2 0 0 3 2 2 0 0 3 2 0 0 2 0 2 2 0 0 0 0 0 0 
5 0 7 0 0 0 0 0 0 0 0 0 0 0 6 0 0 0 0 0 0 0 0 6 0 8 3 1 0 0 0 3 0 0 
3 2 4 0 0 0 4 0 0 0 0 0 5 1 0 1 4 0 0 0 0 2 0 0 2 6 0 2 0 0 0 0 0 0 
3 0 0 0 0 3 2 0 0 0 0 0 8 4 0 2 0 4 2 3 0 1 0 0 4 0 4 2 0 0 0 0 0 0 
0 3 4 0 0 4 1 0 3 0 0 0 5 4 0 0 0 0 2 7 0 0 0 5 6 0 0 0 6 3 0 0 0 0 
0 2 3 2 0 2 0 0 0 0 0 0 3 2 0 0 0 4 0 4 0 1 0 0 0 3 0 1 4 2 0 0 0 4 
6 0 0 0 0 0 0 0 0 0 0 0 0 0 7 7 7 0 4 2 1 0 0 2 3 7 0 0 0 0 7 8 6 2 
3 0 3 0 0 0 0 0 0 2 0 0 2 0 4 2 4 2 2 0 0 0 0 0 0 6 2 0 2 0 3 2 4 2 
400 628
0 0 0 1
0 0 1 0
0 0 0 1
0 0 1 0
0 30 0 24
0 30 0 31
0 30 4 30
0 30 0 24
0 30 0 31
0 30 4 30
1 0 1 3
1 0 7 0
1 5 1 4
1 5 1 9
1 5 2 5
2 11 2 10
2 11 2 14
2 11 3 11
2 14 2 11
2 14 2 21
2 14 7 14
2 28 2 21
2 28 1 28
2 28 3 28
4 1 4 3
4 1 5 1
4 1 4 3
4 3 4 4
4 3 1 3
4 3 5 3
4 3 4 4
4 12 4 10
4 12 4 13
4 12 3 12
4 12 5 12
4 12 4 10
4 12 4 13
4 12 3 12
4 12 5 12
4 15 4 30
4 15 3 15
4 15 5 15
5 3 5 2
5 3 5 9
5 3 6 3
5 3 5 2
5 3 5 9
5 9 5 10
5 9 4 9
5 9 6 9
5 9 4 9
5 15 5 22
5 15 4 15
5 15 6 15
5 15 5 22
5 15 4 15
5 22 5 23
5 22 6 22
5 22 5 23
5 22 6 22
5 23 5 26
5 23 6 23
5 26 5 27
5 26 6 26
5 26 5 27
5 26 6 26
7 30 7 14
7 30 7 32
7 30 4 30
7 30 32 30
7 30 7 14
7 30 7 32
7 30 4 30
7 30 32 30
7 32 7 33
7 32 5 32
7 32 9 32
7 33 7 32
7 33 1 33
7 33 31 33
8 4 8 0
8 4 8 6
8 4 24 4
8 31 9 31
9 1 9 2
9 1 11 1
9 1 9 2
9 1 11 1
9 2 9 3
9 2 13 2
9 8 9 6
9 8 9 9
9 8 8 8
9 8 12 8
9 8 9 6
9 8 9 9
9 8 8 8
9 8 12 8
9 21 9 19
9 21 9 22
9 21 8 21
9 21 10 21
12 10 12 9
12 10 12 12
12 10 9 10
12 10 16 10
12 23 12 20
12 23 12 24
12 23 8 23
12 23 19 23
13 0 13 2
13 0 8 0
13 0 17 0
13 0 13 2
13 0 8 0
13 0 17 0
13 2 13 3
13 2 9 2
13 2 14 2
13 24 13 25
13 24 12 24
13 24 14 24
13 24 13 25
13 24 12 24
13 24 14 24
14 6 12 6
14 6 15 6
14 6 12 6
14 6 15 6
14 24 14 25
14 24 15 24
14 25 15 25
16 21 16 17
16 21 16 22
16 21 13 21
16 21 17 21
16 21 16 17
16 21 16 22
16 21 13 21
16 21 17 21
17 0 17 1
17 0 24 0
17 1 17 2
17 1 15 1
17 1 20 1
17 5 17 8
17 5 12 5
17 5 21 5
17 5 17 8
17 5 12 5
17 5 21 5
17 25 15 25
17 25 19 25
17 25 19 25
17 31 17 32
17 31 13 31
17 31 18 31
18 29 13 29
18 29 30 29
18 29 13 29
18 29 30 29
19 9 19 6
19 9 19 12
19 9 13 9
19 9 21 9
19 16 19 15
19 16 19 23
19 16 11 16
19 16 20 16
19 16 19 15
19 16 19 23
19 16 11 16
19 16 20 16
19 23 19 24
19 23 12 23
19 23 21 23
19 25 19 24
19 25 22 25
20 22 20 21
21 5 21 9
21 5 24 5
21 5 21 9
21 5 24 5
21 9 21 10
21 9 19 9
21 9 22 9
22 26 22 25
22 26 22 27
22 26 12 26
22 26 25 26
22 26 22 25
22 26 22 27
22 26 12 26
22 26 25 26
23 20 23 18
23 20 23 21
23 20 22 20
23 20 25 20
24 1 24 2
24 1 21 1
24 1 25 1
24 1 24 2
24 1 21 1
24 1 25 1
24 4 24 3
24 4 24 5
24 4 8 4
24 4 25 4
25 6 25 4
25 6 25 7
25 6 26 6
26 7 26 6
26 7 26 12
26 7 25 7
26 7 26 6
26 7 26 12
26 7 25 7
27 0 27 2
27 0 25 0
27 0 28 0
27 25 27 23
27 25 27 26
27 25 22 25
27 25 28 25
27 25 27 23
27 25 27 26
27 25 22 25
27 25 28 25
28 12 28 6
28 12 28 13
28 12 29 12
28 25 28 24
28 25 28 27
28 25 31 25
28 25 28 24
29 12 29 6
29 12 29 13
29 12 28 12
29 12 30 12
29 12 29 6
29 12 29 13
29 12 28 12
29 13 29 15
29 13 30 13
29 24 29 21
29 24 30 24
29 24 30 24
29 24 30 24
29 26 29 27
29 26 33 26
29 26 29 27
29 26 33 26
30 19 30 18
30 19 30 23
30 19 29 19
30 19 31 19
30 28 30 29
30 28 8 28
30 28 31 28
30 28 8 28
30 28 31 28
30 28 31 28
31 27 31 28
31 33 7 33
31 33 32 33
31 33 32 33
32 0 32 14
32 0 29 0
32 0 33 0
32 0 32 14
32 0 29 0
32 0 33 0
32 15 32 14
32 15 32 16
32 15 29 15
32 15 33 15
32 31 32 30
32 31 32 32
32 31 27 31
32 31 33 31
32 31 32 30
32 31 32 32
32 31 27 31
32 31 33 31
32 32 17 32
32 32 33 32
33 0 33 2
33 2 33 9
33 28 33 30
33 28 33 30
33 30 32 30
33 32 33 33
33 32 32 32
33 32 33 33
0 7 0 4
0 7 0 9
0 7 0 4
0 7 0 9
0 9 0 21
0 9 1 9
0 24 0 22
0 33 0 32
1 0 1 3
1 0 7 0
1 3 0 3
1 5 1 9
1 5 2 5
1 9 1 12
1 9 4 9
1 12 1 9
1 12 1 19
1 12 1 19
1 19 1 20
2 5 2 4
2 5 2 7
2 5 4 5
2 14 2 21
2 14 7 14
2 21 2 28
2 21 0 21
2 21 3 21
3 4 2 4
3 6 3 7
3 6 4 6
3 6 3 7
3 6 4 6
3 11 2 11
3 15 3 16
3 16 3 21
3 21 3 26
3 26 3 21
3 26 3 27
3 26 3 27
3 28 3 29
3 28 2 28
3 28 3 29
3 29 1 29
4 5 4 6
4 5 2 5
4 5 4 6
4 7 4 9
4 9 4 7
4 9 4 10
4 30 4 32
4 30 4 32
5 27 5 28
5 28 6 28
5 31 5 32
5 31 6 31
5 31 5 32
5 31 6 31
5 32 4 32
6 3 6 7
6 15 6 16
6 16 6 19
6 19 6 22
6 26 6 25
7 32 9 32
8 0 8 4
8 6 9 6
8 28 8 27
8 28 8 29
8 29 11 29
8 31 9 31
9 2 9 3
9 22 9 21
9 31 11 31
10 32 11 32
11 21 10 21
11 29 12 29
12 6 12 8
12 6 11 6
12 26 12 25
12 26 12 27
12 26 10 26
12 26 12 25
12 27 11 27
12 27 13 27
12 27 11 27
12 29 11 29
13 2 13 3
13 2 14 2
13 3 15 3
13 18 12 18
14 1 15 1
14 1 15 1
15 1 15 2
15 6 15 7
15 24 19 24
15 27 22 27
16 17 12 17
18 8 18 6
18 8 17 8
18 8 18 6
18 8 17 8
19 23 19 24
19 23 21 23
20 6 19 6
20 22 20 21
20 24 21 24
21 9 21 10
21 9 22 9
21 10 21 11
21 10 20 10
21 10 22 10
21 10 21 11
21 12 21 15
21 12 19 12
21 12 25 12
21 23 21 15
21 23 21 24
21 23 27 23
21 23 21 24
22 9 22 8
22 9 22 10
22 10 22 11
22 10 23 10
22 11 24 11
22 16 22 17
22 16 23 16
22 16 22 17
22 16 23 16
22 17 22 18
22 17 25 17
22 24 22 25
22 24 25 24
22 24 22 25
22 24 25 24
23 10 23 8
23 13 24 13
24 4 24 3
24 4 24 5
24 4 25 4
24 5 24 7
24 11 24 7
24 11 25 11
24 11 24 7
24 13 23 13
25 4 25 3
25 4 25 6
25 4 26 4
25 6 25 7
25 11 25 7
25 17 25 15
25 17 25 20
25 17 26 17
25 17 25 15
25 17 25 20
25 24 26 24
25 26 25 27
25 26 26 26
26 4 26 3
26 4 26 5
26 24 25 24
27 23 27 14
27 31 19 31
28 6 28 2
28 15 28 16
28 16 28 21
28 16 32 16
28 16 28 21
28 27 27 27
29 17 29 18
29 17 31 17
29 17 29 18
29 17 31 17
29 19 30 19
30 13 30 12
30 13 31 13
30 13 30 12
31 13 31 12
31 17 31 19
31 17 33 17
32 14 32 15
32 14 33 14
32 14 32 15
32 14 33 14
32 16 32 15
32 16 33 16
32 16 33 16
32 18 32 19
32 18 33 18
32 18 32 19
32 18 33 18
32 20 32 23
32 32 17 32
33 2 33 9
33 12 33 14
33 14 33 12
33 15 33 16
33 16 33 17
33 25 32 25
0 3 1 3
0 21 0 22
0 22 0 24
0 22 1 22
1 22 1 25
1 26 1 28
1 28 1 26
1 28 1 29
2 5 2 7
6 19 6 22
6 22 6 23
6 23 6 25
7 0 7 14
7 14 7 0
8 27 8 26
8 27 10 27
8 27 10 27
9 31 11 31
10 26 10 25
10 26 9 26
10 26 10 25
11 5 10 5
11 31 11 32
11 31 12 31
11 32 17 32
12 8 12 9
12 8 17 8
12 10 12 12
12 10 9 10
12 10 16 10
12 12 12 13
12 12 9 12
12 12 19 12
12 12 12 13
12 13 9 13
12 13 13 13
12 25 12 24
12 25 10 25
12 31 13 31
13 3 15 3
13 9 19 9
13 13 14 13
13 18 12 18
14 13 15 13
15 2 17 2
15 11 17 11
15 13 19 13
15 27 22 27
16 10 17 10
16 17 12 17
17 10 17 11
17 11 15 11
17 31 17 32
17 31 18 31
19 12 19 9
19 12 19 13
19 12 21 12
19 12 19 13
20 6 19 6
20 16 20 15
20 16 20 19
20 19 20 21
22 8 22 7
22 8 23 8
22 8 22 7
22 27 25 27
24 7 25 7
25 15 26 15
25 27 26 27
26 1 25 1
26 15 26 16
26 27 26 26
27 23 27 14
28 6 28 2
29 19 30 19
30 18 30 19
30 23 30 24
30 23 32 23
30 23 30 24
30 23 30 24
31 19 31 21
31 25 32 25
32 24 32 25
33 25 32 25
9 12 9 11
9 12 9 13
9 12 8 12
9 12 9 11
9 12 9 13
9 25 9 26
11 5 10 5
11 9 10 9
12 18 12 17
12 18 12 20
12 18 10 18
12 18 12 20
12 20 12 23
12 24 12 23
12 24 8 24
12 24 8 24
15 13 19 13
19 13 19 15
20 15 19 15
26 1 25 1
26 15 26 16
26 17 26 20
27 14 27 2
31 25 32 25
32 24 32 25
33 25 32 25
8 13 8 12
8 13 8 17
8 21 8 23
8 21 9 21
8 21 8 23
9 10 9 9
9 10 8 10
10 5 10 6
10 5 9 5
10 6 9 6
11 9 10 9
25 0 27 0
25 3 24 3
25 3 24 3
27 14 27 2
8 11 8 10
9 5 9 6
10 9 9 9
22 3 20 3
24 2 20 2
24 2 27 2
27 2 27 0
27 2 28 2
27 2 28 2
8 9 8 10
8 9 9 9

3475

4 2   2 2 = = 4 = 4 - - - - - - - - - - - 3 4 = 4 = = = = = 6 2 2 1 
6 = = 6 1 5 = = = 7 = = 4 = = = = = = 3 1 | 3 - - 1 2 = 4 2 ǁ     1 
ǁ     | 2 7 = 2   | 2 5 = = 6 = = = = = = 6 = = = = = = 5 | ǁ     | 
ǁ     | 1 ǁ 4 2   |   2 2   ǁ 2 2 - - - - 5 = = = = 4 2 4 4 ǁ     | 
ǁ 3 = 6 2 4 4 2 = 6 3 = 8 2 ǁ 5 - - - - - - - - - - - - - - 7 = 3 | 
ǁ 1 2 6 = = = = = 6 1   2   ǁ 6 = = = = = = 6 4 - - 5 3 2   ǁ 4 4 | 
ǁ     3 - - - 1   1         ǁ 2 2 - - 4 = = 5 3 - 2 3   1   ǁ 2 | | 
5 = = = = = = = = = = = = = 7 = = = = = = = = = = = = = = = 8 = 7 5 
4 = = = 5 - 2   2 2 3 1 2 3 - - - 1       4 = 4 2   1 4 4 2 ǁ 2 ǁ ǁ 
ǁ 4 6 2 ǁ 3 5 = 8 5 4 2 6 3   2     4 2 - 7 2 | ǁ 1 2 ǁ ǁ | ǁ 5 2 ǁ 
ǁ ǁ ǁ   ǁ 4 3   ǁ 3 ǁ   | |   1     5   2 3   | ǁ 3 4 2 ǁ | ǁ ǁ 1 ǁ 
ǁ 2 ǁ   ǁ 2 1   ǁ 2 ǁ   | |     2   |     1   | ǁ | | 2 ǁ 3 ǁ 4 3 ǁ 
ǁ   ǁ   ǁ 2 4 - 5 2 7 = 6 4     ǁ 3 6 = 4 = = 7 7 4 6 4 ǁ 2 ǁ 2 | ǁ 
6 = 8 4 ǁ ǁ ǁ   | 2 ǁ   | 2     ǁ ǁ 2     2   ǁ 6 2 ǁ 1 ǁ 2 ǁ 2 | ǁ 
ǁ 2 2 ǁ ǁ ǁ 4   | ǁ ǁ   | 2     ǁ ǁ       ǁ   ǁ 4 2 ǁ   ǁ ǁ ǁ | | ǁ 
ǁ 4 2 2 ǁ ǁ 3 1 | ǁ ǁ 2 | 4     ǁ ǁ       ǁ   ǁ 2 2 ǁ 3 ǁ ǁ ǁ | | ǁ 
ǁ | |   ǁ ǁ     | ǁ 3 ǁ | ǁ     ǁ 4 = = = 8 2 ǁ | | ǁ ǁ ǁ ǁ ǁ | | ǁ 
4 7 5 1 ǁ 6 = = 5 ǁ 2 3 | ǁ     ǁ         2   ǁ | 4 ǁ ǁ ǁ ǁ ǁ 5 5 ǁ 
| | 4 3 ǁ ǁ 2 = 4 ǁ     | ǁ     ǁ             ǁ | ǁ ǁ ǁ ǁ 4 ǁ 2 ǁ ǁ 
| |   1 ǁ ǁ 3 - - 7 = = 7 6 - 4 8 = = = = = = 8 4 4 ǁ ǁ ǁ ǁ ǁ 1 ǁ ǁ 
| 2 5 3 ǁ ǁ 2     ǁ 2   ǁ     2 4 - - 3 - 3 2 ǁ 1 | ǁ ǁ ǁ ǁ ǁ | ǁ ǁ 
| 2 | | ǁ 6 = = = 8 6 2 5 - - 2 - - - - - - - 6 3 | ǁ ǁ ǁ ǁ ǁ | ǁ ǁ 
| ǁ | 1 ǁ ǁ   2 4 4 4 2 |       4 4 2   4 2   | 4 8 8 5 ǁ ǁ ǁ | ǁ ǁ 
| ǁ |   ǁ ǁ     2 - 2 | | 4     2 | 2 - 7 4   | ǁ ǁ ǁ | ǁ ǁ ǁ | ǁ ǁ 
1 6 4 4 8 5 - 5 = = = 4 | 2       |     | 1   | ǁ ǁ ǁ | ǁ ǁ ǁ | ǁ ǁ 
2 4 | 3 6 = 5 6 - - - 2 1     3 = 6 = = 5 3   | 4 ǁ 4 3 ǁ ǁ ǁ | ǁ ǁ 
ǁ 2 | 1 3 1 3 6 = = = = 2     3 2 2 - - 3 2   | 2 ǁ 2 2 ǁ ǁ ǁ | ǁ ǁ 
5 = 7 = = = = = = = = = = = 6 = = = = = = = = 6 = 8 3 1 ǁ ǁ ǁ 3 ǁ ǁ 
3 2 4 = = = 4 - - - - - 5 1   1 4 = = = = 2     2 6 - 2 ǁ ǁ ǁ ǁ ǁ ǁ 
3         3 2 = = = = = 8 4 - 2 | 4 2 3   1 - - 4 | 4 2 ǁ ǁ ǁ ǁ ǁ ǁ 
ǁ 3 4     4 1   3       5 4   | | ǁ 2 7 - - - 5 6 | ǁ   6 3 ǁ ǁ ǁ ǁ 
ǁ 2 3 2   2             3 2   | | 4 - 4 - 1   |   3 ǁ 1 4 2 ǁ ǁ ǁ 4 
6 = = = = = = = = = = = = = 7 7 7 | 4 2 1 - - 2 3 7 ǁ       7 8 6 2 
3 - 3 = = = = = = 2     2 = 4 2 4 2 2             6 2   2 = 3 2 4 2 
