34 34
3 1 0 0 0 0 0 2 0 4 0 0 0 0 0 0 0 0 0 0 0 0 0 0 4 2 0 4 2 2 2 3 2 4 
5 0 0 0 0 0 0 0 0 0 0 0 0 0 0 0 0 0 0 0 0 0 0 0 7 0 0 8 4 6 0 7 2 0 
0 2 4 0 0 0 4 2 4 2 0 5 3 0 1 2 4 2 0 5 2 2 1 0 0 0 0 0 0 0 2 0 2 0 
0 0 0 2 4 2 0 2 6 0 0 5 0 0 0 0 7 4 3 4 0 6 3 2 0 0 0 0 0 0 0 0 0 0 
0 0 4 6 7 2 0 1 2 1 2 0 2 0 3 0 0 1 0 0 2 4 2 0 0 0 0 0 0 0 3 0 0 0 
0 0 2 0 1 0 0 4 0 5 5 0 2 0 0 0 0 0 0 0 6 8 4 4 0 0 0 0 0 0 0 0 0 0 
0 5 4 2 4 2 0 0 2 0 4 0 6 0 5 0 8 2 0 0 2 0 0 0 0 0 0 0 0 0 0 0 0 0 
0 0 0 0 0 0 0 5 4 0 2 0 4 0 2 0 0 0 0 0 0 0 0 0 0 2 0 0 0 0 3 0 0 0 
0 0 1 4 0 0 0 1 0 0 0 0 0 1 0 0 4 0 0 0 2 0 0 0 0 0 0 0 0 0 0 0 4 0 
0 0 0 0 0 0 0 0 0 0 0 0 2 0 0 0 3 0 0 0 0 0 0 0 0 0 0 0 0 0 0 0 0 0 
0 0 0 0 0 0 0 2 0 0 0 0 0 0 0 0 0 0 2 0 0 0 0 0 0 0 0 0 0 0 0 0 0 0 
4 0 0 0 0 0 0 0 0 0 0 0 0 0 0 0 0 0 0 0 0 0 0 0 0 0 0 0 0 0 0 0 0 0 
2 0 3 6 8 2 0 4 0 6 0 6 2 0 0 0 0 0 0 7 6 0 0 0 0 5 0 6 1 0 0 0 0 0 
2 0 0 0 4 2 0 2 0 5 2 0 2 0 4 2 0 5 2 0 2 0 2 0 0 0 0 0 0 0 0 0 0 0 
0 0 0 0 3 0 7 0 0 0 0 8 0 0 6 0 0 6 2 0 2 0 2 0 0 0 0 0 0 0 0 0 0 0 
0 0 0 0 3 1 0 1 3 3 2 0 2 0 7 0 2 0 0 0 3 0 0 0 0 1 0 0 0 0 0 0 0 0 
0 0 2 6 0 0 8 0 7 5 2 0 0 0 2 4 0 6 1 0 0 0 0 0 0 0 0 3 2 0 0 0 0 0 
0 0 1 5 2 1 4 1 2 3 2 0 0 1 0 3 2 3 0 0 3 7 8 4 0 0 0 0 0 0 0 0 0 0 
5 4 0 0 0 0 0 0 0 0 0 6 0 0 0 0 0 0 0 7 4 0 0 2 0 4 0 0 0 7 4 0 0 0 
0 0 3 0 0 5 0 0 0 3 2 0 0 0 1 0 3 0 0 0 0 0 5 4 0 4 0 2 0 0 2 0 0 0 
0 0 0 0 0 0 0 0 0 2 3 0 2 0 0 0 8 0 0 4 3 0 0 2 0 0 0 4 0 6 6 0 0 0 
0 0 0 0 0 5 0 3 0 2 0 0 1 3 0 0 7 3 2 0 3 0 5 4 0 2 0 0 0 1 2 0 0 4 
0 0 0 0 0 2 0 0 0 0 0 0 2 0 0 0 6 4 0 0 0 0 4 2 0 0 0 0 0 0 0 0 0 0 
0 0 5 0 0 0 0 0 0 0 0 8 0 0 0 0 0 0 0 0 0 6 0 0 6 0 0 0 0 0 0 6 6 4 
0 0 4 4 4 0 5 5 0 4 2 0 4 0 4 2 0 0 4 2 2 0 4 2 0 2 4 6 2 2 2 0 0 0 
0 0 1 0 4 2 0 4 0 3 1 0 4 2 0 3 0 0 6 8 4 0 0 0 0 0 0 6 0 4 0 0 0 0 
0 3 2 0 4 0 7 0 0 0 0 8 0 0 4 0 2 0 4 0 1 0 4 0 6 4 0 2 2 6 4 2 0 1 
2 2 0 4 0 1 0 2 2 1 0 0 1 0 2 0 0 0 0 0 0 0 4 6 0 0 6 0 0 4 2 3 0 1 
4 4 0 0 4 3 0 3 4 0 0 7 0 0 6 6 0 0 4 0 0 0 0 0 4 5 0 0 0 5 2 0 0 2 
0 2 0 0 2 0 6 0 0 3 2 4 4 2 0 0 2 4 0 4 3 0 4 0 3 0 0 4 2 0 0 0 0 0 
5 3 0 6 2 2 5 2 0 3 0 0 0 0 5 4 0 4 1 2 2 0 2 0 1 4 0 7 2 0 2 4 0 0 
0 2 0 2 1 2 2 2 0 0 4 0 0 0 6 0 4 0 0 6 4 0 0 0 0 0 0 1 0 0 1 0 3 2 
4 0 8 0 0 0 0 0 0 0 0 0 0 0 0 0 0 0 0 0 0 8 0 8 0 0 0 0 0 6 0 5 6 2 
2 0 6 0 0 0 0 0 0 4 0 2 2 0 4 0 0 0 0 0 0 5 1 2 2 4 0 0 0 5 2 2 6 2 
400 659
0 0 0 1
0 0 1 0
0 0 1 0
0 33 0 32
0 33 21 33
0 33 0 32
0 33 21 33
1 24 1 0
1 24 1 27
1 24 0 24
1 24 23 24
1 27 1 24
1 27 1 28
1 27 0 27
1 27 12 27
1 31 1 29
1 31 1 32
1 31 0 31
1 31 23 31
2 11 2 9
2 11 2 12
2 11 3 11
2 19 2 17
2 19 2 20
2 19 3 19
2 30 4 30
3 16 3 11
3 16 3 17
3 16 2 16
3 16 6 16
4 4 4 3
4 4 4 5
4 4 3 4
4 4 5 4
5 20 5 21
5 20 4 20
5 20 6 20
5 20 5 21
5 20 4 20
5 20 6 20
5 21 5 22
5 21 4 21
5 21 17 21
6 1 6 2
6 1 2 1
6 1 18 1
6 16 6 14
6 16 6 17
6 16 3 16
6 16 8 16
7 7 7 8
7 7 5 7
7 7 8 7
7 25 12 25
8 32 2 32
8 32 23 32
8 32 2 32
8 32 23 32
11 0 1 0
11 0 12 0
11 0 1 0
11 0 12 0
12 4 12 3
12 4 12 5
12 4 6 4
12 4 13 4
12 4 12 3
12 4 12 5
12 4 6 4
12 4 13 4
12 19 12 12
12 19 12 20
12 19 3 19
12 19 18 19
12 20 12 19
12 20 8 20
12 20 13 20
12 20 12 19
12 20 8 20
13 0 18 0
13 4 13 5
13 4 14 4
13 17 13 15
13 17 13 18
13 17 14 17
13 20 14 20
14 6 14 4
14 6 14 11
14 6 2 6
14 6 16 6
14 11 14 6
14 11 14 14
14 11 12 11
14 11 18 11
14 20 15 20
15 14 15 12
15 14 15 16
15 14 14 14
15 14 16 14
15 20 17 20
16 6 16 3
16 6 16 8
16 6 14 6
16 6 17 6
17 22 17 21
17 22 17 23
17 22 14 22
17 22 19 22
17 22 17 21
17 22 17 23
17 22 14 22
17 22 19 22
17 23 5 23
17 23 18 23
18 23 19 23
18 29 18 25
18 29 18 30
18 29 1 29
18 29 20 29
19 23 19 22
19 23 20 23
19 23 19 22
20 16 20 12
20 16 20 19
20 16 19 16
20 16 21 16
20 16 20 12
20 16 20 19
20 16 19 16
20 16 21 16
20 30 20 29
20 30 19 30
20 30 21 30
20 30 20 29
20 30 19 30
20 30 21 30
21 5 21 7
21 5 19 5
21 5 22 5
21 16 21 13
21 16 21 17
21 16 22 16
21 33 23 33
23 2 23 11
23 2 19 2
23 2 24 2
23 11 23 2
23 11 23 21
23 11 18 11
23 11 26 11
23 32 23 31
23 32 23 33
23 32 31 32
23 32 23 31
23 33 21 33
23 33 26 33
24 6 24 4
24 6 24 7
24 6 26 6
24 12 24 14
24 12 25 12
24 12 24 14
24 12 25 12
24 14 24 15
24 14 26 14
25 12 25 13
25 12 27 12
25 13 29 13
25 19 25 18
25 19 25 20
25 19 24 19
25 19 29 19
25 19 25 18
25 19 25 20
25 19 24 19
25 19 29 19
26 11 26 6
26 11 23 11
26 11 28 11
26 11 26 6
26 11 28 11
26 14 26 16
26 14 27 14
26 14 26 16
26 18 25 18
26 18 28 18
26 18 25 18
26 18 28 18
27 14 28 14
27 26 27 23
27 26 27 29
27 26 24 26
27 26 27 23
27 26 27 29
27 26 24 26
27 33 28 33
28 15 28 14
28 15 28 18
28 15 30 15
28 15 28 14
28 15 28 18
28 15 30 15
28 24 28 25
28 24 29 24
28 24 28 25
28 24 29 24
28 33 31 33
29 13 29 12
30 0 30 1
30 0 28 0
30 0 32 0
30 15 30 14
30 15 30 17
30 17 30 18
30 17 29 17
30 17 29 17
30 27 30 25
30 27 30 28
30 27 29 27
30 27 31 27
31 16 31 14
31 16 31 19
31 16 31 14
31 16 31 19
31 19 31 20
31 19 30 19
31 20 31 19
31 20 30 20
31 20 31 19
32 2 32 0
32 2 32 21
32 2 26 2
32 2 33 2
32 2 32 0
32 2 32 21
32 2 26 2
32 2 33 2
32 21 32 23
32 21 23 21
32 21 33 21
32 23 32 21
32 23 32 29
32 23 27 23
32 23 33 23
33 2 33 0
33 2 33 9
33 9 33 2
33 9 33 11
33 9 33 11
33 12 33 14
33 14 33 12
33 14 33 21
33 14 33 21
33 21 33 22
33 21 32 21
33 25 33 24
33 25 33 29
33 25 33 24
33 25 33 29
33 32 33 31
33 32 33 33
33 32 32 32
33 32 33 31
33 32 33 33
33 32 32 32
0 7 0 9
0 9 0 7
0 9 0 24
0 9 0 24
0 24 0 25
0 25 0 27
0 27 0 28
0 27 1 27
1 24 23 24
1 27 1 28
1 27 12 27
1 32 1 31
2 30 4 30
4 4 4 3
4 4 4 5
4 4 3 4
4 30 7 30
5 21 5 22
5 21 4 21
5 21 17 21
5 23 5 22
5 23 3 23
5 23 5 22
6 4 6 3
6 4 6 5
6 16 6 14
6 16 6 17
6 16 8 16
7 7 7 8
7 7 5 7
7 8 7 10
7 8 6 8
7 25 12 25
7 30 18 30
8 13 8 16
8 16 9 16
9 16 9 12
12 3 12 2
12 3 8 3
12 3 16 3
12 3 12 2
12 9 12 7
12 9 12 11
12 9 13 9
12 9 12 7
12 9 12 11
12 9 13 9
12 11 12 12
12 11 3 11
12 11 14 11
12 27 12 25
12 27 12 28
12 27 16 27
12 27 12 25
13 0 18 0
13 10 13 9
13 12 13 14
14 11 14 14
14 11 18 11
14 14 14 17
14 14 13 14
14 14 15 14
14 17 14 18
14 17 13 17
14 17 16 17
14 17 14 18
15 5 15 4
15 7 15 8
15 12 15 14
15 20 17 20
16 3 16 2
16 3 16 6
16 3 17 3
16 3 16 2
16 6 16 8
16 6 17 6
16 8 16 9
16 8 15 8
16 8 17 8
16 17 16 15
16 17 16 18
16 17 17 17
16 27 16 28
16 28 16 27
17 3 17 2
17 3 17 4
17 3 17 4
17 6 17 5
17 6 17 7
17 13 17 15
18 11 18 1
18 11 18 19
18 11 23 11
18 19 18 20
18 19 12 19
18 19 20 19
18 30 18 29
18 30 7 30
19 14 19 16
19 22 21 22
20 19 20 20
20 23 21 23
20 29 20 27
20 29 18 29
20 29 21 29
21 23 21 22
21 23 22 23
21 23 21 22
22 5 21 5
22 16 22 12
22 16 22 17
22 16 21 16
22 16 22 12
22 16 22 17
22 17 22 22
22 17 21 17
23 11 23 21
23 24 23 21
23 24 23 31
23 24 26 24
23 24 23 21
24 18 24 15
24 18 25 18
24 18 25 18
24 20 25 20
24 22 24 23
24 22 26 22
24 22 24 23
24 22 26 22
24 26 24 25
24 26 24 27
25 7 25 9
25 7 24 7
25 7 25 9
25 7 24 7
25 20 24 20
25 27 25 29
25 27 24 27
25 27 26 27
25 27 25 29
25 27 24 27
25 27 26 27
25 29 24 29
25 29 26 29
26 20 29 20
26 22 26 24
26 22 27 22
26 24 26 25
26 24 26 25
26 25 26 24
26 25 24 25
26 28 26 29
26 29 26 28
26 29 26 30
26 29 27 29
26 29 26 30
27 22 27 23
27 22 29 22
27 22 27 23
27 23 32 23
27 29 27 30
28 14 30 14
28 29 28 25
28 29 28 30
28 29 32 29
29 12 29 11
29 16 29 17
29 17 29 16
29 19 29 20
29 19 30 19
29 20 30 20
29 22 30 22
30 3 30 4
30 3 27 3
30 3 31 3
30 3 30 4
30 3 27 3
30 3 31 3
30 22 29 22
30 27 30 25
30 27 30 28
30 27 29 27
31 1 30 1
31 4 31 5
31 14 31 10
31 14 30 14
31 14 31 10
31 14 30 14
32 0 30 0
32 21 23 21
32 23 32 29
32 23 33 23
32 29 32 31
32 29 28 29
32 29 33 29
32 31 32 32
32 31 30 31
32 32 32 31
32 32 32 33
32 32 31 32
32 33 31 33
33 0 33 2
33 29 33 30
33 29 33 30
1 28 1 29
1 28 0 28
1 29 1 31
1 29 0 29
1 29 18 29
3 4 3 3
3 4 3 5
3 23 3 22
4 3 4 2
4 3 3 3
4 3 6 3
4 3 4 2
4 17 3 17
4 21 4 22
4 21 3 21
4 22 3 22
5 7 5 9
5 7 4 7
5 9 5 10
5 9 4 9
5 9 5 10
5 9 5 10
6 8 6 10
6 10 5 10
6 10 7 10
6 10 5 10
6 12 6 14
6 12 5 12
6 12 7 12
6 12 6 14
6 12 5 12
6 12 7 12
7 12 7 14
7 12 9 12
7 14 6 14
8 3 8 2
10 7 12 7
10 18 3 18
12 7 10 7
12 25 15 25
13 7 13 9
13 10 13 9
13 12 13 14
13 14 13 15
13 17 13 18
15 4 14 4
15 16 15 14
16 14 16 15
16 15 16 17
16 15 17 15
16 17 17 17
17 15 17 16
17 16 17 17
17 21 17 20
18 19 18 20
18 20 18 19
18 20 20 20
18 25 19 25
20 20 21 20
20 27 19 27
21 12 21 13
21 13 21 16
21 17 21 18
21 18 21 20
21 20 21 22
21 22 22 22
21 25 19 25
22 22 22 23
24 27 24 28
27 3 27 5
27 3 24 3
28 4 28 5
28 4 29 4
28 4 28 5
28 4 29 4
28 14 30 14
29 6 29 9
29 6 26 6
29 6 30 6
29 6 29 9
29 6 26 6
29 6 30 6
29 12 29 11
29 27 29 24
29 27 29 28
30 24 30 25
31 1 30 1
31 10 31 7
31 10 29 10
31 30 30 30
32 31 30 31
0 29 0 30
0 30 0 31
0 31 1 31
3 21 3 19
3 21 3 22
3 21 2 21
3 21 3 19
3 21 2 21
4 2 2 2
4 2 5 2
4 8 3 8
4 12 4 14
4 14 4 12
5 2 6 2
6 2 6 1
10 18 3 18
14 6 2 6
18 25 19 25
20 27 19 27
21 25 19 25
23 31 26 31
23 31 26 31
24 3 24 2
24 3 24 4
24 3 24 2
24 4 24 6
24 4 25 4
24 27 24 28
24 29 24 30
24 30 26 30
25 2 24 2
25 4 25 5
25 4 26 4
25 4 25 5
26 4 26 6
26 30 27 30
27 31 30 31
27 31 30 31
28 5 30 5
28 25 28 29
28 30 30 30
29 1 28 1
29 12 29 11
30 0 28 0
2 2 2 1
2 2 2 6
2 2 2 6
2 19 2 17
2 19 2 20
3 17 3 16
3 17 3 18
4 8 3 8
6 1 6 2
18 1 18 0
18 1 26 1
23 2 19 2
26 1 27 1
26 1 27 1
26 4 26 6
28 0 28 1
28 0 27 0
28 1 29 1
29 11 29 10
2 16 2 15
2 16 3 16
2 16 2 15
3 8 3 7
3 8 3 11
3 8 2 8
3 8 3 7
3 11 2 11
18 0 27 0
19 2 19 5
19 5 19 9
19 5 21 5
19 5 19 9
21 7 21 9
24 6 24 7
24 7 24 9
24 9 24 10
24 9 25 9
24 9 24 10
28 11 28 8
29 9 30 9
30 9 30 7
2 7 2 8
2 8 2 7
2 8 2 9
2 11 2 12
2 12 2 14
21 7 21 9
27 9 27 8
28 11 28 8
30 9 30 7
31 7 31 6
28 8 28 7
28 8 27 8
27 7 28 7
28 7 27 7

7170

3 1           2 = 4 = = = = = = = = = = = = = = 4 2 - 4 2 2 2 3 2 4 
5 - - - - - - - - - - - - - - - - - - - - - - - 7 = = 8 4 6 = 7 2 ǁ 
ǁ 2 4 = = = 4 2 4 2 - 5 3 - 1 2 4 2 = 5 2 2 1   ǁ     ǁ   ǁ 2 | 2 ǁ 
ǁ | | 2 4 2 ǁ 2 6 - - 5 - - - - 7 4 3 4 = 6 3 2 ǁ     ǁ   ǁ ǁ | ǁ ǁ 
ǁ | 4 6 7 2 ǁ 1 2 1 2 | 2 = 3   ǁ 1 ǁ | 2 4 2 | ǁ     ǁ   ǁ 3 | ǁ ǁ 
ǁ | 2 | 1   ǁ 4 - 5 5 | 2       ǁ   ǁ | 6 8 4 4 ǁ     ǁ   ǁ | | ǁ ǁ 
ǁ 5 4 2 4 2 ǁ ǁ 2 - 4 | 6 = 5 = 8 2 ǁ | 2 ǁ   | ǁ     ǁ   ǁ | | ǁ ǁ 
ǁ |     ǁ   ǁ 5 4 - 2 | 4 - 2   ǁ   ǁ |   ǁ   | ǁ 2   ǁ   ǁ 3 | ǁ ǁ 
ǁ | 1 4 ǁ   ǁ 1       | | 1 - - 4   ǁ | 2 ǁ   | ǁ ǁ   ǁ   ǁ ǁ | 4 ǁ 
ǁ |   | ǁ   ǁ         | 2 - - - 3   ǁ | ǁ ǁ   | ǁ ǁ   ǁ   ǁ ǁ | ǁ ǁ 
ǁ |   | ǁ   ǁ 2       |             2 | ǁ ǁ   | ǁ ǁ   ǁ   ǁ ǁ | ǁ ǁ 
4 |   | ǁ   ǁ ǁ       |               | ǁ ǁ   | ǁ ǁ   ǁ   ǁ ǁ | ǁ ǁ 
2 | 3 6 8 2 ǁ 4 = 6 = 6 2 - - - - - - 7 6 ǁ   | ǁ 5 = 6 1 ǁ ǁ | ǁ ǁ 
2 |   | 4 2 ǁ 2 - 5 2 ǁ 2 = 4 2 - 5 2 ǁ 2 ǁ 2 | ǁ |   |   ǁ ǁ | ǁ ǁ 
ǁ |   | 3 - 7 = = = = 8 = = 6 - - 6 2 ǁ 2 ǁ 2 | ǁ |   |   ǁ ǁ | ǁ ǁ 
ǁ |   | 3 1 ǁ 1 3 3 2 ǁ 2 = 7 = 2 |   ǁ 3 ǁ ǁ | ǁ 1   |   ǁ ǁ | ǁ ǁ 
ǁ | 2 6 = = 8 = 7 5 2 ǁ     2 4 = 6 1 ǁ ǁ ǁ ǁ | ǁ     3 2 ǁ ǁ | ǁ ǁ 
ǁ | 1 5 2 1 4 1 2 3 2 ǁ   1 - 3 2 3   ǁ 3 7 8 4 ǁ         ǁ ǁ | ǁ ǁ 
5 4 - - - - - - - - - 6 - - - - - - - 7 4   ǁ 2 ǁ 4 - - - 7 4 | ǁ ǁ 
| | 3 - - 5 = = = 3 2 ǁ     1 - 3     | |   5 4 ǁ 4   2   ǁ 2 | ǁ ǁ 
| | ǁ     ǁ       2 3 ǁ 2 = = = 8 = = 4 3   | 2 ǁ ǁ   4 - 6 6 | ǁ ǁ 
| | ǁ     5 - 3 = 2   ǁ 1 3 = = 7 3 2 - 3 - 5 4 ǁ 2       1 2 | ǁ 4 
| | ǁ     2           ǁ 2 = = = 6 4 - - - - 4 2 ǁ             | ǁ ǁ 
| | 5 = = = = = = = = 8 = = = = = = = = = 6 = = 6 - - - - - - 6 6 4 
| | 4 4 4 = 5 5 - 4 2 ǁ 4 = 4 2 - - 4 2 2 ǁ 4 2 | 2 4 6 2 2 2 ǁ | | 
| | 1 | 4 2 | 4 = 3 1 ǁ 4 2 | 3     6 8 4 ǁ ǁ   | | ǁ 6 = 4 | ǁ | | 
| 3 2 | 4 = 7 = = = = 8 | | 4 = 2   4 ǁ 1 ǁ 4 - 6 4 ǁ 2 2 6 4 2 | 1 
2 2 ǁ 4 - 1 ǁ 2 2 1   ǁ 1 | 2       ǁ ǁ | ǁ 4 6 = = 6 = = 4 2 3 | 1 
4 4 ǁ ǁ 4 3 ǁ 3 4 = = 7   | 6 6 = = 4 ǁ | ǁ | ǁ 4 5 = = = 5 2 ǁ | 2 
ǁ 2 ǁ ǁ 2 | 6 = = 3 2 4 4 2 ǁ ǁ 2 4   4 3 ǁ 4 ǁ 3 - - 4 2 ǁ | ǁ | | 
5 3 ǁ 6 2 2 5 2 = 3 |       5 4 - 4 1 2 2 ǁ 2 ǁ 1 4 = 7 2 ǁ 2 4 | | 
ǁ 2 ǁ 2 1 2 2 2 - - 4 = = = 6 = 4 = = 6 4 ǁ   ǁ       1   ǁ 1 ǁ 3 2 
4 = 8 = = = = = = = = = = = = = = = = = = 8 = 8 = = = = = 6 - 5 6 2 
2 = 6 = = = = = = 4 = 2 2 = 4 = = = = = = 5 1 2 2 4 = = = 5 2 2 6 2 
