34 34
2 0 0 0 0 0 0 0 0 0 0 0 0 0 0 0 0 0 0 0 0 0 0 2 0 0 3 0 0 0 0 4 3 1 
0 2 0 4 2 0 0 3 0 0 0 0 0 0 3 3 0 0 0 2 1 3 0 3 4 3 0 3 4 1 0 0 0 1 
0 3 1 0 1 0 0 2 1 0 0 0 0 0 0 2 3 4 2 0 2 4 1 0 4 0 0 1 0 3 0 7 5 4 
0 4 0 7 0 0 0 0 0 0 0 0 0 0 5 0 1 2 0 5 0 0 0 8 4 0 0 1 0 0 0 0 3 3 
0 4 1 0 4 0 5 0 0 0 0 3 0 0 0 3 0 6 2 0 1 2 0 0 2 0 0 2 0 0 0 0 3 0 
0 5 2 0 0 0 0 0 1 0 0 2 1 0 0 5 3 4 0 3 0 3 1 0 0 0 0 0 0 3 0 0 0 0 
0 0 0 0 0 0 0 0 0 0 0 0 0 0 0 3 0 3 0 0 0 0 0 6 4 2 0 0 0 0 0 3 0 0 
5 7 4 0 2 0 0 4 6 0 0 0 0 0 5 0 0 0 4 0 1 0 0 0 2 0 0 0 0 1 0 0 0 0 
0 0 3 0 1 0 0 3 4 1 0 0 0 0 3 2 0 0 1 0 0 0 0 0 0 0 0 0 0 0 0 2 2 0 
0 2 0 0 3 0 4 0 0 0 0 0 0 0 0 0 0 0 0 0 0 0 0 4 5 3 0 0 0 0 0 1 0 0 
0 1 0 0 3 1 0 2 0 6 0 0 0 4 0 0 0 4 0 0 0 3 1 0 0 0 0 0 0 0 0 0 0 0 
5 3 2 0 0 0 0 2 1 0 2 1 2 0 0 0 0 0 0 0 0 0 0 0 1 0 0 4 4 0 0 0 4 0 
6 5 1 0 0 0 0 0 2 0 6 7 5 0 0 0 0 0 0 1 0 0 0 0 1 0 0 0 0 1 0 3 0 0 
4 0 0 0 2 0 2 0 3 0 0 3 1 0 0 0 0 0 0 0 0 0 0 0 0 0 0 0 0 1 0 0 0 0 
3 5 1 0 3 0 2 0 0 0 0 4 4 0 0 0 0 5 0 7 0 2 0 0 3 1 0 0 0 2 0 5 0 0 
2 2 0 0 4 2 0 0 0 0 0 0 2 0 0 0 0 2 0 2 0 0 0 0 0 2 0 0 0 4 2 0 0 0 
3 0 0 7 0 0 7 5 6 8 5 5 0 5 0 0 0 0 0 0 0 0 0 4 5 4 0 0 0 0 0 0 0 0 
0 2 0 0 2 0 2 1 2 3 2 4 2 0 2 5 2 0 2 0 0 5 3 0 3 3 0 2 0 0 0 0 0 0 
0 0 0 0 3 0 2 0 0 0 0 0 0 4 0 4 0 0 0 0 5 5 5 0 0 0 0 3 6 3 0 0 0 0 
0 0 0 0 2 0 4 0 0 0 0 0 0 6 0 0 5 0 4 1 3 2 2 0 3 2 0 3 6 3 0 0 0 0 
0 0 0 0 3 2 2 1 2 0 0 0 0 4 0 0 4 1 4 2 1 2 1 0 2 1 0 0 0 1 0 0 0 0 
0 6 0 7 0 0 0 0 0 0 0 0 0 0 0 0 0 0 0 0 0 0 0 5 0 0 6 0 0 0 0 5 0 0 
0 5 1 0 1 2 3 0 0 0 0 0 0 3 0 0 0 5 0 4 0 0 0 0 4 6 6 0 5 2 4 4 0 0 
0 5 2 0 3 0 0 0 0 0 0 0 0 5 0 4 2 0 0 2 0 0 0 0 0 2 3 2 2 1 5 3 0 0 
0 0 1 0 3 3 2 4 0 0 0 0 0 7 0 0 0 6 0 0 0 0 0 5 7 0 0 0 0 0 0 0 7 4 
0 3 3 0 0 0 0 0 0 0 0 0 0 0 3 5 2 0 1 0 2 3 3 0 0 1 0 4 0 3 0 0 0 0 
0 0 0 0 0 0 0 0 0 0 0 0 0 0 0 5 0 8 4 1 0 3 5 0 0 0 0 0 2 2 0 0 0 0 
3 7 3 0 0 1 3 0 0 0 0 0 0 0 0 2 2 0 0 0 0 4 5 0 0 0 0 0 5 0 2 0 0 0 
2 4 1 0 0 0 2 0 0 0 0 0 0 0 5 3 0 0 0 0 0 0 2 0 0 2 0 5 0 0 0 0 0 0 
1 3 2 0 4 0 0 5 0 0 1 0 0 0 1 5 5 0 0 0 0 0 1 0 0 0 0 0 0 0 0 0 0 1 
3 5 0 0 5 2 1 0 0 0 0 0 0 7 0 4 4 7 2 0 0 0 0 0 0 0 0 0 0 0 0 0 0 1 
0 3 3 0 3 0 0 0 0 2 0 0 0 4 3 0 2 3 3 0 6 6 2 0 5 0 0 5 3 1 0 0 5 3 
5 0 0 5 0 0 0 0 0 0 0 0 0 0 0 0 0 3 4 2 0 2 0 5 5 3 1 1 2 0 4 5 7 3 
3 1 2 5 0 4 0 0 0 0 0 2 0 0 2 0 0 5 0 0 5 3 2 2 0 0 0 0 0 0 2 4 5 2 
400 367
2 31 2 29
2 31 2 32
2 31 0 31
2 31 6 31
3 3 3 1
3 3 3 14
3 3 1 3
3 3 16 3
3 23 3 19
3 23 3 24
3 23 1 23
3 23 6 23
3 23 3 19
3 23 3 24
3 23 1 23
3 23 6 23
4 4 4 6
4 4 7 4
4 4 4 6
4 4 7 4
5 1 5 2
5 1 4 1
5 1 7 1
6 23 6 17
6 23 6 24
6 23 9 23
6 23 6 17
7 0 7 1
7 0 0 0
7 0 11 0
7 7 7 8
7 7 8 7
7 7 7 8
7 7 8 7
7 8 7 14
7 8 5 8
7 8 8 8
7 8 7 14
8 8 8 7
8 8 8 9
8 8 11 8
9 23 9 24
9 23 16 23
9 23 9 24
10 9 10 13
10 9 16 9
10 9 10 13
10 9 16 9
10 13 10 17
10 13 16 13
12 0 12 1
12 0 11 0
12 0 13 0
12 0 12 1
12 0 11 0
12 0 13 0
12 8 13 8
12 10 12 11
12 10 11 10
12 10 16 10
12 10 12 11
12 10 11 10
12 10 16 10
12 11 12 12
12 11 11 11
12 11 13 11
12 19 14 19
13 0 14 0
14 17 14 19
14 17 10 17
14 17 15 17
14 19 14 17
14 19 14 21
14 19 15 19
14 19 14 21
14 19 15 19
14 31 14 29
14 31 12 31
14 31 21 31
16 6 16 3
16 6 16 7
16 6 14 6
16 6 17 6
16 9 16 8
16 9 16 10
16 9 17 9
17 15 17 14
17 15 17 16
17 15 18 15
17 21 17 18
17 21 17 22
17 21 18 21
18 20 18 15
18 20 18 21
18 20 19 20
19 16 19 13
19 16 19 18
19 16 20 16
21 1 21 3
21 1 17 1
21 1 22 1
21 1 21 3
21 1 17 1
21 1 22 1
21 3 21 23
21 3 16 3
21 3 32 3
22 1 22 2
22 1 23 1
22 1 23 1
22 17 22 13
22 17 22 19
22 17 24 17
24 13 24 7
24 13 24 17
24 13 23 13
24 13 30 13
24 24 24 23
24 24 24 32
24 24 22 24
24 24 31 24
25 15 25 14
25 15 25 16
25 15 26 15
26 17 26 15
26 17 26 18
26 17 24 17
26 17 30 17
26 17 26 15
26 17 26 18
26 17 24 17
26 17 30 17
26 22 26 21
26 22 25 22
26 22 27 22
27 1 27 0
27 1 27 2
27 1 25 1
27 1 28 1
27 28 27 30
27 28 26 28
27 28 31 28
28 14 28 15
28 14 25 14
28 14 29 14
28 27 28 25
28 27 25 27
28 27 31 27
29 7 29 4
29 7 29 10
29 7 24 7
29 15 29 16
29 15 28 15
29 15 30 15
30 1 30 0
30 1 29 1
30 1 31 1
30 4 30 5
30 4 29 4
30 4 31 4
30 13 30 6
30 13 30 15
30 13 24 13
30 13 31 13
30 17 30 16
30 17 30 18
30 17 31 17
32 0 32 3
32 0 30 0
32 0 33 0
32 24 32 23
32 24 32 25
32 24 31 24
32 31 32 30
32 31 32 32
32 31 33 31
33 0 33 1
33 0 32 0
33 2 33 3
33 17 33 14
33 17 33 20
33 17 32 17
33 32 33 31
33 32 33 33
33 32 32 32
2 2 2 1
2 22 2 21
5 22 5 21
7 20 7 18
8 4 9 4
11 12 12 12
12 8 13 8
12 11 12 12
12 11 13 11
12 12 11 12
12 12 13 12
13 0 14 0
13 11 14 11
14 11 14 12
14 11 16 11
14 11 14 12
14 12 15 12
15 4 15 5
15 4 14 4
15 4 15 5
15 4 14 4
15 17 14 17
16 9 16 8
16 9 16 10
16 9 17 9
23 15 23 13
23 15 23 16
23 15 23 13
23 15 23 16
23 30 23 29
23 30 23 31
23 30 22 30
24 17 24 13
24 17 24 23
25 16 25 15
28 6 27 6
28 14 28 15
28 14 25 14
29 7 29 4
29 7 24 7
29 15 29 16
29 15 30 15
30 13 30 15
30 13 31 13
31 13 31 9
31 13 31 14
33 2 33 3
2 21 2 20
2 21 1 21
2 21 2 20
7 18 7 14
7 18 8 18
7 18 7 14
8 15 8 14
10 17 10 21
10 21 10 17
10 21 10 22
14 12 15 12
16 8 16 7
16 8 13 8
16 8 17 8
16 8 16 7
23 19 22 19
24 7 24 6
24 13 23 13
25 15 26 15
26 15 27 15
27 15 27 16
27 16 29 16
28 6 27 6
29 4 24 4
29 16 30 16
31 9 31 4
33 5 33 3
33 5 33 11
33 5 33 3
33 5 33 11
1 21 1 20
1 21 1 23
1 24 1 25
1 24 2 24
1 24 1 25
1 24 2 24
2 24 2 27
2 24 3 24
3 24 3 27
8 14 8 15
8 14 7 14
21 26 21 23
21 26 21 31
21 26 22 26
21 26 21 23
21 26 21 31
21 26 22 26
22 25 22 24
22 25 22 26
22 25 23 25
22 25 22 24
22 25 22 26
22 25 23 25
22 28 22 26
22 28 22 29
22 28 23 28
23 19 22 19
29 16 30 16
30 4 30 5
30 4 31 4
30 16 30 17
33 3 32 3
1 25 1 27
1 27 1 28
1 27 1 28
1 28 1 29
1 28 11 28
3 14 3 3
3 14 3 16
3 14 1 14
3 14 1 14
15 30 15 29
19 28 19 27
19 28 19 29
19 28 18 28
19 28 19 27
19 28 19 29
19 28 18 28
22 19 22 17
22 24 24 24
2 8 2 7
15 30 15 29
18 28 18 27
18 28 18 29
18 28 11 28
18 28 18 27
22 17 22 13
11 28 11 27
11 28 11 32
11 32 8 32
11 32 24 32
11 32 8 32
15 29 14 29
15 29 18 29
18 29 19 29
20 29 20 25
24 32 24 24
24 32 24 33
24 32 31 32
4 32 3 32
7 29 5 29
9 31 8 31
13 29 12 29
14 31 12 31
14 31 21 31
21 31 22 31
22 31 22 30
22 31 23 31
22 31 22 30
23 30 23 31
23 30 22 30
24 32 24 33
24 32 31 32
24 33 3 33
24 33 29 33
30 33 31 33
4 32 3 32
5 29 2 29
8 31 6 31
22 29 22 28
4 32 3 32
5 29 2 29
6 31 2 31
2 31 2 32
2 31 0 31
3 33 2 33
3 33 2 33
0 31 0 26
0 31 0 32
2 33 2 32
2 33 1 33
0 26 0 23
0 33 0 32
2 32 0 32
0 26 0 23

6339

2                                             2 = = 3 - - - - 4 3 1 
| 2   4 2     3             3 3       2 1 3 - 3 4 3 - 3 4 1   ǁ | 1 
| 3 1 | 1     2 1           ǁ 2 3 4 2   2 4 1 ǁ 4 - - 1 | 3 - 7 5 4 
| 4 - 7 = = = = = = = = = = 5 - 1 2   5 = = = 8 4 - - 1 | ǁ   ǁ 3 3 
| 4 1 | 4 = 5         3       3   6 2   1 2   ǁ 2     2 | ǁ   ǁ 3 | 
| 5 2 | ǁ       1     2 1     5 3 4   3   3 1 ǁ         | 3   ǁ   | 
| |   | ǁ       |             3   3 = = = = = 6 4 2     | |   3   | 
5 7 4 | 2     4 6 = = = = = 5 = = = 4 - 1     | 2       | 1   |   | 
|   3 | 1     3 4 1         3 2     1         |         |     2 2 | 
| 2   | 3   4   |                             4 5 3     |     1 ǁ | 
| 1   | 3 1   2 | 6 = = = 4 - - - 4 = = = 3 1 |         |       ǁ | 
5 3 2 |       2 1 ǁ 2 1 2 |       |           | 1     4 4 - - - 4 | 
6 5 1 |         2 ǁ 6 7 5 |       |   1       | 1       | 1   3 | | 
4     | 2   2   3 ǁ ǁ 3 1 |       |   |       |         | 1   ǁ | | 
3 5 1 | 3   2   | ǁ ǁ 4 4 |       5 = 7 = 2   | 3 1     | 2 - 5 | | 
2 2   | 4 2 |   | ǁ ǁ | 2 |       2   2       |   2     | 4 2 ǁ | | 
3     7 - - 7 5 6 8 5 5   5                   4 5 4     | |   ǁ | | 
  2   | 2   2 1 2 3 2 4 2   2 5 2   2 - - 5 3   3 3   2 | |   ǁ | | 
  ǁ   | 3   2             4   4 - - - - 5 5 5         3 6 3   ǁ | | 
  ǁ   | 2   4             6 - - 5 - 4 1 3 2 2   3 2   3 6 3   ǁ | | 
  ǁ   | 3 2 2 1 2         4     4 1 4 2 1 2 1   2 1 - - - 1   ǁ | | 
  6 = 7 - - - - - - - - - - - - - - - - - - - 5 = = 6 = = = = 5 | | 
  5 1 | 1 2 3             3 = = = 5 = 4         4 6 6 - 5 2 4 4 | | 
  5 2 | 3                 5 = 4 2 |   2         ǁ 2 3 2 2 1 5 3 | | 
    1 | 3 3 2 4 - - - - - 7 = = = 6 - - - - - 5 7 = = = = = = = 7 4 
  3 3 | |     ǁ           ǁ 3 5 2 ǁ 1   2 3 3   | 1   4   3     ǁ | 
  |   | |     ǁ           ǁ ǁ 5 = 8 4 1   3 5   |     | 2 2     ǁ | 
3 7 3 | | 1 3 ǁ           ǁ ǁ 2 2 ǁ       4 5   |     | 5 - 2   ǁ | 
2 4 1 | |   2 ǁ           ǁ 5 3 | ǁ         2   | 2 - 5 |       ǁ | 
1 3 2 | 4 = = 5 - - 1     ǁ 1 5 5 ǁ         1   |     | |       ǁ 1 
3 5   | 5 2 1 - - - - - - 7 = 4 4 7 2           |     | |       ǁ 1 
| 3 3 | 3 - - - - 2 - - - 4 3   2 3 3   6 6 2   5     5 3 1     5 3 
5 - - 5                           3 4 2   2   5 5 3 1 1 2   4 5 7 3 
3 1 2 5 = 4 = = = = = 2     2 - - 5 - - 5 3 2 2             2 4 5 2 
