34 34
2 1 2 2 0 4 4 2 2 6 0 0 0 0 2 2 0 5 0 2 0 0 0 0 2 0 0 6 0 2 2 4 4 3 
0 0 5 0 0 7 7 3 3 7 0 0 0 0 0 0 0 6 0 0 0 0 0 0 0 0 0 5 0 0 0 5 5 2 
6 5 0 1 2 0 2 2 1 6 0 0 4 4 6 4 0 0 1 5 2 3 0 5 0 2 3 0 0 0 0 4 3 2 
0 0 0 0 0 0 2 4 0 6 4 2 0 2 0 2 0 0 2 0 2 3 2 0 2 4 6 4 0 1 0 0 2 1 
0 0 4 4 3 0 4 0 0 3 3 3 5 0 6 2 0 0 0 0 5 4 0 0 2 0 2 4 0 5 2 0 0 0 
2 0 3 5 2 0 0 0 0 0 1 0 4 0 2 0 0 0 3 5 0 0 0 0 6 8 0 0 0 0 0 7 5 2 
0 0 0 4 2 0 4 3 0 6 0 0 0 0 0 0 0 6 1 0 0 0 1 0 2 0 2 0 0 3 1 0 2 3 
3 7 7 2 1 0 2 4 1 0 2 0 6 0 2 4 4 0 3 0 0 0 0 0 0 0 2 0 0 0 0 0 0 2 
2 0 1 2 0 0 0 3 2 0 2 1 0 4 2 2 0 0 0 0 0 2 3 0 0 0 4 0 0 5 2 0 0 1 
0 0 4 8 3 0 2 0 0 8 3 0 0 0 3 5 3 0 4 6 0 0 0 0 2 0 0 2 3 0 0 0 0 0 
0 0 2 0 0 0 0 0 0 4 2 0 0 0 1 0 0 0 2 0 0 0 0 0 0 0 0 0 0 0 2 0 0 0 
1 5 0 8 0 8 0 0 0 0 0 0 7 3 4 8 2 0 0 0 0 0 0 0 0 0 0 0 3 0 0 0 0 0 
2 4 0 0 2 0 2 0 0 4 0 0 8 4 4 0 2 0 4 0 0 0 0 0 0 0 2 1 0 0 0 0 0 0 
2 0 0 0 0 0 0 0 1 0 0 0 3 2 2 0 0 0 0 0 0 0 0 0 4 0 0 0 0 0 4 0 0 3 
0 0 0 0 6 7 0 0 0 0 0 0 0 0 0 7 4 0 0 0 0 4 5 0 0 0 4 0 6 0 0 0 0 0 
0 6 2 0 0 0 0 2 0 6 0 0 0 0 0 5 2 0 6 6 0 2 0 0 0 0 2 0 0 0 0 0 0 0 
0 0 0 0 2 6 0 3 1 4 0 0 4 2 0 3 3 0 0 4 0 0 0 3 0 0 0 0 0 0 0 0 0 0 
0 0 0 0 0 2 0 0 0 0 0 0 0 0 0 3 2 0 0 2 0 0 0 0 0 0 4 0 5 0 0 0 0 0 
5 7 0 7 0 0 0 0 0 0 0 0 0 0 0 0 0 7 8 0 7 0 7 7 6 0 4 4 0 0 0 0 0 0 
1 0 2 0 4 0 0 0 0 0 0 0 0 0 0 6 4 0 3 2 0 2 0 0 0 0 0 0 0 0 0 0 0 0 
2 0 0 0 0 4 0 0 0 0 0 0 4 2 0 0 0 0 2 5 7 5 3 0 2 0 0 2 0 0 0 0 0 0 
0 0 0 0 0 2 0 1 0 0 0 0 7 4 0 0 2 0 0 0 0 2 0 0 1 0 0 0 0 0 0 0 0 0 
0 0 0 0 0 0 0 0 0 0 0 0 0 0 0 0 2 0 1 0 2 0 0 3 3 0 0 0 0 0 0 0 0 0 
0 0 0 0 0 0 0 0 0 0 0 0 0 2 0 8 4 0 1 4 4 0 6 2 0 0 0 0 0 0 0 0 0 0 
0 0 0 0 0 0 0 0 0 0 0 0 4 0 0 6 2 0 0 2 4 2 1 0 0 0 0 0 0 0 0 0 0 0 
0 0 0 0 5 0 0 0 0 0 0 0 0 0 0 0 0 6 0 0 0 0 0 0 0 7 0 0 4 0 0 0 0 0 
0 0 0 0 5 0 0 0 0 0 0 0 3 2 0 3 2 0 2 0 0 0 0 0 0 0 1 0 0 0 0 0 0 0 
0 0 0 0 0 4 0 2 0 1 2 0 6 0 0 7 4 0 0 1 0 0 0 0 0 0 4 0 4 0 0 0 0 0 
4 8 4 0 0 0 0 2 0 7 2 2 5 4 2 3 3 0 0 0 0 0 0 0 0 0 4 2 2 0 0 0 0 0 
3 5 2 0 4 0 1 4 2 0 3 0 4 0 0 3 2 0 6 7 0 0 0 0 0 8 0 0 0 8 6 2 0 0 
3 3 4 0 4 6 0 5 2 0 3 2 0 0 0 4 2 4 2 2 0 0 0 0 0 4 4 2 0 2 2 1 0 0 
1 0 2 0 2 0 4 2 0 6 0 0 7 0 0 0 0 7 0 0 0 0 0 0 0 0 0 0 0 0 0 0 7 4 
1 4 0 6 0 0 6 4 0 0 0 2 2 0 4 2 3 6 0 0 0 0 0 2 0 0 0 3 0 0 0 0 6 0 
2 5 2 3 0 0 0 0 0 0 0 0 0 0 5 1 1 1 0 0 0 2 0 0 0 0 0 4 0 0 1 0 4 2 
400 617
0 9 0 8
0 9 0 14
0 9 1 9
0 9 0 8
0 9 0 14
0 9 1 9
0 17 0 15
0 17 0 19
0 17 1 17
0 27 0 24
0 27 0 29
0 27 1 27
0 27 0 24
0 27 0 29
0 27 1 27
1 2 1 5
1 2 0 2
1 2 4 2
1 6 1 5
1 6 1 7
1 6 0 6
1 6 2 6
1 9 1 8
1 9 1 17
1 9 2 9
2 0 2 1
2 0 0 0
2 0 5 0
2 0 2 1
2 0 0 0
2 0 5 0
2 14 2 13
2 14 2 15
2 14 4 14
2 14 2 13
2 14 2 15
2 14 4 14
2 15 2 18
2 15 3 15
2 19 2 20
2 19 0 19
2 19 5 19
2 23 2 21
2 23 2 25
2 23 16 23
4 14 4 12
4 14 4 15
4 14 5 14
4 14 4 12
4 20 4 21
4 20 3 20
4 20 18 20
5 24 5 25
5 24 4 24
5 24 6 24
5 24 5 25
5 24 4 24
5 24 6 24
5 25 5 31
5 25 3 25
5 25 25 25
6 17 6 9
6 17 6 18
6 17 18 17
6 17 6 9
6 17 18 17
7 1 7 0
7 1 7 2
7 1 2 1
7 1 11 1
7 2 7 1
7 2 7 3
7 2 5 2
7 2 8 2
7 12 7 10
7 12 7 14
7 12 11 12
7 12 7 10
7 12 7 14
7 12 11 12
7 15 7 16
7 15 8 15
7 15 7 16
7 15 8 15
7 16 9 16
7 18 9 18
8 13 8 14
8 13 11 13
8 13 8 14
8 13 11 13
9 2 9 3
9 2 10 2
9 2 9 3
9 2 10 2
9 3 9 4
9 3 8 3
9 3 11 3
9 9 9 6
9 9 9 10
9 9 6 9
9 9 10 9
9 9 9 6
9 9 9 10
9 9 6 9
9 9 10 9
9 15 9 14
9 15 9 16
9 15 11 15
9 19 9 18
9 19 5 19
9 19 15 19
9 19 9 18
9 19 5 19
9 19 15 19
9 24 13 24
10 9 10 10
10 9 12 9
11 3 11 1
11 3 11 5
11 3 9 3
11 3 18 3
11 5 11 3
11 5 1 5
11 5 14 5
11 5 1 5
11 5 14 5
11 15 11 14
11 15 11 16
11 15 9 15
11 15 14 15
12 4 14 4
12 12 12 9
12 12 12 13
12 12 11 12
12 12 13 12
12 12 12 9
12 12 12 13
12 12 11 12
12 12 13 12
12 18 10 18
12 18 15 18
12 18 10 18
12 18 15 18
13 24 9 24
13 24 18 24
13 24 18 24
14 4 14 5
14 4 12 4
14 4 16 4
14 22 14 21
14 22 8 22
14 22 18 22
14 28 14 26
14 28 11 28
14 28 17 28
14 28 14 26
14 28 11 28
14 28 17 28
15 1 15 2
15 1 12 1
15 1 18 1
15 1 15 2
15 1 12 1
15 1 18 1
15 18 15 19
15 18 18 18
15 18 15 19
15 18 18 18
15 19 16 19
16 19 15 19
16 19 17 19
16 19 17 19
18 0 18 1
18 0 13 0
18 0 19 0
18 17 18 3
18 17 18 18
18 17 25 17
18 18 18 17
18 18 18 20
18 18 19 18
18 23 18 22
18 23 18 24
18 23 16 23
18 23 22 23
18 27 18 26
18 27 20 27
18 27 18 26
18 27 20 27
19 15 19 4
19 15 19 16
19 15 23 15
19 15 19 4
19 15 19 16
19 15 23 15
19 16 21 16
20 20 20 19
20 20 20 21
20 20 18 20
20 20 22 20
21 12 21 7
21 12 21 13
21 12 20 12
21 12 24 12
22 24 22 23
22 24 21 24
22 24 22 23
23 15 23 13
23 15 23 16
23 15 24 15
25 4 25 17
25 4 19 4
25 4 26 4
27 5 27 7
27 5 30 5
27 5 27 7
27 5 30 5
27 15 27 12
27 15 27 16
27 15 26 15
27 15 28 15
28 1 28 0
28 1 28 2
28 1 18 1
28 1 29 1
28 1 28 0
28 1 28 2
28 1 18 1
28 1 29 1
28 2 19 2
28 2 29 2
28 9 28 7
28 9 28 10
28 9 27 9
28 9 31 9
28 13 28 12
28 13 28 14
28 13 28 12
28 13 28 14
29 19 29 18
29 19 29 25
29 19 27 19
29 19 30 19
29 25 29 19
29 25 29 29
29 25 25 25
29 25 30 25
29 29 29 25
29 29 29 30
29 29 8 29
29 29 30 29
30 5 30 4
30 5 30 7
30 26 30 25
30 26 30 27
30 26 30 25
30 26 30 27
31 9 31 7
31 9 31 12
31 9 28 9
31 17 31 12
31 17 31 32
31 17 30 17
31 17 32 17
32 6 32 3
32 6 32 7
32 6 31 6
32 6 32 3
32 6 32 7
32 6 31 6
32 7 32 11
32 7 31 7
32 11 32 12
32 32 32 27
32 32 31 32
32 32 33 32
32 32 32 27
32 32 31 32
32 32 33 32
33 1 33 0
33 1 33 2
33 1 32 1
33 14 33 3
33 14 33 15
33 14 32 14
33 32 33 30
33 32 33 33
33 33 31 33
0 15 0 17
0 17 1 17
1 17 1 9
2 13 2 12
2 13 3 13
2 19 2 20
2 19 5 19
3 13 3 11
3 24 3 25
4 15 3 15
4 29 4 27
4 29 4 30
4 29 3 29
5 19 5 18
5 25 5 31
5 25 3 25
5 25 25 25
5 31 5 32
5 31 2 31
5 31 29 31
7 2 7 1
7 2 7 3
7 16 9 16
7 18 9 18
8 3 9 3
8 10 8 11
8 10 9 10
9 3 9 4
9 4 7 4
9 14 9 15
9 14 10 14
11 3 11 1
11 3 18 3
11 12 11 13
11 14 11 15
11 14 12 14
11 14 11 15
11 28 9 28
12 1 12 0
12 1 11 1
12 6 12 9
12 13 12 14
12 13 13 13
12 14 13 14
13 30 10 30
13 30 29 30
13 30 10 30
13 30 29 30
14 4 14 5
14 4 16 4
14 26 12 26
14 26 15 26
15 9 15 7
15 9 15 15
15 9 16 9
15 9 15 7
15 9 15 15
15 9 16 9
15 26 17 26
16 5 16 7
16 5 14 5
16 5 17 5
16 5 16 7
16 5 14 5
16 5 17 5
16 7 16 8
16 9 16 12
16 12 16 9
16 12 16 13
16 12 16 13
17 26 17 28
17 26 18 26
17 26 17 28
17 28 25 28
18 0 18 1
18 0 13 0
18 1 18 3
18 3 18 17
18 3 32 3
18 3 32 3
18 18 18 20
18 18 19 18
18 23 18 22
18 23 18 24
18 23 16 23
18 24 20 24
18 26 26 26
19 4 25 4
19 16 21 16
20 0 28 0
20 5 20 12
20 5 21 5
20 5 20 12
20 5 21 5
20 12 20 13
20 13 21 13
20 24 18 24
21 13 21 12
21 13 23 13
22 16 23 16
23 23 23 22
24 12 24 15
24 12 21 12
24 12 24 15
25 17 25 4
25 17 25 25
25 17 30 17
25 17 25 25
25 25 29 25
25 28 27 28
26 4 26 12
26 4 29 4
26 18 29 18
27 26 27 28
27 26 28 26
27 26 27 28
27 26 28 26
27 28 25 28
28 0 20 0
28 9 28 7
28 9 28 10
28 26 28 27
28 28 28 27
29 4 26 4
29 4 30 4
29 4 30 4
29 6 29 7
29 7 29 8
29 7 30 7
29 7 29 8
29 18 29 19
29 18 26 18
29 18 30 18
29 18 29 19
29 25 30 25
29 29 29 30
29 29 8 29
29 29 30 29
30 4 30 5
30 5 30 7
30 7 30 8
30 7 30 8
30 19 30 18
31 4 31 6
31 6 31 4
31 9 31 12
31 33 31 32
31 33 13 33
31 33 31 32
33 14 33 3
33 14 32 14
33 27 33 21
33 27 32 27
33 27 33 21
2 1 0 1
2 1 7 1
2 12 2 9
2 23 2 21
2 23 2 25
3 18 5 18
3 24 3 25
3 26 3 27
3 26 2 26
3 26 4 26
3 26 3 27
3 26 2 26
3 26 4 26
3 27 1 27
3 27 4 27
4 27 4 29
4 29 4 30
6 3 6 4
6 3 5 3
6 3 6 4
6 3 5 3
7 0 8 0
7 0 8 0
9 28 9 27
9 28 9 27
11 1 11 0
12 14 13 14
12 27 12 26
13 8 13 12
13 33 8 33
14 5 14 15
14 15 14 16
14 15 11 15
14 15 15 15
22 16 23 16
23 16 23 15
23 23 23 22
24 16 24 15
26 4 26 12
27 10 27 12
30 17 30 16
30 17 31 17
32 14 32 12
32 14 32 15
32 15 32 16
32 23 32 17
0 30 0 31
0 30 0 31
0 31 0 32
0 31 1 31
0 32 0 33
0 32 1 32
0 32 0 33
0 33 1 33
1 27 1 31
2 12 2 9
2 21 3 21
3 18 5 18
5 14 5 12
7 33 6 33
8 26 8 29
8 26 7 26
8 26 8 29
8 26 7 26
8 30 8 29
8 30 6 30
11 16 12 16
12 16 14 16
14 15 14 16
14 15 15 15
14 16 15 16
23 15 24 15
23 22 23 20
23 22 20 22
23 22 24 22
23 22 23 20
24 16 24 15
24 21 24 20
27 10 27 12
27 12 27 15
27 12 26 12
27 12 28 12
31 12 31 17
31 12 29 12
31 12 29 12
32 23 32 17
1 27 1 31
2 9 2 8
2 9 1 9
2 9 3 9
3 9 3 7
3 9 3 10
3 9 4 9
3 9 3 7
3 9 3 10
3 10 3 11
3 10 4 10
5 12 5 10
5 12 4 12
5 12 4 12
6 26 6 29
6 29 6 26
7 33 6 33
21 21 20 21
24 21 24 20
26 13 26 15
30 15 30 16
30 15 29 15
30 15 29 15
30 15 29 15
32 17 32 16
32 17 31 17
32 17 33 17
33 16 32 16
1 8 1 7
1 8 1 7
4 12 4 11
21 21 20 21
24 20 24 19
24 20 23 20
26 13 26 15
26 16 27 16
27 15 27 16
27 15 28 15
27 16 26 16
28 15 28 16
28 16 29 16
29 12 29 10
29 12 28 12
29 16 28 16
30 11 30 10
31 32 6 32
31 32 6 32
0 7 0 6
0 7 0 6
1 6 1 5
1 6 0 6
1 6 2 6
2 7 3 7
2 7 3 7
3 6 4 6
3 6 4 6
4 6 4 9
4 6 6 6
4 11 4 10
6 6 6 7
6 6 7 6
6 6 6 7
6 9 6 7
6 9 4 9
6 33 5 33
7 6 7 7
7 7 7 8
7 7 8 7
7 7 8 7
8 7 8 8
23 20 23 19
24 19 23 19
28 11 28 12
29 10 30 10
30 11 30 10
0 5 0 3
0 5 1 5
0 5 0 3
0 5 1 5
1 2 0 2
1 2 4 2
4 2 4 3
4 2 5 2
4 10 4 11
5 2 5 3
23 19 23 18
23 19 20 19
22 18 20 18
22 20 20 20

4377

2 1 2 2 = 4 4 2 2 6 = = = = 2 2 = 5 - 2         2 = = 6 = 2 2 4 4 3 
ǁ | 5 - - 7 7 3 3 7 = = = = = = = 6   |               5 = = = 5 5 2 
6 5 ǁ 1 2 ǁ 2 2 1 6 = = 4 4 6 4 - - 1 5 2 3 = 5 = 2 3 |       4 3 2 
ǁ ǁ ǁ     ǁ 2 4 = 6 4 2 - 2 ǁ 2     2 ǁ 2 3 2 | 2 4 6 4   1   | 2 1 
ǁ ǁ 4 4 3 ǁ 4 - - 3 3 3 5 = 6 2     ǁ ǁ 5 4   | 2 ǁ 2 4 = 5 2 |     
2 ǁ 3 5 2 ǁ |     | 1 - 4 - 2       3 5 |     | 6 8 = = = = = 7 5 2 
  ǁ | 4 2 ǁ 4 3 - 6 = = = = = = = 6 1 ǁ |   1 | 2 ǁ 2 = = 3 1 | 2 3 
3 7 7 2 1 ǁ 2 4 1 ǁ 2 = 6 = 2 4 4 ǁ 3 ǁ |     |   ǁ 2       | | ǁ 2 
2 | 1 2 | ǁ   3 2 ǁ 2 1 ǁ 4 2 2 ǁ ǁ ǁ ǁ | 2 3 |   ǁ 4 = = 5 2 | ǁ 1 
  | 4 8 3 ǁ 2 = = 8 3   ǁ ǁ 3 5 3 ǁ 4 6 |   | | 2 ǁ   2 3 ǁ   | ǁ | 
  | 2 ǁ   ǁ       4 2   ǁ ǁ 1 ǁ   ǁ 2 ǁ |   | | ǁ ǁ     | ǁ 2 | ǁ | 
1 5 = 8 = 8       |     7 3 4 8 2 ǁ ǁ ǁ |   | | ǁ ǁ     3 ǁ ǁ | ǁ | 
2 4   ǁ 2 ǁ 2 - - 4 = = 8 4 4 ǁ 2 ǁ 4 ǁ |   | | ǁ ǁ 2 1 ǁ ǁ ǁ | ǁ | 
2 ǁ   ǁ ǁ ǁ     1 - - - 3 2 2 ǁ | ǁ ǁ ǁ |   | | 4 ǁ |   ǁ ǁ 4 | ǁ 3 
ǁ ǁ   ǁ 6 7 - - - - - - - - - 7 4 ǁ ǁ ǁ | 4 5 | ǁ ǁ 4 = 6 ǁ ǁ | ǁ | 
ǁ 6 2 ǁ ǁ ǁ   2 = 6 = = = = = 5 2 ǁ 6 6 | 2 | | ǁ ǁ 2   ǁ ǁ ǁ | ǁ | 
ǁ ǁ   ǁ 2 6 = 3 1 4 = = 4 2   3 3 ǁ ǁ 4 |   | 3 ǁ ǁ |   ǁ ǁ ǁ | ǁ | 
ǁ ǁ   ǁ   2                   3 2 ǁ ǁ 2 |   | ǁ ǁ ǁ 4 = 5 ǁ ǁ | ǁ | 
5 7 - 7 = = = = = = = = = = = = = 7 8 = 7   7 7 6 ǁ 4 4 | ǁ ǁ | ǁ | 
1 ǁ 2 ǁ 4 = = = = = = = = = = 6 4 | 3 2 | 2   | ǁ ǁ | ǁ | ǁ ǁ | ǁ | 
2 ǁ | ǁ ǁ 4 = = = = = = 4 2   ǁ ǁ | 2 5 7 5 3 | 2 ǁ | 2 | ǁ ǁ | ǁ | 
ǁ ǁ | ǁ ǁ 2   1 - - - - 7 4   ǁ 2 | | | ǁ 2 | | 1 ǁ |   | ǁ ǁ | ǁ | 
ǁ ǁ | ǁ ǁ               ǁ |   ǁ 2 | 1 | 2   | 3 3 ǁ |   | ǁ ǁ | ǁ | 
ǁ ǁ | ǁ ǁ               ǁ 2 - 8 4 | 1 4 4 = 6 2   ǁ |   | ǁ ǁ | ǁ | 
ǁ ǁ | ǁ ǁ               4 = = 6 2 |   2 4 2 1     ǁ |   | ǁ ǁ | ǁ | 
ǁ ǁ | ǁ 5 = = = = = = = = = = = = 6 = = = = = = = 7 |   4 ǁ ǁ | ǁ | 
ǁ ǁ | ǁ 5 = = = = = = = 3 2 = 3 2 | 2             ǁ 1   ǁ ǁ ǁ | ǁ | 
ǁ ǁ | ǁ ǁ 4 = 2   1 2 = 6 = = 7 4 | ǁ 1           ǁ 4 = 4 ǁ ǁ | ǁ | 
4 8 4 ǁ ǁ ǁ   2 = 7 2 2 5 4 2 3 3 | ǁ |           ǁ 4 2 2 ǁ ǁ | ǁ | 
3 5 2 ǁ 4 ǁ 1 4 2 ǁ 3 - 4     3 2 | 6 7 = = = = = 8 = = = 8 6 2 ǁ | 
3 3 4 ǁ 4 6 = 5 2 ǁ 3 2 ǁ     4 2 4 2 2           4 4 2   2 2 1 ǁ | 
1   2 ǁ 2 = 4 2 - 6 = = 7 = = = = 7 - - - - - - - - - - - - - - 7 4 
1 4   6 = = 6 4 - - - 2 2 - 4 2 3 6 = = = = = 2       3 = = = = 6 | 
2 5 2 3 = = = = = = = = = = 5 1 1 1       2 = = = = = 4     1 - 4 2 
