34 34
4 0 4 4 5 0 4 0 0 0 0 0 0 0 0 4 3 4 5 0 0 0 0 0 4 3 2 0 6 0 0 0 4 2 
0 1 0 0 0 1 0 4 0 0 0 6 0 0 0 5 0 0 0 1 0 0 0 0 0 4 4 0 5 3 3 2 0 0 
0 0 0 0 0 0 0 4 1 0 0 0 0 1 0 0 0 0 0 3 0 0 3 0 0 0 0 2 3 0 5 4 0 0 
0 3 3 0 3 0 0 0 0 0 0 0 2 6 2 0 0 0 0 1 0 0 0 0 0 0 0 4 0 4 0 0 6 3 
0 0 0 0 5 4 0 2 3 2 0 0 0 0 0 0 0 0 0 2 0 2 4 5 2 0 0 4 2 0 2 2 5 1 
0 0 4 0 0 1 0 0 0 0 0 0 0 3 1 2 0 0 0 2 1 0 0 0 0 0 0 3 0 0 0 0 3 2 
0 0 0 0 0 1 0 0 0 0 0 0 0 0 0 0 0 0 0 3 0 3 0 0 0 0 0 0 1 0 0 0 2 0 
0 0 0 0 0 3 0 3 5 0 0 5 4 3 2 2 0 0 0 2 0 0 0 3 2 0 0 0 0 0 0 0 5 5 
0 0 0 0 0 0 0 2 5 2 0 2 0 2 0 3 0 0 0 2 0 0 0 0 0 0 0 5 3 0 0 0 2 0 
0 0 0 0 0 4 7 0 0 0 0 0 5 0 0 5 0 0 0 0 0 0 0 0 0 0 0 0 2 0 4 4 0 3 
0 0 0 0 0 1 0 1 5 0 6 2 0 1 1 2 0 4 0 0 0 0 0 0 0 0 0 0 0 0 1 1 2 0 
0 0 0 0 5 3 0 3 6 2 0 1 0 5 5 3 0 0 0 3 0 0 0 0 0 0 0 0 0 0 1 4 4 0 
0 0 0 0 3 1 0 3 3 2 0 0 0 0 0 0 0 0 0 0 0 0 0 0 0 0 0 0 0 0 0 4 3 0 
0 0 2 0 3 2 0 3 4 2 0 0 0 0 0 0 0 0 0 4 0 3 0 0 0 0 4 5 4 0 0 2 0 0 
0 0 0 0 1 0 6 0 0 0 6 4 0 2 0 2 0 0 0 0 0 0 5 0 0 5 0 3 2 0 0 2 0 0 
0 0 0 0 2 1 0 2 0 0 4 2 0 1 0 0 0 2 0 0 0 0 3 3 1 0 3 4 2 0 0 0 0 3 
0 0 0 0 3 0 6 0 0 0 6 3 0 0 0 0 0 0 0 0 0 0 1 5 3 0 0 3 2 0 0 0 0 0 
0 0 0 0 0 2 7 2 1 0 5 0 5 4 0 1 0 1 0 5 0 5 0 0 0 4 6 4 2 0 0 0 0 0 
0 0 0 0 1 3 4 2 2 0 5 1 0 2 0 0 0 0 0 0 1 5 0 1 0 0 0 4 2 0 0 0 0 0 
0 0 0 0 1 2 1 0 0 0 0 0 5 0 3 3 0 0 0 4 4 0 1 3 1 0 0 0 0 0 0 0 0 0 
0 0 0 0 3 0 5 0 0 0 0 0 6 1 4 3 4 0 0 1 2 0 0 0 0 0 0 0 0 0 0 0 0 0 
0 0 0 0 2 0 4 0 0 0 0 0 3 0 4 1 0 0 0 0 0 0 0 0 0 1 0 0 0 0 0 0 0 0 
0 0 0 0 2 3 0 0 0 0 0 0 0 0 0 0 5 4 0 2 0 6 0 2 2 0 5 3 0 0 0 0 0 0 
0 0 0 0 1 3 3 1 1 0 0 0 0 0 0 0 2 2 0 1 0 2 2 0 4 1 4 2 0 0 0 0 0 0 
3 4 0 4 0 0 0 0 0 0 0 0 0 0 0 0 0 0 5 0 0 0 0 0 0 0 0 0 0 5 5 3 0 0 
0 0 2 5 0 0 0 0 0 0 3 0 0 0 0 3 4 3 0 0 0 0 0 0 0 0 2 0 0 5 3 1 0 0 
0 0 2 5 2 0 0 0 4 4 0 2 3 2 1 3 2 1 0 0 1 0 0 0 0 0 0 3 0 3 4 3 0 0 
0 0 3 7 0 0 3 2 2 2 0 3 0 0 0 0 0 0 7 0 0 0 0 0 0 0 0 0 0 0 0 0 8 6 
0 0 4 6 3 2 2 2 2 0 7 0 2 2 0 0 3 0 4 1 3 0 4 2 3 5 0 0 0 3 1 0 0 2 
0 0 2 4 3 0 1 0 0 0 4 0 0 3 3 0 3 0 4 0 4 2 0 2 4 7 0 0 0 0 0 0 7 2 
0 2 0 0 0 3 0 0 0 0 0 0 0 0 0 0 0 0 0 6 0 0 5 4 3 4 4 5 0 0 2 1 4 1 
4 0 0 0 0 0 0 0 0 0 0 0 0 0 6 0 2 3 2 0 1 3 3 3 2 2 2 0 2 0 0 0 6 2 
5 0 0 4 2 1 0 0 0 3 2 3 0 0 6 0 4 3 2 6 0 5 0 0 0 0 0 4 0 3 1 0 2 3 
3 0 0 0 0 0 0 0 0 5 0 2 2 0 5 0 0 0 0 0 0 0 0 0 4 0 0 0 0 0 0 0 2 2 
400 264
0 0 0 2
0 0 24 0
0 0 0 2
0 0 24 0
0 2 0 3
0 2 3 2
0 3 0 4
0 3 24 3
0 3 0 4
0 18 0 17
0 18 0 24
0 18 24 18
0 28 0 26
0 28 0 32
0 28 1 28
0 28 0 26
0 28 0 32
0 28 1 28
0 32 0 33
0 32 3 32
0 33 3 33
1 1 3 1
1 11 1 7
1 11 1 15
1 11 7 11
1 11 1 7
1 11 1 15
1 11 7 11
2 13 3 13
3 13 3 12
3 13 3 14
3 13 5 13
3 13 3 12
3 13 3 14
3 32 3 29
3 32 3 33
3 32 4 32
3 32 3 29
3 32 3 33
4 4 4 5
4 4 3 4
4 4 11 4
4 23 4 22
4 23 4 24
4 23 7 23
5 2 3 2
5 2 13 2
5 2 3 2
5 2 13 2
7 33 7 32
7 33 5 33
7 33 9 33
9 6 9 5
9 6 9 12
9 6 0 6
9 6 14 6
9 15 9 12
9 15 8 15
9 15 10 15
10 8 10 7
10 8 10 10
10 8 11 8
10 10 10 8
10 10 10 11
10 10 14 10
14 22 14 25
14 22 4 22
14 22 15 22
17 6 17 5
17 6 17 7
17 6 16 6
17 6 18 6
17 19 17 21
17 19 13 19
17 19 19 19
27 3 27 2
27 3 27 6
27 3 26 3
27 3 28 3
27 18 27 11
27 18 27 32
27 18 24 18
27 18 28 18
27 32 27 18
27 32 27 33
27 32 12 32
27 32 29 32
27 33 27 32
27 33 15 33
27 33 28 33
27 33 27 32
27 33 15 33
28 10 28 8
28 10 28 12
28 10 25 10
28 10 29 10
28 25 28 24
28 25 28 29
28 25 29 25
28 33 29 33
30 27 30 26
30 27 30 30
30 27 32 27
31 28 31 32
32 0 32 3
32 0 31 0
32 0 33 0
32 19 32 18
32 19 32 21
32 19 30 19
32 19 32 18
32 19 32 21
32 19 30 19
33 9 33 0
33 9 33 11
33 9 32 9
33 14 33 12
33 14 33 24
33 14 32 14
1 5 4 5
1 7 2 7
2 30 2 28
2 30 2 31
2 30 1 30
2 31 2 30
2 31 1 31
2 31 2 30
3 1 24 1
3 1 24 1
3 29 3 27
3 29 24 29
4 5 4 4
4 5 5 5
5 20 5 19
6 5 7 5
7 5 9 5
8 8 8 7
8 8 8 9
8 8 7 8
8 27 8 28
8 27 5 27
8 27 13 27
10 8 11 8
10 10 10 11
10 10 14 10
11 8 11 7
11 8 11 9
11 8 12 8
11 8 11 7
11 9 12 9
14 10 14 6
14 10 14 11
14 10 15 10
14 10 14 6
15 33 9 33
26 9 26 8
26 9 27 9
26 9 26 8
26 9 27 9
30 19 30 5
30 19 30 22
30 19 28 19
30 19 30 5
31 14 31 0
31 14 31 16
31 14 32 14
31 14 31 0
31 14 31 16
31 14 32 14
31 18 31 17
31 20 31 21
31 28 31 32
31 32 31 33
31 32 30 32
31 32 32 32
31 32 31 33
32 3 32 0
32 3 32 4
32 3 32 4
32 5 32 9
32 14 32 11
32 14 32 16
32 14 33 14
32 16 32 17
1 7 2 7
1 31 1 30
2 7 2 8
2 7 4 7
7 5 9 5
9 5 9 6
10 5 11 5
11 7 12 7
14 6 14 4
14 6 9 6
14 6 16 6
16 6 16 4
16 6 16 10
16 6 17 6
16 6 16 4
16 10 16 11
16 10 15 10
16 10 17 10
16 10 16 11
16 10 15 10
29 18 29 16
29 18 28 18
29 18 29 16
29 18 28 18
29 20 29 21
29 20 28 20
29 20 29 21
29 20 28 20
31 0 24 0
31 18 31 17
32 0 33 0
32 16 32 17
33 9 33 11
33 9 32 9
33 12 33 14
33 24 33 32
33 24 31 24
33 24 33 32
33 33 32 33
33 33 32 33
1 30 1 29
15 4 15 5
15 4 16 4
15 7 15 10
24 1 24 3
24 1 30 1
24 3 24 18
24 3 25 3
26 8 26 4
26 8 27 8
28 18 28 16
28 20 28 22
28 22 28 23
28 22 30 22
28 22 28 23
30 1 30 5
31 17 32 17
32 10 32 11
32 11 32 10
32 21 31 21
32 27 32 29
32 27 30 27
32 27 32 29
32 29 32 30
32 32 32 33
1 29 1 28
18 10 18 8
18 10 18 11
18 10 17 10
26 4 26 3
27 18 27 11
27 18 24 18
32 21 31 21
1 29 1 28
16 11 15 11
27 11 26 11
26 11 26 12
26 12 26 13
26 12 26 13
26 14 26 15

5010

4 = 4 4 5   4                 4 3 4 5 - - - - - 4 3 2 = 6 = = = 4 2 
ǁ 1 | |   1 | 4 = = = 6 = = = 5     | 1           4 4   5 3 3 2 | | 
ǁ | | |   | | 4 1     ǁ   1         | 3     3         2 3 - 5 4 | | 
ǁ 3 3 | 3 | | |       ǁ 2 6 2       | 1               4 - 4 = = 6 3 
ǁ ǁ ǁ | 5 4 | 2 3 2   ǁ   |         | 2   2 4 5 2     4 2 | 2 2 5 1 
ǁ ǁ 4 | | 1 |         ǁ   3 1 2     | 2 1   | |       3   |     3 2 
ǁ ǁ ǁ | | 1 |         ǁ             | 3   3 | |       | 1 |     2 | 
ǁ ǁ ǁ | | 3 | 3 5     5 4 3 2 2     | 2     | 3 2     |   |     5 5 
ǁ ǁ ǁ | | ǁ | 2 5 2   2   2   3     | 2     |         5 3 |     2 | 
ǁ ǁ ǁ | | 4 7 - - - - - 5 - - 5     |       |         | 2 | 4 4   3 
ǁ ǁ ǁ | | 1 ǁ 1 5 = 6 2   1 1 2   4 |       |         |   | 1 1 2 | 
ǁ ǁ ǁ | 5 3 ǁ 3 6 2 ǁ 1   5 5 3     | 3     |         |   | 1 4 4 | 
ǁ ǁ ǁ | 3 1 ǁ 3 3 2 ǁ               |       |         |   |   4 3 | 
ǁ ǁ 2 | 3 2 ǁ 3 4 2 ǁ               | 4   3 |       4 5 4 |   2 | | 
ǁ ǁ   | 1 - 6 = = = 6 4   2   2     | |     5 - - 5   3 2 |   2 | | 
ǁ ǁ   | 2 1 | 2 - - 4 2   1       2 | |     3 3 1   3 4 2 |     | 3 
ǁ ǁ   | 3 = 6 - - - 6 3             | |     1 5 3     3 2 |     | ǁ 
ǁ ǁ   |   2 7 2 1   5   5 4   1   1 | 5 - 5       4 6 4 2 |     | ǁ 
ǁ ǁ   | 1 3 4 2 2 - 5 1   2         | | 1 5   1       4 2 |     | ǁ 
ǁ ǁ   | 1 2 1           5   3 3     | 4 4   1 3 1         |     | ǁ 
ǁ ǁ   | 3   5           6 1 4 3 4   | 1 2                 |     | ǁ 
ǁ ǁ   | 2   4           3   4 1     |             1       |     | ǁ 
ǁ ǁ   | 2 3                     5 4 | 2   6   2 2   5 3   |     | ǁ 
ǁ ǁ   | 1 3 3 1 1               2 2 | 1   2 2   4 1 4 2   |     | ǁ 
3 4 - 4 - - - - - - - - - - - - - - 5                     5 5 3 | ǁ 
| | 2 5             3         3 4 3 ǁ               2     5 3 1 | ǁ 
| | 2 5 2 - - - 4 4 | 2 3 2 1 3 2 1 ǁ   1             3   3 4 3 | ǁ 
| | 3 7 - - 3 2 2 2 | 3 = = = = = = 7 = = = = = = = = = = = = = 8 6 
| | 4 6 3 2 2 2 2 - 7 - 2 2     3 - 4 1 3 - 4 2 3 5 - - - 3 1   | 2 
| | 2 4 3   1       4     3 3   3 = 4 | 4 2 | 2 4 7             7 2 
| 2 - - - 3 = = = = = = = = = = = = = 6 - - 5 4 3 4 4 5 - - 2 1 4 1 
4 = = = = = = = = = = = = = 6 = 2 3 2 ǁ 1 3 3 3 2 2 2 ǁ 2 = = = 6 2 
5 = = 4 2 1 - - - 3 2 3 - - 6 - 4 3 2 6 = 5     |     4 = 3 1   2 3 
3 - - - - - - - - 5 = 2 2 = 5 - - - - - - - - - 4 = = = = = = = 2 2 
