34 34
3 0 4 0 0 0 0 3 0 0 0 0 0 0 3 4 0 0 6 0 0 0 2 1 3 0 0 0 4 2 6 3 2 2 
2 2 0 2 0 0 2 2 0 4 0 0 0 0 0 0 0 0 6 0 0 0 0 0 0 0 0 0 3 2 8 0 5 0 
2 4 0 1 2 0 5 0 4 0 0 4 3 3 3 0 4 2 0 1 2 1 0 3 4 0 3 0 1 0 4 1 0 0 
0 1 0 0 3 2 3 1 4 3 1 0 2 2 0 1 2 1 0 0 0 0 0 0 2 0 0 0 0 0 0 0 0 0 
2 0 4 0 0 0 0 0 0 0 0 6 4 4 6 3 0 1 0 1 4 0 0 6 0 0 5 0 0 0 0 0 5 4 
2 3 0 4 0 0 4 0 0 0 0 6 1 2 0 0 0 0 0 2 0 5 0 5 2 1 0 2 2 1 1 0 2 2 
0 2 0 4 0 0 0 0 0 0 0 6 0 0 5 0 4 3 0 0 0 2 1 1 2 2 0 0 3 0 5 2 0 0 
4 0 6 0 0 0 0 0 0 0 0 0 0 0 0 0 0 0 5 0 0 0 0 0 0 0 5 4 0 0 5 0 5 5 
4 1 0 2 3 2 0 3 0 0 0 0 0 0 3 2 4 2 0 2 5 2 2 0 1 0 0 4 4 0 0 2 0 0 
4 2 0 2 0 2 1 0 2 0 3 0 0 0 0 3 4 2 0 3 6 0 7 0 6 3 0 4 0 0 0 0 0 0 
2 0 6 4 0 2 1 0 3 2 0 0 0 0 0 1 0 0 0 0 0 1 0 0 3 3 0 0 0 0 0 0 0 3 
5 2 0 2 3 5 3 0 2 0 6 0 0 0 6 0 6 4 0 0 4 3 0 0 0 0 0 4 0 0 0 0 0 1 
3 0 0 0 0 0 0 0 0 0 0 0 0 0 0 0 0 1 0 0 5 2 0 0 0 0 0 0 0 0 0 3 0 2 
0 0 0 0 0 4 4 0 0 0 0 0 0 0 0 0 0 0 0 0 4 2 0 0 0 0 0 0 0 0 0 0 0 0 
2 0 4 0 0 0 0 0 1 0 0 0 1 2 0 0 4 3 0 0 1 0 0 0 0 0 0 0 6 2 0 0 0 0 
1 0 4 0 0 0 0 0 0 0 0 0 0 0 0 2 3 1 0 0 0 0 0 0 0 0 0 0 0 0 0 0 0 0 
2 0 7 5 0 0 0 2 1 0 0 0 0 0 0 0 0 0 0 0 4 0 4 0 0 0 7 4 6 0 4 0 0 0 
4 4 0 0 0 3 0 0 0 0 6 0 7 5 0 2 0 0 0 0 6 0 6 4 0 0 0 2 2 2 0 0 0 3 
0 2 0 0 0 0 0 0 2 0 0 0 0 1 0 0 0 0 0 0 2 1 0 5 3 2 0 0 2 4 0 0 0 0 
0 2 0 2 0 0 2 0 0 0 0 0 0 2 0 5 5 4 0 0 1 2 0 1 1 0 0 0 0 0 0 0 0 0 
5 5 0 2 0 0 0 4 4 0 0 2 6 3 0 1 0 2 0 0 0 0 0 0 0 0 0 5 8 4 0 0 0 0 
0 1 0 1 0 0 0 0 0 0 3 1 0 0 0 2 0 2 0 0 5 4 0 0 0 0 0 0 2 0 0 0 0 0 
0 0 0 1 0 0 3 6 0 0 5 2 6 3 0 0 0 0 0 0 0 0 3 0 2 3 6 3 3 0 0 0 0 0 
0 0 0 3 0 4 1 2 1 1 2 1 2 2 0 0 0 0 0 3 6 0 2 0 0 0 7 0 6 0 0 0 0 0 
0 0 0 0 0 3 0 0 0 0 0 2 1 2 0 0 0 0 0 1 3 0 0 0 0 0 2 1 2 0 0 0 0 0 
4 0 5 4 5 0 0 0 0 0 0 0 0 0 6 3 0 0 0 4 0 4 0 0 0 0 0 0 0 0 5 2 0 0 
3 1 0 2 0 0 0 0 0 0 0 0 0 0 1 2 0 0 0 5 0 3 0 0 0 3 0 0 0 0 5 2 0 0 
0 1 0 3 5 0 0 0 0 0 0 0 0 0 0 6 0 0 0 0 0 0 0 2 0 0 3 0 1 0 0 1 0 0 
4 4 0 0 0 2 0 4 1 4 2 0 0 0 0 0 0 3 0 6 0 5 0 5 0 0 0 0 0 0 0 1 0 0 
5 5 0 0 0 0 0 0 0 0 0 0 0 0 0 0 0 0 0 0 0 2 0 3 0 0 0 0 0 0 0 0 0 0 
4 2 0 3 0 1 0 5 0 5 0 0 0 0 0 4 6 4 0 5 0 0 2 0 0 2 3 1 3 0 5 2 0 0 
0 0 0 2 0 1 0 3 0 2 0 0 0 0 1 1 4 2 0 1 2 0 0 0 0 0 0 0 0 0 5 2 0 0 
6 0 7 0 3 0 0 0 0 0 0 0 0 0 0 0 0 0 6 0 0 0 0 0 0 0 0 0 0 0 0 0 6 3 
3 1 4 0 0 0 0 0 3 1 1 2 0 0 0 0 0 0 5 0 0 0 0 3 0 2 1 1 0 3 0 0 3 1 
400 497
0 18 0 15
0 18 0 22
0 18 1 18
0 18 0 15
0 18 0 22
0 18 1 18
0 30 0 29
0 30 0 31
0 30 1 30
0 30 0 29
0 30 0 31
0 30 1 30
1 18 1 9
1 18 1 28
1 18 7 18
1 18 1 9
1 30 1 29
1 30 1 32
1 30 2 30
7 33 7 32
7 33 5 33
7 33 10 33
9 22 9 20
9 22 9 24
9 22 8 22
9 22 16 22
11 0 11 1
11 0 10 0
11 0 12 0
14 28 14 29
14 28 8 28
14 28 16 28
14 28 14 29
14 28 8 28
14 28 16 28
16 2 16 0
16 2 16 3
16 2 15 2
16 2 25 2
16 26 16 22
16 26 16 27
16 26 7 26
16 26 22 26
16 28 16 27
16 28 16 30
16 28 17 28
16 28 16 27
16 30 7 30
16 30 25 30
16 30 7 30
17 1 17 0
17 1 18 1
17 1 17 0
17 1 18 1
17 12 17 10
17 12 17 13
17 12 14 12
17 12 20 12
17 23 17 22
17 23 18 23
17 23 17 22
17 23 18 23
19 1 20 1
20 0 20 1
20 0 17 0
20 0 25 0
20 27 20 28
20 27 17 27
20 27 22 27
20 28 20 27
20 28 20 29
20 28 18 28
20 28 21 28
20 28 20 27
20 28 20 29
20 28 18 28
20 29 18 29
20 29 33 29
21 28 22 28
23 26 23 22
23 26 23 28
23 26 22 26
23 26 24 26
23 28 23 26
23 28 22 28
23 28 24 28
23 28 22 28
23 28 24 28
25 30 25 31
25 30 26 30
25 30 25 31
25 30 26 30
28 23 28 21
28 23 27 23
28 23 29 23
29 0 29 1
29 0 28 0
29 0 30 0
30 30 30 31
30 30 26 30
30 30 31 30
31 30 31 31
31 30 30 30
31 30 31 31
31 30 30 30
32 0 32 2
32 0 30 0
32 0 33 0
32 0 32 2
32 0 30 0
32 0 33 0
32 2 32 4
32 2 25 2
32 2 33 2
32 18 32 4
32 18 7 18
32 18 33 18
32 18 32 4
32 18 7 18
32 18 33 18
32 32 32 33
32 32 7 32
32 32 33 32
32 32 32 33
32 32 7 32
32 32 33 32
33 0 33 1
33 2 33 8
33 2 32 2
33 2 33 8
33 8 33 9
33 10 33 11
33 11 33 18
33 18 33 23
33 18 33 23
33 29 33 27
33 29 33 32
33 33 32 33
0 15 0 14
0 23 0 24
0 24 0 28
0 28 0 24
0 28 1 28
0 28 1 28
0 31 0 32
1 9 1 7
1 9 3 9
1 30 1 29
1 30 1 32
1 30 2 30
2 8 2 6
2 8 3 8
2 8 2 6
2 8 3 8
2 11 2 12
2 11 4 11
2 11 2 12
2 11 4 11
4 11 4 2
4 11 4 12
4 11 5 11
4 11 4 2
5 11 5 6
5 11 5 12
5 11 6 11
6 11 6 3
6 11 6 14
6 11 5 11
6 11 6 3
6 11 6 14
8 28 8 27
8 28 6 28
9 27 8 27
9 27 11 27
9 27 8 27
9 27 11 27
10 21 11 21
11 27 16 27
12 20 12 21
12 20 11 20
12 20 13 20
12 31 8 31
16 26 16 22
16 26 7 26
16 26 22 26
17 0 16 0
17 12 17 10
17 12 17 13
17 12 20 12
17 20 17 22
17 20 16 20
17 20 18 20
17 20 17 22
17 20 16 20
17 20 18 20
17 27 17 28
17 29 18 29
17 33 12 33
18 29 17 29
19 1 20 1
20 0 20 1
20 0 25 0
20 1 21 1
20 12 20 11
20 12 20 13
20 12 22 12
20 12 20 11
21 20 21 21
21 20 19 20
21 20 23 20
22 12 22 11
22 12 22 13
22 12 23 12
22 12 22 11
22 12 22 13
22 26 22 25
22 26 22 27
22 26 23 26
25 0 25 2
25 0 26 0
26 19 26 21
26 19 25 19
26 19 28 19
26 30 26 31
27 4 27 3
27 4 27 15
27 4 25 4
27 15 27 4
27 15 26 15
27 15 30 15
27 15 26 15
27 15 30 15
28 10 28 9
28 19 28 21
28 19 26 19
28 19 30 19
28 19 28 21
28 19 30 19
30 0 30 1
30 1 29 1
30 31 28 31
31 20 31 19
32 2 25 2
0 15 0 14
3 8 3 7
3 8 3 9
3 9 3 10
4 12 4 13
4 12 3 12
4 12 4 13
5 6 5 3
5 6 5 11
5 6 5 3
5 13 4 13
8 27 7 27
12 31 8 31
16 2 16 3
16 2 15 2
16 2 25 2
16 20 16 22
16 20 14 20
17 10 17 5
17 10 11 10
17 10 21 10
17 10 17 5
17 22 22 22
17 22 22 22
17 33 12 33
18 8 20 8
18 21 19 21
19 21 21 21
21 11 21 10
21 21 21 20
21 21 25 21
22 10 22 7
22 10 21 10
22 10 23 10
23 20 23 19
23 20 21 20
23 20 24 20
23 20 23 19
23 20 24 20
24 20 24 19
25 19 25 21
25 19 26 19
25 19 25 21
25 21 26 21
26 14 25 14
26 30 26 31
28 10 28 9
29 0 29 1
29 0 28 0
29 1 28 1
30 19 30 22
0 14 0 7
5 3 5 1
5 3 6 3
5 13 4 13
6 3 6 1
7 2 7 0
7 2 7 18
7 2 10 2
7 2 7 0
7 2 7 18
7 2 10 2
7 27 7 26
7 27 5 27
7 27 7 26
9 22 9 20
9 22 9 24
9 22 8 22
9 24 9 25
9 24 8 24
9 24 10 24
9 24 9 25
10 2 10 0
10 2 10 3
10 2 14 2
10 2 10 3
10 24 10 25
10 25 10 24
10 25 9 25
11 0 11 1
11 0 12 0
11 10 11 8
11 10 11 14
11 10 9 10
11 10 11 8
11 10 11 14
11 14 11 16
11 14 8 14
11 14 25 14
11 14 11 16
11 16 11 17
11 16 9 16
11 16 14 16
11 16 11 17
11 17 9 17
11 17 12 17
11 33 10 33
12 0 14 0
13 6 13 5
13 6 11 6
13 6 13 5
13 6 11 6
13 20 13 21
13 20 12 20
13 20 13 21
14 13 17 13
14 16 14 17
14 16 15 16
14 16 14 17
14 17 15 17
15 2 15 0
15 2 14 2
17 13 14 13
17 13 18 13
18 8 20 8
19 13 20 13
19 15 19 16
19 15 17 15
19 15 20 15
19 17 19 16
19 17 20 17
19 17 19 16
19 17 20 17
20 8 20 7
22 10 22 7
22 10 23 10
23 9 23 8
23 19 9 19
25 14 25 4
25 14 25 15
28 0 28 1
28 0 26 0
28 1 27 1
28 1 29 1
28 9 28 8
28 9 30 9
30 19 30 22
4 2 4 0
4 2 0 2
4 14 4 15
4 14 2 14
4 14 6 14
4 14 4 15
4 14 2 14
4 14 6 14
6 1 5 1
6 14 6 16
6 16 6 17
6 16 3 16
6 16 6 17
6 17 4 17
7 0 5 0
7 0 8 0
7 26 4 26
8 0 8 1
8 0 9 0
8 0 9 0
9 0 9 1
9 0 9 1
9 10 9 8
9 20 9 19
9 20 8 20
9 20 11 20
9 20 9 19
10 9 10 8
10 15 9 15
10 33 7 33
11 20 11 21
11 20 12 20
11 21 12 21
13 5 11 5
13 5 17 5
14 0 14 2
14 8 16 8
16 7 8 7
19 13 20 13
20 8 20 7
22 7 22 6
22 7 20 7
22 7 23 7
22 7 22 6
22 13 23 13
23 7 23 6
24 13 24 12
24 13 23 13
25 14 25 4
25 14 25 15
25 15 21 15
26 0 26 1
28 7 28 5
28 7 30 7
28 7 28 5
28 7 30 7
0 2 0 0
0 2 0 7
0 2 0 0
0 7 1 7
3 1 2 1
4 15 3 15
5 1 5 0
5 27 5 28
9 10 9 8
10 8 10 9
16 7 8 7
20 7 20 3
21 15 21 17
21 17 28 17
22 6 22 3
23 5 23 3
23 5 24 5
23 5 23 3
23 5 24 5
23 12 23 11
24 5 24 11
28 17 30 17
30 16 30 15
30 16 30 17
30 16 31 16
30 16 30 15
30 16 30 17
30 16 31 16
30 17 28 17
31 16 31 15
31 16 31 17
0 0 1 0
2 1 2 0
2 1 1 1
2 1 2 0
19 6 19 3
21 3 20 3
23 3 25 3
25 3 25 4
25 3 26 3
25 3 25 4
26 3 27 3
27 4 27 3
30 9 30 7
30 9 31 9
31 14 31 9
1 0 1 1
19 6 19 3
30 9 30 7
31 7 31 5
31 7 30 7
16 3 11 3
30 5 30 3
31 3 30 3
31 3 30 3
16 3 11 3
10 3 10 5
10 3 9 3
11 4 11 5
11 4 11 5
11 4 11 5

5600

3 = 4 - - - - 3 - - - - - - 3 4 = = 6 = = = 2 1 3 = = = 4 2 6 3 2 2 
2 2 | 2     2 2 - 4 = = = = = = = = 6 - - - - - - - - - 3 2 8 = 5   
2 4 | 1 2   5 = 4 |   4 3 3 3   4 2 | 1 2 1   3 4   3   1   4 1     
  1 |   3 2 3 1 4 3 1 ǁ 2 2 ǁ 1 2 1 |           2                   
2 - 4 = = = = = = = = 6 4 4 6 3 | 1 | 1 4     6     5           5 4 
2 3 - 4 = = 4 = = = = 6 1 2 ǁ   | | | 2   5   5 2 1 | 2 2 1 1   2 2 
| 2 - 4 = = = = = = = 6 = = 5 - 4 3 |     2 1 1 2 2 | | 3   5 2   | 
4 = 6 = = = = = = = = = = = = = = = 5               5 4 |   5   5 5 
4 1 ǁ 2 3 2   3             3 2 4 2 ǁ 2 5 2 2   1   ǁ 4 4   ǁ 2 ǁ ǁ 
4 2 ǁ 2   2 1 ǁ 2 = 3       | 3 4 2 ǁ 3 6 = 7 = 6 3 ǁ 4 ǁ   ǁ ǁ ǁ ǁ 
2 - 6 4 - 2 1 ǁ 3 2 |       | 1 | | ǁ | | 1 |   3 3 ǁ ǁ ǁ   ǁ ǁ ǁ 3 
5 2 | 2 3 5 3 ǁ 2 = 6 = = = 6 = 6 4 ǁ | 4 3 |       ǁ 4 ǁ   ǁ ǁ ǁ 1 
3   | ǁ   | ǁ ǁ     |       |   | 1 ǁ | 5 2 |       ǁ | ǁ   ǁ 3 ǁ 2 
|   | ǁ   4 4 ǁ     |       |   |   ǁ | 4 2 |       ǁ | ǁ   ǁ   ǁ ǁ 
2 - 4 ǁ   |   ǁ 1   |   1 2 |   4 3 ǁ | 1   |       ǁ | 6 2 ǁ   ǁ ǁ 
1 - 4 ǁ   |   ǁ |   |   | ǁ | 2 3 1 ǁ | |   |       ǁ | ǁ   ǁ   ǁ ǁ 
2 - 7 5   |   2 1   |   | ǁ |       ǁ | 4 - 4 = = = 7 4 6 - 4   ǁ ǁ 
4 4 ǁ     3 = = = = 6 = 7 5 | 2     ǁ | 6 = 6 4     ǁ 2 2 2 |   ǁ 3 
| 2 ǁ           2   |   ǁ 1 | |     ǁ | 2 1 ǁ 5 3 2 ǁ | 2 4 |   ǁ   
| 2 ǁ 2 = = 2   ǁ   |   ǁ 2 | 5 5 4 ǁ | 1 2 ǁ 1 1   ǁ | ǁ | |   ǁ   
5 5 ǁ 2 - - - 4 4   | 2 6 3 | 1   2 ǁ | | | ǁ       ǁ 5 8 4 |   ǁ   
ǁ 1 ǁ 1       |     3 1 |   | 2 - 2 ǁ | 5 4 ǁ       ǁ | 2 | |   ǁ   
ǁ   ǁ 1 - - 3 6 = = 5 2 6 3 | |   | ǁ | ǁ | 3   2 3 6 3 3 | |   ǁ   
ǁ   ǁ 3 = 4 1 2 1 1 2 1 2 2 | |   | ǁ 3 6 | 2 - - - 7 = 6 | |   ǁ   
ǁ   ǁ |   3 - - - - - 2 1 2 | |   | ǁ 1 3 |         2 1 2 | |   ǁ   
4 - 5 4 5 = = = = = = = = = 6 3   | ǁ 4 = 4               | 5 2 ǁ   
3 1 ǁ 2 |                   1 2   | ǁ 5 - 3       3       | 5 2 ǁ   
| 1 ǁ 3 5 = = = = = = = = = = 6   | ǁ ǁ       2     3   1 | | 1 ǁ   
4 4 ǁ     2 = 4 1 4 2         ǁ   3 ǁ 6 = 5 - 5           | | 1 ǁ   
5 5 ǁ         ǁ   |           ǁ   ǁ ǁ ǁ   2   3           | | | ǁ   
4 2 ǁ 3 - 1   5 = 5           4 6 4 ǁ 5 = = 2     2 3 1 3 | 5 2 ǁ   
ǁ   ǁ 2   1 - 3   2 - - - - 1 1 4 2 ǁ 1 2                 | 5 2 ǁ   
6 = 7 - 3 = = = = = = = = = = = = = 6                     |     6 3 
3 1 4 = = = = = 3 1 1 2 - - - - - - 5 = = = = 3   2 1 1 - 3 - - 3 1 
