34 34
4 0 0 3 3 0 0 0 0 5 0 0 0 0 2 4 0 0 0 0 0 0 0 5 0 0 0 4 0 0 0 2 4 3 
6 5 3 0 6 6 4 0 0 7 0 6 0 6 5 6 0 0 0 0 0 5 6 6 3 3 3 0 2 0 5 4 0 3 
5 4 3 0 4 5 0 3 2 0 2 6 3 3 2 4 2 2 0 4 0 4 2 4 6 5 3 0 3 1 0 3 0 4 
4 0 0 5 0 0 0 0 0 7 0 0 0 0 0 0 0 0 0 0 0 0 0 0 0 0 0 7 8 0 6 3 0 4 
0 4 2 0 2 2 4 2 2 0 3 6 0 0 0 0 0 0 0 0 6 6 0 3 3 0 4 0 3 0 6 4 0 0 
0 0 2 4 7 0 8 5 0 0 0 6 0 0 0 0 0 0 2 2 0 0 2 0 4 2 0 0 3 2 0 0 0 0 
1 5 1 1 0 1 0 3 0 0 3 5 2 4 0 4 0 3 5 3 0 0 0 0 0 0 0 0 0 1 0 0 0 0 
1 0 1 0 0 0 0 4 0 0 0 2 3 0 3 4 3 3 0 1 0 0 4 0 0 0 0 0 0 0 0 0 0 0 
4 7 5 5 0 4 7 8 4 0 0 0 2 0 4 4 0 4 0 0 0 0 0 0 0 0 0 0 5 3 0 0 0 0 
3 0 1 2 0 4 6 5 1 0 0 4 0 7 0 0 6 5 5 3 0 4 0 0 0 0 0 0 0 0 0 0 0 0 
2 0 3 0 5 0 0 0 0 4 4 6 2 0 2 4 4 3 4 3 0 4 0 0 0 2 0 0 0 0 0 0 0 0 
1 0 3 2 2 0 0 0 0 0 0 0 0 5 0 6 6 0 4 2 0 2 0 0 2 0 0 0 0 0 0 0 0 0 
4 7 0 0 0 0 0 0 0 0 0 0 0 0 0 0 0 0 0 0 8 0 6 0 0 0 0 0 0 0 0 0 0 4 
0 0 2 0 0 0 3 1 0 0 3 3 2 3 0 0 0 0 0 4 0 1 0 0 0 0 3 0 0 0 0 0 0 0 
0 0 3 5 0 0 5 0 2 1 0 2 0 4 0 0 0 3 2 0 0 3 0 0 0 0 0 0 0 0 0 0 0 0 
0 0 0 0 3 3 0 3 0 0 5 0 0 0 0 0 0 0 0 5 0 0 0 0 0 0 0 0 5 0 5 0 0 0 
0 0 4 0 0 4 0 0 3 3 0 4 0 0 5 4 0 0 3 0 0 0 0 0 0 0 0 0 0 2 0 0 3 0 
0 0 0 0 3 0 0 0 1 0 0 4 5 3 0 3 0 4 4 0 0 0 0 0 0 0 0 0 0 4 0 0 4 0 
0 0 0 0 0 4 0 0 4 3 0 3 3 2 0 4 2 0 0 0 0 4 0 0 0 0 0 0 0 0 0 0 0 0 
0 0 0 0 3 0 0 0 0 0 0 5 0 0 7 0 0 6 0 0 0 0 0 0 0 0 0 0 0 0 0 0 0 0 
0 0 0 0 0 0 0 0 0 0 0 1 2 0 6 4 2 0 0 0 0 0 0 0 0 0 0 0 0 0 0 0 4 0 
0 0 0 0 4 0 0 0 5 0 6 0 0 0 0 0 0 4 0 0 0 0 0 0 0 0 0 0 0 0 0 0 0 0 
0 0 0 0 0 0 0 3 6 2 0 1 4 0 5 6 5 3 0 0 0 0 4 0 0 0 3 0 0 0 0 0 0 0 
0 0 0 0 0 0 0 4 5 2 6 4 7 3 0 6 6 4 0 0 0 0 2 0 0 0 0 0 0 0 0 0 0 0 
0 0 5 7 6 6 0 2 2 0 5 0 3 1 0 3 3 3 0 0 0 0 2 0 0 0 0 0 5 5 0 0 0 0 
0 0 5 6 3 0 0 4 0 0 0 0 0 0 6 0 0 0 5 4 0 0 0 0 0 0 0 0 0 3 0 0 0 0 
0 0 4 6 4 2 0 4 4 0 0 0 0 0 7 0 4 2 0 1 0 0 0 0 0 0 0 0 3 0 0 0 0 4 
4 0 0 3 1 0 0 4 6 0 4 0 3 1 4 2 3 2 0 1 7 6 5 6 0 4 3 0 4 5 0 0 0 0 
4 0 3 0 0 0 4 0 0 0 0 0 0 0 0 0 0 0 5 0 5 3 2 5 4 5 2 0 2 2 0 0 0 0 
6 6 0 0 0 0 0 0 0 0 0 0 0 0 0 0 0 0 0 0 0 0 0 0 0 0 0 8 0 0 6 7 7 4 
4 0 3 5 0 4 0 2 1 2 0 4 2 0 0 0 3 0 0 0 0 5 0 0 4 4 2 0 2 0 3 3 6 5 
2 0 4 5 0 3 0 0 0 0 0 4 0 0 0 0 0 0 0 0 0 6 0 0 0 0 0 8 0 0 0 6 2 0 
3 5 0 0 0 0 0 0 0 0 0 0 0 0 0 0 0 2 3 0 0 5 2 2 0 0 0 7 3 4 0 8 3 4 
2 4 0 0 0 0 0 0 0 0 0 0 0 0 0 0 2 1 0 0 0 0 0 0 0 0 0 4 0 5 2 2 2 3 
400 669
0 0 0 3
0 0 1 0
0 0 0 3
0 0 1 0
0 9 0 4
0 9 0 14
0 9 1 9
0 23 0 15
0 23 0 27
0 23 1 23
1 0 1 1
1 0 2 0
1 5 1 4
1 5 1 6
1 5 2 5
1 5 1 4
1 5 1 6
1 5 2 5
1 6 1 9
1 6 4 6
1 9 1 11
1 9 0 9
1 9 3 9
1 11 1 9
1 11 1 13
1 11 2 11
1 13 1 11
1 13 1 14
1 13 2 13
1 21 1 15
1 21 1 22
1 21 2 21
1 22 1 21
1 22 1 23
1 22 2 22
1 22 1 21
1 22 1 23
1 23 1 24
1 23 0 23
1 23 2 23
1 30 1 28
1 30 1 31
1 30 3 30
3 3 3 0
3 3 0 3
3 3 5 3
3 9 3 27
3 9 1 9
3 9 10 9
3 9 3 27
3 9 10 9
3 27 3 28
3 27 0 27
3 27 29 27
3 28 3 27
3 28 3 30
3 28 2 28
3 28 4 28
3 28 3 27
3 28 3 30
3 28 2 28
3 30 3 31
3 30 1 30
3 30 4 30
4 1 4 2
4 1 6 1
4 1 4 2
4 1 6 1
4 11 4 10
4 11 4 20
4 11 5 11
4 11 4 10
4 11 4 20
4 11 5 11
4 20 4 21
4 20 12 20
4 21 4 20
4 21 4 23
4 21 9 21
4 21 4 20
4 21 4 23
4 26 4 24
4 26 13 26
4 26 4 24
4 26 13 26
4 30 4 28
4 30 4 31
4 30 15 30
4 30 4 28
4 30 4 31
4 31 3 31
4 31 29 31
5 4 5 3
5 4 5 6
5 4 4 4
5 4 10 4
5 6 5 4
5 6 5 7
5 6 4 6
5 6 8 6
5 11 5 18
5 11 6 11
5 11 5 18
5 11 6 11
5 19 6 19
6 5 8 5
6 18 6 17
6 18 6 19
6 18 9 18
7 7 6 7
7 7 8 7
7 7 6 7
7 7 8 7
7 22 5 22
7 22 12 22
7 22 5 22
7 22 12 22
8 1 8 0
8 1 8 2
8 1 6 1
8 1 12 1
8 3 8 2
8 3 6 3
8 3 9 3
8 5 8 6
8 5 9 5
8 5 8 6
8 7 8 6
8 7 8 8
8 7 9 7
8 28 8 29
8 28 5 28
8 28 15 28
9 5 9 6
9 5 15 5
9 5 9 6
9 6 9 7
9 6 8 6
9 6 13 6
9 6 9 7
9 13 9 11
9 13 9 16
9 13 6 13
9 13 11 13
9 21 10 21
10 9 10 10
10 9 14 9
10 21 9 21
10 21 11 21
10 21 9 21
11 21 13 21
12 1 12 0
12 1 8 1
12 1 29 1
12 1 12 0
12 1 29 1
12 1 12 0
12 20 27 20
12 22 22 22
12 33 3 33
12 33 26 33
12 33 3 33
12 33 26 33
13 26 22 26
14 3 14 2
14 3 11 3
14 3 24 3
14 6 14 8
14 6 13 6
14 6 28 6
14 21 18 21
15 19 15 10
15 19 13 19
15 19 25 19
15 30 15 28
15 30 29 30
16 2 14 2
16 2 24 2
16 2 14 2
16 2 24 2
16 5 15 5
16 5 18 5
16 5 15 5
16 5 18 5
16 14 16 11
16 14 16 15
16 14 19 14
16 29 17 29
17 12 17 11
17 12 17 13
17 12 18 12
17 29 16 29
17 29 24 29
17 29 24 29
17 32 16 32
17 32 20 32
17 32 16 32
17 32 20 32
18 5 24 5
18 21 14 21
18 21 27 21
18 21 27 21
19 11 19 14
19 11 18 11
19 11 20 11
19 17 19 14
19 17 17 17
19 17 21 17
19 17 19 14
19 17 17 17
19 17 21 17
20 32 29 32
21 4 19 4
21 4 24 4
21 4 19 4
21 4 24 4
21 8 21 10
21 8 18 8
21 8 22 8
21 17 21 10
21 17 22 17
22 14 22 12
22 14 22 15
22 14 25 14
22 15 22 14
22 15 22 16
22 15 23 15
22 15 22 14
22 15 22 16
23 12 23 11
23 12 23 13
23 12 22 12
23 12 24 12
24 4 24 3
24 4 24 5
24 4 25 4
24 4 24 3
24 5 18 5
24 5 26 5
24 5 26 5
24 28 24 29
24 28 15 28
24 28 26 28
25 2 25 3
25 2 24 2
25 2 26 2
25 14 25 7
25 14 25 18
25 14 26 14
25 14 25 7
25 14 25 18
26 14 26 8
26 14 26 16
26 14 27 14
26 33 29 33
27 0 12 0
27 0 28 0
27 0 28 0
27 0 28 0
27 10 27 8
27 10 27 12
27 10 27 8
27 10 27 12
27 20 27 19
27 20 27 21
27 20 12 20
27 20 28 20
27 21 27 20
27 21 27 22
27 21 28 21
27 29 27 28
27 29 25 29
27 29 28 29
28 0 29 0
29 1 29 0
29 1 29 27
29 1 32 1
29 1 29 0
29 31 29 30
29 31 29 32
29 31 30 31
30 0 29 0
30 0 31 0
30 0 29 0
30 0 31 0
30 3 30 2
30 3 30 5
30 3 31 3
30 21 30 16
30 21 30 24
30 21 31 21
30 24 30 21
30 24 30 25
30 24 30 25
30 25 30 26
30 33 30 32
30 33 29 33
30 33 32 33
31 2 31 3
31 2 30 2
31 2 31 3
31 2 30 2
31 27 31 21
31 27 31 31
31 27 29 27
31 27 32 27
31 27 31 21
31 27 31 31
31 27 29 27
31 27 32 27
31 31 31 32
31 31 30 31
31 31 32 31
31 31 31 32
32 21 32 18
32 21 32 22
32 21 31 21
32 27 32 23
32 27 32 28
32 27 33 27
33 29 33 27
33 29 33 30
33 29 32 29
0 27 0 23
0 27 0 31
1 0 1 1
1 0 2 0
1 4 0 4
1 4 2 4
1 4 0 4
1 4 2 4
1 11 2 11
1 13 1 14
1 13 2 13
1 15 1 14
1 15 0 15
1 15 2 15
1 15 1 14
1 15 0 15
2 4 2 5
2 4 4 4
2 5 4 5
2 10 2 11
2 15 2 14
2 15 2 16
2 15 2 14
2 16 2 17
2 17 2 19
2 19 2 21
2 21 2 19
2 21 2 22
2 23 2 24
2 24 2 23
2 24 2 25
2 24 1 24
2 24 2 23
2 24 2 25
2 29 2 28
3 33 3 31
3 33 2 33
4 10 6 10
5 4 5 3
5 4 10 4
5 6 5 7
5 6 4 6
5 6 8 6
5 19 6 19
6 7 5 7
6 18 6 17
6 18 9 18
7 19 9 19
8 6 8 7
8 7 8 8
8 7 9 7
8 8 4 8
8 8 9 8
8 12 7 12
8 14 8 15
8 14 7 14
8 14 8 15
8 14 7 14
8 15 8 17
8 15 7 15
8 17 7 17
8 17 9 17
8 17 7 17
9 7 13 7
9 16 9 13
9 16 9 17
9 16 10 16
9 16 9 17
9 16 10 16
10 14 10 15
11 0 10 0
11 15 11 13
11 15 11 16
11 15 10 15
11 15 11 13
11 15 11 16
11 15 10 15
11 16 11 18
11 16 10 16
11 16 11 18
11 16 10 16
12 22 22 22
13 2 11 2
13 6 14 6
15 30 15 28
15 30 29 30
17 17 17 15
17 17 17 18
17 18 16 18
17 18 25 18
17 18 16 18
18 15 18 16
18 15 17 15
18 15 18 16
18 15 17 15
19 4 17 4
20 12 20 14
20 14 20 12
20 14 20 15
20 14 19 14
20 14 20 15
20 14 19 14
20 15 20 16
20 16 20 15
20 32 29 32
21 10 21 8
21 10 15 10
21 10 23 10
21 10 15 10
22 12 22 11
22 12 23 12
22 22 22 26
22 22 23 22
22 26 27 26
23 10 23 9
23 10 23 11
23 10 24 10
23 10 23 9
23 10 23 11
23 11 23 12
23 13 23 12
23 13 24 13
23 22 24 22
24 10 24 8
24 10 24 12
24 10 24 8
24 10 24 12
24 22 27 22
25 7 24 7
25 7 26 7
26 7 26 8
26 7 27 7
26 7 26 8
26 8 26 14
26 14 26 16
26 14 27 14
26 16 26 17
26 16 27 16
26 33 29 33
27 7 27 8
27 8 27 7
27 12 27 13
27 14 27 15
27 14 27 15
27 16 27 17
27 20 28 20
27 23 27 22
27 23 27 25
27 23 28 23
27 23 27 22
27 23 27 25
27 23 28 23
27 25 27 26
27 25 28 25
27 26 28 26
28 18 28 6
28 18 28 20
28 18 25 18
28 24 28 23
28 24 28 25
28 24 28 23
28 24 28 25
28 25 28 26
29 27 29 30
29 30 29 27
29 30 29 31
29 31 29 32
29 31 30 31
29 33 29 32
30 25 30 26
30 28 30 30
30 30 30 28
30 33 30 32
30 33 32 33
31 21 31 11
31 21 30 21
32 21 32 18
32 21 32 22
32 23 32 27
32 33 32 32
32 33 33 33
33 33 33 32
33 33 33 32
0 9 0 14
0 32 0 31
0 32 0 33
0 32 0 33
0 32 0 33
1 24 1 25
1 28 1 30
1 31 1 33
1 31 2 31
1 31 1 33
1 33 2 33
2 5 4 5
2 10 2 11
2 11 2 12
2 12 2 11
2 12 2 13
2 31 2 33
2 33 2 31
4 6 4 7
4 23 4 24
5 2 5 3
5 2 6 2
5 7 4 7
5 24 5 25
5 24 11 24
5 24 5 25
5 24 11 24
6 1 6 0
6 1 8 1
7 0 8 0
7 2 8 2
7 14 7 15
7 15 7 16
7 15 6 15
7 16 7 17
8 0 8 1
8 0 9 0
8 2 8 3
8 2 9 2
8 3 9 3
8 12 7 12
9 0 10 0
10 14 10 15
13 2 11 2
16 11 16 14
16 11 17 11
16 11 17 11
16 15 16 14
16 15 16 18
17 4 15 4
17 11 17 12
19 14 19 11
22 9 22 8
24 7 23 7
26 17 27 17
26 19 25 19
27 7 27 8
27 22 28 22
28 23 28 22
29 32 30 32
29 32 30 32
30 16 30 12
31 11 31 5
31 11 30 11
31 11 31 5
32 18 32 17
32 32 32 31
32 32 32 31
2 7 2 8
3 0 3 3
3 0 2 0
3 0 2 0
4 8 2 8
6 15 6 13
6 15 6 17
6 15 6 13
17 4 15 4
19 11 18 11
22 9 22 8
23 7 23 8
23 7 22 7
23 7 23 8
23 8 22 8
25 19 25 18
25 19 15 19
28 21 28 20
30 11 30 9
30 11 30 12
30 11 30 9
2 0 2 1
2 1 2 2
2 1 1 1
2 1 2 2
2 2 1 2
6 13 6 12
9 13 9 11
9 13 11 13
11 13 13 13
15 4 11 4
18 11 18 12
22 8 22 7
22 8 21 8
28 21 28 20
30 8 30 7
1 1 1 2
1 1 1 2
9 11 7 11
9 11 10 11
10 11 10 10
10 11 10 12
10 11 13 11
10 11 10 10
10 11 10 12
18 8 18 9
18 8 17 8
18 8 18 9
18 9 16 9
22 7 15 7
28 18 28 6
30 7 30 5
10 10 6 10
15 7 15 10
16 8 16 9
16 9 16 8
28 6 28 2
30 5 30 3
30 5 31 5
31 3 30 3
6 10 6 11
6 11 6 12
6 11 7 11
14 6 14 8
15 7 15 10
15 19 13 19
28 2 26 2
13 10 13 11
13 10 13 11
13 12 13 13
13 19 13 13
13 19 11 19
14 11 14 13
14 13 14 11
14 13 14 17
14 13 14 17
14 17 14 18
28 2 26 2
11 18 11 19
11 18 10 18
26 2 26 3
26 3 26 4
26 3 25 3
26 3 27 3
26 3 26 4
26 3 25 3
26 4 25 4
26 4 27 4
25 2 25 3
25 2 24 2
25 4 25 3
24 2 24 3
24 3 14 3
24 3 25 3
14 3 11 3

7785

4 = = 3 3 - - - - 5 = = = = 2 4 - - - - - - - 5 = = = 4 - - - 2 4 3 
6 5 3 | 6 6 4 - - 7 = 6 = 6 5 6 - - - - - 5 6 6 3 3 3 | 2 = 5 4 = 3 
5 4 3 | 4 5 | 3 2 ǁ 2 6 3 3 2 4 2 2 - 4 = 4 2 4 6 5 3 | 3 1 ǁ 3 = 4 
4 = = 5 | ǁ |   | 7 = = = = = = = = = = = = = = = = = 7 8 = 6 3 - 4 
  4 2 | 2 2 4 2 2 ǁ 3 6 = = = = = = = = 6 6 = 3 3 = 4 | 3 = 6 4   ǁ 
  ǁ 2 4 7 = 8 5 | ǁ | 6 = = = = = = 2 2 | | 2   4 2 ǁ | 3 2 | |   ǁ 
1 5 1 1 ǁ 1 ǁ 3 | ǁ 3 5 2 4 = 4 - 3 5 3 | | ǁ   ǁ   ǁ | | 1 | |   ǁ 
1 ǁ 1 | ǁ | ǁ 4 | ǁ | 2 3 | 3 4 3 3 ǁ 1 | | 4   ǁ   ǁ | |   | |   ǁ 
4 7 5 5 ǁ 4 7 8 4 ǁ | | 2 | 4 4 - 4 ǁ | | | ǁ   ǁ   ǁ | 5 3 | |   ǁ 
3 ǁ 1 2 ǁ 4 6 5 1 ǁ | 4 = 7 = = 6 5 5 3 | 4 ǁ   ǁ   ǁ | |   | |   ǁ 
2 ǁ 3   5 | | |   4 4 6 2 ǁ 2 4 4 3 4 3 | 4 ǁ   ǁ 2 ǁ | |   | |   ǁ 
1 ǁ 3 2 2 | | |   |   |   5 = 6 6 = 4 2 | 2 ǁ   2   ǁ | |   | |   ǁ 
4 7 ǁ ǁ | | | |   |   |   |           | 8 | 6       ǁ | |   | |   4 
| ǁ 2 ǁ | | 3 1   | 3 3 2 3 - - - - - 4 ǁ 1 ǁ       3 | |   | |   ǁ 
| ǁ 3 5 | | 5 = 2 1   2 = 4 = = = 3 2 ǁ ǁ 3 ǁ       | | |   | |   ǁ 
| ǁ ǁ ǁ 3 3 | 3 = = 5 - - - - - - - - 5 ǁ ǁ ǁ       | | 5 = 5 |   ǁ 
| ǁ 4 ǁ ǁ 4 | | 3 3 ǁ 4 = = 5 4 - - 3 ǁ ǁ ǁ ǁ       | | | 2 ǁ | 3 ǁ 
| ǁ ǁ ǁ 3 ǁ | | 1 | ǁ 4 5 3 | 3 - 4 4 ǁ ǁ ǁ ǁ       | | | 4 ǁ | 4 ǁ 
| ǁ ǁ ǁ | 4 | | 4 3 ǁ 3 3 2 | 4 2 ǁ | ǁ ǁ 4 ǁ       | | | ǁ ǁ | ǁ ǁ 
| ǁ ǁ ǁ 3 ǁ | | |   ǁ 5 = = 7 = = 6 | ǁ ǁ ǁ ǁ       | | | ǁ ǁ | ǁ ǁ 
| ǁ ǁ ǁ ǁ ǁ | | |   ǁ 1 2 = 6 4 2 ǁ | ǁ ǁ ǁ ǁ       | | | ǁ ǁ | 4 ǁ 
| ǁ ǁ ǁ 4 ǁ | | 5 = 6 - - - - - - 4 | ǁ ǁ ǁ ǁ       | | | ǁ ǁ | ǁ ǁ 
| ǁ ǁ ǁ ǁ ǁ | 3 6 2 | 1 4 - 5 6 5 3 | ǁ ǁ ǁ 4 - - - 3 | | ǁ ǁ | ǁ ǁ 
| ǁ ǁ ǁ ǁ ǁ | 4 5 2 6 4 7 3 | 6 6 4 | ǁ ǁ ǁ 2       | | | ǁ ǁ | ǁ ǁ 
| ǁ 5 7 6 6 | 2 2 = 5 = 3 1 | 3 3 3 | ǁ ǁ ǁ 2       | | 5 5 ǁ | ǁ ǁ 
| ǁ 5 6 3 ǁ | 4 = = = = = = 6 = = = 5 4 ǁ ǁ |       | | | 3 ǁ | ǁ ǁ 
| ǁ 4 6 4 2 | 4 4 = = = = = 7 = 4 2 | 1 ǁ ǁ |       | | 3 | ǁ | ǁ 4 
4 ǁ ǁ 3 1   | 4 6 = 4 = 3 1 4 2 3 2 | 1 7 6 5 6 = 4 3 | 4 5 ǁ | ǁ ǁ 
4 ǁ 3 - - - 4 = = = = = = = = = = = 5 - 5 3 2 5 4 5 2 | 2 2 ǁ | ǁ ǁ 
6 6 - - - - - - - - - - - - - - - - - - - - - - - - - 8 = = 6 7 7 4 
4 | 3 5 = 4 - 2 1 2 = 4 2 - - - 3 - - - - 5 = = 4 4 2 ǁ 2 = 3 3 6 5 
2 | 4 5   3 = = = = = 4 - - - - - - - - - 6 = = = = = 8 = = = 6 2 ǁ 
3 5                               2 3 = = 5 2 2 = = = 7 3 4   8 3 4 
2 4                             2 1                   4 - 5 2 2 2 3 
