34 34
2 1 2 0 4 0 0 0 0 0 0 3 0 0 0 0 0 0 0 0 0 0 0 0 0 0 3 0 0 1 3 0 1 1 
5 2 0 0 0 0 0 1 0 0 0 0 2 2 0 0 0 0 0 0 0 0 4 2 1 0 2 1 0 3 0 2 3 0 
0 0 0 0 0 0 0 0 0 0 0 0 4 0 6 0 0 0 0 0 0 0 7 5 0 0 0 0 0 6 8 0 5 3 
0 3 0 0 5 0 0 2 0 0 0 0 3 0 4 0 3 3 0 0 0 0 0 1 3 0 5 3 3 0 0 3 5 4 
0 1 0 0 1 0 0 0 0 0 0 0 3 0 3 2 1 2 0 0 0 0 0 2 5 2 0 1 2 0 0 0 0 2 
5 0 0 0 0 0 0 0 0 0 0 4 0 0 0 0 0 0 0 0 0 0 5 0 0 0 6 2 1 0 0 0 0 1 
0 1 2 2 0 3 2 2 2 3 2 0 3 1 2 0 5 0 1 1 0 3 0 1 2 0 7 3 4 2 0 0 0 0 
0 0 3 0 0 5 4 0 1 5 3 0 6 4 3 0 6 1 2 0 5 3 0 2 0 0 6 1 4 3 0 0 0 0 
0 3 1 0 0 0 2 0 1 0 0 0 4 0 2 1 0 0 0 0 0 2 0 3 4 4 8 0 5 2 0 0 0 0 
0 0 0 0 0 0 3 0 2 0 0 0 2 0 2 0 5 0 0 0 5 3 0 0 2 2 2 1 4 2 0 0 0 0 
0 0 0 0 0 0 0 0 0 6 0 6 1 0 1 0 0 1 0 0 4 2 0 3 0 0 0 0 0 0 5 0 0 0 
0 0 0 0 0 0 0 0 0 2 2 6 2 6 3 0 0 0 0 0 0 0 0 0 1 2 0 0 6 0 6 0 0 0 
0 0 0 0 0 0 0 4 5 0 0 0 2 0 0 0 0 0 0 0 0 0 0 0 0 1 0 0 4 1 0 0 0 0 
0 0 0 0 0 0 0 0 0 1 0 3 0 0 0 0 0 0 0 0 0 0 0 0 4 0 0 0 0 0 6 0 3 2 
0 0 0 0 0 0 0 1 5 0 6 4 0 0 1 0 0 0 0 0 0 0 0 3 3 0 0 0 3 2 4 0 2 1 
0 0 0 0 0 0 0 1 4 2 4 2 0 0 0 0 0 0 0 0 0 0 0 3 1 0 0 0 0 1 2 0 0 0 
0 0 0 0 0 0 4 0 0 0 0 0 4 6 0 0 6 0 0 0 0 0 6 0 0 0 0 0 0 0 0 6 6 4 
0 0 0 0 0 0 0 0 0 0 0 0 0 0 4 4 0 3 3 2 4 1 0 4 3 2 0 3 3 0 0 4 2 1 
0 0 0 0 0 0 0 0 0 0 0 0 0 0 0 2 0 2 0 1 0 0 0 2 0 1 0 0 3 2 0 0 2 1 
0 0 0 0 0 0 0 0 0 0 0 0 0 0 0 0 0 1 0 0 0 0 0 2 4 0 0 6 0 0 0 5 3 3 
0 0 0 0 0 0 2 0 0 0 0 0 0 2 4 0 5 0 6 0 5 1 0 0 3 3 1 0 0 0 1 0 2 0 
0 0 0 0 0 0 0 0 0 0 0 0 0 2 3 2 2 2 6 1 4 4 0 4 3 4 0 6 0 4 4 0 0 1 
0 0 0 0 0 0 0 0 0 0 0 0 0 1 0 2 1 0 4 2 1 2 0 2 2 3 1 2 0 1 1 0 0 2 
0 0 3 0 0 5 0 0 0 0 0 0 6 0 0 0 0 0 0 0 0 0 8 0 0 0 0 0 0 0 0 5 7 5 
0 0 0 1 2 0 2 2 6 0 0 0 6 0 5 0 2 0 0 0 0 0 0 1 0 0 2 3 1 0 0 0 0 1 
0 0 5 7 5 0 0 1 3 2 1 2 0 0 0 1 0 2 0 0 0 0 0 2 0 0 4 5 0 1 0 0 0 2 
0 0 3 4 1 0 0 0 1 0 0 0 0 0 0 0 0 0 0 0 0 0 0 0 0 0 0 0 0 0 0 0 2 0 
0 0 2 3 1 0 3 4 0 6 4 4 0 0 0 0 0 4 0 0 0 0 7 0 0 0 3 0 0 0 0 0 3 4 
0 0 3 0 0 7 3 0 2 0 1 0 0 2 7 3 0 0 2 0 0 0 0 2 0 1 0 0 0 0 0 0 0 1 
0 0 1 0 0 1 1 0 0 0 0 1 0 2 5 1 1 1 0 2 0 0 6 5 0 3 0 6 0 0 0 6 3 2 
6 5 0 0 0 0 0 2 3 5 4 2 0 0 1 0 1 0 3 0 0 0 3 2 1 0 0 6 2 2 2 4 1 0 
0 2 0 0 0 0 0 0 0 1 2 0 7 0 0 0 4 0 0 0 0 0 3 0 0 2 2 5 2 0 1 4 5 2 
5 1 2 0 0 0 0 0 0 0 0 0 8 0 0 0 0 0 0 0 0 0 0 0 0 0 0 0 0 7 0 6 4 2 
4 0 0 0 0 0 2 0 0 0 0 0 3 0 0 0 0 0 1 0 0 0 0 0 0 0 0 0 0 3 2 3 2 1 
400 295
1 0 1 1
1 0 0 0
1 0 5 0
2 14 2 12
2 14 2 22
2 14 3 14
2 14 2 12
2 14 2 22
2 14 3 14
2 22 2 23
2 22 1 22
2 22 5 22
2 30 2 29
2 30 2 32
2 30 0 30
2 30 10 30
2 30 2 29
2 30 2 32
2 30 0 30
2 30 10 30
6 26 6 24
6 26 6 27
6 26 5 26
6 26 7 26
7 20 7 18
7 20 7 21
7 20 9 20
8 26 8 25
8 26 8 28
8 26 7 26
8 26 9 26
8 26 8 25
8 26 8 28
8 26 7 26
8 26 9 26
10 9 10 11
10 9 7 9
10 9 11 9
10 9 10 11
10 9 7 9
10 9 11 9
10 11 10 12
10 11 5 11
10 11 11 11
10 11 5 11
11 11 11 10
11 11 11 12
11 11 13 11
11 11 11 10
11 11 11 12
11 13 11 14
11 13 7 13
11 13 16 13
11 13 11 14
11 13 7 13
11 13 16 13
11 30 11 28
11 30 10 30
11 30 13 30
11 30 11 28
11 30 10 30
11 30 13 30
12 8 12 7
12 8 9 8
12 8 14 8
12 12 16 12
13 30 13 24
13 30 13 32
13 30 14 30
13 30 13 24
14 10 14 8
14 10 14 11
14 10 15 10
14 10 14 8
14 10 14 11
14 10 15 10
14 11 13 11
14 11 15 11
16 13 16 12
16 13 16 16
16 13 20 13
16 13 16 12
16 16 16 22
16 16 9 16
16 16 20 16
16 16 16 22
16 16 9 16
16 22 16 31
16 22 5 22
16 22 23 22
16 22 16 31
16 31 16 32
16 31 17 31
16 31 16 32
16 31 17 31
16 32 16 33
16 32 14 32
16 32 17 32
16 32 16 33
16 33 14 33
16 33 17 33
17 14 17 15
17 14 20 14
17 14 17 15
17 14 20 14
17 15 18 15
17 23 17 24
17 23 18 23
17 23 17 24
17 23 18 23
23 32 23 31
23 32 23 33
23 32 20 32
23 32 26 32
23 33 23 32
23 33 22 33
23 33 24 33
25 2 25 3
25 2 23 2
25 2 26 2
25 3 25 2
25 3 25 4
25 3 24 3
25 3 26 3
25 33 27 33
27 22 27 17
27 22 27 26
27 22 23 22
27 22 29 22
28 5 28 2
28 5 28 6
28 5 23 5
28 5 29 5
28 14 28 13
28 14 28 15
28 14 24 14
28 14 29 14
30 0 30 1
30 0 5 0
30 0 32 0
30 0 30 1
30 0 5 0
30 0 32 0
31 12 31 10
31 12 31 16
31 12 24 12
31 12 32 12
31 27 31 26
31 27 31 28
31 27 30 27
32 0 32 1
32 0 33 0
32 0 33 0
32 12 32 2
32 12 32 29
32 12 31 12
32 12 33 12
32 12 32 2
32 12 32 29
32 12 31 12
32 29 32 31
32 29 30 29
32 29 33 29
33 0 33 6
33 0 33 6
33 12 33 18
1 31 1 32
2 12 1 12
2 12 3 12
2 29 2 23
2 29 1 29
2 29 6 29
2 29 2 23
3 26 3 24
3 26 3 27
3 26 5 26
3 31 3 32
4 25 4 24
7 12 7 13
7 12 6 12
7 12 8 12
7 12 7 13
7 12 6 12
7 12 8 12
7 26 7 23
7 26 7 27
7 26 6 26
8 12 9 12
8 25 8 24
8 25 9 25
9 12 8 12
9 27 9 28
10 30 10 23
11 28 11 25
11 28 12 28
11 28 11 25
11 28 12 28
12 12 16 12
12 25 12 28
12 28 12 29
13 9 13 11
13 24 11 24
13 24 14 24
14 14 11 14
16 6 9 6
16 6 20 6
16 6 9 6
16 6 20 6
17 15 18 15
23 12 23 5
23 12 23 22
23 12 24 12
23 12 23 5
23 12 23 22
23 12 24 12
23 22 23 31
23 22 27 22
23 22 23 31
23 33 23 32
24 8 24 7
24 8 24 12
24 8 25 8
24 8 24 7
24 8 24 12
24 8 25 8
25 3 25 2
25 3 25 4
25 33 27 33
27 33 27 32
27 33 28 33
28 5 28 2
28 5 28 6
28 5 23 5
29 2 28 2
1 29 1 27
1 29 0 29
1 31 1 32
3 31 3 32
4 25 4 24
8 24 8 23
8 24 9 24
8 24 8 23
9 24 9 25
9 28 9 29
9 28 8 28
9 28 9 29
10 14 9 14
15 10 15 9
15 10 15 11
22 33 21 33
23 2 23 5
23 2 8 2
24 4 25 4
24 6 27 6
25 4 24 4
25 4 26 4
26 3 26 2
26 3 27 3
26 3 26 2
27 2 27 3
27 2 27 3
0 30 0 32
0 33 2 33
1 32 2 32
3 31 3 32
7 5 7 2
7 5 7 6
7 5 6 5
8 1 6 1
8 1 30 1
8 1 30 1
15 9 15 8
19 33 19 32
19 33 18 33
19 33 19 32
24 6 27 6
31 1 31 9
31 1 30 1
15 8 15 7
15 8 14 8
15 8 14 8
30 9 30 8
30 9 30 10
30 9 27 9
14 7 12 7
29 6 28 6
12 7 12 8
12 7 6 7
12 8 9 8
27 6 27 7
8 8 7 8
9 6 8 6
8 6 7 6
7 6 7 5
7 6 6 6

6137

2 1 2   4             3                             3     1 3 - 1 1 
5 2           1         2 2                 4 2 1   2 1 - 3 ǁ 2 3 | 
|                       4 = 6 = = = = = = = 7 5 = = = = = 6 8 = 5 3 
| 3     5     2         3   4   3 3         | 1 3 - 5 3 3 | ǁ 3 5 4 
| 1     1               3   3 2 1 2         | 2 5 2 | 1 2 | ǁ     2 
5                     4                     5       6 2 1 | ǁ     1 
ǁ 1 2 2   3 2 2 2 3 2 ǁ 3 1 2   5   1 1   3 | 1 2 - 7 3 4 2 ǁ       
ǁ | 3 - - 5 4 | 1 5 3 ǁ 6 4 3   6 1 2 - 5 3 | 2 - - 6 1 4 3 ǁ       
ǁ 3 1       2 | 1 ǁ   ǁ 4 ǁ 2 1         | 2 | 3 4 4 8 = 5 2 ǁ       
ǁ ǁ |       3 | 2 ǁ   ǁ 2 ǁ 2   5       5 3 |   2 2 2 1 4 2 ǁ       
ǁ ǁ |       ǁ | ǁ 6 = 6 1 ǁ 1   ǁ 1     4 2 | 3 - - - - - - 5       
ǁ ǁ |       ǁ | ǁ 2 2 6 2 6 3   ǁ           |   1 2 = = 6 = 6       
ǁ ǁ |       ǁ 4 5     | 2 ǁ |   ǁ           |   | 1 - - 4 1 ǁ       
ǁ ǁ |       ǁ | | 1 - 3 ǁ ǁ |   ǁ           |   4 = = = = = 6 - 3 2 
ǁ ǁ |       ǁ 1 5 = 6 4 ǁ ǁ 1   ǁ           | 3 3       3 2 4   2 1 
ǁ ǁ |       ǁ 1 4 2 4 2 ǁ ǁ     ǁ           | 3 1         1 2   | | 
ǁ ǁ |       4           4 6 - - 6 = = = = = 6 = = = = = = = = 6 6 4 
ǁ ǁ |       ǁ             | 4 4 | 3 3 2 4 1 | 4 3 2   3 3     4 2 1 
ǁ ǁ |       ǁ             | ǁ 2 | 2   1     | 2   1     3 2     2 1 
ǁ ǁ |       ǁ             | ǁ   | 1         | 2 4     6       5 3 3 
ǁ ǁ |       2             2 4   5   6   5 1 |   3 3 1       1   2   
ǁ ǁ |                     2 3 2 2 2 6 1 4 4 | 4 3 4   6   4 4   | 1 
ǁ ǁ |                     1   2 1   4 2 1 2 | 2 2 3 1 2   1 1   | 2 
ǁ ǁ 3 - - 5 = = = = = = 6 = = = = = = = = = 8 = = = = = = = = 5 7 5 
ǁ ǁ | 1 2 ǁ 2 2 6 = = = 6   5   2           ǁ 1     2 3 1       | 1 
ǁ ǁ 5 7 5 ǁ ǁ 1 3 2 1 2 |   | 1   2         ǁ 2     4 5   1     | 2 
ǁ ǁ 3 4 1 ǁ ǁ   1       |   |               ǁ                   2 ǁ 
ǁ ǁ 2 3 1 ǁ 3 4   6 4 4 |   |     4 - - - - 7 - - - 3           3 4 
ǁ ǁ 3 = = 7 3   2 | 1   | 2 7 3     2       | 2   1               1 
ǁ ǁ 1     1 1     |   1 | 2 5 1 1 1   2     6 5   3   6       6 3 2 
6 5           2 3 5 4 2 |   1   1   3       3 2 1     6 2 2 2 4 1   
ǁ 2 - - - - - - - 1 2 - 7 - - - 4           3     2 2 5 2 | 1 4 5 2 
5 1 2 = = = = = = = = = 8 = = = = = = = = = = = = = = = = 7 - 6 4 2 
4 = = = = = 2           3 - - - - - 1                     3 2 3 2 1 
