34 34
2 5 3 1 4 2 1 0 0 0 0 0 4 0 0 0 0 0 0 0 0 0 0 0 0 0 0 0 4 0 0 0 3 2 
0 5 0 0 5 0 0 0 0 0 0 0 6 0 0 0 0 4 3 0 5 1 2 1 4 0 6 4 0 2 5 0 2 0 
0 0 4 2 0 2 2 4 0 4 0 2 0 1 1 0 0 0 2 1 0 1 0 1 0 1 0 3 0 2 7 3 0 0 
0 4 5 2 0 1 0 5 4 3 3 3 0 4 5 4 0 8 5 3 0 0 0 0 3 3 0 0 0 2 0 1 1 0 
0 2 1 0 0 0 0 1 0 2 0 0 0 0 1 1 0 0 3 1 0 5 7 3 1 0 0 0 0 0 0 0 0 0 
4 6 3 0 0 2 6 0 5 3 0 0 0 0 0 0 0 0 0 0 0 0 0 2 0 0 7 5 0 0 0 0 0 0 
0 4 0 0 0 0 0 2 4 4 6 1 0 0 1 0 0 6 6 0 4 0 0 0 0 0 0 4 0 0 0 1 0 2 
0 2 0 0 0 0 0 0 0 2 0 0 0 0 2 3 2 4 4 1 0 0 2 1 0 0 0 4 0 0 0 2 2 0 
0 4 3 3 0 0 0 0 0 0 0 0 0 0 0 0 2 4 4 4 0 0 0 0 0 0 0 2 0 0 0 3 5 0 
0 0 1 2 0 2 0 1 2 0 0 0 0 0 3 0 2 5 1 3 0 6 0 0 0 0 8 2 0 0 0 0 0 0 
0 4 5 2 0 1 0 0 0 0 0 0 0 0 2 0 0 2 0 1 0 3 0 0 1 0 0 1 0 0 0 0 0 0 
0 2 3 1 4 0 5 0 3 0 6 3 0 3 0 6 0 0 0 0 7 0 0 0 0 0 7 3 0 0 0 0 0 0 
0 2 2 0 4 2 2 0 0 0 1 0 0 2 1 0 1 0 0 0 5 0 0 2 3 1 5 2 0 0 0 0 0 0 
5 0 0 0 0 0 0 0 0 0 0 0 3 0 0 4 0 0 0 0 2 0 0 0 5 2 4 2 0 0 0 0 0 0 
5 0 0 0 0 0 0 0 0 0 0 0 0 0 0 0 0 0 0 0 0 0 4 0 0 0 5 3 0 0 0 0 0 0 
4 0 0 0 0 0 0 0 0 0 0 0 0 0 3 0 0 3 0 0 3 0 0 2 0 0 5 0 0 4 0 0 0 0 
0 2 4 1 2 0 0 0 0 0 0 0 0 0 6 5 2 0 1 0 5 2 0 1 4 0 4 4 0 0 0 0 0 0 
0 0 0 0 2 0 0 3 0 2 0 0 0 0 0 0 1 3 5 0 3 0 0 2 0 0 0 2 0 0 0 0 0 0 
0 1 4 0 0 3 0 6 0 6 2 1 2 0 4 0 1 2 0 0 3 1 0 5 5 0 0 0 7 6 6 0 5 2 
0 0 4 6 0 4 2 0 0 1 0 0 0 0 1 3 6 2 0 0 0 0 0 0 0 0 1 1 0 0 0 0 5 2 
0 0 1 4 0 2 0 0 0 0 0 0 0 0 0 0 2 0 0 0 0 0 0 0 1 0 0 0 0 0 4 0 0 0 
0 5 0 0 0 0 0 7 0 0 0 0 0 0 0 0 0 0 7 0 4 1 0 0 0 0 0 0 0 0 0 0 0 0 
0 3 0 0 0 1 0 0 0 1 0 5 3 1 2 0 5 0 6 5 2 0 0 0 0 0 0 2 0 0 0 0 2 0 
3 0 0 0 0 0 0 5 0 0 0 6 0 3 1 2 6 2 0 2 0 0 0 5 3 0 4 0 0 0 0 0 0 0 
0 0 0 0 0 2 0 0 0 2 0 5 2 0 0 0 3 0 5 2 1 0 0 4 3 1 0 0 3 0 0 0 0 0 
3 0 0 4 3 7 0 6 0 2 2 0 2 0 0 0 0 0 0 0 0 0 5 2 3 2 0 0 0 0 0 0 0 0 
0 3 0 4 0 2 0 0 1 2 4 7 0 0 0 0 0 0 0 0 0 0 4 0 0 0 6 2 0 0 0 0 0 0 
0 4 0 0 0 0 0 5 0 5 4 0 2 0 4 1 0 4 0 0 6 4 0 0 1 0 4 1 0 0 0 0 0 0 
0 0 1 0 1 3 0 4 2 7 4 0 0 0 0 0 0 0 0 0 0 2 0 0 0 0 0 0 3 0 0 0 0 0 
0 3 3 0 3 3 2 4 0 2 0 0 2 1 0 1 0 3 0 0 5 3 0 0 0 0 0 0 0 0 2 0 0 0 
0 1 4 2 0 0 0 0 0 0 0 0 0 0 0 0 0 0 0 0 0 0 0 0 0 1 2 0 5 0 0 0 0 0 
0 1 0 0 0 2 0 6 0 0 0 7 0 0 7 3 2 0 1 0 0 4 4 1 0 0 0 0 1 0 0 0 0 0 
3 2 1 0 0 2 0 6 0 4 2 1 2 0 5 0 0 0 0 0 5 2 1 0 0 5 0 0 0 6 0 0 2 0 
3 2 0 0 2 0 0 4 0 0 0 0 0 0 0 0 0 0 0 2 2 1 0 0 0 2 0 1 1 4 0 2 0 0 
400 419
0 1 0 0
0 1 0 2
0 1 1 1
1 20 1 18
1 20 1 21
1 20 6 20
1 26 1 24
1 26 1 27
1 26 5 26
1 26 1 24
1 26 1 27
1 26 5 26
1 27 1 29
1 27 2 27
1 30 1 29
1 30 1 32
1 30 2 30
2 31 2 30
2 31 3 31
2 31 2 30
3 17 3 15
3 17 3 18
3 17 1 17
3 17 6 17
3 17 3 15
3 17 3 18
3 17 1 17
3 17 6 17
4 21 4 22
4 21 2 21
4 21 9 21
5 26 5 23
5 26 5 27
5 26 9 26
6 17 6 14
6 17 6 18
6 17 7 17
6 17 6 18
6 18 6 20
6 18 4 18
6 18 7 18
6 18 6 20
6 20 1 20
8 32 8 31
8 32 7 32
8 32 18 32
9 26 9 21
9 26 9 27
9 26 5 26
9 26 11 26
13 0 13 12
13 0 5 0
13 0 14 0
21 1 21 7
21 1 18 1
21 1 22 1
21 18 21 7
21 18 21 20
21 18 17 18
21 18 22 18
22 11 22 9
22 11 22 12
22 11 23 11
22 16 22 14
22 16 22 18
22 16 23 16
22 19 22 18
22 19 22 20
22 19 23 19
25 5 25 4
25 5 25 7
25 5 24 5
25 5 26 5
26 11 26 10
26 11 26 22
26 11 24 11
26 11 31 11
27 20 27 17
27 20 27 21
27 20 29 20
27 20 27 17
27 20 27 21
27 20 29 20
27 21 27 24
27 21 28 21
28 9 28 8
28 9 28 10
28 9 27 9
28 9 29 9
30 28 30 26
30 28 28 28
30 28 31 28
31 11 31 7
31 11 31 14
31 11 26 11
31 11 32 11
31 23 31 22
32 9 32 7
32 9 32 10
32 9 32 7
32 9 32 10
32 12 32 14
0 28 0 12
0 28 0 32
0 28 0 12
0 28 0 32
1 17 1 12
1 17 1 18
1 20 1 18
1 24 1 23
1 24 3 24
1 30 1 32
1 30 2 30
2 23 4 23
2 25 3 25
3 15 3 14
3 15 4 15
3 25 3 24
3 32 7 32
8 32 8 31
8 32 18 32
9 26 9 21
9 26 9 27
9 26 11 26
10 27 11 27
11 26 11 20
11 26 11 27
11 26 12 26
16 1 16 2
21 1 21 7
21 1 22 1
24 18 24 16
24 18 24 19
24 18 22 18
27 17 27 15
27 17 29 17
28 10 28 9
28 10 27 10
28 10 28 9
29 30 20 30
30 28 30 26
30 28 28 28
31 11 31 7
31 11 31 14
31 14 31 15
31 14 27 14
31 14 32 14
31 22 31 21
31 22 32 22
31 22 31 21
32 7 32 5
32 7 31 7
32 7 33 7
32 7 32 5
32 12 32 14
32 25 32 29
32 25 30 25
32 25 33 25
33 7 33 4
33 7 33 19
33 7 33 4
33 19 33 20
0 12 0 6
0 12 1 12
0 32 0 33
0 33 6 33
1 12 1 4
1 12 13 12
1 22 4 22
1 22 4 22
3 14 3 13
3 14 2 14
3 14 4 14
3 14 3 13
3 25 3 24
4 24 4 23
6 33 18 33
9 21 9 19
9 21 4 21
9 21 10 21
10 21 10 19
10 21 10 24
11 20 11 15
11 20 11 26
11 20 12 20
11 20 11 15
11 20 12 20
11 20 12 20
16 1 16 2
16 2 16 3
16 2 18 2
18 2 18 5
18 2 19 2
18 2 18 5
19 2 19 3
19 2 20 2
19 2 19 3
19 3 19 5
19 3 20 3
20 3 20 5
20 3 19 3
20 3 20 5
20 16 19 16
23 17 23 16
27 10 27 9
27 10 26 10
27 10 27 9
27 14 27 12
27 14 31 14
27 14 27 12
27 26 27 27
27 26 26 26
27 26 26 26
27 26 26 26
29 12 29 13
29 30 20 30
32 25 32 29
32 25 33 25
32 29 32 32
32 29 18 29
32 29 33 29
32 29 32 32
33 27 33 28
33 29 33 31
33 31 33 29
0 5 0 4
1 12 1 4
1 12 13 12
2 13 3 13
3 13 11 13
4 21 4 22
11 15 11 13
11 15 7 15
11 15 13 15
11 15 11 13
12 13 12 14
13 0 5 0
13 0 14 0
13 15 13 20
13 15 16 15
13 15 13 20
13 24 13 25
13 24 12 24
13 24 16 24
14 0 15 0
14 22 25 22
14 26 14 27
14 26 13 26
14 26 15 26
18 23 18 24
18 23 17 23
18 23 23 23
18 29 18 28
18 29 18 30
18 29 15 29
18 29 18 28
18 29 18 30
18 30 18 32
18 30 2 30
18 30 20 30
18 30 18 32
19 3 19 5
19 5 19 6
19 5 18 5
19 6 19 9
19 32 19 33
19 32 18 32
19 32 22 32
20 16 19 16
21 7 21 18
21 7 23 7
21 7 23 7
22 32 19 32
23 17 23 16
26 26 26 22
26 26 26 27
26 26 23 26
26 27 22 27
0 5 0 4
2 30 2 29
2 30 2 29
3 29 15 29
5 0 5 1
5 0 0 0
5 1 5 2
5 1 4 1
5 1 6 1
5 1 5 2
5 1 4 1
6 1 6 7
6 1 7 1
6 1 6 7
6 27 5 27
6 27 7 27
6 27 5 27
6 27 7 27
6 31 7 31
7 27 8 27
7 31 8 31
8 27 7 27
10 14 9 14
10 17 9 17
11 6 11 4
11 6 11 8
11 6 12 6
12 16 12 20
12 20 12 23
14 0 15 0
14 22 25 22
15 23 12 23
15 23 16 23
15 29 15 26
15 29 3 29
16 27 16 26
16 27 17 27
16 27 16 26
16 27 17 27
17 23 18 23
18 7 18 9
18 7 17 7
18 7 18 9
18 7 17 7
18 7 17 7
18 9 18 10
18 9 17 9
18 9 18 10
18 9 17 9
18 11 18 12
18 12 18 14
18 33 19 33
19 16 19 15
19 16 19 17
19 16 18 16
19 16 19 15
19 17 18 17
22 27 19 27
23 16 23 15
23 16 22 16
23 16 24 16
23 26 23 24
23 26 19 26
23 26 23 24
26 22 26 11
26 22 25 22
0 1 0 2
0 1 1 1
0 4 0 3
0 4 1 4
1 4 1 1
2 2 2 3
2 2 3 2
2 2 2 3
2 2 3 2
2 27 5 27
3 1 3 2
3 1 1 1
3 1 3 2
3 1 1 1
3 3 3 2
3 3 3 5
3 7 3 8
3 7 2 7
3 7 4 7
4 2 5 2
5 5 5 6
5 6 5 5
5 6 5 8
5 6 2 6
5 6 5 8
5 6 2 6
10 14 9 14
10 17 9 17
14 0 15 0
15 0 15 14
15 14 16 14
16 26 16 24
16 26 15 26
17 4 16 4
18 14 16 14
18 14 19 14
18 14 16 14
18 17 17 17
19 15 16 15
23 15 23 14
2 7 2 9
2 7 3 7
2 7 2 9
2 9 2 11
2 9 3 9
2 11 3 11
2 27 5 27
3 7 3 8
3 8 3 9
3 8 5 8
5 26 5 23
7 23 7 22
9 14 7 14
15 14 16 14
15 26 14 26
16 24 13 24
16 24 18 24
17 4 16 4
4 23 4 22
7 14 7 15
7 15 7 16
7 22 4 22
12 24 12 25
12 24 13 24
13 25 13 26
15 26 14 26
16 14 16 15
16 14 16 15
16 15 16 16
13 26 13 27
13 26 12 26
14 27 13 27
12 26 12 27
12 26 11 26
12 26 12 27

5920

2 5 3 1 4 2 1 - - - - - 4 = = = = = = = = = = = = = = = 4 = = = 3 2 
| 5 - - 5 = = = = = = = 6 - - - - 4 3 = 5 1 2 1 4 = 6 4 - 2 5 = 2 | 
| ǁ 4 2   2 2 4 = 4 - 2 ǁ 1 1     ǁ 2 1 ǁ 1 ǁ 1 | 1 ǁ 3   2 7 3   | 
| 4 5 2 - 1 ǁ 5 4 3 3 3 ǁ 4 5 4 = 8 5 3 ǁ | ǁ | 3 3 ǁ ǁ   2 | 1 1 | 
| 2 1       ǁ 1 | 2     ǁ | 1 1   ǁ 3 1 ǁ 5 7 3 1   ǁ ǁ   ǁ |   | | 
4 6 3     2 6 = 5 3     ǁ |       ǁ |   ǁ ǁ | 2 = = 7 5   ǁ |   | | 
ǁ 4 = = = = = 2 4 4 6 1 ǁ | 1 - - 6 6 = 4 ǁ |       ǁ 4   ǁ | 1 | 2 
ǁ 2               2     ǁ | 2 3 2 4 4 1   ǁ 2 1     ǁ 4   ǁ | 2 2 | 
ǁ 4 3 3                 ǁ | | | 2 4 4 4   ǁ         ǁ 2   ǁ | 3 5 | 
ǁ   1 2   2   1 2       ǁ | 3 | 2 5 1 3 - 6 = = = = 8 2   ǁ |   ǁ | 
ǁ 4 5 2   1             ǁ | 2 |   2   1 - 3 - - 1   ǁ 1   ǁ |   ǁ | 
ǁ 2 3 1 4 - 5 - 3   6 3 ǁ 3 = 6 = = = = 7 = = = = = 7 3   ǁ |   ǁ | 
ǁ 2 2   4 2 2       1   ǁ 2 1 | 1 - - - 5 - - 2 3 1 5 2   ǁ |   ǁ | 
5 - - - - - - - - - - - 3     4 = = = = 2     | 5 2 4 2   ǁ |   ǁ | 
5                             |             4 | ǁ   5 3   ǁ |   ǁ | 
4 - - - - - - - - - - - - - 3 |   3     3   ǁ 2 ǁ   5 - - 4 |   ǁ | 
  2 4 1 2                   6 5 2   1   5 2 ǁ 1 4 - 4 4   | |   ǁ | 
    |   2     3   2         ǁ | 1 3 5   3   ǁ 2 |     2   | |   ǁ | 
  1 4 = = 3   6 = 6 2 1 2 - 4 | 1 2 |   3 1 ǁ 5 5       7 6 6 = 5 2 
  | 4 6 = 4 2 - - 1         1 3 6 2 |       ǁ |     1 1   | |   5 2 
  | 1 4 = 2                     2   |       ǁ | 1   | |   | 4   ǁ   
  5 = = = = = 7 = = = = = = = = = = 7 - 4 1 ǁ |     | |   | ǁ   ǁ   
  3       1   ǁ   1 - 5 3 1 2 - 5 - 6 5 2   ǁ |     | 2   | ǁ   2   
3             5       6   3 1 2 6 2 | 2     ǁ 5 3 = 4 |   | ǁ       
          2       2   5 2       3 - 5 2 1   ǁ 4 3 1 | | 3 | ǁ       
3     4 3 7 - 6   2 2 | 2                   5 2 3 2 | |   | ǁ       
  3   4   2     1 2 4 7 = = = = = = = = = = 4 - - - 6 2   | ǁ       
  4           5   5 4 ǁ 2 = 4 1 - 4 = = 6 4 - - 1   4 1   | ǁ       
    1   1 3   4 2 7 4 ǁ     ǁ     |     ǁ 2             3 | ǁ       
  3 3   3 3 2 4   2   ǁ 2 1 ǁ 1   3     5 3             ǁ | 2       
  1 4 2               ǁ     ǁ                     1 2 = 5 |         
  1       2   6 = = = 7 = = 7 3 2   1     4 4 1   |     1 |         
3 2 1     2 = 6 = 4 2 1 2 = 5           5 2 1     5 = = = 6 = = 2   
3 2     2 = = 4 - - - - - - - - - - - 2 2 1       2   1 1 4 = 2     
