34 34
3 4 3 0 5 3 1 1 0 0 0 0 0 0 0 0 0 0 0 0 0 0 0 0 0 0 0 0 0 0 0 0 2 1 
5 0 0 0 8 0 0 0 0 0 0 0 0 0 0 0 0 4 0 0 0 0 0 0 0 0 3 0 0 0 1 0 0 0 
0 2 4 1 0 2 0 4 0 0 0 0 0 0 0 0 0 0 0 0 0 0 0 0 0 0 0 0 0 0 0 0 5 3 
0 1 0 1 0 0 0 0 3 0 4 0 0 4 0 0 0 0 0 4 0 0 0 0 0 0 0 0 2 3 3 2 0 3 
0 0 0 0 0 0 0 0 0 1 0 1 0 0 2 0 2 2 1 0 0 0 1 0 0 0 0 0 3 3 2 2 0 3 
0 0 0 3 0 0 2 0 0 0 0 0 0 0 0 1 0 4 0 8 0 0 0 0 0 0 0 0 0 0 0 0 7 5 
0 2 0 0 0 0 0 0 0 0 0 0 0 0 0 0 0 0 1 0 0 0 0 0 0 0 1 0 0 2 2 4 0 0 
0 0 0 0 0 0 0 0 0 0 0 2 0 0 0 0 0 4 4 0 0 0 0 0 0 0 0 0 0 0 1 0 0 4 
0 4 5 5 0 0 0 0 0 0 0 0 0 0 0 0 0 1 0 0 3 0 0 0 0 0 4 0 0 0 0 0 0 0 
0 0 0 3 0 0 0 0 3 3 0 0 2 0 0 0 0 2 3 0 3 2 0 4 2 0 0 3 0 6 3 0 0 0 
0 0 0 2 0 0 0 0 0 0 0 0 0 0 0 0 0 3 1 0 2 1 0 0 0 0 0 1 0 0 3 0 0 0 
0 0 0 0 0 0 0 0 0 0 3 4 5 0 0 0 0 2 0 0 0 0 0 0 0 0 0 0 0 0 0 0 0 0 
0 0 0 0 0 5 6 0 0 0 2 0 0 0 4 5 0 3 0 7 0 0 0 4 0 0 3 1 0 0 0 0 0 4 
0 0 0 0 0 0 2 0 0 0 0 0 3 0 0 2 0 0 2 0 3 5 3 3 0 5 0 0 0 6 6 5 0 0 
0 0 0 0 0 5 2 0 0 0 2 2 0 0 0 0 0 4 4 0 0 2 0 2 1 0 2 0 0 0 1 0 0 3 
0 0 0 0 0 4 3 0 0 0 0 0 0 0 0 0 0 0 3 0 5 0 6 4 4 8 7 3 4 0 3 0 0 1 
0 0 0 0 0 1 0 5 0 7 0 0 3 0 0 0 0 0 4 0 0 1 0 5 3 0 3 0 0 0 0 0 0 1 
0 2 0 0 0 1 0 6 4 4 6 0 3 0 4 2 0 0 0 0 0 0 0 2 0 0 0 0 0 0 0 0 0 0 
0 1 0 0 0 3 1 0 3 2 2 0 0 0 5 4 0 0 4 0 0 0 0 0 0 0 0 0 0 0 6 3 0 0 
0 3 4 2 0 5 0 7 2 3 0 0 5 5 5 3 0 2 0 0 5 4 0 0 0 3 2 0 0 0 2 2 0 0 
0 0 0 2 0 2 2 5 0 0 1 0 0 3 3 2 0 1 0 0 0 1 0 0 5 0 4 0 3 0 0 0 0 0 
0 0 0 4 6 0 0 0 0 0 0 0 7 0 0 0 5 3 4 0 3 3 0 0 3 1 4 0 0 0 3 4 0 0 
0 0 0 0 0 2 1 0 4 0 3 2 0 3 2 0 0 2 1 0 0 2 0 0 2 0 2 0 0 0 0 1 0 0 
0 2 0 0 0 0 3 0 7 0 0 0 6 4 3 4 0 5 0 3 0 0 4 0 0 0 0 0 0 4 4 2 0 0 
0 0 0 0 2 5 3 4 5 2 0 1 2 6 6 4 0 4 0 0 0 0 0 0 0 0 0 2 0 0 5 2 0 0 
0 0 0 0 3 4 2 3 1 0 1 0 0 3 3 1 0 2 2 0 0 2 0 0 0 0 0 0 0 0 3 0 0 0 
0 0 0 0 3 0 0 0 0 5 0 0 0 0 0 0 7 0 0 0 0 0 0 0 0 0 0 0 0 0 0 0 6 2 
6 0 3 0 4 0 1 3 0 5 0 0 4 2 2 2 0 1 4 0 4 2 2 0 4 0 4 0 0 0 0 0 5 2 
0 2 0 7 5 3 0 4 2 4 4 3 0 0 0 3 0 2 6 1 0 2 0 0 0 0 3 0 2 2 2 0 0 3 
0 4 0 7 0 3 1 2 5 7 4 0 5 6 4 0 0 3 7 0 7 0 0 0 0 0 0 0 3 3 4 1 0 0 
0 3 1 3 1 2 1 2 0 5 2 0 2 3 5 4 0 1 4 2 0 1 0 3 2 3 0 0 0 0 0 0 6 5 
0 2 0 6 0 0 0 0 0 0 0 6 0 0 0 0 5 0 0 0 4 0 0 5 0 0 0 0 0 1 3 0 4 0 
4 3 0 4 1 3 0 0 0 0 0 7 2 4 0 0 7 0 0 0 4 2 0 1 3 2 2 0 0 0 5 3 1 2 
4 4 0 2 1 2 0 1 2 0 0 5 1 4 3 2 5 0 0 0 0 0 0 0 3 2 3 1 0 0 2 3 0 3 
400 407
0 4 0 2
0 4 0 5
0 4 1 4
1 0 1 4
1 0 0 0
1 0 27 0
1 4 1 0
1 4 1 17
1 4 0 4
1 4 21 4
5 19 5 17
5 19 5 32
5 19 3 19
5 19 12 19
5 19 5 17
5 19 5 32
5 19 3 19
5 19 12 19
5 32 5 33
5 32 2 32
5 32 26 32
6 18 7 18
6 31 6 30
6 31 13 31
6 31 6 30
6 31 13 31
7 18 7 17
7 18 9 18
7 18 7 17
7 30 9 30
7 33 5 33
7 33 12 33
7 33 5 33
7 33 12 33
8 3 8 2
8 3 5 3
8 3 9 3
12 5 12 6
12 5 2 5
12 5 14 5
12 19 12 17
12 19 12 23
12 19 23 19
12 33 14 33
13 21 13 20
13 21 13 22
13 21 14 21
13 25 13 23
13 25 13 29
13 25 15 25
14 33 12 33
14 33 15 33
15 20 15 22
15 20 13 20
15 20 19 20
15 25 15 24
15 25 15 26
15 25 13 25
15 25 19 25
16 9 16 7
16 9 16 12
16 9 9 9
16 9 17 9
16 33 26 33
17 10 17 9
17 10 17 12
17 10 18 10
17 10 17 9
17 10 17 12
17 10 18 10
18 14 18 15
18 14 17 14
18 14 19 14
18 30 18 31
18 30 15 30
18 30 19 30
18 30 18 31
18 30 15 30
18 30 19 30
19 5 19 7
19 5 18 5
19 5 20 5
21 12 21 4
21 12 21 16
21 12 19 12
21 12 23 12
23 8 23 6
23 8 23 12
23 8 22 8
23 8 24 8
26 16 26 9
26 16 26 32
26 16 21 16
26 16 31 16
27 0 27 2
27 0 1 0
27 0 32 0
28 3 28 1
28 3 28 4
28 3 21 3
28 3 29 3
29 9 29 8
29 9 29 10
29 9 28 9
29 9 30 9
29 18 29 17
29 18 29 20
29 18 28 18
29 18 30 18
30 33 30 32
30 33 28 33
30 33 32 33
32 11 32 5
32 11 32 12
32 11 31 11
32 11 33 11
32 16 32 13
32 16 32 20
32 16 31 16
32 16 33 16
33 0 33 1
33 0 32 0
33 0 33 1
33 0 32 0
33 1 33 3
33 1 32 1
33 11 33 8
33 11 33 12
33 11 32 11
33 13 33 14
33 13 32 13
33 13 33 14
33 13 32 13
33 14 33 15
33 15 33 16
33 16 33 24
33 16 32 16
0 0 0 1
0 0 0 1
0 1 0 2
0 5 0 4
0 5 0 6
0 7 0 32
1 4 1 17
1 4 21 4
1 17 1 26
1 17 4 17
1 26 1 30
2 7 2 5
2 7 16 7
2 7 16 7
3 13 3 10
3 13 19 13
3 13 3 10
3 13 19 13
3 19 3 28
4 18 4 17
4 22 4 28
5 6 12 6
5 17 5 15
5 17 7 17
7 17 8 17
11 12 11 11
11 12 9 12
11 12 13 12
12 5 12 6
12 5 14 5
12 15 12 14
12 15 12 17
12 15 13 15
15 25 15 24
15 25 15 26
15 25 19 25
15 26 15 27
15 26 14 26
15 26 16 26
16 18 15 18
16 18 18 18
16 18 15 18
16 18 18 18
17 23 16 23
18 18 18 15
18 18 21 18
20 7 20 6
20 7 20 10
20 7 19 7
21 4 21 3
21 4 21 12
21 4 24 4
21 18 21 17
21 18 22 18
21 18 21 17
22 11 22 10
23 1 19 1
23 15 23 14
23 15 24 15
23 15 23 14
23 15 24 15
23 17 23 19
23 17 22 17
23 17 24 17
24 15 24 14
24 15 25 15
27 0 27 2
27 0 32 0
27 2 19 2
30 14 30 13
30 14 30 15
30 14 29 14
30 15 30 14
30 15 28 15
30 15 30 14
33 11 33 8
33 16 33 24
0 1 0 2
3 10 3 8
3 10 11 10
3 19 3 28
4 9 9 9
4 11 7 11
4 16 4 14
4 28 4 29
5 6 12 6
7 11 11 11
9 12 11 12
12 6 13 6
14 17 14 18
14 17 12 17
14 17 14 18
14 17 14 18
14 18 13 18
17 23 16 23
21 3 20 3
21 3 28 3
22 11 22 10
23 1 19 1
24 14 24 13
24 14 23 14
24 14 25 14
24 14 24 13
24 14 25 14
25 14 25 13
29 14 29 13
29 14 27 14
29 14 29 13
33 7 33 5
3 8 9 8
4 16 4 14
4 28 4 29
9 8 9 9
9 8 3 8
11 17 10 17
12 6 13 6
12 14 12 15
12 14 17 14
12 14 12 15
12 19 12 23
12 19 23 19
13 15 17 15
16 9 16 7
16 9 16 12
16 9 17 9
17 8 17 7
17 8 18 8
17 8 17 7
17 8 18 8
17 14 17 15
17 14 18 14
18 15 18 14
18 15 19 15
20 3 19 3
22 10 22 8
22 14 22 13
23 22 23 29
23 22 15 22
23 22 23 29
23 22 15 22
23 29 23 30
23 29 13 29
24 13 24 12
24 13 23 13
24 13 25 13
24 13 24 12
25 13 25 10
28 15 27 15
29 13 29 12
29 13 27 13
29 13 30 13
29 13 29 12
11 17 10 17
13 12 11 12
13 12 16 12
13 29 13 25
13 29 13 30
13 29 9 29
13 29 13 30
13 30 13 31
13 30 10 30
13 30 14 30
13 30 13 31
13 31 18 31
14 26 15 26
15 22 15 20
15 22 15 23
15 22 13 22
15 28 15 27
15 28 20 28
15 28 15 27
15 28 20 28
16 21 19 21
17 7 17 5
17 7 16 7
17 7 19 7
17 7 19 7
17 12 19 12
18 6 18 5
19 21 19 20
19 21 20 21
19 21 19 20
19 31 21 31
19 31 21 31
20 24 20 26
20 24 16 24
20 24 21 24
20 28 20 26
21 31 21 30
21 31 22 31
22 8 22 6
22 8 23 8
22 14 22 13
23 12 23 8
23 12 23 13
23 12 21 12
23 12 23 13
23 13 22 13
24 11 24 9
28 15 27 15
9 29 9 27
9 29 9 30
9 29 6 29
9 29 9 27
9 29 9 30
11 11 11 10
11 11 14 11
14 11 14 10
14 21 13 21
15 26 16 26
16 5 15 5
16 26 19 26
18 5 19 5
19 25 19 26
20 26 20 24
20 26 21 26
21 26 21 25
21 26 22 26
21 26 22 26
21 30 23 30
22 5 24 5
22 24 21 24
27 14 27 13
6 29 6 26
8 26 8 20
8 26 12 26
8 26 8 20
8 26 12 26
9 24 9 23
9 27 10 27
11 10 12 10
12 10 14 10
12 27 12 26
15 5 15 6
15 5 14 5
15 5 15 6
15 6 14 6
21 30 23 30
22 5 24 5
22 24 21 24
23 30 23 31
23 31 24 31
24 30 24 27
24 30 24 31
24 30 25 30
27 12 27 9
27 12 29 12
27 12 27 9
27 12 29 12
8 20 9 20
9 24 9 23
12 23 9 23
12 23 13 23
14 5 14 6
20 24 16 24
24 30 24 27
24 30 25 30
25 30 25 21
9 23 9 21
24 17 23 17
24 17 25 17
24 17 23 17
25 17 25 18
25 18 25 21
22 17 21 17
22 21 21 21
22 21 21 21
21 21 21 20
21 20 19 20
21 20 19 20

5713

3 4 3 - 5 3 1 1 - - - - - - - - - - - - - - - - - - - - - - - - 2 1 
5 = = = 8 = = = = = = = = = = = = 4 - - - - - - - - 3 - - - 1       
ǁ 2 4 1 ǁ 2 - 4                   |                             5 3 
ǁ 1   1 ǁ |   ǁ 3 - 4 = = 4       |   4 = = = = = = = = 2 3 3 2 | 3 
ǁ       ǁ |   ǁ ǁ 1 | 1   ǁ 2 = 2 2 1 ǁ     1 - - - - - 3 3 2 2 | 3 
ǁ     3 ǁ | 2 ǁ ǁ | | |   ǁ   1 - 4 = 8 = = = = = = = = = = = = 7 5 
ǁ 2   | ǁ | ǁ ǁ ǁ | | |   ǁ       | 1 ǁ             1 - - 2 2 4 | ǁ 
ǁ     | ǁ | ǁ ǁ ǁ | | 2   ǁ       4 4 ǁ                   | 1 ǁ | 4 
ǁ 4 5 5 ǁ | ǁ ǁ ǁ | | |   ǁ       1 | ǁ 3 = = = = = 4     | | ǁ | ǁ 
ǁ     3 ǁ | ǁ ǁ 3 3 | | 2 ǁ       2 3 ǁ 3 2 - 4 2   ǁ 3 = 6 3 ǁ | ǁ 
ǁ     2 ǁ | ǁ ǁ   | | | ǁ ǁ       3 1 ǁ 2 1   |     ǁ 1   | 3 ǁ | ǁ 
ǁ       ǁ | ǁ ǁ   | 3 4 5 ǁ       2   ǁ       |     ǁ     | | ǁ | ǁ 
ǁ       ǁ 5 6 ǁ   | 2 | ǁ ǁ 4 5 - 3 - 7 = = = 4     3 1   | | ǁ | 4 
ǁ       ǁ ǁ 2 ǁ   | | | 3 ǁ | 2   | 2 ǁ 3 5 3 3 - 5 = = = 6 6 5 | ǁ 
ǁ       ǁ 5 2 ǁ   | 2 2 | ǁ | |   4 4 ǁ | 2 | 2 1 ǁ 2     | 1 | | 3 
ǁ       ǁ 4 3 ǁ   |     | ǁ | |     3 ǁ 5 = 6 4 4 8 7 3 4 | 3 | | 1 
ǁ       ǁ 1   5 = 7 = = 3 ǁ | |     4 ǁ | 1 ǁ 5 3 ǁ 3   ǁ | ǁ | | 1 
ǁ 2     ǁ 1 - 6 4 4 6 = 3 ǁ 4 2     ǁ ǁ | | ǁ 2 ǁ ǁ |   ǁ | ǁ | | | 
ǁ 1     ǁ 3 1 ǁ 3 2 2   | ǁ 5 4 - - 4 ǁ | | ǁ   ǁ ǁ |   ǁ | 6 3 | | 
ǁ 3 4 2 ǁ 5 - 7 2 3     5 5 5 3   2 | ǁ 5 4 ǁ   ǁ 3 2   ǁ | 2 2 | | 
ǁ ǁ | 2 ǁ 2 2 5 - - 1   | 3 3 2   1 | ǁ ǁ 1 ǁ   5 = 4 - 3 |   ǁ | | 
ǁ ǁ | 4 6 = = = = = = = 7 - - - 5 3 4 ǁ 3 3 ǁ   3 1 4     | 3 4 | | 
ǁ ǁ | ǁ | 2 1 - 4 - 3 2 ǁ 3 2   | 2 1 ǁ   2 ǁ   2   2     | ǁ 1 | | 
ǁ 2 | ǁ | ǁ 3 - 7 = = = 6 4 3 4 | 5 - 3     4 = = = = = = 4 4 2 | | 
ǁ   | ǁ 2 5 3 4 5 2 - 1 2 6 6 4 | 4                   2 = = 5 2 | | 
ǁ   | ǁ 3 4 2 3 1   1 - - 3 3 1 | 2 2 - - 2 - - - - - - - - 3   | | 
ǁ   | ǁ 3         5 - - - - - - 7 - - - - - - - - - - - - - - - 6 2 
6 = 3 ǁ 4   1 3   5 = = 4 2 2 2 | 1 4   4 2 2   4   4           5 2 
ǁ 2 - 7 5 3   4 2 4 4 3 ǁ | | 3 | 2 6 1   2         3   2 2 2     3 
ǁ 4   7   3 1 2 5 7 4   5 6 4 | | 3 7 - 7               3 3 4 1   | 
ǁ 3 1 3 1 2 1 2   5 2   2 3 5 4 | 1 4 2   1   3 2 3             6 5 
ǁ 2   6               6         5       4     5           1 3   4 | 
4 3   4 1 3 - - - - - 7 2 4 - - 7 - - - 4 2   1 3 2 2       5 3 1 2 
4 4 - 2 1 2 - 1 2 = = 5 1 4 3 2 5 = = = = = = = 3 2 3 1     2 3   3 
