34 34
2 2 0 3 1 2 0 0 0 0 0 0 0 0 0 0 0 0 0 0 0 0 0 0 0 3 1 0 2 1 1 1 0 2 
3 2 0 5 0 0 0 0 0 0 0 0 0 0 0 0 0 0 0 0 0 0 0 0 0 6 1 2 6 3 3 0 0 4 
0 4 2 0 1 2 2 4 0 0 0 0 0 0 0 0 0 0 0 0 0 0 6 4 2 0 1 0 0 3 3 1 3 0 
3 5 1 0 0 3 0 0 3 0 3 0 0 4 2 1 2 1 0 0 0 0 0 5 5 0 0 2 0 2 0 2 0 0 
0 3 2 0 0 1 0 0 6 0 0 5 0 0 0 5 4 0 0 0 0 0 0 0 0 5 2 0 0 1 0 0 0 0 
2 0 0 5 4 0 5 1 0 2 0 4 0 0 0 0 0 3 0 1 0 0 0 3 1 5 3 4 0 4 7 5 4 0 
2 4 2 0 1 0 3 1 0 1 0 2 0 0 0 0 0 0 0 1 0 0 0 4 0 5 3 2 0 2 0 1 0 0 
0 0 0 0 3 0 0 0 6 0 0 0 0 0 0 0 0 0 0 0 0 0 7 0 0 0 0 0 4 0 5 0 3 0 
0 0 0 0 0 1 2 1 0 2 0 0 0 5 2 3 3 0 3 0 4 2 0 0 0 0 0 0 0 1 0 2 2 0 
0 0 0 0 0 0 0 0 0 3 0 4 2 0 2 7 3 0 1 4 5 3 0 0 0 0 0 0 0 4 6 4 0 0 
0 0 0 0 3 0 6 3 0 0 0 0 1 0 0 0 3 2 0 2 0 1 0 0 0 0 0 0 0 0 0 1 4 0 
0 2 1 0 0 2 4 0 0 4 0 6 3 0 0 0 1 0 5 0 4 0 0 0 0 0 0 0 0 2 5 3 0 0 
0 0 0 0 0 4 0 0 4 1 0 4 3 0 0 0 0 0 0 0 0 1 0 0 0 0 0 0 0 1 0 2 0 0 
0 0 0 0 0 3 2 1 3 0 0 3 1 0 0 0 2 0 6 1 0 0 0 0 0 0 0 0 0 3 6 3 0 0 
0 0 0 0 4 0 0 0 0 0 0 0 0 5 1 0 1 0 2 0 0 0 0 3 0 0 0 0 3 1 4 2 0 0 
0 0 0 0 3 0 0 0 0 0 0 0 0 0 0 5 0 0 0 0 5 3 0 4 2 1 0 0 2 1 4 1 0 0 
5 0 0 8 0 0 0 0 0 0 0 0 0 0 0 0 0 0 0 0 0 0 6 0 0 0 0 0 0 0 0 0 6 3 
0 2 0 6 0 5 0 0 0 0 0 0 0 0 0 0 0 0 0 0 0 0 0 0 5 0 0 0 0 0 4 2 0 0 
0 2 1 0 1 0 1 3 1 2 0 0 0 0 5 0 0 0 0 5 0 0 2 2 0 3 3 2 0 4 2 3 0 0 
0 3 3 0 0 0 0 0 0 2 0 0 0 0 0 1 0 3 1 0 2 0 2 5 0 2 0 0 0 0 2 0 0 3 
0 0 0 0 0 0 2 0 0 0 0 0 0 0 0 0 0 2 0 0 5 0 2 2 0 4 8 0 0 6 0 0 0 2 
0 0 0 0 0 0 0 0 1 7 0 2 0 0 0 0 0 0 0 0 0 0 0 0 0 3 5 4 4 0 0 2 0 0 
0 0 0 0 2 0 0 0 0 0 0 0 0 0 0 1 0 5 1 0 0 0 0 0 0 1 2 1 2 0 0 2 0 0 
0 0 2 0 0 0 6 6 0 5 0 0 0 0 4 4 3 0 0 0 5 0 0 0 6 0 0 0 0 8 8 6 0 1 
0 0 2 0 0 0 2 4 2 0 0 0 0 0 0 2 0 0 0 0 3 2 0 0 5 0 0 0 2 2 4 3 0 0 
6 7 3 0 0 0 0 0 0 0 1 0 0 0 2 0 0 0 0 0 1 1 1 0 3 0 0 2 1 1 3 1 0 0 
0 0 2 0 0 0 0 3 0 4 0 0 0 0 2 1 0 0 1 5 0 0 0 0 0 0 0 0 0 0 0 0 7 5 
0 5 3 0 0 0 0 2 1 4 0 0 0 0 0 0 2 0 2 0 2 4 0 2 1 2 0 1 0 0 0 0 3 0 
0 0 2 0 0 0 0 0 0 2 0 0 0 0 0 0 0 0 0 0 2 8 4 0 3 6 0 0 0 0 0 3 2 0 
0 4 5 0 3 6 0 0 0 0 0 0 0 0 0 0 0 6 3 0 1 0 2 0 1 1 0 0 0 0 1 0 0 0 
0 2 3 0 2 7 0 0 0 0 0 0 0 2 0 1 0 5 1 3 3 7 0 7 0 0 0 0 0 0 3 2 3 0 
4 3 2 3 1 4 1 2 0 0 0 0 0 2 0 2 1 1 2 5 2 2 0 0 2 0 3 0 3 3 2 0 0 2 
1 1 0 6 0 0 0 5 0 0 0 0 0 0 0 0 0 0 0 0 0 0 0 7 0 0 0 0 7 6 0 3 0 2 
1 0 0 4 0 0 0 0 0 0 0 0 0 3 0 0 0 4 2 2 3 0 0 4 0 1 2 0 4 3 0 0 4 3 
400 380
2 22 2 7
2 22 2 23
2 22 7 22
2 22 2 7
2 22 2 23
2 22 7 22
2 23 2 24
2 23 3 23
2 32 2 31
2 32 5 32
2 32 5 32
3 23 3 24
3 23 5 23
3 23 3 24
3 23 5 23
4 11 4 8
4 11 4 15
4 11 5 11
4 25 4 26
4 25 1 25
4 25 5 25
5 30 5 29
5 30 5 31
5 30 2 30
5 30 7 30
5 32 5 31
5 32 7 32
7 22 7 8
7 22 7 28
7 22 16 22
8 13 8 9
8 13 8 14
8 13 14 13
9 15 9 14
9 15 9 16
9 15 8 15
9 15 15 15
16 0 16 3
16 0 6 0
16 0 25 0
16 3 16 0
16 3 16 22
16 3 5 3
16 3 17 3
17 5 17 3
17 5 17 24
17 5 29 5
18 14 18 9
18 14 18 19
18 14 23 14
20 26 20 25
20 26 20 29
20 26 18 26
20 26 21 26
20 26 20 25
20 26 20 29
20 26 18 26
20 26 21 26
20 29 20 33
20 29 18 29
20 29 23 29
20 29 20 33
21 9 21 8
21 9 21 11
21 9 19 9
21 9 23 9
21 11 21 9
21 28 21 27
21 28 22 28
21 28 21 27
21 28 22 28
21 31 22 31
23 6 23 7
23 6 20 6
23 6 24 6
23 6 23 7
23 6 20 6
23 6 24 6
23 7 23 9
23 7 18 7
23 7 24 7
23 7 23 9
23 30 23 29
23 30 23 31
23 30 24 30
23 30 23 29
23 30 23 31
23 30 24 30
24 7 24 8
24 7 26 7
24 7 24 8
25 0 25 1
25 0 16 0
25 0 31 0
25 10 25 14
26 33 26 32
26 33 23 33
26 33 31 33
27 1 27 2
27 1 25 1
27 1 29 1
28 21 28 20
28 21 28 22
28 21 27 21
28 21 30 21
28 21 28 20
28 21 28 22
28 21 27 21
28 21 30 21
30 5 30 4
30 5 30 13
30 5 29 5
30 5 31 5
30 17 30 15
30 17 30 18
30 17 29 17
30 17 31 17
30 17 29 17
30 21 30 20
30 21 30 23
30 21 31 21
31 5 31 4
31 5 31 6
31 5 30 5
31 16 31 15
32 7 32 3
32 7 32 23
32 7 31 7
32 28 32 23
32 28 32 29
32 28 31 28
32 28 33 28
33 17 33 13
33 17 33 18
33 17 33 13
33 17 33 18
33 19 33 20
2 7 2 6
2 7 5 7
2 24 3 24
3 13 3 10
3 13 3 14
3 13 3 10
3 13 3 14
3 24 5 24
3 31 5 31
4 8 4 11
4 8 3 8
4 8 7 8
4 8 3 8
4 8 7 8
4 16 4 15
4 16 3 16
4 16 4 15
4 16 3 16
5 6 5 4
5 6 2 6
5 6 6 6
5 23 6 23
6 23 6 25
7 8 7 4
7 8 7 22
7 8 12 8
15 20 15 15
15 20 15 21
15 20 11 20
15 23 15 24
15 23 14 23
15 23 15 24
15 23 14 23
16 3 16 22
16 3 5 3
16 3 17 3
16 32 16 22
16 32 16 33
16 32 10 32
16 32 16 22
16 32 16 33
16 32 10 32
17 3 17 1
17 3 17 5
17 3 31 3
18 4 22 4
18 6 18 7
18 7 18 8
18 29 18 27
18 29 18 30
18 29 18 27
21 9 19 9
21 9 23 9
21 27 21 26
21 27 22 27
21 31 22 31
22 4 29 4
23 29 23 24
23 29 23 30
23 29 24 29
23 31 23 30
23 31 24 31
23 31 24 31
23 31 24 31
24 30 24 29
24 30 25 30
25 0 25 1
25 0 31 0
26 32 26 19
26 32 26 33
26 32 27 32
26 32 26 19
26 32 26 33
26 32 27 32
27 21 27 20
27 21 27 23
28 9 27 9
28 22 28 24
28 22 29 22
29 2 29 1
29 2 28 2
29 2 30 2
29 17 29 5
29 17 29 18
29 17 22 17
29 17 29 5
29 22 29 24
30 23 30 21
30 23 30 30
30 23 32 23
30 23 30 30
30 23 32 23
31 0 31 1
31 0 32 0
31 15 31 13
31 18 31 19
31 24 31 26
33 0 33 3
33 3 33 13
33 3 32 3
33 3 32 3
33 19 33 20
33 20 33 23
33 23 33 25
33 23 32 23
33 23 32 23
33 26 33 28
3 8 3 10
3 15 4 15
3 17 5 17
3 31 5 31
4 15 4 11
5 6 5 4
5 6 6 6
6 7 6 6
6 23 6 25
10 32 10 31
10 32 8 32
14 23 14 28
15 25 15 28
16 22 7 22
17 1 18 1
18 9 18 14
18 26 18 25
22 17 22 15
22 17 22 18
22 17 20 17
22 17 20 17
23 20 23 24
23 20 20 20
23 20 24 20
23 29 23 24
25 30 25 29
25 30 25 31
27 20 27 18
27 23 27 24
28 9 27 9
28 24 28 25
28 24 28 25
28 25 28 31
28 25 27 25
28 25 29 25
28 25 28 31
29 5 29 4
29 5 17 5
29 18 29 20
29 18 27 18
29 30 30 30
30 5 30 4
30 5 30 13
31 13 31 7
31 18 31 19
31 24 31 26
31 26 31 28
32 3 32 1
32 3 32 7
32 3 31 3
32 7 32 23
32 28 32 29
32 28 31 28
32 28 33 28
32 29 32 31
32 29 31 29
32 29 33 29
32 29 32 31
33 26 33 28
33 29 33 32
33 29 33 32
33 32 33 33
33 32 30 32
33 33 32 33
33 33 32 33
9 31 9 30
9 31 8 31
9 31 9 30
9 31 8 31
17 24 17 30
17 24 23 24
18 25 19 25
19 15 19 17
19 17 19 18
19 23 19 22
19 23 18 23
19 23 20 23
20 25 19 25
20 25 21 25
23 24 23 20
23 24 17 24
24 24 24 21
24 24 24 28
24 24 25 24
26 18 26 19
26 19 18 19
27 25 27 27
27 32 28 32
31 3 31 2
31 29 31 30
31 30 31 29
32 31 30 31
6 31 5 31
8 32 7 32
9 30 9 29
9 30 7 30
9 30 11 30
9 30 9 29
17 24 17 30
17 30 17 31
17 30 18 30
17 31 18 31
19 30 19 33
19 33 19 30
19 33 16 33
26 19 18 19
30 32 30 31
30 32 28 32
1 33 1 30
1 33 0 33
1 33 1 30
1 33 0 33
5 30 5 29
5 30 2 30
5 30 7 30
7 32 7 30
9 29 8 29
9 29 11 29
0 31 0 30
7 30 7 28
7 28 1 28
7 28 14 28
1 28 1 27
1 28 1 29
1 28 0 28
1 28 1 27
1 28 1 29
3 27 5 27
5 29 4 29
5 29 6 29
3 27 5 27
3 29 2 29
5 27 5 26
5 27 6 27
6 27 6 26
3 29 2 29

6595

2 2   3 1 2                                       3 1   2 1 1 1   2 
3 2   5                                           6 1 2 6 3 3 = = 4 
  4 2   1 2 2 4 = = = = = = = = = = = = = = 6 4 2 | 1   | 3 3 1 3   
3 5 1     3 | | 3 - 3 = = 4 2 1 2 1         ǁ 5 5 |   2 | 2 ǁ 2 ǁ   
  3 2     1 | | 6 = = 5 = = = 5 4 |         ǁ ǁ | 5 2 ǁ | 1 ǁ ǁ ǁ   
2     5 4 = 5 1 ǁ 2   4           3   1     ǁ 3 1 5 3 4 | 4 7 5 4   
2 4 2 ǁ 1   3 1 ǁ 1   2               1     ǁ 4 = 5 3 2 | 2 ǁ 1 |   
|     ǁ 3 - - - 6 = = = = = = = = = = = = = 7 - - - - - 4 - 5 - 3   
|     ǁ   1 2 1 | 2 - - - 5 2 3 3   3   4 2 ǁ           | 1 | 2 2   
|     ǁ         | 3   4 2 | 2 7 3   1 4 5 3 ǁ           | 4 6 4 |   
|     ǁ 3   6 3 |       1 |   | 3 2   2   1 ǁ           | | | 1 4   
| 2 1 ǁ   2 4   | 4   6 3 |   | 1   5   4   ǁ           | 2 5 3 ǁ   
|     ǁ   4     4 1   4 3 |   |         | 1 ǁ           | 1   2 ǁ   
|     ǁ   3 2 1 3     3 1 |   | 2   6 1 |   ǁ           | 3 6 3 ǁ   
|     ǁ 4                 5 1 | 1   2   |   ǁ 3 - - - - 3 1 4 2 ǁ   
|     ǁ 3                     5 - - - - 5 3 ǁ 4 2 1 - - 2 1 4 1 ǁ   
5 = = 8 = = = = = = = = = = = = = = = = = = 6 = = = = = = = = = 6 3 
ǁ 2 - 6 = 5 - - - - - - - - - - - - - - - - - - 5 = = = = = 4 2   | 
ǁ 2 1 | 1 ǁ 1 3 1 2 = = = = 5 - - - - 5     2 2 ǁ 3 3 2 = 4 2 3   | 
ǁ 3 3 | | ǁ   |   2         | 1 - 3 1 ǁ 2   2 5 ǁ 2 ǁ     | 2 = = 3 
ǁ     | | ǁ 2 |   ǁ         |     2   ǁ 5   2 2 ǁ 4 8 = = 6 = = = 2 
ǁ     | | ǁ ǁ | 1 7 = 2     |     ǁ   ǁ |       ǁ 3 5 4 4 |   2     
ǁ     | 2 ǁ ǁ |   ǁ         | 1 - 5 1 ǁ |       ǁ 1 2 1 2 |   2     
ǁ   2 | | ǁ 6 6 = 5         4 4 3 |   ǁ 5 = = = 6 = = = = 8 8 6   1 
ǁ   2 | | ǁ 2 4 2             2   |   ǁ 3 2 - - 5 - - - 2 2 4 3   | 
6 7 3 | | ǁ   |     1 - - - 2     |   ǁ 1 1 1   3     2 1 1 3 1   | 
ǁ | 2 | | ǁ   3   4         2 1   | 1 5 = = = = = = = = = = = = 7 5 
ǁ 5 3 | | ǁ   2 1 4             2 | 2 - 2 4 - 2 1 2 - 1         3 | 
ǁ | 2 | | ǁ       2               | |   2 8 4 - 3 6 = = = = = 3 2 | 
ǁ 4 5 | 3 6 = = = = = = = = = = = 6 3 - 1 ǁ 2 - 1 1         1   | | 
ǁ 2 3 | 2 7 = = = = = = = 2   1 - 5 1 3 3 7 = 7 = = = = = = 3 2 3 | 
4 3 2 3 1 4 1 2 - - - - - 2 - 2 1 1 2 5 2 2   ǁ 2 = 3 - 3 3 2 | | 2 
1 1 - 6 = = = 5 = = = = = = = = = = = = = = = 7 - - - - 7 6 = 3 | 2 
1 - - 4 - - - - - - - - - 3 = = = 4 2 2 3 - - 4 - 1 2 = 4 3 = = 4 3 
