34 34
4 0 0 0 0 5 0 0 0 0 0 0 0 0 0 0 0 0 0 0 0 0 0 1 1 0 0 2 0 0 0 4 3 2 
0 3 0 4 2 0 3 4 0 0 0 0 0 6 0 0 0 0 4 0 0 0 0 0 0 0 0 0 0 0 0 5 2 4 
0 0 2 0 2 0 0 0 0 2 0 4 0 7 0 0 0 0 0 0 0 0 0 5 2 1 0 2 0 3 2 0 1 0 
0 0 6 3 1 0 0 0 0 1 0 0 0 3 2 2 0 0 0 5 4 0 0 0 1 0 3 1 0 0 1 0 0 0 
4 0 2 1 2 0 0 0 0 0 0 0 0 0 0 4 2 0 2 2 0 0 2 0 0 0 0 2 0 4 1 0 0 0 
4 0 3 5 4 0 0 0 0 3 0 0 0 5 4 0 0 0 0 0 0 1 0 0 0 0 0 0 0 0 0 0 0 0 
2 0 2 0 2 0 2 0 0 2 0 0 0 1 2 7 0 0 4 0 0 0 0 0 0 0 0 0 0 0 0 0 2 0 
3 4 0 5 5 0 1 0 0 0 0 0 0 3 2 0 0 1 0 0 2 4 3 3 2 0 0 1 0 0 0 0 0 0 
2 0 0 0 0 0 0 0 0 0 0 0 0 0 0 0 0 0 0 0 0 0 0 0 0 0 0 0 0 0 0 0 0 0 
2 0 2 4 2 0 2 5 0 0 0 0 0 5 0 5 2 5 0 0 0 6 0 0 0 0 5 0 0 6 5 0 0 0 
0 0 1 2 1 0 1 5 0 0 4 2 0 1 2 4 1 3 0 2 0 2 0 0 3 2 0 1 0 2 2 0 0 0 
6 7 0 0 0 6 0 0 0 0 0 0 0 0 0 0 0 0 0 0 0 0 0 0 0 0 6 2 4 0 0 5 3 0 
0 0 4 4 2 0 3 0 0 0 0 0 0 0 0 0 0 0 0 0 0 1 2 0 4 2 0 2 0 2 1 0 3 0 
0 0 2 0 0 0 0 0 0 0 0 0 0 2 0 2 0 0 2 0 0 0 0 0 5 0 0 0 0 0 0 0 2 0 
0 0 4 8 4 0 0 0 0 0 0 0 0 0 0 0 0 0 0 0 0 0 0 0 0 4 0 0 2 0 0 0 1 0 
0 0 0 0 0 0 0 0 2 0 0 0 0 6 0 4 0 0 0 0 0 0 0 0 0 0 0 6 0 6 2 0 0 0 
0 0 4 0 2 0 0 0 0 0 0 0 0 1 0 0 0 0 0 0 0 0 0 0 0 0 0 0 1 0 1 0 0 0 
0 0 2 0 0 0 4 0 0 0 0 0 0 0 0 7 0 0 0 0 0 0 0 0 6 4 0 5 3 0 0 0 3 0 
2 0 0 0 0 0 3 3 1 2 3 0 4 3 0 0 0 0 0 0 0 0 0 0 4 2 0 2 3 0 0 0 0 0 
1 5 0 8 4 0 0 0 0 0 3 2 0 4 2 0 0 0 0 0 0 0 0 0 2 1 0 0 2 0 0 0 4 4 
4 5 2 0 1 0 0 3 0 6 0 0 5 0 0 5 0 0 0 0 0 0 0 0 0 0 7 0 0 6 2 0 0 1 
2 0 2 0 0 0 2 1 0 3 3 0 6 3 1 0 1 4 0 2 1 2 1 3 2 1 0 1 0 4 3 0 0 2 
2 5 4 0 0 0 2 4 0 3 2 1 3 3 1 0 0 0 1 0 0 6 0 3 0 0 5 0 0 1 0 0 0 0 
1 2 0 7 3 0 0 2 1 5 0 0 0 0 0 5 0 5 1 1 0 5 0 0 0 2 3 3 3 0 4 0 0 0 
0 3 2 4 2 0 4 0 0 4 1 0 0 0 0 4 0 0 0 0 0 0 0 0 0 2 2 1 2 0 3 0 0 0 
3 0 0 0 0 4 0 0 0 0 0 0 0 0 0 0 0 0 0 0 0 0 0 0 0 0 0 0 0 0 0 4 5 5 
0 2 0 2 0 0 1 2 0 0 2 2 0 0 0 0 5 0 3 1 1 2 0 0 0 2 3 2 4 2 1 0 0 3 
0 0 0 3 2 0 2 0 5 0 6 0 0 0 0 0 6 0 0 0 0 0 0 0 0 5 2 2 0 4 3 0 0 2 
0 0 0 0 0 0 3 2 2 3 6 0 0 0 3 2 0 1 5 2 2 0 0 0 0 5 1 0 0 3 2 0 3 4 
0 0 0 0 0 0 2 4 0 4 2 1 0 0 4 3 0 2 5 0 3 1 1 0 0 5 2 0 0 0 0 0 2 0 
1 2 0 0 0 5 0 0 0 0 0 0 0 0 0 0 5 0 0 0 0 0 0 0 0 0 0 6 5 4 4 0 4 2 
4 0 0 0 0 7 4 0 2 1 4 0 3 0 4 2 3 0 2 1 0 3 0 3 0 3 0 4 2 3 2 0 0 1 
4 1 0 5 0 3 2 0 0 0 5 0 0 0 0 0 0 0 0 0 0 0 0 0 0 0 0 0 0 0 0 5 6 3 
4 3 1 4 4 2 2 3 4 2 3 0 0 0 0 0 0 0 0 0 0 4 2 1 0 0 0 0 0 0 0 3 3 2 
400 261
0 0 0 5
0 0 4 0
0 0 0 5
0 0 4 0
0 5 0 23
0 5 11 5
0 5 11 5
1 13 1 7
1 13 1 18
1 13 2 13
1 13 1 7
1 13 1 18
1 13 2 13
1 18 1 31
1 18 4 18
3 2 3 3
3 2 2 2
3 2 4 2
3 2 3 3
3 2 2 2
3 2 4 2
4 0 5 0
4 0 5 0
5 0 5 2
5 0 6 0
6 15 6 14
6 15 6 18
6 15 4 15
6 15 9 15
7 4 7 3
7 4 6 4
7 4 9 4
9 30 9 29
9 30 4 30
9 30 10 30
11 0 11 1
11 0 9 0
11 0 18 0
11 0 11 1
11 0 9 0
11 0 18 0
11 1 11 5
11 1 7 1
11 1 19 1
11 5 11 1
11 5 11 26
11 5 25 5
11 26 11 27
11 26 9 26
11 26 20 26
11 26 11 27
11 26 9 26
11 28 11 31
11 28 14 28
11 28 11 31
11 28 14 28
12 2 12 3
12 2 13 2
12 2 12 3
12 2 13 2
12 3 12 4
12 3 14 3
12 4 14 4
12 27 15 27
13 24 13 18
13 24 12 24
13 24 17 24
14 2 14 3
14 2 16 2
14 2 14 3
14 2 16 2
14 4 14 3
14 4 16 4
14 4 14 3
14 25 12 25
14 25 17 25
14 25 12 25
14 25 17 25
15 27 15 29
15 27 12 27
15 27 17 27
15 27 15 29
15 27 17 27
15 29 15 30
15 29 12 29
15 29 20 29
15 29 15 30
16 2 16 4
16 2 17 2
16 28 17 28
16 30 20 30
17 2 20 2
17 15 17 6
17 15 17 24
17 15 15 15
17 15 20 15
17 25 17 24
17 25 18 25
19 3 19 4
19 3 23 3
19 4 19 3
19 4 20 4
19 4 19 3
20 26 20 15
20 26 20 29
20 26 22 26
20 29 20 26
20 29 20 30
20 29 21 29
20 29 21 29
25 33 25 32
25 33 21 33
25 33 26 33
31 5 31 0
31 5 31 6
31 5 30 5
31 5 32 5
32 3 32 1
32 3 32 5
32 3 33 3
33 0 33 1
33 0 32 0
33 0 33 1
33 0 32 0
33 1 33 2
33 3 33 4
33 3 32 3
33 3 33 4
33 4 33 5
0 24 0 27
0 27 0 31
0 31 0 32
0 31 1 31
0 31 0 32
1 1 1 3
1 7 1 6
1 7 9 7
5 21 7 21
6 18 6 15
6 18 4 18
8 0 7 0
8 0 7 0
9 30 9 29
9 30 10 30
10 7 10 6
10 7 10 10
10 7 9 7
10 10 10 7
10 10 10 11
10 10 10 11
12 24 12 22
12 24 13 24
12 24 12 22
12 29 12 30
15 8 15 13
16 13 15 13
17 24 17 15
17 24 13 24
17 24 18 24
18 24 18 25
18 24 19 24
18 24 19 24
19 3 23 3
19 28 18 28
20 26 20 15
20 26 22 26
23 3 23 1
23 3 23 4
23 3 24 3
32 0 31 0
32 0 31 0
32 3 32 5
33 4 33 5
1 1 1 3
1 3 1 4
1 3 3 3
1 4 2 4
1 6 6 6
2 4 3 4
2 11 2 9
2 11 2 13
2 11 2 9
2 11 2 13
2 13 3 13
4 16 4 15
9 29 9 26
9 29 4 29
9 29 10 29
9 29 9 26
10 7 9 7
10 27 10 29
12 21 12 6
13 18 13 15
15 8 15 13
19 28 18 28
22 2 22 1
22 2 21 2
22 2 22 1
22 2 21 2
31 0 31 5
31 5 31 6
31 5 30 5
1 6 6 6
2 13 3 13
3 26 3 24
3 26 3 27
3 26 9 26
3 30 2 30
4 16 4 15
4 29 4 27
4 29 2 29
4 29 4 27
7 6 9 6
9 6 9 7
9 7 9 13
9 21 9 17
9 21 7 21
9 21 10 21
9 21 9 17
9 21 7 21
9 21 10 21
10 19 10 17
10 25 10 24
12 6 17 6
20 2 20 1
2 13 3 13
3 9 5 9
3 20 3 19
3 20 7 20
3 20 3 19
3 20 7 20
4 15 3 15
4 19 3 19
4 22 7 22
5 13 5 9
5 13 5 14
5 13 6 13
6 9 5 9
6 15 6 14
6 15 9 15
7 17 9 17
7 21 7 22
10 19 10 17
10 25 10 24
12 6 17 6
17 6 17 15
3 15 3 14
3 19 4 19
4 22 7 22
5 13 5 14
5 14 5 13
5 14 3 14
10 24 7 24
7 24 7 23
7 23 2 23
2 23 2 24
2 23 7 23
2 23 2 24
2 25 2 27
2 27 2 29
2 29 2 30

4917

4 = = = = 5 - - - - - - - - - - - - - - - - - 1 1 - - 2 - - - 4 3 2 
ǁ 3 = 4 2 ǁ 3 4 = = = = = 6 = = = = 4 - - - - - - - - - - - - 5 2 4 
ǁ   2 | 2 ǁ ǁ |   2 = 4 = 7         |         5 2 1 - 2 - 3 2   1   
ǁ   6 3 1 ǁ ǁ |   1       3 2 2     | 5 4     ǁ 1 - 3 1   | 1       
4   2 1 2 ǁ ǁ |   |         | 4 2   2 2 ǁ   2 ǁ     | 2 = 4 1       
4 - 3 5 4 ǁ ǁ |   3 - - - 5 4 |     |   ǁ 1 ǁ ǁ     |     | |       
2   2   2 ǁ 2 |   2       1 2 7 = = 4   ǁ | ǁ ǁ     |     | |   2   
3 4   5 5 ǁ 1 |           3 2 ǁ   1     2 4 3 3 2   | 1   | |       
2 |     | ǁ | |               ǁ   |       ǁ     |   |     | |       
2 | 2 4 2 ǁ 2 5 - - - - - 5   5 2 5 = = = 6     |   5 = = 6 5       
ǁ | 1 2 1 ǁ 1 5 = = 4 2   1 2 4 1 3 = 2   2     3 2 ǁ 1 - 2 2       
6 7 = = = 6 - - - - - - - - - - - - - - - - - - - - 6 2 4 = = 5 3   
ǁ | 4 4 2 | 3 - - - - - - - - - - - - - - 1 2 = 4 2 | 2 ǁ 2 1   3   
ǁ | 2 | | | ǁ             2   2 - - 2 - - - - - 5 ǁ | ǁ ǁ |     2   
ǁ | 4 8 4 | ǁ                                   ǁ 4 | ǁ 2 |     1   
ǁ | ǁ   | | ǁ   2 = = = = 6   4                 ǁ ǁ | 6 = 6 2       
ǁ | 4 - 2 | ǁ             1   |                 ǁ ǁ | ǁ 1 | 1       
ǁ | 2     | 4 = = = = = = = = 7 = = = = = = = = 6 4 | 5 3 | |   3   
2 | |     | 3 3 1 2 3   4 3   |                 4 2 | 2 3 | |       
1 5 | 8 4 |         3 2   4 2 |                 2 1 |   2 | |   4 4 
4 5 2 ǁ 1 |   3   6     5     5 = = = = = = = = = = 7 = = 6 2     1 
2   2 ǁ   | 2 1   3 3   6 3 1   1 4   2 1 2 1 3 2 1 ǁ 1   4 3     2 
2 5 4 ǁ   | 2 4   3 2 1 3 3 1       1     6   3     5     1       | 
1 2 - 7 3 |   2 1 5           5   5 1 1   5       2 3 3 3   4     | 
  3 2 4 2 | 4     4 1         4                   2 2 1 2   3     | 
3         4                                                   4 5 5 
  2   2     1 2     2 2         5   3 1 1 2       2 3 2 4 2 1     3 
      3 2   2   5   6           6                 5 2 2   4 3     2 
            3 2 2 3 6       3 2   1 5 2 2         5 1     3 2   3 4 
            2 4   4 2 1     4 3   2 5   3 1 1     5 2           2   
1 2       5                     5                     6 5 4 4   4 2 
4 = = = = 7 4   2 1 4   3   4 2 3   2 1   3   3   3   4 2 3 2     1 
4 1 - 5 = 3 2       5                                         5 6 3 
4 3 1 4 4 2 2 3 4 2 3                     4 2 1               3 3 2 
