34 34
3 0 4 0 0 0 0 0 0 0 0 0 0 0 0 0 0 0 0 0 0 0 0 0 0 0 0 0 0 3 0 0 3 2 
0 0 0 2 2 2 3 3 1 4 0 0 0 0 0 4 0 2 0 0 0 0 0 0 0 0 0 0 0 0 3 2 2 0 
0 0 0 1 0 1 0 4 0 6 4 3 0 3 2 0 0 1 0 0 0 0 0 0 0 0 0 0 0 0 4 0 4 4 
0 0 0 2 7 0 6 0 0 0 0 0 0 0 0 7 0 0 0 0 0 0 0 0 0 0 0 0 0 4 0 0 0 0 
0 0 0 1 4 1 0 1 3 1 2 0 2 2 2 0 1 2 1 1 0 0 0 0 0 0 2 2 1 0 0 0 0 0 
0 1 0 2 3 1 0 1 6 0 0 0 3 0 1 0 3 5 3 0 0 4 0 0 0 0 5 4 1 0 0 0 0 0 
0 0 0 0 0 0 0 1 0 2 0 2 0 2 2 0 0 0 0 1 0 0 1 3 1 1 0 2 2 0 0 1 0 0 
0 0 0 0 0 0 0 0 0 4 0 4 2 0 3 0 0 0 0 2 0 4 0 3 2 2 0 1 1 0 0 0 0 0 
4 5 0 0 0 0 0 2 0 3 2 0 1 0 0 0 2 0 1 1 0 4 0 0 3 2 0 0 1 0 0 0 0 0 
0 2 0 0 0 0 0 0 3 0 0 4 0 6 3 0 2 0 1 0 0 3 1 2 3 1 0 0 0 0 0 0 0 0 
4 4 0 2 0 0 0 2 2 0 3 0 1 5 2 0 3 5 0 0 0 0 0 0 0 0 4 5 5 0 0 0 0 0 
2 2 0 1 0 0 0 2 0 2 0 0 0 2 0 0 0 0 1 3 0 0 0 3 3 3 0 0 4 0 0 0 0 0 
4 0 5 0 5 3 0 3 1 0 0 0 0 1 0 0 0 0 0 0 2 0 0 5 2 2 0 0 2 0 0 4 4 0 
2 1 2 1 2 2 0 2 0 0 0 0 0 3 1 0 0 0 0 0 0 1 3 0 3 0 0 0 2 0 0 0 0 0 
2 0 0 1 0 0 0 3 4 0 0 0 0 0 1 0 0 0 0 0 0 0 0 0 3 0 0 0 0 0 0 0 0 0 
0 0 3 3 0 0 0 0 0 0 0 0 0 0 0 0 0 0 0 0 0 2 4 0 0 0 0 3 3 0 0 0 0 0 
3 0 4 3 0 0 0 0 3 0 0 4 6 6 4 0 0 0 3 3 0 0 0 0 0 0 0 0 0 0 0 0 0 0 
0 1 4 2 0 0 0 0 0 0 0 0 0 0 0 0 2 0 3 1 0 0 2 0 0 0 0 2 1 0 0 0 0 0 
0 0 0 1 0 0 0 0 3 0 0 0 0 0 0 0 1 0 0 0 0 0 2 0 0 0 0 0 0 0 0 0 0 0 
0 1 3 4 3 0 0 0 1 0 0 0 0 0 0 0 1 0 3 0 5 5 3 0 0 0 0 0 0 0 0 0 0 0 
0 3 3 2 1 0 0 3 0 4 0 0 0 0 4 0 0 0 1 1 3 4 3 0 0 0 0 0 0 0 0 1 0 0 
0 3 0 0 0 3 0 0 1 0 0 0 0 0 2 0 2 5 0 0 0 0 0 5 4 3 0 0 0 0 0 1 2 0 
0 0 1 0 2 2 0 0 0 0 0 0 0 0 1 0 1 0 1 3 1 4 2 1 2 2 0 0 0 0 0 1 1 0 
0 1 3 0 4 3 0 3 2 0 0 0 0 0 0 0 2 0 3 6 0 4 0 1 1 1 0 0 0 0 0 0 0 0 
0 0 0 1 0 0 0 3 1 0 0 0 0 2 0 0 0 0 2 0 2 4 0 0 0 0 5 0 0 5 4 4 4 0 
0 1 5 2 0 0 0 4 2 0 0 0 0 2 0 0 2 6 3 3 0 4 3 3 2 1 0 3 2 0 0 0 0 0 
0 0 2 3 0 1 0 4 3 0 0 0 3 3 2 0 1 2 5 5 4 0 2 0 2 1 0 3 0 4 0 0 0 0 
0 0 0 2 0 0 0 3 3 0 0 0 2 1 0 0 1 0 3 1 2 0 0 0 0 0 0 4 1 0 0 0 2 3 
0 1 0 0 3 0 5 0 0 4 3 2 0 0 0 6 0 0 0 0 0 6 0 6 5 2 0 3 1 0 0 0 2 0 
2 0 0 0 0 0 3 0 0 0 0 0 2 1 0 0 0 1 0 3 0 3 1 2 2 1 0 1 0 4 0 0 3 3 
2 0 0 0 0 0 0 0 0 0 0 0 0 0 0 4 0 0 0 0 0 0 3 3 5 1 0 3 1 0 0 3 0 1 
2 0 0 0 0 0 0 0 0 2 2 1 1 0 0 3 0 0 2 2 1 1 0 0 4 0 4 7 3 0 0 3 3 2 
2 0 0 4 0 0 0 0 0 0 0 0 0 0 0 0 0 0 0 0 0 0 0 0 0 0 2 3 3 3 3 0 1 2 
1 1 0 4 0 2 1 0 1 0 0 0 0 0 0 0 0 0 0 0 0 0 0 0 0 0 0 0 0 2 2 0 2 2 
400 53
3 4 3 3
3 4 3 6
3 4 1 4
3 4 4 4
3 15 3 6
3 15 3 29
3 15 1 15
3 15 28 15
10 28 10 27
10 28 8 28
10 28 11 28
31 27 31 26
31 27 31 28
31 27 30 27
31 27 32 27
1 3 1 4
1 3 2 3
2 9 2 7
2 9 2 10
2 9 1 9
2 9 2 7
2 9 2 10
2 9 1 9
2 10 2 11
2 14 2 13
3 4 3 3
3 4 3 6
3 4 4 4
3 6 3 15
3 6 1 6
3 6 28 6
8 1 8 0
8 1 5 1
8 1 9 1
10 28 10 27
10 28 11 28
11 28 11 25
11 28 12 28
24 26 24 21
24 26 24 29
24 26 31 26
1 9 1 8
1 9 1 15
1 15 1 17
1 15 3 15
2 5 1 5
2 7 1 7
2 10 2 11
2 11 2 13
2 13 2 14
1 5 1 6
1 6 1 7
1 7 2 7

7660

3   4                                                     3     3 2 
      2 2 2 3 3 1 4 - - - - - 4 - 2                         3 2 2   
      1 | 1 | 4 = 6 4 3 - 3 2 ǁ   1                         4   4 4 
      2 7 = 6 = = = = = = = = 7 - - - - - - - - - - - - - 4         
      1 4 1 | 1 3 1 2   2 2 2 | 1 2 1 1             2 2 1           
  1   2 3 1 | 1 6       3   1 | 3 5 3     4         5 4 1           
  |         | 1   2   2   2 2 |       1     1 3 1 1   2 2     1     
  |         |     4   4 2   3 |       2   4   3 2 2   1 1           
4 5         | 2   3 2   1     | 2   1 1   4     3 2     1           
  2         |   3     4   6 3 | 2   1     3 1 2 3 1     |           
4 4   2     | 2 2   3   1 5 2 | 3 5                 4 5 5           
2 2   1     | 2   2       2   |     1 3       3 3 3 - - 4           
4   5   5 3 | 3 1         1   |         2     5 2 2     2     4 4   
2 1 2 1 2 2 | 2           3 1 |           1 3   3       2           
2     1     | 3 4           1 |                 3                   
    3 3     |                 |           2 4         3 3           
3   4 3     |   3     4 6 6 4 |     3 3                             
  1 4 2     |                 | 2   3 1     2         2 1           
      1     |   3             | 1           2                       
  1 3 4 3   |   1             | 1   3   5 5 3                       
  3 3 2 1   | 3   4         4 |     1 1 3 4 3                 1     
  3       3 |   1           2 | 2 5           5 4 3           1 2   
    1   2 2 |               1 | 1   1 3 1 4 2 1 2 2           1 1   
  1 3   4 3 | 3 2             | 2   3 6   4   1 1 1                 
      1     | 3 1         2   |     2   2 4 - - - - 5 - - 5 4 4 4   
  1 5 2     | 4 2         2   | 2 6 3 3   4 3 3 2 1 | 3 2           
    2 3   1 | 4 3       3 3 2 | 1 2 5 5 4   2   2 1 | 3   4         
      2     | 3 3       2 1   | 1   3 1 2           | 4 1       2 3 
  1     3   5     4 3 2       6           6   6 5 2 | 3 1       2   
2           3           2 1       1   3   3 1 2 2 1 | 1   4     3 3 
2                             4             3 3 5 1 | 3 1     3   1 
2                 2 2 1 1     3     2 2 1 1     4   4 7 3     3 3 2 
2     4                                             2 3 3 3 3   1 2 
1 1   4   2 1   1                                         2 2   2 2 
