34 34
2 6 0 0 0 0 0 0 0 0 0 0 0 0 6 4 4 0 5 0 5 0 0 0 0 0 0 0 0 5 5 4 3 1 
1 0 0 2 2 0 4 1 0 0 0 0 0 0 0 2 2 2 4 1 4 0 0 2 0 0 0 0 0 0 0 0 0 1 
4 5 3 6 0 0 6 0 0 0 0 0 0 0 6 0 0 0 0 0 0 0 0 0 0 0 0 0 0 7 4 0 0 0 
0 3 0 2 2 0 5 3 1 0 0 0 1 2 0 4 4 6 4 0 0 4 1 0 2 1 2 2 3 2 0 0 0 0 
0 2 3 3 4 0 2 0 0 0 0 3 6 5 0 3 0 5 0 0 0 5 0 0 3 0 0 2 6 4 0 0 0 0 
0 0 3 3 2 0 0 1 0 0 0 4 6 3 0 2 0 4 1 2 0 4 1 0 0 0 0 1 0 4 0 0 1 0 
2 0 3 0 0 0 6 0 0 0 0 0 0 0 6 0 0 0 0 0 0 0 0 0 6 4 5 0 7 3 0 0 1 0 
0 0 0 1 1 0 0 3 3 0 6 6 2 2 0 2 3 2 2 0 2 0 1 0 0 0 0 1 6 0 6 3 3 0 
2 0 0 0 0 0 0 3 4 0 7 5 4 4 0 0 0 3 3 0 0 0 0 2 0 2 0 2 4 1 2 2 6 3 
0 0 4 6 3 1 0 2 4 3 0 0 5 4 0 0 0 0 0 0 0 0 0 0 0 1 0 2 0 0 5 3 0 2 
0 0 0 3 1 0 0 3 0 3 0 0 0 0 0 5 6 4 5 2 6 0 4 6 0 2 0 4 0 0 3 2 5 4 
0 0 0 2 4 4 0 4 6 2 0 0 0 1 0 3 0 1 6 1 0 0 0 2 0 0 0 3 1 0 0 0 3 0 
0 0 3 0 6 4 0 2 7 2 0 0 1 0 0 2 0 0 2 0 0 0 0 0 2 3 4 0 0 0 4 0 0 0 
0 0 2 1 4 2 0 1 2 1 0 0 1 0 0 0 3 0 0 0 6 0 0 0 0 0 0 0 2 0 0 0 0 0 
4 5 0 0 0 0 6 0 5 5 0 3 4 0 8 0 0 0 5 3 2 0 3 2 0 0 0 0 0 0 0 0 0 0 
0 0 0 0 0 1 0 0 2 0 0 0 0 0 0 1 0 0 0 4 0 4 0 0 0 0 0 0 6 0 6 7 3 0 
2 0 0 0 0 0 0 0 1 0 0 0 0 0 0 0 0 0 0 1 0 3 2 1 1 0 5 2 0 0 0 0 1 0 
1 0 0 0 0 0 0 0 0 0 0 4 0 0 0 4 0 0 6 0 0 0 5 5 0 0 7 2 0 0 0 2 0 0 
0 0 0 0 0 0 0 0 3 2 0 0 0 0 0 0 1 2 0 1 2 1 0 3 2 0 0 0 0 0 0 2 0 0 
0 0 0 0 0 0 0 0 0 0 0 0 0 0 0 0 3 5 0 2 4 0 0 0 1 0 0 0 0 0 0 0 3 0 
1 0 0 0 0 0 0 1 0 0 0 0 0 2 0 0 2 0 1 2 0 0 0 4 3 1 0 0 0 0 0 0 0 0 
0 0 0 0 0 0 0 0 0 0 0 4 0 0 0 0 1 0 0 0 0 0 0 1 0 0 0 1 0 0 0 5 5 0 
4 5 0 0 3 3 0 0 0 0 0 2 0 0 0 5 0 7 0 3 0 0 0 1 0 0 0 0 0 0 0 0 0 0 
2 0 1 0 0 0 5 4 5 2 0 0 0 0 0 4 1 0 0 0 0 0 0 0 0 0 0 2 0 3 4 0 0 0 
1 0 2 4 0 0 7 3 4 2 0 0 0 0 0 0 0 0 0 0 0 0 0 0 0 0 0 0 0 0 3 0 0 0 
0 0 0 0 1 0 0 0 0 0 0 0 0 0 0 0 0 0 0 0 0 0 0 2 0 0 4 3 0 0 0 0 0 0 
0 0 0 3 3 0 0 0 0 0 0 0 0 0 0 5 4 0 0 0 0 0 0 3 0 0 6 4 0 0 0 0 1 0 
0 0 1 0 0 0 4 0 4 0 0 0 0 0 0 0 0 0 0 0 0 0 0 0 1 0 5 2 0 4 2 0 0 0 
0 0 0 0 3 0 5 0 1 0 0 3 6 5 0 2 4 7 2 0 0 0 0 0 0 0 2 2 0 0 0 0 0 0 
2 6 5 7 0 0 6 2 0 0 0 3 4 2 0 1 0 3 0 0 3 3 6 8 0 0 4 3 0 1 0 0 0 0 
1 2 4 3 0 0 0 0 0 0 0 2 3 1 0 2 0 0 0 0 0 0 3 2 0 0 0 0 0 0 0 0 0 0 
4 0 0 0 0 0 0 0 0 0 6 0 0 0 6 0 0 0 0 0 0 0 0 0 0 0 0 0 7 0 0 6 1 0 
4 5 4 1 0 0 0 0 0 0 5 0 0 0 0 0 0 0 0 0 5 5 2 2 4 0 0 0 5 1 2 6 5 5 
1 3 4 0 0 0 2 0 0 0 3 1 0 1 0 0 0 0 0 0 2 1 1 2 1 2 0 0 4 0 0 0 2 1 
400 408
0 1 0 0
0 1 0 14
0 1 2 1
0 1 0 0
0 1 0 14
0 1 2 1
0 14 0 15
0 14 2 14
0 18 0 16
0 18 0 20
0 18 1 18
0 29 0 20
0 29 0 30
0 29 2 29
1 0 2 0
2 0 2 1
2 0 6 0
2 0 2 1
6 28 6 26
6 28 6 29
6 28 4 28
6 28 7 28
7 10 7 8
7 10 7 11
7 10 8 10
7 10 7 8
7 10 7 11
7 10 8 10
7 11 7 12
7 11 5 11
7 11 8 11
7 11 7 12
8 10 8 8
8 10 8 11
8 10 31 10
9 12 9 13
9 12 8 12
9 12 12 12
10 15 10 16
10 15 7 15
10 15 11 15
11 18 11 17
11 18 11 19
11 18 10 18
11 18 12 18
12 8 12 7
12 8 12 9
12 8 11 8
12 8 13 8
14 9 14 8
14 9 13 9
14 9 18 9
14 14 14 12
14 14 14 18
14 14 6 14
14 14 31 14
14 14 14 12
14 14 14 18
14 14 6 14
14 14 31 14
15 31 15 30
15 31 15 32
15 31 10 31
15 31 17 31
17 11 14 11
17 11 21 11
17 11 14 11
17 11 21 11
17 26 17 23
17 26 17 27
17 26 16 26
17 26 25 26
20 13 28 13
21 11 22 11
21 32 21 31
21 32 19 32
21 32 26 32
22 15 22 17
22 15 17 15
22 15 23 15
24 6 24 3
24 6 24 7
24 6 23 6
24 6 27 6
25 4 26 4
26 15 26 16
26 15 23 15
26 15 28 15
28 17 28 16
28 17 28 18
28 17 22 17
28 17 29 17
29 3 29 2
29 3 29 6
29 3 26 3
29 3 30 3
29 23 29 22
29 23 29 26
29 23 26 23
29 23 30 23
29 23 29 22
29 23 29 26
29 23 26 23
29 23 30 23
29 26 29 27
29 26 28 26
31 14 31 10
31 14 31 28
32 20 32 10
32 20 32 21
32 20 33 20
32 31 32 30
32 31 32 32
32 31 31 31
32 31 32 30
32 31 32 32
32 31 31 31
32 33 32 32
32 33 10 33
32 33 33 33
0 14 0 15
0 14 2 14
0 15 0 16
0 15 1 15
0 16 0 18
0 16 1 16
2 14 2 6
2 14 2 29
2 14 6 14
2 14 2 6
2 29 2 30
2 29 0 29
2 29 3 29
3 15 3 16
3 15 4 15
3 15 3 16
3 15 4 15
3 16 3 17
3 16 7 16
4 13 4 12
4 13 3 13
4 13 5 13
4 15 5 15
4 17 4 21
4 17 3 17
4 17 5 17
5 12 5 11
5 12 5 13
5 12 4 12
5 12 5 11
5 12 5 13
5 12 4 12
5 15 7 15
6 6 6 2
6 6 4 6
6 6 14 6
6 6 6 2
6 6 4 6
6 6 14 6
6 24 6 25
6 24 4 24
6 24 12 24
6 24 6 25
6 24 4 24
6 24 12 24
7 13 8 13
10 23 10 22
10 23 8 23
10 23 11 23
10 23 10 22
10 23 8 23
10 23 11 23
11 13 9 13
11 18 10 18
11 18 12 18
12 15 11 15
13 12 14 12
14 6 14 1
14 6 14 8
14 6 23 6
14 6 14 1
14 12 14 11
15 5 22 5
20 7 23 7
20 13 28 13
20 25 20 24
21 11 22 11
21 32 21 31
21 32 19 32
22 5 22 4
28 12 28 11
28 12 28 13
28 12 29 12
28 12 28 11
28 12 28 13
28 12 29 12
28 13 29 13
29 22 29 21
29 22 17 22
29 22 30 22
29 22 29 21
30 22 30 15
31 14 31 10
31 14 31 28
31 28 31 31
31 28 15 28
31 28 32 28
31 31 31 28
31 31 31 32
31 31 21 31
32 29 32 28
32 33 32 32
32 33 10 33
1 7 1 6
1 15 1 16
1 17 1 18
1 23 1 20
2 6 2 3
2 6 1 6
2 6 3 6
2 6 2 3
2 29 2 30
2 29 3 29
2 30 0 30
2 30 7 30
3 6 3 4
3 6 3 7
3 17 3 18
3 17 4 17
3 17 3 18
3 17 4 17
3 18 3 21
4 12 4 11
4 12 4 13
4 12 3 12
4 13 3 13
4 29 4 28
4 29 5 29
4 29 4 28
4 29 5 29
5 11 5 7
5 17 5 18
5 17 7 17
5 17 7 17
5 27 4 27
5 29 6 29
7 13 8 13
7 16 10 16
7 16 10 16
7 30 7 28
7 30 7 31
7 30 8 30
7 30 7 28
7 30 7 31
8 11 8 10
8 11 8 12
8 13 8 12
8 13 9 13
9 12 9 13
9 12 8 12
10 16 10 15
10 16 10 17
10 16 13 16
10 17 10 18
10 17 8 17
10 17 10 18
10 33 10 32
10 33 9 33
12 15 11 15
13 16 13 20
19 32 16 32
21 16 20 16
21 31 18 31
22 5 22 4
28 11 29 11
29 27 28 27
29 29 27 29
30 22 30 15
31 10 31 0
31 10 8 10
31 10 32 10
32 1 32 0
32 1 32 2
32 1 33 1
32 32 33 32
33 32 33 28
0 30 0 29
0 30 0 31
0 30 0 31
0 31 0 32
0 31 7 31
0 32 0 33
0 32 5 32
1 6 1 4
1 6 1 4
1 17 1 18
1 18 1 19
1 20 1 23
1 20 0 20
1 20 0 20
1 33 8 33
2 3 2 2
2 3 1 3
2 3 3 3
2 3 2 2
3 6 3 4
3 6 3 7
3 7 3 8
3 18 3 21
3 21 3 22
3 21 4 21
3 24 3 25
3 24 4 24
4 4 4 3
4 4 5 4
4 4 4 3
4 4 5 4
4 21 5 21
4 28 4 27
4 28 3 28
4 28 6 28
5 29 6 29
6 25 6 26
6 25 8 25
6 28 6 26
6 28 7 28
6 32 7 32
7 32 8 32
7 32 8 32
8 17 8 18
8 32 8 31
8 32 8 33
8 32 10 32
8 32 8 31
8 33 9 33
13 16 13 20
13 20 13 28
13 20 10 20
13 20 14 20
13 20 13 28
15 28 15 21
15 28 15 30
15 28 31 28
21 31 18 31
22 4 22 1
27 29 27 30
27 29 23 29
27 29 27 30
29 6 29 3
29 6 29 7
29 6 28 6
29 6 29 7
29 6 28 6
29 27 28 27
31 0 30 0
31 0 32 0
31 0 32 0
32 0 32 1
33 0 33 1
33 28 33 25
33 28 32 28
33 28 33 25
0 18 0 20
3 28 3 27
3 28 3 27
4 21 5 21
8 17 8 18
10 20 10 19
10 20 10 22
10 20 7 20
10 20 10 19
10 20 10 22
14 23 14 22
15 28 15 21
15 28 15 30
15 30 15 31
15 30 12 30
15 30 23 30
17 31 15 31
23 29 23 30
23 30 23 29
23 30 24 30
28 26 27 26
32 28 32 24
32 28 32 24
3 26 6 26
3 26 6 26
4 21 5 21
5 19 5 21
5 22 7 22
7 18 7 20
7 18 8 18
12 26 12 25
12 26 12 30
12 26 12 25
12 26 12 30
12 30 10 30
14 22 14 20
14 22 14 23
15 21 15 19
15 21 16 21
32 24 32 23
32 24 33 24
33 23 33 22
33 23 32 23
12 25 10 25
32 22 32 21
32 22 32 21

4380

2 6 = = = = = = = = = = = = 6 4 4 = 5 = 5 - - - - - - - - 5 5 4 3 1 
1 ǁ   2 2 = 4 1             ǁ 2 2 2 4 1 4 = = 2           ǁ | | | 1 
4 5 3 6 = = 6 = = = = = = = 6 - - - - - - - - - - - - - - 7 4 | | | 
| 3   2 2 = 5 3 1       1 2 | 4 4 6 4 = = 4 1   2 1 2 2 3 2 | | | | 
| 2 3 3 4   2         3 6 5 | 3 | 5 - - - 5     3   ǁ 2 6 4 | | | | 
|   3 3 2   ǁ 1 - - - 4 6 3 | 2 | 4 1 2 - 4 1   ǁ   ǁ 1 ǁ 4 | | 1 | 
2   3 = = = 6         |     6 | | ǁ         |   6 4 5 = 7 3 | | 1 | 
      1 1   ǁ 3 3 = 6 6 2 2 ǁ 2 3 2 2 - 2   1   ǁ |   1 6 = 6 3 3 | 
2           ǁ 3 4 - 7 5 4 4 ǁ | ǁ 3 3   |     2 ǁ 2   2 4 1 2 2 6 3 
    4 6 3 1 ǁ 2 4 3 ǁ   5 4 ǁ | ǁ |     |     ǁ ǁ 1   2     5 3 | 2 
      3 1   ǁ 3   3 ǁ   | | ǁ 5 6 4 5 2 6 = 4 6 ǁ 2   4     3 2 5 4 
      2 4 4 ǁ 4 6 2 ǁ   | 1 ǁ 3 | 1 6 1 |     2 ǁ |   3 1   | | 3 ǁ 
    3   6 4 ǁ 2 7 2 ǁ   1   ǁ 2 |   2   |       2 3 4 = = = 4 |   ǁ 
    2 1 4 2 ǁ 1 2 1 ǁ   1   ǁ   3 = = = 6 = = = = = = = 2   | |   ǁ 
4 5 = = = = 6 - 5 5 ǁ 3 4 = 8 = = = 5 3 2 - 3 2             | |   ǁ 
          1 |   2 | ǁ ǁ     ǁ 1       4 - 4 = = = = = = 6 = 6 7 3 ǁ 
2         | |   1 | ǁ ǁ     ǁ         1   3 2 1 1   5 2 ǁ   | ǁ 1 ǁ 
1         | |     | ǁ 4     ǁ 4     6       5 5 - - 7 2 ǁ   | 2 | ǁ 
          | |   3 2 ǁ ǁ     ǁ | 1 2   1 2 1 | 3 2   |   ǁ   | 2 | ǁ 
          | |       ǁ ǁ     ǁ | 3 5   2 4   |   1   |   ǁ   | ǁ 3 ǁ 
1         | | 1     ǁ ǁ   2 ǁ | 2   1 2     | 4 3 1 |   ǁ   | ǁ ǁ ǁ 
          | | |     ǁ 4   ǁ ǁ | 1           | 1     | 1 ǁ   | 5 5 ǁ 
4 5 - - 3 3 | |     ǁ 2   ǁ ǁ 5 - 7   3     | 1     |   ǁ   | | | ǁ 
2   1       5 4 5 2 ǁ     ǁ ǁ 4 1 |         |       | 2 ǁ 3 4 | | ǁ 
1   2 4 - - 7 3 4 2 ǁ     ǁ ǁ |   |         |       |   ǁ | 3 | | ǁ 
        1   |       ǁ     ǁ ǁ |   |         | 2     4 3 ǁ |   | | ǁ 
      3 3   |       ǁ     ǁ ǁ 5 4 |         | 3     6 4 ǁ |   | 1 ǁ 
    1 |     4   4   ǁ     ǁ ǁ |   |         | ǁ 1   5 2 ǁ 4 2 |   ǁ 
      | 3   5   1   ǁ 3 6 5 ǁ 2 4 7 2       | ǁ     2 2 ǁ |   |   ǁ 
2 6 5 7 = = 6 2     ǁ 3 4 2 ǁ 1   3     3 3 6 8 = = 4 3 ǁ 1   |   ǁ 
1 2 4 3             ǁ 2 3 1 ǁ 2 = = = = = = 3 2         ǁ     |   ǁ 
4 - - - - - - - - - 6 = = = 6 = = = = = = = = = = = = = 7 = = 6 1 ǁ 
4 5 4 1             5 - - - - - - - - - 5 5 2 2 4 = = = 5 1 2 6 5 5 
1 3 4       2       3 1   1             2 1 1 2 1 2 = = 4 - - - 2 1 
