34 34
2 5 0 5 0 0 0 0 0 0 0 0 0 0 0 0 0 0 0 0 0 4 1 5 0 0 0 2 2 0 0 0 4 2 
2 6 2 2 1 0 0 0 4 0 0 0 0 0 0 0 0 0 0 0 0 7 0 8 0 0 0 0 0 0 0 0 7 4 
2 0 0 0 4 3 3 1 0 0 0 0 0 0 0 0 0 0 0 2 2 0 2 0 3 3 0 0 0 0 3 1 5 0 
2 0 0 0 0 2 0 0 8 0 0 0 0 0 0 0 0 0 0 6 3 0 4 0 2 0 1 0 3 2 4 1 3 0 
0 0 0 0 0 2 2 2 0 2 0 1 4 6 0 0 2 0 0 0 0 0 0 0 3 6 0 0 6 4 4 0 4 0 
6 0 0 0 7 8 7 5 0 0 2 1 2 0 0 2 2 0 0 6 5 0 0 0 0 0 2 0 4 3 1 0 0 0 
0 2 4 4 0 0 0 1 0 0 0 0 0 0 1 5 0 0 0 4 2 0 0 0 0 0 1 2 0 0 0 0 5 1 
0 0 2 0 0 0 0 0 0 4 6 0 0 8 0 0 4 0 0 6 2 0 0 0 0 0 4 5 0 0 1 0 0 2 
0 0 2 6 0 3 3 0 0 2 2 2 0 0 1 3 2 6 2 0 0 0 0 0 0 0 0 0 0 0 0 0 0 0 
6 5 1 0 0 1 5 2 0 1 0 7 0 7 0 6 0 6 1 0 0 0 0 0 2 0 2 0 0 0 0 0 0 0 
4 4 2 0 0 2 1 0 0 2 0 5 1 4 2 2 1 4 3 0 0 0 0 0 0 0 0 0 0 0 0 0 0 0 
4 0 0 6 0 5 0 0 7 0 0 0 0 0 0 0 0 0 0 7 3 0 6 8 0 6 2 0 0 0 0 0 0 0 
3 4 2 0 0 0 4 2 0 4 2 2 0 0 0 0 4 0 0 6 2 0 0 5 0 0 0 5 0 0 0 0 7 6 
4 7 2 0 0 2 3 0 0 0 4 0 0 0 0 0 0 0 0 5 1 0 0 0 4 4 1 0 1 4 0 2 0 2 
0 0 0 0 0 0 0 0 0 0 0 0 0 0 0 0 0 0 0 0 0 0 0 0 2 5 3 0 3 5 2 0 0 1 
0 0 0 0 0 3 7 2 2 0 2 0 0 0 0 0 0 0 0 0 2 0 0 0 2 0 0 0 2 2 0 0 2 0 
0 0 0 0 0 0 4 4 2 0 0 0 0 0 0 0 0 0 0 0 0 0 0 6 4 0 0 0 4 0 8 4 4 5 
0 4 2 0 5 6 0 0 0 8 0 0 0 0 0 0 0 0 0 7 4 0 0 0 2 0 2 0 4 2 0 1 0 0 
0 0 0 0 0 0 1 3 0 0 2 2 0 0 0 0 0 0 0 0 2 0 0 0 0 0 0 0 1 0 0 0 0 2 
0 0 0 0 0 0 3 6 1 0 0 0 0 0 0 0 0 0 0 0 0 0 0 6 4 0 0 0 0 0 0 0 0 2 
0 0 0 0 0 0 0 0 2 0 0 0 0 0 0 0 0 0 0 0 0 0 0 4 1 0 0 0 0 0 0 0 0 0 
0 0 0 0 0 0 0 4 4 0 0 0 0 0 0 0 0 0 0 0 0 0 0 3 2 0 3 3 5 0 8 0 7 3 
0 0 0 0 0 0 0 0 0 0 0 6 0 0 0 0 0 0 0 6 3 0 0 0 0 0 0 2 0 1 0 2 0 2 
0 0 0 0 1 0 0 0 0 0 0 0 3 6 0 0 0 4 2 0 2 0 6 0 0 6 5 2 0 0 0 0 0 0 
0 0 0 0 0 0 3 0 0 7 4 0 1 4 0 2 0 0 0 0 0 0 6 0 2 1 2 0 8 3 0 0 6 6 
0 0 0 0 0 0 2 0 0 4 3 7 0 0 0 0 0 8 4 6 4 0 6 2 2 0 0 0 8 2 0 0 0 4 
0 0 0 0 0 0 2 3 0 0 2 3 0 0 2 2 0 4 2 4 0 0 2 2 0 0 0 0 5 1 0 0 0 4 
5 0 0 8 0 7 0 0 0 0 0 0 0 0 0 0 0 0 0 0 0 7 0 0 0 0 0 0 0 0 6 0 0 2 
0 1 2 6 4 0 1 5 2 2 0 5 0 0 4 3 4 0 3 0 0 0 1 3 2 0 6 4 4 2 0 0 0 1 
0 2 0 2 2 0 0 3 0 0 0 5 4 2 0 1 2 0 0 0 0 0 2 8 0 0 6 0 0 0 5 0 6 3 
0 4 6 0 0 7 0 0 0 0 0 0 0 0 4 0 0 0 5 2 0 0 2 5 3 2 3 4 2 0 2 0 4 2 
0 2 2 1 0 5 2 2 5 2 1 0 0 2 0 0 0 0 0 0 0 6 0 0 0 0 0 0 0 0 0 8 3 1 
5 4 3 0 0 0 0 2 3 0 0 0 0 0 0 0 0 0 0 0 0 8 0 0 4 1 0 3 0 0 0 8 4 4 
4 0 0 0 0 0 0 0 0 0 0 0 0 0 0 0 0 4 2 1 0 3 2 0 6 0 0 4 2 2 0 6 2 2 
400 639
0 1 0 0
0 1 0 3
0 1 1 1
0 23 0 22
0 23 0 27
0 23 1 23
1 21 1 8
1 21 1 23
1 21 0 21
1 21 27 21
1 23 1 21
1 23 1 32
1 23 0 23
1 23 11 23
2 22 3 22
2 32 2 31
2 32 1 32
2 32 3 32
3 8 3 5
3 8 3 19
3 8 1 8
3 8 11 8
3 8 3 5
3 8 3 19
3 8 1 8
3 8 11 8
3 19 3 20
3 19 2 19
3 19 5 19
3 19 3 20
3 22 2 22
3 22 11 22
3 22 11 22
4 13 4 12
4 13 4 16
4 13 7 13
4 13 4 12
4 13 4 16
4 13 7 13
5 0 5 4
5 0 3 0
5 0 9 0
5 0 5 4
5 0 3 0
5 0 9 0
5 4 5 5
5 4 2 4
5 4 17 4
5 5 5 4
5 5 5 6
5 5 4 5
5 5 8 5
5 5 5 4
5 5 5 6
5 5 4 5
5 6 5 7
5 6 4 6
5 6 8 6
5 19 5 16
5 19 5 20
5 19 6 19
5 19 5 16
5 19 5 20
6 3 6 2
6 3 8 3
6 3 6 2
6 3 8 3
7 13 7 10
7 13 7 16
7 13 9 13
8 3 8 2
8 3 11 3
8 3 8 2
8 3 11 3
8 17 8 16
8 17 8 18
8 17 9 17
8 17 8 16
8 17 8 18
8 17 9 17
9 0 9 1
9 0 10 0
9 11 9 9
9 11 9 13
9 11 8 11
9 11 10 11
9 17 9 15
9 17 9 18
9 17 10 17
9 17 9 15
11 3 11 0
11 3 27 3
11 3 11 0
11 3 27 3
11 5 11 8
11 5 10 5
11 5 13 5
11 19 11 8
11 19 11 20
11 19 7 19
11 19 12 19
11 22 11 23
11 22 23 22
11 22 11 23
11 22 23 22
11 23 11 25
11 23 1 23
11 23 12 23
12 6 12 7
12 6 13 6
12 6 12 7
12 6 13 6
12 9 12 10
12 9 17 9
12 9 12 10
12 9 17 9
12 32 12 27
12 32 12 33
12 32 6 32
12 32 15 32
12 33 12 32
12 33 7 33
12 33 13 33
12 33 12 32
12 33 7 33
13 1 13 0
13 1 13 2
13 1 12 1
13 1 17 1
13 10 13 19
13 10 15 10
13 10 13 19
13 10 15 10
13 24 13 25
13 24 14 24
13 24 13 25
13 24 14 24
13 33 14 33
14 25 14 26
14 25 13 25
14 25 23 25
15 6 15 5
15 6 15 7
15 6 13 6
15 6 16 6
15 24 16 24
16 23 16 24
16 23 12 23
16 23 19 23
16 23 16 24
16 23 12 23
16 23 19 23
16 24 15 24
16 30 16 28
16 30 16 31
16 30 14 30
16 30 21 30
16 30 16 28
16 30 16 31
16 30 14 30
16 30 21 30
17 4 17 5
17 4 23 4
17 4 17 5
17 4 17 5
17 5 17 9
17 5 15 5
17 5 27 5
17 19 17 9
17 19 17 20
17 19 13 19
17 19 22 19
17 24 19 24
19 23 19 24
19 23 20 23
19 23 19 24
19 23 20 23
19 24 17 24
20 23 20 24
20 23 21 23
21 30 21 28
21 30 21 32
21 30 27 30
22 11 22 19
22 11 18 11
22 11 25 11
22 11 22 19
22 11 18 11
22 11 25 11
22 19 22 20
22 19 17 19
22 19 25 19
23 13 23 12
23 13 23 17
23 13 24 13
23 13 23 12
23 13 23 17
23 13 24 13
23 17 23 18
23 17 25 17
23 18 25 18
23 22 23 25
23 22 24 22
23 22 23 25
23 22 24 22
23 25 23 26
23 25 14 25
23 25 24 25
24 9 24 6
24 9 24 10
24 9 17 9
24 9 25 9
24 22 24 24
24 22 25 22
24 22 24 24
24 22 25 22
24 28 24 26
24 28 24 29
24 28 21 28
24 28 25 28
24 28 24 26
24 28 24 29
24 28 21 28
24 28 25 28
24 32 24 33
24 32 21 32
24 32 29 32
24 32 24 33
24 32 21 32
24 32 29 32
24 33 22 33
24 33 25 33
25 11 25 10
25 11 25 17
25 11 26 11
25 17 25 11
25 17 25 18
25 17 26 17
25 17 25 18
25 17 26 17
25 19 25 18
25 19 25 20
25 19 26 19
25 19 25 20
25 19 26 19
25 20 23 20
25 22 25 23
25 22 26 22
25 22 25 23
25 22 26 22
25 28 25 24
25 28 25 29
25 28 26 28
25 33 24 33
25 33 26 33
25 33 24 33
26 19 26 18
26 19 30 19
26 33 27 33
26 33 27 33
27 0 27 3
27 0 13 0
27 0 32 0
27 3 27 0
27 3 27 5
27 3 28 3
27 5 27 3
27 5 30 5
27 5 30 5
27 21 27 30
27 21 1 21
27 21 31 21
27 21 27 30
27 21 31 21
28 4 28 3
28 4 29 4
28 4 28 3
28 4 29 4
28 26 28 24
28 26 28 27
28 26 29 26
28 26 28 24
28 26 28 27
28 26 29 26
28 27 28 28
28 27 30 27
28 28 28 29
28 28 30 28
28 28 28 29
28 33 29 33
29 11 29 7
29 11 29 12
29 11 28 11
29 12 29 11
29 12 29 13
29 12 29 11
29 23 29 22
29 23 29 26
29 23 28 23
29 23 30 23
29 23 29 22
29 23 29 26
29 23 28 23
29 23 30 23
29 26 30 26
29 30 29 32
29 30 27 30
29 30 30 30
29 32 29 30
29 32 29 33
29 32 30 32
29 33 30 33
30 5 30 2
30 5 30 14
30 5 31 5
31 5 31 3
31 5 31 6
31 5 30 5
31 8 31 7
31 8 31 9
31 8 32 8
31 21 31 13
31 21 31 31
31 21 32 21
31 21 31 13
32 31 32 27
32 31 32 32
32 31 31 31
32 31 33 31
32 31 32 27
32 31 32 32
32 31 31 31
32 31 33 31
33 0 33 17
33 0 32 0
33 0 33 17
33 0 32 0
33 17 33 18
33 24 33 22
33 24 33 27
33 24 32 24
33 24 33 22
33 24 33 27
33 24 32 24
33 27 33 28
33 27 32 27
33 28 33 29
33 29 33 31
33 31 33 32
0 21 0 3
0 21 1 21
0 21 0 3
0 23 0 27
0 28 0 32
1 1 1 0
1 1 1 2
1 1 0 1
1 1 1 0
1 1 1 2
1 8 1 4
1 23 1 32
2 0 2 4
2 0 2 4
2 4 2 5
2 5 2 6
2 5 2 6
2 6 2 7
2 19 2 20
2 20 3 20
2 32 1 32
2 32 3 32
4 12 4 11
4 12 5 12
5 12 5 11
5 15 6 15
5 20 6 20
6 2 6 1
6 2 7 2
6 14 6 15
7 13 7 10
7 13 7 16
7 13 9 13
7 16 7 19
7 16 7 19
7 19 7 20
7 19 6 19
7 19 11 19
9 0 9 1
9 0 10 0
9 11 9 13
9 11 8 11
9 11 10 11
9 15 9 13
9 15 8 15
9 15 10 15
9 15 9 13
10 0 10 1
10 0 11 0
10 1 10 2
10 1 9 1
10 1 10 2
10 9 10 11
10 11 10 9
10 11 10 12
10 13 10 14
10 13 9 13
10 13 10 14
10 15 10 16
10 17 10 18
10 18 10 17
11 0 12 0
11 23 11 25
11 23 12 23
11 25 11 26
11 25 4 25
11 25 13 25
11 25 11 26
12 11 12 16
12 16 12 11
12 16 12 19
12 16 12 19
12 19 12 20
12 19 11 19
12 19 13 19
14 25 14 26
14 29 14 28
14 29 13 29
14 29 15 29
15 6 15 5
15 6 15 7
15 6 16 6
16 6 16 7
16 7 16 6
16 7 16 8
16 7 16 8
16 28 15 28
16 28 17 28
17 1 17 2
17 1 13 1
17 1 17 2
17 29 17 28
17 31 16 31
18 10 24 10
21 7 21 8
21 7 19 7
21 7 21 8
21 7 19 7
21 8 20 8
21 23 21 24
21 24 21 23
21 30 21 28
21 30 21 32
21 30 27 30
22 29 24 29
22 33 21 33
23 12 24 12
23 26 23 27
23 26 21 26
24 13 24 15
24 15 24 13
25 17 26 17
25 20 23 20
25 24 25 28
25 28 25 29
25 28 26 28
26 17 26 15
26 18 28 18
26 23 26 28
26 28 26 23
26 28 26 29
27 3 28 3
27 30 29 30
28 22 28 23
29 7 28 7
29 13 29 15
29 16 28 16
29 26 30 26
30 14 30 5
30 14 30 18
30 14 30 18
30 19 30 18
30 22 30 23
30 27 30 26
30 27 30 28
30 30 30 32
30 32 30 33
30 32 31 32
31 5 31 6
31 10 31 9
31 31 31 32
32 24 32 21
32 24 32 25
33 17 33 18
33 19 33 21
33 21 32 21
33 21 32 21
33 31 33 32
33 33 32 33
33 33 32 33
0 0 0 1
0 3 1 3
0 3 1 3
0 28 0 32
0 32 0 33
0 32 1 32
0 33 1 33
1 32 1 33
1 32 1 33
1 33 6 33
4 9 7 9
4 25 4 24
4 25 4 28
4 25 2 25
4 25 4 24
4 25 4 28
4 28 4 29
4 28 3 28
4 28 5 28
4 28 4 29
5 10 7 10
5 15 6 15
5 20 6 20
5 28 5 26
5 28 5 29
5 28 5 26
6 1 9 1
6 15 6 19
6 19 6 15
7 10 7 9
7 10 5 10
7 10 8 10
7 20 11 20
8 10 8 9
8 14 8 15
9 1 9 2
9 24 4 24
9 26 7 26
10 17 10 18
13 5 11 5
15 8 11 8
16 31 16 32
17 29 17 28
18 10 24 10
19 7 19 6
19 7 19 8
19 7 18 7
19 7 19 6
20 8 21 8
22 20 18 20
23 26 23 27
23 26 21 26
24 10 24 9
29 7 28 7
29 16 28 16
30 2 30 1
30 2 28 2
30 2 31 2
30 2 30 1
30 2 28 2
30 18 28 18
30 22 30 23
30 23 30 24
30 24 30 25
30 25 30 24
31 31 31 32
31 33 32 33
32 21 32 8
32 32 32 33
3 24 2 24
3 26 3 28
3 28 3 29
4 9 7 9
7 9 8 9
9 26 7 26
13 31 13 29
15 8 11 8
17 28 17 26
18 7 18 6
18 28 21 28
19 6 24 6
22 20 18 20
22 27 21 27
28 1 29 1
28 3 29 3
28 3 29 3
28 16 28 15
28 16 28 18
29 1 30 1
30 1 31 1
31 8 31 7
31 8 32 8
32 7 32 2
32 7 32 2
3 24 2 24
7 26 7 27
7 26 6 26
12 27 12 32
12 27 7 27
12 27 7 27
13 31 13 29
15 32 16 32
16 32 16 33
16 32 21 32
16 33 18 33
17 20 17 19
17 20 15 20
17 20 17 19
21 27 21 26
21 27 22 27
21 32 21 33
21 32 21 33
2 24 2 25
2 25 2 30
2 30 3 30
2 30 3 30
6 32 6 27
6 32 4 32
7 27 7 30
7 27 6 27
13 19 13 20
13 29 13 28
14 29 14 28
14 29 15 29
15 28 14 28
16 33 18 33
17 9 24 9
17 26 14 26
6 32 4 32
12 20 11 20
4 32 4 30
4 32 3 32
11 19 11 8
3 31 3 30
11 5 10 5
3 30 3 29
4 29 4 30
4 29 5 29
4 30 5 30
10 6 9 6

3784

2 5 - 5 = = = = = = = = = = = = = = = = = 4 1 5 = = = 2 2 = = = 4 2 
2 6 2 2 1 - - - 4 - - - - - - - - - - - - 7 = 8 = = = = = = = = 7 4 
2 = = = 4 3 3 1 ǁ                     2 2 ǁ 2 ǁ 3 3 - - - - 3 1 5 | 
2       | 2 = = 8 = = = = = = = = = = 6 3 ǁ 4 ǁ 2 | 1 - 3 2 4 1 3 | 
ǁ       | 2 2 2 ǁ 2   1 4 6 = = 2     |   ǁ ǁ ǁ 3 6 = = 6 4 4 - 4 | 
6 = = = 7 8 7 5 ǁ ǁ 2 1 2 ǁ   2 2 = = 6 5 ǁ ǁ ǁ | | 2 = 4 3 1   ǁ | 
ǁ 2 4 4 | | | 1 ǁ ǁ ǁ     ǁ 1 5 = = = 4 2 ǁ ǁ ǁ | | 1 2 - - - - 5 1 
ǁ | 2 ǁ | | |   ǁ 4 6 = = 8 = = 4 = = 6 2 ǁ ǁ ǁ | | 4 5 - - 1   | 2 
ǁ | 2 6 | 3 3   ǁ 2 2 2   ǁ 1 3 2 6 2 ǁ | ǁ ǁ ǁ | | ǁ ǁ         | ǁ 
6 5 1 ǁ | 1 5 2 ǁ 1 - 7 = 7 = 6 = 6 1 ǁ | ǁ ǁ ǁ 2 | 2 ǁ         | ǁ 
4 4 2 ǁ | 2 1   ǁ 2 = 5 1 4 2 2 1 4 3 ǁ | ǁ ǁ ǁ   |   ǁ         | ǁ 
4 = = 6 | 5 - - 7 = = = = = = = = = = 7 3 ǁ 6 8 = 6 2 ǁ         | ǁ 
3 4 2 ǁ | ǁ 4 2 ǁ 4 2 2 = = = = 4 = = 6 2 ǁ ǁ 5   |   5 = = = = 7 6 
4 7 2 ǁ | 2 3   ǁ ǁ 4 = = = = = = = = 5 1 ǁ ǁ ǁ 4 4 1   1 4 = 2 | 2 
| ǁ   ǁ |   |   ǁ ǁ ǁ                 |   ǁ ǁ ǁ 2 5 3   3 5 2   | 1 
| ǁ   ǁ | 3 7 2 2 ǁ 2                 | 2 ǁ ǁ ǁ 2 ǁ |   2 2 ǁ   2   
| ǁ   ǁ | | 4 4 2 ǁ                   | | ǁ ǁ 6 4 ǁ |   4 = 8 4 4 5 
| 4 2 ǁ 5 6 - - - 8 - - - - - - - - - 7 4 ǁ ǁ ǁ 2 ǁ 2 - 4 2 ǁ 1 | ǁ 
|     ǁ | | 1 3   ǁ 2 2               ǁ 2 ǁ ǁ ǁ ǁ ǁ     1   ǁ   | 2 
|     ǁ | | 3 6 1 ǁ ǁ ǁ               ǁ ǁ ǁ ǁ 6 4 ǁ     |   ǁ   | 2 
|     ǁ | | | ǁ 2 ǁ ǁ ǁ               ǁ ǁ ǁ ǁ 4 1 ǁ     |   ǁ   |   
|     ǁ | | | 4 4 ǁ ǁ ǁ               ǁ ǁ ǁ ǁ 3 2 ǁ 3 3 5 = 8 = 7 3 
|     ǁ | | |     ǁ ǁ 6 = = = = = = = 6 3 ǁ ǁ     ǁ ǁ 2 ǁ 1 ǁ 2 ǁ 2 
|     ǁ 1 | |     ǁ ǁ ǁ 3 6 = = = 4 2 | 2 ǁ 6 = = 6 5 2 ǁ | ǁ   ǁ | 
|     ǁ   | 3 - - 7 4 ǁ 1 4 = 2   | | | ǁ ǁ 6 = 2 1 2 = 8 3 ǁ   6 6 
|     ǁ   | 2     4 3 7 = = = = = 8 4 6 4 ǁ 6 2 2 = = = 8 2 ǁ   ǁ 4 
|     ǁ   | 2 3     2 3     2 2 - 4 2 4   ǁ 2 2 = = = = 5 1 ǁ   ǁ 4 
5 = = 8 = 7                         | |   7 = = = = = = = = 6   ǁ 2 
| 1 2 6 4 ǁ 1 5 2 2   5     4 3 4 - 3 |   ǁ 1 3 2 = 6 4 4 2 ǁ   ǁ 1 
| 2 ǁ 2 2 ǁ   3 - - - 5 4 2 - 1 2   | |   ǁ 2 8 = = 6 | |   5 = 6 3 
| 4 6 - - 7 = = = = = = = = 4 = = = 5 2   ǁ 2 5 3 2 3 4 2   2 - 4 2 
| 2 2 1 - 5 2 2 5 2 1     2 = = = = = = = 6 - - - - - - - - - 8 3 1 
5 4 3 = = = = 2 3 - - - - - - - - - - - - 8 - - 4 1   3 = = = 8 4 4 
4 = = = = = = = = = = = = = = = = 4 2 1 - 3 2 = 6 = = 4 2 2 - 6 2 2 
