34 34
4 4 0 3 2 0 3 0 0 0 0 0 0 0 0 0 0 1 2 3 0 0 0 0 0 2 2 0 0 0 0 0 3 1 
2 0 1 0 0 1 0 1 0 0 0 0 0 0 4 0 0 0 0 0 0 0 0 0 0 4 0 0 0 0 0 0 2 0 
1 0 0 0 0 0 0 1 3 0 0 3 1 0 0 2 0 3 1 0 0 0 3 0 0 0 2 0 0 4 0 3 1 0 
2 0 0 0 3 3 0 3 3 0 0 0 0 0 5 0 0 4 0 1 2 0 6 0 0 3 1 1 0 5 1 0 3 2 
0 0 0 0 1 1 0 2 3 0 0 3 2 1 0 1 0 3 0 1 2 1 2 0 0 3 2 1 0 3 1 0 0 1 
0 0 2 6 0 0 4 0 0 0 0 0 0 0 5 0 0 0 0 0 0 0 0 0 0 0 0 0 0 0 0 5 0 0 
0 0 1 0 1 1 0 2 3 0 1 1 3 1 0 2 2 1 0 0 0 0 0 0 0 0 0 0 0 0 0 0 0 0 
0 0 0 0 3 3 0 1 0 3 0 3 3 0 0 0 0 0 0 0 0 0 0 0 0 1 0 0 0 0 0 0 0 0 
0 0 0 0 0 2 0 2 0 2 1 0 0 0 0 0 0 0 0 0 0 0 0 0 0 0 0 0 0 0 0 0 0 2 
3 4 3 0 0 1 0 3 0 3 0 5 5 4 0 1 0 0 0 0 0 0 0 0 0 0 0 0 0 0 0 0 0 0 
0 0 2 0 0 1 0 0 0 2 1 0 0 1 0 0 0 0 0 0 0 0 0 0 0 0 0 0 0 0 0 0 0 0 
0 0 1 0 0 0 0 2 3 2 3 0 0 1 0 1 0 0 0 0 0 0 0 0 0 0 0 0 0 0 0 0 0 0 
0 0 1 0 4 2 0 2 0 0 2 0 0 0 0 0 0 0 0 0 0 0 0 0 0 0 0 0 0 0 0 0 0 0 
0 0 0 0 0 1 0 0 0 0 0 0 2 3 0 0 0 0 0 0 0 0 0 2 0 5 0 0 0 0 0 4 0 0 
0 0 0 0 0 3 0 3 0 0 0 0 1 1 0 0 0 0 0 0 1 0 0 0 0 5 3 1 2 2 0 0 0 0 
0 0 0 0 0 0 0 0 0 3 0 4 5 2 0 0 0 2 0 0 0 0 3 0 0 5 2 0 0 2 1 0 0 0 
0 0 0 0 0 0 0 0 0 3 3 0 3 2 0 0 0 1 0 0 0 0 3 1 0 2 1 0 3 0 0 5 0 0 
0 4 3 0 4 4 0 0 0 1 2 0 1 1 0 2 4 0 0 0 0 0 0 0 0 0 0 0 0 0 0 3 0 0 
1 3 1 0 0 3 0 2 5 0 0 7 0 0 6 0 0 0 0 0 0 0 0 0 0 0 0 0 0 0 0 0 6 3 
1 1 0 0 0 4 0 3 4 1 1 0 1 1 0 1 0 0 2 2 3 1 0 0 2 0 4 2 2 2 0 3 2 3 
3 0 0 4 0 2 0 2 0 2 0 0 4 2 0 2 0 0 6 0 5 0 0 0 0 0 4 0 4 3 2 0 2 0 
3 2 0 5 4 1 0 1 4 0 0 0 0 0 0 1 0 0 3 1 1 1 0 0 0 2 0 1 6 3 1 0 0 0 
2 0 2 0 2 1 0 2 5 4 2 0 3 0 3 0 0 0 0 0 0 0 0 0 0 2 0 1 3 1 0 0 0 0 
1 0 0 0 2 0 3 2 0 0 0 5 0 0 0 0 0 0 0 0 0 0 0 0 0 0 4 0 0 0 2 0 0 0 
2 5 4 0 0 4 5 0 3 2 1 0 1 1 0 2 0 1 0 3 0 0 4 0 4 0 5 4 0 0 0 5 3 0 
3 2 1 0 0 2 2 0 0 2 0 0 0 0 0 0 0 0 0 2 1 0 4 1 0 2 2 0 2 2 0 0 1 0 
3 1 0 0 0 1 0 3 3 4 3 0 5 6 0 6 0 0 0 0 0 0 0 0 4 2 1 0 0 4 1 0 3 4 
1 2 4 0 4 0 0 0 3 2 1 0 2 1 1 3 1 2 0 0 0 0 0 0 2 1 0 3 0 2 0 0 0 0 
0 0 4 0 2 3 0 0 0 0 0 4 0 0 0 0 0 0 0 0 0 0 0 0 0 0 2 0 4 0 0 6 5 2 
0 0 2 0 2 6 0 0 0 0 0 0 0 0 0 0 0 0 0 0 0 0 0 0 0 0 3 0 3 2 1 0 2 2 
3 4 0 3 1 3 0 0 0 0 4 0 0 0 0 0 0 0 0 3 1 1 2 0 4 0 0 0 0 1 0 4 2 0 
0 3 0 0 0 1 2 0 0 0 6 0 0 0 0 0 0 3 1 1 2 4 0 0 5 0 2 0 2 3 2 1 1 0 
2 2 0 0 0 0 0 0 0 1 3 0 2 0 0 0 0 2 1 0 1 1 0 2 1 1 0 7 0 0 4 2 1 4 
2 0 0 0 0 0 0 0 0 0 0 0 0 0 0 0 0 0 0 0 0 0 0 3 1 0 0 4 3 2 1 2 1 2 
400 42
0 0 0 1
0 0 1 0
0 0 0 1
0 0 1 0
0 1 0 3
0 1 9 1
2 0 3 0
3 0 9 0
5 31 5 14
5 31 2 31
5 31 13 31
16 31 16 28
16 31 13 31
16 31 17 31
18 11 18 8
18 11 18 14
18 11 15 11
18 11 23 11
26 13 26 12
26 13 26 15
26 13 24 13
26 13 27 13
27 14 27 15
32 27 32 25
32 27 32 30
32 27 27 27
32 27 33 27
15 30 15 29
26 13 26 12
26 13 26 15
26 15 26 24
26 15 24 15
26 15 27 15
26 15 26 24
27 15 27 16
32 27 32 30
32 27 27 27
32 27 33 27
33 27 33 24
33 27 33 28
33 28 33 29
33 28 33 29

5062

4 4 - 3 2   3                     1 2 3           2 2           3 1 
2 | 1     1   1             4                     4             2   
1 |           1 3     3 1     2   3 1       3       2     4   3 1   
2 |     3 3   3 3           5     4   1 2   6     3 1 1   5 1 | 3 2 
| |     1 1   2 3     3 2 1   1   3   1 2 1 2     3 2 1   3 1 |   1 
| | 2 6     4               5 - - - - - - - - - - - - - - - - 5     
| | 1   1 1   2 3   1 1 3 1   2 2 1                           |     
| |     3 3   1   3   3 3                         1           |     
| |       2   2   2 1                                         |   2 
3 4 3     1   3   3   5 5 4   1                               |     
    2     1       2 1     1                                   |     
    1         2 3 2 3     1   1                               |     
    1   4 2   2     2                                         |     
          1             2 3                   2   5           4     
          3   3         1 1             1         5 3 1 2 2   |     
                  3   4 5 2       2         3     5 2     2 1 |     
                  3 3 | 3 2       1         3 1   2 1   3 - - 5     
  4 3   4 4       1 2 | 1 1   2 4                             3     
1 3 1     3   2 5 - - 7 - - 6                                   6 3 
1 1       4   3 4 1 1 | 1 1   1     2 2 3 1     2   4 2 2 2   3 2 3 
3     4   2   2   2   | 4 2   2     6   5           4   4 3 2   2   
3 2   5 4 1   1 4     |       1     3 1 1 1       2   1 6 3 1       
2   2   2 1   2 5 4 2 | 3   3                     2   1 3 1         
1       2   3 2       5                             4       2       
2 5 4     4 5   3 2 1   1 1   2   1   3     4   4   5 4       5 3   
3 2 1     2 2     2       |   |       2 1   4 1   2 2   2 2     1   
3 1       1   3 3 4 3   5 6 = 6 = = = = = = = = 4 2 1     4 1   3 4 
1 2 4   4       3 2 1   2 1 1 3 1 2             2 1   3   2         
    4   2 3           4                             2 ǁ 4     6 5 2 
    2   2 6                                         3 ǁ 3 2 1   2 2 
3 4   3 1 3         4                 3 1 1 2   4     ǁ   1   4 2   
  3       1 2       6             3 1 1 2 4     5   2 ǁ 2 3 2 1 1   
2 2               1 3   2         2 1   1 1   2 1 1 - 7 = = 4 2 1 4 
2                                             3 1 - - 4 3 2 1 2 1 2 
