34 34
3 0 0 2 2 3 0 2 0 0 5 0 4 4 4 0 0 0 0 0 0 3 0 0 0 0 0 0 0 0 2 1 3 2 
4 0 0 0 0 0 0 0 0 0 8 0 0 0 0 0 0 0 0 0 0 0 6 0 0 0 0 0 0 0 7 4 0 2 
0 3 0 6 5 4 2 3 4 3 0 2 0 0 0 0 3 4 4 4 2 2 0 1 5 3 4 4 5 2 0 3 0 0 
0 4 0 5 3 0 0 0 0 3 0 3 2 2 2 2 0 0 0 0 2 5 0 2 0 0 2 0 6 2 0 0 0 0 
0 5 2 0 1 0 0 0 1 0 0 3 0 2 0 0 0 3 0 0 0 0 0 3 0 0 0 0 0 0 0 3 0 0 
0 2 0 0 0 0 0 0 1 0 0 0 4 0 5 3 0 1 0 0 0 3 0 0 5 0 0 6 5 2 0 0 0 0 
0 4 0 5 0 4 0 3 0 1 0 0 0 0 0 0 0 2 0 2 0 0 0 0 0 0 0 0 0 0 0 3 4 5 
0 0 1 0 0 1 0 3 4 1 0 0 0 0 4 1 0 0 0 0 0 2 0 0 0 0 0 0 0 1 0 0 1 0 
0 4 3 0 3 2 0 0 3 0 0 0 0 0 0 0 0 3 0 0 0 0 0 0 0 0 0 0 1 0 0 0 2 3 
1 0 2 0 4 4 0 4 4 3 0 0 3 0 0 0 0 0 0 0 0 2 0 0 0 0 0 0 0 0 0 0 4 3 
1 3 4 0 3 4 2 0 0 0 0 0 0 0 0 0 0 0 0 0 0 0 0 0 0 1 0 3 0 0 0 0 3 0 
0 3 4 0 1 0 0 0 0 0 0 0 0 0 0 0 0 0 0 0 0 0 0 0 0 0 0 0 0 0 0 0 5 4 
3 0 0 5 0 6 4 0 0 0 0 0 0 0 0 0 0 0 0 0 0 0 0 0 0 0 0 0 0 0 0 0 0 2 
0 2 2 0 1 0 2 0 0 2 0 0 0 0 0 0 0 0 0 3 6 3 0 0 0 0 0 0 0 0 0 0 0 0 
0 0 0 0 0 0 1 0 3 0 0 0 0 0 0 0 0 0 0 1 0 2 0 0 0 0 0 0 0 0 0 0 0 0 
0 0 0 5 5 6 3 0 0 0 0 0 0 0 2 0 0 4 5 0 5 3 0 0 0 0 0 0 0 0 0 0 6 5 
0 0 0 3 1 4 6 0 0 0 0 0 0 0 0 0 0 2 0 1 3 1 0 4 7 0 0 0 0 0 5 0 0 1 
0 0 0 4 3 3 6 0 3 0 0 0 0 0 0 0 0 2 3 0 0 0 5 5 5 2 4 4 6 3 0 0 0 1 
0 2 0 2 6 4 3 0 0 0 0 5 6 0 0 0 7 0 0 0 0 0 0 0 0 0 6 0 6 4 0 0 0 0 
0 2 0 0 0 2 0 0 0 0 0 2 0 2 4 1 0 3 0 4 3 0 5 4 1 1 0 0 0 0 0 0 0 0 
0 1 0 0 0 1 0 0 0 0 0 0 0 0 0 0 0 4 1 0 2 0 6 6 5 4 0 0 0 3 0 0 0 3 
0 3 6 0 5 2 3 0 0 0 0 3 0 3 7 4 0 3 0 7 0 4 0 0 3 3 0 0 0 0 0 0 0 0 
0 0 0 2 0 1 0 0 0 0 0 3 0 2 0 1 0 0 0 0 2 2 0 0 2 2 0 0 0 0 0 0 0 0 
0 0 2 0 0 0 0 0 0 0 0 3 5 2 2 0 6 0 0 6 6 3 3 0 3 4 0 2 7 6 0 0 0 0 
0 4 5 5 0 0 0 0 0 0 0 3 4 2 0 3 5 2 0 0 3 3 4 0 0 3 0 0 0 0 0 0 0 0 
0 2 4 3 0 0 0 0 3 0 0 4 0 4 1 0 3 4 0 7 3 4 4 0 0 0 0 0 0 0 0 0 0 0 
2 0 0 0 6 5 4 0 0 4 4 5 1 0 0 0 0 2 3 7 0 0 0 7 5 3 0 0 3 3 0 0 0 0 
2 3 3 2 0 2 3 0 0 4 4 5 0 5 2 3 0 0 0 5 3 1 0 3 2 1 0 0 0 0 0 0 0 0 
3 0 3 3 0 1 2 0 3 0 3 0 0 0 0 0 0 0 0 0 0 0 0 0 0 0 6 0 0 0 4 0 0 0 
5 4 0 0 5 0 0 4 0 0 0 0 0 0 0 0 0 0 0 0 0 0 0 0 0 0 4 2 2 1 0 0 0 0 
0 1 2 2 0 1 5 0 0 0 0 0 0 0 6 0 0 0 0 5 0 0 0 0 0 0 0 0 0 0 6 5 6 3 
4 0 4 3 0 4 6 2 3 3 2 3 0 0 7 4 2 5 2 4 0 0 0 0 0 0 0 1 2 0 4 0 2 1 
3 4 0 0 5 3 3 0 0 0 5 4 2 2 2 3 1 4 0 4 0 0 0 0 0 0 0 0 0 0 0 5 5 2 
2 4 2 2 3 2 0 0 0 0 0 0 0 0 0 0 0 0 0 5 0 0 0 0 0 0 3 2 2 0 0 2 2 1 
400 301
0 10 0 7
0 10 0 12
0 10 1 10
1 10 1 0
1 10 1 22
1 10 0 10
1 10 26 10
1 10 1 0
1 10 1 22
1 10 0 10
1 22 1 30
1 22 17 22
2 3 2 1
2 3 2 4
2 3 3 3
2 3 2 1
2 3 2 4
2 3 3 3
2 24 2 23
2 24 2 25
2 24 5 24
2 28 2 27
2 28 2 29
2 28 3 28
3 21 3 20
3 21 2 21
3 21 5 21
3 23 4 23
4 1 4 2
4 1 3 1
4 1 5 1
6 33 6 32
6 33 1 33
6 33 8 33
11 32 11 33
11 32 10 32
11 32 15 32
15 3 15 4
15 3 12 3
15 3 16 3
15 32 15 33
15 32 11 32
15 32 30 32
15 32 15 33
15 32 30 32
15 33 12 33
15 33 16 33
15 33 12 33
16 6 16 5
16 6 15 6
16 6 17 6
16 6 16 5
16 6 15 6
16 6 17 6
16 24 16 23
16 24 16 30
16 24 5 24
16 24 17 24
17 6 17 5
17 6 17 8
17 6 18 6
17 6 17 5
17 28 17 27
17 28 17 29
17 28 18 28
17 28 17 27
17 28 17 29
17 28 18 28
17 29 18 29
17 33 20 33
18 11 18 12
18 11 4 11
18 11 19 11
18 16 18 12
18 16 18 26
18 16 2 16
18 16 23 16
18 28 18 26
18 28 18 29
18 28 23 28
18 28 18 26
18 29 20 29
18 29 20 29
19 22 19 20
19 22 19 23
19 22 20 22
20 29 23 29
20 33 30 33
21 14 21 13
21 14 21 15
21 14 19 14
21 14 23 14
21 19 21 17
21 19 21 21
21 19 19 19
21 19 23 19
23 28 23 27
23 28 23 29
23 28 26 28
23 29 23 28
23 29 26 29
23 29 23 28
23 29 26 29
24 3 24 2
24 3 22 3
24 3 25 3
25 19 25 17
25 19 25 20
25 19 23 19
25 19 26 19
25 22 25 21
25 22 24 22
25 22 25 21
25 22 24 22
26 23 26 19
26 23 26 24
26 23 20 23
26 23 27 23
29 0 29 1
29 0 28 0
29 0 31 0
30 32 30 31
30 32 30 33
30 32 31 32
30 32 30 31
31 14 31 11
31 14 31 15
31 14 30 14
31 14 32 14
32 10 32 6
32 10 32 11
32 10 31 10
33 19 33 5
33 19 33 26
33 19 32 19
0 7 0 5
0 12 0 13
0 13 0 12
0 13 0 14
0 13 0 12
0 14 0 21
1 0 0 0
1 0 9 0
1 22 1 30
1 22 17 22
1 30 1 31
1 30 0 30
1 30 16 30
2 1 3 1
2 24 2 25
2 24 5 24
3 1 3 3
3 1 4 1
3 23 4 23
4 23 16 23
7 29 5 29
8 28 5 28
11 33 11 32
11 33 9 33
11 33 9 33
15 14 7 14
16 23 16 24
16 23 17 23
17 23 17 22
17 23 17 24
17 23 17 22
17 23 17 24
17 27 17 26
18 26 18 16
18 26 17 26
18 26 28 26
20 18 20 17
20 33 30 33
21 21 21 19
21 21 22 21
21 21 22 21
22 20 23 20
24 22 24 21
24 22 23 22
25 21 25 20
25 21 24 21
27 13 27 11
27 13 27 14
27 13 25 13
28 26 28 10
28 26 28 30
28 26 29 26
28 26 28 10
28 26 28 30
28 30 16 30
28 30 30 30
29 29 29 28
30 14 30 6
30 14 30 19
30 14 31 14
30 14 30 6
30 14 30 19
30 30 30 19
30 30 30 31
30 30 31 30
30 30 30 19
30 30 30 31
31 17 31 16
31 17 31 18
31 17 32 17
31 30 31 28
31 30 31 32
31 30 31 28
31 33 32 33
32 31 32 19
32 31 32 32
32 31 33 31
0 0 0 3
0 0 0 3
0 4 0 5
0 5 0 4
0 14 0 21
0 21 0 30
1 30 1 31
1 30 16 30
10 32 9 32
15 14 7 14
16 30 16 24
17 22 17 18
17 26 17 25
17 26 17 27
20 17 19 17
20 17 21 17
20 17 19 17
22 20 23 20
23 20 23 19
23 20 23 21
23 20 24 20
23 20 23 19
23 27 23 28
24 20 24 21
24 20 25 20
25 19 25 17
25 19 23 19
25 19 26 19
26 28 26 29
27 19 27 15
27 19 27 20
27 19 26 19
29 7 29 4
29 7 29 26
29 7 29 4
29 7 29 26
29 26 29 27
29 27 29 28
30 19 31 19
30 31 6 31
31 27 31 19
7 14 7 15
7 14 5 14
10 32 9 32
17 24 17 25
17 24 16 24
19 17 19 19
19 19 19 20
19 19 21 19
23 21 23 22
23 21 23 22
31 19 31 18
31 19 32 19
5 24 5 27
9 32 9 33
9 32 8 32
10 25 10 27
10 27 5 27
20 22 20 20
20 22 20 23
20 22 19 22
20 22 20 20
20 22 20 23
20 23 20 24
20 23 19 23
20 23 26 23
2 25 2 26
2 26 2 27
2 26 3 26
2 26 2 27
2 27 2 28
3 26 3 28
3 28 3 29
3 28 2 28
3 28 5 28
3 28 3 29
5 24 5 27
5 27 5 28
5 27 10 27
5 27 5 28
5 28 5 29
19 20 19 22
19 23 19 24
19 25 20 25
20 24 20 25
20 24 21 24
20 25 20 24
20 25 21 25
20 24 21 24

4638

3 = = 2 2 3 - 2 - - 5 - 4 4 4 = = = = = = 3 - - - - - - - - 2 1 3 2 
4 = = = = = = = = = 8 = = = = = = = = = = = 6 = = = = = = = 7 4   2 
| 3 = 6 5 4 2 3 4 3 | 2         3 4 4 4 2 2 ǁ 1 5 3 4 4 5 2 ǁ 3   | 
| 4 - 5 3         3 | 3 2 2 2 2 |       2 5 ǁ 2 ǁ   2 - 6 2 ǁ     | 
| 5 2   1       1   | 3   2     | 3       | ǁ 3 ǁ       |   ǁ 3   | 
| 2             1   | | 4   5 3 | 1       3 ǁ | 5 = = 6 5 2 ǁ     | 
| 4   5   4   3   1 | |     |   | 2   2     ǁ | |     ǁ | | ǁ 3 4 5 
|   1     1   3 4 1 | |     4 1 |         2 ǁ | |     ǁ | 1 ǁ | 1 | 
| 4 3   3 2     3   | |     ǁ   | 3         ǁ | |     ǁ 1   ǁ | 2 3 
1   2   4 4   4 4 3 | | 3   ǁ   |         2 ǁ | |     ǁ     ǁ | 4 3 
1 3 4   3 4 2       | |     ǁ   |           ǁ | | 1 - 3     ǁ | 3 ǁ 
  3 4   1           | |     ǁ   |           ǁ | |           ǁ | 5 4 
3     5   6 4       | |     ǁ   |           ǁ | |           ǁ | ǁ 2 
  2 2 | 1   2     2 | |     ǁ   |     3 6 3 ǁ | |           ǁ | ǁ ǁ 
      |     1   3   | |     ǁ   |     1   2 ǁ | |           ǁ | ǁ ǁ 
      5 5 6 3       | |     2   | 4 5   5 3 ǁ | |           ǁ | 6 5 
      3 1 4 6       | |         | 2   1 3 1 ǁ 4 7 = = = = = 5 | ǁ 1 
      4 3 3 6 - 3   | |         | 2 3 - - - 5 5 5 2 4 4 6 3 | | ǁ 1 
  2   2 6 4 3       | 5 6 - - - 7 = = = = = = = = = 6 = 6 4 | | ǁ | 
  2       2         | 2   2 4 1 | 3 - 4 3 = 5 4 1 1 |   | ǁ | | ǁ | 
  1       1         |       |   | 4 1 ǁ 2 = 6 6 5 4 |   | 3 | | ǁ 3 
  3 6   5 2 3       | 3   3 7 4 | 3 - 7 = 4   ǁ 3 3 |   | | | | ǁ ǁ 
      2   1         | 3   2 | 1 |     | 2 2   ǁ 2 2 |   | | | | ǁ ǁ 
    2 |             | 3 5 2 2   6     6 6 3 3 ǁ 3 4 | 2 7 6 | | ǁ ǁ 
  4 5 5             | 3 4 2   3 5 2   ǁ 3 3 4 ǁ   3 |   | ǁ | | ǁ ǁ 
  2 4 3         3   | 4   4 1   3 4 = 7 3 4 4 ǁ     |   | ǁ | | ǁ ǁ 
2       6 5 4     4 4 5 1 |       2 3 7 - - - 7 5 3 |   3 3 | | ǁ ǁ 
2 3 3 2   2 3     4 4 5 - 5 2 3 - - - 5 3 1   3 2 1 |       | | ǁ ǁ 
3   3 3   1 2   3   3 = = = = = = = = = = = = = = = 6 = = = 4 | ǁ ǁ 
5 4     5 = = 4 = = = = = = = = = = = = = = = = = = 4 2 2 1 | | ǁ ǁ 
| 1 2 2   1 5 = = = = = = = 6 = = = = 5 = = = = = = = = = = 6 5 6 3 
4   4 3   4 6 2 3 3 2 3 - - 7 4 2 5 2 4 - - - - - - - 1 2 = 4 - 2 1 
3 4     5 3 3 - - - 5 4 2 2 2 3 1 4   4 - - - - - - - - - - - 5 5 2 
2 4 2 2 3 2 - - - - - - - - - - - - - 5 - - - - - - 3 2 2     2 2 1 
