34 34
3 2 1 1 0 3 0 3 3 0 4 4 0 3 4 0 0 0 0 0 0 0 0 0 0 4 3 0 0 4 0 5 5 2 
2 0 4 0 0 5 3 3 2 0 0 4 1 0 4 4 0 0 0 0 0 0 0 4 0 3 0 0 0 0 0 4 5 3 
4 4 0 1 1 2 0 2 1 0 0 0 0 0 2 4 0 0 0 5 2 1 1 0 3 3 0 0 3 2 2 0 0 3 
0 0 0 3 6 0 7 0 0 0 4 0 0 0 4 4 1 1 0 4 0 4 2 0 2 0 1 0 5 5 4 0 0 0 
0 0 0 0 0 0 0 1 2 0 0 0 0 0 4 6 0 0 0 0 0 0 0 5 1 0 3 2 0 2 4 4 0 3 
0 0 0 0 0 0 0 0 0 0 0 0 0 0 0 0 4 4 4 4 0 3 0 0 1 0 0 1 0 0 0 0 0 0 
0 0 0 0 0 1 0 0 0 0 0 0 0 0 0 0 2 0 1 0 2 6 0 0 0 0 5 0 7 0 0 0 7 4 
0 0 0 0 0 0 0 3 6 2 0 0 1 0 0 0 2 4 0 4 0 4 0 0 0 0 2 1 0 1 2 2 0 2 
0 0 0 0 0 0 0 0 0 0 0 0 0 0 0 0 2 0 2 3 0 0 0 0 3 0 2 0 5 3 4 3 0 0 
0 0 0 0 0 0 0 4 3 0 0 0 3 0 0 0 3 0 0 3 0 1 0 0 0 0 1 1 0 0 3 1 0 0 
0 0 0 0 0 0 0 0 0 0 0 0 0 0 0 0 4 0 0 0 0 0 0 0 6 6 0 0 5 0 0 0 7 3 
0 0 0 0 0 0 0 0 0 0 0 0 0 0 0 0 5 5 0 8 0 3 0 0 0 0 3 2 0 3 1 1 0 2 
0 0 0 0 0 0 0 0 0 0 0 0 0 0 0 0 0 0 0 0 0 0 0 0 0 0 0 0 0 0 1 0 0 4 
0 0 0 3 0 0 0 0 0 0 0 0 0 0 0 2 3 0 0 0 0 0 0 0 0 0 5 0 6 7 5 4 0 0 
0 0 0 3 0 3 0 3 0 0 7 6 4 0 0 1 0 0 0 0 0 0 0 0 0 0 0 0 0 0 0 3 0 0 
0 3 0 4 4 0 0 0 3 2 0 0 0 0 0 0 0 0 0 0 0 0 0 0 0 0 0 0 0 0 4 4 0 0 
0 1 0 0 3 0 0 0 4 0 0 0 0 0 0 4 3 0 1 4 0 0 0 0 4 0 0 0 0 0 0 2 0 0 
0 0 0 0 0 0 0 0 5 3 0 0 0 0 0 2 1 0 0 1 0 0 0 0 4 0 0 0 0 0 0 0 0 0 
4 0 6 6 6 5 0 0 0 0 0 0 0 0 0 3 4 0 0 0 0 0 0 0 0 0 0 0 0 0 3 0 0 0 
2 2 0 0 2 0 0 1 0 0 0 2 0 0 0 0 3 0 0 0 0 0 0 0 3 0 0 2 0 0 3 0 0 0 
4 5 0 4 4 5 0 1 0 0 0 1 0 0 0 3 2 0 0 0 0 0 0 0 1 0 0 0 0 5 5 0 0 0 
0 3 0 3 0 1 0 0 0 0 0 3 2 0 0 0 0 0 0 0 0 0 0 0 2 3 5 5 0 1 3 0 0 0 
0 0 0 4 5 5 6 6 5 0 0 5 3 0 3 6 2 0 0 0 0 0 0 0 3 3 2 4 5 0 5 0 0 0 
0 2 0 2 0 3 0 3 5 3 0 2 1 0 3 3 1 0 0 0 0 0 0 0 4 6 2 2 4 2 3 0 0 4 
0 0 0 2 0 4 5 0 2 0 0 3 1 0 4 0 0 7 0 0 0 0 0 6 0 0 0 0 0 0 5 0 0 0 
0 0 0 1 0 1 2 0 1 0 0 2 1 0 2 4 0 5 1 2 3 5 2 0 3 0 5 0 4 2 0 0 0 0 
0 3 0 4 7 0 0 0 0 0 7 0 0 6 0 0 0 0 4 4 0 2 0 0 3 0 5 4 0 0 0 0 0 0 
0 2 0 3 5 0 0 0 2 0 0 0 0 3 0 0 0 0 5 0 5 3 2 0 1 0 1 2 0 0 0 0 0 0 
4 0 6 0 0 0 0 0 0 0 6 0 0 0 0 0 0 0 0 0 0 0 0 5 0 0 0 0 5 4 0 0 0 3 
3 3 7 0 2 3 1 0 2 4 6 0 0 0 0 0 0 0 3 1 0 5 3 0 2 0 4 0 6 2 6 6 0 0 
1 0 4 0 0 4 2 1 0 4 5 0 0 0 0 1 1 0 5 0 0 4 1 0 3 3 4 3 4 2 5 4 0 0 
2 3 5 0 0 0 0 0 6 0 0 0 5 0 0 0 0 0 0 0 0 0 0 7 0 0 0 0 0 0 0 0 7 4 
2 2 6 0 0 0 0 0 3 0 2 2 3 0 1 2 0 0 0 5 2 1 0 7 2 2 3 1 5 0 4 0 5 2 
2 0 5 0 0 0 0 0 0 0 0 0 0 0 0 0 0 0 0 5 3 3 3 4 0 0 3 2 4 0 3 1 3 1 
400 381
0 31 0 29
0 31 0 32
0 31 1 31
2 19 2 15
2 19 2 20
2 19 3 19
3 6 3 4
3 6 3 10
3 6 1 6
3 6 22 6
6 5 14 5
6 28 6 26
6 28 6 32
6 28 3 28
6 28 8 28
10 32 10 28
10 32 10 33
10 32 6 32
10 32 31 32
11 16 11 17
11 16 10 16
11 16 13 16
11 19 11 17
11 19 11 21
11 19 9 19
11 19 16 19
11 19 11 17
11 19 11 21
11 19 9 19
11 19 16 19
12 33 11 33
12 33 23 33
12 33 11 33
12 33 23 33
13 26 13 28
13 26 11 26
13 26 21 26
13 29 13 28
13 29 13 30
13 29 11 29
13 29 20 29
14 10 14 7
14 10 14 11
14 10 3 10
14 10 26 10
16 8 15 8
16 8 17 8
16 8 15 8
16 8 17 8
18 5 18 4
18 5 14 5
18 5 20 5
19 27 21 27
20 30 20 29
20 30 19 30
20 30 21 30
22 8 22 7
22 8 17 8
22 8 23 8
22 11 22 12
22 11 21 11
22 11 23 11
22 30 22 28
22 30 21 30
22 30 23 30
23 33 28 33
24 17 24 14
24 17 24 23
24 17 11 17
24 17 25 17
24 30 24 23
24 30 23 30
24 30 29 30
25 17 25 15
25 17 25 18
25 17 24 17
25 21 25 20
25 21 25 22
25 21 26 21
25 26 25 24
25 26 25 28
25 26 26 26
26 4 26 3
26 4 26 10
26 4 22 4
26 4 27 4
26 27 26 26
26 27 27 27
26 27 26 26
26 27 27 27
29 2 29 1
29 2 29 4
29 2 28 2
29 2 30 2
29 31 29 30
29 31 16 31
29 31 30 31
29 31 29 30
29 31 16 31
29 31 30 31
30 18 30 16
30 18 30 21
30 18 29 18
30 31 30 30
30 31 33 31
31 32 31 33
31 32 10 32
31 32 32 32
31 32 31 33
31 32 32 32
32 19 32 15
32 19 32 20
32 19 33 19
32 23 32 21
32 23 32 24
32 23 31 23
32 23 33 23
33 2 33 0
33 2 33 19
33 2 32 2
33 32 33 33
33 32 32 32
33 32 32 32
7 9 7 8
10 16 9 16
10 16 11 16
10 16 9 16
10 24 10 25
10 24 8 24
10 24 16 24
10 24 10 25
10 24 8 24
10 24 16 24
10 25 10 28
10 25 2 25
10 25 21 25
10 25 10 28
11 21 9 21
15 8 15 9
15 9 17 9
15 31 15 30
15 31 14 31
15 31 15 30
15 31 14 31
16 18 16 19
16 19 16 24
16 24 17 24
17 19 17 24
17 24 19 24
17 24 19 24
19 24 20 24
19 27 21 27
23 24 23 25
23 24 22 24
23 24 23 25
23 24 22 24
23 25 23 26
23 25 22 25
23 25 23 26
23 25 22 25
23 33 28 33
24 23 24 17
24 23 24 30
24 23 28 23
24 23 28 23
25 17 25 15
27 20 27 18
27 20 27 21
27 20 25 20
28 33 31 33
29 30 29 29
29 30 24 30
29 30 30 30
30 18 30 21
30 18 29 18
30 21 30 22
30 21 29 21
31 23 31 12
31 23 28 23
31 23 32 23
31 23 31 12
31 23 28 23
31 23 32 23
31 33 31 32
32 32 32 33
4 23 4 15
4 23 4 24
4 23 1 23
5 16 5 17
5 16 6 16
5 16 5 17
5 16 6 16
5 17 5 18
5 17 7 17
5 18 5 19
5 18 6 18
5 18 5 19
5 19 5 21
5 19 7 19
5 27 4 27
6 20 6 21
6 21 6 20
6 21 5 21
6 21 7 21
6 21 5 21
6 21 7 21
7 9 7 8
7 21 7 19
14 31 13 31
15 30 13 30
15 30 18 30
18 30 19 30
25 15 25 14
25 15 30 15
26 13 26 10
26 13 0 13
26 13 27 13
26 13 26 10
26 13 0 13
26 13 27 13
26 18 26 19
26 18 27 18
26 18 26 19
26 18 27 18
26 19 25 19
27 13 27 8
28 23 28 28
29 10 29 9
29 10 28 10
29 10 30 10
29 10 29 9
29 10 28 10
29 10 30 10
3 24 2 24
4 27 4 26
5 24 8 24
7 8 7 7
7 8 4 8
7 8 9 8
7 8 7 7
7 21 7 19
9 8 9 7
13 31 13 30
13 31 11 31
13 31 13 30
18 30 19 30
20 30 20 29
20 30 21 30
22 30 22 28
22 30 23 30
23 29 23 28
25 14 24 14
26 19 25 19
28 10 28 2
29 9 29 8
29 9 30 9
30 9 30 7
30 9 30 10
30 9 30 10
30 10 32 10
31 12 32 12
3 24 2 24
4 8 4 7
7 7 9 7
7 19 7 17
9 7 9 8
9 7 14 7
23 29 23 28
24 14 24 17
24 14 23 14
27 8 27 4
28 10 28 2
29 8 29 6
30 6 30 5
30 6 30 5
31 12 32 12
32 11 32 10
32 11 32 12
32 14 32 15
2 24 2 25
7 17 7 16
7 17 11 17
8 16 7 16
8 16 9 16
8 18 8 19
8 19 8 18
8 19 9 19
11 16 13 16
23 28 23 27
23 28 22 28
28 2 28 0
28 2 18 2
28 2 29 2
30 5 30 2
30 5 29 5
18 2 18 0
18 2 18 3
18 2 1 2
18 2 18 0
18 2 18 3
18 3 18 4
18 3 15 3
18 3 20 3
18 3 18 4
18 4 18 5
18 4 16 4
18 4 19 4
19 4 20 4
20 1 20 0
20 1 19 1
20 1 21 1
20 3 20 4
20 3 21 3
20 3 20 4
20 4 20 5
20 5 18 5
20 5 21 5
21 3 22 3
22 5 22 4
22 5 22 6
22 5 23 5
23 27 22 27
27 1 26 1
28 0 20 0
28 0 29 0
28 0 20 0
29 5 29 4
14 5 14 3
15 3 15 4
15 3 14 3
15 3 15 4
15 4 16 4
16 1 15 1
16 4 15 4
18 0 2 0
18 0 19 0
20 0 20 1
21 3 22 3
22 3 22 4
22 3 23 3
22 4 22 5
22 4 26 4
23 3 24 3
24 3 25 3
26 3 26 4
26 3 27 3
26 3 26 4
26 10 14 10
27 1 26 1
27 3 27 4
27 4 27 3
29 2 29 1
29 2 30 2
30 2 30 0
31 2 31 1
31 2 31 8
31 2 32 2
2 0 2 1
2 0 1 0
2 0 2 1
2 1 0 1
2 1 15 1
3 4 3 3
3 4 3 6
3 4 2 4
3 4 3 3
3 4 3 3
13 3 14 3
19 0 19 1
20 1 21 1
21 1 23 1
23 1 26 1
29 0 29 1
1 0 0 0
1 2 1 5
1 2 0 2
1 2 1 5
2 5 1 5
0 0 0 1
0 3 0 5
2 5 1 5

5885

3 2 1 1 - 3   3 3   4 4   3 4                     4 3     4 - 5 5 2 
2 | 4 = = 5 3 3 2     4 1 ǁ 4 4               4   3           4 5 3 
4 4 | 1 1 2 | 2 1         ǁ 2 4 - - - 5 2 1 1 | 3 3     3 2 2     3 
| | | 3 6 = 7 - - - 4     ǁ 4 4 1 1   4   4 2 | 2 | 1   5 5 4       
| | |       | 1 2   |     ǁ 4 6 - - - - - - - 5 1 | 3 2 | 2 4 4   3 
| | |       |   |   |     ǁ     4 4 4 4 - 3     1 |   1 |           
| | |     1 |   |   |     ǁ     2 | 1 | 2 6     | | 5 - 7 - - - 7 4 
| | |     | | 3 6 2 |   1 ǁ     2 4 - 4 = 4     | | 2 1 | 1 2 2 | 2 
| | |     | | | |   |     ǁ     2 | 2 3         3 | 2   5 3 4 3 |   
| | |     | | 4 3   |   3 ǁ     3 |   3   1     ǁ | 1 1     3 1 |   
| | |     | | |     |     ǁ     4 |   ǁ   |     6 6 = = 5 - - - 7 3 
| | |     | | |     |     ǁ     5 5 = 8 = 3     ǁ | 3 2   3 1 1 ǁ 2 
| | |     | | |     |     ǁ     ǁ |   ǁ         ǁ | |     | 1 | ǁ 4 
| | | 3   | | |     |     ǁ   2 3 |   ǁ         ǁ | 5 - 6 7 5 4 ǁ ǁ 
| | | 3 - 3 | 3 - - 7 6 4 ǁ   1   |   ǁ         ǁ | |     | | 3 ǁ ǁ 
| 3 | 4 4 | |   3 2 ǁ     ǁ       |   ǁ         ǁ | |     | 4 4 ǁ ǁ 
| 1 | | 3 | |   4 | ǁ     ǁ   4 3 | 1 4 - - - - 4 | |     | | 2 ǁ ǁ 
|   | | | | |   5 3 ǁ     ǁ   2 1 |   1 - - - - 4 | |     | | ǁ ǁ ǁ 
4 = 6 6 6 5 |   |   ǁ     ǁ   3 4 |             ǁ | |     | 3 ǁ ǁ ǁ 
2 2 | | 2 ǁ | 1 |   ǁ 2   ǁ     3 |             3 | | 2   | 3 ǁ ǁ ǁ 
4 5 | 4 4 5 | 1 |   ǁ 1   ǁ   3 2 |             1 | | ǁ   5 5 ǁ ǁ ǁ 
ǁ 3 | 3   1 |   |   ǁ 3 2 ǁ       |             2 3 5 5   1 3 ǁ ǁ ǁ 
ǁ | | 4 5 5 6 6 5   ǁ 5 3 ǁ 3 6 2 |             3 3 2 4 5 = 5 ǁ ǁ ǁ 
ǁ 2 | 2 ǁ 3   3 5 3 ǁ 2 1 ǁ 3 3 1 |             4 6 2 2 4 2 3 ǁ ǁ 4 
ǁ | | 2 ǁ 4 5   2   ǁ 3 1 ǁ 4 = = 7 = = = = = 6 = = = = = = 5 ǁ ǁ ǁ 
ǁ | | 1 ǁ 1 2   1   ǁ 2 1 ǁ 2 4 = 5 1 2 3 5 2 ǁ 3 - 5 - 4 2 ǁ ǁ ǁ ǁ 
ǁ 3 | 4 7 - - - - - 7 = = 6   |     4 4 | 2   ǁ 3   5 4     ǁ ǁ ǁ ǁ 
ǁ 2 | 3 5 - - - 2 - - - - 3   |     5 - 5 3 2 ǁ 1   1 2     ǁ ǁ ǁ ǁ 
4 - 6 = = = = = = = 6         |               5 - - - - 5 4 ǁ ǁ ǁ 3 
3 3 7 - 2 3 1 - 2 4 6         |     3 1   5 3 ǁ 2   4   6 2 6 6 ǁ | 
1 - 4 - - 4 2 1 - 4 5         1 1 - 5 = = 4 1 ǁ 3 3 4 3 4 2 5 4 ǁ | 
2 3 5 - - - - - 6   |   5 = = = = = = = = = = 7               | 7 4 
2 2 6           3   2 2 3   1 2 - - - 5 2 1 - 7 2 2 3 1 5   4 | 5 2 
2 - 5 - - - - - - - - - - - - - - - - 5 3 3 3 4     3 2 4   3 1 3 1 
