34 34
2 4 0 0 4 0 0 0 0 0 0 0 0 0 0 0 0 0 0 0 0 0 4 3 0 0 0 2 4 5 4 5 4 2 
3 5 2 0 0 0 0 0 0 0 0 0 1 0 0 0 0 0 3 1 1 1 0 0 4 0 0 6 7 6 0 2 0 0 
3 0 0 0 6 0 0 0 0 0 0 0 0 0 0 0 0 0 7 4 5 2 0 0 2 1 1 0 1 0 5 0 6 5 
3 2 2 0 7 0 5 0 3 0 3 1 0 0 0 0 2 2 4 3 4 3 0 4 0 6 3 0 2 5 0 1 2 4 
0 2 1 0 3 1 3 0 0 0 5 0 0 0 1 2 5 0 0 4 1 2 0 3 2 2 1 0 1 0 0 0 2 4 
4 0 0 0 0 0 0 0 0 0 0 0 0 0 0 0 0 0 0 0 0 0 6 0 0 0 0 5 0 6 6 2 3 5 
5 4 2 5 0 4 3 0 4 0 4 0 0 0 0 0 0 5 0 4 3 2 0 1 1 0 0 0 0 0 6 4 0 2 
0 4 0 4 1 0 3 2 0 1 0 0 0 0 2 0 4 0 0 0 0 0 0 0 0 3 0 6 3 0 0 3 0 0 
0 2 0 4 2 0 0 0 0 0 0 3 0 0 0 0 5 0 0 0 0 0 0 0 0 4 1 0 3 0 0 1 0 1 
4 0 0 0 0 6 4 5 6 4 0 4 0 1 0 0 0 0 0 0 5 5 0 0 0 1 0 0 0 0 0 0 0 0 
0 3 0 4 1 0 2 1 0 2 0 4 0 0 0 0 0 0 0 0 0 1 0 5 5 0 0 5 5 0 0 0 0 0 
0 0 0 0 0 0 5 0 4 3 0 0 0 0 0 0 0 0 0 0 0 2 0 2 3 4 0 4 0 0 0 0 0 0 
0 0 0 1 0 0 5 1 0 2 0 4 0 0 0 0 3 0 0 0 0 3 0 2 3 4 3 4 3 0 4 1 0 0 
0 0 0 0 0 0 6 3 0 0 0 0 0 0 0 0 0 0 0 0 0 0 0 2 0 2 1 2 0 0 1 0 0 0 
0 5 5 0 0 7 5 0 2 0 0 0 0 0 0 0 0 4 0 0 7 3 0 3 5 0 0 0 0 4 0 0 4 2 
0 0 0 0 0 0 1 3 4 2 0 3 0 0 0 0 0 0 0 1 0 0 0 0 0 1 1 3 2 0 1 3 0 2 
0 3 0 2 0 6 0 0 3 4 0 4 0 1 0 0 0 0 0 0 0 0 0 0 0 0 0 0 0 0 2 5 0 3 
0 2 0 1 2 6 0 0 4 0 0 0 0 0 0 0 0 0 0 0 0 0 0 1 0 4 0 6 6 0 0 0 0 0 
0 2 6 0 4 0 2 2 3 2 0 1 0 0 0 0 0 0 0 0 2 0 0 2 0 4 2 0 0 0 1 0 0 0 
0 1 5 3 2 0 0 2 0 0 0 0 0 0 0 0 0 0 0 0 1 0 0 5 5 0 0 5 6 0 0 0 3 3 
4 0 0 0 0 0 0 0 0 0 3 0 0 0 0 0 3 0 0 0 0 0 0 0 0 2 0 4 3 0 0 0 4 4 
0 4 0 4 3 2 4 0 4 0 0 0 3 1 2 0 0 0 0 0 0 0 0 0 0 4 0 6 4 0 0 0 5 6 
0 5 0 6 0 0 8 0 0 0 0 5 0 0 5 2 0 0 0 0 0 0 0 4 0 2 0 0 0 0 2 6 6 5 
0 0 1 0 2 0 0 0 1 0 0 2 0 0 0 0 0 0 0 0 0 0 0 2 0 0 0 0 0 0 3 0 0 0 
0 0 0 0 0 0 0 0 0 0 0 0 0 0 0 0 1 0 0 0 0 0 0 3 6 0 0 3 2 0 3 0 5 3 
2 3 2 0 4 0 7 0 3 0 0 0 0 0 0 0 0 5 0 5 2 1 0 1 0 3 0 0 0 5 3 0 0 2 
4 3 0 0 2 1 3 2 0 0 0 0 0 0 0 0 0 6 4 4 0 0 0 4 5 5 0 0 2 3 2 0 2 2 
0 0 0 0 2 0 3 1 0 0 0 0 0 0 0 0 0 2 0 2 0 0 0 4 4 4 0 0 0 2 0 0 2 0 
3 5 0 6 0 0 0 0 0 0 0 0 0 0 0 0 0 0 0 0 0 0 4 0 0 0 0 0 0 0 0 6 7 3 
0 0 0 0 0 0 1 4 0 5 0 0 3 0 0 0 0 0 0 0 0 0 4 3 3 2 0 0 0 0 0 0 4 4 
0 0 3 5 0 0 2 0 3 6 2 3 3 0 0 0 0 0 0 0 4 1 0 0 3 0 0 0 0 0 0 0 0 0 
1 2 0 0 0 0 0 0 2 0 0 3 0 2 0 0 0 0 0 0 3 0 0 0 0 0 0 0 0 0 0 0 0 0 
1 0 5 3 1 0 0 6 0 0 3 0 0 2 0 0 0 0 0 0 0 0 5 5 8 6 0 0 0 0 0 6 7 5 
2 0 4 0 0 0 0 4 0 0 3 0 0 0 0 0 0 0 0 0 0 0 3 4 4 4 4 2 0 0 0 2 2 1 
400 390
0 29 0 28
0 29 0 30
0 29 1 29
0 31 0 30
0 31 0 32
0 31 1 31
1 28 1 27
1 28 1 29
1 28 0 28
1 28 2 28
2 18 2 4
2 18 2 19
2 18 1 18
2 18 3 18
2 30 2 32
2 30 0 30
2 30 5 30
2 33 2 32
2 33 0 33
2 33 3 33
3 4 3 2
3 4 3 6
3 4 2 4
3 4 4 4
3 29 3 28
3 29 1 29
3 29 5 29
5 33 5 32
5 33 4 33
5 33 6 33
6 0 6 1
6 0 5 0
6 0 9 0
6 3 6 2
6 3 6 5
6 3 7 3
10 28 10 27
10 28 8 28
10 28 12 28
11 6 11 8
11 6 10 6
11 6 12 6
13 6 13 7
13 6 12 6
13 6 14 6
13 6 13 7
13 6 12 6
13 6 14 6
14 1 14 2
14 1 10 1
14 1 16 1
14 5 14 2
14 5 14 6
14 5 9 5
14 5 16 5
14 20 14 17
14 20 14 21
14 20 9 20
14 20 18 20
17 28 17 27
17 28 15 28
17 28 19 28
17 28 17 27
17 28 15 28
17 28 19 28
19 28 19 27
19 28 19 32
19 28 20 28
19 28 19 27
21 33 21 32
21 33 20 33
21 33 22 33
21 33 21 32
21 33 20 33
21 33 22 33
22 1 22 3
22 1 21 1
22 1 25 1
22 6 22 3
22 6 22 11
22 6 21 6
22 6 25 6
22 6 22 3
22 6 22 11
22 6 21 6
22 6 25 6
22 14 22 11
22 14 22 15
22 14 21 14
22 31 22 30
22 31 22 32
22 31 28 31
22 31 22 30
22 31 22 32
22 31 28 31
22 32 22 33
22 32 21 32
22 32 24 32
22 32 22 33
22 33 24 33
24 32 24 33
24 32 26 32
24 32 24 33
24 32 26 32
25 6 25 4
25 6 25 8
25 6 26 6
25 29 25 25
25 29 25 30
25 29 26 29
25 33 26 33
26 18 26 17
26 18 26 19
26 18 26 17
26 18 26 19
27 32 28 32
28 31 28 22
28 31 28 32
28 31 32 31
28 31 28 22
28 32 28 33
28 32 27 32
28 32 29 32
29 9 29 7
29 9 29 12
29 9 30 9
30 9 30 8
30 9 30 10
30 9 29 9
30 9 30 8
30 9 30 10
32 24 32 23
32 24 32 25
32 24 30 24
32 24 33 24
32 24 32 23
32 24 32 25
32 24 30 24
32 24 33 24
32 25 32 31
32 25 29 25
32 25 33 25
32 25 32 31
32 32 32 31
32 32 32 33
32 32 29 32
32 32 33 32
32 33 32 32
32 33 29 33
32 33 33 33
33 24 33 23
33 24 33 25
33 25 33 26
33 25 33 26
33 26 33 27
1 28 1 27
1 28 1 29
1 28 0 28
1 31 0 31
12 3 10 3
16 31 16 30
16 31 16 33
16 31 15 31
17 27 17 25
17 27 15 27
17 27 19 27
17 27 17 25
18 26 18 25
18 30 16 30
19 2 19 1
19 2 19 3
19 2 18 2
20 33 20 32
20 33 19 33
21 1 21 3
21 1 22 1
21 1 21 3
22 3 22 1
22 3 21 3
22 3 28 3
23 2 25 2
23 4 25 4
25 33 26 33
26 17 26 7
26 17 25 17
26 17 27 17
26 17 26 7
28 3 28 1
28 3 28 22
28 3 30 3
28 3 28 1
28 3 28 22
28 32 28 33
28 32 29 32
28 33 29 33
29 25 29 24
29 32 29 33
29 33 32 33
32 32 32 31
32 32 33 32
33 23 33 22
33 23 32 23
33 23 33 22
33 26 33 27
33 31 32 31
0 28 0 27
0 29 0 30
0 29 1 29
0 31 0 32
0 32 0 33
0 32 2 32
1 27 1 24
1 27 0 27
1 27 5 27
1 27 1 24
1 29 3 29
2 30 2 32
2 30 5 30
2 33 2 32
2 33 3 33
3 33 3 32
3 33 4 33
4 33 4 32
4 33 5 33
5 22 5 0
5 22 5 27
5 22 0 22
5 22 5 0
5 22 5 27
5 22 0 22
5 30 5 29
5 30 5 31
5 30 6 30
5 30 5 29
6 17 6 10
6 17 6 19
6 17 14 17
6 19 6 17
6 19 6 20
6 19 6 20
6 30 6 24
6 30 6 31
6 30 12 30
7 16 7 14
7 16 8 16
7 16 7 14
7 16 8 16
7 27 7 25
7 27 7 28
7 27 10 27
7 27 7 25
7 27 7 28
7 27 10 27
7 28 8 28
8 28 10 28
10 24 10 23
10 24 10 27
10 24 11 24
14 29 14 24
14 29 14 32
14 29 14 24
14 29 14 32
14 32 14 33
14 32 5 32
15 27 15 26
15 30 15 31
18 26 18 25
21 3 21 4
23 4 25 4
25 2 25 1
25 4 25 6
0 22 0 4
0 22 0 23
0 23 3 23
0 23 3 23
1 24 2 24
2 32 3 32
3 23 3 25
3 23 4 23
3 25 3 26
3 25 2 25
3 25 4 25
3 31 5 31
4 10 4 6
4 10 4 14
4 10 3 10
4 15 4 16
4 23 4 24
4 28 3 28
4 32 5 32
5 0 3 0
5 27 5 29
5 29 5 27
5 29 3 29
5 33 6 33
6 0 6 1
6 0 9 0
6 1 6 2
6 1 7 1
6 3 6 5
6 3 7 3
6 5 6 6
6 5 9 5
6 30 6 31
6 30 12 30
6 31 7 31
7 1 7 3
7 1 8 1
7 1 7 3
7 4 8 4
7 25 8 25
7 31 6 31
7 31 8 31
8 25 8 26
8 25 9 25
8 33 14 33
9 0 9 5
9 0 20 0
9 5 9 6
9 5 14 5
9 5 9 6
9 21 9 20
9 21 6 21
9 21 10 21
10 3 10 1
10 3 10 4
10 3 10 1
10 23 10 24
10 23 6 23
10 23 11 23
12 31 12 30
14 1 14 2
14 1 16 1
15 25 17 25
17 25 17 23
18 25 18 23
18 25 20 25
19 27 20 27
20 0 20 10
20 0 25 0
20 0 20 10
21 4 21 5
21 6 21 5
21 6 21 8
21 8 21 12
0 4 0 1
0 4 2 4
0 4 0 1
1 12 1 18
1 24 2 24
2 4 2 0
2 4 2 18
2 4 3 4
2 26 3 26
3 25 3 26
3 25 4 25
4 15 4 16
4 23 4 24
8 1 8 3
8 3 8 4
9 21 9 20
9 21 6 21
10 23 10 24
12 30 12 28
13 30 13 27
17 5 17 4
17 5 17 8
17 5 16 5
17 5 17 4
17 5 17 8
17 5 16 5
17 8 16 8
17 8 18 8
19 27 20 27
21 8 21 12
21 12 21 13
0 1 0 0
0 1 1 1
1 1 1 0
1 1 1 2
1 1 1 0
1 1 1 2
6 20 9 20
9 20 14 20
16 5 16 3
16 5 16 8
16 5 14 5
0 0 1 0
2 0 3 0
2 0 3 0

4321

2 4 = = 4 - - - - - - - - - - - - - - - - - 4 3       2 4 5 4 5 4 2 
3 5 2   |               1 - - - - - 3 1 1 1 ǁ ǁ 4 = = 6 7 6 | 2 | | 
3 - - - 6 = = = = = = = = = = = = = 7 4 5 2 ǁ ǁ 2 1 1 | 1 ǁ 5 = 6 5 
3 2 2 - 7 - 5   3   3 1         2 2 4 3 4 3 ǁ 4 - 6 3 | 2 5 ǁ 1 2 4 
| 2 1   3 1 3 - - - 5 - - - 1 2 5     4 1 2 ǁ 3 2 2 1 | 1 ǁ ǁ | 2 4 
4 = = = = = = = = = = = = = = = = = = = = = 6 = = = = 5 = 6 6 2 3 5 
5 4 2 5 = 4 3   4   4 - - - - - - 5 = 4 3 2   1 1 - - - - - 6 4 | 2 
ǁ 4 = 4 1 | 3 2   1         2 = 4 |     | ǁ   |   3 = 6 3   ǁ 3 |   
ǁ 2 - 4 2 |           3         5 |     | ǁ   |   4 1 ǁ 3   ǁ 1 | 1 
4 - - - - 6 4 5 6 4   4   1       |     5 5   |   1   ǁ ǁ   ǁ   | | 
| 3 = 4 1 ǁ 2 1   2   4           |     ǁ 1   5 5 - - 5 5   ǁ   | | 
| |   |   ǁ 5 - 4 3               |     ǁ 2   2 3 4   4 |   ǁ   | | 
| |   1   ǁ 5 1   2   4         3 |     ǁ 3   2 3 4 3 4 3 - 4 1 | | 
| |       ǁ 6 3                   |     ǁ     2   2 1 2 - - 1   | | 
| 5 5 - - 7 5   2                 4 - - 7 3   3 5 = = = = 4 = = 4 2 
| ǁ       ǁ 1 3 4 2   3               1 |         1 1 3 2   1 3   2 
| 3   2 - 6 - - 3 4   4   1             |         |   | ǁ   2 5 - 3 
| 2   1 2 6 = = 4                       |     1 - 4 = 6 6   |       
| 2 6   4   2 2 3 2   1                 2     2 - 4 2 | ǁ   1       
| 1 5 3 2     2                         1     5 5 |   5 6 - - - 3 3 
4 = = = = = = = = = 3           3                 2   4 3       4 4 
| 4 = 4 3 2 4 - 4 = = = 3 1 2                     4   6 4       5 6 
| 5 = 6 = = 8 = = = = 5 - - 5 2               4   2         2 6 6 5 
| | 1 | 2   ǁ   1     2                       2             3 ǁ | | 
| | | | ǁ   ǁ                   1             3 6     3 2   3 ǁ 5 3 
2 3 2 | 4 = 7 - 3                 5   5 2 1   1   3 - - - 5 3 ǁ ǁ 2 
4 3   | 2 1 3 2 = = = = = = = = = 6 4 4       4 5 5     2 3 2 ǁ 2 2 
      | 2   3 1                   2   2       4 4 4       2   ǁ 2   
3 5 = 6 = = = = = = = = = = = = = = = = = = 4 = = = = = = = = 6 7 3 
      |     1 4 - 5 - - 3                   4 3 3 2           | 4 4 
    3 5     2   3 6 2 3 3               4 1     3 |           | | ǁ 
1 2             2     3   2             3       ǁ |           | | ǁ 
1   5 3 1     6     3     2                 5 5 8 6 = = = = = 6 7 5 
2   4         4     3                       3 4 4 4 4 2       2 2 1 
