34 34
2 0 0 0 3 0 0 0 0 0 2 4 0 0 0 0 0 0 0 0 0 0 0 0 0 0 0 0 0 0 0 0 3 1 
0 1 3 1 2 0 0 0 1 0 0 3 0 0 0 0 0 0 0 0 0 0 0 0 0 2 0 2 0 0 2 1 0 0 
3 1 2 4 0 0 0 0 0 0 6 0 0 0 0 0 0 0 0 0 0 0 0 0 0 0 0 0 0 0 0 0 4 3 
2 1 0 0 1 0 0 1 1 1 0 1 1 1 3 0 0 0 0 0 0 0 0 0 0 0 0 0 0 2 3 2 0 0 
2 0 4 0 4 0 0 5 5 4 0 0 0 0 3 0 0 0 0 3 0 0 0 3 0 0 0 1 0 0 0 1 0 1 
1 1 0 0 3 1 0 0 1 0 0 0 2 0 3 0 0 0 0 0 0 0 0 0 0 0 0 0 0 4 4 4 0 1 
0 0 0 0 0 0 0 0 1 0 0 0 0 0 0 1 3 0 4 0 0 0 0 0 0 2 0 2 1 0 1 3 0 0 
0 3 0 0 0 0 0 0 0 0 0 5 5 3 0 1 4 2 0 0 0 1 0 0 0 0 0 0 0 5 2 1 0 2 
0 0 0 0 0 0 0 0 0 0 0 2 0 3 0 1 0 0 6 0 0 0 0 0 0 0 0 0 0 6 2 1 0 0 
0 0 0 0 0 0 0 0 0 2 0 0 0 2 0 1 0 0 2 1 0 2 0 0 0 0 0 0 0 5 3 1 0 0 
0 0 0 0 0 0 0 0 0 0 0 1 3 0 5 0 0 0 0 0 0 0 0 0 0 0 0 0 0 0 0 0 4 4 
3 4 0 0 0 0 0 0 0 0 0 0 2 1 0 1 0 0 2 0 0 0 2 0 3 1 2 0 3 1 3 1 0 0 
0 2 0 5 0 0 0 3 3 1 0 3 0 0 4 0 0 0 0 0 0 0 0 0 5 0 0 2 0 0 0 1 0 0 
0 1 0 3 0 0 0 2 1 0 0 2 1 1 3 0 0 0 0 0 2 3 3 1 3 0 0 0 4 2 0 0 0 0 
3 0 4 0 0 0 0 0 0 0 6 0 0 0 0 0 0 0 0 0 0 0 0 0 0 0 0 0 0 0 6 2 0 0 
0 1 0 1 0 0 0 3 1 0 0 1 2 0 0 0 1 0 2 3 0 3 0 3 1 0 0 0 3 1 0 0 0 0 
0 0 0 1 3 0 0 4 2 1 0 1 0 0 0 0 0 0 0 3 1 0 0 3 0 0 1 0 0 0 0 1 0 0 
2 2 0 1 2 0 0 0 3 0 0 3 5 0 0 0 0 0 6 0 0 4 0 0 0 0 0 0 4 0 0 0 0 0 
2 0 4 0 0 0 0 3 4 2 0 1 2 0 0 1 1 0 3 0 0 0 0 0 1 0 0 0 3 2 0 0 0 0 
1 1 0 3 4 0 3 0 0 0 7 0 0 0 0 0 0 0 0 0 0 4 0 0 0 0 0 0 0 2 4 3 0 0 
1 2 0 0 1 3 2 2 3 2 0 1 0 0 5 0 0 0 3 1 0 0 1 2 0 3 1 1 2 0 0 0 0 0 
0 0 0 1 3 4 0 3 6 4 0 2 4 0 8 0 0 0 0 0 0 5 0 0 0 5 2 1 0 2 0 0 0 3 
0 0 0 0 2 1 0 2 0 0 0 0 0 1 0 3 2 0 0 0 0 0 3 3 1 3 1 0 0 1 0 0 0 2 
0 5 6 0 0 0 3 3 0 2 0 2 2 0 0 0 2 0 2 3 2 0 0 1 0 4 3 2 0 1 0 1 0 0 
0 3 4 0 0 0 3 1 0 1 0 1 1 2 5 4 1 0 0 0 0 4 4 0 0 0 0 0 4 4 0 2 0 0 
0 1 2 3 0 2 2 1 0 0 0 2 3 0 2 3 0 0 2 1 0 2 2 1 1 2 1 1 2 2 0 0 0 0 
4 0 0 0 0 0 0 0 4 4 7 0 0 0 0 0 0 0 0 0 0 0 0 0 4 3 2 0 0 0 4 3 0 0 
3 1 2 1 0 3 3 3 0 0 0 0 1 0 0 0 0 0 0 0 4 0 0 0 4 0 0 2 1 2 3 3 0 0 
3 0 6 0 0 4 2 2 0 2 6 0 0 0 2 0 0 0 0 0 2 0 1 0 0 1 0 2 0 0 1 2 0 2 
0 2 0 2 1 0 1 1 0 1 4 0 0 0 0 0 0 0 0 0 0 0 0 0 3 0 0 0 3 4 2 1 0 1 
0 0 3 3 0 6 0 0 7 0 0 0 0 0 0 0 0 0 0 0 0 0 0 0 0 0 0 0 0 0 0 0 5 1 
0 3 3 2 1 0 2 0 0 1 2 0 0 3 0 0 0 0 0 0 3 0 0 0 0 0 0 0 0 0 0 0 5 1 
5 0 3 2 0 3 5 0 5 0 0 0 0 0 0 0 0 0 0 0 0 4 5 0 0 2 4 0 3 0 0 0 5 1 
1 0 1 1 0 1 3 0 0 0 0 0 0 0 0 0 1 1 0 2 0 2 4 0 0 2 2 2 0 0 0 0 4 1 
400 39
19 10 19 6
19 10 19 21
19 10 14 10
19 10 26 10
20 14 20 11
20 14 20 18
20 14 21 14
21 14 21 12
21 14 21 21
21 14 20 14
21 14 24 14
21 14 21 12
21 14 21 21
21 14 20 14
22 13 24 13
23 1 23 2
23 1 20 1
23 1 24 1
30 8 30 5
30 8 30 32
30 8 26 8
30 8 32 8
31 9 31 10
31 10 31 13
31 13 31 20
32 0 32 2
32 0 28 0
32 0 33 0
32 22 32 21
32 22 32 25
32 22 33 22
20 18 20 19
21 12 21 11
21 12 23 12
31 13 31 20
31 20 31 32
32 0 32 2
32 0 28 0
21 11 23 11

3571

2       3           2 4                                         3 1 
  1 3 1 2       1     3                           2   2     2 1     
3 1 2 4             6                                           4 3 
2 1     1     1 1 1   1 1 1 3                             2 3 2     
2   4   4     5 5 4         3         3       3       1       1   1 
1 1     3 1     1       2   3                             4 4 4   1 
                1             1 3   4             2   2 1   1 3     
  3                   5 5 3   1 4 2       1               5 2 1   2 
                      2   3   1     6                     6 2 1     
                  2       2   1     2 1   2               5 3 1     
                      1 3   5                                   4 4 
3 4                     2 1   1     2       2   3 1 2   3 1 3 1     
  2   5       3 3 1   3     4                   5     2       1     
  1   3       2 1     2 1 1 3           2 3 3 1 3       4 2         
3   4               6                                       6 2     
  1   1       3 1   | 1 2       1   2 3   3   3 1       3 1         
      1 3     4 2 1 | 1               3 1     3     1         1     
2 2   1 2       3   | 3 5           6     4             4           
2   4         3 4 2 | 1 2     1 1   3           1       3 2         
1 1   3 4   3 - - - 7 - - - - - - - - - - 4               2 4 3     
1 2     1 3 2 2 3 2 | 1 - - 5 - - - 3 1     1 2   3 1 1 2           
  |   1 3 4   3 6 4 | 2 4 = 8 = = = = = = 5       5 2 1   2       3 
  |     2 1   2     | | | 1 | 3 2           3 3 1 3 1     1       2 
  5 6       3 3   2 | 2 2 | |   2   2 3 2     1   4 3 2   1   1     
  3 4       3 1   1 | 1 1 2 5 4 1         4 4           4 4   2     
  1 2 3   2 2 1     | 2 3   2 3     2 1   2 2 1 1 2 1 1 2 2         
4               4 4 7                           4 3 2       4 3     
3 1 2 1   3 3 3 |       1               4       4     2 1 2 3 3     
3   6     4 2 2 | 2 6       2           2   1     1   2     1 2   2 
ǁ 2   2 1   1 1 | 1 4                           3       3 4 2 1   1 
ǁ   3 3   6 - - 7 - - - - - - - - - - - - - - - - - - - - - - - 5 1 
ǁ 3 3 2 1   2   | 1 2 - - 3 = = = = = = 3 - - - - - - - - - - - 5 1 
5 = 3 2   3 5   5                         4 5 - - 2 4   3       5 1 
1   1 1   1 3                   1 1   2   2 4     2 2 2         4 1 
