34 34
2 3 0 0 0 0 0 0 5 0 0 0 0 0 0 0 0 3 1 1 1 0 3 0 0 0 0 0 3 2 0 0 3 2 
2 0 4 2 1 3 0 0 6 0 0 2 0 0 0 2 1 0 3 3 1 2 0 2 5 1 0 0 0 2 2 1 0 1 
1 0 1 2 0 3 1 0 4 2 1 2 0 0 0 2 0 0 0 0 0 5 4 2 5 0 0 0 5 2 3 3 0 1 
4 0 0 0 0 0 0 0 0 0 0 0 0 0 0 0 0 3 0 0 0 1 1 1 3 0 4 2 0 1 0 1 0 2 
0 0 1 2 0 0 0 0 2 1 0 0 3 0 0 0 0 0 0 0 3 0 0 0 0 0 0 0 4 0 3 1 0 0 
0 0 0 4 0 0 0 3 3 0 2 0 0 0 0 0 0 0 0 0 3 0 0 0 2 0 2 1 0 1 2 1 0 0 
0 1 4 0 2 3 0 1 2 1 2 1 0 0 0 0 0 0 0 1 0 2 0 0 0 0 0 0 4 0 0 0 0 0 
0 1 0 0 2 4 0 0 0 0 0 0 6 0 0 0 0 5 5 1 2 1 0 0 1 1 0 0 0 3 6 3 0 0 
0 0 0 2 0 0 0 0 0 0 0 0 5 0 2 3 2 0 2 1 1 0 0 0 0 4 1 0 0 0 2 2 0 0 
0 3 5 0 0 0 0 0 2 1 0 0 5 0 1 1 0 4 0 0 0 2 1 0 3 0 1 1 0 0 1 1 0 0 
0 2 4 0 1 0 0 0 0 1 0 0 3 0 0 2 1 2 0 0 0 0 1 0 0 0 0 0 0 0 4 0 2 0 
0 1 5 0 0 0 0 0 4 0 0 0 0 0 0 0 0 0 0 0 0 0 0 0 4 5 4 3 0 0 0 2 2 2 
0 1 4 0 1 2 3 1 0 0 2 1 0 3 4 2 0 1 0 0 0 3 1 0 0 0 3 1 0 0 0 2 0 0 
0 5 5 0 0 0 5 4 0 0 4 4 0 5 0 0 0 0 0 0 0 5 0 0 4 0 0 1 0 0 0 0 0 0 
0 0 2 3 1 0 0 1 0 2 0 1 0 1 0 0 0 0 0 1 0 2 0 0 1 0 0 0 0 0 0 3 0 0 
0 3 1 3 0 0 2 0 0 0 3 0 0 3 0 0 0 0 0 0 0 0 0 0 0 4 5 2 0 0 0 2 0 0 
0 2 0 0 0 0 1 0 0 3 2 0 0 3 0 0 0 0 0 1 0 0 0 0 0 1 2 1 0 0 0 0 0 0 
4 0 0 0 0 0 0 0 4 0 0 0 0 0 0 0 0 0 0 0 0 0 0 0 0 0 0 0 4 4 5 0 2 0 
0 3 0 3 0 0 0 0 4 0 0 0 0 0 0 0 0 0 0 0 3 3 0 0 3 0 1 0 0 0 0 1 2 0 
0 2 2 3 1 0 0 0 4 0 3 1 1 2 0 0 2 0 3 0 0 0 0 0 0 0 0 0 0 0 0 2 0 0 
4 0 0 0 0 0 0 0 4 0 4 2 0 0 1 3 3 1 2 0 0 0 0 0 0 0 0 0 0 0 0 0 0 0 
0 1 1 1 2 3 1 2 5 0 0 0 4 0 0 3 1 0 0 0 0 0 0 0 0 0 0 0 0 0 0 4 5 0 
0 3 3 0 1 0 1 0 3 0 1 1 2 0 0 0 2 0 0 0 4 0 0 0 0 0 0 0 0 0 0 0 0 0 
0 1 0 0 0 0 3 6 0 0 0 0 0 6 5 4 3 1 0 0 0 0 0 0 0 0 0 0 0 0 0 0 0 0 
4 0 5 5 3 0 0 0 0 0 0 1 0 0 1 2 0 2 0 2 1 0 0 0 0 0 0 0 0 0 0 0 0 0 
0 2 3 0 2 0 0 0 1 2 0 5 0 0 1 0 2 2 1 0 0 0 0 0 0 0 0 0 0 0 0 0 0 0 
0 1 2 0 0 0 0 0 0 0 0 0 0 0 1 0 3 0 1 0 0 0 0 0 0 0 0 0 0 0 0 0 0 0 
0 0 0 2 3 0 0 0 4 0 0 7 0 6 0 0 6 0 0 6 3 0 0 0 0 0 0 0 0 0 0 0 2 0 
4 0 4 2 0 0 3 0 3 3 0 4 1 2 0 2 1 1 0 2 1 0 0 0 0 0 0 0 0 0 0 0 1 0 
2 0 2 4 1 0 2 0 2 2 0 1 0 0 0 2 0 0 0 2 1 0 0 0 0 0 0 0 0 0 0 0 1 2 
3 0 0 0 0 4 0 5 0 0 0 0 0 0 0 0 0 0 0 0 0 5 0 0 0 0 0 0 6 4 4 4 2 0 
2 3 3 2 1 3 1 0 1 0 3 0 0 0 2 0 0 1 0 0 0 0 1 0 3 3 2 1 0 1 2 2 1 0 
3 7 0 0 0 0 0 3 1 0 5 0 0 0 0 0 0 0 0 0 0 5 0 0 5 0 0 4 4 0 0 0 2 3 
1 3 0 1 0 0 0 2 2 1 2 2 0 3 0 0 0 0 0 0 0 3 3 2 2 2 0 4 3 0 0 0 2 1 
400 24
0 8 0 1
0 8 0 17
0 8 1 8
1 24 1 23
1 24 1 25
1 24 2 24
13 1 13 2
13 1 12 1
13 1 15 1
21 32 21 31
21 32 18 32
21 32 27 32
27 11 27 8
27 11 27 13
27 11 25 11
27 11 28 11
32 1 32 0
32 1 32 7
32 1 31 1
32 1 33 1
1 24 1 23
1 24 2 24
13 1 13 2
13 1 15 1

7079

2 3 - - - - - - 5 - - - - - - - - 3 1 1 1   3           3 2     3 2 
2   4 2 1 3     6     2       2 1   3 3 1 2   2 5 1       2 2 1   1 
1   1 2   3 1   4 2 1 2       2           5 4 2 5       5 2 3 3   1 
4                                 3       1 1 1 3   4 2   1   1   2 
    1 2         2 1     3               3               4   3 1     
      4       3 3   2                   3       2   2 1   1 2 1     
  1 4   2 3   1 2 1 2 1               1   2             4           
  1     2 4             6         5 5 1 2 1     1 1       3 6 3     
      2                 5   2 3 2   2 1 1         4 1       2 2     
  3 5           2 1     5   1 1   4       2 1   3   1 1     1 1     
  2 4   1         1     3     2 1 2         1               4   2   
  1 5           4                               4 5 4 3       2 2 2 
  1 4   1 2 3 1     2 1   3 4 2   1       3 1       3 1       2     
  5 5       5 4     4 4   5               5     4     1             
  ǁ 2 3 1     1   2   1   1           1   2     1             3     
  3 1 3     2       3     3                       4 5 2       2     
  2         1     3 2     3           1           1 2 1             
4               4                                       4 4 5   2   
  3   3         4                       3 3     3   1         1 2   
  2 2 3 1       4   3 1 1 2     2   3                         2 |   
4               4   4 2     1 3 3 1 2                           |   
  1 1 1 2 3 1 2 5       4     3 1                             4 5   
  3 3   1   1   3   1 1 2       2       4                       |   
  1         3 6           6 5 4 3 1                             |   
4   5 5 3             1     1 2   2   2 1                       |   
  2 3   2       1 2   5     1   2 2 1                           |   
  1 2                 |     1   3   1                           |   
      2 3       4 - - 7 - 6     6     6 3                       2   
4   4 2     3   3 3   4 1 2   2 1 1   2 1                       1   
2   2 4 1   2   2 2   1       2       2 1                       1 2 
3         4   5                           5             6 4 4 4 2   
2 3 3 2 1 3 1   1   3       2     1         1   3 3 2 1   1 2 2 1   
3 7 - - - - - 3 1   5                     5     5     4 4       2 3 
1 3   1       2 2 1 2 2   3               3 3 2 2 2   4 3       2 1 
