34 34
2 0 4 1 4 0 5 0 0 0 0 0 0 0 0 0 0 0 0 0 0 0 4 0 0 0 0 0 0 1 0 2 1 2 
2 1 0 1 4 1 0 0 0 0 0 0 1 0 0 0 0 0 0 0 0 0 0 0 1 0 0 2 0 0 0 4 0 0 
3 1 0 1 5 0 4 2 0 0 0 0 6 0 0 0 0 0 0 0 0 0 4 0 0 0 0 2 2 0 0 0 0 0 
0 0 0 1 4 1 1 2 0 0 3 0 4 0 0 0 0 0 0 0 1 0 0 0 1 0 0 0 2 0 0 0 0 0 
3 0 5 0 0 0 0 0 0 0 0 0 0 0 0 0 0 0 0 0 0 0 5 0 0 0 0 0 0 0 0 4 0 0 
2 0 4 1 2 2 3 0 4 2 2 0 3 3 0 0 0 5 0 0 0 2 0 0 0 0 0 0 0 0 0 0 0 0 
3 2 5 0 3 1 4 3 0 1 0 1 0 1 1 0 0 0 0 0 0 0 0 0 0 0 0 0 0 0 0 0 0 0 
1 1 4 0 3 1 1 1 0 0 0 2 0 2 5 1 0 0 0 0 0 0 0 0 0 0 0 0 0 0 0 0 0 0 
0 3 4 0 0 0 0 0 5 3 1 0 0 0 4 2 0 0 2 2 2 0 0 0 0 0 0 0 0 0 0 0 0 0 
0 0 5 0 4 0 0 0 0 0 0 0 0 0 0 0 0 0 1 0 0 0 0 2 0 1 0 0 0 0 0 3 0 0 
0 0 2 0 0 0 0 0 0 0 0 0 0 0 1 0 0 5 0 5 4 0 0 0 0 0 0 0 0 0 0 0 0 0 
0 0 1 0 0 0 0 0 0 1 3 3 0 2 0 0 0 0 0 0 2 0 0 5 0 0 0 0 0 0 0 5 4 6 
0 0 0 1 3 0 0 0 0 0 0 0 0 1 0 0 0 0 0 0 0 0 0 0 2 0 4 0 0 0 0 2 1 2 
0 0 0 0 0 0 0 0 0 2 0 0 0 0 0 1 0 4 0 0 4 0 0 0 2 1 2 1 0 0 0 0 4 1 
0 0 0 3 0 0 0 0 4 0 0 0 0 2 0 3 0 5 2 1 0 0 0 3 0 0 0 1 0 0 0 0 0 0 
0 1 4 5 0 0 0 0 0 3 4 0 5 0 0 0 0 0 0 0 5 3 0 1 0 0 0 0 0 0 0 0 0 0 
0 0 1 2 0 0 1 0 0 1 3 1 0 1 0 0 0 0 2 0 2 1 0 0 0 0 0 0 0 0 0 0 0 0 
3 0 0 0 0 0 0 0 5 0 0 0 6 0 0 0 0 0 0 0 0 0 6 0 0 0 0 0 0 0 0 0 4 1 
0 1 0 4 0 0 1 2 4 1 1 0 0 3 0 0 2 0 0 0 0 0 0 1 4 0 0 0 0 3 1 1 4 2 
0 2 0 5 1 0 0 0 3 0 3 0 0 0 1 3 3 0 2 0 0 0 0 0 3 3 0 2 0 0 0 0 0 1 
0 2 1 0 0 1 0 0 0 1 3 1 0 4 0 5 0 0 0 0 0 0 5 0 0 0 0 0 0 4 0 4 6 3 
3 4 1 0 1 2 0 0 3 0 0 0 0 2 1 0 1 1 1 2 2 1 0 2 0 0 1 3 4 0 0 2 2 1 
0 3 1 0 0 0 0 0 0 0 0 0 0 1 0 2 0 0 1 0 0 2 0 0 0 0 0 2 3 1 0 0 3 2 
0 0 2 0 0 0 0 0 0 0 0 0 0 2 2 1 2 0 3 4 4 3 0 4 0 0 4 0 0 0 0 4 3 1 
0 0 0 0 0 0 0 0 0 0 0 0 0 1 0 0 0 0 1 0 3 1 0 1 0 0 4 2 1 0 0 0 3 2 
0 4 3 0 4 0 0 0 5 0 0 0 4 0 4 4 3 0 0 0 1 0 0 1 0 0 4 1 0 0 0 0 0 1 
0 2 0 0 4 0 3 3 0 1 4 1 0 2 2 3 2 3 0 5 0 0 7 0 0 0 0 0 0 0 0 4 5 4 
2 2 1 0 1 1 2 2 3 0 4 1 0 1 0 0 1 2 1 0 2 0 0 0 0 0 0 0 0 0 0 1 1 2 
1 0 0 4 0 0 0 0 0 0 0 0 4 0 0 5 2 3 2 0 3 0 6 0 0 0 0 0 0 0 0 3 4 3 
2 6 0 6 0 0 0 0 0 4 2 1 0 1 0 5 2 3 2 0 2 0 0 2 0 0 3 2 2 3 0 2 0 2 
1 6 2 0 0 0 1 0 0 3 1 0 0 1 1 2 2 1 1 3 0 0 0 2 1 0 0 1 1 3 3 1 0 1 
0 2 3 0 0 0 0 1 1 2 0 0 0 0 0 2 1 1 0 2 3 0 5 0 0 0 3 0 1 1 2 0 2 3 
2 0 4 2 0 0 0 2 2 5 0 0 5 2 3 4 0 0 0 0 0 0 5 0 0 0 0 0 0 0 0 3 2 1 
1 0 2 0 0 0 0 0 0 0 0 0 3 0 0 0 0 0 1 1 0 0 4 2 0 0 0 0 0 0 0 2 4 1 
400 22
0 6 0 4
0 6 0 22
0 6 2 6
5 17 5 13
5 17 5 21
5 17 10 17
9 2 9 4
9 2 8 2
9 2 10 2
11 33 11 32
11 33 0 33
11 33 12 33
11 33 11 32
11 33 0 33
11 33 12 33
26 22 26 19
26 22 26 31
26 22 20 22
26 22 28 22
32 9 32 8
32 9 32 12
32 9 31 9

3522

2   4 1 4 - 5 - - - - - - - - - - - - - - - 4             1   2 1 2 
2 1   1 4 1 |           1                       1     2       4   ǁ 
3 1   1 5   4 2         6                   4         2 2         ǁ 
      1 4 1 1 2     3   4               1       1       2         ǁ 
3   5                                       5                 4   ǁ 
2   4 1 2 2 3   4 2 2   3 3 - - - 5 - - - 2                       ǁ 
3 2 5   3 1 4 3   1   1   1 1     |                               ǁ 
1 1 4   3 1 1 1       2   2 5 1   |                               ǁ 
  3 4           5 3 1       4 2   | 2 2 2                         ǁ 
    5 - 4                         | 1         2   1           3   ǁ 
    2                       1     5   5 4                         ǁ 
    1             1 3 3   2             2     5               5 4 6 
      1 3                 1                     2   4         2 1 2 
                  2           1   4     4       2 1 2 1         4 1 
      3         4         2   3   5 2 1       3       1             
  1 4 5           3 4   5               5 3   1                     
    1 2     1     1 3 1   1         2   2 1                         
3               5       6                   6                   4 1 
  1   4     1 2 4 1 1     3     2             1 4         3 1 1 4 2 
  2   5 1       3   3       1 3 3   2           3 3   2           1 
  2 1     1       1 3 1   4   5             5             4   4 6 3 
3 4 1   1 2     3         2 1   1 1 1 2 2 1 | 2     1 3 4     2 2 1 
  3 1                     1   2     1     2 |         2 3 1     3 2 
    2                     2 2 1 2   3 4 4 3 | 4     4         4 3 1 
                          1         1   3 1 | 1     4 2 1       3 2 
  4 3   4       5       4   4 4 3       1   | 1     4 1           1 
  2     4   3 3   1 4 1   2 2 3 2 3   5 - - 7 - - - - - - - - 4 5 4 
2 2 1   1 1 2 2 3   4 1   1     1 2 1   2   |                 1 1 2 
1     4                 4     5 2 3 2   3   6                 3 4 3 
2 6   6           4 2 1   1   5 2 3 2   2     2     3 2 2 3   2   2 
1 6 2       1     3 1     1 1 2 2 1 1 3       2 1     1 1 3 3 1   1 
  2 3         1 1 2           2 1 1   2 3   5       3   1 1 2   2 3 
2   4 2       2 2 5 - - 5 2 3 4             5                 3 2 1 
1   2                   3           1 1     4 2               2 4 1 
