34 34
0 0 0 1 3 3 4 5 5 0 0 0 0 0 0 0 0 0 0 4 0 0 0 0 4 2 1 3 4 4 0 0 0 3 
0 0 0 0 2 0 2 2 6 3 4 0 0 0 0 0 0 2 0 0 2 0 5 0 6 4 0 5 6 2 0 3 3 5 
2 0 0 0 0 0 0 2 3 1 0 0 0 0 0 0 0 0 0 0 1 0 3 1 0 2 0 3 0 3 4 4 1 0 
0 0 0 0 0 0 2 0 0 0 6 0 0 0 0 0 0 0 0 6 0 4 2 0 0 0 0 0 0 1 0 0 4 4 
5 0 0 5 0 5 0 0 4 5 7 5 0 0 0 0 0 5 2 0 1 1 5 0 6 3 0 3 6 4 0 0 0 1 
6 0 2 0 2 0 0 0 0 0 0 0 0 0 0 0 0 1 0 0 0 1 5 1 0 1 0 1 0 0 0 1 0 0 
3 0 0 0 0 0 0 0 0 0 0 0 0 0 0 0 0 2 0 0 4 0 6 0 5 0 5 2 0 0 0 0 0 0 
3 0 0 7 6 0 0 0 0 1 2 3 0 0 0 0 0 3 0 0 4 0 4 3 6 3 0 0 0 3 4 2 0 0 
0 0 0 1 2 0 0 0 0 0 0 0 0 0 0 0 0 0 0 0 6 2 1 3 3 0 0 0 0 0 0 1 0 0 
1 0 0 0 0 4 0 0 0 0 0 0 0 0 0 0 0 0 0 5 5 0 0 0 3 5 0 0 0 0 0 0 0 0 
1 2 3 5 3 0 0 0 0 0 0 0 0 0 0 1 2 3 0 0 0 2 0 0 4 0 0 0 0 2 6 0 5 4 
0 0 0 5 2 0 0 0 0 0 0 0 0 0 0 0 0 0 0 0 3 0 5 4 5 3 0 0 0 1 4 1 0 0 
2 0 0 5 3 0 0 0 0 3 0 0 0 0 0 4 4 7 3 0 3 4 5 0 0 0 0 0 0 3 0 4 0 2 
0 0 0 4 3 0 0 0 0 0 2 0 1 0 0 0 4 0 1 0 5 0 8 3 0 0 0 0 0 3 0 0 0 1 
0 0 3 5 4 0 0 2 0 7 7 0 2 0 0 0 2 0 0 0 0 1 4 0 0 0 0 0 0 0 0 0 0 0 
0 0 5 5 3 0 0 0 0 1 2 0 0 0 0 3 0 5 0 4 5 0 4 0 5 2 0 0 0 5 1 0 0 0 
0 0 2 2 1 0 2 0 0 0 0 0 0 0 0 3 0 4 2 3 4 3 5 4 4 1 0 0 0 2 0 0 0 3 
4 5 0 0 0 6 0 0 0 0 0 0 0 0 0 0 0 0 0 0 0 0 0 0 0 0 6 0 5 0 0 4 0 0 
0 0 2 4 0 7 0 0 0 0 3 2 0 0 0 0 0 0 0 0 0 0 5 0 4 1 0 1 0 0 0 0 0 0 
0 0 0 4 3 0 0 2 0 0 3 0 0 0 0 0 0 0 0 4 1 0 0 2 3 3 0 0 0 2 0 4 4 4 
3 3 4 0 2 0 0 3 0 0 0 0 4 0 0 3 0 0 1 2 0 0 0 3 2 0 0 0 0 4 2 0 1 2 
0 0 6 7 0 6 0 0 0 0 0 0 0 0 0 0 0 0 0 0 0 0 6 0 5 3 0 2 0 0 1 5 4 3 
0 0 3 0 0 0 0 0 0 2 0 0 0 0 0 0 0 0 3 0 2 0 0 1 0 1 0 0 0 0 2 4 0 0 
1 0 2 0 0 0 2 0 0 0 1 0 0 0 0 0 0 0 0 0 3 1 0 0 0 0 0 0 0 0 1 0 0 0 
0 0 0 0 0 0 0 0 0 1 3 0 0 0 0 0 0 0 0 2 3 0 5 4 0 0 0 0 0 0 3 3 4 3 
2 0 3 0 1 0 0 0 0 0 0 0 0 0 0 0 0 0 0 0 2 0 0 4 0 2 0 0 0 0 2 0 4 0 
0 0 0 0 0 0 4 0 0 0 8 0 0 0 0 0 0 0 6 7 4 0 3 3 0 0 0 2 5 6 0 2 0 0 
4 6 5 0 0 0 2 0 4 0 6 2 0 0 0 0 0 0 0 2 0 1 3 3 5 3 0 2 0 4 0 0 6 6 
1 0 1 0 2 0 0 2 5 0 0 0 0 0 0 0 3 0 0 2 4 4 0 2 5 3 0 0 0 3 0 3 2 3 
5 6 3 0 0 0 6 0 0 0 0 0 0 0 0 3 0 0 0 3 5 4 0 0 1 0 0 0 0 6 2 0 0 0 
0 0 1 0 0 0 2 0 0 0 0 0 0 0 0 0 0 0 0 0 0 0 3 0 0 0 4 3 0 3 1 0 0 0 
3 0 2 6 4 6 0 0 0 0 0 0 0 0 0 5 5 0 5 0 0 0 0 0 0 0 0 0 5 0 0 6 7 4 
2 4 3 4 3 2 0 0 0 0 0 0 0 2 1 2 2 1 5 0 2 1 3 4 0 0 0 0 6 0 3 3 4 2 
0 3 0 0 5 0 2 0 1 0 0 1 0 0 0 0 0 0 4 0 0 0 4 2 2 3 0 0 4 0 0 0 3 1 
400 343
0 7 0 6
0 7 0 8
0 7 1 7
1 22 1 20
1 22 1 24
1 22 2 22
1 33 1 32
1 33 0 33
1 33 3 33
4 0 4 3
4 0 2 0
4 0 5 0
4 10 4 9
4 10 4 11
4 10 3 10
4 10 7 10
5 0 5 2
5 0 4 0
5 0 6 0
5 0 5 2
5 0 4 0
6 0 7 0
7 3 7 0
7 3 7 4
7 3 4 3
7 3 8 3
9 25 9 24
9 25 7 25
9 25 11 25
10 3 10 2
10 3 10 4
10 3 11 3
12 17 12 16
12 17 12 18
12 17 10 17
12 17 15 17
13 22 13 20
13 22 13 23
13 22 12 22
13 22 14 22
13 22 13 20
13 22 13 23
13 22 12 22
13 22 14 22
14 9 14 7
14 9 14 10
14 9 12 9
14 9 15 9
14 22 14 21
14 22 15 22
15 2 15 3
15 2 14 2
15 2 16 2
18 5 18 3
18 5 18 10
18 5 17 5
18 5 21 5
21 2 21 3
21 2 20 2
21 2 22 2
21 2 21 3
21 2 20 2
21 2 22 2
21 3 21 5
21 3 19 3
21 3 31 3
22 2 23 2
26 10 26 6
26 10 26 18
26 10 24 10
26 10 27 10
26 10 26 6
26 10 26 18
26 10 24 10
26 10 27 10
26 18 26 19
26 18 22 18
26 18 31 18
26 18 26 19
26 19 26 20
26 19 24 19
26 19 27 19
27 2 27 1
27 2 25 2
27 2 28 2
27 10 27 8
27 10 27 11
27 33 27 32
27 33 24 33
27 33 28 33
27 33 27 32
27 33 24 33
27 33 28 33
29 0 29 1
29 0 28 0
29 0 31 0
29 6 29 15
29 6 27 6
29 6 30 6
29 6 29 15
29 6 27 6
29 6 30 6
29 15 31 15
31 32 31 31
31 32 31 33
31 32 28 32
31 32 32 32
33 4 33 1
33 4 33 6
33 4 32 4
2 0 2 7
4 5 4 3
4 5 4 8
4 5 9 5
5 4 7 4
6 0 7 0
7 4 7 3
7 4 5 4
7 4 8 4
7 4 7 3
8 4 10 4
8 20 8 21
8 20 7 20
8 20 9 20
8 20 8 21
8 20 7 20
8 20 9 20
9 0 10 0
14 9 14 7
14 9 14 10
14 9 12 9
14 10 14 12
14 10 13 10
14 10 15 10
20 2 20 1
20 2 18 2
20 4 19 4
25 4 28 4
26 6 23 6
26 6 23 6
27 0 27 1
27 0 25 0
27 0 27 1
27 0 25 0
27 1 27 2
27 1 20 1
27 1 29 1
27 2 25 2
27 8 27 10
27 8 28 8
27 8 28 8
27 10 27 11
27 32 27 29
27 32 25 32
27 32 28 32
27 32 27 29
28 4 31 4
28 7 28 8
28 33 31 33
29 0 29 1
29 0 31 0
31 32 31 31
31 32 31 33
31 32 32 32
31 33 32 33
0 3 0 4
3 6 3 10
4 8 4 5
4 8 4 9
4 8 4 9
7 3 4 3
20 4 19 4
23 0 20 0
23 2 25 2
25 32 25 30
25 32 24 32
25 32 25 30
26 31 26 29
28 7 28 8
28 8 28 16
28 16 31 16
31 31 31 28
31 31 28 31
31 31 32 31
31 31 31 28
3 6 3 10
3 10 3 19
3 10 1 10
3 10 4 10
3 19 3 21
3 19 0 19
3 19 9 19
3 19 3 21
3 19 0 19
3 21 3 22
3 21 4 21
4 3 4 5
4 17 4 11
4 17 4 18
4 17 5 17
4 20 6 20
4 22 4 24
4 22 3 22
4 22 5 22
5 21 5 22
6 17 7 17
6 20 6 22
6 20 7 20
6 20 6 22
6 22 6 24
6 22 5 22
6 22 7 22
6 22 6 24
7 20 7 22
7 22 7 23
7 22 8 22
9 5 9 19
9 5 17 5
9 5 9 19
11 22 11 20
11 22 11 23
11 22 12 22
12 9 12 15
12 21 12 20
12 21 12 22
12 21 12 20
12 21 12 22
16 6 16 15
17 5 17 1
17 5 17 26
17 5 18 5
17 5 17 1
17 26 17 28
17 26 6 26
17 26 30 26
17 26 17 28
17 26 6 26
18 2 18 3
18 3 18 5
18 3 19 3
18 22 18 11
18 22 18 24
18 22 21 22
18 27 21 27
19 3 19 4
19 3 21 3
20 12 20 7
20 12 20 15
20 12 20 7
20 12 20 15
20 15 20 18
23 10 24 10
24 9 22 9
26 31 26 29
28 16 31 16
28 31 28 29
29 29 29 30
29 29 28 29
29 29 30 29
29 29 29 30
29 29 28 29
29 29 30 29
30 26 30 22
30 26 30 27
30 26 30 22
30 30 30 29
0 19 0 8
0 19 0 24
0 24 0 25
0 24 1 24
0 24 0 25
1 10 1 9
1 10 1 17
1 10 1 9
1 24 1 22
1 24 1 25
1 24 4 24
1 24 1 25
1 25 1 27
1 25 2 25
2 23 2 22
4 18 4 17
4 22 4 24
4 22 5 22
5 22 5 23
6 17 7 17
7 17 7 11
11 22 11 20
11 22 11 23
15 29 15 30
15 29 13 29
15 29 16 29
16 6 16 15
16 22 16 21
16 22 16 23
16 22 15 22
20 7 19 7
22 9 22 18
22 18 22 20
26 29 26 28
26 29 20 29
26 29 27 29
26 29 26 28
27 29 27 27
30 27 27 27
0 8 0 7
0 8 1 8
0 26 0 27
4 17 4 11
11 30 11 29
11 30 11 31
11 30 10 30
11 30 10 30
19 7 19 10
20 19 19 19
20 29 20 30
20 29 19 29
20 29 20 30
21 27 26 27
26 27 26 28
26 28 17 28
0 8 0 7
1 8 1 7
1 8 1 9
1 8 2 8
1 8 2 8
1 8 2 8
8 31 7 31
10 30 10 29
10 30 10 32
10 30 7 30
10 30 10 29
20 19 19 19
26 28 17 28
0 6 0 5
0 6 1 6
0 6 0 5
1 6 1 4
19 19 19 10
19 19 19 20
0 4 0 5
0 4 1 4
19 10 18 10

5021

      1 3 3 4 5 5 - - - - - - - - - - 4 - - - - 4 2 1 3 4 4       3 
        2 - 2 2 6 3 4 - - - - - - 2   ǁ 2 - 5 = 6 4 - 5 6 2   3 3 5 
2 - - - - - - 2 3 1 |                 ǁ 1   3 1 | 2   3   3 4 4 1 | 
|           2 = = = 6 - - - - - - - - 6 = 4 2   |         1     4 4 
5 - - 5 = 5 = = 4 5 7 5 = = = = = 5 2 | 1 1 5 = 6 3   3 6 4       1 
6 = 2 ǁ 2 |         |             1   | | 1 5 1   1   1       1     
3     ǁ ǁ |         |             2   | 4 = 6 = 5   5 2             
3 - - 7 6 |       1 2 3 - - - - - 3   | 4 - 4 3 6 3 ǁ     3 4 2     
      1 2 |                           | 6 2 1 3 3 | ǁ       | 1     
1       | 4 = = = = = = = = = = = = = 5 5       3 5 ǁ       |       
1 2 3 5 3 |                   1 2 3       2     4 | ǁ     2 6 - 5 4 
      5 2 |                       |     3 = 5 4 5 3 ǁ     1 4 1     
2     5 3 |       3 - - - - - 4 4 7 3   3 4 5       ǁ     3   4   2 
      4 3 |       ǁ 2   1       4 | 1   5 = 8 3     ǁ     3       1 
    3 5 4 |   2 = 7 7 - 2       2 |       1 4       ǁ     |         
    5 5 3 |       1 2         3   5   4 5   4   5 2 ǁ     5 1       
    2 2 1 | 2 = = = = = = = = 3   4 2 3 4 3 5 4 4 1 ǁ     2       3 
4 5 = = = 6 - - - - - - - - - - - - - - - - - - - - 6 = 5     4     
    2 4 = 7 - - - - 3 2 - - - - - - - - - - 5 - 4 1 | 1 ǁ           
    | 4 3 |   2 - - 3 - - - - - - - - 4 1   | 2 3 3 | | ǁ 2   4 4 4 
3 3 4 ǁ 2 |   3 = = = = 4 = = 3 - - 1 2     | 3 2   | | ǁ 4 2   1 2 
| | 6 7 - 6                                 6   5 3 | 2 ǁ | 1 5 4 3 
| | 3 |           2 - - - - - - - - 3 - 2     1   1 | | ǁ | 2 4     
1 | 2 |     2     | 1               |   3 1         | | ǁ | 1       
  | | |     ǁ     1 3               | 2 3   5 4     | | ǁ | 3 3 4 3 
2 | 3 | 1   ǁ       ǁ               | | 2     4   2 | | ǁ | 2 = 4 ǁ 
ǁ | ǁ | |   4 = = = 8 = = = = = = = 6 7 4   3 3     | 2 5 6 = 2 | ǁ 
4 6 5 | |   2   4 = 6 2             | 2   1 3 3 5 3 | 2 - 4 = = 6 6 
1 | 1 | 2   ǁ 2 5 - - - - - - - 3   | 2 4 4   2 5 3 | |   3 - 3 2 3 
5 6 3 | |   6 = = = = = = = = 3 ǁ   | 3 5 4     1   | |   6 2 | | | 
ǁ   1 | |   2                 | ǁ   |       3 = = = 4 3   3 1 | | | 
3   2 6 4 6                   5 5   5                   5 = = 6 7 4 
2 4 3 4 3 2               2 1 2 2 1 5   2 1 3 4         6   3 3 4 2 
  3 - - 5 - 2   1     1             4       4 2 2 3     4       3 1 
