34 34
2 1 0 0 0 0 0 0 0 0 0 0 2 0 3 1 1 1 1 4 0 5 0 0 0 0 4 0 0 0 0 0 2 1 
5 0 0 0 0 0 0 0 0 0 0 0 0 0 4 0 4 0 0 1 2 3 0 0 0 0 2 1 0 0 0 0 0 0 
3 0 1 1 0 0 0 0 3 0 0 0 1 0 0 1 0 3 0 0 0 0 0 0 0 0 0 0 0 0 0 0 5 3 
1 0 0 0 0 0 0 0 0 0 0 0 0 0 0 2 0 2 0 0 1 1 0 0 3 0 0 0 0 4 2 1 0 2 
3 0 0 0 0 0 0 0 5 1 0 0 2 0 0 0 0 1 0 0 0 0 0 0 3 0 0 1 0 0 1 0 0 0 
0 2 0 3 0 0 2 0 0 0 0 0 0 0 0 4 6 0 0 0 0 0 0 0 0 0 0 0 0 4 5 3 0 0 
4 0 0 0 4 2 2 0 5 0 2 0 4 0 3 3 3 0 3 2 2 0 2 0 0 3 1 2 1 0 0 0 0 0 
0 0 0 0 1 0 0 0 0 0 0 0 0 0 0 3 2 1 2 0 2 0 1 2 0 0 2 0 0 0 0 0 0 0 
3 0 0 0 0 0 0 0 0 0 0 0 0 0 0 0 0 0 0 6 0 0 0 6 1 0 0 0 0 0 0 1 0 0 
0 1 0 3 0 1 0 0 1 0 0 4 0 0 0 0 1 0 0 0 1 2 0 4 1 3 5 3 1 0 0 1 0 0 
0 3 0 6 0 0 0 0 0 0 0 6 0 5 1 1 0 4 2 0 1 0 0 5 2 0 4 2 1 0 4 2 0 0 
0 2 1 0 1 0 0 0 0 0 0 0 2 4 0 0 0 0 0 0 1 2 0 4 2 0 3 1 0 0 2 1 0 0 
0 3 1 0 0 0 0 0 0 0 0 0 2 2 0 0 0 0 0 0 1 0 0 0 0 4 0 0 0 4 0 0 4 3 
0 0 1 0 0 0 0 0 0 0 0 0 4 4 0 0 0 0 0 0 1 1 1 0 0 0 2 1 2 0 2 0 6 2 
5 5 2 0 4 0 0 0 0 0 0 3 0 0 1 0 0 0 0 0 0 0 0 0 0 0 5 5 6 0 0 2 0 1 
2 1 1 0 0 1 0 2 0 1 1 0 0 0 0 0 0 0 0 0 3 3 3 0 0 0 0 1 2 0 3 3 0 2 
2 5 2 0 2 0 0 0 0 0 3 2 1 0 0 0 0 0 1 0 0 0 0 0 0 0 0 0 2 0 0 0 0 0 
1 0 0 0 1 0 0 0 0 0 1 0 0 0 0 0 0 0 0 0 0 0 0 0 0 0 2 0 0 0 2 1 3 2 
0 0 0 0 0 0 0 0 2 4 0 4 0 5 6 2 0 0 0 0 0 2 0 0 0 0 0 0 0 0 0 0 2 2 
1 6 0 6 0 0 0 2 1 3 2 4 4 0 2 0 0 0 0 0 0 1 0 0 0 0 0 0 0 0 0 0 0 0 
1 4 2 0 1 0 0 0 0 1 1 1 2 0 0 0 0 0 0 0 0 2 4 0 0 6 5 4 3 0 2 0 5 4 
3 0 0 5 6 0 0 0 0 0 0 0 0 4 0 0 0 2 0 0 0 2 1 0 0 0 2 2 1 0 0 0 0 0 
0 2 1 0 4 0 0 0 0 0 0 0 0 0 0 0 0 3 3 0 0 0 0 0 0 0 1 1 3 0 0 0 0 0 
4 3 3 0 0 0 0 1 2 3 1 0 2 0 0 0 0 0 1 0 4 0 0 0 0 6 0 3 0 0 1 0 0 0 
0 1 0 0 0 0 0 0 0 0 0 0 0 0 0 0 0 0 1 0 0 1 4 1 2 4 1 3 3 0 0 0 0 0 
3 4 3 0 3 0 0 5 2 2 0 0 0 2 0 0 0 5 3 0 5 0 5 1 1 0 0 0 0 0 0 0 0 1 
1 1 0 0 2 2 0 7 0 0 5 0 5 1 2 1 0 2 1 0 2 0 1 4 0 3 1 2 0 0 0 0 0 1 
0 0 0 0 1 0 0 2 0 0 0 0 0 0 3 0 0 0 0 0 0 2 0 4 0 0 0 0 0 0 0 0 0 0 
2 0 0 4 0 0 0 0 0 0 0 0 0 0 0 0 0 0 0 5 0 0 0 0 0 0 0 0 0 4 0 0 3 2 
2 2 2 0 1 4 0 0 0 0 0 0 0 0 0 4 4 2 0 0 1 3 0 0 3 0 4 3 1 0 1 0 2 1 
3 2 1 0 0 3 1 1 0 2 0 0 0 0 2 0 1 2 1 0 0 2 1 0 0 2 3 2 0 5 3 1 0 0 
3 0 0 4 0 0 0 0 0 0 0 0 0 0 5 3 1 0 0 5 0 0 0 0 5 0 0 0 0 0 0 0 6 4 
3 3 1 1 4 0 0 0 0 0 0 0 0 0 4 1 2 0 0 3 2 0 0 0 4 0 0 0 0 2 1 2 2 1 
1 2 2 1 4 0 0 2 0 0 1 0 0 0 2 0 2 1 0 2 1 0 0 0 3 0 3 1 1 4 0 3 2 1 
400 70
0 19 0 18
0 19 0 21
0 19 1 19
0 19 0 21
1 0 1 14
1 0 0 0
1 0 2 0
9 11 9 8
9 11 9 16
9 11 10 11
9 11 10 11
10 11 10 3
10 11 10 13
10 11 14 11
10 11 10 3
10 13 10 14
10 13 11 13
10 13 11 13
10 13 11 13
14 0 14 1
14 0 8 0
14 0 15 0
26 7 26 5
26 7 26 10
26 7 25 7
26 7 27 7
26 12 26 10
26 12 26 13
26 12 23 12
27 23 27 21
27 23 26 23
27 23 27 21
27 23 26 23
31 33 31 32
31 33 29 33
31 33 32 33
31 33 31 32
33 33 33 32
6 8 6 6
6 8 6 10
6 8 4 8
10 3 10 1
10 3 9 3
10 3 19 3
10 3 10 1
11 4 14 4
14 4 14 11
14 4 16 4
14 4 14 11
19 3 19 1
19 3 19 7
19 3 21 3
19 3 19 1
19 3 19 7
26 12 26 10
26 12 23 12
31 32 31 24
31 32 29 32
31 32 32 32
31 32 31 24
15 5 15 7
15 7 15 9
19 1 19 0
19 1 16 1
19 1 20 1
19 1 16 1
30 29 30 27
30 29 30 30
30 29 28 29
17 0 16 0

10036

2 1                     2   3 1 1 1 1 4 = 5         4           2 1 
5 - - - - - - - - - - - - - 4   4     1 2 3         2 1             
3   1 1         3       1     1   3                             5 3 
1                             2   2     1 1     3         4 2 1   2 
3               5 1     2         1             3     1     1       
  2   3     2   |             4 6                         4 5 3     
4       4 2 2 - 5 - 2   4   3 3 3   3 2 2   2     3 1 2 1           
        1                     3 2 1 2   2   1 2     2               
3                                     6       6 1             1     
| 1   3   1     1 - - 4 - - - - 1       1 2   4 1 3 5 3 1     1     
| 3 = 6 = = = = = = = 6 - 5 1 1   4 2   1     5 2   4 2 1   4 2     
| 2 1 | 1             | 2 4             1 2   4 2   3 1     2 1     
| 3 1 | |             | 2 2             1         4       4     4 3 
|   1 | |             | 4 4             1 1 1       2 1 2   2   6 2 
5 5 2 | 4 = = = = = = 3     1                       5 5 6     2   1 
2 1 1 | | 1 - 2 - 1 1                   3 3 3         1 2   3 3   2 
2 5 2 | 2           3 2 1           1                   2           
1 ǁ   | 1           1                               2       2 1 3 2 
  ǁ   |         2 4   4   5 6 2           2                     2 2 
1 6 = 6 = = = 2 1 3 2 4 4   2             1                         
1 4 2 | 1         1 1 1 2                 2 4     6 5 4 3   2   5 4 
3     5 6                 4       2       2 1       2 2 1           
  2 1   4                         3 3               1 1 3           
4 3 3         1 2 3 1   2           1   4         6   3     1       
  1                     ǁ           1     1 4 1 2 4 1 3 3           
3 4 3   3     5 2 2     ǁ 2       5 3   5   5 1 1                 1 
1 1     2 2 - 7 - - 5 = 5 1 2 1   2 1   2   1 4   3 1 2           1 
        1     2             3             2 = 4                     
2     4                               5                   4     3 2 
2 2 2   1 4                   4 4 2     1 3     3   4 3 1 | 1   2 1 
3 2 1     3 1 1   2         2   1 2 1     2 1     2 3 2 - 5 3 1 | | 
3     4                     5 3 1     5         5 = = = = = = = 6 4 
3 3 1 1 4                   4 1 2     3 2       4         2 1 2 2 1 
1 2 2 1 4     2     1       2   2 1   2 1       3   3 1 1 4   3 2 1 
