34 34
2 4 5 4 2 0 5 0 0 3 0 0 0 0 3 3 3 2 3 0 0 0 0 0 2 4 0 6 0 0 0 0 0 4 
0 0 5 5 0 0 6 2 3 0 0 1 1 0 4 3 0 3 0 0 1 0 1 0 0 0 0 0 2 0 5 0 0 6 
0 0 3 3 2 1 3 2 3 0 2 5 0 0 4 0 0 5 5 3 0 0 0 0 0 0 0 2 0 0 0 0 0 0 
0 5 0 0 0 0 0 0 0 4 0 0 0 0 0 3 0 0 2 4 3 0 0 0 0 3 0 0 0 0 0 0 0 0 
0 0 1 0 2 0 0 0 0 0 2 2 0 2 2 2 0 0 0 0 0 0 0 0 0 4 1 0 0 0 4 2 0 0 
0 0 0 0 2 2 3 6 3 0 5 6 0 0 5 3 0 0 4 0 0 0 3 1 0 4 0 0 0 0 3 0 0 0 
0 0 0 0 0 0 0 0 0 0 0 4 2 1 0 0 0 0 0 4 0 0 0 0 7 0 0 0 0 0 0 0 0 6 
0 0 2 0 4 6 6 5 0 0 5 0 0 5 0 0 0 0 0 0 3 0 2 0 0 2 0 5 2 0 2 2 3 0 
0 0 1 0 0 0 3 3 0 0 0 3 3 0 0 0 0 0 0 0 4 0 0 0 6 0 0 4 1 0 0 0 0 0 
0 0 0 0 0 0 0 0 0 0 0 3 0 0 0 0 0 0 0 2 0 1 0 0 0 1 0 0 0 0 5 0 3 0 
0 0 2 0 5 6 6 2 0 0 0 6 5 0 0 0 0 0 0 2 4 2 0 0 4 0 5 5 4 2 5 2 0 0 
0 0 0 0 0 0 6 6 3 0 0 0 0 0 6 0 5 4 0 1 4 0 0 0 4 1 2 1 2 0 7 2 0 0 
0 0 2 0 5 5 3 0 2 0 0 0 4 0 0 0 0 4 0 0 3 0 3 3 4 3 0 0 0 0 5 1 0 0 
0 0 2 2 0 3 1 0 0 0 5 3 4 0 4 1 0 4 5 0 0 0 0 0 0 0 0 0 0 0 0 0 3 0 
0 4 4 2 0 4 2 5 4 0 6 4 4 0 2 1 0 1 0 3 0 0 0 1 1 0 2 0 0 2 3 3 0 0 
2 5 5 2 0 1 0 2 1 0 4 4 2 0 0 0 0 2 0 4 0 0 0 0 0 0 0 0 0 4 3 2 0 0 
2 5 0 0 7 0 0 0 0 6 0 0 0 7 0 0 6 5 0 0 4 0 3 3 3 0 2 0 2 0 0 0 0 0 
1 3 3 1 0 3 4 3 1 0 4 5 2 0 3 1 0 2 0 0 0 0 0 1 2 3 0 4 0 0 0 0 0 0 
3 2 1 0 0 0 2 0 0 0 2 0 1 0 3 0 5 1 0 3 5 0 0 0 0 0 0 7 3 0 0 1 0 0 
5 5 0 4 0 6 0 7 5 0 1 0 0 0 3 0 5 3 0 2 2 0 0 0 5 5 1 4 4 0 0 0 0 0 
0 0 1 0 0 4 1 0 3 0 0 0 0 0 5 1 0 2 0 2 0 0 3 0 5 5 0 2 2 0 0 0 0 0 
0 0 0 0 0 3 0 5 4 0 0 4 0 5 3 0 4 0 6 0 0 0 0 0 0 0 0 0 0 6 4 2 0 0 
5 6 4 0 0 0 1 0 0 0 4 0 0 4 0 0 4 3 5 3 4 0 0 0 0 0 0 0 0 7 6 2 0 0 
0 0 0 0 0 4 5 0 0 0 2 1 0 3 0 1 1 2 5 0 0 0 0 0 0 0 0 3 2 4 3 0 0 0 
0 0 0 0 3 0 0 0 2 5 0 0 0 0 0 0 0 0 0 0 0 0 0 0 0 0 0 0 0 0 0 0 3 0 
0 0 0 0 3 0 0 0 3 0 1 0 0 0 0 0 0 4 0 0 0 0 0 0 0 0 0 0 0 0 4 3 0 0 
3 0 0 0 0 0 0 0 0 0 0 0 0 0 0 0 0 0 1 0 0 0 0 0 3 0 0 0 2 0 3 2 0 0 
2 0 3 0 0 0 2 0 5 7 0 0 0 0 0 0 0 6 0 0 0 0 0 0 5 4 0 0 4 0 4 3 0 0 
2 4 5 0 0 0 0 0 2 0 3 4 0 0 0 5 3 5 0 0 0 0 2 0 0 4 3 0 3 1 0 0 0 0 
0 0 0 0 3 4 3 0 4 5 2 0 0 0 0 0 1 0 0 0 0 0 0 0 3 0 0 0 2 1 0 0 0 0 
0 2 4 0 0 2 2 0 3 0 0 0 0 0 0 5 0 0 0 0 0 0 0 0 0 0 0 0 0 0 6 4 0 0 
0 1 2 0 2 2 0 3 0 0 0 0 0 0 0 0 0 0 0 0 0 0 0 0 0 0 0 0 0 0 0 0 4 5 
4 0 0 5 0 0 0 0 3 0 0 0 0 0 0 0 0 0 0 0 0 0 0 0 0 0 0 0 0 0 0 0 4 6 
1 1 0 4 0 0 4 4 4 0 0 0 0 0 0 3 0 0 0 0 0 0 0 3 0 2 0 0 0 0 0 0 0 3 
400 309
0 2 0 1
0 2 0 3
0 2 1 2
0 6 0 4
0 6 0 9
0 6 1 6
0 27 0 25
0 27 0 33
0 27 2 27
0 27 0 25
0 27 0 33
0 27 2 27
0 33 1 33
0 33 1 33
1 30 1 28
1 30 1 33
1 30 4 30
1 33 1 30
1 33 6 33
1 33 6 33
3 1 3 9
3 1 0 1
3 1 14 1
5 7 5 6
5 7 5 8
5 7 7 7
5 7 5 6
5 7 5 8
5 7 7 7
6 24 6 19
6 24 6 33
6 24 0 24
6 24 8 24
6 33 6 24
6 33 31 33
6 33 31 33
7 27 7 25
7 27 7 28
7 27 8 27
10 26 10 24
10 26 10 27
10 26 11 26
11 6 11 7
11 6 10 6
11 6 12 6
11 6 11 7
11 6 10 6
11 6 12 6
11 7 11 8
11 7 10 7
11 7 14 7
11 7 11 8
11 30 11 28
11 30 11 31
11 30 10 30
11 30 12 30
13 10 13 11
13 10 7 10
13 10 14 10
16 4 16 1
16 4 16 9
16 4 12 4
16 4 24 4
16 13 16 9
16 13 16 16
16 13 7 13
16 13 21 13
17 11 17 10
17 11 17 12
17 11 21 11
18 12 17 12
18 27 18 20
18 27 18 28
18 27 17 27
18 27 19 27
19 0 19 1
19 0 18 0
19 0 22 0
19 5 19 7
19 5 17 5
19 5 20 5
19 5 19 7
19 5 17 5
19 5 20 5
19 7 19 8
19 7 17 7
19 7 21 7
19 24 19 20
19 24 19 25
19 24 20 24
20 5 20 6
20 5 21 5
20 14 20 15
20 14 19 14
20 14 21 14
22 29 22 20
22 29 22 30
22 29 21 29
22 29 23 29
27 9 27 8
27 9 27 17
27 9 24 9
27 9 29 9
28 11 28 10
28 11 28 15
28 11 28 10
28 11 28 15
28 17 28 16
28 17 28 22
28 17 27 17
30 30 30 15
30 30 30 31
30 30 27 30
30 30 30 15
30 30 30 31
30 30 27 30
30 31 27 31
30 31 27 31
32 33 32 32
32 33 31 33
32 33 33 33
32 33 32 32
32 33 31 33
32 33 33 33
33 33 33 25
0 25 0 24
0 25 3 25
1 28 1 30
3 25 4 25
4 31 4 30
5 23 5 22
5 25 5 30
5 25 4 25
5 25 5 30
5 25 4 25
5 30 4 30
6 24 6 19
6 24 8 24
8 24 8 20
8 24 8 27
8 24 10 24
8 24 8 20
9 25 9 30
10 6 10 5
10 6 10 7
10 6 8 6
10 6 10 5
10 11 10 12
10 11 9 11
10 11 13 11
10 11 10 12
10 11 9 11
10 11 13 11
11 14 11 16
11 14 5 14
11 14 13 14
11 14 11 16
11 14 5 14
11 14 13 14
12 12 10 12
12 12 13 12
12 12 10 12
12 12 13 12
13 12 14 12
13 14 13 15
13 14 14 14
14 14 14 15
15 2 15 1
15 2 15 3
15 2 14 2
17 5 17 6
17 6 17 7
17 6 18 6
17 6 17 7
19 7 19 8
19 7 21 7
20 25 20 24
20 25 20 27
20 25 19 25
28 10 29 10
31 33 31 32
32 32 32 8
32 32 31 32
33 25 33 23
3 25 4 25
4 26 4 30
6 19 3 19
6 19 9 19
7 22 7 20
7 25 7 27
8 20 7 20
8 20 10 20
8 27 8 28
8 27 7 27
9 11 8 11
9 19 10 19
9 21 10 21
10 5 10 4
10 5 7 5
10 5 12 5
10 5 10 4
10 12 8 12
13 12 14 12
14 12 14 11
14 12 15 12
15 12 15 11
31 32 31 7
31 32 24 32
33 23 33 15
5 22 1 22
7 5 7 4
7 5 7 6
7 5 5 5
7 5 7 4
7 5 7 6
7 6 7 7
7 6 5 6
7 6 8 6
7 6 7 7
7 20 7 22
7 28 7 30
8 6 8 7
8 7 7 7
14 11 14 10
14 11 15 11
14 11 14 10
15 11 15 10
33 23 33 15
5 5 5 4
14 10 14 8
14 10 13 10
14 10 15 10
15 10 15 8
15 10 15 11
16 9 16 4
16 9 16 13
16 9 24 9
16 9 24 9
17 8 19 8
17 10 17 11
17 10 18 10
17 10 17 11
18 10 19 10
19 8 20 8
21 11 21 13
21 11 23 11
21 11 21 13
22 6 23 6
22 10 23 10
23 6 23 5
23 6 27 6
23 6 23 5
23 6 27 6
23 13 23 15
23 13 22 13
23 13 22 13
33 15 33 8
13 10 7 10
14 8 14 7
14 8 12 8
14 8 14 7
19 8 20 8
20 8 21 8
21 8 21 7
21 8 24 8
21 8 21 7
22 10 23 10
22 13 22 16
22 13 21 13
23 5 21 5
23 5 29 5
25 10 25 17
28 2 28 1
28 2 27 2
28 2 30 2
33 8 33 7
33 8 32 8
33 8 33 7
12 8 11 8
21 5 21 7
32 8 32 3
33 6 33 3
33 6 33 7
33 6 33 3
33 6 33 7
5 8 5 10
31 7 31 5
33 3 33 1
33 3 32 3
31 7 31 5
33 0 32 0
32 0 32 3
32 0 28 0
32 0 32 3
32 3 19 3
19 3 19 1
19 3 17 3
19 3 19 1
20 2 22 2
22 2 22 1
22 2 27 2
22 2 22 1
31 4 29 4
22 1 22 0
22 1 19 1
22 1 28 1
22 1 22 0
27 2 28 2
31 4 29 4

5428

2 4 5 4 2 - 5 - - 3         3 3 3 2 3           2 4 = 6 = = = = = 4 
  | 5 5     6 2 3     1 1   4 3   3     1   1   | |   ǁ 2 = 5 = = 6 
  | 3 3 2 1 3 2 3   2 5     4     5 5 3     |   | |   2     |     ǁ 
  5 - - - - - - - 4           3     2 4 3   |   | 3         |     ǁ 
  | 1   2           2 2   2 2 2       |     |   | 4 1 - - - 4 2   ǁ 
  |     2 2 3 6 3 - 5 6     5 3     4 |     3 1 | 4 = = = = 3     ǁ 
  |       | | ǁ       4 2 1 ǁ         4 = = = = 7 = = = = = = = = 6 
  | 2   4 6 6 5     5     5 ǁ         | 3 = 2   ǁ 2 = 5 2 - 2 2 3 ǁ 
  | 1     | 3 3     ǁ 3 3 | ǁ         | 4 = = = 6 - - 4 1         ǁ 
  |       | |       ǁ 3 | | ǁ         2 | 1     | 1 - - - - 5   3 ǁ 
  | 2   5 6 6 2     ǁ 6 5 | ǁ         2 4 2     4 - 5 5 4 2 5 2   ǁ 
  |       | 6 6 3   ǁ ǁ ǁ | 6 = 5 4   1 4       4 1 2 1 2 - 7 2   ǁ 
  | 2   5 5 3 | 2   ǁ ǁ 4 | ǁ     4     3   3 3 4 3         5 1   ǁ 
  | 2 2 | 3 1 | |   5 3 4 | 4 1   4 5                           3 ǁ 
  4 4 2 | 4 2 5 4 - 6 4 4 | 2 1   1   3       1 1   2     2 3 3   ǁ 
2 5 5 2 | 1   2 1 - 4 4 2 |       2   4                   4 3 2   ǁ 
2 5 - - 7 = = = = 6 = = = 7 - - 6 5     4   3 3 3   2   2         ǁ 
1 3 3 1 | 3 4 3 1 ǁ 4 5 2 | 3 1   2           1 2 3   4           ǁ 
3 2 1 | | ǁ 2 | | ǁ 2 | 1 | 3   5 1   3 5 - - - - - - 7 3     1   ǁ 
5 5 = 4 | 6 = 7 5 ǁ 1 |   | 3   5 3   2 2 - - - 5 5 1 4 4         ǁ 
| | 1 | | 4 1 ǁ 3 ǁ   |   | 5 1   2   2     3   5 5 - 2 2         ǁ 
| | | | | 3 - 5 4 ǁ   4 = 5 3   4   6                     6 4 2   ǁ 
5 6 4 | | | 1   | ǁ 4 |   4 - - 4 3 5 3 4 - - - - - - - - 7 6 2   ǁ 
  | | | | 4 5   | ǁ 2 1   3 - 1 1 2 5                 3 2 4 3     ǁ 
  | | | 3 | ǁ   2 5                                             3 ǁ 
  | | | 3 | ǁ   3 | 1 - - - - - - 4                         4 3 | ǁ 
3 | | |   | ǁ     |                 1           3       2   3 2 | ǁ 
2 | 3 |   | 2   5 7 - - - - - - - 6             5 4     4   4 3 | ǁ 
2 4 5 |   |     2 | 3 4 = = = 5 3 5 - - - - 2     4 3   3 1 ǁ ǁ | ǁ 
|   | | 3 4 3   4 5 2           1               3       2 1 ǁ ǁ | ǁ 
| 2 4 | ǁ 2 2   3             5 = = = = = = = = = = = = = = 6 4 | ǁ 
| 1 2 | 2 2 = 3 - - - - - - - - - - - - - - - - - - - - - - - - 4 5 
4 = = 5 - - - - 3 - - - - - - - - - - - - - - - - - - - - - - - 4 6 
1 1 - 4 = = 4 4 4 - - - - - - 3 = = = = = = = 3 - 2 - - - - - - - 3 
