34 34
2 0 0 0 0 0 0 0 4 2 0 0 0 0 0 3 0 0 0 0 0 0 0 0 0 2 1 2 2 0 0 3 1 1 
0 2 1 1 2 0 3 1 3 0 1 0 0 0 0 0 3 2 1 2 0 4 0 2 1 2 1 0 2 2 1 0 1 0 
0 2 0 0 0 0 4 0 0 0 0 0 0 0 0 3 4 0 0 0 0 5 0 0 0 0 0 6 0 0 0 4 4 4 
0 1 0 0 0 0 4 0 0 0 0 0 0 4 1 0 0 2 3 1 0 0 3 0 0 5 1 0 0 0 0 0 3 3 
3 0 0 0 0 0 3 0 3 0 0 4 2 0 0 0 0 1 0 0 0 0 0 3 3 0 1 0 2 0 0 3 3 2 
0 2 2 0 2 1 0 1 3 1 1 2 1 0 0 0 0 4 6 5 2 0 0 0 2 0 0 0 0 2 1 0 0 0 
0 0 0 0 0 0 0 2 3 0 0 0 0 0 0 0 0 2 0 0 0 0 0 0 1 0 2 0 0 0 1 0 0 0 
0 5 5 0 0 0 4 0 0 4 5 5 3 0 0 0 2 0 4 1 0 0 0 4 2 0 0 0 3 5 5 2 0 0 
0 0 0 0 1 0 0 0 0 0 0 0 0 0 0 0 2 1 2 3 0 0 0 0 1 0 0 0 0 1 2 1 0 1 
0 0 0 0 2 1 0 0 0 0 0 2 1 0 0 0 0 1 3 4 0 0 1 0 0 0 0 0 0 2 3 4 0 0 
0 1 0 0 0 0 0 0 0 0 0 2 1 0 0 0 0 0 0 2 0 0 0 0 0 0 0 0 0 0 0 0 0 0 
0 0 0 1 5 3 0 2 0 2 1 3 0 7 4 0 4 0 4 0 0 3 0 6 4 0 0 0 2 0 0 0 0 0 
0 0 0 0 0 0 0 2 3 1 0 2 0 0 0 0 0 2 5 0 0 2 1 3 2 0 0 0 0 0 0 0 0 1 
0 1 5 0 5 1 4 0 5 2 1 0 0 4 1 0 3 1 3 2 0 5 1 1 3 0 0 0 1 0 0 2 0 0 
0 0 1 0 3 0 4 0 0 0 0 2 0 2 0 0 2 0 2 2 1 4 3 1 1 0 0 0 2 0 0 0 0 0 
4 0 0 0 0 0 0 0 0 0 0 0 0 0 0 6 0 0 0 0 0 0 0 0 0 4 0 0 3 4 0 0 5 2 
0 3 0 0 0 1 1 1 3 1 1 1 0 0 0 0 0 0 1 0 0 0 0 0 0 4 2 0 0 0 0 0 0 1 
0 4 0 3 0 0 5 0 5 0 5 4 2 0 0 0 0 0 0 0 0 0 0 0 0 0 2 0 0 0 0 0 0 0 
0 0 0 2 2 0 0 0 0 0 5 3 0 0 0 0 0 0 0 0 0 0 0 0 0 0 0 0 0 0 0 0 0 0 
0 0 0 0 1 0 0 0 0 0 0 0 0 0 0 0 0 0 0 0 0 0 0 0 0 0 0 0 0 0 2 2 0 0 
0 0 2 0 2 1 0 1 3 1 3 0 3 0 0 0 0 0 0 0 0 1 0 0 0 4 0 0 2 5 2 0 0 0 
0 0 0 2 4 0 0 0 0 0 0 0 0 0 0 0 0 0 0 0 0 0 0 0 0 3 3 0 0 2 2 2 0 0 
0 1 4 0 7 0 6 0 0 0 0 0 0 0 0 5 0 0 0 0 0 0 0 0 0 0 0 5 0 0 0 0 5 3 
0 1 0 1 0 0 0 1 0 0 3 3 3 4 2 0 2 0 0 4 2 0 3 1 4 2 1 0 2 3 0 0 0 1 
0 3 5 2 0 0 0 2 0 0 0 2 0 0 0 0 2 0 0 6 0 0 5 0 6 2 0 0 1 0 0 0 0 2 
0 3 2 0 0 0 0 4 0 0 4 0 4 5 4 0 1 3 0 0 2 0 3 1 1 0 0 0 3 4 0 0 3 4 
0 4 0 0 4 2 0 2 3 2 0 0 0 1 1 0 1 0 0 0 2 2 0 4 0 0 4 0 0 0 2 0 3 3 
0 1 3 2 1 0 0 3 4 2 0 1 6 2 0 0 0 0 0 0 1 3 0 4 3 2 0 0 2 2 3 0 0 2 
0 0 0 2 0 2 0 2 0 0 0 0 2 0 0 0 3 6 0 5 0 0 0 0 0 0 4 0 1 1 3 0 0 3 
3 0 5 0 3 1 0 0 0 0 0 0 0 0 0 0 0 0 0 1 0 0 0 0 0 0 0 0 0 0 2 1 0 0 
2 2 5 1 3 1 0 0 0 0 0 0 0 0 0 0 0 0 0 0 0 0 0 0 0 0 0 4 0 0 0 0 4 3 
2 1 2 1 2 1 0 3 0 0 4 0 0 0 0 4 0 0 0 0 0 0 0 0 0 0 3 2 2 0 0 0 6 2 
2 0 0 0 0 0 4 0 0 0 0 1 0 1 0 5 0 0 0 0 0 0 3 0 0 1 1 0 3 0 3 2 7 2 
2 1 2 0 3 0 0 0 0 0 0 0 0 0 0 3 0 0 0 0 0 0 0 0 0 0 0 0 0 1 3 2 4 2 
400 23
7 1 7 2
7 1 5 1
7 1 10 1
11 13 11 11
11 13 11 14
11 13 3 13
11 13 13 13
22 4 22 2
22 4 22 6
22 4 21 4
22 4 26 4
28 17 28 16
28 17 28 19
28 17 25 17
28 17 28 16
28 17 28 19
28 17 25 17
32 32 32 31
32 32 32 33
32 32 31 32
32 32 33 32
7 1 7 2
7 1 5 1

4629

2               4 2           3                   2 1 2 2     3 1 1 
  2 1 1 2   3 1 3   1           3 2 1 2   4   2 1 2 1   2 2 1   1   
  2         4                 3 4         5           6       4 4 4 
  1         4             4 1     2 3 1     3     5 1           3 3 
3           3   3     4 2 |       1           3 3   1   2     3 3 2 
  2 2   2 1   1 3 1 1 2 1 |       4 6 5 2       2         2 1       
  ǁ           2 3         |       2             1   2       1       
  5 5       4     4 5 5 3 |     2   4 1       4 2       3 5 5 2     
  |     1                 |     2 1 2 3         1         1 2 1   1 
  |     2 1           2 1 |       1 3 4     1             2 3 4     
  1                   2 1 |           2                             
      1 5 3   2   2 1 3 - 7 4   4   4     3   6 4       2           
              2 3 1   2   |       2 5     2 1 3 2                 1 
  1 5   5 1 4   5 2 1     4 1   3 1 3 2   5 1 1 3       1     2     
    1   3   4         2   2     2   2 2 1 4 3 1 1       2           
4                             6                   4     3 4     5 2 
  3       1 1 1 3 1 1 1             1             4 2             1 
  4   3     5   5   5 4 2                           2               
      2 2           5 3                                             
        1                                                   2 2     
    2   2 1   1 3 1 3   3                 1       4     2 5 2       
      2 4                                         3 3     2 2 2     
  1 4 - 7 - 6                 5                       5         5 3 
  1   1 |     1     3 3 3 4 2   2     4 2   3 1 4 2 1   2 3       1 
  3 5 2 |     2       2         2     6     5   6 2     1         2 
  3 2   |     4     4   4 5 4   1 3     2   3 1 1       3 4     3 4 
  4     4 2   2 3 2       1 1   1 ǁ     2 2   4     4       2   3 3 
  1 3 2 1     3 4 2   1 6 2       ǁ     1 3   4 3 2     2 2 3     2 
      2   2   2         2       3 6 = 5             4   1 1 3     3 
3   5   3 1                           1                     2 1     
2 2 5 1 3 1                                           4         4 3 
2 1 2 1 2 1   3     4         4                     3 2 2       6 2 
2           4         1   1   5             3     1 1   3   3 2 7 2 
2 1 2   3                     3                           1 3 2 4 2 
