34 34
1 2 0 0 0 3 0 3 0 0 0 0 0 0 0 0 0 0 0 0 0 0 0 0 0 0 0 0 0 0 0 0 0 2 
2 0 0 3 1 0 0 0 2 0 0 2 1 2 0 2 0 0 0 0 0 0 0 0 0 0 0 0 1 3 0 1 0 0 
0 2 0 0 1 0 0 0 0 3 0 4 0 0 0 4 0 0 0 0 0 0 0 0 0 0 0 0 5 5 0 0 0 3 
0 0 0 0 0 0 1 0 2 2 1 4 0 0 0 0 0 0 0 0 0 1 2 0 3 0 2 1 0 0 2 1 1 0 
0 4 0 4 2 0 0 0 2 2 1 3 0 0 0 0 0 0 0 2 1 3 2 1 0 2 4 1 0 0 3 3 0 0 
3 0 1 0 1 4 3 5 0 0 0 0 0 0 0 0 0 0 0 0 0 6 0 0 4 0 3 2 0 0 1 0 0 0 
0 2 4 0 2 4 3 0 1 2 3 1 2 0 3 0 0 0 0 0 0 5 0 0 2 3 2 2 0 0 0 0 3 0 
4 3 4 0 1 2 2 1 3 0 4 0 0 0 0 0 0 0 0 0 0 5 0 0 3 0 1 2 0 3 2 2 0 0 
1 1 2 0 2 3 1 0 3 1 0 1 0 0 2 0 0 0 0 0 0 2 2 0 4 0 1 1 0 1 0 0 0 0 
3 0 0 4 0 0 0 0 0 0 5 0 0 0 0 0 0 0 0 0 0 0 0 0 0 0 0 0 6 0 5 4 0 0 
2 1 0 0 0 1 0 3 1 2 0 4 0 0 0 0 3 0 0 0 0 0 0 0 0 0 0 0 0 2 0 2 0 0 
1 1 0 5 0 0 0 7 5 4 0 0 4 0 2 0 3 0 0 0 0 0 0 0 0 0 3 1 0 4 0 1 0 0 
3 3 2 2 3 2 0 7 5 2 0 0 0 0 0 0 0 0 0 0 0 0 0 0 0 0 0 0 0 0 0 1 0 0 
0 2 0 2 5 3 1 0 2 1 0 0 3 0 0 0 0 0 0 0 0 0 0 0 0 0 0 0 4 3 0 0 0 0 
0 0 1 1 3 0 0 5 3 2 0 4 4 0 0 0 0 0 0 0 0 0 0 0 0 0 0 0 0 0 5 2 0 0 
0 2 1 1 4 1 0 4 2 2 0 1 4 0 0 0 0 0 1 1 0 0 2 0 0 0 0 0 0 0 6 2 0 0 
0 0 0 0 1 1 0 2 2 3 0 1 3 0 3 0 3 1 1 0 0 0 0 0 0 0 0 0 0 0 3 1 0 0 
3 0 0 0 0 0 0 0 0 0 5 0 0 0 0 0 0 0 0 0 0 0 0 0 0 0 0 0 0 0 0 0 4 0 
0 1 1 3 0 0 0 3 3 1 0 3 0 2 1 3 2 1 1 0 0 3 3 5 0 0 0 3 1 0 1 1 0 0 
0 0 2 3 1 1 1 3 0 1 0 0 1 3 2 5 0 0 0 0 0 7 4 2 2 3 0 0 2 0 0 0 0 0 
0 0 3 1 0 0 0 0 0 0 0 3 0 0 1 0 1 2 0 1 0 0 1 0 1 3 1 0 0 0 0 0 0 0 
0 0 4 0 4 3 4 0 0 0 0 2 2 0 0 0 0 3 0 0 0 5 0 0 0 0 0 0 5 0 4 2 0 0 
0 0 2 1 0 0 0 0 0 0 0 3 0 4 0 0 2 0 0 0 0 0 2 0 5 0 0 0 3 3 5 1 0 0 
0 3 0 0 5 1 0 0 0 0 0 0 0 0 3 2 0 0 0 0 0 0 1 0 0 0 2 0 0 0 0 1 0 0 
0 0 0 0 2 0 2 0 1 0 0 0 0 0 0 2 0 0 0 0 0 0 0 0 0 0 0 0 0 0 0 0 0 0 
0 0 0 0 0 0 0 0 0 0 0 0 0 0 0 3 0 0 0 0 0 0 0 0 0 1 5 0 0 4 0 0 0 0 
4 6 0 0 0 0 0 6 2 3 0 0 0 0 1 0 0 0 0 0 0 0 2 0 4 1 3 2 0 0 0 0 0 0 
0 0 1 0 0 3 1 2 2 2 0 3 1 0 1 0 0 4 0 5 2 0 3 2 1 0 0 0 0 4 4 3 0 0 
0 0 4 3 1 0 1 3 1 1 0 2 1 0 0 0 0 1 0 2 1 0 0 0 0 0 0 0 0 1 2 1 0 0 
4 0 0 1 0 0 1 5 0 0 5 0 0 5 4 2 2 0 0 0 0 4 0 0 0 0 0 0 0 0 0 0 5 5 
2 3 4 3 1 0 2 5 2 0 0 1 0 2 2 1 1 0 0 0 0 3 0 0 0 0 0 0 0 0 2 1 0 0 
2 4 0 0 0 3 0 0 0 0 6 0 0 0 0 0 0 0 0 0 2 1 0 0 0 2 0 0 0 0 0 0 4 2 
2 2 3 0 3 0 0 0 0 0 5 2 3 2 3 0 3 0 0 0 0 0 0 0 0 0 0 0 0 0 0 0 5 3 
2 1 3 2 1 0 0 0 0 0 3 1 2 1 2 1 2 0 0 0 2 0 0 0 1 1 0 0 0 0 0 0 2 2 
400 14
11 7 11 3
11 7 11 8
11 7 10 7
11 7 12 7
19 21 19 15
19 21 19 22
19 21 18 21
19 21 21 21
29 33 29 32
29 33 2 33
29 33 31 33
30 7 30 6
30 7 30 8
30 7 29 7

8049

1 2       3   3                                                   2 
2     3 1       2     2 1 2   2                         1 3   1     
  2     1         3   4       4                         5 5       3 
            1   2 2 1 4                   1 2   3   2 1     2 1 1 | 
  4   4 2       2 2 1 3               2 1 3 2 1   2 4 1     3 3   | 
3   1   1 4 3 5                           6     4   3 2     1     | 
  2 4   2 4 3   1 2 3 1 2   3             5     2 3 2 2         3 | 
4 3 4   1 2 2 1 3   4                     5     3   1 2   3 2 2   | 
1 1 2   2 3 1   3 1   1     2             2 2   4   1 1   1       | 
3     4             5                                   6   5 4   | 
2 1       1   3 1 2   4         3                         2   2   | 
1 1   5 - - - 7 5 4     4   2   3                   3 1   4   1   | 
3 3 2 2 3 2   7 5 2                                           1   | 
  2   2 5 3 1   2 1     3                               4 3       | 
    1 1 3     5 3 2   4 4                                   5 2   | 
  2 1 1 4 1   4 2 2   1 4           1 1     2               6 2   | 
        1 1   2 2 3   1 3   3   3 1 1                       3 1   | 
3                   5                                           4 | 
  1 1 3       3 3 1   3   2 1 3 2 1 1     3 3 5       3 1   1 1   | 
    2 3 1 1 1 3   1     1 3 2 5 - - - - - 7 4 2 2 3     2         | 
    3 1               3     1   1 2   1   | 1   1 3 1             | 
    4   4 3 4         2 2         3       5             5   4 2   | 
    2 1               3   4     2           2   5       3 3 5 1   | 
  3     5 1                 3 2             1       2         1   | 
        2   2   1             2                                   | 
                              3                   1 5     4       | 
4 6           6 2 3         1               2   4 1 3 2           | 
    1     3 1 2 2 2   3 1   1     4   5 2   3 2 1         4 4 3   | 
    4 3 1   1 3 1 1   2 1         1   2 1                 1 2 1   | 
4     1     1 5     5     5 4 2 2         4                     5 5 
2 3 4 3 1   2 5 2     1   2 2 1 1         3                 2 1   | 
2 4       3         6                   2 1       2             4 2 
2 2 3   3           5 2 3 2 3   3                               5 3 
2 1 3 2 1           3 1 2 1 2 1 2       2       1 1             2 2 
