34 34
2 3 3 0 3 2 1 1 0 0 0 0 0 0 0 0 0 0 0 0 0 0 0 0 0 0 0 0 0 0 0 0 2 1 
5 0 0 0 5 0 0 0 0 0 0 0 0 0 0 0 0 2 0 0 0 0 0 0 0 0 2 0 0 0 1 0 0 0 
0 2 3 1 0 2 0 4 0 0 0 0 0 0 0 0 0 0 0 0 0 0 0 0 0 0 0 0 0 0 0 0 5 3 
0 1 0 1 0 0 0 0 2 0 4 0 0 4 0 0 0 0 0 3 0 0 0 0 0 0 0 0 2 2 2 2 0 1 
0 0 0 0 0 0 0 0 0 1 0 1 0 0 2 0 2 2 1 0 0 0 1 0 0 0 0 0 3 3 2 2 0 1 
0 0 0 3 0 0 2 0 0 0 0 0 0 0 0 1 0 4 0 7 0 0 0 0 0 0 0 0 0 0 0 0 6 4 
0 1 0 0 0 0 0 0 0 0 0 0 0 0 0 0 0 0 1 0 0 0 0 0 0 0 1 0 0 2 2 3 0 0 
0 0 0 0 0 0 0 0 0 0 0 2 0 0 0 0 0 4 4 0 0 0 0 0 0 0 0 0 0 0 1 0 0 3 
0 3 4 4 0 0 0 0 0 0 0 0 0 0 0 0 0 1 0 0 2 0 0 0 0 0 3 0 0 0 0 0 0 0 
0 0 0 2 0 0 0 0 1 2 0 0 2 0 0 0 0 2 3 0 3 2 0 3 1 0 0 2 0 5 2 0 0 0 
0 0 0 2 0 0 0 0 0 0 0 0 0 0 0 0 0 2 1 0 2 1 0 0 0 0 0 1 0 0 2 0 0 0 
0 0 0 0 0 0 0 0 0 0 3 4 4 0 0 0 0 1 0 0 0 0 0 0 0 0 0 0 0 0 0 0 0 0 
0 0 0 0 0 4 6 0 0 0 2 0 0 0 3 4 0 3 0 7 0 0 0 4 0 0 3 1 0 0 0 0 0 4 
0 0 0 0 0 0 2 0 0 0 0 0 2 0 0 2 0 0 2 0 2 2 2 3 0 4 0 0 0 5 5 3 0 0 
0 0 0 0 0 4 2 0 0 0 2 2 0 0 0 0 0 3 4 0 0 1 0 2 1 0 1 0 0 0 1 0 0 3 
0 0 0 0 0 3 2 0 0 0 0 0 0 0 0 0 0 0 3 0 5 0 5 2 2 6 6 2 3 0 3 0 0 1 
0 0 0 0 0 1 0 5 0 6 0 0 3 0 0 0 0 0 3 0 0 1 0 3 3 0 3 0 0 0 0 0 0 1 
0 2 0 0 0 1 0 5 2 2 4 0 2 0 3 2 0 0 0 0 0 0 0 1 0 0 0 0 0 0 0 0 0 0 
0 1 0 0 0 3 1 0 2 1 2 0 0 0 1 2 0 0 3 0 0 0 0 0 0 0 0 0 0 0 5 2 0 0 
0 2 4 2 0 4 0 5 1 2 0 0 4 3 3 3 0 1 0 0 4 3 0 0 0 2 2 0 0 0 2 2 0 0 
0 0 0 2 0 1 1 3 0 0 1 0 0 2 2 1 0 1 0 0 0 1 0 0 5 0 3 0 2 0 0 0 0 0 
0 0 0 4 5 0 0 0 0 0 0 0 5 0 0 0 5 3 4 0 3 3 0 0 2 1 4 0 0 0 3 4 0 0 
0 0 0 0 0 2 1 0 4 0 2 1 0 3 2 0 0 1 1 0 0 2 0 0 1 0 2 0 0 0 0 1 0 0 
0 1 0 0 0 0 3 0 5 0 0 0 4 4 3 2 0 3 0 3 0 0 3 0 0 0 0 0 0 3 3 2 0 0 
0 0 0 0 2 4 3 4 4 2 0 1 2 6 5 1 0 3 0 0 0 0 0 0 0 0 0 2 0 0 3 1 0 0 
0 0 0 0 1 1 2 3 1 0 1 0 0 3 3 1 0 2 1 0 0 1 0 0 0 0 0 0 0 0 2 0 0 0 
0 0 0 0 3 0 0 0 0 4 0 0 0 0 0 0 5 0 0 0 0 0 0 0 0 0 0 0 0 0 0 0 4 2 
4 0 2 0 3 0 1 2 0 5 0 0 3 2 2 1 0 1 2 0 3 1 1 0 3 0 4 0 0 0 0 0 5 2 
0 1 0 6 4 3 0 3 2 4 2 3 0 0 0 1 0 2 4 1 0 2 0 0 0 0 3 0 2 1 2 0 0 3 
0 3 0 5 0 3 1 2 4 5 1 0 3 5 3 0 0 2 6 0 7 0 0 0 0 0 0 0 3 2 4 1 0 0 
0 3 1 2 1 2 1 1 0 4 2 0 1 3 5 3 0 1 3 1 0 1 0 3 1 2 0 0 0 0 0 0 6 5 
0 1 0 4 0 0 0 0 0 0 0 5 0 0 0 0 5 0 0 0 4 0 0 5 0 0 0 0 0 1 2 0 3 0 
3 2 0 3 1 3 0 0 0 0 0 4 1 3 0 0 5 0 0 0 3 2 0 1 2 1 2 0 0 0 5 2 1 2 
4 3 0 2 1 2 0 1 2 0 0 4 1 4 3 2 5 0 0 0 0 0 0 0 3 2 3 1 0 0 2 1 0 2 
400 33
1 0 1 4
1 0 0 0
1 0 27 0
5 19 5 17
5 19 5 32
5 19 3 19
5 19 12 19
29 20 29 18
29 20 29 28
29 20 27 20
29 20 31 20
30 19 30 18
30 33 30 32
30 33 28 33
30 33 32 33
33 0 33 1
33 0 32 0
33 0 33 1
33 0 32 0
33 16 33 15
33 16 33 24
33 16 32 16
33 33 33 31
33 33 32 33
4 18 4 17
4 22 4 28
30 33 30 32
30 33 28 33
30 32 30 25
30 32 27 32
30 32 31 32
30 32 30 25
28 33 27 33

4073

2 3 3   3 2 1 1                                                 2 1 
5 - - - 5                         2                 2       1       
| 2 3 1   2   4                                                 5 3 
| 1   1         2   4     4           3                 2 2 2 2   1 
|                 1   1     2   2 2 1 |     1 - - - - - 3 3 2 2   1 
|     3     2                 1   4 - 7 - - - - - - - - - - - - 6 4 
| 1                                 1 |             1     2 2 3     
|                     2           4 4 |                     1     3 
| 3 4 4                           1   | 2           3               
|     2         1 2     2         2 3 | 3 2   3 1     2   5 2       
|     2                           2 1 | 2 1           1     2       
|                   3 4 4         1   |                             
|         4 6       2       3 4   3   7       4     3 1           4 
|           2           2     2     2   2 2 2 3   4       5 5 3     
|         4 2       2 2           3 4     1   2 1   1       1     3 
|         3 2                       3   5   5 2 2 6 6 2 3   3     1 
|         1   5   6     3           3     1   3 3   3             1 
| 2       1   5 2 2 4   2   3 2               1                     
| 1       3 1   2 1 2       1 2     3                       5 2     
| 2 4 2   4   5 1 2     4 3 3 3   1     4 3       2 2       2 2     
|     2   1 1 3     1     2 2 1   1       1     5   3   2           
|     4 5               5       5 3 4   3 3     2 1 4       3 4     
|         2 1   4   2 1   3 2     1 1     2     1   2         1     
| 1         3   5       4 4 3 2   3   3     3             3 3 2     
|       2 4 3 4 4 2   1 2 6 5 1   3                   2     3 1     
|       1 1 2 3 1   1     3 3 1   2 1     1                 2       
|       3         4             5                               4 2 
4   2   3   1 2   5     3 2 2 1   1 2   3 1 1   3   4           5 2 
  1   6 4 3   3 2 4 2 3       1   2 4 1 | 2         3   2 1 2   | 3 
  3   5   3 1 2 4 5 1   3 5 3     2 6 - 7 - - - - - - - 3 2 4 1 | ǁ 
  3 1 2 1 2 1 1   4 2   1 3 5 3   1 3 1 | 1   3 1 2 = = = = = = 6 5 
  1   4               5         5       4     5           1 2   3 | 
3 2   3 1 3           4 1 3     5       3 2   1 2 1 2       5 2 1 2 
4 3   2 1 2   1 2     4 1 4 3 2 5 - - - - - - - 3 2 3 1     2 1 - 2 
