34 34
4 2 4 0 5 0 0 0 0 0 0 0 0 0 0 0 0 0 0 0 6 0 0 0 0 4 4 0 0 4 2 1 4 4 
4 0 6 2 0 0 0 0 0 0 0 4 0 0 0 4 4 0 0 0 6 2 4 2 2 0 5 2 0 0 0 2 0 2 
1 2 0 0 0 0 0 0 0 0 0 2 0 0 0 0 3 1 4 2 3 0 6 4 0 0 4 2 0 0 0 6 5 2 
0 0 0 0 3 0 0 0 0 0 0 0 0 0 0 6 0 0 5 1 0 0 1 4 4 0 2 3 2 0 0 2 0 0 
0 4 0 0 3 1 0 0 0 3 0 0 0 0 0 0 0 0 0 0 7 0 0 0 0 8 0 0 0 8 5 4 5 4 
0 2 0 0 7 0 0 0 0 0 0 0 0 0 4 2 6 0 3 1 0 2 4 2 0 7 1 3 1 0 1 4 0 0 
0 0 0 0 0 1 0 0 0 2 2 0 4 2 0 2 0 2 0 4 0 0 0 1 0 4 0 5 2 0 2 4 0 0 
0 0 0 0 0 0 0 0 0 0 0 0 0 0 0 0 0 3 1 0 0 4 8 0 0 0 0 0 0 7 0 0 6 6 
4 0 0 0 7 0 0 0 0 7 2 0 0 0 0 0 0 0 2 0 0 2 0 1 3 2 0 0 0 0 4 0 6 0 
0 1 0 0 0 2 0 4 0 0 4 0 8 4 0 0 0 6 6 0 0 0 0 0 0 0 0 0 0 0 0 1 0 0 
0 0 0 0 0 0 0 0 0 0 0 0 0 1 0 0 0 2 0 3 0 0 0 1 0 0 0 0 0 0 0 0 0 0 
0 2 0 0 0 0 0 0 0 0 3 3 0 0 0 0 6 0 6 0 0 1 0 0 0 0 0 0 0 0 4 0 0 0 
0 0 0 0 0 0 0 0 0 4 2 2 0 0 0 0 0 3 7 3 0 0 0 0 0 0 0 0 0 0 4 3 4 0 
0 4 0 0 6 0 0 8 0 0 0 0 8 3 0 0 0 2 2 2 0 3 0 5 8 6 3 1 0 0 4 4 2 0 
0 4 0 0 0 0 2 4 2 4 2 0 0 0 0 0 0 2 3 3 0 0 0 2 0 0 0 0 0 0 0 4 2 0 
0 2 0 0 0 0 0 0 0 0 0 0 0 0 0 0 0 4 7 0 5 4 0 2 0 0 0 0 0 0 0 2 0 0 
0 1 0 0 6 2 0 1 0 5 0 0 0 0 0 0 0 1 0 4 7 3 0 6 6 0 0 0 0 7 6 2 0 0 
0 0 0 0 1 0 0 2 0 0 0 0 0 0 0 0 0 0 2 2 0 0 0 0 0 3 4 0 2 6 0 2 0 0 
1 4 0 0 6 0 5 3 0 0 0 0 0 0 0 0 0 3 4 2 0 0 0 0 0 0 3 1 0 4 0 3 3 0 
0 0 0 0 0 2 0 0 0 8 0 2 0 0 0 6 7 0 8 5 2 0 0 0 0 3 4 0 6 0 0 0 0 6 
0 3 4 2 0 0 0 0 2 0 2 0 0 0 0 0 0 0 0 5 4 0 0 0 0 1 2 2 3 1 0 0 3 0 
0 0 0 0 0 4 0 0 8 5 0 0 0 0 0 0 0 0 0 0 2 0 0 4 5 0 0 0 0 4 3 1 0 0 
0 0 0 0 0 0 0 0 0 4 6 2 2 0 0 0 0 0 0 6 2 1 0 2 6 0 0 4 2 4 8 4 0 2 
0 0 1 0 0 0 0 0 0 3 0 0 0 0 0 0 0 0 0 2 2 2 0 2 4 0 0 0 4 2 2 2 0 1 
2 0 0 0 0 4 2 0 0 2 0 0 0 0 0 4 0 2 7 5 6 4 0 6 0 0 0 0 0 0 0 0 7 4 
0 1 0 0 0 0 0 0 0 0 0 0 0 0 0 2 0 2 5 2 2 0 0 5 0 5 0 2 0 0 1 0 0 2 
0 0 0 0 0 0 0 0 0 0 0 0 0 0 0 0 0 1 3 0 4 1 0 4 2 4 0 0 0 0 4 1 0 2 
0 3 0 0 7 0 0 0 8 0 0 0 0 0 8 0 7 0 0 0 0 0 7 0 0 0 0 0 0 0 0 0 7 6 
5 0 4 1 0 0 3 1 0 3 0 0 5 2 0 2 6 2 2 0 6 4 0 4 0 0 5 0 5 4 0 0 0 0 
0 1 0 0 0 0 0 2 4 0 2 0 6 2 0 0 2 1 2 0 0 2 0 2 2 0 6 2 0 2 0 0 0 2 
4 5 0 0 2 0 4 4 4 0 2 0 3 0 0 4 0 0 7 0 8 0 7 0 0 0 0 0 8 3 0 0 0 1 
1 2 0 0 0 0 3 4 2 0 0 0 0 0 0 2 2 2 6 2 2 1 4 1 2 0 4 0 4 1 0 0 0 0 
2 0 5 0 0 0 0 0 0 4 0 0 0 0 7 4 4 0 0 0 0 0 0 0 0 0 0 0 0 0 0 0 6 2 
1 0 0 0 0 2 0 0 0 0 0 0 0 0 5 0 0 0 0 0 0 0 4 2 2 4 0 0 0 0 0 0 6 2 
400 620
0 0 0 1
0 0 1 0
0 0 0 1
0 0 1 0
0 2 0 4
0 2 1 2
0 2 0 4
0 2 1 2
0 20 0 4
0 20 0 25
0 20 1 20
0 20 0 4
0 20 0 25
0 20 1 20
0 25 0 26
0 25 4 25
0 26 0 29
0 26 1 26
0 26 0 29
0 29 0 30
0 29 4 29
0 33 0 32
0 33 1 33
0 33 0 32
0 33 1 33
1 0 1 2
1 0 2 0
1 20 1 16
1 20 1 21
1 20 2 20
1 20 1 16
1 26 1 27
1 26 2 26
1 26 1 27
1 26 2 26
2 26 2 27
2 26 3 26
2 27 3 27
2 31 2 32
2 31 1 31
2 31 3 31
2 31 2 32
2 31 1 31
2 31 3 31
4 20 4 9
4 20 4 25
4 20 2 20
4 20 15 20
4 25 4 20
4 25 4 29
4 25 5 25
4 25 4 29
4 25 5 25
4 25 5 25
5 4 5 1
5 4 5 14
5 4 4 4
5 4 8 4
5 16 5 15
5 16 5 18
5 16 11 16
5 16 5 15
5 16 5 18
5 16 11 16
7 22 7 21
7 22 7 29
7 22 5 22
7 22 27 22
7 22 7 21
7 22 7 29
7 22 5 22
7 22 27 22
7 29 7 32
7 29 4 29
7 29 16 29
7 33 7 32
7 33 4 33
7 33 19 33
7 33 7 32
7 33 4 33
7 33 19 33
8 0 8 4
8 0 18 0
8 0 8 4
8 9 8 4
8 9 8 10
8 9 6 9
8 9 12 9
8 30 8 32
8 30 11 30
8 30 8 32
8 30 11 30
8 32 7 32
8 32 12 32
9 7 9 5
9 7 13 7
9 7 9 5
9 7 13 7
9 12 9 10
9 12 9 13
9 12 6 12
9 12 13 12
9 12 9 10
9 12 9 13
9 12 6 12
9 12 13 12
9 13 6 13
9 13 10 13
9 17 9 18
9 17 7 17
9 17 10 17
9 17 9 18
9 17 7 17
9 17 10 17
9 18 8 18
9 18 11 18
9 18 8 18
9 18 11 18
9 31 12 31
11 16 11 18
11 16 19 16
11 16 11 18
11 16 19 16
11 18 12 18
11 30 12 30
13 7 13 4
13 7 13 12
13 7 14 7
13 12 13 7
13 12 13 13
13 12 22 12
13 23 13 24
13 23 10 23
13 23 14 23
13 24 13 23
13 24 13 25
13 24 8 24
13 24 16 24
13 24 13 23
13 24 13 25
13 24 8 24
13 25 13 26
13 25 8 25
13 25 17 25
13 25 13 26
14 23 15 23
15 18 15 17
15 18 15 20
15 18 14 18
15 18 17 18
15 23 16 23
16 4 16 1
16 4 16 5
16 4 13 4
16 4 17 4
16 9 16 7
16 9 14 9
16 9 19 9
16 19 16 20
16 19 17 19
16 19 16 20
16 19 17 19
16 20 16 21
16 20 15 20
16 20 19 20
16 29 16 30
16 29 7 29
16 29 17 29
16 29 16 30
16 29 17 29
17 7 18 7
18 1 18 4
18 1 20 1
18 1 18 4
18 1 20 1
18 4 18 6
18 4 27 4
19 9 19 5
19 9 19 11
19 9 16 9
19 9 21 9
19 15 19 16
19 15 6 15
19 15 24 15
19 15 19 16
19 15 6 15
19 15 24 15
19 18 19 16
19 18 19 19
19 18 18 18
19 18 24 18
19 18 19 16
19 18 19 19
19 18 18 18
19 18 24 18
19 33 19 28
19 33 22 33
20 8 21 8
20 10 22 10
20 19 20 20
20 19 19 19
20 19 22 19
21 8 21 5
21 8 21 9
21 8 20 8
21 8 27 8
22 19 22 20
22 19 20 19
22 19 23 19
22 19 22 20
22 19 23 19
22 30 22 29
22 30 22 31
22 30 21 30
22 30 23 30
22 30 22 29
22 30 22 31
22 30 21 30
22 30 23 30
24 0 28 0
24 18 24 17
24 18 24 19
24 18 25 18
24 23 24 32
24 23 23 23
24 23 25 23
24 23 24 32
24 23 23 23
24 23 25 23
24 32 24 33
24 32 20 32
24 32 27 32
25 25 25 23
25 25 25 27
25 25 26 25
26 30 26 25
26 30 26 31
26 30 25 30
26 30 26 25
27 8 27 4
27 8 27 14
27 8 21 8
27 8 29 8
27 14 27 8
27 14 27 16
27 14 5 14
27 14 32 14
27 22 27 16
27 22 27 32
27 22 30 22
27 33 27 32
27 33 26 33
27 33 29 33
27 33 27 32
27 33 26 33
27 33 29 33
28 12 28 9
28 12 28 13
28 12 29 12
28 20 28 18
28 20 28 21
28 20 30 20
28 20 28 18
28 20 28 21
28 20 30 20
28 21 29 21
28 23 28 26
28 23 29 23
28 23 28 26
28 23 29 23
28 28 28 26
28 28 28 29
28 28 30 28
28 29 28 28
28 29 29 29
28 29 28 28
29 27 29 26
29 29 30 29
30 18 30 15
30 18 30 20
30 18 29 18
30 18 31 18
30 20 30 18
30 20 30 22
30 20 31 20
31 18 31 17
31 18 31 19
31 18 30 18
31 18 31 17
31 18 31 19
32 2 32 0
32 2 32 9
32 2 28 2
33 14 33 5
33 14 33 22
33 14 32 14
33 25 33 24
33 25 33 32
33 25 33 24
33 25 33 32
33 32 33 33
33 32 32 32
0 4 3 4
0 32 0 31
0 32 2 32
1 2 1 3
1 3 1 2
1 11 1 15
1 11 2 11
1 11 1 15
1 11 2 11
1 15 1 16
1 15 3 15
1 16 2 16
1 21 1 22
1 22 1 23
1 22 2 22
1 22 1 23
1 24 3 24
2 1 4 1
2 16 2 17
2 18 2 19
2 18 3 18
2 18 2 19
2 18 3 18
2 22 2 20
2 22 2 23
2 22 3 22
2 22 2 23
2 23 2 22
2 23 3 23
3 19 3 18
3 23 3 24
3 24 3 23
3 24 1 24
3 26 3 27
3 27 3 28
4 20 4 9
4 20 15 20
4 29 4 30
4 29 7 29
4 29 4 30
4 29 4 30
4 33 4 32
4 33 2 33
5 14 5 4
5 14 27 14
5 22 5 21
5 22 5 23
6 5 6 9
6 12 6 10
6 12 6 13
6 27 6 25
6 27 6 28
6 27 5 27
6 31 6 30
6 31 5 31
6 31 6 30
6 31 5 31
7 21 5 21
7 21 8 21
8 9 8 4
8 9 8 10
8 9 12 9
8 21 11 21
8 23 8 24
8 32 7 32
8 32 12 32
9 1 11 1
9 10 11 10
11 1 13 1
11 18 12 18
11 30 12 30
12 9 12 10
12 18 12 17
12 18 12 19
12 18 13 18
12 30 12 31
12 30 13 30
12 32 12 31
12 32 13 32
13 1 13 4
13 1 14 1
13 1 13 4
13 4 13 7
13 4 8 4
13 7 14 7
13 12 13 13
13 12 22 12
13 21 15 21
13 30 13 31
13 30 16 30
13 30 13 31
13 31 13 32
13 31 14 31
14 1 15 1
14 7 14 6
14 7 14 8
14 8 14 9
14 9 14 10
14 9 16 9
14 31 14 32
14 31 15 31
14 31 14 32
15 1 14 1
15 31 16 31
16 4 16 5
17 7 18 7
18 4 18 6
18 4 27 4
18 7 18 6
18 32 18 31
19 9 19 5
19 9 19 11
19 9 21 9
19 16 27 16
19 33 19 28
19 33 22 33
20 10 22 10
21 5 21 8
21 5 24 5
21 5 24 5
21 8 21 9
21 9 22 9
21 20 20 20
22 9 22 10
22 9 23 9
22 9 22 10
22 10 22 11
22 11 22 10
22 31 21 31
22 31 23 31
23 9 24 9
23 24 23 28
23 24 22 24
23 24 23 28
23 24 22 24
23 28 23 29
23 28 22 28
23 29 22 29
23 33 24 33
24 0 28 0
24 5 24 6
24 6 24 5
24 9 23 9
24 15 25 15
24 33 24 32
24 33 25 33
25 15 24 15
25 27 25 25
26 23 26 24
26 23 25 23
26 23 26 24
26 23 25 23
26 25 25 25
27 8 27 4
27 8 29 8
27 14 27 16
27 14 32 14
27 16 27 22
27 16 28 16
27 16 28 16
28 16 28 15
28 16 28 17
28 16 29 16
28 16 28 15
28 17 29 17
28 21 29 21
28 26 29 26
29 18 30 18
29 27 29 26
30 1 30 0
30 1 29 1
30 1 31 1
30 15 31 15
30 20 30 22
30 20 31 20
31 21 31 22
33 32 33 33
33 32 32 32
0 30 4 30
2 1 4 1
2 33 2 32
3 18 3 15
4 1 4 4
4 1 5 1
4 9 4 5
5 4 4 4
5 4 8 4
5 31 5 30
5 31 4 31
7 32 4 32
9 10 11 10
12 9 12 10
12 11 11 11
13 21 15 21
14 6 18 6
15 21 15 20
15 21 16 21
16 20 16 21
16 20 19 20
18 32 18 31
19 28 19 26
19 28 17 28
19 28 20 28
19 28 19 26
20 20 20 19
20 20 21 20
20 32 20 29
20 32 24 32
21 30 21 29
22 21 23 21
22 24 22 23
22 24 22 27
22 24 21 24
22 24 22 23
22 27 22 28
22 27 20 27
22 27 20 27
22 29 21 29
27 1 27 4
27 1 25 1
27 1 27 4
27 4 30 4
27 32 27 22
27 32 32 32
27 32 32 32
28 3 28 2
28 26 29 26
30 4 30 6
30 15 31 15
30 22 30 28
30 22 31 22
30 28 30 22
30 28 30 29
30 28 31 28
30 28 30 29
30 28 31 28
30 28 31 28
30 33 32 33
31 16 32 16
31 26 31 24
31 26 31 28
31 26 31 24
32 15 32 14
32 15 32 16
32 15 32 14
32 15 32 16
32 16 32 32
32 32 32 33
33 22 33 14
33 22 33 23
33 22 33 23
2 32 4 32
3 4 3 15
3 4 3 15
3 15 3 18
4 30 4 31
4 31 4 32
4 31 4 32
11 10 11 11
11 11 12 11
15 18 15 17
15 18 14 18
15 18 17 18
18 18 18 17
18 18 18 19
18 19 19 19
18 29 18 31
18 29 17 29
18 29 17 29
18 29 17 29
20 1 20 2
20 2 20 3
20 2 23 2
20 2 20 3
21 23 21 24
21 23 16 23
21 23 21 24
21 23 16 23
21 24 16 24
28 2 28 0
28 2 32 2
29 24 29 26
29 26 29 24
30 22 31 22
31 22 31 23
15 17 14 17
15 17 16 17
16 23 16 24
17 29 17 28
17 31 16 31
21 24 16 24
28 0 30 0
28 0 30 0
30 0 30 1
30 1 31 1
31 0 32 0
32 2 32 9
32 9 32 14
32 9 28 9
32 14 33 14
33 0 33 5
16 23 16 24
16 24 16 23
16 29 16 30
28 9 28 12
29 8 29 7
29 8 30 8
30 8 30 7
30 8 31 8
30 8 30 7
31 8 31 7
31 7 31 6
31 7 30 7
31 7 31 6
30 7 30 6
31 6 30 6
29 7 28 7
30 6 28 6

4625

4 2 4 = 5 = = = = = = = = = = = = = = = 6 = = = = 4 4 = = 4 2 1 4 4 
4 - 6 2 |             4 = = = 4 4 = = = 6 2 4 2 2 | 5 2   | | 2 | 2 
1 2     |             2       | 3 1 4 2 3 - 6 4 ǁ | 4 2   | | 6 5 2 
  ǁ     3 = = = = = = = = = = 6 = = 5 1 |   1 4 4 | 2 3 2 | | 2 | | 
  4 - - 3 1 - - - 3 = = = = = = = = = = 7 = = = = 8 = = = 8 5 4 5 4 
  2 - - 7 = = = = = = = = = 4 2 6 = 3 1 ǁ 2 4 2   7 1 3 1 ǁ 1 4 | ǁ 
        ǁ 1 - - - 2 2 - 4 2 ǁ 2 ǁ 2   4 ǁ | ǁ 1   4 - 5 2 ǁ 2 4 | ǁ 
        ǁ         |     ǁ | ǁ ǁ ǁ 3 1   ǁ 4 8 = = = = = = 7 - - 6 6 
4 = = = 7 = = = = 7 2   ǁ | ǁ ǁ ǁ ǁ 2   ǁ 2 ǁ 1 3 2       ǁ 4 = 6 ǁ 
| 1     | 2 = 4   ǁ 4 = 8 4 ǁ ǁ ǁ 6 6   ǁ | ǁ   ǁ |       ǁ ǁ 1 ǁ ǁ 
| |     |     ǁ   ǁ ǁ   ǁ 1 ǁ ǁ ǁ 2 ǁ 3 ǁ | ǁ 1 ǁ |       ǁ ǁ | ǁ ǁ 
| 2     |     ǁ   ǁ 3 3 ǁ   ǁ ǁ 6 = 6   ǁ 1 ǁ | ǁ |       ǁ 4 | ǁ ǁ 
| |     |     ǁ   4 2 2 ǁ   ǁ ǁ ǁ 3 7 3 ǁ   ǁ | ǁ |       ǁ 4 3 4 ǁ 
| 4 = = 6 = = 8 = = = = 8 3 ǁ ǁ ǁ 2 2 2 ǁ 3 ǁ 5 8 6 3 1   ǁ 4 4 2 ǁ 
| 4     |   2 4 2 4 2   ǁ   ǁ ǁ ǁ 2 3 3 ǁ ǁ ǁ 2 | |       ǁ | 4 2 ǁ 
| 2     |   |     ǁ     ǁ   ǁ ǁ ǁ 4 7 - 5 4 ǁ 2 | |       ǁ | 2   ǁ 
| 1 - - 6 2 | 1 - 5     ǁ   ǁ ǁ ǁ 1 ǁ 4 7 3 ǁ 6 6 |       7 6 2   ǁ 
|       1   | 2   ǁ     ǁ   ǁ ǁ ǁ   2 2 ǁ   ǁ ǁ ǁ 3 4   2 6   2   ǁ 
1 4 = = 6 = 5 3   ǁ     ǁ   ǁ ǁ ǁ 3 4 2 ǁ   ǁ ǁ ǁ   3 1 | 4 - 3 3 ǁ 
  ǁ     ǁ 2 = = = 8 = 2 ǁ   ǁ 6 7 = 8 5 2   ǁ ǁ ǁ 3 4 = 6 = = = = 6 
  3 4 2 ǁ       2 ǁ 2   ǁ   ǁ ǁ |   ǁ 5 4   ǁ ǁ ǁ 1 2 2 3 1 - - 3 ǁ 
    |   ǁ 4 = = 8 5 ǁ   ǁ   ǁ ǁ |   ǁ ǁ 2   ǁ 4 5     ǁ   4 3 1 ǁ ǁ 
    |   ǁ ǁ     ǁ 4 6 2 2   ǁ ǁ |   ǁ 6 2 1 ǁ 2 6 - - 4 2 4 8 4 ǁ 2 
    1   ǁ ǁ     ǁ 3         ǁ ǁ |   ǁ 2 2 2 ǁ 2 4 = = = 4 2 2 2 ǁ 1 
2       ǁ 4 2   ǁ 2         ǁ 4 | 2 7 5 6 4 ǁ 6 = = = = = = = = 7 4 
ǁ 1     ǁ       ǁ           ǁ 2 | 2 5 2 2   ǁ 5 - 5 = 2     1   | 2 
ǁ |     ǁ       ǁ           ǁ   | 1 3   4 1 ǁ 4 2 4 = = = = 4 1 | 2 
ǁ 3 = = 7 = = = 8 = = = = = 8 = 7 = = = = = 7 = = = = = = = = = 7 6 
5 - 4 1 |   3 1 ǁ 3 = = 5 2 ǁ 2 6 2 2 = 6 4 | 4 = = 5 - 5 4     ǁ ǁ 
ǁ 1 ǁ   |   | 2 4 | 2   6 2 ǁ   2 1 2   ǁ 2 | 2 2 = 6 2 | 2     ǁ 2 
4 5 ǁ   2 - 4 4 4 | 2   3   ǁ 4 - - 7 = 8 = 7 = = = = = 8 3     ǁ 1 
1 2 ǁ       3 4 2 |         ǁ 2 2 2 6 2 2 1 4 1 2 = 4 - 4 1     ǁ | 
2 - 5 = = = = = = 4 - - - - 7 4 4 - - - - - - - - - - - - - - - 6 2 
1 - - - - 2 - - - - - - - - 5 = = = = = = = 4 2 2 4 = = = = = = 6 2 
