34 34
1 0 2 2 3 5 3 2 0 0 3 1 0 0 0 0 0 0 0 0 0 0 3 0 0 0 0 0 3 2 0 0 2 1 
2 1 0 1 0 2 0 1 2 0 0 3 0 3 0 2 0 1 0 3 0 0 2 0 0 0 0 0 0 1 0 0 0 0 
4 0 4 0 3 2 5 0 2 0 0 2 3 0 0 4 0 0 0 4 0 0 0 0 0 0 0 0 7 0 0 0 5 3 
4 1 4 3 0 1 0 3 0 0 5 0 0 0 0 0 0 0 0 0 0 0 0 4 3 0 1 0 0 2 3 3 0 0 
2 2 4 3 0 0 0 3 2 0 2 0 0 0 0 0 0 0 0 0 0 0 0 0 1 0 0 0 0 0 1 0 0 0 
1 0 0 0 5 0 7 0 0 0 0 0 0 0 0 0 0 0 0 0 0 0 0 7 0 0 0 0 6 6 2 0 0 0 
2 4 3 1 0 1 0 2 3 0 0 0 0 0 0 0 0 0 2 0 0 2 1 0 0 1 0 2 0 0 4 5 0 0 
2 0 0 0 0 0 0 0 4 2 1 3 0 0 0 0 0 0 5 0 0 5 2 0 2 2 0 0 0 0 2 0 0 0 
0 2 0 0 4 2 0 1 2 0 0 0 0 0 0 0 2 0 0 0 0 0 1 0 0 0 0 0 2 0 1 0 0 0 
0 2 0 0 3 2 0 0 0 0 0 2 0 0 0 0 3 0 1 0 0 0 0 0 2 4 1 0 0 0 2 0 0 0 
0 2 2 0 1 1 0 0 0 0 0 0 0 0 0 0 0 0 0 0 0 0 0 0 0 0 0 0 0 0 0 0 0 0 
4 0 0 0 0 0 6 0 0 0 0 0 0 0 0 0 0 0 0 0 0 5 2 0 0 0 0 0 0 0 0 0 0 0 
0 1 2 2 0 0 6 0 0 0 0 0 0 3 2 2 0 1 1 0 0 5 3 0 0 0 0 0 0 0 0 0 0 0 
2 3 5 0 0 0 5 0 0 5 0 0 0 5 0 4 1 3 0 0 0 2 2 0 1 0 1 0 0 0 0 0 0 0 
1 1 0 0 0 0 2 1 0 2 0 1 0 3 1 1 0 2 0 0 1 0 0 0 0 0 0 0 0 0 0 0 0 0 
3 0 4 0 0 0 0 0 0 0 0 0 0 0 0 0 0 0 0 0 0 0 0 5 6 4 3 3 0 0 0 0 0 0 
0 0 0 2 5 0 0 0 0 0 0 0 0 4 2 0 2 1 2 0 3 3 3 0 0 0 0 0 0 0 0 0 0 0 
0 0 0 3 5 2 0 0 0 0 0 0 0 5 0 0 4 1 0 0 0 2 3 0 0 2 2 0 1 0 0 0 0 0 
0 2 0 0 0 0 0 0 0 0 1 0 0 0 1 1 0 0 0 0 0 2 2 0 3 1 0 0 0 0 3 0 0 0 
0 0 0 2 3 3 0 2 0 0 0 0 0 0 0 0 0 0 0 0 0 0 1 0 3 3 0 4 0 2 0 0 0 0 
1 3 0 0 4 0 0 0 0 0 2 0 0 0 0 0 0 0 0 0 0 0 1 0 2 1 0 0 0 1 0 0 2 0 
0 0 0 0 2 0 0 0 0 0 0 0 0 0 0 0 0 0 0 1 4 4 2 0 0 0 0 0 0 0 0 0 1 2 
2 3 0 2 0 0 0 0 0 0 0 0 0 6 3 2 0 0 0 2 0 2 1 0 3 5 0 5 3 4 0 0 0 2 
1 0 0 0 3 4 0 0 0 0 4 2 0 0 1 1 0 0 0 0 2 3 2 0 0 0 2 0 1 2 0 0 3 3 
1 0 0 0 0 0 0 1 2 2 0 0 0 0 0 0 0 0 0 0 0 1 1 0 1 3 4 3 2 0 4 0 1 0 
3 3 0 0 3 0 2 3 3 5 0 0 0 6 5 3 0 0 0 0 0 0 0 0 0 2 0 0 1 0 0 0 0 0 
0 0 0 0 1 0 0 0 0 2 0 1 0 1 0 1 0 0 0 4 0 0 0 6 0 0 0 0 0 0 3 0 1 0 
0 3 0 4 0 4 3 2 2 0 0 4 0 0 4 1 0 0 0 5 3 2 0 5 0 0 0 0 0 3 2 0 0 0 
0 2 0 3 2 2 1 1 0 0 0 1 1 0 3 1 0 0 0 2 3 4 1 2 1 0 0 0 0 1 1 0 0 0 
4 0 5 0 0 0 0 0 0 0 0 0 0 0 0 0 5 0 4 0 0 0 0 0 0 0 0 0 0 0 0 6 5 2 
2 1 0 1 0 0 0 0 4 0 0 0 0 3 3 2 0 1 0 1 0 3 0 0 0 0 0 0 3 1 1 1 3 1 
1 0 4 0 0 0 0 0 5 2 2 4 1 0 3 0 5 4 6 0 0 0 0 0 0 0 0 0 5 3 3 0 4 2 
3 0 6 0 3 1 3 1 3 4 0 5 1 1 2 1 4 2 7 0 0 0 3 0 0 4 1 2 6 0 0 2 2 3 
1 0 1 2 4 0 4 2 1 2 0 3 0 3 2 0 4 1 2 0 0 0 0 1 1 3 1 0 2 0 0 1 2 3 
400 19
0 5 0 4
0 5 0 6
0 5 1 5
2 28 2 19
2 28 2 32
2 28 0 28
2 28 5 28
5 6 5 4
5 6 5 23
5 6 2 6
5 6 11 6
6 31 6 30
6 31 3 31
6 31 29 31
32 18 32 17
32 18 32 22
32 18 31 18
32 18 33 18
1 29 0 29

5057

1   2 2 3 5 3 2     3 1                     3           3 2     2 1 
2 1   1   2   1 2     3   3   2   1   3     2           | 1         
4   4   3 2 5   2     2 3     4       4 - - - - - - - - 7 - - - 5 3 
4 1 4 3   1 | 3     5                         4 3   1   | 2 3 3     
2 2 4 3     | 3 2   2                           1       |   1 |     
1       5 - 7 - - - - - - - - - - - - - - - - 7         6 6 2 |     
2 4 3 1   1 | 2 3                   2     2 1     1   2     4 5     
2           |   4 2 1 3             5     5 2   2 2         2 |     
  2     4 2 | 1 2               2           1           2   1 |     
  2     3 2 |         2         3   1           2 4 1       2 |     
  2 2   1 1 |                                                 |     
4           6                             5 2                 |     
  1 2 2     6             3 2 2   1 1     5 3                 |     
2 3 5       5     5       5   4 1 3       2 2   1   1         |     
1 1         2 1   2   1   3 1 1   2     1                     |     
3   4                                         5 6 4 3 3       |     
      2 5                 4 2   2 1 2   3 3 3                 |     
      3 5 2               5     4 1       2 3     2 2   1     |     
  2                 1       1 1           2 2   3 1         3 |     
      2 3 3   2                             1   3 3   4   2   |     
1 3     4           2                       1   2 1       1   | 2   
        2                             1 4 4 2                 | 1 2 
2 3   2                   6 3 2       2   2 1   3 5   5 3 4   |   2 
1       3 4         4 2     1 1         2 3 2       2   1 2   | 3 3 
1             1 2 2                       1 1   1 3 4 3 2   4 | 1   
3 3     3   2 3 3 5       6 5 3                   2     1     |     
        1         2   1   1   1       4       6             3 | 1   
  3   4   4 3 2 2     4     4 1       5 3 2   5           3 2 |     
  2   3 2 2 1 1       1 1   3 1       2 3 4 1 2 1         1 1 |     
4   5                           5   4                         6 5 2 
2 1   1         4         3 3 2   1   1   3             3 1 1 1 3 1 
1   4           5 2 2 4 1   3   5 4 6                   5 3 3   4 2 
3   6   3 1 3 1 3 4   5 1 1 2 1 4 2 7 - - - 3     4 1 2 6     2 2 3 
1   1 2 4   4 2 1 2   3   3 2   4 1 2         1 1 3 1   2     1 2 3 
