34 34
2 1 1 4 0 0 0 0 0 4 0 0 0 0 0 0 0 0 0 0 0 0 2 2 0 0 3 2 2 0 4 2 1 1 
0 0 1 2 1 0 0 0 0 3 0 0 0 0 0 1 0 0 0 0 0 0 0 1 1 3 0 1 1 0 0 4 5 5 
4 5 0 0 0 0 0 0 0 0 0 0 0 0 0 0 0 0 0 0 0 0 3 3 3 3 0 1 0 1 0 0 0 2 
2 0 2 3 0 0 0 0 2 0 0 0 0 3 1 2 0 4 0 0 0 0 0 0 0 0 4 3 2 0 0 0 0 1 
1 0 0 0 2 0 0 0 0 0 3 0 0 3 0 0 0 6 1 2 0 0 0 0 2 1 0 1 1 0 0 0 0 0 
1 0 1 0 3 0 0 0 2 0 0 2 0 4 3 2 0 3 1 0 0 0 1 0 3 2 0 0 0 0 0 0 0 0 
0 0 0 3 0 0 0 0 0 0 5 0 0 0 0 0 0 0 0 5 0 0 0 0 0 0 5 4 2 0 0 0 0 0 
0 0 0 0 0 1 1 3 0 0 5 0 0 1 0 0 0 0 0 0 2 0 0 0 2 2 0 2 2 2 0 0 0 0 
2 0 0 0 2 2 2 0 0 0 0 0 0 0 0 0 0 0 0 0 0 1 4 1 0 0 0 3 0 0 5 5 0 0 
0 0 0 0 0 0 0 0 0 0 1 0 0 0 0 0 0 0 0 0 2 0 5 1 0 0 0 0 4 0 3 2 0 0 
0 0 3 2 0 0 0 1 0 0 0 0 0 0 0 0 0 0 0 0 1 0 4 1 0 0 0 0 0 0 0 1 6 2 
0 0 0 0 0 0 0 0 0 0 0 0 0 0 0 0 0 0 0 0 1 0 2 0 0 0 0 0 0 1 0 1 0 1 
0 0 1 0 0 0 2 0 0 3 0 0 0 0 0 0 0 0 0 5 0 0 0 0 2 0 0 0 0 0 0 0 0 0 
0 0 0 0 2 0 0 0 0 0 0 0 0 0 0 0 0 0 0 4 0 0 0 0 3 4 0 0 4 2 0 2 0 0 
0 0 0 0 1 0 0 3 0 0 0 0 0 0 0 0 4 0 0 4 0 0 0 1 1 1 0 0 2 1 0 0 0 0 
3 5 0 0 0 0 0 0 0 0 0 0 0 0 0 0 0 0 0 0 0 0 0 0 0 0 4 5 0 0 5 2 0 2 
2 0 1 1 0 0 1 0 5 3 3 2 1 2 0 0 0 0 0 2 1 3 1 0 2 0 0 0 1 1 0 2 3 0 
2 0 3 6 0 0 0 0 7 0 0 0 0 0 0 0 0 0 0 3 1 0 0 0 0 0 0 0 3 2 0 0 1 0 
0 0 1 2 2 0 1 0 0 1 3 0 4 0 0 0 3 0 0 3 4 3 0 0 0 0 0 0 0 1 0 0 0 0 
0 0 4 0 0 0 0 0 5 0 1 1 1 1 1 1 0 2 3 0 0 0 0 0 0 0 0 4 5 2 0 0 0 0 
1 0 3 2 2 4 1 1 0 4 0 4 0 3 2 0 0 2 0 0 4 0 0 1 0 0 0 0 3 1 0 0 0 0 
2 0 1 3 0 4 3 2 0 0 1 1 3 2 2 2 0 0 0 0 1 1 3 6 4 1 0 2 1 0 3 0 0 0 
4 5 0 0 0 0 0 0 6 3 3 2 4 0 0 0 5 7 3 3 0 2 1 0 0 0 0 1 0 0 2 0 0 0 
0 2 3 0 4 0 0 0 6 2 1 1 2 0 1 1 0 2 1 1 1 0 0 4 0 0 5 0 0 0 0 5 2 0 
0 2 4 1 4 2 3 2 2 0 0 0 0 0 2 2 0 1 0 0 3 0 0 4 2 2 0 1 2 0 2 4 2 0 
3 0 0 0 0 0 0 0 0 0 0 0 0 0 0 0 3 0 1 2 5 2 0 0 1 0 0 0 3 2 0 1 2 0 
3 0 0 0 0 0 0 0 0 0 0 0 0 0 0 0 0 0 0 0 0 0 0 5 5 4 0 4 0 0 3 2 3 0 
0 0 0 0 0 0 1 0 2 1 1 0 0 0 0 0 0 0 0 2 1 0 0 0 2 1 0 0 1 0 3 0 2 2 
0 0 2 0 3 0 3 0 5 2 3 0 0 0 0 0 0 0 0 3 3 0 0 0 1 2 4 6 0 0 5 3 2 1 
0 0 1 0 1 0 0 0 0 0 0 0 0 0 0 0 0 0 0 0 0 0 0 0 0 1 0 0 1 2 4 2 4 1 
0 2 0 2 0 0 0 0 5 0 6 0 0 0 0 0 0 0 0 5 4 0 0 6 5 1 0 0 0 0 3 1 2 0 
0 1 1 0 0 0 0 0 4 1 0 2 0 0 4 0 0 0 0 2 3 3 1 0 0 1 2 0 0 0 1 0 2 0 
5 0 0 0 0 0 0 0 0 0 6 0 2 1 4 0 0 0 0 0 0 0 0 3 3 2 1 4 0 5 0 4 3 0 
3 0 0 3 0 0 3 1 1 0 4 0 0 0 0 0 0 0 0 2 2 0 0 3 1 2 0 4 1 1 0 0 0 0 
400 24
1 33 1 32
1 33 0 33
1 33 2 33
8 31 8 30
8 31 1 31
8 31 9 31
17 8 17 3
17 8 17 19
17 8 16 8
17 8 19 8
22 17 22 16
22 17 22 18
22 17 20 17
22 17 23 17
32 0 32 10
32 0 26 0
32 0 33 0
1 33 1 32
1 33 2 33
3 33 10 33
14 16 14 7
14 16 14 19
14 16 14 7
14 16 14 19

12408

2 1 1 4           4                         2 2     3 2 2   4 2 1 1 
    1 2 1         3           1               1 1 3   1 1     4 5 5 
4 5                                         3 3 3 3   1   1   |   2 
2   2 3         2         3 1 2   4                 4 3 2     |   1 
1       2           3     3       6 1 2         2 1   1 1     |   | 
1   1   3       2     2   4 3 2   3 1       1   3 2           |   | 
      3             5                 5             5 4 2     |   | 
          1 1 3     5     1             2       2 2   2 2 2   |   | 
2       2 2 2                             1 4 1       3     5 5   | 
                    1                   2   5 1         4   3 2   | 
    3 2       1                         1   4 1               1 6 2 
                                        1   2             1   1   1 
    1       2     3                   5         2                   
        2                             4         3 4     4 2   2     
        1     3 = = = = = = = = 4 = = 4       1 1 1     2 1         
3 5                                                 4 5     5 2   2 
2   1 1     1   5 3 3 2 1 2           2 1 3 1   2       1 1   2 3   
2   3 6 - - - - 7 - - - - - - - - - - 3 1               3 2     1   
    1 2 2   1   | 1 3   4       3     3 4 3               1         
    4           5   1 1 1 1 1 1   2 3                 4 5 2         
1   3 2 2 4 1 1   4   4   3 2     2     4     1         3 1         
2   1 3   4 3 2     1 1 3 2 2 2   |     1 1 3 6 4 1   2 1   3       
4 5             6 3 3 2 4       5 7 3 3   2 1         1     2       
  2 3   4       6 2 1 1 2   1 1   2 1 1 1     4     5         5 2   
  2 4 1 4 2 3 2 2           2 2   1     3     4 2 2   1 2   2 4 2   
3                               3   1 2 5 2     1       3 2   1 2   
3                                             5 5 4   4     3 2 3   
|           1   2 1 1                 2 1       2 1     1   3   2 2 
|   2   3   3   5 2 3                 3 3       1 2 4 6     5 3 2 1 
|   1   1                                         1     1 2 4 2 4 1 
| 2   2         5   6                 5 4     6 5 1         3 1 2   
| 1 1           4 1   2     4         2 3 3 1     1 2       1   2   
5 - - - - - - - - - 6   2 1 4                 3 3 2 1 4   5   4 3   
3     3     3 1 1   4                 2 2     3 1 2   4 1 1         
