34 34
3 5 4 2 1 0 0 0 0 0 0 4 0 5 6 5 0 0 0 0 0 0 0 3 3 1 3 0 0 0 0 0 3 1 
0 0 3 0 0 0 3 0 0 2 3 5 2 0 4 5 4 3 0 0 5 5 3 0 0 1 0 0 0 0 0 0 6 4 
4 7 0 0 0 0 0 0 0 0 0 0 0 5 5 0 6 0 0 0 4 0 0 0 3 0 0 0 0 3 2 4 0 0 
0 5 0 0 0 0 6 0 0 0 3 1 2 0 0 0 0 2 0 0 6 5 3 0 2 2 0 4 3 0 3 6 0 0 
0 5 0 0 0 0 5 0 0 1 5 5 5 0 0 0 0 0 0 0 0 5 3 0 3 0 0 3 3 0 0 4 0 0 
0 5 5 0 0 0 4 0 2 2 0 0 3 0 0 0 0 0 0 0 0 4 3 0 0 0 0 0 0 0 0 2 0 0 
0 0 0 0 0 0 2 4 5 3 0 4 3 0 0 0 0 1 0 0 5 5 2 0 0 0 0 2 0 6 4 1 0 1 
5 3 0 0 0 0 0 2 0 0 0 4 0 0 0 0 0 2 0 0 4 6 4 0 3 0 1 0 2 0 4 4 0 1 
4 0 6 0 0 0 0 0 6 5 0 3 2 0 0 0 0 1 0 0 2 4 3 0 0 0 0 0 0 0 0 0 0 0 
0 0 0 0 0 0 1 0 0 4 0 1 2 0 2 0 0 2 0 0 0 0 0 4 7 6 3 0 0 0 0 0 0 2 
0 1 0 0 0 0 0 0 0 0 0 2 3 0 0 0 0 0 1 3 0 1 0 0 0 0 0 0 0 0 0 0 0 0 
0 0 0 1 0 0 0 0 0 0 0 0 0 0 0 0 0 5 0 5 0 3 2 0 0 0 0 0 0 0 0 2 0 0 
0 0 0 0 0 0 0 0 0 4 5 4 0 0 0 0 0 3 0 0 0 0 0 0 2 0 1 2 0 0 0 0 0 0 
3 4 0 4 0 0 3 0 0 2 0 3 0 0 0 0 0 0 0 2 0 0 0 0 2 0 0 0 0 0 0 0 0 0 
3 4 0 0 0 0 1 0 0 1 0 0 0 0 0 0 0 3 0 3 0 0 0 0 4 5 0 6 3 0 0 1 0 0 
0 2 0 5 0 0 0 0 3 0 6 4 0 0 0 0 0 0 0 0 0 0 0 0 1 2 0 2 1 0 0 0 0 0 
5 3 0 4 3 0 0 0 0 0 4 5 4 0 3 0 4 0 0 0 0 0 0 4 0 0 0 0 0 5 6 5 0 0 
0 0 0 4 4 0 0 0 3 0 0 8 4 0 0 1 0 2 0 3 0 2 1 0 3 0 0 1 0 0 0 3 0 0 
0 0 0 4 2 2 3 1 4 3 2 0 0 0 4 3 0 2 1 0 3 5 4 0 0 3 0 4 2 0 0 2 0 0 
0 3 0 5 4 0 6 0 7 3 0 0 3 0 2 0 0 4 0 6 4 4 0 0 0 3 1 0 0 0 0 2 0 0 
0 2 0 4 4 1 0 0 0 3 2 0 0 0 0 0 0 4 1 0 2 5 4 0 0 0 0 0 0 0 0 0 0 0 
0 0 0 2 0 0 0 0 3 2 0 0 3 0 5 0 5 5 4 0 2 0 0 0 5 0 0 5 1 0 3 3 0 0 
0 0 0 0 0 0 0 0 0 0 0 0 2 0 1 2 3 3 4 0 3 0 2 0 0 2 0 4 0 5 0 2 0 0 
0 0 0 5 0 0 7 0 0 0 0 8 0 5 0 0 0 0 0 4 3 0 0 0 2 4 0 2 0 3 5 5 0 0 
0 0 0 3 3 3 4 1 2 0 0 6 2 0 1 0 0 0 0 3 0 4 3 0 0 3 3 3 0 0 4 3 0 0 
3 0 4 0 0 0 0 0 0 0 0 0 0 4 0 0 0 0 0 0 0 0 0 5 5 0 0 0 0 0 0 0 6 3 
0 0 0 4 4 3 2 4 4 0 1 0 2 0 1 2 0 0 0 0 0 0 0 3 3 0 0 0 0 0 3 3 3 0 
0 0 0 0 2 3 0 2 3 1 3 3 4 0 2 0 0 4 0 5 0 0 0 0 0 0 0 0 0 0 0 0 4 0 
0 2 4 5 0 0 6 0 0 0 6 2 0 0 2 2 0 4 2 2 1 0 0 0 0 0 0 0 0 0 0 0 0 0 
0 0 1 1 3 4 6 0 0 0 0 0 0 5 0 0 0 0 0 0 0 0 0 0 0 0 0 0 0 0 0 0 5 3 
0 3 0 0 3 1 3 0 4 4 2 0 0 0 0 1 0 0 0 0 0 0 0 0 0 3 0 0 0 0 0 0 5 0 
0 4 4 0 0 0 0 0 0 0 0 0 0 6 0 0 0 0 0 0 0 0 0 0 0 0 0 0 0 0 3 1 2 0 
3 1 3 4 2 0 4 0 4 0 0 0 0 7 5 4 0 0 0 0 0 0 0 0 0 0 0 0 4 0 0 0 0 5 
3 0 0 3 1 0 4 2 4 4 0 2 0 2 2 4 3 0 0 0 0 3 0 0 0 0 0 0 4 3 2 1 0 2 
400 145
0 1 0 0
0 1 0 2
0 1 2 1
0 13 0 11
0 13 0 14
0 13 2 13
0 14 0 13
0 14 0 15
0 14 1 14
0 14 0 13
0 14 0 15
1 14 1 15
1 14 2 14
1 14 1 15
1 20 1 17
1 20 1 21
1 20 2 20
1 33 1 32
1 33 0 33
1 33 6 33
1 33 1 32
2 31 2 30
2 31 3 31
2 31 2 30
2 31 3 31
3 1 3 6
3 1 2 1
3 1 4 1
3 31 3 30
3 31 4 31
5 1 5 2
5 1 4 1
5 1 7 1
7 0 7 1
7 0 2 0
7 0 8 0
9 24 9 23
9 24 9 25
9 24 7 24
9 24 12 24
16 0 16 1
16 0 14 0
16 0 25 0
16 31 16 30
16 31 14 31
16 31 17 31
17 11 17 8
17 11 17 12
17 11 16 11
17 11 23 11
17 11 17 8
17 11 17 12
17 11 16 11
17 11 23 11
19 8 19 6
19 8 19 9
19 8 18 8
19 8 21 8
23 3 23 6
23 3 21 3
23 3 24 3
23 11 23 6
23 11 23 13
23 11 24 11
23 31 23 30
23 31 22 31
23 31 24 31
30 32 30 25
30 32 29 32
30 32 31 32
32 13 32 8
32 13 32 14
32 13 31 13
32 13 33 13
32 33 32 28
32 33 29 33
32 33 33 33
33 9 33 8
33 9 33 11
33 9 33 8
33 9 33 11
0 11 0 4
0 11 1 11
0 11 1 11
1 32 1 25
1 32 0 32
1 32 25 32
1 32 0 32
3 31 3 30
3 31 4 31
4 31 4 28
4 31 5 31
6 29 6 27
6 29 6 30
6 29 16 29
6 29 6 27
6 29 6 30
6 29 16 29
6 30 6 31
6 30 7 30
7 30 7 31
7 30 16 30
7 30 7 31
7 31 11 31
7 33 9 33
9 33 25 33
11 31 7 31
16 30 16 29
16 30 16 31
16 30 21 30
16 30 16 29
16 31 17 31
17 31 18 31
18 31 19 31
19 31 21 31
23 11 23 6
23 11 23 13
23 11 24 11
24 11 24 8
24 11 24 12
24 11 27 11
24 11 24 8
25 32 25 24
25 32 25 33
25 32 26 32
25 32 25 24
25 32 25 33
33 8 33 7
33 8 32 8
0 3 0 2
0 32 0 26
2 29 2 24
3 30 3 28
5 31 5 22
9 25 9 24
9 25 9 26
9 25 14 25
9 25 9 24
9 25 9 26
0 3 0 2
0 26 0 25
2 29 2 24
0 2 0 1
1 2 1 6
1 2 1 6

12777

3 5 4 2 1 - - - - - - 4 - 5 6 5               3 3 1 3 - - - - - 3 1 
  | 3 = = = 3     2 3 5 2 | 4 5 4 3 - - 5 5 3     1 - - - - - - 6 4 
4 7                       5 5   6       4       3 = = = = 3 2 4 | | 
| 5 - - - - 6       3 1 2         2     6 5 3   2 2   4 3 - 3 6 | | 
| 5         5     1 5 5 5                 5 3   3     3 3 - - 4 | | 
| 5 5       4   2 2     3                 4 3 - - - - - - - - 2 | | 
| |         2 4 5 3   4 3         1     5 5 2         2 = 6 4 1 | 1 
5 3           2       4           2     4 6 4   3   1   2 ǁ 4 4 | 1 
4   6           6 5   3 2         1     2 4 3   |         ǁ | ǁ | | 
            1     4   1 2   2     2           4 7 6 3     ǁ | ǁ | 2 
  1                   2 3           1 3   1     | |       ǁ | ǁ | | 
      1                           5   5   3 2   | |       ǁ | 2 | | 
                  4 5 4           3             2 | 1 2   ǁ |   | | 
3 4   4     3     2   3               2         2 |       ǁ |   | | 
3 4         1     1               3   3         4 5   6 3 ǁ | 1 | | 
| 2   5         3   6 4                         1 2   2 1 ǁ | | | | 
5 3   4 3           4 5 4   3   4             4           5 6 5 | | 
|     4 4       3 = = 8 4     1   2   3   2 1   3     1     | 3 | | 
|     4 2 2 3 1 4 3 2 ǁ     4 3   2 1   3 5 4     3   4 2   | 2 | | 
| 3   5 4   6 - 7 3   ǁ 3   2     4   6 4 4       3 1       | 2 | | 
| 2   4 4 1     | 3 2 ǁ           4 1   2 5 4               | | | | 
|     2         3 2   ǁ 3   5   5 5 4   2       5     5 1   3 3 | | 
|     |               ǁ 2   1 2 3 3 4   3   2     2   4   5   2 | | 
|     5 - - 7 = = = = 8 = 5           4 3       2 4   2   3 5 5 | | 
|     3 3 3 4 1 2 = = 6 2   1         3   4 3     3 3 3     4 3 | | 
3   4                 |   4                   5 5 = = = = = = = 6 3 
      4 4 3 2 4 4   1 | 2   1 2               3 3           3 3 3   
        2 3   2 3 1 3 3 4   2     4   5                         4   
  2 4 5     6       6 2     2 2   4 2 2 1                           
    1 1 3 4 6             5                                     5 3 
  3     3 1 3   4 4 2         1                   3 - - - - - - 5 | 
  4 4                     6                                 3 1 2 | 
3 1 3 4 2   4   4 - - - - 7 5 4                         4 - - - - 5 
3     3 1   4 2 4 4 = 2   2 2 4 3         3             4 3 2 1   2 
