34 34
2 2 2 0 3 3 5 0 2 1 1 1 0 4 2 3 3 1 4 0 0 0 0 0 0 0 0 5 0 0 0 4 3 2 
0 0 3 0 4 0 5 2 3 0 5 0 0 5 0 4 0 0 5 0 0 0 0 0 4 3 4 5 4 4 1 0 0 3 
0 4 0 6 2 0 0 4 5 1 0 2 1 0 3 3 3 0 2 1 0 0 2 0 5 3 3 3 0 1 1 0 3 0 
0 0 0 3 1 0 0 3 4 0 3 4 2 0 3 0 0 4 0 0 0 0 0 0 0 0 0 0 5 4 5 0 3 0 
3 4 0 0 0 0 7 0 0 7 4 3 1 0 4 0 4 0 1 2 2 2 0 0 0 0 2 1 0 0 3 0 4 5 
0 0 2 1 2 5 5 2 1 2 1 3 1 0 3 1 0 0 0 0 0 0 0 0 0 0 0 0 0 0 0 0 0 0 
0 0 5 4 0 5 0 0 0 0 0 0 0 6 0 4 4 0 3 5 2 4 0 0 0 0 8 5 0 0 0 0 1 0 
0 0 0 0 0 0 2 4 3 4 4 0 0 0 1 0 2 0 1 0 0 3 0 4 2 0 0 4 0 4 2 0 0 0 
0 0 4 0 0 0 5 6 3 0 3 0 0 0 0 0 0 0 1 5 0 0 0 0 0 0 5 4 0 2 0 0 2 3 
0 0 4 0 0 0 3 0 3 6 3 0 0 0 0 0 0 0 4 6 0 2 0 0 0 0 0 1 0 3 3 0 0 2 
0 0 4 0 0 0 2 0 2 0 1 0 0 0 0 0 0 0 4 4 3 4 0 0 0 0 0 2 4 6 4 0 0 0 
0 0 5 6 1 0 0 0 3 5 0 0 0 4 2 3 3 0 0 0 0 1 0 0 0 0 0 3 5 4 3 0 0 0 
0 0 1 4 2 0 2 4 0 4 0 0 2 3 1 3 2 0 0 0 0 0 0 0 0 0 0 1 0 2 0 0 0 0 
0 5 0 0 0 5 0 0 0 0 0 0 0 0 0 0 0 6 0 0 0 0 0 0 0 0 6 0 3 5 4 0 0 0 
5 6 0 3 2 0 0 1 0 0 0 0 0 0 0 0 0 0 3 1 2 1 0 0 3 1 0 2 4 3 0 0 0 0 
0 0 2 0 0 0 0 0 0 0 0 0 0 0 0 0 0 0 5 0 6 0 4 0 7 2 0 0 0 3 0 0 0 0 
0 0 0 0 0 0 0 0 0 0 1 0 0 0 0 0 0 0 2 2 8 4 0 2 0 3 6 0 6 5 0 0 0 0 
0 0 0 0 0 0 0 0 0 0 0 0 0 0 0 0 0 0 2 3 8 4 0 0 0 0 0 3 5 3 0 0 0 0 
0 0 3 0 0 0 1 3 0 0 0 0 0 0 0 0 0 0 0 2 4 0 7 5 0 3 0 3 6 1 3 0 0 0 
0 0 0 0 0 0 0 0 0 0 0 0 0 0 0 0 0 0 0 5 0 0 5 3 0 0 0 0 2 2 3 0 0 0 
0 0 0 0 0 0 0 0 0 0 0 0 0 0 0 0 0 0 0 6 2 2 5 3 0 4 6 0 0 6 2 0 0 0 
0 0 0 0 0 0 0 0 0 0 0 0 0 0 0 0 0 0 0 3 3 1 3 2 0 3 4 0 1 2 0 0 0 0 
0 0 0 0 0 0 0 0 0 0 0 0 0 0 0 0 0 0 5 0 4 0 0 0 6 0 0 0 0 0 0 7 7 4 
0 0 0 0 0 0 0 0 0 0 0 0 0 0 0 0 0 0 5 2 0 1 4 3 0 1 1 3 3 4 0 0 3 1 
0 4 0 0 0 0 0 0 0 0 0 0 0 0 0 0 0 0 4 1 0 0 0 0 0 3 0 5 2 0 0 0 4 3 
0 4 0 0 0 0 0 0 0 0 0 0 0 0 0 0 0 0 4 0 6 0 5 4 0 0 1 0 4 6 3 0 0 0 
0 3 0 0 1 0 0 0 0 0 0 1 0 0 0 0 0 5 2 2 0 2 0 3 0 4 2 0 4 0 0 0 0 0 
0 0 0 0 2 0 0 0 1 0 4 0 0 0 0 0 0 4 3 2 0 0 2 1 0 2 0 0 2 0 0 0 0 0 
0 2 0 4 4 0 0 0 0 0 3 2 0 3 0 1 0 2 3 0 6 5 2 0 5 0 0 6 0 4 5 0 0 0 
0 0 0 5 4 0 2 6 0 0 0 0 0 5 0 0 0 4 0 0 0 0 0 0 5 0 0 4 1 2 4 0 0 0 
3 2 0 2 2 0 1 3 0 0 0 0 0 3 0 3 0 3 1 1 0 0 0 0 5 2 0 3 0 3 1 0 0 0 
2 0 4 0 0 6 0 0 0 0 0 0 0 0 0 0 0 0 0 0 0 0 0 0 0 0 0 0 0 0 0 5 0 2 
5 0 0 0 0 4 1 3 0 2 4 0 5 0 0 0 0 0 0 0 0 0 0 0 0 0 0 0 0 0 0 7 5 4 
3 0 0 0 0 0 0 5 3 3 5 4 4 3 0 3 0 3 0 0 0 0 0 0 0 0 0 0 0 0 0 6 4 4 
400 255
0 6 0 5
0 6 0 8
0 6 1 6
0 27 0 18
0 27 0 31
0 27 1 27
1 29 1 28
1 29 1 30
1 29 2 29
1 29 1 28
2 3 2 1
2 3 2 4
2 3 3 3
2 3 2 1
2 3 2 4
2 3 3 3
4 6 4 1
4 6 4 9
4 6 1 6
4 6 5 6
4 9 4 6
4 9 4 10
4 9 2 9
4 9 5 9
4 33 4 32
4 33 1 33
4 33 8 33
5 5 5 4
5 5 5 6
5 5 6 5
6 2 6 3
6 2 5 2
6 2 8 2
6 26 6 21
6 26 6 27
6 26 4 26
6 26 8 26
6 26 6 21
6 26 6 27
6 26 4 26
6 26 8 26
11 2 11 3
11 2 10 2
11 2 12 2
13 1 13 5
13 1 4 1
13 1 14 1
14 0 14 1
14 0 4 0
14 0 30 0
15 24 15 22
15 24 15 25
15 24 14 24
15 24 22 24
16 20 16 19
16 20 16 21
16 20 15 20
16 20 17 20
16 20 16 19
16 20 16 21
16 20 15 20
16 20 17 20
16 29 16 28
16 29 15 29
16 29 17 29
17 20 17 19
17 20 17 21
17 20 18 20
18 22 18 20
18 22 18 23
18 22 15 22
18 22 19 22
19 19 19 22
19 19 18 19
19 19 20 19
20 19 20 20
20 19 19 19
20 19 21 19
20 19 20 20
20 19 19 19
22 18 22 20
22 18 17 18
22 18 23 18
22 31 22 24
22 31 22 32
22 31 0 31
22 31 31 31
23 29 23 28
23 29 25 29
23 29 23 28
23 29 25 29
25 29 25 28
25 29 25 30
25 29 28 29
25 29 25 28
25 30 28 30
28 20 28 18
28 20 28 21
28 20 25 20
28 20 28 18
28 20 28 21
28 20 25 20
29 3 29 4
29 3 28 3
29 3 30 3
30 24 30 19
30 24 30 25
30 24 29 24
32 0 32 5
32 0 31 0
32 0 33 0
32 31 32 12
32 31 32 32
32 31 31 31
32 31 33 31
33 7 33 0
33 7 33 8
33 7 32 7
33 10 33 9
33 10 33 11
33 10 32 10
33 31 33 17
33 31 33 32
33 31 32 31
33 31 33 17
33 31 33 32
33 32 33 33
33 32 32 32
33 33 32 33
1 28 1 27
1 28 3 28
2 1 0 1
2 1 4 1
2 8 2 7
2 8 1 8
2 8 3 8
2 24 2 22
2 24 2 25
2 24 1 24
2 30 3 30
3 3 3 4
3 8 3 7
3 8 2 8
3 8 3 7
3 30 3 29
3 30 4 30
3 30 3 29
3 30 4 30
4 9 4 10
4 9 5 9
7 23 7 21
7 23 7 24
7 23 7 21
7 23 7 24
11 2 11 3
11 2 10 2
11 3 11 4
11 3 6 3
11 3 12 3
11 3 6 3
12 3 12 4
15 20 15 18
15 20 15 22
15 20 14 20
15 20 15 18
15 22 15 24
16 21 17 21
16 23 18 23
17 20 17 19
17 20 17 21
17 20 18 20
17 21 16 21
18 20 18 19
21 19 21 20
25 20 25 18
25 20 25 22
25 20 22 20
25 20 25 18
25 30 28 30
30 24 30 25
30 24 29 24
33 17 33 15
33 33 32 33
3 7 2 7
3 29 3 28
3 29 7 29
4 30 7 30
8 2 6 2
8 2 9 2
8 2 9 2
8 6 8 7
8 6 7 6
8 6 9 6
9 2 10 2
10 2 9 2
12 3 12 4
16 23 18 23
17 19 17 18
21 19 21 20
22 18 22 20
22 18 23 18
22 20 22 24
22 24 22 31
22 24 15 24
22 24 28 24
23 21 23 22
23 22 23 23
23 22 25 22
23 22 23 23
23 23 25 23
25 23 25 22
25 23 26 23
25 23 25 22
33 15 33 13
33 33 32 33
2 7 2 8
2 7 1 7
21 20 21 21
25 22 27 22
26 21 28 21
26 23 27 23
27 22 28 22
28 21 28 22
28 21 26 21
28 24 28 27
28 24 29 24
32 33 32 32
33 15 33 13
20 21 20 22
28 24 28 27
28 24 29 24
28 27 28 29
28 27 24 27
28 27 29 27
28 27 28 29
28 29 28 30
28 30 29 30
28 30 29 30
29 30 29 29
29 30 30 30
33 13 33 12
20 21 20 22
25 28 24 28
25 28 26 28
26 28 27 28
27 25 26 25
27 28 26 28
33 12 33 11
33 12 32 12
33 12 33 11
27 25 26 25
33 11 33 10
26 25 26 26
26 25 24 25
26 26 25 26

4796

2 2 2   3 3 5 - 2 1 1 1   4 2 3 3 1 4 - - - - - - - - 5 - - - 4 3 2 
  | 3   4   5 2 3   5     5   4     5           4 3 4 5 4 4 1 |   3 
  4 = 6 2   | 4 5 1   2 1   3 3 3   2 1     2 - 5 3 3 3 | 1 1 | 3 | 
  |   3 1   | 3 4 | 3 4 2   3     4                     5 4 5 | 3 | 
3 4 - - - - 7 = = 7 4 3 1   4   4   1 2 2 2         2 1   | 3 | 4 5 
| | 2 1 2 5 5 2 1 2 1 3 1   3 1                     ǁ     | | |   | 
| | 5 4   5               6   4 4   3 5 2 4 = = = = 8 5   | | | 1 | 
| | ǁ ǁ     2 4 3 4 4       1   2   1     3 = 4 2   ǁ 4   4 2 |   | 
| | 4 ǁ     5 6 3   3               1 5             5 4   2   | 2 3 
| | 4 ǁ     3   3 6 3               4 6   2           1   3 3 |   2 
| | 4 ǁ     2   2   1               4 4 3 4           2 4 6 4 |     
| | 5 6 1       3 5       4 2 3 3         1           3 5 4 3 |     
| | 1 4 2   2 4   4     2 3 1 3 2                     1   2   |     
| 5 - - - 5                       6                 6   3 5 4 |     
5 6   3 2     1                     3 1 2 1     3 1   2 4 3   |     
|   2                               5 = 6 - 4 = 7 2       3   |     
|                   1               2 2 8 4 | 2 ǁ 3 6   6 5   |     
|                                   2 3 8 4 | ǁ ǁ     3 5 3   |     
|   3       1 3                     | 2 4 - 7 5 ǁ 3   3 6 1 3 |     
|                                   | 5 - - 5 3 ǁ       2 2 3 |     
|                                   | 6 2 2 5 3 ǁ 4 6     6 2 |     
|                                   | 3 3 1 3 2 ǁ 3 4   1 2   |     
|                                   5 = 4 - - - 6 = = = = = = 7 7 4 
|                                   5 2 | 1 4 3 | 1 1 3 3 4   | 3 1 
| 4                                 4 1 |   | | | 3   5 2 ǁ   | 4 3 
| 4                                 4 = 6 - 5 4 | | 1 | 4 6 3 |     
| 3     1             1           5 2 2 ǁ 2 | 3 | 4 2 | 4 | ǁ |     
|       2       1   4             4 3 2 ǁ ǁ 2 1 | 2   | 2 | ǁ |     
| 2   4 4           3 2   3   1   2 3 = 6 5 2   5 = = 6 = 4 5 |     
|     5 4   2 6           5       4             5     4 1 2 4 |     
3 2   2 2   1 3           3   3   3 1 1 - - - - 5 2   3   3 1 |     
2   4     6                                                   5   2 
5 - - - - 4 1 3   2 4   5 - - - - - - - - - - - - - - - - - - 7 5 4 
3 - - - - - - 5 3 3 5 4 4 3 = 3 - 3 = = = = = = = = = = = = = 6 4 4 
