34 34
1 0 2 1 1 0 3 0 0 4 4 0 4 0 3 3 0 0 0 0 0 0 0 0 0 0 0 0 0 3 0 4 2 1 
4 2 0 0 2 0 5 5 2 0 0 0 0 2 0 2 1 2 4 0 3 0 0 2 0 0 4 1 2 0 2 0 2 4 
6 0 6 5 1 1 0 0 0 0 0 1 0 3 0 0 4 0 0 0 0 0 0 0 0 0 5 4 6 0 0 0 0 0 
0 0 0 5 2 0 0 0 2 0 0 0 0 0 0 0 4 0 1 0 0 0 0 0 0 0 0 2 0 0 0 0 0 0 
0 0 0 3 3 3 0 0 0 0 0 3 7 5 0 0 1 0 0 0 0 0 0 0 0 0 0 0 0 0 0 0 0 0 
0 3 6 0 1 0 0 0 0 0 0 4 4 0 0 4 0 0 0 0 0 0 0 0 0 0 6 3 5 0 0 0 0 0 
0 1 0 0 0 0 0 5 4 0 0 0 0 0 0 0 2 4 0 0 0 0 0 4 2 3 0 1 0 0 0 0 1 0 
0 0 0 0 0 0 0 0 0 0 0 0 2 0 0 0 0 2 0 0 0 3 0 6 2 0 0 2 0 0 0 0 2 0 
0 1 5 1 0 0 0 3 4 0 0 0 3 0 0 0 2 0 0 0 0 4 1 0 0 0 0 0 3 0 0 0 5 6 
0 0 2 0 1 0 0 2 0 0 0 0 4 0 0 4 0 0 0 0 0 0 0 5 2 0 0 0 0 0 0 2 0 0 
5 0 0 0 0 0 7 6 4 0 4 0 4 0 0 0 1 0 4 0 0 0 0 3 0 0 0 0 0 0 0 2 0 0 
0 0 0 0 0 0 0 2 1 0 6 4 2 0 0 0 0 0 0 0 0 0 0 0 2 3 0 0 1 0 0 3 0 0 
0 3 0 0 0 0 6 6 4 0 0 1 0 5 0 0 0 0 0 0 0 0 0 5 4 2 0 0 1 0 0 0 0 3 
0 6 6 0 0 0 8 3 0 0 0 1 0 3 0 5 0 0 7 0 0 0 2 2 1 0 6 7 4 0 0 0 0 0 
0 2 3 0 0 0 6 3 3 0 4 3 5 2 0 2 2 0 5 0 2 0 3 2 3 0 2 4 4 0 0 5 4 4 
0 1 0 0 0 0 2 0 0 0 1 0 1 0 0 1 4 0 6 4 0 0 4 4 4 0 0 1 2 0 0 2 0 2 
3 0 0 0 0 0 0 0 0 5 0 0 0 0 7 0 0 0 0 0 0 0 0 0 0 0 0 0 0 6 6 0 6 4 
0 2 1 0 0 4 0 4 2 0 3 6 2 0 0 0 0 2 0 0 4 2 5 0 4 3 2 0 0 0 0 2 0 0 
0 3 0 0 3 0 0 0 0 0 4 7 0 0 7 0 0 0 0 0 6 2 0 0 0 0 0 0 0 0 0 0 0 0 
0 3 2 0 0 0 0 0 0 0 0 0 1 2 0 2 0 0 0 0 0 0 5 0 0 0 5 4 0 0 0 0 0 0 
0 0 0 0 0 0 0 0 0 0 2 0 0 0 0 5 5 1 0 2 0 0 0 0 0 0 0 2 0 0 2 0 0 0 
0 0 0 0 0 0 0 0 0 0 2 6 5 4 0 4 0 0 0 0 0 2 0 0 0 0 0 0 0 0 0 0 0 2 
0 0 0 0 0 0 0 0 0 0 1 2 2 0 0 2 0 0 0 0 0 0 0 0 0 0 0 0 0 0 0 0 0 2 
0 0 0 0 0 0 1 2 0 6 0 0 3 1 0 2 7 0 0 5 3 5 0 0 0 0 0 0 0 0 2 0 3 0 
0 0 0 0 0 0 4 4 1 0 3 4 6 2 0 0 5 4 0 0 3 3 0 0 0 0 0 0 0 0 3 0 2 3 
0 0 0 0 0 0 5 6 2 0 3 0 4 1 0 0 1 2 0 0 1 0 0 0 0 0 0 0 0 0 2 0 1 0 
0 0 0 0 0 0 1 0 0 0 1 0 0 2 0 2 0 0 0 3 0 0 5 0 0 0 0 0 0 5 0 5 3 4 
0 2 0 0 0 4 0 4 0 5 0 0 5 4 0 2 1 4 3 0 2 1 0 1 4 5 0 0 0 5 3 5 2 0 
0 0 0 0 0 5 2 0 2 0 2 0 6 2 4 0 0 7 0 0 4 3 0 0 0 2 1 0 0 3 0 2 3 6 
0 0 0 0 0 2 1 0 0 0 3 1 5 3 0 2 2 2 2 5 3 2 3 3 5 4 3 0 0 0 4 3 1 0 
3 0 5 1 0 3 0 4 5 0 3 5 5 3 0 4 6 0 0 4 0 0 0 2 0 3 0 0 0 2 2 0 2 0 
5 2 4 2 0 4 2 3 4 0 1 2 1 0 4 0 0 0 0 0 0 0 0 0 5 0 0 0 0 0 0 8 5 3 
4 0 0 0 5 0 0 0 0 4 0 0 0 0 0 0 0 0 0 0 0 0 0 0 0 2 0 0 0 0 2 5 3 1 
3 2 1 0 3 3 2 1 0 3 0 0 0 0 0 0 0 0 0 0 0 0 0 0 0 0 0 2 2 1 1 3 2 0 
400 261
1 7 1 6
1 7 1 8
1 7 6 7
2 0 2 2
2 0 1 0
2 0 10 0
2 0 2 2
2 0 1 0
2 0 10 0
2 2 2 3
2 2 0 2
2 2 5 2
2 2 2 3
2 28 2 27
2 28 1 28
2 28 5 28
2 28 2 27
2 28 1 28
2 28 5 28
3 3 3 4
3 3 2 3
3 3 4 3
4 12 4 11
4 12 4 13
4 12 0 12
4 12 5 12
5 2 5 1
5 2 5 4
5 2 8 2
8 33 8 32
8 33 1 33
8 33 12 33
8 33 8 32
8 33 1 33
8 33 12 33
10 6 10 0
10 6 10 7
10 6 1 6
10 6 12 6
13 1 13 2
13 1 12 1
13 1 14 1
13 1 13 2
13 1 12 1
13 1 14 1
13 2 13 6
13 2 14 2
13 2 13 6
13 2 14 2
13 6 13 7
13 6 12 6
13 6 14 6
13 18 13 15
13 18 13 22
13 18 10 18
13 18 14 18
13 27 13 26
13 27 13 28
13 27 7 27
13 27 14 27
16 14 16 9
16 14 16 29
16 14 0 14
16 14 18 14
17 11 17 10
17 11 17 12
17 11 18 11
17 11 17 10
17 11 17 12
17 11 18 11
17 22 17 21
17 22 17 24
17 22 19 22
18 11 18 10
18 11 18 14
18 11 21 11
19 27 19 26
19 27 20 27
19 27 19 26
19 27 20 27
20 15 20 16
20 15 19 15
20 15 21 15
23 16 23 15
23 16 23 19
23 16 20 16
23 16 24 16
25 6 25 7
25 6 24 6
25 6 26 6
28 5 28 6
28 5 27 5
28 5 29 5
28 17 28 14
28 17 28 20
28 17 27 17
28 17 29 17
28 33 28 32
28 33 26 33
28 33 31 33
28 33 28 32
28 33 26 33
28 33 31 33
29 19 29 18
29 19 29 20
29 19 30 19
30 16 30 15
30 16 30 19
30 16 29 16
30 16 30 15
30 16 30 19
30 16 29 16
30 19 30 23
31 0 31 1
31 0 30 0
31 0 32 0
31 24 31 14
31 24 31 31
31 24 29 24
31 31 31 24
31 31 31 32
31 31 29 31
31 31 32 31
1 0 1 1
1 0 0 0
1 13 2 13
1 33 1 32
1 33 0 33
2 11 4 11
5 2 5 1
5 2 8 2
8 3 8 2
9 4 9 2
12 1 12 6
12 6 12 7
12 6 10 6
12 6 13 6
12 7 12 8
12 7 11 7
12 7 13 7
12 7 12 8
12 7 11 7
12 13 12 11
12 13 4 13
12 13 13 13
12 23 12 24
12 23 10 23
12 23 13 23
13 6 13 7
13 6 14 6
14 6 14 2
14 6 14 7
14 6 15 6
14 6 14 7
14 12 14 11
14 12 14 13
14 12 15 12
15 18 15 16
15 18 15 19
15 18 14 18
15 18 15 16
15 18 15 19
15 18 14 18
15 19 15 22
25 6 25 7
25 6 24 6
25 7 25 8
25 7 24 7
25 7 27 7
25 7 25 8
26 33 26 32
26 33 24 33
30 15 30 13
30 15 29 15
30 23 29 23
31 14 31 12
31 14 31 24
31 31 31 32
31 31 29 31
31 31 32 31
0 2 0 3
1 13 2 13
2 3 2 4
2 3 3 3
2 5 4 5
2 13 4 13
4 5 4 4
5 1 6 1
8 1 8 2
8 2 9 2
10 7 10 6
10 7 10 8
10 7 9 7
10 7 10 6
10 7 10 8
12 8 11 8
12 8 14 8
15 16 15 15
15 16 14 16
15 19 15 22
15 22 15 23
15 22 14 22
15 23 15 24
15 23 14 23
15 23 15 24
15 24 15 27
15 24 14 24
24 6 24 7
24 6 23 6
24 7 24 8
24 7 23 7
29 15 29 13
30 12 30 11
30 12 30 13
30 12 29 12
4 5 4 4
10 0 16 0
10 0 16 0
10 8 10 10
10 8 8 8
11 10 11 11
11 10 10 10
11 10 14 10
11 10 11 11
11 10 10 10
11 10 14 10
11 11 11 12
11 11 5 11
11 12 10 12
0 9 0 6
0 9 0 10
0 9 0 6
0 9 0 10
0 10 0 12
0 10 10 10
0 12 0 14
0 12 4 12
4 3 4 4
4 3 3 3
5 11 5 12
5 11 4 11
5 11 5 12
5 12 4 12
7 12 8 12
8 8 8 7
8 8 6 8
8 8 8 7
9 7 8 7
9 12 8 12
9 12 10 12
9 12 8 12
9 12 10 12
4 12 4 13
4 13 12 13
6 7 6 8
6 7 1 7
6 7 6 8
6 8 6 7
12 13 13 13
3 8 1 8
1 7 1 6

4336

1   2 1 1   3 = = 4 4 - 4 - 3 3                           3   4 2 1 
4 2 |   2   5 5 2   |   ǁ 2 | 2 1 2 4   3     2     4 1 2   2   2 4 
6 = 6 5 1 1 | ǁ |   | 1 ǁ 3 |   4                   5 4 6         ǁ 
ǁ   | 5 2 | | ǁ 2   | | ǁ | |   4   1                 2 ǁ         ǁ 
ǁ   | 3 3 3 | ǁ     | 3 7 5 |   1                       ǁ         ǁ 
ǁ 3 6 - 1   | ǁ     | 4 4 ǁ | 4                     6 3 5         ǁ 
ǁ 1 ǁ       | 5 4   | |   ǁ |   2 4           4 2 3   1         1 ǁ 
ǁ   ǁ       |   |   | | 2 ǁ |     2       3   6 2     2         2 ǁ 
ǁ 1 5 1     | 3 4   | | 3 ǁ |   2         4 1         | 3       5 6 
ǁ   2 - 1   | 2 |   | | 4 ǁ | 4               5 2     |       2   ǁ 
5 - - - - - 7 6 4 - 4 | 4 ǁ |   1   4         3       |       2   ǁ 
ǁ           ǁ 2 1   6 4 2 ǁ |       |         | 2 3   | 1     3   ǁ 
ǁ 3 - - - - 6 6 4   ǁ 1 - 5 |       |         5 4 2   | 1         3 
ǁ 6 6 = = = 8 3 |   ǁ 1   3 | 5 - - 7 - - - 2 2 1   6 7 4           
ǁ 2 3 - - - 6 3 3   4 3 5 2 | 2 2   5   2   3 2 3   2 4 4     5 4 4 
ǁ 1         2       1   1   | 1 4 = 6 4 = = 4 4 4 - - 1 2     2   2 
3                 5 - - - - 7 - - - - - - - - - - - - - - 6 6   6 4 
  2 1     4   4 2   3 6 2   |     2     4 2 5 - 4 3 2         2     
  3     3           4 7 - - 7           6 2 |                       
  3 2                 | 1 2   2             5       5 4             
                    2 |       5 5 1   2               2     2       
                    2 6 5 4   4 |         2                       2 
                    1 2 2     2 |                                 2 
            1 2   6     3 1   2 7 - - 5 3 5                 2   3   
            4 4 1   3 4 6 2     5 4     3 3                 3   2 3 
            5 6 2   3   4 1     1 2     1                   2   1 | 
            1 |     1     2   2       3     5             5   5 3 4 
  2       4   4   5     5 4   2 1 4 3   2 1   1 4 5       5 3 5 2 ǁ 
          5 2   2   2   6 2 4 - - 7 - - 4 3       2 1     3   2 3 6 
          2 1       3 1 5 3 - 2 2 2 2 5 3 2 3 3 5 4 3       4 3 1 ǁ 
3   5 1   3   4 5   3 5 5 3 - 4 6 = = 4 - - - 2 | 3       2 2 ǁ 2 ǁ 
5 2 4 2   4 2 3 4   1 2 1 - 4 = = = = = = = = = 5 = = = = = = 8 5 3 
4       5         4                               2         2 5 3 1 
3 2 1   3 3 2 1   3                                   2 2 1 1 3 2   
