34 34
3 0 0 2 2 0 0 0 0 5 0 0 0 0 2 3 0 0 0 0 0 0 0 5 0 0 0 4 0 0 0 2 3 2 
4 3 1 0 4 3 1 0 0 5 0 3 0 1 2 5 0 0 0 0 0 2 2 4 2 1 1 0 1 0 4 2 0 1 
1 2 1 0 1 2 0 2 1 0 1 3 2 1 1 3 1 2 0 3 0 2 1 1 2 3 2 0 2 1 0 1 0 1 
2 0 0 4 0 0 0 0 0 4 0 0 0 0 0 0 0 0 0 0 0 0 0 0 0 0 0 5 4 0 3 2 0 2 
0 4 2 0 1 2 4 1 1 0 1 2 0 0 0 0 0 0 0 0 6 4 0 2 1 0 2 0 1 0 3 2 0 0 
0 0 1 2 4 0 6 4 0 0 0 3 0 0 0 0 0 0 2 1 0 0 1 0 2 2 0 0 2 1 0 0 0 0 
1 5 1 1 0 1 0 2 0 0 3 3 1 2 0 3 0 3 4 2 0 0 0 0 0 0 0 0 0 1 0 0 0 0 
1 0 1 0 0 0 0 1 0 0 0 2 3 0 1 3 3 1 0 1 0 0 3 0 0 0 0 0 0 0 0 0 0 0 
3 6 4 3 0 2 4 3 3 0 0 0 2 0 1 2 0 1 0 0 0 0 0 0 0 0 0 0 5 3 0 0 0 0 
2 0 1 1 0 2 5 3 1 0 0 3 0 5 0 0 5 2 4 3 0 2 0 0 0 0 0 0 0 0 0 0 0 0 
2 0 3 0 5 0 0 0 0 3 2 3 2 0 1 3 2 1 2 2 0 3 0 0 0 2 0 0 0 0 0 0 0 0 
1 0 2 1 2 0 0 0 0 0 0 0 0 4 0 5 4 0 2 1 0 2 0 0 1 0 0 0 0 0 0 0 0 0 
3 4 0 0 0 0 0 0 0 0 0 0 0 0 0 0 0 0 0 0 6 0 5 0 0 0 0 0 0 0 0 0 0 2 
0 0 1 0 0 0 2 1 0 0 3 3 2 2 0 0 0 0 0 2 0 1 0 0 0 0 2 0 0 0 0 0 0 0 
0 0 2 5 0 0 5 0 2 1 0 2 0 4 0 0 0 2 1 0 0 3 0 0 0 0 0 0 0 0 0 0 0 0 
0 0 0 0 2 2 0 3 0 0 5 0 0 0 0 0 0 0 0 3 0 0 0 0 0 0 0 0 5 0 5 0 0 0 
0 0 1 0 0 1 0 0 2 2 0 3 0 0 3 1 0 0 2 0 0 0 0 0 0 0 0 0 0 1 0 0 1 0 
0 0 0 0 2 0 0 0 1 0 0 2 4 3 0 2 0 2 3 0 0 0 0 0 0 0 0 0 0 3 0 0 2 0 
0 0 0 0 0 2 0 0 2 2 0 1 2 2 0 2 1 0 0 0 0 3 0 0 0 0 0 0 0 0 0 0 0 0 
0 0 0 0 3 0 0 0 0 0 0 4 0 0 6 0 0 5 0 0 0 0 0 0 0 0 0 0 0 0 0 0 0 0 
0 0 0 0 0 0 0 0 0 0 0 1 1 0 4 3 1 0 0 0 0 0 0 0 0 0 0 0 0 0 0 0 3 0 
0 0 0 0 4 0 0 0 3 0 5 0 0 0 0 0 0 3 0 0 0 0 0 0 0 0 0 0 0 0 0 0 0 0 
0 0 0 0 0 0 0 3 3 2 0 1 4 0 5 6 2 1 0 0 0 0 2 0 0 0 2 0 0 0 0 0 0 0 
0 0 0 0 0 0 0 3 3 2 3 1 3 2 0 6 3 3 0 0 0 0 1 0 0 0 0 0 0 0 0 0 0 0 
0 0 1 6 5 5 0 1 1 0 4 0 1 1 0 3 1 1 0 0 0 0 1 0 0 0 0 0 3 3 0 0 0 0 
0 0 2 4 1 0 0 3 0 0 0 0 0 0 5 0 0 0 5 3 0 0 0 0 0 0 0 0 0 1 0 0 0 0 
0 0 1 4 1 2 0 2 3 0 0 0 0 0 5 0 2 1 0 1 0 0 0 0 0 0 0 0 2 0 0 0 0 3 
2 0 0 3 1 0 0 2 6 0 4 0 3 1 3 2 2 2 0 1 4 2 2 5 0 3 2 0 4 3 0 0 0 0 
1 0 1 0 0 0 4 0 0 0 0 0 0 0 0 0 0 0 4 0 3 1 1 5 4 4 2 0 2 1 0 0 0 0 
3 4 0 0 0 0 0 0 0 0 0 0 0 0 0 0 0 0 0 0 0 0 0 0 0 0 0 4 0 0 5 6 3 3 
2 0 1 4 0 3 0 2 1 2 0 3 2 0 0 0 3 0 0 0 0 4 0 0 2 2 1 0 2 0 3 2 3 3 
1 0 2 4 0 2 0 0 0 0 0 3 0 0 0 0 0 0 0 0 0 5 0 0 0 0 0 4 0 0 0 4 1 0 
2 4 0 0 0 0 0 0 0 0 0 0 0 0 0 0 0 1 1 0 0 3 1 1 0 0 0 4 1 2 0 6 2 1 
1 2 0 0 0 0 0 0 0 0 0 0 0 0 0 0 1 1 0 0 0 0 0 0 0 0 0 3 0 2 1 1 2 1 
400 53
0 9 0 4
0 9 0 14
0 9 1 9
0 23 0 15
0 23 0 27
0 23 1 23
4 20 4 11
4 20 4 21
4 20 12 20
4 20 4 11
4 20 4 21
4 20 12 20
8 28 8 29
8 28 5 28
8 28 15 28
12 20 12 1
12 20 12 22
12 20 27 20
12 20 12 1
12 22 7 22
12 22 22 22
12 22 7 22
12 22 22 22
13 21 14 21
14 3 14 2
14 3 14 6
14 3 24 3
14 21 18 21
15 30 15 28
15 30 4 30
15 30 29 30
16 29 17 29
17 29 24 29
19 17 19 14
19 17 17 17
19 17 21 17
23 22 24 22
7 22 5 22
9 6 9 5
9 6 9 7
9 6 8 6
11 15 11 13
11 15 11 16
11 15 10 15
11 21 10 21
14 21 18 21
17 29 24 29
18 16 18 15
18 21 27 21
11 21 10 21
10 21 9 21
9 21 4 21
4 21 4 23

12271

3     2 2 - - - - 5 - - - - 2 3 - - - - - - - 5 - - - 4       2 3 2 
4 3 1   4 3 1     5   3   1 2 5           2 2 4 2 1 1   1   4 2   1 
1 2 1   1 2   2 1   1 3 2 1 1 3 1 2   3   2 1 1 2 3 2   2 1   1   1 
2     4           4                                   5 4   3 2   2 
  4 2   1 2 4 1 1   1 2 = = = = = = = = 6 4 - 2 1   2   1   3 2     
    1 2 4   6 4       3             2 1 ǁ | 1   2 2     2 1 |       
1 5 1 1   1   2     3 3 1 2   3   3 4 2 ǁ | |           | 1 |       
1   1         1       2 3   1 3 3 1   1 ǁ | 3           |   |       
3 6 4 3   2 4 3 3       2   1 2   1     ǁ | ǁ           5 3 |       
2   1 1   2 5 3 1     3   5     5 2 4 3 ǁ 2 ǁ           |   |       
2   3   5         3 2 3 2   1 3 2 1 2 2 ǁ 3 ǁ     2     |   |       
1   2 1 2                 4 - 5 4   2 1 ǁ 2 ǁ   1       |   |       
3 4 = = = = = = = = = = = = = = = = = = 6 - 5           |   |     2 
    1       2 1     3 3 2 2           2 | 1 ǁ       2   |   |       
    2 5 - - 5   2 1   2   4       2 1   | 3 ǁ           |   |       
      | 2 2   3     5                 3 | ǁ ǁ           5 - 5       
    1 |   1     2 2   3     3 1     2   | ǁ ǁ             1 |   1   
      | 2       1     2 4 3   2   2 3   | ǁ ǁ             3 |   2   
      |   2     2 2   1 2 2   2 1 |     | 3 ǁ             ǁ |       
      | 3             4     6 - - 5     | | ǁ             ǁ |       
      |               1 1   4 3 1 |     | | ǁ             ǁ |   3   
      | 4       3   5             3     | | ǁ             ǁ |       
      |       3 3 2   1 4   5 6 2 1     | | 2       2     ǁ |       
      |       3 3 2 3 1 3 2   6 3 3     | | 1             ǁ |       
    1 6 5 5   1 1   4   1 1   3 1 1     | | 1           3 3 |       
    2 4 1     3             5       5 3 | |               1 |       
    1 4 1 2   2 3           5   2 1   1 | |             2   |     3 
2     3 1     2 6   4   3 1 3 2 2 2   1 4 2 2 5   3 2   4 3 |       
1   1       4                       4   3 1 1 5 4 4 2   2 1 |       
3 4                                                   4     5 6 3 3 
2   1 4   3   2 1 2   3 2       3         4     2 2 1   2   3 2 3 3 
1   2 4   2           3                   5           4       4 1   
2 4                               1 1     3 1 1       4 1 2   6 2 1 
1 2                             1 1                   3   2 1 1 2 1 
