34 34
2 0 0 0 0 3 0 0 3 1 0 0 0 0 0 0 2 0 0 0 0 0 0 0 0 0 0 0 0 0 3 1 4 2 
3 0 0 6 4 5 0 0 6 0 0 0 0 0 0 0 0 0 0 0 0 0 0 0 0 0 0 0 0 0 6 0 5 5 
2 0 0 4 2 4 2 0 0 0 1 0 0 3 0 0 0 0 0 0 0 0 0 0 0 0 0 5 3 0 0 1 3 3 
5 0 0 0 0 0 0 0 5 0 0 0 0 0 0 0 0 0 0 0 0 0 0 0 0 0 0 3 3 0 6 0 7 4 
2 3 3 2 1 0 2 2 0 3 0 3 4 3 0 3 3 3 2 0 0 0 0 5 1 1 0 2 2 1 3 1 1 1 
3 4 2 0 1 0 5 5 0 3 0 0 4 3 1 4 0 6 0 0 0 0 0 5 0 0 0 0 0 0 0 0 3 3 
0 0 2 0 0 0 0 4 0 0 0 0 3 4 0 3 2 6 0 0 0 0 0 3 3 0 0 0 0 0 3 0 0 3 
3 0 0 0 0 0 0 3 0 6 0 4 0 0 0 0 0 3 0 0 0 0 1 0 3 0 1 0 0 0 0 0 0 0 
0 0 0 0 0 0 0 3 0 4 0 0 0 0 0 0 0 0 0 0 0 0 0 0 0 0 0 0 0 0 7 0 6 5 
0 0 2 5 0 0 6 5 0 0 1 1 0 2 0 2 0 4 0 0 0 0 0 0 5 4 2 3 0 2 0 1 0 3 
0 0 2 0 4 0 7 5 0 0 5 0 0 6 0 0 0 0 1 1 0 0 3 0 0 0 0 2 0 0 0 3 3 2 
0 0 3 0 0 0 0 1 0 0 0 3 3 0 3 0 0 0 0 0 0 0 6 0 5 0 0 0 0 4 0 0 1 1 
0 0 0 0 0 0 0 0 0 0 3 6 5 0 4 0 0 0 3 3 2 0 5 5 4 1 3 0 4 0 0 0 5 5 
0 0 0 0 2 0 0 0 0 0 1 4 2 0 2 0 0 2 0 0 0 0 4 4 2 2 3 1 0 0 0 0 0 3 
2 0 0 0 0 0 0 0 0 3 2 4 0 7 0 0 0 0 0 0 0 0 0 0 0 0 0 0 5 0 0 5 6 2 
0 0 0 0 0 0 0 0 0 5 4 0 0 0 1 0 2 0 2 0 3 0 0 0 0 0 3 1 0 0 0 2 0 0 
2 0 0 0 1 0 2 0 0 6 7 6 3 6 0 0 0 0 0 0 5 0 0 0 0 4 4 1 0 0 0 2 0 0 
2 0 0 0 0 0 0 0 0 4 4 3 3 1 2 0 4 0 0 0 0 0 0 0 0 0 0 0 5 5 0 0 0 0 
0 0 2 6 0 0 0 0 4 0 0 0 0 0 0 0 0 3 0 0 0 1 2 0 0 5 3 0 0 0 0 0 0 0 
4 6 0 7 0 0 5 3 0 4 5 0 0 0 0 4 4 5 0 0 0 0 0 0 0 5 3 0 0 0 0 0 0 0 
0 0 1 0 2 0 5 0 0 4 4 0 0 0 0 0 0 0 0 0 0 0 0 0 0 0 0 0 6 6 0 0 0 2 
0 0 2 0 3 0 4 0 0 0 0 3 0 4 2 1 1 0 3 0 0 0 0 6 0 0 3 2 0 2 0 0 0 0 
0 0 0 0 4 2 2 0 0 3 0 2 3 5 0 0 0 0 0 0 0 0 0 6 0 0 5 5 0 0 0 0 0 0 
0 5 4 0 2 0 0 0 0 0 0 1 2 3 0 2 0 1 0 0 0 0 0 0 1 2 0 0 0 2 0 0 0 0 
0 0 0 0 4 0 0 3 0 3 0 4 7 0 0 0 0 0 0 0 0 0 0 7 0 5 0 0 0 0 0 0 0 0 
2 0 0 0 2 1 0 0 0 1 0 1 4 3 3 2 3 3 3 2 3 2 3 0 1 2 0 0 0 0 0 0 0 0 
2 0 3 0 2 0 0 0 0 3 5 0 0 0 6 7 7 3 4 0 5 1 0 0 0 0 0 3 0 0 0 3 0 0 
0 0 3 0 3 6 0 5 0 0 0 0 2 0 4 3 3 0 3 0 0 3 3 0 0 0 0 1 0 4 0 0 0 3 
3 0 3 0 2 0 0 0 0 0 5 0 0 0 0 0 0 6 4 0 0 0 2 0 5 0 5 2 0 0 0 0 0 0 
0 0 0 0 3 5 2 4 0 3 0 0 0 1 0 0 0 4 4 1 0 0 0 0 4 4 3 2 0 0 0 0 0 0 
5 6 5 0 3 5 5 2 0 3 6 0 0 0 0 0 0 0 0 0 4 3 4 0 0 0 0 1 0 0 0 0 0 0 
4 3 3 0 2 2 4 2 0 2 5 0 0 0 0 2 1 2 0 0 5 2 1 0 0 0 0 0 0 0 0 0 0 0 
4 0 0 6 0 0 0 0 6 0 0 0 0 0 0 0 0 0 0 0 0 0 0 6 0 0 0 0 7 4 0 0 0 0 
2 2 1 2 1 2 0 0 5 0 0 0 0 0 0 0 4 0 4 4 0 3 2 4 0 2 1 0 5 0 5 3 3 2 
400 303
1 3 1 0
1 3 1 4
1 3 2 3
1 3 1 0
1 3 1 4
1 3 2 3
1 4 1 5
1 4 2 4
1 33 1 32
1 33 0 33
1 33 2 33
2 27 2 13
2 27 2 28
2 27 3 27
3 0 3 8
3 0 2 0
3 0 4 0
3 32 3 30
3 32 3 33
3 32 2 32
3 32 4 32
4 23 4 18
4 23 4 24
4 23 5 23
8 30 8 9
8 30 8 32
8 30 6 30
8 30 33 30
8 33 8 32
8 33 6 33
8 33 9 33
9 24 9 17
9 24 9 25
9 24 11 24
10 6 10 4
10 6 10 7
10 6 9 6
10 6 16 6
12 23 12 22
12 23 12 24
12 23 13 23
12 28 12 26
12 28 14 28
12 28 12 26
12 28 14 28
12 32 12 33
12 32 11 32
12 32 14 32
12 33 12 32
12 33 11 33
12 33 13 33
14 13 14 11
14 13 14 28
14 13 10 13
14 13 16 13
14 31 14 32
14 31 10 31
14 31 15 31
15 9 15 10
15 9 14 9
15 9 16 9
16 10 16 9
16 10 16 11
16 10 15 10
16 10 17 10
17 29 17 28
17 29 11 29
17 29 20 29
19 3 19 1
19 3 19 6
19 3 18 3
19 3 32 3
20 2 21 2
20 29 20 28
20 29 17 29
20 29 21 29
20 29 20 28
20 29 21 29
21 2 23 2
21 23 21 18
21 23 21 26
21 23 22 23
21 23 21 18
21 23 21 26
21 23 22 23
22 23 22 13
22 23 22 26
22 23 24 23
22 23 22 13
22 27 22 26
22 27 21 27
22 27 26 27
23 1 23 2
23 1 19 1
23 1 30 1
23 2 23 1
23 2 26 2
23 29 27 29
24 12 24 11
24 12 24 23
24 12 23 12
24 12 25 12
24 23 24 12
24 23 24 25
24 23 32 23
26 2 27 2
26 15 26 14
26 15 26 16
26 15 25 15
26 15 27 15
28 24 28 26
28 24 25 24
28 24 29 24
29 24 29 25
29 24 28 24
29 24 29 25
29 25 29 26
29 25 33 25
30 0 30 1
30 0 28 0
30 0 31 0
30 2 30 1
30 2 28 2
30 2 31 2
30 27 29 27
31 10 31 9
31 10 31 15
31 10 30 10
31 20 31 17
31 20 31 21
31 20 30 20
32 23 32 8
32 23 24 23
32 23 33 23
32 23 32 8
32 23 33 23
32 29 32 28
32 29 27 29
32 29 32 28
32 29 27 29
33 8 33 5
33 8 33 16
33 8 32 8
33 16 33 8
33 16 33 18
33 16 33 18
33 18 33 19
33 19 33 18
33 19 33 21
33 19 33 21
33 21 33 22
33 22 33 23
33 23 33 25
33 28 33 26
33 28 33 30
33 28 32 28
2 3 2 0
2 3 2 4
2 5 2 6
2 5 1 5
2 5 2 6
2 5 1 5
2 10 2 13
3 0 3 8
3 0 4 0
3 32 3 30
3 32 3 33
3 32 2 32
3 33 2 33
3 33 4 33
4 23 4 18
4 23 5 23
4 25 4 27
4 31 4 30
7 26 7 24
10 27 9 27
12 12 12 11
12 12 11 12
12 12 13 12
12 33 12 32
13 27 13 26
13 33 14 33
14 32 14 31
14 32 14 33
14 32 33 32
14 32 14 31
15 31 16 31
16 20 16 13
16 20 16 25
16 20 15 20
16 31 26 31
19 17 19 16
19 17 19 25
19 17 18 17
20 28 20 10
20 28 17 28
20 28 32 28
20 28 20 10
20 33 27 33
21 18 21 16
23 17 23 15
23 24 23 25
23 25 24 25
23 29 27 29
24 23 24 25
24 25 25 25
24 25 25 25
26 2 27 2
26 31 33 31
27 2 28 2
28 2 30 2
28 24 28 26
32 8 32 3
32 8 18 8
32 8 33 8
32 28 33 28
32 28 33 28
33 5 33 4
33 30 33 31
33 30 8 30
33 30 33 31
33 32 33 33
33 32 33 33
1 0 0 0
3 30 3 28
3 30 1 30
3 30 4 30
3 30 3 28
10 27 9 27
15 14 15 16
15 16 15 18
15 18 15 20
19 15 19 10
19 15 19 16
19 15 19 10
19 15 19 16
19 16 19 17
20 6 20 4
20 6 19 6
20 6 21 6
20 33 27 33
21 15 21 14
23 15 23 13
27 7 27 5
27 7 24 7
27 7 29 7
28 10 28 17
28 10 26 10
28 10 30 10
29 13 29 17
32 3 32 0
32 3 19 3
32 3 33 3
32 3 32 0
33 3 33 2
0 0 0 5
1 30 1 8
1 30 1 32
1 30 0 30
1 30 1 8
1 30 1 32
2 31 2 32
2 33 1 33
17 16 17 14
17 16 17 28
17 16 17 14
17 16 17 28
18 25 18 22
18 25 18 26
18 25 19 25
21 14 21 13
32 0 31 0
32 0 33 0
33 0 33 1
1 8 1 5
1 8 0 8
1 8 3 8
1 8 1 5
16 25 16 20
16 25 16 26
16 25 16 26
16 26 16 27
16 26 15 26
21 13 21 11
21 13 22 13
21 13 21 11
31 0 31 1
31 0 30 0
0 5 0 8
0 5 0 8
0 9 0 16
0 16 0 30
0 30 0 31
0 32 0 33
0 32 1 32
0 32 1 32
15 26 15 20
15 26 15 27
16 20 16 13
21 11 22 11
16 13 16 12
16 13 14 13
16 13 17 13

4476

2 - - - - 3 = = 3 1 - - - - - - 2 - - - - - - - - - - - - - 3 1 4 2 
3 = = 6 4 5 = = 6 = = = = = = = = = = = = = = = = = = = = = 6 = 5 5 
2 - - 4 2 4 2   |   1 - - 3 - - - - - - - - - - - - - 5 3   | 1 3 3 
5 = = = = = = = 5                                     3 3 = 6 = 7 4 
2 3 3 2 1   2 2   3   3 4 3   3 3 3 2 = = = = 5 1 1 - 2 2 1 3 1 1 1 
3 4 2   1   5 5   3     4 3 1 4   6           5                 3 3 
    2         4         3 4   3 2 6           3 3           3     3 
3             3   6   4           3         1   3 - 1       |     | 
              3   4 - - - - - - - - - - - - - - - - - - - - 7 - 6 5 
    2 5     6 5     1 1   2   2   4 - - - - - - 5 4 2 3   2 ǁ 1   3 
    2   4 - 7 5     5     6         1 1     3   |     2     ǁ 3 3 2 
    3       | 1       3 3 | 3               6   5         4 ǁ | 1 1 
            |       3 6 5 | 4       3 3 2   5 5 4 1 3 = 4 | ǁ | 5 5 
        2   |       1 4 2 | 2     2         4 4 2 2 3 1 ǁ | ǁ | | 3 
2           |     3 2 4 - 7 - - - - - - - - - - - - - - 5 | ǁ 5 6 2 
            |     5 4     ǁ 1 - 2 - 2 - 3 - - - - - 3 1   | ǁ 2 |   
2       1   2     6 7 6 3 6 = = = = = = 5 = = = = 4 4 1   | ǁ 2 |   
2                 4 4 3 3 1 2 = 4 = = = = = = = = = = = 5 5 ǁ | |   
    2 6         4                 3       1 2 - - 5 3   | ǁ ǁ | |   
4 6 - 7 - - 5 3 | 4 5 = = = = 4 4 5 - - - - - - - 5 3   | ǁ ǁ | |   
  | 1 ǁ 2 - 5   | 4 4 = = = = = = = = = = = = = = = = = 6 6 ǁ | | 2 
  | 2 ǁ 3   4   |     3 = 4 2 1 1 - 3 = = = = 6 = = 3 2 | 2 ǁ | | ǁ 
  | | ǁ 4 2 2   | 3   2 3 5 = = = = = = = = = 6 - - 5 5 |   ǁ | | ǁ 
  5 4 ǁ 2       |     1 2 3 - 2 - 1           | 1 2   | | 2 ǁ | | ǁ 
  | | ǁ 4     3 | 3   4 7 = = = = = = = = = = 7 = 5   | | ǁ ǁ | | ǁ 
2 | | ǁ 2 1   | | 1   1 4 3 3 2 3 3 3 2 3 2 3 ǁ 1 2   | | ǁ ǁ | | ǁ 
2 | 3 ǁ 2     | | 3 5       6 7 7 3 4   5 1   ǁ |     3 | ǁ ǁ 3 | ǁ 
  | 3 ǁ 3 6 - 5 |   |   2   4 3 3   3     3 3 ǁ |     1 | 4 ǁ | | 3 
3 | 3 ǁ 2     | |   5 - - - - - - 6 4       2 ǁ 5 = 5 2 | ǁ ǁ | |   
| | ǁ ǁ 3 5 2 4 | 3 |     1 - - - 4 4 1       ǁ 4 4 3 2 | ǁ ǁ | |   
5 6 5 ǁ 3 5 5 2 | 3 6                   4 3 4 ǁ   |   1 | ǁ ǁ | |   
4 3 3 ǁ 2 2 4 2 | 2 5 - - - - 2 1 2 - - 5 2 1 ǁ   |     | ǁ ǁ | |   
4 = = 6 - - - - 6 = = = = = = = = = = = = = = 6   |     7 4 ǁ | |   
2 2 1 2 1 2 - - 5 = = = = = = = 4 = 4 4 = 3 2 4 - 2 1 - 5 - 5 3 3 2 
