34 34
2 0 0 3 2 0 0 0 3 3 0 2 2 0 4 0 0 0 2 3 0 0 0 0 0 0 0 0 0 0 0 0 6 2 
0 3 0 6 0 0 0 0 6 6 0 0 0 0 4 0 1 3 3 0 1 3 0 0 3 3 3 0 0 0 0 0 5 3 
0 0 2 5 0 4 4 1 0 0 3 0 2 2 0 2 0 6 3 0 1 0 0 0 0 1 0 1 3 2 2 1 5 4 
0 0 2 0 0 0 0 0 0 0 2 0 0 0 0 0 2 4 3 0 0 0 0 0 0 0 0 3 7 0 5 0 5 2 
0 0 2 0 0 0 3 1 0 0 3 0 4 4 6 0 3 4 0 4 3 0 2 0 6 2 0 2 6 2 0 3 2 2 
0 0 1 0 0 0 1 0 0 0 0 0 3 1 3 1 3 4 0 4 3 0 0 0 1 0 0 1 1 0 0 2 3 4 
0 0 1 0 0 0 4 4 0 0 5 0 0 0 0 0 6 0 0 0 0 6 0 0 0 0 7 0 0 0 7 0 5 0 
0 3 0 0 0 0 0 0 0 0 0 3 0 3 1 0 0 2 4 3 3 0 0 0 0 0 0 2 0 2 0 1 0 0 
0 3 0 0 0 0 0 0 0 4 4 3 2 0 0 0 5 1 0 3 3 0 0 3 3 1 0 0 0 0 0 0 0 0 
0 0 0 0 3 5 4 0 0 0 2 2 0 1 0 0 3 0 3 0 2 0 0 0 0 0 0 4 0 3 4 0 0 0 
0 4 3 0 0 0 2 0 0 5 0 0 0 0 0 0 0 0 0 6 4 0 0 0 0 0 0 5 2 0 2 0 2 0 
0 0 0 0 0 0 0 0 0 0 4 6 0 4 3 2 0 3 0 5 3 0 0 0 2 0 0 3 1 0 0 0 4 4 
0 0 0 0 0 0 0 3 0 4 5 0 1 0 6 6 1 3 2 0 3 0 0 0 0 0 0 5 0 5 0 5 8 4 
0 0 1 0 0 0 0 0 0 2 2 0 0 0 5 7 0 0 0 7 6 0 4 3 0 0 0 3 0 0 1 0 5 3 
0 0 0 0 0 0 3 2 0 4 4 0 0 0 3 5 2 1 0 5 4 0 0 0 0 0 0 4 1 0 2 0 0 0 
0 0 0 0 2 0 0 2 0 0 0 0 2 4 0 0 0 0 0 0 0 4 0 0 0 0 0 4 3 0 0 0 0 0 
0 0 0 0 0 2 6 4 0 0 4 5 1 2 0 0 2 0 2 3 2 0 6 0 6 3 0 2 4 6 5 0 0 0 
0 0 0 0 0 0 4 1 0 0 3 3 0 0 0 0 0 0 0 0 0 4 4 1 0 0 0 0 1 6 5 0 0 2 
0 0 0 0 0 0 1 0 0 0 2 3 2 1 0 0 0 0 5 3 0 3 1 0 0 1 0 4 0 7 3 0 0 0 
0 5 0 7 0 0 0 0 5 5 0 0 0 0 0 0 0 0 5 0 0 0 0 0 3 0 0 0 2 5 1 0 0 0 
0 0 1 0 2 0 4 0 4 0 0 0 0 0 0 0 0 0 0 0 0 0 0 0 0 0 7 6 0 0 0 4 5 2 
0 0 0 0 3 2 0 0 0 4 0 5 0 0 0 5 0 0 0 2 0 0 0 0 0 0 0 2 3 0 0 5 0 1 
0 0 0 0 0 0 0 0 0 3 0 2 0 2 1 0 0 0 0 0 0 0 0 0 0 2 0 0 3 1 3 4 0 0 
2 5 5 0 0 0 0 0 0 3 0 0 0 6 3 0 0 0 0 0 0 0 0 0 0 0 0 0 2 0 0 0 0 0 
2 0 3 0 0 0 0 0 0 0 0 0 0 0 0 0 2 0 0 0 0 0 0 0 0 0 0 4 4 0 0 0 0 0 
2 0 0 0 0 0 0 2 0 0 1 0 0 0 0 0 0 0 0 0 0 0 0 0 0 0 0 0 0 0 0 0 0 0 
0 4 3 0 3 0 0 0 0 0 0 0 0 0 0 0 0 0 0 1 0 0 0 0 0 0 0 2 5 4 3 0 6 2 
0 2 1 0 1 0 0 0 0 0 0 0 0 0 0 0 0 0 0 1 0 0 0 0 0 0 0 0 0 4 1 0 6 3 
0 0 0 0 0 0 3 5 0 4 4 0 0 6 0 8 7 4 0 4 0 0 0 0 4 3 0 0 0 3 3 0 5 0 
0 0 0 0 0 0 1 2 0 3 3 2 0 5 1 0 2 3 1 0 0 0 0 0 2 0 0 0 0 0 1 0 0 0 
0 0 0 0 0 0 2 0 5 0 0 0 0 0 0 5 1 2 0 4 0 0 0 0 0 0 5 0 5 0 3 0 6 5 
3 0 0 6 0 6 0 0 0 0 0 0 0 0 0 0 0 0 0 0 0 0 0 0 4 4 6 2 0 0 1 2 4 3 
5 0 0 5 1 6 0 0 0 0 0 0 0 0 0 5 2 0 0 0 0 0 0 0 2 3 7 4 8 0 3 4 5 4 
3 3 3 3 0 4 0 0 0 3 0 0 2 0 0 3 0 0 0 3 0 0 0 0 2 0 2 1 4 0 3 3 5 4 
400 390
0 32 0 19
0 32 0 33
0 32 1 32
0 32 0 19
0 32 0 33
0 32 1 32
3 28 3 27
3 28 3 30
3 28 2 28
3 28 4 28
6 26 6 21
6 26 6 30
6 26 1 26
6 26 20 26
6 32 6 30
6 32 5 32
6 32 10 32
10 27 10 28
10 27 9 27
10 27 11 27
12 27 12 29
12 27 11 27
12 27 13 27
12 32 12 31
12 32 12 33
12 32 11 32
12 32 13 32
12 32 12 31
12 32 12 33
12 32 11 32
12 32 13 32
12 33 11 33
12 33 13 33
13 15 13 14
13 15 13 19
13 15 12 15
13 15 14 15
16 30 16 29
16 30 14 30
16 30 17 30
17 6 17 7
17 6 16 6
17 6 18 6
17 6 16 6
18 29 18 27
18 29 18 30
18 29 17 29
18 29 19 29
19 1 19 3
19 1 10 1
19 1 23 1
28 15 28 13
28 15 28 16
28 15 21 15
28 15 30 15
28 15 28 13
28 15 28 16
28 15 21 15
28 15 30 15
28 16 28 17
28 16 24 16
28 16 29 16
28 32 28 30
28 32 27 32
28 32 30 32
29 13 29 11
29 13 29 14
29 13 28 13
30 8 30 6
30 8 30 15
30 8 20 8
30 33 30 32
30 33 27 33
30 33 31 33
32 0 32 3
32 0 31 0
32 0 33 0
32 26 32 25
32 26 32 27
32 26 31 26
32 26 33 26
32 28 32 27
32 28 32 30
32 28 30 28
32 28 33 28
32 28 32 27
32 28 32 30
32 28 30 28
32 28 33 28
33 28 33 27
33 28 33 30
33 32 33 31
33 32 33 33
33 32 32 32
33 33 33 32
33 33 32 33
33 33 33 32
11 33 11 32
11 33 5 33
11 33 11 32
16 6 16 5
16 6 16 7
16 6 14 6
16 6 16 5
16 7 16 10
16 7 15 7
16 7 16 10
19 8 19 3
19 8 19 9
19 8 20 8
22 31 22 30
22 31 21 31
22 31 22 30
22 31 21 31
23 2 23 1
23 2 20 2
23 2 24 2
28 7 28 6
28 7 25 7
28 7 29 7
28 13 28 10
28 13 23 13
28 13 29 13
29 13 29 11
32 27 32 26
32 33 32 32
32 33 31 33
32 33 32 32
1 8 1 3
1 8 1 9
1 8 0 8
1 8 1 3
1 8 1 9
1 8 0 8
1 9 1 14
1 9 0 9
1 9 8 9
1 9 1 14
5 33 5 32
5 33 4 33
5 33 5 32
6 10 6 16
6 10 4 10
6 10 8 10
6 32 6 30
6 32 10 32
9 5 9 4
9 5 9 6
9 5 2 5
15 4 9 4
23 13 23 9
23 13 23 14
23 13 22 13
23 13 23 9
23 13 23 14
23 14 22 14
25 10 28 10
28 10 28 9
28 10 29 10
29 10 29 9
29 10 29 9
1 3 1 1
1 3 0 3
1 3 2 3
1 3 1 1
8 9 8 10
8 9 10 9
8 9 8 10
13 2 10 2
15 4 9 4
28 9 23 9
28 9 29 9
1 1 7 1
7 1 8 1
9 5 9 6
9 5 2 5
9 6 6 6
9 6 10 6
2 5 2 3
2 5 2 6
2 6 2 7
2 6 4 6
2 6 4 6
6 6 6 7
6 6 5 6
6 6 6 7
6 7 4 7
6 7 12 7
7 1 8 1
8 1 10 1
10 1 10 2
10 1 19 1
10 2 6 2
10 6 14 6
10 9 10 19
10 9 12 9
10 9 10 19
10 9 12 9
10 19 10 20
10 19 8 19
10 19 11 19
10 19 10 20
10 20 9 20
10 20 11 20
11 10 11 11
11 10 12 10
11 10 11 11
11 10 12 10
11 11 11 13
11 11 16 11
11 11 11 13
11 11 16 11
11 13 11 14
11 13 15 13
12 12 15 12
12 14 12 15
12 14 11 14
12 14 13 14
12 14 12 15
12 14 11 14
12 14 13 14
12 15 12 16
12 15 11 15
12 15 13 15
14 6 14 7
15 7 14 7
5 2 4 2
9 20 8 20
11 15 11 17
12 7 12 9
12 7 12 9
12 10 13 10
12 10 13 10
13 9 14 9
14 9 14 10
14 9 13 9
14 9 14 10
14 10 16 10
4 2 3 2
14 10 16 10
16 11 16 12
16 11 17 11
16 11 17 11
3 2 2 2
15 12 15 13
15 13 15 21
15 13 16 13
15 21 6 21
15 21 17 21
15 21 6 21
16 20 16 19
16 22 16 24
16 22 13 22
16 22 17 22
16 22 16 24
16 22 13 22
16 22 17 22
16 24 16 25
16 24 11 24
16 24 19 24
16 24 16 25
17 23 17 22
2 2 2 3
2 3 19 3
2 3 19 3
6 21 6 16
6 21 6 26
6 21 1 21
11 24 8 24
13 20 13 19
13 20 12 20
13 20 14 20
13 20 13 19
13 20 12 20
13 20 14 20
13 22 13 23
14 19 14 17
14 19 14 20
14 19 13 19
14 20 14 19
16 20 16 19
17 22 17 21
18 22 18 21
4 22 4 24
5 24 4 24
6 16 6 10
6 16 5 16
6 16 8 16
6 16 5 16
7 14 7 13
13 22 13 23
13 23 8 23
14 16 14 15
14 19 13 19
17 21 17 11
17 21 18 21
18 18 18 13
18 18 18 19
18 18 19 18
18 21 18 19
22 13 22 11
4 22 4 24
8 23 8 24
14 16 14 15
16 13 16 16
16 16 16 18
16 18 16 19
17 10 18 10
18 12 18 11
8 23 8 24
8 25 16 25
17 10 18 10
18 12 18 11
18 25 22 25
20 26 20 27
20 26 6 26
20 26 30 26
20 26 20 27
20 26 30 26
20 26 20 27
20 27 20 31
20 27 18 27
20 27 21 27
22 25 28 25
24 16 28 16
18 11 21 11
18 27 18 29
18 27 16 27
19 9 19 8
19 9 21 9
19 9 19 8
19 9 21 9
19 28 19 29
20 8 20 6
20 8 30 8
21 9 21 11
21 9 22 9
22 9 22 11
19 3 19 1
19 3 31 3
19 3 31 3
19 28 19 29
20 6 20 4
20 6 28 6
20 6 20 4
21 11 21 15
25 7 28 7
31 3 31 0
31 3 31 5
31 3 32 3
31 3 31 0
31 5 31 24
31 5 21 5
31 5 32 5
31 5 31 24
31 5 21 5
32 0 32 3
32 0 33 0
32 5 32 4
32 5 32 15
32 5 33 5
33 0 33 1
33 1 33 2
21 4 26 4
21 11 21 15
21 15 21 19
25 0 24 0
27 4 26 4
30 15 30 8
30 15 30 16
32 3 33 3
32 3 33 3
32 5 32 15
32 5 33 5
33 1 33 2
33 2 33 3
33 5 33 9
33 5 33 9
33 9 33 12
33 12 33 15
19 18 19 24
19 18 18 18
19 18 19 24
19 18 18 18
21 4 26 4
21 19 26 19
25 0 24 0
27 19 28 19
30 6 29 6
28 6 28 7

8653

2     3 2       3 3   2 2   4       2 3 = = = = = = = = = = = = 6 2 
  3 = 6 = = = = 6 6 = = = = 4   1 3 3   1 3     3 3 3           5 3 
  | 2 5 - 4 4 1   | 3   2 2   2   6 3   1 |       1 | 1 3 2 2 1 5 4 
  | 2 ǁ   ǁ ǁ     | 2           2 4 3     |         | 3 7 - 5   5 2 
  | 2 ǁ   ǁ 3 1   | 3   4 4 6   3 4   4 3 | 2 = 6 2 | 2 6 2   3 2 2 
  | 1 ǁ   ǁ 1 |   | |   3 1 3 1 3 4   4 3 |     1   | 1 1     2 3 4 
  | 1 ǁ   ǁ 4 4   | 5 = = = = = 6 - - - - 6 = = = = 7 - - - 7 = 5 | 
  3 | ǁ   ǁ | |   | | 3   3 1   | 2 4 3 3 ǁ         ǁ 2   2   1 ǁ | 
  3 | ǁ   ǁ | |   4 4 3 2       5 1   3 3 ǁ   3 3 1 ǁ           ǁ | 
  | | ǁ 3 5 4 |   | 2 2   1     3   3 | 2 ǁ   | | | ǁ 4   3 4   ǁ | 
  4 3 ǁ ǁ   2 |   5 = = = = = = = = = 6 4 ǁ   | | | ǁ 5 2   2   2 | 
  ǁ | ǁ ǁ   | |   ǁ 4 6 = 4 3 2 - 3   5 3 ǁ   | 2 | ǁ 3 1       4 4 
  ǁ | ǁ ǁ   | 3 = 4 5 ǁ 1 | 6 6 1 3 2   3 ǁ   | | | ǁ 5 - 5   5 8 4 
  ǁ 1 ǁ ǁ   |     2 2 ǁ | | 5 7 - - - 7 6 ǁ 4 3 | | ǁ 3     1   5 3 
  ǁ   ǁ ǁ   3 2   4 4 ǁ | | 3 5 2 1 - 5 4 ǁ ǁ   | | ǁ 4 1   2       
  ǁ   ǁ 2   | 2     ǁ ǁ 2 4 - - - - - - - 4 ǁ   | | ǁ 4 3   |       
  ǁ   ǁ   2 6 4 = = 4 5 1 2 - - 2 - 2 3 2 | 6 = 6 3 ǁ 2 4 6 5       
  ǁ   ǁ     4 1     3 3 - - - - - - - - - 4 4 1 |   ǁ | 1 6 5     2 
  ǁ   ǁ     1       2 3 2 1 - - - - 5 3 - 3 1   | 1 ǁ 4 = 7 3       
  5 = 7 - - - - 5 5   |             5 = = = = = 3 | ǁ | 2 5 1       
  | 1 ǁ 2 = 4 - 4 ǁ   |                           | 7 6 - - - 4 5 2 
  | | ǁ 3 2 |   ǁ 4 - 5 = = = 5 - - - 2           | ǁ 2 3     5   1 
  | | ǁ ǁ ǁ |   ǁ 3 - 2 - 2 1 ǁ       |           2 ǁ   3 1 3 4     
2 5 5 ǁ ǁ ǁ |   ǁ 3 = = = 6 3 ǁ       |           | ǁ   2           
2   3 ǁ ǁ ǁ |   ǁ |       |   ǁ 2     |           | ǁ 4 4           
2     ǁ ǁ ǁ | 2 ǁ | 1     |   ǁ ǁ     |           | ǁ               
  4 3 ǁ 3 ǁ | ǁ ǁ | |     |   ǁ ǁ     1           | ǁ 2 5 4 3   6 2 
  2 1 ǁ 1 ǁ | ǁ ǁ | |     |   ǁ ǁ     1           | ǁ     4 1   6 3 
      ǁ   ǁ 3 5 ǁ 4 4 - - 6 = 8 7 4   4         4 3 ǁ     3 3 - 5 | 
      ǁ   ǁ 1 2 ǁ 3 3 2 = 5 1 ǁ 2 3 1           2   ǁ       1   | | 
      ǁ   ǁ 2 - 5 = = = = = = 5 1 2   4             5   5   3   6 5 
3 = = 6 - 6 = = = = = = = = = = = = = = = = = = 4 4 6 2 ǁ   1 2 4 3 
5 = = 5 1 6 = = = = = = = = = 5 2               2 3 7 4 8 = 3 4 5 4 
3 3 3 3   4 = = = 3 - - 2 - - 3       3         2   2 1 4 - 3 3 5 4 
