34 34
1 2 0 0 3 0 2 2 0 0 4 0 0 0 0 0 0 6 2 1 1 0 0 0 3 2 1 1 0 2 1 2 1 1 
1 2 2 1 2 1 0 2 2 1 0 1 2 0 2 1 2 0 1 4 0 0 0 0 4 0 0 0 0 5 6 8 4 3 
0 1 0 4 0 0 6 0 0 0 3 2 4 1 0 4 3 0 1 2 1 1 2 1 0 3 4 2 1 0 0 0 1 2 
4 0 3 0 2 2 0 0 1 0 5 0 6 3 2 0 1 5 0 0 5 6 4 3 0 0 0 2 2 0 0 0 0 1 
0 1 0 0 0 0 0 1 3 0 4 0 3 2 0 0 0 5 0 2 1 2 1 0 0 0 0 2 2 0 0 3 0 1 
0 0 0 0 4 3 0 1 3 0 0 0 0 0 5 5 0 2 1 2 0 0 0 4 0 2 0 0 2 0 0 1 0 2 
0 2 0 0 0 1 0 1 2 3 0 2 1 0 0 4 3 2 0 0 0 1 0 1 0 0 0 0 1 0 0 2 0 0 
0 0 0 0 0 0 0 2 0 6 0 0 0 0 6 0 0 0 0 0 0 0 0 0 5 0 6 4 2 2 3 0 0 0 
0 0 0 2 3 3 0 1 0 5 3 2 4 2 0 2 0 0 1 1 1 1 2 0 5 3 0 1 1 1 4 0 0 0 
0 0 0 0 0 1 0 2 0 6 0 5 4 2 0 0 1 0 4 2 0 1 2 0 2 1 0 2 0 0 5 0 0 0 
3 3 0 3 4 2 0 2 0 0 0 5 2 1 0 4 0 0 7 0 4 1 1 4 0 0 6 4 3 1 2 0 0 0 
1 1 0 1 1 1 0 3 2 2 0 3 3 2 0 0 1 0 5 2 3 3 1 2 0 1 1 1 2 1 0 0 0 0 
3 0 4 0 0 0 5 0 0 0 0 0 0 0 4 5 0 0 0 0 0 0 0 0 0 0 0 0 0 0 0 4 3 3 
0 0 0 1 2 2 0 0 0 0 0 0 0 0 0 0 3 3 0 0 0 0 3 0 0 0 0 0 0 0 0 0 3 2 
0 0 0 0 0 1 0 0 0 0 0 0 0 0 0 0 0 0 2 1 0 0 2 0 0 0 0 0 0 0 0 0 0 1 
0 0 0 0 0 0 0 0 0 0 0 0 0 0 0 0 0 0 5 3 0 5 0 0 0 0 0 0 0 0 0 0 5 1 
0 1 0 0 0 1 0 1 2 0 0 0 0 0 0 0 0 0 2 1 1 5 0 0 0 0 0 0 1 2 4 1 0 2 
0 0 0 0 0 0 0 0 0 0 0 0 0 0 0 0 0 0 2 4 0 4 0 0 0 0 0 0 0 0 4 1 0 0 
0 0 0 0 4 3 0 0 0 0 0 0 0 0 0 0 0 0 2 0 0 0 0 0 0 0 0 0 0 0 0 0 4 4 
0 2 0 0 0 0 0 1 5 2 0 0 0 0 0 0 0 0 0 3 2 2 5 0 0 0 0 0 2 0 0 2 0 0 
0 0 0 0 0 0 0 0 0 0 0 0 0 0 0 0 2 0 0 0 1 1 4 0 0 0 0 0 0 2 1 0 0 3 
0 2 0 0 0 0 0 0 0 0 0 0 0 0 0 0 2 0 0 4 0 0 0 0 0 0 0 0 0 0 0 3 0 0 
0 0 0 0 0 0 0 0 0 0 0 0 0 0 0 0 3 0 0 0 1 2 1 0 0 0 0 0 0 0 1 0 0 0 
0 0 0 0 0 1 0 0 0 0 0 0 0 0 0 0 0 1 0 2 3 3 2 0 0 0 0 0 0 0 4 2 0 0 
0 0 0 0 0 1 0 0 0 0 0 0 0 0 0 0 3 0 4 0 0 0 4 0 2 1 0 2 0 0 0 1 0 2 
0 0 0 0 4 2 0 0 0 0 0 0 0 0 0 0 2 1 2 1 0 0 2 0 0 0 0 2 0 0 0 0 0 0 
0 0 0 0 0 1 0 0 3 0 0 0 0 0 0 4 0 0 0 0 0 0 0 0 0 0 0 0 0 0 5 3 0 2 
0 4 6 2 0 0 0 0 0 0 0 0 0 0 0 2 0 0 0 0 0 3 0 0 0 2 2 2 1 0 2 1 0 0 
0 2 6 0 5 2 0 0 0 0 0 0 0 0 0 1 0 2 0 0 0 3 0 0 0 0 0 2 0 0 3 2 0 0 
0 1 2 1 4 2 0 1 4 0 0 0 0 0 3 0 0 0 0 0 0 0 0 0 0 0 0 0 0 0 0 0 5 4 
0 1 0 0 0 0 3 0 0 0 0 0 0 0 0 0 0 0 0 0 0 0 0 0 0 0 0 0 0 3 1 2 0 1 
3 0 0 0 0 0 0 0 0 0 0 0 0 0 0 0 0 0 0 4 0 0 0 0 2 1 2 2 0 3 2 3 0 0 
4 0 0 0 0 0 0 0 0 0 0 0 0 0 4 0 1 2 0 5 0 3 3 2 4 2 6 0 3 0 4 0 6 3 
2 0 0 0 0 0 0 2 0 0 0 0 2 1 2 1 1 4 2 2 0 1 3 2 2 1 2 0 1 1 3 1 3 1 
400 30
0 17 0 10
0 17 0 18
0 17 3 17
0 17 0 10
0 17 0 18
0 17 3 17
1 31 1 30
1 31 1 32
1 31 0 31
1 31 4 31
1 31 1 30
1 31 1 32
1 31 0 31
1 31 4 31
9 30 9 27
9 30 8 30
9 30 10 30
10 18 10 15
10 18 10 20
10 18 9 18
10 18 11 18
15 18 15 19
15 18 14 18
15 18 16 18
0 10 0 7
0 10 2 10
1 30 1 29
1 30 0 30
1 30 7 30
1 30 1 29

3531

1 2     3   2 2 - - 4 = = = = = = 6 2 1 1       3 2 1 1   2 1 2 1 1 
1 2 2 1 2 1   2 2 1 | 1 2   2 1 2 ǁ 1 4         4         5 6 8 4 3 
  1   4     6       3 2 4 1   4 3 ǁ 1 2 1 1 2 1   3 4 2 1   | ǁ 1 2 
4   3   2 2     1   5   6 3 2   1 5     5 6 4 3       2 2   | ǁ   1 
  1           1 3   4   3 2       5   2 1 2 1         2 2   | 3   1 
        4 3   1 3           5 5   2 1 2       4   2     2   | 1   2 
  2       1   1 2 3   2 1     4 3 2       1   1         1   | 2     
              2   6         6                   5   6 4 2 2 3       
      2 3 3   1   5 3 2 4 2   2     1 1 1 1 2   5 3   1 1 1 4       
          1   2   6   5 4 2     1   4 2   1 2   2 1   2 - - 5       
3 3   3 4 2   2       5 2 1   4 - - 7 - 4 1 1 4     6 4 3 1 2       
1 1   1 1 1   3 2 2   3 3 2     1   5 2 3 3 1 2   1 1 1 2 1         
3   4       5               4 5                               4 3 3 
      1 2 2                     3 3         3                   3 2 
          1                         2 1     2                     1 
                                    5 3   5                     5 1 
  1       1   1 2                   2 1 1 5             1 2 4 1   2 
                                    2 4   4                 4 1     
        4 3                         2                           4 4 
  2           1 5 2                   3 2 2 5           2     2     
                                2       1 1 4             2 1     3 
  2                             2     4                       3     
                                3       1 2 1               1       
          1                       1   2 3 3 2               4 2     
          1                     3   4       4   2 1   2       1   2 
        4 2                     2 1 2 1     2         2             
          1     3             4                             5 3   2 
  4 6 2                       2           3       2 2 2 1   2 1     
  2 6   5 2                   1   2       3           2     3 2     
  1 2 1 4 2   1 4           3                                   5 4 
  1         3                                             3 1 2   1 
3                                     4         2 1 2 2   3 2 3     
4                           4   1 2   5   3 3 2 4 2 6   3   4   6 3 
2             2         2 1 2 1 1 4 2 2   1 3 2 2 1 2   1 1 3 1 3 1 
