34 34
3 2 0 0 0 0 4 0 0 0 0 0 4 0 0 0 0 1 3 0 2 0 0 4 0 0 0 5 2 0 0 0 0 2 
6 0 6 5 3 3 0 3 0 3 3 2 0 2 1 2 2 0 4 3 2 1 0 0 0 0 0 0 2 0 0 0 0 4 
6 2 0 2 4 4 0 0 1 0 3 0 0 0 0 0 2 0 0 0 0 6 2 0 0 0 0 0 0 0 0 2 0 0 
0 1 6 4 2 0 0 0 0 0 0 0 0 4 0 6 0 0 0 5 1 0 0 0 0 0 0 0 0 0 0 0 0 0 
0 0 0 2 0 0 0 0 0 0 0 0 0 5 2 0 0 0 0 4 2 0 2 6 0 2 0 0 0 2 0 8 0 5 
0 0 0 0 0 0 0 5 0 0 8 5 0 3 0 5 0 0 0 0 0 7 3 1 0 0 0 0 0 0 0 0 0 0 
0 0 0 0 0 0 0 3 2 0 0 0 0 1 2 3 0 0 0 0 0 0 0 0 0 0 0 0 1 0 0 0 2 0 
5 0 5 0 0 0 5 0 0 0 4 0 0 0 0 0 0 0 0 0 0 0 0 0 0 0 0 0 0 0 0 0 0 0 
4 2 0 2 3 0 0 3 5 0 4 0 0 4 0 0 0 0 0 0 0 6 0 0 0 0 0 7 0 2 0 0 0 0 
3 2 0 0 0 0 0 2 2 0 0 2 0 0 2 0 4 5 4 3 2 0 0 0 0 0 0 0 0 0 0 0 0 0 
0 1 0 4 6 0 6 0 0 0 7 3 0 3 1 0 0 0 0 0 0 0 0 0 0 1 0 6 0 3 1 0 0 0 
0 0 0 0 4 2 0 1 3 0 0 3 0 0 0 0 0 0 3 0 0 0 0 0 0 3 0 5 2 3 3 0 0 0 
0 0 0 0 4 2 0 1 6 0 5 4 0 0 0 0 0 0 0 0 0 0 0 0 0 2 0 0 0 0 0 3 3 0 
0 4 5 4 0 0 0 2 0 1 7 3 0 0 0 0 0 0 0 0 0 0 0 0 0 2 0 0 0 0 5 2 1 0 
0 0 0 2 7 0 7 5 4 0 7 2 0 3 0 0 4 4 0 0 0 0 0 0 0 0 0 0 0 0 0 0 0 0 
0 4 2 2 6 1 5 4 4 0 4 0 0 3 0 3 3 2 4 0 0 5 0 0 0 0 0 0 0 0 5 6 5 4 
0 3 2 2 4 0 0 1 3 3 3 0 0 0 0 0 1 0 4 3 2 3 0 0 0 0 0 0 0 0 0 3 3 0 
3 0 0 0 0 0 6 0 0 0 0 0 5 0 0 0 0 0 0 0 0 0 0 0 0 0 0 0 0 0 6 0 4 0 
0 3 0 0 0 0 4 0 2 3 1 0 0 4 0 0 0 0 0 0 0 0 0 0 5 0 4 1 2 1 0 1 2 0 
0 0 0 0 1 1 0 1 0 4 0 0 5 6 0 2 1 2 0 0 0 0 0 2 1 0 0 0 0 0 0 0 1 0 
0 0 1 0 0 3 0 0 0 0 1 0 0 0 1 0 3 0 0 0 0 0 0 6 0 0 5 0 0 0 0 0 0 0 
0 0 0 0 0 0 0 2 0 2 0 1 0 0 4 0 0 0 0 0 0 0 0 5 2 1 0 0 6 3 0 2 4 0 
0 0 0 0 0 0 0 0 0 1 0 0 0 1 4 0 4 0 0 0 0 4 0 0 0 0 5 0 0 0 0 2 0 0 
0 0 4 0 5 0 0 4 5 0 5 3 0 0 1 2 3 0 0 1 0 0 1 0 0 0 0 2 7 0 8 6 0 0 
0 4 5 2 0 0 0 4 7 4 4 3 0 3 0 7 0 0 0 0 0 7 3 1 0 0 0 2 5 1 0 2 0 0 
1 0 5 0 5 4 0 3 3 0 0 0 0 6 0 7 0 4 1 0 0 0 0 0 0 0 0 2 2 0 7 0 5 3 
3 4 5 2 0 4 2 2 0 4 5 5 0 5 2 1 1 4 2 1 0 3 0 2 0 0 0 2 1 0 6 2 1 1 
5 2 3 2 0 4 0 2 0 3 5 3 0 2 0 0 0 4 0 0 0 0 0 2 0 0 0 3 0 0 4 1 0 2 
5 0 0 0 6 0 0 0 0 0 0 0 7 0 0 0 0 0 0 0 0 0 0 0 0 0 4 0 0 0 0 0 6 6 
2 3 3 0 0 3 4 0 0 3 0 0 7 0 0 0 6 2 2 0 0 0 0 0 0 0 6 0 2 1 2 0 0 4 
0 0 0 0 0 0 0 3 4 0 3 0 5 0 2 1 4 0 0 0 0 1 0 0 0 0 0 0 0 0 4 0 7 6 
1 0 5 0 3 0 2 4 3 0 2 1 0 0 0 0 0 2 0 0 0 0 0 0 0 0 3 2 5 0 0 0 0 2 
0 0 5 0 3 3 4 6 1 2 0 0 0 0 0 0 0 0 1 1 0 0 4 0 0 0 0 0 4 3 0 0 4 3 
0 0 2 0 0 2 3 6 3 0 0 0 0 0 0 0 0 0 0 0 0 0 3 0 0 0 0 0 0 2 1 0 3 3 
400 440
0 27 0 23
0 27 0 28
0 27 8 27
1 0 1 2
1 0 0 0
1 0 2 0
1 0 1 2
1 0 0 0
1 0 2 0
1 2 1 3
1 2 3 2
2 0 2 1
2 0 7 0
2 31 4 31
4 31 4 29
4 31 4 33
4 31 2 31
4 31 12 31
5 7 5 10
5 7 1 7
5 7 6 7
5 10 5 7
5 10 5 11
5 10 2 10
5 10 7 10
5 21 5 15
5 21 5 22
5 21 2 21
5 21 8 21
6 32 12 32
9 17 9 16
9 17 9 18
9 17 14 17
10 10 10 6
10 10 10 11
10 10 8 10
10 10 12 10
13 10 13 9
13 10 13 11
13 10 12 10
13 10 14 10
14 4 14 3
14 4 14 6
14 4 12 4
14 4 15 4
18 24 18 13
18 24 18 26
18 24 19 24
20 26 20 23
20 26 18 26
20 26 22 26
21 25 21 24
21 28 21 29
21 28 18 28
21 28 23 28
21 28 21 29
21 28 18 28
21 28 23 28
23 28 23 27
23 28 23 30
23 28 24 28
23 30 23 28
23 30 23 31
23 30 17 30
23 30 25 30
23 31 23 30
23 31 22 31
23 31 24 31
23 31 23 30
23 31 22 31
24 8 24 7
24 8 24 9
24 8 23 8
24 8 25 8
24 15 24 13
24 15 24 21
24 15 23 15
24 15 25 15
24 31 26 31
25 15 25 13
25 15 25 17
25 15 24 15
25 15 26 15
25 30 25 28
25 30 23 30
25 30 26 30
25 30 25 28
25 30 26 30
25 30 26 30
25 32 25 33
25 32 21 32
25 32 26 32
26 30 26 28
26 30 26 31
26 30 27 30
27 0 27 1
27 0 26 0
27 0 28 0
28 12 28 4
28 12 28 26
28 12 19 12
28 12 29 12
28 32 28 26
28 32 28 33
28 32 30 32
28 32 28 26
28 32 28 33
28 32 30 32
28 33 27 33
28 33 29 33
29 16 29 12
29 16 29 17
29 16 30 16
29 16 29 12
29 16 29 17
29 16 30 16
29 33 28 33
29 33 30 33
29 33 28 33
30 12 30 10
30 12 30 14
30 12 29 12
30 16 30 15
30 16 30 21
30 32 30 30
30 32 30 33
30 32 32 32
30 33 30 32
30 33 31 33
30 33 30 32
30 33 31 33
31 28 31 27
31 28 29 28
31 28 32 28
32 2 32 4
32 2 31 2
32 2 33 2
33 7 33 6
33 7 33 8
33 7 32 7
33 7 33 6
33 7 33 8
33 7 32 7
0 0 0 1
0 1 0 6
0 6 0 12
0 6 7 6
0 6 0 12
0 12 0 17
0 12 17 12
1 2 1 3
1 2 3 2
2 0 2 1
2 0 7 0
2 8 2 10
3 2 3 1
3 2 3 3
3 2 7 2
3 2 3 3
4 13 4 14
4 13 3 13
4 13 5 13
4 31 4 29
4 31 4 33
4 31 12 31
5 10 5 11
5 10 2 10
5 10 7 10
6 32 12 32
7 10 7 6
7 10 8 10
8 8 8 7
8 8 8 10
8 8 9 8
8 10 8 8
10 10 10 6
10 10 10 11
10 10 12 10
13 10 13 11
13 10 12 10
13 10 14 10
14 10 14 8
14 10 14 11
14 10 15 10
17 30 17 12
17 30 17 32
17 30 15 30
17 30 17 12
17 30 17 32
17 32 16 32
17 32 18 32
18 24 18 13
18 24 18 26
18 26 18 27
18 29 21 29
20 26 20 23
20 26 22 26
21 24 21 23
24 28 24 27
24 28 24 29
24 28 23 28
24 28 24 27
25 13 25 15
25 13 24 13
25 13 26 13
25 13 24 13
25 13 26 13
25 15 25 17
25 17 25 18
25 17 26 17
25 27 26 27
25 27 26 27
26 11 26 10
26 11 24 11
26 11 27 11
26 14 26 13
26 16 26 17
26 17 26 18
26 17 27 17
26 18 26 19
27 10 27 9
27 10 27 11
27 10 26 10
27 17 27 13
27 17 27 23
27 17 27 13
27 30 27 27
27 30 27 31
27 30 27 27
27 33 26 33
29 18 29 26
30 14 30 12
30 30 29 30
30 30 33 30
30 30 29 30
32 7 32 6
32 7 32 8
32 7 31 7
32 7 32 6
32 32 32 33
32 32 33 32
32 32 32 33
32 33 33 33
33 8 33 22
33 32 33 33
33 32 33 33
6 8 6 7
10 6 10 4
10 6 7 6
10 6 14 6
10 6 10 4
11 27 11 25
11 27 11 28
11 27 10 27
14 6 14 4
14 6 14 7
14 6 15 6
18 13 18 10
18 13 19 13
19 13 19 12
19 13 19 15
19 13 22 13
20 23 20 16
20 23 19 23
20 23 21 23
20 23 20 16
21 23 21 14
21 23 24 23
21 23 21 14
22 21 22 16
22 21 24 21
22 21 22 16
22 21 24 21
22 26 28 26
23 19 23 16
23 22 24 22
24 15 24 21
24 15 23 15
24 22 24 21
26 13 26 14
27 23 26 23
28 12 28 4
28 12 19 12
28 12 29 12
29 18 29 26
29 26 29 28
29 26 31 26
29 26 31 26
29 29 32 29
31 17 31 11
31 17 31 26
31 27 31 28
31 28 32 28
32 28 32 22
32 28 32 29
32 29 33 29
33 29 33 22
2 5 2 4
2 5 1 5
2 5 2 4
2 5 1 5
6 8 6 7
7 6 7 2
7 6 7 2
10 4 10 3
10 4 8 4
10 4 11 4
10 4 10 3
11 4 11 5
11 4 12 4
11 4 11 5
12 4 12 5
12 4 14 4
14 6 14 7
14 6 15 6
17 12 17 6
19 13 19 12
19 13 19 15
19 17 19 16
19 17 19 23
20 16 20 14
21 14 22 14
22 16 22 14
22 16 23 16
23 14 22 14
24 22 24 21
26 23 26 21
28 4 28 0
28 4 25 4
28 4 31 4
28 4 28 0
32 22 32 19
32 22 33 22
1 5 1 4
4 3 3 3
5 7 1 7
8 4 8 3
17 12 17 6
19 12 19 9
21 14 22 14
24 21 26 21
27 5 27 7
27 5 26 5
27 5 27 7
27 5 26 5
32 18 32 9
1 7 1 9
1 9 1 10
4 3 3 3
8 4 8 3
10 3 10 1
10 3 13 3
13 1 13 2
13 1 15 1
13 1 13 2
13 1 15 1
13 3 13 2
13 3 14 3
13 3 13 2
14 4 15 4
15 1 15 2
15 1 16 1
15 4 15 3
15 4 15 5
15 4 16 4
15 4 15 3
17 6 17 0
17 6 15 6
17 6 18 6
17 6 17 0
26 5 26 6
26 5 25 5
32 9 29 9
1 9 1 10
1 10 1 11
1 11 5 11
3 4 2 4
5 11 9 11
7 2 7 0
13 2 15 2
15 6 15 7
15 6 15 7
16 1 16 2
16 4 16 3
30 8 30 7
30 8 31 8
30 8 30 7
30 8 31 8
31 8 31 7
31 10 30 10
3 4 2 4
5 11 9 11
7 2 7 0
10 11 11 11
11 11 12 11
12 11 12 10
12 11 11 11
12 11 13 11
14 11 14 10
16 1 16 2
16 3 16 4
30 7 31 7
31 7 31 6
31 10 30 10
1 4 1 3
1 4 1 3
2 3 1 3
7 0 8 0
8 0 8 1
8 0 9 0
8 0 8 1
9 1 9 0
12 8 12 7
12 8 11 8
12 8 14 8
12 8 11 8
12 8 14 8
12 8 11 8
13 7 14 7
30 12 29 12
9 1 9 0
13 7 14 7
17 0 25 0
25 2 25 4
25 2 24 2
25 2 26 2
29 12 29 9
29 9 29 6
29 6 29 5
29 6 31 6
29 6 29 5
32 6 32 5
32 6 33 6
29 5 32 5
33 5 33 2
33 5 32 5
32 2 32 4
32 2 31 2
32 4 31 4
31 4 31 2

6165

3 2 - - - - 4 = = = = = 4 - - - - 1 3   2     4 - - - 5 2         2 
6 = 6 5 3 3 | 3 - 3 3 2 | 2 1 2 2   4 3 2 1           | 2         4 
6 2 ǁ 2 4 4 | ǁ 1 - 3 | |       2         6 2         |       2     
ǁ 1 6 4 2   | ǁ     ǁ | | 4   6       5 1 |           |       ǁ     
ǁ   | 2     | ǁ     ǁ | | 5 2         4 2 | 2 6   2   |   2 = 8 = 5 
ǁ   |       | 5 = = 8 5 | 3   5 - - - - - 7 3 1       |       ǁ     
ǁ   |       | 3 2   ǁ ǁ | 1 2 3           |           | 1     ǁ 2   
5 = 5 = = = 5 - - - 4 ǁ |                 |           |       ǁ ǁ   
4 2   2 3   | 3 5 = 4 ǁ | 4               6           7   2   ǁ ǁ   
3 2     |   | 2 2   | 2 |   2   4 5 4 3 2                     ǁ ǁ   
  1 - 4 6 = 6 = = = 7 3 | 3 1     |               1   6   3 1 ǁ ǁ   
      | 4 2 | 1 3   ǁ 3 |         | 3             3 - 5 2 3 3 ǁ ǁ   
      | 4 2 | 1 6   5 4 |         |               2           3 3   
  4 5 4 ǁ   | 2 ǁ 1 7 3 |         |               2         5 2 1   
  ǁ | 2 7 = 7 5 4 - 7 2 | 3     4 4                                 
  4 2 2 6 1 5 4 4   4   | 3   3 3 2 4     5                 5 6 5 4 
  3 2 2 4   | 1 3 3 3   |       1   4 3 2 3                 | 3 3   
3 = = = = = 6 = = = = = 5 = = = = = = = = = = = = = = = = = 6 = 4   
| 3         4   2 3 1 - - 4 = = = = = = = = = = 5 = 4 1 2 1 | 1 2   
|       1 1   1   4 - - 5 6 = 2 1 2 - - - - - 2 1   |   ǁ | |   1   
|   1     3         1   ǁ | 1 - 3 = = = = = = 6 = = 5   ǁ | |       
|             2   2   1 ǁ | 4 = = = = = = = = 5 2 1 ǁ   6 3 | 2 4   
|                 1     ǁ 1 4 - 4 = = = = 4   |     5   ǁ   | 2 |   
|   4   5     4 5   5 3 ǁ   1 2 3 - - 1   ǁ 1 |     | 2 7 = 8 6 |   
| 4 5 2       4 7 4 4 3 ǁ 3 - 7 = = = = = 7 3 1     | 2 5 1 ǁ 2 |   
1   5 - 5 4   3 3     | ǁ 6 = 7 = 4 1     |         | 2 2 = 7 | 5 3 
3 4 5 2 | 4 2 2   4 5 5 ǁ 5 2 1 1 4 2 1   3 - 2     | 2 1 - 6 2 1 1 
5 2 3 2 | 4 = 2   3 5 3 ǁ 2 = = = 4 - - - - - 2     | 3 = = 4 1   2 
5 = = = 6 = = = = = = = 7 - - - - - - - - - - - - - 4 = = = = = 6 6 
2 3 3   | 3 4 - - 3 - - 7 = = = 6 2 2 = = = = = = = 6 - 2 1 2   ǁ 4 
        | | | 3 4 | 3 - 5 = 2 1 4 - - - - 1         ǁ   | | 4 - 7 6 
1   5 - 3 | 2 4 3 | 2 1 - - - - - 2 - - - - - - - - 3 2 5 | |   | 2 
    5 = 3 3 4 6 1 2 - - - - - - - - 1 1 - - 4 - - - - - 4 3 |   4 3 
    2 - - 2 3 6 3 - - - - - - - - - - - - - 3 - - - - - - 2 1   3 3 
