34 34
3 0 6 0 5 0 0 0 0 0 0 0 0 0 0 0 0 0 0 0 0 0 0 4 0 0 0 0 0 3 2 0 3 1 
3 3 0 1 0 0 2 0 4 0 0 0 3 0 0 0 0 4 3 2 6 3 1 0 1 0 2 0 0 5 3 0 6 4 
2 2 0 0 0 4 0 0 5 0 4 0 7 2 3 3 0 0 2 0 0 2 0 0 4 0 0 4 1 0 2 0 0 0 
5 0 7 3 0 6 4 2 0 0 2 0 0 0 0 0 0 0 0 0 0 0 0 0 0 0 1 0 0 0 3 1 0 0 
0 0 0 1 0 4 0 0 6 0 0 0 6 4 3 4 0 7 0 0 6 5 2 0 0 2 4 0 0 0 3 0 0 0 
0 0 0 3 0 3 0 0 0 0 0 0 0 3 0 3 0 0 0 0 0 2 0 0 0 0 3 0 0 0 2 0 0 0 
0 1 0 0 0 0 0 0 0 1 0 2 0 2 0 5 0 5 2 0 0 0 1 0 0 0 0 5 0 5 0 0 4 3 
0 0 0 0 0 0 0 0 0 0 1 0 0 0 0 0 0 0 0 0 0 0 1 0 0 3 3 0 2 0 3 3 0 0 
5 3 0 0 0 4 0 0 4 0 4 5 0 0 0 0 0 0 1 0 0 4 3 0 0 0 3 0 0 0 0 0 0 0 
3 1 0 0 0 2 0 0 0 0 0 3 0 0 0 0 0 0 0 0 0 0 1 0 5 3 3 2 3 0 0 0 0 0 
3 0 6 8 6 0 0 0 0 0 0 0 7 0 0 0 0 0 0 0 7 6 4 0 4 2 0 0 0 0 0 0 0 0 
2 2 0 0 0 2 3 3 4 0 0 4 5 4 6 3 1 0 0 0 0 1 1 0 4 0 0 0 4 0 0 0 0 0 
2 4 3 4 4 5 4 0 4 2 0 0 2 0 7 4 0 0 0 0 4 4 3 0 0 3 3 0 0 0 0 0 0 0 
0 0 1 5 8 0 0 0 5 5 2 0 3 4 4 3 0 1 0 3 4 0 0 0 0 3 0 0 0 0 0 0 0 0 
0 0 0 1 0 2 0 0 3 3 3 0 0 3 1 0 0 0 0 0 0 0 0 0 0 4 4 0 0 0 0 0 4 4 
3 0 4 0 7 0 0 0 0 0 0 7 4 0 0 0 4 0 0 4 4 1 0 0 0 2 0 0 0 0 0 0 3 0 
0 0 0 0 0 2 4 0 1 0 0 0 0 0 1 0 0 0 0 0 0 0 0 0 0 0 0 0 0 0 0 0 0 0 
4 0 0 1 0 1 0 0 0 0 0 0 0 0 0 0 0 0 0 0 0 0 0 0 0 0 0 0 0 0 0 0 3 0 
0 0 0 0 0 4 6 0 0 0 0 3 0 0 0 2 0 1 0 0 0 0 2 0 5 6 4 3 0 0 0 0 0 0 
0 0 4 4 0 4 3 0 3 1 0 0 0 0 0 0 0 0 0 2 3 1 3 0 0 3 5 2 0 0 0 0 0 0 
0 0 2 3 0 3 2 0 3 3 0 0 0 0 0 0 0 3 0 5 0 4 3 0 0 3 5 0 0 0 3 0 0 0 
4 3 5 0 0 4 7 0 0 0 0 0 5 0 3 3 3 2 0 0 1 3 0 0 4 4 4 0 0 0 3 0 0 0 
0 2 7 5 0 5 6 0 0 0 2 1 4 0 0 0 0 0 0 5 0 5 1 0 4 0 5 0 0 0 2 0 0 0 
0 0 2 2 0 4 3 2 0 0 0 0 4 0 0 0 0 2 3 5 2 3 0 0 2 0 4 2 0 0 0 0 0 0 
4 0 0 0 7 0 0 0 0 0 0 0 0 0 0 0 0 0 0 0 0 0 0 7 0 0 0 0 6 7 3 0 0 0 
4 0 2 0 0 1 4 2 0 0 0 5 0 0 0 0 0 0 0 0 0 4 0 0 3 2 0 0 3 5 2 0 0 0 
2 0 0 0 5 0 5 0 0 2 0 0 0 0 0 0 0 4 2 1 0 3 0 0 5 0 4 0 0 4 0 5 3 5 
0 2 4 0 5 0 0 0 0 0 0 5 0 0 0 0 0 4 0 0 0 0 0 0 2 1 0 2 0 6 2 4 1 3 
0 3 2 1 0 2 5 0 0 0 0 0 6 0 0 0 0 0 0 0 0 0 0 6 0 0 5 0 0 0 0 7 5 3 
0 4 1 0 2 1 0 0 0 0 0 0 0 3 1 1 0 0 0 0 0 1 1 0 1 1 0 1 0 0 0 0 0 2 
0 0 0 1 0 0 3 1 0 0 2 0 6 4 1 4 3 3 0 0 0 4 3 4 4 3 0 0 0 0 0 0 0 2 
0 3 0 2 0 0 0 0 0 0 0 0 4 1 0 0 0 2 1 0 0 0 1 0 3 0 5 3 5 3 0 5 0 0 
5 0 0 0 0 0 0 0 0 0 0 0 0 0 0 5 0 0 0 0 0 5 2 2 3 0 2 3 4 0 0 2 4 4 
4 4 0 0 0 0 0 0 0 0 0 4 0 0 0 5 0 0 3 0 0 2 2 0 0 0 0 2 0 0 2 1 2 2 
400 267
0 2 0 0
0 2 0 4
0 2 3 2
0 2 0 0
0 2 0 4
0 2 3 2
1 20 1 19
1 20 1 21
1 20 4 20
1 20 1 19
1 20 1 21
1 20 4 20
2 5 2 8
2 5 3 5
2 5 2 8
2 5 3 5
2 12 2 10
2 12 2 13
2 12 1 12
2 12 4 12
3 0 3 2
3 0 2 0
3 0 8 0
3 5 3 3
3 5 3 6
3 5 4 5
3 5 3 3
3 6 3 7
3 6 11 6
3 6 3 7
4 5 4 3
4 5 5 5
4 5 5 5
4 8 4 12
4 8 2 8
4 8 8 8
4 8 4 12
4 8 2 8
4 8 8 8
4 12 4 13
4 12 2 12
4 12 10 12
4 17 4 15
4 17 4 20
4 17 1 17
4 17 6 17
4 20 4 17
4 20 4 21
4 20 10 20
6 1 8 1
7 10 8 10
8 8 8 10
8 8 11 8
8 10 8 11
8 10 13 10
8 11 6 11
8 11 9 11
8 11 6 11
8 11 9 11
9 11 11 11
10 3 10 2
10 3 10 4
10 3 5 3
10 3 12 3
10 3 10 2
10 3 10 4
10 3 5 3
10 3 12 3
10 4 12 4
10 12 10 20
10 12 11 12
10 12 10 20
10 12 11 12
10 12 11 12
10 12 11 12
10 20 10 21
10 20 12 20
11 8 11 7
11 8 12 8
11 8 11 7
11 11 11 12
11 11 15 11
11 11 15 11
11 13 11 14
11 13 13 13
11 13 11 14
11 13 13 13
11 14 11 15
11 14 12 14
11 14 11 15
11 14 12 14
12 12 13 12
13 4 13 3
13 4 13 8
13 4 12 4
13 4 15 4
13 4 13 3
13 4 13 8
13 4 12 4
13 4 15 4
15 4 15 2
15 4 15 11
15 4 24 4
21 2 21 1
21 2 20 2
21 2 22 2
21 6 21 5
21 6 21 12
21 6 20 6
21 6 22 6
22 3 22 2
22 3 20 3
22 3 23 3
22 5 22 6
22 5 21 5
22 5 23 5
24 23 24 4
24 23 24 28
24 23 0 23
24 23 28 23
24 29 24 28
24 29 24 30
24 29 6 29
24 29 25 29
25 11 25 7
25 11 25 21
25 11 27 11
25 21 25 11
25 21 26 21
25 21 26 21
26 9 26 6
26 17 26 18
26 17 27 17
26 17 26 18
26 17 27 17
26 19 26 21
26 24 26 26
26 24 25 24
26 24 27 24
26 33 26 32
26 33 14 33
26 33 27 33
27 17 27 11
27 17 30 17
28 23 28 26
28 23 24 23
28 23 30 23
28 23 28 26
28 23 30 23
28 31 28 26
28 31 28 32
28 31 27 31
28 31 31 31
31 28 31 27
31 28 31 29
31 28 32 28
32 0 32 15
32 0 26 0
32 0 33 0
33 0 33 1
33 0 32 0
33 0 33 1
33 1 33 11
33 11 33 1
33 11 33 15
33 11 33 15
0 0 1 0
0 4 0 23
2 18 1 18
3 10 2 10
5 3 5 5
6 15 6 13
6 15 6 17
6 15 5 15
6 27 6 29
6 27 2 27
6 27 9 27
7 28 9 28
8 5 9 5
8 18 6 18
9 24 9 25
9 24 2 24
9 24 10 24
10 2 10 0
10 2 3 2
10 2 12 2
10 2 10 0
10 4 12 4
10 20 10 21
10 20 12 20
10 21 10 22
10 21 8 21
10 21 11 21
10 21 10 22
10 22 9 22
10 22 11 22
11 7 11 6
12 3 12 2
12 3 13 3
12 12 13 12
13 3 13 2
13 3 14 3
14 5 14 8
18 24 18 25
18 24 11 24
18 24 21 24
20 26 20 25
20 26 19 26
20 26 21 26
22 26 22 24
22 26 21 26
22 26 23 26
23 5 23 6
23 5 22 5
23 5 23 6
23 19 23 18
23 19 23 20
23 19 22 19
26 9 26 6
27 29 27 27
27 29 27 30
27 29 26 29
27 29 27 27
27 29 27 30
27 29 26 29
0 4 0 23
0 23 0 29
2 18 1 18
3 2 3 0
3 2 3 3
3 10 2 10
6 18 6 17
7 28 9 28
8 5 9 5
8 21 8 22
8 21 5 21
8 21 8 22
8 22 7 22
12 2 12 1
14 5 14 8
24 23 24 4
24 23 24 28
24 28 24 29
24 28 11 28
24 28 25 28
27 25 27 24
1 3 1 6
1 6 1 8
1 8 1 12
1 8 2 8
1 8 1 12
1 17 1 18
1 17 4 17
2 10 2 12
2 12 2 13
4 13 4 14
4 13 5 13
4 13 4 14
5 21 4 21
6 22 4 22
11 28 11 24
11 28 9 28
11 28 11 24
11 24 10 24
10 24 10 25
10 24 9 24
10 25 9 25

7159

3 = 6 = 5 = = = = = = = = = = = = = = = = = = 4 - - - - - 3 2   3 1 
3 3 ǁ 1 - - 2 - 4 = = = 3         4 3 2 6 3 1 | 1   2     5 3   6 4 
2 2 ǁ     4 = = 5   4 = 7 2 3 3   ǁ 2   ǁ 2   | 4     4 1   2       
5 = 7 3 = 6 4 2 ǁ   2   ǁ         ǁ     ǁ     | |   1 |     3 1     
|   | 1 - 4 |   6 = = = 6 4 3 4 - 7 = = 6 5 2 | | 2 4 |     3       
|   | 3 - 3 |   ǁ       | 3   3   |     | 2 | | |   3 |     2       
| 1 | ǁ     |   ǁ 1   2 | 2 - 5 - 5 2   | | 1 | |     5 - 5     4 3 
| | | ǁ     |   ǁ   1 ǁ |           |   | | 1 | | 3 3 | 2 | 3 3     
5 3 | ǁ   4 |   4 - 4 5 |           1   | 4 3 | |   3 | ǁ |         
3 1 | ǁ   2 |   |   | 3 |               | | 1 | 5 3 3 2 3 |         
3 = 6 8 6   |   |   | | 7 = = = = = = = 7 6 4 | 4 2     | |         
2 2 | ǁ ǁ 2 3 3 4   | 4 5 4 6 3 1       ǁ 1 1 | 4 = = = 4 |         
2 4 3 4 4 5 4   4 2 | ǁ 2 ǁ 7 4         4 4 3 | | 3 3   | |         
    1 5 8 = = = 5 5 2 ǁ 3 4 4 3   1   3 4     | | 3     | |         
      1 ǁ 2 = = 3 3 3 ǁ   3 1                 | | 4 4   | |     4 4 
3   4 - 7 - - - - - - 7 4       4     4 4 1   | | 2     | |     3 | 
        | 2 4   1           1                 | |       | |       | 
4     1 | 1                                   | |       | |     3 | 
        | 4 6         3       2   1         2 | 5 6 4 3 | |       | 
    4 4 | 4 3   3 1                   2 3 1 3 | | 3 5 2 | |       | 
    2 3 | 3 2   3 3               3   5   4 3 | | 3 5   | | 3     | 
4 3 5 | | 4 7 - - - - - 5   3 3 3 2     1 3   | 4 4 4   | | 3     | 
  2 7 5 | 5 6       2 1 4             5   5 1 | 4 - 5   | | 2     | 
    2 2 | 4 3 2         4         2 3 5 2 3   | 2   4 2 | |       | 
4       7 = = = = = = = = = = = = = = = = = = 7 = = = = 6 7 3     | 
4   2     1 4 2 - - - 5 = = = = = = = = = 4   ǁ 3 2     3 5 2     | 
2       5   5 = = 2   |           4 2 1 - 3   ǁ 5 - 4     4   5 3 5 
| 2 4   5             5 - - - - - 4           ǁ 2 1   2 = 6 2 4 1 3 
| 3 2 1   2 5           6         |           6 = = 5 - - - - 7 5 3 
| 4 1   2 1               3 1 1   |       1 1 ǁ 1 1   1       |   2 
|     1     3 1     2   6 4 1 4 3 3       4 3 4 4 3           |   2 
| 3   2                 4 1       2 1       1   3   5 3 5 3   5     
5 - - - - - - - - - - - - - - 5           5 2 2 3   2 3 4     2 4 4 
4 4 = = = = = = = = = 4 = = = 5     3     2 2         2     2 1 2 2 
