34 34
3 6 0 0 0 0 0 2 1 4 3 0 0 3 0 0 0 3 0 1 2 0 6 3 2 2 0 6 0 0 5 2 1 1 
1 0 0 2 0 0 0 0 0 8 0 0 0 0 0 0 0 6 0 0 0 0 7 0 7 4 2 0 4 0 6 3 0 0 
3 7 0 3 0 1 0 0 0 0 0 0 0 0 0 0 0 0 2 2 0 0 0 0 0 0 0 0 5 0 3 2 5 3 
2 4 1 0 2 3 0 0 0 0 0 0 0 0 0 1 0 0 1 0 0 0 0 0 0 0 0 0 4 1 0 0 0 1 
0 0 0 0 0 0 0 0 0 0 0 0 0 0 0 0 0 0 2 0 0 0 0 0 0 0 0 0 4 0 6 4 0 1 
3 0 0 7 5 5 0 0 0 5 0 0 0 0 0 5 2 0 0 0 0 0 0 4 5 0 0 0 2 3 0 1 0 0 
0 0 0 0 2 0 3 3 0 0 2 4 0 3 2 3 0 0 0 0 0 0 0 2 0 0 0 0 3 4 4 0 6 3 
0 0 0 0 1 0 1 0 0 0 3 6 2 0 3 2 0 0 5 6 0 0 7 3 0 0 0 0 0 0 0 1 0 1 
0 1 0 0 0 4 2 0 0 0 3 5 0 6 0 1 1 0 3 0 3 3 0 0 0 0 0 0 0 0 4 2 0 1 
0 0 0 0 2 3 0 0 1 0 2 3 1 0 0 0 0 0 3 0 1 0 0 1 0 0 0 0 2 0 0 1 0 0 
0 3 0 6 0 0 3 0 0 0 0 1 0 0 0 0 0 0 4 2 0 0 0 2 0 0 0 0 0 0 0 0 0 0 
0 4 4 2 0 0 0 4 3 4 5 3 0 0 0 0 0 0 6 4 0 0 3 3 2 2 2 0 2 0 0 0 0 0 
0 3 6 0 0 0 0 0 0 5 0 7 3 0 0 0 0 0 4 0 0 0 2 0 6 4 1 0 1 0 5 3 0 0 
0 2 5 0 0 1 0 2 0 4 1 2 1 0 0 0 0 0 2 3 0 3 0 0 2 4 3 0 0 0 1 0 0 0 
3 0 0 0 0 0 0 0 0 0 0 0 0 4 0 0 0 4 0 0 0 0 0 0 0 0 0 7 0 7 0 0 5 3 
0 2 0 0 4 0 4 5 4 4 6 5 2 0 1 0 0 0 2 4 0 3 0 0 0 0 2 0 1 0 2 1 0 2 
0 0 2 0 0 2 0 0 4 3 0 0 0 0 2 2 0 0 0 0 0 0 1 3 0 2 0 0 3 6 4 2 0 0 
0 3 5 0 6 5 0 0 2 1 0 0 0 0 0 0 0 0 0 0 0 0 0 0 0 0 0 0 0 4 0 0 0 2 
0 1 1 0 4 3 0 0 0 0 0 0 0 0 3 6 2 0 0 0 0 0 0 0 0 0 0 0 0 0 0 0 0 0 
5 0 0 5 5 2 0 0 0 0 0 0 0 0 1 0 1 0 0 2 0 0 0 0 0 2 0 0 0 2 0 0 0 0 
0 0 1 0 0 0 0 0 0 0 0 0 2 0 3 3 0 0 0 0 0 0 0 3 2 0 0 0 0 0 0 0 0 2 
0 1 0 0 0 0 0 0 3 4 0 0 0 0 0 4 3 0 0 0 0 0 0 2 0 0 0 0 0 0 0 0 0 0 
0 0 3 2 3 0 0 2 0 4 0 0 1 0 0 0 2 0 0 0 0 0 0 0 0 0 0 0 1 0 0 0 0 0 
0 0 0 2 4 0 0 2 0 2 0 2 0 0 0 4 5 0 0 1 0 6 0 6 4 0 0 0 1 0 0 0 0 0 
0 0 0 0 0 0 0 0 0 0 0 0 0 0 0 0 3 0 4 1 0 0 1 0 0 0 0 0 3 0 3 1 0 0 
4 0 0 0 1 1 0 6 6 0 6 0 0 7 4 0 2 0 2 0 0 4 2 0 2 0 0 0 0 0 3 1 0 0 
4 3 0 0 0 0 0 2 4 0 5 2 0 0 2 0 0 0 0 0 0 1 0 0 0 0 0 0 0 0 4 4 4 3 
4 0 7 0 0 0 6 0 0 0 0 0 0 6 7 7 0 6 0 0 0 0 0 0 0 6 4 0 1 0 0 3 3 0 
3 0 5 0 4 2 0 0 0 1 0 0 2 1 0 5 4 6 0 0 0 0 4 3 1 0 1 0 0 0 0 0 0 0 
3 0 0 0 0 0 6 0 0 0 0 0 4 2 0 2 3 0 3 0 0 0 5 0 0 4 3 5 0 0 5 0 4 0 
0 2 4 4 3 0 6 0 0 0 0 1 3 3 0 3 2 0 3 4 4 0 5 2 1 0 3 2 2 3 4 3 2 0 
6 4 4 0 0 0 7 0 0 0 0 0 0 0 3 3 0 4 0 6 6 0 0 0 0 5 0 0 0 6 3 3 2 3 
3 2 0 0 4 0 5 0 0 0 0 0 0 0 0 0 0 0 0 0 0 0 0 2 4 6 4 3 0 6 0 3 0 0 
1 2 2 1 3 1 2 0 0 0 0 0 0 0 0 0 0 0 0 0 0 0 0 1 4 4 0 0 3 4 0 0 0 0 
400 291
0 0 0 1
0 0 1 0
0 0 0 1
0 1 0 7
0 1 2 1
0 22 0 20
0 22 0 23
0 22 1 22
0 22 0 20
0 22 0 23
0 22 1 22
0 27 0 25
0 27 0 30
0 27 14 27
0 27 0 25
0 27 0 30
0 27 14 27
1 9 1 3
1 9 1 17
1 9 0 9
1 9 5 9
1 9 1 3
1 9 1 17
1 9 0 9
1 9 5 9
1 17 1 22
1 17 0 17
1 17 14 17
1 17 1 22
1 24 1 22
1 24 1 25
1 24 0 24
1 24 5 24
1 28 1 30
1 28 2 28
1 28 1 30
1 28 2 28
1 30 1 31
1 30 0 30
1 30 2 30
1 30 1 31
3 15 5 15
5 3 5 0
5 3 5 4
5 3 2 3
5 3 10 3
5 23 5 24
5 23 6 23
5 23 5 24
5 23 6 23
7 18 7 19
7 18 4 18
7 18 8 18
7 22 7 19
7 22 7 23
7 22 1 22
7 22 11 22
8 1 10 1
11 18 11 19
11 18 10 18
11 18 12 18
11 18 11 19
11 18 10 18
11 18 12 18
12 11 12 9
12 11 12 12
12 11 11 11
12 11 13 11
12 18 12 22
12 18 13 18
14 27 14 17
14 27 14 29
14 27 29 27
19 0 19 3
19 0 14 0
19 0 25 0
25 13 25 10
25 13 25 14
25 13 14 13
25 13 27 13
26 10 26 8
26 10 26 11
26 10 25 10
27 2 27 0
27 2 27 6
27 2 22 2
27 2 28 2
27 14 27 13
27 14 27 15
27 14 26 14
27 14 31 14
28 15 28 16
28 15 27 15
28 15 29 15
30 22 30 20
30 22 30 23
30 22 29 22
31 0 31 1
31 0 29 0
31 0 32 0
31 0 31 1
31 0 29 0
31 0 32 0
31 6 31 2
31 6 31 14
31 6 30 6
31 6 32 6
31 19 31 17
31 19 31 20
31 19 30 19
31 19 31 17
31 19 31 20
31 19 30 19
31 20 31 25
31 20 30 20
33 29 33 28
33 29 32 29
33 29 33 28
33 29 32 29
0 1 0 7
0 1 2 1
0 8 0 9
0 9 0 10
0 10 0 13
0 19 0 17
0 23 0 24
0 30 0 31
0 30 0 31
1 24 1 22
1 24 1 25
1 24 5 24
1 25 1 26
1 25 11 25
1 26 11 26
1 31 2 31
2 1 2 0
2 1 2 3
2 1 3 1
3 2 3 1
5 24 11 24
7 22 7 19
7 22 7 23
7 22 11 22
7 23 9 23
8 21 8 20
10 18 10 19
10 18 9 18
10 23 11 23
11 10 11 9
11 10 11 11
11 10 9 10
11 19 11 22
11 19 10 19
11 23 11 24
11 23 10 23
12 22 12 24
13 18 13 19
13 19 13 21
25 0 19 0
25 0 26 0
25 0 26 0
26 0 26 1
26 0 27 0
26 1 21 1
27 0 27 2
27 0 28 0
30 3 30 2
30 3 30 4
30 3 30 2
30 3 30 4
31 17 31 15
31 17 28 17
31 20 31 25
31 20 30 20
32 29 32 27
32 29 32 31
32 29 31 29
32 29 32 27
32 31 31 31
32 31 31 31
33 28 33 25
0 10 0 13
0 13 0 17
3 1 3 0
3 1 2 1
7 19 7 18
7 19 2 19
8 21 8 20
13 19 13 21
13 21 13 24
28 17 28 16
28 17 28 22
28 17 27 17
28 17 28 16
28 17 28 22
30 19 30 18
30 19 30 20
30 22 30 23
30 22 29 22
31 29 31 25
31 29 31 30
31 29 30 29
31 29 31 25
31 29 31 30
32 26 32 25
32 26 32 27
32 26 32 25
32 26 32 25
33 25 33 24
33 25 32 25
33 25 33 24
2 0 2 1
2 0 3 0
2 18 2 19
2 18 3 18
4 18 7 18
8 21 8 20
9 20 9 18
27 17 27 15
27 17 27 25
27 17 14 17
27 17 27 15
27 17 27 25
27 25 27 26
27 25 19 25
27 25 29 25
27 25 27 26
27 26 15 26
27 26 28 26
28 16 28 15
28 22 28 23
28 22 29 22
28 23 28 24
30 18 29 18
30 24 30 26
31 25 32 25
32 25 32 24
33 24 33 23
33 24 32 24
8 18 9 18
14 17 14 13
14 27 14 29
14 27 29 27
14 29 14 32
14 29 6 29
14 29 16 29
15 14 16 14
15 26 15 21
15 28 16 28
23 16 23 15
23 16 22 16
23 16 24 16
23 23 23 21
23 23 23 24
23 23 21 23
23 23 23 21
23 23 23 24
23 23 21 23
23 24 20 24
23 24 25 24
25 24 25 22
26 21 25 21
29 25 29 22
29 25 29 26
29 25 29 22
30 18 29 18
32 24 32 23
12 28 11 28
12 30 12 31
12 30 8 30
12 30 13 30
16 22 16 23
20 24 20 23
23 21 23 19
23 21 15 21
23 21 25 21
23 21 15 21
24 19 24 18
24 22 25 22
25 21 25 18
25 21 25 18
32 24 32 23
11 28 9 28
15 19 15 18
15 19 19 19
15 19 15 18
15 19 19 19
19 25 16 25
20 23 16 23
9 28 6 28
16 25 16 23

5348

3 6 = = = = = 2 1 4 3 = = 3 - - - 3 - 1 2 = 6 3 2 2 = 6 = = 5 2 1 1 
1 ǁ   2 = = = = = 8 = = = = = = = 6 = = = = 7 = 7 4 2 ǁ 4 = 6 3     
3 7 - 3   1       ǁ               | 2 2     |   ǁ | | ǁ 5   3 2 5 3 
2 4 1 | 2 3       ǁ           1   | 1 |     |   ǁ | | ǁ 4 1       1 
      |           ǁ           |   | 2 |     |   ǁ | | ǁ 4   6 4   1 
3 - - 7 5 5       5           5 2 | ǁ |     | 4 5 | | ǁ 2 3   1     
      | 2   3 3     2 4   3 2 3   | ǁ |     | 2 | | | ǁ 3 4 4   6 3 
      | 1   1       3 6 2   3 2   | 5 6 = = 7 3 | | | ǁ | |   1   1 
  1   |   4 2       3 5   6   1 1 | 3   3 3 ǁ | | | | ǁ | | 4 2   1 
  |   | 2 3     1   2 3 1         | 3 - 1   ǁ 1 | | | ǁ 2 | | 1     
  3   6     3       | 1           | 4 2     ǁ 2 | | | ǁ | | |       
  4 4 2       4 3 4 5 3           | 6 4 - - 3 3 2 2 2 ǁ 2 | |       
  3 6             5 - 7 3         | 4 - - - 2 - 6 4 1 ǁ 1 | 5 3     
  2 5     1   2   4 1 2 1         | 2 3 = 3 - - 2 4 3 ǁ   | 1       
3                         4 - - - 4 - - - - - - - - - 7 = 7 - - 5 3 
| 2     4   4 5 4 4 6 5 2 | 1     | 2 4   3 - - - - 2 ǁ 1 | 2 1   2 
|   2     2     4 3       | 2 2   |   ǁ   ǁ 1 3 - 2 | ǁ 3 6 4 2     
| 3 5   6 5     2 1       |       |   ǁ   ǁ   |   | | ǁ   4       2 
| 1 1   4 3               | 3 6 2 |   ǁ   ǁ   |   | | ǁ             
5 - - 5 5 2               | 1   1 |   2   ǁ   |   2 | ǁ   2         
ǁ   1                   2 | 3 3   |       ǁ   3 2 | | ǁ           2 
ǁ 1             3 4       |   4 3 |       ǁ   2 | | | ǁ             
ǁ | 3 2 3     2   4     1 |     2 |       ǁ   ǁ | | | ǁ 1           
ǁ | | 2 4     2   2   2   |   4 5 |   1 - 6 = 6 4 | | ǁ 1           
ǁ | |                     |     3 | 4 1   | 1   | | | ǁ 3   3 1     
4 | |   1 1   6 6   6 - - 7 4   2 | 2 = = 4 2 - 2 | | ǁ     3 1     
4 3 |         2 4 - 5 2   | 2     |       1       | | ǁ     4 4 4 3 
4 = 7 - - - 6             6 7 7 = 6 = = = = = = = 6 4 ǁ 1     3 3   
3   5   4 2       1     2 1 | 5 4 6 = = = = 4 3 1 | 1 ǁ             
3           6           4 2 | 2 3 | 3       5 = = 4 3 5     5   4   
ǁ 2 4 4 3   6         1 3 3 | 3 2 | 3 4 4 - 5 2 1 - 3 2 2 3 4 3 2   
6 4 4 - - - 7 - - - - - - - 3 3 - 4 = 6 6 = = = = 5 = = = 6 3 3 2 3 
3 2     4   5                                 2 4 6 4 3 = 6 - 3     
1 2 2 1 3 1 2                                 1 4 4 - - 3 4         
