34 34
3 0 0 3 0 5 0 2 1 3 1 0 2 3 0 0 0 0 0 0 0 4 0 0 0 0 0 4 5 0 5 3 1 1 
4 3 3 0 1 7 0 0 0 4 3 0 0 3 0 0 0 0 3 0 0 5 3 3 1 0 0 0 3 2 0 1 2 0 
4 2 1 0 3 7 0 0 0 3 6 0 7 0 0 0 0 0 0 0 0 0 0 0 0 0 0 5 0 0 6 7 6 0 
0 0 0 0 1 3 0 4 0 4 3 0 0 1 0 3 0 0 0 0 0 0 0 0 4 0 3 0 0 0 0 0 0 0 
5 0 0 6 0 0 0 0 0 0 0 0 4 0 0 0 0 0 0 0 0 0 0 0 0 0 3 0 0 0 0 0 4 0 
4 4 2 0 4 4 4 4 3 4 3 1 0 3 4 0 3 0 0 0 0 2 2 3 2 2 0 0 0 0 0 0 3 0 
3 6 5 0 2 0 2 0 0 5 6 3 0 4 0 0 0 0 0 0 0 4 0 4 2 1 0 0 0 0 0 0 2 0 
0 0 3 0 2 5 0 5 5 6 0 0 0 0 1 3 5 0 0 4 0 0 0 4 0 1 0 0 0 0 0 5 4 2 
2 4 4 0 0 3 3 0 1 0 0 0 0 0 0 2 0 0 0 0 0 0 1 0 0 0 3 0 0 0 0 4 4 1 
0 0 1 0 4 5 4 0 0 2 0 0 0 0 3 4 2 1 0 0 2 0 0 0 0 0 3 0 1 0 4 3 4 2 
0 0 1 0 2 4 3 0 0 0 0 0 0 0 0 0 0 0 0 0 3 2 2 0 0 0 3 0 1 0 2 0 0 3 
0 0 4 8 0 0 0 6 0 0 5 1 0 3 0 5 0 5 0 6 0 0 0 0 0 0 0 5 0 0 0 4 0 0 
0 0 0 0 1 0 0 0 2 4 0 1 0 0 0 0 0 0 1 0 2 0 0 0 0 3 1 0 3 4 0 5 7 5 
0 0 0 0 2 0 0 0 0 0 0 0 0 0 0 0 0 0 0 0 3 0 2 0 0 0 0 0 0 0 2 0 0 0 
0 0 0 0 0 0 0 0 0 0 0 0 0 0 0 0 0 0 0 6 0 0 0 0 0 7 3 0 0 0 0 0 0 0 
0 0 0 0 2 0 2 0 0 0 0 0 0 0 0 0 0 0 3 6 3 1 0 0 0 4 2 0 0 0 3 0 0 3 
0 0 0 0 2 0 0 0 2 4 0 0 0 0 0 0 0 0 3 2 2 0 0 0 0 0 1 0 3 0 0 0 0 0 
0 0 0 0 6 0 5 0 3 0 0 0 0 0 0 0 0 4 4 0 0 0 0 0 0 3 1 0 0 0 0 0 0 0 
0 0 2 0 4 0 0 0 3 0 0 0 0 0 0 5 0 5 4 2 2 0 1 0 1 0 0 0 2 0 0 0 0 0 
0 0 1 0 2 0 0 3 0 0 0 0 0 0 0 3 0 0 4 0 4 0 4 0 4 1 0 0 0 0 0 0 0 0 
0 5 2 0 0 0 0 2 0 0 0 0 0 0 0 3 0 5 0 0 0 0 0 0 0 0 0 4 2 0 0 0 0 0 
0 0 2 6 0 0 7 0 6 4 5 3 0 0 0 5 0 6 0 0 0 0 0 0 0 4 3 3 0 4 4 0 0 0 
0 0 2 4 2 1 3 3 6 6 6 3 0 0 0 0 2 6 4 0 0 4 0 2 3 4 0 0 0 0 3 0 0 0 
5 6 0 0 0 0 0 0 0 0 0 0 5 5 0 5 0 0 0 0 0 3 1 1 0 0 0 0 0 0 0 0 0 0 
0 0 0 0 0 0 0 0 0 3 3 0 0 2 0 5 0 0 0 0 0 0 0 0 4 3 3 3 0 3 4 0 4 3 
0 0 0 0 0 0 0 0 0 0 0 0 0 0 0 1 0 0 0 2 0 0 0 0 0 3 0 0 0 2 3 0 2 1 
2 0 0 0 0 0 0 0 0 0 3 0 6 0 4 0 0 0 0 0 0 0 0 0 0 0 0 0 5 0 0 7 2 0 
2 0 0 0 0 0 0 0 0 0 2 2 0 1 3 2 3 6 0 2 1 4 2 0 2 1 0 0 0 4 2 0 2 2 
5 5 0 0 0 0 0 0 0 6 6 5 0 0 0 0 3 0 3 0 0 5 0 0 5 0 0 0 0 0 2 0 3 1 
0 0 2 4 0 5 4 4 0 3 2 3 0 0 0 0 0 0 0 1 0 0 2 0 6 3 0 0 0 5 4 0 0 1 
4 3 2 0 0 6 0 0 0 0 0 0 7 3 0 0 2 0 3 0 0 0 0 0 1 1 0 0 0 0 2 0 0 0 
0 3 0 3 4 5 2 1 0 0 0 0 0 1 4 5 2 0 2 0 0 0 0 0 0 0 0 0 0 0 0 0 0 0 
5 2 2 0 4 2 0 4 0 0 0 0 7 0 0 0 0 6 4 3 0 5 0 0 0 0 0 0 4 5 5 6 6 5 
3 0 0 0 0 1 0 2 2 0 0 0 4 0 3 0 3 1 3 5 0 5 0 4 0 0 2 1 2 2 2 3 3 3 
400 316
0 5 0 3
0 5 0 7
0 5 1 5
0 28 0 27
0 28 0 30
0 28 1 28
1 5 1 4
1 5 1 9
1 5 0 5
1 5 2 5
2 12 2 10
2 12 2 27
2 12 0 12
2 12 4 12
2 31 2 30
2 31 2 32
2 31 1 31
2 31 7 31
2 32 2 31
2 32 1 32
2 32 4 32
2 32 2 31
2 32 1 32
4 0 4 3
4 0 2 0
4 0 5 0
4 32 5 32
11 3 11 2
11 3 11 7
11 3 4 3
11 3 21 3
11 3 11 2
11 3 11 7
11 3 4 3
11 3 21 3
11 7 11 10
11 7 7 7
11 7 19 7
11 7 11 10
12 4 13 4
12 32 12 31
12 32 12 33
12 32 9 32
12 32 24 32
13 4 15 4
14 19 14 25
14 19 11 19
14 19 15 19
14 19 14 25
14 19 11 19
14 19 15 19
14 25 14 26
14 25 12 25
14 25 15 25
15 19 15 18
15 19 15 20
15 19 16 19
15 19 15 18
17 4 17 6
17 4 16 4
17 4 18 4
17 4 17 6
17 4 16 4
17 4 18 4
18 4 19 4
20 1 20 2
20 1 8 1
20 1 23 1
21 3 21 2
21 3 21 6
21 3 22 3
21 3 21 2
21 6 21 8
21 6 17 6
21 6 22 6
23 0 23 1
23 0 8 0
23 0 26 0
26 31 26 28
26 31 26 32
26 31 12 31
26 31 32 31
28 0 28 1
28 0 27 0
28 0 30 0
30 12 30 5
30 12 30 13
30 12 26 12
30 12 32 12
31 15 31 14
31 15 31 16
31 15 27 15
32 0 32 1
32 0 30 0
32 0 33 0
32 33 32 32
32 33 29 33
32 33 33 33
33 0 33 5
33 0 32 0
33 19 33 18
33 19 33 21
33 19 32 19
0 31 0 30
0 31 0 32
0 31 0 30
0 33 7 33
1 2 1 1
1 2 2 2
1 2 1 1
1 5 1 9
1 5 0 5
1 21 1 18
1 21 1 22
1 21 0 21
2 4 2 5
2 4 3 4
2 4 2 5
2 5 2 9
2 5 3 5
4 3 4 0
4 3 4 12
4 3 0 3
4 32 5 32
5 4 5 5
5 4 6 4
5 4 5 5
5 4 6 4
5 5 5 6
5 5 7 5
5 6 5 7
5 6 6 6
5 6 5 7
5 7 5 8
5 7 7 7
6 2 6 1
6 2 5 2
6 2 7 2
6 6 8 6
6 9 6 10
6 9 5 9
6 9 7 9
7 5 7 4
7 5 8 5
7 5 7 4
7 5 8 5
7 7 7 8
9 4 9 5
9 4 10 4
9 4 9 5
9 4 10 4
10 5 10 6
10 5 9 5
10 5 10 6
10 5 9 5
10 6 9 6
11 2 10 2
11 2 18 2
11 19 11 17
11 19 11 27
11 19 7 19
11 19 11 17
13 22 13 20
15 4 15 6
15 6 17 6
17 6 21 6
18 2 19 2
18 4 19 4
20 2 20 1
21 6 21 8
21 6 22 6
21 8 21 9
21 8 18 8
21 8 22 8
21 8 21 9
28 11 28 10
28 11 27 11
28 11 29 11
32 33 32 32
32 33 33 33
33 33 33 32
0 3 0 0
0 7 0 8
0 9 0 10
0 9 1 9
0 9 1 9
1 10 2 10
2 5 2 9
2 5 3 5
3 5 3 7
3 7 3 9
4 32 5 32
6 32 7 32
7 7 7 8
7 19 7 16
7 19 7 23
7 19 7 16
7 23 7 25
7 23 6 23
7 23 6 23
9 2 8 2
9 6 9 5
9 6 8 6
9 6 8 6
13 22 13 20
19 7 20 7
20 7 19 7
32 32 32 31
32 32 28 32
32 32 33 32
32 32 32 31
33 32 33 31
0 0 1 0
0 0 1 0
1 0 1 1
1 0 2 0
1 10 2 10
2 0 2 1
2 0 4 0
3 7 3 9
3 9 3 10
3 9 2 9
3 10 2 10
5 0 5 1
5 0 6 0
5 0 5 1
5 1 5 2
5 1 6 1
6 1 6 0
6 1 6 2
6 1 8 1
6 1 6 0
6 2 7 2
6 32 7 32
7 2 8 2
7 7 7 8
8 2 8 1
13 20 12 20
32 31 32 30
32 31 26 31
32 31 33 31
33 31 33 30
1 10 2 10
3 10 2 10
8 2 8 1
12 20 12 25
20 1 23 1
23 1 23 0
23 1 23 12
23 1 28 1
29 5 29 3
29 5 29 6
29 5 30 5
29 6 29 5
29 6 29 7
29 6 29 5
29 7 29 9
30 5 30 2
30 5 30 12
30 5 31 5
30 5 30 2
2 12 2 27
2 12 0 12
2 12 4 12
4 12 4 26
8 0 23 0
22 2 22 3
22 3 22 2
22 3 22 4
22 4 22 5
22 6 22 7
22 7 22 8
22 8 22 7
22 8 22 9
22 8 22 9
22 8 22 9
22 10 22 9
22 10 22 11
22 10 21 10
22 10 22 9
22 10 22 11
22 10 21 10
23 12 23 13
23 12 26 12
26 0 27 0
28 0 28 1
28 0 30 0
29 2 29 3
29 3 29 2
29 7 29 9
30 0 30 1
32 0 32 1
32 2 32 4
32 2 32 4
32 4 32 5
32 4 31 4
3 13 3 15
3 15 3 24
3 24 3 15
3 24 3 26
3 24 3 26
3 26 4 26
4 26 8 26
22 9 21 9
23 12 23 13
23 12 26 12
26 12 26 10
26 12 26 14
26 12 30 12
31 4 31 3
31 4 31 5
31 4 31 3
21 9 21 10
31 3 31 1
31 1 30 1
31 1 30 1

4763

3 - - 3 - 5 - 2 1 3 1   2 3               4           4 5 - 5 3 1 1 
4 3 3 | 1 7 = = = 4 3   ǁ 3         3 - - 5 3 3 1       3 2   1 2 | 
4 2 1 | 3 7 = = = 3 6 - 7 = = = = = = = = = = = = = = 5     6 7 6 | 
ǁ     | 1 3 - 4 = 4 3   ǁ 1 - 3 = = = = = = = = 4 = 3         | | | 
5 = = 6 - - - - - - - - 4 - - - - - - - - - - - - - 3         | 4 | 
4 4 2 ǁ 4 4 4 4 3 4 3 1   3 4   3         2 2 3 2 2 |         | 3 | 
3 6 5 ǁ 2 | 2 |   5 6 3   4               4   4 2 1 |         | 2 | 
  | 3 ǁ 2 5 | 5 5 6         1 3 5 = = 4 - - - 4 - 1 |         5 4 2 
2 4 4 ǁ   3 3 | 1             2       |     1       3         4 4 1 
ǁ | 1 ǁ 4 5 4 |   2         3 4 2 1   | 2           3   1   4 3 4 2 
ǁ | 1 ǁ 2 4 3 |                       | 3 2 2       3   1   2   | 3 
ǁ | 4 8 = = = 6 = = 5 1   3   5   5 = 6 - - - - - - - 5       4 |   
ǁ | | ǁ 1     | 2 4   1             1 ǁ 2 - - - - 3 1   3 4   5 7 5 
ǁ | | ǁ 2     |                       ǁ 3 = 2     |         2 | |   
ǁ | | ǁ |     |                       6 = = = = = 7 3         | |   
ǁ | | ǁ 2 - 2 |                     3 6 3 1       4 2       3 | | 3 
ǁ | | ǁ 2   | | 2 4                 3 2 2           1   3     | |   
ǁ | | ǁ 6 = 5 | 3                 4 4             3 1         | |   
ǁ | 2 ǁ 4   ǁ | 3             5   5 4 2 2   1   1       2     | |   
ǁ | 1 ǁ 2   ǁ 3 |             3     4   4   4   4 1           | |   
ǁ 5 2 ǁ     ǁ 2 |             3   5                   4 2     | |   
ǁ ǁ 2 6 - - 7 = 6 4 5 3       5   6               4 3 3   4 4 | |   
ǁ ǁ 2 4 2 1 3 3 6 6 6 3         2 6 4     4   2 3 4         3 | |   
5 6 - - - - - - - - - - 5 5   5           3 1 1               | |   
| |               3 3   ǁ 2   5                 4 3 3 3   3 4 | 4 3 
| |                     ǁ     1       2           3       2 3 | 2 1 
2 |                 3 - 6 - 4                           5 - - 7 2   
2 |                 2 2 ǁ 1 3 2 3 6   2 1 4 2   2 1       4 2 ǁ 2 2 
5 5               6 6 5 ǁ     | 3   3     5     5           2 ǁ 3 1 
ǁ   2 4 - 5 4 4 = 3 2 3 ǁ     |       1     2   6 3       5 4 ǁ | 1 
4 3 2 = = 6 = = = = = = 7 3   | 2   3           1 1         2 ǁ | | 
| 3 - 3 4 5 2 1         | 1 4 5 2   2                         ǁ | | 
5 2 2 = 4 2   4         7         6 4 3   5             4 5 5 6 6 5 
3 - - - - 1   2 2       4   3   3 1 3 5 - 5   4     2 1 2 2 2 3 3 3 
