34 34
3 1 4 0 0 0 0 0 0 0 0 0 6 0 3 3 0 0 0 0 0 0 3 0 2 2 4 2 0 0 0 0 0 3 
0 2 6 2 0 2 0 0 4 2 0 0 5 1 0 0 4 0 0 5 1 2 0 0 0 0 6 0 0 0 0 0 0 5 
6 0 0 0 0 0 0 0 8 4 2 0 6 0 5 0 2 2 0 0 2 0 0 0 0 0 0 0 0 0 4 1 2 0 
0 2 0 3 0 0 0 0 0 2 2 0 8 2 0 4 1 6 0 6 0 0 0 0 0 0 0 0 6 2 0 2 0 0 
0 2 1 4 0 0 0 0 8 2 2 4 4 2 0 0 0 3 0 1 0 2 2 0 0 4 1 0 5 4 0 0 0 0 
0 0 0 0 0 0 0 0 2 2 0 8 0 0 8 4 0 3 0 0 0 5 0 0 0 4 4 2 0 2 0 0 0 0 
0 0 0 0 1 0 0 2 0 0 0 4 1 0 0 0 0 3 3 4 2 0 2 5 0 0 0 0 6 0 8 6 4 4 
0 0 2 0 0 0 0 0 0 0 0 0 0 0 8 0 7 0 0 0 0 5 1 0 2 2 1 2 3 1 0 0 0 2 
4 0 1 3 3 6 0 0 0 4 2 2 1 0 0 0 0 4 0 4 0 0 2 0 5 7 2 0 4 2 0 4 0 0 
0 0 2 0 3 0 2 4 1 2 0 0 0 0 0 0 0 0 0 0 0 0 0 0 0 6 3 0 6 2 0 0 0 4 
0 6 4 0 2 0 4 7 0 4 1 7 7 2 0 0 0 0 0 0 0 0 0 0 0 2 3 0 0 1 0 2 0 0 
0 0 2 0 0 0 0 0 2 0 2 0 0 0 0 0 0 2 0 0 0 0 0 0 0 2 2 0 0 0 0 0 0 0 
0 0 0 0 0 0 0 0 4 5 0 0 2 0 0 0 0 0 0 0 0 0 0 0 0 6 3 0 0 5 8 0 4 3 
0 0 6 8 2 0 0 0 3 0 0 0 0 0 0 1 0 3 0 7 0 3 4 8 3 0 0 0 0 0 0 2 5 2 
0 0 3 0 1 0 0 0 2 0 0 0 0 0 0 0 0 3 2 0 4 0 0 8 4 4 1 0 0 0 6 5 5 4 
0 0 1 0 0 0 4 0 2 0 5 6 0 0 6 4 0 2 0 1 3 2 4 5 1 2 0 0 0 0 0 0 0 0 
0 6 0 7 4 0 2 0 0 0 1 0 2 0 0 2 0 0 0 2 0 3 4 0 0 4 0 0 0 0 0 0 0 0 
0 0 0 0 2 0 4 6 4 0 2 0 0 0 0 2 0 2 7 0 0 0 0 0 0 0 0 6 0 0 0 0 0 0 
0 0 1 0 2 0 0 0 2 0 0 0 6 0 4 0 0 3 0 3 0 0 6 0 0 4 1 0 0 0 0 0 0 0 
0 0 0 0 0 0 6 6 4 0 0 0 2 2 3 0 0 2 0 1 4 2 0 0 0 0 0 0 0 0 0 0 0 2 
0 0 0 4 4 0 0 0 0 0 0 4 0 2 0 0 0 1 4 2 0 2 4 2 0 0 0 0 0 0 0 0 4 3 
0 0 0 4 2 0 0 2 0 0 6 5 0 0 5 4 0 4 0 0 8 8 2 2 0 0 3 0 0 0 0 0 0 1 
0 0 0 6 2 0 2 0 0 0 2 5 0 4 5 2 0 4 6 3 0 6 0 8 2 0 0 0 0 0 0 0 0 0 
0 0 0 0 0 0 0 0 0 0 0 3 1 2 4 2 0 1 2 1 0 2 0 2 0 0 0 0 0 0 0 4 0 0 
0 0 3 8 0 7 0 0 0 8 0 0 0 0 0 0 7 0 0 0 6 0 0 0 1 0 0 0 0 0 0 4 0 0 
0 0 1 0 2 0 2 0 0 0 2 0 0 0 2 1 0 2 4 2 0 4 0 4 2 0 4 0 0 0 0 2 0 0 
0 0 0 0 0 0 0 0 0 0 2 0 1 0 0 0 0 0 0 0 0 4 2 0 0 0 0 0 0 0 0 0 0 0 
0 0 3 8 6 4 4 2 0 5 0 0 0 0 6 3 0 5 7 0 8 0 0 5 3 0 0 0 0 0 0 2 5 2 
0 0 0 2 2 3 2 2 4 0 0 0 0 0 5 1 0 2 4 2 3 0 0 0 0 4 3 0 0 0 0 2 4 1 
0 4 0 0 0 0 0 0 0 0 0 0 0 0 0 0 6 0 0 0 0 0 0 0 0 0 0 7 4 0 0 0 0 0 
0 4 0 4 3 0 0 0 0 0 0 0 0 0 3 2 0 0 1 0 0 0 0 0 2 0 0 5 2 0 0 0 0 0 
5 6 0 0 0 0 0 0 0 0 0 0 0 0 0 0 6 0 0 0 0 0 0 0 0 0 0 4 2 0 6 0 6 3 
5 0 0 0 0 0 0 0 0 0 0 0 0 0 4 4 7 0 0 0 0 0 0 0 0 0 0 0 0 6 4 0 4 4 
4 0 0 0 0 0 0 0 0 4 0 0 2 2 4 2 3 0 0 0 0 0 1 2 0 0 0 0 0 6 0 0 2 2 
400 624
0 0 0 1
0 0 2 0
0 0 2 0
0 2 0 12
0 2 1 2
0 2 0 12
0 2 1 2
0 12 0 14
0 12 1 12
1 2 1 1
1 2 1 3
1 2 4 2
1 2 1 1
1 19 1 16
1 19 1 20
1 19 3 19
1 33 1 26
1 33 0 33
1 33 6 33
2 0 8 0
2 0 8 0
2 8 2 9
2 8 1 8
2 8 4 8
2 8 2 9
2 8 1 8
2 8 4 8
3 1 4 1
3 12 3 10
3 12 3 13
3 12 2 12
3 12 4 12
3 12 3 10
3 12 3 13
3 12 2 12
3 12 4 12
3 28 3 19
3 28 3 29
3 28 4 28
3 28 3 19
3 28 3 29
3 28 4 28
4 8 4 3
4 8 4 9
4 8 5 8
4 29 4 28
4 29 5 29
4 29 4 28
4 29 5 29
5 11 5 9
5 11 5 14
5 11 4 11
5 11 6 11
5 11 5 9
5 11 5 14
5 11 4 11
5 11 6 11
5 14 5 15
5 14 2 14
5 14 7 14
6 23 6 22
6 23 6 28
6 23 13 23
6 30 6 28
6 30 6 31
6 30 2 30
6 30 12 30
6 30 6 28
6 30 6 31
6 30 2 30
6 30 12 30
6 31 6 32
6 31 3 31
6 31 8 31
6 31 6 32
7 14 7 2
7 14 7 16
7 14 5 14
7 14 15 14
7 16 7 14
7 16 7 21
7 16 3 16
7 16 24 16
8 0 8 2
8 0 31 0
8 5 8 4
8 5 8 9
8 5 24 5
8 5 8 4
8 5 8 9
8 5 24 5
8 9 8 10
8 9 9 9
8 17 8 19
8 17 11 17
8 17 8 19
8 17 11 17
8 19 8 22
8 19 13 19
8 24 8 25
8 24 7 24
8 24 13 24
8 31 10 31
9 25 9 26
9 25 8 25
9 25 10 25
9 25 9 26
9 25 8 25
9 25 10 25
9 33 7 33
9 33 12 33
9 33 7 33
9 33 12 33
10 1 10 2
10 1 16 1
10 1 10 2
10 1 16 1
10 1 10 2
10 1 10 2
10 7 10 6
10 7 10 9
10 7 9 7
10 7 17 7
10 11 10 10
10 11 10 12
10 11 8 11
10 11 15 11
10 12 10 11
10 12 10 13
10 12 8 12
10 12 12 12
11 2 13 2
12 9 12 8
12 9 10 9
12 9 24 9
12 25 12 26
12 25 11 25
12 25 14 25
12 25 12 26
12 25 11 25
12 25 14 25
12 30 12 29
12 30 12 32
12 30 14 30
13 2 13 3
13 2 11 2
13 2 14 2
13 3 13 2
13 3 13 4
13 3 8 3
13 3 16 3
13 3 13 2
13 3 13 4
13 3 8 3
13 15 15 15
13 19 13 17
13 19 13 21
13 19 15 19
13 19 13 17
13 19 13 21
13 23 13 22
13 23 13 24
13 23 6 23
13 23 14 23
14 2 15 2
14 4 16 4
14 20 14 23
14 20 15 20
14 20 14 23
14 20 15 20
14 23 14 24
14 23 13 23
14 23 15 23
15 6 10 6
15 6 16 6
15 6 10 6
15 6 16 6
15 10 15 11
15 10 11 10
15 10 16 10
15 15 15 14
15 15 16 15
15 15 15 14
16 1 16 3
16 1 29 1
16 3 16 1
16 3 16 4
16 3 20 3
16 4 16 3
16 4 17 4
17 4 18 4
17 6 17 7
17 6 19 6
17 6 17 7
17 6 19 6
17 7 17 8
17 7 10 7
17 7 19 7
17 8 15 8
17 8 18 8
17 8 15 8
17 18 17 17
17 18 17 27
17 18 14 18
17 18 20 18
17 27 17 18
17 27 7 27
17 27 29 27
18 2 24 2
18 4 20 4
18 8 19 8
18 12 18 14
18 12 16 12
18 12 19 12
18 12 18 14
18 12 16 12
18 12 19 12
18 14 15 14
18 14 19 14
18 22 18 19
18 22 18 25
18 22 20 22
18 22 18 19
18 22 18 25
18 22 20 22
18 25 18 26
18 25 28 25
19 6 19 7
19 6 22 6
19 7 19 6
19 7 19 8
19 7 21 7
19 7 19 6
19 8 28 8
20 4 20 3
20 4 21 4
20 4 20 3
21 7 27 7
21 10 21 11
21 10 17 10
21 10 22 10
21 10 21 11
21 10 17 10
21 10 22 10
21 20 21 17
21 20 21 21
21 20 19 20
21 20 24 20
21 20 21 17
21 20 21 21
21 20 19 20
21 20 24 20
21 21 21 22
21 21 20 21
21 21 22 21
21 26 25 26
22 3 22 4
22 3 21 3
22 3 24 3
22 3 22 4
22 3 21 3
22 3 24 3
22 6 25 6
22 11 22 13
22 11 21 11
22 11 23 11
22 18 22 17
22 18 22 19
22 18 23 18
22 18 22 17
22 18 22 19
22 18 23 18
22 19 23 19
22 21 22 23
22 21 21 21
22 21 23 21
22 21 22 23
22 21 21 21
22 23 22 24
22 23 21 23
22 23 23 23
22 23 22 24
22 23 21 23
22 23 23 23
23 11 23 12
23 11 22 11
23 21 25 21
23 31 14 31
23 31 24 31
23 31 14 31
23 31 24 31
24 3 24 2
24 3 24 5
24 3 27 3
24 5 24 3
24 5 27 5
24 5 27 5
24 9 24 16
24 9 12 9
24 9 27 9
24 9 24 16
24 9 27 9
24 20 24 16
24 20 27 20
24 20 24 16
24 20 27 20
24 24 25 24
24 31 25 31
25 4 27 4
25 6 27 6
25 21 25 23
25 21 26 21
25 21 25 23
25 23 25 24
25 23 27 23
25 26 21 26
25 26 28 26
25 26 28 26
26 21 26 22
26 21 26 22
27 2 27 3
27 2 25 2
27 2 27 3
27 3 27 4
27 3 24 3
27 3 28 3
27 18 27 17
27 18 27 20
27 18 25 18
27 18 28 18
27 20 27 18
27 20 27 23
27 20 28 20
28 25 28 20
28 25 28 26
28 25 28 20
31 0 31 1
31 0 32 0
31 1 31 0
31 1 31 16
31 1 30 1
31 1 31 0
31 1 31 16
31 16 31 27
31 16 29 16
31 16 32 16
31 16 31 27
31 27 31 28
31 27 30 27
32 0 32 14
32 0 33 0
32 16 32 15
32 16 32 29
32 16 33 16
33 0 33 9
33 0 32 0
33 0 33 9
33 9 33 12
33 29 33 23
33 29 33 32
33 29 32 29
33 29 33 23
33 29 33 32
33 29 32 29
33 33 32 33
33 33 32 33
0 12 0 14
0 12 1 12
1 19 1 16
1 19 3 19
1 21 1 26
1 26 1 21
1 26 1 33
1 26 0 26
1 26 0 26
2 8 2 9
2 8 1 8
2 12 2 10
2 12 2 14
2 12 1 12
2 12 2 10
2 20 2 30
2 30 2 20
3 1 4 1
3 9 2 9
3 9 4 9
3 15 0 15
3 15 5 15
3 15 0 15
3 15 5 15
3 17 3 19
3 17 2 17
3 17 4 17
3 17 3 19
3 17 2 17
3 17 4 17
3 31 2 31
4 3 4 8
4 3 3 3
4 3 3 3
4 8 5 8
4 10 4 11
4 11 4 10
4 12 4 13
4 13 4 12
5 14 5 15
5 14 2 14
5 27 5 26
6 4 6 7
6 7 6 11
6 11 6 12
6 28 6 23
6 28 4 28
6 28 7 28
6 33 6 32
6 33 1 33
6 33 6 32
7 2 7 14
7 14 15 14
7 16 7 21
7 16 24 16
8 3 8 4
8 10 8 11
8 31 10 31
9 4 10 4
9 28 9 29
9 28 8 28
9 28 29 28
9 28 9 29
9 28 8 28
9 28 29 28
10 4 9 4
10 6 10 7
10 12 10 11
10 12 10 13
10 29 12 29
11 8 12 8
11 10 15 10
12 30 12 29
12 30 12 32
12 30 14 30
12 32 12 33
12 32 13 32
13 17 14 17
13 21 13 22
13 22 13 23
13 22 8 22
13 23 13 24
14 8 13 8
14 23 14 24
14 23 15 23
14 24 14 25
14 24 15 24
14 25 14 26
14 30 14 31
14 30 31 30
14 30 14 31
14 30 31 30
15 10 15 11
15 11 15 14
15 11 10 11
15 11 20 11
15 20 15 21
15 23 15 22
15 25 16 25
15 25 16 25
16 1 29 1
16 3 20 3
16 15 17 15
16 19 16 21
16 25 16 22
17 15 21 15
17 27 7 27
17 27 29 27
18 19 19 19
19 8 28 8
19 20 19 21
20 11 20 13
20 11 21 11
20 11 20 13
20 19 20 18
20 23 20 22
21 3 21 4
21 15 21 14
21 15 22 15
21 15 21 14
21 17 20 17
21 17 22 17
22 17 23 17
24 2 24 3
24 16 29 16
24 31 25 31
25 4 27 4
25 19 25 18
26 12 26 10
27 3 27 4
27 3 28 3
27 9 27 14
27 20 27 23
27 23 27 24
27 24 27 23
28 8 28 7
28 8 28 14
28 19 28 18
29 1 29 16
29 1 30 1
29 16 29 27
29 28 29 27
29 28 30 28
30 1 30 3
30 1 30 3
30 3 30 4
30 3 30 4
30 4 30 14
30 14 30 15
30 15 30 14
30 18 30 24
30 24 30 27
31 30 31 28
31 30 31 32
31 30 32 30
31 30 31 32
31 32 31 33
31 32 28 32
31 32 32 32
31 32 31 33
32 0 32 14
32 14 32 15
32 14 33 14
32 15 32 16
32 15 33 15
32 16 32 29
32 16 33 16
32 29 32 30
32 30 32 29
32 30 32 32
32 32 32 33
32 32 32 33
33 9 33 12
33 13 33 14
33 14 33 13
33 14 33 15
33 16 33 22
0 26 0 25
0 26 0 27
0 27 0 33
1 5 1 3
1 5 1 8
1 9 1 12
1 9 1 12
1 16 2 16
2 14 0 14
2 16 1 16
5 27 5 26
8 28 8 29
8 28 7 28
8 29 7 29
9 6 9 7
11 8 12 8
12 8 12 9
12 26 11 26
13 8 14 8
15 23 15 22
16 19 16 21
16 25 16 22
19 13 19 14
19 17 18 17
19 20 19 21
20 18 20 19
20 18 17 18
20 23 20 22
21 22 21 21
25 19 25 18
26 10 25 10
27 9 27 14
27 14 27 15
27 14 25 14
27 14 28 14
27 14 27 15
28 14 28 15
28 19 28 18
29 16 29 27
29 27 30 27
29 27 30 27
30 27 30 28
31 33 28 33
0 15 0 22
0 22 0 24
0 25 0 24
5 26 5 25
5 26 4 26
9 6 9 7
9 7 9 8
9 9 10 9
10 7 10 9
11 26 10 26
15 23 15 22
16 22 16 21
16 22 15 22
18 17 17 17
18 17 19 17
19 13 19 14
25 10 25 14
25 15 27 15
25 18 25 17
27 18 27 17
27 18 28 18
28 17 27 17
28 32 28 31
28 32 27 32
28 32 28 31
4 25 4 22
4 25 5 25
4 25 4 22
4 25 5 25
5 25 5 21
10 26 9 26
15 17 14 17
17 18 14 18
25 17 27 17
27 17 28 17
27 31 27 32
14 17 15 17
27 31 27 32

4895

3 1 4 = = = = = = = = = 6 = 3 3 - - - - - - 3 - 2 2 4 2 - - - - - 3 
ǁ 2 6 2 - 2 - - 4 2 = = 5 1 | ǁ 4 = = 5 1 2 = = = = 6 = = = = = = 5 
6   |           8 4 2 = 6 - 5 ǁ 2 2   ǁ 2 = = = = = = = = = 4 1 2 ǁ 
ǁ 2 | 3         ǁ 2 2 = 8 2 ǁ 4 1 6 = 6 = = = = = = = = 6 2 ǁ 2   ǁ 
ǁ 2 1 4 = = = = 8 2 2 4 4 2 ǁ ǁ | 3   1   2 2 = = 4 1   5 4 ǁ |   ǁ 
ǁ               2 2 = 8 = = 8 4 | 3       5 - - - 4 4 2 | 2 ǁ |   ǁ 
ǁ       1 - - 2 - - - 4 1   ǁ   | 3 3 4 2   2 5 = = = = 6 = 8 6 4 4 
ǁ   2 = = = = = = = = = = = 8 = 7 = = = = 5 1 ǁ 2 2 1 2 3 1 ǁ |   2 
4 - 1 3 3 6 = = = 4 2 2 1   ǁ   ǁ 4 = 4 - - 2 ǁ 5 7 2 ǁ 4 2 ǁ 4   ǁ 
|   2 ǁ 3 ǁ 2 4 1 2   | |   ǁ   ǁ ǁ   |     | ǁ | 6 3 ǁ 6 2 ǁ ǁ   4 
| 6 4 ǁ 2 ǁ 4 7 = 4 1 7 7 2 ǁ   ǁ ǁ   |     | ǁ | 2 3 ǁ ǁ 1 ǁ 2   ǁ 
| ǁ 2 ǁ   ǁ ǁ ǁ 2 | 2 ǁ |   ǁ   ǁ 2   |     | ǁ | 2 2 ǁ ǁ | ǁ     ǁ 
| ǁ ǁ ǁ   ǁ ǁ ǁ 4 5 ǁ ǁ 2   ǁ   ǁ     |     | ǁ | 6 3 ǁ ǁ 5 8 = 4 3 
| ǁ 6 8 2 ǁ ǁ ǁ 3 ǁ ǁ ǁ     ǁ 1 ǁ 3 = 7 = 3 4 8 3 ǁ   ǁ ǁ   ǁ 2 5 2 
| ǁ 3 | 1 ǁ ǁ ǁ 2 ǁ ǁ ǁ     ǁ | ǁ 3 2 | 4 = = 8 4 4 1 ǁ ǁ   6 5 5 4 
| ǁ 1 | | ǁ 4 ǁ 2 ǁ 5 6 - - 6 4 ǁ 2 ǁ 1 3 2 4 5 1 2   ǁ ǁ   ǁ ǁ     
| 6 = 7 4 ǁ 2 ǁ ǁ ǁ 1 | 2   | 2 ǁ   ǁ 2 = 3 4 = = 4   ǁ ǁ   ǁ ǁ     
| ǁ   ǁ 2 ǁ 4 6 4 ǁ 2 | ǁ   | 2 ǁ 2 7 = = = = = = = = 6 ǁ   ǁ ǁ     
| ǁ 1 ǁ 2 ǁ ǁ | 2 ǁ ǁ | 6 = 4 | ǁ 3 ǁ 3 = = 6 = = 4 1 ǁ ǁ   ǁ ǁ     
| ǁ | ǁ | ǁ 6 6 4 ǁ ǁ | 2 2 3 | ǁ 2 ǁ 1 4 2 ǁ     |   ǁ ǁ   ǁ ǁ   2 
| ǁ | 4 4 ǁ | | ǁ ǁ ǁ 4 = 2   | ǁ 1 4 2 ǁ 2 4 2   |   ǁ ǁ   ǁ ǁ 4 3 
| ǁ | 4 2 ǁ | 2 ǁ ǁ 6 5     5 4 ǁ 4 = = 8 8 2 2   | 3 ǁ ǁ   ǁ ǁ   1 
| ǁ | 6 2 ǁ 2 | ǁ ǁ 2 5 - 4 5 2 ǁ 4 6 3 ǁ 6 = 8 2 | ǁ ǁ ǁ   ǁ ǁ     
| ǁ | ǁ   ǁ | | ǁ ǁ   3 1 2 4 2 ǁ 1 2 1 ǁ 2   2   | ǁ ǁ ǁ   ǁ 4     
| ǁ 3 8 = 7 | | ǁ 8 = = = = = = 7 = = = 6 |     1 | ǁ ǁ ǁ   ǁ 4     
| ǁ 1 ǁ 2 ǁ 2 | ǁ ǁ 2 - - - 2 1 | 2 4 2 ǁ 4 = 4 2 | 4 ǁ ǁ   ǁ 2     
| ǁ | ǁ ǁ ǁ | | ǁ ǁ 2 - 1   | | | | |   ǁ 4 2 |   | ǁ ǁ ǁ   ǁ       
| ǁ 3 8 6 4 4 2 ǁ 5 = = = = 6 3 | 5 7 = 8 = = 5 3 | ǁ ǁ ǁ   ǁ 2 5 2 
| ǁ   2 2 3 2 2 4 - - - - - 5 1 | 2 4 2 3 = = = = 4 3 ǁ ǁ   ǁ 2 4 1 
| 4 - - - - - - - - - - - - - - 6 = = = = = = = = = = 7 4   ǁ   | | 
| 4 = 4 3 - - - - - - - - - 3 2 |   1 - - - - - 2 - - 5 2   ǁ   | | 
5 6 = = = = = = = = = = = = = = 6 = = = = = = = = = = 4 2 - 6 = 6 3 
5 = = = = = = = = = = = = = 4 4 7 = = = = = = = = = = = = 6 4 - 4 4 
4 = = = = = = = = 4 = = 2 2 4 2 3 - - - - - 1 2 = = = = = 6 = = 2 2 
