34 34
1 1 0 0 0 0 0 0 4 4 4 3 0 0 0 0 0 0 0 3 0 0 0 0 0 0 3 1 1 0 0 2 1 1 
5 0 0 0 0 0 0 0 6 0 0 0 0 0 0 1 0 0 0 0 2 0 5 0 4 0 6 3 1 4 0 7 5 0 
0 2 3 2 3 0 1 0 0 0 0 0 0 0 0 0 0 0 0 0 0 0 1 0 0 0 2 0 0 1 0 0 2 0 
0 0 4 0 6 0 0 0 7 0 0 0 0 0 0 0 0 0 0 5 0 0 0 0 5 0 0 0 0 0 0 7 5 4 
2 0 4 0 5 1 0 0 0 2 0 0 6 3 1 3 0 0 2 0 2 0 2 2 3 0 0 0 2 0 0 0 2 0 
2 4 0 0 0 0 0 0 3 0 0 0 4 0 1 4 2 1 0 0 3 2 0 4 0 0 0 0 0 0 0 5 0 0 
3 0 0 0 4 0 0 0 0 0 0 3 0 0 0 0 3 2 0 0 1 0 0 4 2 2 3 2 3 0 0 4 0 0 
6 3 2 3 0 4 0 4 0 0 0 0 0 0 0 0 0 0 6 6 0 6 2 4 0 0 6 0 0 0 0 0 5 3 
3 3 2 0 0 0 0 0 2 0 2 0 5 0 0 5 4 0 0 0 2 5 2 4 4 2 0 2 0 0 5 1 0 0 
3 0 0 5 0 4 1 0 0 2 2 0 0 0 0 3 0 0 0 0 3 3 4 0 3 1 0 2 3 0 7 2 0 3 
0 0 0 0 0 1 0 0 0 0 0 0 0 2 0 4 0 0 0 0 0 1 2 1 0 0 0 1 2 1 0 1 0 0 
0 0 0 0 0 3 1 0 0 0 4 0 6 0 0 3 3 0 0 5 7 0 0 5 0 3 0 0 0 0 0 0 0 0 
0 0 0 0 0 0 0 0 0 0 0 0 0 0 0 0 4 4 0 0 3 0 0 0 2 0 6 0 0 0 6 4 0 0 
0 0 0 0 0 0 0 0 0 0 0 0 0 0 0 0 0 0 0 0 2 0 0 0 0 2 0 2 0 1 0 2 0 0 
0 0 0 0 0 0 0 0 0 0 0 0 0 2 0 3 0 2 0 0 0 0 0 0 0 0 0 0 2 0 5 3 0 0 
0 0 0 0 0 0 0 3 4 2 0 0 0 0 0 0 0 0 0 4 5 4 1 0 4 5 0 0 0 1 0 0 0 0 
0 0 0 0 0 3 0 5 3 1 0 0 0 0 0 0 0 0 0 0 0 0 0 0 0 1 0 0 0 0 0 0 0 0 
0 0 0 0 0 3 0 7 4 2 0 3 8 0 0 0 4 0 0 0 0 5 2 0 0 0 0 4 0 5 3 4 0 0 
0 0 0 0 0 5 2 0 0 0 0 1 0 2 0 2 0 0 0 0 0 0 0 0 0 0 0 5 2 0 0 0 0 0 
0 0 0 0 0 3 2 0 0 0 0 0 0 0 0 3 0 0 0 0 6 7 3 0 0 0 0 1 0 0 0 0 0 0 
0 0 0 0 0 3 0 5 0 5 6 5 4 4 0 0 0 0 0 0 0 3 2 0 1 0 0 0 0 0 0 0 0 3 
0 0 0 0 0 6 0 6 3 0 0 4 3 0 0 0 0 0 0 0 0 1 2 0 0 0 5 0 0 5 3 2 0 0 
0 2 0 0 0 2 1 4 3 0 4 0 0 6 0 4 3 0 0 3 3 2 4 5 0 0 5 3 0 5 2 0 0 0 
0 0 0 0 0 0 0 2 2 0 4 2 0 3 0 0 2 0 0 4 2 0 1 2 3 0 6 4 1 2 1 0 0 0 
0 0 0 0 5 0 0 0 0 5 0 0 0 0 0 0 0 0 6 0 0 0 0 0 0 0 0 0 0 0 0 0 6 5 
0 0 2 0 2 2 4 4 0 0 3 0 0 0 4 3 4 2 0 4 4 0 2 3 4 5 0 0 0 5 5 1 0 0 
0 0 0 0 2 1 0 2 0 0 0 2 0 0 7 4 5 0 0 3 2 0 0 0 0 5 0 2 0 0 5 2 0 0 
3 6 5 0 5 0 6 0 0 5 6 0 0 3 7 0 4 0 0 0 0 0 0 2 0 4 4 3 0 0 6 4 0 0 
2 4 4 0 4 3 2 2 0 3 4 0 0 0 4 0 1 0 0 0 0 0 0 0 0 1 0 2 0 0 0 2 0 2 
4 5 0 6 0 0 0 0 0 0 0 0 0 0 0 0 0 0 7 0 0 0 4 0 5 0 5 2 0 0 0 0 0 2 
0 3 0 0 2 1 3 0 0 4 0 0 0 1 0 0 0 0 0 2 0 4 4 0 0 0 0 0 0 4 5 4 0 0 
0 0 0 0 0 0 1 2 0 6 0 0 0 0 0 0 0 0 7 0 0 5 0 0 0 0 0 0 0 4 2 0 0 4 
2 0 1 5 3 0 0 0 0 4 0 0 0 0 0 5 3 0 7 2 2 5 2 1 4 0 0 0 3 5 2 2 3 0 
1 3 0 6 4 0 0 0 0 3 2 0 1 0 0 3 2 1 4 0 0 4 0 0 5 0 0 0 0 3 2 0 2 3 
400 222
1 0 1 8
1 0 0 0
1 0 4 0
1 22 1 20
1 22 1 24
1 22 2 22
1 29 1 28
1 29 1 31
1 29 2 29
1 29 1 31
1 31 1 32
1 31 0 31
1 31 3 31
1 32 1 31
1 32 0 32
1 32 2 32
3 8 3 4
3 8 3 19
3 8 1 8
3 8 5 8
4 12 4 9
4 12 4 13
4 12 5 12
4 12 4 9
4 12 4 13
4 12 5 12
5 31 5 23
5 31 3 31
5 31 6 31
7 0 7 1
7 0 6 0
7 0 8 0
7 0 7 1
7 0 6 0
7 0 8 0
8 30 8 27
8 30 8 31
8 30 9 30
11 20 11 19
11 20 11 23
11 20 9 20
11 20 12 20
17 7 17 5
17 7 17 8
17 7 16 7
17 7 20 7
17 12 17 11
17 12 17 16
17 12 11 12
17 12 20 12
17 12 17 11
17 12 17 16
17 12 11 12
17 12 20 12
18 5 18 6
18 5 17 5
18 5 19 5
19 21 19 20
19 21 19 22
19 21 17 21
19 21 20 21
21 5 21 7
21 5 20 5
21 5 22 5
21 5 21 7
21 5 20 5
21 5 22 5
21 7 21 8
21 7 20 7
21 7 22 7
21 7 21 8
24 4 24 9
24 4 6 4
24 4 25 4
24 33 24 32
24 33 20 33
24 33 28 33
26 14 26 11
26 14 26 15
26 14 25 14
26 14 27 14
29 18 29 3
29 18 29 22
29 18 24 18
29 18 31 18
29 26 29 24
29 26 29 27
29 26 27 26
30 13 30 9
32 15 32 9
32 15 32 16
32 15 33 15
32 18 32 16
32 18 32 19
32 18 31 18
32 18 33 18
33 3 33 1
33 3 33 4
33 3 32 3
33 3 33 1
33 3 33 4
33 3 32 3
33 4 33 9
33 4 32 4
33 24 33 21
33 24 33 29
33 24 32 24
0 1 0 8
0 8 0 9
0 8 1 8
0 8 0 9
0 9 0 10
0 10 0 9
0 10 0 11
0 10 0 11
0 11 0 19
0 33 3 33
1 0 1 8
1 0 4 0
1 8 1 15
1 8 3 8
1 22 1 20
1 22 1 24
1 24 1 26
1 24 3 24
1 26 1 27
1 26 0 26
1 26 2 26
1 26 1 27
1 26 0 26
1 27 0 27
1 32 1 31
2 6 2 4
2 32 3 32
3 31 3 24
3 31 3 32
3 31 5 31
3 33 3 32
3 33 7 33
3 33 3 32
4 28 4 24
6 31 6 28
6 31 5 31
6 31 6 28
8 30 8 27
8 30 9 30
9 3 9 0
9 3 7 3
9 3 29 3
9 30 9 28
9 30 9 31
9 30 12 30
11 12 11 10
11 12 11 15
11 12 8 12
11 12 11 10
14 13 14 15
18 27 18 28
18 27 17 27
18 27 19 27
22 1 27 1
22 6 22 7
22 7 22 8
22 7 23 7
23 7 23 8
25 2 27 2
26 16 26 15
26 16 25 16
26 16 27 16
27 4 27 6
27 4 26 4
27 4 28 4
28 4 28 5
28 4 27 4
28 4 28 5
28 5 28 6
28 25 27 25
30 9 30 6
30 9 31 9
30 9 30 6
31 9 31 7
31 9 31 18
31 9 32 9
31 9 31 7
31 9 31 18
0 26 0 19
0 28 0 31
3 31 3 24
3 31 3 32
4 28 4 24
4 32 7 32
6 28 6 27
14 13 14 15
22 1 27 1
25 2 27 2
27 1 27 0
27 1 27 2
27 1 28 1
27 1 27 0
27 2 28 2
31 6 30 6
0 19 3 19
4 32 7 32
6 27 6 26
27 2 28 2
28 2 28 1
28 2 32 2
29 1 29 0
29 1 28 1
29 1 30 1
29 3 29 18
29 3 9 3
29 3 32 3
29 3 32 3
30 5 30 4
32 3 32 4
28 1 28 0
30 4 32 4
32 9 32 15
32 9 33 9
33 9 33 10
33 10 33 12

4144

1 1 - - - - - - 4 4 4 3 - - - - - - - 3 - - - - - - 3 1 1 - - 2 1 1 
5 = = = = = = = 6 - - - - - - 1       | 2 = 5 = 4 - 6 3 1 4 = 7 5 | 
ǁ 2 3 2 3 - 1   ǁ                     |     1   |   2     1   | 2 | 
ǁ   4   6 - - - 7 - - - - - - - - - - 5         5 = = = = = = 7 5 4 
2   4   5 1     | 2 = = 6 3 1 3     2   2   2 2 3 = = = 2     ǁ 2 | 
2 4             3       4   1 4 2 1     3 2   4 - - - - - - - 5 ǁ | 
3       4             3         3 2     1     4 2 2 3 2 3 = = 4 ǁ | 
6 3 2 3 | 4   4                     6 6   6 2 4     6           5 3 
3 3 2 | |       2   2   5     5 4       2 5 2 4 4 2   2 = = 5 1     
3 - - 5 | 4 1     2 2   |     3         3 3 4   3 1   2 3 - 7 2   3 
      ǁ | 1             | 2   4         | 1 2 1       1 2 1 | 1     
      ǁ | 3 1       4 = 6 - - 3 3     5 7 - - 5   3         |       
      ǁ |               ǁ       4 4     3       2   6       6 4     
      ǁ |               ǁ               2         2   2   1   2     
      ǁ |               ǁ 2 = 3   2                     2   5 3     
      ǁ |     3 4 2     ǁ             4 5 4 1   4 5       1         
      ǁ | 3   5 3 1     ǁ                         1                 
      ǁ | 3 - 7 4 2   3 8 = = = 4         5 2         4   5 3 4     
      ǁ | 5 2 |       1 ǁ 2   2           |           5 2           
      ǁ | 3 2 |         ǁ     3         6 7 3         1             
      ǁ | 3   5   5 6 5 4 4               3 2   1                 3 
      ǁ | 6 = 6 3     4 3                 1 2       5     5 3 2   | 
  2   ǁ | 2 1 4 3   4     6   4 3     3 3 2 4 5     5 3   5 2     | 
  ǁ   ǁ |     2 2   4 2   3     2     4 2   1 2 3   6 4 1 2 1     | 
  ǁ   ǁ 5 - - - - 5                 6                           6 5 
  ǁ 2 ǁ 2 2 4 4     3       4 3 4 2 | 4 4   2 3 4 5       5 5 1   | 
  ǁ ǁ ǁ 2 1   2       2 - - 7 4 5   | 3 2         5   2     5 2   | 
3 6 5 ǁ 5 - 6     5 6     3 7   4   |         2   4 4 3     6 4   | 
2 4 4 ǁ 4 3 2 2   3 4       4   1   |             1 | 2       2   2 
4 5 | 6 = = = = = = = = = = = = = = 7 - - - 4   5 - 5 2           2 
  3 | ǁ 2 1 3 = = 4 - - - 1         | 2   4 4             4 5 4     
    | ǁ |   1 2 = 6 = = = = = = = = 7     5               4 2     4 
2   1 5 3         4 = = = = = 5 3 - 7 2 2 5 2 1 4       3 5 2 2 3   
1 3 = 6 4 - - - - 3 2 - 1     3 2 1 4     4 - - 5 - - - - 3 2   2 3 
