34 34
1 4 0 0 0 0 0 0 0 0 0 0 0 0 0 0 0 0 0 0 0 3 0 0 0 0 0 0 0 0 0 0 2 0 
1 5 4 2 1 3 0 3 0 0 0 0 0 0 3 3 4 4 5 6 2 0 3 3 2 3 2 1 3 0 3 3 6 2 
0 0 3 2 0 5 1 5 0 3 2 2 1 1 0 1 0 2 0 3 1 0 0 5 3 0 0 0 0 2 0 0 3 1 
0 6 6 0 0 0 0 4 0 1 1 0 2 0 0 1 0 0 0 2 2 0 0 0 1 0 0 0 0 0 2 2 5 4 
0 2 0 4 4 0 0 5 0 0 0 3 7 4 0 0 0 5 4 0 0 5 6 3 0 5 6 5 6 5 3 0 0 4 
0 2 0 2 0 0 0 0 4 0 0 3 0 0 0 0 0 0 0 3 3 0 0 0 2 0 4 3 2 1 1 0 0 0 
0 5 6 0 0 0 0 4 0 1 3 0 0 0 0 2 0 3 0 4 3 0 4 0 0 0 2 0 0 0 0 3 0 0 
0 0 0 3 2 2 0 4 0 2 0 0 0 0 0 0 0 1 0 0 2 0 2 4 5 0 2 3 4 4 2 0 0 0 
0 0 0 5 7 0 0 5 0 0 0 0 0 0 0 0 0 1 0 0 3 0 4 6 4 0 0 1 1 0 0 0 0 0 
0 0 0 0 0 0 0 0 0 0 0 0 0 0 0 0 0 0 0 0 0 0 6 0 0 5 2 4 0 6 3 0 0 0 
0 0 0 0 4 2 0 0 0 0 0 0 0 0 0 0 5 4 0 0 2 0 0 0 2 0 1 0 1 0 1 0 0 0 
0 0 0 0 1 2 0 0 3 0 0 0 0 0 0 0 0 3 0 0 0 0 0 0 0 0 0 0 0 0 0 0 0 0 
0 0 0 0 0 0 0 0 0 0 0 0 0 1 0 0 0 0 0 0 3 0 0 0 0 0 0 0 2 4 2 0 0 0 
0 4 0 0 0 0 0 0 0 0 0 0 4 0 0 0 0 2 0 0 0 0 0 2 4 0 0 0 0 3 1 0 0 0 
0 2 0 2 0 6 2 0 3 0 0 0 2 0 0 0 0 0 0 0 0 0 0 0 0 0 4 6 3 0 0 4 5 0 
0 0 0 0 0 3 1 0 2 0 0 0 4 0 4 0 0 0 0 0 0 0 4 2 0 0 0 0 4 6 0 6 4 0 
4 0 6 0 0 0 0 7 0 6 4 0 0 1 0 0 4 0 6 5 4 0 0 0 0 0 0 0 3 5 1 0 1 0 
0 3 5 0 0 3 1 0 1 4 2 0 0 0 0 0 2 0 5 0 0 0 0 0 0 0 0 0 3 4 2 0 0 0 
0 2 0 2 2 3 0 0 1 0 3 0 5 2 0 0 2 0 5 0 0 0 0 0 0 0 0 0 0 2 0 3 2 0 
0 0 0 0 1 4 3 0 0 0 0 0 4 4 0 0 1 2 3 0 0 0 0 0 0 0 0 0 0 4 4 2 0 0 
0 3 0 5 0 5 0 6 0 4 5 0 0 2 0 0 0 0 0 2 0 0 0 0 3 0 0 0 0 2 0 0 0 0 
0 0 0 3 0 0 2 0 0 1 1 0 0 0 0 0 0 0 0 2 0 0 0 0 0 0 0 0 5 0 5 0 5 0 
0 5 7 0 0 0 0 0 0 0 0 6 0 0 6 5 6 4 0 3 0 0 0 0 0 0 0 0 3 1 0 1 0 0 
0 3 0 2 4 1 1 0 0 4 2 0 3 1 2 4 6 2 0 0 0 0 4 2 3 0 3 0 3 0 5 3 0 0 
0 4 0 2 4 0 0 0 0 5 0 6 6 0 0 0 0 0 5 4 1 0 2 0 0 0 0 0 0 0 0 0 0 0 
0 3 0 0 0 3 0 1 0 0 1 0 3 2 0 0 0 0 4 3 0 0 0 0 0 0 0 0 3 0 2 0 0 0 
0 0 0 0 0 3 0 0 0 4 0 0 3 0 1 0 0 0 5 5 0 0 0 0 0 0 2 0 0 0 0 0 0 0 
0 0 0 2 0 3 3 0 0 3 0 0 4 0 0 0 0 0 1 2 0 0 0 0 0 0 1 0 0 0 0 0 0 0 
0 0 0 2 2 0 4 0 0 3 0 0 0 2 0 0 0 0 0 0 0 5 0 0 0 5 0 6 0 0 0 0 5 0 
0 0 0 1 1 0 3 3 1 0 0 0 6 0 5 0 4 0 0 0 0 4 0 4 3 0 1 5 2 1 0 0 6 5 
0 0 5 0 0 6 0 0 0 6 3 0 4 1 1 2 7 4 2 1 0 5 1 3 3 0 0 3 0 0 2 1 0 2 
0 0 3 2 2 5 0 2 1 5 2 0 4 5 0 0 5 0 0 0 0 4 2 2 1 0 0 3 0 0 5 3 0 2 
6 7 0 0 0 0 0 0 0 0 0 7 0 0 0 0 0 0 0 0 0 0 0 0 0 2 0 2 2 1 0 2 0 0 
3 5 0 0 2 1 0 0 3 0 0 5 0 0 0 0 0 0 0 0 0 0 0 0 0 0 3 0 0 0 4 0 4 3 
400 430
1 18 1 17
1 18 1 19
1 18 4 18
1 19 1 18
1 19 1 20
1 19 2 19
1 19 1 18
1 19 1 20
3 1 3 2
3 1 1 1
3 1 4 1
3 1 3 2
3 1 1 1
3 1 4 1
3 2 3 7
3 2 2 2
3 2 6 2
3 2 3 7
4 3 4 4
4 3 5 3
4 3 4 4
4 3 5 3
4 4 4 7
4 4 7 4
4 12 4 11
4 12 4 13
4 12 3 12
4 12 13 12
5 1 6 1
5 8 5 11
5 8 11 8
5 8 5 11
5 8 11 8
6 7 4 7
6 7 7 7
6 7 4 7
6 7 7 7
7 7 7 5
7 7 8 7
8 3 8 4
8 3 7 3
8 3 14 3
8 7 8 4
8 7 16 7
8 7 8 4
8 7 16 7
9 22 9 25
9 22 8 22
9 22 15 22
9 22 9 25
9 22 8 22
9 22 15 22
10 16 10 17
10 16 1 16
10 16 16 16
11 8 14 8
13 1 6 1
13 1 14 1
13 1 6 1
13 1 14 1
13 12 4 12
13 12 14 12
13 12 14 12
14 8 15 8
14 32 14 31
14 32 3 32
14 32 15 32
15 22 15 23
15 22 23 22
16 7 16 2
16 7 16 9
16 7 20 7
17 18 17 16
17 18 16 18
17 18 18 18
21 28 21 30
21 28 17 28
21 28 22 28
21 32 21 30
21 32 18 32
21 32 28 32
22 1 22 2
22 1 20 1
22 1 23 1
29 33 29 32
29 33 4 33
29 33 30 33
30 2 30 5
30 2 22 2
30 2 31 2
30 16 30 15
30 16 30 17
30 16 29 16
30 16 31 16
31 9 31 8
31 9 31 10
31 9 30 9
31 13 31 12
31 13 31 16
31 13 30 13
32 0 32 1
32 0 16 0
32 0 33 0
32 0 32 1
32 0 16 0
32 0 33 0
32 1 32 11
32 1 25 1
32 1 33 1
33 0 33 1
33 1 33 4
33 1 32 1
33 8 33 5
33 8 33 11
33 8 33 11
1 17 1 16
1 17 2 17
1 17 1 16
2 5 2 3
2 5 2 6
2 5 1 5
2 7 2 9
2 7 1 7
2 7 3 7
2 17 4 17
4 17 4 18
4 17 6 17
4 17 4 18
4 17 6 17
4 18 4 21
4 33 3 33
4 33 29 33
4 33 3 33
5 1 6 1
6 1 6 2
6 2 16 2
6 2 16 2
7 5 7 4
8 4 8 3
8 4 10 4
8 4 8 3
8 4 10 4
8 23 8 22
8 23 8 24
8 23 7 23
8 23 8 22
8 23 8 24
8 23 7 23
8 24 8 27
8 24 7 24
10 4 10 5
10 4 11 4
10 5 11 5
11 5 14 5
13 17 11 17
14 3 14 5
14 5 14 6
14 5 15 5
14 8 15 8
15 12 15 14
15 12 18 12
15 12 15 14
15 12 18 12
15 14 1 14
15 14 22 14
16 0 16 2
16 0 1 0
16 13 18 13
16 18 16 16
16 18 16 19
16 18 17 18
16 18 16 16
16 18 16 19
20 29 19 29
22 14 22 11
22 14 22 15
22 14 23 14
22 14 22 11
22 14 22 15
24 1 23 1
24 1 25 1
24 1 23 1
24 1 25 1
31 5 31 4
31 5 31 7
31 5 30 5
31 9 31 10
31 9 30 9
31 12 31 13
31 12 30 12
31 12 31 13
31 16 31 21
31 16 30 16
32 1 32 11
32 11 32 25
32 11 24 11
32 11 33 11
33 1 33 4
0 0 0 1
0 1 0 21
0 1 1 1
0 1 0 21
1 1 1 2
1 1 1 2
1 2 1 3
1 2 2 2
1 16 1 15
2 2 2 3
2 5 1 5
3 33 3 32
3 33 2 33
4 25 4 23
4 25 4 26
4 25 1 25
12 13 4 13
13 17 11 17
14 5 14 6
14 5 15 5
15 5 15 6
16 16 10 16
19 12 19 13
19 12 18 12
19 12 19 13
19 12 18 12
19 13 18 13
19 13 20 13
20 13 20 10
20 29 19 29
22 1 22 2
22 1 20 1
22 11 22 2
22 11 24 11
22 11 22 2
22 11 24 11
24 11 24 9
24 11 24 12
24 11 32 11
24 12 24 18
24 12 23 12
24 12 25 12
24 12 24 18
24 12 23 12
29 8 29 7
29 12 29 14
29 12 27 12
29 12 30 12
29 12 29 14
29 12 27 12
29 12 30 12
30 9 30 5
30 9 30 10
30 9 28 9
30 9 30 5
30 10 25 10
30 17 30 16
30 17 30 18
30 17 30 16
31 7 31 5
31 16 31 21
31 21 31 22
31 21 30 21
1 3 1 4
1 33 1 32
1 33 1 32
2 5 1 5
4 13 4 12
4 13 2 13
5 11 4 11
10 16 10 17
11 17 10 17
18 12 18 10
19 29 19 30
19 29 18 29
20 5 20 3
20 5 20 7
20 5 19 5
20 7 20 5
20 7 20 9
20 7 16 7
20 7 20 9
23 10 23 9
23 12 23 13
23 14 23 15
23 15 23 16
23 15 22 15
23 15 23 16
23 16 23 17
23 16 22 16
23 16 23 17
23 16 22 16
23 22 23 23
23 22 24 22
23 22 23 23
27 12 27 18
27 12 26 12
28 13 28 21
29 16 29 14
29 16 29 21
29 16 29 14
30 5 30 2
30 5 27 5
30 15 30 14
30 18 30 19
30 21 30 22
30 21 29 21
30 21 29 21
30 21 29 21
31 5 31 4
31 22 31 23
1 32 1 31
1 32 0 32
1 32 2 32
1 32 1 31
4 7 4 11
4 7 3 7
4 12 3 12
10 17 10 20
22 16 22 15
22 16 22 17
22 16 19 16
22 16 22 15
22 17 22 19
22 17 19 17
22 17 22 19
23 10 23 9
24 22 24 20
26 18 26 14
26 18 26 19
26 18 25 18
28 13 28 21
28 21 28 25
29 23 29 24
29 23 30 23
29 23 29 24
29 23 30 23
31 3 31 2
0 32 0 21
2 7 2 9
2 7 1 7
2 12 2 11
4 21 4 22
4 21 4 22
6 15 3 15
16 20 16 19
16 20 12 20
16 20 16 19
16 20 12 20
19 17 19 18
19 18 18 18
23 9 23 6
23 9 24 9
26 12 25 12
26 18 26 19
26 18 25 18
28 21 28 25
31 3 31 2
1 7 1 14
1 14 1 15
1 15 2 15
2 11 2 10
4 21 4 22
4 21 4 22
4 22 4 23
4 22 1 22
12 20 10 20
16 19 20 19
19 18 18 18
20 19 21 19
21 19 22 19
24 19 24 18
24 19 25 19
24 19 24 18
24 19 25 19
26 12 25 12
30 2 22 2
1 22 1 23
1 22 1 23
2 23 2 24
2 23 1 23
2 23 4 23
2 23 2 24
3 24 2 24
7 23 7 22
7 23 7 24
8 20 8 17
8 20 7 20
8 20 7 20
22 2 17 2
24 18 25 18
25 13 25 18
1 24 1 25
1 24 1 25
4 25 4 26
7 17 6 17
7 22 6 22
20 1 18 1
4 25 4 26
4 26 4 27
4 26 1 26
4 26 5 26
6 19 6 20
6 19 5 19
6 19 6 20
6 19 5 19
6 22 6 20
6 22 6 26
6 22 6 26
7 24 7 26
18 1 17 1
1 26 1 27
4 27 4 28
4 27 5 27
5 19 5 20
5 20 5 24
5 26 5 24
5 26 5 27
5 26 5 27
7 24 7 26
7 27 7 28
17 1 17 2
17 1 17 2
4 27 4 28
7 27 7 28
4 27 4 28
4 28 4 29
4 28 1 28
4 28 5 28
7 27 7 28
1 28 1 30
1 28 1 30

7125

1 4 = = = = = = = = = = = = = = = = = = = 3 - - - - - - - - - - 2   
1 5 4 2 1 3   3 - - - - - - 3 3 4 4 5 6 2   3 3 2 3 2 1 3 = 3 3 6 2 
| ǁ 3 2 - 5 1 5 = 3 2 2 1 1 | 1 | 2 | 3 1   | 5 3 | |   | 2     3 1 
| 6 6 = = = = 4   1 1   2 | | 1 | | | 2 2   | | 1 | |   |   2 2 5 4 
| 2 | 4 4 - - 5 - - - 3 7 4 | | | 5 4 - - 5 6 3 - 5 6 5 6 5 3   | 4 
| 2 | 2 |     ǁ 4 = = 3 ǁ | | | | ǁ   3 3 - - - 2 - 4 3 2 1 1   | ǁ 
| 5 6   |     4 ǁ 1 3   ǁ | | 2 | 3   4 3 - 4 = = = 2         3 | ǁ 
| ǁ ǁ 3 2 2 - 4 ǁ 2     ǁ | |   | 1     2   2 4 5 = 2 3 4 4 2   | ǁ 
| ǁ ǁ 5 7 = = 5 ǁ       ǁ | |   | 1 - - 3   4 6 4 - - 1 1       | ǁ 
| ǁ ǁ | ǁ     ǁ ǁ       ǁ | |   |           6 = = 5 2 4   6 3   | ǁ 
| ǁ ǁ | 4 2   ǁ ǁ       ǁ | |   5 4 - - 2   ǁ   2   1   1   1   | ǁ 
| ǁ ǁ | 1 2   ǁ 3       ǁ | |   ǁ 3     |   ǁ                   | ǁ 
| ǁ ǁ |   |   ǁ |       ǁ 1 |   ǁ ǁ     3   ǁ           2 4 2   | ǁ 
| 4 ǁ |   |   ǁ |       4   |   ǁ 2     ǁ   ǁ 2 4         3 1   | ǁ 
| 2 ǁ 2 - 6 2 ǁ 3       2   |   ǁ       ǁ   ǁ       4 6 3     4 5 ǁ 
|   ǁ     3 1 ǁ 2       4 = 4   ǁ       ǁ   4 2         4 6   6 4 ǁ 
4 - 6 - - - - 7 - 6 4   ǁ 1 |   4 = 6 5 4   |           3 5 1   1 ǁ 
ǁ 3 5     3 1 ǁ 1 4 2   ǁ | |   2 - 5 |     |           3 4 2     ǁ 
ǁ 2 | 2 2 3   ǁ 1   3 - 5 2 |   2   5 |     |           | 2   3 2 ǁ 
ǁ | |   1 4 3 ǁ         4 4 |   1 2 3 |     |           | 4 4 2 | ǁ 
ǁ 3 | 5 - 5 = 6 = 4 5 - - 2 |   | |   2     |   3       | 2     | ǁ 
ǁ ǁ | 3     2     1 1       |   | |   2     |           5 - 5 - 5 ǁ 
ǁ 5 7 = = = = = = = = 6 = = 6 5 6 4 = 3     |           3 1   1 | ǁ 
ǁ 3 ǁ 2 4 1 1 - - 4 2 ǁ 3 1 2 4 6 2         4 2 3   3   3   5 3 | ǁ 
ǁ 4 ǁ 2 4         5 - 6 6 = = = = = 5 4 1 - 2                   | ǁ 
ǁ 3 ǁ     3   1     1 ǁ 3 2 - - - - 4 3                 3   2   | ǁ 
ǁ | ǁ     3       4 | ǁ 3   1 - - - 5 5             2           | ǁ 
ǁ | ǁ 2   3 3     3 | ǁ 4 - - - - - 1 2             1           | ǁ 
ǁ | ǁ 2 2 | 4     3 | ǁ ǁ 2 = = = = = = = 5 = = = 5   6         5 ǁ 
ǁ | ǁ 1 1 | 3 3 1 | | ǁ 6 = 5 = 4 - - - - 4   4 3   1 5 2 1     6 5 
ǁ | 5 = = 6 = = = 6 3 ǁ 4 1 1 2 7 4 2 1   5 1 3 3     3     2 1   2 
ǁ | 3 2 2 5 = 2 1 5 2 ǁ 4 5 - - 5 = = = = 4 2 2 1     3     5 3   2 
6 7 = = = = = = = = = 7 - - - - - - - - - - - - - 2   2 2 1   2     
3 5 = = 2 1 - - 3 = = 5                             3       4   4 3 
