34 34
2 3 0 0 0 0 0 0 0 0 0 0 0 0 0 0 0 0 0 0 0 0 0 2 2 3 0 3 0 0 1 1 2 1 
0 0 2 0 0 0 0 0 0 0 0 0 0 0 0 0 3 2 2 1 4 5 2 0 1 0 1 1 2 2 2 0 5 5 
0 0 3 0 0 0 0 0 0 0 0 0 0 0 1 0 0 2 0 1 0 2 1 0 0 0 2 2 0 2 1 0 3 3 
0 0 1 1 0 4 0 0 0 0 2 0 0 0 0 0 0 1 0 4 5 0 0 5 0 6 0 5 4 0 0 0 2 0 
0 0 2 0 0 4 0 0 0 0 0 0 0 0 0 0 5 0 3 1 1 2 1 0 0 3 1 1 1 0 0 0 1 0 
0 0 0 1 1 0 2 0 1 0 1 0 2 3 3 0 0 0 0 2 0 5 2 0 2 0 0 0 0 5 6 0 3 0 
0 0 2 2 0 0 0 1 0 2 0 0 3 0 1 2 0 0 0 1 1 0 3 0 0 2 0 4 1 0 0 1 2 0 
0 0 2 0 3 0 3 0 0 1 2 1 0 0 1 0 0 2 0 2 3 0 0 0 4 3 1 0 2 0 0 0 1 0 
0 0 3 1 0 0 0 2 0 0 3 1 0 0 0 0 0 0 0 0 3 0 2 0 1 2 2 0 0 0 5 3 1 0 
0 0 1 1 0 0 0 3 0 0 0 0 5 4 6 3 0 3 0 0 2 0 1 0 1 4 0 6 4 0 4 2 0 0 
0 0 3 3 0 0 0 0 0 0 0 0 3 2 3 1 0 0 0 0 0 0 0 0 1 1 0 0 1 0 0 0 0 0 
1 0 0 0 0 0 0 0 2 0 0 0 3 1 2 1 0 0 0 3 0 6 2 0 0 0 0 0 1 0 4 3 0 0 
2 0 0 0 0 0 3 4 0 0 0 0 5 3 3 1 0 2 0 3 2 0 0 0 0 0 0 0 0 0 1 1 0 0 
0 0 0 0 0 0 0 0 0 0 0 0 0 0 0 0 0 0 0 1 1 0 0 0 3 0 0 5 2 0 0 0 0 0 
0 0 2 0 0 0 0 0 0 0 0 0 0 1 0 0 0 4 6 5 2 0 2 0 0 0 0 0 2 0 0 0 0 0 
0 0 0 0 0 0 0 0 0 0 0 0 0 0 0 0 0 2 0 4 0 0 0 0 0 1 0 6 5 0 0 0 0 0 
0 0 0 0 0 0 0 0 0 0 0 0 0 0 2 2 0 1 0 2 0 0 0 0 0 0 0 0 1 0 0 0 0 0 
5 5 0 4 2 0 0 0 1 0 0 0 5 0 2 1 0 3 6 0 0 5 4 0 0 0 0 3 1 0 0 0 2 0 
0 0 0 0 0 0 0 0 0 0 0 0 1 1 3 2 0 2 2 0 0 1 1 0 0 0 0 0 0 0 0 0 0 0 
0 0 2 0 1 2 0 4 0 0 0 0 0 0 0 0 4 0 0 0 0 0 0 5 5 0 0 0 0 5 0 0 3 0 
0 0 0 0 0 0 0 2 3 4 2 1 1 3 1 0 0 2 0 3 1 0 0 2 0 1 0 2 1 0 3 1 0 0 
1 0 0 0 0 0 0 1 1 0 1 3 0 5 0 0 6 0 0 5 0 0 2 2 0 1 0 5 2 0 4 3 0 0 
0 0 0 0 0 0 0 4 0 5 0 0 0 0 4 1 0 1 0 0 2 2 1 0 0 2 0 0 1 0 0 4 0 3 
0 0 0 0 0 2 0 0 1 0 2 1 1 0 0 1 0 0 0 0 0 2 1 1 0 0 0 0 0 0 0 2 0 2 
1 0 0 0 0 1 2 0 3 4 4 3 2 0 2 2 2 3 0 5 5 4 3 2 0 4 0 5 0 0 0 2 0 1 
0 0 0 0 0 1 0 0 1 1 1 3 0 0 0 2 0 1 2 5 0 0 4 2 0 1 0 0 0 0 0 0 0 0 
4 6 4 0 0 0 0 4 0 0 0 0 0 0 0 0 0 0 0 0 0 0 0 0 4 0 0 6 3 0 0 3 0 0 
0 0 0 0 0 2 0 4 0 1 2 0 0 0 1 0 4 0 0 0 0 0 0 0 6 0 3 2 1 0 0 0 0 0 
0 1 0 0 0 0 0 0 1 0 4 0 0 0 0 0 4 2 0 0 0 1 0 0 3 1 1 1 1 0 0 4 7 4 
1 1 0 5 7 3 3 3 0 0 0 0 0 0 0 0 0 0 0 0 0 0 0 0 0 0 0 4 2 0 0 0 0 1 
3 1 1 2 4 1 0 3 0 0 0 0 0 0 0 0 0 4 0 0 0 0 0 0 0 0 0 0 0 5 3 3 0 0 
0 0 0 0 3 2 0 0 1 2 0 0 0 3 0 3 1 5 0 0 0 0 0 0 3 0 0 3 2 0 1 0 3 1 
4 0 0 0 0 0 3 2 0 0 0 0 0 0 0 2 0 3 0 0 3 0 0 1 0 0 0 1 1 3 3 4 2 1 
1 2 0 0 0 0 0 0 0 0 0 0 0 0 0 0 0 0 0 0 3 0 0 0 0 0 0 0 0 0 0 3 2 1 
400 67
1 21 1 20
1 21 1 22
1 21 2 21
1 33 1 32
1 33 0 33
1 33 2 33
15 28 15 27
15 28 14 28
15 28 16 28
17 0 17 1
17 0 12 0
17 0 21 0
25 19 25 18
25 19 25 22
25 19 24 19
26 0 26 1
26 0 24 0
26 0 29 0
26 0 26 1
26 1 26 2
26 1 17 1
26 1 28 1
26 1 26 2
28 32 28 31
28 32 28 33
28 32 19 32
28 32 31 32
28 33 28 32
28 33 24 33
28 33 29 33
29 4 29 3
29 4 29 5
29 4 19 4
29 4 30 4
30 0 30 1
30 0 32 0
30 0 32 0
32 0 32 6
32 0 33 0
33 1 33 20
33 1 33 20
1 33 1 32
1 33 2 33
15 28 15 27
15 28 14 28
17 0 17 1
17 0 12 0
23 33 22 33
24 20 24 19
24 20 24 21
24 20 22 20
26 2 19 2
26 2 30 2
29 4 29 3
29 4 29 5
29 4 30 4
15 27 15 25
15 27 13 27
15 27 17 27
15 27 13 27
19 2 14 2
22 33 2 33
22 33 23 33
17 1 0 1
11 0 0 0
17 1 0 1
0 0 0 1

4323

2 3                                           2 2 3   3     1 1 2 1 
| ǁ 2                           3 2 2 1 4 5 2   1   1 1 2 2 2   5 5 
| ǁ 3                       1     2   1   2 1       2 2   2 1   3 3 
| ǁ 1 1   4         2             1   4 5     5   6   5 4       2 | 
| ǁ 2     4                     5   3 1 1 2 1     3 1 1 1       1 | 
| ǁ   1 1   2   1   1   2 3 3         2   5 2   2         5 6   3 | 
| ǁ 2 2       1   2     3   1 2       1 1   3     2   4 1     1 2 | 
| ǁ 2   3   3     1 2 1     1     2   2 3       4 3 1   2       1 | 
| ǁ 3 1       2     3 1                 3   2   1 2 2       5 3 1 | 
| ǁ 1 1       3         5 4 6 3   3     2   1   1 4   6 4   4 2   | 
| ǁ 3 3                 3 2 3 1                 1 1     1         | 
1 ǁ             2       3 1 2 1       3   6 2           1   4 3   | 
2 ǁ         3 4         5 3 3 1   2   3 2                   1 1   | 
ǁ ǁ                                   1 1       3     5 2         | 
ǁ ǁ 2                     1       4 6 5 2   2         ǁ 2         | 
ǁ ǁ |                             2   4           1 - 6 5         | 
ǁ ǁ |                       2 2   1   2               | 1         | 
5 5 | 4 2       1       5   2 1   3 6     5 4         3 1       2 | 
| | |                   1 1 3 2   2 2     1 1                     | 
| | 2   1 2   4                 4             5 5         5     3 | 
| | |   |     2 3 4 2 1 1 3 1     2   3 1     2   1   2 1   3 1 | | 
1 | |   |     1 1   1 3   5     6     5     2 2   1   5 2   4 3 | | 
  | |   |     4   5         4 1   1     2 2 1     2     1     4 | 3 
  | |   | 2     1   2 1 1     1         | 2 1 1               2 | 2 
1 | |   | 1 2   3 4 4 3 2   2 2 2 3   5 5 4 3 2   4   5       2 | 1 
| | |   | 1     1 1 1 3       2   1 2 5 - - 4 2   1             | | 
4 6 4   |     4                                 4     6 3     3 | | 
| | |   | 2   4   1 2       1   4               6   3 2 1       | | 
| 1 |   |       1   4           4 2       1     3 1 1 1 1     4 7 4 
1 1 | 5 7 3 3 3                                       4 2       | 1 
3 1 1 2 4 1   3                   4                       5 3 3 |   
ǁ       3 2     1 2       3   3 1 5             3     3 2   1   3 1 
4 - - - - - 3 2               2   3     3     1       1 1 3 3 4 2 1 
1 2 = = = = = = = = = = = = = = = = = = 3                     3 2 1 
