34 34
4 3 0 0 3 2 0 6 2 1 0 0 5 4 2 2 0 0 0 0 0 0 0 0 0 0 0 0 0 0 3 2 3 2 
4 2 4 0 7 2 3 5 0 0 0 0 6 0 0 0 0 0 0 0 0 0 0 0 0 0 0 0 0 0 4 6 5 2 
0 0 3 1 0 1 2 3 0 0 3 1 4 0 0 0 0 4 2 0 1 4 0 0 0 0 5 5 4 2 0 4 6 4 
0 3 0 0 7 0 0 0 0 0 0 0 0 0 0 0 0 0 0 0 5 7 0 0 0 5 2 2 1 0 0 4 5 4 
0 3 1 0 0 1 2 2 0 0 0 1 0 0 0 0 4 1 2 0 3 2 0 0 0 2 0 0 0 0 0 0 3 4 
0 6 0 0 6 1 0 4 0 0 0 0 0 0 0 0 8 0 0 0 0 0 0 0 0 0 0 0 0 0 7 4 4 3 
6 8 3 0 0 2 5 0 0 0 0 0 0 0 0 3 2 4 0 0 0 0 0 0 0 6 0 0 6 2 0 2 1 0 
0 0 0 0 0 1 0 0 0 0 0 0 0 1 0 4 0 4 0 0 0 0 2 0 0 4 2 1 0 1 0 0 0 0 
0 0 0 0 0 2 7 0 0 0 0 0 0 0 0 0 0 0 0 0 0 0 0 0 0 0 0 0 7 4 0 0 3 3 
0 0 0 0 0 0 0 3 2 2 2 5 0 4 3 2 3 4 0 0 3 2 0 2 1 3 3 2 0 0 0 0 0 2 
0 3 2 0 0 3 0 0 1 4 1 3 1 0 1 1 0 2 0 3 0 0 0 4 5 4 0 0 0 3 0 0 0 4 
0 2 4 0 0 3 0 6 0 7 0 0 0 7 4 1 0 1 4 0 4 4 4 0 0 3 0 0 0 0 0 0 0 0 
0 0 3 1 0 1 0 3 1 3 0 3 1 0 2 1 0 0 2 0 0 0 2 0 0 3 0 0 0 3 0 0 0 0 
4 0 0 0 5 0 6 0 0 0 0 0 0 5 0 0 6 0 0 0 5 3 1 0 0 0 0 0 0 0 0 0 4 4 
0 3 4 2 0 1 0 3 4 0 0 2 2 3 1 0 5 4 2 1 4 3 2 0 0 2 3 0 0 2 0 0 0 1 
0 3 5 3 0 3 6 7 5 3 0 4 0 5 0 0 0 0 0 0 0 0 0 5 4 1 0 0 0 0 0 0 0 0 
0 1 0 1 0 0 0 0 3 0 0 2 2 0 0 0 0 0 0 0 0 0 0 0 4 0 6 3 0 3 0 0 0 3 
0 3 6 2 0 2 0 0 0 0 0 0 0 0 0 0 0 0 0 0 0 0 0 0 0 1 0 1 0 0 0 0 0 0 
0 1 0 2 0 3 0 0 0 2 0 3 3 0 0 0 0 0 0 0 0 0 0 0 3 0 0 0 0 0 0 0 0 0 
3 0 7 4 0 0 0 0 0 2 0 3 0 0 0 0 3 0 0 1 0 0 0 0 3 2 0 2 4 4 0 0 0 0 
0 1 0 1 0 0 0 0 5 0 5 3 0 0 0 0 0 0 0 0 0 0 0 0 2 1 0 2 3 1 0 0 0 0 
0 0 0 0 0 3 0 0 3 4 3 3 0 0 0 0 0 0 0 0 0 0 0 3 0 0 5 0 5 3 0 0 0 0 
3 0 0 2 0 0 0 4 4 7 0 5 0 0 2 0 7 0 0 0 0 0 0 5 3 3 4 2 4 3 0 0 0 0 
3 4 0 0 0 0 0 0 0 3 0 0 0 0 2 0 0 0 0 1 1 0 0 4 3 4 2 0 1 0 0 0 0 0 
2 4 0 2 0 0 0 2 3 2 0 0 0 0 0 0 0 0 0 0 2 0 0 6 2 1 0 3 0 4 0 0 0 0 
0 2 0 0 0 0 0 0 0 0 0 0 0 0 3 0 4 2 0 6 0 0 0 0 0 0 0 0 0 6 0 0 0 0 
4 0 6 2 0 3 6 0 0 0 0 5 3 0 0 0 0 0 0 2 0 0 0 0 0 0 0 0 0 3 0 0 0 0 
1 0 3 1 0 1 4 4 2 1 1 2 2 0 0 0 0 0 0 0 0 0 0 0 0 0 0 0 0 0 0 0 0 0 
3 0 0 0 5 0 0 0 0 4 2 3 3 0 0 0 0 0 0 0 0 0 0 0 0 0 0 0 0 0 0 0 0 0 
4 0 4 0 4 0 0 0 0 0 0 0 0 5 0 0 0 0 0 0 0 0 0 0 0 0 0 0 0 0 6 6 7 6 
2 0 4 2 0 2 0 0 0 0 0 0 0 4 2 0 0 0 0 0 0 0 0 0 0 4 0 0 4 2 0 0 4 4 
1 2 0 0 6 0 0 0 0 0 0 0 0 0 0 0 0 0 0 0 0 0 0 0 0 6 0 2 4 3 6 0 2 1 
3 5 2 2 7 0 0 0 0 0 0 0 0 0 0 0 3 1 0 0 0 0 0 0 0 5 0 1 4 0 3 3 5 2 
4 6 3 1 4 0 0 0 2 1 0 2 0 0 0 0 4 0 0 0 0 0 0 3 3 6 2 2 3 1 0 4 3 0 
400 333
0 0 0 1
0 0 1 0
0 0 0 1
0 0 1 0
0 7 0 5
0 7 0 8
0 7 1 7
0 7 0 5
0 7 0 8
0 7 1 7
0 12 0 9
0 12 0 13
0 12 1 12
1 0 1 1
1 0 6 0
1 4 1 2
1 4 1 5
1 4 0 4
1 4 3 4
2 26 2 21
2 26 2 27
2 26 3 26
3 21 3 20
3 21 3 25
3 21 2 21
3 21 4 21
4 16 4 11
4 16 4 17
4 16 5 16
4 16 5 16
5 1 5 4
5 1 4 1
5 1 6 1
5 1 5 4
5 1 4 1
5 1 6 1
5 4 5 5
5 4 3 4
5 4 13 4
5 4 3 4
5 16 5 7
5 16 5 30
5 16 6 16
6 1 6 0
6 1 6 2
6 1 10 1
6 25 6 17
6 25 6 28
6 25 7 25
6 25 6 17
6 25 6 28
6 25 7 25
6 28 6 29
6 28 8 28
6 28 6 29
6 28 8 28
7 29 8 29
8 6 8 5
8 6 8 28
8 6 6 6
8 6 13 6
9 11 9 10
9 11 9 13
9 11 10 11
11 7 11 9
11 7 9 7
11 7 12 7
11 7 11 9
11 7 9 7
11 7 12 7
11 9 11 13
11 9 10 9
11 9 12 9
15 7 15 6
15 7 15 8
15 7 14 7
15 7 22 7
19 2 19 0
19 2 19 3
19 2 17 2
19 2 26 2
20 1 23 1
20 8 20 10
20 8 16 8
20 8 21 8
22 9 22 8
22 9 22 11
22 9 21 9
22 9 23 9
22 16 22 14
22 16 22 23
22 16 19 16
22 16 25 16
23 1 23 0
23 1 24 1
23 1 23 0
24 1 24 0
24 1 25 1
24 1 24 0
25 1 31 1
25 29 25 19
25 29 24 29
25 29 26 29
25 29 25 19
25 29 24 29
25 29 26 29
26 0 27 0
26 2 26 3
26 2 19 2
26 2 27 2
26 2 26 3
26 2 27 2
28 0 29 0
28 4 28 9
28 4 13 4
28 4 29 4
29 0 28 0
29 0 30 0
29 0 28 0
29 32 29 31
29 32 29 33
29 32 13 32
29 32 30 32
29 33 29 32
29 33 16 33
29 33 30 33
29 33 29 32
29 33 16 33
30 0 31 0
30 33 30 32
30 33 31 33
30 33 30 32
32 4 32 3
32 4 32 16
32 4 31 4
32 4 33 4
32 33 32 32
32 33 32 32
33 0 33 1
33 0 32 0
33 0 33 1
33 0 32 0
33 1 33 2
33 1 32 1
33 25 33 24
33 25 33 26
33 25 32 25
33 25 33 24
33 25 33 26
33 25 32 25
0 12 0 13
0 12 1 12
0 13 0 14
1 12 1 7
1 12 1 30
1 12 2 12
1 12 1 7
2 3 2 2
2 12 2 11
2 12 2 17
2 12 2 17
2 17 2 18
2 17 2 18
4 18 4 20
5 7 5 16
5 7 4 7
5 7 4 7
5 16 5 30
5 16 6 16
5 30 5 31
5 30 1 30
5 30 29 30
6 0 6 1
6 0 13 0
6 0 6 1
6 0 13 0
6 17 7 17
6 17 7 17
7 13 7 15
7 15 7 17
7 15 6 15
7 15 7 17
7 22 7 25
7 25 7 22
7 26 7 27
8 29 8 28
8 29 10 29
8 29 8 28
9 7 9 8
10 33 9 33
10 33 13 33
10 33 9 33
10 33 13 33
13 0 13 4
13 0 19 0
13 33 13 32
13 33 14 33
18 1 17 1
23 0 22 0
24 3 22 3
24 23 24 20
24 23 24 24
24 23 23 23
24 23 24 20
24 23 24 24
24 23 23 23
24 29 24 27
24 29 22 29
25 19 25 17
25 19 23 19
25 19 26 19
25 19 25 17
32 0 32 1
33 1 33 2
33 1 32 1
33 24 33 23
0 13 0 14
0 15 0 30
2 10 2 7
2 29 2 28
4 18 4 20
6 15 6 6
12 3 12 2
13 32 8 32
13 32 29 32
22 0 19 0
23 20 23 23
23 23 23 24
24 3 22 3
29 31 29 30
29 31 6 31
29 31 32 31
29 31 29 30
29 31 6 31
30 32 31 32
31 30 31 29
31 30 29 30
31 30 32 30
31 30 31 29
31 30 29 30
31 30 32 30
31 32 32 32
33 23 33 16
0 15 0 30
2 10 2 7
2 29 2 28
6 15 6 6
12 2 11 2
19 2 19 3
19 2 17 2
19 3 18 3
19 3 20 3
33 23 33 16
2 28 2 27
2 28 3 28
12 2 11 2
17 2 17 1
17 2 17 3
17 2 15 2
17 2 17 1
18 3 17 3
33 16 33 11
33 16 32 16
2 27 2 26
2 27 3 27
11 2 11 1
11 2 10 2
16 1 15 1
16 3 15 3
33 11 33 9
2 27 2 26
3 27 3 26
6 2 6 1
6 2 10 2
10 1 11 1
33 8 33 4
2 21 2 20
2 21 3 21
3 25 3 21
3 25 4 25
3 25 4 25
33 8 33 4
33 4 33 3
32 4 32 3
32 4 32 16
32 4 31 4
32 17 32 25
33 2 32 2
25 16 25 14
25 16 22 16
25 16 25 14
31 4 31 1
31 4 31 25
31 4 29 4
31 4 31 25
31 25 31 27
31 25 30 25
31 25 32 25
31 25 31 27
32 1 32 2
32 25 32 27
33 27 33 28
33 27 33 28
30 2 30 3
30 2 29 2
30 2 30 3
30 2 29 2
30 5 30 13
30 25 30 14
30 25 30 28
30 25 30 14
30 28 30 29
30 28 31 28
30 28 30 29
31 28 31 29
31 28 32 28
31 28 32 28
32 28 32 30
32 28 33 28
33 29 33 31
33 31 33 32
33 31 32 31
33 31 33 32
33 32 32 32
25 14 23 14
26 29 26 19
27 3 27 2
29 2 29 4
30 5 30 13
30 13 29 13
30 13 29 13
32 31 32 32
29 2 29 4

5754

4 3     3 2 = 6 2 1 - - 5 4 2 2 = = = = = = = = = = = = = = 3 2 3 2 
4 2 4 - 7 2 3 5 = = = = 6 - - - - - - - - - - - - - - - - - 4 6 5 2 
|   3 1 | 1 2 3 = = 3 1 4 = = = = 4 2   1 4 - - - - 5 5 4 2 | 4 6 4 
| 3     7                               5 7 = = = 5 2 2 1   | 4 5 4 
| 3 1   ǁ 1 2 2       1 - - - - 4 1 2 = 3 2       2         |   3 4 
| 6 = = 6 1   4 = = = = = = = = 8 = = = = = = = = = = = = = 7 4 4 3 
6 8 3   | 2 5 = = = = = = = = 3 2 4 = = = = = = = 6 = = 6 2 | 2 1   
ǁ | |   | 1 |             1 - 4 = 4         2 = = 4 2 1 ǁ 1 | ǁ     
ǁ | |   | 2 7 - - - - - - - - - - - - - - - - - - - - - 7 4 | ǁ 3 3 
ǁ | |   |   | 3 2 2 2 5 - 4 3 2 3 4     3 2   2 1 3 3 2   | | ǁ | 2 
ǁ 3 2   | 3 | ǁ 1 4 1 3 1   1 1   2   3       4 5 4       3 | ǁ | 4 
ǁ 2 4   | 3 | 6 = 7 - - - 7 4 1   1 4   4 4 4     3         | ǁ | ǁ 
ǁ   3 1 | 1 | 3 1 3   3 1   2 1     2       2     3       3 | ǁ | ǁ 
4 - - - 5   6             5     6       5 3 1               | ǁ 4 4 
| 3 4 2 | 1   3 4     2 2 3 1   5 4 2 1 4 3 2     2 3     2 | ǁ ǁ 1 
| 3 5 3 | 3 6 7 5 3   4   5                   5 4 1         | ǁ ǁ   
| 1 | 1 |     | 3     2 2                       4   6 3   3 | ǁ ǁ 3 
| 3 6 2 | 2   | |                                 1   1     | ǁ ǁ ǁ 
| 1 ǁ 2 | 3   | | 2   3 3                       3           | ǁ ǁ ǁ 
3 - 7 4 |     | | 2   3         3     1         3 2   2 4 4 | ǁ ǁ ǁ 
| 1 ǁ 1 |     | 5 - 5 3         |               2 1   2 3 1 | ǁ ǁ ǁ 
| | ǁ   | 3   | 3 4 3 3         |             3     5   5 3 | ǁ ǁ ǁ 
3 | ǁ 2 |     4 4 7 - 5     2 - 7 - - - - - - 5 3 3 4 2 4 3 | ǁ ǁ ǁ 
3 4 ǁ ǁ |         3         2   ǁ     1 1 - - 4 3 4 2   1 | | ǁ ǁ ǁ 
2 4 ǁ 2 |     2 3 2         |   ǁ     | 2 = = 6 2 1   3 - 4 | ǁ ǁ ǁ 
  2 ǁ   |                   3 = 4 2 = 6 = = = = = = = = = 6 | ǁ ǁ ǁ 
4 | 6 2 | 3 6         5 3             2 - - - - - - - - - 3 | ǁ ǁ ǁ 
1 | 3 1 | 1 4 4 2 1 1 2 2                                   | ǁ ǁ ǁ 
3 |     5 - - - - 4 2 3 3                                   | ǁ ǁ ǁ 
4 | 4 = 4                 5                                 6 6 7 6 
2 | 4 2 | 2 = = = = = = = 4 2 = = = = = = = = = = 4 - - 4 2 ǁ | 4 4 
1 2 - - 6 = = = = = = = = = = = = = = = = = = = = 6 = 2 4 3 6 | 2 1 
3 5 2 2 7 = = = = = = = = = = = 3 1 - - - - - - - 5 - 1 4 - 3 3 5 2 
4 6 3 1 4 = = = 2 1 - 2 - - - - 4 = = = = = = 3 3 6 2 2 3 1 - 4 3   
