34 34
2 1 0 0 0 0 0 0 0 0 0 0 2 0 3 3 4 3 1 4 0 5 0 0 0 0 5 0 0 0 0 0 4 2 
5 0 0 0 0 0 0 0 0 0 0 0 0 0 4 0 4 0 0 1 2 5 0 0 0 0 4 1 0 0 0 0 0 0 
5 0 3 3 0 0 0 0 3 0 0 0 1 0 0 1 0 4 0 0 0 0 0 0 0 0 0 0 0 0 0 0 7 6 
4 0 0 0 0 0 0 0 0 0 0 0 0 0 0 3 0 2 0 0 1 1 0 0 3 0 0 0 0 4 2 2 0 4 
4 0 0 0 0 0 0 0 6 2 0 0 2 0 0 0 0 1 0 0 0 0 0 0 3 0 0 1 0 0 1 0 0 0 
0 2 0 3 0 0 3 0 0 0 0 0 0 0 0 5 6 0 0 0 0 0 0 0 0 0 0 0 0 5 5 4 0 0 
4 0 0 0 4 3 4 0 5 0 2 0 4 0 3 3 3 0 3 3 4 0 4 0 0 3 1 2 2 0 0 0 0 0 
0 0 0 0 1 0 0 0 0 0 0 0 0 0 0 3 3 2 2 0 3 0 3 2 0 0 2 0 0 0 0 0 0 0 
4 0 0 0 0 0 0 0 0 0 0 0 0 0 0 0 0 0 0 8 0 0 0 7 2 0 0 0 0 0 0 1 0 0 
0 1 0 3 0 1 0 0 1 0 0 4 0 0 0 0 1 0 0 0 2 4 0 5 1 3 6 4 5 0 0 1 0 0 
0 4 0 6 0 0 0 0 0 0 0 7 0 6 3 2 0 6 2 0 2 0 0 5 2 0 5 2 3 0 4 2 0 0 
0 5 2 0 1 0 0 0 0 0 0 0 3 5 0 0 0 0 0 0 2 2 0 4 2 0 3 1 0 0 2 1 0 0 
0 4 1 0 0 0 0 0 0 0 0 0 3 3 0 0 0 0 0 0 3 0 0 0 0 5 0 0 0 5 0 0 6 5 
0 0 1 0 0 0 0 0 0 0 0 0 5 4 0 0 0 0 0 0 4 5 3 0 0 0 3 3 3 0 3 0 7 6 
5 5 2 0 4 0 0 0 0 0 0 4 0 0 3 0 0 0 0 0 0 0 0 0 0 0 5 5 6 0 0 2 0 4 
2 3 3 0 0 1 0 4 0 3 1 0 0 0 0 0 0 0 0 0 4 7 5 0 0 0 0 1 3 0 4 5 0 4 
3 5 2 0 2 0 0 0 0 0 4 3 2 0 0 0 0 0 1 0 0 0 0 0 0 0 0 0 3 0 0 0 0 0 
2 0 0 0 1 0 0 0 0 0 1 0 0 0 0 0 0 0 0 0 0 0 0 0 0 0 3 0 0 0 2 3 3 3 
0 0 0 0 0 0 0 0 2 4 0 5 0 7 8 2 0 0 0 0 0 3 0 0 0 0 0 0 0 0 0 0 3 3 
2 7 0 6 0 0 0 2 1 3 2 4 4 0 2 0 0 0 0 0 0 1 0 0 0 0 0 0 0 0 0 0 0 0 
2 4 2 0 2 0 0 0 0 2 1 1 2 0 0 0 0 0 0 0 0 2 4 0 0 7 7 5 4 0 2 0 5 4 
5 0 0 6 7 0 0 0 0 0 0 0 0 5 0 0 0 4 0 0 0 3 2 0 0 0 3 2 1 0 0 0 0 0 
0 2 1 0 4 0 0 0 0 0 0 0 0 0 0 0 0 5 3 0 0 0 0 0 0 0 1 4 4 0 0 0 0 0 
6 6 3 0 0 0 0 2 4 3 2 0 2 0 0 0 0 0 3 0 5 0 0 0 0 6 0 5 0 0 1 0 0 0 
0 3 0 0 0 0 0 0 0 0 0 0 0 0 0 0 0 0 4 0 0 1 4 3 3 5 3 6 4 0 0 0 0 0 
4 4 3 0 5 0 0 6 3 2 0 0 0 3 0 0 0 7 6 0 5 0 6 3 1 0 0 0 0 0 0 0 0 2 
1 1 0 0 6 4 0 7 0 0 6 0 5 2 2 1 0 3 3 0 2 0 2 4 0 4 3 3 0 0 0 0 0 3 
0 0 0 0 4 0 0 4 0 0 0 0 0 0 3 0 0 0 0 0 0 2 0 4 0 0 0 0 0 0 0 0 0 0 
2 0 0 4 0 0 0 0 0 0 0 0 0 0 0 0 0 0 0 6 0 0 0 0 0 0 0 0 0 4 0 0 3 5 
2 2 2 0 2 5 0 0 0 0 0 0 0 0 0 4 5 3 0 0 1 3 0 0 3 0 4 4 1 0 2 0 2 3 
3 2 1 0 0 4 2 2 0 3 0 0 0 0 2 0 3 4 1 0 0 2 1 0 0 2 3 3 0 5 4 1 0 0 
3 0 0 5 0 0 0 0 0 0 0 0 0 0 5 3 3 0 0 6 0 0 0 0 6 0 0 0 0 0 0 0 6 4 
4 4 2 3 4 0 0 0 0 0 0 0 0 0 6 1 4 0 0 3 2 0 0 0 4 0 0 0 0 3 1 5 4 3 
2 3 2 1 4 0 0 2 0 0 2 0 0 0 5 0 3 2 0 2 2 0 0 0 4 0 3 1 1 5 0 6 4 3 
400 339
0 19 0 18
0 19 0 21
0 19 1 19
0 19 0 21
0 26 0 21
0 26 0 32
0 26 1 26
1 0 1 14
1 0 0 0
1 0 2 0
2 32 2 17
2 32 2 33
2 32 0 32
2 32 12 32
2 33 2 32
2 33 0 33
2 33 3 33
2 33 2 32
2 33 0 33
3 33 12 33
8 19 8 0
8 19 8 23
8 19 6 19
8 19 28 19
8 19 8 0
8 19 8 23
8 19 6 19
8 19 28 19
8 23 8 24
8 23 7 23
8 23 9 23
9 11 9 8
9 11 9 16
9 11 10 11
9 11 10 11
10 11 10 3
10 11 10 13
10 11 14 11
10 13 10 11
10 13 10 14
10 13 11 13
10 17 10 15
10 17 10 18
10 17 21 17
10 17 10 15
10 17 10 18
10 17 21 17
11 1 11 2
11 1 10 1
11 1 12 1
13 12 13 13
13 12 12 12
13 12 16 12
13 32 13 30
13 32 13 33
13 32 12 32
13 32 17 32
13 33 13 32
13 33 12 33
13 33 14 33
13 33 13 32
13 33 12 33
14 0 14 1
14 0 8 0
14 0 15 0
14 26 14 27
14 26 13 26
14 26 17 26
14 33 15 33
15 21 15 20
15 21 15 22
15 21 13 21
15 21 18 21
15 31 15 30
15 31 14 31
15 31 17 31
15 33 14 33
15 33 17 33
15 33 14 33
16 18 22 18
18 13 18 11
18 13 18 14
18 13 13 13
18 13 21 13
18 14 18 13
18 14 18 15
18 14 14 14
18 14 19 14
18 14 18 13
18 14 18 15
18 14 14 14
19 1 19 0
19 1 19 3
19 1 16 1
19 1 20 1
19 12 19 11
19 12 20 12
19 12 19 11
19 12 20 12
19 14 26 14
20 25 20 22
20 25 20 26
20 25 12 25
20 25 23 25
21 0 21 3
21 0 20 0
21 0 23 0
21 4 21 3
21 4 21 13
21 4 20 4
21 4 22 4
21 17 22 17
23 0 23 1
23 0 21 0
23 0 25 0
23 20 23 25
23 20 15 20
23 20 25 20
24 18 23 18
24 18 25 18
24 18 23 18
24 18 25 18
25 18 25 17
25 18 26 18
25 18 25 17
25 18 26 18
26 7 26 5
26 7 26 10
26 7 25 7
26 7 27 7
26 12 26 10
26 12 26 13
26 12 23 12
27 23 27 21
27 23 26 23
27 23 27 21
27 23 26 23
28 19 28 3
28 19 28 29
28 19 31 19
28 19 28 3
28 33 28 32
28 33 26 33
28 33 29 33
29 5 29 4
29 5 29 15
29 5 30 5
29 16 29 15
29 16 29 17
29 16 30 16
30 18 30 17
31 19 31 16
31 19 31 24
31 19 32 19
31 19 31 16
31 19 31 24
31 24 31 32
31 24 29 24
31 24 32 24
31 24 31 32
31 32 31 33
31 32 29 32
31 32 32 32
31 32 31 33
31 33 29 33
31 33 32 33
32 31 32 30
32 31 32 32
32 31 33 31
33 14 33 10
33 14 33 16
33 14 32 14
33 29 33 28
33 29 33 31
33 29 32 29
33 31 33 29
33 31 33 32
33 31 32 31
0 32 0 26
0 32 2 32
1 20 1 21
1 27 1 26
3 33 12 33
5 1 5 3
6 8 6 6
6 8 6 10
6 8 4 8
8 0 6 0
9 5 9 3
10 13 10 14
10 13 11 13
10 14 14 14
12 32 12 29
12 32 12 33
12 32 13 32
12 32 12 29
14 0 14 1
14 0 15 0
21 17 22 17
23 0 23 1
23 0 25 0
23 1 23 2
23 1 22 1
23 1 24 1
23 1 23 2
23 18 22 18
24 1 25 1
24 21 24 22
24 22 24 23
24 22 25 22
24 22 24 23
24 28 24 27
24 28 22 28
24 28 24 27
24 28 22 28
25 0 25 1
25 0 26 0
25 22 25 20
25 22 25 23
25 22 26 22
25 22 25 20
25 22 25 23
26 5 26 4
26 5 26 7
26 5 26 4
26 10 26 7
26 10 26 12
26 10 23 10
26 10 23 10
26 18 26 17
27 4 27 7
27 4 26 4
27 4 27 7
27 4 26 4
27 7 27 14
27 14 26 14
29 20 29 21
30 17 30 16
30 17 29 17
30 17 30 16
30 22 30 21
30 25 30 26
30 29 30 27
30 29 30 30
30 29 28 29
33 27 33 26
33 29 32 29
33 31 33 32
33 32 33 33
33 32 32 32
33 33 32 33
33 33 32 33
1 20 1 21
1 26 1 21
1 26 0 26
5 1 5 3
5 15 5 16
5 15 3 15
5 15 6 15
6 0 6 4
6 0 4 0
6 0 6 4
6 4 6 5
6 4 7 4
6 5 6 6
22 1 22 2
22 4 21 4
22 4 25 4
22 4 21 4
22 18 22 17
22 28 22 27
22 28 21 28
23 2 25 2
23 12 26 12
23 27 23 25
23 27 22 27
23 27 24 27
24 1 25 1
24 27 24 26
24 27 23 27
24 27 26 27
25 1 25 2
26 7 25 7
26 13 25 13
26 15 26 17
26 17 25 17
29 16 29 15
29 16 29 17
29 28 29 27
30 21 29 21
30 25 30 26
32 29 32 24
32 31 32 32
33 26 33 24
0 21 1 21
0 21 1 21
4 0 4 8
4 0 3 0
4 0 4 8
4 8 4 9
4 8 2 8
4 8 6 8
4 9 4 12
5 3 5 6
5 6 6 6
6 5 6 6
6 8 6 10
6 12 6 14
6 12 4 12
6 12 6 14
22 17 25 17
25 7 25 4
25 7 25 8
25 7 23 7
25 7 25 4
25 13 21 13
25 17 22 17
29 15 29 5
29 21 29 24
29 24 29 26
29 26 29 27
29 26 30 26
29 26 29 27
29 27 30 27
30 27 30 29
32 24 32 20
32 24 33 24
33 24 33 20
33 24 33 26
3 0 2 0
23 7 23 8
23 8 23 9
23 8 25 8
23 8 23 9
23 9 25 9
25 8 25 9
25 13 21 13
3 0 2 0
3 0 2 0

6012

2 1                     2   3 3 4 3 1 4 = 5 - - - - 5 = = = = = 4 2 
5 - - - - - - - - - - - - - 4   4     1 2 5 - - - - 4 1         ǁ ǁ 
5   3 3         3       1     1   4 - - - - - - - - - - - - - - 7 6 
4               |             3   2     1 1     3         4 2 2 | 4 
4 = = = = = = = 6 2 - - 2     |   1             3     1     1   | ǁ 
| 2 = 3 - - 3   ǁ       |     5 6                         5 5 4 | ǁ 
4 = = = 4 3 4 - 5 = 2   4 = 3 3 3   3 3 4   4     3 1 2 2       | ǁ 
|       1                     3 3 2 2 ǁ 3   3 2     2           | ǁ 
4 = = = = = = = = = = = = = = = = = = 8 = = = 7 2             1 | ǁ 
| 1   3 - 1     1 - - 4 - - - - 1     ǁ 2 4   5 1 3 6 4 5     1 | ǁ 
| 4   6 - - - - - - - 7 = 6 3 2 = 6 2 ǁ 2     5 2   5 2 3   4 2 | ǁ 
| 5 2   1             | 3 5 |     ǁ   ǁ 2 2   4 2   3 1     2 1 | ǁ 
| 4 1                 | 3 3 |     ǁ   ǁ 3         5       5 = = 6 5 
|   1                 | 5 4 |     ǁ   ǁ 4 5 3     | 3 3 3   3 - 7 6 
5 5 2   4             4 | | 3     ǁ   ǁ   |       | 5 5 6     2 | 4 
2 3 3     1   4   3 1   | | ǁ     ǁ   ǁ 4 7 5     | | 1 3   4 5 | 4 
3 5 2   2           4 3 2 | ǁ     ǁ 1 ǁ | |       | |   3     | | | 
2 |     1           1     | ǁ     ǁ | ǁ | |       | 3       2 3 3 3 
  |             2 4   5 - 7 8 2   ǁ | ǁ | 3       |             3 3 
2 7 - 6       2 1 3 2 4 4 | 2     ǁ | ǁ | 1       |                 
2 4 2   2         2 1 1 2 | |     ǁ | ǁ | 2 4 - - 7 7 5 4   2   5 4 
5 - - 6 7 - - - - - - - - 5 |     4 | ǁ | 3 2     | 3 2 1           
ǁ 2 1   4                 ǁ |     5 3 ǁ |         | 1 4 4           
6 6 3   |     2 4 3 2   2 ǁ |     ǁ 3 ǁ 5 - - - - 6 - 5 ǁ   1       
ǁ 3 |   |     | | | ǁ   ǁ ǁ |     ǁ 4 ǁ | 1 4 3 3 5 3 6 4           
4 4 3   5 = = 6 3 2 ǁ   ǁ 3 |     7 6 ǁ 5 = 6 3 1     |           2 
1 1     6 4 = 7 = = 6 = 5 2 2 1 - 3 3 ǁ 2   2 4   4 3 3           3 
        4 = = 4 - - - - - - 3         ǁ   2 = 4                   | 
2     4 = = = = = = = = = = = = = = = 6 - - - - - - - - - 4     3 5 
2 2 2   2 5 = = = = = = = = = 4 5 3   | 1 3 - - 3 - 4 4 1 | 2   2 3 
3 2 1     4 2 2   3         2   3 4 1 |   2 1   | 2 3 3 = 5 4 1 | | 
3     5                     5 3 3 = = 6 = = = = 6 = = = = = = = 6 4 
4 4 2 3 4                   6 1 4     3 2 - - - 4 - - - - 3 1 5 4 3 
2 3 2 1 4     2     2 - - - 5 - 3 2   2 2 - - - 4 = 3 1 1 5 = 6 4 3 
