34 34
2 1 0 2 0 3 3 0 0 0 0 0 0 0 0 0 0 0 0 0 5 0 0 0 0 4 3 1 1 1 3 2 2 2 
0 1 0 0 0 3 0 0 0 0 0 0 0 0 0 0 0 0 0 0 3 2 2 1 0 0 2 1 4 1 0 0 1 0 
4 2 2 4 0 4 0 0 0 0 0 0 0 0 0 0 0 0 0 0 3 0 0 0 0 5 7 2 0 3 4 2 0 4 
0 0 1 0 1 2 0 0 0 0 0 0 0 0 0 0 0 0 0 0 4 2 2 1 1 0 3 1 0 2 0 2 2 0 
0 0 2 3 3 0 0 0 0 0 0 0 0 0 0 0 0 0 0 0 4 3 4 2 3 0 2 1 0 1 0 3 3 0 
0 0 2 2 1 0 0 0 0 0 0 0 0 0 0 0 0 0 0 0 2 1 1 0 0 0 3 0 6 0 5 4 0 0 
5 6 0 0 0 0 0 0 0 0 0 0 0 0 0 0 0 0 0 0 0 0 0 5 4 0 2 2 0 2 2 3 0 0 
3 0 1 2 3 0 0 0 0 0 0 0 0 0 0 0 4 0 0 0 1 1 1 0 0 0 1 2 0 3 2 1 0 0 
1 0 0 0 3 0 3 1 3 0 0 2 0 0 0 0 0 1 0 3 0 2 0 0 0 0 2 0 5 0 0 0 3 0 
0 0 2 6 0 0 0 0 6 0 1 1 1 3 0 0 4 0 0 6 0 6 4 0 0 0 2 2 3 1 1 2 0 0 
3 5 4 0 0 1 0 0 2 1 3 0 0 5 2 0 0 1 1 0 0 0 0 0 0 0 2 0 0 0 0 3 0 0 
0 0 3 0 0 0 0 0 0 0 0 0 0 0 1 0 0 0 3 0 0 0 0 0 3 0 0 0 0 0 0 0 0 0 
3 0 1 0 2 0 0 0 0 0 0 0 0 4 0 0 5 3 0 0 0 2 2 0 4 0 1 0 0 0 0 0 0 0 
2 0 0 0 2 0 0 0 0 2 2 1 0 2 1 1 4 3 3 0 0 0 1 0 2 0 0 0 0 0 0 0 0 0 
2 0 4 7 0 0 0 0 0 0 0 0 0 0 0 0 0 0 0 6 0 0 0 4 0 5 0 0 0 0 0 5 4 4 
2 0 3 4 0 0 0 2 0 0 0 3 0 0 0 3 0 2 0 0 2 4 2 0 2 0 1 0 3 4 1 0 0 0 
0 0 1 0 0 0 0 0 0 2 0 0 0 0 0 0 0 5 1 0 0 0 0 0 3 0 3 3 0 0 2 0 0 0 
2 0 2 5 0 0 0 0 0 0 0 3 0 0 1 1 0 3 0 0 3 7 3 0 0 0 0 0 0 0 0 0 0 1 
0 0 1 4 0 0 0 0 0 0 3 0 0 1 0 0 0 1 0 0 1 0 1 0 0 0 0 0 0 4 3 0 0 1 
0 0 0 3 0 0 0 0 0 0 0 0 0 0 0 0 0 0 0 4 0 5 4 2 3 0 0 0 0 3 1 0 0 2 
0 0 3 0 3 0 0 0 0 0 0 0 0 0 0 0 3 4 2 0 2 0 2 1 0 0 0 0 0 1 1 0 0 0 
0 0 2 2 0 2 0 0 0 2 0 0 1 0 4 1 0 2 1 1 4 3 1 0 0 0 0 0 0 2 3 0 0 2 
0 0 2 0 0 0 0 3 0 6 0 0 0 3 7 1 0 1 0 0 0 3 0 0 1 0 0 0 0 0 2 0 2 0 
4 5 5 3 0 0 0 3 1 0 0 0 0 0 0 0 0 2 0 4 1 0 0 0 2 0 0 0 0 0 1 0 2 2 
0 4 4 1 0 1 0 2 1 0 0 0 0 0 4 3 3 0 0 4 0 5 3 0 0 0 0 0 0 0 3 5 1 0 
0 0 0 0 0 0 0 0 0 0 0 0 0 0 0 1 1 0 0 3 2 1 1 0 0 0 0 0 0 0 2 3 2 1 
0 0 0 0 0 2 0 0 0 5 0 0 0 0 0 0 0 0 0 0 0 0 0 5 5 0 2 0 0 0 1 1 2 1 
2 0 0 0 0 0 1 1 1 0 1 3 1 1 0 0 0 0 0 0 0 0 0 0 2 0 1 0 0 0 3 0 6 3 
2 0 0 0 0 2 2 0 2 5 0 5 3 0 0 0 0 0 0 0 0 0 0 0 1 0 0 0 0 0 0 1 0 1 
2 0 3 3 0 1 1 3 0 5 0 0 0 4 0 0 0 0 0 0 0 4 2 0 0 0 0 0 0 0 3 0 0 1 
0 0 3 2 0 3 5 0 0 0 0 0 0 0 0 0 0 0 0 0 0 0 0 4 0 5 0 5 2 0 2 0 0 0 
0 0 2 0 0 1 3 0 0 2 1 1 2 0 0 0 0 0 2 0 0 0 0 4 2 2 2 5 0 5 0 5 4 2 
2 4 0 0 5 0 0 0 0 0 0 0 0 0 0 0 0 0 0 0 0 0 0 0 0 0 0 4 1 4 4 3 5 3 
1 2 1 0 4 0 0 0 0 0 2 0 0 0 0 0 0 3 0 3 0 0 0 1 2 3 0 4 4 3 3 2 2 1 
400 48
0 20 0 6
0 20 0 25
0 20 1 20
2 26 2 25
2 26 2 27
2 26 1 26
2 26 3 26
6 0 6 1
6 0 2 0
6 0 7 0
14 3 14 2
14 3 14 19
14 3 9 3
14 3 15 3
17 21 17 20
17 21 17 22
17 21 15 21
17 21 19 21
22 14 22 13
22 14 22 15
22 14 21 14
22 14 24 14
22 14 22 13
22 14 21 14
22 14 24 14
24 14 24 8
24 14 24 15
26 9 26 5
26 9 26 23
26 9 28 9
29 21 29 13
29 21 29 22
29 21 29 13
29 21 29 22
22 9 22 7
22 9 22 13
22 9 21 9
22 9 22 7
22 9 21 9
23 8 23 7
29 13 29 9
29 13 27 13
21 12 21 14
21 14 21 15
27 10 27 11
28 11 28 9
28 11 28 12
28 11 27 11

4440

2 1   2   3 3 - - - - - - - - - - - - - 5 - - - - 4 3 1 1 1 3 2 2 2 
  1       3                             3 2 2 1     2 1 4 1     1   
4 2 2 4   4                             3         5 7 2   3 4 2   4 
|   1   1 2                             4 2 2 1 1   3 1   2   2 2   
|   2 3 3                               4 3 4 2 3   2 1   1   3 3   
|   2 2 1                               2 1 1       3   6   5 4     
5 6                                           5 4   2 2   2 2 3     
3   1 2 3                       4       1 1 1       1 2   3 2 1     
1       3   3 1 3     2           1   3   2         2   5       3   
    2 6         6   1 1 1 3     4     6   6 4       2 2 3 1 1 2     
3 5 4 |   1     2 1 3     5 2     1 1               2         3     
    3 |                     1       3           3                   
3   1 | 2                 4     5 3       2 2   4   1               
2     | 2         2 2 1   2 1 1 4 3 3       1   2                   
2   4 7 - - - - - - - - - - - - - - - 6       4   5           5 4 4 
2   3 4       2       3       3   2     2 4 2   2   1   3 4 1       
    1             2               5 1     |     3   3 3     2       
2   2 5               3     1 1   3     3 7 3                     1 
    1 4             3     1       1     1 | 1             4 3     1 
      3                               4   5 4 2 3         3 1     2 
    3   3                       3 4 2   2   2 1           1 1       
    2 2   2       2     1 - 4 1   2 1 1 4 3 1             2 3     2 
    2         3 = 6 - - - 3 7 1   1       3     1           2   2   
4 5 5 3       3 1           ǁ     2   4 1       2           1   2 2 
  4 4 1   1   2 1 - - - - - 4 3 3     4   5 3               3 5 1   
                              1 1     3 2 1 1               2 3 2 1 
          2 - - - 5 - - - - - - - - - - - - - 5 5   2       1 1 2 1 
2           1 1 1 | 1 3 1 1                     2   1       3   6 3 
2         2 2   2 5 - 5 3 |                     1             1   1 
2   3 3   1 1 3   5 - - - 4 = = = = = = = 4 2               3     1 
    3 2   3 5                                 4   5   5 2   2       
    2     1 3     2 1 1 2           2         4 2 2 2 5   5   5 4 2 
2 4     5                                             4 1 4 4 3 5 3 
1 2 1   4           2             3   3       1 2 3   4 4 3 3 2 2 1 
