34 34
2 3 0 0 3 0 0 0 0 0 0 2 2 3 0 0 2 1 0 0 0 0 0 0 0 4 1 2 0 0 2 1 0 3 
1 0 2 1 0 2 1 1 2 1 0 0 1 2 1 0 0 0 0 0 0 0 0 0 0 0 0 3 2 0 0 1 1 0 
1 0 0 2 0 0 0 0 0 0 0 0 2 0 0 0 5 0 0 0 0 0 0 0 0 6 0 0 0 0 3 2 0 0 
0 0 0 0 0 2 1 0 3 4 0 3 4 3 1 0 0 3 0 4 2 2 0 0 2 1 2 0 4 1 2 0 4 0 
0 5 5 2 0 0 0 0 0 1 1 0 3 2 3 2 0 0 1 3 1 1 0 0 0 1 1 0 0 2 5 2 0 0 
0 4 2 1 0 3 0 0 4 0 0 0 0 0 0 0 5 4 0 0 0 0 0 0 2 2 0 0 4 0 0 0 5 4 
0 2 1 0 0 1 1 0 3 0 0 0 0 0 1 0 0 3 0 0 0 0 0 0 0 0 0 0 0 3 2 1 0 1 
3 0 0 0 4 0 0 0 0 0 0 0 0 0 0 0 5 3 0 0 0 0 0 0 0 0 0 0 0 0 0 0 4 3 
0 3 2 0 0 2 0 3 0 0 0 0 3 3 2 2 0 2 0 0 0 0 0 0 1 1 0 2 1 2 4 2 0 0 
0 2 0 1 0 2 1 0 1 0 0 0 2 2 1 0 0 0 1 1 2 0 0 0 0 0 0 3 0 1 0 2 0 0 
0 3 3 0 0 2 0 5 0 0 0 0 0 0 0 4 0 0 0 0 0 0 0 0 0 0 0 0 3 0 3 3 0 0 
0 0 0 0 0 0 0 0 0 1 0 4 1 1 2 0 0 0 0 0 2 0 0 0 0 0 0 0 0 2 3 2 0 0 
3 4 1 0 0 1 1 5 0 0 0 4 1 0 0 0 0 0 0 0 2 0 0 0 1 0 0 0 0 0 0 0 0 0 
0 1 1 0 0 1 0 3 2 2 0 4 0 5 6 0 0 0 0 2 0 0 0 0 0 0 0 3 0 0 0 0 0 0 
0 0 0 0 0 2 0 0 6 0 4 5 3 1 2 0 0 0 3 3 1 3 1 0 0 2 1 0 0 0 0 0 0 0 
2 0 4 3 0 2 4 2 0 1 0 2 0 2 3 0 0 0 1 4 0 4 0 0 0 3 0 0 0 0 0 0 0 0 
1 0 3 1 0 1 0 1 0 2 0 1 2 1 0 0 0 0 2 0 0 0 1 2 0 2 0 0 0 0 0 1 0 0 
0 0 4 2 0 0 0 0 0 0 0 0 1 0 0 0 0 0 0 0 1 4 2 2 0 4 2 0 0 0 0 1 0 0 
5 0 0 0 6 4 3 0 5 2 6 0 0 6 3 0 0 0 5 3 3 0 0 0 0 0 2 0 0 0 0 3 0 2 
0 3 2 0 0 2 2 2 0 3 5 1 1 3 1 0 0 0 4 1 2 0 1 0 0 0 0 0 0 0 0 0 0 1 
0 0 0 0 0 2 1 1 0 2 1 0 0 1 0 0 0 0 2 0 0 0 0 0 0 0 0 0 0 0 3 3 2 2 
0 2 5 0 5 0 0 0 5 0 0 0 0 5 5 0 0 0 1 4 0 5 0 4 0 0 0 0 0 0 0 1 0 2 
0 2 4 2 1 2 0 0 5 0 2 1 0 3 4 0 0 0 2 4 2 0 0 1 0 3 4 0 0 0 1 3 1 0 
0 0 1 2 0 0 0 0 0 0 2 1 1 0 3 0 0 0 1 1 1 0 0 0 0 1 1 0 0 0 1 0 0 0 
0 3 0 0 0 0 0 0 0 0 0 0 0 0 0 6 5 4 0 0 0 4 0 0 0 0 0 3 0 0 0 0 2 0 
0 2 0 0 0 0 2 0 0 0 0 0 0 0 0 0 0 0 0 0 0 1 0 1 0 0 0 3 4 4 2 0 0 0 
0 0 0 0 0 0 0 0 0 0 0 0 0 0 0 0 1 4 0 0 0 0 0 0 0 0 0 3 0 0 0 3 0 0 
2 0 0 0 0 0 0 0 0 0 0 0 0 0 0 0 1 0 2 3 0 0 0 0 0 0 0 0 0 0 0 0 7 4 
1 0 0 0 0 0 1 0 0 0 0 0 0 0 0 0 0 3 3 3 0 4 0 0 5 0 0 0 4 2 1 1 0 1 
0 0 0 0 0 0 0 0 0 0 0 0 0 0 0 0 0 3 0 3 2 1 0 0 0 0 0 0 2 0 2 2 0 0 
3 6 0 0 0 0 0 0 0 0 0 0 0 0 0 6 5 0 0 0 0 0 0 0 5 0 0 0 0 4 2 1 5 2 
4 4 2 0 0 0 1 0 0 0 0 0 0 0 0 0 0 2 3 3 0 0 0 0 2 1 3 2 0 5 4 0 0 1 
3 1 0 0 0 1 0 0 0 0 0 0 0 0 0 3 3 1 0 4 2 0 0 0 0 0 2 1 0 2 3 3 4 1 
2 0 5 0 0 0 0 0 0 0 0 0 0 0 0 0 4 0 4 0 0 0 0 0 0 4 0 0 3 0 2 2 3 2 
400 42
0 25 0 17
0 25 0 26
0 25 2 25
0 25 2 25
0 33 0 31
0 33 5 33
0 33 5 33
2 25 2 16
2 25 2 30
2 25 3 25
2 25 2 16
4 1 4 2
4 1 0 1
4 1 5 1
5 33 5 32
5 33 6 33
18 0 18 4
18 0 16 0
18 0 27 0
22 8 22 5
22 8 22 10
22 8 21 8
27 32 27 19
27 32 27 33
27 32 24 32
27 32 30 32
28 24 28 21
28 24 28 28
28 24 30 24
33 2 33 0
33 2 33 16
33 2 31 2
17 2 17 3
17 2 16 2
17 2 17 3
17 2 16 2
18 0 18 4
18 0 27 0
18 4 18 5
18 4 7 4
18 4 21 4
18 4 18 5

8452

2 3     3             2 2 3     2 1 - - - - - - - 4 1 2     2 1 - 3 
1 | 2 1   2 1 1 2 1     1 2 1                     ǁ   3 2     1 1 ǁ 
1 |   2                 2       5 = = = = = = = = 6 - - - - 3 2   ǁ 
  |       2 1   3 4   3 4 3 1     3   4 2 2     2 1 2   4 1 2   4 ǁ 
  5 5 2           1 1   3 2 3 2     1 3 1 1       1 1     2 5 2   ǁ 
  4 2 1   3     4               5 4             2 2     4       5 4 
  2 1     1 1   3           1     3                       3 2 1   1 
3       4                       5 3                             4 3 
  3 2   | 2   3         3 3 2 2   2             1 1   2 1 2 4 2     
  2   1 | 2 1   1       2 2 1       1 1 2             3   1   2     
  3 3   | 2   5               4                         3   3 3     
        |         1   4 1 1 2           2                 2 3 2     
3 4 1   | 1 1 5       4 1               2       1                   
  1 1   | 1   3 2 2   4   5 6         2               3             
        | 2     6   4 5 3 1 2       3 3 1 3 1     2 1               
2   4 3 | 2 4 2   1   2   2 3       1 4   4       3                 
1   3 1 | 1   1   2   1 2 1         2       1 2   2           1     
|   4 2 |               1               1 4 2 2   4 2         1     
5 = = = 6 4 3   5 2 6     6 3       5 3 3           2         3   2 
ǁ 3 2   | 2 2 2   3 5 1 1 3 1       4 1 2   1                     1 
ǁ       | 2 1 1   2 1     1         2                       3 3 2 2 
ǁ 2 5   5       5         5 5       1 4   5   4               1   2 
ǁ 2 4 2 1 2 - - 5 - 2 1   3 4       2 4 2     1   3 4       1 3 1   
ǁ   1 2             2 1 1   3       1 1 1         1 1       1       
ǁ 3                           6 5 4       4           3         2   
ǁ 2         2                             1   1       3 4 4 2   |   
ǁ                               1 4                   3       3 |   
2                               1   2 3 - - - - - - - - - - - - 7 4 
1           1                     3 3 3   4 - - 5 - - - 4 2 1 1 | 1 
                                  3   3 2 1     |       2   2 2 |   
3 6                           6 5               5         4 2 1 5 2 
4 4 2       1                     2 3 3         2 1 3 2   5 4     1 
3 1 |     1                   3 3 1   4 2           2 1   2 3 3 4 1 
2 - 5 - - - - - - - - - - - - - 4   4             4     3   2 2 3 2 
