34 34
2 2 1 2 0 0 2 3 0 1 2 4 3 1 2 0 3 0 0 0 0 0 0 0 0 0 0 0 0 0 0 0 4 2 
3 0 3 3 2 1 0 0 1 1 1 0 1 2 4 1 2 0 1 0 0 0 0 0 0 0 0 0 0 0 0 0 0 1 
0 1 2 0 3 0 4 6 3 5 0 6 0 0 0 0 0 0 0 0 0 0 0 0 0 0 0 0 0 0 0 0 5 1 
0 2 0 4 0 1 0 5 1 2 0 3 1 1 3 0 0 0 0 0 1 1 0 0 0 0 0 0 4 0 2 1 0 1 
0 2 0 4 4 0 0 4 0 0 0 0 0 0 5 0 0 0 0 0 0 0 0 0 0 0 0 0 5 0 1 1 0 3 
0 2 0 2 3 2 0 3 2 2 3 0 3 2 0 1 1 0 2 0 0 0 2 0 0 0 0 0 0 1 1 2 0 0 
4 0 0 0 0 0 5 0 0 4 4 1 2 2 0 4 0 0 0 0 0 0 5 0 0 0 0 0 5 2 0 0 0 3 
0 1 1 1 4 1 0 1 0 2 0 0 0 0 0 2 1 0 0 2 0 0 4 3 0 3 2 0 6 0 5 3 0 0 
1 0 3 0 6 2 0 2 3 0 6 0 6 3 0 4 0 2 1 2 0 0 2 1 2 4 2 1 2 3 2 2 0 0 
2 0 2 1 0 1 0 3 2 1 2 1 3 1 0 2 0 0 0 0 0 0 0 0 0 0 0 0 0 3 1 1 0 0 
5 5 4 0 4 0 4 0 0 0 0 0 0 0 7 0 0 0 0 0 0 0 0 0 0 0 0 0 0 0 0 0 6 4 
0 0 2 2 0 2 0 1 2 0 0 0 2 1 0 0 2 0 0 0 0 0 1 0 0 1 0 0 0 2 1 0 0 0 
2 0 1 0 0 0 0 1 0 4 0 0 4 2 0 0 0 0 0 1 0 0 4 0 0 0 0 0 0 5 3 1 0 0 
0 0 0 1 0 4 0 0 0 0 0 0 0 1 0 1 5 0 0 1 0 2 0 0 4 0 2 1 0 0 0 0 0 0 
1 0 0 0 0 0 0 0 0 0 0 0 0 0 0 1 0 0 0 0 0 1 0 0 0 0 0 0 1 0 0 0 0 2 
0 0 2 0 3 0 0 1 0 3 0 0 0 0 0 0 0 0 0 0 0 0 0 0 0 0 0 0 0 0 0 0 0 1 
0 0 1 0 3 3 0 0 0 0 0 0 0 0 0 0 0 0 1 0 0 0 0 0 7 0 0 0 5 5 2 0 0 1 
2 5 0 0 0 0 4 0 0 0 0 0 4 3 0 3 5 0 0 0 0 0 0 0 6 0 2 0 0 4 4 0 0 0 
3 5 0 3 1 0 0 0 0 0 1 0 2 0 0 0 0 1 0 0 4 0 3 1 3 2 1 0 0 1 3 1 0 0 
0 3 0 0 0 0 5 0 0 0 0 0 1 0 0 1 0 2 2 0 5 0 0 0 0 0 0 0 4 0 0 0 5 4 
0 0 0 0 1 0 0 1 2 3 0 0 0 3 0 0 0 4 5 3 0 0 3 3 0 4 2 0 0 2 2 2 0 0 
0 1 0 0 0 0 0 1 0 0 0 0 0 0 0 3 4 0 4 2 3 0 4 0 4 6 4 2 0 0 0 0 0 2 
0 0 0 0 0 0 0 0 0 0 0 0 0 0 0 0 0 1 0 0 5 2 0 0 0 3 1 0 0 4 0 3 0 0 
0 0 0 0 0 0 0 0 0 0 0 0 0 0 0 0 0 0 1 0 2 0 0 0 0 1 2 0 0 3 0 0 0 0 
0 0 1 0 5 3 0 0 0 0 0 0 0 0 0 2 0 2 0 0 0 0 0 0 7 2 0 0 0 2 0 0 0 1 
0 0 1 0 0 0 0 0 0 0 0 0 0 0 0 1 0 2 2 2 0 0 0 0 0 1 0 0 0 1 0 0 0 0 
0 0 0 0 0 0 0 0 0 1 0 0 0 0 0 3 5 4 2 0 0 0 0 0 0 0 0 0 0 3 0 3 0 0 
0 0 0 0 0 0 0 0 0 0 0 0 0 0 0 1 2 2 0 3 0 0 0 0 0 0 0 0 0 0 1 0 0 0 
5 3 5 0 3 2 0 4 4 0 0 0 0 0 5 0 0 0 0 0 0 0 0 0 5 3 4 2 0 0 0 0 4 2 
0 0 0 0 0 0 0 2 0 1 0 4 0 0 6 4 3 2 1 2 0 0 0 0 4 2 2 1 0 4 2 0 2 2 
0 0 0 0 0 0 3 2 4 0 0 2 2 1 0 4 4 3 0 0 0 0 3 0 2 2 1 0 0 2 1 0 1 0 
3 0 0 0 0 0 0 0 0 0 0 0 0 0 4 4 3 0 0 0 0 0 0 0 0 0 0 0 5 0 0 5 2 0 
1 0 2 1 0 0 4 2 5 0 0 0 6 0 3 1 3 0 0 0 0 0 0 0 0 0 1 2 5 2 2 4 3 3 
0 0 0 0 0 0 1 2 4 1 1 0 3 1 1 0 4 0 0 0 0 2 0 0 0 0 0 1 3 0 4 0 2 0 
400 30
10 0 10 1
10 0 9 0
10 0 12 0
10 14 10 6
10 14 10 32
10 14 4 14
10 14 28 14
16 24 16 18
16 24 16 28
16 24 13 24
16 24 17 24
24 24 24 17
24 24 24 25
24 24 21 24
24 24 28 24
28 0 28 1
28 0 18 0
28 0 31 0
13 27 13 26
16 24 16 28
16 24 13 24
16 24 17 24
17 24 17 16
17 24 17 26
17 24 18 24
17 24 17 16
22 21 22 20
13 24 13 21
13 24 13 26
22 21 22 20

5442

2 2 1 2     2 3   1 2 4 3 1 2   3                               4 2 
3   3 3 2 1     1 1 1   1 2 4 1 2   1                             1 
  1 2   3   4 6 3 5   6                                         5 1 
  2   4   1   5 1 2   3 1 1 3           1 1             4   2 1   1 
  2   4 4     4             5                           5   1 1   3 
  2   2 3 2   3 2 2 3   3 2 | 1 1   2       2             1 1 2     
4           5     4 4 1 2 2 | 4             5           5 2       3 
  1 1 1 4 1   1   2         | 2 1     2     4 3   3 2   6   5 3     
1   3   6 2   2 3   6   6 3 | 4   2 1 2     2 1 2 4 2 1 2 3 2 2     
2   2 1   1   3 2 1 2 1 3 1 | 2                           3 1 1     
5 5 4   4   4 - - - - - - - 7 - - - - - - - - - - - - - - - - - 6 4 
|   2 2   2   1 2       2 1 |   2           1     1       2 1       
2   1         1   4     4 2 |         1     4             5 3 1     
      1   4               1 | 1 5     1   2 - - 4 - 2 1             
1                           | 1           1     ǁ       1         2 
    2   3     1   3         |                   ǁ                 1 
    1   3 3                 |       1 - - - - - 7 = = = 5 5 2     1 
2 5         4           4 3 | 3 5 = = = = = = = 6 - 2     4 4       
3 5   3 1           1   2   |     1     4   3 1 3 2 1     1 3 1     
| 3         5           1   | 1   2 2   5               4       5 4 
|       1     1 2 3       3 |     4 5 3     3 3   4 2     2 2 2     
| 1           1             | 3 4   4 2 3   4   4 6 4 2           2 
|                           |     1     5 2     | 3 1     4   3     
|                           |       1   2       | 1 2     3         
|   1   5 3                 | 2   2 - - - - - - 7 2       2       1 
|   1                       | 1   2 2 2         | 1       1         
|                 1         | 3 5 4 2           |         3   3     
|                           | 1 2 2   3         |           1       
5 3 5   3 2   4 4           5                   5 3 4 2         4 2 
|             2   1   4     6 4 3 2 1 2         4 2 2 1   4 2   2 2 
|           3 2 4     2 2 1   4 4 3         3   2 2 1     2 1   1   
3                           4 4 3                       5     5 2   
1   2 1     4 2 5       6   3 1 3                   1 2 5 2 2 4 3 3 
            1 2 4 1 1   3 1 1   4         2           1 3   4   2   
