34 34
1 1 0 0 0 0 0 3 1 2 0 0 3 0 0 0 0 0 0 0 0 0 0 0 0 0 0 0 0 0 0 0 3 2 
0 2 3 0 3 0 0 0 1 3 3 2 3 0 0 0 0 0 0 0 0 0 0 3 0 0 0 0 1 0 0 0 0 1 
3 0 0 0 5 0 0 4 0 0 0 0 0 0 0 0 0 0 0 0 0 0 0 0 0 0 0 0 0 0 0 0 6 4 
1 3 0 0 5 3 0 0 3 0 0 0 0 2 0 0 1 0 0 2 0 0 0 0 0 0 0 0 0 0 4 2 0 3 
1 3 2 0 0 2 1 0 0 0 0 0 0 0 1 0 0 0 0 0 0 0 0 0 2 0 2 2 3 0 0 1 0 1 
1 2 2 1 0 0 0 2 3 0 0 0 0 0 0 0 0 0 0 0 0 0 0 0 0 0 4 1 6 3 0 2 0 1 
2 3 0 0 6 0 0 4 0 0 0 3 0 0 0 2 0 0 2 0 0 0 0 0 0 0 6 1 0 1 0 0 0 0 
2 2 1 0 0 1 1 3 0 2 0 5 0 0 0 0 0 0 0 0 0 0 0 0 0 0 5 2 0 1 4 3 0 0 
1 2 0 0 4 4 2 1 0 1 0 2 0 0 0 0 0 0 0 0 0 0 0 0 0 0 2 1 0 0 0 0 0 0 
0 1 0 0 2 1 0 0 5 0 0 0 0 0 0 0 0 0 0 0 0 0 0 0 0 0 0 0 5 3 0 1 0 0 
3 2 0 0 5 0 3 1 0 1 3 0 0 0 0 0 0 4 0 0 3 0 0 0 0 2 1 2 0 0 0 2 0 0 
0 3 4 1 0 0 0 0 0 0 0 3 3 0 0 0 0 3 1 0 4 2 1 2 0 6 2 0 0 2 0 0 0 0 
0 1 4 1 0 0 1 0 0 0 0 1 1 2 0 0 0 4 0 0 4 0 2 1 0 3 2 2 0 1 0 0 0 0 
0 2 3 0 0 0 0 0 0 3 7 0 0 0 0 0 0 0 0 0 0 0 0 0 0 0 0 0 5 0 5 4 0 0 
5 0 0 0 6 0 0 0 6 3 0 3 0 3 1 1 0 0 0 0 4 0 0 0 0 1 0 0 0 1 0 1 0 0 
2 0 3 1 0 3 2 1 0 0 0 4 1 0 2 0 3 2 2 1 0 0 0 0 0 0 0 0 0 2 0 2 0 0 
2 1 3 2 0 4 4 2 0 0 0 0 1 0 2 2 3 3 1 0 0 0 0 0 0 0 0 0 0 0 0 0 0 0 
0 0 2 2 0 0 2 1 0 0 0 0 0 0 1 0 0 3 1 0 0 0 0 0 0 0 0 0 0 2 4 5 0 0 
3 0 0 0 5 5 2 3 4 1 0 3 2 0 4 4 0 1 0 0 0 0 0 0 0 0 0 0 0 3 3 2 0 0 
3 0 2 0 2 1 0 0 4 2 0 1 0 0 1 1 0 0 0 0 0 0 0 0 0 0 0 0 0 2 2 1 0 0 
1 0 1 0 2 0 1 0 4 1 0 4 0 6 0 0 6 0 0 0 6 0 0 0 0 0 0 0 4 0 0 0 6 4 
0 1 0 0 3 0 0 0 4 1 0 3 1 1 1 2 2 1 1 1 0 1 0 3 0 0 0 0 6 4 3 2 0 1 
3 0 0 0 0 0 0 0 0 0 4 0 0 0 0 4 0 0 4 3 0 4 0 4 0 0 2 1 0 2 0 2 0 1 
2 0 0 0 0 0 1 1 0 0 4 0 0 4 2 0 2 1 0 2 0 2 2 4 0 2 1 0 5 0 2 0 0 0 
2 0 0 0 0 0 0 0 0 2 3 2 0 3 1 2 4 1 1 2 0 0 2 3 2 0 3 2 3 1 1 0 0 0 
0 0 0 0 0 0 0 0 0 1 2 2 0 0 2 1 3 2 1 2 0 1 2 1 1 0 2 0 2 2 2 0 0 0 
3 0 0 0 0 0 0 0 0 0 0 0 0 0 0 0 0 0 0 0 4 0 0 0 0 4 0 3 0 0 0 0 0 0 
0 2 4 1 3 0 0 0 0 4 0 0 5 0 0 0 0 0 0 0 5 0 0 0 0 0 0 0 5 6 3 0 0 0 
3 0 3 1 1 0 0 2 0 4 2 1 3 0 0 1 0 0 0 0 0 0 0 0 0 0 0 0 0 3 4 4 0 0 
2 2 0 1 2 0 0 0 0 0 0 4 0 0 0 0 0 0 0 0 5 0 0 0 0 0 2 0 0 1 1 1 1 0 
1 3 0 0 0 0 0 4 0 0 0 0 0 0 0 0 0 0 0 0 0 0 0 0 0 0 0 0 4 0 0 2 1 0 
2 2 0 3 0 2 0 0 2 1 2 0 0 0 0 0 0 0 0 0 0 4 0 0 0 0 0 0 5 0 0 0 4 2 
5 0 0 0 0 0 0 6 5 0 0 0 0 0 0 0 0 0 0 0 0 2 2 0 0 0 0 0 7 4 1 2 5 3 
4 0 0 0 2 1 0 3 0 0 0 0 0 2 0 0 0 0 0 0 3 2 0 0 0 0 0 0 2 1 0 1 1 1 
400 49
13 10 13 9
13 10 13 28
13 10 10 10
13 10 22 10
14 0 14 4
14 0 10 0
14 0 15 0
17 31 17 30
17 31 15 31
17 31 18 31
20 33 20 32
20 33 5 33
20 33 21 33
20 33 20 32
32 0 32 7
32 0 31 0
32 0 33 0
32 8 32 7
32 8 32 21
32 8 31 8
32 28 32 22
32 28 32 29
32 28 31 28
32 28 33 28
33 0 33 4
33 0 32 0
33 0 33 4
33 5 33 7
20 32 20 28
20 32 2 32
20 32 29 32
20 32 20 28
22 33 31 33
29 20 29 11
29 20 29 26
29 20 27 20
2 32 2 7
2 32 2 33
2 32 0 32
2 32 2 7
2 32 2 33
2 33 1 33
2 33 3 33
3 33 4 33
0 33 0 32
0 33 0 32
1 28 1 23
1 23 1 12
1 23 1 12

11982

1 1           3 1 2     3                                       3 2 
  2 3   3       1 3 3 2 3 = = = = = = = = = = 3 - - - - 1       | 1 
3       5     4 = = = = = = = = = = = = = = = = = = = = = = = = 6 4 
1 3     5 3     3         2     1     2                     4 2 | 3 
1 3 2     2 1               1                   2   2 2 3     1 | 1 
1 2 2 1       2 3                                   4 1 6 3   2 | 1 
2 3     6     4       3       2     2               6 1   1     | | 
2 2 1     1 1 3   2   5                             5 2   1 4 3 | | 
1 2     4 4 2 1   1   2                             2 1         | | 
  1     2 1     5                                       5 3   1 | | 
3 2     5   3 1   1 3             4     3         2 1 2       2 | | 
| 3 4 1             | 3 3         3 1   4 2 1 2   6 2     2     | | 
| 1 4 1     1       | 1 1 2       4     4   2 1   3 2 2   1     | | 
| 2 3             3 7 - - - - - - - - - - - - - - - - - 5   5 4 | | 
5 - - - 6       6 3 | 3   3 1 1         4         1       1   1 | | 
2   3 1   3 2 1     | 4 1   2   3 2 2 1                   2   2 | | 
2 1 3 2   4 4 2     |   1   2 2 3 3 1                         | | | 
    2 2     2 1     |       1     3 1                     2 4 5 | | 
3       5 5 2 3 4 1 | 3 2   4 4   1                       3 3 2 | | 
3   2   2 1     4 2 | 1     1 1                           2 2 1 | | 
1   1   2   1   4 1 | 4   6     6       6               4 = = = 6 4 
  1     3       4 1 | 3 1 1 1 2 2 1 1 1   1   3         6 4 3 2 | 1 
3                   4         4     4 3   4   4     2 1   2   2 | 1 
2           1 1     4     4 2   2 1   2   2 2 4   2 1   5   2   | | 
2                 2 3 2   3 1 2 4 1 1 2     2 3 2   3 2 3 1 1   | | 
                  1 2 2     2 1 3 2 1 2   1 2 1 1   2   2 2 2   | | 
3                                       4         4   3         | | 
  2 4 1 3         4     5               5               5 6 3   | | 
3   3 1 1     2   4 2 1 3     1         |                 3 4 4 | | 
2 2   1 2             4 - - - - - - - - 5 - - - - - 2     1 1 1 1 | 
1 3           4                                         4     2 1 | 
2 2   3   2     2 1 2                     4             5       4 2 
5 - - - - - - 6 5 - - - - - - - - - - - - 2 2 - - - - - 7 4 1 2 5 3 
4 = = = 2 1 - 3           2             3 2             2 1   1 1 1 
