34 34
4 0 0 4 3 0 0 0 0 5 0 0 0 0 2 4 0 0 0 0 0 0 0 5 0 0 0 4 0 0 0 2 4 3 
6 6 2 0 6 4 2 0 0 8 0 6 0 2 3 7 0 0 0 0 0 4 4 6 3 1 1 0 2 0 5 2 0 1 
2 4 2 0 2 4 0 4 2 0 2 6 3 1 2 4 2 2 0 4 0 4 2 2 4 5 3 0 4 2 0 2 0 2 
3 0 0 7 0 0 0 0 0 8 0 0 0 0 0 0 0 0 0 0 0 0 0 0 0 0 0 7 6 0 5 4 0 4 
0 4 2 0 2 2 4 2 2 0 1 2 0 0 0 0 0 0 0 0 6 6 0 3 2 0 4 0 2 0 4 2 0 0 
0 0 2 3 6 0 8 6 0 0 0 4 0 0 0 0 0 0 2 2 0 0 2 0 3 3 0 0 3 2 0 0 0 0 
1 5 1 1 0 1 0 4 0 0 3 5 2 4 0 4 0 3 5 3 0 0 0 0 0 0 0 0 0 1 0 0 0 0 
1 0 1 0 0 0 0 2 0 0 0 3 3 0 1 4 3 1 0 1 0 0 4 0 0 0 0 0 0 0 0 0 0 0 
4 7 5 5 0 2 7 4 4 0 0 0 2 0 2 4 0 2 0 0 0 0 0 0 0 0 0 0 5 3 0 0 0 0 
3 0 1 2 0 2 6 3 1 0 0 5 0 7 0 0 6 3 5 3 0 4 0 0 0 0 0 0 0 0 0 0 0 0 
2 0 5 0 7 0 0 0 0 5 3 4 2 0 2 4 2 1 2 3 0 4 0 0 0 3 0 0 0 0 0 0 0 0 
1 0 4 2 3 0 0 0 0 0 0 0 0 5 0 6 4 0 2 2 0 2 0 0 2 0 0 0 0 0 0 0 0 0 
4 7 0 0 0 0 0 0 0 0 0 0 0 0 0 0 0 0 0 0 8 0 6 0 0 0 0 0 0 0 0 0 0 4 
0 0 2 0 0 0 3 1 0 0 4 3 2 3 0 0 0 0 0 4 0 1 0 0 0 0 3 0 0 0 0 0 0 0 
0 0 3 5 0 0 5 0 3 2 0 2 0 4 0 0 0 3 2 0 0 3 0 0 0 0 0 0 0 0 0 0 0 0 
0 0 0 0 4 4 0 3 0 0 6 0 0 0 0 0 0 0 0 5 0 0 0 0 0 0 0 0 5 0 6 0 0 0 
0 0 2 0 0 2 0 0 3 3 0 4 0 0 3 2 0 0 3 0 0 0 0 0 0 0 0 0 0 2 0 0 1 0 
0 0 0 0 4 0 0 0 1 0 0 4 6 4 0 3 0 3 3 0 0 0 0 0 0 0 0 0 0 4 0 0 2 0 
0 0 0 0 0 2 0 0 4 3 0 2 2 2 0 4 2 0 0 0 0 4 0 0 0 0 0 0 0 0 0 0 0 0 
0 0 0 0 4 0 0 0 0 0 0 5 0 0 7 0 0 6 0 0 0 0 0 0 0 0 0 0 0 0 0 0 0 0 
0 0 0 0 0 0 0 0 0 0 0 1 2 0 6 4 2 0 0 0 0 0 0 0 0 0 0 0 0 0 0 0 4 0 
0 0 0 0 4 0 0 0 5 0 7 0 0 0 0 0 0 4 0 0 0 0 0 0 0 0 0 0 0 0 0 0 0 0 
0 0 0 0 0 0 0 3 4 2 0 2 6 0 5 6 2 1 0 0 0 0 4 0 0 0 3 0 0 0 0 0 0 0 
0 0 0 0 0 0 0 4 3 2 4 2 6 4 0 6 4 5 0 0 0 0 2 0 0 0 0 0 0 0 0 0 0 0 
0 0 2 7 6 6 0 2 2 0 5 0 1 2 0 3 1 2 0 0 0 0 2 0 0 0 0 0 5 4 0 0 0 0 
0 0 4 6 1 0 0 4 0 0 0 0 0 0 6 0 0 0 5 4 0 0 0 0 0 0 0 0 0 2 0 0 0 0 
0 0 2 6 2 2 0 2 4 0 0 0 0 0 8 0 4 1 0 1 0 0 0 0 0 0 0 0 4 0 0 0 0 4 
2 0 0 3 1 0 0 2 6 0 4 0 4 2 4 2 3 2 0 2 8 4 4 6 0 3 3 0 5 5 0 0 0 0 
2 0 2 0 0 0 5 0 0 0 0 0 0 0 0 0 0 0 5 0 5 1 2 6 4 4 2 0 2 2 0 0 0 0 
6 6 0 0 0 0 0 0 0 0 0 0 0 0 0 0 0 0 0 0 0 0 0 0 0 0 0 8 0 0 7 8 5 3 
4 0 1 5 0 4 0 4 2 2 0 4 2 0 0 0 4 0 0 0 0 6 0 0 4 4 2 0 2 0 3 4 4 4 
2 0 2 5 0 3 0 0 0 0 0 5 0 0 0 0 0 0 0 0 0 6 0 0 0 0 0 8 0 0 0 6 2 0 
4 6 0 0 0 0 0 0 0 0 0 0 0 0 0 0 0 1 2 0 0 5 2 2 0 0 0 7 2 2 0 8 3 2 
2 4 0 0 0 0 0 0 0 0 0 0 0 0 0 0 2 1 0 0 0 0 0 0 0 0 0 4 0 4 2 2 2 1 
400 613
0 0 0 3
0 0 1 0
0 0 0 3
0 0 1 0
0 3 0 4
0 3 3 3
0 9 0 4
0 9 0 14
0 9 1 9
0 23 0 15
0 23 0 27
0 23 1 23
0 33 0 32
0 33 1 33
0 33 0 32
1 0 1 1
1 0 2 0
1 1 1 0
1 1 1 2
1 1 2 1
1 1 1 0
1 1 1 2
1 4 1 5
1 4 0 4
1 4 2 4
1 4 1 5
1 4 2 4
1 4 1 5
1 5 1 6
1 9 1 6
1 9 1 11
1 9 0 9
1 9 3 9
1 11 1 9
1 11 1 13
1 11 2 11
1 15 1 14
1 15 1 21
1 15 0 15
1 15 2 15
1 30 1 28
1 30 1 31
1 30 3 30
2 5 2 7
2 5 4 5
2 5 2 7
2 5 4 5
2 7 2 8
2 7 4 7
2 8 4 8
3 3 3 0
3 3 5 3
3 3 3 0
3 3 5 3
3 9 3 27
3 9 1 9
3 9 10 9
3 9 3 27
3 9 10 9
3 27 3 28
3 27 0 27
3 27 29 27
4 1 4 2
4 1 6 1
4 1 4 2
4 1 6 1
4 4 5 4
4 6 4 7
4 6 5 6
4 6 5 6
4 8 8 8
4 20 4 11
4 20 4 21
4 20 12 20
4 20 4 11
4 20 4 21
4 20 12 20
4 21 4 23
4 21 9 21
4 21 4 23
4 21 9 21
4 26 4 24
4 26 13 26
4 26 4 24
4 26 13 26
5 2 5 3
5 2 6 2
5 4 5 6
5 4 4 4
5 4 10 4
5 6 5 4
5 6 5 7
5 6 4 6
5 6 8 6
5 7 5 6
5 7 6 7
5 7 6 7
5 11 5 18
5 11 6 11
5 11 5 18
5 11 6 11
5 19 6 19
6 1 6 0
6 1 8 1
6 1 8 1
6 3 8 3
6 5 8 5
6 7 5 7
6 7 7 7
6 18 6 17
6 18 6 19
6 18 9 18
7 0 8 0
7 2 8 2
7 7 8 7
7 22 5 22
7 22 12 22
7 22 5 22
7 22 12 22
8 0 8 1
8 0 9 0
8 0 8 1
8 3 8 2
8 3 9 3
8 3 8 2
8 3 9 3
8 6 8 5
8 6 8 7
8 6 9 6
8 8 8 7
8 8 9 8
8 8 8 7
8 28 8 29
8 28 5 28
8 28 15 28
9 7 9 6
9 7 13 7
9 7 9 6
9 11 9 13
9 11 7 11
9 11 10 11
9 21 10 21
10 4 10 2
10 4 5 4
10 4 11 4
10 4 10 2
10 4 11 4
10 4 11 4
10 21 9 21
10 21 11 21
10 21 11 21
11 13 11 15
11 13 9 13
11 13 13 13
12 20 12 22
12 20 27 20
12 20 12 22
12 20 27 20
12 22 22 22
12 33 3 33
12 33 26 33
12 33 3 33
12 33 26 33
13 21 14 21
13 26 22 26
14 21 18 21
15 4 15 5
15 4 17 4
15 4 15 5
15 4 17 4
15 19 15 10
15 19 13 19
15 19 25 19
15 30 15 28
15 30 4 30
15 30 29 30
15 30 15 28
15 30 4 30
15 30 29 30
16 29 17 29
17 4 17 8
17 4 19 4
17 12 17 11
17 12 17 13
17 12 18 12
17 12 17 11
17 12 17 13
17 12 18 12
17 13 17 15
17 13 18 13
17 29 16 29
17 29 24 29
17 29 24 29
18 21 14 21
18 21 27 21
18 21 27 21
19 4 19 11
19 4 21 4
19 4 19 11
19 17 19 14
19 17 17 17
19 17 21 17
19 17 19 14
19 17 17 17
19 17 21 17
20 32 17 32
20 32 29 32
20 32 17 32
20 32 29 32
21 4 21 8
21 4 24 4
21 4 21 8
21 17 21 10
21 17 22 17
22 12 22 11
22 12 22 14
22 12 23 12
22 12 22 11
22 12 22 14
22 12 23 12
22 15 22 14
22 15 22 16
22 15 23 15
22 15 22 14
22 15 22 16
22 15 23 15
23 12 23 11
23 12 23 13
23 12 24 12
23 12 23 11
23 13 23 15
23 13 24 13
23 13 23 15
24 3 24 2
24 3 24 4
24 3 14 3
24 3 25 3
24 4 24 3
24 4 24 5
24 4 25 4
24 5 24 4
24 5 24 7
24 5 26 5
24 5 24 7
24 5 26 5
24 10 24 8
24 10 23 10
24 10 27 10
24 28 24 29
24 28 15 28
24 28 26 28
24 29 24 28
25 3 25 2
25 3 24 3
25 3 26 3
25 3 25 2
25 3 24 3
25 7 26 7
25 7 26 7
25 29 27 29
26 3 26 2
26 3 26 4
26 3 27 3
26 3 26 2
26 3 26 4
26 8 24 8
26 8 27 8
26 8 27 8
26 8 27 8
26 14 26 16
26 14 25 14
26 14 27 14
26 14 26 16
26 14 25 14
26 14 27 14
26 28 24 28
26 28 27 28
26 28 27 28
26 33 29 33
27 8 27 7
27 8 27 10
27 8 30 8
27 10 27 12
27 10 24 10
27 12 27 13
27 12 30 12
27 12 27 13
27 14 27 15
27 14 26 14
27 15 27 16
27 20 27 19
27 20 27 21
27 20 28 20
28 6 28 2
28 18 28 20
28 18 25 18
28 18 32 18
28 20 28 18
28 20 28 21
28 20 27 20
29 0 29 1
29 0 28 0
29 0 30 0
29 0 29 1
29 0 28 0
29 0 30 0
29 1 12 1
29 1 32 1
29 1 12 1
29 1 32 1
29 27 29 30
29 27 3 27
29 27 31 27
29 27 29 30
29 27 31 27
29 31 29 30
29 31 29 32
29 31 4 31
29 31 30 31
29 31 29 30
29 31 29 32
29 31 4 31
29 31 30 31
30 0 31 0
30 3 30 2
30 3 30 5
30 3 31 3
30 21 30 24
30 21 31 21
30 21 30 24
30 21 31 21
30 21 31 21
30 21 31 21
30 24 30 25
30 24 28 24
30 25 30 26
30 25 28 25
30 25 30 26
31 2 31 3
31 27 31 21
31 27 31 31
31 27 32 27
32 1 32 0
32 1 32 17
32 1 33 1
32 1 32 0
32 21 32 18
32 21 32 22
32 21 31 21
32 21 32 22
32 23 32 27
32 31 32 29
32 31 32 32
32 31 31 31
32 31 33 31
32 31 32 29
32 31 32 32
32 31 31 31
32 31 33 31
33 1 33 0
33 1 33 16
33 1 33 0
33 16 33 17
33 27 33 29
33 27 32 27
33 27 33 29
33 27 32 27
33 29 33 30
33 29 33 30
33 32 33 33
33 32 32 32
0 9 0 14
0 15 0 23
0 15 1 15
0 32 0 31
0 32 16 32
1 11 1 13
1 11 2 11
2 1 2 0
2 1 2 2
2 1 2 2
2 10 2 11
2 19 2 17
2 19 2 21
2 19 2 17
2 19 2 21
2 21 2 22
2 21 1 21
2 25 2 24
2 25 2 26
2 25 1 25
2 33 3 33
3 31 3 30
3 31 2 31
3 31 3 30
3 31 2 31
3 33 2 33
4 10 6 10
4 23 27 23
4 30 4 28
4 30 3 30
5 19 6 19
6 18 6 17
6 18 9 18
7 19 9 19
8 6 9 6
9 6 9 5
9 6 8 6
11 15 11 13
11 15 11 16
11 15 10 15
11 15 11 16
11 15 10 15
11 16 11 18
11 16 10 16
12 22 22 22
14 6 14 3
14 6 14 8
14 6 13 6
15 5 15 7
15 5 16 5
15 7 15 10
15 10 15 7
15 10 15 19
15 10 13 10
15 10 13 10
15 28 8 28
16 5 16 8
16 8 16 9
17 11 16 11
17 11 18 11
18 5 18 8
18 8 18 5
18 8 18 9
18 8 18 9
18 13 18 15
18 15 18 16
18 15 17 15
18 15 18 16
20 14 20 12
20 14 20 15
20 14 19 14
20 14 20 12
20 14 20 15
20 14 19 14
20 15 20 16
20 16 20 15
21 10 21 8
21 10 23 10
21 10 21 8
21 10 23 10
22 22 23 22
22 26 27 26
23 7 23 8
23 7 22 7
23 7 23 8
23 7 22 7
23 10 23 9
24 13 24 15
25 2 24 2
25 14 25 18
25 14 26 14
25 14 25 18
25 29 27 29
26 16 26 17
26 16 27 16
26 33 29 33
27 0 12 0
27 3 27 4
27 7 30 7
27 17 27 16
27 20 27 19
27 20 27 21
27 23 27 22
27 23 27 25
27 23 28 23
27 23 27 22
27 23 27 25
28 2 28 6
28 18 25 18
28 24 28 23
28 24 28 25
28 24 28 23
28 25 28 26
28 25 27 25
28 26 27 26
29 30 30 30
30 0 31 0
30 7 30 5
30 7 30 8
30 7 30 5
30 9 30 11
30 16 30 12
30 28 30 30
31 2 31 3
31 31 31 27
31 31 31 32
31 31 30 31
31 32 30 32
32 23 32 27
32 28 32 27
32 33 30 33
32 33 30 33
1 21 1 15
1 21 1 22
1 22 1 23
1 22 2 22
1 22 1 23
1 23 1 24
1 23 0 23
1 23 2 23
1 24 2 24
1 24 2 24
1 26 2 26
2 10 2 11
2 11 2 12
2 12 2 11
2 12 2 13
2 16 2 15
2 23 2 24
2 25 2 26
2 29 2 28
8 29 8 28
8 29 6 29
10 25 5 25
11 24 5 24
13 10 13 11
13 10 10 10
16 2 14 2
16 8 16 9
16 11 16 9
16 11 16 14
16 11 16 14
16 14 16 15
18 9 18 11
19 11 19 14
19 11 20 11
19 11 19 14
21 8 22 8
22 7 22 8
22 8 22 9
22 8 23 8
22 9 23 9
22 22 23 22
22 26 27 26
24 22 27 22
25 19 25 18
25 19 15 19
25 19 26 19
27 0 12 0
27 22 24 22
28 22 28 23
28 23 28 22
30 5 30 3
30 9 30 11
30 11 31 11
30 11 31 11
30 28 30 30
30 31 30 32
30 32 30 33
30 32 29 32
30 33 29 33
31 11 31 5
31 27 32 27
0 27 0 31
0 27 3 27
1 31 1 30
2 16 2 15
2 29 2 28
3 28 3 30
3 28 2 28
3 28 4 28
3 28 2 28
5 28 5 29
5 29 5 28
10 25 5 25
11 24 5 24
12 0 12 1
12 0 11 0
12 1 8 1
12 1 8 1
13 19 13 13
13 19 11 19
13 19 13 13
14 13 14 11
14 13 14 17
14 13 14 11
14 13 14 17
14 17 14 18
16 2 14 2
30 3 31 3
31 3 31 5
31 5 31 11
1 28 1 30
2 15 2 14
5 24 5 25
8 1 8 2
8 2 9 2
9 0 10 0
10 0 9 0
10 2 11 2
11 13 9 13
1 14 1 15
1 14 2 14
10 2 11 2
10 2 11 2
11 2 11 3
11 3 14 3
13 2 14 2
13 6 14 6
14 3 14 6
14 8 14 9
14 8 14 9

6010

4 = = 4 3 - - - - 5 = = = = 2 4 = = = = = = = 5 - - - 4 - - - 2 4 3 
6 6 2 | 6 4 2 - - 8 = 6 = 2 3 7 = = = = = 4 4 6 3 1 1 ǁ 2 = 5 2 | 1 
2 4 2 | 2 4 = 4 2 ǁ 2 6 3 1 2 4 2 2 = 4 = 4 2 2 4 5 3 ǁ 4 2 | 2 | 2 
3 = = 7   ǁ   | | 8 = = = = = = = = = = = = = = = = = 7 6 - 5 4 | 4 
  4 2 ǁ 2 2 4 2 2 ǁ 1 2 = = = = = = = = 6 6 = 3 2 = 4 ǁ 2 - 4 2 | ǁ 
  ǁ 2 3 6 = 8 6 | ǁ | 4 = = = = = = 2 2 ǁ ǁ 2 | 3 3 ǁ ǁ 3 2 ǁ ǁ | ǁ 
1 5 1 1 ǁ 1 | 4 | ǁ 3 5 2 4   4   3 5 3 ǁ ǁ ǁ | ǁ ǁ ǁ ǁ | 1 ǁ ǁ | ǁ 
1 ǁ 1 | ǁ | | 2 | ǁ   3 3   1 4 3 1 ǁ 1 ǁ ǁ 4 | ǁ ǁ ǁ ǁ | | ǁ ǁ | ǁ 
4 7 5 5 ǁ 2 7 4 4 ǁ   | 2   2 4   2 ǁ | ǁ ǁ ǁ | ǁ ǁ ǁ ǁ 5 3 ǁ ǁ | ǁ 
3 ǁ 1 2 ǁ 2 6 3 1 ǁ   5 - 7     6 3 5 3 ǁ 4 ǁ | ǁ ǁ ǁ ǁ ǁ   ǁ ǁ | ǁ 
2 ǁ 5 = 7     |   5 3 4 2 ǁ 2 4 2 1 2 3 ǁ 4 ǁ | ǁ 3 ǁ ǁ ǁ   ǁ ǁ | ǁ 
1 ǁ 4 2 3     |     |     5 = 6 4 - 2 2 ǁ 2 ǁ | 2   ǁ ǁ ǁ   ǁ ǁ | ǁ 
4 7   |       |     |     |           | 8 = 6 |     ǁ ǁ ǁ   ǁ ǁ | 4 
ǁ ǁ 2 |     3 1     4 3 2 3 = = = = = 4 ǁ 1 ǁ |     3 ǁ ǁ   ǁ ǁ | ǁ 
ǁ ǁ 3 5 = = 5 - 3 2 ǁ 2 = 4 = = = 3 2 | ǁ 3 ǁ |     | ǁ ǁ   ǁ ǁ | ǁ 
ǁ ǁ ǁ | 4 4 - 3 = = 6 = = = = = = = = 5 ǁ ǁ ǁ |     | ǁ 5 = 6 ǁ | ǁ 
ǁ ǁ 2 | ǁ 2 - - 3 3 - 4 = = 3 2     3 ǁ ǁ ǁ ǁ |     | ǁ | 2 ǁ ǁ 1 ǁ 
ǁ ǁ   | 4 - - - 1     4 6 4 - 3   3 3 ǁ ǁ ǁ ǁ |     | ǁ | 4 ǁ ǁ 2 ǁ 
ǁ ǁ   | | 2 = = 4 3 - 2 2 2 - 4 2 ǁ   ǁ ǁ 4 ǁ |     | ǁ | ǁ ǁ ǁ ǁ ǁ 
ǁ ǁ   | 4 = = = = = = 5 = = 7 = = 6   ǁ ǁ ǁ ǁ |     | ǁ | ǁ ǁ ǁ ǁ ǁ 
ǁ ǁ   | |             1 2 = 6 4 2 ǁ   ǁ ǁ ǁ ǁ |     | ǁ | ǁ ǁ ǁ 4 ǁ 
ǁ ǁ   | 4 = = = 5 = 7 - - - - - - 4   ǁ ǁ ǁ ǁ |     | ǁ | ǁ ǁ ǁ ǁ ǁ 
ǁ ǁ   | |     3 4 2 ǁ 2 6 = 5 6 2 1   ǁ ǁ ǁ 4 |     3 ǁ | ǁ ǁ ǁ ǁ ǁ 
ǁ ǁ   | |     4 3 2 4 2 6 4 = 6 4 5   ǁ ǁ ǁ 2 |     ǁ ǁ | ǁ ǁ ǁ ǁ ǁ 
ǁ ǁ 2 7 6 6 = 2 2 - 5   1 2 - 3 1 2   ǁ ǁ ǁ 2 |     ǁ ǁ 5 4 ǁ ǁ ǁ ǁ 
ǁ ǁ 4 6 1 ǁ   4 |   ǁ       6 = = = 5 4 ǁ ǁ ǁ |     ǁ ǁ ǁ 2 ǁ ǁ ǁ ǁ 
ǁ ǁ 2 6 2 2   2 4   ǁ       8 = 4 1 ǁ 1 ǁ ǁ ǁ |     ǁ ǁ 4 ǁ ǁ ǁ ǁ 4 
2 ǁ   3 1     2 6 - 4 - 4 2 4 2 3 2 ǁ 2 8 4 4 6 = 3 3 ǁ 5 5 ǁ ǁ ǁ ǁ 
2 ǁ 2 = = = 5 | |       |           5 = 5 1 2 6 4 4 2 ǁ 2 2 ǁ ǁ ǁ ǁ 
6 6           | |       |           |           | |   8 = = 7 8 5 3 
4 ǁ 1 5 = 4 = 4 2 2 = 4 2 - - - 4   |     6 = = 4 4 2 ǁ 2 = 3 4 4 4 
2 ǁ 2 5 - 3 = = = = = 5             |     6 - - - - - 8 = = = 6 2 ǁ 
4 6 - - - - - - - - - - - - - - - 1 2 - - 5 2 2 = = = 7 2 2 = 8 3 2 
2 4 - - - - - - - - - - - - - - 2 1                   4 = 4 2 2 2 1 
