34 34
3 0 4 0 0 0 0 0 0 0 4 3 2 0 0 0 0 0 0 0 0 4 3 0 0 2 3 4 1 2 0 0 3 1 
0 2 0 2 1 4 3 4 2 1 0 2 0 2 0 3 0 0 2 0 0 0 0 0 2 0 0 2 0 3 2 0 0 0 
0 0 0 0 1 4 0 4 0 4 0 2 6 0 0 0 4 0 0 2 0 5 3 2 0 0 3 0 5 0 0 0 7 5 
0 5 5 5 0 4 3 0 1 0 0 1 0 0 0 0 2 0 0 5 4 0 3 0 5 0 0 1 0 0 2 1 0 0 
0 0 0 4 1 5 4 0 0 0 0 0 0 0 0 0 0 0 0 0 3 0 3 0 0 0 0 0 2 0 0 0 0 0 
0 0 0 4 1 2 2 7 5 0 0 0 2 0 0 0 0 0 0 0 2 0 3 2 3 0 0 3 0 0 6 5 0 0 
0 0 0 3 0 0 0 5 0 0 0 0 0 0 0 0 0 0 0 0 0 0 0 0 0 0 0 0 1 0 0 0 0 0 
0 0 0 2 0 0 0 3 3 0 4 0 0 0 0 0 0 0 4 5 3 0 0 0 0 0 0 0 0 0 0 0 0 0 
0 0 0 0 1 0 0 4 3 0 4 0 3 1 1 0 3 0 5 3 1 0 0 0 0 0 2 0 0 0 0 0 0 0 
0 3 0 3 0 0 0 0 0 6 0 0 0 0 0 0 0 0 0 0 0 5 4 0 0 0 3 5 4 1 0 2 0 0 
5 5 0 0 2 3 4 3 3 0 3 2 4 0 2 4 0 0 3 2 3 0 0 0 0 0 0 2 4 2 0 2 0 0 
3 0 0 0 0 3 0 1 4 0 5 0 6 2 0 6 0 0 5 0 3 0 5 4 0 5 0 0 0 0 6 5 0 0 
3 0 0 0 0 0 4 3 0 0 4 1 0 1 0 4 4 2 3 2 0 0 3 0 0 0 0 0 0 0 0 0 0 0 
4 2 0 0 3 4 0 4 0 0 4 0 7 0 5 0 0 0 0 0 4 0 3 0 1 0 0 0 0 0 0 0 0 0 
6 3 0 0 0 2 0 4 0 0 2 0 0 1 4 0 2 0 3 4 0 0 3 0 0 0 1 0 0 0 0 0 0 0 
5 3 0 4 5 3 0 0 0 0 5 0 5 3 4 0 0 3 1 4 0 0 4 6 5 0 0 0 0 0 0 0 0 0 
4 2 0 3 0 0 5 5 3 0 4 4 4 3 4 0 0 4 1 2 0 0 0 0 0 0 5 0 0 0 6 0 0 0 
4 0 5 0 0 0 0 0 0 5 0 0 0 0 0 0 0 0 0 0 4 0 0 0 0 0 3 1 3 1 3 0 0 0 
0 0 0 2 0 0 0 5 3 0 1 2 2 3 3 0 0 0 0 0 0 0 0 0 2 0 0 3 5 0 0 0 0 0 
0 0 0 0 0 0 0 0 0 0 2 6 5 3 0 0 0 0 0 0 0 0 0 0 0 0 0 0 0 0 0 0 0 0 
0 1 0 1 0 0 0 0 0 0 1 0 1 1 0 0 0 0 0 0 0 0 0 0 1 0 4 0 4 0 3 2 0 0 
0 0 0 2 0 0 0 0 1 0 0 0 4 0 5 0 0 0 0 0 3 0 0 0 0 0 3 2 2 0 0 2 0 0 
0 0 0 0 0 0 0 0 0 0 5 5 6 4 8 0 0 0 0 4 2 0 3 0 2 5 5 4 0 0 0 0 0 0 
0 0 0 0 0 0 0 0 0 0 4 0 1 0 3 0 0 3 0 4 1 0 2 0 2 5 0 0 5 2 0 0 0 2 
0 0 0 0 0 0 0 0 0 0 4 5 0 0 0 0 0 0 0 0 0 7 3 0 4 0 0 0 0 0 7 5 0 1 
0 0 0 0 0 0 0 0 0 0 1 2 0 0 0 3 2 0 0 0 0 0 3 0 0 1 0 3 0 0 0 2 0 0 
4 3 0 5 0 0 0 6 0 6 0 3 3 2 0 1 0 0 0 0 0 4 4 0 0 0 0 0 0 0 0 0 0 0 
4 3 0 5 0 0 0 2 3 6 0 0 0 0 0 0 0 0 3 0 0 0 0 0 0 0 0 4 0 0 6 4 0 2 
3 3 0 3 1 2 0 0 5 5 0 0 0 3 2 0 2 0 4 0 2 0 0 0 0 2 3 0 0 0 4 4 0 0 
2 0 5 0 0 0 0 0 0 0 0 0 0 0 0 0 0 0 0 0 0 0 4 6 6 0 0 0 0 0 0 0 6 5 
3 1 0 2 4 0 0 0 0 0 0 0 0 0 0 0 0 4 0 4 2 4 5 0 4 0 0 0 4 0 0 3 0 0 
3 2 0 1 2 0 0 0 0 0 0 0 2 0 0 1 0 0 1 5 2 0 2 0 0 1 0 0 3 2 2 1 0 3 
3 0 6 0 0 0 0 0 0 0 0 0 0 0 0 0 0 5 5 7 0 5 0 5 4 0 0 0 6 5 6 0 4 1 
3 2 3 0 0 0 0 0 0 0 0 4 0 0 0 3 2 3 4 6 3 0 0 5 3 1 0 0 4 0 5 1 4 2 
400 250
2 32 2 28
2 32 2 33
2 32 0 32
2 32 29 32
2 33 2 32
2 33 0 33
2 33 23 33
3 1 3 2
3 1 1 1
3 1 9 1
5 7 5 6
5 7 5 8
5 7 2 7
5 7 6 7
5 31 5 30
5 31 3 31
5 31 9 31
10 0 10 1
10 0 0 0
10 0 11 0
11 31 11 30
11 31 10 31
11 31 20 31
13 12 13 10
13 12 13 14
13 12 11 12
13 12 15 12
14 0 14 1
14 0 13 0
14 0 15 0
14 0 14 1
14 0 13 0
14 0 15 0
15 24 15 23
15 24 13 24
15 24 18 24
16 6 16 3
16 6 16 7
16 6 12 6
16 26 16 30
16 26 14 26
16 26 17 26
16 30 16 26
16 30 11 30
16 30 17 30
18 28 18 27
18 28 17 28
18 28 20 28
22 10 22 11
22 10 20 10
22 10 23 10
22 14 22 13
22 14 22 19
22 14 21 14
22 14 23 14
22 14 22 13
22 14 22 19
22 14 21 14
22 14 23 14
24 21 24 11
24 21 24 22
24 21 9 21
24 21 26 21
24 30 24 24
24 30 24 31
24 30 20 30
24 30 27 30
28 8 28 5
28 8 28 9
28 8 27 8
29 33 29 32
29 33 27 33
29 33 31 33
32 19 32 18
32 19 32 21
32 19 31 19
32 19 33 19
32 29 32 28
32 29 32 30
32 29 31 29
33 19 33 18
33 19 33 20
33 19 32 19
33 19 33 18
33 19 33 20
33 20 33 23
33 23 33 24
33 23 32 23
33 30 33 28
33 30 33 31
33 30 32 30
33 32 33 33
33 32 32 32
33 32 33 33
33 32 32 32
1 30 1 29
2 33 2 32
5 31 5 30
5 31 9 31
11 22 11 23
11 22 9 22
11 22 12 22
13 0 13 1
13 0 12 0
15 4 15 3
15 4 15 5
15 4 13 4
15 10 15 12
15 10 14 10
15 10 16 10
15 24 15 23
15 24 18 24
16 26 17 26
16 30 11 30
16 30 17 30
22 10 22 11
22 10 23 10
22 13 22 12
22 13 20 13
22 26 22 25
22 26 22 27
22 26 21 26
22 27 22 26
22 27 21 27
22 27 22 26
23 10 23 12
23 10 24 10
23 14 23 17
23 17 23 19
23 25 23 24
23 25 23 28
23 25 22 25
23 33 24 33
24 10 24 11
24 10 25 10
24 10 24 11
27 33 29 33
33 18 33 17
33 18 32 18
33 23 33 24
33 23 32 23
33 30 33 28
33 30 32 30
1 30 1 29
5 30 5 27
5 30 3 30
5 30 11 30
5 30 5 27
10 31 11 31
15 23 15 22
15 23 11 23
15 23 29 23
15 23 15 22
21 12 20 12
21 12 22 12
21 12 22 12
21 12 22 12
22 12 22 11
22 12 22 11
23 17 23 19
23 19 23 20
23 19 22 19
27 27 27 30
27 27 25 27
27 27 27 30
27 27 25 27
27 30 27 31
27 30 24 30
27 30 28 30
27 31 25 31
27 31 28 31
27 31 25 31
28 31 28 30
28 31 30 31
28 31 28 30
29 23 29 22
29 23 29 24
29 23 32 23
29 23 29 22
29 23 29 24
29 24 24 24
29 24 30 24
29 24 24 24
29 24 30 24
29 32 29 33
29 32 2 32
29 32 32 32
29 32 32 32
30 22 30 21
30 22 29 22
30 22 31 22
30 24 30 28
30 24 32 24
30 28 30 31
30 28 31 28
30 28 30 31
31 31 31 30
31 33 32 33
32 30 32 29
32 30 31 30
32 30 32 29
33 28 33 25
33 28 32 28
0 32 0 29
0 32 0 29
1 29 1 27
2 28 2 26
2 28 4 28
2 28 2 26
2 28 4 28
15 22 14 22
15 22 22 22
19 12 19 11
19 12 19 13
19 12 18 12
22 11 19 11
22 19 22 20
22 20 21 20
22 22 23 22
24 24 24 30
24 31 24 30
24 31 21 31
24 31 21 31
25 27 25 25
28 25 28 26
28 26 28 25
28 26 28 30
31 25 31 28
31 29 31 28
32 28 32 24
33 24 32 24
0 28 0 27
14 22 13 22
19 11 19 10
19 11 19 12
19 11 18 11
19 11 19 10
22 22 23 22
32 24 32 23
0 27 0 26
0 27 1 27
0 27 0 26
14 22 13 22
32 23 32 21
13 22 12 22
32 21 32 19
32 21 30 21
32 21 30 21
12 22 11 22
31 22 30 22

5521

3   4               4 3 2                 4 3     2 3 4 1 2 = = 3 1 
| 2   2 1 4 3 4 2 1   2   2   3     2           2     2 - 3 2   | | 
| |     1 4   4   4   2 6       4     2   5 3 2     3 = 5 - - - 7 5 
| 5 5 5   4 3 | 1     1         2     5 4   3   5     1 ǁ   2 1 ǁ | 
| |   4 1 5 4 |                         3   3           2   | | ǁ | 
| |   4 1 2 2 7 5       2               2   3 2 3     3 = = 6 5 ǁ | 
| |   3       5                                         1   | ǁ ǁ | 
| |   2       3 3   4               4 5 3                   | ǁ ǁ | 
| |     1     4 3   4   3 1 1   3   5 3 1           2       | ǁ ǁ | 
| 3   3           6                       5 4       3 5 4 1 | 2 ǁ | 
5 5     2 3 4 3 3   3 2 4   2 4     3 2 3 | |         2 4 2 | 2 ǁ | 
3         3   1 4   5   6 2   6     5   3 | 5 4   5         6 5 ǁ | 
3           4 3     4 1 | 1   4 4 2 3 2   | 3 |             ǁ | ǁ | 
4 2     3 4 | 4     4 - 7 - 5           4 | 3 | 1           ǁ | ǁ | 
6 3     | 2 | 4     2   | 1 4   2   3 4   | 3 | |   1       ǁ | ǁ | 
5 3   4 5 3 |       5 - 5 3 4     3 1 4   | 4 6 5   |       ǁ | ǁ | 
4 2   3 - - 5 5 3   4 4 4 3 4     4 1 2   | | | ǁ   5 = = = 6 | ǁ | 
4   5             5                     4 | | | ǁ   3 1 3 1 3 | ǁ | 
      2       5 3   1 2 2 3 3             | | | 2     3 5     | ǁ | 
                    2 6 5 3               | | |         |     | ǁ | 
  1   1             1 | 1 1               | | | 1   4   4   3 2 ǁ | 
      2         1   | | 4 | 5           3 | | |     3 2 2   | 2 ǁ | 
                    5 5 6 4 8 = = = = 4 2 | 3 | 2 5 5 4     | ǁ ǁ | 
                    4 - 1   3 - - 3 = 4 1 | 2 | 2 5 - - 5 2 | ǁ ǁ 2 
                    4 5 - - - - - - - - - 7 3 | 4 = = = = = 7 5 ǁ 1 
                    1 2       3 2         | 3 | ǁ 1 - 3     ǁ 2 ǁ   
4 3   5       6   6   3 3 2   1           4 4 | ǁ     ǁ     ǁ ǁ ǁ   
4 3   5       2 3 6                 3         | ǁ     4 = = 6 4 ǁ 2 
3 3   3 1 2 - - 5 5       3 2   2   4   2     | ǁ 2 3 - - - 4 4 ǁ ǁ 
2   5                                       4 6 6             | 6 5 
3 1   2 4                         4   4 2 4 5 | 4 - - - 4 = = 3 ǁ | 
3 2   1 2               2     1     1 5 2 ǁ 2 | | 1 - - 3 2 2 1 ǁ 3 
3   6                             5 5 7 = 5 - 5 4 - - - 6 5 6   4 1 
3 2 3                 4       3 2 3 4 6 3 - - 5 3 1 - - 4 = 5 1 4 2 
