34 34
2 3 0 4 0 0 0 0 0 0 0 0 0 0 0 0 3 0 0 3 0 2 1 0 3 0 4 1 0 3 2 1 1 1 
2 4 1 0 1 0 0 0 0 0 0 0 0 0 0 0 0 0 0 0 0 0 0 0 0 0 7 0 0 4 2 1 0 2 
1 4 0 6 0 0 0 0 0 0 0 0 0 0 0 0 0 0 0 0 0 0 0 4 2 1 0 1 0 3 0 0 4 0 
4 5 1 0 2 1 1 2 0 0 2 0 3 2 1 2 0 1 3 1 1 3 1 0 2 3 0 3 2 0 2 3 0 0 
0 2 2 0 6 6 0 0 0 0 0 0 5 0 0 3 1 0 6 0 5 6 3 0 0 3 0 0 1 0 0 0 0 0 
4 2 2 0 4 4 0 4 0 3 4 1 0 3 0 4 1 0 4 2 0 2 3 0 0 0 0 4 0 4 4 3 0 0 
2 0 0 0 1 3 2 3 0 0 4 2 0 2 1 2 0 1 1 0 0 3 3 0 0 0 0 0 1 0 0 1 0 0 
1 4 0 5 0 0 0 0 0 0 0 0 5 0 0 0 0 0 0 3 2 0 0 3 0 0 0 1 4 2 3 2 0 0 
1 4 3 0 2 0 0 0 0 3 0 0 5 0 0 0 0 0 0 0 0 0 0 3 5 3 0 3 7 1 3 1 0 0 
1 1 2 0 2 2 1 2 0 4 2 1 3 0 0 4 0 0 0 2 1 0 2 0 3 1 0 1 3 3 5 2 0 0 
3 0 0 4 0 0 0 0 0 0 0 0 0 0 0 0 0 0 0 0 0 0 0 0 0 0 6 0 0 0 0 0 6 5 
1 2 1 0 3 0 0 3 0 0 0 0 0 0 0 3 0 0 0 2 1 2 1 1 1 0 0 2 3 4 0 5 4 4 
2 6 5 0 0 1 1 0 1 4 0 0 2 0 0 0 2 0 0 4 0 3 3 2 2 0 5 3 0 0 1 0 2 0 
1 0 4 0 3 3 2 1 2 5 0 0 0 0 0 5 0 0 0 0 0 0 0 0 0 0 7 1 0 4 2 0 2 0 
1 0 2 0 1 0 2 0 2 2 1 0 0 3 0 4 1 1 0 0 2 0 0 0 0 0 5 2 0 2 1 0 0 0 
3 5 0 4 0 0 0 0 0 0 0 0 0 0 0 0 0 0 0 0 0 0 0 0 0 0 0 0 5 0 0 6 2 0 
3 0 1 0 2 3 0 0 0 0 0 3 0 0 0 0 0 0 0 0 0 0 0 0 2 2 2 2 0 1 1 0 1 0 
3 0 3 0 2 0 2 0 0 0 0 4 0 0 0 0 0 0 0 2 1 0 0 0 0 0 2 3 0 0 0 0 0 0 
2 0 0 0 0 0 3 0 1 1 0 5 0 0 0 0 0 1 0 0 0 0 0 0 0 0 0 0 0 3 3 0 2 0 
4 6 6 0 2 0 0 0 0 0 0 0 0 0 0 0 0 0 0 0 0 0 0 0 0 0 2 3 0 0 0 0 0 0 
0 0 3 0 0 0 0 0 0 0 0 0 0 0 0 0 0 0 0 0 0 0 0 0 0 0 0 0 0 0 0 0 0 0 
0 0 0 0 3 0 1 0 0 0 0 0 0 0 0 0 0 0 0 0 0 0 0 0 0 0 0 0 0 0 0 0 0 0 
0 4 2 0 2 0 2 0 0 0 0 4 0 0 0 0 0 0 0 0 0 0 0 0 0 0 0 0 0 0 0 0 3 2 
0 0 1 0 0 0 0 0 0 0 0 1 0 2 0 0 2 0 0 2 0 0 0 0 0 0 0 0 0 0 2 0 0 0 
0 0 2 0 2 5 0 0 0 0 0 0 0 0 2 0 0 1 2 4 0 0 0 0 0 0 0 0 0 0 1 0 0 0 
0 0 0 0 1 3 0 0 0 0 0 0 0 0 0 0 0 0 0 4 3 0 2 1 0 0 0 0 0 0 0 0 0 0 
0 0 4 6 0 0 0 0 0 0 0 0 0 0 0 0 0 0 0 0 0 0 0 0 5 5 4 0 0 3 0 5 5 0 
0 0 1 1 1 5 0 0 0 0 2 1 2 0 0 0 0 0 0 0 0 3 3 2 2 1 0 0 0 2 1 0 2 1 
0 6 0 0 0 5 0 0 0 0 0 0 2 0 0 0 0 2 0 1 0 0 1 1 1 0 3 4 0 2 0 3 2 2 
0 4 0 0 0 0 0 0 0 0 0 0 0 0 0 0 0 0 0 0 0 4 0 0 0 3 1 1 0 2 1 1 0 3 
3 0 0 0 0 3 0 0 2 0 0 2 1 1 0 0 0 0 0 0 0 3 1 2 0 0 0 0 5 0 0 0 4 4 
1 3 2 2 1 0 2 0 3 0 0 0 0 0 0 0 0 0 0 0 0 4 0 0 0 0 0 0 3 0 0 3 5 2 
2 3 0 0 0 6 0 0 0 0 0 4 1 1 1 0 0 0 3 2 2 3 1 2 0 0 0 0 0 0 0 3 3 2 
3 2 1 0 0 4 0 0 0 1 1 3 0 3 0 0 0 0 4 3 2 2 0 0 0 0 2 0 0 0 2 0 1 1 
400 184
1 26 1 4
1 26 1 29
1 26 0 26
1 26 10 26
8 28 8 27
8 28 8 29
8 28 7 28
8 28 9 28
10 33 10 32
10 33 1 33
10 33 11 33
13 26 13 15
13 26 13 27
13 26 12 26
13 26 14 26
26 32 26 31
26 32 22 32
26 32 27 32
28 1 28 5
28 1 22 1
28 1 29 1
28 1 28 5
28 1 22 1
28 1 29 1
29 1 29 21
29 1 31 1
33 5 33 2
33 5 33 9
33 5 32 5
33 5 32 5
33 10 33 11
1 26 1 29
1 26 0 26
1 26 10 26
8 28 8 27
8 28 7 28
8 28 9 28
10 26 10 3
10 26 10 32
10 26 12 26
10 26 10 3
10 32 10 33
10 32 2 32
10 32 11 32
10 32 10 33
11 31 11 29
11 31 11 32
11 31 15 31
11 33 11 32
11 33 22 33
11 33 11 32
12 32 13 32
13 26 13 15
13 26 12 26
13 26 14 26
22 1 22 2
22 1 19 1
32 5 32 1
32 5 32 11
32 5 30 5
32 5 32 1
0 26 0 24
0 26 0 27
2 32 2 29
2 32 0 32
2 32 2 29
9 30 9 29
9 30 9 31
9 30 8 30
12 32 13 32
19 1 19 0
19 1 19 2
19 1 15 1
19 1 19 0
19 1 19 2
19 2 19 4
19 2 17 2
19 2 20 2
19 2 19 4
20 2 22 2
21 4 21 6
21 4 22 4
21 4 22 4
22 6 22 11
24 5 24 4
24 5 24 14
24 5 25 5
26 3 26 2
26 3 26 24
26 3 27 3
26 3 26 2
26 3 26 24
26 3 26 2
27 2 26 2
27 4 27 5
27 5 27 10
27 5 28 5
27 5 27 10
27 5 28 5
27 11 27 12
28 5 28 12
28 17 28 12
28 17 28 19
30 5 30 8
31 4 31 3
31 6 31 8
0 24 0 22
0 33 1 33
19 0 18 0
19 0 30 0
22 6 22 11
24 2 24 4
24 2 23 2
25 4 25 5
25 23 25 22
27 12 27 21
30 0 31 0
30 5 30 8
31 3 31 2
31 6 31 8
31 8 31 21
32 11 32 12
32 11 33 11
32 11 33 11
33 13 33 18
33 13 32 13
33 13 33 18
33 18 33 19
33 18 32 18
0 21 0 19
18 0 17 0
24 5 24 14
24 5 25 5
25 19 25 20
25 19 24 19
25 19 25 20
25 19 24 19
25 22 25 20
30 11 30 12
30 13 30 21
31 1 31 2
31 1 32 1
32 0 33 0
32 0 33 0
32 14 32 18
32 18 32 19
33 0 33 1
0 21 0 19
17 0 16 0
0 19 0 16
17 0 16 0
0 16 0 3
16 0 15 0
0 16 0 3
0 3 0 1
0 3 2 3
2 3 2 1
2 3 2 23
2 3 7 3
2 3 2 1
2 3 2 23
2 23 2 24
2 23 7 23
4 4 4 5
4 4 3 4
4 4 5 4
4 4 4 5
4 4 3 4
4 4 5 4
4 5 4 12
4 5 3 5
4 5 5 5
4 5 4 12
5 4 5 5
5 4 6 4
5 5 5 7
5 5 6 5
5 7 5 9
5 7 6 7
5 7 5 9
1 2 1 1
3 6 3 7
3 7 3 10
3 10 3 12

14199

2 3 - 4 = = = = = = = = = = = = 3 - - 3 = 2 1 - 3 - 4 1   3 2 1 1 1 
2 4 1 | 1 - - - - - - - - - - - - - - - - - - - - - 7 = = 4 2 1 | 2 
1 4 = 6 = = = = = = = = = = = = = = = = = = = 4 2 1 ǁ 1   3 = = 4 | 
4 5 1 | 2 1 1 2 - - 2 - 3 2 1 2   1 3 1 1 3 1 | 2 3 ǁ 3 2   2 3 | | 
  2 2 | 6 6 = = = = = = 5     3 1   6   5 6 3 |   3 ǁ   1       | | 
4 2 2 | 4 4 - 4 = 3 4 1   3   4 1   4 2   2 3 |     ǁ 4   4 4 3 | | 
2     | 1 3 2 3     4 2   2 1 2   1 1     3 3 |     ǁ   1     1 | | 
1 4   5                 5             3 2     3     ǁ 1 4 2 3 2 | | 
1 4 3   2         3     5                     3 5 3 ǁ 3 7 1 3 1 | | 
1 1 2   2 2 1 2   4 2 1 3     4       2 1   2   3 1 ǁ 1 3 3 5 2 | | 
3     4 = = = = = = = = = = = = = = = = = = = = = = 6 - - - - - 6 5 
1 2 1   3     3               3       2 1 2 1 1 1   | 2 3 4 - 5 4 4 
2 6 5     1 1   1 4     2       2     4   3 3 2 2   5 3     1 | 2 | 
1   4   3 3 2 1 2 5           5 = = = = = = = = = = 7 1   4 2 | 2 | 
1   2   1   2   2 2 1     3   4 1 1     2           5 2   2 1 |   | 
3 5   4                                                 5     6 2 | 
3 | 1   2 3           3                         2 2 2 2   1 1   1 | 
3 | 3   2   2         4               2 1           2 3           | 
2 | |       3   1 1   5           1                       3 3   2 | 
4 6 6 = 2                                           2 3           | 
| | 3                                                             | 
| | |   3 - 1                                                     | 
| 4 2   2   2 = = = = 4                                         3 2 
| ǁ 1                 1   2     2     2                     2   |   
| ǁ 2 - 2 5 = = = = = = = = 2     1 2 4                     1   |   
| ǁ     1 3                           4 3 - 2 1                 |   
| ǁ 4 6 = = = = = = = = = = = = = = = = = = = = 5 5 4     3   5 5   
| ǁ 1 1 1 5 = = = = 2 1 2 - - - - - - - - 3 3 2 2 1       2 1   2 1 
| 6 = = = 5 - - - - - - 2 - - - - 2 - 1     1 1 1   3 4   2   3 2 2 
| 4 - - - - - - - - - - - - - - - - - - - 4       3 1 1   2 1 1   3 
3 |       3 = = 2     2 1 1 - - - - - - - 3 1 2         5       4 4 
1 3 2 2 1 | 2 = 3 - - - - - - - - - - - - 4             3     3 5 2 
2 3 = = = 6 - - - - - 4 1 1 1 - - - 3 2 2 3 1 2               3 3 2 
3 2 1 - - 4 - - - 1 1 3   3 = = = = 4 3 2 2         2       2   1 1 
