34 34
2 2 0 0 3 0 0 0 3 3 0 4 0 5 3 4 0 0 0 0 0 3 0 2 0 0 0 0 0 0 0 3 4 4 
0 2 0 0 5 0 3 2 0 0 0 3 2 4 3 0 0 0 0 0 0 0 0 0 0 0 0 0 0 0 0 0 0 0 
3 0 0 0 6 1 0 3 6 7 0 0 0 0 0 6 0 0 0 0 0 0 0 0 0 0 0 0 0 0 0 6 7 4 
2 1 4 3 0 2 4 0 0 0 2 0 3 4 0 4 0 5 6 5 0 6 0 4 2 3 0 0 0 0 4 2 2 0 
5 0 6 4 0 2 0 0 0 0 1 1 0 0 0 0 0 3 5 5 2 0 1 0 0 3 1 0 0 0 0 0 2 2 
0 0 0 0 0 3 2 0 0 0 0 0 0 2 0 0 0 0 0 0 0 7 0 0 0 0 0 0 0 0 7 5 4 0 
0 0 0 3 0 3 0 0 0 0 3 3 0 0 0 2 0 0 0 0 0 0 3 6 0 0 0 0 0 0 7 4 5 4 
0 0 0 0 0 0 0 0 0 0 0 1 0 0 0 0 0 0 0 0 0 0 1 3 0 0 0 2 1 1 4 2 2 0 
4 2 0 4 0 3 5 4 0 0 0 2 0 2 0 7 0 0 0 0 0 8 0 0 0 0 0 0 0 0 0 5 4 0 
2 1 0 2 0 1 0 3 0 0 0 0 0 0 0 0 2 3 2 1 2 0 2 1 0 0 0 0 0 0 0 5 2 0 
4 0 7 0 7 0 5 4 0 0 0 0 0 0 0 0 0 1 0 0 0 0 5 0 0 0 0 0 0 0 0 5 3 2 
4 3 0 4 7 4 0 2 0 0 0 5 5 0 0 4 4 3 0 0 0 0 0 0 1 1 2 1 0 0 3 0 0 1 
0 0 0 0 0 2 0 0 0 0 0 3 4 3 0 0 1 0 0 0 0 0 0 0 0 0 0 0 0 0 0 0 2 0 
0 0 0 0 0 1 0 3 0 0 0 2 0 4 2 0 1 0 0 0 0 0 3 0 4 0 0 2 0 0 5 0 2 0 
0 0 0 3 0 0 0 0 0 0 6 0 0 0 0 6 4 2 0 0 0 0 2 0 6 0 6 0 3 1 0 0 3 2 
0 2 0 0 0 2 0 0 0 0 3 0 0 1 1 5 0 0 0 5 6 0 1 0 0 0 0 0 2 1 0 0 0 2 
0 0 0 1 0 0 0 0 0 3 4 5 0 0 0 7 1 2 0 7 4 0 3 0 0 0 6 0 0 0 4 0 0 0 
0 0 0 0 0 2 0 0 0 1 1 3 0 0 0 5 0 3 2 2 0 0 1 1 0 0 4 0 2 0 0 0 0 0 
0 0 0 0 0 0 0 6 7 0 0 0 0 0 0 0 0 0 0 0 0 6 0 0 0 0 0 0 0 0 4 3 0 0 
3 0 0 2 6 5 0 0 0 4 4 0 0 0 4 0 0 6 4 3 3 0 1 3 0 0 2 0 0 3 4 4 0 0 
2 0 0 3 4 4 0 4 0 2 2 1 2 0 6 3 2 0 0 0 2 0 4 5 0 0 0 0 0 5 5 2 0 0 
4 0 6 0 3 3 0 2 0 0 0 0 0 0 2 3 3 0 0 0 0 0 3 4 0 0 0 3 1 0 4 3 0 0 
2 0 0 3 0 0 6 0 6 0 0 0 0 0 0 0 0 6 5 6 0 7 0 0 0 0 0 0 0 5 0 0 6 4 
2 2 0 3 3 2 0 1 0 4 0 0 0 0 0 5 4 0 0 0 3 5 0 1 1 0 0 3 3 0 3 1 0 0 
0 2 1 0 1 1 0 0 0 0 2 0 0 0 0 0 0 0 0 0 4 3 0 0 0 0 0 6 4 0 0 0 0 1 
4 0 0 3 0 0 4 2 0 3 5 0 6 0 0 4 0 0 3 0 3 1 0 0 0 0 1 5 2 0 0 0 0 0 
0 2 4 0 0 0 4 1 0 2 0 0 8 2 0 0 4 0 2 4 3 0 0 0 0 0 0 4 1 0 0 0 0 0 
0 1 1 0 2 3 0 1 0 0 0 0 2 0 0 0 0 0 0 0 0 0 0 0 0 0 0 0 0 0 0 2 4 0 
0 5 0 0 6 3 3 4 6 0 0 0 0 0 0 6 5 3 0 0 0 0 0 0 0 0 2 4 0 7 4 0 0 0 
0 3 2 1 0 2 0 0 0 0 0 0 0 0 0 2 2 4 0 5 0 3 2 0 0 0 0 0 0 8 3 2 4 3 
3 0 0 0 4 4 5 0 4 0 0 0 0 0 0 0 0 0 0 3 0 4 0 3 0 0 1 0 0 0 3 0 4 1 
3 0 0 0 0 2 3 0 2 0 0 0 0 0 0 0 0 0 0 0 0 0 0 0 0 0 0 0 0 7 0 0 6 4 
3 0 0 0 0 0 0 4 0 0 0 0 0 0 0 0 0 0 0 5 0 0 4 0 0 0 0 0 0 4 0 0 1 4 
3 0 0 0 0 0 0 0 0 0 0 0 0 0 2 0 0 0 0 1 0 0 2 0 0 0 2 0 0 2 0 0 0 2 
400 448
0 13 0 11
0 13 0 14
0 13 1 13
0 33 0 32
0 33 2 33
0 33 0 32
0 33 2 33
2 9 2 8
2 9 2 15
2 9 0 9
2 9 16 9
2 32 2 31
2 32 2 33
2 32 0 32
2 32 3 32
2 33 2 32
3 17 3 15
3 17 3 18
3 17 4 17
3 18 3 17
3 18 3 19
3 18 4 18
3 18 3 17
3 18 3 19
4 0 4 2
4 0 3 0
4 0 8 0
5 21 5 13
5 21 5 30
5 21 3 21
5 21 8 21
6 23 6 22
6 23 6 30
6 23 7 23
6 23 6 22
6 23 6 30
6 23 7 23
6 30 6 31
6 30 5 30
6 30 7 30
8 15 8 13
8 15 8 21
8 15 6 15
8 15 11 15
8 21 8 15
8 21 8 31
8 21 5 21
8 21 18 21
10 2 10 0
10 2 10 4
10 2 4 2
10 2 21 2
10 22 10 31
10 22 9 22
10 22 13 22
11 3 11 4
11 3 14 3
11 3 11 4
11 3 14 3
11 4 11 5
11 4 10 4
11 4 19 4
11 11 11 12
11 11 8 11
11 11 12 11
14 3 16 3
14 10 14 15
14 10 6 10
14 10 15 10
14 10 14 15
14 10 6 10
14 10 15 10
14 15 14 16
14 15 11 15
14 15 15 15
14 15 14 16
15 20 15 19
15 20 9 20
15 20 16 20
15 20 15 19
15 20 9 20
15 20 16 20
16 11 16 10
16 11 16 15
16 11 17 11
16 15 16 11
16 15 16 16
16 15 15 15
16 15 17 15
16 19 16 17
16 19 16 20
16 19 15 19
16 19 17 19
16 20 16 19
18 7 18 8
18 7 13 7
18 7 20 7
18 7 18 8
18 7 13 7
18 7 20 7
18 8 18 21
18 8 2 8
18 8 22 8
19 5 19 4
19 5 17 5
19 5 20 5
19 9 19 10
19 9 20 9
19 9 19 10
19 9 20 9
19 10 19 14
19 10 20 10
19 14 19 17
19 14 20 14
19 14 19 17
19 17 19 18
19 17 22 17
19 17 19 18
19 17 22 17
19 18 19 19
19 18 22 18
20 7 20 5
20 7 21 7
20 14 20 12
20 14 20 15
20 14 21 14
20 14 20 12
20 14 20 15
22 6 22 3
22 6 22 8
22 6 25 6
22 6 22 3
22 6 22 8
22 6 25 6
22 8 22 17
22 8 18 8
22 8 28 8
22 21 22 19
22 21 22 29
22 21 18 21
22 21 23 21
23 7 25 7
23 9 23 15
23 9 25 9
23 9 23 15
23 9 25 9
25 10 25 9
25 10 25 12
25 10 24 10
25 12 25 10
25 12 25 15
25 12 26 12
26 9 26 12
26 12 26 9
26 12 26 13
26 12 25 12
26 12 27 12
28 1 28 4
28 1 27 1
28 1 29 1
28 8 28 7
28 8 28 15
28 8 30 8
28 8 28 7
28 8 28 15
28 15 28 16
28 15 25 15
28 15 29 15
28 15 28 16
28 29 28 27
28 29 28 30
28 29 22 29
28 29 29 29
29 15 29 16
29 29 29 22
29 29 29 30
29 29 28 29
29 29 31 29
29 29 29 22
29 29 29 30
29 29 28 29
31 29 31 8
31 29 31 32
31 29 32 29
32 19 32 7
32 19 32 22
32 19 33 19
33 14 33 0
0 32 0 31
2 32 2 31
2 32 3 32
3 15 3 13
3 15 2 15
3 15 3 13
4 18 4 17
4 18 4 19
4 18 4 17
4 18 4 19
4 20 4 19
4 22 4 25
6 22 7 22
7 23 7 27
7 27 7 28
7 29 7 30
7 30 7 31
7 30 6 30
8 21 8 31
8 21 18 21
10 6 10 4
10 6 10 7
10 6 8 6
13 14 13 13
14 16 14 17
14 16 13 16
14 24 14 22
14 24 14 26
14 24 13 24
14 24 14 22
14 24 14 26
14 24 13 24
14 26 14 28
14 26 11 26
14 26 16 26
14 26 14 28
15 5 13 5
15 5 17 5
15 22 16 22
16 15 15 15
16 15 17 15
16 26 16 22
16 26 16 30
16 26 17 26
16 26 16 22
16 26 16 30
16 30 13 30
16 30 18 30
18 21 18 8
18 21 18 30
18 30 18 31
18 30 19 30
20 10 20 11
20 20 19 20
21 7 21 5
21 14 21 15
22 21 22 19
22 21 22 29
22 21 23 21
25 10 24 10
25 12 25 15
25 15 25 18
26 12 26 13
26 12 27 12
26 16 26 18
26 16 28 16
26 16 26 18
26 16 28 16
28 1 28 4
28 1 29 1
28 4 28 5
28 4 27 4
28 4 30 4
28 4 28 5
29 1 29 2
29 2 29 3
30 4 30 0
30 4 30 5
30 4 30 0
30 26 30 23
31 29 31 8
31 29 31 32
31 29 32 29
31 32 31 33
31 32 30 32
31 32 32 32
31 32 31 33
31 33 30 33
31 33 32 33
32 29 32 22
32 29 33 29
32 33 33 33
33 14 33 0
2 8 2 7
2 8 2 9
2 8 0 8
2 8 2 7
2 15 2 9
2 15 2 31
2 15 0 15
2 15 2 31
3 13 3 12
3 13 5 13
3 21 3 19
3 21 3 23
3 21 5 21
3 21 3 19
3 21 3 23
3 23 3 24
4 19 4 20
4 19 3 19
5 21 5 30
12 5 11 5
12 16 11 16
13 7 11 7
13 14 13 13
13 24 13 22
13 24 11 24
15 28 15 29
15 28 14 28
17 22 17 23
17 26 17 28
17 28 17 26
20 20 19 20
22 17 22 18
22 19 22 18
22 19 19 19
22 19 26 19
22 19 22 18
23 15 23 16
23 16 23 15
25 18 22 18
26 19 26 20
26 19 29 19
26 19 26 20
29 33 29 32
29 33 24 33
29 33 29 32
30 8 30 6
30 8 30 19
30 8 30 6
30 23 30 21
30 32 30 30
30 32 29 32
30 32 30 30
32 7 32 0
32 7 32 19
32 7 32 0
32 19 32 22
32 22 33 22
32 33 33 33
33 0 32 0
33 22 33 26
33 26 33 29
0 15 0 14
0 15 0 21
0 15 0 14
0 21 0 23
1 14 1 13
3 23 3 24
11 25 11 26
12 5 11 5
13 13 13 11
13 13 12 13
13 22 10 22
19 19 19 20
22 33 22 32
22 33 15 33
22 33 22 32
22 33 15 33
23 15 23 16
28 7 28 6
28 7 27 7
29 32 29 31
30 23 30 21
30 30 29 30
0 13 0 11
0 13 1 13
0 21 0 23
0 31 2 31
0 31 2 31
1 13 1 12
11 5 11 4
11 7 10 7
13 11 12 11
22 32 22 29
22 32 14 32
22 32 27 32
22 32 22 29
27 5 27 4
27 5 24 5
27 5 28 5
27 32 27 31
28 30 28 29
28 30 23 30
28 30 23 30
29 5 30 5
29 31 27 31
30 21 30 19
30 21 29 21
0 11 0 9
0 11 1 11
1 11 1 12
10 7 10 6
10 7 9 7
20 29 20 23
20 29 20 30
20 29 19 29
23 5 23 4
23 30 23 31
25 6 25 7
25 6 26 6
26 6 26 7
26 6 28 6
26 6 28 6
27 2 26 2
28 27 28 26
28 27 26 27
28 27 28 26
29 5 30 5
30 5 30 6
30 6 31 6
30 6 31 6
30 19 29 19
31 6 31 5
9 7 8 7
23 5 23 4
26 2 26 1
26 2 24 2
26 2 26 1
31 5 31 0
9 7 8 7
21 2 21 0
21 2 21 4
21 2 10 2
24 1 23 1
24 1 23 1
24 4 23 4
25 0 23 0
25 0 30 0
25 0 23 0
25 3 23 3
8 7 8 6
8 7 2 7
15 1 11 1
21 2 21 0
21 2 21 4
25 3 23 3
1 7 1 6
15 1 11 1
21 0 20 0
21 0 22 0
22 0 22 3
1 7 1 6
11 1 11 0
20 0 19 0
11 0 10 0
11 0 19 0
11 0 10 0
10 0 10 2

5185

2 2     3       3 3 - 4 = 5 3 4 - - - - - 3 = 2               3 4 4 
  2     5   3 2 | |   3 2 4 3 |                               ǁ | ǁ 
3       6 1   3 6 7 = = = = = 6 = = = = = = = = = = = = = = = 6 7 4 
2 1 4 3   2 4 | | | 2   3 4 = 4 - 5 6 5 = 6 = 4 2 3         4 2 2   
5 - 6 4   2   | | | 1 1   |       3 5 5 2 ǁ 1 - - 3 1           2 2 
|   |     3 2 | | |       2 - - - - - - - 7 = = = = = = = = 7 5 4   
|   | 3   3   | | | 3 3       2           ǁ 3 6 = = = = = = 7 4 5 4 
|   |         | | | ǁ 1       |           ǁ 1 3 - - - 2 1 1 4 2 2   
4 2 | 4   3 5 4 | | ǁ 2   2 - 7 = = = = = 8 = = = = = = = = = 5 4   
2 1 | 2   1 | 3 | | ǁ |       | 2 3 2 1 2 ǁ 2 1               5 2   
4 = 7 - 7 - 5 4 | | ǁ |       |   1     ǁ ǁ 5 - - - - - - - - 5 3 2 
4 3 ǁ 4 7 4   2 | | ǁ 5 5     4 4 3     ǁ ǁ ǁ   1 1 2 1     3     1 
| ǁ ǁ ǁ | 2   | | | ǁ 3 4 3   | 1       ǁ ǁ ǁ   |   |           2   
| ǁ ǁ ǁ | 1   3 | | ǁ 2 - 4 2 | 1       ǁ ǁ 3 - 4   | 2     5   2   
| ǁ ǁ 3 | |   ǁ | | 6 = = = = 6 4 2     ǁ ǁ 2 = 6 = 6 = 3 1 |   3 2 
| 2 ǁ | | 2   ǁ | | 3     1 1 5       5 6 ǁ 1       |   2 1 |   | 2 
|   ǁ 1 | |   ǁ | 3 4 5 = = = 7 1 2 - 7 4 ǁ 3 = = = 6 = = = 4   | ǁ 
|   ǁ   | 2   ǁ | 1 1 3       5   3 2 2   ǁ 1 1     4 = 2   |   | ǁ 
|   ǁ   | |   6 7 = = = = = = = = = = = = 6 - - - - - - - - 4 3 | ǁ 
3   ǁ 2 6 5   ǁ ǁ 4 4 - - - 4 = = 6 4 3 3 | 1 3     2     3 4 4 | ǁ 
2   ǁ 3 4 4 - 4 ǁ 2 2 1 2 = 6 3 2 ǁ | | 2 | 4 5 - - - - - 5 5 2 | ǁ 
4 = 6 = 3 3 - 2 ǁ           2 3 3 ǁ | |   | 3 4       3 1   4 3 | ǁ 
2 - - 3 = = 6 = 6 - - - - - - - - 6 5 6 = 7 = = = = = = = 5 = = 6 4 
2 2   3 3 2 ǁ 1 | 4 = = = = = 5 4   | | 3 5   1 1     3 3 | 3 1 |   
ǁ 2 1 ǁ 1 1 ǁ | | ǁ 2               | | 4 3           6 4 | ǁ   | 1 
4   | 3   | 4 2 | 3 5 = 6 = = 4 - - 3 | 3 1         1 5 2 | ǁ   | | 
| 2 4     | 4 1 | 2 = = 8 2   | 4 = 2 4 3             4 1 | ǁ   | | 
| 1 1   2 3 ǁ 1 |       2     | ǁ     |               |   | ǁ 2 4 | 
| 5 = = 6 3 3 4 6 = = = = = = 6 5 3   |             2 4 - 7 4 |   | 
| 3 2 1 | 2     |             2 2 4   5   3 2 = = = = = = 8 3 2 4 3 
3 = = = 4 4 5 = 4 - - - - - - - - - - 3 - 4 = 3 - - 1     | 3 = 4 1 
3 - - - - 2 3   2 = = = = = = = = = = = = = = = = = = = = 7 = = 6 4 
3 = = = = = = 4 = = = = = = = = = = = 5 = = 4 - - - - - - 4     1 4 
3 = = = = = = = = = = = = = 2         1     2 - - - 2 - - 2       2 
