34 34
1 1 0 0 0 2 0 0 2 1 0 0 0 0 1 0 0 0 0 3 0 0 0 0 0 0 3 0 4 1 3 0 4 1 
2 2 0 0 0 0 0 0 5 3 2 0 0 0 0 0 0 0 0 4 0 2 0 2 0 0 0 1 4 0 1 0 0 0 
0 2 0 0 0 1 0 0 0 1 3 0 0 1 0 0 0 0 0 1 0 0 0 0 0 0 0 1 3 0 0 0 0 0 
0 1 0 0 0 0 0 0 4 0 0 0 0 0 0 0 0 0 0 0 0 0 3 4 1 0 0 0 2 0 0 0 0 0 
0 2 0 0 0 0 0 0 0 0 0 0 0 0 0 0 0 0 0 0 0 0 1 2 1 0 0 3 0 0 0 0 5 1 
0 0 0 0 0 0 0 0 0 0 0 0 0 0 0 0 0 0 0 0 0 0 0 0 0 0 0 2 1 0 0 0 0 2 
3 6 0 0 0 0 0 0 7 0 0 0 0 0 0 0 0 0 0 0 0 0 0 0 0 0 6 0 0 0 0 0 4 3 
0 0 1 2 3 0 3 1 0 1 3 1 1 1 0 0 1 0 0 0 0 0 0 3 4 2 0 3 0 0 4 0 3 1 
0 0 4 4 4 0 4 0 0 1 0 4 3 2 0 0 3 0 2 2 1 2 1 0 0 0 0 0 0 2 0 0 0 0 
0 0 3 0 2 1 0 0 0 2 3 0 4 0 3 0 0 1 0 5 4 0 1 0 3 0 0 0 1 4 0 0 0 0 
0 2 2 4 0 0 4 3 0 0 0 0 0 1 0 0 0 0 0 1 0 0 0 0 2 0 0 0 0 0 0 0 0 0 
0 0 1 2 2 3 0 1 0 2 0 0 3 2 0 0 0 2 3 0 6 6 2 0 2 2 0 0 1 0 0 2 0 0 
0 4 7 4 0 5 5 3 0 0 0 0 2 1 2 1 0 0 3 3 0 0 2 0 0 0 0 0 0 0 0 0 0 0 
0 0 2 0 1 0 0 2 0 0 0 0 0 0 0 0 0 0 2 4 0 0 0 0 0 3 0 3 3 2 0 0 0 0 
0 1 1 2 0 0 0 0 0 0 0 6 0 0 0 0 5 3 1 0 0 5 3 0 0 0 0 3 0 0 0 0 0 0 
0 3 3 0 0 0 1 1 0 0 0 0 1 3 1 2 2 2 2 2 0 2 0 0 0 0 0 4 5 0 5 4 0 0 
0 0 1 0 0 0 0 0 0 0 0 0 3 4 0 4 0 0 0 0 5 0 0 4 5 3 0 3 3 1 2 0 0 0 
0 0 0 0 0 2 0 0 5 6 3 0 4 3 3 0 2 0 0 0 5 2 0 0 0 0 0 2 1 0 1 0 0 0 
0 2 0 0 3 0 0 0 0 3 1 0 1 1 2 0 0 0 2 0 3 1 0 2 0 0 0 3 0 6 3 0 0 0 
3 2 0 0 1 1 2 0 0 0 0 5 0 0 0 4 0 0 0 0 4 0 2 0 0 0 0 4 1 0 0 0 0 0 
0 1 1 1 0 0 3 0 2 0 0 0 1 3 1 0 0 0 0 0 0 0 1 0 3 0 0 0 1 0 1 0 0 0 
0 2 0 0 0 0 0 0 0 0 0 0 0 0 3 5 1 0 0 0 0 0 0 0 2 0 0 0 0 0 0 0 0 0 
0 0 4 0 0 0 4 0 3 0 0 0 2 5 0 4 0 0 0 0 0 0 3 0 4 2 0 5 4 0 2 0 0 0 
0 0 2 0 0 0 0 0 2 1 0 0 1 1 0 2 0 0 0 0 0 0 1 0 0 0 0 3 2 0 0 1 0 0 
0 2 0 0 0 0 4 0 0 0 0 4 0 0 0 0 0 0 0 0 0 0 0 0 0 0 5 0 0 5 4 1 0 0 
0 1 1 0 0 0 0 1 0 0 0 0 0 0 0 0 1 0 0 0 3 1 0 2 2 0 0 3 1 2 2 1 0 0 
0 0 0 0 0 0 0 3 0 0 0 6 0 0 0 0 0 0 0 0 5 0 0 2 0 0 0 0 1 0 4 3 0 0 
2 4 5 0 0 0 4 0 3 4 1 0 3 4 2 0 1 0 2 1 0 0 0 0 0 0 0 4 0 0 0 0 4 3 
0 0 0 4 2 1 4 2 4 5 3 0 2 4 0 0 0 0 6 5 0 2 6 0 7 3 0 0 2 0 2 0 0 2 
0 0 0 0 0 0 2 1 2 2 2 0 0 0 1 3 0 0 1 2 0 0 2 0 0 0 0 0 3 2 0 0 0 2 
1 0 0 0 1 0 2 3 0 0 0 6 2 0 1 5 0 0 0 0 4 0 0 0 5 3 0 0 0 2 2 1 0 0 
2 4 0 3 0 0 0 0 0 0 0 3 1 0 0 2 1 0 1 0 3 0 0 0 3 1 0 0 0 1 1 0 4 5 
2 2 2 0 0 0 0 3 0 4 1 2 0 5 0 0 0 0 0 0 0 0 0 0 0 0 4 3 5 0 0 2 3 3 
2 2 0 0 0 0 0 3 1 4 2 2 2 3 0 1 0 1 0 0 0 0 0 0 0 0 3 1 3 3 0 1 4 3 
400 24
6 8 6 1
6 8 6 26
6 8 3 8
6 8 17 8
12 2 12 1
12 2 12 3
12 2 11 2
12 2 13 2
14 11 14 16
14 11 8 11
14 11 19 11
14 11 14 16
14 11 8 11
14 11 19 11
28 24 28 22
28 24 28 25
28 24 25 24
28 24 30 24
31 33 31 32
31 33 29 33
31 33 32 33
12 2 12 1
12 2 12 3
12 2 13 2

8644

1 1       2     2 1         1         3             3   4 1 3   4 1 
2 2             5 3 2                 4   2   2       1 4   1       
  2       1       1 3     1           1               1 3           
  1             4                           3 4 1       2           
  2             |                           1 2 1     3         5 1 
                |                                     2 1         2 
3 6 - - - - - - 7 - - - - - - - - - - - - - - - - - 6           4 3 
    1 2 3   3 1 | 1 3 1 1 1     1             3 4 2   3     4   3 1 
    4 4 4   4   | 1   4 3 2     3   2 2 1 2 1             2         
    3   2 1     | 2 3 ǁ 4   3     1   5 4   1   3       1 4         
  2 2 4     4 3 |     ǁ   1           1         2                   
    1 2 2 3   1 | 2   ǁ 3 2       2 3   6 6 2   2 2     1     2     
  4 7 4   5 5 3 |     ǁ 2 1 2 1     3 3     2                       
    2   1     2 |     ǁ             2 4           3   3 3 2         
  1 1 2         |     6 = = = = 5 3 1     5 3         3             
  3 3       1 1 |     ǁ 1 3 1 2 2 2 2 2   2           4 5   5 4     
    1           |     ǁ 3 4   4         5     4 5 3   3 3 1 2       
          2     5 6 3 ǁ 4 3 3   2       5 2           2 1   1       
  2     3         3 1 ǁ 1 1 2       2   3 1   2       3   6 3       
3 2     1 1 2         5       4         4   2         4 1           
  1 1 1     3   2       1 3 1               1   3       1   1       
  2                         3 5 1               2                   
    4       4   3       2 5   4             3   4 2   5 4   2       
    2           2 1     1 1   2             1         3 2     1     
  2         4         4                             5     5 4 1     
  1 1         1                 1       3 1   2 2     3 1 2 2 1     
              3       6                 5     2 |       1   4 3     
2 4 5       4   3 4 1   3 4 2   1   2 1         |     4         4 3 
      4 2 1 4 2 4 5 3   2 4         6 5   2 6 - 7 3     2   2     2 
            2 1 2 2 2       1 3     1 2     2   |       3 2       2 
1       1   2 3       6 2   1 5         4       5 3       2 2 1   | 
2 4   3               3 1     2 1   1   3       3 1       1 1   4 5 
2 2 2         3   4 1 2   5                         4 3 5     2 3 3 
2 2           3 1 4 2 2 2 3   1   1                 3 1 3 3   1 4 3 
