34 34
1 0 0 0 0 2 3 5 0 4 1 0 0 2 0 0 0 0 4 4 3 0 0 0 5 2 2 3 2 0 2 2 3 1 
2 2 3 3 2 0 2 0 0 5 2 2 6 0 0 0 0 0 5 0 0 0 0 3 0 0 0 0 0 1 0 0 0 2 
0 0 6 7 4 0 1 0 0 3 4 0 6 2 0 0 0 0 0 1 3 0 0 6 5 1 0 0 1 0 0 0 0 0 
0 0 2 0 2 0 3 7 0 0 0 0 0 0 0 0 0 0 4 0 2 0 0 2 4 3 0 0 0 0 0 0 0 0 
0 0 1 0 1 0 1 0 1 0 0 2 0 0 0 0 2 0 2 0 0 1 0 0 2 2 2 0 0 0 4 0 4 0 
0 0 3 7 0 7 0 8 0 0 0 0 0 0 0 0 0 0 0 4 0 0 0 0 0 0 0 5 0 4 2 0 0 0 
0 0 0 0 0 0 0 0 1 1 0 5 0 0 6 0 0 0 0 0 0 0 0 0 0 0 0 0 0 5 1 0 0 0 
0 0 0 0 0 0 2 0 0 2 1 3 1 0 0 0 0 0 0 0 0 0 2 0 0 0 0 0 0 6 2 0 0 0 
0 0 0 0 0 0 0 0 0 2 0 0 0 0 7 0 0 0 0 0 0 0 0 0 0 0 0 0 0 0 0 0 5 3 
0 0 0 0 2 6 4 0 0 2 0 3 1 2 0 1 2 4 0 0 0 0 0 0 0 4 1 2 0 0 4 0 4 0 
0 0 2 0 1 0 2 0 3 0 0 4 5 3 0 0 0 0 2 3 0 0 0 0 0 0 0 1 2 0 3 2 0 1 
0 0 0 4 3 0 0 0 0 3 2 0 4 3 0 0 0 0 0 0 0 0 0 0 0 0 4 0 7 0 2 0 0 0 
0 0 0 1 2 0 3 0 0 0 0 0 1 0 0 0 0 0 0 0 0 0 0 0 0 0 4 2 0 0 0 0 0 0 
0 0 5 5 2 4 0 0 4 3 2 0 1 0 0 0 0 2 4 6 0 0 0 0 0 4 0 0 5 0 5 0 0 0 
0 0 3 4 0 7 3 0 2 0 1 0 0 0 0 0 0 0 0 3 0 4 2 0 0 0 3 0 3 0 3 0 0 0 
0 0 2 3 0 4 1 0 0 0 0 0 0 0 0 0 5 0 0 0 0 0 0 0 0 5 4 0 5 0 0 0 5 4 
3 7 0 0 0 0 0 7 0 0 0 5 3 2 0 5 7 3 4 0 0 0 5 3 0 0 0 0 0 1 0 2 0 0 
2 4 1 0 0 3 0 0 1 0 0 5 3 0 0 2 2 4 6 0 2 0 0 0 0 0 0 0 0 3 1 0 0 0 
2 5 0 0 0 8 0 6 0 0 0 0 0 0 6 0 0 6 0 0 0 0 4 0 0 0 0 0 0 0 0 0 0 0 
4 8 4 3 3 0 4 5 0 0 3 2 5 2 0 1 0 0 0 0 0 0 0 0 0 0 0 0 0 0 0 0 0 0 
0 0 3 0 2 0 2 2 3 3 4 1 0 1 0 0 0 0 0 2 0 0 0 6 4 0 0 0 0 3 3 5 0 0 
0 0 1 3 0 5 0 0 0 0 0 0 5 5 0 5 0 6 0 0 0 3 0 0 0 0 0 0 0 0 0 0 0 0 
0 5 0 0 0 0 0 0 5 0 0 3 4 6 0 2 0 0 2 0 0 0 0 0 2 0 0 0 0 0 3 0 0 0 
0 0 2 0 0 0 5 2 0 3 2 1 0 0 0 0 0 0 5 0 0 4 0 0 0 0 0 0 0 0 0 0 0 0 
0 0 0 0 0 0 3 0 0 4 4 0 3 0 0 0 0 0 0 0 0 0 0 0 0 0 4 2 0 0 0 0 0 0 
1 0 0 0 0 0 0 0 0 0 3 0 0 5 0 3 0 5 3 0 1 0 0 0 0 0 4 2 0 0 2 0 0 0 
2 6 0 0 0 0 7 4 0 0 1 0 0 2 0 2 0 2 0 0 0 0 0 0 0 0 2 1 0 0 0 0 0 0 
0 4 0 0 3 0 5 3 0 3 0 0 0 0 4 0 0 0 0 0 0 0 0 0 0 7 0 0 6 5 0 4 0 0 
0 1 0 2 0 0 0 0 4 3 0 0 5 3 0 1 0 3 0 2 0 0 1 0 0 0 3 2 0 0 0 2 0 4 
4 0 0 0 0 0 0 0 0 0 5 4 3 1 0 4 0 6 0 0 0 0 2 3 0 7 6 4 0 0 1 2 0 0 
4 2 2 1 0 0 3 1 0 0 1 0 0 0 0 3 1 0 0 0 2 0 4 3 4 4 3 3 0 0 0 0 0 4 
3 3 6 0 0 0 5 0 0 0 0 0 0 0 4 0 0 5 0 0 0 0 4 0 0 5 4 1 0 3 4 2 0 0 
2 4 2 1 1 0 2 3 0 5 0 0 3 0 4 4 0 5 1 1 0 3 0 0 0 0 0 0 5 3 5 0 5 4 
0 4 0 0 0 0 0 5 2 3 2 1 2 3 6 5 1 3 3 1 1 3 2 0 0 0 1 0 1 1 4 2 2 2 
400 354
0 7 0 6
0 7 0 9
0 7 3 7
0 24 0 20
0 24 0 25
0 24 2 24
1 9 1 10
1 9 0 9
1 9 2 9
1 12 1 11
1 12 1 18
1 12 2 12
1 12 1 11
1 12 1 18
1 12 2 12
2 2 2 3
2 2 1 2
2 2 3 2
2 2 2 3
2 2 1 2
2 2 3 2
2 3 2 4
2 3 1 3
2 3 5 3
2 12 2 10
2 12 2 13
2 12 7 12
2 12 2 10
3 7 3 6
3 7 0 7
3 7 5 7
3 7 3 6
3 7 5 7
3 7 3 6
4 2 5 2
5 5 5 3
5 5 5 7
5 5 0 5
5 5 9 5
5 7 5 5
5 7 16 7
5 7 16 7
6 11 6 9
6 11 4 11
6 11 7 11
6 14 6 29
6 14 8 14
6 14 6 29
6 14 8 14
7 6 9 6
8 14 8 9
8 14 8 32
8 14 18 14
11 28 11 26
11 28 11 30
11 28 10 28
11 28 13 28
13 2 13 3
13 2 10 2
13 2 14 2
13 30 13 28
13 30 11 30
13 30 14 30
14 5 14 3
14 5 14 6
14 5 13 5
14 5 15 5
15 16 15 25
15 16 9 16
15 16 16 16
16 1 16 0
16 1 16 7
16 1 1 1
16 1 17 1
16 15 16 16
16 15 9 15
16 15 17 15
16 22 16 18
16 22 16 23
16 22 18 22
18 5 18 1
18 5 18 7
18 5 17 5
18 5 21 5
18 5 18 1
18 5 18 7
18 5 17 5
18 5 21 5
18 7 18 14
18 7 16 7
18 7 19 7
18 7 18 14
18 14 18 17
18 14 8 14
18 14 27 14
18 17 18 22
18 17 17 17
18 17 21 17
18 17 18 22
18 17 17 17
18 22 16 22
19 1 19 0
19 1 19 2
19 1 18 1
19 1 22 1
19 1 19 0
19 1 19 2
19 1 18 1
19 1 22 1
19 2 19 3
19 2 20 2
19 6 19 7
19 6 20 6
19 6 19 7
19 6 20 6
19 12 19 11
19 12 19 13
19 12 21 12
19 15 21 15
20 31 20 30
20 31 16 31
20 31 27 31
21 13 21 12
21 13 20 13
21 13 22 13
21 15 21 17
21 15 22 15
21 15 21 17
21 15 22 15
22 13 22 12
22 13 21 13
22 13 25 13
22 13 22 12
22 13 21 13
23 6 23 2
23 6 23 7
23 6 24 6
23 18 23 21
23 18 22 18
23 18 25 18
25 13 25 10
25 13 26 13
25 13 25 10
25 13 26 13
26 6 26 1
26 6 26 7
26 6 24 6
26 6 27 6
27 25 27 14
27 25 27 28
27 25 15 25
27 25 29 25
28 12 28 9
28 12 28 13
28 12 29 12
29 10 29 0
29 10 29 11
29 10 30 10
30 24 30 23
30 24 30 25
30 24 30 23
30 24 30 25
31 25 31 22
31 25 31 26
31 25 30 25
32 9 32 7
32 9 32 12
32 9 33 9
33 1 33 7
33 1 32 1
33 1 33 7
33 1 32 1
33 14 33 13
33 14 33 15
33 14 32 14
33 14 33 13
33 14 33 15
33 14 32 14
33 15 33 16
33 15 32 15
33 15 32 15
2 6 1 6
2 10 2 9
2 10 1 10
2 13 2 19
3 18 3 20
3 18 4 18
3 18 3 20
3 18 4 18
4 4 3 4
4 21 4 24
5 19 5 27
7 6 9 6
7 9 7 10
7 9 8 9
7 11 6 11
7 22 7 29
7 29 7 22
7 29 7 30
7 29 6 29
7 29 7 30
7 29 6 29
8 14 8 32
9 6 9 5
9 6 10 6
11 28 11 26
11 28 10 28
11 28 13 28
13 30 13 28
13 30 14 30
14 21 14 19
14 21 14 22
14 21 14 19
14 21 14 22
16 7 16 1
16 7 16 11
16 7 16 11
17 5 17 2
17 8 17 11
17 11 17 12
17 11 16 11
17 11 17 12
17 11 16 11
17 12 16 12
17 18 17 17
17 18 17 20
17 18 16 18
17 18 17 17
17 18 17 20
17 18 16 18
19 0 18 0
19 0 25 0
19 13 19 12
20 19 20 23
20 23 20 19
20 23 20 24
20 23 16 23
20 23 20 24
20 23 16 23
20 24 22 24
23 21 23 18
23 21 21 21
23 21 21 21
25 20 25 18
29 11 29 10
29 11 29 12
29 11 29 10
0 19 0 18
0 19 0 20
0 19 0 18
0 19 0 20
0 24 0 25
0 24 2 24
1 6 0 6
2 9 1 9
2 20 2 23
3 4 2 4
5 19 5 27
7 11 6 11
9 5 9 4
9 5 5 5
9 5 13 5
9 5 9 4
10 6 12 6
11 26 9 26
11 26 12 26
12 6 14 6
12 26 12 27
12 26 14 26
12 26 12 27
13 5 13 4
13 5 14 5
13 28 14 28
14 19 13 19
16 18 16 17
20 24 22 24
21 21 21 17
22 18 23 18
25 18 25 17
29 0 26 0
29 0 30 0
29 0 26 0
30 0 30 1
30 0 31 0
30 0 30 1
0 18 0 13
0 18 1 18
1 9 0 9
1 18 1 23
2 4 2 3
2 4 1 4
2 20 2 23
2 23 2 24
2 23 1 23
2 23 3 23
2 23 2 24
3 23 3 24
4 11 4 8
6 8 10 8
9 25 9 17
9 25 13 25
9 25 9 17
9 25 13 25
10 27 9 27
12 6 14 6
13 19 13 18
13 19 13 25
13 19 10 19
13 19 13 18
13 19 13 25
14 5 14 3
14 5 15 5
15 5 15 3
15 5 15 6
16 17 16 16
21 17 25 17
21 17 25 17
26 1 26 6
26 1 22 1
26 1 27 1
0 9 0 7
0 10 0 13
1 4 1 3
1 18 1 23
9 17 9 16
9 17 13 17
9 27 9 30
9 30 9 32
9 30 10 30
9 30 9 32
9 32 8 32
9 32 15 32
10 19 10 18
10 30 10 31
10 30 10 31
13 17 13 18
13 18 10 18
16 17 16 16
26 1 22 1
26 1 27 1
27 1 27 4
27 1 28 1
27 4 27 6
28 3 28 8
0 6 0 5
5 5 5 3
22 1 22 8
23 2 23 6
27 4 27 6
28 3 28 8
28 8 28 9
28 8 22 8
0 0 1 0
26 10 25 10

3911

1         2 3 5 = 4 1 - - 2 - - - - 4 4 3 - - - 5 2 2 3 2   2 2 3 1 
2 2 3 3 2 | 2 ǁ   5 2 2 6 = = = = = 5 = = = = 3 ǁ         1       2 
  | 6 7 4 | 1 ǁ   3 4 = 6 2 - - - - - 1 3 = = 6 5 1     1           
  | 2 | 2 | 3 7         |           4 = 2     2 4 3                 
  | 1 | 1 | 1 ǁ 1 - - 2 |       2   2     1 - - 2 2 2       4   4   
  | 3 7 = 7 = 8       | |             4 = = = = = = = 5   4 2       
  |       ǁ   ǁ 1 1 - 5 |   6 = = = = = = = = = = = = = = 5 1       
  |       ǁ 2 ǁ | 2 1 3 1   ǁ               2 = = = = = = 6 2       
  |       ǁ ǁ ǁ | 2 - - - - 7 = = = = = = = = = = = = = = = = = 5 3 
  |     2 6 4 ǁ | 2   3 1 2 ǁ 1 2 4 = = = = = = = 4 1 2 - - 4 = 4   
  | 2   1 | 2 ǁ 3     4 5 3 ǁ | | | 2 3           ǁ | 1 2   3 2 | 1 
  | | 4 3 | | ǁ   3 2   4 3 ǁ | | | | |           ǁ 4 = 7 - 2   |   
  | | 1 2 | 3 ǁ         1   ǁ | | | | |           ǁ 4 2 ǁ   |   |   
  | 5 5 2 4 ǁ ǁ 4 3 2   1   ǁ | | 2 4 6 = = = = = 4 |   5 = 5   |   
  | 3 4 = 7 3 ǁ 2   1       ǁ | |     3 = 4 2       3   3   3   |   
  | 2 3 - 4 1 ǁ             ǁ | 5 - - - - - - - - 5 4   5       5 4 
3 7 = = = = = 7 = = = 5 3 2 ǁ 5 7 3 4 - - - 5 3   |       1   2     
2 4 1 - - 3   | 1 - - 5 3   ǁ 2 2 4 6 = 2   ǁ ǁ   |       3 1 |     
2 5 = = = 8 = 6 = = = = = = 6 - - 6 = = = = 4 ǁ   |           |     
4 8 4 3 3 ǁ 4 5     3 2 5 2 | 1   |           ǁ   |           |     
| ǁ 3   2 ǁ 2 2 3 3 4 1 | 1 | |   |   2 = = = 6 4 |       3 3 5     
| ǁ 1 3   5             5 5 | 5 = 6 - - - 3     ǁ |           |     
| 5 - - - - - - 5     3 4 6 | 2   ǁ 2     ǁ     2 |         3 |     
| ǁ 2 = = = 5 2 | 3 2 1   | |     ǁ 5 = = 4       |           |     
| ǁ         3   | 4 4   3 | |     ǁ |             | 4 2       |     
1 ǁ         |   |   3 = = 5 | 3   5 3 - 1         | 4 2     2 |     
2 6 = = = = 7 4 |   1     2 | 2   2               | 2 1       |     
ǁ 4 - - 3 = 5 3 | 3         4 - - - - - - - - - - 7 - - 6 5   4     
ǁ 1   2 = = = = 4 3 - - 5 3   1   3   2     1     | 3 2       2   4 
4 - - - - - - - - - 5 4 3 1   4   6         2 3   7 6 4     1 2     
4 2 2 1     3 1     1         3 1       2   4 3 4 4 3 3           4 
3 3 6       5               4     5         4 - - 5 4 1   3 4 2     
2 4 2 1 1   2 3 - 5 - - 3   4 4   5 1 1   3             5 3 5   5 4 
  4 = = = = = 5 2 3 2 1 2 3 6 5 1 3 3 1 1 3 2       1   1 1 4 2 2 2 
