34 34
2 0 4 0 0 0 0 0 0 0 4 3 2 0 0 0 0 0 0 0 0 3 2 0 0 2 3 4 1 2 0 0 2 1 
0 1 0 2 1 2 1 3 1 1 0 2 0 2 0 3 0 0 2 0 0 0 0 0 2 0 0 2 0 3 2 0 0 0 
0 0 0 0 1 3 0 4 0 3 0 2 6 0 0 0 4 0 0 1 0 5 2 1 0 0 3 0 5 0 0 0 5 3 
0 4 5 5 0 3 2 0 1 0 0 1 0 0 0 0 2 0 0 3 4 0 2 0 5 0 0 1 0 0 2 1 0 0 
0 0 0 3 1 3 1 0 0 0 0 0 0 0 0 0 0 0 0 0 2 0 1 0 0 0 0 0 2 0 0 0 0 0 
0 0 0 2 1 2 2 6 4 0 0 0 2 0 0 0 0 0 0 0 1 0 1 2 3 0 0 3 0 0 5 3 0 0 
0 0 0 1 0 0 0 2 0 0 0 0 0 0 0 0 0 0 0 0 0 0 0 0 0 0 0 0 1 0 0 0 0 0 
0 0 0 2 0 0 0 2 1 0 4 0 0 0 0 0 0 0 4 4 3 0 0 0 0 0 0 0 0 0 0 0 0 0 
0 0 0 0 1 0 0 4 2 0 4 0 3 1 1 0 3 0 5 3 1 0 0 0 0 0 1 0 0 0 0 0 0 0 
0 1 0 3 0 0 0 0 0 5 0 0 0 0 0 0 0 0 0 0 0 4 3 0 0 0 2 5 4 1 0 1 0 0 
3 2 0 0 2 1 2 3 1 0 3 1 1 0 2 2 0 0 3 1 2 0 0 0 0 0 0 1 2 1 0 2 0 0 
2 0 0 0 0 2 0 1 2 0 5 0 3 2 0 4 0 0 5 0 3 0 4 4 0 5 0 0 0 0 5 4 0 0 
1 0 0 0 0 0 3 1 0 0 3 1 0 1 0 4 3 1 2 1 0 0 2 0 0 0 0 0 0 0 0 0 0 0 
3 2 0 0 3 4 0 1 0 0 3 0 5 0 4 0 0 0 0 0 3 0 3 0 1 0 0 0 0 0 0 0 0 0 
5 3 0 0 0 1 0 3 0 0 1 0 0 1 4 0 2 0 3 3 0 0 2 0 0 0 1 0 0 0 0 0 0 0 
1 1 0 3 4 2 0 0 0 0 3 0 5 2 4 0 0 2 1 3 0 0 2 5 4 0 0 0 0 0 0 0 0 0 
3 2 0 2 0 0 4 5 3 0 3 4 4 1 2 0 0 2 1 2 0 0 0 0 0 0 3 0 0 0 3 0 0 0 
3 0 4 0 0 0 0 0 0 5 0 0 0 0 0 0 0 0 0 0 3 0 0 0 0 0 1 1 2 1 1 0 0 0 
0 0 0 2 0 0 0 5 3 0 1 2 1 2 2 0 0 0 0 0 0 0 0 0 2 0 0 2 3 0 0 0 0 0 
0 0 0 0 0 0 0 0 0 0 1 4 2 2 0 0 0 0 0 0 0 0 0 0 0 0 0 0 0 0 0 0 0 0 
0 1 0 1 0 0 0 0 0 0 1 0 1 1 0 0 0 0 0 0 0 0 0 0 1 0 3 0 3 0 3 1 0 0 
0 0 0 2 0 0 0 0 1 0 0 0 2 0 4 0 0 0 0 0 3 0 0 0 0 0 1 2 2 0 0 2 0 0 
0 0 0 0 0 0 0 0 0 0 4 5 2 1 5 0 0 0 0 2 1 0 1 0 2 4 3 4 0 0 0 0 0 0 
0 0 0 0 0 0 0 0 0 0 1 0 1 0 2 0 0 3 0 3 1 0 1 0 2 4 0 0 4 1 0 0 0 1 
0 0 0 0 0 0 0 0 0 0 2 4 0 0 0 0 0 0 0 0 0 5 3 0 2 0 0 0 0 0 6 4 0 1 
0 0 0 0 0 0 0 0 0 0 1 2 0 0 0 2 1 0 0 0 0 0 1 0 0 1 0 2 0 0 0 1 0 0 
4 2 0 3 0 0 0 6 0 6 0 3 3 2 0 1 0 0 0 0 0 3 1 0 0 0 0 0 0 0 0 0 0 0 
4 1 0 3 0 0 0 2 3 5 0 0 0 0 0 0 0 0 2 0 0 0 0 0 0 0 0 3 0 0 6 2 0 2 
3 2 0 3 1 2 0 0 4 3 0 0 0 2 1 0 1 0 3 0 1 0 0 0 0 2 3 0 0 0 4 2 0 0 
2 0 5 0 0 0 0 0 0 0 0 0 0 0 0 0 0 0 0 0 0 0 4 6 4 0 0 0 0 0 0 0 5 4 
3 1 0 2 4 0 0 0 0 0 0 0 0 0 0 0 0 4 0 3 1 2 2 0 3 0 0 0 4 0 0 3 0 0 
2 1 0 1 2 0 0 0 0 0 0 0 2 0 0 1 0 0 1 3 2 0 1 0 0 1 0 0 2 2 1 1 0 3 
2 0 5 0 0 0 0 0 0 0 0 0 0 0 0 0 0 4 4 3 0 5 0 5 3 0 0 0 4 3 1 0 3 1 
3 2 3 0 0 0 0 0 0 0 0 3 0 0 0 2 1 1 2 1 1 0 0 3 1 1 0 0 3 0 2 1 3 2 
400 16
3 1 3 2
3 1 1 1
3 1 9 1
3 1 3 2
14 0 14 1
14 0 13 0
14 0 15 0
22 10 22 11
22 10 20 10
22 10 23 10
22 10 22 11
32 21 32 19
32 21 32 23
32 21 30 21
14 0 14 1
14 0 13 0

2936

2   4               4 3 2                 3 2     2 3 4 1 2     2 1 
  1   2 1 2 1 3 1 1   2   2   3     2           2     2   3 2       
  |     1 3   4   3   2 6       4     1   5 2 1     3   5       5 3 
  4 5 5   3 2   1     1         2     3 4   2   5     1     2 1     
  |   3 1 3 1                           2   1           2           
  |   2 1 2 2 6 4       2               1   1 2 3     3     5 3     
  |   1       2                                         1           
  |   2       2 1   4               4 4 3                           
  |     1     4 2   4   3 1 1   3   5 3 1           1               
  1   3           5                       4 3       2 5 4 1   1     
3 2     2 1 2 3 1   3 1 1   2 2     3 1 2             1 2 1   2     
2         2   1 2   5   3 2   4     5   3   4 4   5         5 4     
1           3 1     3 1   1   4 3 1 2 1     2                       
3 2     3 4   1     3   5   4           3   3   1                   
5 3       1   3     1     1 4   2   3 3     2       1               
1 1   3 4 2         3   5 2 4     2 1 3     2 5 4                   
3 2   2     4 5 3   3 4 4 1 2     2 1 2             3       3       
3   4             5                     3           1 1 2 1 1       
      2       5 3   1 2 1 2 2                   2     2 3           
                    1 4 2 2                                         
  1   1             1   1 1                     1   3   3   3 1     
      2         1   |   2   4           3           1 2 2     2     
                    4 5 2 1 5         2 1   1   2 4 3 4             
                    1   1   2     3   3 1   1   2 4     4 1       1 
                    2 4                   5 3   2           6 4   1 
                    1 2       2 1           1     1   2       1     
4 2   3       6   6   3 3 2   1           3 1                       
4 1   3       2 3 5                 2                 3     6 2   2 
3 2   3 1 2     4 3       2 1   1   3   1         2 3       4 2     
2   5                                       4 6 4               5 4 
3 1   2 4                         4   3 1 2 2   3       4     3     
2 1   1 2               2     1     1 3 2 | 1     1     2 2 1 1   3 
2   5                             4 4 3 - 5 - 5 3       4 3 1   3 1 
3 2 3                 3       2 1 1 2 1 1     3 1 1     3   2 1 3 2 
