34 34
1 1 2 1 0 0 0 0 0 0 0 0 0 0 4 0 0 0 0 0 0 3 0 2 3 0 3 0 4 2 2 1 3 1 
3 0 5 0 0 0 0 0 0 0 0 0 0 0 5 3 0 0 0 1 1 3 1 1 2 1 0 2 5 2 0 1 0 1 
2 1 0 4 2 2 0 0 0 0 0 1 0 0 0 0 1 3 0 0 0 0 0 3 1 0 0 0 0 0 0 0 3 4 
1 0 3 4 0 5 0 0 0 0 0 0 0 0 3 0 2 4 0 0 0 0 0 0 0 0 3 0 0 0 5 2 0 0 
3 3 2 2 0 0 0 2 0 4 0 0 4 1 0 0 2 0 1 1 1 3 0 3 2 1 3 0 3 1 0 1 0 0 
2 0 0 0 0 0 1 0 0 0 2 1 0 1 0 0 2 0 4 4 0 3 1 0 1 0 0 2 0 0 5 4 0 0 
2 4 0 0 0 6 0 0 0 3 3 2 0 0 0 0 2 0 4 2 2 0 0 4 1 2 0 0 0 0 0 1 0 0 
2 2 1 3 0 2 1 0 3 0 0 0 6 3 0 0 0 0 2 0 2 0 0 0 2 0 0 0 2 0 5 2 0 0 
1 0 1 2 2 3 3 0 4 3 2 1 0 3 4 0 4 5 0 0 0 0 0 4 6 2 0 0 0 0 0 0 0 0 
2 4 0 2 0 0 0 0 0 3 3 0 0 0 1 0 1 0 1 0 2 0 2 1 0 2 0 3 3 0 0 0 0 2 
0 0 2 0 1 0 3 1 2 0 4 3 0 4 0 5 0 6 0 0 0 0 6 2 3 5 0 0 1 0 5 3 0 0 
0 0 0 0 0 0 2 0 0 0 1 1 0 2 0 2 1 0 2 3 0 0 4 0 2 2 0 0 0 0 2 0 0 0 
0 0 4 5 0 4 0 0 0 0 0 0 4 0 0 0 0 5 0 0 0 0 0 0 0 0 5 0 0 0 0 0 5 2 
0 0 0 0 0 0 1 0 0 0 2 2 0 1 0 0 0 0 1 0 1 0 0 2 0 0 0 0 1 0 0 0 2 2 
0 0 1 0 1 0 0 0 0 0 0 0 0 0 0 0 0 0 0 0 2 0 0 4 0 0 3 0 0 1 1 0 2 1 
0 0 1 0 0 0 0 0 0 0 0 0 0 0 0 0 0 0 3 0 0 0 0 0 0 0 0 0 0 0 0 0 4 1 
0 0 0 0 4 4 0 0 0 0 6 6 0 0 0 0 0 0 2 2 0 3 2 3 0 4 2 0 0 0 3 2 0 2 
0 0 0 0 2 2 2 0 0 3 0 0 0 0 0 0 0 0 0 2 1 0 2 3 1 0 2 0 2 1 0 0 0 0 
0 0 4 5 0 0 2 0 0 4 0 0 0 0 0 0 0 0 4 0 0 4 0 0 0 6 0 0 0 0 8 5 0 0 
0 0 0 0 1 1 0 0 0 0 0 0 0 0 0 0 0 0 0 1 2 0 3 2 1 0 3 1 2 1 0 2 0 3 
0 0 0 3 4 4 0 0 0 0 0 0 0 0 0 0 0 0 0 4 3 0 5 3 0 0 3 0 6 3 0 2 0 0 
0 0 0 0 0 0 0 0 0 0 0 0 0 0 0 0 0 0 0 0 0 0 0 2 2 0 1 1 0 1 0 1 0 0 
0 0 0 0 0 0 0 4 2 0 0 3 0 0 0 0 0 0 0 0 0 0 0 0 0 0 3 6 5 2 0 2 0 0 
0 0 2 0 0 2 0 0 0 0 3 0 0 0 0 0 0 0 2 3 0 5 6 4 3 0 2 0 3 2 0 0 0 0 
0 0 1 0 0 0 0 0 0 0 2 2 0 0 0 0 0 0 1 2 0 3 4 2 2 0 1 0 0 0 0 0 0 0 
0 0 2 0 0 0 0 0 0 0 3 1 0 0 2 0 0 5 0 0 0 0 0 0 0 5 0 5 5 3 0 0 0 0 
0 0 0 0 0 0 3 5 2 0 0 0 0 0 2 2 0 0 1 3 0 4 0 0 0 5 1 1 2 2 5 4 0 0 
0 0 0 0 0 0 3 6 2 0 0 0 0 0 1 0 0 0 1 3 2 4 1 2 0 4 0 0 0 1 2 2 0 0 
0 4 3 3 0 4 1 2 0 0 0 0 0 3 0 5 0 4 0 0 0 0 0 0 0 0 0 0 0 0 0 0 6 4 
0 2 0 0 0 0 0 0 0 4 3 0 0 0 1 0 1 0 1 2 0 0 0 0 2 1 3 0 1 2 4 1 0 0 
1 0 0 0 0 0 0 0 0 0 0 0 0 1 0 2 2 4 0 0 0 0 0 0 5 3 0 0 0 2 0 0 0 0 
0 0 0 0 0 0 0 0 0 0 0 0 0 1 4 0 0 4 0 0 0 0 2 1 1 1 0 0 0 1 0 0 0 1 
2 0 0 0 0 0 0 0 0 0 0 0 4 0 0 0 0 0 0 0 0 0 0 0 0 0 3 0 0 0 3 2 6 1 
2 0 0 0 2 2 1 2 0 0 0 0 4 0 0 0 0 0 0 0 0 0 0 0 2 3 0 0 0 0 0 0 4 1 
400 22
5 31 5 30
5 31 4 31
5 31 6 31
5 31 5 30
18 30 18 25
18 30 18 31
18 30 16 30
18 30 26 30
18 30 18 25
18 30 18 31
18 30 16 30
18 30 26 30
31 14 31 13
31 14 31 17
31 14 29 14
31 14 31 17
31 17 31 22
31 17 30 17
18 25 18 21
18 25 16 25
18 25 25 25
18 25 18 21

3128

1 1 2 1                     4             3   2 3   3   4 2 2 1 3 1 
3   5                       5 3       1 1 3 1 1 2 1   2 5 2   1   1 
2 1   4 2 2           1         1 3           3 1               3 4 
1   3 4   5                 3   2 4                 3       5 2     
3 3 2 2       2   4     4 1     2   1 1 1 3   3 2 1 3   3 1   1     
2           1       2 1   1     2   4 4   3 1   1     2     5 4     
2 4       6       3 3 2         2   4 2 2     4 1 2           1     
2 2 1 3   2 1   3       6 3         2   2       2       2   5 2     
1   1 2 2 3 3   4 3 2 1   3 4   4 5           4 6 2                 
2 4   2           3 3       1   1   1   2   2 1   2   3 3         2 
    2   1   3 1 2   4 3   4   5   6         6 2 3 5     1   5 3     
            2       1 1   2   2 1   2 3     4   2 2         2       
    4 5   4             4         5                 5           5 2 
            1       2 2   1         1   1     2         1       2 2 
    1   1                               2     4     3     1 1   2 1 
    1                               3                           4 1 
        4 4         6 6             2 2   3 2 3   4 2       3 2   2 
        2 2 2     3                   2 1   2 3 1 | 2   2 1 ǁ       
    4 5     2     4                 4     4 = = = 6 = = = = 8 5     
        1 1                           1 2   3 2 1 | 3 1 2 1 ǁ 2   3 
      3 4 4                           4 3   5 3   | 3   6 3 ǁ 2     
                                              2 2 | 1 1   1 ǁ 1     
              4 2     3                           | 3 6 5 2 ǁ 2     
    2     2         3               2 3   5 6 4 3 | 2   3 2 ǁ       
    1               2 2             1 2   3 4 2 2 | 1       ǁ       
    2               3 1     2     5               5   5 5 3 ǁ       
            3 5 2           2 2     1 3   4       5 1 1 2 2 5 4     
            3 6 2           1       1 3 2 4 1 2   4       1 2 2     
  4 3 3   4 1 2           3   5   4                             6 4 
  2               4 3       1   1   1 2         2 1 3   1 2 4 1     
1                         1 | 2 2 4             5 3       2         
                          1 4 = = 4 - - - - 2 1 1 1       1       1 
2                       4                           3       3 2 6 1 
2       2 2 1 2         4                       2 3             4 1 
