34 34
2 5 4 4 5 0 0 0 0 0 0 0 0 0 0 0 0 0 0 0 0 0 0 0 0 0 0 4 0 0 0 0 0 0 
1 0 4 0 0 4 0 0 4 4 4 0 0 0 3 2 3 0 4 0 0 2 0 0 0 0 0 0 0 0 0 0 2 0 
0 0 0 0 0 5 4 2 0 1 4 0 5 2 0 0 3 3 3 0 0 0 0 0 0 0 0 0 0 0 0 0 0 0 
0 0 5 5 0 0 3 3 0 2 2 0 3 1 0 0 0 0 0 0 0 0 0 0 0 0 0 0 0 0 0 0 0 2 
0 0 5 4 0 3 0 0 3 6 0 0 0 0 6 0 0 4 0 0 0 7 0 0 0 0 0 7 0 0 0 3 4 0 
0 0 4 3 0 2 3 2 0 3 0 3 3 1 0 0 4 5 4 4 0 5 3 0 0 0 0 5 0 0 1 4 0 0 
4 6 0 0 5 0 0 0 5 0 0 0 0 0 6 6 0 0 0 0 0 0 0 0 0 0 0 0 0 3 1 0 0 0 
0 0 3 1 0 2 2 0 0 2 3 2 3 4 0 0 1 3 0 0 1 0 0 2 0 4 1 1 0 1 0 7 6 0 
0 0 0 1 0 0 1 0 0 0 0 2 0 4 0 0 0 0 0 0 0 0 0 0 0 0 0 2 0 0 2 0 4 4 
0 0 4 5 6 5 1 0 0 1 0 2 0 4 0 0 3 6 0 0 0 0 0 0 0 6 0 0 0 0 5 8 4 0 
0 0 0 0 3 2 0 0 0 0 0 0 0 3 0 0 1 0 1 5 0 5 2 0 2 0 0 2 1 2 0 0 2 0 
0 0 4 5 0 0 0 0 8 0 5 4 4 3 0 0 2 4 0 2 0 2 0 0 4 0 0 0 0 0 0 0 0 0 
0 0 4 0 3 0 0 3 0 0 0 0 0 0 0 0 0 3 0 2 0 0 4 1 0 0 0 0 0 0 0 0 0 0 
0 0 2 3 5 3 3 0 0 1 0 0 0 0 0 0 0 3 0 2 0 0 0 0 0 0 0 0 0 0 0 0 3 3 
0 0 4 0 6 4 3 2 0 0 0 0 0 0 0 0 3 0 3 6 0 0 6 1 0 0 0 0 0 0 3 0 0 1 
2 0 4 2 0 3 2 0 0 0 0 0 0 1 0 0 4 0 4 5 0 0 0 1 0 0 3 4 2 6 2 4 0 2 
1 0 0 0 0 0 0 2 0 0 0 0 0 0 0 0 2 0 0 1 0 0 0 0 0 0 0 0 0 0 2 4 0 0 
4 6 0 0 5 5 4 0 4 3 0 0 4 1 0 5 0 5 0 0 0 0 5 5 5 0 0 0 0 0 0 0 0 0 
0 0 3 2 0 5 4 0 0 0 0 0 2 2 0 0 0 3 0 2 2 4 1 3 5 0 0 4 0 6 0 0 6 6 
0 0 0 1 0 0 0 0 4 3 0 0 0 0 0 0 2 0 0 0 0 6 1 4 4 0 5 6 0 5 2 0 0 3 
0 1 0 0 0 4 2 0 2 2 0 0 1 0 0 2 0 1 0 3 2 6 3 3 1 0 3 3 1 4 3 0 0 0 
6 0 5 3 0 1 0 0 1 4 0 0 0 0 0 4 5 0 0 5 0 0 0 0 0 6 0 0 0 0 0 0 6 4 
5 2 2 3 5 0 0 6 3 0 0 0 0 0 0 0 0 1 2 0 3 0 1 0 0 0 1 0 0 0 0 0 0 4 
2 1 0 1 0 1 5 5 2 0 0 3 3 0 0 0 0 5 5 0 5 0 0 0 0 7 6 0 1 0 0 0 0 4 
2 0 7 0 7 0 4 4 4 5 0 3 4 0 0 0 0 0 2 0 0 2 0 0 0 0 3 0 0 0 4 3 0 0 
1 0 0 1 0 2 2 3 0 1 0 1 0 0 0 0 0 0 0 0 0 0 0 0 0 0 2 3 0 0 5 0 0 0 
0 0 0 2 0 0 3 0 4 0 4 5 4 0 0 0 0 0 0 0 0 0 0 0 0 0 1 0 0 0 2 0 0 4 
0 0 0 0 0 0 2 1 2 2 0 0 3 0 0 0 0 0 0 0 1 0 0 0 0 0 1 0 2 0 2 0 0 0 
0 2 0 3 7 7 0 0 6 6 0 0 0 0 0 3 0 0 0 0 0 0 0 0 0 0 0 0 0 0 0 0 0 0 
0 0 0 3 3 2 1 0 4 4 0 4 6 6 0 1 2 4 2 0 0 3 0 0 0 6 5 0 3 1 0 0 0 0 
2 0 4 4 1 0 0 0 0 0 4 2 5 6 0 1 2 0 0 5 0 0 0 0 1 2 3 0 1 0 0 0 0 0 
0 4 3 0 0 0 0 0 0 0 4 0 4 3 0 1 3 0 0 6 0 0 0 0 0 0 0 4 0 0 3 3 0 0 
3 0 0 0 0 0 0 0 0 0 0 0 0 0 5 0 0 0 0 0 0 0 0 0 0 0 0 0 0 0 0 0 6 4 
2 0 0 0 0 0 0 0 0 0 0 0 0 0 4 0 0 0 0 0 0 3 2 0 0 2 0 0 0 0 0 0 4 2 
400 321
0 1 0 0
0 1 0 2
0 1 6 1
0 4 0 3
0 4 0 27
0 4 6 4
0 27 0 4
0 27 4 27
0 27 4 27
1 2 0 2
1 2 3 2
1 2 0 2
1 2 3 2
1 5 1 8
1 5 2 5
1 5 1 8
1 5 2 5
1 8 1 9
1 8 4 8
1 9 1 10
1 9 2 9
1 9 1 10
1 10 1 14
1 10 2 10
1 32 4 32
2 10 2 12
2 10 3 10
2 10 2 12
3 3 3 2
3 3 0 3
3 3 4 3
3 33 8 33
4 2 4 3
4 2 3 2
4 2 5 2
4 21 4 17
4 21 4 27
4 21 1 21
4 21 5 21
7 31 7 29
7 31 7 32
7 31 5 31
7 31 9 31
7 32 7 31
7 32 4 32
7 32 8 32
7 32 7 31
7 32 4 32
8 32 8 33
8 32 9 32
8 32 8 33
8 33 3 33
9 31 9 30
9 31 9 32
9 31 7 31
9 31 15 31
9 32 9 31
9 32 10 32
10 32 13 32
11 8 11 3
11 8 11 10
11 8 6 8
11 8 17 8
11 8 11 3
11 8 11 10
11 8 6 8
11 8 17 8
13 33 13 32
13 33 14 33
13 33 13 32
17 24 17 23
17 24 11 24
17 24 18 24
18 32 18 29
18 32 18 33
18 32 21 32
18 32 18 29
18 32 18 33
18 32 21 32
18 33 15 33
18 33 19 33
21 0 21 2
21 0 17 0
21 0 22 0
21 0 21 2
21 0 17 0
21 0 22 0
21 32 21 25
21 32 21 33
21 32 32 32
21 32 21 25
21 33 19 33
21 33 22 33
21 33 19 33
22 33 23 33
22 33 23 33
23 25 23 20
23 25 23 26
23 25 21 25
23 25 29 25
23 26 23 25
23 26 23 28
23 26 22 26
23 26 24 26
23 33 22 33
23 33 26 33
24 2 24 0
24 2 24 4
24 2 22 2
24 2 30 2
25 30 25 27
25 30 24 30
25 30 26 30
26 33 32 33
28 1 31 1
28 4 28 3
28 4 28 5
28 4 24 4
28 4 29 4
29 29 29 28
31 1 31 2
31 1 28 1
31 1 31 2
31 19 31 16
31 19 31 27
31 19 30 19
31 19 31 16
31 19 31 27
31 19 30 19
31 27 31 30
31 27 25 27
32 32 32 14
32 32 32 33
32 32 33 32
32 32 32 14
32 32 32 33
32 33 26 33
33 32 33 25
33 32 33 33
33 32 33 25
0 2 0 1
0 3 0 4
0 3 3 3
1 32 4 32
5 31 5 30
5 31 4 31
5 31 4 31
6 29 6 15
6 29 6 30
6 29 6 15
9 31 9 30
9 31 15 31
10 19 10 18
10 19 10 21
10 19 11 19
16 31 16 30
16 31 15 31
16 31 16 30
16 31 15 31
17 0 17 1
17 0 16 0
17 1 17 4
17 1 6 1
17 1 20 1
18 29 18 27
18 29 15 29
18 29 19 29
18 29 18 27
18 33 15 33
20 21 20 20
20 21 20 22
20 21 19 21
20 21 20 20
20 21 20 22
20 21 19 21
21 25 21 19
21 25 9 25
21 25 23 25
22 22 22 20
23 26 23 25
25 3 26 3
26 3 28 3
29 25 29 21
29 25 29 26
29 25 30 25
29 25 29 21
29 25 29 26
30 28 29 28
33 22 33 21
4 31 4 27
5 17 5 16
5 17 5 18
5 17 4 17
5 18 5 17
5 18 5 19
5 18 5 17
5 19 5 21
5 27 5 22
5 27 4 27
6 15 6 14
6 15 1 15
6 15 17 15
6 15 6 14
9 25 9 17
9 25 9 30
9 25 7 25
9 25 9 17
9 25 9 30
13 9 17 9
15 0 6 0
15 2 15 3
15 2 14 2
15 2 15 3
15 2 14 2
15 29 15 28
15 29 15 30
15 29 10 29
15 29 15 28
15 29 15 30
17 1 17 4
17 1 6 1
18 27 15 27
18 27 19 27
19 21 19 16
19 21 19 22
19 21 18 21
19 21 19 16
19 26 19 27
19 26 15 26
19 26 20 26
19 27 19 26
19 27 19 29
19 27 20 27
19 27 19 26
20 22 20 23
20 26 20 27
21 16 21 15
21 16 21 19
21 16 29 16
23 17 23 18
23 17 22 17
23 17 29 17
27 20 23 20
29 28 27 28
33 22 33 21
4 14 4 9
4 14 1 14
4 14 6 14
4 14 4 9
4 14 1 14
4 14 6 14
4 17 4 21
4 17 2 17
4 27 4 21
4 27 5 27
5 16 2 16
5 19 5 21
5 27 5 22
6 1 6 0
6 1 6 4
6 1 0 1
7 25 7 23
7 25 7 26
7 25 7 23
7 27 8 27
8 27 8 30
8 30 9 30
9 17 9 16
9 17 7 17
9 17 11 17
9 17 9 16
10 29 10 28
14 2 14 4
14 2 13 2
14 4 14 5
14 4 13 4
14 4 17 4
14 4 14 5
14 4 13 4
15 0 6 0
15 26 15 27
15 27 15 26
15 27 10 27
20 26 20 27
20 28 20 29
20 29 20 30
20 29 19 29
20 29 20 30
20 30 19 30
24 21 29 21
27 28 27 30
33 21 33 14
0 0 1 0
1 15 1 16
4 9 4 8
4 9 3 9
4 9 5 9
4 9 4 8
5 2 5 3
5 2 4 2
5 2 5 3
5 3 4 3
5 16 2 16
5 21 5 22
5 21 4 21
7 17 7 16
7 17 7 20
9 16 10 16
19 29 19 30
33 14 33 0
33 14 32 14
33 14 33 0
1 21 1 18
3 9 3 10
4 3 4 2
1 18 1 16
1 18 2 18
1 18 1 16
2 16 2 17
2 17 2 18
3 2 3 3

4576

2 5 4 4 5 = = = = = = = = = = = = = = = = = = = = = = 4             
1 ǁ 4 ǁ | 4 = = 4 4 4 - - - 3 2 3 = 4 - - 2           ǁ         2   
  ǁ ǁ ǁ | 5 4 2 | 1 4 = 5 2 ǁ | 3 3 3     |           ǁ         ǁ   
  ǁ 5 5 |   3 3 | 2 2   3 1 ǁ | ǁ |       |           ǁ         ǁ 2 
  ǁ 5 4 | 3     3 6 = = = = 6 | ǁ 4 = = = 7 = = = = = 7 - - - 3 4 ǁ 
  ǁ 4 3 | 2 3 2   3   3 3 1 ǁ | 4 5 4 4 = 5 3 = = = = 5     1 4 ǁ ǁ 
4 6 - - 5       5           6 6 = = = = = = = = = = = = = 3 1 | ǁ ǁ 
ǁ ǁ 3 1   2 2   ǁ 2 3 2 3 4   | 1 3 - - 1     2 = 4 1 1   1 - 7 6 ǁ 
ǁ ǁ   1     1   ǁ     2   4   |   |               |   2 - - 2 ǁ 4 4 
ǁ ǁ 4 5 6 5 1   ǁ 1   2   4   | 3 6 = = = = = = = 6 = = = = 5 8 4   
ǁ ǁ     3 2     ǁ         3   | 1 | 1 5 - 5 2   2 |   2 1 2   ǁ 2   
ǁ ǁ 4 5 = = = = 8 = 5 4 4 3   | 2 4   2   2     4 |   |   |   ǁ |   
ǁ ǁ 4   3     3 ǁ             |   3   2     4 1 | |   |   |   ǁ |   
ǁ ǁ 2 3 5 3 3   ǁ 1           |   3   2         | |   |   |   ǁ 3 3 
ǁ ǁ 4 - 6 4 3 2 ǁ |           | 3   3 6     6 1 | |   |   | 3 ǁ   1 
2 ǁ 4 2 | 3 2   ǁ |       1   | 4   4 5       1 | | 3 4 2 6 2 4   2 
1 ǁ     |     2 ǁ |           | 2     1         | | | |   | 2 4   ǁ 
4 6 = = 5 5 4   4 3     4 1   5   5         5 5 5 | | |   |       ǁ 
ǁ | 3 2   5 4           2 2       3   2 2 4 1 3 5 | | 4 = 6 = = 6 6 
ǁ |   1         4 3             2 = = = = 6 1 4 4 | 5 6 - 5 2   ǁ 3 
ǁ 1       4 2   2 2     1     2   1   3 2 6 3 3 1 | 3 3 1 4 3   ǁ ǁ 
6 = 5 3   1     1 4           4 5 - - 5 - - - - - 6 = = = = = = 6 4 
5 2 2 3 5     6 3               | 1 2   3 - 1     ǁ 1           | 4 
2 1 | 1   1 5 5 2     3 3       | 5 5   5 - - - - 7 6 - 1       | 4 
2 - 7 - 7   4 4 4 5   3 4       | | 2   | 2       | 3       4 3 | | 
1   | 1 | 2 2 3   1   1         | |     | |       | 2 3 - - 5   | | 
    | 2 |   3   4   4 5 4       | |     | |       | 1 |     2   | 4 
    | | |   2 1 2 2     3       | |     1 |       | 1 | 2 - 2   | ǁ 
  2 | 3 7 7     6 6           3 | |       |       |   | |       | ǁ 
  ǁ | 3 3 2 1   4 4   4 6 6   1 2 4 2     3 = = = 6 5 | 3 1     | ǁ 
2 ǁ 4 4 1           4 2 5 6   1 2     5         1 2 3 | 1       | ǁ 
  4 3               4   4 3   1 3 = = 6 = = = = = = = 4 - - 3 3 | ǁ 
3                           5 = = = = = = = = = = = = = = = = = 6 4 
2 = = = = = = = = = = = = = 4 - - - - - - 3 2     2 = = = = = = 4 2 
