34 34
2 1 3 0 4 0 4 0 0 0 0 0 0 0 0 0 0 0 0 0 0 0 0 0 0 0 3 0 0 0 0 2 1 0 
0 2 5 2 0 1 0 2 0 2 0 3 0 0 0 5 0 0 0 0 0 0 0 0 2 0 0 1 2 0 2 1 0 1 
0 0 0 0 0 0 0 1 0 0 0 3 3 1 0 0 1 0 4 0 0 0 0 0 0 0 5 0 0 0 3 1 0 0 
0 0 0 2 0 0 0 0 0 0 0 1 1 0 0 0 2 0 5 4 2 1 0 3 0 0 4 0 0 0 3 0 3 0 
0 0 0 0 0 0 0 2 0 0 0 0 0 0 0 7 0 0 0 0 0 0 0 0 0 0 2 1 0 3 4 2 1 0 
0 1 0 1 0 2 0 0 1 0 2 1 0 0 0 0 2 0 2 1 4 2 1 0 0 0 4 2 0 0 3 0 0 0 
0 0 0 0 0 0 0 4 0 0 3 0 1 0 0 0 1 0 0 0 0 1 0 0 0 0 0 1 0 0 5 0 5 2 
0 0 2 1 0 0 0 0 0 0 0 0 0 0 0 0 2 0 4 0 6 0 0 0 0 0 4 4 2 0 0 0 1 1 
0 4 5 0 5 2 0 4 0 1 4 4 4 0 0 0 4 3 3 3 0 0 1 0 3 0 5 2 1 0 0 1 1 0 
0 1 3 1 3 1 0 2 0 1 2 1 2 0 0 0 1 1 0 1 0 0 0 0 0 0 2 1 0 0 0 0 2 3 
4 0 0 0 0 0 6 0 0 0 0 0 0 0 0 8 0 0 0 0 7 0 0 0 0 0 0 0 0 4 5 4 1 0 
0 2 0 0 5 2 0 2 0 0 3 2 1 2 1 0 1 0 2 1 3 1 2 1 0 0 2 0 0 3 0 2 3 0 
0 0 1 1 0 0 0 0 1 3 0 0 5 4 1 0 2 0 5 2 0 0 0 0 0 0 0 0 0 0 0 1 0 0 
0 0 3 4 0 0 0 4 0 5 2 1 0 0 1 0 0 2 0 0 0 0 0 0 0 0 0 0 0 0 0 0 0 0 
0 0 0 0 0 0 0 0 0 4 2 2 0 0 0 0 3 3 0 0 2 0 3 0 0 0 0 0 0 4 3 0 6 3 
0 0 3 0 0 0 0 0 0 4 3 1 0 4 3 0 4 2 0 3 1 0 4 0 0 0 0 1 0 0 4 1 2 1 
0 0 2 0 0 0 0 0 0 0 0 0 0 2 1 0 2 1 0 2 0 0 3 1 0 0 0 0 0 0 2 1 2 0 
4 4 0 3 4 1 0 4 0 0 0 0 5 0 0 6 0 0 6 0 0 4 0 0 0 0 0 0 0 6 0 2 4 3 
0 2 2 1 1 0 0 2 2 1 1 0 2 1 0 2 1 0 3 2 1 1 0 0 0 0 0 0 2 1 2 1 1 0 
0 1 0 2 0 0 5 0 0 0 0 0 0 0 0 0 0 0 0 0 0 0 0 0 0 0 0 0 6 0 6 5 2 0 
0 3 0 0 4 0 6 0 0 0 0 0 0 0 0 0 0 0 0 0 0 0 0 0 0 2 2 1 0 1 0 4 1 0 
0 2 1 1 0 0 0 2 2 0 0 0 0 0 0 0 0 0 0 3 2 2 0 2 2 0 2 2 0 0 0 2 0 0 
4 0 5 4 0 1 0 0 0 0 0 0 0 1 0 0 0 0 0 0 1 1 0 0 2 1 0 0 0 0 0 0 0 0 
0 2 3 0 0 0 0 0 0 0 0 0 0 0 0 0 0 0 0 0 4 0 0 5 0 0 4 3 0 4 5 0 3 0 
0 1 2 3 0 0 0 4 4 0 0 0 0 2 0 0 0 0 0 0 4 2 1 0 2 3 0 0 0 0 0 1 0 0 
0 0 0 1 3 3 0 1 1 0 0 0 0 0 0 0 0 0 0 0 1 0 0 0 1 0 0 0 0 0 0 0 0 0 
0 0 4 0 0 0 7 0 0 0 0 0 0 0 0 0 0 0 0 5 0 0 0 4 0 3 0 1 0 3 0 0 0 3 
0 4 0 0 0 0 7 0 0 0 0 0 0 0 0 0 0 2 2 0 3 4 3 0 0 1 0 0 0 1 0 0 0 1 
0 2 2 0 0 0 6 0 0 0 4 0 0 2 2 4 0 0 4 0 3 0 0 0 1 0 0 0 0 1 0 0 0 0 
2 0 0 0 0 0 0 1 2 1 3 2 1 1 1 2 0 0 2 0 1 0 1 0 0 0 0 0 0 0 0 0 2 0 
1 0 2 1 0 0 2 3 5 0 0 0 0 0 0 0 0 0 0 6 0 5 2 2 4 3 2 0 0 0 0 0 0 0 
0 0 0 0 0 0 1 2 0 0 0 0 0 0 0 0 0 1 0 0 1 3 1 0 1 1 0 0 0 0 0 0 0 0 
2 5 0 0 0 0 1 0 5 0 0 0 0 0 0 0 0 4 1 4 2 0 1 0 1 0 3 2 4 2 2 2 0 0 
0 3 0 0 0 1 0 0 1 0 0 0 0 0 0 0 0 1 0 2 3 0 0 0 5 2 1 0 2 0 2 0 1 0 
400 70
1 15 1 11
1 15 1 24
1 15 4 15
8 1 8 2
8 1 5 1
8 1 9 1
8 1 8 2
10 15 10 6
10 15 10 20
10 15 4 15
10 15 17 15
10 15 10 6
10 15 10 20
10 15 4 15
10 15 17 15
10 20 10 29
10 20 7 20
10 20 11 20
13 17 14 17
17 15 17 12
17 15 17 18
17 15 18 15
17 15 17 12
17 18 17 21
17 18 12 18
17 18 18 18
17 18 17 21
17 18 12 18
26 6 26 2
26 6 26 19
26 6 20 6
26 6 27 6
33 1 33 5
33 1 32 1
33 1 32 1
33 24 33 20
33 24 33 25
33 24 32 24
2 13 2 12
10 6 10 0
10 6 0 6
10 6 19 6
10 6 10 0
11 4 11 1
11 4 11 5
11 4 17 4
13 17 14 17
33 24 33 20
33 24 33 25
0 6 0 4
0 6 0 26
0 6 0 4
5 8 5 10
10 0 0 0
10 0 17 0
17 0 17 1
17 0 22 0
17 0 17 1
22 0 22 2
22 0 29 0
22 0 22 2
0 0 0 1
0 4 0 2
0 4 8 4
1 1 1 2
1 1 1 2
1 5 5 5
5 5 8 5
0 2 1 2
0 2 1 2

11263

2 1 3 - 4 = 4 - - - - - - - - - - - - - - - - - - - 3         2 1   
| 2 5 2 | 1 | 2   2   3 - - - 5 - - - - - - - - 2     1 2   2 1   1 
|       | | | 1       3 3 1   | 1   4               5       3 1     
|     2 | | |         1 1     | 2   5 4 2 1   3     4       3   3   
|       | | | 2               7                     2 1   3 4 2 1   
| 1   1 | 2 |   1 - 2 1       ǁ 2   2 1 4 2 1       4 2     3       
| |     | | | 4     3   1     ǁ 1         1           1     5   5 2 
| | 2 1 | | |                 ǁ 2   4   6           4 4 2       1 1 
| 4 5   5 2 | 4   1 4 4 4     ǁ 4 3 3 3 |   1   3   5 2 1     1 1   
| 1 3 1 3 1 | 2   1 2 1 2     ǁ 1 1   1 |           2 1         2 3 
4 = = = = = 6 = = = = = = = = 8 = = = = 7 - - - - - - - - 4 5 4 1   
| 2 - - 5 2 | 2     3 2 1 2 1 ǁ 1   2 1 3 1 2 1     2     3   2 3   
|   1 1 |   |   1 3     5 4 1 ǁ 2   5 2                       1     
|   3 4 |   | 4   5 2 1     1 ǁ   2 ǁ                               
|       |   |     4 2 2       ǁ 3 3 ǁ   2   3             4 3   6 3 
|   3   |   |     4 3 1   4 3 ǁ 4 2 ǁ 3 1   4         1     4 1 2 1 
|   2   |   |             2 1 ǁ 2 1 ǁ 2     3 1             2 1 2   
4 4   3 4 1 | 4         5 = = 6 - - 6 = = 4               6   2 4 3 
| 2 2 1 1   | 2 2 1 1   2 1   2 1   3 2 1 1             2 1 2 1 1   
| 1   2     5                                           6   6 5 2   
| 3     4   6                                     2 2 1   1   4 1   
| 2 1 1     | 2 2                     3 2 2   2 2   2 2       2     
4 = 5 4   1 |             1             1 1     2 1                 
| 2 3       |                           4     5     4 3   4 5   3   
| 1 2 3     | 4 4         2             4 2 1   2 3           1     
|     1 3 3 | 1 1                       1       1                   
|   4 - - - 7 - - - - - - - - - - - - 5       4   3   1   3       3 
| 4         7                     2 2   3 4 3     1       1       1 
| 2 2       6       4     2 2 4     4   3       1         1         
2             1 2 1 3 2 1 1 1 2     2   1   1                   2   
1   2 1     2 3 5                     6   5 2 2 4 3 2               
            1 2                   1     1 3 1   1 1                 
2 5         1   5                 4 1 4 2   1   1   3 2 4 2 2 2     
  3 - - - 1     1                 1   2 3 = = = 5 2 1   2   2   1   
