34 34
1 0 2 0 3 1 1 0 0 2 1 2 2 3 0 4 1 0 0 0 0 0 0 0 1 1 0 2 0 0 4 1 1 0 
3 0 0 2 0 3 0 0 0 4 0 0 0 1 0 0 0 0 0 1 2 0 0 0 3 1 0 3 0 2 3 1 0 1 
3 3 2 0 0 0 0 0 0 0 0 2 5 0 0 4 0 0 0 0 1 0 0 0 0 1 0 0 0 0 0 0 0 0 
3 0 0 6 4 0 0 0 0 0 0 4 7 4 1 0 0 0 0 0 0 0 0 0 0 0 0 0 0 0 0 0 4 2 
2 1 0 0 0 3 1 1 0 4 0 0 0 4 0 0 0 0 0 0 0 0 0 0 0 3 0 3 0 0 0 0 0 1 
3 0 0 4 0 1 0 0 0 0 0 0 0 3 0 0 0 0 0 0 0 0 0 0 0 0 0 1 0 0 0 3 6 3 
0 0 0 0 4 0 0 0 0 3 0 5 6 2 0 0 0 0 0 0 0 0 0 0 0 3 0 1 0 0 0 0 0 1 
0 1 0 0 0 2 3 1 2 0 0 2 3 1 0 0 0 0 0 0 0 0 0 0 0 1 0 0 0 0 0 1 0 0 
0 0 0 0 2 3 5 4 4 0 3 0 0 0 0 3 3 0 0 5 0 0 0 0 5 0 0 0 0 2 0 0 0 0 
0 0 0 0 1 0 0 0 0 0 0 2 2 2 2 0 2 2 1 0 1 4 2 1 0 3 3 0 0 2 0 2 7 4 
0 0 0 0 0 0 0 0 0 0 0 0 4 5 3 0 2 0 0 4 2 4 2 1 0 2 2 1 0 0 0 0 0 2 
5 6 3 0 0 4 0 0 2 0 2 0 2 3 2 0 1 0 0 2 0 0 1 0 0 2 3 0 0 0 0 1 0 1 
1 0 0 0 2 2 0 0 1 0 0 4 0 0 0 4 0 0 0 0 0 0 0 0 3 0 0 2 0 0 0 0 0 1 
0 2 2 0 0 0 0 2 1 0 0 0 1 0 0 0 1 2 0 0 0 2 0 0 3 0 0 0 0 6 4 2 0 0 
2 0 0 0 4 0 6 4 3 0 0 0 3 0 0 4 0 0 0 0 0 0 0 0 4 0 1 2 0 4 2 0 5 4 
0 0 0 0 0 1 0 0 2 0 0 4 3 3 2 0 2 0 4 2 3 0 4 1 0 3 2 0 2 0 0 1 0 0 
0 0 0 0 0 2 0 1 0 0 0 2 0 1 1 0 5 3 0 2 3 2 0 0 0 2 0 0 3 0 0 0 0 0 
0 0 0 0 0 0 0 0 1 0 2 3 4 2 1 0 4 2 0 2 3 0 0 2 4 0 2 0 0 0 0 0 0 0 
0 0 0 0 2 3 0 0 0 0 1 3 3 2 1 0 1 0 0 1 3 4 0 1 3 4 2 0 2 0 2 0 0 0 
0 0 0 0 1 2 2 0 0 5 0 0 0 0 0 6 0 0 6 1 0 1 0 0 1 1 0 0 0 0 2 0 0 2 
5 0 0 5 0 0 0 0 0 4 0 0 0 2 1 0 1 0 5 0 5 2 0 1 2 0 0 4 2 0 2 0 0 0 
3 0 0 4 0 0 0 2 1 0 0 2 1 0 0 0 4 0 0 0 0 0 5 0 0 0 2 0 1 0 0 0 0 0 
1 0 0 3 0 0 0 0 0 4 0 3 0 2 0 0 3 0 4 1 2 0 0 2 3 0 3 4 5 6 5 2 0 1 
1 0 0 0 3 0 0 0 0 0 0 3 0 3 0 0 1 0 4 0 4 1 0 3 0 2 0 2 1 1 1 0 0 0 
1 2 2 0 5 0 0 0 0 0 0 0 0 0 0 5 0 0 0 0 0 0 4 0 0 0 0 0 0 0 0 0 3 3 
0 0 3 1 0 2 0 0 0 0 0 0 0 0 0 0 2 0 0 0 2 2 0 3 2 3 0 0 0 4 0 0 2 0 
0 0 0 0 0 0 0 0 0 0 0 0 0 0 0 0 1 0 0 0 0 0 0 0 1 3 3 1 0 0 3 3 0 0 
0 4 6 3 0 6 0 0 0 0 0 0 0 0 0 5 0 0 0 0 4 3 1 3 4 5 0 2 0 0 0 3 0 0 
0 0 4 3 0 3 1 0 0 0 0 0 0 0 0 1 0 0 0 0 2 1 0 0 1 3 0 1 0 2 0 0 0 0 
3 4 0 0 7 0 0 0 0 0 0 0 0 0 0 0 0 0 0 0 0 0 0 6 0 1 0 0 0 0 0 3 3 0 
5 4 0 0 0 0 0 0 0 0 0 0 0 0 0 0 0 0 0 0 0 0 0 2 0 0 0 0 0 0 0 1 0 2 
2 1 1 0 6 0 0 0 0 0 0 0 0 0 0 0 0 0 0 0 0 0 0 0 0 0 0 0 0 4 3 3 0 1 
3 0 0 0 5 0 0 0 0 0 3 1 2 4 0 0 0 1 0 0 0 0 0 1 0 3 0 0 0 5 2 2 1 0 
3 1 0 0 2 2 0 0 0 0 3 0 0 3 0 2 0 0 1 0 0 0 2 0 0 0 0 3 0 2 2 2 0 0 
400 53
3 12 3 11
3 12 3 13
3 12 2 12
3 12 6 12
9 32 9 31
9 32 9 33
9 32 5 32
9 32 14 32
11 0 11 1
11 0 5 0
11 0 12 0
20 0 20 3
20 0 14 0
20 0 21 0
29 4 29 1
29 4 29 23
29 4 24 4
29 4 31 4
30 0 30 1
30 0 29 0
30 0 31 0
33 0 33 1
33 0 32 0
33 0 32 0
11 0 11 1
11 0 5 0
11 1 11 2
11 1 7 1
11 1 13 1
11 1 11 2
13 1 13 2
27 5 27 15
27 5 25 5
27 5 28 5
27 5 27 15
27 5 25 5
27 5 28 5
28 2 28 3
28 2 27 2
28 2 28 3
28 2 27 2
28 3 27 3
28 5 28 6
27 2 27 1
27 2 27 3
27 2 25 2
27 2 27 1
27 3 25 3
25 2 24 2
25 2 24 2
27 1 24 1
27 1 29 1
24 1 24 0

3745

1   2   3 1 1     2 1 2 2 3   4 1               1 1   2     4 1 1   
3     2   3       4       1           1 2       3 1   3   2 3 1   1 
3 3 2                 2 5     4         1         1                 
3     6 4             4 7 4 1                                   4 2 
2 1       3 1 1   4     | 4                       3   3           1 
3     4   1             | 3                           1       3 6 3 
ǁ       4         3   5 6 2                       3   1         | 1 
ǁ 1       2 3 1 2     2 3 1                       1           1 |   
ǁ |     2 3 5 4 4   3         3 3     5         5         2     |   
ǁ |     1             2 2 2 2   2 2 1   1 4 2 1   3 3     2   2 7 4 
ǁ |                     4 5 3   2     4 2 4 2 1   2 2 1         | 2 
5 6 3     4     2   2   2 3 2   1     2     1     2 3         1 | 1 
1 |     2 2     1     4       4                 3     2         | 1 
  2 2         2 1       1       1 2       2     3         6 4 2 |   
2       4   6 4 3       3     4                 4   1 2   4 2   5 4 
|         1     2     4 3 3 2   2   4 2 3   4 1   3 2   2     1     
|         2   1       2   1 1   5 3   2 3 2       2     3           
|               1   2 3 4 2 1   4 2   2 3     2 4   2               
|       2 3         1 3 3 2 1   1     1 3 4   1 3 4 2   2   2       
|       1 2 2     5           6     6 1   1     1 1         2     2 
5 - - 5           4       2 1   1   5   5 2   1 2     4 2   2       
3     4       2 1     2 1       4           5       2   1           
1     3           4   3   2     3   4 1 2     2 3   3 4 5 6 5 2   1 
1       3             3   3     1   4   4 1   3   2   2 1 1 1       
1 2 2   5                     5             4                   3 3 
  | 3 1 | 2                     2       2 2   3 2 3       4     2   
  | | | | ǁ                     1               1 3 3 1     3 3     
  4 6 3 | 6 = = = = = = = = = 5         4 3 1 3 4 5   2       3     
  | 4 3 | 3 1                 1         2 1     1 3   1   2         
3 4 - - 7 - - - - - - - - - - - - - - - - - - 6   1           3 3   
5 4     |                                     2               1   2 
2 1 1   6                                                 4 3 3   1 
3       5           3 1 2 4       1           1   3       5 2 2 1   
3 1     2 2         3     3   2     1       2         3   2 2 2     
