34 34
2 0 4 2 5 0 5 0 0 0 0 0 0 0 0 0 0 0 0 0 0 0 5 0 0 0 0 0 0 1 0 3 3 2 
2 2 0 2 4 1 0 0 0 0 0 0 1 0 0 0 0 0 0 0 0 0 0 0 1 0 0 3 0 0 0 5 0 0 
3 2 0 4 5 0 4 4 0 0 0 0 6 0 0 0 0 0 0 0 0 0 5 0 0 0 0 4 4 0 0 0 0 0 
0 0 0 3 4 2 2 4 0 0 3 0 4 0 0 0 0 0 0 0 1 0 0 0 2 0 0 0 4 0 0 0 0 0 
3 0 5 0 0 0 0 0 0 0 0 0 0 0 0 0 0 0 0 0 0 0 6 0 0 0 0 0 0 0 0 6 0 0 
3 0 5 1 2 3 3 0 4 3 2 0 3 3 0 0 0 5 0 0 0 3 0 0 0 0 0 0 0 0 0 0 0 0 
5 4 5 0 3 2 4 4 0 2 0 1 0 3 1 0 0 0 0 0 0 0 0 0 0 0 0 0 0 0 0 0 0 0 
3 4 6 0 3 1 1 2 0 0 0 2 0 5 6 1 0 0 0 0 0 0 0 0 0 0 0 0 0 0 0 0 0 0 
0 4 6 0 0 0 0 0 6 5 2 0 0 0 5 2 0 0 3 3 2 0 0 0 0 0 0 0 0 0 0 0 0 0 
0 0 5 0 4 0 0 0 0 0 0 0 0 0 0 0 0 0 1 0 0 0 0 2 0 2 0 0 0 0 0 5 0 0 
0 0 3 0 0 0 0 0 0 0 0 0 0 0 2 0 0 5 0 5 5 0 0 0 0 0 0 0 0 0 0 0 0 0 
0 0 3 0 0 0 0 0 0 1 4 3 0 4 0 0 0 0 0 0 5 0 0 6 0 0 0 0 0 0 0 6 8 6 
0 0 0 3 4 0 0 0 0 0 0 0 0 2 0 0 0 0 0 0 0 0 0 0 3 0 4 0 0 0 0 2 5 4 
0 0 0 0 0 0 0 0 0 2 0 0 0 0 0 1 0 4 0 0 5 0 0 0 3 1 2 2 0 0 0 0 4 1 
0 0 0 4 0 0 0 0 4 0 0 0 0 3 0 4 0 6 4 2 0 0 0 5 0 0 0 2 0 0 0 0 0 0 
0 1 5 5 0 0 0 0 0 5 6 0 6 0 0 0 0 0 0 0 6 4 0 2 0 0 0 0 0 0 0 0 0 0 
0 0 1 3 0 0 2 0 0 3 4 1 0 2 0 0 0 0 3 0 2 1 0 0 0 0 0 0 0 0 0 0 0 0 
3 0 0 0 0 0 0 0 5 0 0 0 7 0 0 0 0 0 0 0 0 0 7 0 0 0 0 0 0 0 0 0 4 1 
0 1 0 4 0 0 1 2 5 3 2 0 0 3 0 0 2 0 0 0 0 0 0 1 4 0 0 0 0 3 1 2 4 3 
0 2 0 5 3 0 0 0 4 0 5 0 0 0 1 4 4 0 2 0 0 0 0 0 3 3 0 2 0 0 0 0 0 2 
0 2 1 0 0 1 0 0 0 1 5 2 0 4 0 7 0 0 0 0 0 0 6 0 0 0 0 0 0 4 0 7 6 3 
4 4 1 0 3 2 0 0 3 0 0 0 0 4 1 0 1 2 2 3 2 1 0 4 0 0 3 3 4 0 0 4 2 1 
0 3 1 0 0 0 0 0 0 0 0 0 0 3 0 3 0 0 1 0 0 2 0 0 0 0 0 2 4 2 0 0 3 3 
0 0 2 0 0 0 0 0 0 0 0 0 0 2 3 2 2 0 4 6 5 3 0 5 0 0 6 0 0 0 0 5 4 2 
0 0 0 0 0 0 0 0 0 0 0 0 0 1 0 0 0 0 2 0 3 1 0 4 0 0 6 2 1 0 0 0 4 2 
0 4 3 0 4 0 0 0 5 0 0 0 5 0 6 6 4 0 0 0 1 0 0 3 0 0 5 1 0 0 0 0 0 3 
0 3 0 0 4 0 3 3 0 2 6 3 0 2 2 3 3 4 0 6 0 0 8 0 0 0 0 0 0 0 0 5 5 6 
3 3 1 0 1 1 3 3 3 0 4 2 0 1 0 0 1 2 2 0 2 0 0 0 0 0 0 0 0 0 0 2 3 5 
1 0 0 6 0 0 0 0 0 0 0 0 5 0 0 6 4 3 4 0 4 0 6 0 0 0 0 0 0 0 0 4 5 5 
4 6 0 7 0 0 0 0 0 4 3 1 0 3 0 7 4 3 4 0 3 0 0 3 0 0 5 3 3 4 0 2 0 2 
3 7 3 0 0 0 1 0 0 3 2 0 0 6 5 4 4 2 3 3 0 0 0 2 1 0 0 1 3 4 3 1 0 1 
0 3 4 0 0 0 0 3 3 2 0 0 0 0 0 2 5 3 0 4 6 0 6 0 0 0 4 0 3 1 2 0 2 4 
2 0 4 3 0 0 0 4 3 5 0 0 5 3 4 4 0 0 0 0 0 0 5 0 0 0 0 0 0 0 0 4 2 2 
2 0 3 0 0 0 0 0 0 0 0 0 3 0 0 0 0 0 1 1 0 0 4 2 0 0 0 0 0 0 0 3 5 2 
400 272
0 4 0 3
0 4 0 6
0 4 1 4
0 22 0 6
0 22 0 29
0 22 2 22
1 31 1 27
1 31 0 31
1 31 4 31
2 28 2 27
2 28 3 28
2 28 2 27
2 28 3 28
3 28 3 24
3 28 21 28
4 22 4 2
4 22 2 22
4 22 17 22
4 22 4 2
4 22 2 22
4 22 17 22
4 31 1 31
4 31 9 31
4 31 9 31
5 17 5 13
5 17 5 21
5 17 10 17
6 0 6 1
6 0 5 0
6 0 7 0
7 14 7 13
7 14 7 15
7 14 6 14
7 14 8 14
9 2 9 4
9 2 8 2
9 2 10 2
9 31 11 31
10 20 10 19
10 20 8 20
10 20 11 20
11 31 11 32
11 31 9 31
11 31 12 31
11 31 11 32
11 31 12 31
11 32 11 33
11 32 0 32
11 32 12 32
11 33 11 32
11 33 0 33
11 33 12 33
11 33 11 32
11 33 0 33
12 26 12 24
12 26 13 26
12 26 12 24
12 26 13 26
12 33 12 32
12 33 13 33
12 33 12 32
13 20 13 17
13 20 11 20
13 20 15 20
13 27 14 27
13 32 12 32
13 32 17 32
13 32 12 32
13 32 17 32
14 23 14 27
14 23 11 23
14 23 15 23
17 12 17 8
17 12 17 22
17 12 15 12
17 12 25 12
17 22 17 12
17 22 20 22
17 22 20 22
17 32 17 33
17 32 18 32
18 24 18 23
18 24 19 24
18 24 19 24
18 24 19 24
19 10 19 8
19 10 18 10
19 10 20 10
19 25 19 27
19 25 19 27
20 15 20 13
20 15 20 22
20 15 19 15
20 15 22 15
20 31 20 29
20 31 20 32
20 31 18 31
20 31 21 31
26 22 26 19
26 22 26 31
26 22 20 22
26 22 28 22
26 22 26 19
26 22 26 31
26 22 20 22
26 22 28 22
26 33 26 32
26 33 25 33
26 33 27 33
26 33 26 32
26 33 25 33
26 33 27 33
28 22 28 20
28 22 28 31
28 22 31 22
28 22 28 20
28 33 28 32
28 33 27 33
28 33 29 33
29 3 29 1
29 3 29 9
29 3 28 3
29 3 32 3
29 15 29 13
29 15 29 16
29 15 28 15
29 15 30 15
29 26 29 23
29 26 29 27
29 26 31 26
30 1 30 0
30 1 30 2
30 1 29 1
30 1 31 1
30 6 30 9
30 14 30 13
30 14 30 15
30 14 32 14
30 24 30 23
31 16 31 15
31 16 31 17
31 16 30 16
31 20 31 19
31 20 31 22
31 20 29 20
31 20 31 19
31 20 31 22
31 20 29 20
32 9 32 8
32 9 32 12
32 9 31 9
33 32 33 31
33 32 33 33
33 32 32 32
0 22 0 6
0 22 2 22
2 27 2 22
2 27 1 27
3 20 3 12
3 24 12 24
7 14 7 13
7 14 8 14
9 18 8 18
9 23 11 23
11 23 9 23
11 23 14 23
11 32 0 32
13 24 13 25
14 17 14 15
14 17 14 18
14 17 13 17
14 17 14 15
14 17 14 18
14 17 13 17
14 18 14 19
14 18 16 18
14 23 15 23
15 12 15 10
15 12 5 12
15 12 17 12
15 12 15 10
15 12 5 12
15 20 15 21
15 20 13 20
15 20 16 20
15 20 15 21
15 20 16 20
15 21 5 21
15 21 16 21
16 11 16 10
16 18 16 13
19 14 19 15
19 15 19 16
19 15 20 15
19 16 19 18
19 16 18 16
19 16 19 18
20 22 20 15
21 23 21 26
21 23 23 23
21 23 21 26
21 23 23 23
25 26 25 23
25 26 25 27
25 26 24 26
25 33 24 33
26 19 26 17
26 19 23 19
26 19 30 19
26 19 26 17
27 20 28 20
28 20 27 20
0 31 0 32
0 31 1 31
1 24 1 27
2 12 2 7
2 12 1 12
2 12 3 12
2 12 2 7
2 12 3 12
2 12 3 12
3 10 3 7
5 21 5 17
8 18 8 19
14 15 14 13
14 15 13 15
15 10 15 9
15 10 11 10
15 10 16 10
15 10 15 9
16 10 16 9
16 18 16 13
18 16 18 13
23 19 23 18
23 19 23 20
23 19 21 19
23 19 23 18
23 19 23 20
25 20 24 20
2 7 2 6
2 7 3 7
3 7 3 6
3 7 3 10
8 15 8 14
8 18 8 19
13 17 13 20
14 13 12 13
16 10 16 9
18 13 20 13
8 15 8 14
14 13 12 13
18 13 20 13
20 13 20 15
21 13 21 14
21 13 22 13
21 13 22 13
21 13 22 13
8 14 10 14
10 14 10 17
10 17 10 19
10 17 5 17
10 17 10 19
11 13 11 20
11 13 7 13
11 13 11 20
11 13 7 13
11 20 10 20
7 13 6 13
10 19 10 20
10 19 8 19
6 13 5 13
6 13 5 13

4472

2   4 2 5 - 5 = = = = = = = = = = = = = = = 5 - - - - - - 1   3 3 2 
2 2   2 4 1             1                   ǁ   1 - - 3 - - - 5 ǁ ǁ 
3 2   4 5   4 4 = = = = 6                   5 - - - - 4 4     ǁ ǁ ǁ 
      3 4 2 2 4 = = 3   4 - - - - - - - 1   ǁ   2 - - - 4     ǁ ǁ ǁ 
3   5 = = = = = = = = = = = = = = = = = = = 6   |       |     6 ǁ ǁ 
3   5 1 2 3 3   4 3 2   3 3 - - - 5 = = = 3 ǁ   |       |     ǁ ǁ ǁ 
5 4 5   3 2 4 4   2   1 ǁ 3 1     ǁ       | ǁ   |       |     ǁ ǁ ǁ 
3 4 6   3 1 1 2       2 ǁ 5 6 1   ǁ       | ǁ   |       |     ǁ ǁ ǁ 
  4 6           6 5 2   ǁ ǁ 5 2   ǁ 3 3 2 | ǁ   |       |     ǁ ǁ ǁ 
    5 - 4               ǁ ǁ |     ǁ 1 | | | ǁ 2 | 2     |     5 ǁ ǁ 
    3                   ǁ ǁ 2 - - 5 = 5 5 | ǁ ǁ |       |     ǁ ǁ ǁ 
    3             1 4 3 ǁ 4 = = = = = = 5 | ǁ 6 |       |     6 8 6 
      3 4           |   ǁ 2             | | ǁ ǁ 3 = 4   |     2 5 4 
                  2 |   ǁ ǁ   1   4 = = 5 | ǁ ǁ 3 1 2 2 |       4 1 
      4         4   |   ǁ 3 - 4 = 6 4 2 ǁ | ǁ 5 - - - 2 |       ǁ   
  1 5 5           5 6 = 6           |   6 4 ǁ 2         |       ǁ   
    1 3     2     3 4 1 ǁ 2 = = = = 3   2 1 ǁ           |       ǁ   
3               5 - - - 7 = = = = = = = = = 7           |       4 1 
  1   4     1 2 5 3 2   | 3 - - 2           ǁ 1 4       | 3 1 2 4 3 
  2   5 3       4 - 5   | ǁ 1 4 4 = 2       ǁ   3 3 = 2 |     |   2 
  2 1     1       1 5 2 | 4 = 7 = = = = = = 6           | 4 - 7 6 3 
4 4 1   3 2     3       | 4 1 | 1 2 2 3 2 1 ǁ 4 = = 3 3 4     4 2 1 
  3 1                   | 3   3     1 |   2 ǁ ǁ       2 4 2     3 3 
    2                   | 2 3 2 2   4 6 5 3 ǁ 5     6         5 4 2 
                        | 1         2 | 3 1 ǁ 4     6 2 1       4 2 
  4 3   4       5       5   6 6 4     | 1   ǁ 3 - - 5 1           3 
  3     4   3 3   2 6 3   2 2 3 3 4 = 6 = = 8 = = = = = = = = 5 5 6 
3 3 1   1 1 3 3 3   4 2   1     1 2 2 | 2   ǁ                 2 3 5 
1     6                 5     6 4 3 4 | 4 = 6 - - - - - - - - 4 5 5 
4 6 - 7 - - - - - 4 3 1   3 - 7 4 3 4 | 3   | 3 - - 5 3 3 4   2   2 
3 7 3 |     1 - - 3 2     6 5 4 4 2 3 3 ǁ   | 2 1   | 1 3 4 3 1   1 
  3 4 |       3 3 2         | 2 5 3   4 6 = 6       4   3 1 2   2 4 
2   4 3       4 3 5 - - 5 3 4 4             5                 4 2 2 
2   3                   3           1 1     4 2               3 5 2 
