34 34
2 2 0 0 0 0 0 0 3 0 0 0 0 3 0 0 0 0 0 0 0 0 0 0 0 0 0 3 0 0 0 0 3 1 
3 5 1 2 4 0 4 1 0 2 3 1 0 4 2 1 0 2 2 2 2 2 2 0 0 1 1 0 2 0 0 3 0 1 
2 0 1 0 3 1 0 1 3 4 6 0 0 4 0 0 0 2 3 3 5 7 6 0 0 4 0 0 1 0 0 0 0 0 
4 5 2 0 1 0 3 0 2 2 2 1 0 0 1 2 1 0 4 0 3 0 1 1 0 5 3 0 1 0 0 0 0 0 
2 0 1 6 0 0 0 0 0 0 0 0 0 6 0 4 1 0 4 0 1 0 2 2 1 2 0 0 0 2 0 5 0 0 
1 0 2 5 0 2 0 0 0 0 3 2 0 0 0 2 3 2 1 0 0 0 0 1 0 2 3 0 4 5 1 0 0 0 
1 5 0 3 0 0 0 0 0 0 0 0 0 5 0 0 0 0 0 5 0 6 3 2 0 4 0 0 0 4 2 0 0 0 
1 6 3 0 2 3 0 0 0 1 1 2 1 0 2 3 3 2 0 0 2 0 1 1 0 0 0 0 0 3 2 0 0 0 
2 2 2 0 2 4 0 0 0 6 3 0 0 0 4 6 0 4 1 0 0 0 2 4 2 4 3 0 0 4 2 0 0 0 
0 1 1 0 1 0 0 0 0 2 2 0 0 0 1 0 1 0 0 0 3 0 1 0 0 0 1 0 0 2 1 0 0 0 
2 3 0 5 0 4 0 0 0 0 3 0 3 0 0 0 2 0 0 0 0 0 0 0 0 0 0 0 3 0 0 3 0 0 
0 3 0 4 0 3 0 3 2 2 5 4 0 0 0 0 0 2 3 0 3 4 3 0 1 0 0 0 0 1 1 0 0 0 
0 0 0 0 0 0 0 0 0 0 0 0 0 0 2 0 0 1 0 0 2 1 3 0 0 0 0 0 5 5 3 0 0 0 
0 0 0 0 0 0 0 0 2 0 2 4 4 0 0 0 0 0 0 0 2 4 4 0 0 0 0 0 0 0 0 0 0 0 
0 0 0 0 0 0 0 0 2 0 2 2 0 0 4 5 0 4 4 0 4 0 0 7 0 4 2 0 0 2 0 0 0 0 
0 0 0 0 0 0 1 3 0 1 2 1 0 0 0 0 0 2 0 0 4 3 1 0 2 0 3 0 0 2 1 0 0 0 
0 0 0 0 0 0 2 2 0 0 0 0 0 0 0 0 0 0 0 0 1 3 3 0 2 0 2 0 4 3 2 0 0 0 
0 0 0 0 0 0 3 0 4 0 4 5 2 0 0 0 0 3 3 0 0 0 1 0 0 0 0 0 2 1 1 0 0 0 
0 0 0 0 0 0 1 1 0 1 0 0 0 0 0 0 0 1 0 0 3 5 0 6 0 0 0 5 0 0 0 4 0 0 
0 0 0 0 0 0 0 0 0 0 0 0 0 0 0 0 0 0 0 0 0 0 1 0 1 1 2 0 1 3 1 0 0 0 
0 0 0 0 0 0 2 3 0 2 2 0 0 0 0 0 0 1 0 0 0 0 0 0 0 2 2 0 1 0 1 0 0 0 
1 0 0 0 0 0 0 0 0 0 0 0 1 0 2 0 0 0 0 0 0 0 0 0 0 0 2 0 0 0 3 0 0 0 
2 3 0 0 2 4 0 3 0 0 0 0 0 0 0 0 0 0 0 0 0 0 0 0 0 0 0 0 0 0 0 0 2 0 
0 0 0 0 1 0 0 0 0 1 0 0 0 0 0 0 0 0 0 0 0 0 3 6 6 5 4 0 0 0 0 0 0 0 
1 0 0 0 0 2 0 2 0 0 0 2 0 0 1 0 0 0 0 0 0 0 1 0 0 0 0 0 4 4 4 0 0 0 
0 0 0 0 0 0 0 0 0 0 0 0 0 0 0 0 0 0 0 0 0 2 0 0 2 0 1 0 0 0 0 0 0 2 
0 0 0 0 0 0 0 0 0 0 0 0 0 0 0 0 0 0 0 0 0 5 4 0 1 2 2 0 0 0 0 0 2 0 
2 0 0 4 0 0 6 0 4 2 1 0 0 4 0 5 3 4 0 0 3 3 0 5 2 1 0 0 0 1 1 0 1 0 
3 3 0 0 1 0 5 2 2 0 0 0 0 5 2 2 2 2 0 0 2 2 2 5 3 3 3 0 0 1 1 0 2 0 
1 4 0 5 2 2 4 2 2 1 0 2 0 4 0 0 3 2 2 0 2 3 1 2 1 1 0 0 0 0 0 0 0 0 
1 2 2 4 2 4 0 0 0 0 0 0 0 0 0 0 0 0 0 5 0 0 0 0 0 0 0 4 6 4 2 0 0 0 
1 0 1 3 2 3 0 0 0 0 0 1 0 0 0 1 0 0 0 0 0 0 0 0 0 0 0 0 0 0 0 5 5 3 
3 5 0 0 0 0 0 0 0 0 0 0 0 0 0 0 0 0 0 0 0 0 0 0 0 4 0 0 0 0 0 4 1 1 
1 3 0 0 0 0 0 0 0 0 0 0 0 0 0 0 0 0 0 0 1 1 0 0 0 5 0 0 0 2 1 3 2 1 
400 50
2 21 2 20
2 21 2 22
2 21 1 21
2 21 6 21
4 31 4 29
4 31 1 31
4 31 10 31
14 23 14 20
14 23 14 25
14 23 8 23
14 23 18 23
26 21 26 22
26 21 25 21
26 21 27 21
30 19 30 5
30 19 30 27
30 19 6 19
30 28 30 27
30 28 30 29
30 28 24 28
30 28 30 27
30 28 30 29
30 28 24 28
33 25 33 21
33 25 33 29
33 25 32 25
12 28 12 29
12 28 10 28
12 28 16 28
13 22 13 21
13 22 12 22
13 22 13 21
13 22 12 22
30 27 30 19
33 20 33 1
33 25 33 29
33 25 32 25
11 24 8 24
13 21 13 20
13 21 12 21
18 27 18 23
18 27 18 31
18 27 0 27
30 29 30 30
30 29 28 29
32 25 32 1
32 25 32 31
33 30 33 31
12 22 11 22
30 30 28 30

6868

2 2             3         3                           3         3 1 
3 5 1 2 4   4 1   2 3 1   4 2 1   2 2 2 2 2 2     1 1 | 2     3   1 
2   1   3 1   1 3 4 6     4       2 3 3 5 7 6     4   | 1     |     
4 5 2   1   3   2 2 2 1     1 2 1   4   3 | 1 1   5 3 | 1     |     
2   1 6                   6   4 1   4   1 | 2 2 1 2   |   2 - 5     
1   2 5   2         3 2       2 3 2 1     |   1   2 3 | 4 5 1 |     
1 5   3                   5           5   6 3 2   4   |   4 2 |     
1 6 3   2 3       1 1 2 1   2 3 3 2   | 2   1 1       |   3 2 |     
2 2 2   2 4       6 3       4 6   4 1 |     2 4 2 4 3 |   4 2 |     
  1 1   1         2 2       1   1     | 3   1 | |   1 |   2 1 |     
2 3   5   4         3   3       2     |       | |     | 3     3     
  3   4   3   3 2 2 5 4           2 3 | 3 4 3 | 1     | | 1 1       
                            2     1   | 2 1 3 |       | 5 5 3       
                2   2 4 4             | 2 4 4 |       | |           
                2   2 2     4 5   4 4 | 4 - - 7 - 4 2 | | 2         
            1 3   1 2 1           2   | 4 3 1 | 2   3 | | 2 1       
            2 2                       | 1 3 3 | 2   2 | 4 3 2       
            3   4   4 5 2         3 3 |     1 |       | 2 1 1       
            1 1   1               1   | 3 5   6 - - - 5 - - - 4     
                                      |     1   1 1 2   1 3 1       
            2 3   2 2             1   |           2 2   1   1       
1                       1   2         |             2       3       
2 3     2 4   3                       |                         2   
        1         1                   |     3 6 6 5 4               
1         2   2       2     1         |     1           4 4 4       
                                      |   2     2   1   ǁ         2 
                                      |   5 4   1 2 2   ǁ       2   
2     4     6   4 2 1     4   5 3 4   | 3 3   5 2 1     ǁ 1 1   1   
3 3     1   5 2 2         5 2 2 2 2   | 2 2 2 5 3 3 3   ǁ 1 1   2   
1 4   5 2 2 4 2 2 1   2   4     3 2 2 | 2 3 1 2 1 1     ǁ | |       
1 2 2 4 2 4 - - - - - - - - - - - - - 5 = = = = = = = 4 6 4 2       
1   1 3 2 3           1       1                               5 5 3 
3 5 - - - - - - - - - - - - - - - - - - - - - - - 4 - - - - - 4 1 1 
1 3 - - - - - - - - - - - - - - - - - - 1 1 - - - 5 = = = 2 1 3 2 1 
