34 34
2 4 4 0 4 0 0 0 0 0 0 3 0 0 0 0 0 0 0 0 0 0 0 0 0 0 3 0 0 1 3 0 1 1 
5 5 0 0 0 0 0 1 0 0 0 0 2 2 0 0 0 0 0 0 0 0 5 4 1 0 2 1 0 2 0 2 3 0 
0 0 0 0 0 0 0 0 0 0 0 0 3 0 4 0 0 0 0 0 0 0 5 5 0 0 0 0 0 5 8 0 4 2 
0 5 0 0 5 0 0 2 0 0 0 0 3 0 3 0 3 3 0 0 0 0 0 3 5 0 5 3 3 0 0 2 5 4 
0 1 0 0 1 0 0 0 0 0 0 0 3 0 3 2 1 2 0 0 0 0 0 1 4 2 0 4 4 0 0 0 0 2 
5 0 0 0 0 0 0 0 0 0 0 4 0 0 0 0 0 0 0 0 0 0 4 0 0 0 6 4 2 0 0 0 0 1 
0 2 3 1 0 4 4 4 4 3 2 0 3 3 2 0 5 0 2 1 0 3 0 2 3 0 6 5 4 2 0 0 0 0 
0 0 3 0 0 5 6 0 1 5 3 0 5 5 3 0 6 3 5 0 5 5 0 2 0 0 4 3 5 3 0 0 0 0 
0 3 1 0 0 0 3 0 1 0 0 0 4 0 3 1 0 0 0 0 0 4 0 3 5 5 6 0 6 3 0 0 0 0 
0 0 0 0 0 0 2 0 2 0 0 0 2 0 3 0 5 0 0 0 5 5 0 0 2 2 2 2 4 3 0 0 0 0 
0 0 0 0 0 0 0 0 0 6 0 6 2 0 1 0 0 1 0 0 4 4 0 3 0 0 0 0 0 0 5 0 0 0 
0 0 0 0 0 0 0 0 0 2 2 6 3 6 3 0 0 0 0 0 0 0 0 0 1 4 0 0 6 0 6 0 0 0 
0 0 0 0 0 0 0 4 5 0 0 0 2 0 0 0 0 0 0 0 0 0 0 0 0 3 0 0 4 1 0 0 0 0 
0 0 0 0 0 0 0 0 0 1 0 3 0 0 0 0 0 0 0 0 0 0 0 0 4 0 0 0 0 0 6 0 3 2 
0 0 0 0 0 0 0 1 5 0 6 5 0 0 1 0 0 0 0 0 0 0 0 3 5 0 0 0 3 2 4 0 2 1 
0 0 0 0 0 0 0 1 4 4 6 3 0 0 0 0 0 0 0 0 0 0 0 3 3 0 0 0 0 1 2 0 0 0 
0 0 0 0 0 0 4 0 0 0 0 0 4 6 0 0 6 0 0 0 0 0 6 0 0 0 0 0 0 0 0 6 6 4 
0 0 0 0 0 0 0 0 0 0 0 0 0 0 4 4 0 2 4 4 4 2 0 4 3 2 0 2 3 0 0 5 2 1 
0 0 0 0 0 0 0 0 0 0 0 0 0 0 0 2 0 2 0 1 0 0 0 4 0 1 0 0 3 2 0 0 2 1 
0 0 0 0 0 0 0 0 0 0 0 0 0 0 0 0 0 1 0 0 0 0 0 4 4 0 0 5 0 0 0 5 3 3 
0 0 0 0 0 0 2 0 0 0 0 0 0 2 4 0 5 0 6 0 5 2 0 0 4 4 1 0 0 0 1 0 2 0 
0 0 0 0 0 0 0 0 0 0 0 0 0 4 3 2 2 2 6 3 5 4 0 4 4 5 0 6 0 4 4 0 0 1 
0 0 0 0 0 0 0 0 0 0 0 0 0 3 0 2 1 0 3 2 1 2 0 2 2 3 1 2 0 2 2 0 0 1 
0 0 3 0 0 5 0 0 0 0 0 0 6 0 0 0 0 0 0 0 0 0 8 0 0 0 0 0 0 0 0 5 7 4 
0 0 0 1 2 0 1 2 6 0 0 0 6 0 5 0 2 0 0 0 0 0 0 1 0 0 1 3 1 0 0 0 0 1 
0 0 5 7 5 0 0 1 5 4 1 1 0 0 0 1 0 2 0 0 0 0 0 2 0 0 5 7 0 1 0 0 0 2 
0 0 3 6 4 0 0 0 1 0 0 0 0 0 0 0 0 0 0 0 0 0 0 0 0 0 0 0 0 0 0 0 2 0 
0 0 4 3 2 0 4 4 0 6 4 3 0 0 0 0 0 4 0 0 0 0 7 0 0 0 3 0 0 0 0 0 3 4 
0 0 5 0 0 7 5 0 2 0 2 0 0 3 7 3 0 0 2 0 0 0 0 2 0 1 0 0 0 0 0 0 0 1 
0 0 3 0 0 3 1 0 0 0 0 2 0 2 4 1 2 2 0 2 0 0 5 5 0 3 0 6 0 0 0 5 3 2 
6 5 0 0 0 0 0 4 5 5 5 3 0 0 1 0 1 0 3 0 0 0 4 4 1 0 0 5 1 2 3 4 2 0 
0 4 0 0 0 0 0 0 0 1 2 0 7 0 0 0 4 0 0 0 0 0 3 0 0 2 2 4 1 0 3 5 4 2 
5 3 1 0 0 0 0 0 0 0 0 0 6 0 0 0 0 0 0 0 0 0 0 0 0 0 0 0 0 6 0 6 3 3 
4 0 0 0 0 0 2 0 0 0 0 0 3 0 0 0 0 0 3 0 0 0 0 0 0 0 0 0 0 5 3 4 2 2 
400 401
1 0 1 1
1 0 0 0
1 0 5 0
1 22 1 13
1 22 1 23
1 22 2 22
2 30 2 29
2 30 2 32
2 30 0 30
2 30 10 30
2 30 2 29
2 30 2 32
2 30 0 30
2 30 10 30
3 1 3 4
3 1 1 1
3 1 4 1
7 20 7 18
7 20 7 21
7 20 9 20
10 9 10 11
10 9 7 9
10 9 11 9
10 9 10 11
10 9 7 9
10 9 11 9
10 11 10 12
10 11 5 11
10 11 11 11
10 11 10 12
11 11 11 10
11 11 11 12
11 11 13 11
11 11 11 10
11 11 11 12
11 30 11 28
11 30 10 30
11 30 13 30
11 30 11 28
11 30 10 30
11 30 13 30
12 8 12 7
12 8 9 8
12 8 14 8
13 30 13 24
13 30 13 32
13 30 14 30
13 30 13 24
14 10 14 8
14 10 14 11
14 10 15 10
14 10 14 8
14 10 14 11
14 10 15 10
15 10 15 9
15 10 15 11
15 10 25 10
15 10 15 9
16 6 9 6
16 6 20 6
16 6 9 6
16 6 20 6
16 31 16 22
16 31 16 32
16 31 17 31
16 31 16 22
16 31 16 32
16 31 17 31
16 32 16 33
16 32 14 32
16 32 17 32
16 32 16 33
16 33 14 33
16 33 17 33
23 5 23 2
23 5 7 5
23 5 28 5
23 12 23 22
23 12 16 12
23 12 24 12
23 12 23 22
23 12 16 12
23 12 24 12
23 22 23 31
23 22 16 22
23 22 27 22
23 32 23 31
23 32 23 33
23 32 20 32
23 32 26 32
23 33 23 32
23 33 22 33
23 33 24 33
24 8 24 7
24 8 15 8
24 8 25 8
24 8 24 7
24 8 15 8
24 8 25 8
24 12 24 14
24 12 31 12
24 12 24 14
24 12 31 12
25 2 25 3
25 2 23 2
25 2 26 2
25 3 25 2
25 3 25 4
25 3 24 3
25 3 26 3
25 27 25 26
25 27 25 29
25 27 24 27
25 27 29 27
25 33 27 33
28 2 28 5
28 2 27 2
28 2 29 2
28 14 28 13
28 14 28 15
28 14 24 14
28 14 29 14
30 0 30 1
30 0 5 0
30 0 32 0
30 0 30 1
30 0 5 0
30 0 32 0
30 8 30 7
30 8 30 9
30 8 28 8
31 12 31 10
31 12 31 16
31 12 32 12
33 0 33 6
33 0 32 0
33 0 33 6
33 0 32 0
33 29 33 18
33 29 33 30
33 29 32 29
0 2 0 1
0 2 0 4
0 2 0 1
0 2 0 4
0 4 0 11
0 4 3 4
1 31 1 32
3 1 3 4
3 1 1 1
3 31 3 32
7 12 7 13
7 12 6 12
7 12 8 12
10 30 10 23
11 28 11 25
11 28 12 28
11 28 11 25
11 28 12 28
12 28 12 25
12 28 12 29
13 9 13 11
15 9 15 8
15 9 25 9
16 12 16 13
16 12 12 12
16 13 16 16
16 13 11 13
16 13 20 13
16 13 16 16
16 13 11 13
16 16 16 22
16 16 9 16
16 16 20 16
16 16 16 22
17 14 17 15
17 14 20 14
17 14 17 15
17 14 20 14
17 15 18 15
17 23 17 24
17 23 18 23
17 23 17 24
17 23 18 23
18 23 18 25
18 23 19 23
19 23 19 24
19 23 21 23
19 23 19 24
19 24 19 27
19 24 20 24
20 24 20 25
20 24 21 24
20 24 20 25
20 25 20 26
20 25 21 25
21 23 21 24
21 23 22 23
21 23 21 24
21 24 21 25
21 33 19 33
22 23 22 24
22 24 22 25
23 22 23 31
23 22 16 22
23 22 27 22
24 4 25 4
24 6 27 6
24 28 24 27
25 3 25 2
25 3 25 4
25 9 25 8
25 9 27 9
25 9 25 8
25 27 25 26
25 27 24 27
25 27 29 27
25 33 27 33
26 3 26 2
26 3 26 4
26 3 27 3
26 3 26 2
26 3 26 4
26 4 25 4
26 4 27 4
27 2 27 3
27 2 28 2
27 2 27 3
27 6 27 7
27 6 28 6
27 6 27 7
27 9 27 7
27 9 27 10
27 9 30 9
27 9 27 7
27 9 27 10
27 10 27 11
27 10 28 10
27 22 27 17
27 22 27 26
27 22 29 22
27 33 27 32
27 33 28 33
28 10 30 10
29 27 29 25
29 27 29 31
29 27 30 27
29 27 29 25
30 7 30 1
30 7 30 8
30 7 30 1
30 27 30 24
30 27 30 28
30 27 31 27
30 27 31 27
31 27 31 26
31 27 31 28
32 0 32 1
0 1 0 0
0 1 1 1
1 0 1 1
1 0 5 0
1 31 1 32
3 31 3 32
5 0 5 11
5 11 5 22
5 11 0 11
5 22 5 26
5 22 2 22
5 22 5 26
5 26 5 27
5 26 3 26
5 26 6 26
5 26 5 27
6 16 6 14
6 16 6 18
6 16 7 16
6 26 6 24
6 26 6 27
6 26 7 26
6 26 6 24
6 26 6 27
8 15 8 14
8 25 8 24
8 25 8 26
8 25 9 25
11 13 11 12
11 13 11 14
11 13 7 13
11 13 11 14
11 25 11 24
11 25 12 25
13 11 14 11
13 24 14 24
14 11 15 11
14 14 11 14
15 8 15 7
17 15 18 15
17 24 17 25
17 25 17 27
24 4 25 4
25 7 25 8
30 23 30 22
30 23 29 23
30 23 30 22
30 23 29 23
31 26 31 25
0 11 0 26
1 7 3 7
3 4 3 7
3 4 4 4
4 25 4 24
8 12 7 12
8 12 9 12
8 12 7 12
10 14 9 14
13 24 14 24
14 8 14 7
14 8 12 8
14 11 15 11
25 11 27 11
27 11 29 11
29 11 30 11
30 11 30 10
31 25 31 22
4 25 4 24
6 12 6 13
12 7 12 8
12 7 6 7
12 7 6 7
30 11 30 10
4 24 4 23
4 24 3 24
6 7 6 6
6 7 6 8
6 8 6 9
6 8 7 8
6 8 6 9
6 12 6 13
7 6 7 5
7 6 6 6
7 6 8 6
7 6 7 5
7 6 6 6
7 6 8 6
8 8 9 8
6 6 6 5
6 5 6 3
6 5 7 5
6 5 7 5
7 2 6 2
7 2 8 2
7 2 6 2
23 2 23 5
23 5 28 5
6 2 6 1
6 1 8 1
8 1 30 1
31 1 31 9
31 1 32 1
31 1 32 1
32 2 32 12
32 12 32 29
32 12 31 12
32 12 33 12
32 12 32 29
32 29 32 31
32 29 30 29
32 29 33 29
32 31 32 32
32 31 31 31
32 31 33 31
32 31 32 32
32 31 31 31
33 12 33 18
33 12 33 18
33 29 33 30
33 30 33 31
33 31 33 32
33 31 33 32
33 33 32 33
33 33 32 33
30 9 30 8
30 9 30 10
30 9 30 10
30 29 30 30
31 10 31 12
31 16 31 22
31 16 30 16
31 16 31 22
28 8 28 6
30 14 29 14
30 22 30 18
30 22 29 22
28 6 28 5
28 6 29 6
28 6 28 5
30 18 28 18
29 19 29 22
30 18 28 18
29 19 29 22

14046

2 4 4 = 4 - - - - - - 3 - - - - - - - - - - - - - - 3     1 3   1 1 
5 5     |     1       | 2 2 - - - - - - - - 5 4 1   2 1   2 ǁ 2 3   
ǁ ǁ     |     |       | 3   4               5 5           5 8 = 4 2 
ǁ 5 = = 5 - - 2       | 3   3   3 3         | 3 5   5 3 3   ǁ 2 5 4 
ǁ 1     1             | 3   3 2 1 2         | 1 4 2 | 4 4   ǁ     2 
5 - - - - - - - - - - 4 - - - - - - - - - - 4 = = = 6 4 2   ǁ     1 
ǁ 2 3 1 - 4 4 4 4 3 2 | 3 3 2 - 5 - 2 1   3   2 3 = 6 5 4 2 ǁ       
ǁ | 3     5 6 ǁ 1 5 3 | 5 5 3   6 3 5 - 5 5   2     4 3 5 3 ǁ       
ǁ 3 1     | 3 ǁ 1 ǁ   | 4 | 3 1         | 4   3 5 5 6   6 3 ǁ       
ǁ |       | 2 ǁ 2 ǁ   | 2 | 3   5       5 5     2 2 2 2 4 3 ǁ       
ǁ |       | ǁ ǁ | 6 = 6 2 | 1   | 1     4 4   3 - - - - - - 5       
ǁ |       | ǁ ǁ | 2 2 6 3 6 3   |               1 4 = = 6 = 6       
ǁ |       | ǁ 4 5     | 2 ǁ |   |                 3 - - 4 1 ǁ       
ǁ |       | ǁ   ǁ 1 - 3 | ǁ |   |               4 = = = = = 6 - 3 2 
ǁ |       | ǁ 1 5 = 6 5 | ǁ 1   |             3 5       3 2 4   2 1 
ǁ |       | ǁ 1 4 4 6 3 | ǁ     |             3 3         1 2   | | 
ǁ |       | 4   ǁ | |   4 6 = = 6 = = = = = 6 = = = = = = = = 6 6 4 
ǁ |       | ǁ   ǁ | |   ǁ | 4 4 | 2 4 4 4 2 ǁ 4 3 2 - 2 3     5 2 1 
ǁ |       | ǁ   ǁ | |   ǁ | ǁ 2 | 2   1     ǁ 4 - 1     3 2     2 1 
ǁ |       | ǁ   ǁ | |   ǁ | ǁ   | 1         ǁ 4 4 - - 5       5 3 3 
ǁ |       | 2   ǁ | |   ǁ 2 4   5   6   5 2 ǁ | 4 4 1       1   2 | 
ǁ |       |     ǁ | |   ǁ 4 3 2 2 2 6 3 5 4 ǁ 4 4 5   6   4 4   | 1 
ǁ |       |     ǁ | |   ǁ 3   2 1   3 2 1 2 ǁ 2 2 3 1 2   2 2   | 1 
ǁ | 3 = = 5     ǁ | |   6 = = = = = = = = = 8 = = = = = = = = 5 7 4 
ǁ | | 1 2 ǁ 1 2 6 | |   6 = 5   2           ǁ 1     1 3 1       | 1 
ǁ | 5 7 5 ǁ | 1 5 4 1 1 ǁ   | 1   2         ǁ 2     5 7 - 1     | 2 
ǁ | 3 6 4 ǁ |   1 |   | ǁ   |               ǁ         ǁ         2 ǁ 
ǁ | 4 3 2 ǁ 4 4 = 6 4 3 ǁ   |     4 - - - - 7 - - - 3 ǁ         3 4 
ǁ | 5 - - 7 5 - 2 | 2 | ǁ 3 7 3     2       | 2   1   ǁ           1 
ǁ | 3     3 1   | | | 2 ǁ 2 4 1 2 2 ǁ 2 = = 5 5   3 = 6 - - - 5 3 2 
6 5 = = = = = 4 5 5 5 3 ǁ   1   1   3 - - - 4 4 1 - - 5 1 2 3 4 2   
ǁ 4 - - - - - - - 1 2 = 7 - - - 4 = = = = = 3 - - 2 2 4 1 | 3 5 4 2 
5 3 1 - - - - - - - - - 6 = = = = = = = = = = = = = = = = 6 - 6 3 3 
4 = = = = = 2           3 = = = = = 3 - - - - - - - - - - 5 3 4 2 2 
