34 34
3 6 0 0 0 4 0 3 0 0 0 0 0 0 0 0 2 2 0 4 0 0 0 0 0 3 0 0 0 0 2 2 2 3 
2 0 3 5 2 0 1 4 0 0 4 4 2 1 0 0 0 0 0 5 0 0 0 0 3 2 1 2 3 2 0 0 3 5 
3 6 5 4 3 0 2 6 3 3 4 0 0 0 0 0 0 0 0 4 2 2 0 3 3 2 1 0 2 1 0 2 0 2 
0 4 5 3 2 0 3 6 4 3 2 0 0 0 0 0 0 0 0 0 0 0 0 3 0 0 0 3 2 0 0 0 0 0 
5 0 0 0 0 5 0 0 0 0 0 0 0 0 0 0 0 0 0 0 0 0 0 0 0 0 0 0 0 0 5 3 3 3 
3 4 1 2 3 0 2 5 0 5 0 0 3 2 5 0 0 0 0 0 0 0 0 0 0 0 0 2 1 0 0 1 4 4 
1 5 0 5 5 0 0 0 4 6 0 0 4 0 6 0 0 0 0 0 0 0 4 4 0 0 0 0 4 0 0 3 0 3 
2 0 1 7 5 0 0 0 3 2 3 0 4 3 0 2 3 0 0 0 0 0 0 2 3 3 0 0 0 0 0 0 0 0 
0 0 2 7 2 0 0 0 4 3 4 5 6 6 0 3 5 0 2 0 0 0 0 0 1 3 0 0 4 1 0 0 0 0 
4 0 0 2 0 0 1 7 5 3 5 5 2 0 0 2 0 0 0 0 0 0 0 0 0 0 0 0 1 0 0 0 0 0 
0 0 0 0 0 0 1 3 1 0 2 0 0 0 0 3 7 0 0 0 0 0 5 0 0 3 0 0 1 0 0 0 0 0 
5 6 0 0 0 5 0 0 0 4 0 5 5 6 0 3 3 2 0 0 4 0 5 2 0 0 0 0 0 0 0 0 0 0 
0 0 2 0 4 0 2 0 0 3 1 2 2 3 0 3 2 1 0 0 3 2 1 1 0 0 0 0 0 0 0 0 0 0 
2 0 1 3 4 0 2 3 0 0 0 0 0 0 6 0 0 0 0 0 0 0 0 0 0 0 0 0 0 0 8 7 4 4 
2 0 0 0 0 0 1 0 1 0 0 0 3 0 0 3 0 0 0 0 0 6 0 0 0 0 0 0 0 4 0 5 4 3 
0 0 2 0 0 0 3 7 0 0 0 2 0 0 0 0 0 0 0 2 0 4 2 0 3 0 0 0 2 0 0 3 5 2 
0 0 0 0 0 0 2 5 0 0 0 0 4 1 0 4 0 2 0 4 3 2 3 2 3 0 0 1 0 0 0 1 4 2 
4 0 0 0 0 0 3 4 0 0 0 0 1 0 0 1 0 2 0 4 1 0 0 0 3 0 1 0 0 0 0 0 2 0 
0 0 0 0 0 0 3 2 2 0 0 0 0 0 7 0 0 0 0 0 0 0 0 0 0 0 0 3 4 4 0 0 2 0 
0 0 4 6 0 6 0 0 0 0 3 3 4 2 0 2 4 2 0 5 3 4 0 4 0 4 0 0 0 0 6 4 3 0 
0 0 3 4 2 0 2 0 4 0 6 3 0 0 0 2 4 3 0 0 4 7 0 4 0 0 3 3 2 1 0 1 1 0 
0 0 6 7 2 4 0 0 0 0 5 0 7 3 0 0 0 2 0 0 1 2 0 3 4 2 0 0 1 0 0 2 0 0 
0 0 2 2 2 5 3 3 0 0 5 2 5 4 5 4 5 0 0 6 0 0 0 0 0 0 7 6 4 4 0 0 0 0 
0 0 2 0 0 0 0 0 0 0 0 0 0 0 5 0 0 0 4 4 0 0 0 1 0 0 0 3 1 0 0 6 3 0 
5 7 0 0 0 0 0 0 0 0 0 0 0 0 0 0 0 0 0 0 0 0 0 0 0 0 6 2 3 5 0 0 0 0 
0 0 2 5 0 0 0 0 0 0 0 0 0 0 0 0 0 3 3 2 0 0 0 0 0 0 0 1 0 0 0 0 0 0 
0 0 0 4 0 0 0 0 0 0 0 1 0 4 0 0 0 7 0 0 4 0 0 0 3 0 0 0 0 0 0 0 0 0 
0 0 0 3 0 0 0 0 0 0 0 0 0 1 0 0 0 0 0 0 0 0 0 0 1 0 0 0 0 0 0 0 1 0 
0 0 1 3 0 0 0 0 0 0 0 2 0 0 0 0 0 5 0 0 0 0 0 0 0 0 5 4 0 2 0 0 0 0 
0 0 0 0 0 0 0 0 0 0 0 0 0 0 0 0 0 3 0 0 2 1 0 0 0 2 2 2 0 1 0 0 0 0 
3 4 0 0 0 0 0 0 0 0 0 0 0 0 0 0 0 0 0 0 0 0 0 0 0 3 0 0 4 5 7 6 7 4 
0 3 0 0 0 0 0 0 0 0 0 0 0 0 0 0 0 0 0 0 0 0 4 0 0 0 4 2 0 0 0 3 7 5 
5 0 0 0 0 0 0 0 0 0 0 0 0 0 2 2 0 0 3 3 4 3 2 2 0 0 4 0 2 4 5 4 5 0 
2 0 0 0 0 1 0 0 0 0 0 0 0 0 0 1 1 0 4 0 0 0 0 0 0 0 0 0 0 6 5 0 4 3 
400 340
0 1 0 0
0 1 0 5
0 1 2 1
0 1 0 0
0 1 0 5
0 1 2 1
0 5 0 7
0 5 4 5
1 3 1 2
1 3 1 4
1 3 2 3
1 33 1 32
1 33 0 33
1 33 2 33
2 1 2 0
2 1 2 2
2 1 3 1
2 1 2 0
3 1 3 2
3 1 5 1
3 1 3 2
4 5 4 30
4 5 11 5
4 5 4 30
4 5 11 5
5 7 5 6
5 7 5 9
5 7 9 7
5 14 5 13
5 14 5 27
5 14 6 14
6 4 6 3
6 4 5 4
6 4 7 4
6 8 6 9
6 8 7 8
6 8 6 9
6 8 7 8
6 9 6 12
6 9 5 9
6 9 7 9
6 9 6 12
7 3 7 2
7 3 7 4
7 3 6 3
7 3 8 3
8 11 8 10
8 11 8 12
8 11 9 11
9 7 9 6
9 7 9 8
9 7 5 7
9 7 10 7
10 16 10 15
10 16 10 22
10 16 8 16
10 16 11 16
11 0 11 1
11 0 9 0
11 0 13 0
13 30 13 14
13 30 13 31
13 30 4 30
13 30 19 30
13 30 13 14
13 30 13 31
13 30 4 30
13 30 19 30
13 31 13 32
13 31 6 31
13 31 14 31
14 21 14 15
14 21 14 29
14 21 15 21
14 21 14 15
14 21 14 29
14 21 15 21
14 29 18 29
15 7 15 6
15 7 15 11
15 7 13 7
15 7 16 7
18 14 18 8
18 14 18 27
18 14 13 14
18 14 22 14
19 19 19 17
19 19 19 20
19 19 22 19
19 30 19 25
19 30 19 31
19 30 30 30
19 30 19 25
20 21 20 20
20 21 20 23
20 21 19 21
20 21 21 21
21 2 21 3
21 2 20 2
21 2 22 2
21 2 21 3
21 2 20 2
21 2 22 2
21 3 21 4
21 3 20 3
21 3 22 3
21 12 21 10
21 12 21 13
21 12 19 12
21 12 22 12
22 10 22 7
22 10 22 11
22 10 21 10
22 26 22 19
22 26 22 27
22 26 20 26
22 26 24 26
23 31 23 32
23 31 21 31
23 31 30 31
23 31 23 32
23 31 21 31
23 31 30 31
24 0 24 1
24 0 17 0
24 0 30 0
24 29 24 28
24 29 22 29
24 29 28 29
26 17 26 13
26 17 26 20
26 17 25 17
26 17 28 17
27 24 26 24
30 30 30 29
30 30 30 31
30 30 32 30
30 31 30 30
30 31 30 32
30 31 31 31
30 32 30 33
30 32 27 32
30 32 31 32
30 32 30 33
30 32 31 32
31 33 31 32
31 33 30 33
31 33 33 33
32 0 32 14
32 0 30 0
32 0 33 0
32 32 32 31
32 32 31 32
32 32 33 32
33 29 33 18
33 29 33 30
33 29 32 29
33 29 33 18
33 29 33 30
33 29 32 29
0 0 1 0
1 0 2 0
1 11 1 10
1 11 1 12
1 11 1 10
1 11 1 12
1 13 1 19
3 7 3 6
3 7 3 8
3 7 2 7
3 7 3 6
3 7 3 8
3 7 2 7
3 8 3 9
3 8 2 8
4 0 5 0
5 6 5 7
5 9 5 12
7 3 7 4
7 3 6 3
7 3 8 3
8 3 8 2
8 3 8 4
8 3 9 3
8 29 8 28
9 7 9 8
9 7 10 7
13 14 13 7
13 14 6 14
13 14 18 14
14 8 14 12
14 12 16 12
14 15 16 15
14 29 18 29
15 11 15 7
16 13 16 12
16 15 16 17
16 15 17 15
16 15 16 17
17 17 17 19
17 26 17 24
18 29 18 28
19 25 19 23
19 25 21 25
21 24 21 23
21 24 21 25
21 24 21 23
21 24 21 23
22 5 22 4
22 5 22 6
22 5 21 5
22 16 22 15
22 16 22 19
22 16 20 16
23 14 23 2
23 14 23 18
23 14 22 14
23 32 20 32
25 3 25 2
25 3 25 17
25 3 26 3
26 24 26 20
30 30 30 29
30 30 32 30
33 18 33 16
33 18 32 18
1 10 1 7
1 10 2 10
2 7 2 6
2 7 2 8
2 7 1 7
2 7 2 6
2 8 2 9
4 0 5 0
5 9 5 12
6 14 6 12
6 14 6 22
6 14 5 14
6 14 6 12
6 22 6 23
6 22 10 22
6 22 6 23
6 23 6 28
6 23 7 23
6 28 5 28
6 28 8 28
6 28 8 28
8 13 8 12
8 13 7 13
8 13 11 13
8 13 8 12
8 13 7 13
8 13 11 13
8 18 8 16
8 28 8 25
9 28 10 28
11 13 11 12
11 13 12 13
11 13 11 12
11 13 12 13
12 13 12 12
14 12 16 12
16 12 16 7
17 12 17 7
17 17 17 19
17 19 17 20
17 19 16 19
17 24 16 24
18 29 18 28
19 23 19 21
19 23 20 23
19 23 19 21
20 23 20 21
20 31 19 31
21 17 20 17
23 23 23 19
26 24 26 20
1 6 1 7
1 7 0 7
4 0 5 0
5 1 5 2
5 1 6 1
5 1 6 1
5 12 5 13
5 14 5 27
7 13 7 12
8 12 8 11
8 12 7 12
8 12 9 12
8 18 8 16
16 19 16 20
16 19 15 19
16 19 16 20
16 20 16 21
17 24 16 24
18 28 18 27
18 28 15 28
19 21 19 20
19 31 19 32
19 31 16 31
19 32 18 32
19 32 18 32
20 21 20 20
20 21 21 21
21 17 20 17
21 20 20 20
26 20 26 17
0 7 0 16
0 16 0 17
0 17 0 19
0 19 0 25
0 19 1 19
0 19 0 25
7 12 7 10
7 12 7 10
15 19 15 21
15 21 15 22
15 24 15 22
15 24 15 28
15 24 16 24
16 21 16 22
16 22 16 23
16 23 16 22
16 27 18 27
17 32 16 32
18 14 18 8
18 14 22 14
20 8 20 6
20 8 20 10
20 8 20 6
20 8 20 10
20 10 20 11
20 10 19 10
20 10 21 10
20 10 20 11
20 11 19 11
20 20 19 20
17 32 16 32
16 32 16 33
16 32 15 32

5622

3 6 = = = 4 - 3 - - - - - - - - 2 2 - 4 = = = = = 3         2 2 2 3 
2 ǁ 3 5 2 | 1 4 - - 4 4 2 1 - - - - - 5         3 2 1 2 3 2     3 5 
3 6 5 4 3 | 2 6 3 3 4                 4 2 2   3 3 2 1   2 1   2   2 
  4 5 3 2 | 3 6 4 3 2                         3       3 2           
5 |       5 = = = = = = = = = = = = = = = = = = = = = = = = 5 3 3 3 
3 4 1 2 3 ǁ 2 5 - 5 = = 3 2 5 = = = = = = = = = = = = 2 1   ǁ 1 4 4 
1 5   5 5 ǁ   ǁ 4 6 = = 4 = 6 - - - - - - - 4 4 - - - - 4   ǁ 3   3 
2   1 7 5 ǁ   ǁ 3 2 3 = 4 3 | 2 3           | 2 3 3     ǁ   ǁ |     
    2 7 2 ǁ   ǁ 4 3 4 5 6 6 | 3 5 = 2       |   1 3 - - 4 1 ǁ |     
4     2   ǁ 1 7 5 3 5 5 2 ǁ | 2 |           |           1   ǁ |     
|         ǁ 1 3 1   2     ǁ | 3 7 - - - - - 5     3     1   ǁ |     
5 6       5       4   5 5 6 | 3 3 2     4   5 2             ǁ |     
|   2   4   2     3 1 2 2 3 | 3 2 1     3 2 1 1             ǁ |     
2   1 3 4   2 3 - - - - - - 6 = = = = = = = = = = = = = = = 8 7 4 4 
2           1 | 1 - - - 3   ǁ 3 = = = = = 6 = = = = = = = 4 ǁ 5 4 3 
    2       3 7 = = = 2 ǁ   ǁ |       2 - 4 2 - 3 - - - 2 ǁ ǁ 3 5 2 
            2 5 - - - - 4 1 ǁ 4 = 2   4 3 2 3 2 3     1 | ǁ ǁ 1 4 2 
4           3 4 - - - - 1   ǁ 1   2 = 4 1       3 - 1 | | ǁ ǁ | 2   
|           3 2 2 = = = = = 7 - - - - - - - - - - - - 3 4 4 ǁ | 2   
|   4 6   6         3 3 4 2 ǁ 2 4 2 - 5 3 4 = 4 - 4 = = = = 6 4 3   
|   3 4 2   2 = 4 = 6 3 |   ǁ 2 4 3   | 4 7 = 4   | 3 3 2 1 | 1 1   
|   6 7 2 4         5 - 7 3 ǁ   | 2   | 1 2   3 4 2 |   1   | 2 |   
|   2 2 2 5 3 3 - - 5 2 5 4 5 4 5 - - 6 - - - - - - 7 6 4 4 | ǁ |   
|   2 - - - - - - - - - - - 5 - - - 4 4 - - - 1     | 3 1 | | 6 3   
5 7                                                 6 2 3 5 | ǁ     
|   2 5 - - - - - - - - - - - - - 3 3 2               1   | | ǁ     
|     4               1   4 - - - 7 = = 4 = = = 3         | | ǁ     
|     3                   1       |             1         | | ǁ 1   
|   1 3               2           5                 5 4   2 | ǁ |   
|                                 3     2 1       2 2 2   1 | ǁ |   
3 4                                               3     4 5 7 6 7 4 
| 3                                         4       4 2     ǁ 3 7 5 
5 - - - - - - - - - - - - - 2 2     3 3 4 3 2 2     4   2 4 5 4 5 | 
2         1                   1 1 - 4 = = = = = = = = = = 6 5   4 3 
