34 34
4 0 0 0 0 0 5 0 0 0 0 0 0 4 0 0 0 0 0 0 0 3 0 0 2 0 2 1 3 1 1 0 3 1 
0 3 0 0 4 0 0 2 3 0 0 5 1 0 3 0 3 0 3 0 0 5 0 0 0 0 0 0 7 0 0 0 5 1 
0 4 0 0 4 0 0 2 1 2 0 6 2 0 3 4 0 0 5 5 2 0 3 0 0 4 1 2 0 1 0 0 4 2 
0 0 0 0 0 0 0 3 0 2 1 0 2 0 3 0 0 0 6 3 1 0 1 3 1 0 2 4 0 1 0 0 5 4 
0 0 0 0 0 0 0 3 5 0 0 6 2 0 0 0 0 0 0 1 0 0 0 0 0 0 0 0 0 2 3 1 0 3 
0 0 0 0 1 0 0 2 7 2 3 0 2 0 0 0 0 0 0 0 0 0 2 7 0 5 7 4 0 2 0 2 0 0 
0 0 0 0 0 0 0 2 6 2 2 0 0 0 0 1 4 0 6 4 0 0 2 0 1 0 4 1 0 1 0 0 0 0 
0 6 0 0 0 0 7 0 0 0 0 7 5 0 0 0 3 0 5 3 0 0 2 6 4 0 3 0 7 0 7 6 0 2 
0 0 3 0 0 0 6 0 0 4 2 0 0 0 0 0 0 0 1 0 0 0 2 4 2 0 1 1 3 1 3 2 0 0 
0 0 5 0 4 4 0 0 0 0 0 0 0 0 4 0 0 0 0 0 0 5 0 0 0 4 0 0 0 0 0 0 4 2 
0 0 0 3 4 3 0 0 0 0 0 0 0 0 0 2 0 0 3 2 3 0 0 0 0 0 3 3 0 5 0 0 4 2 
0 0 0 0 0 0 0 2 0 5 4 4 0 0 5 0 0 0 4 3 5 0 0 0 0 0 0 0 2 6 2 1 0 0 
0 0 0 0 4 4 0 0 1 0 0 1 0 0 4 2 2 1 5 4 0 0 0 2 1 0 2 0 2 2 2 0 0 0 
0 0 0 3 1 0 0 0 0 0 0 2 0 0 3 6 7 0 4 5 5 0 0 0 0 0 0 0 0 0 0 0 0 0 
0 0 0 0 0 0 0 4 2 0 5 5 0 0 1 3 5 2 0 0 2 0 1 0 0 0 2 0 0 0 0 0 0 0 
0 0 0 0 0 0 0 0 2 0 4 0 0 2 0 0 0 0 5 7 5 0 0 0 0 0 0 4 5 4 0 0 0 0 
0 0 0 0 0 0 0 0 0 0 2 2 0 2 0 0 0 0 2 0 2 0 0 0 0 0 0 3 0 2 0 0 0 2 
0 0 3 4 0 0 0 0 0 0 3 4 0 0 2 0 0 0 0 0 0 0 0 0 0 0 5 4 0 0 7 1 0 2 
0 6 5 3 0 0 0 5 5 0 4 4 0 0 0 3 0 0 4 0 0 0 0 0 0 0 1 0 0 0 0 2 0 2 
0 4 0 1 0 0 0 0 1 0 0 0 0 0 0 5 5 1 0 0 0 0 4 5 3 0 0 0 0 0 0 0 0 0 
0 2 0 0 0 0 0 2 3 7 5 5 0 0 0 5 5 0 0 0 0 0 0 0 1 0 0 0 0 0 0 0 0 0 
0 0 0 0 0 0 0 3 3 5 2 0 0 4 5 4 6 2 0 0 0 0 0 1 0 3 0 0 0 0 3 0 0 0 
4 0 4 0 6 4 3 0 0 6 5 4 0 4 3 2 0 0 0 0 0 0 3 0 0 0 0 0 0 0 2 0 0 0 
0 0 1 1 5 4 0 0 0 3 0 0 0 4 3 1 0 0 0 0 0 0 3 0 0 0 0 1 0 0 0 0 0 0 
4 0 0 0 0 0 0 0 4 2 0 3 5 0 0 0 5 0 5 0 0 0 5 0 0 0 0 0 0 0 6 6 0 0 
0 2 3 4 4 3 0 0 8 4 4 3 6 0 3 0 0 1 0 0 0 0 5 0 0 0 2 0 0 0 0 2 0 0 
0 0 4 4 0 3 2 2 4 1 3 0 0 0 3 0 0 0 0 0 1 0 0 0 0 0 0 0 0 0 0 0 0 0 
0 3 0 0 4 0 0 0 0 0 0 0 0 0 0 0 5 3 0 0 0 0 0 0 0 0 0 0 0 0 0 0 0 0 
0 4 0 5 0 0 0 5 0 5 0 0 0 0 0 4 3 0 0 0 0 0 4 0 0 0 0 0 0 0 6 0 5 3 
0 3 1 0 0 1 0 4 1 3 0 0 0 0 0 2 0 0 0 0 0 0 4 0 0 3 2 3 4 1 0 4 6 4 
0 4 0 7 0 0 0 0 0 0 0 0 0 0 0 0 0 0 3 4 0 0 2 3 0 4 0 0 4 2 0 4 0 2 
0 1 2 0 2 0 0 0 4 0 0 0 0 3 1 0 3 0 0 6 4 6 0 0 0 0 0 0 0 0 7 5 5 5 
4 1 0 3 2 2 0 0 0 3 0 0 0 3 0 0 0 0 0 0 0 6 0 0 0 0 0 5 2 1 4 3 2 2 
2 0 5 0 0 0 0 3 1 2 0 0 0 0 0 0 2 2 0 0 0 4 1 0 0 0 0 2 0 0 1 0 0 0 
400 345
0 0 0 6
0 0 22 0
0 0 0 6
0 0 22 0
1 11 1 8
1 11 1 12
1 11 2 11
1 28 1 21
1 28 1 32
1 28 0 28
1 28 7 28
2 19 2 18
2 19 2 20
2 19 3 19
5 8 5 7
5 8 5 9
5 8 4 8
5 8 6 8
5 23 5 22
5 23 5 25
5 23 3 23
5 23 7 23
5 26 5 25
5 26 5 27
5 26 3 26
5 26 6 26
7 1 7 6
7 1 2 1
7 1 18 1
7 1 7 6
7 1 2 1
7 1 18 1
7 6 7 11
7 6 0 6
7 6 8 6
7 30 7 28
7 30 7 31
7 30 4 30
7 30 8 30
9 2 9 4
9 2 8 2
9 2 17 2
13 16 13 15
13 16 13 18
13 16 12 16
13 16 14 16
13 20 13 19
13 20 11 20
13 20 14 20
15 19 15 18
15 19 15 20
15 19 13 19
15 19 30 19
17 26 17 27
17 26 14 26
17 26 18 26
17 30 17 27
17 30 17 31
17 30 12 30
17 30 21 30
18 1 18 2
18 1 19 1
20 9 20 8
20 9 20 10
20 9 11 9
20 9 21 9
20 16 20 15
20 16 19 16
20 16 21 16
20 24 19 24
22 0 22 2
22 0 24 0
24 0 24 8
24 0 32 0
24 0 24 8
24 18 24 16
24 18 18 18
24 18 30 18
24 22 24 30
24 22 23 22
24 22 25 22
24 31 24 30
24 31 18 31
24 31 25 31
24 31 24 30
24 31 18 31
24 31 25 31
25 8 25 5
25 8 25 9
25 8 24 8
25 8 26 8
25 8 25 5
25 8 25 9
25 8 24 8
25 8 26 8
25 12 25 11
25 12 25 14
25 12 24 12
25 12 25 11
25 12 25 14
25 12 24 12
30 3 30 1
30 3 30 18
30 3 28 3
30 3 32 3
31 19 31 16
31 19 31 20
31 19 30 19
31 19 31 16
31 19 31 20
31 19 30 19
31 20 31 21
31 20 26 20
31 21 31 30
31 21 9 21
31 21 32 21
31 21 31 30
31 21 9 21
31 30 31 31
31 30 28 30
31 30 32 30
31 33 31 32
31 33 30 33
31 33 32 33
32 0 32 1
32 0 33 0
32 0 33 0
32 21 32 13
32 21 32 27
32 21 33 21
32 21 32 13
32 21 32 27
33 21 33 17
33 21 33 22
33 21 33 17
1 4 1 1
1 4 2 4
1 4 1 1
1 4 2 4
1 11 1 8
1 11 2 11
2 1 2 4
2 1 1 1
2 4 5 4
2 11 2 9
2 11 2 12
2 11 4 11
2 11 2 9
4 11 4 8
4 11 4 12
4 11 7 11
4 11 4 8
4 11 4 12
6 8 6 7
6 8 6 9
6 8 5 8
6 8 6 7
6 8 6 9
6 10 5 10
6 29 5 29
7 11 7 6
7 11 7 12
7 11 11 11
9 5 9 4
9 5 10 5
9 5 9 4
9 5 10 5
14 10 14 11
14 10 11 10
14 10 15 10
15 28 15 27
15 28 15 29
15 28 12 28
16 20 15 20
17 30 17 27
17 30 12 30
17 30 21 30
18 1 18 2
18 1 19 1
18 8 18 7
18 8 15 8
18 8 19 8
19 1 19 3
19 1 20 1
19 15 19 16
19 15 18 15
19 15 20 15
20 1 20 7
22 2 22 4
22 2 23 2
22 2 22 4
22 4 22 5
22 4 23 4
22 4 22 5
22 4 23 4
22 5 22 6
22 5 23 5
22 6 22 9
23 3 23 4
23 4 23 5
23 5 23 4
23 5 23 9
24 30 24 22
24 30 22 30
24 30 28 30
28 30 28 22
28 30 28 32
28 30 31 30
28 30 28 22
29 31 29 32
29 31 30 31
29 31 29 32
29 31 30 31
29 32 29 33
29 32 28 32
29 32 31 32
29 32 29 33
29 33 28 33
29 33 30 33
30 19 30 18
30 31 31 31
31 16 31 14
31 33 31 32
31 33 32 33
33 16 33 9
3 10 3 9
5 10 5 9
5 10 6 10
5 29 4 29
7 11 7 12
7 11 11 11
8 6 8 2
8 6 8 9
8 6 7 6
8 6 8 2
8 6 8 9
8 9 8 10
8 9 11 9
8 10 11 10
9 2 9 4
9 2 17 2
15 19 15 18
15 19 15 20
15 19 13 19
15 20 14 20
15 20 16 20
17 26 17 27
17 26 14 26
22 6 22 9
22 9 22 10
22 9 21 9
22 9 23 9
22 9 22 10
23 27 23 22
25 26 25 22
28 22 25 22
28 22 29 22
29 22 29 25
29 22 30 22
29 22 29 25
30 3 30 1
30 3 28 3
30 3 32 3
30 22 30 23
30 23 30 25
30 31 31 31
32 3 32 4
33 16 33 9
0 6 0 13
0 6 0 13
0 13 0 21
0 13 15 13
2 12 3 12
3 9 3 7
5 8 5 7
5 8 4 8
5 12 7 12
11 11 11 10
11 11 12 11
11 14 11 18
11 14 9 14
11 14 12 14
13 11 14 11
13 20 13 19
13 20 11 20
25 22 25 26
25 22 24 22
30 1 29 1
30 1 31 1
30 23 30 25
30 25 30 28
30 25 29 25
30 28 30 29
30 28 29 28
30 28 30 29
31 2 33 2
33 2 33 7
33 2 31 2
33 2 33 7
33 7 33 8
4 8 4 7
5 12 7 12
7 12 24 12
11 10 11 9
13 11 14 11
15 10 14 10
15 10 16 10
15 10 14 10
20 11 20 10
20 11 18 11
20 11 22 11
23 9 24 9
23 13 23 14
23 13 22 13
23 13 23 14
23 13 22 13
23 22 22 22
29 26 29 27
29 28 29 27
29 28 29 29
29 28 29 27
31 8 31 4
31 8 31 13
31 8 31 4
31 8 31 13
31 13 32 13
32 4 32 5
32 5 32 9
4 7 3 7
4 7 3 7
14 11 16 11
22 13 22 14
22 13 21 13
14 11 16 11
16 10 17 10
17 11 17 10
17 11 18 11
17 11 17 10
17 11 18 11
18 10 18 11
18 10 20 10
18 10 20 10
21 13 21 14
21 13 16 13
21 13 21 14

4007

4 = = = = = 5 = = = = = = 4 - - - - - - - 3     2   2 1 3 1 1   3 1 
ǁ 3 = = 4   | 2 3 = = 5 1 | 3   3   3     5 - - - - - - 7 - - - 5 1 
ǁ 4 - - 4   | 2 1 2 = 6 2 | 3 4     5 5 2   3     4 1 2 | 1     4 2 
ǁ ǁ     |   | 3 - 2 1 | 2 | 3       6 3 1   1 3 1   2 4 | 1     5 4 
ǁ ǁ     |   | 3 5 = = 6 2 |           1       |     |   | 2 3 1   3 
ǁ ǁ     1   | 2 7 2 3 | 2 |                 2 7 - 5 7 4 | 2 | 2     
ǁ ǁ         | 2 6 2 2 | ǁ |   1 4   6 4     2 | 1   4 1 | 1 |       
ǁ 6 = = = = 7 = = = = 7 5 |     3   5 3     2 6 4   3   7 - 7 6   2 
ǁ ǁ 3 = = = 6 = = 4 2 ǁ | |         1       2 4 2   1 1 3 1 3 2     
ǁ ǁ 5 = 4 4       | | ǁ | | 4             5       4             4 2 
ǁ ǁ ǁ 3 4 3       | | ǁ | | | 2     3 2 3 ǁ         3 3   5     4 2 
ǁ ǁ ǁ         2   5 4 4 | | 5 - - - 4 3 5 ǁ             2 6 2 1     
ǁ ǁ ǁ   4 4     1 | | 1 | | 4 2 2 1 5 4 ǁ ǁ   2 1   2   2 2 2       
ǁ ǁ ǁ 3 1         | | 2 | | 3 6 7 - 4 5 5 ǁ             |   ǁ       
ǁ ǁ ǁ         4 2 | 5 5 | | 1 3 5 2   ǁ 2 ǁ 1       2   |   ǁ       
ǁ ǁ ǁ           2 | 4 ǁ | 2         5 7 5 ǁ         ǁ 4 5 4 ǁ       
ǁ ǁ ǁ           | | 2 2 | 2         2 | 2 ǁ         ǁ 3   2 ǁ     2 
ǁ ǁ 3 4         | | 3 4 | | 2         |   ǁ         5 4 = = 7 1   2 
ǁ 6 5 3       5 5 | 4 4 | |   3     4 |   ǁ         1       ǁ 2   2 
ǁ 4 - 1         1 | ǁ | | |   5 5 1 | |   ǁ 4 5 3           ǁ ǁ     
ǁ 2 - - - - - 2 3 7 5 5 | |   5 5   | |   ǁ     1           ǁ ǁ     
ǁ             3 3 5 2 | | 4 5 4 6 2 | |   ǁ   1   3         3 ǁ     
4 - 4 = 6 4 3 = = 6 5 4 | 4 3 2     | |   ǁ 3               2 ǁ     
|   1 1 5 4 - - - 3     | 4 3 1     | |   ǁ 3 - - - - 1     | ǁ     
4 = = = = = = = 4 2   3 5       5 - 5 |   ǁ 5 = = = = = = = 6 6     
| 2 3 4 4 3 = = 8 4 4 3 6 = 3     1 | |   ǁ 5 = = = 2       | 2     
|   4 4   3 2 2 4 1 3       3       | | 1 ǁ |               |       
| 3     4                       5 3 | | | ǁ |               |       
| 4   5       5   5           4 3   | | | ǁ 4 = = = = = = = 6 - 5 3 
| 3 1 ǁ   1   4 1 3           2     | | | ǁ 4 = = 3 2 3 4 1 ǁ 4 6 4 
| 4 = 7 - - - - - - - - - - - - - - 3 4 | ǁ 2 3 = 4 - - 4 2 ǁ 4 | 2 
| 1 2 ǁ 2 = = = 4 = = = = 3 1 - 3 = = 6 4 6 = = = = = = = = 7 5 5 5 
4 1 ǁ 3 2 2 - - - 3       3 = = = = = = = 6 = = = = = 5 2 1 4 3 2 2 
2   5 = = = = 3 1 2 = = = = = = 2 2 = = = 4 1         2     1       
