34 34
3 0 3 0 5 0 0 0 0 0 0 0 0 0 0 0 3 3 2 4 4 4 4 2 4 0 0 0 0 0 0 0 5 4 
1 4 0 0 8 0 0 0 0 0 0 6 0 0 0 0 0 0 0 8 0 0 8 0 0 0 0 4 0 0 2 2 0 3 
1 0 4 2 0 1 0 0 0 0 0 4 0 0 0 0 0 0 1 2 0 0 4 0 0 0 0 4 0 0 4 4 0 3 
0 0 6 0 8 0 0 0 0 0 0 0 5 0 0 0 0 0 0 0 0 0 0 0 0 0 0 0 0 0 0 0 6 4 
0 0 0 2 0 3 3 2 1 3 4 2 0 1 0 2 0 0 0 0 0 0 0 0 5 0 0 4 2 3 0 3 0 2 
0 4 5 6 0 6 0 0 0 8 7 2 0 2 0 3 0 0 0 0 0 1 0 0 5 1 0 0 0 0 2 0 0 4 
0 2 1 2 0 4 0 2 0 0 2 2 0 4 0 6 4 0 0 0 0 0 0 0 6 0 0 6 2 5 6 0 0 0 
4 0 0 0 8 0 0 0 0 8 4 0 0 0 2 0 2 0 0 0 0 0 0 0 4 4 2 0 0 0 2 0 0 0 
0 2 4 3 0 2 4 3 1 0 1 0 0 0 5 8 0 0 0 0 0 0 0 0 0 4 2 0 1 0 2 0 0 0 
4 7 8 5 0 2 0 0 1 0 1 0 0 0 3 0 4 0 6 0 0 2 1 0 0 7 6 0 0 0 0 0 0 0 
1 0 0 4 0 6 8 8 3 0 0 0 0 4 6 0 5 2 0 2 5 0 0 0 0 4 0 0 0 0 3 0 0 0 
1 0 6 4 0 0 0 0 2 0 0 0 0 2 6 0 1 0 0 1 4 2 0 3 3 2 0 0 3 1 0 0 0 0 
0 0 3 3 0 2 0 0 0 0 2 5 0 0 2 0 0 0 0 0 2 0 0 0 0 0 0 0 0 1 0 0 0 0 
0 5 2 0 0 1 0 0 0 0 2 0 6 0 0 8 0 0 8 0 0 8 0 4 1 0 4 0 0 2 0 0 0 0 
0 6 2 0 0 0 0 6 4 0 0 0 2 3 3 0 0 0 3 1 0 4 2 1 0 0 3 0 0 0 0 0 3 0 
0 0 0 0 0 0 0 2 0 0 0 0 2 6 0 5 0 0 0 0 0 0 0 0 0 3 1 0 0 0 0 0 3 0 
0 0 0 0 0 2 7 0 0 6 4 0 1 3 0 4 0 0 0 0 0 0 0 4 0 4 2 0 0 0 0 0 0 0 
0 0 0 0 0 2 5 1 3 0 0 7 0 0 6 0 0 0 0 0 0 0 0 0 0 0 0 6 8 5 3 0 0 0 
0 4 0 5 0 2 5 0 5 4 0 6 4 2 0 3 0 0 0 0 0 3 0 0 0 0 0 2 6 4 4 0 0 0 
0 0 0 1 0 0 3 2 2 2 2 5 4 2 0 3 4 0 0 0 0 0 0 0 0 0 0 0 5 1 2 0 0 0 
4 0 0 0 5 0 0 0 0 0 0 0 0 0 5 0 0 0 0 0 0 0 0 0 0 0 3 0 4 2 0 0 0 0 
0 1 0 2 0 0 1 0 0 0 0 0 0 0 6 0 0 0 0 0 0 0 0 0 0 0 0 0 0 0 0 8 4 0 
0 4 2 0 5 0 0 0 2 2 0 4 0 0 5 0 0 0 1 0 0 0 0 0 0 0 2 1 0 3 0 5 3 0 
0 0 0 0 3 0 0 4 0 0 0 0 0 0 6 0 0 0 0 0 0 3 2 0 0 0 5 0 0 0 0 1 4 0 
0 4 0 5 0 0 0 6 4 0 0 4 2 0 0 0 2 0 0 0 0 6 0 0 2 0 0 0 2 0 0 4 0 0 
5 0 0 0 0 0 0 0 0 0 0 0 0 0 7 0 0 0 0 0 0 0 0 0 0 0 6 0 0 0 0 7 3 0 
0 2 5 0 0 0 0 0 0 0 0 0 0 0 6 0 0 0 0 0 0 4 0 4 0 0 1 4 4 2 0 4 2 0 
0 1 0 2 6 5 5 0 0 0 0 0 4 0 0 4 0 3 0 0 0 5 1 3 2 0 0 7 0 0 0 0 4 0 
0 3 7 2 0 2 2 3 0 0 1 0 0 0 0 2 2 0 0 0 0 6 0 0 0 2 0 2 0 0 0 0 0 0 
0 1 3 2 0 2 0 6 0 0 0 0 8 0 5 0 0 0 0 0 0 0 0 0 0 0 0 0 0 0 0 0 4 0 
6 0 0 0 8 0 0 0 6 4 2 0 0 2 0 4 0 6 0 0 0 6 0 0 0 0 0 0 0 0 0 0 7 5 
6 3 2 0 4 1 0 0 6 1 3 0 8 6 0 2 0 3 1 0 0 4 0 0 0 2 0 2 0 0 0 0 0 2 
5 0 0 2 3 0 2 1 4 4 5 2 4 4 6 0 0 0 0 0 0 0 0 0 4 2 0 5 0 0 0 0 5 5 
4 4 2 3 0 0 4 3 1 3 4 2 4 2 3 4 0 0 0 0 0 0 0 0 0 0 0 5 0 0 1 2 0 4 
400 671
0 0 0 2
0 0 1 0
0 0 0 2
0 4 0 2
0 4 0 16
0 4 1 4
0 32 0 24
0 32 0 33
0 32 3 32
0 33 0 32
0 33 1 33
0 33 0 32
1 1 1 4
1 1 5 1
1 1 1 4
1 1 5 1
1 4 1 11
1 4 0 4
1 4 3 4
1 11 1 4
1 11 1 19
1 11 2 11
1 19 1 11
1 19 1 22
1 19 0 19
1 19 2 19
1 22 1 19
1 22 1 27
1 22 0 22
1 22 2 22
1 33 2 33
2 0 7 0
2 2 2 3
2 2 3 2
2 2 2 3
2 2 3 2
3 2 3 4
3 2 5 2
3 4 3 2
3 4 3 12
3 4 1 4
3 4 7 4
3 32 3 12
3 32 3 33
3 32 14 32
3 32 3 12
3 32 3 33
3 33 2 33
3 33 4 33
4 3 5 3
4 24 4 15
4 24 4 27
4 24 5 24
4 33 5 33
5 1 5 2
5 1 6 1
5 3 5 2
5 3 4 3
5 3 6 3
5 3 5 2
5 3 6 3
5 5 5 9
5 5 4 5
5 5 6 5
5 5 5 9
5 5 4 5
5 5 6 5
5 9 5 10
5 9 4 9
5 9 7 9
5 33 30 33
6 5 6 7
6 5 8 5
6 7 8 7
6 30 6 29
6 30 5 30
6 30 7 30
6 30 6 29
6 30 5 30
6 30 7 30
7 0 7 4
7 0 9 0
7 0 7 4
7 4 3 4
7 4 20 4
7 4 20 4
7 9 7 10
7 9 5 9
7 9 16 9
7 9 7 10
7 9 16 9
7 9 7 10
7 9 7 10
8 15 8 14
8 15 8 25
8 15 6 15
8 15 13 15
8 15 8 14
8 15 8 25
8 15 6 15
8 15 13 15
9 0 9 1
9 0 10 0
9 0 9 1
9 1 9 2
9 1 8 1
9 1 13 1
9 2 9 1
9 2 9 3
9 2 8 2
9 2 11 2
9 2 9 1
9 2 9 3
9 2 8 2
9 16 9 18
9 16 10 16
9 16 9 18
9 16 10 16
9 18 9 21
9 18 13 18
9 18 9 21
9 18 13 18
9 25 9 22
9 25 9 26
9 25 8 25
9 25 10 25
9 26 9 25
9 26 8 26
9 26 13 26
9 26 9 25
9 26 8 26
10 3 9 3
10 3 11 3
10 3 9 3
10 3 11 3
10 5 10 6
10 5 9 5
10 5 12 5
10 5 10 6
10 5 9 5
10 5 12 5
10 6 10 7
10 6 8 6
10 6 16 6
10 7 10 6
10 7 10 8
10 7 8 7
10 7 14 7
10 7 10 6
10 7 10 8
10 7 8 7
10 14 10 13
10 14 9 14
10 14 11 14
10 14 10 13
10 14 9 14
10 14 11 14
10 20 10 19
10 20 10 25
10 20 11 20
11 0 20 0
11 2 11 3
11 2 12 2
11 3 11 2
11 14 11 13
11 14 12 14
11 14 11 13
11 14 12 14
12 11 12 10
12 11 6 11
12 11 17 11
12 20 11 20
13 1 13 2
13 1 14 1
13 5 16 5
13 12 13 15
13 12 3 12
13 12 14 12
13 12 13 15
13 12 3 12
13 12 14 12
13 15 13 18
13 15 15 15
13 18 13 15
13 18 13 21
13 18 14 18
13 21 13 18
13 21 13 23
13 21 11 21
13 21 14 21
14 1 14 2
14 1 13 1
14 1 18 1
14 1 14 2
14 1 13 1
16 9 16 6
16 9 16 10
16 9 18 9
16 9 16 6
16 10 13 10
16 10 19 10
16 10 13 10
17 11 17 14
17 11 12 11
17 11 18 11
17 11 17 14
17 11 18 11
17 11 18 11
17 14 17 27
17 14 14 14
17 14 20 14
17 14 17 27
17 27 17 28
17 27 6 27
17 27 18 27
17 27 17 28
17 28 17 29
17 28 11 28
17 28 18 28
18 1 18 3
18 1 21 1
18 1 18 3
18 9 18 8
18 9 19 9
18 9 18 8
20 0 25 0
21 31 21 14
21 31 21 32
21 31 4 31
21 31 22 31
21 31 21 14
21 31 21 32
21 31 4 31
21 31 22 31
21 32 15 32
21 32 22 32
22 1 22 2
22 1 24 1
22 1 22 2
22 1 24 1
22 4 22 8
22 4 20 4
22 4 23 4
24 1 24 3
24 1 26 1
25 0 20 0
25 0 30 0
25 0 30 0
25 31 25 26
25 31 25 32
25 31 24 31
25 31 26 31
26 2 26 1
26 2 26 14
26 2 28 2
26 28 26 27
26 28 26 29
26 28 26 27
26 28 26 29
27 1 28 1
27 4 27 3
27 4 27 5
27 4 30 4
27 4 27 3
27 4 27 5
27 4 30 4
27 6 27 5
27 6 27 12
27 6 28 6
27 27 27 24
27 27 27 32
27 27 26 27
27 27 28 27
29 12 29 7
29 12 29 14
29 12 27 12
29 12 31 12
29 12 29 7
29 12 29 14
29 12 27 12
29 12 31 12
30 0 30 4
30 0 31 0
30 4 30 0
30 4 30 8
30 4 31 4
30 8 30 4
30 8 30 9
30 8 31 8
30 8 30 9
30 8 31 8
30 9 30 10
30 9 31 9
30 10 31 10
30 32 30 21
30 32 30 33
30 32 29 32
30 32 32 32
31 0 31 1
31 0 30 0
31 0 32 0
31 8 31 5
31 8 32 8
31 8 32 8
31 8 32 8
31 12 31 10
31 12 31 13
31 12 32 12
32 24 32 14
32 24 32 25
32 24 32 14
32 24 32 25
32 27 32 32
32 27 31 27
32 27 33 27
32 33 32 32
32 33 31 33
32 33 33 33
33 0 33 1
33 0 32 0
33 0 33 1
33 0 32 0
33 1 33 2
33 1 31 1
33 15 33 14
33 15 33 27
33 15 33 14
33 15 33 27
33 27 33 30
33 27 32 27
33 31 33 33
33 33 33 31
33 33 32 33
0 4 0 16
0 16 0 17
0 17 0 18
0 20 0 19
0 20 0 21
0 20 0 19
0 20 0 21
0 21 0 22
0 24 0 23
1 11 2 11
1 19 0 19
1 19 2 19
1 22 1 27
1 22 0 22
1 22 2 22
1 27 1 30
1 27 2 27
1 33 2 33
2 5 2 11
2 11 2 18
2 22 2 27
2 27 2 22
2 27 2 30
2 30 2 31
2 30 1 30
2 30 2 31
2 31 1 31
3 2 5 2
4 5 4 6
4 6 4 7
4 31 4 29
5 9 5 10
5 9 4 9
5 10 5 11
5 10 4 10
5 10 6 10
5 33 30 33
6 1 6 2
6 15 6 13
6 15 6 16
6 15 5 15
6 15 6 13
6 16 6 24
6 16 7 16
6 16 6 24
6 24 6 27
6 24 5 24
6 24 7 24
6 24 6 27
7 14 8 14
7 16 7 24
7 24 7 25
7 26 7 25
7 26 7 25
8 1 8 2
8 2 8 3
8 3 9 3
8 5 8 6
8 6 10 6
8 8 9 8
8 10 9 10
8 14 7 14
8 14 9 14
8 25 7 25
9 25 10 25
10 8 11 8
10 13 6 13
10 17 10 16
10 25 10 20
11 2 12 2
11 2 12 2
11 8 14 8
11 16 10 16
12 3 18 3
12 10 12 11
12 20 11 20
13 15 15 15
13 18 14 18
13 21 13 23
13 21 11 21
13 21 14 21
13 26 13 24
13 26 14 26
13 26 14 26
14 8 14 7
14 14 14 13
14 18 14 19
14 21 14 22
14 32 15 32
15 7 14 7
15 13 15 12
15 13 14 13
15 13 16 13
15 13 15 12
15 13 14 13
15 13 16 13
15 32 14 32
16 6 16 5
16 6 17 6
16 6 17 6
16 12 16 13
16 15 16 23
16 15 15 15
16 15 16 23
16 15 15 15
16 23 16 25
16 23 14 23
16 25 16 26
16 25 15 25
16 25 16 26
17 28 17 29
17 28 11 28
17 28 18 28
18 28 18 27
18 28 18 29
18 28 19 28
18 28 18 29
19 16 19 15
19 16 19 28
19 16 19 15
19 16 19 28
21 14 21 6
21 14 20 14
21 14 22 14
21 14 20 14
24 3 24 7
24 3 21 3
24 3 24 7
24 3 21 3
24 7 24 8
24 7 23 7
24 7 24 8
24 7 23 7
24 8 24 11
24 8 22 8
24 11 24 12
24 11 22 11
24 11 24 12
26 2 26 14
26 2 28 2
26 14 26 21
26 14 25 14
26 14 29 14
26 14 26 21
26 27 26 26
26 31 26 32
26 31 25 31
26 31 26 32
27 12 27 6
27 15 27 17
27 15 28 15
27 15 27 17
27 15 28 15
27 27 27 24
27 27 27 32
27 27 28 27
27 32 29 32
27 32 29 32
28 2 28 1
28 2 28 3
28 2 29 2
28 10 28 7
28 16 28 21
28 25 28 21
29 7 29 5
29 7 28 7
29 7 29 5
29 7 28 7
29 32 29 14
30 4 31 4
30 17 30 15
30 17 30 21
30 17 31 17
30 17 30 15
30 17 30 21
30 17 31 17
30 32 30 21
30 32 30 33
30 32 32 32
30 33 31 33
31 0 31 1
31 0 32 0
31 4 31 2
31 4 32 4
31 12 31 10
31 12 31 13
31 12 32 12
31 13 31 15
31 13 30 13
31 13 32 13
31 13 31 15
31 17 31 18
31 21 31 25
31 21 30 21
31 21 31 25
31 21 30 21
31 27 32 27
32 10 32 9
32 10 32 11
32 10 33 10
32 14 32 13
32 14 33 14
32 14 32 13
32 14 32 13
32 32 32 33
33 13 33 12
33 13 33 12
0 17 0 18
0 21 0 22
0 23 0 24
1 31 2 31
4 6 4 7
4 8 4 9
4 10 4 11
4 10 5 10
4 10 4 11
5 24 5 21
5 24 5 25
5 24 4 24
6 13 5 13
10 16 10 17
11 20 11 19
11 25 11 24
12 3 18 3
13 23 11 23
13 23 11 23
14 8 14 7
14 21 14 22
14 26 15 26
15 7 14 7
16 6 17 6
18 3 19 3
18 21 18 15
19 11 19 10
19 11 19 12
19 11 18 11
19 15 18 15
22 4 20 4
22 4 23 4
22 9 22 11
22 11 22 9
22 11 22 14
22 14 22 18
22 14 23 14
22 14 23 14
23 4 23 7
23 14 23 21
23 14 25 14
23 14 23 21
23 14 25 14
24 16 24 21
25 14 25 26
25 14 25 26
25 26 25 31
25 26 23 26
25 26 23 26
26 21 26 23
26 21 27 21
26 23 27 23
27 17 27 21
27 21 27 22
27 21 28 21
27 21 28 21
27 23 26 23
28 16 28 21
28 21 28 25
30 13 30 15
31 2 33 2
32 12 32 11
32 12 33 12
33 12 33 11
5 15 5 13
5 15 4 15
10 19 10 20
11 23 11 24
11 24 11 25
14 7 14 8
18 15 18 21
19 9 19 8
20 4 20 14
20 14 20 26
20 26 20 28
24 16 24 21
24 21 24 24
24 21 23 21
24 21 24 24
24 28 24 31
26 23 27 23
32 10 32 9
32 10 33 10
33 10 33 9
33 10 33 11
4 24 4 27
4 27 4 28
4 27 6 27
6 27 6 28
6 27 6 28
6 29 4 29
6 29 11 29
6 29 4 29
8 28 11 28
8 30 10 30
12 29 13 29
13 29 17 29
20 26 20 28
20 28 20 29
20 28 19 28
20 29 19 29
23 22 23 26
24 28 24 31
24 31 23 31
25 31 25 32
25 32 23 32
32 9 32 8
32 9 33 9
33 9 33 8
8 30 10 30
10 30 17 30
18 29 18 30
18 29 17 29
18 30 17 30
18 30 19 30
18 30 17 30
23 22 23 26
23 26 22 26
23 32 22 32
33 7 33 6
33 7 32 7
33 7 33 6
22 26 22 27
22 29 22 31
23 32 22 32
33 6 33 3
33 6 32 6
22 29 22 31
32 6 32 4
33 3 32 3
33 3 32 3

5379

3 = 3 - 5 = = = = = = = = = = = 3 3 2 4 4 4 4 2 4 - - - - - - - 5 4 
1 4 = = 8 = = = = = = 6 = = = = = = = 8 = = 8 = = = = 4 - - 2 2 | 3 
1 ǁ 4 2 ǁ 1 - - - - - 4 - - - - - - 1 2     4 = = = = 4 - - 4 4 | 3 
| ǁ 6 = 8 - - - - - - - 5 = = = = = = = = = = = = = = = = = = = 6 4 
| ǁ ǁ 2 ǁ 3 3 2 1 3 4 2 ǁ 1   2 - - - - - - - - 5 = = 4 2 3 - 3 | 2 
| 4 5 6 ǁ 6 = = = 8 7 2 ǁ 2 - 3           1 - - 5 1   |   ǁ 2 ǁ | 4 
| 2 1 2 ǁ 4 - 2   ǁ 2 2 ǁ 4 = 6 4 = = = = = = = 6 = = 6 2 5 6 ǁ | ǁ 
4 = = = 8 |   |   8 4 | ǁ | 2 ǁ 2 - - - - - - - 4 4 2 |   | 2 ǁ | ǁ 
| 2 4 3 ǁ 2 4 3 1 ǁ 1 | ǁ | 5 8 = = = = = = = = = 4 2 | 1 | 2 ǁ | ǁ 
4 7 8 5 ǁ 2 ǁ ǁ 1 ǁ 1 | ǁ | 3 ǁ 4 = 6 = = 2 1 - - 7 6 | | | ǁ ǁ | ǁ 
1 | | 4 ǁ 6 8 8 3 ǁ   | ǁ 4 6 ǁ 5 2 ǁ 2 5 = = = = 4 | | | | 3 ǁ | ǁ 
1 | 6 4 ǁ ǁ | | 2 ǁ   | ǁ 2 6 ǁ 1   ǁ 1 4 2   3 3 2 | | 3 1 | ǁ | ǁ 
| | 3 3 ǁ 2 | | | ǁ 2 5 ǁ   2 ǁ     ǁ   2 ǁ   ǁ     | | ǁ 1 | ǁ | ǁ 
| 5 2 ǁ ǁ 1 | | | ǁ 2 ǁ 6 = = 8 = = 8 = = 8 = 4 1 - 4 | ǁ 2 | ǁ | ǁ 
| 6 2 ǁ ǁ | | 6 4 ǁ ǁ ǁ 2 3 3 ǁ     3 1   4 2 1     3 | ǁ | | ǁ 3 ǁ 
| |   ǁ ǁ | | 2   ǁ ǁ ǁ 2 6 | 5               |   3 1 | ǁ | | ǁ 3 ǁ 
| |   ǁ ǁ 2 7 = = 6 4 ǁ 1 3 | 4 = = = = = = = 4 - 4 2 | ǁ | | ǁ | ǁ 
| |   ǁ ǁ 2 5 1 3 | | 7 = = 6 = = = = = = = = = = = = 6 8 5 3 ǁ | ǁ 
| 4 = 5 ǁ 2 5   5 4 | 6 4 2 | 3 = = = = = 3           2 6 4 4 ǁ | ǁ 
| |   1 ǁ   3 2 2 2 2 5 4 2 | 3 4 = = = = = = = = = = = 5 1 2 ǁ | ǁ 
4 |     5 - - - - - - - - - 5 - - - - - - - - - - - 3 = 4 2   ǁ | ǁ 
ǁ 1   2 ǁ   1 - - - - - - - 6 = = = = = = = = = = = = = = = = 8 4 ǁ 
ǁ 4 2 ǁ 5 - - - 2 2 = 4 - - 5 - - - 1               2 1   3 = 5 3 ǁ 
ǁ ǁ   ǁ 3 - - 4 |     |     6 = = = = = = 3 2 = = = 5         1 4 ǁ 
ǁ 4 - 5 = = = 6 4 - - 4 2   ǁ   2 = = = = 6 = = 2   ǁ   2 = = 4 | ǁ 
5 |                         7 = = = = = = = = = = = 6 = = = = 7 3 ǁ 
ǁ 2 5 = = = = = = = = = = = 6 = = = = = = 4 - 4     1 4 4 2   4 2 ǁ 
ǁ 1 ǁ 2 6 5 5 = = = = = 4   | 4 = 3 - - - 5 1 3 2 = = 7 = = = = 4 ǁ 
ǁ 3 7 2 ǁ 2 2 3 - - 1   ǁ   | 2 2 = = = = 6 = = = 2   2         ǁ ǁ 
ǁ 1 3 2 ǁ 2 = 6 = = = = 8 = 5 - - - - - - - - - - - - - - - - - 4 ǁ 
6 = = = 8 = = = 6 4 2   ǁ 2 - 4 = 6 = = = 6 = = = = = = = = = = 7 5 
6 3 2 - 4 1 - - 6 1 3 = 8 6 = 2   3 1     4 = = = 2   2         ǁ 2 
5 | | 2 3 - 2 1 4 4 5 2 4 4 6 = = = = = = = = = 4 2   5 - - - - 5 5 
4 4 2 3 - - 4 3 1 3 4 2 4 2 3 4 = = = = = = = = = = = 5 - - 1 2 = 4 
