34 34
2 0 4 1 4 0 5 0 0 0 0 0 0 0 0 0 0 0 0 0 0 0 4 0 0 0 0 0 0 1 0 3 2 1 
2 2 0 1 4 1 0 0 0 0 0 0 1 0 0 0 0 0 0 0 0 0 0 0 1 0 0 3 0 0 0 4 0 0 
3 2 0 3 5 0 4 2 0 0 0 0 6 0 0 0 0 0 0 0 0 0 4 0 0 0 0 3 2 0 0 0 0 0 
0 0 0 3 4 2 2 2 0 0 3 0 4 0 0 0 0 0 0 0 1 0 0 0 1 0 0 0 2 0 0 0 0 0 
3 0 5 0 0 0 0 0 0 0 0 0 0 0 0 0 0 0 0 0 0 0 5 0 0 0 0 0 0 0 0 4 0 0 
2 0 4 1 2 2 3 0 4 2 2 0 3 3 0 0 0 5 0 0 0 2 0 0 0 0 0 0 0 0 0 0 0 0 
3 2 5 0 3 1 4 3 0 1 0 1 0 2 1 0 0 0 0 0 0 0 0 0 0 0 0 0 0 0 0 0 0 0 
1 2 5 0 3 1 1 1 0 0 0 2 0 3 5 1 0 0 0 0 0 0 0 0 0 0 0 0 0 0 0 0 0 0 
0 4 5 0 0 0 0 0 5 4 2 0 0 0 5 2 0 0 2 2 2 0 0 0 0 0 0 0 0 0 0 0 0 0 
0 0 4 0 3 0 0 0 0 0 0 0 0 0 0 0 0 0 1 0 0 0 0 2 0 1 0 0 0 0 0 3 0 0 
0 0 3 0 0 0 0 0 0 0 0 0 0 0 2 0 0 5 0 5 5 0 0 0 0 0 0 0 0 0 0 0 0 0 
0 0 2 0 0 0 0 0 0 1 3 3 0 3 0 0 0 0 0 0 3 0 0 5 0 0 0 0 0 0 0 5 6 5 
0 0 0 1 3 0 0 0 0 0 0 0 0 2 0 0 0 0 0 0 0 0 0 0 2 0 3 0 0 0 0 2 5 4 
0 0 0 0 0 0 0 0 0 2 0 0 0 0 0 1 0 3 0 0 4 0 0 0 2 1 1 2 0 0 0 0 4 1 
0 0 0 3 0 0 0 0 4 0 0 0 0 2 0 2 0 3 2 1 0 0 0 3 0 0 0 2 0 0 0 0 0 0 
0 1 4 5 0 0 0 0 0 4 4 0 5 0 0 0 0 0 0 0 5 3 0 1 0 0 0 0 0 0 0 0 0 0 
0 0 1 2 0 0 1 0 0 2 3 1 0 1 0 0 0 0 2 0 2 1 0 0 0 0 0 0 0 0 0 0 0 0 
3 0 0 0 0 0 0 0 5 0 0 0 6 0 0 0 0 0 0 0 0 0 6 0 0 0 0 0 0 0 0 0 4 1 
0 1 0 4 0 0 1 2 4 1 1 0 0 3 0 0 2 0 0 0 0 0 0 1 4 0 0 0 0 3 1 1 4 3 
0 2 0 5 1 0 0 0 3 0 3 0 0 0 1 4 4 0 2 0 0 0 0 0 3 2 0 1 0 0 0 0 0 2 
0 2 1 0 0 1 0 0 0 1 3 1 0 4 0 5 0 0 0 0 0 0 5 0 0 0 0 0 0 4 0 6 6 3 
3 4 1 0 1 2 0 0 3 0 0 0 0 2 1 0 1 1 1 2 2 1 0 3 0 0 2 3 4 0 0 4 2 1 
0 3 1 0 0 0 0 0 0 0 0 0 0 1 0 2 0 0 1 0 0 2 0 0 0 0 0 2 3 1 0 0 3 3 
0 0 2 0 0 0 0 0 0 0 0 0 0 2 2 1 2 0 3 4 4 3 0 4 0 0 4 0 0 0 0 4 4 2 
0 0 0 0 0 0 0 0 0 0 0 0 0 1 0 0 0 0 1 0 3 1 0 4 0 0 6 2 1 0 0 0 4 2 
0 4 3 0 4 0 0 0 5 0 0 0 4 0 4 4 3 0 0 0 1 0 0 2 0 0 4 1 0 0 0 0 0 1 
0 2 0 0 4 0 3 3 0 1 4 2 0 2 2 3 2 3 0 5 0 0 7 0 0 0 0 0 0 0 0 4 5 4 
2 2 1 0 1 1 3 3 3 0 4 2 0 1 0 0 1 2 1 0 2 0 0 0 0 0 0 0 0 0 0 2 2 3 
1 0 0 4 0 0 0 0 0 0 0 0 4 0 0 5 3 3 2 0 3 0 6 0 0 0 0 0 0 0 0 4 4 3 
3 6 0 6 0 0 0 0 0 4 3 1 0 1 0 5 3 3 3 0 2 0 0 2 0 0 3 2 2 3 0 2 0 2 
2 6 3 0 0 0 1 0 0 3 2 0 0 1 1 2 4 2 3 3 0 0 0 2 1 0 0 1 3 4 3 1 0 1 
0 2 4 0 0 0 0 1 1 1 0 0 0 0 0 2 4 2 0 4 5 0 5 0 0 0 3 0 2 1 2 0 2 3 
2 0 4 2 0 0 0 2 2 4 0 0 5 2 3 4 0 0 0 0 0 0 5 0 0 0 0 0 0 0 0 3 2 1 
1 0 2 0 0 0 0 0 0 0 0 0 3 0 0 0 0 0 1 1 0 0 4 2 0 0 0 0 0 0 0 2 4 1 
400 28
0 6 0 4
0 6 0 22
0 6 2 6
5 17 5 13
5 17 5 21
5 17 10 17
10 20 10 19
10 20 8 20
10 20 11 20
11 33 11 32
11 33 0 33
11 33 12 33
26 22 26 19
26 22 26 31
26 22 20 22
26 22 28 22
31 20 31 19
31 20 31 22
31 20 29 20
11 33 11 32
11 33 12 33
12 33 12 32
12 33 13 33
11 32 11 31
11 32 0 32
11 32 12 32
11 32 11 31
0 32 0 31

4742

2   4 1 4 - 5 - - - - - - - - - - - - - - - 4             1   3 2 1 
2 2   1 4 1 |           1                       1     3       4 | | 
3 2   3 5   4 2         6                   4         3 2       | | 
      3 4 2 2 2     3   4               1       1       2       | | 
3   5                                       5                 4 | | 
2   4 1 2 2 3   4 2 2   3 3 - - - 5 - - - 2                     | | 
3 2 5   3 1 4 3   1   1   2 1     |                             | | 
1 2 5   3 1 1 1       2   3 5 1   |                             | | 
  4 5           5 4 2       5 2   | 2 2 2                       | | 
    4   3                         | 1   |     2   1           3 | | 
    3                       2     5   5 5                       | | 
    2             1 3 3   3             3     5               5 6 5 
      1 3                 2                     2   3         2 5 4 
                  2           1   3     4       2 1 1 2         4 1 
      3         4         2   2   3 2 1       3       2             
  1 4 5           4 4   5               5 3   1                     
    1 2     1     2 3 1   1         2   2 1                         
3               5       6                   6                   4 1 
  1   4     1 2 4 1 1     3     2             1 4         3 1 1 4 3 
  2   5 1       3   3       1 4 4   2           3 2   1           2 
  2 1     1       1 3 1   4   5             5             4   6 6 3 
3 4 1   1 2     3         2 1   1 1 1 2 2 1 | 3     2 3 4     4 2 1 
  3 1                     1   2     1     2 |         2 3 1     3 3 
    2                     2 2 1 2   3 4 4 3 | 4     4         4 4 2 
                          1         1   3 1 | 4     6 2 1       4 2 
  4 3   4       5       4   4 4 3       1   | 2     4 1           1 
  2     4   3 3   1 4 2   2 2 3 2 3   5 - - 7 - - - - - - - - 4 5 4 
2 2 1   1 1 3 3 3   4 2   1     1 2 1   2   |                 2 2 3 
1     4                 4     5 3 3 2   3   6                 4 4 3 
3 6   6           4 3 1   1   5 3 3 3   2     2     3 2 2 3   2   2 
2 6 3       1     3 2     1 1 2 4 2 3 3 |     2 1     1 3 4 3 1   1 
  2 4         1 1 1           2 4 2   4 5 - 5       3   2 1 2   2 3 
2   4 2       2 2 4     5 2 3 4             5                 3 2 1 
1   2                   3           1 1     4 2               2 4 1 
