34 34
2 0 0 0 0 0 0 0 0 0 0 0 0 3 2 0 0 3 0 0 0 0 0 0 1 1 0 0 0 0 2 2 2 0 
2 3 0 5 5 0 0 0 0 5 4 1 1 0 1 0 0 0 2 0 0 4 0 0 0 0 0 0 0 0 5 4 2 0 
0 4 0 3 4 0 4 3 2 0 4 3 0 0 0 0 0 0 3 1 1 0 0 0 0 0 0 0 0 0 2 0 1 0 
0 3 1 0 1 0 3 3 2 0 1 2 2 0 0 0 0 0 3 4 3 0 0 0 0 0 0 0 0 0 0 0 3 0 
4 0 0 5 0 0 0 0 0 4 0 0 0 5 0 0 0 5 0 0 0 6 0 0 0 0 0 0 0 0 4 0 0 0 
0 3 0 4 0 0 0 0 0 0 2 3 3 3 2 2 1 0 1 2 0 5 0 0 0 0 3 0 2 1 0 0 0 0 
0 3 1 0 0 0 0 1 0 0 0 4 5 0 4 5 2 0 0 2 2 0 0 0 2 2 4 2 2 0 0 0 0 0 
4 1 0 0 0 0 0 2 0 0 4 2 0 0 1 0 2 0 0 0 1 0 0 0 0 1 1 0 3 0 0 0 0 0 
3 2 0 0 3 0 0 0 0 0 6 2 0 2 2 0 2 0 5 4 3 0 0 0 6 0 0 0 5 2 0 0 0 0 
1 0 0 0 2 0 3 0 0 0 6 3 0 2 2 0 0 0 0 3 0 0 3 1 0 1 2 0 5 2 0 0 0 0 
4 5 0 4 0 0 0 0 0 0 0 0 4 3 1 0 0 0 0 0 1 1 0 0 0 0 0 0 3 0 0 0 0 0 
0 0 2 0 0 1 0 3 0 0 4 0 0 0 0 6 4 0 0 4 5 3 0 0 0 4 6 1 0 0 0 0 0 0 
0 0 0 0 0 0 0 0 0 0 0 0 0 0 0 0 0 0 0 3 3 2 4 2 0 0 0 0 0 0 0 2 0 0 
0 0 0 0 2 0 0 4 2 0 0 0 1 0 0 0 0 0 0 3 3 2 2 0 0 0 0 0 0 0 0 0 0 0 
0 4 4 0 3 1 0 1 1 1 4 1 0 0 0 0 2 0 0 3 0 0 2 0 0 2 2 0 0 0 0 0 0 0 
0 3 0 0 2 0 0 0 0 0 3 0 2 0 0 0 1 0 0 0 0 0 0 0 0 0 0 0 0 0 0 0 0 0 
0 4 0 5 0 0 0 0 0 0 0 0 0 0 0 4 0 4 3 0 0 0 0 0 0 0 0 0 0 0 0 0 0 0 
0 4 3 0 1 3 0 0 0 0 0 0 3 3 2 0 3 5 0 4 0 0 0 0 4 5 0 0 4 2 0 0 0 0 
0 1 0 0 2 2 2 3 0 0 3 2 0 0 2 0 3 0 1 0 2 5 2 2 0 4 3 1 0 1 0 0 0 0 
2 1 0 0 3 2 0 1 0 0 0 0 0 0 0 0 2 0 3 4 3 4 1 3 0 1 1 0 4 2 0 0 0 0 
0 0 3 0 2 0 6 0 0 0 0 0 5 4 4 0 3 0 0 0 2 0 2 0 0 0 0 0 1 0 0 0 0 0 
0 0 0 0 0 0 0 1 3 0 0 4 3 4 5 0 3 0 0 4 3 0 0 0 0 0 0 0 0 0 0 0 0 0 
0 0 0 0 0 0 0 0 3 2 1 0 1 4 3 0 2 0 0 3 3 0 0 0 0 5 0 0 0 0 6 3 0 0 
0 0 2 0 0 0 0 4 0 0 0 5 0 0 0 4 0 0 3 1 3 0 0 0 0 4 1 0 0 0 0 0 0 0 
0 0 0 0 0 0 0 1 1 2 0 3 1 0 0 0 0 0 3 1 0 0 0 0 0 0 0 0 1 0 0 0 0 0 
0 3 0 5 0 0 4 0 2 1 1 4 0 0 0 5 2 0 2 0 7 0 5 2 0 0 0 0 0 0 0 0 0 1 
0 2 0 0 0 0 0 0 0 0 0 6 3 3 1 2 1 0 1 0 4 1 0 1 0 0 0 0 0 0 0 0 0 0 
4 0 0 0 0 0 0 0 0 0 0 6 0 0 0 0 0 5 0 0 0 0 4 2 0 0 0 0 0 0 0 0 0 0 
0 0 1 0 0 0 3 1 0 0 0 0 4 0 0 5 3 0 2 2 5 2 0 1 0 3 0 0 4 0 0 0 4 0 
3 0 0 0 0 0 3 1 0 0 0 0 4 2 0 0 3 0 0 0 3 0 3 2 0 2 1 0 0 1 0 0 0 0 
4 0 0 3 2 3 0 0 0 0 0 5 0 0 0 5 5 0 3 0 0 2 0 0 5 0 0 0 4 2 2 3 0 0 
3 0 0 0 0 0 0 0 0 0 0 5 4 2 2 5 3 0 3 3 0 1 0 0 3 0 2 1 0 1 1 0 2 0 
3 0 0 0 2 3 5 0 0 0 0 4 4 4 4 3 2 5 3 0 0 0 1 0 2 0 0 0 4 2 0 0 2 2 
2 1 0 0 0 0 2 1 0 2 0 3 3 5 6 4 2 2 1 2 0 0 0 0 0 0 0 0 3 0 0 3 0 0 
400 20
1 3 1 1
1 3 1 4
1 3 2 3
1 9 1 4
1 9 1 10
1 9 4 9
25 20 25 18
25 20 25 22
25 20 23 20
25 20 26 20
33 13 33 12
33 13 33 14
33 13 32 13
33 14 33 13
33 14 33 15
33 14 32 14
33 14 33 13
33 14 33 15
33 15 33 16
33 15 32 15

4126

2                         3 2     3             1 1         2 2 2   
2 3 - 5 5 - - - - 5 4 1 1   1       2     4                 5 4 2   
  4   3 4   4 3 2 | 4 3             3 1 1                   2   1   
  3 1   1   3 3 2 | 1 2 2           3 4 3                       3   
4     5           4       5       5       6                 4       
  3   4             2 3 3 3 2 2 1   1 2   5         3   2 1         
  3 1         1       4 5   4 5 2     2 2       2 2 4 2 2           
4 1           2     4 2     1   2       1         1 1   3           
3 2     3           6 2   2 2   2   5 4 3       6       5 2         
1       2   3       6 3   2 2         3     3 1   1 2   5 2         
4 5   4                 4 3 1           1 1             3           
    2     1   3     4         6 4     4 5 3       4 6 1             
                                      3 3 2 4 2               2     
        2     4 2       1             3 3 2 2                       
  4 4   3 1   1 1 1 4 1         2     3     2     2 2               
  3     2           3   2       1                                   
  4   5                       4   4 3                               
  4 3   1 3             3 3 2   3 5   4         4 5     4 2         
  1     2 2 2 3     3 2     2   3   1   2 5 2 2   4 3 1   1         
2 1     3 2   1                 2   3 4 3 4 1 3   1 1   4 2         
    3   2   6           5 4 4   3       2   2           1           
              1 3     4 3 4 5   3     4 3                           
                3 2 1   1 4 3   2     3 3         5         6 3     
    2         4       5       4     3 1 3         4 1               
              1 1 2   3 1           3 1 |               1           
  3   5     4   2 1 1 4       5 2   2 - 7 - 5 2                   1 
  2                   6 3 3 1 2 1   1   4 1   1                     
4                     6           5         4 2                     
    1       3 1         4     5 3   2 2 5 2   1   3     4       4   
3           3 1         4 2     3       3   3 2   2 1     1         
4     3 2 3           5       5 5   3     2     5       4 2 2 3     
3                     5 4 2 2 5 3   3 3   1     3   2 1   1 1   2   
3       2 3 5         4 4 4 4 3 2 5 3       1   2       4 2     2 2 
2 1         2 1   2   3 3 5 6 4 2 2 1 2                 3     3     
