34 34
1 3 3 0 0 0 0 3 0 0 0 0 0 0 0 0 0 3 0 0 2 0 0 0 0 3 0 1 2 0 2 2 1 0 
0 3 3 3 0 0 0 5 0 0 0 0 0 0 4 1 0 2 2 5 0 0 0 0 1 3 2 0 2 2 0 4 3 0 
0 0 1 2 2 2 1 0 0 0 0 0 1 0 3 0 0 0 0 0 0 1 0 2 2 3 0 0 0 3 0 1 0 0 
3 4 0 0 0 0 0 6 0 0 0 0 0 0 0 0 0 0 0 5 0 2 1 0 1 1 0 0 0 0 0 0 0 0 
0 0 3 0 5 4 3 0 2 4 0 0 0 0 0 2 2 1 1 2 0 0 0 4 0 0 0 0 0 3 3 0 5 1 
0 0 4 3 0 3 3 0 1 0 0 0 1 0 3 3 5 3 0 2 1 0 0 0 0 0 0 0 0 0 2 1 0 1 
1 0 2 0 0 1 2 0 0 0 0 0 0 0 0 1 0 2 4 0 0 1 0 0 0 0 0 0 0 1 0 0 0 0 
1 0 0 0 6 3 4 0 4 5 0 0 0 0 6 0 4 2 0 0 0 0 0 0 0 0 0 0 0 0 0 0 0 2 
2 2 3 4 0 1 2 0 2 0 1 3 2 0 3 3 2 0 5 0 0 0 0 6 0 0 0 0 0 0 5 2 0 0 
0 1 0 1 0 0 0 0 1 0 4 5 0 0 3 4 2 1 0 1 2 0 0 2 0 0 0 0 0 0 2 2 0 0 
4 0 3 0 6 0 0 5 0 4 4 0 3 0 4 0 0 0 5 0 0 0 0 0 0 0 0 0 0 0 0 0 4 2 
2 1 3 4 0 1 0 0 1 0 0 0 0 0 0 1 0 0 0 1 0 4 1 1 0 0 2 3 0 2 3 3 0 0 
2 4 5 4 0 0 0 0 0 0 0 0 0 0 0 0 0 0 0 2 0 5 0 0 3 2 0 0 2 0 0 0 0 0 
0 0 3 3 0 0 0 0 3 0 0 0 0 0 0 0 0 0 0 0 0 0 1 3 0 0 5 5 6 0 5 3 0 0 
0 0 0 0 0 0 0 0 0 0 1 0 0 0 0 0 0 0 0 3 1 0 2 0 0 2 0 0 0 0 0 0 0 0 
0 0 2 0 0 4 0 4 3 0 1 0 0 0 0 0 0 0 0 0 0 0 2 0 2 0 0 0 0 0 2 1 0 0 
0 0 3 0 0 4 0 4 0 4 3 0 0 1 0 0 0 0 0 1 0 0 3 2 0 0 0 0 0 0 0 1 0 0 
0 4 4 0 0 2 1 3 1 0 1 0 0 0 0 0 0 0 0 0 0 0 0 0 0 0 0 0 0 0 0 0 0 0 
0 0 0 0 0 0 1 4 1 0 1 0 0 0 3 4 0 0 5 0 0 5 4 0 0 0 0 0 1 0 0 0 0 1 
0 0 0 0 0 4 0 5 0 6 3 0 0 2 3 0 0 0 3 1 0 4 4 4 0 0 0 0 0 0 0 0 0 0 
0 4 2 2 0 3 3 3 0 5 1 0 4 0 0 0 0 0 4 2 1 0 0 2 0 0 0 0 1 0 2 0 0 2 
0 2 3 2 0 1 2 2 1 3 1 0 2 1 3 0 0 0 5 1 0 0 0 0 0 0 0 0 0 0 0 0 0 0 
4 0 0 0 7 0 0 0 0 0 0 5 0 0 0 0 0 0 0 0 0 4 0 0 4 2 0 0 0 0 0 0 0 0 
0 1 2 1 0 3 0 0 6 4 2 0 1 0 4 3 0 3 0 2 1 0 2 1 0 1 0 0 0 0 0 0 0 0 
0 3 6 3 0 3 0 0 5 0 0 4 0 3 4 4 1 3 2 0 0 4 5 4 4 4 0 0 0 0 0 0 0 2 
0 0 3 2 0 3 0 0 4 1 2 4 1 3 5 5 0 2 1 0 0 4 2 1 3 3 0 0 0 0 0 0 0 0 
0 3 0 0 6 0 0 0 0 0 0 0 0 0 0 0 0 0 0 4 4 0 0 0 0 0 2 4 0 1 0 0 0 0 
0 2 0 0 4 0 0 0 0 0 0 0 0 0 0 0 2 2 2 0 3 0 4 0 0 2 0 3 2 3 0 0 0 0 
3 0 0 0 0 0 3 0 0 0 0 0 3 0 0 0 0 3 3 0 2 2 6 0 0 0 0 0 0 5 4 3 0 0 
3 0 0 0 0 0 0 0 4 0 0 0 0 4 2 1 0 3 2 0 2 2 2 0 0 0 0 0 1 1 1 1 0 0 
0 1 0 0 0 0 2 0 2 1 0 4 0 0 0 0 0 0 0 4 0 0 0 0 0 0 0 0 0 0 0 0 5 2 
3 0 0 0 0 0 0 0 0 3 2 0 1 0 3 0 0 0 0 5 0 2 0 0 0 0 0 2 0 4 0 3 0 2 
2 3 0 0 0 0 0 0 0 3 2 2 1 0 0 0 0 0 0 4 0 0 0 0 2 2 1 2 0 3 0 0 4 3 
1 2 1 0 0 0 0 0 0 0 0 0 0 0 0 0 0 0 0 3 0 0 0 0 0 0 0 0 0 0 0 2 2 1 
400 18
1 19 1 18
1 19 1 24
1 19 3 19
22 4 22 0
22 4 22 11
22 4 10 4
22 4 26 4
23 8 23 5
23 8 23 9
23 8 24 8
23 8 23 5
23 8 23 9
23 8 24 8
23 9 23 10
23 9 25 9
1 19 1 18
1 19 3 19
23 5 24 5

3852

1 3 3         3                   3     2         3   1 2   2 2 1   
  3 3 3       5             4 1   2 2 5 - - - - 1 3 2   2 2   4 3   
    1 2 2 2 1           1   3         ǁ   1   2 2 3       3   1     
3 4           6                       5   2 1   1 1                 
    3   5 4 3   2 4           2 2 1 1 2       4           3 3   5 1 
    4 3   3 3   1       1   3 3 5 3   2 1                   2 1   1 
1   2     1 2                 1   2 4     1               1         
1       6 3 4   4 5         6   4 2                               2 
2 2 3 4   1 2   2   1 3 2   3 3 2   5         6             5 2     
  1   1         1   4 5     3 4 2 1   1 2     2             2 2     
4   3   6     5   4 4   3   4       5                           4 2 
2 1 3 4 | 1     1             1       1   4 1 1     2 3   2 3 3     
2 4 5 4 |                             2   5     3 2     2           
    3 3 |       3                           1 3     5 5 6   5 3     
        |           1                 3 1   2     2                 
    2   | 4   4 3   1                       2   2           2 1     
    3   | 4   4   4 3     1           1     3 2               1     
  4 4   | 2 1 3 1   1                                               
        |   1 4 1   1       3 4     5     5 4           1         1 
        | 4   5   6 3     2 3       3 1   4 4 4                     
  4 2 2 | 3 3 3   5 1   4           4 2 1     2         1   2     2 
  2 3 2 | 1 2 2 1 3 1   2 1 3       5 1                             
4 - - - 7 - - - - - - 5                   4     4 2                 
  1 2 1 | 3 = = 6 4 2   1   4 3   3   2 1   2 1   1                 
  3 6 3 | 3     5 |   4   3 4 4 1 3 2     4 5 4 4 4               2 
    3 2 | 3     4 1 2 4 1 3 5 5   2 1     4 2 1 3 3                 
  3     6                             4 4           2 4   1         
  2     4                       2 2 2   3   4     2   3 2 3         
3           3           3         3 3   2 2 6             5 4 3     
3               4         4 2 1   3 2   2 2 2           1 1 1 1     
  1         2   2 1   4               4                         5 2 
3                 3 2   1   3         5   2           2   4   3   2 
2 3               3 2 2 1             4         2 2 1 2   3     4 3 
1 2 1                                 3                       2 2 1 
