34 34
3 4 0 0 0 0 0 0 0 0 0 0 0 0 0 0 0 0 0 0 0 0 0 0 0 3 4 3 2 1 3 3 2 1 
0 0 1 0 0 0 0 0 3 0 0 0 1 0 0 0 1 0 5 0 0 3 0 0 1 1 2 2 2 0 4 0 0 0 
0 0 0 3 0 0 0 0 3 0 0 0 0 0 0 0 0 0 6 0 0 0 0 0 0 0 0 0 0 6 5 4 4 2 
3 0 2 5 0 0 0 3 0 0 0 0 0 0 0 0 0 0 4 2 1 3 0 0 4 4 2 3 4 0 0 0 4 2 
4 0 0 1 2 1 0 3 0 0 1 1 0 2 1 0 0 3 2 2 0 0 3 0 4 4 0 0 4 0 0 0 1 1 
0 0 3 0 5 0 0 0 0 0 0 0 0 4 0 0 0 3 3 3 0 0 1 0 0 0 0 0 0 0 0 0 2 3 
0 0 2 1 1 0 0 0 0 0 0 0 0 0 2 0 0 0 0 0 5 4 0 0 4 3 0 0 0 0 0 0 0 0 
3 4 0 0 0 0 0 0 0 0 0 0 0 4 0 0 0 0 4 2 0 0 0 1 0 0 0 0 0 0 0 0 0 0 
1 0 1 1 3 2 1 0 1 0 0 0 3 2 0 0 0 1 0 1 0 5 3 2 0 0 0 0 0 0 0 0 0 0 
0 0 0 2 5 0 0 0 0 0 0 0 5 0 0 0 2 1 6 4 0 0 1 0 0 0 0 0 0 0 0 0 0 2 
2 0 0 0 0 1 0 3 2 3 2 0 0 1 0 0 1 0 4 2 0 5 4 1 1 0 0 0 0 0 0 0 0 2 
0 0 0 0 0 0 0 0 0 0 2 0 0 0 0 0 0 0 2 1 0 3 2 0 0 0 0 0 0 0 0 0 0 3 
0 0 0 0 0 0 0 0 0 0 0 0 0 3 0 0 0 0 0 0 7 0 0 0 0 0 7 6 4 0 0 0 0 0 
2 5 4 2 0 2 0 4 0 2 0 0 0 2 0 2 0 0 0 0 0 2 0 3 3 3 0 0 0 0 0 0 0 0 
1 0 0 1 0 4 2 0 0 0 0 0 0 0 0 1 0 0 0 0 0 3 2 0 2 2 0 5 4 0 2 0 0 0 
0 0 3 3 0 3 2 0 1 0 4 1 0 3 0 0 0 0 0 0 5 0 0 4 6 2 0 2 2 0 2 0 0 0 
0 0 2 0 5 4 3 0 0 0 1 0 0 2 0 0 0 2 0 0 3 1 1 0 4 2 0 0 1 0 1 0 0 0 
0 0 4 0 3 2 2 4 0 0 0 0 4 0 0 0 0 0 0 0 0 0 0 0 0 0 6 4 0 5 0 3 3 0 
0 0 4 0 0 0 0 4 3 2 0 0 0 2 0 3 0 0 0 0 4 0 4 1 0 1 0 0 1 0 3 0 4 0 
0 0 3 0 0 4 0 5 0 0 0 0 5 0 0 0 0 0 0 0 4 3 3 0 0 0 0 0 2 0 4 3 0 0 
0 0 3 1 1 7 2 0 0 2 0 0 6 0 0 4 0 2 2 0 3 3 2 2 2 3 0 0 0 0 3 4 0 0 
0 0 2 1 0 0 1 0 0 1 0 0 4 0 2 3 0 1 2 0 4 4 2 0 0 1 0 4 3 0 2 0 0 0 
0 0 3 0 0 3 3 6 0 0 0 0 0 0 0 0 0 0 0 0 0 0 0 5 4 1 0 3 2 0 2 0 0 0 
0 0 2 0 0 0 1 3 0 0 0 0 0 0 2 1 0 0 0 1 0 0 0 2 2 1 0 2 2 0 1 0 0 0 
4 6 0 0 0 0 0 0 0 0 0 0 0 0 0 0 0 0 0 0 0 0 0 0 0 0 7 0 0 6 0 6 5 0 
3 0 1 0 3 0 0 0 0 0 0 0 0 0 0 0 0 0 0 0 0 0 0 0 0 0 4 2 1 0 1 2 1 0 
2 0 1 1 3 0 1 0 0 1 0 2 0 0 0 0 0 0 0 0 0 0 0 0 0 0 0 1 0 0 1 2 2 0 
0 0 2 0 2 0 0 0 0 0 0 3 0 0 0 0 0 0 0 0 0 0 0 0 0 0 4 4 2 0 0 0 0 0 
5 6 0 0 0 0 0 0 0 0 0 0 0 0 0 0 3 2 2 0 2 1 0 0 0 3 2 0 1 0 3 2 0 0 
4 4 3 3 2 1 0 0 0 0 0 2 2 2 0 0 3 3 2 0 5 0 0 6 0 6 3 0 0 0 0 0 0 0 
1 0 4 4 0 0 0 4 0 0 0 4 4 0 0 0 0 0 3 4 4 4 0 6 2 0 2 5 2 0 0 1 0 0 
4 6 5 5 0 0 0 2 1 0 0 0 2 0 3 0 0 0 3 1 1 3 1 1 1 0 2 5 2 0 0 0 0 0 
2 1 2 7 4 2 2 0 4 0 0 4 0 0 0 0 0 0 0 0 0 0 0 0 0 3 0 0 0 5 5 0 5 4 
0 0 0 2 3 0 0 0 3 2 0 3 0 0 1 1 0 2 0 0 0 0 0 0 0 0 0 0 0 3 0 3 6 3 
400 180
1 18 1 16
1 18 1 21
1 18 2 18
12 20 12 13
12 20 12 26
12 20 6 20
12 20 15 20
20 5 20 4
20 5 20 6
20 5 19 5
20 5 22 5
24 26 24 1
24 26 24 29
24 26 17 26
24 26 25 26
24 32 24 31
24 32 18 32
24 32 25 32
28 0 28 1
28 0 26 0
28 0 29 0
29 23 29 20
29 23 29 25
29 23 30 23
29 23 29 20
29 23 29 25
29 23 30 23
29 25 29 26
29 25 28 25
29 25 32 25
29 25 29 26
30 23 30 21
30 23 30 24
30 23 31 23
30 23 30 21
30 24 31 24
31 22 31 21
31 27 31 26
31 27 31 28
31 27 30 27
32 3 32 2
32 3 32 4
32 3 31 3
32 3 33 3
32 30 32 29
32 30 32 32
32 30 28 30
33 32 33 31
33 32 33 33
33 32 32 32
33 32 33 31
33 32 33 33
33 32 32 32
33 33 32 33
1 18 1 21
1 18 2 18
2 18 2 8
2 18 2 29
2 18 3 18
2 18 2 8
2 29 2 30
2 29 0 29
2 29 17 29
3 28 3 27
3 28 4 28
3 28 3 27
3 28 4 28
4 28 4 25
4 28 12 28
7 23 8 23
8 21 8 22
8 21 6 21
8 21 10 21
12 26 12 20
12 26 12 27
12 26 17 26
12 26 12 27
12 26 17 26
12 26 12 27
12 28 12 27
12 28 14 28
12 28 12 27
14 27 14 28
14 27 12 27
14 27 15 27
14 28 14 27
14 28 15 28
17 26 17 12
17 26 17 27
17 26 24 26
20 5 20 6
20 5 19 5
20 5 22 5
24 32 24 31
24 32 18 32
30 21 30 20
30 21 31 21
30 31 28 31
31 21 31 20
32 33 32 32
32 33 11 33
32 33 32 32
33 31 33 29
1 8 1 2
1 8 1 12
1 8 2 8
1 21 1 24
1 30 0 30
1 30 2 30
1 30 0 30
1 30 2 30
2 3 3 3
2 29 2 30
2 29 17 29
3 27 3 26
11 33 10 33
14 27 15 27
15 28 16 28
17 27 17 29
17 27 21 27
17 27 17 29
18 32 18 30
18 32 17 32
21 27 21 28
21 27 22 27
21 27 21 28
24 31 24 29
24 31 20 31
24 31 25 31
24 31 24 29
26 32 26 31
26 32 26 31
28 31 28 30
30 20 30 19
30 20 29 20
30 20 30 19
32 30 32 29
32 30 28 30
0 30 0 31
2 3 3 3
3 26 3 25
11 33 10 33
20 31 20 30
20 31 19 31
20 31 20 30
24 29 24 26
24 29 17 29
24 29 32 29
25 31 25 30
30 19 30 18
30 19 31 19
2 3 3 3
3 25 3 24
3 25 4 25
3 25 3 24
4 25 4 24
4 25 6 25
6 25 6 24
9 33 5 33
18 28 19 28
19 28 21 28
19 31 19 30
23 30 22 30
3 24 3 21
3 24 4 24
4 24 4 22
4 24 6 24
6 25 6 24
9 33 5 33
19 31 19 30
21 30 20 30
21 30 22 30
6 24 6 21
10 24 10 23
19 30 18 30
8 23 8 22
19 30 18 30
16 30 15 30
14 30 2 30
14 30 15 30

5114

3 4                                               3 4 3 2 1 3 3 2 1 
    1 - - - - - 3 - - - 1       1 - 5 = = 3 - - 1 1 2 2 2 | 4       
      3         3 = = = = = = = = = 6 - - - - - - - - - - 6 5 4 4 2 
3   2 5       3                     4 2 1 3 - - 4 4 2 3 4 ǁ |   4 2 
4     1 2 1   3     1 1   2 1     3 2 2     3 - 4 4 - - 4 ǁ |   1 1 
    3   5                 4       3 3 3     1   | |     | ǁ |   2 3 
    2 1 1                   2           5 4 - - 4 3     | ǁ |     ǁ 
3 4                       4         4 2 | |   1         | ǁ |     ǁ 
1   1 1 3 2 1   1       3 2       1   1 | 5 3 2         | ǁ |     ǁ 
      2 5               5       2 1 6 4 | | 1           | ǁ |     2 
2         1   3 2 3 2     1     1   4 2 | 5 4 1 1       | ǁ |     2 
                    2               2 1 | 3 2           | ǁ |     3 
                          3 - - - - - - 7 = = = = = 7 6 4 ǁ |     | 
2 5 4 2   2   4   2       2   2         | 2   3 3 3 ǁ | | ǁ |     | 
1     1   4 2                 1         | 3 2   2 2 ǁ 5 4 ǁ 2     | 
    3 3   3 2   1   4 1   3             5     4 6 2 ǁ 2 2 ǁ 2     | 
    2   5 4 3       1     2       2     3 1 1   4 2 ǁ   1 ǁ 1     | 
    4   3 2 2 4         4 - - - - - - - - - - - - - 6 4 = 5   3 3 | 
    4         4 3 2       2   3         4   4 1   1 ǁ | 1 | 3 - 4 | 
    3     4   5         5               4 3 3       ǁ | 2 | 4 3 ǁ | 
    3 1 1 7 2     2     6     4   2 2   3 3 2 2 2 3 ǁ | | | 3 4 ǁ | 
    2 1   ǁ 1     1     4   2 3   1 2   4 4 2     1 ǁ 4 3 | 2 | ǁ | 
    3     3 3 6                               5 4 1 ǁ 3 2 | 2 | ǁ | 
    2       1 3             2 1       1       2 2 1 ǁ 2 2 | 1 | ǁ | 
4 6 - - - - - - - - - - - - - - - - - - - - - - - - 7 = = 6 = 6 5 | 
3   1   3                                           4 2 1 | 1 2 1 | 
2   1 1 3   1     1   2                               1   | 1 2 2 | 
|   2   2             3                             4 4 2 |       | 
5 6                             3 2 2   2 1       3 2   1 | 3 2   | 
4 4 3 3 2 1           2 2 2     3 3 2   5 = = 6 = 6 3     | ǁ |   | 
1   4 4       4       4 4           3 4 4 4 = 6 2 | 2 5 2 | ǁ 1   | 
4 6 5 5       2 1       2   3       3 1 1 3 1 1 1 | 2 5 2 | ǁ     | 
2 1 2 7 4 2 2   4     4                           3       5 5 - 5 4 
      2 3       3 2   3     1 1   2                       3 - 3 6 3 
