34 34
4 0 6 0 0 4 0 1 2 0 6 0 0 5 6 0 0 0 3 1 2 0 0 6 0 0 0 6 0 0 3 0 3 0 
2 2 6 3 1 0 1 0 2 0 4 3 2 0 4 0 0 0 0 0 0 4 2 4 0 4 2 0 4 4 4 3 4 2 
4 0 0 0 0 7 0 0 0 0 0 0 0 7 0 0 0 0 0 0 0 0 0 0 0 0 0 8 7 0 1 1 0 0 
0 3 0 6 2 0 4 0 0 0 0 5 3 0 2 0 0 3 0 0 0 3 0 0 0 4 1 0 0 4 0 0 7 5 
2 3 2 0 2 0 2 3 0 4 2 0 0 0 0 0 3 0 0 0 0 0 0 0 0 6 0 0 0 0 3 2 0 0 
1 3 0 7 6 0 2 2 2 0 0 0 4 0 2 0 3 1 0 0 0 0 0 0 2 0 0 0 0 0 0 3 0 3 
2 4 4 0 3 0 1 0 0 0 3 0 0 0 2 5 2 0 0 0 0 4 0 0 5 6 3 0 0 5 8 4 0 0 
3 0 4 0 3 8 0 0 5 2 2 0 0 0 0 0 0 0 0 0 0 2 0 0 0 0 1 0 0 3 6 2 0 0 
0 0 4 0 4 8 0 0 0 0 0 7 6 0 1 3 0 6 0 0 0 0 0 0 4 0 3 0 6 0 5 4 0 4 
0 0 0 0 2 3 0 0 0 3 2 1 2 0 0 2 0 4 0 0 0 0 0 0 0 0 0 0 0 2 0 3 0 0 
4 6 4 5 0 0 0 0 0 0 0 0 0 8 0 0 0 0 0 0 0 0 0 0 6 7 5 0 0 4 0 1 0 0 
0 0 3 0 2 0 0 3 1 0 2 0 0 0 0 2 0 4 0 0 3 2 0 0 0 0 1 0 0 0 5 2 0 0 
0 0 0 0 4 0 0 7 0 0 8 2 0 0 0 0 0 0 0 0 0 0 0 0 0 4 2 0 0 0 4 1 0 0 
0 0 0 0 3 2 0 0 2 1 0 0 0 0 0 0 0 0 0 0 0 0 0 0 0 6 4 0 5 6 4 2 0 0 
0 0 2 0 4 5 0 7 5 0 0 2 4 0 3 5 0 8 0 0 6 0 0 0 5 4 1 0 2 0 0 0 0 0 
0 0 1 0 2 5 0 4 3 0 0 2 0 0 0 4 2 3 3 2 3 0 0 1 2 0 0 0 4 4 5 5 0 0 
0 0 0 0 0 2 1 0 1 0 0 0 0 0 4 5 0 0 0 0 0 0 0 0 4 6 0 0 4 0 3 2 0 4 
0 0 3 6 0 0 0 0 0 0 8 6 3 0 0 0 2 5 1 1 2 0 0 0 4 4 3 0 4 0 5 2 0 0 
1 0 2 6 5 0 0 0 4 2 0 0 0 0 0 0 2 6 0 6 0 0 0 0 7 0 0 7 0 0 0 0 5 0 
2 0 0 0 0 0 0 0 0 0 0 3 2 0 1 0 2 1 0 0 0 0 0 0 0 2 4 0 2 2 0 4 0 0 
4 0 0 0 0 0 0 0 0 0 0 2 0 0 2 0 0 0 4 7 4 2 0 0 0 4 5 0 5 0 0 5 0 0 
0 0 1 5 2 0 0 0 0 0 4 0 0 0 3 0 4 6 3 0 0 0 0 0 0 0 1 0 3 4 2 0 0 0 
0 0 0 4 0 0 0 0 0 0 6 5 1 0 0 0 2 0 1 5 0 0 0 0 0 0 2 0 3 0 0 4 0 0 
6 7 0 0 0 0 0 0 0 0 0 0 0 5 3 0 0 0 2 4 0 0 0 0 0 0 0 0 6 4 2 0 0 0 
5 6 0 0 0 0 0 0 0 0 0 0 0 0 0 7 6 6 0 0 0 0 0 0 5 7 3 0 2 0 0 0 0 0 
0 0 0 0 0 0 0 0 0 0 0 0 0 0 0 0 4 4 0 2 2 4 3 0 3 6 4 0 3 7 4 0 0 0 
0 0 3 0 0 3 0 0 0 0 0 0 0 0 0 8 6 0 0 0 0 4 3 1 0 0 3 0 0 0 0 0 5 6 
0 0 2 3 0 0 0 0 0 0 0 0 0 0 0 6 0 0 0 0 0 0 0 0 7 8 4 0 2 0 0 0 0 2 
0 0 2 6 0 0 0 0 0 0 0 3 0 3 2 4 1 2 0 0 0 0 4 2 0 0 1 0 0 0 0 0 0 0 
0 6 0 0 0 0 0 0 0 0 0 0 0 0 0 8 6 0 0 0 0 0 5 0 2 4 2 0 0 0 0 0 3 0 
2 0 0 0 0 0 0 0 0 0 0 0 0 0 0 0 1 2 0 4 0 3 2 5 0 3 0 0 0 0 0 0 5 2 
2 0 0 0 0 0 2 0 0 0 0 0 0 0 0 6 0 0 0 0 0 6 0 0 2 1 0 0 0 0 0 0 2 1 
6 8 0 0 0 0 0 0 0 0 0 0 4 2 0 3 0 0 0 2 0 2 1 0 0 0 0 4 0 6 0 5 2 2 
2 4 0 0 3 1 0 2 0 0 0 0 0 0 0 3 0 0 0 0 0 0 0 0 0 0 0 0 0 4 0 4 4 4 
400 659
0 0 0 2
0 0 1 0
0 0 0 2
0 0 1 0
0 2 0 5
0 2 1 2
0 10 0 8
0 10 0 13
0 10 1 10
0 10 0 8
0 10 0 13
0 10 1 10
0 14 0 13
0 14 0 18
0 14 1 14
0 14 0 13
0 14 0 18
0 14 1 14
0 23 0 20
0 23 0 27
0 23 1 23
0 23 0 20
0 23 0 27
0 23 1 23
0 27 0 30
0 27 2 27
1 28 1 29
1 28 2 28
1 28 1 29
1 28 2 28
1 29 1 30
1 29 3 29
2 0 2 5
2 0 4 0
2 0 2 5
2 0 4 0
2 5 2 13
2 5 0 5
2 5 7 5
2 27 2 13
2 27 2 28
2 27 0 27
2 27 18 27
2 28 2 27
2 28 8 28
3 3 3 1
3 3 3 4
3 3 5 3
3 3 3 1
3 3 3 4
3 3 5 3
3 6 3 11
3 6 4 6
3 6 3 11
3 6 4 6
3 29 3 32
3 29 6 29
3 29 3 32
3 32 3 33
3 32 1 32
3 32 18 32
4 4 5 4
4 25 4 16
4 25 3 25
4 25 6 25
4 25 4 16
4 25 3 25
4 25 6 25
5 3 5 1
5 3 5 4
5 3 10 3
5 4 5 3
5 4 4 4
5 4 6 4
5 4 5 3
6 2 6 1
6 2 7 2
6 2 6 1
6 2 7 2
6 4 7 4
6 15 6 14
6 15 6 16
6 15 8 15
6 25 6 24
6 25 6 26
6 25 10 25
6 25 6 24
6 26 3 26
6 26 7 26
6 29 6 30
6 29 7 29
6 29 6 30
6 29 7 29
6 30 6 31
6 30 4 30
6 30 7 30
7 2 7 0
7 2 8 2
7 5 7 4
7 5 7 8
7 5 2 5
7 5 8 5
8 2 10 2
8 5 8 4
8 5 8 11
8 5 7 5
8 5 9 5
8 5 8 4
8 5 8 11
8 5 7 5
8 11 8 12
8 11 3 11
8 11 9 11
8 26 10 26
8 28 8 30
8 28 2 28
8 28 13 28
8 28 8 30
8 28 13 28
8 33 5 33
8 33 16 33
8 33 5 33
8 33 16 33
10 1 10 0
10 1 10 2
10 1 23 1
10 1 10 0
10 1 10 2
10 1 23 1
10 13 10 3
10 13 10 24
10 13 2 13
10 13 23 13
10 13 10 3
10 13 10 24
10 13 2 13
10 13 23 13
10 24 10 25
10 24 8 24
10 24 14 24
10 24 10 25
10 25 10 26
10 25 12 25
11 30 11 31
11 30 8 30
11 30 12 30
12 7 12 4
12 7 12 10
12 7 11 7
12 7 14 7
12 10 12 7
12 10 12 11
12 10 11 10
12 10 17 10
13 25 13 26
13 25 12 25
13 25 14 25
13 25 13 26
13 25 12 25
13 25 14 25
13 26 12 26
13 26 14 26
14 8 14 7
14 8 13 8
14 8 15 8
14 12 14 11
14 12 17 12
14 12 14 11
14 12 17 12
14 17 14 15
14 17 14 20
14 17 11 17
14 17 15 17
14 17 14 15
14 17 14 20
14 17 11 17
14 17 15 17
14 20 14 24
14 20 11 20
14 20 15 20
14 20 14 24
14 25 14 24
14 25 16 25
15 11 17 11
15 31 15 30
15 31 13 31
15 31 16 31
16 33 26 33
17 10 17 3
17 10 17 11
17 10 12 10
17 10 21 10
18 4 18 3
18 4 18 8
18 4 21 4
18 8 18 4
18 8 18 9
18 8 18 9
18 24 18 19
18 24 18 27
18 24 17 24
18 24 24 24
20 0 19 0
20 0 23 0
20 0 19 0
20 0 23 0
20 19 20 18
20 19 20 20
20 19 18 19
20 19 22 19
20 31 20 28
20 31 19 31
20 31 22 31
22 10 22 3
22 10 22 11
22 10 21 10
22 10 22 3
22 10 22 11
22 10 21 10
23 0 23 1
23 0 24 0
23 28 23 29
23 28 22 28
23 28 24 28
23 28 23 29
23 28 22 28
23 28 24 28
24 15 24 1
24 15 24 16
24 15 16 15
24 15 26 15
24 25 24 24
24 25 24 26
24 25 20 25
24 25 25 25
25 29 25 28
25 29 25 30
25 29 23 29
25 29 32 29
25 30 25 29
25 30 23 30
25 30 25 29
26 15 26 5
26 15 26 16
26 15 24 15
26 15 27 15
26 32 26 33
26 32 18 32
26 32 29 32
26 33 26 32
26 33 16 33
26 33 27 33
27 24 27 15
27 24 27 25
27 24 25 24
27 24 29 24
27 25 27 24
27 25 27 26
27 25 25 25
27 25 29 25
27 25 27 24
27 25 27 26
27 25 25 25
28 3 28 2
28 3 28 11
28 3 27 3
28 3 28 2
28 3 28 11
28 3 27 3
28 11 28 13
29 1 29 15
29 1 24 1
29 1 32 1
29 1 29 15
29 1 24 1
29 1 32 1
29 15 29 16
29 15 28 15
29 15 31 15
29 16 29 15
29 16 29 22
29 16 28 16
29 16 30 16
30 17 30 19
30 23 30 22
30 23 30 25
30 23 28 23
30 32 30 33
30 32 29 32
30 32 31 32
31 6 31 15
32 0 32 1
32 0 31 0
32 0 33 0
32 0 32 1
32 0 31 0
32 0 33 0
32 1 32 12
32 1 33 1
32 12 32 1
32 12 32 13
32 12 32 13
33 1 33 4
33 1 32 1
33 1 33 4
33 4 33 5
33 7 33 15
33 33 33 32
33 33 32 33
33 33 33 32
33 33 32 33
0 2 0 5
0 2 1 2
0 5 0 7
0 13 2 13
0 18 0 19
0 27 0 30
1 1 1 2
1 4 1 3
1 6 1 8
1 8 1 10
1 10 1 11
1 11 1 12
1 12 1 11
1 14 1 21
1 21 1 14
1 21 1 22
1 21 1 22
1 23 1 25
1 25 1 23
1 25 1 26
1 25 1 26
2 5 2 13
2 13 2 27
2 27 2 28
3 1 4 1
3 25 3 21
4 2 4 1
4 16 5 16
5 12 3 12
5 12 8 12
5 12 3 12
5 12 8 12
5 33 3 33
6 1 6 0
6 1 5 1
6 4 7 4
6 30 6 31
6 30 4 30
6 30 7 30
6 31 5 31
6 31 7 31
7 5 7 8
7 21 6 21
7 29 7 30
8 2 10 2
8 4 9 4
8 11 8 12
8 11 3 11
8 12 9 12
8 24 8 17
8 24 6 24
8 24 8 17
8 26 10 26
9 10 9 9
9 12 8 12
9 17 9 15
9 17 8 17
9 17 9 15
9 17 8 17
9 29 10 29
10 0 7 0
10 0 18 0
10 3 17 3
10 3 17 3
10 25 10 26
10 25 12 25
10 26 11 26
10 29 9 29
10 29 13 29
10 29 13 29
11 2 14 2
11 17 11 15
11 17 11 20
11 20 11 21
12 10 12 11
12 10 11 10
13 9 13 8
13 29 13 28
13 29 13 30
13 29 15 29
13 29 13 28
14 24 15 24
15 11 17 11
17 3 17 2
17 3 17 10
17 3 18 3
17 10 17 11
17 10 21 10
17 26 17 25
17 30 17 28
17 30 17 31
17 30 16 30
18 3 18 2
18 3 18 4
18 3 21 3
18 3 18 2
18 27 18 24
18 27 18 32
18 27 32 27
19 26 19 25
19 26 20 26
19 26 19 25
19 26 20 26
19 31 19 29
19 31 20 31
19 31 19 29
20 25 20 26
20 25 24 25
20 25 20 26
20 26 21 26
21 2 21 3
21 4 21 3
22 3 21 3
22 26 24 26
23 0 23 1
23 0 24 0
24 1 24 0
24 1 24 15
24 1 23 1
25 25 25 24
25 25 25 26
25 25 24 25
25 26 24 26
25 26 26 26
25 26 26 26
26 15 26 5
26 15 26 16
26 15 27 15
26 16 26 21
26 16 25 16
26 16 26 21
26 16 25 16
26 21 26 22
26 21 25 21
26 23 26 22
26 26 27 26
26 33 26 32
27 15 27 3
27 15 27 24
27 15 28 15
27 26 28 26
27 28 25 28
27 33 30 33
28 13 28 14
28 15 28 14
28 15 29 15
28 17 28 22
29 15 29 16
29 22 28 22
29 22 30 22
29 22 28 22
29 22 28 22
29 24 29 25
29 25 29 26
29 25 30 25
29 32 30 32
30 0 24 0
30 17 30 19
30 19 30 21
30 19 32 19
30 21 31 21
30 23 30 25
30 23 28 23
30 32 31 32
31 6 31 15
31 15 32 15
31 21 31 24
31 21 30 21
31 21 32 21
31 21 31 24
31 21 32 21
32 19 32 15
32 22 32 27
32 27 32 29
32 27 18 27
32 29 32 31
32 29 25 29
32 29 33 29
32 29 32 31
33 7 33 15
33 29 33 15
33 29 33 31
33 29 33 31
33 31 33 32
33 31 32 31
33 32 32 32
1 1 1 2
1 2 1 3
1 3 1 2
3 11 3 12
3 25 3 21
3 33 3 32
3 33 1 33
4 2 4 1
4 30 4 31
4 31 5 31
5 1 5 0
6 0 7 0
7 21 6 21
8 4 9 4
9 5 9 9
9 10 9 9
11 2 14 2
11 8 11 7
11 15 14 15
13 28 14 28
14 28 15 28
15 2 17 2
15 28 15 29
15 28 16 28
15 28 15 29
15 29 15 30
16 28 16 30
16 28 17 28
16 28 16 30
17 26 17 25
17 28 17 30
17 30 17 31
18 27 18 32
18 32 3 32
19 28 20 28
21 3 22 3
23 1 23 13
23 1 23 13
23 13 23 14
23 14 21 14
23 29 23 30
24 0 30 0
24 25 24 24
25 16 25 17
25 16 24 16
25 17 25 19
25 17 24 17
25 17 25 19
25 28 27 28
26 5 26 2
26 22 25 22
27 2 26 2
27 2 26 2
31 15 32 15
32 32 32 31
3 21 3 17
3 33 1 33
6 21 6 16
6 21 6 24
6 24 5 24
8 17 8 15
15 30 15 31
15 30 13 30
16 31 15 31
17 26 17 25
19 28 20 28
21 29 21 28
21 29 21 30
21 29 21 28
21 29 21 30
22 31 22 28
22 31 20 31
22 31 32 31
23 14 21 14
23 19 23 18
23 19 22 19
23 19 23 18
23 19 22 19
24 16 24 15
24 16 24 17
24 16 22 16
24 16 24 17
1 32 1 31
1 32 0 32
1 32 1 31
3 17 3 14
5 24 5 17
6 15 6 14
6 15 8 15
15 30 13 30
17 25 17 24
20 14 19 14
20 14 21 14
20 28 21 28
0 32 0 30
1 30 1 31
1 30 2 30
3 17 3 14
5 14 5 16
5 16 5 14
13 30 13 31
16 14 16 15
16 14 14 14
16 14 16 15
16 14 14 14
16 25 16 24
12 30 12 31
12 30 11 30
12 30 11 30
14 14 14 15
14 15 15 15
15 15 15 16
15 15 16 15
15 15 15 16
16 15 16 24
16 25 16 24
17 17 17 16
17 17 17 18
17 17 18 17
20 18 20 19
20 18 21 18
20 18 20 19
22 19 22 18
22 19 20 19
11 31 10 31
15 17 15 18
15 18 15 19
15 20 15 19
15 20 15 23
15 24 16 24
17 24 17 20
17 24 18 24
18 19 18 17
18 19 18 24
18 19 17 19
18 19 18 17
20 20 20 21
20 20 25 20
20 20 20 21
21 18 21 17
22 16 21 16
24 17 21 17
24 24 25 24
25 20 25 21
25 21 25 22
25 21 25 22
9 31 8 31
18 17 18 16
18 17 17 17
18 17 19 17
21 16 21 17
21 16 19 16
21 16 21 17
21 17 21 18
21 17 24 17
9 31 8 31
17 17 17 16
18 16 19 16
9 31 8 31
8 31 8 30
7 31 7 30
8 30 7 30

5292

4 = 6 = = 4 - 1 2 = 6 = = 5 6 = = = 3 1 2 = = 6 = = = 6 = = 3 - 3   
2 2 6 3 1 | 1 - 2 - 4 3 2 | 4 = = = = = = 4 2 4 = 4 2 ǁ 4 4 4 3 4 2 
4 = = = = 7 = = = = = = = 7 = = = = = = = = = = = = = 8 7 | 1 1 | ǁ 
ǁ 3 = 6 2 ǁ 4 = = = = 5 3 ǁ 2 = = 3 - - - 3 = = = 4 1 | ǁ 4 = = 7 5 
2 3 2 ǁ 2 ǁ 2 3   4 2 ǁ ǁ ǁ     3 = = = = = = = = 6 | | ǁ | 3 2 ǁ | 
1 3 - 7 6 ǁ 2 2 2     ǁ 4 ǁ 2 = 3 1 - - - - - - 2 ǁ | | ǁ | ǁ 3 ǁ 3 
2 4 4 | 3 ǁ 1       3 ǁ ǁ ǁ 2 5 2 - - - - 4 - - 5 6 3 | ǁ 5 8 4 ǁ ǁ 
3 - 4 | 3 8 = = 5 2 2 ǁ ǁ ǁ   ǁ           2     | | 1 | ǁ 3 6 2 ǁ ǁ 
|   4 | 4 8 = = = = = 7 6 ǁ 1 3 - 6 = = = = = = 4 | 3 | 6 = 5 4 ǁ 4 
|   ǁ | 2 3 - - - 3 2 1 2 ǁ   2 = 4             | | ǁ | ǁ 2 | 3 ǁ ǁ 
4 6 4 5 = = = = = = = = = 8 = = = = = = = = = = 6 7 5 | ǁ 4 | 1 ǁ ǁ 
| ǁ 3 ǁ 2     3 1   2     ǁ   2 - 4 - - 3 2     | ǁ 1 | ǁ ǁ 5 2 ǁ ǁ 
| ǁ ǁ ǁ 4 - - 7 = = 8 2   ǁ   |   ǁ     |       | 4 2 | ǁ ǁ 4 1 ǁ ǁ 
| ǁ ǁ ǁ 3 2   | 2 1 ǁ     ǁ   |   ǁ     |       | 6 4 | 5 6 4 2 ǁ ǁ 
| ǁ 2 ǁ 4 5   7 5   ǁ 2 4 ǁ 3 5 = 8 = = 6 = = = 5 4 1 | 2 | ǁ | ǁ ǁ 
| ǁ 1 ǁ 2 5   4 3   ǁ 2 ǁ ǁ ǁ 4 2 3 3 2 3 - - 1 2 |   | 4 4 5 5 ǁ ǁ 
| ǁ | ǁ   2 1   1   ǁ ǁ ǁ ǁ 4 5 - - - - - - - - 4 6   | 4 = 3 2 ǁ 4 
| ǁ 3 6 = = = = = = 8 6 3 ǁ   | 2 5 1 1 2 - - - 4 4 3 | 4 = 5 2 ǁ ǁ 
1 ǁ 2 6 5 = = = 4 2 ǁ     ǁ   | 2 6 = 6 = = = = 7 = = 7 = = = = 5 ǁ 
2 ǁ   | |           ǁ 3 2 ǁ 1 | 2 1   |         | 2 4 ǁ 2 2 = 4 | ǁ 
4 ǁ   | |           ǁ 2   ǁ 2 | |   4 7 4 2     | 4 5 ǁ 5 - - 5 | ǁ 
ǁ ǁ 1 5 2           4     ǁ 3 | 4 6 3 ǁ |       | ǁ 1 ǁ 3 4 2 ǁ | ǁ 
ǁ ǁ   4 = = = = = = 6 5 1 ǁ ǁ | 2 ǁ 1 5 |       | ǁ 2 ǁ 3 - - 4 | ǁ 
6 7 = = = = = = = = = = = 5 3 | | ǁ 2 4 |       | ǁ | ǁ 6 4 2 | | ǁ 
5 6 = = = = = = = = = = = = = 7 6 6     |       5 7 3 ǁ 2 | | | | ǁ 
ǁ ǁ                           ǁ 4 4 = 2 2 4 3   3 6 4 ǁ 3 7 4 | | ǁ 
ǁ ǁ 3 - - 3 = = = = = = = = = 8 6 = = = = 4 3 1 | ǁ 3 ǁ ǁ ǁ   | 5 6 
ǁ ǁ 2 3 - - - - - - - - - - - 6 = = = = = = = = 7 8 4 ǁ 2 ǁ   | | 2 
ǁ ǁ 2 6 = = = = = = = 3 - 3 2 4 1 2 - - - - 4 2 | | 1 ǁ   ǁ   | | | 
ǁ 6 = = = = = = = = = = = = = 8 6 - - - - - 5 ǁ 2 4 2 ǁ   ǁ   | 3 | 
2 ǁ                           | 1 2 = 4 - 3 2 5 = 3   ǁ   ǁ   | 5 2 
2 ǁ         2 = = = = = = = = 6       |   6 = = 2 1   ǁ   ǁ   | 2 1 
6 8 = = = = = = = = = = 4 2   3 - - - 2   2 1 - - - - 4 - 6 = 5 2 2 
2 4 = = 3 1   2 = = = = = = = 3 - - - - - - - - - - - - - 4 = 4 4 4 
