34 34
2 2 1 1 0 3 0 0 0 0 0 4 0 0 0 0 3 0 0 0 0 3 1 1 1 2 1 2 0 0 2 2 2 2 
4 5 0 0 0 0 0 0 0 0 0 0 0 0 0 0 0 0 0 0 0 6 5 5 4 6 0 0 0 0 5 4 2 3 
0 0 2 0 0 1 0 0 0 4 4 1 2 0 0 0 0 0 0 4 2 0 0 1 4 0 1 2 2 1 0 0 1 0 
0 0 4 0 0 0 0 0 0 4 5 2 4 0 0 2 0 0 0 0 2 0 4 1 4 6 4 2 0 0 0 0 0 0 
0 0 2 0 0 0 0 0 0 0 2 1 3 2 0 3 0 1 0 0 1 0 3 2 3 5 4 0 3 2 0 0 0 0 
0 0 4 3 0 0 0 0 0 4 0 0 0 0 0 0 0 0 0 5 0 4 0 0 0 0 0 0 0 0 5 5 6 5 
0 0 2 0 2 4 0 5 2 0 2 0 0 0 0 0 0 0 2 0 1 0 3 0 4 4 2 1 1 3 0 0 0 0 
0 0 0 0 0 4 1 0 1 0 2 1 2 4 0 0 2 1 0 0 0 0 3 1 0 2 3 0 2 4 0 0 0 0 
0 0 1 3 3 4 1 0 0 0 2 4 3 5 0 0 0 0 4 0 0 0 2 1 0 0 2 0 0 3 0 0 0 0 
0 0 0 1 2 0 0 0 0 0 2 0 2 0 2 3 3 0 0 0 2 0 3 0 4 0 0 4 6 5 0 0 0 0 
0 0 0 0 1 0 0 0 0 0 0 0 4 5 4 0 3 2 0 0 0 0 0 0 0 3 2 0 3 2 0 0 0 0 
0 3 0 0 0 0 0 4 3 0 0 0 4 5 2 0 0 0 0 0 0 0 0 0 0 0 1 0 4 2 0 0 0 0 
0 0 1 0 2 4 0 4 0 0 5 6 0 0 0 5 4 0 0 0 0 0 0 0 0 0 0 0 0 0 0 0 0 0 
0 5 3 1 0 4 1 0 0 0 0 0 2 3 2 0 0 0 0 0 0 0 0 0 0 4 0 4 6 2 0 0 0 0 
0 0 4 4 0 2 0 3 0 0 1 0 0 3 2 0 0 0 0 0 0 0 0 0 0 3 1 0 3 4 0 0 0 0 
2 0 0 2 0 0 0 2 0 0 3 7 6 4 3 0 0 0 0 1 0 0 0 0 0 2 0 4 2 3 0 0 0 0 
3 5 4 3 0 0 0 1 0 0 2 0 0 2 0 0 0 0 0 1 0 0 0 0 0 2 1 3 3 0 0 0 0 0 
2 0 0 0 4 0 0 1 0 0 0 0 0 0 2 0 0 0 0 0 0 0 0 0 0 0 0 2 3 3 0 0 0 2 
0 2 3 0 4 0 4 3 4 0 0 0 0 0 0 0 0 0 0 2 0 0 0 0 0 4 0 3 3 2 0 0 0 0 
0 0 0 0 1 0 2 2 3 0 3 3 5 6 2 0 2 0 0 0 0 0 0 0 0 0 3 4 0 0 3 0 0 2 
0 0 0 0 0 0 0 0 0 0 3 0 3 4 2 0 0 0 0 0 0 0 0 0 0 0 1 0 2 2 0 0 0 0 
2 0 0 0 0 0 0 0 0 4 0 0 0 0 0 4 4 4 0 0 0 0 4 2 0 0 0 0 0 0 0 3 0 0 
2 0 0 0 0 4 0 2 1 0 1 3 0 0 3 0 2 2 0 0 0 0 0 0 0 4 0 6 6 4 0 3 0 1 
0 1 0 0 0 4 0 0 0 3 0 3 2 2 0 0 2 1 0 0 0 0 0 0 0 0 1 0 2 2 0 0 0 0 
3 0 0 0 0 0 0 0 0 0 0 0 1 0 0 4 0 0 4 4 2 0 5 3 0 2 0 0 0 0 0 0 0 0 
0 3 3 4 3 2 1 3 0 4 1 0 0 1 0 3 4 3 3 3 3 0 4 0 0 1 0 4 4 3 0 0 0 0 
0 3 0 2 0 2 1 2 1 0 0 0 0 0 0 1 3 0 2 2 3 0 3 1 0 0 0 1 2 4 0 0 0 0 
0 0 0 1 3 0 0 0 0 6 0 0 0 0 6 0 0 0 0 0 0 5 0 0 3 0 4 0 3 3 0 0 0 0 
0 2 3 0 0 0 0 0 0 3 2 2 0 0 3 0 2 0 0 1 0 0 1 3 1 1 3 1 2 1 0 0 3 3 
3 0 0 0 0 0 0 0 0 0 0 0 0 0 0 0 0 0 0 0 0 6 0 6 3 0 0 0 0 0 4 4 2 3 
0 0 2 0 0 0 0 0 0 0 0 0 0 4 0 0 0 0 0 0 0 3 1 2 2 1 0 0 0 0 0 2 1 2 
0 0 0 0 0 0 0 0 0 0 1 0 0 3 0 0 0 0 0 0 0 0 0 0 0 0 0 0 0 0 5 3 0 0 
4 0 0 0 0 0 0 0 0 0 0 3 0 0 0 0 0 0 0 0 0 0 0 0 0 0 0 0 2 1 6 0 5 3 
2 0 0 0 0 2 1 0 0 0 1 0 2 0 0 0 0 0 0 0 0 0 0 0 0 0 0 0 3 2 4 1 1 1 
400 16
5 33 5 32
5 33 1 33
5 33 17 33
6 7 6 5
6 7 6 8
6 7 11 7
9 29 9 28
9 29 8 29
9 29 10 29
13 1 13 2
13 1 11 1
13 1 16 1
15 11 15 10
15 11 15 12
15 11 12 11
15 11 19 11

10464

2 2 1 1   3           4         3         3 1 1 1 2 1 2     2 2 2 2 
4 5                                       6 5 5 4 6         5 4 2 3 
    2     1       4 4 1 2             4 2     1 4   1 2 2 1     1 | 
    4             4 5 2 4     2         2   4 1 4 6 4 2           | 
    2               2 1 3 2   3   1     1   3 2 3 5 4   3 2       | 
    4 3           4                   5   4                 5 5 6 5 
    2   2 4 - 5 2   2               2   1   3   4 4 2 1 1 3       | 
          4 1 | 1   2 1 2 4     2 1         3 1   2 3   2 4       | 
    1 3 3 4 1 |     2 4 3 5         4       2 1     2     3       | 
      1 2     |     2   2   2 3 3       2   3   4     4 6 5       | 
        1     |         4 5 4   3 2               3 2   3 2       | 
  3           4 3       4 5 2                       1   4 2       | 
  | 1   2 4   4     5 6       5 4                                 | 
  5 3 1   4 1         | 2 3 2                     4   4 6 2       | 
  | 4 4   2   3     1 |   3 2                     3 1   3 4       | 
2 |   2       2     3 7 6 4 3         1           2   4 2 3       | 
3 5 4 3       1     2 |   2           1           2 1 3 3         | 
2       4     1       |     2                         2 3 3       2 
  2 3   4   4 3 4     |               2           4   3 3 2         
        1   2 2 3   3 3 5 6 2   2                   3 4     3     2 
                    3   3 4 2                       1   2 2         
2                 4           4 4 4         4 2               3     
2         4   2 1   1 3     3   2 2               4   6 6 4   3   1 
  1       4       3   3 2 2     2 1                 1   2 2         
3                       1     4     4 4 2   5 3   2                 
  3 3 4 3 2 1 3   4 1     1   3 4 3 3 3 3   4     1   4 4 3         
  3   2   2 1 2 1             1 3   2 2 3   3 1       1 2 4         
      1 3         6         6             5     3   4   3 3         
  2 3             3 2 2     3   2     1     1 3 1 1 3 1 2 1     3 3 
3                                         6   6 3           4 4 2 3 
    2                     4               3 1 2 2 1           2 1 2 
                    1     3                                 5 3     
4                     3                                 2 1 6   5 3 
2         2 1       1   2                               3 2 4 1 1 1 
