34 34
2 0 0 0 0 3 0 0 3 1 0 0 0 0 0 0 2 0 0 0 0 0 0 0 0 0 0 0 0 0 2 1 4 2 
2 0 0 5 4 5 0 0 5 0 0 0 0 0 0 0 0 0 0 0 0 0 0 0 0 0 0 0 0 0 4 0 5 5 
2 0 0 4 1 3 2 0 0 0 1 0 0 2 0 0 0 0 0 0 0 0 0 0 0 0 0 4 2 0 0 1 2 3 
3 0 0 0 0 0 0 0 4 0 0 0 0 0 0 0 0 0 0 0 0 0 0 0 0 0 0 3 2 0 5 0 5 3 
1 3 3 2 1 0 2 2 0 2 0 3 2 2 0 3 1 1 2 0 0 0 0 4 1 1 0 2 2 1 2 1 1 1 
2 4 1 0 1 0 5 5 0 2 0 0 2 3 1 4 0 6 0 0 0 0 0 4 0 0 0 0 0 0 0 0 3 1 
0 0 1 0 0 0 0 4 0 0 0 0 2 4 0 3 2 6 0 0 0 0 0 3 3 0 0 0 0 0 3 0 0 1 
2 0 0 0 0 0 0 2 0 3 0 3 0 0 0 0 0 3 0 0 0 0 1 0 3 0 1 0 0 0 0 0 0 0 
0 0 0 0 0 0 0 1 0 2 0 0 0 0 0 0 0 0 0 0 0 0 0 0 0 0 0 0 0 0 6 0 5 4 
0 0 2 5 0 0 6 4 0 0 1 1 0 2 0 1 0 3 0 0 0 0 0 0 5 3 1 2 0 2 0 1 0 2 
0 0 1 0 3 0 6 5 0 0 4 0 0 4 0 0 0 0 1 1 0 0 2 0 0 0 0 1 0 0 0 3 3 2 
0 0 2 0 0 0 0 1 0 0 0 3 3 0 2 0 0 0 0 0 0 0 5 0 5 0 0 0 0 3 0 0 1 1 
0 0 0 0 0 0 0 0 0 0 3 5 4 0 3 0 0 0 1 1 2 0 5 5 4 1 2 0 2 0 0 0 4 5 
0 0 0 0 2 0 0 0 0 0 1 4 2 0 2 0 0 2 0 0 0 0 4 4 2 2 3 1 0 0 0 0 0 3 
2 0 0 0 0 0 0 0 0 3 2 4 0 6 0 0 0 0 0 0 0 0 0 0 0 0 0 0 4 0 0 5 5 2 
0 0 0 0 0 0 0 0 0 4 4 0 0 0 1 0 2 0 2 0 3 0 0 0 0 0 2 1 0 0 0 2 0 0 
2 0 0 0 1 0 2 0 0 4 5 5 2 5 0 0 0 0 0 0 3 0 0 0 0 3 3 1 0 0 0 2 0 0 
1 0 0 0 0 0 0 0 0 3 3 3 2 1 1 0 2 0 0 0 0 0 0 0 0 0 0 0 4 4 0 0 0 0 
0 0 2 4 0 0 0 0 4 0 0 0 0 0 0 0 0 3 0 0 0 1 1 0 0 4 3 0 0 0 0 0 0 0 
3 6 0 5 0 0 3 2 0 2 5 0 0 0 0 4 2 3 0 0 0 0 0 0 0 5 3 0 0 0 0 0 0 0 
0 0 1 0 2 0 4 0 0 2 4 0 0 0 0 0 0 0 0 0 0 0 0 0 0 0 0 0 6 5 0 0 0 1 
0 0 2 0 3 0 3 0 0 0 0 3 0 4 2 1 1 0 3 0 0 0 0 4 0 0 1 1 0 1 0 0 0 0 
0 0 0 0 3 1 1 0 0 2 0 2 2 4 0 0 0 0 0 0 0 0 0 4 0 0 3 4 0 0 0 0 0 0 
0 4 3 0 1 0 0 0 0 0 0 1 1 2 0 2 0 1 0 0 0 0 0 0 1 2 0 0 0 2 0 0 0 0 
0 0 0 0 3 0 0 3 0 2 0 3 5 0 0 0 0 0 0 0 0 0 0 5 0 3 0 0 0 0 0 0 0 0 
1 0 0 0 2 1 0 0 0 1 0 1 2 1 2 1 2 2 3 2 3 2 3 0 1 1 0 0 0 0 0 0 0 0 
1 0 2 0 2 0 0 0 0 3 5 0 0 0 5 6 5 2 3 0 5 1 0 0 0 0 0 3 0 0 0 3 0 0 
0 0 2 0 3 5 0 3 0 0 0 0 2 0 3 3 2 0 2 0 0 2 2 0 0 0 0 1 0 3 0 0 0 2 
2 0 3 0 2 0 0 0 0 0 5 0 0 0 0 0 0 5 3 0 0 0 2 0 4 0 4 2 0 0 0 0 0 0 
0 0 0 0 3 5 2 2 0 2 0 0 0 1 0 0 0 3 3 1 0 0 0 0 4 2 1 2 0 0 0 0 0 0 
2 5 4 0 2 4 4 1 0 2 6 0 0 0 0 0 0 0 0 0 4 3 4 0 0 0 0 1 0 0 0 0 0 0 
2 3 3 0 1 2 4 2 0 1 4 0 0 0 0 2 1 1 0 0 3 1 1 0 0 0 0 0 0 0 0 0 0 0 
4 0 0 5 0 0 0 0 4 0 0 0 0 0 0 0 0 0 0 0 0 0 0 4 0 0 0 0 5 2 0 0 0 0 
2 2 1 2 1 2 0 0 5 0 0 0 0 0 0 0 3 0 3 3 0 2 2 4 0 2 1 0 4 0 5 3 3 2 
400 26
1 3 1 0
1 3 1 4
1 3 2 3
1 33 1 32
1 33 0 33
1 33 2 33
12 33 12 32
12 33 11 33
12 33 13 33
33 8 33 5
33 8 33 16
33 8 32 8
33 30 33 28
33 30 33 31
33 30 8 30
12 33 12 32
12 33 13 33
13 33 14 33
14 31 14 32
14 31 10 31
14 31 15 31
20 29 20 28
20 29 17 29
20 29 21 29
12 32 11 32
12 32 14 32

8000

2         3     3 1             2                           2 1 4 2 
2 - - 5 4 5     5                                           4   5 5 
2     4 1 3 2       1     2                           4 2     1 2 3 
3               4                                     3 2   5   5 3 
1 3 3 2 1   2 2   2   3 2 2   3 1 1 2         4 1 1   2 2 1 2 1 1 1 
2 4 1   1   5 5   2     2 3 1 4   6           4                 3 1 
    1         4         2 4   3 2 6           3 3           3     1 
2             2   3   3           3         1   3   1               
              1   2                                         6   5 4 
    2 5     6 4     1 1   2   1   3             5 3 1 2   2 | 1   2 
    1   3   6 5     4     4         1 1     2         1     | 3 3 2 
    2         1       3 3   2               5   5         3 | | 1 1 
                    3 5 4   3       1 1 2   5 5 4 1 2   2   | | 4 5 
        2           1 4 2   2     2         4 4 2 2 3 1     | | | 3 
2                 3 2 4   6                             4   | 5 5 2 
                  4 4       1   2   2   3           2 1     | 2     
2       1   2     4 5 5 2 5             3         3 3 1     | 2     
1                 3 3 3 2 1 1   2                       4 4 |       
    2 4         4                 3       1 1     4 3     | |       
3 6   5     3 2   2 5         4 2 3               5 3     | |       
    1   2   4     2 4                                   6 5 |     1 
    2   3   3         3   4 2 1 1   3         4     1 1   1 |       
        3 1 1     2   2 2 4                   4     3 4     |       
  4 3   1             1 1 2   2   1             1 2       2 |       
        3     3   2   3 5                     5   3         |       
1       2 1       1   1 2 1 2 1 2 2 3 2 3 2 3   1 1         |       
1   2   2         3 5       5 6 5 2 3   5 1           3     | 3     
    2   3 5   3         2   3 3 2   2     2 2         1   3 |     2 
2   3   2           5             5 3       2   4   4 2     |       
        3 5 2 2   2       1       3 3 1         4 2 1 2     |       
2 5 4   2 4 4 1   2 6                   4 3 4         1     |       
2 3 3   1 2 4 2   1 4         2 1 1     3 1 1               |       
4     5         4                             4         5 2 |       
2 2 1 2 1 2 - - 5 - - - - - - - 3   3 3   2 2 4   2 1   4 - 5 3 3 2 
