34 34
2 3 0 0 0 0 0 0 0 0 0 0 0 0 0 0 0 0 0 0 0 0 0 2 2 3 0 3 0 0 2 2 3 2 
0 0 2 0 0 0 0 0 0 0 0 0 0 0 0 0 3 2 3 3 3 4 2 0 1 0 2 4 3 3 3 0 5 5 
0 0 3 0 0 0 0 0 0 0 0 0 0 0 1 0 0 2 0 2 0 2 1 0 0 0 2 4 0 2 2 0 3 3 
0 0 1 1 0 4 0 0 0 0 2 0 0 0 0 0 0 1 0 4 5 0 0 5 0 6 0 5 4 0 0 0 2 0 
0 0 2 0 0 4 0 0 0 0 0 0 0 0 0 0 5 0 3 1 2 3 1 0 0 3 2 3 2 0 0 0 1 0 
0 0 0 1 1 0 2 0 1 0 1 0 2 3 3 0 0 0 0 2 0 5 2 0 2 0 0 0 0 5 6 0 3 0 
0 0 3 2 0 0 0 1 0 2 0 0 3 0 1 1 0 0 0 1 1 0 3 0 0 3 0 4 1 0 0 1 2 0 
0 0 3 0 3 0 3 0 0 1 2 1 0 0 1 0 0 2 0 2 3 0 0 0 4 4 1 0 2 0 0 0 1 0 
0 0 3 1 0 0 0 2 0 0 3 1 0 0 0 0 0 0 0 0 3 0 2 0 1 2 2 0 0 0 5 4 2 0 
0 0 1 1 0 0 0 3 0 0 0 0 5 4 6 3 0 3 0 0 2 0 1 0 1 4 0 6 4 0 4 2 0 0 
0 0 3 3 0 0 0 0 0 0 0 0 4 2 5 2 0 0 0 0 0 0 0 0 2 2 0 0 3 0 0 0 0 0 
2 0 0 0 0 0 0 0 1 0 0 0 3 3 5 2 0 0 0 3 0 6 2 0 0 0 0 0 3 0 3 2 0 0 
3 0 0 0 0 0 3 4 0 0 0 0 5 4 3 2 0 2 0 4 3 0 0 0 0 0 0 0 0 0 1 1 0 0 
0 0 0 0 0 0 0 0 0 0 0 0 0 0 0 0 0 0 0 2 2 0 0 0 3 0 0 5 2 0 0 0 0 0 
0 0 2 0 0 0 0 0 0 0 0 0 0 1 0 0 0 4 6 5 2 0 2 0 0 0 0 0 2 0 0 0 0 0 
0 0 0 0 0 0 0 0 0 0 0 0 0 0 0 0 0 2 0 4 0 0 0 0 0 1 0 6 5 0 0 0 0 0 
0 0 0 0 0 0 0 0 0 0 0 0 0 0 2 3 0 2 0 2 0 0 0 0 0 0 0 0 1 0 0 0 0 0 
5 5 0 4 2 0 0 0 1 0 0 0 5 0 3 3 0 4 6 0 0 5 4 0 0 0 0 3 1 0 0 0 2 0 
0 0 0 0 0 0 0 0 0 0 0 0 2 2 3 2 0 4 5 0 0 2 1 0 0 0 0 0 0 0 0 0 0 0 
0 0 2 0 2 3 0 4 0 0 0 0 0 0 0 0 4 0 0 0 0 0 0 5 5 0 0 0 0 5 0 0 3 0 
0 0 0 0 0 0 0 3 3 4 4 1 1 3 1 0 0 2 0 4 2 0 0 3 0 2 0 2 1 0 2 2 0 0 
3 0 0 0 0 0 0 2 1 0 3 2 0 4 0 0 6 0 0 5 0 0 2 3 0 3 0 5 2 0 3 3 0 0 
0 0 0 0 0 0 0 4 0 5 0 0 0 0 4 3 0 1 0 0 2 3 1 0 0 2 0 0 1 0 0 3 0 3 
0 0 0 0 0 2 0 0 1 0 2 2 1 0 0 3 0 0 0 0 0 3 1 1 0 0 0 0 0 0 0 2 0 2 
3 0 0 0 0 2 3 0 3 4 4 4 2 0 2 2 2 3 0 5 4 3 2 1 0 3 0 5 0 0 0 2 0 1 
0 0 0 0 0 1 0 0 3 4 2 3 0 0 0 3 0 3 3 5 0 0 3 1 0 1 0 0 0 0 0 0 0 0 
4 6 4 0 0 0 0 3 0 0 0 0 0 0 0 0 0 0 0 0 0 0 0 0 4 0 0 6 5 0 0 3 0 0 
0 0 0 0 0 2 0 3 0 1 2 0 0 0 1 0 4 0 0 0 0 0 0 0 6 0 3 4 4 0 0 0 0 0 
0 1 0 0 0 0 0 0 1 0 4 0 0 0 0 0 4 2 0 0 0 1 0 0 3 1 2 4 2 0 0 4 6 4 
3 1 0 5 7 4 3 3 0 0 0 0 0 0 0 0 0 0 0 0 0 0 0 0 0 0 0 4 2 0 0 0 0 3 
5 3 3 2 4 2 0 3 0 0 0 0 0 0 0 0 0 4 0 0 0 0 0 0 0 0 0 0 0 5 3 3 0 0 
0 0 0 0 3 2 0 0 1 2 0 0 0 2 0 2 1 5 0 0 0 0 0 0 3 0 0 3 2 0 1 0 3 3 
4 0 0 0 0 0 3 2 0 0 0 0 0 0 0 2 0 3 0 0 3 0 0 1 0 0 0 2 2 3 3 4 5 2 
1 2 0 0 0 0 0 0 0 0 0 0 0 0 0 0 0 0 0 0 3 0 0 0 0 0 0 0 0 0 0 3 4 2 
400 21
1 33 1 32
1 33 0 33
1 33 2 33
15 28 15 27
15 28 14 28
15 28 16 28
17 0 17 1
17 0 12 0
17 0 21 0
25 19 25 18
25 19 25 22
25 19 24 19
29 4 29 3
29 4 29 5
29 4 19 4
29 4 30 4
30 0 30 1
30 0 29 0
30 0 32 0
15 28 15 27
15 28 14 28

3772

2 3                                           2 2 3   3     2 2 3 2 
    2                           3 2 3 3 3 4 2   1   2 4 3 3 3   5 5 
    3                       1     2   2   2 1       2 4   2 2   3 3 
    1 1   4         2             1   4 5     5   6   5 4       2   
    2     4                     5   3 1 2 3 1     3 2 3 2       1   
      1 1   2   1   1   2 3 3         2   5 2   2         5 6   3   
    3 2       1   2     3   1 1       1 1   3     3   4 1     1 2   
    3   3   3     1 2 1     1     2   2 3       4 4 1   2       1   
    3 1       2     3 1                 3   2   1 2 2       5 4 2   
    1 1       3         5 4 6 3   3     2   1   1 4   6 4   4 2     
    3 3                 4 2 5 2                 2 2     3           
2               1       3 3 5 2       3   6 2           3   3 2     
3           3 4         5 4 3 2   2   4 3                   1 1     
|                                     2 2       3     5 2           
|   2                     1       4 6 5 2   2           2           
|                                 2   4           1   6 5           
|                           2 3   2   2                 1           
5 5   4 2       1       5   3 3   4 6     5 4         3 1       2   
|                       2 2 3 2   4 5     2 1                       
|   2   2 3   4                 4             5 5         5     3   
|       |     3 3 4 4 1 1 3 1     2   4 2     3   2   2 1   2 2     
3       |     2 1   3 2   4     6     5     2 3   3   5 2   3 3     
        |     4   5         4 3   1     2 3 1     2     1     3   3 
        | 2     1   2 2 1     3           3 1 1               2   2 
3       | 2 3   3 4 4 4 2   2 2 2 3   5 4 3 2 1   3   5       2   1 
        | 1     3 4 2 3       3   3 3 5 - - 3 1   1                 
4 6 4   |     3                                 4     6 5     3     
        | 2   3   1 2       1   4               6   3 4 4           
  1     |       1   4           4 2       1     3 1 2 4 2     4 6 4 
3 1   5 7 4 3 3                                       4 2         3 
5 3 3 2 4 2   3                   4                       5 3 3     
|       3 2     1 2       2   2 1 5             3     3 2   1   3 3 
4           3 2               2   3     3     1       2 2 3 3 4 5 2 
1 2                                     3                     3 4 2 
