34 34
2 1 0 0 2 0 0 0 3 3 0 3 0 3 2 3 0 0 0 0 0 2 0 1 0 0 0 0 0 0 0 1 3 3 
0 2 0 0 5 0 2 2 0 0 0 3 2 3 3 0 0 0 0 0 0 0 0 0 0 0 0 0 0 0 0 0 0 0 
3 0 0 0 5 1 0 3 4 5 0 0 0 0 0 5 0 0 0 0 0 0 0 0 0 0 0 0 0 0 0 4 6 3 
2 1 4 2 0 2 3 0 0 0 2 0 3 4 0 4 0 4 3 2 0 5 0 3 1 2 0 0 0 0 2 1 1 0 
4 0 6 3 0 2 0 0 0 0 1 1 0 0 0 0 0 3 3 3 2 0 1 0 0 3 1 0 0 0 0 0 2 2 
0 0 0 0 0 3 2 0 0 0 0 0 0 2 0 0 0 0 0 0 0 6 0 0 0 0 0 0 0 0 4 5 3 0 
0 0 0 3 0 3 0 0 0 0 2 3 0 0 0 1 0 0 0 0 0 0 2 4 0 0 0 0 0 0 5 3 4 3 
0 0 0 0 0 0 0 0 0 0 0 1 0 0 0 0 0 0 0 0 0 0 1 2 0 0 0 2 1 1 3 1 2 0 
3 2 0 3 0 3 4 2 0 0 0 2 0 1 0 5 0 0 0 0 0 7 0 0 0 0 0 0 0 0 0 4 3 0 
2 1 0 1 0 1 0 1 0 0 0 0 0 0 0 0 2 2 1 1 2 0 2 1 0 0 0 0 0 0 0 3 1 0 
4 0 7 0 5 0 4 3 0 0 0 0 0 0 0 0 0 1 0 0 0 0 4 0 0 0 0 0 0 0 0 4 3 1 
4 3 0 2 5 2 0 2 0 0 0 5 5 0 0 4 4 3 0 0 0 0 0 0 1 1 2 1 0 0 2 0 0 1 
0 0 0 0 0 1 0 0 0 0 0 3 4 3 0 0 1 0 0 0 0 0 0 0 0 0 0 0 0 0 0 0 1 0 
0 0 0 0 0 1 0 3 0 0 0 2 0 4 2 0 1 0 0 0 0 0 2 0 3 0 0 1 0 0 3 0 1 0 
0 0 0 2 0 0 0 0 0 0 3 0 0 0 0 5 4 2 0 0 0 0 2 0 5 0 6 0 3 1 0 0 3 2 
0 2 0 0 0 2 0 0 0 0 2 0 0 1 1 5 0 0 0 5 4 0 1 0 0 0 0 0 2 1 0 0 0 1 
0 0 0 1 0 0 0 0 0 3 2 2 0 0 0 5 1 2 0 7 2 0 3 0 0 0 5 0 0 0 3 0 0 0 
0 0 0 0 0 2 0 0 0 1 1 2 0 0 0 3 0 3 2 2 0 0 1 1 0 0 4 0 2 0 0 0 0 0 
0 0 0 0 0 0 0 5 6 0 0 0 0 0 0 0 0 0 0 0 0 4 0 0 0 0 0 0 0 0 3 2 0 0 
3 0 0 2 6 5 0 0 0 3 3 0 0 0 4 0 0 5 3 3 2 0 1 2 0 0 1 0 0 3 4 3 0 0 
2 0 0 1 2 2 0 2 0 2 2 1 1 0 4 1 2 0 0 0 1 0 2 4 0 0 0 0 0 4 4 2 0 0 
4 0 5 0 2 1 0 1 0 0 0 0 0 0 2 2 3 0 0 0 0 0 2 4 0 0 0 3 1 0 4 3 0 0 
2 0 0 2 0 0 5 0 6 0 0 0 0 0 0 0 0 5 4 6 0 6 0 0 0 0 0 0 0 5 0 0 5 2 
1 2 0 3 3 2 0 1 0 1 0 0 0 0 0 4 3 0 0 0 2 4 0 1 1 0 0 3 2 0 2 1 0 0 
0 2 1 0 1 1 0 0 0 0 1 0 0 0 0 0 0 0 0 0 3 3 0 0 0 0 0 5 2 0 0 0 0 1 
3 0 0 3 0 0 4 2 0 1 4 0 5 0 0 3 0 0 3 0 3 1 0 0 0 0 1 4 2 0 0 0 0 0 
0 2 4 0 0 0 4 1 0 2 0 0 8 2 0 0 3 0 2 4 3 0 0 0 0 0 0 3 1 0 0 0 0 0 
0 1 1 0 1 2 0 1 0 0 0 0 2 0 0 0 0 0 0 0 0 0 0 0 0 0 0 0 0 0 0 2 4 0 
0 4 0 0 5 3 3 3 4 0 0 0 0 0 0 5 5 2 0 0 0 0 0 0 0 0 2 3 0 4 2 0 0 0 
0 2 2 1 0 2 0 0 0 0 0 0 0 0 0 1 2 3 0 4 0 2 1 0 0 0 0 0 0 6 3 2 4 3 
3 0 0 0 3 4 4 0 3 0 0 0 0 0 0 0 0 0 0 3 0 4 0 3 0 0 1 0 0 0 3 0 3 1 
3 0 0 0 0 2 2 0 2 0 0 0 0 0 0 0 0 0 0 0 0 0 0 0 0 0 0 0 0 7 0 0 5 4 
3 0 0 0 0 0 0 3 0 0 0 0 0 0 0 0 0 0 0 3 0 0 3 0 0 0 0 0 0 4 0 0 1 3 
3 0 0 0 0 0 0 0 0 0 0 0 0 0 2 0 0 0 0 1 0 0 1 0 0 0 1 0 0 2 0 0 0 1 
400 36
8 21 8 15
8 21 8 31
8 21 5 21
8 21 18 21
10 2 10 0
10 2 10 4
10 2 4 2
10 2 21 2
16 19 16 17
16 19 16 20
16 19 15 19
16 19 17 19
18 7 18 8
18 7 13 7
18 7 20 7
19 5 19 4
19 5 17 5
19 5 20 5
25 10 25 9
25 10 25 12
25 10 24 10
25 10 25 12
26 12 26 9
26 12 26 13
26 12 25 12
26 12 27 12
26 12 26 9
26 12 26 13
26 12 25 12
26 12 27 12
31 29 31 8
31 29 31 32
31 29 29 29
31 29 32 29
15 5 13 5
15 5 17 5

3007

2 1     2       3 3   3   3 2 3           2   1               1 3 3 
  2     5   2 2       3 2 3 3                                       
3       5 1   3 4 5           5                               4 6 3 
2 1 4 2   2 3       2   3 4   4   4 3 2   5   3 1 2         2 1 1   
4   6 3   2         1 1           3 3 3 2   1     3 1           2 2 
    |     3 2             2               6                 4 5 3   
    | 3   3         2 3       1           | 2 4             5 3 4 3 
    |                 1                   | 1 2       2 1 1 3 1 2   
3 2 | 3   3 4 2       2   1   5 - - - - - 7 - - - - - - - - - 4 3   
2 1 | 1   1   1                 2 2 1 1 2 | 2 1               3 1   
4 - 7 - 5   4 3                   1       | 4                 4 3 1 
4 3 | 2 5 2   2       5 5     4 4 3       |     1 1 2 1     2     1 
    |     1           3 4 3     1         |                     1   
    |     1   3       2   4 2   1         | 2   3     1     3   1   
    | 2   |   |     3         5 4 2       | 2   5   6   3 1     3 2 
  2 |     2   |     2     1 1 5       5 4 | 1           2 1       1 
    | 1   |   |   3 2 2       5 1 2 - 7 2 | 3       5       3       
    |     2   |   1 1 2       3   3 2 2   | 1 1     4   2           
    |     |   5 6                         4                 3 2     
3   | 2 6 5   |   3 3       4     5 3 3 2   1 2     1     3 4 3     
2   | 1 2 2   2   2 2 1 1   4 1 2       1   2 4           4 4 2     
4   5   2 1   1             2 2 3           2 4       3 1   4 3     
2     2     5   6                 5 4 6   6               5     5 2 
1 2   3 3 2   1   1           4 3       2 4   1 1     3 2   2 1     
  2 1   1 1         1                   3 3           5 2         1 
3     3     4 2   1 4 = 5     3     3   3 1         1 4 2           
  2 4       4 1   2 = = 8 2     3   2 4 3             3 1           
  1 1   1 2   1         2                                     2 4   
  4     5 3 3 3 4             5 5 2                 2 3   4 2       
  2 2 1   2                   1 2 3   4   2 1             6 3 2 4 3 
3       3 4 4   3                     3   4   3     1     | 3   3 1 
3         2 2   2 - - - - - - - - - - - - - - - - - - - - 7 - - 5 4 
3             3                       3     3             4     1 3 
3                           2         1     1       1     2       1 
