34 34
2 4 0 0 0 0 0 0 0 0 0 3 0 0 0 0 0 0 0 0 0 0 0 0 0 0 0 0 0 0 0 0 0 2 
0 0 2 0 0 3 5 2 0 0 0 0 0 1 0 0 2 2 2 0 3 0 0 4 0 0 0 0 0 0 0 3 0 3 
1 0 0 0 0 0 5 4 0 4 0 7 0 0 0 0 5 3 2 0 0 0 0 6 0 2 1 3 3 4 2 0 1 0 
0 0 0 0 0 0 4 0 0 3 3 0 1 1 2 2 3 4 3 1 0 2 0 5 4 2 0 4 0 0 0 3 0 0 
2 4 0 0 0 0 6 2 0 0 2 0 0 0 1 0 2 4 3 3 1 3 0 0 2 2 0 4 1 1 0 2 0 0 
2 3 0 0 0 0 4 2 1 0 1 0 3 4 0 4 0 5 0 0 0 0 0 0 0 0 0 0 0 0 0 0 3 0 
1 3 0 0 0 0 5 0 0 6 5 0 3 3 1 5 3 0 3 4 0 0 0 0 0 3 0 0 0 3 3 2 0 0 
1 3 0 0 0 0 0 0 0 0 3 0 0 3 3 2 0 0 0 0 0 0 0 0 0 0 3 4 1 0 3 3 0 0 
1 0 0 1 0 3 0 0 0 0 1 0 0 0 0 1 0 0 0 4 0 0 0 2 0 0 0 1 0 0 3 3 0 0 
0 0 0 2 1 0 0 0 0 0 1 0 0 0 0 2 0 0 0 2 3 0 0 0 0 3 3 0 0 5 0 0 3 0 
3 2 0 0 0 0 0 1 0 0 2 0 0 1 0 0 0 0 2 2 0 3 3 0 0 5 3 2 0 3 1 0 0 0 
0 1 0 0 0 0 0 0 0 0 0 0 4 2 0 3 2 0 2 3 0 4 0 0 0 0 3 0 0 5 4 2 0 0 
0 0 2 0 0 0 0 0 0 0 0 0 3 2 0 0 2 0 0 0 2 0 0 0 0 0 0 0 0 3 2 2 0 0 
0 0 0 0 0 0 4 3 0 0 3 5 0 0 3 4 4 0 1 2 0 0 0 0 0 0 0 0 0 0 0 0 3 0 
0 0 0 0 0 0 0 3 0 4 0 0 0 0 0 0 0 4 0 0 0 0 4 0 0 0 0 0 0 3 2 2 0 0 
0 0 0 0 0 0 0 0 1 0 0 1 0 0 0 2 0 0 2 0 5 3 0 0 0 0 2 0 2 0 0 0 0 0 
0 0 1 0 0 0 0 0 0 3 0 1 2 3 1 0 0 0 1 0 0 0 0 0 0 0 1 0 0 0 0 0 0 0 
0 0 0 0 0 0 0 0 0 3 0 3 0 0 0 0 0 0 0 0 0 0 0 0 0 0 0 0 0 0 0 0 0 0 
0 0 0 0 0 0 0 0 0 1 0 2 0 0 2 5 0 5 0 0 5 4 4 0 0 0 0 0 3 1 0 0 0 0 
0 0 0 0 0 0 0 0 3 0 0 0 0 4 0 3 3 4 0 0 3 3 0 0 0 0 1 0 4 1 0 0 0 0 
0 0 0 0 0 0 0 3 0 2 0 2 0 0 1 1 4 1 0 0 2 3 0 0 0 0 0 0 2 1 0 0 0 0 
0 0 0 0 0 0 1 2 3 5 3 3 0 5 4 3 3 0 0 0 0 0 5 0 0 0 0 0 0 0 4 3 0 0 
0 0 0 0 0 0 0 0 1 1 2 0 0 2 1 1 3 2 0 1 0 0 4 0 0 0 0 0 0 2 3 2 0 0 
0 3 0 5 0 4 0 0 0 0 0 0 0 0 0 0 0 0 0 0 0 0 0 0 0 0 0 0 0 0 0 0 4 3 
0 0 3 6 2 0 2 3 3 0 3 0 3 0 0 0 0 0 0 0 0 0 0 0 0 4 0 0 1 2 2 2 0 0 
0 0 3 2 0 0 0 3 3 1 0 2 5 0 0 0 0 0 0 0 0 0 0 0 0 5 0 0 1 1 0 0 0 0 
0 2 3 0 2 0 5 0 0 0 4 0 0 0 0 0 0 0 0 0 0 0 0 0 0 0 0 0 0 0 4 5 0 0 
0 3 3 3 3 0 2 0 0 0 0 1 0 3 0 4 4 4 0 0 0 0 0 0 0 0 0 0 0 5 4 0 0 0 
0 2 3 4 3 0 0 0 0 0 0 1 0 3 1 0 0 2 3 2 0 3 0 0 0 0 2 0 0 0 2 0 0 1 
3 0 0 0 0 6 0 0 0 0 5 0 0 0 0 4 0 4 5 3 0 0 0 0 2 0 5 0 0 5 1 0 0 1 
0 2 2 2 1 0 3 2 3 2 0 2 0 3 0 0 1 3 4 3 2 0 0 0 0 0 6 2 2 0 0 2 0 0 
0 1 0 4 0 6 6 0 4 3 0 2 0 5 0 4 0 0 0 0 3 0 3 0 0 0 5 1 1 0 0 0 0 0 
3 0 2 3 3 3 3 2 0 0 2 2 0 5 2 3 0 3 2 4 0 5 0 0 0 0 0 0 0 5 0 0 4 2 
2 0 0 0 2 3 4 2 0 0 1 2 2 4 4 5 2 3 4 4 1 2 1 0 3 0 0 0 0 5 2 3 4 1 
400 42
1 6 1 5
1 6 1 7
1 6 2 6
2 11 2 9
2 11 2 16
2 11 0 11
2 11 13 11
6 10 6 9
6 10 5 10
6 10 7 10
25 25 25 12
25 25 25 28
25 25 24 25
26 31 26 30
26 31 24 31
26 31 30 31
31 26 31 22
31 26 31 27
31 26 30 26
31 28 30 28
33 15 33 14
33 15 33 16
33 15 32 15
33 29 33 24
33 29 33 30
33 29 32 29
1 13 1 16
25 25 25 12
25 25 24 25
31 26 31 22
31 26 30 26
30 26 30 20
30 26 30 27
30 26 29 26
30 26 30 20
30 27 30 28
32 21 32 19
32 21 32 29
32 21 33 21
31 22 31 20
31 20 31 15
31 20 31 15

4590

2 4                   3                                           2 
    2     3 5 2       |   1 - - 2 2 2   3     4               3   3 
1           5 4   4 - 7 - - - - 5 3 2         6   2 1 3 3 4 2   1   
            4     3 3 | 1 1 2 2 3 4 3 1   2   5 4 2   4       3     
2 4         6 2     2 |     1   2 4 3 3 1 3     2 2   4 1 1   2     
2 3         4 2 1   1 | 3 4   4   5                             3   
1 3         5     6 5 | 3 3 1 5 3   3 4           3       3 3 2     
1 3                 3 |   3 3 2                     3 4 1   3 3     
1     1   3         1 |       1       4       2       1     3 3     
      2 1           1 |       2       2 3         3 3     5     3   
3 2           1     2 |   1         2 2   3 3     5 3 2   3 1       
  1                   | 4 2   3 2   2 3   4         3     5 4 2     
    2                 | 3 2     2       2                 3 2 2     
            4 3     3 5     3 4 4   1 2                         3   
              3   4               4         4             3 2 2     
                1     1       2     2   5 3         2   2           
    1             3   1 2 3 1       1               1               
                  3   3                                             
                  1   2     2 5   5     5 4 4           3 1         
                3         4   3 3 4     3 3         1   4 1         
              3   2   2     1 1 4 1     2 3             2 1         
            1 2 3 5 3 3   5 4 3 3           5               4 3     
                1 1 2     2 1 1 3 2   1     4             2 3 2     
  3   5   4                                                     4 3 
    3 6 2   2 3 3   3   3                         4     1 2 2 2     
    3 2       3 3 1   2 5 = = = = = = = = = = = = 5 - - 1 1   |     
  2 3   2   5       4                                       4 5     
  3 3 3 3   2         1   3   4 4 4                       5 4 |     
  2 3 4 3             1   3 1     2 3 2   3         2       2 |   1 
3         6         5         4   4 5 3         2   5     5 1 |   1 
  2 2 2 1   3 2 3 2   2   3     1 3 4 3 2 = = = = = 6 2 2     2     
  1   4   6 6   4 3   2   5   4 = = = = 3 - 3 = = = 5 1 1           
3   2 3 3 3 3 2     2 2   5 2 3   3 2 4 - 5 - - - - - - - 5     4 2 
2       2 3 4 2     1 2 2 4 4 5 2 3 4 4 1 2 1   3 - - - - 5 2 3 4 1 
