34 34
3 2 0 0 0 0 3 0 0 0 0 0 3 0 0 0 0 1 3 0 2 0 0 3 0 0 0 3 1 0 0 0 0 2 
4 0 4 4 3 2 0 3 0 2 2 2 0 2 1 2 2 0 4 2 1 1 0 0 0 0 0 0 2 0 0 0 0 4 
4 2 0 2 3 2 0 0 1 0 3 0 0 0 0 0 2 0 0 0 0 6 2 0 0 0 0 0 0 0 0 2 0 0 
0 1 5 3 2 0 0 0 0 0 0 0 0 4 0 6 0 0 0 5 1 0 0 0 0 0 0 0 0 0 0 0 0 0 
0 0 0 1 0 0 0 0 0 0 0 0 0 5 2 0 0 0 0 4 2 0 2 5 0 2 0 0 0 1 0 6 0 4 
0 0 0 0 0 0 0 5 0 0 7 4 0 3 0 5 0 0 0 0 0 6 2 1 0 0 0 0 0 0 0 0 0 0 
0 0 0 0 0 0 0 2 1 0 0 0 0 1 2 3 0 0 0 0 0 0 0 0 0 0 0 0 1 0 0 0 1 0 
3 0 4 0 0 0 5 0 0 0 4 0 0 0 0 0 0 0 0 0 0 0 0 0 0 0 0 0 0 0 0 0 0 0 
3 2 0 2 2 0 0 2 4 0 3 0 0 3 0 0 0 0 0 0 0 5 0 0 0 0 0 5 0 1 0 0 0 0 
3 2 0 0 0 0 0 2 2 0 0 2 0 0 1 0 3 3 3 3 2 0 0 0 0 0 0 0 0 0 0 0 0 0 
0 1 0 3 5 0 4 0 0 0 4 2 0 3 1 0 0 0 0 0 0 0 0 0 0 1 0 6 0 3 1 0 0 0 
0 0 0 0 4 2 0 1 3 0 0 3 0 0 0 0 0 0 3 0 0 0 0 0 0 3 0 5 2 3 3 0 0 0 
0 0 0 0 3 2 0 1 6 0 4 4 0 0 0 0 0 0 0 0 0 0 0 0 0 2 0 0 0 0 0 2 2 0 
0 4 5 3 0 0 0 1 0 1 4 2 0 0 0 0 0 0 0 0 0 0 0 0 0 2 0 0 0 0 5 1 1 0 
0 0 0 1 5 0 6 3 4 0 5 1 0 3 0 0 4 3 0 0 0 0 0 0 0 0 0 0 0 0 0 0 0 0 
0 4 2 2 5 1 4 3 4 0 4 0 0 3 0 3 3 2 4 0 0 4 0 0 0 0 0 0 0 0 5 5 5 3 
0 2 1 2 3 0 0 1 3 3 3 0 0 0 0 0 1 0 3 2 2 2 0 0 0 0 0 0 0 0 0 3 3 0 
3 0 0 0 0 0 5 0 0 0 0 0 5 0 0 0 0 0 0 0 0 0 0 0 0 0 0 0 0 0 6 0 3 0 
0 2 0 0 0 0 4 0 2 2 1 0 0 3 0 0 0 0 0 0 0 0 0 0 5 0 4 1 1 1 0 1 1 0 
0 0 0 0 1 1 0 1 0 3 0 0 5 4 0 1 1 2 0 0 0 0 0 2 1 0 0 0 0 0 0 0 1 0 
0 0 1 0 0 3 0 0 0 0 1 0 0 0 1 0 2 0 0 0 0 0 0 5 0 0 5 0 0 0 0 0 0 0 
0 0 0 0 0 0 0 2 0 2 0 1 0 0 3 0 0 0 0 0 0 0 0 5 2 1 0 0 3 2 0 2 3 0 
0 0 0 0 0 0 0 0 0 1 0 0 0 1 3 0 3 0 0 0 0 4 0 0 0 0 5 0 0 0 0 1 0 0 
0 0 3 0 3 0 0 3 4 0 5 3 0 0 1 2 2 0 0 1 0 0 1 0 0 0 0 2 4 0 7 5 0 0 
0 3 4 1 0 0 0 4 5 3 4 2 0 2 0 5 0 0 0 0 0 4 2 1 0 0 0 1 3 1 0 2 0 0 
1 0 5 0 4 4 0 3 2 0 0 0 0 4 0 4 0 3 1 0 0 0 0 0 0 0 0 2 2 0 5 0 3 3 
2 4 4 1 0 3 2 2 0 4 4 4 0 5 2 1 1 4 2 1 0 2 0 2 0 0 0 2 1 0 5 2 1 1 
4 2 2 1 0 3 0 2 0 3 4 3 0 2 0 0 0 3 0 0 0 0 0 1 0 0 0 3 0 0 4 1 0 2 
5 0 0 0 5 0 0 0 0 0 0 0 6 0 0 0 0 0 0 0 0 0 0 0 0 0 4 0 0 0 0 0 5 6 
2 3 3 0 0 2 3 0 0 3 0 0 6 0 0 0 6 2 2 0 0 0 0 0 0 0 6 0 2 1 2 0 0 4 
0 0 0 0 0 0 0 2 2 0 2 0 3 0 1 1 4 0 0 0 0 1 0 0 0 0 0 0 0 0 3 0 5 5 
1 0 5 0 3 0 2 4 2 0 1 1 0 0 0 0 0 2 0 0 0 0 0 0 0 0 3 1 3 0 0 0 0 1 
0 0 5 0 3 3 4 6 1 2 0 0 0 0 0 0 0 0 1 1 0 0 3 0 0 0 0 0 2 3 0 0 4 3 
0 0 2 0 0 2 2 5 3 0 0 0 0 0 0 0 0 0 0 0 0 0 3 0 0 0 0 0 0 2 1 0 3 3 
400 71
5 7 5 10
5 7 1 7
5 7 6 7
18 24 18 13
18 24 18 26
18 24 19 24
20 26 20 23
20 26 18 26
20 26 22 26
21 25 21 24
23 30 23 28
23 30 23 31
23 30 17 30
23 30 25 30
23 31 23 30
23 31 22 31
23 31 24 31
28 0 28 4
28 0 27 0
28 0 29 0
28 33 28 32
28 33 27 33
28 33 29 33
28 33 28 32
28 33 27 33
28 33 29 33
29 33 29 30
29 33 30 33
30 16 30 15
30 16 30 21
30 16 29 16
30 16 29 16
30 32 30 30
30 32 30 33
30 32 32 32
32 2 32 4
32 2 31 2
32 2 33 2
33 7 33 6
33 7 33 8
33 7 32 7
2 8 2 10
4 13 4 14
4 13 3 13
4 13 5 13
18 24 18 13
18 24 18 26
18 26 18 27
20 26 20 23
20 26 22 26
21 24 21 23
23 31 23 30
24 31 26 31
29 16 29 12
29 16 29 17
29 16 26 16
29 16 29 12
30 14 30 12
11 27 11 25
11 27 11 28
11 27 10 27
28 12 28 4
28 12 19 12
28 12 29 12
28 12 28 4
28 12 19 12
28 12 29 12
26 13 26 14
26 13 25 13
26 13 27 13
27 13 26 13

4205

3 2         3           3         1 3   2     3       3 1         2 
4   4 4 3 2   3   2 2 2   2 1 2 2   4 2 1 1             2         4 
4 2   2 3 2   | 1 - 3           2         6 2                 2     
  1 5 3 2     |           4   6       5 1                           
      1       |           5 2         4 2   2 5   2       1   6   4 
              5 - - 7 4   3   5           6 2 1                     
              2 1         1 2 3                         1       1   
3   4       5       4                                               
3 2   2 2     2 4   3     3               5           5   1         
3 2           2 2     2     1   3 3 3 3 2                           
  1   3 5   4       4 2   3 1                     1   6   3 1       
        4 2   1 3     3             3             3 - 5 2 3 3       
        3 2   1 6   4 4                           2           2 2   
  4 5 3       1   1 4 2                           2         5 1 1   
      1 5   6 3 4   5 1   3     4 3                                 
  4 2 2 5 1 4 3 4   4     3   3 3 2 4     4                 5 5 5 3 
  2 1 2 3     1 3 3 3           1   3 2 2 2                   3 3   
3           5           5                                   6   3   
  2         4   2 2 1     3 = = = = = = = = = = 5 = 4 1 1 1 | 1 1   
        1 1   1   3     5 4   1 1 2           2 1   |       |   1   
    1     3         1   ǁ   1   2             5 = = 5       |       
              2   2   1 ǁ   3                 5 2 1 ǁ   3 2 | 2 3   
                  1     ǁ 1 3   3         4         5       | 1     
    3   3     3 4   5 3 ǁ   1 2 2     1     1         2 4 - 7 5     
  3 4 1       4 5 3 4 2 ǁ 2   5           4 2 1       1 3 1 | 2     
1   5   4 4   3 2       ǁ 4   4   3 1                 2 2   5 | 3 3 
2 4 4 1   3 2 2   4 4 4 ǁ 5 2 1 1 4 2 1   2   2       2 1   5 2 1 1 
4 2 2 1   3   2   3 4 3 ǁ 2     | 3           1       3     4 1   2 
5 - - - 5 = = = = = = = 6       |                   4           5 6 
2 3 3     2 3     3     6 = = = 6 2 2               6   2 1 2 - - 4 
              2 2   2   3 - 1 1 4 - - - - 1                 3 - 5 5 
1   5   3   2 4 2   1 1           2                 3 1 3       | 1 
    5 - 3 3 4 6 1 2                 1 1     3           2 3     4 3 
    2     2 2 5 3                           3             2 1   3 3 
