34 34
2 5 0 3 1 0 0 0 0 0 2 0 0 0 2 0 0 0 0 0 0 0 0 0 2 2 3 1 2 0 3 3 3 1 
3 6 0 5 3 2 0 3 1 1 2 2 0 4 0 0 0 0 0 0 0 0 4 2 0 0 3 0 2 3 0 3 3 0 
1 0 0 0 4 2 0 4 3 0 0 0 1 4 2 1 2 0 3 0 3 2 3 2 0 0 0 0 1 2 0 0 2 3 
2 2 2 0 0 1 0 4 2 0 0 0 0 1 1 0 2 1 0 2 0 3 0 2 0 0 0 0 0 0 0 3 3 3 
0 1 0 0 3 0 0 3 0 0 4 5 0 0 0 4 0 0 5 0 0 6 4 1 0 4 5 5 4 3 0 0 1 2 
5 6 5 0 1 1 0 0 3 1 0 2 0 0 0 3 3 1 1 1 0 2 0 0 0 1 0 2 2 3 0 0 0 0 
0 2 3 0 2 0 4 0 5 0 3 0 0 0 0 0 0 0 0 0 0 0 0 0 5 0 5 0 0 0 4 4 2 0 
0 2 3 0 1 0 4 2 2 2 0 0 0 0 0 4 3 5 0 0 2 2 4 1 0 0 0 2 0 0 0 2 1 0 
3 0 0 6 0 0 0 0 0 0 0 0 0 0 0 6 0 6 0 0 4 3 5 2 0 1 0 5 0 0 4 3 4 4 
2 0 0 4 0 0 0 0 0 0 0 3 1 0 0 0 1 3 2 2 3 0 2 1 0 0 0 0 2 3 0 0 3 2 
2 0 0 4 0 0 0 0 0 0 0 0 0 0 0 4 0 0 0 0 0 0 0 0 5 4 0 0 2 0 0 1 2 1 
1 2 0 0 1 0 2 0 2 0 0 0 0 2 1 0 0 0 0 0 0 0 0 0 0 0 0 0 3 0 0 0 0 2 
0 0 0 0 2 0 0 0 0 0 0 0 0 3 3 0 0 0 0 0 0 0 0 0 0 0 0 0 0 0 0 0 0 0 
4 4 1 0 4 0 0 0 2 0 0 0 0 0 0 0 0 0 0 0 0 0 0 0 0 0 0 0 0 0 2 2 5 2 
0 2 1 0 3 0 0 0 0 0 0 0 0 6 5 0 0 0 0 0 0 0 0 0 0 4 0 0 0 0 0 2 0 0 
3 0 0 0 0 0 0 0 0 0 0 0 0 0 1 0 0 0 0 0 0 0 0 0 0 2 0 0 0 0 0 0 0 0 
0 3 0 4 0 0 0 0 0 0 0 0 0 4 3 0 0 0 0 0 0 0 0 0 0 0 0 0 0 0 0 0 0 0 
0 0 3 7 0 0 0 0 0 0 0 3 1 1 0 0 2 0 0 0 0 0 0 0 0 1 0 2 0 0 0 0 0 0 
0 0 0 3 1 0 3 0 3 0 0 3 0 1 0 0 0 0 0 0 0 0 0 0 0 0 0 3 4 0 3 4 0 0 
0 0 0 2 0 0 4 0 4 0 0 4 4 3 0 0 0 0 0 0 0 0 0 0 0 0 0 3 1 0 2 0 0 0 
0 0 0 3 1 0 0 0 0 0 0 0 0 0 0 0 0 0 0 0 0 0 0 0 0 0 0 0 2 5 2 0 0 0 
0 0 0 0 1 0 0 0 0 0 0 0 0 0 2 0 0 0 0 0 0 0 0 0 0 0 0 0 0 0 1 0 0 1 
0 0 0 0 0 0 0 0 0 0 0 0 0 0 0 0 0 0 0 0 0 0 0 0 0 0 0 0 0 0 0 0 0 0 
0 0 2 0 4 0 4 3 0 0 0 0 0 0 0 0 4 0 0 0 0 0 0 0 6 4 0 0 0 0 3 3 0 2 
0 3 1 0 2 0 2 3 0 0 0 0 0 0 0 0 1 2 2 3 2 0 2 1 0 2 0 0 0 0 1 2 0 0 
0 5 0 5 0 0 0 0 5 0 3 2 0 0 0 0 3 6 0 5 3 0 4 2 0 2 0 0 0 0 1 2 0 0 
0 2 0 0 0 2 0 0 3 2 0 0 2 0 0 0 0 2 2 0 0 2 0 1 0 0 0 0 1 0 4 4 0 0 
0 1 0 5 2 1 0 0 2 3 0 2 3 0 0 0 4 3 2 0 2 4 0 0 0 0 0 0 0 0 1 0 0 0 
0 1 0 3 1 0 0 0 0 0 0 0 1 0 0 0 1 2 2 0 2 3 0 0 3 0 0 3 0 6 3 0 0 0 
3 0 0 0 0 0 0 0 0 0 4 0 0 4 0 4 0 0 0 4 0 0 4 3 0 0 0 0 0 2 2 0 0 0 
0 1 2 0 0 0 0 3 2 0 0 1 1 0 2 5 0 0 4 0 3 3 0 0 4 4 2 0 0 0 1 0 0 0 
0 0 0 0 0 0 0 0 0 0 0 0 0 0 2 2 3 2 3 2 0 2 0 1 0 3 5 4 0 0 0 6 3 2 
4 0 4 0 0 0 0 4 3 0 3 2 3 5 0 0 4 2 4 5 3 2 4 2 3 2 6 0 2 3 3 3 2 1 
2 0 1 0 0 0 0 0 1 0 1 0 1 3 0 1 1 1 1 1 1 2 3 1 2 0 5 0 0 0 0 0 4 1 
400 16
0 1 0 0
0 1 0 3
0 1 1 1
5 0 5 1
5 0 3 0
5 0 8 0
17 3 17 2
17 3 17 11
17 3 16 3
17 3 18 3
25 1 25 3
25 1 24 1
25 1 26 1
33 26 33 24
33 26 33 32
33 26 32 26

2668

2 5 - 3 1           2       2                   2 2 3 1 2   3 3 3 1 
3 6   5 3 2   3 1 1 2 2   4                 4 2     3   2 3   3 3   
1       4 2   4 3       1 4 2 1 2   3   3 2 3 2         1 2     2 3 
2 2 2     1   4 2         1 1   2 1   2   3   2               3 3 3 
| 1     3     3     4 5       4     5     6 4 1   4 5 5 4 3     1 2 
5 6 5   1 1     3 1   2       3 3 1 1 1   2       1   2 2 3         
| 2 3   2   4   5   3                           5   5       4 4 2   
| 2 3   1   4 2 2 2           4 3 5     2 2 4 1       2       2 1   
3     6                       6   6     4 3 5 2   1   5     4 3 4 4 
2     4               3 1       1 3 2 2 3   2 1         2 3     3 2 
2     4                       4                 5 4     2     1 2 1 
1 2     1   2   2         2 1                           3         2 
        2                 3 3                                       
4 4 1   4       2                                           2 2 5 2 
  2 1   3                 6 5                     4           2     
3                           1                     2                 
  3   4                   4 3                                       
    3 7 - - - - - - - 3 1 1     2                 1   2             
      3 1   3   3     3   1                           3 4   3 4     
      2     4   4     4 4 3                           3 1   2       
      3 1                                               2 5 2       
        1                   2                               1     1 
                                                                    
    2   4   4 3                 4               6 4         3 3   2 
  3 1   2   2 3                 1 2 2 3 2   2 1   2         1 2     
  5 - 5         5   3 2         3 6   5 3   4 2   2         1 2     
  2       2     3 2     2         2 2     2   1         1   4 4     
  1   5 2 1     2 3   2 3       4 3 2   2 4                 1       
  1   3 1               1       1 2 2   2 3     3     3   6 3       
3                   4     4   4       4     4 3           2 2       
  1 2         3 2     1 1   2 5     4   3 3     4 4 2       1       
                            2 2 3 2 3 2   2   1   3 5 4       6 3 2 
4   4         4 3   3 2 3 5     4 2 4 5 3 2 4 2 3 2 6   2 3 3 3 2 1 
2   1           1   1   1 3   1 1 1 1 1 1 2 3 1 2 - 5 - - - - - 4 1 
