34 34
1 3 4 3 2 0 5 0 0 3 0 0 0 0 3 3 3 2 3 0 0 0 0 0 2 3 0 5 0 0 0 0 0 3 
0 0 4 5 0 0 5 2 3 0 0 1 1 0 4 3 0 2 0 0 1 0 1 0 0 0 0 0 2 0 5 0 0 6 
0 0 2 3 2 1 2 2 3 0 2 4 0 0 3 0 0 4 5 3 0 0 0 0 0 0 0 2 0 0 0 0 0 0 
0 5 0 0 0 0 0 0 0 4 0 0 0 0 0 3 0 0 2 4 3 0 0 0 0 2 0 0 0 0 0 0 0 0 
0 0 1 0 2 0 0 0 0 0 2 2 0 2 2 1 0 0 0 0 0 0 0 0 0 4 1 0 0 0 4 2 0 0 
0 0 0 0 2 1 3 2 1 0 3 3 0 0 4 2 0 0 4 0 0 0 3 1 0 2 0 0 0 0 1 0 0 0 
0 0 0 0 0 0 0 0 0 0 0 2 1 1 0 0 0 0 0 2 0 0 0 0 5 0 0 0 0 0 0 0 0 5 
0 0 2 0 3 5 4 1 0 0 4 0 0 3 0 0 0 0 0 0 2 0 1 0 0 2 0 3 1 0 2 2 3 0 
0 0 1 0 0 0 1 1 0 0 0 3 3 0 0 0 0 0 0 0 3 0 0 0 5 0 0 3 1 0 0 0 0 0 
0 0 0 0 0 0 0 0 0 0 0 3 0 0 0 0 0 0 0 1 0 1 0 0 0 1 0 0 0 0 5 0 3 0 
0 0 2 0 4 4 4 2 0 0 0 5 4 0 0 0 0 0 0 1 3 2 0 0 3 0 5 5 4 2 4 1 0 0 
0 0 0 0 0 0 5 6 3 0 0 0 0 0 3 0 4 3 0 1 4 0 0 0 2 1 2 1 1 0 5 2 0 0 
0 0 2 0 5 4 3 0 2 0 0 0 4 0 0 0 0 3 0 0 2 0 2 2 2 3 0 0 0 0 4 1 0 0 
0 0 2 2 0 3 1 0 0 0 5 3 3 0 3 1 0 4 4 0 0 0 0 0 0 0 0 0 0 0 0 0 3 0 
0 4 1 1 0 3 1 4 4 0 6 4 3 0 2 1 0 1 0 2 0 0 0 1 1 0 2 0 0 2 2 2 0 0 
2 4 3 2 0 1 0 1 1 0 2 2 2 0 0 0 0 1 0 3 0 0 0 0 0 0 0 0 0 4 3 2 0 0 
2 4 0 0 7 0 0 0 0 6 0 0 0 4 0 0 5 3 0 0 2 0 2 3 3 0 2 0 2 0 0 0 0 0 
1 2 2 1 0 3 4 2 1 0 2 4 2 0 3 1 0 1 0 0 0 0 0 1 2 2 0 2 0 0 0 0 0 0 
2 2 1 0 0 0 2 0 0 0 1 0 1 0 3 0 4 1 0 3 4 0 0 0 0 0 0 6 3 0 0 1 0 0 
4 5 0 4 0 4 0 4 2 0 1 0 0 0 3 0 3 2 0 2 2 0 0 0 4 4 1 3 3 0 0 0 0 0 
0 0 1 0 0 3 1 0 1 0 0 0 0 0 5 1 0 1 0 2 0 0 2 0 4 5 0 2 2 0 0 0 0 0 
0 0 0 0 0 3 0 5 4 0 0 4 0 4 3 0 3 0 5 0 0 0 0 0 0 0 0 0 0 5 4 2 0 0 
3 4 4 0 0 0 1 0 0 0 3 0 0 4 0 0 4 3 4 1 2 0 0 0 0 0 0 0 0 6 6 2 0 0 
0 0 0 0 0 3 3 0 0 0 1 1 0 3 0 1 1 2 4 0 0 0 0 0 0 0 0 3 1 2 2 0 0 0 
0 0 0 0 3 0 0 0 2 4 0 0 0 0 0 0 0 0 0 0 0 0 0 0 0 0 0 0 0 0 0 0 3 0 
0 0 0 0 2 0 0 0 2 0 1 0 0 0 0 0 0 3 0 0 0 0 0 0 0 0 0 0 0 0 4 3 0 0 
2 0 0 0 0 0 0 0 0 0 0 0 0 0 0 0 0 0 1 0 0 0 0 0 3 0 0 0 1 0 2 2 0 0 
1 0 3 0 0 0 1 0 3 5 0 0 0 0 0 0 0 4 0 0 0 0 0 0 5 4 0 0 4 0 4 2 0 0 
2 3 4 0 0 0 0 0 1 0 2 2 0 0 0 4 1 2 0 0 0 0 1 0 0 3 2 0 3 1 0 0 0 0 
0 0 0 0 2 3 2 0 3 5 2 0 0 0 0 0 1 0 0 0 0 0 0 0 3 0 0 0 2 1 0 0 0 0 
0 2 4 0 0 2 2 0 2 0 0 0 0 0 0 5 0 0 0 0 0 0 0 0 0 0 0 0 0 0 5 2 0 0 
0 1 2 0 2 2 0 3 0 0 0 0 0 0 0 0 0 0 0 0 0 0 0 0 0 0 0 0 0 0 0 0 4 5 
4 0 0 5 0 0 0 0 3 0 0 0 0 0 0 0 0 0 0 0 0 0 0 0 0 0 0 0 0 0 0 0 2 3 
1 1 0 4 0 0 4 4 4 0 0 0 0 0 0 2 0 0 0 0 0 0 0 2 0 2 0 0 0 0 0 0 0 2 
400 33
0 6 0 4
0 6 0 9
0 6 1 6
0 27 0 25
0 27 0 33
0 27 2 27
1 30 1 28
1 30 1 33
1 30 4 30
1 33 1 30
1 33 0 33
1 33 6 33
3 1 3 9
3 1 0 1
3 1 14 1
11 6 11 7
11 6 10 6
11 6 12 6
16 4 16 1
16 4 16 9
16 4 12 4
16 4 24 4
29 9 29 8
29 9 29 10
29 9 27 9
30 30 30 15
30 30 30 31
30 30 27 30
31 33 31 32
31 33 6 33
31 33 32 33
1 33 0 33
1 33 6 33

2927

1 3 4 3 2 - 5 - - 3         3 3 3 2 3           2 3 - 5 - - - - - 3 
  | 4 5     5 2 3     1 1   4 3   2     1   1         | 2 - 5 = = 6 
  | 2 3 2 1 2 2 3   2 4     3     4 5 3               2     |     ǁ 
  5 - - - - - - - 4           3     2 4 3         2         |     ǁ 
  | 1   2           2 2   2 2 1                   4 1       4 2   ǁ 
  |     2 1 3 2 1   3 3     4 2     4       3 1   2         1     ǁ 
  |                   2 1 1           2         5                 5 
  | 2   3 5 4 1     4     3             2   1     2   3 1   2 2 3 | 
  | 1       1 1       3 3               3       5     3 1         | 
  |                   3               1   1       1         5   3 | 
  | 2   4 4 4 2       5 4             1 3 2     3   5 5 4 2 4 1   | 
  |         5 6 3           3   4 3   1 4       2 1 2 1 1   5 2   | 
  | 2   5 4 3   2       4         3     2   2 2 2 3         4 1   | 
  | 2 2 | 3 1       5 3 3   3 1   4 4                           3 | 
  4 1 1 | 3 1 4 4   6 4 3   2 1   1   2       1 1   2     2 2 2   | 
2 4 3 2 | 1   1 1   2 2 2         1   3                   4 3 2   | 
2 4 - - 7 - - - - 6       4     5 3     2   2 3 3   2   2         | 
1 2 2 1 | 3 4 2 1   2 4 2   3 1   1           1 2 2   2           | 
2 2 1   |   2       1   1   3   4 1   3 4             6 3     1   | 
4 5   4 | 4   4 2   1       3   3 2   2 2       4 4 1 3 3         | 
    1   | 3 1   1           5 1   1   2     2   4 5   2 2         | 
        | 3   5 4     4   4 3   3   5                     5 4 2   | 
3 4 4   |   1       3     4     4 3 4 1 2                 6 6 2   | 
        | 3 3       1 1   3   1 1 2 4                 3 1 2 2     | 
        3       2 4                                             3 | 
        2       2   1             3                         4 3   | 
2                                   1           3       1   2 2   | 
1   3       1   3 5               4             5 4     4   4 2   | 
2 3 4           1 | 2 2       4 1 2         1     3 2   3 1 |     | 
        2 3 2   3 5 2           1               3       2 1 |     | 
  2 4     2 2   2             5 - - - - - - - - - - - - - - 5 2   | 
  1 2   2 2   3                                                 4 5 
4     5         3                                               2 3 
1 1   4     4 4 4             2               2   2               2 
