34 34
2 0 0 0 0 0 0 0 0 0 0 0 0 0 0 0 0 0 0 0 0 0 0 2 0 0 3 0 0 0 0 4 3 1 
0 1 0 2 2 0 0 3 0 0 0 0 0 0 3 3 0 0 0 2 1 3 0 3 3 2 0 2 3 1 0 0 0 1 
0 2 1 0 1 0 0 2 1 0 0 0 0 0 0 2 2 3 2 0 1 3 1 0 4 0 0 1 0 3 0 6 3 3 
0 3 0 5 0 0 0 0 0 0 0 0 0 0 4 0 1 2 0 4 0 0 0 5 3 0 0 1 0 0 0 0 3 3 
0 3 1 0 3 0 3 0 0 0 0 2 0 0 0 3 0 6 2 0 1 2 0 0 2 0 0 2 0 0 0 0 3 0 
0 4 2 0 0 0 0 0 1 0 0 2 1 0 0 4 2 4 0 3 0 3 1 0 0 0 0 0 0 3 0 0 0 0 
0 0 0 0 0 0 0 0 0 0 0 0 0 0 0 3 0 3 0 0 0 0 0 4 3 2 0 0 0 0 0 3 0 0 
5 7 3 0 2 0 0 3 4 0 0 0 0 0 5 0 0 0 4 0 1 0 0 0 2 0 0 0 0 1 0 0 0 0 
0 0 2 0 1 0 0 3 3 1 0 0 0 0 2 1 0 0 1 0 0 0 0 0 0 0 0 0 0 0 0 2 2 0 
0 2 0 0 3 0 4 0 0 0 0 0 0 0 0 0 0 0 0 0 0 0 0 4 5 3 0 0 0 0 0 1 0 0 
0 1 0 0 3 1 0 2 0 5 0 0 0 4 0 0 0 4 0 0 0 3 1 0 0 0 0 0 0 0 0 0 0 0 
5 3 2 0 0 0 0 2 1 0 1 1 1 0 0 0 0 0 0 0 0 0 0 0 1 0 0 4 4 0 0 0 4 0 
5 4 1 0 0 0 0 0 2 0 4 5 3 0 0 0 0 0 0 1 0 0 0 0 1 0 0 0 0 1 0 2 0 0 
3 0 0 0 2 0 2 0 3 0 0 2 1 0 0 0 0 0 0 0 0 0 0 0 0 0 0 0 0 1 0 0 0 0 
2 5 1 0 3 0 2 0 0 0 0 3 2 0 0 0 0 4 0 5 0 1 0 0 2 1 0 0 0 2 0 4 0 0 
2 2 0 0 4 2 0 0 0 0 0 0 1 0 0 0 0 1 0 1 0 0 0 0 0 1 0 0 0 3 2 0 0 0 
3 0 0 5 0 0 5 5 4 5 3 4 0 4 0 0 0 0 0 0 0 0 0 4 4 3 0 0 0 0 0 0 0 0 
0 1 0 0 2 0 1 1 1 3 2 3 1 0 2 4 1 0 2 0 0 5 3 0 3 3 0 2 0 0 0 0 0 0 
0 0 0 0 3 0 2 0 0 0 0 0 0 4 0 4 0 0 0 0 4 5 4 0 0 0 0 2 5 2 0 0 0 0 
0 0 0 0 2 0 4 0 0 0 0 0 0 6 0 0 5 0 3 1 2 2 1 0 3 2 0 3 6 3 0 0 0 0 
0 0 0 0 3 2 2 1 1 0 0 0 0 3 0 0 4 1 2 1 1 2 1 0 2 1 0 0 0 1 0 0 0 0 
0 4 0 5 0 0 0 0 0 0 0 0 0 0 0 0 0 0 0 0 0 0 0 5 0 0 4 0 0 0 0 4 0 0 
0 5 1 0 1 1 2 0 0 0 0 0 0 3 0 0 0 5 0 4 0 0 0 0 4 4 4 0 4 2 3 3 0 0 
0 5 2 0 3 0 0 0 0 0 0 0 0 5 0 4 2 0 0 2 0 0 0 0 0 1 3 2 1 1 4 2 0 0 
0 0 1 0 3 3 2 3 0 0 0 0 0 6 0 0 0 5 0 0 0 0 0 5 5 0 0 0 0 0 0 0 5 3 
0 3 3 0 0 0 0 0 0 0 0 0 0 0 3 4 1 0 1 0 2 3 2 0 0 1 0 4 0 3 0 0 0 0 
0 0 0 0 0 0 0 0 0 0 0 0 0 0 0 4 0 6 4 1 0 3 4 0 0 0 0 0 2 2 0 0 0 0 
3 6 2 0 0 1 2 0 0 0 0 0 0 0 0 2 2 0 0 0 0 2 4 0 0 0 0 0 4 0 1 0 0 0 
2 4 1 0 0 0 1 0 0 0 0 0 0 0 5 3 0 0 0 0 0 0 2 0 0 1 0 3 0 0 0 0 0 0 
1 3 2 0 2 0 0 3 0 0 1 0 0 0 1 4 3 0 0 0 0 0 1 0 0 0 0 0 0 0 0 0 0 1 
2 4 0 0 3 1 1 0 0 0 0 0 0 6 0 3 3 5 1 0 0 0 0 0 0 0 0 0 0 0 0 0 0 1 
0 2 2 0 2 0 0 0 0 1 0 0 0 4 3 0 2 3 3 0 4 4 2 0 4 0 0 4 3 1 0 0 4 2 
4 0 0 4 0 0 0 0 0 0 0 0 0 0 0 0 0 3 4 2 0 2 0 5 4 2 1 1 2 0 4 3 6 3 
3 1 1 3 0 3 0 0 0 0 0 2 0 0 2 0 0 5 0 0 4 2 1 2 0 0 0 0 0 0 2 3 5 2 
400 33
7 0 7 1
7 0 0 0
7 0 11 0
12 0 12 1
12 0 11 0
12 0 13 0
14 19 14 17
14 19 14 21
14 19 12 19
14 19 15 19
14 19 14 17
17 21 17 18
17 21 17 22
17 21 18 21
22 1 22 2
22 1 21 1
22 1 23 1
33 0 33 1
33 0 32 0
33 0 32 0
33 17 33 14
33 17 33 20
33 17 32 17
33 32 33 31
33 32 33 33
33 32 32 32
22 1 21 1
22 1 23 1
32 0 32 3
32 0 30 0
33 2 33 3
21 1 21 3
21 1 17 1

3771

2                                             2     3         4 3 1 
| 1   2 2     3             3 3       2 1 3   3 3 2   2 3 1       1 
| 2 1   1     2 1             2 2 3 2   1 3 1   4     1   3   6 3 3 
| 3   5                     4   1 2   4       5 3     1         3 3 
| 3 1   3   3         2       3   6 2   1 2     2     2         3   
| 4 2           1     2 1     4 2 4   3   3 1             3         
|                             3   3           4 3 2           3     
5 7 3   2     3 4           5       4   1       2         1         
|   2   1     3 3 1         2 1     1                         2 2   
| 2     3   4                                 4 5 3           1     
| 1     3 1   2   5       4       4       3 1                       
5 3 2         2 1   1 1 1                       1     4 4       4   
5 4 1           2   4 5 3             1         1         1   2     
3       2   2   3     2 1             |                   1         
2 5 1   3   2         3 2         4 = 5 - 1     2 1       2   4     
2 2     4 2             1         1   1           1       3 2       
3     5     5 5 4 5 3 4   4                   4 4 3                 
  1     2   1 1 1 3 2 3 1   2 4 1   2 - - 5 3   3 3   2             
  |     3   2             4   4         4 5 4         2 5 2         
  |     2   4             6     5   3 1 2 2 1   3 2   3 6 3         
  |     3 2 2 1 1         3     4 1 2 1 1 2 1   2 1       1         
  4 - 5                                       5     4         4     
  5 1   1 1 2             3       5   4         4 4 4   4 2 3 3     
  5 2   3                 5   4 2     2           1 3 2 1 1 4 2     
    1   3 3 2 3           6       5           5 5               5 3 
  3 3                       3 4 1   1   2 3 2     1   4   3         
                              4   6 4 1   3 4           2 2         
3 6 2     1 2                 2 2         2 4           4   1       
2 4 1       1               5 3             2     1   3             
1 3 2   2     3     1       1 4 3           1                     1 
2 4     3 1 1             6   3 3 5 1                             1 
| 2 2   2         1       4 3   2 3 3   4 4 2   4     4 3 1     4 2 
4 - - 4                           3 4 2   2   5 4 2 1 1 2   4 3 6 3 
3 1 1 3   3           2     2 - - 5 - - 4 2 1 2             2 3 5 2 
