34 34
2 4 4 0 0 3 0 0 0 0 0 2 4 3 2 0 0 0 3 0 0 0 0 0 2 5 0 4 2 2 2 0 3 2 
0 1 2 2 1 0 2 0 3 3 2 4 4 0 3 3 0 0 0 0 0 0 0 0 0 2 0 0 0 0 1 0 0 1 
4 0 0 0 0 5 4 2 4 3 0 0 2 0 2 5 0 0 5 0 0 0 0 0 0 0 0 6 5 0 3 0 5 2 
0 0 1 0 0 2 3 0 0 0 0 4 2 0 3 4 2 0 0 0 0 0 0 0 0 2 0 0 2 0 0 0 0 0 
0 0 0 0 0 0 0 0 1 0 0 4 1 0 4 5 6 2 0 0 0 0 0 0 0 5 0 4 2 0 0 0 0 0 
0 0 0 0 0 0 2 0 0 0 2 2 0 0 1 0 0 1 0 0 0 0 0 0 0 0 2 0 0 0 0 0 0 0 
0 3 0 0 0 0 0 0 1 0 0 0 0 0 1 2 0 0 0 0 2 0 4 0 0 4 0 1 0 0 0 0 0 0 
0 0 0 0 0 0 0 0 0 0 0 0 0 0 1 2 0 0 0 1 0 0 2 1 2 3 0 0 0 0 0 0 0 0 
0 6 0 0 0 0 0 0 0 0 0 0 0 6 0 4 0 0 0 0 1 0 0 0 2 0 6 0 0 5 0 0 5 3 
0 0 4 3 0 0 0 0 0 0 0 4 3 0 1 2 3 4 0 4 0 0 0 0 0 0 4 3 1 0 2 3 3 2 
0 0 5 0 0 0 0 0 0 0 2 0 0 0 0 2 1 2 0 3 1 1 0 0 0 0 2 3 2 0 1 0 2 0 
0 0 0 0 0 0 0 2 0 0 2 0 0 0 3 0 0 0 4 0 0 0 0 0 0 0 0 0 0 5 0 3 7 3 
2 0 0 0 1 0 0 1 0 0 0 0 0 0 4 5 4 2 0 2 0 3 1 0 0 0 0 1 2 0 2 3 4 1 
0 0 0 0 0 0 0 0 0 0 5 4 2 0 0 0 2 0 0 3 0 5 0 0 0 0 3 3 0 0 2 0 0 0 
0 0 0 0 0 0 0 0 0 0 0 0 0 0 0 2 4 4 0 0 2 0 0 0 0 0 1 1 0 0 0 0 0 0 
0 0 4 0 5 0 0 0 0 0 6 2 1 0 0 1 0 0 0 0 5 7 0 4 1 2 0 0 4 0 0 0 3 3 
0 0 0 1 0 0 0 0 0 0 3 1 0 0 4 0 6 3 0 0 1 0 0 4 0 3 1 0 0 0 0 0 0 0 
0 0 4 5 0 0 0 0 0 0 0 0 0 0 0 2 0 0 0 2 0 4 0 7 0 0 0 0 4 0 3 4 5 3 
0 0 2 3 0 0 0 0 0 0 1 0 0 0 4 4 0 0 0 0 0 3 1 0 1 0 4 2 0 0 0 0 0 1 
0 4 4 2 0 0 0 0 0 0 0 0 0 0 4 3 3 0 0 3 0 5 0 5 0 0 4 3 0 3 0 1 0 0 
0 2 2 2 0 0 0 0 0 0 0 0 0 0 3 4 2 0 0 1 0 3 1 3 0 0 3 2 0 2 0 0 3 3 
0 1 1 1 0 0 0 0 0 0 0 0 0 0 0 1 0 0 0 0 0 0 0 2 0 0 2 0 0 1 0 1 4 1 
3 0 0 0 5 0 0 0 0 0 0 0 0 5 0 0 0 0 5 0 0 0 0 0 0 0 0 0 6 0 4 3 4 3 
0 2 0 0 0 1 0 4 0 0 2 1 0 0 1 3 4 2 0 0 1 0 0 3 4 3 2 1 0 2 0 0 1 5 
0 0 0 0 0 0 0 0 2 0 0 0 0 5 0 5 4 2 0 0 0 0 0 0 1 0 0 0 0 0 0 3 1 0 
0 0 0 0 0 0 0 0 3 2 0 2 0 0 1 0 0 0 0 0 0 0 0 0 0 0 0 2 4 4 0 2 1 0 
0 5 0 0 6 0 0 5 3 0 0 2 0 0 2 3 3 0 5 0 0 0 0 5 0 7 3 2 3 0 0 2 0 0 
0 0 1 2 0 3 4 4 1 0 0 0 0 0 1 2 2 2 5 4 2 2 3 5 3 3 1 0 0 2 0 2 3 0 
2 0 0 0 0 3 0 0 0 0 0 0 0 5 0 5 0 0 3 4 3 0 1 3 3 0 0 0 0 3 0 0 0 0 
0 0 2 3 0 4 0 0 0 0 0 2 0 0 2 4 1 0 1 2 2 0 0 0 0 0 0 0 0 4 5 0 4 4 
0 0 1 0 0 2 0 0 0 0 0 0 0 4 0 0 0 0 0 0 0 4 0 0 0 0 0 0 5 2 4 2 0 1 
0 4 3 5 5 0 0 0 0 0 1 1 0 3 0 0 0 0 0 2 1 0 2 0 2 1 0 0 0 0 2 1 0 1 
2 2 0 0 0 0 0 0 0 0 0 0 0 0 0 0 0 0 0 0 2 2 3 2 0 0 0 0 3 3 2 0 3 3 
2 0 0 0 1 0 0 0 0 0 0 0 0 0 0 0 0 0 0 0 2 0 2 2 1 1 0 0 4 0 0 0 3 1 
400 91
0 25 0 24
0 25 0 27
0 25 1 25
8 1 8 13
8 1 6 1
8 1 19 1
8 1 8 13
8 1 6 1
8 1 19 1
8 13 8 15
8 13 0 13
8 13 22 13
8 13 8 15
9 2 9 3
9 2 10 2
9 2 9 3
9 2 10 2
11 32 11 31
11 32 11 33
11 32 10 32
11 32 12 32
13 10 13 11
13 10 11 10
13 10 15 10
15 21 15 20
15 21 15 23
15 21 13 21
15 21 17 21
17 3 17 2
17 3 16 3
17 3 18 3
17 23 17 21
17 23 17 28
17 23 16 23
17 23 19 23
19 1 19 2
19 1 20 1
23 33 23 32
23 33 22 33
23 33 29 33
26 1 26 4
26 1 23 1
26 1 31 1
26 25 26 23
26 25 26 26
26 25 23 25
26 25 27 25
27 6 27 5
27 6 27 7
27 6 27 5
27 6 27 7
27 7 27 8
27 7 26 7
31 3 31 2
31 3 31 4
31 3 29 3
9 3 9 11
9 11 9 12
9 11 13 11
9 11 9 12
9 12 13 12
11 7 11 10
11 7 12 7
12 4 15 4
13 10 13 11
13 10 15 10
13 11 13 12
15 10 15 4
15 10 15 11
15 10 16 10
15 10 15 4
15 12 15 11
16 10 16 11
16 10 18 10
23 33 22 33
23 33 29 33
29 33 29 32
29 33 30 33
10 10 10 2
10 10 10 2
10 2 15 2
15 2 15 4
15 2 17 2
15 2 15 4
17 2 17 3
17 2 18 2
17 3 18 3
22 4 22 0
22 4 22 13
22 4 26 4
23 1 26 1

4492

2 4 4     3           2 4 3 2       3           2 5 - 4 2 2 2   3 2 
  1 2 2 1   2   3 3 2 4 4 | 3 3                   2         1     1 
4         5 4 2 4 3     2 | 2 5     5                 6 5   3   5 2 
    1     2 3         4 2 | 3 4 2                 2     2           
                1     4 1 | 4 5 6 2               5   4 2           
            2       2 2   | 1     1                 2               
  3             1         | 1 2         2   4     4   1             
  ǁ                       | 1 2       1     2 1 2 3                 
  6 = = = = = = = = = = = 6 = 4         1       2   6     5     5 3 
  ǁ 4 3 - - - - - - - 4 3 | 1 2 3 4   4             4 3 1   2 3 3 2 
  ǁ 5 = = = = = = = 2 | | |   2 1 2   3 1 1         2 3 2   1   2   
  ǁ |         2 - - 2 | | | 3       4                     5   3 7 3 
2 ǁ |   1     1     | | | | 4 5 4 2   2   3 1         1 2   2 3 4 1 
  ǁ |   |           5 4 2 |     2     3   5         3 3     2       
  ǁ |   |           ǁ     |   2 4 4     2 |         1 1             
  ǁ 4 = 5 = = = = = 6 2 1 |   1         5 7 - 4 1 2     4       3 3 
  ǁ | 1             3 1   | 4   6 3     1 |   4   3 1               
  ǁ 4 5             |     |   2       2   4 - 7 - - - - 4   3 4 5 3 
  ǁ 2 3             1     | 4 4           3 1 | 1   4 2           1 
  4 4 2                   | 4 3 3     3   5   5     4 3   3   1     
  2 2 2                   | 3 4 2     1   3 1 3     3 2   2     3 3 
  1 1 1                   |   1               2     2     1   1 4 1 
3 - - - 5 - - - - - - - - 5         5                   6   4 3 4 3 
  2     | 1   4     2 1     1 3 4 2     1     3 4 3 2 1   2     1 5 
  ǁ     |       2         5   5 4 2             1 |           3 1 ǁ 
  ǁ     |       3 2   2     1                     |   2 4 4   2 1 ǁ 
  5 - - 6     5 3     2     2 3 3   5         5 - 7 3 2 3     2   ǁ 
  | 1 2   3 4 4 1           1 2 2 2 5 4 2 2 3 5 3 3 1     2   2 3 ǁ 
2 |       3               5   5     3 4 3   1 3 3         3       ǁ 
  | 2 3   4           2     2 4 1   1 2 2                 4 5   4 4 
  | 1 |   2               4               4             5 2 4 2   1 
  4 3 5 5           1 1   3           2 1   2   2 1         2 1   1 
2 2                                     2 2 3 2         3 3 2   3 3 
2       1                               2   2 2 1 1     4       3 1 
