34 34
2 0 4 0 0 0 0 0 0 0 0 0 0 0 0 0 0 0 0 0 0 6 0 0 0 0 0 0 0 0 0 5 4 2 
0 1 0 3 0 4 0 0 0 3 0 0 2 1 4 0 0 0 3 1 2 0 2 2 3 3 2 1 0 3 1 0 0 0 
0 0 0 0 2 5 0 1 0 0 2 2 4 2 3 1 4 0 5 0 4 0 4 0 5 4 0 0 0 3 2 0 0 2 
3 3 0 0 0 0 0 0 0 0 0 1 0 3 4 1 5 3 3 2 0 0 0 1 0 0 1 3 0 3 0 0 0 2 
3 3 0 0 0 0 0 0 0 0 4 0 4 2 0 0 3 4 3 0 0 0 0 2 0 3 0 0 0 5 3 0 5 2 
0 0 0 0 0 0 0 0 0 0 4 1 0 0 0 0 3 3 2 0 0 0 0 0 0 4 0 6 0 6 1 0 0 0 
0 1 0 0 1 0 0 0 0 0 6 0 5 0 4 0 0 0 0 3 0 0 0 0 0 2 1 3 1 4 0 4 0 0 
2 0 0 3 0 0 0 0 0 0 3 2 3 1 2 0 0 1 0 0 0 0 0 0 0 3 0 0 0 7 3 0 0 2 
0 0 0 2 1 4 0 0 0 4 0 0 0 0 2 0 0 0 0 4 0 0 0 0 0 0 2 5 2 0 0 0 0 0 
1 0 0 2 0 0 3 0 0 5 0 0 0 3 0 2 0 0 0 0 0 0 0 0 0 0 1 0 2 0 0 0 0 0 
0 0 0 3 2 2 2 1 0 4 0 1 1 3 0 4 0 1 0 0 0 0 0 2 0 0 0 0 0 0 0 0 0 0 
0 0 0 2 0 0 0 0 0 3 0 0 0 1 0 0 0 0 0 0 0 0 0 0 0 0 2 6 3 0 0 0 4 4 
3 0 6 0 0 0 0 0 0 0 0 0 0 0 0 0 0 0 0 7 5 0 0 0 0 0 0 0 1 0 0 0 3 3 
0 1 0 2 0 0 5 0 4 0 3 0 0 0 0 0 0 0 0 2 0 0 4 3 0 0 0 0 0 0 0 0 1 0 
4 3 0 0 0 0 4 2 2 0 0 2 2 1 2 0 3 0 0 0 4 0 0 1 0 0 1 0 0 0 0 0 1 0 
3 0 0 1 2 0 0 0 0 0 4 4 0 2 4 1 0 2 0 2 0 0 4 4 0 3 2 0 0 0 2 0 0 0 
4 0 0 0 0 0 0 0 0 0 1 2 0 0 4 1 3 2 0 0 2 0 4 3 0 4 3 0 0 0 2 0 0 0 
4 3 4 0 0 0 0 0 0 0 0 0 5 3 5 0 2 0 0 0 1 0 2 1 0 3 2 0 0 0 2 0 2 0 
2 1 3 2 2 2 2 1 0 0 2 0 4 0 0 0 0 0 0 5 0 6 0 0 5 0 0 4 3 0 0 0 0 0 
2 2 4 3 0 2 3 0 0 0 0 3 0 0 0 0 0 0 0 6 3 0 4 0 5 0 0 3 3 0 2 0 0 0 
3 4 5 3 0 2 0 0 0 1 0 2 2 2 0 0 0 0 0 3 1 0 3 0 3 0 2 4 3 0 0 1 0 0 
3 0 0 0 5 0 0 0 0 0 0 0 0 0 0 0 0 0 0 0 0 5 0 0 0 0 0 0 0 5 4 1 0 0 
0 1 2 1 0 3 0 0 3 0 0 0 0 0 0 0 3 0 3 1 0 0 0 1 0 0 0 0 0 0 3 0 5 3 
4 0 5 2 0 4 2 1 4 2 0 0 0 0 0 0 0 2 5 3 0 0 0 0 1 4 2 0 0 0 0 1 0 0 
5 1 4 0 3 0 0 3 3 3 0 0 0 0 0 0 5 0 0 3 1 0 2 4 1 0 0 0 0 0 3 2 0 0 
4 0 4 0 3 3 3 2 0 3 2 0 0 0 0 0 0 0 0 0 0 0 2 0 0 2 0 0 0 0 3 1 0 0 
2 0 0 0 6 3 0 1 0 3 3 0 0 0 0 0 0 0 0 0 0 0 0 0 0 0 0 0 0 0 2 1 0 2 
0 2 2 0 0 2 2 0 4 3 0 0 0 0 0 0 0 0 0 0 0 0 0 0 0 0 1 0 0 2 0 0 0 3 
0 0 0 1 0 3 0 0 3 2 0 0 0 0 0 0 0 0 0 0 0 0 0 0 1 6 0 0 0 3 0 0 0 3 
0 0 0 0 0 0 0 0 0 0 0 0 0 0 0 0 0 0 0 0 0 0 0 0 0 0 2 0 3 0 4 4 0 0 
2 0 2 0 0 2 0 0 5 2 0 0 0 0 0 0 0 0 0 0 0 0 3 5 0 7 0 3 0 0 3 0 0 0 
2 0 2 2 0 0 0 0 2 0 0 0 0 0 0 0 0 0 0 0 0 0 1 2 1 3 0 4 2 0 2 0 0 0 
2 3 0 0 5 0 0 0 0 0 4 0 0 0 0 0 5 0 0 0 0 4 0 0 0 0 0 0 0 4 0 4 5 3 
0 1 0 0 3 2 2 3 0 0 4 3 0 0 3 1 2 0 0 3 2 2 0 1 0 0 1 0 0 3 1 1 3 3 
400 66
0 21 0 2
0 21 0 31
0 21 18 21
0 21 0 2
0 21 0 31
0 21 18 21
7 29 7 25
7 29 7 30
7 29 6 29
7 29 21 29
8 27 8 26
8 27 8 28
8 27 11 27
12 19 12 2
12 19 12 20
12 19 8 19
12 19 13 19
13 6 13 3
13 6 13 8
13 6 14 6
18 21 18 19
18 21 18 24
18 21 21 21
18 21 18 19
19 22 19 24
19 22 20 22
19 22 19 24
19 22 20 22
23 18 23 17
23 18 23 19
23 18 22 18
24 0 24 1
24 0 23 0
24 0 25 0
30 25 30 23
30 25 30 27
30 25 28 25
30 25 31 25
0 2 0 0
0 2 12 2
1 1 3 1
12 2 12 0
12 2 12 19
12 2 17 2
12 2 12 0
13 1 14 1
16 0 15 0
16 0 17 0
16 0 15 0
16 0 17 0
17 0 17 1
17 0 18 0
24 0 23 0
24 0 25 0
25 0 25 2
25 0 26 0
0 0 3 0
6 1 4 1
15 0 14 0
23 0 23 2
23 0 21 0
14 0 14 1
14 0 12 0
14 0 14 1
9 0 7 0
7 0 4 0

4745

2 - 4 = = = = = = = = = = = = = = = = = = 6 = = = = = = = = = 5 4 2 
| 1 | 3   4       3     2 1 4       3 1 2 ǁ 2 2 3 3 2 1   3 1       
| | |   2 5   1     2 2 4 2 3 1 4   5   4 ǁ 4   5 4       3 2     2 
3 3 |                 1   3 4 1 5 3 3 2   ǁ   1     1 3   3       2 
3 3 |               4   4 2     3 4 3     ǁ   2   3       5 3   5 2 
| | |               4 1         3 3 2     ǁ       4   6   6 1       
| 1 |   1           6   5   4         3   ǁ       2 1 3 1 4   4     
2   | 3             3 2 3 1 2     1       ǁ       3 - - - 7 3     2 
|   | 2 1 4       4         2         4   ǁ         2 5 2 |         
1   | 2     3     5       3   2       |   ǁ         1 | 2 |         
    | 3 2 2 2 1   4   1 1 3   4   1   |   ǁ   2       |   |         
    | 2           3       1           |   ǁ         2 6 3 |     4 4 
3 = 6 = = = = = = = = = = = = = = = = 7 5 ǁ             1 |     3 3 
| 1 | 2 - - 5 - 4   3                 2   ǁ 4 3           |     1   
4 3 |       4 2 2     2 2 1 2   3       4 ǁ   1     1     |     1   
3   | 1 2           4 4   2 4 1   2   2   ǁ 4 4   3 2     | 2       
4   |               1 2     4 1 3 2     2 ǁ 4 3   4 3     | 2       
4 3 4                   5 3 5   2       1 ǁ 2 1   3 2     | 2   2   
2 1 3 2 2 2 2 1     2   4             5 = 6 - - 5     4 3 |         
2 2 4 3   2 3         3               6 3 | 4 = 5     3 3 | 2       
3 4 5 3   2       1   2 2 2           3 1 | 3   3   2 4 3 |   1     
3       5                                 5               5 4 1     
| 1 2 1   3     3               3   3 1       1             3   5 3 
4 - 5 2   4 2 1 4 2               2 5 3         1 4 2         1     
5 1 4   3     3 3 3             5     3 1   2 4 1           3 2     
4 - 4   3 3 3 2   3 2                       2     2         3 1     
2       6 3   1   3 3                                       2 1   2 
  2 2     2 2   4 3                                 1     2       3 
      1   3     3 2                             1 6       3       3 
                                                  | 2   3   4 4     
2   2     2     5 2                         3 5 - 7 - 3     3       
2   2 2         2                           1 2 1 3   4 2   2       
2 3     5           4           5         4               4   4 5 3 
  1     3 2 2 3     4 3     3 1 2     3 2 2   1     1     3 1 1 3 3 
