34 34
1 1 0 0 0 0 0 3 1 2 0 0 3 0 0 0 0 0 0 0 0 0 0 0 0 0 0 0 0 0 0 0 3 2 
0 2 3 0 3 0 0 0 1 3 3 3 4 0 0 0 0 0 0 0 0 0 0 3 0 0 0 0 1 0 0 0 0 1 
3 0 0 0 6 0 0 4 0 0 0 0 0 0 0 0 0 0 0 0 0 0 0 0 0 0 0 0 0 0 0 0 6 4 
1 3 0 0 6 3 0 0 3 0 0 0 0 2 0 0 1 0 0 2 0 0 0 0 0 0 0 0 0 0 4 3 0 3 
1 3 2 0 0 2 1 0 0 0 0 0 0 0 1 0 0 0 0 0 0 0 0 0 2 0 2 2 3 0 0 2 0 2 
2 2 2 1 0 0 0 4 5 0 0 0 0 0 0 0 0 0 0 0 0 0 0 0 0 0 4 1 6 3 0 2 0 2 
3 3 0 0 6 0 0 4 0 0 0 3 0 0 0 2 0 0 1 0 0 0 0 0 0 0 5 1 0 2 0 0 0 0 
3 2 1 0 0 1 1 3 0 2 0 4 0 0 0 0 0 0 0 0 0 0 0 0 0 0 5 4 0 3 5 3 0 0 
2 2 0 0 3 6 2 1 0 1 0 1 0 0 0 0 0 0 0 0 0 0 0 0 0 0 2 3 0 0 0 0 0 0 
0 2 0 0 2 3 0 0 5 0 0 0 0 0 0 0 0 0 0 0 0 0 0 0 0 0 0 0 5 3 0 3 0 0 
3 2 0 0 5 0 3 1 0 1 3 0 0 0 0 0 0 4 0 0 3 0 0 0 0 2 1 2 0 0 0 3 0 0 
0 3 4 1 0 0 0 0 0 0 0 3 3 0 0 0 0 5 3 0 4 4 4 3 0 6 2 0 0 2 0 0 0 0 
0 1 4 1 0 0 1 0 0 0 0 1 1 2 0 0 0 3 0 0 3 0 2 1 0 4 3 2 0 1 0 0 0 0 
0 2 3 0 0 0 0 0 0 3 6 0 0 0 0 0 0 0 0 0 0 0 0 0 0 0 0 0 4 0 5 3 0 0 
5 0 0 0 6 0 0 0 5 2 0 3 0 3 1 1 0 0 0 0 4 0 0 0 0 1 0 0 0 1 0 1 0 0 
3 0 3 2 0 2 1 1 0 0 0 4 1 0 2 0 3 2 2 1 0 0 0 0 0 0 0 0 0 2 0 2 0 0 
3 1 3 3 0 4 3 2 0 0 0 0 1 0 2 2 3 3 1 0 0 0 0 0 0 0 0 0 0 0 0 0 0 0 
0 0 2 2 0 0 3 1 0 0 0 0 0 0 1 0 0 3 1 0 0 0 0 0 0 0 0 0 0 4 4 5 0 0 
3 0 0 0 5 5 4 3 5 4 0 3 2 0 4 4 0 1 0 0 0 0 0 0 0 0 0 0 0 5 4 2 0 0 
3 0 2 0 4 3 0 0 4 4 0 2 0 0 1 1 0 0 0 0 0 0 0 0 0 0 0 0 0 2 3 1 0 0 
1 0 1 0 2 0 1 0 4 2 0 5 0 6 0 0 6 0 0 0 6 0 0 0 0 0 0 0 4 0 0 0 6 4 
0 1 0 0 3 0 0 0 4 2 0 3 1 2 2 2 2 1 1 1 0 2 0 3 0 0 0 0 6 4 3 3 0 2 
3 0 0 0 0 0 0 0 0 0 4 0 0 0 0 4 0 0 4 3 0 5 0 4 0 0 3 1 0 2 0 3 0 2 
3 0 0 0 0 0 1 1 0 0 4 0 0 4 3 0 2 3 0 2 0 3 3 4 0 2 3 0 5 0 2 0 0 0 
3 0 0 0 0 0 0 0 0 2 3 2 0 3 3 4 4 5 2 2 0 0 2 3 2 0 4 3 4 2 1 0 0 0 
0 0 0 0 0 0 0 0 0 2 3 2 0 0 2 2 3 3 1 2 0 1 3 2 1 0 2 0 2 3 2 0 0 0 
3 0 0 0 0 0 0 0 0 0 0 0 0 0 0 0 0 0 0 0 4 0 0 0 0 4 0 3 0 0 0 0 0 0 
0 2 4 2 4 0 0 0 0 4 0 0 5 0 0 0 0 0 0 0 5 0 0 0 0 0 0 0 5 5 3 0 0 0 
3 0 3 3 3 0 0 2 0 4 2 3 4 0 0 1 0 0 0 0 0 0 0 0 0 0 0 0 0 2 4 5 0 0 
2 2 0 2 3 0 0 0 0 0 0 5 0 0 0 0 0 0 0 0 5 0 0 0 0 0 2 0 0 2 2 2 1 0 
3 4 0 0 0 0 0 4 0 0 0 0 0 0 0 0 0 0 0 0 0 0 0 0 0 0 0 0 4 0 0 2 1 0 
4 3 0 3 0 2 0 0 2 1 2 0 0 0 0 0 0 0 0 0 0 5 0 0 0 0 0 0 5 0 0 0 4 2 
5 0 0 0 0 0 0 6 4 0 0 0 0 0 0 0 0 0 0 0 0 4 1 0 0 0 0 0 6 4 1 2 5 3 
4 0 0 0 2 1 0 3 0 0 0 0 0 2 0 0 0 0 0 0 3 5 0 0 0 0 0 0 3 1 0 1 1 1 
400 22
14 0 14 4
14 0 10 0
14 0 15 0
17 31 17 30
17 31 15 31
17 31 18 31
28 31 28 30
28 31 22 31
28 31 29 31
29 11 29 4
29 11 29 20
29 11 28 11
32 0 32 7
32 0 31 0
32 0 33 0
33 0 33 4
33 0 32 0
33 0 33 4
33 5 33 7
33 21 33 20
33 21 33 28
33 21 32 21

2738

1 1           3 1 2     3                                       3 2 
  2 3   3       1 3 3 3 4                     3         1         1 
3       6     4                                                 6 4 
1 3     6 3     3         2     1     2                     4 3   3 
1 3 2     2 1               1                   2   2 2 3     2   2 
2 2 2 1       4 5                                   4 1 6 3   2   2 
3 3     6     4       3       2     1               5 1   2         
3 2 1     1 1 3   2   4                             5 4   3 5 3     
2 2     3 6 2 1   1   1                             2 3             
  2     2 3     5                                       5 3   3     
3 2     5   3 1   1 3             4     3         2 1 2       3     
| 3 4 1               3 3         5 3   4 4 4 3   6 2     2         
| 1 4 1     1         1 1 2       3     3   2 1   4 3 2   1         
| 2 3             3 6                                   4   5 3     
5 - - - 6       5 2   3   3 1 1         4         1       1   1     
3   3 2   2 1 1       4 1   2   3 2 2 1                   2   2     
3 1 3 3   4 3 2         1   2 2 3 3 1                         |     
    2 2     3 1             1     3 1                     4 4 5     
3       5 5 4 3 5 4   3 2   4 4   1                       5 4 2     
3   2   4 3     4 4   2     1 1                           2 3 1     
1   1   2   1   4 2   5   6     6       6               4       6 4 
  1     3       4 2   3 1 2 2 2 2 1 1 1   2   3         6 4 3 3   2 
3                   4         4     4 3   5   4     3 1   2   3   2 
3           1 1     4     4 3   2 3   2   3 3 4   2 3   5   2 |     
3                 2 3 2   3 3 4 4 5 2 2     2 3 2   4 3 4 2 1 |     
                  2 3 2     2 2 3 3 1 2   1 3 2 1   2   2 3 2 |     
3                                       4         4   3       |     
  2 4 2 4         4     5               5               5 5 3 |     
3   3 3 3     2   4 2 3 4     1                           2 4 5     
2 2   2 3 - - - - - - 5 - - - - - - - - 5           2     2 2 2 1   
3 4           4                                         4     2 1   
4 3   3   2     2 1 2                     5             5       4 2 
5 - - - - - - 6 4                         4 1           6 4 1 2 5 3 
4 = = = 2 1 - 3           2             3 5 - - - - - - 3 1   1 1 1 
