34 34
2 1 1 0 0 0 3 1 1 0 0 2 0 0 0 4 5 3 2 0 1 0 0 0 2 0 0 1 0 2 0 0 2 1 
4 0 3 0 0 0 4 0 0 0 0 0 0 0 0 4 3 4 8 0 0 0 0 0 5 0 0 0 0 0 0 0 6 3 
4 2 2 0 3 2 0 1 0 3 0 1 2 0 0 4 0 0 4 2 4 3 2 1 3 1 1 3 2 3 0 2 0 1 
0 2 2 1 2 0 0 2 0 3 0 0 0 0 0 0 0 0 4 0 4 4 4 4 4 0 0 3 1 1 0 0 0 0 
4 0 4 0 4 3 0 3 0 0 2 0 0 3 5 0 4 1 0 1 5 3 0 4 5 0 0 0 0 0 0 3 0 0 
0 1 0 0 0 0 0 3 2 1 0 0 0 2 0 2 4 1 0 0 0 0 0 1 2 0 3 3 1 0 0 0 0 0 
0 2 0 0 3 0 5 0 0 0 0 0 0 3 2 0 0 0 5 0 5 0 4 0 0 0 0 0 0 0 0 5 5 3 
0 0 0 0 0 1 5 0 0 0 0 3 3 4 0 2 2 0 5 2 1 2 3 0 0 0 0 1 0 0 0 0 3 2 
0 0 0 0 0 2 4 0 0 0 0 0 0 0 0 0 0 2 4 5 3 4 0 0 0 0 2 0 0 0 0 0 3 2 
0 0 0 3 4 0 0 0 0 0 0 0 0 0 0 0 0 0 0 0 0 0 0 0 0 0 0 0 0 0 0 5 4 3 
0 0 0 0 0 1 1 3 2 0 0 0 0 4 0 0 0 0 0 0 0 0 0 0 0 4 0 0 0 5 3 0 2 2 
0 0 0 2 0 2 0 3 2 5 3 0 0 0 0 0 0 0 1 0 0 0 0 0 0 4 0 1 0 0 2 0 4 4 
0 0 0 2 0 1 0 0 1 0 3 0 0 5 0 0 0 0 0 0 0 0 0 0 0 5 0 3 2 3 2 0 2 0 
0 0 0 0 0 4 0 6 5 6 2 2 1 0 1 0 0 0 0 0 0 0 0 0 0 0 0 0 0 2 0 0 0 0 
3 3 0 0 0 0 1 0 0 4 0 5 0 4 4 0 0 0 0 0 0 0 0 0 0 0 0 0 0 3 0 0 0 0 
0 2 0 0 0 0 0 0 0 0 0 4 2 0 1 0 0 0 0 0 0 0 0 0 0 0 0 0 0 0 0 0 0 3 
0 3 0 0 0 4 3 0 0 3 1 0 0 0 0 0 0 0 0 0 0 0 0 0 0 0 0 0 0 0 0 0 0 0 
1 0 0 1 0 3 1 0 0 2 0 3 1 0 0 0 0 0 0 0 0 0 0 0 0 0 0 0 0 0 0 0 0 0 
1 2 0 0 0 4 2 0 0 0 0 0 0 0 0 0 0 0 0 0 0 0 0 0 0 0 0 0 0 0 0 0 0 0 
0 0 0 0 0 1 0 0 0 3 0 0 0 6 0 0 0 0 0 0 0 0 0 0 0 0 0 0 0 0 0 5 4 5 
4 0 6 0 5 0 0 3 0 5 2 1 0 0 2 0 0 0 0 0 0 0 0 0 2 2 0 0 6 3 2 0 0 0 
0 2 0 2 5 0 4 2 0 6 0 5 3 0 1 0 0 0 0 0 0 0 0 0 0 3 0 0 5 2 3 0 0 0 
0 3 0 0 1 0 2 1 0 3 1 2 3 0 0 0 0 0 0 0 0 0 0 0 0 3 2 1 0 0 0 0 3 0 
0 0 0 2 0 0 0 0 4 0 0 0 0 4 0 0 0 0 0 0 0 0 0 0 4 0 0 4 4 2 2 2 0 0 
0 5 6 0 3 0 3 1 0 2 0 4 1 0 2 0 2 0 0 0 0 0 2 1 0 2 2 1 0 1 0 1 0 3 
0 0 0 2 4 1 0 2 0 3 4 4 2 0 1 3 0 0 0 0 0 4 5 3 0 4 4 0 4 3 0 1 0 0 
0 0 0 2 3 0 0 0 0 2 0 1 1 0 0 1 0 0 0 0 0 0 0 2 0 3 3 0 3 2 0 0 0 1 
0 3 0 0 0 3 5 3 0 3 5 0 0 4 0 0 0 0 0 0 0 4 4 2 0 0 2 2 4 2 0 0 0 1 
0 4 4 3 3 0 2 0 0 0 3 2 0 0 0 3 0 0 0 2 0 0 1 0 5 0 0 0 0 0 4 0 0 0 
0 2 2 0 1 0 0 0 0 3 0 3 0 0 0 0 0 0 2 0 0 4 2 0 5 0 4 0 1 0 1 0 4 3 
3 0 0 3 4 0 0 0 5 4 2 2 0 0 0 2 0 2 0 0 0 3 2 1 2 0 1 0 0 0 0 0 1 0 
4 0 4 4 4 0 2 0 0 0 0 0 0 4 0 0 0 0 0 0 0 0 0 0 0 0 0 0 0 0 0 3 1 0 
3 0 0 2 3 2 0 0 0 0 0 0 0 4 0 0 0 2 2 0 4 0 0 0 0 0 0 0 0 5 0 0 0 3 
2 0 3 0 3 1 0 1 0 0 0 0 0 4 2 2 0 4 3 1 3 3 0 0 1 1 0 0 0 4 0 3 1 0 
400 24
0 16 0 15
0 16 0 17
0 16 1 16
1 18 1 17
1 18 1 24
1 18 0 18
1 18 2 18
1 18 1 17
1 18 1 24
1 18 0 18
1 18 2 18
4 14 4 13
4 14 4 16
4 14 6 14
19 33 19 32
19 33 15 33
19 33 24 33
24 1 24 2
24 1 22 1
24 1 27 1
30 8 30 4
30 8 30 9
30 8 23 8
0 20 0 24

2986

2 1 1       3 1 1     2       4 5 3 2   1 - - - 2     1   2     2 1 
4   3       4                 4 3 4 8 = = = = = 5               6 3 
4 2 2   3 2   1   3   1 2     4     4 2 4 3 2 1 3 1 1 3 2 3   2   1 
  2 2 1 2     2   3                 4   4 4 4 4 4     3 1 1         
4   4   4 3   3     2     3 5 - 4 1   1 5 3   4 5             3     
  1           3 2 1       2 | 2 4 1           1 2   3 3 1           
  2     3   5             3 2       5   5   4                 5 5 3 
          1 5         3 3 4   2 2   5 2 1 2 3         1         3 2 
          2 4                     2 4 5 3 4         2           3 2 
      3 4                                                     5 4 3 
          1 1 3 2         4                       4       5 3   2 2 
      2   2   3 2 5 3               1             4   1     2   4 4 
      2   1     1   3     5                       5   3 2 3 2   2   
          4   6 5 6 2 2 1   1                             2         
3 3         1     4   5   4 4                             3         
  2                   4 2   1                                     3 
  3       4 3     3 1                                             | 
1     1   3 1     2   3 1                                         | 
1 2       4 2                                                     | 
          1       3       6                                   5 4 5 
4   6   5     3   5 2 1     2                   2 2     6 3 2     | 
  2   2 5   4 2   6   5 3   1                     3     5 2 3     | 
  3     1   2 1   3 1 2 3                         3 2 1         3 | 
  |   2         4         4                     4     4 4 2 2 2   | 
  5 6   3   3 1 | 2   4 1   2   2           2 1   2 2 1   1   1   3 
  |   2 4 1   2 | 3 4 4 2   1 3           4 5 3   4 4   4 3   1     
  |   2 3       | 2   1 1     1               2   3 3   3 2       1 
  3       3 5 3 | 3 5     4               4 4 2     2 2 4 2       1 
  4 4 3 3   2   |   3 2       3       2     1   5           4       
  2 2   1       | 3   3             2     4 2   5   4   1   1   4 3 
3     3 4 - - - 5 4 2 2       2   2       3 2 1 2   1           1   
4   4 4 4   2             4                                   3 1   
3     2 3 2               4       2 2   4                 5       3 
2   3   3 1   1           4 2 2   4 3 1 3 3     1 1       4   3 1   
