34 34
3 4 2 0 0 5 1 2 3 2 2 0 0 0 0 0 0 0 4 0 0 0 1 3 6 0 4 4 0 6 0 0 4 2 
1 0 3 3 2 0 4 2 0 4 4 1 3 0 1 1 3 0 0 2 0 0 0 3 4 2 0 3 1 0 1 0 5 2 
1 0 0 5 5 0 6 0 6 1 0 0 4 0 0 0 7 0 5 0 0 0 0 0 0 0 8 0 0 7 0 0 7 2 
0 0 0 0 0 0 6 2 0 1 7 7 2 3 2 2 0 3 6 0 0 0 0 6 6 2 0 2 4 4 1 2 0 2 
5 6 0 4 4 0 4 3 0 2 0 0 1 0 2 0 1 3 0 0 0 3 0 4 0 1 0 2 8 4 0 0 0 4 
4 0 0 4 2 0 0 1 0 0 0 0 0 0 0 0 0 2 0 0 0 2 1 0 6 3 0 2 0 1 0 0 0 0 
4 0 0 4 0 7 0 0 8 5 0 0 2 0 0 0 0 0 0 0 0 0 0 0 2 0 0 0 0 0 0 0 0 0 
4 5 0 1 2 0 2 4 2 0 0 0 0 0 5 7 0 0 6 0 0 0 0 0 0 0 7 8 8 3 0 0 0 0 
1 0 0 0 0 0 4 8 0 5 0 4 2 0 0 0 3 0 0 6 0 0 0 0 0 4 0 2 0 2 0 0 0 3 
0 0 0 5 6 0 0 0 0 0 0 5 4 0 0 0 3 3 1 0 2 0 0 5 2 0 0 2 3 3 0 0 0 0 
2 0 0 0 0 0 0 4 4 6 0 5 4 0 0 0 0 2 0 8 3 3 2 0 0 0 0 0 2 0 0 0 0 0 
0 0 0 0 4 0 3 2 0 4 0 1 0 0 5 7 0 3 0 3 3 3 0 0 0 0 0 6 7 0 5 0 0 0 
0 0 0 0 2 0 1 0 0 0 0 0 0 0 2 4 0 0 0 2 0 0 0 0 0 0 0 2 0 0 0 0 0 0 
0 0 0 6 0 7 0 0 0 0 8 0 0 7 0 0 0 0 0 0 0 0 0 6 3 0 0 3 5 1 0 0 4 0 
0 0 0 0 0 0 2 2 2 1 4 6 2 6 0 0 0 0 0 0 0 0 0 0 2 0 0 0 0 0 0 0 0 0 
0 0 0 0 0 0 0 4 7 0 3 0 2 0 3 0 0 0 0 0 0 0 0 0 5 6 0 0 0 0 0 0 0 0 
0 0 0 0 0 0 0 2 0 0 0 0 0 2 0 1 0 4 2 1 0 3 2 0 0 3 0 0 0 2 0 0 0 0 
0 0 0 0 0 0 0 6 7 1 0 3 3 0 0 3 0 8 0 0 0 7 6 0 0 1 0 0 0 0 0 0 0 0 
0 0 0 0 0 0 0 2 4 2 0 0 0 0 0 1 0 5 2 0 0 0 4 0 0 2 0 0 0 0 0 0 0 0 
0 0 0 0 2 0 6 0 0 0 7 0 0 0 8 0 0 0 0 0 0 7 7 0 8 6 0 0 0 0 0 0 0 0 
0 0 0 0 0 0 4 4 2 2 0 3 3 0 0 2 2 0 0 1 0 3 3 4 4 2 0 0 0 0 0 0 4 0 
0 0 0 0 0 0 3 5 0 0 0 0 0 0 0 6 8 0 0 0 0 0 0 0 5 2 0 0 0 0 0 0 2 0 
0 0 0 5 5 0 0 1 0 0 0 2 5 1 0 0 2 0 0 2 0 6 2 0 0 0 0 0 0 0 0 5 0 4 
0 0 0 5 3 0 0 2 0 0 0 0 0 0 0 0 0 0 0 0 1 0 1 0 0 0 0 0 0 0 0 0 0 0 
0 0 0 6 2 0 0 5 4 0 0 0 0 0 0 5 0 0 0 0 3 0 0 1 0 3 0 0 5 4 0 0 0 0 
0 0 0 4 2 0 0 2 0 0 0 1 0 0 0 3 0 0 1 0 0 0 0 0 0 4 0 4 0 2 0 0 0 0 
0 0 5 0 0 7 7 0 7 6 0 0 0 0 0 3 2 0 0 0 0 0 0 0 0 4 0 0 5 2 0 0 0 0 
0 0 6 5 2 0 4 2 0 4 0 4 7 0 6 0 0 0 0 0 0 5 5 3 0 0 0 0 5 2 0 0 1 0 
0 0 4 4 1 0 2 0 0 2 0 3 5 1 0 0 2 0 0 0 0 4 2 0 0 0 0 2 3 2 0 0 0 0 
4 5 0 0 0 7 0 3 5 4 0 2 4 2 0 0 0 0 0 0 0 0 0 0 0 0 0 0 0 0 0 5 3 0 
0 0 3 3 1 0 4 0 4 4 0 2 1 0 7 0 0 0 0 0 0 0 0 0 7 6 0 0 0 0 0 6 3 0 
0 5 6 3 1 0 2 2 3 2 0 3 0 0 5 0 0 0 0 0 0 0 0 2 1 2 0 0 0 0 0 2 0 0 
3 2 3 4 0 8 0 0 0 0 8 0 0 0 0 0 0 0 0 0 0 0 0 0 0 0 7 0 0 0 5 0 2 0 
1 2 4 4 2 4 0 0 4 4 5 0 0 0 0 0 0 0 0 0 1 1 0 0 0 0 5 0 0 0 0 0 4 3 
400 645
0 0 0 1
0 0 1 0
0 0 0 1
0 1 0 2
0 1 4 1
0 5 0 2
0 5 0 6
0 5 6 5
0 5 6 5
0 24 0 23
0 24 0 26
0 24 1 24
0 24 0 23
0 24 0 26
0 24 1 24
0 26 0 27
0 26 2 26
0 27 0 29
0 27 1 27
0 27 0 29
0 29 0 32
0 29 2 29
1 6 1 7
1 6 2 6
1 6 1 7
1 6 2 6
2 0 4 0
2 3 2 4
2 3 1 3
2 3 4 3
2 6 2 8
2 6 3 6
2 6 2 8
2 6 3 6
2 8 2 9
2 8 0 8
2 8 6 8
2 8 0 8
2 16 2 12
2 16 2 18
2 16 1 16
2 16 4 16
2 32 2 29
2 32 2 33
2 32 1 32
2 32 13 32
3 6 3 7
3 6 4 6
3 10 3 9
3 10 3 11
3 10 1 10
3 10 13 10
3 11 3 10
3 11 3 12
3 11 1 11
3 11 8 11
4 0 4 1
4 0 5 0
4 1 4 0
4 1 4 3
4 1 7 1
4 1 4 0
4 9 6 9
4 28 4 27
4 28 4 29
4 28 3 28
4 28 7 28
4 28 4 27
4 28 4 29
4 28 3 28
4 28 7 28
4 29 3 29
4 29 5 29
4 33 3 33
4 33 8 33
4 33 3 33
4 33 8 33
5 0 6 0
6 0 5 0
6 0 7 0
6 0 5 0
6 5 6 3
6 5 6 8
6 5 13 5
6 8 6 5
6 8 6 9
6 8 7 8
6 8 6 9
6 8 7 8
6 8 6 9
7 0 7 1
7 0 8 0
7 0 7 1
7 7 7 6
7 7 8 7
7 7 7 6
7 7 8 7
7 14 7 15
7 14 4 14
7 14 11 14
7 26 7 18
7 26 7 27
7 26 2 26
7 26 32 26
7 27 7 26
7 27 7 28
7 27 5 27
7 27 8 27
7 27 7 26
7 27 7 28
7 27 5 27
7 28 7 29
7 28 9 28
8 6 8 7
8 6 11 6
8 6 8 7
8 6 11 6
8 7 8 9
8 7 10 7
8 19 8 16
8 19 8 25
8 19 10 19
8 19 8 16
8 19 8 25
8 19 10 19
8 25 15 25
8 27 9 27
8 33 22 33
9 3 9 4
9 3 7 3
9 3 13 3
9 4 9 3
9 4 7 4
9 4 11 4
9 4 9 3
9 4 7 4
9 11 9 12
9 11 8 11
9 11 10 11
9 23 9 20
9 23 9 24
9 23 13 23
10 0 29 0
10 9 10 8
10 9 8 9
10 9 11 9
10 9 10 8
10 9 8 9
10 9 11 9
10 19 10 17
10 19 10 20
10 19 11 19
11 4 12 4
11 9 11 7
11 9 14 9
11 15 11 14
11 15 11 17
11 15 7 15
11 15 12 15
11 27 11 28
11 27 9 27
11 27 12 27
11 27 11 28
11 27 12 27
11 27 11 28
11 30 11 28
11 30 3 30
11 30 32 30
13 5 13 3
13 5 6 5
13 5 26 5
13 5 13 3
13 5 26 5
13 10 13 13
13 10 3 10
13 10 14 10
13 10 13 13
13 10 14 10
13 10 14 10
13 10 14 10
13 13 13 23
13 13 3 13
13 13 14 13
13 32 2 32
13 32 20 32
13 32 20 32
15 8 15 7
15 8 15 10
15 8 14 8
15 8 17 8
15 25 15 24
15 25 8 25
15 25 16 25
17 7 17 8
17 7 16 7
17 7 18 7
17 7 17 8
17 7 16 7
17 7 18 7
17 8 17 9
17 8 15 8
17 8 18 8
17 8 18 8
17 17 17 15
17 17 17 21
17 17 16 17
17 17 18 17
17 17 17 15
17 17 17 21
17 17 16 17
17 17 18 17
17 21 17 22
17 21 16 21
17 21 19 21
18 8 18 9
18 8 20 8
18 17 18 15
18 17 18 18
18 17 18 18
19 4 22 4
19 14 19 10
19 14 19 21
19 14 15 14
19 14 27 14
19 14 19 10
19 14 19 21
19 14 15 14
19 14 27 14
19 22 19 21
19 22 19 24
19 22 18 22
19 22 20 22
19 24 19 22
19 24 19 25
19 24 15 24
19 24 20 24
19 25 19 24
19 25 18 25
19 25 20 25
19 25 19 24
19 25 18 25
20 32 21 32
21 7 21 6
21 7 20 7
21 7 22 7
21 15 21 16
21 15 20 15
21 15 24 15
21 15 21 16
21 15 20 15
21 15 24 15
21 16 21 24
21 16 20 16
21 16 22 16
22 3 22 4
22 3 13 3
22 3 23 3
22 21 22 19
22 21 22 22
22 21 27 21
22 21 22 19
22 21 22 22
22 21 27 21
22 31 22 33
22 31 3 31
22 31 29 31
22 33 22 31
22 33 33 33
23 7 24 7
23 20 24 20
23 22 27 22
24 3 24 4
24 3 23 3
24 3 25 3
24 3 24 4
24 3 23 3
24 3 25 3
24 28 24 29
24 28 13 28
24 28 26 28
25 3 25 4
25 3 27 3
25 4 27 4
25 18 25 15
25 25 24 25
25 25 26 25
25 25 24 25
25 25 26 25
25 27 13 27
25 27 28 27
25 27 13 27
25 27 28 27
26 2 27 2
26 6 26 5
26 6 26 8
26 6 21 6
26 6 27 6
26 9 26 8
26 9 20 9
26 9 27 9
26 9 26 8
26 9 20 9
26 9 27 9
26 25 30 25
27 2 27 3
27 2 26 2
27 2 28 2
27 2 27 3
27 2 26 2
27 12 27 11
27 12 27 14
27 12 22 12
27 12 28 12
27 14 27 12
27 14 27 21
27 14 30 14
27 28 27 29
27 28 26 28
27 28 28 28
27 32 29 32
28 2 28 3
28 2 30 2
28 2 28 3
28 16 28 21
29 1 29 0
29 1 7 1
29 1 31 1
30 14 30 12
30 14 30 24
30 14 31 14
30 14 30 24
30 14 31 14
30 14 31 14
30 24 30 25
30 24 21 24
30 24 31 24
30 25 30 24
30 25 26 25
30 25 31 25
30 25 30 24
30 31 30 32
30 31 29 31
30 31 31 31
30 31 30 32
30 31 29 31
30 31 31 31
31 23 31 14
32 5 32 3
32 5 32 10
32 5 29 5
32 5 33 5
32 5 32 3
32 5 32 10
32 5 29 5
32 5 33 5
32 10 32 26
32 10 19 10
32 10 33 10
33 5 33 4
33 5 33 8
33 8 33 9
33 9 33 8
33 9 33 10
33 9 33 8
33 26 33 21
33 26 33 32
33 26 32 26
33 33 33 32
33 33 33 32
0 7 0 8
0 29 0 32
0 29 2 29
0 32 0 33
0 32 1 32
0 33 1 33
1 2 1 3
1 9 1 10
1 9 0 9
1 9 1 10
1 9 0 9
1 10 0 10
1 12 1 14
1 12 2 12
1 12 2 12
1 15 1 16
1 30 1 32
2 12 2 16
2 16 2 18
2 16 1 16
2 26 2 18
2 26 2 29
2 26 7 26
2 26 2 18
2 26 2 29
3 6 3 7
3 6 4 6
3 10 3 11
3 23 3 18
3 23 3 24
3 23 4 23
3 23 3 18
3 23 3 24
3 23 4 23
3 24 3 25
3 24 5 24
3 24 3 25
3 24 5 24
3 27 3 28
3 28 3 27
3 29 2 29
3 31 22 31
4 6 4 7
4 7 4 6
4 7 5 7
4 9 6 9
4 23 4 21
4 25 5 25
5 24 5 22
5 24 5 25
5 24 6 24
5 24 5 25
6 3 5 3
7 1 29 1
7 18 7 15
7 18 3 18
7 28 7 29
7 28 9 28
7 29 8 29
8 7 8 9
8 7 10 7
8 16 9 16
8 29 9 29
9 16 9 17
9 18 9 17
9 29 9 28
10 0 29 0
10 7 10 8
10 7 11 7
10 12 10 11
10 12 9 12
10 12 10 11
10 12 9 12
10 19 10 17
10 19 10 20
10 19 11 19
10 22 10 21
10 28 11 28
11 4 12 4
11 6 12 6
11 11 10 11
11 30 11 28
11 30 32 30
13 3 22 3
13 23 13 13
13 23 13 24
13 23 9 23
13 23 13 24
13 27 13 28
15 7 15 8
15 7 14 7
15 7 15 8
15 25 15 24
15 25 16 25
16 13 14 13
16 17 16 15
16 17 16 18
16 18 16 19
16 25 17 25
17 22 17 21
17 22 16 22
17 22 18 22
17 22 17 21
17 22 16 22
18 22 19 22
19 4 22 4
19 10 15 10
19 10 32 10
19 10 15 10
19 21 19 22
19 21 20 21
19 21 20 21
20 23 20 22
20 23 20 24
20 23 20 22
20 23 20 24
20 32 21 32
21 16 21 24
21 16 20 16
21 16 22 16
22 13 22 12
23 7 24 7
24 20 24 15
24 23 27 23
24 25 21 25
25 7 24 7
26 5 26 6
26 5 29 5
26 5 26 6
26 5 29 5
26 16 26 15
27 9 27 7
27 9 28 9
27 23 27 22
28 16 28 21
28 21 28 22
28 21 27 21
28 22 27 22
29 0 29 1
29 5 29 7
29 8 29 7
29 8 29 9
29 8 30 8
29 31 29 32
30 6 30 8
30 6 31 6
30 6 30 8
30 6 31 6
31 1 31 2
31 1 32 1
31 7 31 8
31 23 31 14
32 0 32 1
32 0 33 0
32 10 32 26
32 10 33 10
32 26 32 30
32 26 33 26
33 1 33 2
33 1 33 2
33 2 33 3
33 2 32 2
33 3 33 4
33 3 32 3
33 3 32 3
33 10 33 20
33 26 33 32
0 10 0 18
0 18 0 22
0 18 2 18
0 23 1 23
1 2 1 3
1 4 2 4
1 19 1 23
1 24 1 23
1 24 1 25
1 27 1 28
3 18 3 17
3 18 7 18
3 18 3 17
3 29 2 29
4 23 4 21
5 17 4 17
5 21 4 21
6 3 5 3
7 18 7 15
9 12 9 11
9 16 9 17
10 11 9 11
10 22 10 21
10 28 11 28
14 8 14 7
15 14 15 24
16 13 14 13
20 19 20 21
21 24 21 25
21 24 20 24
24 20 24 15
25 7 24 7
26 8 26 6
26 8 24 8
26 8 24 8
26 16 26 15
27 6 27 7
27 6 28 6
27 6 28 6
27 21 27 22
27 22 27 23
28 9 29 9
29 5 29 7
29 9 29 8
29 9 30 9
29 31 29 32
30 9 30 8
30 9 31 9
30 9 31 9
30 32 32 32
31 1 31 2
31 7 31 8
31 11 30 11
32 2 31 2
32 2 31 2
32 26 32 30
32 30 32 32
1 4 2 4
2 32 2 33
2 32 1 32
3 17 4 17
4 17 5 17
6 3 5 3
8 11 8 12
8 11 3 11
8 12 6 12
14 6 19 6
14 6 19 6
14 13 14 12
14 13 14 24
14 13 13 13
19 6 20 6
19 24 15 24
24 7 24 8
24 8 20 8
24 15 25 15
25 15 26 15
31 1 31 2
31 11 30 11
1 32 1 33
5 3 5 4
5 4 4 4
6 12 4 12
14 24 13 24
19 6 20 6
20 7 20 6
20 7 21 7
20 7 20 6
21 6 21 7
3 12 3 13
3 13 3 14
4 3 4 4
4 3 2 3
4 4 2 4
9 24 9 23
2 3 2 4
9 20 10 20
10 21 11 21
11 21 11 20
11 20 11 19
11 20 11 21
12 19 12 15
11 17 11 15
12 19 12 15
12 15 12 14
11 15 11 14
11 15 7 15
12 14 11 14
11 14 7 14

4192

3 4 2 - - 5 1 2 3 2 2 - - - - - - - 4 - - - 1 3 6 = 4 4 = 6 = = 4 2 
1 | 3 3 2 ǁ 4 2 ǁ 4 4 1 3 - 1 1 3   | 2 - - - 3 4 2 | 3 1 ǁ 1 - 5 2 
1 |   5 5 ǁ 6 = 6 1 | | 4 = = = 7 = 5 = = = = = = = 8 = = 7 - - 7 2 
| |   ǁ | ǁ 6 2 | 1 7 7 2 3 2 2 | 3 6 = = = = 6 6 2 ǁ 2 4 4 1 2 ǁ 2 
5 6 - 4 4 ǁ 4 3 | 2 ǁ ǁ 1 | 2   1 3 ǁ     3 = 4 ǁ 1 ǁ 2 8 4 | ǁ ǁ 4 
4 |   4 2 ǁ   1 | ǁ ǁ ǁ | | |     2 ǁ     2 1 - 6 3 ǁ 2 ǁ 1 | ǁ ǁ ǁ 
4 |   4 - 7 = = 8 5 ǁ ǁ 2 | |       ǁ           2   ǁ ǁ ǁ   | ǁ ǁ ǁ 
4 5   1 2 ǁ 2 4 2   ǁ ǁ | | 5 7 = = 6 - - - - - - - 7 8 8 3 | ǁ ǁ ǁ 
1 ǁ   | ǁ ǁ 4 8 = 5 ǁ 4 2 | ǁ ǁ 3 = = 6 = = = = = 4 | 2 ǁ 2 | ǁ ǁ 3 
  ǁ   5 6 ǁ ǁ ǁ   ǁ ǁ 5 4 | ǁ ǁ 3 3 1 ǁ 2 - - 5 2 ǁ | 2 3 3 | ǁ ǁ | 
2 ǁ   | | ǁ ǁ 4 4 6 ǁ 5 4 | ǁ ǁ   2 = 8 3 3 2 ǁ   ǁ | | 2   | ǁ ǁ | 
ǁ ǁ   | 4 ǁ 3 2 - 4 ǁ 1   | 5 7 = 3   3 3 3   ǁ   ǁ | 6 7 = 5 ǁ ǁ | 
ǁ ǁ   | 2 ǁ 1     | ǁ     | 2 4 = = = 2       ǁ   ǁ | 2     ǁ ǁ ǁ | 
ǁ ǁ   6 = 7       | 8 = = 7 = = = = = = = = = 6 3 ǁ | 3 5 1 ǁ ǁ 4 | 
ǁ ǁ   ǁ   ǁ 2 2 2 1 4 6 2 6 - - - - - - - - - - 2 ǁ | ǁ |   ǁ ǁ ǁ | 
ǁ ǁ   ǁ   ǁ ǁ 4 7 - 3   2 ǁ 3 - - - - - - - - - 5 6 | ǁ |   ǁ ǁ ǁ | 
ǁ ǁ   ǁ   ǁ ǁ 2 ǁ   ǁ     2 ǁ 1 - 4 2 1   3 2   ǁ 3 | ǁ | 2 ǁ ǁ ǁ | 
ǁ ǁ   ǁ   ǁ ǁ 6 7 1 ǁ 3 3   ǁ 3 = 8 = = = 7 6   ǁ 1 | ǁ |   ǁ ǁ ǁ | 
ǁ ǁ   ǁ   ǁ ǁ 2 4 2 ǁ       ǁ 1 - 5 2     | 4   ǁ 2 | ǁ |   ǁ ǁ ǁ | 
ǁ ǁ   ǁ 2 ǁ 6   |   7 = = = 8 = = = = = = 7 7 = 8 6 | ǁ |   ǁ ǁ ǁ | 
ǁ ǁ   ǁ ǁ ǁ 4 4 2 2 ǁ 3 3   ǁ 2 2     1 - 3 3 4 4 2 | ǁ |   ǁ ǁ 4 | 
ǁ ǁ   ǁ ǁ ǁ 3 5 | ǁ ǁ       ǁ 6 8 = = = = = = = 5 2 | ǁ |   ǁ ǁ 2 | 
ǁ ǁ   5 5 ǁ | 1 | ǁ ǁ 2 5 1 ǁ ǁ 2     2 = 6 2   | | | ǁ |   ǁ 5 = 4 
ǁ ǁ   5 3 ǁ | 2 | ǁ ǁ   |   ǁ ǁ         1 ǁ 1   | | | ǁ |   ǁ |   | 
ǁ ǁ   6 2 ǁ | 5 4 ǁ ǁ   |   ǁ 5 = = = = 3 ǁ | 1 | 3 | ǁ 5 4 ǁ |   | 
ǁ ǁ   4 2 ǁ | 2 ǁ ǁ ǁ 1 |   ǁ 3 - - 1     ǁ | | | 4 | 4 | 2 ǁ |   | 
ǁ ǁ 5 | | 7 7 = 7 6 ǁ   |   ǁ 3 2         ǁ | | | 4 | ǁ 5 2 ǁ |   | 
ǁ ǁ 6 5 2 ǁ 4 2 - 4 ǁ 4 7 = 6 - - - - - - 5 5 3 | ǁ | ǁ 5 2 ǁ | 1 | 
ǁ ǁ 4 4 1 ǁ 2     2 ǁ 3 5 1 |   2 = = = = 4 2   | ǁ | 2 3 2 ǁ | | | 
4 5 |     7 = 3 5 4 ǁ 2 4 2 |                   | ǁ |       ǁ 5 3 | 
  | 3 3 1 ǁ 4 = 4 4 ǁ 2 1 - 7 = = = = = = = = = 7 6 |       ǁ 6 3 | 
  5 6 3 1 ǁ 2 2 3 2 ǁ 3     5 = = = = = = = = 2 1 2 |       ǁ 2 | | 
3 2 3 4 = 8 = = = = 8 = = = = = = = = = = = = = = = 7 = = = 5 - 2 | 
1 2 4 4 2 4 - - 4 4 5 - - - - - - - - - 1 1 - - - - 5 = = = = = 4 3 
