34 34
1 0 0 2 0 0 0 0 0 0 0 0 0 0 0 2 1 1 0 0 3 3 2 1 0 0 0 0 0 0 0 0 2 1 
1 0 0 0 0 0 0 0 0 0 0 0 0 0 3 4 5 2 3 0 4 0 0 0 0 0 0 3 0 4 1 0 0 0 
3 0 4 0 0 0 0 4 2 0 2 1 2 2 0 1 0 1 2 0 0 0 0 0 0 0 0 1 0 3 1 0 0 0 
4 0 0 0 0 0 0 5 0 0 5 0 4 4 0 1 7 0 0 0 5 0 0 0 0 0 0 0 0 0 0 0 4 2 
0 1 0 4 0 0 3 2 2 0 5 1 1 1 0 1 4 0 3 2 0 1 0 2 1 1 4 2 1 0 0 3 0 1 
0 3 0 5 0 0 5 0 0 0 0 0 0 0 5 0 0 0 0 0 5 0 0 5 5 1 3 0 4 2 1 0 0 0 
0 2 0 0 0 0 4 1 2 0 0 0 0 0 5 1 2 0 4 2 0 1 0 2 3 1 0 0 3 3 2 0 0 0 
3 0 0 0 0 0 0 0 0 0 0 0 0 0 4 0 0 0 5 2 0 2 0 0 0 0 4 0 0 0 0 4 0 0 
0 2 0 0 0 2 2 2 1 1 0 4 3 3 0 0 0 0 0 0 0 0 0 0 0 0 0 2 1 4 2 0 0 0 
0 0 0 0 0 0 0 4 0 0 0 6 4 2 0 0 0 0 0 0 0 0 1 0 0 0 4 6 0 4 2 0 0 0 
0 0 0 0 0 0 0 0 2 2 0 0 3 1 0 0 0 0 0 0 0 0 2 1 4 3 0 0 1 1 3 0 0 0 
0 2 0 3 2 0 0 0 4 5 0 5 3 1 0 2 1 0 0 0 0 0 2 2 5 3 0 0 2 1 4 0 0 0 
0 0 0 0 0 0 0 0 2 2 0 0 6 3 0 0 0 0 0 0 0 0 0 1 0 2 0 0 0 0 0 0 0 0 
0 0 0 0 0 0 0 0 0 0 0 0 0 2 0 0 0 0 0 0 0 0 0 0 0 3 0 0 3 4 4 0 0 0 
0 0 0 0 0 0 3 6 0 0 0 0 6 2 0 0 0 0 0 0 0 0 5 0 4 0 0 0 2 0 0 0 0 0 
3 0 0 0 0 4 3 0 1 0 4 2 0 1 0 0 0 0 0 0 0 0 3 1 0 0 0 0 0 0 0 0 0 0 
0 1 0 0 0 0 0 0 1 1 0 0 0 0 0 0 0 0 0 0 0 4 0 0 5 4 0 0 1 0 0 0 0 0 
0 0 0 0 0 0 3 0 0 0 0 0 0 0 0 0 0 0 0 0 0 0 1 1 0 2 0 0 0 0 0 0 0 0 
0 0 0 0 0 0 1 0 3 4 4 1 0 0 0 0 0 0 0 0 0 0 0 0 0 0 0 5 0 5 0 0 0 0 
0 2 2 0 0 4 0 2 0 0 0 0 3 3 0 0 0 0 0 0 0 0 0 0 0 0 0 0 1 3 0 0 0 0 
2 0 3 4 2 0 0 0 0 1 0 0 0 2 0 0 1 0 0 0 0 3 4 4 6 2 0 0 0 0 1 0 0 0 
1 0 0 3 1 0 0 0 0 0 3 0 4 2 0 0 0 0 0 0 0 0 0 1 5 3 3 0 3 4 2 0 0 0 
2 4 4 4 2 0 0 0 0 1 3 2 4 2 0 0 0 0 0 0 0 0 2 2 4 1 2 0 1 0 1 0 0 2 
0 2 0 0 2 0 0 0 2 0 0 0 0 0 4 3 3 1 0 0 0 1 1 0 0 0 2 0 0 0 1 0 0 0 
0 4 4 3 2 2 0 0 1 2 4 0 0 0 4 2 3 2 0 2 0 2 0 4 0 0 0 5 0 4 3 0 1 0 
0 2 2 2 0 0 0 0 0 0 0 0 0 0 0 0 5 4 0 1 0 1 0 3 1 2 0 5 1 1 1 0 1 0 
3 0 0 0 0 0 0 0 0 0 0 0 0 0 0 0 0 0 5 0 5 0 0 0 0 0 0 0 0 0 0 5 5 3 
0 3 0 0 5 0 0 0 0 0 0 0 0 0 0 0 0 0 4 3 0 3 0 0 3 0 0 0 0 1 0 6 3 2 
0 0 2 1 0 1 4 0 0 0 0 0 0 0 0 6 3 1 0 0 0 2 2 0 3 0 0 0 0 0 0 4 2 1 
0 2 5 3 0 2 0 2 0 3 0 0 0 1 2 7 1 0 0 0 4 0 0 0 0 0 0 0 0 0 0 3 2 1 
0 1 0 1 0 0 0 3 2 0 1 0 0 0 0 4 1 0 0 0 2 1 1 0 0 0 0 0 0 0 0 2 1 0 
4 0 4 3 4 5 6 0 0 4 0 0 0 0 0 0 0 0 3 4 0 0 0 0 0 0 0 0 0 0 0 0 5 4 
4 0 4 2 2 2 2 3 0 3 1 1 0 2 0 0 0 0 5 6 0 4 3 0 3 3 0 0 0 4 1 1 4 3 
2 2 3 1 1 0 3 5 0 3 0 0 0 0 0 0 2 1 1 3 3 0 0 0 3 0 0 0 0 3 0 3 4 2 
400 27
3 16 3 15
3 16 3 20
3 16 1 16
3 16 4 16
18 29 18 27
18 29 13 29
18 29 19 29
25 27 25 25
25 27 25 28
25 27 24 27
29 15 29 14
29 15 29 16
29 15 28 15
29 15 30 15
30 15 30 10
30 15 30 16
30 15 29 15
33 7 33 6
33 7 33 9
33 7 32 7
3 16 3 20
3 16 1 16
3 16 4 16
25 27 25 25
25 27 24 27
29 15 29 14
29 15 28 15

6701

1     2                       2 1 1     3 3 2 1                 2 1 
1                           3 4 5 2 3   4             3   4 1       
3   4         4 2   2 1 2 2   1 ǁ 1 2                 1   3 1       
4             5     5   4 4   1 7 = = = 5                       4 2 
  1   4     3 2 2   5 1 1 1   1 4   3 2   1   2 1 1 4 2 1     3   1 
  3   5     5               5           5     5 5 1 3   4 2 1       
  2         4 1 2           5 1 2   4 2   1   2 3 1     3 3 2       
3                           4       5 2   2         4         4     
  2       2 2 2 1 1   4 3 3                           2 1 4 2       
              4       6 4 2                 1       4 6   4 2       
                2 2     3 1                 2 1 4 3     1 1 3       
  2   3 2       4 5   5 3 1   2 1           2 2 5 3     2 1 4       
                2 2     6 3                   1   2                 
                          2                       3     3 4 4       
            3 6         6 2                 5   4       2 |         
3         4 3   1   4 2   1                 3 1           |         
  1             1 1                       4     5 4     1 |         
            3                               1 1   2       |         
            1   3 4 4 1                               5 - 5         
  2 2     4   2         3 3                             1 3         
2   3 4 2         1       2     1         3 4 4 6 2         1       
1     3 1           3   4 2                   1 5 3 3   3 4 2       
2 4 4 4 2         1 3 2 4 2                 2 2 4 1 2   1   1     2 
  2     2       2           4 3 3 1       1 1       2       1       
  4 4 3 2 2     1 2 4       4 2 3 2   2   2   4       5   4 3   1   
  2 2 2                         5 4   1   1   3 1 2 = 5 1 1 1   1   
3                                   5   5                     5 5 3 
  3     5                           4 3   3     3         1   6 3 2 
    2 1   1 4                 6 3 1       2 2   3             4 2 1 
  2 5 3   2   2   3       1 2 7 1       4                     3 2 1 
  1   1       3 2   1 - - - - 4 1       2 1 1                 2 1   
4   4 3 4 5 6     4                 3 4                         5 4 
4   4 2 2 2 2 3   3 1 1   2         5 6   4 3   3 3       4 1 1 4 3 
2 2 3 1 1   3 5 - 3             2 1 1 3 3       3         3   3 4 2 
