34 34
2 0 0 0 0 0 0 0 0 0 0 0 3 0 0 2 0 0 0 0 0 0 3 2 1 0 0 4 2 1 0 2 1 2 
0 4 4 0 5 4 3 0 0 0 0 0 4 0 0 0 0 0 0 0 0 0 0 0 0 0 0 4 0 0 0 4 4 3 
3 6 0 0 6 0 0 4 0 0 3 3 0 3 0 0 4 0 0 4 3 0 4 5 4 0 3 0 2 0 0 3 0 1 
2 4 0 0 6 2 1 0 2 1 0 2 1 2 1 0 0 2 0 4 3 2 0 1 2 1 0 0 4 0 2 3 0 0 
2 4 2 0 5 1 2 0 3 0 4 0 0 0 0 0 3 0 0 0 0 0 4 0 3 0 0 0 5 2 3 4 0 0 
0 3 2 1 3 2 3 0 1 1 3 0 0 0 0 0 0 0 0 0 0 0 0 0 0 3 3 0 2 1 1 0 0 0 
3 0 0 0 0 0 0 5 0 0 0 0 0 0 0 0 0 0 0 0 0 0 0 0 0 0 0 4 0 0 0 3 0 0 
0 2 0 0 0 3 3 0 2 3 0 0 4 0 0 0 0 4 1 0 0 0 0 0 0 0 0 0 1 0 0 2 0 0 
0 0 2 1 2 0 4 0 0 0 2 2 0 0 1 0 0 0 0 0 0 0 0 0 0 0 0 0 3 0 0 0 4 3 
0 0 4 0 7 4 3 0 2 3 4 3 0 3 4 0 0 5 6 0 0 0 0 0 2 0 0 0 3 1 3 1 0 0 
0 0 0 0 0 0 1 0 2 3 3 2 0 2 1 0 0 1 4 0 0 2 0 0 0 0 0 0 1 0 0 1 0 0 
0 0 0 1 0 0 0 0 1 0 0 0 6 0 0 0 0 0 0 0 0 0 0 0 0 0 0 5 0 5 5 2 0 0 
0 1 0 0 0 4 3 0 1 2 2 1 0 1 3 0 3 0 0 0 0 3 4 0 0 3 1 0 2 0 0 3 3 0 
0 2 3 0 0 0 0 0 4 6 0 0 5 0 0 0 0 0 0 0 0 4 0 1 3 0 3 0 0 0 0 0 0 0 
0 2 3 2 0 0 0 0 0 0 1 1 0 1 0 3 2 2 0 2 1 0 0 0 3 2 0 0 4 0 0 0 0 0 
3 0 0 0 4 0 0 0 0 0 0 0 0 2 0 4 0 0 0 4 2 0 0 0 1 1 0 0 0 0 0 0 0 0 
3 3 2 1 0 0 0 0 0 4 3 3 0 1 0 0 0 0 0 0 0 0 0 4 0 0 5 0 0 0 0 0 0 0 
0 2 2 1 0 0 0 0 0 3 1 2 0 0 0 1 0 0 0 0 0 0 0 4 0 2 0 0 0 0 0 0 0 0 
1 2 0 0 3 0 0 0 0 0 0 0 0 1 0 0 0 0 0 0 0 0 0 0 1 0 0 0 0 0 0 0 0 0 
3 2 1 1 2 0 0 0 0 2 4 5 0 0 1 0 3 0 0 0 0 0 0 0 0 0 0 0 0 0 0 0 0 0 
4 0 5 0 0 5 0 4 0 0 0 0 0 0 0 0 0 0 0 0 0 0 0 0 0 0 0 0 0 0 0 0 2 0 
0 0 0 1 0 0 3 3 0 0 0 0 0 0 0 0 0 1 0 4 0 4 0 0 2 0 0 0 3 0 0 0 1 0 
0 0 0 0 0 0 4 0 5 0 6 5 0 0 0 0 3 0 0 5 4 0 0 0 0 0 3 0 0 0 0 0 1 0 
0 1 0 0 0 0 3 1 0 1 0 0 0 0 0 0 4 2 0 2 0 0 0 0 0 0 0 0 0 0 0 0 0 0 
0 0 0 2 0 4 0 1 0 0 0 0 0 0 2 0 7 0 0 4 3 3 2 0 0 0 0 0 0 0 0 0 0 0 
0 0 0 1 1 0 0 0 0 0 0 3 0 0 0 0 1 0 0 0 0 1 1 0 0 0 0 0 0 0 0 5 5 2 
0 0 0 0 0 2 0 0 0 0 0 2 0 2 0 0 0 0 0 4 0 0 0 6 2 0 0 0 0 0 0 0 0 0 
0 3 4 2 0 1 3 3 0 5 7 1 0 1 0 0 0 0 0 2 2 0 0 5 1 0 0 0 0 3 0 0 0 0 
1 4 5 0 5 2 3 3 0 3 4 0 4 0 0 0 0 0 0 0 0 0 0 0 0 4 2 0 0 0 0 1 3 0 
4 5 4 2 3 2 2 3 0 3 2 0 0 1 3 0 0 0 0 0 0 0 0 0 0 0 2 6 2 1 0 2 3 0 
0 0 1 0 2 4 0 4 0 2 0 0 3 2 5 0 0 0 0 0 0 0 0 0 0 4 1 5 2 1 0 1 1 0 
0 0 0 0 0 0 0 1 0 1 1 1 2 0 3 0 0 0 0 0 0 2 2 1 0 0 1 0 0 0 0 1 0 3 
3 4 0 0 0 0 0 0 6 6 4 3 2 2 4 0 0 0 0 0 4 0 0 0 0 4 2 2 2 4 4 2 3 3 
2 4 0 0 0 0 1 1 2 1 1 0 0 3 3 2 3 0 0 0 4 0 1 0 0 2 2 1 1 2 2 1 1 1 
400 87
1 1 1 2
1 1 2 1
1 1 1 2
1 1 2 1
1 2 1 4
1 2 4 2
1 4 1 5
1 4 2 4
2 1 2 0
2 1 3 1
2 1 2 0
2 1 3 1
2 4 2 7
2 4 1 4
2 4 3 4
2 4 2 7
2 4 1 4
2 7 2 10
2 7 6 7
3 1 3 0
3 1 4 1
9 4 9 2
9 4 9 5
9 4 8 4
9 4 15 4
11 3 14 3
16 26 16 23
16 26 13 26
16 26 22 26
24 16 24 14
24 16 24 19
24 16 23 16
24 16 25 16
27 10 27 9
27 10 27 11
27 10 22 10
27 10 28 10
32 9 32 8
32 9 32 10
32 9 31 9
32 9 33 9
1 5 1 6
14 28 12 28
14 28 21 28
14 28 12 28
14 28 21 28
24 16 24 14
24 16 24 19
24 16 23 16
27 10 27 9
27 10 22 10
27 10 28 10
32 9 32 8
32 9 32 10
1 5 1 6
22 10 22 8
22 10 22 11
22 10 19 10
22 10 22 8
23 16 23 17
23 16 22 16
32 8 32 1
32 8 22 8
32 8 33 8
32 8 32 1
33 8 33 7
1 5 1 6
23 9 27 9
27 9 28 9
31 7 30 7
33 6 33 1
27 9 28 9
30 7 30 5
30 7 29 7
30 7 30 5
33 1 33 0
33 1 32 1
33 1 33 0
30 5 30 4
30 5 29 5
32 1 32 0
29 1 29 0
29 1 29 2
29 1 28 1
32 0 29 0
32 0 29 0
29 0 29 1

6153

2                       3     2             3 2 1     4 2 1   2 1 2 
  4 4 - 5 4 3           4                             4       4 4 3 
3 6 |   6 = = 4 - - 3 3   3     4     4 3   4 5 4   3   2     3   1 
2 4 |   6 2 1 | 2 1   2 1 2 1     2   4 3 2   1 2 1     4   2 3     
2 4 2   5 1 2 | 3   4           3           4   3       5 2 3 4     
  3 2 1 3 2 3 | 1 1 3                             3 3   2 1 1       
3             5                                       4       3     
  2       3 3   2 3     4         4 1                   1     2     
    2 1 2   4       2 2     1                           3       4 3 
    4 - 7 4 3   2 3 4 3   3 4     5 6           2       3 1 3 1     
        |   1   2 3 3 2   2 1     1 4     2             1     1     
      1 |       1       6                             5   5 5 2     
  1   | | 4 3   1 2 2 1   1 3   3         3 4     3 1   2     3 3   
  2 3 | |       4 6     5                 4   1 3   3   ǁ           
  2 3 2 |           1 1   1   3 2 2   2 1       3 2 |   4           
3       4                 2   4       4 2       1 1 |   ǁ           
3 3 2 1           4 3 3   1                   4 - - 5   ǁ           
  2 2 1           3 1 2       1               4   2 |   ǁ           
1 2     3                 1                     1   |   ǁ           
3 2 1 1 2         2 4 5     1   3                   |   ǁ           
4   5     5   4     |                               |   ǁ       2   
      1     3 3     |             1   4   4     2   |   3       1   
            4   5 = 6 5         3     5 4           3           1   
  1         3 1 | 1 ǁ           4 2   2                             
      2   4   1 | | ǁ       2 = 7 = = 4 3 3 2                       
      1 1       | | ǁ 3         1         1 1                 5 5 2 
          2     | | ǁ 2   2           4       6 2                   
  3 4 2   1 3 3 | 5 7 1   1           2 2     5 1         3         
1 4 5   5 2 3 3 | 3 4   4                         4 2         1 3   
4 5 4 2 3 2 2 3 | 3 2     1 3                       2 6 2 1   2 3   
ǁ   1   2 4 = 4 | 2     3 2 5                     4 1 5 2 1   1 1   
ǁ             1 | 1 1 1 2   3             2 2 1     1         1   3 
3 4 = = = = = = 6 6 4 3 2 2 4           4         4 2 2 2 4 4 2 3 3 
2 4 - - - - 1 1 2 1 1     3 3 2 3       4   1     2 2 1 1 2 2 1 1 1 
