34 34
3 0 3 0 0 0 0 0 0 0 0 0 0 0 0 0 0 0 0 0 0 0 0 1 1 0 3 0 0 1 1 2 2 1 
4 0 6 0 0 0 0 0 0 0 0 0 0 0 0 0 0 0 0 0 0 0 0 0 0 0 5 0 0 0 0 4 3 1 
1 2 0 1 0 0 0 4 0 0 0 0 0 0 0 0 0 0 0 0 3 2 3 0 3 1 0 1 0 1 0 4 3 1 
1 0 3 0 0 0 0 6 0 0 4 0 0 0 0 3 2 3 0 0 4 1 0 2 5 2 0 4 0 3 0 2 0 0 
2 0 1 1 3 3 0 4 0 0 0 0 0 0 0 0 0 0 0 0 0 0 5 0 5 0 0 2 1 2 0 0 4 0 
0 0 0 0 2 2 1 2 0 0 0 0 2 0 0 0 1 0 0 0 0 0 3 0 5 2 0 1 0 5 3 2 0 0 
2 5 0 6 0 0 0 0 0 0 0 0 0 0 0 0 0 0 0 0 0 0 0 0 0 0 5 0 2 0 3 2 0 0 
1 0 2 0 2 0 4 0 0 3 0 0 0 0 0 0 0 0 0 0 0 0 0 0 2 2 0 2 2 5 4 1 0 0 
0 0 0 0 2 1 0 1 1 0 2 0 3 0 0 0 4 4 2 3 0 0 0 0 2 0 0 0 2 4 1 0 0 0 
3 0 3 0 1 0 5 4 4 0 2 0 0 2 0 0 0 3 0 5 5 2 0 0 0 0 0 4 0 4 3 2 0 0 
0 0 0 0 0 0 1 0 2 0 0 0 0 0 0 0 0 3 0 3 0 0 0 0 0 0 0 0 0 0 0 0 0 0 
0 0 0 0 1 0 0 5 2 0 1 2 4 4 0 0 0 0 0 0 2 3 0 0 3 3 0 0 0 0 0 0 0 0 
0 0 0 0 2 0 0 4 1 0 0 1 1 1 0 0 0 0 0 0 0 1 0 0 0 3 0 0 0 0 0 0 0 0 
0 0 0 0 3 0 0 0 0 6 0 0 0 0 0 0 6 0 0 0 0 0 0 0 5 2 0 0 0 0 0 0 0 0 
0 0 2 0 0 0 0 0 0 0 0 0 1 0 0 0 0 1 0 0 2 2 2 2 0 1 0 0 0 0 0 0 0 0 
0 0 0 0 0 0 0 0 0 0 0 0 0 0 0 0 0 1 0 2 2 0 1 0 0 0 0 3 1 0 0 0 0 0 
0 0 0 0 0 0 0 0 0 0 0 0 2 0 0 0 0 1 0 0 0 2 4 3 0 0 0 1 0 0 0 0 0 0 
0 0 2 0 0 0 0 0 0 0 0 0 0 0 0 0 0 0 0 0 0 1 0 3 0 2 0 0 0 0 0 0 0 0 
0 0 0 0 0 3 3 0 0 6 0 0 4 0 1 0 0 4 0 3 0 0 0 2 0 0 0 2 0 5 0 0 5 3 
0 0 0 0 1 0 2 3 0 5 1 1 4 1 2 0 0 0 0 0 0 3 0 1 0 0 0 3 1 0 1 2 0 0 
0 0 0 0 0 0 0 2 0 0 1 0 3 0 0 0 0 5 0 3 0 0 0 0 0 0 0 2 1 0 3 4 0 1 
0 0 0 0 0 4 0 5 0 4 0 0 4 0 5 1 0 2 0 0 0 0 0 4 6 3 0 4 0 6 3 0 0 1 
0 0 0 0 0 1 0 4 4 5 2 0 2 0 2 0 0 0 0 0 0 0 0 2 0 2 0 3 0 0 0 0 0 2 
0 0 3 5 0 0 0 0 0 0 0 0 0 0 0 0 5 0 0 5 5 7 4 4 7 2 0 0 1 5 2 0 0 0 
0 0 3 0 2 1 1 0 2 0 0 0 0 0 3 1 2 2 1 3 4 4 0 1 4 1 0 2 0 3 2 2 0 0 
4 4 5 0 3 0 0 0 0 0 0 0 0 0 5 0 0 0 0 0 0 0 4 0 0 0 6 0 0 0 0 0 5 2 
0 0 2 0 0 1 0 0 0 0 0 0 0 0 6 0 0 2 2 0 0 0 4 0 4 2 0 1 1 0 0 0 6 2 
0 0 1 0 0 1 0 0 3 0 0 0 0 0 5 2 2 0 5 2 2 0 4 3 7 2 0 3 0 4 0 0 6 2 
2 4 3 0 0 1 1 0 2 0 0 0 0 0 2 1 2 3 4 1 0 0 3 3 5 1 0 1 1 3 2 1 0 1 
2 3 1 0 3 4 5 0 0 0 0 0 0 0 0 0 0 0 0 0 0 0 0 0 0 0 7 0 0 0 0 0 5 2 
4 5 2 0 3 0 5 0 0 0 0 0 2 1 3 2 0 4 3 2 0 0 3 0 0 0 5 3 0 0 2 2 5 2 
3 0 0 0 1 1 3 0 0 0 0 0 0 0 3 3 2 0 2 3 0 0 2 2 4 3 0 2 3 3 0 2 0 0 
2 5 0 5 0 0 0 0 0 0 0 0 0 0 0 0 0 3 0 0 0 0 0 4 5 5 2 3 3 2 3 5 5 0 
2 4 2 3 0 0 0 0 0 0 0 0 0 0 0 0 0 0 0 0 1 2 0 4 3 5 0 5 3 1 3 4 3 0 
400 25
22 9 22 8
22 9 22 10
22 9 21 9
23 21 23 20
23 21 23 22
23 21 19 21
23 21 24 21
23 24 23 23
23 24 23 25
23 24 21 24
23 24 24 24
27 24 27 23
27 24 27 25
27 24 26 24
27 24 28 24
29 26 29 6
29 26 29 32
29 26 25 26
29 26 30 26
32 32 32 31
32 32 30 32
32 32 33 32
33 25 33 24
33 25 33 27
33 25 32 25

3069

3   3                                         1 1   3     1 1 2 2 1 
4   6                                               5         4 3 1 
1 2   1       4                         3 2 3   3 1   1   1   4 3 1 
1   3         6     4         3 2 3     4 1   2 5 2   4   3   2     
2   1 1 3 3   4                             5   5     2 1 2     4   
        2 2 1 2         2       1           3   5 2   1   5 3 2     
2 5   6                                             5   2   3 2     
1   2   2   4     3                             2 2   2 2 5 4 1     
        2 1   1 1   2   3       4 4 2 3         2       2 4 1       
3   3   1   5 4 4   2     2       3   5 5 2           4   4 3 2     
            1   2                 3   3                             
        1     5 2   1 2 4 4             2 3     3 3                 
        2     4 1     1 1 1               1       3                 
        3         6             6               5 2                 
    2                   1         1     2 2 2 2   1                 
                                  1   2 2   1         3 1           
                        2         1       2 4 3       1             
    2                                     1   3   2                 
          3 3     6     4   1     4   3       2       2   5     5 3 
        1   2 3   5 1 1 4 1 2             3   1       3 1   1 2     
              2     1   3         5   3   |           2 1   3 4   1 
          4   5   4     4   5 1   2       |   4 6 3   4   6 3     1 
          1   4 4 5 2   2   2             |   2 | 2   3           2 
    3 5                         5     5 5 7 4 4 7 2     1 5 2       
    3   2 1 1   2           3 1 2 2 1 3 4 4   1 4 1   2   3 2 2     
4 4 5   3                   5               4       6           5 2 
    2     1                 6     2 2       4   4 2 | 1 1       6 2 
    1     1     3           5 2 2   5 2 2   4 3 7 2 | 3   4     6 2 
2 4 3     1 1   2           2 1 2 3 4 1     3 3 5 1 | 1 1 3 2 1   1 
2 3 1   3 4 5 - - - - - - - - - - - - - - - - - - - 7 - - - - - 5 2 
4 5 2   3   5           2 1 3 2   4 3 2     3       5 3     2 2 5 2 
3       1 1 3               3 3 2   2 3     2 2 4 3   2 3 3   2 |   
2 5   5                           3           4 5 5 2 3 3 2 3 5 5   
2 4 2 3                                 1 2   4 3 5 - 5 3 1 3 4 3   
