34 34
1 1 4 0 0 3 3 0 0 2 1 0 4 0 0 0 0 0 0 0 0 3 2 3 0 0 0 0 0 2 0 4 3 3 
3 0 5 0 0 0 0 0 0 3 2 1 2 1 1 2 0 0 0 0 0 3 0 0 0 0 0 0 0 0 0 6 2 0 
2 3 0 2 4 0 3 0 0 0 0 0 0 0 0 0 0 0 0 0 3 0 0 0 0 0 3 0 0 4 3 0 2 0 
1 0 0 1 3 0 3 0 0 0 0 0 0 0 2 0 0 0 2 0 4 0 0 0 2 0 0 1 0 3 2 0 2 0 
0 5 5 0 0 0 0 0 0 0 0 0 0 0 0 0 0 0 0 0 0 0 0 0 0 0 5 0 0 0 0 5 3 2 
0 1 0 1 2 2 3 0 0 0 0 0 3 0 3 2 1 2 0 0 0 3 2 3 1 0 2 1 0 1 0 3 4 3 
0 0 0 2 4 0 0 0 0 0 0 0 4 1 0 2 0 1 1 3 2 0 4 6 0 0 2 0 0 0 0 3 2 3 
0 0 0 2 4 0 2 1 2 0 0 0 3 1 0 0 4 0 0 3 2 0 2 3 0 2 1 0 0 0 0 0 0 0 
3 0 4 0 0 0 0 0 0 0 0 0 0 0 5 4 0 2 0 3 0 4 0 0 0 0 0 0 0 0 0 4 4 4 
0 1 0 1 2 0 3 2 4 0 0 3 1 0 0 0 0 0 1 0 1 0 2 0 4 0 0 0 3 3 2 0 0 0 
0 3 0 0 2 0 0 1 0 0 0 0 0 0 0 0 0 0 3 0 0 0 0 0 0 1 0 2 0 0 0 0 0 0 
0 0 0 0 0 0 0 0 0 0 0 0 0 0 0 1 0 0 0 0 0 0 0 2 5 0 0 3 0 0 0 0 0 0 
0 0 0 0 0 0 0 0 0 0 0 0 0 0 0 0 0 0 0 0 0 0 0 2 0 2 0 3 0 0 2 0 0 0 
0 3 0 0 3 0 4 0 5 0 0 0 0 0 5 0 5 0 0 0 0 0 0 0 0 0 0 0 0 0 2 0 0 0 
0 0 0 0 0 2 0 1 0 2 0 0 0 0 6 2 0 0 0 0 0 0 0 0 0 0 0 0 0 0 2 0 0 0 
0 0 0 2 0 0 0 0 0 3 0 3 0 0 0 1 0 0 4 4 3 0 0 0 0 2 4 5 0 0 0 0 0 0 
0 0 0 0 3 4 0 2 0 2 0 0 0 0 4 1 0 3 0 4 2 0 0 0 0 1 2 0 0 0 2 0 3 3 
0 0 0 0 0 1 0 0 0 3 2 0 0 0 2 0 0 0 1 4 1 0 3 3 0 1 2 5 0 0 0 0 0 0 
0 0 0 0 0 0 0 0 0 0 0 0 0 0 0 0 0 0 1 2 2 0 0 3 0 0 0 0 0 0 0 0 0 0 
0 0 0 0 0 0 0 0 0 3 0 7 0 0 0 0 3 0 2 3 0 0 0 2 0 0 2 5 2 0 0 0 0 0 
3 4 0 0 4 3 0 0 2 3 2 0 0 1 0 2 1 0 2 0 0 0 0 2 0 0 0 3 1 0 0 0 3 0 
0 2 0 0 3 5 5 5 3 0 0 5 0 0 0 3 3 0 0 0 0 0 0 0 0 3 5 0 0 7 3 0 0 0 
3 3 0 2 0 0 4 2 2 1 1 3 0 0 2 1 1 0 0 3 3 0 3 4 0 0 0 3 2 0 1 0 0 0 
1 4 0 1 3 0 5 0 0 0 0 0 0 0 0 0 0 4 2 0 2 0 2 3 0 1 1 3 3 5 4 0 1 0 
2 3 0 3 5 3 0 1 2 2 0 1 1 3 0 4 0 5 0 4 3 0 2 3 0 1 2 0 1 2 3 0 1 0 
0 0 0 2 0 0 4 2 0 4 0 0 0 0 0 0 0 0 0 0 0 4 0 0 4 0 5 4 0 3 1 0 0 0 
0 0 0 0 2 0 5 2 0 0 1 0 0 3 2 0 3 0 0 3 1 0 3 2 0 1 0 2 0 4 3 0 0 0 
0 0 0 0 1 0 2 1 0 0 1 2 1 0 3 3 0 2 0 5 4 0 4 0 5 3 0 3 1 0 3 0 2 0 
0 0 0 0 2 5 5 3 0 0 0 0 0 0 1 2 0 1 1 3 3 0 3 1 2 1 3 4 1 0 0 0 0 2 
0 0 0 0 0 1 2 2 0 3 2 2 0 5 0 0 4 0 0 0 0 4 0 0 0 0 0 0 0 5 2 0 3 2 
0 0 0 0 3 0 0 0 5 0 0 0 0 0 0 0 0 0 0 0 0 4 0 0 0 0 0 2 3 5 3 0 0 2 
2 0 5 0 0 0 0 0 0 0 0 0 0 0 0 0 2 1 0 0 0 4 0 0 0 0 0 3 1 2 3 0 0 0 
2 0 5 0 0 0 0 0 0 0 0 0 0 0 0 0 0 0 0 0 0 0 0 0 0 0 0 5 0 0 0 5 5 0 
2 0 4 0 0 0 0 0 0 0 0 0 0 0 0 0 0 2 0 3 0 0 0 0 0 2 1 4 2 3 0 4 4 2 
400 43
4 1 4 2
4 1 2 1
4 1 5 1
15 27 15 26
15 27 12 27
15 27 17 27
19 11 19 9
19 11 19 16
19 11 15 11
19 11 21 11
21 29 21 26
21 29 21 30
21 29 9 29
21 29 23 29
29 13 29 11
29 13 29 16
29 13 26 13
30 8 30 4
30 8 30 21
30 8 24 8
32 32 32 31
32 32 29 32
32 32 33 32
4 1 4 2
4 1 2 1
13 16 13 14
13 16 7 16
13 16 19 16
17 14 16 14
11 15 8 15
17 14 16 14
8 15 8 14
8 15 6 15
8 15 8 14
16 14 16 15
16 14 14 14
14 14 14 9
14 14 14 15
14 14 13 14
14 14 14 9
14 14 14 15
17 10 17 9
17 10 17 9

4754

1 1 4     3 3     2 1   4                 3 2 3           2   4 3 3 
3   5             3 2 1 2 1 1 2           3                   6 2   
2 3   2 4   3                           3           3     4 3   2   
1 ǁ   1 3   3               2       2   4       2     1   3 2   2   
  5 5                                               5         5 3 2 
  1   1 2 2 3           3   3 2 1 2       3 2 3 1   2 1   1   3 4 3 
      2 4               4 1   2   1 1 3 2   4 6     2         3 2 3 
      2 4   2 1 2       3 1   | 4     3 2   2 3   2 1               
3   4                       5 4 | 2   3   4                   4 4 4 
  1   1 2   3 2 4     3 1     | |   1   1   2   4       3 3 2       
  3     2     1               | |   3             1   2   |         
                              1 |             2 5     3   |         
                                |             2   2   3   | 2       
  3     3   4   5           5 - 5                     |   | 2       
          2   1   2 = = = = 6 2 |                     |   | 2       
      2           3   3     | 1 |   4 4 3         2 4 5   |         
        3 4   2   2   |     4 1 | 3   4 2         1 2 |   | 2   3 3 
          1       3 2 |     2   |   1 4 1   3 3   1 2 5   |         
                      |         |   1 2 2     3           |         
                  3 - 7 - - - - 3   2 3       2     2 5 2 |         
3 4     4 3     2 3 2 |   1   2 1   2         2       3 1 |     3   
  2     3 5 5 5 3     5       3 3                 3 5 - - 7 3       
3 3   2     4 2 2 1 1 3     2 1 1     3 3   3 4       3 2 | 1       
1 4   1 3   5                     4 2   2   2 3   1 1 3 3 5 4   1   
2 3   3 5 3   1 2 2   1 1 3   4   5   4 3   2 3   1 2   1 2 3   1   
      2     4 2 | 4                       4     4   5 4   3 1       
        2   5 2 |   1     3 2   3     3 1   3 2   1   2   4 3       
        1   2 1 |   1 2 1 | 3 3   2   5 4   4   5 3   3 1   3   2   
        2 5 5 3 |         | 1 2   1 1 3 3   3 1 2 1 3 4 1         2 
          1 2 2 | 3 2 2 - 5 - - 4         4               5 2   3 2 
        3 - - - 5 - - - - - - - - - - - - 4           2 3 5 3   | 2 
2   5                           2 1       4           3 1 2 3   |   
2   5                                                 5       5 5   
2   4                             2   3           2 1 4 2 3   4 4 2 
