34 34
2 0 0 0 0 0 0 0 0 0 0 0 0 0 3 2 1 1 0 3 0 0 0 0 0 0 3 0 0 0 3 3 0 3 
2 3 0 4 4 2 2 3 4 0 1 0 0 0 0 3 0 0 0 4 0 0 0 0 4 5 5 4 5 2 0 2 1 0 
2 4 1 0 3 4 2 0 3 0 1 0 0 0 0 2 1 0 0 2 1 0 0 0 4 4 0 2 3 0 0 0 2 0 
0 2 0 3 0 0 0 5 0 0 0 0 0 0 5 0 0 0 0 0 0 0 0 0 0 0 5 0 0 0 4 3 3 0 
3 0 0 0 0 0 0 3 1 0 4 0 4 1 0 1 0 4 4 3 5 4 4 4 2 0 0 4 0 5 3 1 2 0 
2 1 0 0 3 0 0 0 0 3 0 1 2 0 0 0 0 0 0 1 0 3 2 0 3 2 0 4 2 0 2 0 4 4 
2 3 2 1 4 2 0 0 0 0 3 0 0 0 5 0 0 4 4 2 0 1 1 0 2 1 0 2 2 0 0 2 0 3 
1 0 2 2 3 2 0 0 0 0 2 3 0 0 6 3 0 0 0 0 4 0 3 4 3 1 0 2 2 0 0 0 0 2 
3 5 0 0 0 0 0 0 0 6 0 0 0 0 0 0 0 0 0 0 0 0 0 0 0 0 5 0 0 3 2 4 0 0 
0 0 1 1 3 0 3 1 1 0 0 0 0 0 1 0 0 0 0 0 2 3 4 2 2 2 0 3 4 0 0 3 0 0 
0 0 0 0 2 1 0 0 2 0 0 0 0 0 2 0 3 0 0 0 4 2 0 0 0 2 0 3 3 1 0 3 0 0 
1 0 3 4 0 0 4 3 0 0 0 0 0 0 0 0 0 0 1 0 0 0 0 0 0 0 0 2 3 4 1 0 0 0 
1 0 2 3 0 0 0 2 3 0 0 0 0 0 0 0 0 2 4 0 0 0 0 2 3 4 0 0 0 3 1 0 0 3 
0 0 1 2 0 0 0 1 3 0 0 0 0 0 0 0 0 1 0 0 0 0 0 1 4 6 0 4 6 0 0 4 0 0 
3 5 0 0 0 0 4 2 3 0 0 0 0 0 0 0 0 0 0 0 0 0 0 0 0 2 0 0 0 2 1 0 0 0 
2 3 0 0 3 1 0 1 0 0 0 0 0 0 0 1 5 0 6 1 0 0 0 0 0 0 0 0 6 5 2 0 0 0 
0 3 2 0 3 1 0 0 0 0 0 0 0 0 0 0 0 0 0 0 0 0 0 0 0 0 0 0 0 0 1 0 0 0 
2 2 1 0 3 2 0 0 0 0 0 0 0 0 0 0 0 0 0 0 0 0 0 3 6 2 0 0 0 0 1 0 0 0 
0 0 3 2 0 3 5 5 0 0 0 0 0 0 0 0 0 0 0 0 0 0 0 0 0 0 0 0 0 0 0 0 0 0 
0 0 4 0 5 0 2 0 0 0 0 0 0 0 1 0 0 0 0 0 0 0 0 0 0 0 0 0 0 0 2 0 0 0 
0 0 2 2 0 1 0 0 0 0 0 0 0 0 0 0 0 0 0 0 0 0 0 0 0 0 0 0 0 0 0 0 0 0 
0 0 2 4 0 4 4 6 3 0 0 0 0 0 0 0 1 0 0 0 0 0 0 0 0 1 0 3 0 0 0 0 0 0 
0 0 4 5 0 2 2 6 3 0 0 0 0 2 0 0 0 0 3 0 0 0 0 0 2 0 0 3 0 0 0 0 0 0 
0 0 0 1 0 2 0 2 1 0 0 0 0 0 0 0 0 0 0 0 0 0 0 0 0 0 0 0 3 3 3 0 0 0 
0 0 3 0 4 0 0 0 0 5 0 0 0 0 0 0 0 0 0 0 4 0 5 4 2 1 0 4 0 3 3 0 0 0 
0 0 2 0 3 0 3 3 3 4 0 0 0 0 0 0 0 2 1 1 4 2 3 0 4 2 0 2 0 3 2 0 0 0 
3 6 0 0 0 0 0 0 0 0 0 0 0 0 0 0 0 0 0 0 0 0 0 0 0 0 5 0 0 0 0 4 5 5 
0 0 2 0 0 0 0 2 1 3 0 0 0 0 0 0 0 4 0 5 0 2 0 2 3 2 0 2 0 3 2 0 3 3 
0 0 3 4 3 0 0 0 3 3 2 0 0 0 0 3 1 0 1 5 3 0 0 0 5 2 0 5 3 0 1 0 3 2 
3 0 2 0 0 2 0 4 5 2 0 2 0 4 0 5 2 0 0 2 0 0 1 0 3 2 0 2 1 0 1 0 0 0 
3 0 1 0 0 0 1 2 1 1 3 0 0 0 0 0 0 5 0 0 0 0 0 0 0 0 4 0 0 2 2 4 5 4 
2 5 0 3 2 3 0 0 0 0 0 0 0 0 0 0 0 6 3 0 0 0 0 0 2 1 0 1 0 3 0 3 2 2 
3 6 0 0 5 0 0 0 3 0 0 0 0 0 0 0 0 0 0 0 0 0 0 0 0 0 4 0 0 0 0 0 6 4 
1 2 3 3 3 0 0 0 0 0 0 0 0 0 0 0 0 0 2 3 3 0 0 0 0 0 3 0 0 0 2 2 3 2 
400 34
1 25 1 24
1 25 1 26
1 25 2 25
1 28 1 27
1 28 1 29
1 28 2 28
18 7 18 6
18 7 15 7
18 7 21 7
26 33 26 32
26 33 12 33
26 33 27 33
29 15 29 13
29 15 29 16
29 15 28 15
31 17 31 5
31 17 31 18
31 17 30 17
31 17 31 5
31 17 31 18
31 17 30 17
18 7 18 6
18 7 21 7
21 7 21 6
21 7 21 8
21 7 22 7
21 7 21 6
22 7 22 6
22 7 22 8
22 7 23 7
22 7 22 6
22 7 22 8
21 6 21 5
21 6 19 6

3393

2                           3 2 1 1   3             3       3 3   3 
2 3   4 4 2 2 3 4   1         3       4         4 5 5 4 5 2   2 1   
2 4 1   3 4 2   3   1         2 1     2 1       4 4   2 3       2   
  2   3       5             5                       5       4 3 3   
3             3 1   4   4 1   1   4 4 3 5 4 4 4 2     4   5 3 1 2   
2 1     3         3   1 2             1   3 2   3 2   4 2   2   4 4 
2 3 2 1 4 2         3       5     4 4 2   1 1   2 1   2 2     2   3 
1   2 2 3 2         2 3     6 3         4   3 4 3 1   2 2         2 
3 5               6                                 5     3 2 4     
    1 1 3   3 1 1           1           2 3 4 2 2 2   3 4     3     
        2 1     2           2   3       4 2       2   3 3 1   3     
1   3 4     4 3                     1                 2 3 4 1       
1   2 3       2 3                 2 4         2 3 4       3 1     3 
    1 2       1 3                 1           1 4 6   4 6     4   | 
3 5         4 2 3                                 2       2 1     | 
2 3     3 1   1               1 5   6 1                 6 5 2     | 
  3 2   3 1   |                                             1     | 
2 2 1   3 2   |                               3 6 2         1     | 
    3 2   3 5 5                                                   | 
    4   5   2 ǁ             1                               2     | 
    2 2   1 | ǁ                                                   | 
    2 4   4 4 6 3               1                 1   3           | 
    4 5   2 2 6 3         2         3           2     3           | 
      1   2   2 1                                       3 3 3     | 
    3   4         5                     4   5 4 2 1   4   3 3     | 
    2   3   3 3 3 4               2 1 1 4 2 3   4 2   2   3 2     | 
3 6                                                 5         4 5 5 
    2         2 1 3               4   5   2   2 3 2   2   3 2   3 3 
    3 4 3       3 3 2         3 1   1 5 3       5 2   5 3   1   3 2 
3   2     2   4 5 2   2   4 - 5 2     2     1   3 2   2 1   1       
3   1       1 2 1 1 3             5                 4     2 2 4 5 4 
2 5   3 2 3 = = = = = = = = = = = 6 3           2 1   1   3   3 2 2 
3 6     5       3                                   4           6 4 
1 2 3 3 3                           2 3 3           3       2 2 3 2 
