34 34
2 1 0 0 0 0 0 1 0 2 0 0 0 0 0 0 0 0 0 0 0 0 0 0 4 2 0 3 1 1 1 4 4 3 
4 0 0 0 0 0 0 0 0 0 0 0 0 0 0 0 0 0 0 0 0 0 0 0 5 0 0 6 3 4 0 5 2 0 
0 3 4 0 0 0 4 3 2 2 0 4 2 0 1 1 3 1 0 3 1 2 2 0 0 0 0 0 0 0 1 0 2 0 
0 0 0 2 2 1 0 3 4 0 0 4 0 0 0 0 5 3 3 4 0 3 2 1 0 0 0 0 0 0 0 0 0 0 
0 0 4 5 5 3 0 1 1 1 1 0 2 0 3 0 0 1 0 0 1 2 1 0 0 0 0 0 0 0 2 0 0 0 
0 0 2 0 1 0 0 3 0 5 3 0 1 0 0 0 0 0 0 0 4 5 3 3 0 0 0 0 0 0 0 0 0 0 
0 4 4 3 3 3 0 0 1 0 2 0 4 0 5 0 6 1 0 0 2 0 0 0 0 0 0 0 0 0 0 0 0 0 
0 0 0 0 0 0 0 4 3 0 1 0 3 0 1 0 0 0 0 0 0 0 0 0 0 2 0 0 0 0 3 0 0 0 
0 0 3 3 0 0 0 1 0 0 0 0 0 1 0 0 4 0 0 0 2 0 0 0 0 0 0 0 0 0 0 0 3 0 
0 0 0 0 0 0 0 0 0 0 0 0 3 0 0 0 3 0 0 0 0 0 0 0 0 0 0 0 0 0 0 0 0 0 
0 0 0 0 0 0 0 1 0 0 0 0 0 0 0 0 0 0 1 0 0 0 0 0 0 0 0 0 0 0 0 0 0 0 
3 0 0 0 0 0 0 0 0 0 0 0 0 0 0 0 0 0 0 0 0 0 0 0 0 0 0 0 0 0 0 0 0 0 
1 0 3 4 5 3 0 4 0 6 0 5 2 0 0 0 0 0 0 5 4 0 0 0 0 5 0 5 1 0 0 0 0 0 
1 0 0 0 2 1 0 3 0 4 1 0 1 0 2 1 0 3 2 0 1 0 1 0 0 0 0 0 0 0 0 0 0 0 
0 0 0 0 2 0 4 0 0 0 0 5 0 0 4 0 0 6 3 0 1 0 1 0 0 0 0 0 0 0 0 0 0 0 
0 0 0 0 2 1 0 1 2 2 2 0 1 0 5 0 1 0 0 0 2 0 0 0 0 1 0 0 0 0 0 0 0 0 
0 0 2 5 0 0 7 0 5 3 2 0 0 0 2 2 0 5 1 0 0 0 0 0 0 0 0 2 1 0 0 0 0 0 
0 0 2 4 1 1 4 1 2 3 2 0 0 1 0 2 1 2 0 0 2 4 5 3 0 0 0 0 0 0 0 0 0 0 
3 4 0 0 0 0 0 0 0 0 0 5 0 0 0 0 0 0 0 4 3 0 0 2 0 2 0 0 0 5 4 0 0 0 
0 0 2 0 0 3 0 0 0 2 2 0 0 0 1 0 2 0 0 0 0 0 5 3 0 3 0 2 0 0 1 0 0 0 
0 0 0 0 0 0 0 0 0 2 3 0 1 0 0 0 5 0 0 3 3 0 0 1 0 0 0 2 0 5 5 0 0 0 
0 0 0 0 0 3 0 2 0 1 0 0 1 2 0 0 4 2 1 0 2 0 4 3 0 1 0 0 0 1 2 0 0 3 
0 0 0 0 0 1 0 0 0 0 0 0 2 0 0 0 4 2 0 0 0 0 3 2 0 0 0 0 0 0 0 0 0 0 
0 0 3 0 0 0 0 0 0 0 0 6 0 0 0 0 0 0 0 0 0 5 0 0 4 0 0 0 0 0 0 4 5 3 
0 0 3 2 4 0 5 5 0 3 1 0 3 0 2 2 0 0 3 1 1 0 4 2 0 1 3 3 2 2 2 0 0 0 
0 0 1 0 4 1 0 3 0 2 1 0 4 2 0 3 0 0 5 4 2 0 0 0 0 0 0 4 0 2 0 0 0 0 
0 2 1 0 3 0 6 0 0 0 0 7 0 0 2 0 2 0 5 0 1 0 4 0 4 2 0 2 1 4 4 1 0 2 
2 1 0 2 0 1 0 1 2 1 0 0 1 0 2 0 0 0 0 0 0 0 3 4 0 0 5 0 0 3 1 2 0 2 
3 3 0 0 3 3 0 2 3 0 0 5 0 0 4 5 0 0 4 0 0 0 0 0 3 4 0 0 0 3 1 0 0 2 
0 3 0 0 1 0 4 0 0 2 1 2 2 1 0 0 2 3 0 2 2 0 2 0 3 0 0 3 2 0 0 0 0 0 
3 4 0 4 2 2 3 4 0 3 0 0 0 0 5 5 0 3 1 2 2 0 1 0 1 3 0 6 3 0 2 4 0 0 
0 2 0 1 1 2 1 3 0 0 2 0 0 0 4 0 3 0 0 4 2 0 0 0 0 0 0 1 0 0 1 0 4 2 
4 0 5 0 0 0 0 0 0 0 0 0 0 0 0 0 0 0 0 0 0 5 0 6 0 0 0 0 0 5 0 4 4 2 
3 0 5 0 0 0 0 0 0 4 0 2 1 0 2 0 0 0 0 0 0 4 1 2 1 2 0 0 0 3 1 2 4 2 
400 54
11 0 1 0
11 0 12 0
11 0 1 0
16 6 16 3
16 6 16 8
16 6 14 6
16 6 17 6
20 30 20 29
20 30 19 30
20 30 21 30
26 11 26 6
26 11 26 14
26 11 23 11
26 11 28 11
27 26 27 23
27 26 27 29
27 26 24 26
30 15 30 14
30 15 30 17
30 15 28 15
33 2 33 0
33 2 33 9
33 2 32 2
1 0 1 24
1 0 0 0
18 30 18 29
18 30 7 30
18 30 18 29
18 30 7 30
20 30 20 29
20 30 21 30
25 12 25 13
25 12 24 12
25 12 25 13
25 12 24 12
29 13 29 12
0 0 0 1
0 7 0 9
0 9 0 24
0 24 0 25
0 24 1 24
0 24 0 25
0 27 0 28
0 27 1 27
0 27 1 27
1 27 1 24
1 27 1 28
1 27 12 27
1 27 1 24
4 30 2 30
4 30 7 30
1 24 23 24
7 25 12 25
7 25 12 25

4094

2 1           1 - 2 - - - - - - - - - - - - - - 4 2   3 1 1 1 4 4 3 
4 - - - - - - - - - - - - - - - - - - - - - - - 5 = = 6 3 4   5 2   
ǁ 3 4       4 3 2 2   4 2   1 1 3 1   3 1 2 2   |     |     1   2   
ǁ     2 2 1   3 4     4         5 3 3 4   3 2 1 |     |     |       
ǁ   4 5 5 3   1 1 1 1   2   3     1     1 2 1   |     |     2       
ǁ   2   1     3   5 3   1               4 5 3 3 |     |     |       
ǁ 4 4 3 3 3     1   2   4   5   6 1     2       |     |     |       
ǁ             4 3   1   3   1                   | 2   |     3       
ǁ   3 3       1           1     4       2       | ǁ   |     ǁ   3   
ǁ                       3       3               | ǁ   |     ǁ       
ǁ             1                     1           | ǁ   |     ǁ       
3                                               | ǁ   |     ǁ       
1   3 4 5 3   4   6   5 2             5 4       | 5   5 1   ǁ       
1       2 1   3   4 1   1   2 1   3 2   1   1   |           ǁ       
        2   4         5     4     6 3   1   1   |           ǁ       
        2 1 | 1 2 2 2   1   5   1       2       | 1         ǁ       
    2 5 - - 7 - 5 3 2       2 2   5 1           |     2 1   ǁ       
    2 4 1 1 4 1 2 3 2     1   2 1 2     2 4 5 3 |           ǁ       
3 4                   5               4 3     2 | 2       5 4       
    2     3       2 2       1   2           5 3 | 3   2     1       
                  2 3   1       5     3 3     1 |     2   5 5       
          3   2   1     1 2     4 2 1   2   4 3 | 1       1 2     3 
          1             2       4 2         3 2 |                   
    3                 6                   5     4             4 5 3 
    3 2 4   5 5   3 1 | 3   2 2     3 1 1   4 2   1 3 3 2 2 2       
    1   4 1   3   2 1 | 4 2   3     5 4 2           | 4   2         
  2 1   3   6 - - - - 7 - - 2   2   5   1   4   4 2 | 2 1 4 4 1   2 
2 1   2   1   1 2 1   | 1   2               3 4 - - 5 - - 3 1 2   2 
3 3     3 3   2 3     5     4 5     4           3 4       3 1     2 
  3     1   4     2 1 2 2 1   | 2 3   2 2   2   3     3 2           
3 4   4 2 2 3 4   3         5 5 - 3 1 2 2   1   1 3   6 3   2 4     
  2   1 1 2 1 3     2       4   3     4 2             1     1   4 2 
4   5                                     5   6           5   4 4 2 
3 - 5 - - - - - - 4   2 1   2             4 1 2 1 2       3 1 2 4 2 
