34 34
1 5 3 0 0 5 3 0 3 0 6 0 0 0 0 0 0 0 0 0 0 0 0 3 3 0 0 3 0 2 2 0 4 1 
4 8 0 0 0 8 0 0 0 0 8 0 0 0 0 0 0 0 0 0 0 0 0 0 0 0 0 0 0 0 0 0 7 4 
4 0 3 3 2 0 3 0 2 1 0 2 0 0 3 3 4 0 0 0 0 4 0 6 0 0 0 0 3 2 1 2 0 0 
2 0 2 0 0 0 3 2 2 2 0 4 0 0 7 0 0 0 0 0 0 0 0 7 0 0 0 0 0 0 0 6 0 2 
3 8 0 5 5 0 0 0 0 0 0 4 5 2 0 2 1 2 4 0 4 0 4 4 4 0 0 3 3 2 0 0 0 2 
0 6 0 2 3 0 0 0 0 3 0 6 6 0 7 6 5 0 0 0 0 0 7 0 0 0 0 0 0 0 0 5 0 0 
0 4 2 2 1 0 0 0 0 0 0 0 0 1 0 0 0 2 0 0 4 0 0 0 0 0 0 0 2 0 0 0 0 0 
3 0 0 4 3 0 0 0 0 0 0 0 5 3 0 4 0 4 0 4 0 0 0 0 0 0 0 0 0 0 0 0 0 3 
0 3 0 5 4 0 5 8 8 5 0 0 0 0 0 4 0 4 0 0 0 0 0 3 5 0 3 4 7 0 3 0 0 0 
0 4 2 0 2 0 0 0 3 3 0 0 0 0 0 2 0 4 0 7 6 2 0 0 0 2 0 0 3 1 0 0 0 0 
3 0 0 6 3 0 2 0 1 2 0 4 0 0 0 1 0 1 2 0 1 0 0 0 0 3 5 0 0 0 0 0 0 0 
2 0 0 7 4 0 0 0 0 0 0 2 0 0 0 0 0 4 3 0 0 0 0 3 0 0 0 0 0 0 0 0 4 3 
2 3 0 6 2 0 0 0 0 0 0 0 0 0 0 0 0 0 0 0 0 0 0 0 0 0 0 0 0 0 0 0 0 0 
0 3 2 4 2 0 0 0 0 0 0 1 1 0 0 0 0 0 0 0 0 0 0 0 0 0 0 0 3 0 0 0 0 0 
6 0 0 0 0 7 0 8 7 4 0 0 0 0 0 3 0 4 0 0 0 0 0 2 6 2 0 0 0 3 2 0 0 2 
0 2 4 3 1 0 1 2 0 2 0 0 0 0 0 0 0 0 0 0 0 0 0 0 3 1 0 6 5 0 2 0 0 1 
4 0 5 6 2 0 0 2 0 0 0 0 0 0 0 0 0 0 0 3 0 0 3 0 0 0 4 0 0 0 0 0 0 1 
0 0 0 0 1 0 4 4 4 0 0 0 0 0 0 0 0 4 0 0 0 4 0 0 0 0 6 6 0 0 0 0 0 3 
0 0 0 6 5 0 0 1 0 0 0 5 0 0 6 5 6 0 0 4 4 5 0 0 4 1 4 6 3 0 0 0 0 0 
0 0 0 3 4 0 0 4 4 0 0 5 2 0 0 2 3 0 0 0 0 4 3 1 3 2 2 4 2 0 0 0 5 5 
0 0 0 1 2 0 0 2 1 0 0 5 0 0 8 0 0 0 0 0 0 0 0 0 0 0 0 0 0 8 4 0 0 2 
2 0 3 0 0 6 6 0 3 3 0 3 2 0 3 0 0 0 0 0 2 0 0 0 0 0 0 0 0 8 4 0 0 2 
2 0 1 0 3 2 3 3 4 2 0 0 0 0 0 0 0 0 0 0 0 0 2 0 0 0 0 0 0 4 2 0 0 0 
6 8 0 0 7 0 0 0 0 0 6 0 0 0 0 0 0 0 0 0 0 0 0 0 0 0 0 0 0 0 0 4 0 0 
0 0 4 4 0 2 0 6 3 1 0 3 0 6 0 3 0 0 0 0 0 0 0 0 0 4 0 0 1 0 0 0 6 6 
0 0 6 6 0 2 0 8 4 2 0 3 4 0 2 6 0 0 0 0 0 0 3 1 2 6 4 0 2 0 0 0 2 0 
0 0 0 4 0 1 1 0 2 0 8 0 4 5 0 7 0 0 0 0 0 0 0 0 0 0 0 0 0 0 0 6 3 0 
0 0 0 2 0 0 0 0 2 0 6 4 0 5 2 0 1 0 0 5 0 6 0 5 5 3 3 3 4 3 2 0 0 0 
0 0 4 0 6 5 3 0 2 0 4 4 4 0 0 0 2 0 0 4 1 4 1 0 4 4 2 0 0 3 6 0 3 0 
0 5 0 0 0 0 0 6 0 0 0 3 3 0 0 6 0 0 0 0 0 0 0 6 0 0 0 5 6 2 2 0 1 0 
0 5 0 0 0 0 0 0 0 0 0 0 0 6 4 4 4 2 1 0 0 0 0 5 0 0 0 4 0 4 2 0 1 0 
0 4 0 0 0 4 3 1 2 0 0 0 0 3 1 0 0 0 0 0 0 0 0 0 0 0 0 0 0 0 0 5 3 0 
5 0 0 0 0 0 0 0 0 0 0 0 0 0 0 0 0 0 0 0 0 0 0 0 3 4 0 6 0 0 0 7 4 4 
4 0 0 0 0 0 0 0 0 0 0 0 0 0 4 0 0 0 0 0 0 0 3 1 3 4 1 4 4 4 2 2 2 2 
400 648
0 1 0 0
0 1 0 2
0 1 1 1
0 5 0 2
0 5 0 6
0 5 1 5
0 10 0 8
0 10 0 23
0 10 1 10
0 10 0 8
0 10 0 23
0 10 1 10
1 0 1 1
1 0 2 0
1 0 1 1
1 0 2 0
1 1 1 5
1 1 0 1
1 1 4 1
1 5 1 1
1 5 1 10
1 5 0 5
1 5 14 5
1 10 1 5
1 10 1 32
1 10 23 10
2 0 3 0
2 23 2 21
2 23 2 28
2 23 3 23
2 23 2 21
2 23 2 28
2 23 3 23
3 14 3 11
3 14 3 23
3 14 2 14
3 14 5 14
4 1 4 0
4 1 4 3
4 1 1 1
4 1 5 1
4 4 4 3
4 4 2 4
4 4 5 4
4 12 4 11
4 12 4 13
4 12 5 12
5 1 5 3
5 1 4 1
5 1 6 1
5 1 5 3
5 1 4 1
5 11 5 12
5 11 4 11
5 11 10 11
5 11 5 12
5 11 4 11
5 11 10 11
5 12 5 14
5 12 4 12
5 12 7 12
5 14 5 15
5 14 3 14
5 14 18 14
5 22 5 16
5 22 5 31
5 22 4 22
5 22 16 22
6 1 6 2
6 1 8 1
6 1 6 2
6 13 7 13
6 20 6 17
6 20 9 20
6 20 6 17
6 20 9 20
6 28 8 28
7 12 7 13
7 12 13 12
7 12 7 13
7 19 7 17
7 19 9 19
7 19 7 17
7 19 9 19
8 6 8 7
8 6 3 6
8 6 10 6
8 7 8 6
8 7 8 8
8 7 3 7
8 7 14 7
8 7 8 6
8 7 8 8
8 7 3 7
8 8 8 9
8 8 3 8
8 8 9 8
8 24 8 23
8 24 8 26
8 24 14 24
9 19 9 17
9 19 9 20
9 19 16 19
9 20 9 19
9 20 9 21
9 20 10 20
9 21 17 21
10 6 15 6
10 11 11 11
10 26 10 25
10 26 8 26
10 26 16 26
11 3 11 0
11 3 11 4
11 3 10 3
11 3 12 3
14 0 14 5
14 0 12 0
14 0 16 0
14 0 14 5
14 0 12 0
14 0 16 0
14 5 1 5
14 5 21 5
14 5 21 5
14 8 14 7
14 8 14 9
14 8 10 8
14 8 17 8
15 27 15 28
15 27 8 27
15 27 17 27
15 27 15 28
15 27 8 27
15 27 17 27
16 0 16 2
16 0 21 0
17 6 17 7
17 6 21 6
17 6 17 7
17 6 21 6
17 27 17 26
17 27 17 33
17 27 18 27
17 27 17 26
18 3 18 4
18 3 16 3
18 3 19 3
18 3 18 4
18 3 16 3
18 3 19 3
18 11 18 14
18 11 13 11
18 11 19 11
18 27 18 26
18 27 18 28
18 27 19 27
18 27 18 26
18 27 18 28
18 28 19 28
19 32 19 28
19 32 19 33
19 32 24 32
20 11 20 14
20 11 19 11
20 11 21 11
20 14 20 11
20 14 20 29
20 14 18 14
20 14 21 14
20 29 20 14
20 29 20 30
20 29 21 29
20 29 20 30
20 29 21 29
20 29 20 30
20 29 21 29
20 30 21 30
21 5 21 2
21 5 21 6
21 5 22 5
21 5 21 2
21 29 21 20
21 29 21 30
21 29 22 29
21 30 21 29
21 30 22 30
23 0 23 1
23 0 22 0
23 0 32 0
23 0 23 1
23 0 22 0
23 0 32 0
23 1 23 4
23 1 29 1
23 1 23 4
23 1 29 1
23 4 23 10
23 4 22 4
23 4 28 4
23 31 23 10
23 31 26 31
23 31 23 10
23 31 26 31
24 2 24 3
24 2 25 2
24 2 24 3
24 2 25 2
24 3 25 3
24 7 24 5
24 7 24 8
24 7 25 7
24 7 24 5
24 7 24 8
24 7 25 7
24 13 24 11
24 13 24 15
24 13 26 13
24 13 24 11
24 13 24 15
24 13 26 13
24 32 24 33
24 32 19 32
24 32 25 32
24 32 24 33
24 32 25 32
24 33 21 33
24 33 32 33
25 2 25 3
25 2 28 2
25 3 25 2
25 3 24 3
25 3 26 3
25 3 25 2
25 7 25 5
25 7 25 8
25 7 29 7
25 12 25 11
25 12 26 12
25 12 25 11
25 12 26 12
26 3 27 3
26 3 27 3
26 10 26 8
26 10 26 12
26 10 23 10
26 10 27 10
26 10 26 8
26 10 26 12
26 10 23 10
26 10 27 10
26 15 26 13
26 15 26 31
26 15 25 15
26 15 29 15
26 31 26 15
26 31 26 32
26 31 31 31
26 32 28 32
26 32 28 32
27 10 27 8
27 10 27 11
27 10 28 10
27 10 27 8
27 11 27 13
27 11 28 11
27 11 27 13
27 19 27 16
27 19 27 21
27 19 28 19
27 21 27 19
27 21 27 23
27 21 28 21
27 21 27 23
27 21 28 21
27 24 27 23
27 24 27 25
27 24 28 24
28 2 28 4
28 4 28 2
28 4 28 5
28 4 23 4
28 4 28 5
28 10 28 8
28 10 28 11
28 10 28 8
28 11 28 12
28 11 29 11
28 12 29 12
28 21 28 20
28 21 28 22
28 30 28 29
28 30 27 30
28 30 29 30
28 30 28 29
28 30 27 30
28 30 29 30
28 32 29 32
30 1 30 13
30 1 29 1
30 1 31 1
30 32 31 32
31 1 31 5
31 1 30 1
31 1 31 5
31 5 31 6
31 6 31 5
31 6 31 7
31 8 31 13
31 8 31 13
32 31 32 27
32 31 32 32
32 31 31 31
32 31 33 31
33 0 33 14
33 0 32 0
33 0 33 14
33 0 32 0
33 14 33 22
33 14 31 14
33 22 33 23
33 28 33 27
33 28 33 29
33 28 33 27
33 28 33 29
33 29 33 30
0 1 0 2
0 5 0 6
0 6 0 8
0 23 0 24
0 24 0 27
1 10 1 32
1 32 1 33
1 32 0 32
1 32 11 32
2 0 3 0
2 16 2 15
2 16 2 21
2 16 2 15
2 16 2 21
3 2 2 2
3 6 2 6
3 31 3 23
3 31 2 31
3 31 5 31
3 31 3 23
3 31 2 31
3 31 5 31
4 11 4 12
4 18 4 17
4 18 4 20
4 18 4 17
4 18 4 20
4 20 4 22
4 24 4 23
4 24 4 27
4 24 4 23
4 24 4 27
4 27 4 28
4 28 4 29
4 29 4 28
5 14 5 15
5 14 18 14
5 15 5 16
5 15 4 15
5 15 7 15
5 15 5 16
5 31 5 22
6 28 8 28
7 15 7 17
7 15 8 15
7 15 7 17
8 8 8 9
8 8 3 8
8 8 9 8
8 15 8 17
8 15 9 15
8 15 8 17
8 17 9 17
8 27 8 26
8 27 8 28
8 28 8 30
8 28 9 28
9 1 9 2
9 1 8 1
9 1 9 2
9 1 8 1
9 8 9 9
9 25 10 25
10 11 11 11
10 26 10 25
10 26 16 26
11 32 11 33
11 32 1 32
11 32 11 33
14 8 14 7
14 8 14 9
14 8 17 8
14 9 10 9
14 9 15 9
15 1 15 2
15 9 21 9
16 3 16 2
16 3 16 4
16 3 15 3
16 3 16 2
16 26 16 22
16 26 17 26
17 8 17 7
17 8 19 8
17 17 17 21
17 17 14 17
17 17 17 21
17 17 14 17
17 21 17 26
17 26 18 26
17 26 18 26
18 14 18 11
18 14 18 15
18 16 18 15
18 16 18 19
18 16 19 16
18 16 18 15
18 16 18 19
18 16 19 16
18 19 18 20
18 20 18 19
18 20 18 21
18 20 18 21
19 8 19 7
19 8 20 8
19 8 19 7
19 12 19 11
19 27 19 26
19 32 19 33
20 14 21 14
21 0 21 2
22 2 22 4
22 22 22 29
22 30 22 29
23 4 22 4
24 11 25 11
24 33 21 33
24 33 32 33
25 7 25 5
25 7 25 8
25 7 29 7
25 8 25 9
25 8 24 8
25 9 24 9
25 14 25 15
25 25 25 24
25 25 25 26
25 25 24 25
25 25 25 24
25 25 25 26
25 25 24 25
25 26 25 28
27 19 28 19
28 12 29 12
28 19 28 16
28 19 28 16
29 7 29 1
29 7 29 11
29 7 29 1
29 7 29 11
29 28 29 27
29 28 29 29
29 28 27 28
29 28 29 27
29 28 29 29
29 28 27 28
30 1 30 13
30 13 30 14
30 13 27 13
30 13 31 13
30 13 30 14
30 14 30 15
30 14 27 14
30 15 30 16
30 15 29 15
30 15 30 16
30 16 30 17
30 16 30 17
30 18 30 23
30 23 30 27
30 23 29 23
30 29 30 27
30 29 30 30
30 29 30 27
30 29 30 30
31 31 31 32
31 31 32 31
32 33 32 32
32 33 33 33
33 27 33 26
33 27 32 27
33 29 33 30
33 33 33 32
0 24 0 27
0 27 0 29
0 29 0 30
0 30 0 32
0 32 0 33
0 32 1 32
1 33 3 33
2 15 2 14
2 28 2 29
2 29 2 30
3 2 2 2
3 6 2 6
3 11 3 14
3 11 2 11
3 11 2 11
4 15 4 16
4 20 4 22
4 22 4 23
4 23 3 23
5 16 5 22
5 22 16 22
8 3 8 4
8 3 7 3
8 3 10 3
8 17 9 17
8 28 8 30
8 28 9 28
8 30 14 30
10 9 9 9
14 7 15 7
14 17 14 15
14 17 11 17
15 1 15 2
15 2 15 3
15 2 16 2
15 3 15 4
16 4 17 4
16 7 15 7
16 7 17 7
16 19 9 19
18 4 19 4
18 4 19 4
18 7 19 7
18 11 19 11
19 7 20 7
19 12 19 11
19 27 19 26
20 7 22 7
20 11 21 11
20 14 21 14
20 33 19 33
21 6 22 6
21 11 21 12
21 20 21 29
22 5 22 6
22 22 22 29
24 25 24 15
24 25 24 28
25 14 25 15
25 15 25 22
25 15 26 15
25 22 25 15
25 22 25 23
25 26 25 28
27 14 27 13
27 28 27 27
27 28 27 29
27 29 28 29
28 12 29 12
28 24 28 25
28 24 27 24
28 24 28 25
28 25 28 26
28 25 27 25
28 26 27 26
29 15 29 23
29 15 26 15
29 15 29 23
29 23 29 27
29 23 27 23
29 23 30 23
30 23 30 27
31 31 31 32
32 27 32 25
32 27 32 31
32 27 32 25
32 32 32 31
32 32 33 32
33 25 33 24
33 25 32 25
33 25 33 24
33 25 32 25
1 33 3 33
2 2 2 3
2 6 2 8
2 8 2 9
2 14 3 14
3 9 5 9
4 33 7 33
7 33 4 33
7 33 11 33
9 9 8 9
9 17 9 15
11 17 11 18
11 17 10 17
11 17 11 18
11 18 10 18
14 33 14 30
14 33 15 33
15 30 15 28
16 33 17 33
17 33 19 33
18 4 19 4
19 4 19 3
19 33 20 33
20 3 20 4
21 6 22 6
22 7 22 8
26 13 27 13
27 23 27 24
27 25 27 26
27 26 27 27
27 27 29 27
32 24 33 24
3 9 5 9
5 9 8 9
10 15 14 15
14 15 18 15
14 29 9 29
15 30 15 28
18 15 19 15
19 15 19 16
19 21 19 22
19 21 18 21
19 21 19 22
19 21 18 21
19 22 19 23
22 7 22 8
22 8 22 9
22 8 21 8
22 9 21 9
9 28 13 28
13 28 15 28
18 21 18 24
18 24 18 25
18 24 19 24
18 24 19 24
19 24 19 25
21 8 21 9

3862

1 5 3 - - 5 3 - 3 = 6 = = = = = = = = = = = = 3 3 = = 3 - 2 2 - 4 1 
4 8 = = = 8 = = = = 8 = = = = = = = = = = = = = = = = = = = = = 7 4 
4 ǁ 3 3 2 ǁ 3 - 2 1 | 2     3 3 4 = = = = 4 = 6 = = = = 3 2 1 2 ǁ ǁ 
2 ǁ 2   | ǁ 3 2 2 2 | 4 = = 7 - - - - - - - - 7 = = = = = = = 6 ǁ 2 
3 8 - 5 5 ǁ | ǁ ǁ ǁ | 4 5 2 ǁ 2 1 2 4 = 4 = 4 4 4 = = 3 3 2   ǁ ǁ 2 
  6 = 2 3 ǁ | ǁ ǁ 3 | 6 6 - 7 6 5 = = = = = 7 = = = = = = = = 5 ǁ ǁ 
  4 2 2 1 ǁ | ǁ ǁ | | ǁ | 1 ǁ |   2 = = 4   ǁ           2       ǁ ǁ 
3 |   4 3 ǁ | ǁ ǁ | | ǁ 5 3 ǁ 4 = 4 = 4 ǁ   ǁ           ǁ       ǁ 3 
  3   5 4 ǁ 5 8 8 5 | ǁ |   ǁ 4 = 4   ǁ ǁ   ǁ 3 5 - 3 4 7 = 3   ǁ | 
  4 2 | 2 ǁ | | 3 3 | ǁ |   ǁ 2 - 4 - 7 6 2 ǁ   | 2 | ǁ 3 1 |   ǁ | 
3     6 3 ǁ 2 | 1 2 | 4 |   ǁ 1   1 2 ǁ 1 | ǁ   | 3 5 ǁ | | |   ǁ | 
2 - - 7 4 ǁ | | | | | 2 |   ǁ |   4 3 ǁ   | ǁ 3 |   ǁ ǁ | | |   4 3 
2 3   6 2 ǁ | | | | |   |   ǁ |   |   ǁ   | ǁ   |   ǁ ǁ | | |       
ǁ 3 2 4 2 ǁ | | | | | 1 1   ǁ |   |   ǁ   | ǁ   |   ǁ ǁ 3 | |       
6 = = = = 7 | 8 7 4 | |     ǁ 3 - 4   ǁ   | ǁ 2 6 2 ǁ ǁ | 3 2 - - 2 
ǁ 2 4 3 1 ǁ 1 2 ǁ 2 | |     ǁ |   ǁ   ǁ   | ǁ   3 1 ǁ 6 5 = 2     1 
4 - 5 6 2 ǁ   2 ǁ | | |     ǁ |   ǁ   3   | 3 - - - 4 ǁ           1 
|     ǁ 1 ǁ 4 4 4 | | |     ǁ |   4 = = = 4 - - - - 6 6 - - - - - 3 
|     6 5 ǁ ǁ 1 | | | 5 = = 6 5 6 = = 4 4 5 - - 4 1 4 6 3         | 
|     3 4 ǁ ǁ 4 4 | | 5 2   | 2 3         4 3 1 3 2 2 4 2 - - - 5 5 
|     1 2 ǁ ǁ 2 1 | | 5 = = 8 = = = = = = = = = = = = = = 8 4   ǁ 2 
2 - 3 = = 6 6 | 3 3 | 3 2   3           2 = = = = = = = = 8 4   ǁ 2 
2   1 - 3 2 3 3 4 2 |                       2 = = = = = = 4 2   ǁ ǁ 
6 8 = = 7 - - - - - 6 = = = = = = = = = = = = = = = = = = = = 4 ǁ ǁ 
ǁ ǁ 4 4 ǁ 2 = 6 3 1 ǁ 3 = 6 = 3 - - - - - - - - - 4 - - 1     ǁ 6 6 
ǁ ǁ 6 6 ǁ 2 = 8 4 2 ǁ 3 4 ǁ 2 6 = = = = = = 3 1 2 6 4 = 2     ǁ 2 ǁ 
ǁ ǁ | 4 ǁ 1 1 ǁ 2 = 8 = 4 5 - 7 = = = = = = = = = = = = = = = 6 3 ǁ 
ǁ ǁ | 2 ǁ     ǁ 2 = 6 4 = 5 2 ǁ 1 - - 5 = 6 = 5 5 3 3 3 4 3 2 | ǁ ǁ 
ǁ ǁ 4 = 6 5 3 ǁ 2 = 4 4 4 | | ǁ 2 = = 4 1 4 1 | 4 4 2 | ǁ 3 6 | 3 ǁ 
ǁ 5 = = = = = 6 = = = 3 3 | | 6 = = = = = = = 6 - - - 5 6 2 2 | 1 ǁ 
ǁ 5 = = = = = = = = = = = 6 4 4 4 2 1 - - - - 5 = = = 4 = 4 2 | 1 ǁ 
ǁ 4 = = = 4 3 1 2 = = = = 3 1                                 5 3 ǁ 
5                           |                   3 4 = 6 = = = 7 4 4 
4 = = = = = = = = = = = = = 4 - - - - - - - 3 1 3 4 1 4 4 4 2 2 2 2 
