34 34
1 3 0 3 0 0 0 0 4 3 2 0 3 2 3 3 0 0 0 0 4 0 3 3 0 5 0 0 5 5 3 3 4 1 
0 4 2 0 1 0 3 1 0 0 1 4 4 0 4 0 1 2 0 0 0 0 0 4 0 4 1 0 0 0 1 1 0 1 
5 0 0 6 4 2 5 4 0 2 0 3 0 0 5 3 2 0 0 0 0 1 0 3 1 1 0 0 4 6 0 0 5 3 
3 4 1 2 3 0 2 3 0 1 0 0 0 0 0 2 0 3 0 0 0 0 0 0 0 0 0 0 0 0 1 1 4 1 
1 0 0 0 3 6 0 0 5 0 2 3 3 0 2 3 0 0 0 0 3 4 0 0 0 0 1 0 0 0 0 0 0 0 
0 0 0 0 1 3 2 1 0 0 0 1 0 0 0 3 0 0 3 0 1 2 0 0 0 0 0 0 0 0 0 0 0 0 
0 5 0 5 0 0 0 0 4 0 0 0 4 4 0 0 0 0 0 0 0 0 4 0 0 0 2 2 3 0 0 0 0 0 
0 0 1 0 2 0 2 1 0 3 4 1 0 0 3 0 4 1 1 4 3 1 0 2 0 4 4 0 0 0 0 0 0 1 
0 0 0 0 0 1 4 3 0 1 0 1 0 0 0 0 0 3 4 5 1 0 0 0 0 0 2 0 0 4 4 1 0 0 
0 0 0 0 2 0 0 0 0 2 3 0 0 0 0 0 0 3 0 4 3 1 0 0 0 0 0 0 0 3 3 0 0 0 
0 0 2 0 0 0 0 0 0 1 0 2 0 0 0 0 0 0 0 3 0 0 0 0 0 0 0 0 0 0 0 0 0 2 
0 0 0 0 0 0 3 2 0 0 0 0 0 0 3 2 0 2 0 0 0 0 0 1 0 0 0 0 0 0 0 0 0 0 
0 0 0 0 0 0 0 1 0 0 0 0 0 0 1 1 0 1 0 0 0 0 0 0 0 0 3 3 0 0 0 0 0 0 
0 0 4 3 3 0 6 5 0 0 0 0 0 4 0 0 5 0 4 4 1 0 0 0 0 0 0 0 0 3 4 0 6 3 
0 0 5 5 4 3 2 0 0 0 0 0 0 0 2 0 0 0 0 0 0 0 0 0 0 0 0 0 0 2 0 1 0 1 
0 0 3 3 0 2 2 3 0 0 0 0 0 4 4 2 0 0 1 0 0 0 0 0 0 0 0 0 0 4 4 2 0 2 
0 0 0 0 0 1 0 1 0 0 0 0 0 3 1 0 0 1 2 0 0 0 0 0 0 0 0 0 0 0 0 0 0 0 
0 0 1 0 0 2 0 0 0 0 0 0 0 2 2 0 0 3 5 1 0 0 0 0 0 0 0 0 0 0 0 0 0 0 
0 0 0 0 0 0 0 0 0 0 0 0 0 4 3 0 0 1 0 0 0 0 0 0 0 0 0 0 0 0 3 2 0 0 
0 4 0 0 5 3 3 0 5 0 5 3 0 0 0 1 0 2 4 0 0 0 5 0 0 5 3 0 0 0 2 2 0 0 
0 0 0 0 0 2 1 2 0 1 0 0 0 0 0 0 0 0 0 1 0 0 4 0 2 3 1 0 0 3 1 0 0 3 
0 0 1 0 2 4 0 6 0 0 0 0 0 3 0 0 5 0 0 0 0 0 3 2 2 1 0 0 0 0 0 0 0 0 
0 0 0 0 0 1 1 0 0 2 2 0 0 1 3 0 0 0 0 3 0 0 0 0 0 0 0 0 6 0 0 0 5 3 
0 4 0 0 0 0 3 4 0 2 2 0 0 3 3 2 1 3 0 0 0 1 0 2 0 0 2 1 0 3 0 2 2 1 
0 0 1 3 0 0 3 1 0 1 0 0 0 0 1 5 0 5 0 5 0 0 0 3 4 0 5 2 0 3 0 5 6 3 
0 0 2 5 4 0 5 2 4 0 2 0 0 0 0 0 0 1 0 0 0 0 0 0 2 0 0 1 0 3 3 0 0 2 
0 0 0 1 3 1 0 0 0 2 4 1 0 2 2 3 0 0 0 4 0 0 0 0 0 0 4 3 0 0 2 0 0 1 
0 3 0 0 0 0 2 1 4 0 4 1 0 0 0 1 0 0 0 2 0 0 0 0 0 0 0 0 0 5 0 6 7 1 
0 1 2 0 0 0 0 0 3 0 2 1 0 0 0 0 0 0 0 1 0 0 0 0 0 0 0 0 0 2 3 0 3 2 
3 0 0 0 0 0 0 0 0 0 0 0 4 0 0 0 0 0 0 0 0 0 0 0 0 0 0 0 5 0 3 0 1 2 
0 3 0 4 0 0 0 0 0 0 0 0 4 0 0 0 0 0 0 3 2 0 0 0 2 2 2 0 3 0 0 2 0 2 
2 0 1 0 1 0 0 0 0 0 4 3 0 2 3 0 0 0 0 6 0 0 0 0 0 0 0 0 0 0 0 4 4 3 
3 5 3 4 0 0 0 0 0 0 2 2 3 3 2 1 1 0 0 2 2 2 0 3 0 0 0 0 3 0 0 4 2 1 
1 2 0 0 0 0 0 0 0 0 0 0 0 0 0 0 0 0 0 0 3 0 0 2 1 2 0 0 3 2 0 3 2 1 
400 48
0 25 0 23
0 25 0 28
0 25 1 25
0 29 0 28
0 29 0 30
0 29 2 29
2 0 2 3
2 0 0 0
2 0 3 0
6 1 6 3
6 1 3 1
6 1 19 1
14 2 14 3
14 2 13 2
14 2 15 2
27 32 27 31
27 32 27 33
27 32 24 32
27 32 28 32
1 1 1 2
1 1 0 1
1 1 1 2
1 1 0 1
2 0 2 3
2 0 3 0
2 3 2 4
2 3 0 3
2 3 3 3
2 3 2 4
26 33 25 33
27 32 27 31
27 32 24 32
27 32 28 32
0 1 0 3
0 3 0 8
0 8 0 9
0 8 4 8
0 8 0 9
24 32 24 31
24 32 24 33
24 32 23 32
24 32 24 31
24 33 23 33
24 33 25 33
27 31 27 29
27 31 24 31
27 31 30 31
27 31 27 29

3498

1 3 - 3 - - - - 4 3 2   3 2 3 3         4   3 3 - 5 - - 5 5 3 3 4 1 
| 4 2 | 1   3 1 |   1 4 4   4   1 2           4   4 1     | 1 1   1 
5 = = 6 4 2 5 4 | 2   3     5 3 2         1   3 1 1     4 6     5 3 
3 4 1 2 3   2 3 | 1           2   3                         1 1 4 1 
1 |     3 6     5   2 3 3   2 3         3 4         1               
  |     1 3 2 1       1       3     3   1 2                         
  5 - 5         4       4 4                 4       2 2 3           
  | 1   2   2 1   3 4 1     3   4 1 1 4 3 1   2   4 4             1 
  |       1 4 3   1   1           3 4 5 1           2     4 4 1     
  |     2         2 3             3   4 3 1               3 3       
  | 2             1   2               3                           2 
  |         3 2             3 2   2           1                     
  |           1             1 1   1                 3 3             
  | 4 3 3   6 5           4     5   4 4 1                 3 4   6 3 
  | 5 5 4 3 2               2                             2   1   1 
  | 3 3   2 2 3           4 4 2     1                     4 4 2   2 
  |       1   1           3 1     1 2                               
  | 1     2               2 2     3 5 1                             
  |                       4 3     1                         3 2     
  4     5 3 3   5   5 3       1   2 4       5     5 3       2 2     
          2 1 2   1                   1     4   2 3 1     3 1     3 
    1   2 4   6           3     5           3 2 2 1                 
          1 1     2 2     1 3         3                 6       5 3 
  4         3 4   2 2     3 3 2 1 3       1   2     2 1   3   2 2 1 
    1 3     3 1   1         1 5   5   5       3 4   5 2   3   5 6 3 
    2 5 4   5 2 4   2             1             2     1   3 3 | ǁ 2 
      1 3 1       2 4 1   2 2 3       4             4 3     2 | ǁ 1 
  3         2 1 4   4 1       1       2                   5 = 6 7 1 
  1 2           3   2 1               1                   2 3 | 3 2 
3                       4                               5   3 | 1 2 
  3   4                 4             3 2       2 2 2   3     2   2 
2   1   1           4 3   2 3         6                       4 4 3 
3 5 3 4             2 2 3 3 2 1 1     2 2 2   3         3     4 2 1 
1 2                                     3     2 1 2     3 2   3 2 1 
