34 34
2 2 4 4 4 0 0 4 0 3 0 0 0 0 0 0 0 0 0 0 0 0 0 4 3 1 3 3 0 3 3 2 3 2 
0 1 0 1 3 3 0 0 2 0 1 0 4 5 0 0 0 0 3 0 0 3 1 0 2 0 3 3 1 0 1 0 5 2 
5 0 5 0 4 7 2 2 0 0 2 1 0 0 0 0 0 0 0 3 0 5 2 0 1 0 1 1 0 0 0 0 0 3 
2 0 0 1 0 2 0 1 0 0 3 2 0 0 0 0 0 0 0 0 1 4 1 0 3 5 0 0 0 6 0 0 6 3 
4 0 5 0 0 0 0 0 3 0 1 0 0 2 0 0 0 0 0 4 1 0 0 0 2 0 3 2 0 0 3 2 0 1 
3 2 0 0 2 3 0 2 2 3 1 0 0 0 0 0 0 0 0 0 1 5 1 0 2 3 4 4 1 0 3 0 0 0 
4 0 0 3 4 0 0 0 2 2 0 4 4 0 0 0 0 0 4 4 2 0 0 0 0 3 0 3 0 0 2 0 0 2 
3 0 0 0 2 5 1 0 3 5 2 0 3 0 0 2 2 0 5 0 0 7 4 0 4 3 0 3 1 0 2 3 0 0 
0 0 0 4 0 3 0 0 0 2 2 0 1 1 0 3 3 1 3 2 0 2 3 0 4 3 0 2 1 0 0 0 0 0 
0 5 5 0 0 0 0 4 0 0 0 5 0 0 0 0 0 0 0 0 0 0 0 5 0 0 0 0 0 5 0 4 5 3 
0 0 0 2 3 1 0 0 1 2 1 0 3 4 2 0 0 2 0 2 1 1 1 0 2 3 2 3 2 0 2 2 2 0 
0 0 0 0 3 0 0 4 3 6 5 0 0 2 0 0 0 5 0 5 0 5 2 0 4 6 0 5 3 0 0 2 2 0 
0 0 0 0 0 3 4 3 0 0 0 0 3 4 0 5 2 0 0 0 0 3 1 0 0 0 0 0 0 0 0 3 0 0 
0 0 0 2 0 2 3 2 0 4 6 0 0 2 1 0 1 0 0 0 0 3 2 0 0 0 0 0 0 0 0 3 0 0 
0 0 0 0 0 0 0 1 0 3 4 0 0 2 2 0 0 0 0 0 0 0 1 0 0 0 0 0 1 0 0 0 0 0 
0 0 0 0 0 4 4 0 4 0 0 3 4 0 0 2 0 0 0 0 2 5 4 0 0 0 0 2 1 0 0 0 0 0 
2 0 0 0 0 3 3 2 0 2 0 0 4 0 2 4 3 0 1 5 3 0 0 0 0 0 1 3 1 0 0 0 0 0 
0 0 0 0 0 1 2 2 0 3 4 0 3 1 0 3 1 0 0 2 1 0 0 0 0 0 2 4 0 4 4 4 3 0 
0 0 0 0 0 3 0 0 5 0 0 0 0 0 0 0 0 4 0 0 3 0 0 0 0 0 2 0 0 0 2 3 2 0 
0 0 0 0 0 0 0 0 0 0 0 0 0 0 0 0 0 2 2 1 2 0 0 0 0 0 1 0 2 4 0 2 0 0 
0 0 0 0 0 0 0 0 0 0 0 0 0 0 0 0 0 0 0 0 1 0 0 0 0 4 0 4 0 0 0 0 3 0 
0 0 0 4 3 0 4 0 6 0 0 0 0 0 0 0 0 0 4 4 2 0 0 0 0 2 0 0 3 4 5 2 0 0 
0 0 0 0 0 0 0 0 0 0 2 1 0 1 2 0 0 0 0 0 0 0 0 0 0 0 0 1 0 0 0 3 0 0 
0 0 0 2 0 0 3 1 4 0 2 0 0 0 0 0 0 1 0 0 0 0 0 0 3 0 0 0 3 1 0 0 0 0 
0 2 0 1 0 0 1 0 4 0 0 0 0 4 5 1 0 0 0 0 0 0 0 0 3 2 0 0 0 0 5 3 0 0 
0 1 0 2 4 6 0 0 6 0 3 1 0 1 2 0 0 3 2 3 1 0 0 0 0 0 0 0 0 0 0 1 0 0 
0 2 0 1 2 2 2 0 4 0 0 0 0 0 0 0 0 0 0 2 0 0 0 0 3 0 0 0 0 0 4 3 2 0 
0 0 3 0 0 0 0 0 0 0 0 0 0 0 0 0 0 0 0 0 0 7 4 0 0 2 3 0 0 0 0 0 0 0 
0 5 4 0 0 0 0 0 0 0 0 0 0 0 0 0 0 2 0 0 0 0 1 0 0 2 4 0 0 0 5 2 0 0 
0 3 5 0 0 0 0 0 0 0 0 0 0 0 0 0 1 2 0 2 0 6 3 0 0 2 2 1 0 0 4 2 0 0 
0 0 4 0 0 0 0 0 0 2 0 0 0 0 0 0 0 1 0 1 0 4 3 0 0 0 0 0 1 0 0 0 0 3 
4 0 0 0 0 0 0 0 0 0 0 0 0 0 0 0 0 0 0 0 0 0 0 6 4 0 0 0 0 2 1 0 0 0 
3 0 0 0 0 0 0 0 0 0 0 0 0 0 0 0 0 0 0 0 0 3 3 6 5 0 0 0 0 0 0 4 2 2 
2 0 0 0 0 0 0 0 0 0 0 0 0 0 0 0 0 0 0 0 2 3 3 2 3 0 0 0 0 2 0 2 0 0 
400 46
1 13 1 12
1 13 1 18
1 13 4 13
2 0 2 2
2 0 0 0
2 0 3 0
2 5 2 4
2 5 2 6
2 5 1 5
2 5 3 5
7 21 7 18
7 21 7 22
7 21 5 21
7 21 8 21
9 1 9 2
9 1 5 1
9 1 24 1
27 21 27 2
27 21 27 22
27 21 15 21
27 21 29 21
28 1 28 2
28 1 26 1
28 1 29 1
30 2 30 9
30 2 29 2
30 2 30 9
30 2 29 2
6 0 5 0
6 0 7 0
6 0 5 0
6 0 7 0
7 0 16 0
16 0 31 0
31 0 31 23
31 0 32 0
31 0 31 23
31 23 31 24
31 23 9 23
31 23 32 23
31 23 31 24
32 23 32 22
32 23 32 24
32 23 33 23
32 23 32 22
32 23 32 24

3017

2 2 4 4 4     4   3                           4 3 1 3 3   3 3 2 3 2 
| 1   1 3 3     2   1   4 5 - - - - 3     3 1   2   3 3 1   1   5 2 
5 - 5   4 7 2 2     2 1   |           3   5 2   1   1 1           3 
2     1   2   1     3 2   |             1 4 1   3 5       6     6 3 
4   5           3   1     2           4 1       2   3 2     3 2   1 
3 2     2 3   2 2 3 1                   1 5 1   2 3 4 4 1   3       
4 |   3 4       2 2   4 4           4 4 2 |       3   3     2     2 
3 |     2 5 1   3 5 2   3     2 2   5 - - 7 4   4 3   3 1   2 3     
| |   4   3       2 2   1 1   3 3 1 3 2   2 3   4 3   2 1           
| 5 5         4       5                       5           5   4 5 3 
| |   2 3 1     1 2 1   3 4 2     2   2 1 1 1 | 2 3 2 3 2   2 2 2   
| |     3     4 3 6 5     2       5   5   5 2 | 4 6   5 3     2 2   
| |       3 4 3         3 4   5 2         3 1 |               3     
| |   2   2 3 2   4 6     2 1   1         3 2 |               3     
| |           1   3 4     2 2               1 |         1           
| |       4 4   4     3 4     2         2 5 4 |       2 1           
2 |       3 3 2   2     4   2 4 3   1 5 3 |   |     1 3 1           
| |       1 2 2   3 4   3 1   3 1     2 1 |   |     2 4   4 4 4 3   
| |       3     5                 4     3 |   |     2       2 3 2   
| |                               2 2 1 2 |   |     1   2 4   2     
| |                                     1 |   |   4   4         3   
| |   4 3   4   6                   4 4 2 |   |   2     3 4 5 2     
| |                 2 1   1 2             |   |       1       3     
| |   2     3 1 4   2             1       |   | 3       3 1         
| 2   1     1   4         4 5 1           |   | 3 2         5 3     
| 1   2 4 6     6   3 1   1 2     3 2 3 1 |   |               1     
| 2   1 2 2 2   4                     2   |   | 3           4 3 2   
| | 3 - - - - - - - - - - - - - - - - - - 7 4 |   2 3               
| 5 4                             2       | 1 |   2 4       5 2     
| 3 5                           1 2   2   6 3 |   2 2 1     4 2     
|   4 = = = = = = 2               1   1   4 3 |         1         3 
4 = = = = = = = = = = = = = = = = = = = = = = 6 4         2 1       
3                                         3 3 6 5             4 2 2 
2                                       2 3 3 2 3         2   2     
