34 34
3 0 0 0 0 4 0 2 3 0 0 0 0 0 0 0 0 0 0 0 0 0 0 0 0 0 5 3 4 2 4 0 4 2 
2 2 3 2 0 0 2 0 2 0 0 0 0 3 0 0 2 0 0 0 0 0 0 0 0 0 0 2 0 1 3 0 0 0 
0 0 0 0 0 0 4 7 0 0 0 0 0 0 0 0 0 0 0 0 0 0 3 0 0 0 6 3 3 0 0 0 7 5 
4 7 0 0 0 6 2 0 1 2 0 5 0 0 0 0 0 0 0 0 0 0 0 0 6 4 0 5 0 0 4 3 0 0 
2 4 4 0 0 4 2 5 4 0 0 0 2 3 1 4 6 0 0 3 0 1 1 0 5 2 0 3 2 2 0 2 0 0 
2 0 0 0 0 8 6 0 4 4 0 7 4 0 0 2 0 0 0 0 0 0 0 0 2 0 0 1 0 4 0 1 0 0 
4 4 4 6 4 0 2 5 0 1 0 0 0 4 0 0 7 0 0 0 0 0 0 0 0 0 8 4 0 0 0 3 0 0 
2 0 2 0 2 0 1 4 0 1 0 0 0 1 0 0 2 0 0 0 0 0 0 0 0 0 0 4 5 3 0 0 0 0 
4 8 2 6 4 6 0 0 0 0 0 6 0 0 0 0 0 0 0 0 0 0 0 0 0 0 7 0 0 0 8 4 0 0 
4 0 0 0 2 2 2 0 0 3 2 0 0 4 0 0 5 0 0 0 0 4 2 0 5 2 0 3 0 4 0 0 0 0 
6 6 4 8 0 0 5 3 0 4 1 0 1 3 0 0 1 0 0 0 0 0 0 0 0 2 0 0 1 0 3 0 0 0 
0 4 2 0 2 4 0 0 0 0 0 6 0 0 0 0 0 0 0 0 0 6 0 0 7 4 0 3 4 0 0 0 0 0 
0 0 0 0 1 0 4 1 1 3 2 0 0 0 0 0 2 2 0 0 0 6 3 1 0 2 0 0 4 0 0 0 0 0 
0 6 0 7 0 0 7 3 2 5 0 7 0 0 0 0 6 1 0 0 0 5 4 1 7 6 0 5 5 0 0 0 0 1 
0 2 0 0 1 0 5 2 4 8 4 2 0 1 0 0 4 0 4 0 0 2 2 0 2 2 0 3 3 0 2 0 0 1 
0 0 0 0 1 0 5 2 2 2 4 0 0 0 0 4 2 2 4 0 0 0 0 0 0 0 0 1 2 0 1 0 0 0 
6 0 0 7 0 0 0 0 0 0 0 0 0 0 0 0 0 0 0 0 0 0 0 0 0 0 7 0 0 7 0 0 7 4 
0 1 2 0 0 0 0 0 1 0 0 2 1 0 0 0 0 0 0 2 0 0 0 0 0 1 0 3 2 0 0 2 0 0 
0 0 0 0 4 0 0 0 7 2 4 7 0 0 0 0 0 0 0 8 4 0 0 0 3 0 0 0 2 0 0 0 0 0 
0 5 6 0 4 3 0 0 0 0 4 4 0 0 0 0 0 0 0 0 4 0 4 4 7 3 0 0 0 0 0 0 0 0 
0 0 0 0 4 6 0 0 5 0 0 0 0 0 0 0 0 0 0 7 8 4 0 0 5 1 0 0 0 0 0 0 0 3 
2 0 2 0 0 6 3 1 6 0 0 0 4 0 2 0 0 0 0 0 4 0 0 2 0 0 0 0 0 0 2 0 0 2 
2 0 0 0 2 2 3 0 8 2 2 0 0 0 0 0 0 0 0 8 0 0 0 0 0 0 7 5 4 0 0 0 0 1 
0 0 0 0 0 0 0 0 3 1 0 0 0 0 0 2 0 2 0 0 3 0 0 0 4 2 0 1 2 0 0 0 0 3 
6 8 0 7 0 0 0 0 0 0 0 0 0 0 0 6 4 8 0 8 5 0 0 0 0 0 6 5 3 0 0 0 0 0 
0 0 0 0 0 0 0 2 2 4 0 0 0 0 3 0 4 6 3 0 0 0 0 0 0 0 0 3 3 5 5 0 0 0 
0 0 0 0 0 0 0 0 0 0 0 0 0 0 0 2 4 5 3 0 0 2 0 0 0 0 8 2 0 0 4 4 0 0 
0 0 0 0 0 0 0 4 0 0 0 0 0 0 7 0 0 3 3 0 4 0 5 4 5 0 6 2 0 0 2 0 0 0 
0 0 0 0 0 0 0 0 0 0 0 2 2 0 0 0 0 0 3 0 4 0 7 1 4 0 0 2 0 4 6 0 7 6 
4 0 0 0 0 0 0 0 0 0 0 0 0 0 0 0 0 0 0 0 2 3 4 1 4 0 0 2 0 0 2 0 0 0 
4 0 1 3 0 0 0 0 0 0 0 4 3 0 0 2 0 7 3 0 1 0 1 0 4 0 5 2 0 5 2 2 4 0 
4 5 0 0 0 0 0 0 0 0 0 0 1 0 0 0 0 2 0 0 1 5 0 0 0 0 0 0 3 3 0 4 2 5 
0 3 0 0 6 0 0 0 0 0 0 0 0 0 8 0 0 0 0 7 0 0 0 0 0 0 0 6 0 4 2 2 4 3 
0 1 0 0 4 0 0 0 0 0 0 0 2 0 3 1 0 0 0 3 0 0 4 0 0 0 2 2 0 2 0 0 6 2 
400 665
0 26 0 8
0 26 0 27
0 26 2 26
2 7 2 6
2 7 2 22
2 7 0 7
2 7 4 7
2 32 2 28
2 32 2 33
2 32 0 32
2 32 16 32
2 33 2 32
2 33 0 33
2 33 13 33
3 1 3 0
3 1 3 5
3 1 1 1
3 1 4 1
3 11 3 9
3 11 3 24
3 11 5 11
3 24 3 11
3 24 3 25
3 24 4 24
4 16 4 15
4 16 4 19
4 16 6 16
4 16 4 15
4 16 4 19
4 16 6 16
5 5 5 0
5 5 5 6
5 5 4 5
5 5 8 5
5 5 5 0
5 5 5 6
5 5 4 5
5 5 8 5
5 6 5 8
5 6 4 6
5 6 6 6
5 6 5 8
6 0 6 1
6 0 7 0
6 0 6 1
6 0 7 0
6 1 6 2
6 1 8 1
6 2 6 3
6 2 7 2
6 2 6 3
6 3 6 4
6 3 8 3
6 3 6 4
6 3 8 3
6 4 7 4
6 7 6 6
6 7 6 9
6 7 7 7
6 7 7 7
6 16 6 13
6 16 6 26
6 16 7 16
6 26 6 16
6 26 6 27
6 26 2 26
6 26 8 26
7 2 8 2
8 0 8 1
8 0 9 0
8 0 8 1
8 0 9 0
8 3 8 2
8 3 8 4
8 3 10 3
8 3 8 4
8 5 8 4
8 5 8 11
8 5 9 5
8 5 8 4
8 11 8 26
8 11 5 11
8 11 11 11
8 11 8 26
8 11 5 11
8 30 8 26
8 30 8 31
8 30 3 30
8 30 10 30
8 30 8 26
8 30 8 31
8 30 3 30
8 30 10 30
8 31 6 31
8 31 17 31
9 0 10 0
9 13 9 16
9 13 10 13
9 13 9 16
9 13 10 13
9 24 9 22
9 24 9 25
9 24 11 24
9 29 9 27
9 29 16 29
9 29 9 27
9 29 16 29
10 0 10 1
10 0 9 0
10 0 16 0
10 30 14 30
11 11 11 5
11 11 11 21
11 11 13 11
11 11 11 5
11 11 11 21
11 21 11 24
11 21 9 21
11 21 12 21
11 21 11 24
12 21 12 17
12 21 12 22
12 21 13 21
12 21 12 17
12 21 12 22
13 1 13 3
13 1 11 1
13 1 14 1
13 1 13 3
13 1 11 1
13 1 14 1
13 3 13 6
13 3 10 3
13 3 16 3
13 11 13 9
13 11 13 16
13 11 14 11
13 24 13 23
13 24 13 25
13 24 11 24
13 24 14 24
13 28 13 27
13 28 12 28
13 28 14 28
14 9 14 8
14 9 14 10
14 9 13 9
14 9 15 9
14 9 14 8
14 9 14 10
14 9 13 9
14 9 15 9
14 10 14 11
14 10 15 10
14 13 14 16
14 30 15 30
14 33 16 33
15 10 15 15
15 10 18 10
15 10 15 15
15 15 15 16
15 15 23 15
16 0 16 3
16 0 10 0
16 0 21 0
16 3 16 0
16 3 13 3
16 3 24 3
16 3 24 3
16 32 16 33
16 32 2 32
16 32 28 32
16 32 16 33
16 32 28 32
16 32 16 33
18 8 18 4
18 8 18 9
18 8 17 8
18 8 20 8
18 19 18 20
18 19 17 19
18 19 20 19
18 19 18 20
18 19 17 19
18 19 20 19
18 19 18 20
19 1 19 2
19 1 17 1
19 1 24 1
19 2 19 1
19 2 17 2
19 2 21 2
19 2 19 1
19 2 17 2
19 24 19 23
19 24 19 25
19 24 18 24
19 24 20 24
20 20 20 19
20 20 20 21
20 20 19 20
20 20 21 20
20 20 20 19
20 20 20 21
20 20 19 20
20 20 21 20
20 33 21 33
20 33 21 33
21 2 30 2
21 5 21 6
21 5 20 5
21 5 22 5
21 5 21 6
21 5 20 5
21 5 22 5
21 20 21 23
21 20 23 20
22 8 22 6
22 8 22 9
22 8 21 8
22 8 23 8
22 8 22 6
22 8 22 9
22 8 21 8
22 8 23 8
22 10 19 10
22 19 20 19
22 19 24 19
22 33 23 33
23 33 28 33
24 0 24 1
24 0 22 0
24 0 29 0
24 0 24 1
24 0 22 0
24 0 29 0
24 1 31 1
24 17 24 16
24 17 24 19
24 17 23 17
24 17 25 17
24 17 24 16
24 17 24 19
24 17 23 17
24 17 25 17
24 19 24 20
24 19 22 19
24 19 32 19
25 17 25 16
25 17 25 18
25 17 26 17
25 17 25 16
25 18 26 18
25 30 25 29
25 30 21 30
25 30 26 30
26 26 26 21
26 26 26 27
26 26 24 26
26 26 27 26
26 26 26 21
26 26 26 27
26 26 24 26
26 26 27 26
27 7 27 14
27 7 25 7
27 7 27 14
27 7 25 7
27 14 27 17
27 14 25 14
27 14 32 14
27 22 27 20
27 22 27 23
27 22 28 22
27 24 27 23
27 24 27 26
27 24 28 24
27 26 27 24
27 26 27 27
27 26 30 26
28 22 28 20
28 22 28 23
28 22 27 22
28 22 29 22
28 24 27 24
28 24 29 24
28 24 29 24
28 32 28 30
28 32 28 33
28 32 30 32
28 33 28 32
28 33 23 33
28 33 31 33
29 0 30 0
29 24 29 23
29 24 30 24
30 0 29 0
30 0 31 0
30 0 31 0
30 17 30 15
30 17 30 18
30 17 27 17
30 17 31 17
30 24 30 22
30 24 30 26
30 24 30 26
31 0 31 1
31 0 31 1
31 17 30 17
31 21 31 20
31 21 31 28
31 21 29 21
32 14 32 4
32 14 32 19
32 14 27 14
32 14 33 14
32 27 32 19
32 27 32 29
32 27 33 27
32 27 32 19
32 27 32 29
32 27 33 27
33 22 33 19
33 22 33 26
33 22 33 19
33 22 33 26
33 32 33 29
33 32 33 33
33 32 32 32
33 32 33 29
33 32 33 33
33 32 32 32
1 16 1 13
2 33 2 32
3 24 3 25
3 24 4 24
3 25 4 25
3 27 3 30
3 27 2 27
3 27 4 27
3 30 3 27
3 31 4 31
4 2 4 1
4 2 4 5
4 2 4 1
4 2 4 5
4 15 4 14
4 15 5 15
4 19 4 21
4 22 4 24
5 8 5 9
5 8 4 8
5 9 5 11
5 9 3 9
5 9 5 11
5 15 5 12
5 24 4 24
6 4 7 4
6 7 7 7
6 13 6 16
6 13 7 13
6 26 6 27
6 26 2 26
6 26 8 26
6 27 5 27
6 27 7 27
6 31 5 31
7 6 7 7
7 27 7 28
8 1 10 1
8 26 16 26
9 21 9 16
9 21 9 22
9 21 9 16
9 27 11 27
10 0 10 1
10 1 10 2
10 1 8 1
10 1 11 1
10 2 10 3
10 2 11 2
10 2 10 3
10 3 10 6
10 3 13 3
10 3 10 6
10 12 10 13
10 16 9 16
10 28 11 28
11 1 11 2
11 5 11 4
11 28 11 27
11 28 12 28
11 28 11 27
12 10 12 9
12 16 13 16
12 23 12 22
12 28 13 28
13 6 13 7
13 6 12 6
13 6 14 6
13 22 13 21
13 22 14 22
13 22 13 21
13 22 14 22
13 24 13 25
13 24 11 24
13 24 14 24
13 25 12 25
13 25 14 25
13 25 12 25
13 25 14 25
13 27 13 28
13 27 14 27
13 27 14 27
13 27 14 27
14 28 15 28
15 6 15 4
15 6 15 7
15 6 14 6
15 18 15 17
15 18 14 18
15 18 15 17
15 18 14 18
16 0 21 0
16 26 16 29
16 26 22 26
16 26 16 29
16 26 22 26
16 29 25 29
17 25 19 25
17 31 26 31
18 4 18 8
18 4 19 4
18 4 19 4
18 8 18 9
18 8 20 8
18 10 18 11
18 10 19 10
18 10 18 11
18 19 18 20
18 24 19 24
19 4 19 5
19 4 20 4
19 5 20 5
19 10 19 11
19 10 22 10
19 11 18 11
19 20 19 22
19 22 19 20
19 22 19 23
19 22 19 23
19 23 19 24
20 4 20 5
20 4 22 4
20 4 20 5
20 19 22 19
20 21 20 24
21 8 21 7
21 8 20 8
21 8 20 8
21 8 20 8
21 12 21 14
21 12 17 12
21 12 21 14
21 30 25 30
22 4 32 4
22 6 21 6
24 1 31 1
24 3 30 3
24 15 24 16
24 15 23 15
24 15 26 15
24 15 24 16
24 15 26 15
24 19 24 20
24 19 32 19
24 26 24 20
24 26 24 27
24 26 22 26
24 26 24 20
25 16 26 16
25 18 26 18
26 16 26 17
26 16 25 16
26 16 26 17
26 17 26 18
26 17 27 17
26 31 26 30
27 14 25 14
27 18 28 18
27 23 27 22
28 22 28 20
28 22 29 22
28 33 28 32
29 22 29 21
29 22 29 21
30 3 24 3
30 11 30 12
30 11 28 11
30 11 30 12
30 11 28 11
30 15 30 17
30 17 30 18
30 18 28 18
30 20 29 20
30 26 30 27
30 32 30 31
30 32 31 32
30 32 30 31
31 1 32 1
31 12 30 12
31 21 31 28
31 33 31 32
31 33 32 33
31 33 32 33
32 4 32 1
32 4 32 14
32 4 33 4
32 4 32 1
32 14 32 19
32 14 33 14
32 19 33 19
32 29 32 30
32 29 31 29
32 32 32 31
32 32 32 33
33 1 33 4
33 4 33 12
33 4 33 12
33 14 33 15
0 32 0 30
0 32 0 33
0 32 0 30
1 16 1 13
2 26 2 22
2 26 2 27
2 26 0 26
3 5 3 1
3 5 3 6
3 5 0 5
3 8 4 8
3 11 5 11
3 25 4 25
3 31 4 31
4 1 4 0
4 8 4 7
4 13 4 12
4 24 5 24
5 11 5 12
5 12 4 12
5 29 4 29
5 29 7 29
5 29 4 29
5 29 7 29
7 27 7 28
7 29 7 28
9 4 9 5
11 5 11 4
11 25 11 24
11 25 10 25
11 25 11 24
11 25 10 25
12 4 12 6
12 6 12 7
12 6 13 6
12 10 12 9
12 16 13 16
13 6 13 7
13 6 14 6
13 16 13 11
13 16 13 17
13 16 14 16
13 21 14 21
13 21 14 21
14 4 14 6
14 16 14 18
14 16 15 16
14 28 15 28
15 6 15 7
15 6 14 6
15 8 14 8
15 8 14 8
16 29 25 29
17 11 18 11
18 24 19 24
19 5 20 5
19 11 18 11
19 25 20 25
20 21 20 24
20 24 23 24
20 24 23 24
22 26 22 27
22 26 22 27
23 24 23 20
23 24 23 25
25 14 25 9
26 31 26 30
27 18 28 18
27 20 24 20
27 20 28 20
27 20 28 20
28 30 28 29
28 30 27 30
28 30 29 30
28 30 28 29
28 30 27 30
30 26 30 27
30 29 30 30
30 29 28 29
30 29 31 29
31 31 31 29
31 31 32 31
0 30 0 29
0 30 1 30
1 3 1 2
1 6 2 6
1 13 1 8
1 30 1 29
2 22 2 7
3 1 3 0
3 1 1 1
3 5 3 6
3 5 0 5
4 0 3 0
4 6 4 7
4 8 4 7
7 27 7 28
7 28 4 28
9 24 9 25
13 11 13 9
14 7 13 7
17 11 18 11
18 11 19 11
22 26 22 27
22 26 22 27
25 9 25 8
25 9 23 9
25 9 25 8
26 30 26 31
27 27 28 27
29 27 28 27
29 30 30 30
30 29 28 29
31 28 25 28
0 5 0 0
0 5 0 7
0 8 0 26
0 8 1 8
0 29 0 28
1 2 1 3
1 6 2 6
2 6 2 7
2 7 4 7
3 0 1 0
4 27 4 28
4 27 3 27
13 8 13 9
13 8 12 8
25 30 25 29
0 0 1 0
0 28 0 27
0 28 2 28
0 28 0 27
1 27 2 27
25 29 25 28

5575

3 - - - - 4 - 2 3 = = = = = = = = = = = = = = = = = 5 3 4 2 4 = 4 2 
2 2 3 2   ǁ 2 | 2 - - - - 3 = = 2                   ǁ 2 | 1 3   | | 
| ǁ       ǁ 4 7 = = = = = = = = = = = = = = 3 - - - 6 3 3 - - - 7 5 
4 7 = = = 6 2 ǁ 1 2 - 5 = = = = = = = = = = = = 6 4 ǁ 5 = = 4 3 ǁ | 
2 4 4 = = 4 2 5 4 |   ǁ 2 3 1 4 6 = = 3 - 1 1 - 5 2 ǁ 3 2 2 ǁ 2 ǁ | 
2 = = = = 8 6 = 4 4 = 7 4 - - 2 ǁ               2   ǁ 1 | 4 ǁ 1 ǁ | 
4 4 4 6 4 ǁ 2 5 - 1   ǁ   4 = = 7 = = = = = = = = = 8 4 | ǁ ǁ 3 ǁ | 
2 | 2 ǁ 2 ǁ 1 4   1   ǁ   1     2                   ǁ 4 5 3 ǁ | ǁ | 
4 8 2 6 4 6 - - - - - 6 = = = = = = = = = = = = = = 7 = = = 8 4 ǁ | 
4 ǁ   | 2 2 2     3 2 |   4 = = 5 = = = = 4 2 - 5 2 | 3 = 4 ǁ | ǁ | 
6 6 4 8 = = 5 3   4 1 | 1 3     1         |     | 2 | | 1 ǁ 3 | ǁ | 
ǁ 4 2 ǁ 2 4 = = = = = 6 = = = = = = = = = 6 = = 7 4 | 3 4 ǁ | | ǁ | 
ǁ ǁ   ǁ 1 - 4 1 1 3 2 |         2 2 = = = 6 3 1 ǁ 2 |   4 ǁ | | ǁ | 
ǁ 6 = 7 - - 7 3 2 5 = 7 = = = = 6 1       5 4 1 7 6 | 5 5 ǁ | | ǁ 1 
ǁ 2   ǁ 1 - 5 2 4 8 4 2   1 - - 4 - 4     2 2   2 2 | 3 3 ǁ 2 | ǁ 1 
ǁ     ǁ 1 - 5 2 2 2 4 = = = = 4 2 2 4               | 1 2 ǁ 1 | ǁ | 
6 = = 7             |         |                     7 = = 7   | 7 4 
ǁ 1 2 ǁ         1   | 2 1     |       2           1 ǁ 3 2 ǁ   2 ǁ   
ǁ | ǁ ǁ 4 = = = 7 2 4 7 |     |       8 4       3 | ǁ   2 ǁ   | ǁ   
ǁ 5 6 ǁ 4 3     ǁ   4 4 |     |       ǁ 4 = 4 4 7 3 ǁ     ǁ   | ǁ   
ǁ | | ǁ 4 6     5   ǁ   |     |       7 8 4 = = 5 1 ǁ     ǁ   | ǁ 3 
2 | 2 ǁ | 6 3 1 6   ǁ   4 = 2 |       ǁ 4 - - 2 ǁ   ǁ     ǁ 2 | ǁ 2 
2 | | ǁ 2 2 3 = 8 2 2         |       8 |       ǁ   7 5 4 ǁ ǁ | ǁ 1 
ǁ | | ǁ |       3 1           2   2   ǁ 3 - - - 4 2 | 1 2 ǁ ǁ | ǁ 3 
6 8 | 7 |         |           6 4 8 = 8 5 = = = = = 6 5 3 ǁ ǁ | ǁ ǁ 
ǁ ǁ | ǁ |     2 2 4 - - - - 3 ǁ 4 6 3 ǁ |           ǁ 3 3 5 5 | ǁ ǁ 
ǁ ǁ | ǁ |     ǁ             ǁ 2 4 5 3 ǁ | 2 = = = = 8 2 |   4 4 ǁ ǁ 
ǁ ǁ | ǁ |     4 = = = = = = 7 - - 3 3 ǁ 4 - 5 4 5 = 6 2 |   2   ǁ ǁ 
ǁ ǁ | ǁ |             2 2   ǁ     | 3 ǁ 4 = 7 1 4   | 2 | 4 6 - 7 6 
4 ǁ | ǁ |             ǁ     ǁ     | | ǁ 2 3 4 1 4   | 2 | ǁ 2   | | 
4 ǁ 1 3 |             4 3   ǁ 2 = 7 3 ǁ 1 | 1 - 4 = 5 2 | 5 2 2 4 | 
4 5     |               1   ǁ     2   ǁ 1 5 = = = = = = 3 3 - 4 2 5 
  3 = = 6 = = = = = = = = = 8 = = = = 7 = = = = = = = 6 = 4 2 2 4 3 
  1 - - 4 = = = = = = = 2   3 1       3 = = 4 = = = 2 2   2 = = 6 2 
