34 34
1 2 0 0 0 4 0 0 0 4 0 0 0 0 0 0 0 0 0 0 0 1 1 2 1 0 0 0 0 0 3 1 2 3 
1 4 0 5 2 0 2 3 2 0 2 3 0 0 0 0 0 3 0 0 0 0 0 4 0 0 0 0 0 0 5 0 5 4 
2 7 2 0 1 0 0 0 2 0 4 4 0 0 5 0 0 0 2 2 2 0 3 0 2 3 3 1 1 2 0 1 0 0 
1 0 1 0 0 0 2 0 0 0 0 4 0 0 6 2 0 0 1 0 1 2 0 0 2 5 6 1 0 3 0 0 0 0 
0 3 0 4 0 0 0 0 3 0 0 4 3 1 0 3 4 3 2 3 0 5 3 0 2 0 4 2 0 0 0 0 0 0 
0 3 2 0 2 0 0 0 3 0 0 4 5 3 0 0 1 0 0 3 2 0 1 0 0 0 3 3 0 0 0 0 0 0 
2 0 1 0 0 2 0 0 2 0 0 2 3 3 0 4 0 5 4 0 0 4 2 0 4 4 0 0 4 3 0 0 0 0 
0 0 3 0 0 0 0 0 0 0 0 2 3 2 0 3 1 0 0 2 2 3 3 0 0 0 3 3 3 0 0 0 0 0 
0 2 0 0 0 0 3 0 0 0 4 0 0 0 5 0 0 4 3 3 2 0 1 0 3 0 2 0 1 0 0 2 0 0 
0 0 0 0 0 0 2 0 0 0 0 2 3 1 4 0 0 3 0 0 0 6 2 0 2 0 2 6 0 3 0 0 0 0 
3 4 3 0 0 2 0 5 3 0 4 0 5 0 0 0 0 0 0 0 0 0 0 4 0 3 0 5 3 3 0 0 0 0 
0 3 1 0 0 1 2 4 1 0 4 1 2 1 0 5 0 2 1 2 0 0 0 4 3 0 4 3 2 2 0 0 0 0 
0 2 1 0 0 0 2 3 1 0 2 0 0 0 0 4 0 0 0 0 0 0 0 2 3 3 3 3 5 3 0 0 3 0 
3 0 0 3 3 5 0 0 0 4 0 0 0 0 0 0 0 0 0 0 0 0 0 0 0 0 0 0 0 0 5 4 0 0 
2 3 1 0 1 0 1 3 2 0 3 0 0 4 0 2 0 0 0 0 0 0 0 0 0 0 0 0 0 0 0 0 2 0 
2 4 1 0 2 0 3 3 3 0 0 2 2 0 0 0 0 0 0 0 0 0 0 0 0 0 0 0 0 0 0 0 2 0 
2 0 2 5 5 0 0 1 4 0 0 2 2 0 0 0 0 0 0 0 0 0 0 0 0 0 0 0 0 0 0 0 2 0 
0 0 0 0 3 0 0 0 0 0 0 0 0 0 0 0 0 0 0 0 0 0 0 0 0 0 0 0 0 0 0 3 3 0 
0 0 0 0 5 6 4 3 4 0 3 4 3 0 0 0 0 0 0 0 0 0 0 0 0 0 0 0 0 0 0 1 0 0 
0 0 0 0 3 0 2 1 2 0 0 3 3 0 0 1 0 0 0 0 0 0 0 0 0 0 0 0 0 0 0 0 0 0 
2 0 0 0 2 0 1 0 2 0 0 2 2 0 0 0 0 0 0 0 0 0 0 0 0 0 0 0 0 0 0 4 3 0 
1 0 0 0 4 5 0 3 3 0 3 3 0 0 0 0 0 0 0 0 0 0 0 0 0 0 0 0 0 0 0 0 2 0 
2 0 0 0 5 4 3 2 1 0 1 1 0 0 0 0 0 0 0 0 0 0 0 0 0 0 0 0 0 0 0 0 0 2 
0 0 0 0 0 0 0 0 1 0 3 6 3 0 0 0 0 0 0 0 0 0 0 0 0 0 0 0 0 0 0 4 3 1 
0 0 0 0 0 0 1 0 0 0 0 0 1 0 0 0 0 0 0 0 0 0 0 0 0 0 0 0 0 0 0 0 3 1 
0 0 2 0 0 0 1 0 0 0 0 4 3 0 0 0 0 0 0 0 0 0 0 0 0 0 0 0 0 0 0 0 3 0 
0 0 0 0 0 4 4 3 2 0 0 2 2 0 0 0 0 0 0 0 0 0 0 0 0 0 0 0 0 0 0 0 1 0 
0 0 2 0 4 2 2 3 2 0 4 0 0 5 0 0 0 0 0 0 0 0 0 0 0 0 0 0 0 0 4 4 3 0 
0 0 1 0 3 3 0 3 3 0 2 3 3 2 2 0 0 0 0 0 0 0 1 1 0 0 2 1 2 3 0 2 3 0 
0 2 0 4 0 0 0 0 0 4 0 0 0 0 5 0 0 0 0 0 0 0 0 0 0 0 7 4 0 0 0 3 5 4 
5 0 0 5 0 0 4 3 3 0 2 3 3 0 4 4 3 2 0 4 5 3 0 3 2 0 3 3 0 0 0 2 2 3 
0 3 0 5 3 2 2 2 3 0 0 3 3 2 3 4 3 2 1 0 2 3 2 0 2 0 0 5 3 3 0 0 3 2 
3 3 0 0 0 0 0 0 0 5 4 0 0 0 0 0 0 0 0 3 0 2 2 3 0 0 0 0 0 0 3 4 5 1 
1 2 2 2 0 0 0 2 0 4 0 0 0 0 0 0 0 0 0 0 0 0 0 0 0 0 0 0 0 0 2 3 3 1 
400 32
1 3 1 1
1 3 1 4
1 3 4 3
2 1 2 0
2 1 2 2
2 1 1 1
2 1 4 1
2 14 2 11
2 14 2 18
2 14 3 14
18 4 18 5
18 4 17 4
18 4 19 4
29 26 29 14
29 26 29 27
29 26 28 26
29 26 30 26
30 0 30 3
30 0 22 0
30 0 32 0
30 20 30 19
30 20 30 21
30 20 31 20
31 27 31 24
31 27 31 28
31 27 30 27
9 21 9 17
9 21 9 22
9 21 7 21
9 21 9 17
9 21 9 22
9 21 7 21

3245

1 2       4       4                       1 1 2 1           3 1 2 3 
1 4 - 5 2   2 3 2   2 3           3           4             5   5 4 
2 7 2 | 1       2   4 4 - - 5 - - - 2 2 2   3   2 3 3 1 1 2   1     
1 | 1 |     2         4     6 2     1   1 2     2 5 6 1   3         
  3   4         3     4 3 1   3 4 3 2 3   5 3   2   4 2             
  3 2   2       3     4 5 3     1     3 2   1       3 3             
2   1     2     2     2 3 3   4   5 4     4 2   4 4     4 3         
    3                 2 3 2   3 1     2 2 3 3       3 3 3           
  2         3       4       5     4 3 3 2 ǁ 1   3   2   1     2     
            2         2 3 1 4     3 = = = 6 2   2   2 6   3         
3 4 3     2   5 3   4   5                     4   3   5 3 3         
  3 1     1 2 4 1   4 1 2 1   5   2 1 2       4 3   4 3 2 2         
  2 1       2 3 1   2         4               2 3 3 3 3 5 3     3   
3     3 3 5       4                                         5 4     
2 3 1   1   1 3 2   3     4   2                                 2   
2 4 1   2   3 3 3     2 2                                       2   
2   2 5 5     1 4     2 2                                       2   
        3                                                     3 3   
        5 6 4 3 4   3 4 3                                     1     
        3   2 1 2     3 3     1                                     
2       2   1   2     2 2                                     4 3   
1       4 5   3 3   3 3                                         2   
2       5 4 3 2 1   1 1                                           2 
|               1   3 6 3                                     4 3 1 
|           1           1                                       3 1 
|   2       1         4 3                                       3   
|         4 4 3 2     2 2                                       1   
|   2   4 2 2 3 2   4     5                                 4 4 3   
|   1   3 3   3 3   2 3 3 2 2               1 1     2 1 2 3   2 3   
| 2   4           4         5 - - - - - - - - - - - 7 4       3 5 4 
5 - - 5     4 3 3   2 3 3   4 4 3 2   4 5 3   3 2   3 3       2 2 3 
| 3   5 3 2 2 2 3     3 3 2 3 4 3 2 1   2 3 2   2 - - 5 3 3     3 2 
3 3               5 4                 3   2 2 3             3 4 5 1 
1 2 2 2       2   4                                         2 3 3 1 
