34 34
3 0 0 0 0 0 0 0 4 3 0 2 2 4 4 0 0 0 0 0 0 0 0 0 0 0 0 4 4 0 0 0 4 2 
0 4 3 0 0 0 0 0 0 2 0 5 2 0 2 2 0 0 0 0 6 2 2 0 0 0 3 0 4 0 4 2 0 0 
0 2 3 0 0 0 0 0 5 0 0 0 0 6 0 0 0 0 0 0 7 0 0 0 0 0 5 0 4 0 0 0 7 3 
0 3 0 5 0 3 4 2 0 3 0 0 4 0 2 4 3 0 2 2 0 2 4 2 0 4 2 0 3 0 1 0 0 1 
0 0 1 0 1 4 6 2 0 1 1 3 0 0 1 0 5 0 4 0 0 2 8 0 0 7 0 6 0 0 0 0 7 3 
0 4 0 6 0 0 0 0 7 0 0 6 4 0 3 0 2 0 0 0 0 2 2 1 3 3 3 0 2 2 3 2 0 2 
0 2 0 4 2 0 0 0 0 1 0 3 1 0 0 5 0 0 6 3 0 0 2 0 8 3 0 0 5 0 4 3 0 0 
0 3 6 0 0 0 0 0 6 0 0 7 3 0 0 0 3 0 2 0 0 4 0 2 0 0 0 0 4 0 0 0 0 0 
0 1 0 2 0 0 5 2 0 3 4 2 2 0 0 0 2 0 0 0 0 2 1 0 0 0 4 0 0 0 0 0 0 0 
0 0 0 1 5 0 5 2 0 0 4 0 0 0 5 5 0 0 0 0 7 0 0 5 0 1 0 0 0 0 0 0 0 0 
0 2 0 3 6 2 0 0 0 0 0 0 0 0 0 4 0 0 0 0 0 1 3 2 0 2 0 0 0 0 0 0 0 0 
0 0 0 1 0 0 0 0 0 4 8 0 5 0 3 5 0 0 2 0 0 4 8 0 7 3 2 0 5 0 7 5 0 0 
0 4 7 0 8 6 0 0 0 0 2 2 0 0 3 0 0 0 0 0 0 2 0 1 4 1 0 0 3 2 0 2 0 0 
0 1 0 0 0 0 0 0 0 0 0 0 0 0 2 1 0 0 0 0 0 2 0 1 0 0 0 6 0 0 5 1 3 0 
0 0 0 0 0 0 0 0 0 0 2 4 0 0 3 3 0 0 1 0 0 3 0 3 3 4 2 0 0 0 0 0 0 0 
0 3 6 4 6 2 0 0 0 0 0 0 0 0 4 0 0 0 0 0 0 0 0 5 0 6 0 0 0 0 0 0 1 0 
0 4 2 2 6 2 0 0 0 3 0 0 0 0 4 7 0 0 0 0 8 4 0 0 0 0 0 0 0 0 0 0 2 0 
3 5 0 0 0 0 6 0 0 5 5 0 0 0 0 0 3 0 3 0 0 0 0 0 0 0 0 0 0 0 0 1 7 5 
0 0 0 0 0 0 0 0 0 2 2 0 0 0 2 0 0 0 0 0 0 0 0 0 0 0 4 0 0 0 0 0 0 0 
0 2 2 0 4 0 0 4 6 0 0 7 3 0 0 0 0 0 0 0 0 0 0 0 0 0 0 0 0 0 0 0 0 0 
1 3 2 0 0 0 0 1 4 3 0 7 2 0 0 0 0 0 1 0 0 0 0 0 2 6 0 0 0 0 0 0 0 0 
4 0 0 0 7 2 0 4 5 6 4 0 2 0 4 5 0 0 0 0 0 0 0 0 0 0 0 0 0 0 0 0 0 0 
0 3 0 0 8 5 0 2 2 2 2 0 0 0 0 4 0 0 0 0 0 1 0 0 0 0 0 0 0 0 0 0 0 0 
0 1 0 0 6 4 0 4 0 0 0 8 6 0 4 3 3 0 0 0 8 4 0 3 0 0 0 0 0 0 0 0 0 0 
0 0 0 0 4 2 0 4 0 2 0 2 2 0 2 2 0 0 0 0 6 4 0 4 2 0 0 0 0 0 0 0 0 0 
6 0 0 0 0 0 8 0 0 0 0 0 0 6 0 0 0 0 0 0 0 0 6 0 0 7 4 0 0 0 0 2 0 0 
0 4 0 5 3 2 0 3 5 0 4 4 3 0 2 4 4 0 2 0 0 0 0 2 4 0 0 0 0 0 0 0 0 0 
0 2 2 0 0 0 0 2 0 1 4 2 0 0 3 7 6 6 0 0 0 0 8 0 5 0 2 0 0 0 0 0 0 0 
0 0 0 6 6 4 0 0 0 1 0 2 0 0 2 0 1 0 2 0 0 0 0 2 2 0 0 0 0 0 0 0 0 3 
0 0 0 0 0 0 0 0 0 0 0 0 0 0 1 3 0 5 5 0 0 0 6 8 3 4 0 0 0 0 4 0 0 4 
0 3 6 4 0 0 6 0 5 4 3 4 2 0 2 0 0 0 0 0 0 0 3 4 2 4 4 0 0 0 4 4 0 2 
0 1 0 2 0 0 7 0 0 0 0 0 0 6 0 0 0 0 0 0 0 0 0 0 0 0 0 8 0 0 0 0 8 4 
4 4 7 0 0 0 7 0 2 1 4 1 2 5 0 0 0 0 0 4 2 4 0 0 0 0 0 7 2 1 0 0 7 4 
3 3 4 0 0 0 5 1 2 0 6 0 0 0 0 0 0 0 0 0 0 6 0 0 2 2 0 5 0 0 0 0 5 1 
400 626
1 1 1 2
1 1 2 1
1 1 1 2
1 1 2 1
1 20 1 15
1 20 1 21
1 20 2 20
1 20 1 15
1 20 1 21
1 20 2 20
2 20 2 13
2 20 2 26
2 20 9 20
2 32 2 28
2 32 2 33
2 32 0 32
2 32 4 32
3 3 3 1
3 3 3 5
3 3 5 3
4 2 7 2
4 22 4 21
4 22 4 25
4 22 3 22
4 22 5 22
4 22 4 21
4 22 4 25
4 22 3 22
4 22 5 22
4 25 4 27
4 25 3 25
4 25 5 25
5 1 3 1
5 1 6 1
5 1 3 1
5 1 6 1
5 3 5 8
5 3 3 3
5 3 6 3
5 3 5 8
5 3 6 3
5 8 5 11
5 8 2 8
5 8 7 8
5 21 7 21
6 3 6 4
6 3 8 3
6 4 9 4
6 24 6 22
6 24 6 25
6 24 5 24
6 24 11 24
6 24 6 22
6 24 6 25
6 24 5 24
6 24 11 24
7 1 7 2
7 1 8 1
7 1 7 2
7 2 12 2
7 8 7 11
7 8 5 8
7 8 19 8
7 8 7 11
7 8 19 8
7 11 7 12
7 11 6 11
7 11 8 11
7 28 6 28
7 28 11 28
7 28 6 28
7 28 11 28
8 3 9 3
8 26 5 26
8 26 11 26
8 26 5 26
8 26 11 26
9 4 9 6
9 4 10 4
9 23 9 20
9 23 7 23
9 23 10 23
10 1 12 1
11 10 11 9
11 10 11 12
11 10 9 10
11 10 12 10
11 10 11 9
11 10 11 12
11 10 9 10
11 10 12 10
11 22 11 21
11 22 11 24
11 22 10 22
11 22 25 22
11 22 11 21
11 22 11 24
11 22 10 22
11 22 25 22
11 30 11 28
11 30 11 31
11 30 6 30
11 30 13 30
12 4 12 2
12 4 12 5
12 4 10 4
12 4 15 4
12 4 12 2
12 4 12 5
12 4 10 4
12 4 15 4
12 5 10 5
12 5 15 5
12 5 10 5
12 5 15 5
15 4 15 3
15 4 16 4
15 14 14 14
15 14 16 14
15 14 14 14
15 14 16 14
15 23 15 25
15 23 14 23
15 23 23 23
16 15 16 14
16 15 16 20
16 15 14 15
16 15 21 15
16 20 16 15
16 20 16 21
16 20 9 20
16 20 23 20
17 6 17 1
17 6 9 6
17 6 25 6
17 6 17 1
17 6 9 6
17 6 25 6
17 9 17 10
17 9 16 9
17 9 18 9
17 32 17 31
17 32 17 33
17 32 16 32
17 32 31 32
18 26 14 26
18 26 25 26
18 26 14 26
18 26 25 26
19 4 19 2
19 4 21 4
19 4 19 2
19 4 21 4
19 8 19 7
19 8 19 11
19 8 20 8
19 8 19 7
19 11 19 12
19 11 14 11
19 11 20 11
20 25 20 24
20 25 15 25
20 25 25 25
20 25 20 24
20 25 15 25
20 25 25 25
21 4 21 0
21 4 21 5
21 4 22 4
22 4 22 1
22 4 22 5
22 4 21 4
22 4 23 4
22 4 22 1
22 4 22 5
22 4 21 4
23 4 23 1
23 4 23 5
23 4 24 4
23 11 23 7
23 11 23 12
23 11 20 11
23 11 24 11
23 11 23 7
23 11 23 12
23 11 20 11
23 11 24 11
23 12 23 14
23 12 21 12
23 12 24 12
23 12 23 14
23 20 23 16
23 20 23 21
23 20 16 20
23 20 24 20
25 0 25 6
25 0 21 0
25 0 32 0
25 0 25 6
25 0 21 0
25 0 32 0
25 6 25 13
25 6 30 6
25 13 25 6
25 13 25 22
25 13 31 13
25 13 25 22
25 13 31 13
25 25 25 22
25 25 25 26
25 25 29 25
26 1 26 3
26 1 27 1
26 1 26 3
26 1 27 1
26 8 26 7
26 8 26 10
26 8 30 8
26 24 26 23
26 24 27 24
26 24 26 23
26 24 27 24
27 2 30 2
27 15 27 14
27 15 27 16
27 15 26 15
27 15 29 15
27 17 27 16
27 17 27 22
27 17 29 17
27 17 27 16
27 17 27 22
27 17 29 17
27 22 27 24
27 22 25 22
27 22 29 22
28 3 28 4
28 3 26 3
28 3 30 3
28 3 28 4
28 3 26 3
28 3 30 3
28 4 28 5
28 4 26 4
28 5 28 4
28 5 26 5
28 5 28 4
28 16 27 16
28 18 29 18
29 23 29 22
29 23 29 24
29 23 28 23
29 23 30 23
29 23 29 22
29 23 29 24
29 23 28 23
29 23 30 23
29 33 28 33
29 33 30 33
29 33 28 33
29 33 30 33
30 1 30 2
30 1 31 1
30 1 30 2
30 2 30 3
30 2 27 2
30 2 32 2
30 3 30 6
30 6 30 8
30 6 25 6
30 6 31 6
30 6 30 8
30 23 30 22
30 23 30 24
30 31 30 30
30 31 25 31
30 31 30 30
30 31 25 31
31 3 31 6
31 3 31 6
31 6 31 13
31 6 32 6
31 13 31 6
31 13 31 27
31 13 32 13
31 32 31 27
31 32 31 33
31 32 17 32
31 32 32 32
31 33 31 32
31 33 32 33
31 33 31 32
32 0 32 1
32 0 33 0
32 1 32 2
32 1 33 1
32 1 32 2
32 2 32 6
32 2 33 2
32 13 32 12
32 13 32 19
32 19 32 13
32 19 32 20
32 19 32 20
32 21 32 27
32 21 33 21
32 21 32 27
32 21 33 21
32 27 32 28
32 27 31 27
32 27 33 27
32 32 32 29
32 32 32 33
32 32 31 32
32 32 33 32
32 33 32 32
32 33 33 33
33 0 33 1
33 0 33 1
33 2 33 6
33 2 32 2
33 2 33 6
33 6 33 7
33 6 32 6
33 6 32 6
33 10 33 8
33 10 33 21
33 10 32 10
33 10 33 8
33 10 33 21
33 10 32 10
33 21 33 24
33 21 33 24
33 25 33 27
33 32 33 27
33 32 32 32
33 32 33 27
1 22 1 26
1 30 1 28
1 30 1 31
1 30 1 28
1 30 1 31
2 13 2 8
2 13 2 20
2 13 0 13
2 13 2 8
2 13 0 13
3 3 3 5
3 21 3 22
3 22 3 21
3 23 3 25
4 4 4 5
4 5 4 6
4 5 3 5
4 5 4 6
4 6 4 7
4 6 3 6
4 6 4 7
4 6 3 6
5 21 7 21
5 23 5 24
6 9 6 11
7 2 12 2
7 21 7 23
7 21 8 21
8 21 8 22
9 4 9 6
9 4 10 4
9 10 9 14
9 10 8 10
10 1 12 1
10 4 10 3
10 4 10 3
10 15 9 15
10 15 11 15
10 15 9 15
10 15 11 15
11 3 10 3
11 9 8 9
11 9 16 9
11 21 10 21
11 21 12 21
12 1 12 2
12 1 13 1
12 2 15 2
12 2 15 2
12 21 13 21
12 29 12 28
13 21 14 21
14 21 16 21
15 2 15 1
15 2 15 3
15 2 16 2
15 2 15 1
15 3 15 4
15 3 16 3
15 4 16 4
16 4 16 3
16 4 16 5
16 4 16 5
16 9 17 9
16 14 16 15
16 20 16 21
16 20 9 20
16 21 14 21
17 32 17 33
17 32 16 32
18 14 21 14
19 7 9 7
19 7 20 7
19 11 19 12
19 11 14 11
19 11 20 11
20 2 20 1
20 8 20 9
20 8 21 8
20 8 20 9
20 18 17 18
21 0 20 0
21 5 22 5
21 7 21 8
21 7 22 7
21 7 21 8
21 7 22 7
21 10 21 9
21 10 22 10
21 10 21 9
21 10 22 10
22 5 23 5
22 15 21 15
22 15 23 15
22 15 21 15
22 15 23 15
22 21 23 21
23 4 23 5
23 4 24 4
23 5 22 5
23 7 24 7
23 20 23 16
23 20 23 21
23 20 24 20
23 21 24 21
24 4 24 5
24 5 24 4
24 7 24 9
24 7 23 7
24 7 24 9
24 12 24 14
24 20 24 15
24 20 24 21
24 20 24 15
24 20 24 21
24 23 24 24
24 23 23 23
24 23 24 24
24 23 23 23
25 25 25 26
25 25 29 25
26 3 26 4
26 4 26 5
26 18 26 16
27 7 26 7
27 26 30 26
28 18 29 18
28 33 17 33
29 22 29 18
29 22 27 22
29 22 30 22
29 25 29 24
29 25 30 25
29 30 13 30
29 30 30 30
29 30 13 30
29 30 30 30
30 14 30 22
30 14 29 14
30 24 30 25
30 25 30 26
30 26 30 25
30 26 27 26
31 6 32 6
32 2 32 6
32 6 32 8
32 8 32 9
32 10 32 11
32 12 32 13
32 28 32 27
33 25 33 27
0 13 0 12
0 13 0 14
0 14 0 27
0 14 1 14
0 14 0 27
0 27 0 28
0 27 4 27
0 28 0 32
0 28 1 28
0 28 0 32
0 32 0 33
0 33 2 33
1 11 1 9
1 11 1 12
1 11 0 11
1 22 1 26
1 26 2 26
1 28 2 28
2 28 2 32
2 28 3 28
2 32 2 33
2 32 4 32
3 6 3 7
3 6 3 7
3 23 3 25
3 25 3 26
3 26 2 26
3 33 4 33
4 25 4 27
4 25 5 25
4 32 4 27
4 32 4 33
4 32 13 32
8 9 8 10
8 10 8 9
8 10 8 11
10 22 10 23
12 29 12 28
15 1 16 1
15 32 13 32
16 1 16 2
16 1 17 1
16 1 17 1
17 18 17 16
17 33 5 33
17 33 5 33
18 14 21 14
20 2 20 1
21 9 21 8
21 9 20 9
21 9 22 9
21 9 21 8
22 8 22 9
24 14 23 14
26 18 26 16
27 7 26 7
27 22 27 24
27 24 28 24
28 14 27 14
29 18 29 17
29 18 29 17
32 27 31 27
2 26 2 20
3 28 3 30
4 33 4 32
7 11 7 12
7 11 6 11
9 20 9 15
9 20 9 23
9 20 9 15
17 16 17 18
17 16 23 16
19 1 17 1
19 1 20 1
20 11 20 12
23 14 23 15
26 16 26 15
26 16 27 16
27 16 27 15
28 14 27 14
29 17 29 15
31 27 13 27
5 11 5 8
5 11 5 12
5 11 4 11
17 0 0 0
20 11 20 12
21 12 21 14
21 14 21 15
21 15 16 15
26 14 26 15
26 15 26 14
27 15 29 15
31 27 13 27
5 11 5 12
5 11 4 11
13 27 13 23
13 27 13 30
13 27 4 27
13 27 13 30
14 25 14 24
14 25 15 25
14 25 14 24
14 25 15 25
15 25 15 23
17 0 0 0
19 12 11 12
0 0 0 8
0 8 0 9
0 8 2 8
0 8 0 9
1 2 2 2
2 2 2 8
4 27 4 32
5 26 5 25
6 25 9 25
10 25 11 25
11 12 11 14
11 30 11 28
11 30 11 31
11 30 6 30
12 11 14 11
12 23 12 24
12 24 12 25
12 24 11 24
12 24 11 24
12 28 11 28
13 32 13 31
14 11 14 10
14 23 14 24
14 23 15 23
10 25 11 25
11 12 11 14
11 24 11 25
12 31 11 31
14 10 17 10
12 31 11 31
11 31 6 31

4658

3 - - - - - - - 4 3   2 2 4 4 = = = = = = = = = = = = 4 4 = = = 4 2 
ǁ 4 3           | 2 - 5 2 ǁ 2 2 = = = = 6 2 2 = = = 3 | 4 = 4 2 | | 
ǁ 2 3 - - - - - 5 = = = = 6 = = = = = = 7 = = = = = 5 | 4 = = = 7 3 
ǁ 3 - 5 = 3 4 2 | 3     4   2 4 3   2 2 | 2 4 2 = 4 2 | 3 - 1   ǁ 1 
ǁ ǁ 1 ǁ 1 4 6 2 | 1 1 3     1   5   4   | 2 8 = = 7 = 6 = = = = 7 3 
ǁ 4 | 6 = = = = 7 = = 6 4   3   2       | 2 2 1 3 3 3 | 2 2 3 2 | 2 
ǁ 2 | 4 2       ǁ 1 - 3 1     5     6 3 | ǁ 2 = 8 3 ǁ | 5   4 3 | ǁ 
ǁ 3 6 | |       6 = = 7 3       3   2   | 4 - 2 ǁ | ǁ | 4   ǁ | | ǁ 
ǁ 1 ǁ 2 |   5 2 ǁ 3 4 2 2       2       | 2 1 | ǁ | 4 | ǁ   ǁ | | ǁ 
ǁ   ǁ 1 5 = 5 2 ǁ | 4 - - - 5 5 = = = = 7 = = 5 ǁ 1 ǁ | ǁ   ǁ | | ǁ 
ǁ 2 ǁ 3 6 2 ǁ | ǁ | ǁ         4         ǁ 1 3 2 ǁ 2 ǁ | ǁ   ǁ | | ǁ 
ǁ ǁ ǁ 1 ǁ ǁ ǁ | ǁ 4 8 = 5 = 3 5     2   ǁ 4 8 = 7 3 2 | 5 = 7 5 | ǁ 
ǁ 4 7 = 8 6 ǁ | ǁ | 2 2 |   3           ǁ 2 ǁ 1 4 1   | 3 2 | 2 | ǁ 
ǁ 1 ǁ   ǁ ǁ ǁ | ǁ |   | |   2 1         ǁ 2 ǁ 1 - - - 6 = = 5 1 3 ǁ 
ǁ   ǁ   ǁ ǁ ǁ | ǁ | 2 4 |   3 3     1   ǁ 3 ǁ 3 3 4 2 ǁ     ǁ   | ǁ 
ǁ 3 6 4 6 2 ǁ | ǁ | | ǁ |   4 |         ǁ ǁ ǁ 5 = 6 ǁ ǁ     ǁ   1 ǁ 
ǁ 4 2 2 6 2 ǁ | ǁ 3 | ǁ |   4 7 = = = = 8 4 ǁ |   ǁ ǁ ǁ     ǁ   2 ǁ 
3 5 = = = = 6 | ǁ 5 5 ǁ |     ǁ 3 = 3   ǁ   ǁ |   ǁ ǁ ǁ     ǁ 1 7 5 
  |         ǁ | ǁ 2 2 ǁ |   2 ǁ |   |   ǁ   ǁ |   ǁ 4 ǁ     ǁ   ǁ | 
  2 2 = 4   ǁ 4 6 - - 7 3   ǁ ǁ |   |   ǁ   ǁ |   ǁ ǁ ǁ     ǁ   ǁ | 
1 3 2   ǁ   ǁ 1 4 3   7 2   ǁ ǁ |   1   ǁ   ǁ | 2 6 ǁ ǁ     ǁ   ǁ | 
4 - - - 7 2 ǁ 4 5 6 4 ǁ 2 - 4 5 |       ǁ   ǁ |   ǁ ǁ ǁ     ǁ   ǁ | 
ǁ 3 = = 8 5 ǁ 2 2 2 2 ǁ |     4 |       ǁ 1 ǁ |   ǁ ǁ ǁ     ǁ   ǁ | 
ǁ 1 - - 6 4 ǁ 4 = = = 8 6 = 4 3 3 = = = 8 4 ǁ 3   ǁ ǁ ǁ     ǁ   ǁ | 
ǁ       4 2 ǁ 4 = 2   2 2 - 2 2 = = = = 6 4 ǁ 4 2 ǁ ǁ ǁ     ǁ   ǁ | 
6 = = = = = 8 = = = = = = 6 = = = = = = = = 6 - - 7 4 ǁ     ǁ 2 ǁ | 
ǁ 4 = 5 3 2 ǁ 3 5 - 4 4 3 ǁ 2 4 4 = 2       | 2 4 ǁ   ǁ     ǁ ǁ ǁ | 
ǁ 2 2 ǁ | | ǁ 2 | 1 4 2   ǁ 3 7 6 6 = = = = 8 = 5 ǁ 2 ǁ     ǁ ǁ ǁ | 
ǁ   ǁ 6 6 4 ǁ   | 1   2   ǁ 2 ǁ 1 ǁ 2       ǁ 2 2 ǁ ǁ ǁ     ǁ ǁ ǁ 3 
ǁ   ǁ ǁ     ǁ   |         ǁ 1 3 - 5 5 - - - 6 8 3 4 ǁ ǁ     4 ǁ ǁ 4 
ǁ 3 6 4 - - 6 = 5 4 3 4 2 ǁ 2 - - - - - - - 3 4 2 4 4 ǁ     4 4 ǁ 2 
ǁ 1 | 2 = = 7 = = = = = = 6 - - - - - - - - - - - - - 8 - - - - 8 4 
4 4 7 = = = 7 - 2 1 4 1 2 5 = = = = = 4 2 4 = = = = = 7 2 1 - - 7 4 
3 3 4 = = = 5 1 2 = 6 = = = = = = = = = = 6 = = 2 2 = 5 = = = = 5 1 
