34 34
3 0 6 0 5 0 0 0 0 0 0 0 0 0 0 0 0 0 0 0 0 0 0 4 0 0 0 0 0 3 2 0 4 1 
3 3 0 1 0 0 2 0 4 0 0 0 2 0 0 0 0 3 3 2 6 3 1 0 1 0 2 0 0 6 4 0 8 5 
1 2 0 0 0 4 0 0 5 0 4 0 7 2 4 4 0 0 2 0 0 2 0 0 4 0 0 5 2 0 4 0 0 0 
4 0 7 3 0 6 4 2 0 0 2 0 0 0 0 0 0 0 0 0 0 0 0 0 0 0 2 0 0 0 6 2 0 0 
0 0 0 2 0 5 0 0 6 0 0 0 6 2 3 6 0 8 0 0 7 7 3 0 0 2 5 0 0 0 4 0 0 0 
0 0 0 4 0 2 0 0 0 0 0 0 0 1 0 4 0 0 0 0 0 2 0 0 0 0 3 0 0 0 2 0 0 0 
0 1 0 0 0 0 0 0 0 2 0 3 0 2 0 5 0 5 3 0 0 0 1 0 0 0 0 5 0 6 0 0 7 4 
0 0 0 0 0 0 0 0 0 0 1 0 0 0 0 0 0 0 0 0 0 0 2 0 0 4 2 0 2 0 4 3 0 0 
5 3 0 0 0 2 0 0 5 0 4 5 0 0 0 0 0 0 2 0 0 3 4 0 0 0 2 0 0 0 0 0 0 0 
4 1 0 0 0 1 0 0 0 0 0 3 0 0 0 0 0 0 0 0 0 0 1 0 5 4 3 2 3 0 0 0 0 0 
4 0 5 6 6 0 0 0 0 0 0 0 8 0 0 0 0 0 0 0 8 6 4 0 4 2 0 0 0 0 0 0 0 0 
3 3 0 0 0 2 1 1 5 0 0 4 6 2 4 3 2 0 0 0 0 1 1 0 4 0 0 0 5 0 0 0 0 0 
1 3 2 4 5 4 3 0 5 2 0 0 3 0 5 3 0 0 0 0 6 6 3 0 0 4 3 0 0 0 0 0 0 0 
0 0 2 5 8 0 0 0 7 7 2 0 4 4 2 2 0 1 0 4 5 0 0 0 0 2 0 0 0 0 0 0 0 0 
0 0 0 1 0 2 0 0 4 3 2 0 0 3 1 0 0 0 0 0 0 0 0 0 0 2 4 0 0 0 0 0 5 2 
2 0 6 0 8 0 0 0 0 0 0 7 6 0 0 0 6 0 0 7 6 2 0 0 0 2 0 0 0 0 0 0 1 0 
0 0 0 0 0 2 5 0 2 0 0 0 0 0 1 0 0 0 0 0 0 0 0 0 0 0 0 0 0 0 0 0 0 0 
4 0 0 1 0 1 0 0 0 0 0 0 0 0 0 0 0 0 0 0 0 0 0 0 0 0 0 0 0 0 0 0 1 0 
0 0 0 0 0 4 7 0 0 0 0 3 0 0 0 2 0 1 0 0 0 0 1 0 5 8 5 2 0 0 0 0 0 0 
0 0 4 3 0 2 4 0 4 1 0 0 0 0 0 0 0 0 0 2 5 2 2 0 0 4 5 1 0 0 0 0 0 0 
0 0 2 2 0 2 3 0 4 3 0 0 0 0 0 0 0 3 0 6 0 4 4 0 0 2 4 0 0 0 4 0 0 0 
5 5 5 0 0 2 7 0 0 0 0 0 8 0 5 4 3 2 0 0 2 3 0 0 4 4 2 0 0 0 4 0 0 0 
0 2 8 4 0 3 6 0 0 0 2 2 8 0 0 0 0 0 0 7 0 5 1 0 5 0 4 0 0 0 3 0 0 0 
0 0 3 1 0 2 1 2 0 0 0 0 6 0 0 0 0 4 4 6 2 2 0 0 2 0 4 2 0 0 0 0 0 0 
5 0 0 0 8 0 0 0 0 0 0 0 0 0 0 0 0 0 0 0 0 0 0 7 0 0 0 0 8 6 3 0 0 0 
4 0 2 0 0 1 3 2 0 0 0 6 0 0 0 0 0 0 0 0 0 4 0 0 4 4 0 0 5 3 2 0 0 0 
3 0 0 0 7 0 6 0 0 2 0 0 0 0 0 0 0 4 2 1 0 3 0 0 6 0 6 0 0 6 0 6 4 2 
0 3 4 0 7 0 0 0 0 0 0 6 0 0 0 0 0 4 0 0 0 0 0 0 4 2 0 2 0 6 2 4 2 1 
0 4 2 1 0 3 6 0 0 0 0 0 6 0 0 0 0 0 0 0 0 0 0 8 0 0 7 0 0 0 0 7 6 4 
0 4 2 0 4 1 0 0 0 0 0 0 0 3 1 1 0 0 0 0 0 1 2 0 2 2 0 1 0 0 0 0 0 4 
0 0 0 2 0 0 4 1 0 0 3 0 7 5 2 2 2 5 0 0 0 4 5 6 6 4 0 0 0 0 0 0 0 4 
0 3 0 2 0 0 0 0 0 0 0 0 5 2 0 0 0 3 1 0 0 0 2 0 4 0 6 3 4 4 0 6 0 0 
5 0 0 0 0 0 0 0 0 0 0 0 0 0 0 5 0 0 0 0 0 6 3 3 5 0 3 2 2 0 0 2 5 6 
4 4 0 0 0 0 0 0 0 0 0 2 0 0 0 3 0 0 2 0 0 1 2 0 0 0 0 3 0 0 3 1 2 2 
400 642
0 2 0 0
0 2 0 4
0 2 3 2
0 2 0 0
0 2 0 4
0 2 3 2
1 20 1 19
1 20 1 21
1 20 4 20
1 20 1 19
1 20 1 21
1 20 4 20
1 32 1 30
1 32 1 33
1 32 0 32
1 32 6 32
1 32 1 30
1 32 1 33
1 32 0 32
1 32 6 32
1 33 0 33
1 33 6 33
1 33 6 33
2 5 2 8
2 5 3 5
2 5 2 8
2 5 3 5
2 12 2 10
2 12 2 13
2 12 1 12
2 12 4 12
2 27 2 24
2 27 2 28
2 27 6 27
3 2 3 0
3 2 3 3
3 2 10 2
3 5 3 3
3 5 3 6
3 5 4 5
3 5 3 3
3 6 3 7
3 6 11 6
3 6 3 7
3 26 4 26
3 30 3 31
3 30 2 30
3 30 4 30
3 30 3 31
3 30 2 30
3 30 4 30
4 5 4 3
4 5 5 5
4 5 4 3
4 5 5 5
4 8 4 12
4 8 2 8
4 8 8 8
4 8 4 12
4 8 2 8
4 8 8 8
4 12 4 13
4 12 2 12
4 12 10 12
4 17 4 15
4 17 4 20
4 17 1 17
4 17 6 17
4 17 4 15
4 17 4 20
4 17 1 17
4 17 6 17
4 21 4 20
4 21 4 22
4 21 2 21
4 21 5 21
4 30 5 30
5 3 10 3
6 1 8 1
6 32 6 29
6 32 6 33
6 32 14 32
6 33 6 32
7 10 8 10
8 0 8 1
8 0 3 0
8 0 9 0
8 5 9 5
8 11 8 10
8 11 6 11
8 11 9 11
10 20 10 12
10 20 10 21
10 20 4 20
10 20 12 20
10 20 10 12
10 20 10 21
10 20 4 20
10 20 12 20
10 21 10 22
10 21 8 21
10 21 11 21
10 21 10 22
11 28 11 24
11 28 9 28
11 28 24 28
12 20 12 15
12 20 12 21
12 20 13 20
12 20 12 15
13 4 13 3
13 4 13 8
13 4 12 4
13 4 15 4
13 4 13 3
13 4 13 8
13 4 12 4
13 4 15 4
13 8 13 9
13 8 12 8
13 8 14 8
15 4 15 2
15 4 15 11
15 4 24 4
15 16 15 12
15 16 15 19
15 16 21 16
15 16 15 12
15 16 15 19
15 16 21 16
15 19 15 20
15 19 13 19
15 19 19 19
16 6 16 5
16 6 16 8
16 6 18 6
18 17 20 17
18 25 18 24
18 25 18 26
18 25 15 25
18 25 19 25
18 25 18 24
18 25 18 26
18 25 15 25
18 25 19 25
20 30 7 30
20 30 21 30
20 30 7 30
20 30 21 30
21 0 21 1
21 0 17 0
21 0 24 0
21 2 21 1
21 2 20 2
21 2 22 2
21 6 21 5
21 6 21 12
21 6 20 6
21 6 22 6
21 12 21 6
21 12 21 14
21 12 15 12
21 12 22 12
21 30 22 30
22 2 22 1
22 2 22 3
22 2 21 2
22 2 23 2
22 2 22 1
22 2 22 3
22 2 21 2
22 3 20 3
22 3 23 3
22 12 22 11
22 12 22 19
22 12 21 12
22 12 23 12
22 12 22 11
22 12 22 19
22 12 21 12
22 19 22 21
22 19 20 19
22 19 23 19
23 2 25 2
23 2 25 2
23 12 23 7
23 12 23 17
23 12 28 12
23 12 23 7
23 12 23 17
23 17 23 18
23 17 26 17
23 18 23 19
23 18 26 18
23 18 23 19
23 19 23 20
23 19 22 19
23 19 26 19
23 20 23 21
24 0 21 0
24 0 25 0
24 0 25 0
24 0 25 0
24 4 15 4
24 4 26 4
24 4 26 4
24 28 24 23
24 28 24 29
24 28 11 28
24 28 25 28
25 0 26 0
25 11 25 7
25 11 27 11
25 11 25 7
25 11 27 11
26 4 26 0
26 4 26 6
26 4 27 4
26 9 26 6
26 17 26 18
26 17 27 17
26 17 27 17
26 26 26 24
26 26 26 29
26 26 28 26
26 26 26 24
26 26 26 29
26 26 28 26
26 29 26 31
26 29 25 29
26 29 27 29
26 29 26 31
26 31 26 32
26 31 7 31
26 31 27 31
26 31 26 32
27 11 27 4
27 11 33 11
27 11 27 4
27 11 33 11
27 17 27 24
27 17 30 17
27 29 27 27
27 29 27 30
27 29 31 29
27 29 27 27
27 29 27 30
27 31 27 32
27 31 28 31
27 31 27 32
28 12 30 12
28 23 28 26
28 23 30 23
28 26 28 23
28 26 31 26
28 26 31 26
28 31 28 32
28 31 31 31
28 31 28 32
28 31 31 31
28 31 28 32
28 31 28 32
29 27 31 27
29 33 28 33
29 33 30 33
29 33 28 33
29 33 30 33
30 10 30 7
30 12 30 13
30 12 28 12
30 12 31 12
30 12 30 13
30 12 31 12
30 25 30 24
30 25 29 25
30 25 30 24
30 25 29 25
30 33 32 33
31 26 31 24
31 26 31 27
31 26 32 26
31 26 31 24
31 29 31 28
31 29 31 31
31 29 31 28
31 31 32 31
32 15 32 21
32 15 30 15
32 15 33 15
32 24 32 23
32 24 32 26
32 24 31 24
32 33 32 32
32 33 30 33
32 33 33 33
33 0 33 1
33 0 32 0
33 0 33 1
33 0 32 0
33 1 31 1
33 1 31 1
33 30 33 27
33 30 33 31
33 30 33 27
0 0 1 0
0 4 0 23
0 32 0 30
0 32 0 30
1 3 1 6
1 6 1 8
1 8 1 12
1 8 2 8
1 17 1 18
1 18 2 18
1 18 2 18
1 30 1 29
1 30 2 30
2 10 2 12
2 10 3 10
2 10 3 10
2 12 2 13
2 14 2 15
2 14 4 14
2 14 2 15
2 14 4 14
2 15 4 15
2 30 2 28
3 2 3 0
3 2 10 2
3 26 4 26
4 15 4 14
4 15 2 15
4 15 5 15
4 21 4 22
4 21 2 21
4 21 5 21
4 30 5 30
5 3 10 3
5 15 5 13
5 15 6 15
5 15 6 15
6 13 6 15
6 29 6 27
6 29 6 32
6 29 24 29
6 29 6 27
6 29 24 29
7 30 7 31
7 31 7 30
8 18 6 18
8 21 8 22
10 3 10 2
10 3 10 4
10 3 12 3
10 3 10 2
10 4 12 4
10 12 11 12
11 5 12 5
11 7 11 8
11 16 11 15
14 3 13 3
14 5 14 8
14 32 14 33
14 32 15 32
14 32 14 33
15 4 15 2
15 4 15 11
15 11 15 12
15 11 11 11
15 11 18 11
15 12 15 11
15 12 13 12
16 14 21 14
17 32 26 32
18 15 21 15
21 1 21 0
21 1 12 1
21 1 12 1
21 12 21 14
21 14 21 15
21 30 22 30
22 10 22 6
22 30 24 30
24 28 24 23
24 28 24 29
24 28 25 28
25 25 25 24
25 25 25 28
25 25 25 24
25 25 25 28
25 28 25 29
26 6 26 4
26 6 26 9
26 6 25 6
26 6 25 6
26 24 26 21
26 24 25 24
26 24 27 24
26 24 26 21
26 32 26 33
26 33 27 33
27 24 27 25
27 25 27 24
28 23 30 23
28 33 28 32
28 33 28 32
29 24 30 24
30 6 30 3
30 6 28 6
30 6 30 3
30 6 28 6
30 23 30 22
30 23 30 24
30 23 32 23
30 23 30 22
30 24 29 24
30 24 31 24
31 3 31 1
31 28 31 27
31 28 32 28
31 31 32 31
32 0 26 0
32 24 32 23
32 24 32 26
32 27 32 28
32 27 33 27
32 32 32 33
32 32 33 32
32 32 32 33
32 32 33 32
0 4 0 23
0 23 0 29
0 23 24 23
0 29 1 29
0 29 1 29
1 21 1 22
1 29 1 26
2 27 2 24
2 27 6 27
3 0 2 0
4 22 6 22
6 13 6 15
6 15 6 17
6 17 6 18
6 27 9 27
7 22 8 22
7 28 9 28
8 0 8 1
8 0 9 0
8 18 6 18
8 21 8 22
8 22 7 22
9 0 9 1
9 0 10 0
9 22 10 22
9 24 9 25
9 24 2 24
9 24 10 24
10 0 10 2
10 0 11 0
10 0 11 0
10 4 12 4
10 12 11 12
10 22 11 22
11 5 12 5
11 16 11 15
12 5 12 4
12 5 12 6
12 6 12 8
12 25 12 26
12 25 13 25
12 25 12 26
12 25 13 25
12 26 14 26
13 12 13 13
13 12 12 12
13 12 13 13
13 20 13 19
13 20 15 20
13 20 13 19
13 20 15 20
14 5 14 8
14 8 14 9
14 25 14 26
14 26 14 25
14 26 18 26
15 2 13 2
15 2 19 2
15 2 13 2
15 2 19 2
15 20 15 19
15 20 15 21
15 20 19 20
17 0 15 0
17 0 15 0
17 3 19 3
18 15 21 15
19 2 19 3
19 2 20 2
19 3 20 3
19 25 19 26
19 25 20 25
21 14 21 15
21 16 21 17
21 17 20 17
22 10 22 6
22 24 22 26
22 24 21 24
22 24 23 24
25 24 25 21
26 4 27 4
26 21 25 21
28 6 28 5
29 1 29 2
29 1 28 1
29 1 29 2
29 1 28 1
29 4 29 5
29 4 27 4
29 4 27 4
1 0 1 1
1 0 1 1
1 1 2 1
1 29 1 26
2 24 1 24
7 28 9 28
9 27 9 26
10 12 11 12
11 28 11 24
12 3 12 2
12 3 13 3
12 3 12 2
12 6 12 8
13 8 13 9
13 8 12 8
13 9 13 10
13 9 12 9
13 9 14 9
13 19 13 17
14 10 14 9
14 10 13 10
15 19 19 19
19 20 19 21
19 20 21 20
19 20 19 21
19 20 21 20
20 17 20 19
20 19 22 19
20 21 20 22
20 21 21 21
20 21 20 22
20 21 21 21
20 22 19 22
20 22 22 22
21 21 22 21
22 6 22 5
22 6 21 6
22 6 23 6
22 21 23 21
25 6 25 5
27 4 27 2
28 1 28 2
28 1 27 1
28 3 28 2
28 5 28 6
28 6 28 5
8 10 8 8
8 10 8 11
10 12 11 12
10 12 11 12
11 12 11 11
11 24 10 24
11 24 18 24
12 12 12 14
13 9 12 9
13 13 13 14
13 13 14 13
13 15 13 14
13 15 12 15
14 13 14 14
15 21 12 21
18 24 21 24
19 22 18 22
23 5 22 5
27 1 27 2
27 1 27 2
6 9 6 11
8 8 11 8
10 24 10 25
10 24 9 24
10 25 9 25
11 13 11 14
11 15 11 14
12 8 11 8
12 12 12 14
12 14 11 14
12 21 12 22
12 22 12 21
18 24 21 24
21 24 21 25
21 25 21 26
21 25 20 25
21 25 21 26
22 26 22 24
22 26 23 26
22 26 23 26
23 5 22 5
23 26 23 24
23 26 23 27
23 27 19 27
6 9 6 11
8 8 11 8
8 11 9 11
9 11 11 11
9 24 9 25
9 25 9 26
9 26 8 26
11 8 11 11
11 13 11 14
12 21 12 22
15 11 18 11
18 11 18 6
18 27 18 26
19 26 18 26
19 26 20 26
19 26 20 26
20 26 19 26
7 25 7 26
7 25 4 25
7 25 7 26
7 25 4 25
16 8 16 6
18 6 18 5
18 6 16 6
18 6 19 6
4 26 5 26
5 26 4 26
16 5 17 5
18 5 18 6
18 5 19 5
18 5 18 6
4 26 5 26

3755

3 = 6 = 5 = = = = = = = = = = = = = = = = = = 4 - - - - - 3 2 = 4 1 
3 3 ǁ 1 - - 2 - 4 - - - 2         3 3 2 6 3 1 | 1   2 = = 6 4 = 8 5 
1 2 ǁ     4 = = 5   4 = 7 2 4 4   ǁ 2   ǁ 2   | 4 = = 5 2 - 4   ǁ ǁ 
4 = 7 3 = 6 4 2 ǁ   2   ǁ   ǁ ǁ   ǁ     ǁ ǁ   | |   2 ǁ     6 2 ǁ ǁ 
|   ǁ 2 = 5 |   6 = = = 6 2 3 6 = 8 = = 7 7 3 | | 2 5 ǁ     4   ǁ ǁ 
|   ǁ 4   2 |   ǁ       | 1 - 4   ǁ     ǁ 2 | | | ǁ 3 ǁ     2   ǁ ǁ 
| 1 ǁ ǁ     |   ǁ 2 = 3 | 2 = 5 - 5 3   ǁ   1 | | ǁ   5 = 6 = = 7 4 
| | ǁ ǁ     |   ǁ   1 | |           ǁ   ǁ   2 | | 4 2 | 2 ǁ 4 3 |   
5 3 ǁ ǁ   2 |   5 - 4 5 |           2   ǁ 3 4 | |   2 | ǁ ǁ ǁ | |   
4 1 ǁ ǁ   1 |   ǁ     3 |               ǁ | 1 | 5 4 3 2 3 ǁ ǁ | |   
4 - 5 6 6   |   ǁ     | 8 = = = = = = = 8 6 4 | 4 2     | ǁ ǁ | |   
3 3   | ǁ 2 1 1 5 - - 4 6 2 4 3 2       ǁ 1 1 | 4 = = = 5 ǁ ǁ | |   
1 3 2 4 5 4 3 = 5 2   | 3 = 5 3 = = = = 6 6 3 | | 4 3   ǁ ǁ ǁ | |   
  ǁ 2 5 8 = = = 7 7 2 | 4 4 2 2   1 - 4 5 |   | | 2 |   ǁ ǁ ǁ | |   
  ǁ ǁ 1 ǁ 2 = = 4 3 2 | | 3 1         | ǁ |   | | 2 4   ǁ ǁ ǁ | 5 2 
2 ǁ 6 = 8 = = = = = = 7 6 = = = 6 = = 7 6 2   | | 2 |   ǁ ǁ ǁ | 1   
ǁ ǁ ǁ   ǁ 2 5 = 2     ǁ |   1   ǁ     ǁ |     | | ǁ |   ǁ ǁ ǁ |     
4 ǁ ǁ 1 ǁ 1 ǁ         ǁ |   |   ǁ     ǁ |     | | ǁ |   ǁ ǁ ǁ | 1   
| ǁ ǁ | ǁ 4 7 - - - - 3 |   | 2 ǁ 1   ǁ |   1 | 5 8 5 2 ǁ ǁ ǁ | |   
| ǁ 4 3 ǁ 2 4   4 1     |   | ǁ ǁ |   2 5 2 2 | ǁ 4 5 1 ǁ ǁ ǁ | |   
| ǁ 2 2 ǁ 2 3   4 3     |   | ǁ ǁ 3 - 6 ǁ 4 4 | ǁ 2 4 | ǁ ǁ 4 | |   
5 5 5 | ǁ 2 7 = = = = = 8 = 5 4 3 2   ǁ 2 3 | | 4 4 2 | ǁ ǁ 4 | |   
ǁ 2 8 4 ǁ 3 6 = = = 2 2 8 = = = = = = 7 - 5 1 | 5 = 4 | ǁ ǁ 3 | |   
ǁ   3 1 ǁ 2 1 2 = = = = 6 = = = = 4 4 6 2 2   | 2 - 4 2 ǁ ǁ | | |   
5   ǁ   8               |         | | |       7 = = = = 8 6 3 | |   
4   2   ǁ 1 3 2 = = = 6 |         | | |   4 - - 4 4 = = 5 3 2 | |   
3 - - - 7 = 6 = = 2   ǁ |         4 2 1   3 = = 6 = 6 = = 6 = 6 4 2 
| 3 4 - 7 = = = = = = 6 |         4 - - - - - - 4 2 ǁ 2 = 6 2 4 2 1 
| 4 2 1 ǁ 3 6         ǁ 6         |           8 = = 7     |   7 6 4 
| 4 2   4 1 ǁ         ǁ ǁ 3 1 1   |       1 2 ǁ 2 2 ǁ 1   |   ǁ   4 
|     2 = = 4 1 - - 3 ǁ 7 5 2 2 2 5       4 5 6 6 4 ǁ |   |   ǁ   4 
| 3 - 2               ǁ 5 2   |   3 1       2 | 4 = 6 3 4 4 - 6   ǁ 
5 ǁ                   ǁ       5 - - - - - 6 3 3 5 = 3 2 2     2 5 6 
4 4                   2       3     2     1 2         3 = = 3 1 2 2 
