34 34
2 3 3 4 4 3 4 0 0 5 0 0 0 0 5 0 0 0 6 0 0 0 0 0 0 0 0 0 0 0 6 5 4 3 
0 2 0 2 0 2 2 2 0 6 3 0 0 0 4 0 2 0 0 4 4 0 4 2 0 0 2 2 4 4 0 1 1 0 
6 0 5 0 5 0 0 0 0 0 0 0 0 0 0 0 0 0 4 5 0 0 0 0 0 0 5 0 0 2 0 2 4 4 
0 3 0 0 0 0 0 0 5 0 0 0 0 0 3 0 4 3 1 0 0 0 0 2 1 0 6 3 0 2 0 0 0 1 
0 0 4 0 0 0 0 0 7 0 0 0 0 0 0 0 0 0 0 7 0 0 0 5 4 0 6 0 7 6 0 0 0 0 
0 0 0 0 0 0 2 0 0 2 3 0 3 3 0 1 0 0 0 0 3 4 2 0 0 0 0 0 0 0 0 5 4 0 
0 0 6 0 0 0 7 1 0 0 3 1 0 0 0 0 0 0 0 0 1 0 4 0 4 0 0 0 0 0 0 2 0 3 
0 0 0 2 0 6 4 0 0 0 0 0 0 0 0 0 0 0 0 0 0 0 0 2 0 0 0 0 0 0 0 1 0 0 
0 0 0 4 4 0 0 0 0 6 0 0 7 5 4 0 0 0 0 5 0 3 0 1 0 0 0 0 3 0 0 0 0 0 
0 0 0 0 0 0 0 0 0 0 2 1 0 3 0 5 0 0 0 0 0 0 6 3 0 0 0 0 0 3 0 4 7 6 
0 0 0 2 0 0 0 0 0 4 4 0 0 5 3 0 0 0 0 0 2 0 0 0 4 0 0 1 5 3 0 3 0 0 
0 0 4 0 0 0 0 0 0 2 6 5 0 2 1 0 0 0 0 0 0 0 0 0 0 0 0 0 1 0 0 2 0 0 
4 0 2 3 4 0 0 0 0 0 0 2 3 0 0 6 0 0 0 0 0 0 0 0 0 0 7 0 0 0 7 0 5 0 
0 0 4 6 0 0 0 0 0 1 5 0 0 0 0 5 2 0 0 0 0 0 6 0 4 2 0 2 6 3 0 1 0 0 
4 0 0 2 0 3 0 0 4 0 0 4 4 3 0 4 0 0 0 4 2 0 0 1 2 0 5 0 5 2 0 0 0 4 
2 0 3 0 3 0 5 0 0 0 0 0 0 0 0 0 0 0 0 0 0 0 6 0 0 0 2 4 5 1 0 0 0 4 
0 0 0 2 0 0 6 0 0 0 3 0 0 3 2 1 3 0 0 0 0 0 5 0 3 1 0 2 0 2 0 0 0 2 
3 5 0 0 0 0 0 0 0 0 0 0 0 0 0 0 0 0 0 0 0 0 0 0 0 0 5 0 3 0 0 0 0 2 
0 0 0 2 0 0 6 0 0 0 0 0 5 0 0 0 0 0 0 0 0 0 0 0 0 0 3 2 2 0 0 0 0 0 
0 0 0 0 0 0 4 4 4 0 0 0 7 0 0 5 6 2 0 1 0 0 0 0 4 0 0 7 4 0 0 0 0 0 
4 0 0 0 0 0 0 0 2 0 0 0 5 0 1 2 4 0 0 0 0 0 3 1 0 4 4 3 3 5 0 0 0 0 
4 4 0 0 0 0 0 0 0 0 0 0 0 0 0 0 0 0 0 0 0 0 0 0 7 8 6 0 0 0 0 3 6 5 
3 2 3 0 0 0 0 0 0 0 0 0 0 0 0 0 4 4 0 0 0 0 6 2 0 0 2 0 0 0 0 0 2 0 
0 0 4 0 2 2 4 0 0 0 0 0 0 4 2 4 6 0 6 0 3 2 8 2 0 3 3 8 3 0 0 0 1 0 
5 8 0 0 0 0 0 0 0 0 0 0 0 8 5 0 0 2 0 2 0 0 0 2 0 0 0 0 2 0 0 0 0 0 
2 0 4 0 0 0 0 0 0 0 0 0 0 7 5 0 0 0 0 0 2 1 0 0 0 0 1 0 0 0 0 2 0 0 
2 0 0 1 0 0 5 0 0 0 0 2 0 0 2 0 0 0 0 3 0 0 6 6 0 3 1 0 0 0 0 3 0 0 
0 0 0 3 0 0 8 2 2 0 4 0 0 7 2 0 0 0 0 2 3 0 6 4 0 6 3 0 3 3 0 2 0 0 
0 0 0 3 2 0 0 1 0 4 0 0 0 8 3 4 0 0 0 1 3 1 7 3 0 4 2 0 0 0 0 2 5 0 
0 0 6 0 0 0 5 3 2 1 2 0 0 4 2 5 0 3 7 0 5 1 2 1 0 2 0 8 5 3 0 2 0 0 
0 0 4 0 0 0 0 0 0 0 0 0 0 4 2 2 0 2 6 0 0 0 4 2 0 2 0 5 3 1 0 0 0 2 
6 8 0 0 0 0 0 0 0 0 0 0 0 0 0 0 5 0 0 0 0 0 0 0 7 0 0 0 0 0 8 8 6 2 
4 7 0 0 0 0 0 0 5 0 6 6 3 2 4 0 5 4 6 0 0 0 0 0 8 0 0 0 0 0 6 5 3 2 
2 6 0 0 0 0 0 2 2 2 4 4 0 3 3 1 2 2 3 0 2 1 2 0 6 0 4 2 1 0 4 4 2 1 
400 682
0 9 0 6
0 9 0 14
0 9 1 9
0 18 0 14
0 18 0 30
0 18 2 18
0 18 0 14
0 18 0 30
0 18 2 18
0 30 0 31
0 30 12 30
0 31 0 30
0 31 0 32
0 31 1 31
1 19 1 20
1 19 2 19
1 19 1 20
1 19 2 19
1 20 1 22
1 20 5 20
1 22 1 23
1 22 5 22
1 22 1 23
1 29 1 28
1 29 2 29
1 29 1 28
1 29 2 29
2 0 2 2
2 0 0 0
2 0 12 0
2 0 2 2
2 0 0 0
2 0 12 0
3 8 3 1
3 8 3 14
3 8 4 8
4 2 4 8
4 2 6 2
4 2 4 8
4 2 6 2
4 23 4 24
4 23 3 23
4 23 7 23
4 28 4 26
4 28 4 29
4 28 1 28
4 28 8 28
4 29 4 28
4 29 3 29
4 29 9 29
4 29 4 28
4 29 3 29
5 31 5 32
5 31 2 31
5 31 6 31
6 2 6 6
6 2 11 2
6 6 6 2
6 6 6 7
6 6 5 6
6 6 7 6
6 24 4 24
6 24 10 24
6 24 4 24
6 24 10 24
7 5 7 3
7 5 7 6
7 5 14 5
7 5 7 3
7 5 7 6
7 5 14 5
8 3 8 4
8 3 10 3
8 3 8 4
8 3 10 3
8 4 12 4
8 9 8 12
8 9 5 9
8 9 10 9
8 9 8 12
8 9 5 9
8 9 10 9
8 12 8 13
8 12 5 12
8 12 12 12
9 29 10 29
9 32 9 31
9 32 9 33
9 32 5 32
9 32 12 32
9 33 9 32
9 33 6 33
9 33 14 33
9 33 9 32
9 33 6 33
10 9 10 10
10 9 11 9
10 10 9 10
10 10 11 10
10 10 9 10
10 13 10 14
10 13 9 13
10 13 11 13
11 2 6 2
11 2 12 2
11 2 12 2
11 10 11 9
11 10 11 11
11 10 13 10
11 10 11 11
11 10 13 10
12 0 14 0
12 0 14 0
12 26 12 15
12 26 12 30
12 26 4 26
12 26 14 26
13 2 13 3
13 2 15 2
13 2 13 3
13 2 15 2
13 3 12 3
13 3 14 3
13 3 12 3
13 3 14 3
13 22 13 16
13 22 13 24
13 22 15 22
13 22 13 16
13 22 13 24
13 22 15 22
13 24 13 25
13 24 14 24
13 25 16 25
13 28 13 27
13 28 13 29
13 28 14 28
13 28 13 27
13 28 13 29
13 28 14 28
14 0 15 0
14 33 14 29
14 33 15 33
14 33 14 29
15 22 15 6
15 22 16 22
15 22 15 6
15 22 16 22
15 33 15 29
15 33 16 33
15 33 16 33
18 12 18 6
18 12 18 26
18 12 19 12
19 15 19 12
19 15 19 16
19 15 20 15
19 16 19 15
19 16 19 17
19 16 20 16
19 16 19 15
19 16 19 17
19 27 19 24
19 27 19 28
19 27 18 27
19 27 20 27
20 29 20 28
20 29 16 29
20 29 27 29
21 24 21 1
21 24 21 25
21 24 19 24
21 24 31 24
21 25 21 24
21 25 21 26
21 25 20 25
21 25 23 25
21 25 21 24
21 25 21 26
21 25 20 25
21 26 20 26
21 26 22 26
21 26 20 26
21 26 22 26
21 32 21 31
21 32 21 33
21 32 22 32
21 32 21 31
21 32 21 33
21 32 22 32
22 22 22 17
22 22 22 23
22 22 23 22
22 22 22 17
22 22 22 23
22 22 23 22
23 18 23 16
23 18 23 20
23 18 29 18
23 18 23 16
23 18 23 20
23 18 29 18
23 22 23 21
23 22 23 23
23 22 26 22
23 27 23 26
23 27 23 28
23 27 20 27
23 27 29 27
23 27 23 26
23 27 23 28
23 27 20 27
23 27 29 27
23 32 28 32
24 0 24 1
24 0 22 0
24 0 25 0
24 1 24 0
24 1 24 13
24 1 22 1
24 1 31 1
24 1 24 0
24 1 24 13
24 1 22 1
24 13 24 14
24 13 23 13
24 13 25 13
24 19 26 19
25 0 26 0
25 2 25 13
25 2 29 2
25 2 25 13
25 2 29 2
25 14 25 13
25 14 24 14
25 14 26 14
26 0 31 0
26 6 26 3
26 6 26 11
26 6 27 6
26 23 26 22
26 23 24 23
26 23 27 23
26 23 26 22
26 23 24 23
26 23 27 23
27 6 27 3
27 6 27 7
27 6 26 6
27 6 29 6
27 6 27 3
27 6 27 7
27 6 26 6
27 13 27 10
27 13 27 14
27 13 25 13
27 13 28 13
27 23 27 22
27 23 28 23
27 25 27 26
27 25 26 25
27 25 28 25
27 25 27 26
27 25 26 25
27 25 28 25
28 4 28 3
28 13 28 9
28 13 28 14
28 13 27 13
28 13 29 13
28 13 28 9
28 13 28 14
28 13 27 13
28 22 28 21
28 22 28 23
28 22 27 22
28 22 29 22
28 25 28 26
28 25 29 25
28 32 28 31
28 32 31 32
29 2 29 6
29 2 30 2
29 6 29 2
29 6 29 7
29 6 29 7
29 18 29 17
29 18 29 20
29 18 30 18
29 27 29 25
29 27 29 28
29 27 30 27
30 2 30 13
30 2 29 2
30 2 30 13
30 25 30 27
31 30 31 24
31 30 31 31
31 30 32 30
31 30 31 24
31 30 31 31
31 30 32 30
31 31 31 30
31 31 31 32
31 31 29 31
31 31 32 31
31 31 31 30
31 31 31 32
31 32 31 33
31 32 28 32
31 32 32 32
32 1 32 0
32 1 32 8
32 1 31 1
32 1 33 1
32 10 32 8
32 10 32 11
32 10 33 10
32 10 32 8
32 10 32 11
32 10 33 10
32 11 32 12
32 11 33 11
32 11 32 12
32 11 33 11
32 12 32 13
32 24 32 18
32 24 32 30
32 24 31 24
32 24 33 24
32 24 32 18
32 24 32 30
32 24 31 24
32 24 33 24
33 1 33 0
33 1 33 7
33 1 32 1
33 1 33 0
33 1 33 7
33 10 33 9
33 10 33 11
33 11 33 13
33 24 33 22
33 24 33 26
33 26 33 24
33 26 33 27
33 26 33 27
33 28 33 30
33 30 33 31
33 30 32 30
33 30 33 31
33 31 33 32
33 31 32 31
0 30 0 31
0 32 0 33
0 32 1 32
0 32 0 33
0 33 2 33
1 9 1 7
1 9 1 10
1 9 0 9
1 9 1 7
1 9 1 10
1 10 1 14
1 28 1 27
2 4 2 2
2 4 2 18
2 4 0 4
2 33 2 32
2 33 3 33
2 33 2 32
3 16 3 14
3 16 3 17
3 16 3 14
3 16 3 17
3 17 3 18
5 6 6 6
6 6 7 6
6 11 6 10
8 4 12 4
8 19 8 14
8 19 8 21
8 19 4 19
9 11 11 11
9 15 9 13
9 15 9 22
9 15 12 15
9 22 9 15
9 22 9 23
9 22 6 22
9 22 9 23
9 22 6 22
9 23 8 23
9 29 10 29
10 20 10 24
10 24 10 20
10 27 10 28
10 29 10 28
11 11 12 11
11 28 10 28
12 3 12 4
12 4 15 4
12 30 12 26
12 30 12 32
12 30 12 32
12 32 9 32
13 9 13 10
13 10 13 15
13 29 13 31
14 0 15 0
14 5 14 8
14 8 14 11
14 8 4 8
14 8 14 11
14 11 14 12
14 12 14 11
14 12 14 13
14 12 14 13
14 13 14 15
14 15 14 19
14 15 13 15
14 15 14 19
14 19 14 20
14 20 14 19
14 23 14 24
15 2 15 4
15 4 15 6
15 6 16 6
15 6 16 6
15 28 15 27
15 28 14 28
15 28 17 28
16 6 16 3
16 6 16 10
16 6 18 6
16 6 16 3
16 10 16 13
16 24 16 22
16 29 20 29
17 1 17 0
17 1 3 1
17 1 21 1
17 26 17 28
17 26 15 26
17 26 18 26
17 33 21 33
18 3 18 6
18 6 18 3
18 6 18 12
18 6 19 6
19 6 19 7
19 7 19 6
19 7 19 8
19 7 19 6
19 8 19 12
19 8 20 8
19 8 19 12
19 12 18 12
19 12 20 12
19 12 20 12
19 19 19 24
19 24 19 27
19 27 19 28
19 27 18 27
19 28 18 28
19 28 20 28
20 0 17 0
20 0 21 0
20 0 17 0
20 0 21 0
20 8 20 12
20 12 20 14
20 15 20 16
20 16 20 22
20 22 20 16
20 22 20 23
20 25 20 26
20 26 20 25
21 0 21 1
21 0 22 0
21 1 21 24
21 31 25 31
22 17 22 16
23 2 23 4
23 2 22 2
23 2 23 4
23 2 22 2
23 5 23 6
23 6 23 5
23 6 23 13
23 6 23 13
23 13 23 14
23 16 23 15
23 16 22 16
23 16 31 16
23 16 23 15
23 22 23 21
23 22 23 23
23 22 26 22
23 25 23 26
23 25 26 25
24 17 29 17
24 19 26 19
25 21 25 20
25 26 26 26
25 31 26 31
26 31 27 31
27 3 28 3
27 10 27 8
27 10 27 13
27 10 27 8
27 22 27 20
27 22 26 22
27 22 28 22
27 22 27 20
27 26 28 26
28 3 28 4
28 9 28 7
28 9 29 9
28 22 28 23
28 22 29 22
28 32 28 31
29 7 29 8
29 10 29 13
29 15 29 14
29 15 28 15
29 15 30 15
29 21 29 20
29 23 30 23
29 31 29 29
30 22 30 18
30 22 30 23
30 22 30 18
30 25 30 27
31 1 31 0
31 1 31 16
31 1 32 1
31 1 31 0
31 1 31 16
31 1 32 1
31 24 31 16
31 24 31 16
32 0 31 0
32 8 33 8
32 16 32 14
32 16 32 17
32 16 33 16
32 18 32 17
32 18 33 18
32 18 32 17
32 18 33 18
32 30 32 31
32 31 32 32
32 31 32 32
32 33 31 33
32 33 33 33
33 9 33 8
33 20 33 18
33 20 33 21
33 22 33 24
1 14 1 16
1 14 0 14
1 14 1 16
2 18 2 4
2 19 4 19
2 32 2 31
2 32 5 32
3 8 3 1
3 8 4 8
4 8 4 19
4 8 4 19
5 15 5 13
5 31 5 32
5 31 6 31
6 10 5 10
6 22 6 20
6 22 5 22
7 23 4 23
7 31 9 31
8 14 8 13
8 14 8 19
8 14 8 13
8 21 8 19
9 31 10 31
10 28 8 28
10 28 8 28
11 11 12 11
11 31 10 31
13 10 13 15
13 15 12 15
13 15 12 15
16 10 16 13
16 13 16 14
16 14 16 15
16 16 16 22
16 24 16 22
16 27 15 27
17 33 21 33
18 26 17 26
18 28 17 28
21 33 30 33
22 2 22 16
22 16 22 17
23 15 23 14
23 15 28 15
23 20 25 20
24 17 29 17
25 13 25 14
25 13 24 13
26 22 26 19
26 31 27 31
27 19 27 20
27 19 28 19
28 15 28 14
28 15 29 15
28 20 29 20
29 10 29 13
29 13 29 14
29 15 30 15
29 18 29 20
29 18 30 18
29 20 28 20
30 13 30 14
30 14 30 13
30 17 30 18
30 18 30 17
31 0 32 0
32 0 31 0
32 17 32 16
33 17 33 16
0 14 0 9
2 19 4 19
4 28 4 26
5 20 5 21
5 21 5 20
6 10 5 10
9 31 10 31
12 15 12 12
12 15 12 26
15 28 15 27
15 28 14 28
16 27 15 27
17 26 15 26
24 13 24 14
24 14 24 13
24 14 25 14
26 14 27 14
32 16 32 14
33 15 33 14
0 6 0 5
0 6 1 6
0 6 0 5
1 5 1 6
1 5 0 5
4 26 4 24
4 26 3 26
4 26 12 26
5 10 5 12
9 15 9 13
12 12 8 12
14 26 14 28
32 14 32 13
32 14 33 14
33 13 33 14
0 4 0 3
0 4 2 4
0 4 0 3
2 2 0 2
3 26 3 24
3 26 3 27
3 26 2 26
4 23 3 23
0 3 0 2
0 3 1 3
1 1 0 1
2 2 0 2
2 26 1 26
2 26 3 26
2 26 1 26
2 26 3 26
3 27 1 27
0 1 1 1

3394

2 3 3 4 4 3 4 - - 5 = = = = 5 = = = 6 = = = = = = = = = = = 6 5 4 3 
ǁ 2 ǁ 2 ǁ 2 2 2 = 6 3 - - - 4 = 2   ǁ 4 4 - 4 2     2 2 4 4 | 1 1 | 
6 = 5 - 5 = = = = = = = = = = = = = 4 5 |   |       5 | | 2 | 2 4 4 
ǁ 3 = = = = = = 5 - - - - - 3 = 4 3 1 ǁ |   | 2 1 - 6 3 | 2 | | | 1 
ǁ | 4 = = = = = 7 = = = = = = = = = = 7 |   | 5 4 - 6 = 7 6 | | |   
ǁ | ǁ       2   | 2 3 - 3 3 - 1       | 3 4 2 ǁ ǁ   ǁ   | | | 5 4   
ǁ | 6 = = = 7 1 | ǁ 3 1 |             | 1 - 4 ǁ 4   ǁ   | | | 2 | 3 
ǁ | ǁ 2 = 6 4   | ǁ     |             |     ǁ 2 ǁ   ǁ   | | | 1 | ǁ 
ǁ | ǁ 4 4 ǁ     | 6 = = 7 5 4 = = = = 5 = 3 ǁ 1 ǁ   ǁ   3 | | | | ǁ 
ǁ | ǁ ǁ ǁ ǁ     | ǁ 2 1 ǁ 3 = 5 = = = = = = 6 3 ǁ   ǁ   ǁ 3 | 4 7 6 
ǁ | ǁ 2 ǁ ǁ     | 4 4 | ǁ 5 3 |         2 = = = 4   ǁ 1 5 3 | 3 ǁ | 
ǁ | 4   ǁ ǁ     | 2 6 5 ǁ 2 1 |                     ǁ   1   | 2 ǁ | 
4 | 2 3 4 ǁ     |   ǁ 2 3 - - 6 = = = = = = = = = = 7 = = = 7 = 5 | 
ǁ | 4 6 | ǁ     | 1 5 = = = = 5 2 = = = = = 6 = 4 2 | 2 6 3 - 1   | 
4 | ǁ 2 | 3 - - 4 = = 4 4 3 - 4 = = = 4 2   ǁ 1 2 | 5 - 5 2 = = = 4 
2 | 3 - 3 - 5 = = = = = = = = = = = = = = = 6     | 2 4 5 1 - - - 4 
  |   2 = = 6 - - - 3 = = 3 2 1 3 - - - - - 5 = 3 1 ǁ 2 | 2       2 
3 5         |                                       5 - 3 ǁ       2 
ǁ |   2 = = 6 = = = = = 5 - - - - - - - - - - - - - 3 2 2 ǁ       ǁ 
ǁ |         4 4 4 = = = 7 - - 5 6 2   1 - - - - 4 = = 7 4 ǁ       ǁ 
4 |             2 - - - 5 - 1 2 4 = = = = = 3 1 | 4 4 3 3 5       ǁ 
4 4 = = = = = = = = = = = = = = = = = = = = = = 7 8 6 ǁ   |   3 6 5 
3 2 3 - - - - - - - - - - - - - 4 4 = = = = 6 2 | | 2 ǁ   |   | 2 | 
| ǁ 4 = 2 2 4 = = = = = = 4 2 4 6 = 6 = 3 2 8 2 | 3 3 8 3 |   | 1 | 
5 8 = = = = = = = = = = = 8 5 | | 2 ǁ 2 |   ǁ 2 | |   ǁ 2 |   | | | 
2 | 4 = = = = = = = = = = 7 5 | | ǁ ǁ ǁ 2 1 ǁ ǁ | | 1 ǁ   |   2 | | 
2 | ǁ 1 - - 5 - - - - 2   | 2 | | ǁ ǁ 3 - - 6 6 | 3 1 ǁ   |   3 | | 
| | ǁ 3 = = 8 2 2 = 4 = = 7 2 | | ǁ ǁ 2 3 = 6 4 | 6 3 ǁ 3 3   2 | | 
| | ǁ 3 2   | 1 - 4 = = = 8 3 4 | ǁ ǁ 1 3 1 7 3 | 4 2 ǁ       2 5 | 
| | 6 = = = 5 3 2 1 2 = = 4 2 5 | 3 7 = 5 1 2 1 | 2 - 8 5 3 - 2 ǁ | 
| | 4 = = = = = = = = = = 4 2 2 | 2 6 = = = 4 2 | 2 = 5 3 1   | ǁ 2 
6 8 = = = = = = = = = = = = = = 5 = = = = = = = 7 = = = = = 8 8 6 2 
4 7 - - - - - - 5 = 6 6 3 2 4 = 5 4 6 = = = = = 8 = = = = = 6 5 3 2 
2 6 = = = = = 2 2 2 4 4 - 3 3 1 2 2 3 - 2 1 2 = 6 = 4 2 1 - 4 4 2 1 
