34 34
2 4 0 0 0 5 0 0 0 6 0 0 0 0 0 0 0 0 0 0 0 2 1 2 2 0 0 0 0 0 6 2 1 2 
1 2 0 5 2 0 4 6 4 0 2 4 0 0 0 0 0 3 0 0 0 0 0 6 0 0 0 0 0 0 7 0 5 5 
2 6 4 0 2 0 0 0 4 0 2 2 0 0 6 0 0 0 2 1 2 0 3 0 2 3 2 1 2 2 0 2 0 0 
2 0 2 0 0 0 3 0 0 0 0 4 0 0 8 4 0 0 2 0 2 4 0 0 2 7 6 1 0 3 0 0 0 0 
0 3 0 4 0 0 0 0 4 0 0 5 1 2 0 3 6 4 2 5 0 7 4 0 2 0 6 4 0 0 0 0 0 0 
0 3 2 0 3 0 0 0 2 0 0 6 6 5 0 0 2 0 0 4 2 0 2 0 0 0 2 2 0 0 0 0 0 0 
4 0 2 0 0 3 0 0 2 0 0 4 4 3 0 4 0 7 8 0 0 6 2 0 6 7 0 0 6 5 0 0 0 0 
0 0 4 0 0 0 0 0 0 0 0 2 2 2 0 4 2 0 0 4 2 4 4 0 0 0 3 3 3 0 0 0 0 0 
0 3 0 0 0 0 3 0 0 0 5 0 0 0 7 0 0 4 4 6 2 0 2 0 4 0 2 0 2 0 0 4 0 0 
0 0 0 0 0 0 2 0 0 0 0 2 4 2 6 0 0 4 0 0 0 6 2 0 2 0 2 5 0 3 0 0 0 0 
5 8 4 0 0 4 0 8 4 0 5 0 6 0 0 0 0 0 0 0 0 0 0 7 0 5 0 3 4 2 0 0 0 0 
0 4 1 0 0 2 3 6 2 0 3 1 2 2 0 6 0 2 2 4 0 0 0 6 3 0 2 2 2 2 0 0 0 0 
0 3 2 0 0 0 2 2 1 0 2 0 0 0 0 5 0 0 0 0 0 0 0 2 3 2 3 5 5 4 0 0 4 0 
3 0 0 5 5 7 0 0 0 7 0 0 0 0 0 0 0 0 0 0 0 0 0 0 0 0 0 0 0 0 7 5 0 0 
1 3 1 0 2 0 2 4 2 0 4 0 0 6 0 4 0 0 0 0 0 0 0 0 0 0 0 0 0 0 0 0 4 0 
3 7 2 0 2 0 5 5 1 0 0 2 4 0 0 0 0 0 0 0 0 0 0 0 0 0 0 0 0 0 0 0 2 0 
3 0 3 8 4 0 0 2 2 0 0 1 4 0 0 0 0 0 0 0 0 0 0 0 0 0 0 0 0 0 0 0 1 0 
0 0 0 0 2 0 0 0 0 0 0 0 0 0 0 0 0 0 0 0 0 0 0 0 0 0 0 0 0 0 0 2 2 0 
0 0 0 0 5 7 6 6 5 0 5 5 3 0 0 0 0 0 0 0 0 0 0 0 0 0 0 0 0 0 0 2 0 0 
0 0 0 0 4 0 2 1 1 0 0 3 2 0 0 2 0 0 0 0 0 0 0 0 0 0 0 0 0 0 0 0 0 0 
4 0 0 0 2 0 1 0 2 0 0 2 2 0 0 0 0 0 0 0 0 0 0 0 0 0 0 0 0 0 0 6 3 0 
2 0 0 0 2 8 0 5 5 0 3 4 0 0 0 0 0 0 0 0 0 0 0 0 0 0 0 0 0 0 0 0 2 0 
2 0 0 0 4 8 6 4 1 0 1 2 0 0 0 0 0 0 0 0 0 0 0 0 0 0 0 0 0 0 0 0 0 3 
0 0 0 0 0 0 0 0 2 0 4 7 4 0 0 0 0 0 0 0 0 0 0 0 0 0 0 0 0 0 0 6 6 1 
0 0 0 0 0 0 2 0 0 0 0 0 2 0 0 0 0 0 0 0 0 0 0 0 0 0 0 0 0 0 0 0 4 2 
0 0 2 0 0 0 1 0 0 0 0 5 4 0 0 0 0 0 0 0 0 0 0 0 0 0 0 0 0 0 0 0 4 0 
0 0 0 0 0 6 5 5 3 0 0 3 2 0 0 0 0 0 0 0 0 0 0 0 0 0 0 0 0 0 0 0 2 0 
0 0 2 0 2 3 2 4 2 0 6 0 0 6 0 0 0 0 0 0 0 0 0 0 0 0 0 0 0 0 5 7 2 0 
0 0 1 0 2 5 0 4 2 0 4 4 2 1 4 0 0 0 0 0 0 0 2 2 0 0 4 2 1 2 0 3 2 0 
0 4 0 8 0 0 0 0 0 7 0 0 0 0 6 0 0 0 0 0 0 0 0 0 0 0 8 6 0 0 0 2 7 4 
5 0 0 7 0 0 6 4 4 0 2 4 5 0 6 4 2 1 0 5 4 4 0 4 2 0 4 4 0 0 0 1 2 2 
0 2 0 6 4 2 4 2 2 0 0 2 2 2 4 3 5 4 2 0 2 4 2 0 2 0 0 6 4 3 0 0 3 3 
4 3 0 0 0 0 0 0 0 7 6 0 0 0 0 0 0 0 0 6 0 2 1 4 0 0 0 0 0 0 4 5 8 2 
2 3 1 1 0 0 0 3 0 5 0 0 0 0 0 0 0 0 0 0 0 0 0 0 0 0 0 0 0 0 2 1 3 1 
400 615
0 5 0 1
0 5 0 9
0 5 6 5
0 9 0 5
0 9 0 21
0 9 13 9
0 30 0 24
0 30 0 31
0 30 1 30
0 30 0 24
0 30 0 31
0 30 1 30
1 3 1 1
1 3 1 4
1 3 4 3
1 6 1 7
1 6 3 6
1 6 1 7
1 6 3 6
1 7 1 8
1 7 10 7
1 8 1 7
1 8 2 8
1 8 1 7
1 30 1 23
1 30 1 32
1 30 13 30
1 33 1 32
1 33 0 33
1 33 22 33
2 2 2 1
2 2 3 2
2 2 2 1
2 2 3 2
2 8 4 8
2 14 2 11
2 14 2 18
2 14 3 14
2 14 2 11
2 14 2 18
2 14 3 14
2 31 8 31
3 6 8 6
3 11 3 14
3 11 4 11
3 11 3 14
3 11 4 11
3 14 3 15
3 14 8 14
3 25 3 24
3 25 3 26
3 25 2 25
3 25 6 25
4 8 2 8
4 8 5 8
4 8 5 8
4 16 4 15
4 16 4 17
4 16 5 16
4 16 4 15
4 16 4 17
4 16 5 16
4 17 4 18
4 17 6 17
4 21 4 19
4 21 4 22
4 21 3 21
4 21 6 21
4 26 4 27
4 26 3 26
4 26 5 26
4 26 4 27
4 26 3 26
4 26 5 26
4 27 3 27
4 27 5 27
5 11 5 12
5 11 4 11
5 11 6 11
5 11 5 12
5 11 4 11
5 11 6 11
5 12 5 13
5 12 4 12
5 12 6 12
5 12 5 13
5 27 7 27
6 8 10 8
6 11 6 12
6 11 7 11
6 12 6 13
6 12 7 12
6 17 6 15
6 17 6 18
6 17 8 17
6 18 6 17
6 18 6 21
6 18 4 18
6 18 8 18
6 25 6 24
6 25 3 25
6 25 10 25
6 25 6 24
6 25 10 25
6 25 6 24
6 28 6 29
6 28 2 28
6 28 7 28
6 28 6 29
6 28 2 28
6 28 7 28
7 2 6 2
7 2 10 2
7 2 6 2
7 2 10 2
7 19 7 20
7 19 8 19
7 19 7 20
7 19 8 19
8 6 9 6
8 10 8 14
8 10 2 10
8 10 10 10
8 19 8 18
8 19 8 20
8 19 11 19
8 19 8 18
8 31 2 31
8 31 13 31
8 31 13 31
9 21 9 22
9 21 7 21
9 21 30 21
9 21 9 22
9 21 7 21
9 21 30 21
10 0 10 1
10 0 6 0
10 0 13 0
10 1 10 0
10 1 10 2
10 1 8 1
10 1 11 1
10 1 10 0
10 1 10 2
10 1 8 1
10 12 10 10
10 12 9 12
10 12 11 12
10 12 10 10
10 12 9 12
10 12 11 12
11 1 11 2
11 1 12 1
11 1 12 1
11 19 11 18
11 19 30 19
11 19 11 18
11 23 11 24
11 23 10 23
11 23 12 23
11 23 11 24
11 23 10 23
11 23 12 23
12 15 12 10
12 15 11 15
12 15 14 15
12 32 1 32
12 32 14 32
12 32 1 32
12 32 14 32
13 5 13 4
13 5 13 9
13 5 11 5
13 5 18 5
13 9 13 5
13 9 0 9
13 9 29 9
13 9 29 9
13 30 13 31
13 30 1 30
13 30 27 30
13 30 13 31
13 30 27 30
13 30 13 31
14 13 14 10
14 13 14 15
14 13 27 13
14 13 14 10
14 13 14 15
14 13 27 13
14 15 12 15
14 32 15 32
15 1 15 0
15 1 15 2
15 1 14 1
15 1 29 1
15 6 15 7
15 6 14 6
15 6 18 6
15 12 15 11
15 12 16 12
15 12 15 11
15 12 16 12
16 3 16 2
16 3 16 4
16 3 13 3
16 3 29 3
16 3 16 2
16 3 16 4
16 3 13 3
16 3 29 3
16 4 15 4
16 4 17 4
16 12 16 11
16 12 18 12
17 4 18 4
18 4 18 5
18 4 19 4
18 8 18 7
18 8 16 8
18 8 19 8
18 10 18 11
18 10 14 10
18 10 21 10
19 15 30 15
20 0 16 0
20 0 21 0
20 0 16 0
20 0 21 0
20 31 20 32
20 31 18 31
20 31 23 31
20 31 20 32
20 31 18 31
20 31 23 31
21 5 21 4
21 5 21 7
21 5 18 5
21 5 22 5
21 5 21 4
21 5 21 7
21 5 18 5
21 5 22 5
21 8 21 7
21 8 20 8
21 8 22 8
22 0 30 0
22 4 22 5
22 4 27 4
22 4 22 5
22 4 27 4
22 5 22 6
22 5 26 5
22 6 22 5
22 6 22 7
22 6 24 6
22 6 22 5
22 6 22 7
22 7 21 7
22 7 26 7
23 8 26 8
23 11 23 10
23 11 23 12
23 11 22 11
23 11 25 11
23 31 23 32
23 31 27 31
23 31 23 32
23 31 27 31
23 32 23 33
23 32 21 32
23 32 24 32
23 32 21 32
24 6 25 6
24 32 24 33
24 32 25 32
24 32 24 33
25 32 26 32
26 6 26 5
26 6 26 7
26 6 27 6
27 10 27 13
27 10 23 10
27 10 28 10
27 10 27 13
27 10 23 10
27 10 28 10
27 13 28 13
27 31 27 30
27 31 27 32
27 31 28 31
28 10 28 11
28 10 30 10
28 11 28 12
28 11 30 11
28 11 28 12
28 14 29 14
29 3 29 1
29 3 29 9
29 3 30 3
29 9 29 3
29 9 32 9
29 9 32 9
29 26 29 27
29 26 28 26
29 26 30 26
29 26 29 27
29 26 28 26
29 26 30 26
29 32 29 31
29 32 29 33
29 32 28 32
29 32 30 32
29 33 29 32
29 33 30 33
29 33 29 32
30 6 30 3
30 6 30 7
30 6 31 6
30 6 30 3
30 6 30 7
30 6 31 6
30 7 30 8
30 7 31 7
30 8 31 8
30 12 30 11
30 12 30 14
30 12 31 12
31 4 31 3
31 4 31 5
31 4 31 3
31 4 31 5
31 6 31 7
31 8 30 8
31 16 31 15
31 16 31 17
31 16 30 16
31 27 31 24
31 27 31 28
31 27 30 27
31 27 31 24
31 27 31 28
31 27 30 27
31 28 31 29
31 28 28 28
32 9 32 1
32 9 32 10
32 9 33 9
32 10 32 9
32 10 32 19
32 10 30 10
32 19 32 10
32 19 32 21
32 19 30 19
32 32 32 31
32 32 32 33
32 32 31 32
32 32 33 32
32 32 32 31
32 32 32 33
32 32 31 32
32 32 33 32
33 7 33 3
33 7 33 9
33 7 33 9
33 33 33 32
0 9 0 21
1 11 1 10
1 11 1 17
1 11 1 10
1 11 1 17
1 17 1 23
1 23 1 30
1 23 0 23
1 23 10 23
1 23 0 23
2 1 2 0
2 1 1 1
2 1 4 1
2 1 2 0
2 10 8 10
2 27 2 26
2 29 3 29
3 0 6 0
3 0 6 0
3 14 3 15
3 14 8 14
3 15 3 18
3 15 4 15
3 18 3 20
3 21 3 20
3 21 4 21
3 21 4 21
3 26 3 25
3 26 2 26
3 26 3 25
4 13 5 13
4 19 4 21
4 19 5 19
4 19 5 19
4 22 2 22
4 22 5 22
4 22 2 22
5 19 5 20
5 19 4 19
5 22 6 22
6 8 10 8
6 15 6 17
6 15 7 15
6 15 7 15
6 17 6 18
6 18 6 21
6 18 8 18
7 11 7 12
7 13 6 13
7 15 7 16
7 15 11 15
7 16 30 16
7 21 7 22
7 21 6 21
7 22 6 22
7 22 8 22
7 22 8 22
8 1 5 1
8 6 9 6
8 14 8 10
8 14 9 14
8 14 9 14
8 14 9 14
8 17 9 17
8 20 30 20
8 24 6 24
8 24 9 24
8 24 6 24
8 24 9 24
9 11 9 12
9 12 9 11
9 14 9 13
9 17 8 17
9 17 11 17
9 17 8 17
10 8 10 7
10 8 11 8
10 10 11 10
10 23 10 25
10 23 10 25
11 11 11 10
11 15 11 13
11 15 12 15
11 15 11 13
11 17 30 17
12 2 12 1
12 2 14 2
12 28 12 27
12 28 12 29
12 28 11 28
13 0 14 0
14 1 15 1
14 10 12 10
14 32 15 32
15 4 14 4
16 0 15 0
16 32 17 32
17 31 17 32
18 4 18 5
18 4 19 4
19 4 20 4
19 15 30 15
20 4 19 4
21 8 21 7
21 8 20 8
22 0 30 0
22 33 1 33
23 8 26 8
23 10 23 11
25 32 26 32
26 5 26 6
26 5 27 5
26 5 26 6
26 5 27 5
28 2 27 2
28 4 28 5
28 14 29 14
29 3 29 1
29 3 30 3
29 14 28 14
29 14 30 14
29 14 28 14
29 14 30 14
29 26 29 27
29 26 28 26
30 11 30 12
30 11 31 11
30 14 30 12
30 14 30 15
30 14 31 14
30 15 31 15
30 19 30 20
30 19 32 19
30 19 30 20
30 20 30 21
30 21 30 23
30 26 30 24
30 26 30 27
30 27 29 27
31 3 31 1
31 3 30 3
31 3 31 1
31 3 30 3
31 11 31 12
31 13 31 14
31 13 31 14
31 14 31 15
31 16 31 17
31 17 31 16
31 17 31 18
31 20 31 21
32 10 32 9
32 19 32 21
33 2 33 1
33 9 33 30
33 9 33 30
33 31 32 31
0 1 0 0
0 1 0 5
0 1 0 0
1 3 1 4
1 3 4 3
2 4 5 4
2 19 2 20
2 20 2 22
2 25 2 24
2 25 2 24
2 29 3 29
3 24 4 24
3 29 6 29
4 3 4 1
4 3 13 3
4 13 5 13
4 24 6 24
5 2 5 1
5 13 6 13
6 5 10 5
6 29 9 29
6 29 9 29
9 13 9 14
10 10 11 10
13 3 13 4
14 1 15 1
14 4 13 4
15 0 15 1
15 2 16 2
20 6 19 6
25 2 27 2
28 4 28 5
28 22 28 23
29 27 28 27
30 3 30 0
31 20 31 21
31 21 31 22
31 21 31 22
32 22 32 23
32 23 32 30
32 23 30 23
32 23 32 30
32 30 32 31
32 30 27 30
32 31 30 31
2 4 5 4
4 1 5 1
5 4 13 4
6 5 10 5
10 5 10 7
10 5 11 5
10 7 11 7
13 3 13 4
13 5 18 5
18 5 18 6
18 6 18 7
18 6 15 6
18 6 19 6
18 6 18 7
18 7 18 8
18 7 16 7
18 7 19 7
18 8 16 8
27 30 27 31
28 22 28 23
28 26 28 27
30 0 32 0
30 0 32 0
30 23 30 24
31 29 28 29
32 0 32 1
32 0 33 0
32 1 33 1
33 0 33 1
10 7 11 7
16 7 15 7
31 29 28 29
10 7 11 7
12 29 12 28
12 29 11 29
12 29 12 28
10 7 11 7
12 27 12 26
12 27 11 27
10 7 11 7
11 7 11 6
11 8 12 8
12 7 12 6
12 27 12 26
12 27 11 27
11 6 12 6

8024

2 4 = = = 5 = = = 6 = = = = = = = = = = = 2 1 2 2 = = = = = 6 2 1 2 
1 2 - 5 2 | 4 6 4 ǁ 2 4 = = = = = 3 - - - - - 6 = = = = = = 7 - 5 5 
2 6 4 ǁ 2 | ǁ | 4 ǁ 2 2 = = 6 = = = 2 1 2 - 3 | 2 3 2 1 2 2 ǁ 2 ǁ ǁ 
2 | 2 ǁ ǁ | 3 | ǁ ǁ ǁ 4 = = 8 4 - - 2 - 2 4 ǁ | 2 7 6 1 ǁ 3 ǁ ǁ ǁ ǁ 
ǁ 3 - 4 ǁ | | | 4 ǁ ǁ 5 1 2 ǁ 3 6 4 2 5 = 7 4 | 2 ǁ 6 4 ǁ | ǁ ǁ ǁ ǁ 
ǁ 3 2 | 3 | | | 2 ǁ ǁ 6 6 5 ǁ   2 | | 4 2 | 2 | | ǁ 2 2 ǁ | ǁ ǁ ǁ ǁ 
4 | 2 | | 3 | | 2 ǁ ǁ 4 4 3 ǁ 4 = 7 8 = = 6 2 | 6 7   | 6 5 ǁ ǁ ǁ ǁ 
| | 4 | | ǁ | | ǁ ǁ ǁ 2 2 2 ǁ 4 2 | ǁ 4 2 4 4 | ǁ ǁ 3 3 3 ǁ ǁ ǁ ǁ ǁ 
| 3 ǁ | | ǁ 3 | ǁ ǁ 5 = = = 7 | | 4 4 6 2 ǁ 2 | 4 ǁ 2   2 ǁ ǁ 4 ǁ ǁ 
| ǁ ǁ | | ǁ 2 | ǁ ǁ | 2 4 2 6 | | 4   | | 6 2 | 2 ǁ 2 5   3 ǁ ǁ ǁ ǁ 
5 8 4 | | 4 - 8 4 ǁ 5 = 6     | | |   | | ǁ   7 = 5   3 4 2 ǁ ǁ ǁ ǁ 
| 4 1 | | 2 3 6 2 ǁ 3 1 2 2 = 6 | 2 2 4 | ǁ   6 3   2 2 2 2 ǁ ǁ ǁ ǁ 
| 3 2 | | | 2 2 1 ǁ 2 - - - - 5 | |   | | ǁ   2 3 2 3 5 5 4 ǁ ǁ 4 ǁ 
3   | 5 5 7 = = = 7 |         ǁ | |   | | ǁ                 7 5 ǁ ǁ 
1 3 1 ǁ 2 ǁ 2 4 2 ǁ 4 = = 6 = 4 | |   | | ǁ                 ǁ   4 ǁ 
3 7 2 ǁ 2 ǁ 5 5 1 ǁ | 2 4 ǁ     | |   | | ǁ                 ǁ   2 ǁ 
3 | 3 8 4 ǁ ǁ 2 2 ǁ | 1 4 ǁ     | |   | | ǁ                 ǁ   1 ǁ 
ǁ |   ǁ 2 ǁ ǁ | ǁ ǁ |   | ǁ     | |   | | ǁ                 ǁ 2 2 ǁ 
ǁ |   ǁ 5 7 6 6 5 ǁ 5 5 3 ǁ     | |   | | ǁ                 ǁ 2   ǁ 
ǁ |   ǁ 4 ǁ 2 1 1 ǁ | 3 2 ǁ   2 | |   | | ǁ                 ǁ ǁ   ǁ 
4 |   ǁ 2 ǁ 1   2 ǁ | 2 2 ǁ   ǁ | |   | | ǁ                 ǁ 6 3 ǁ 
2 |   ǁ 2 8 = 5 5 ǁ 3 4   ǁ   ǁ | |   | | ǁ                 ǁ ǁ 2 ǁ 
2 |   ǁ 4 8 6 4 1 ǁ 1 2   ǁ   ǁ | |   | | ǁ                 ǁ ǁ ǁ 3 
ǁ |   ǁ ǁ | | | 2 ǁ 4 7 4 ǁ   ǁ | |   | | ǁ                 ǁ 6 6 1 
ǁ |   ǁ ǁ | 2 | ǁ ǁ ǁ | 2 ǁ   ǁ | |   | | ǁ                 ǁ ǁ 4 2 
ǁ | 2 ǁ ǁ | 1 | ǁ ǁ ǁ 5 4 ǁ   ǁ | |   | | ǁ                 ǁ ǁ 4   
ǁ | | ǁ ǁ 6 5 5 3 ǁ ǁ 3 2 ǁ   ǁ | |   | | ǁ                 ǁ ǁ 2   
ǁ | 2 ǁ 2 3 2 4 2 ǁ 6 = = 6   ǁ | |   | | ǁ                 5 7 2   
ǁ | 1 ǁ 2 5   4 2 ǁ 4 4 2 1 4 ǁ | |   | | ǁ 2 2     4 2 1 2 | 3 2   
ǁ 4 = 8 = = = = = 7 | |     6 ǁ | |   | | ǁ         8 6 | ǁ | 2 7 4 
5 - - 7 = = 6 4 4 ǁ 2 4 5 = 6 4 2 1   5 4 4 - 4 2 - 4 4 | ǁ | 1 2 2 
ǁ 2 = 6 4 2 4 2 2 ǁ | 2 2 2 4 3 5 4 2 ǁ 2 4 2 | 2 = = 6 4 3 | | 3 3 
4 3 - - - - - - - 7 6 = = = = = = = = 6 = 2 1 4 = = = = = = 4 5 8 2 
2 3 1 1 - - - 3 = 5 = = = = = = = = = = = = = = = = = = = = 2 1 3 1 
