34 34
2 2 0 0 0 4 0 0 4 2 0 0 0 0 2 0 0 0 0 6 0 0 0 0 0 0 5 0 6 2 4 0 5 1 
3 3 0 0 0 0 0 0 8 4 3 0 0 0 0 0 0 0 0 7 0 4 0 4 0 0 0 1 5 0 2 0 0 0 
0 2 0 0 0 1 0 0 0 1 4 0 0 1 0 0 0 0 0 2 0 0 0 0 0 0 0 2 4 0 0 0 0 0 
0 2 0 0 0 0 0 0 7 0 0 0 0 0 0 0 0 0 0 0 0 0 4 7 2 0 0 0 2 0 0 0 0 0 
0 2 0 0 0 0 0 0 0 0 0 0 0 0 0 0 0 0 0 0 0 0 1 3 1 0 0 6 0 0 0 0 8 2 
0 0 0 0 0 0 0 0 0 0 0 0 0 0 0 0 0 0 0 0 0 0 0 0 0 0 0 4 2 0 0 0 0 2 
4 7 0 0 0 0 0 0 7 0 0 0 0 0 0 0 0 0 0 0 0 0 0 0 0 0 7 0 0 0 0 0 5 3 
0 0 2 2 4 0 4 1 0 1 3 1 1 1 0 0 2 0 0 0 0 0 0 5 4 2 0 3 0 0 5 0 6 2 
0 0 6 5 6 0 6 0 0 1 0 4 3 2 0 0 4 0 4 2 2 4 2 0 0 0 0 0 0 2 0 0 0 0 
0 0 4 0 4 2 0 0 0 2 4 0 4 0 3 0 0 2 0 6 6 0 2 0 3 0 0 0 2 5 0 0 0 0 
0 3 4 6 0 0 6 5 0 0 0 0 0 2 0 0 0 0 0 2 0 0 0 0 2 0 0 0 0 0 0 0 0 0 
0 0 1 3 3 4 0 2 0 3 0 0 4 4 0 0 0 3 6 0 8 7 3 0 4 3 0 0 1 0 0 2 0 0 
0 5 7 5 0 8 7 4 0 0 0 0 3 2 2 1 0 0 4 3 0 0 2 0 0 0 0 0 0 0 0 0 0 0 
0 0 2 0 2 0 0 3 0 0 0 0 0 0 0 0 0 0 2 5 0 0 0 0 0 3 0 4 4 3 0 0 0 0 
0 2 2 3 0 0 0 0 0 0 0 6 0 0 0 0 7 5 2 0 0 6 4 0 0 0 0 4 0 0 0 0 0 0 
0 3 4 0 0 0 2 1 0 0 0 0 2 4 2 4 3 3 4 4 0 2 0 0 0 0 0 4 6 0 7 5 0 0 
0 0 2 0 0 0 0 0 0 0 0 0 4 6 0 6 0 0 0 0 5 0 0 5 6 3 0 4 5 2 4 0 0 0 
0 0 0 0 0 3 0 0 5 8 4 0 5 4 4 0 2 0 0 0 5 2 0 0 0 0 0 2 1 0 2 0 0 0 
0 3 0 0 6 0 0 0 0 5 1 0 2 1 2 0 0 0 2 0 4 1 0 2 0 0 0 4 0 8 4 0 0 0 
6 4 0 0 2 2 3 0 0 0 0 7 0 0 0 7 0 0 0 0 6 0 2 0 0 0 0 6 2 0 0 0 0 0 
0 1 2 1 0 0 4 0 2 0 0 0 1 3 2 0 0 0 0 0 0 0 2 0 4 0 0 0 1 0 2 0 0 0 
0 3 0 0 0 0 0 0 0 0 0 0 0 0 4 7 1 0 0 0 0 0 0 0 4 0 0 0 0 0 0 0 0 0 
0 0 6 0 0 0 7 0 4 0 0 0 3 6 0 6 0 0 0 0 0 0 5 0 6 2 0 6 5 0 2 0 0 0 
0 0 2 0 0 0 0 0 3 1 0 0 1 1 0 4 0 0 0 0 0 0 2 0 0 0 0 4 4 0 0 1 0 0 
0 4 0 0 0 0 8 0 0 0 0 8 0 0 0 0 0 0 0 0 0 0 0 0 0 0 8 0 0 7 4 1 0 0 
0 2 2 0 0 0 0 2 0 0 0 0 0 0 0 0 1 0 0 0 3 1 0 2 2 0 0 4 2 3 2 2 0 0 
0 0 0 0 0 0 0 4 0 0 0 8 0 0 0 0 0 0 0 0 7 0 0 2 0 0 0 0 2 0 5 4 0 0 
3 6 7 0 0 0 7 0 4 6 2 0 4 5 4 0 2 0 2 1 0 0 0 0 0 0 0 5 0 0 0 0 8 4 
0 0 0 4 2 2 7 3 4 8 4 0 4 5 0 0 0 0 7 5 0 2 6 0 7 3 0 0 4 0 3 0 0 2 
0 0 0 0 0 0 4 1 3 4 2 0 0 0 2 4 0 0 1 2 0 0 2 0 0 0 0 0 6 4 0 0 0 2 
1 0 0 0 2 0 4 3 0 0 0 8 4 0 1 5 0 0 0 0 5 0 0 0 6 3 0 0 0 4 3 2 0 0 
3 5 0 3 0 0 0 0 0 0 0 5 2 0 0 2 1 0 2 0 4 0 0 0 4 1 0 0 0 2 1 0 6 5 
4 2 2 0 0 0 0 4 0 5 2 4 0 7 0 0 0 0 0 0 0 0 0 0 0 0 8 4 7 0 0 2 4 4 
4 3 0 0 0 0 0 5 2 4 2 3 2 4 0 2 0 1 0 0 0 0 0 0 0 0 5 2 4 3 0 1 4 4 
400 675
0 19 0 14
0 19 0 26
0 19 1 19
0 19 0 14
0 19 0 26
0 19 1 19
0 28 0 26
0 28 0 29
0 28 1 28
0 28 0 26
0 28 0 29
0 28 1 28
0 30 0 32
0 30 1 30
0 30 0 32
0 30 1 30
0 32 0 33
0 32 4 32
0 32 4 32
1 8 1 1
1 8 1 9
1 8 0 8
1 8 3 8
1 8 1 1
1 8 1 9
1 8 0 8
1 8 3 8
1 19 1 10
1 19 1 21
1 19 2 19
1 28 1 27
1 28 2 28
1 28 2 28
2 28 2 27
2 28 3 28
3 8 3 1
3 8 3 22
3 8 6 8
3 23 3 22
3 23 3 24
3 23 1 23
3 23 4 23
4 32 4 27
4 32 4 33
4 32 6 32
6 1 6 0
6 1 6 8
6 1 4 1
6 1 10 1
6 26 6 8
6 26 6 32
6 26 0 26
6 26 24 26
7 23 7 16
7 23 7 24
7 23 16 23
7 30 7 27
7 30 7 32
7 30 15 30
8 2 8 3
8 2 7 2
8 2 9 2
8 2 8 3
8 2 7 2
8 2 9 2
8 29 9 29
9 2 9 4
9 2 10 2
10 3 10 2
10 3 10 6
10 3 11 3
10 3 10 2
10 3 10 6
10 3 11 3
10 6 10 7
10 6 8 6
10 6 12 6
10 6 10 7
11 5 11 4
11 5 12 5
11 5 11 4
11 5 12 5
11 20 11 18
11 20 11 21
11 20 9 20
11 20 16 20
11 20 11 18
11 20 11 21
11 20 9 20
11 20 16 20
11 21 11 22
11 21 8 21
11 21 14 21
11 31 15 31
12 1 12 2
12 1 10 1
12 1 14 1
12 2 12 1
12 2 12 3
12 2 11 2
12 2 13 2
12 5 12 3
12 5 12 6
12 5 17 5
12 6 12 5
12 6 12 7
12 6 15 6
13 19 13 18
13 19 12 19
13 19 15 19
14 11 14 16
14 11 8 11
14 11 19 11
14 11 14 16
14 11 8 11
14 11 19 11
14 16 14 17
14 16 8 16
14 16 15 16
14 21 14 22
14 21 11 21
14 21 15 21
14 21 14 22
14 21 15 21
14 22 12 22
14 22 19 22
14 27 13 27
14 27 15 27
14 27 13 27
14 27 15 27
15 27 15 28
15 27 16 27
15 28 15 30
15 28 13 28
15 28 16 28
15 28 15 30
15 28 13 28
15 31 15 30
15 31 11 31
15 31 23 31
15 31 15 30
16 27 16 28
16 27 17 27
16 27 16 28
17 9 17 8
17 9 17 10
17 9 11 9
17 9 18 9
17 9 17 8
17 9 17 10
17 9 11 9
17 9 18 9
17 10 9 10
17 10 18 10
17 12 17 13
17 12 16 12
17 12 18 12
18 9 18 4
18 9 23 9
18 9 18 4
18 29 18 27
18 29 18 30
18 29 16 29
18 29 24 29
18 29 18 27
18 29 18 30
18 29 16 29
18 29 24 29
18 30 17 30
18 30 20 30
19 0 19 1
19 0 6 0
19 0 27 0
19 0 19 1
19 0 6 0
19 0 27 0
19 15 19 11
19 15 19 20
19 15 16 15
19 15 21 15
19 27 19 28
19 27 18 27
19 27 22 27
19 27 19 28
19 27 18 27
19 27 22 27
20 28 22 28
20 30 22 30
21 15 21 14
21 15 21 16
21 15 19 15
21 15 22 15
21 24 20 24
21 24 22 24
21 24 20 24
21 24 22 24
22 2 22 6
22 2 20 2
22 2 23 2
22 2 22 6
22 2 20 2
22 2 23 2
22 6 22 8
22 6 20 6
22 6 24 6
22 24 22 22
22 24 22 25
22 24 25 24
22 24 22 22
22 27 22 28
22 27 23 27
22 27 22 28
22 27 23 27
22 28 23 28
22 30 24 30
23 27 23 28
23 27 25 27
23 28 22 28
23 28 25 28
24 6 24 1
24 6 24 11
24 6 22 6
24 6 27 6
24 11 24 6
24 11 19 11
24 11 26 11
24 11 19 11
24 11 26 11
24 26 6 26
24 26 32 26
24 26 32 26
25 7 26 7
25 27 25 28
25 27 27 27
25 27 27 27
26 11 26 7
26 11 26 20
26 11 30 11
27 2 27 1
27 2 27 6
27 2 25 2
27 2 32 2
27 9 27 8
27 9 27 10
27 9 28 9
27 9 27 8
27 9 27 10
27 9 28 9
27 12 27 13
27 12 28 12
27 12 27 13
27 12 28 12
27 32 27 27
27 32 27 33
27 32 7 32
27 32 31 32
27 32 27 27
27 32 27 33
27 32 7 32
27 32 31 32
27 33 7 33
27 33 28 33
28 3 28 4
28 3 31 3
28 3 28 4
28 3 31 3
28 5 28 6
28 9 28 8
28 9 28 10
28 9 29 9
28 10 28 9
28 10 29 10
28 10 28 9
28 12 28 13
28 12 30 12
28 18 28 13
28 18 28 19
28 18 27 18
28 18 29 18
28 24 28 22
28 24 28 25
28 24 25 24
28 24 30 24
28 28 28 30
28 28 29 28
28 28 28 30
28 28 29 28
28 30 30 30
28 33 29 33
29 15 29 14
29 15 30 15
29 15 29 14
29 15 30 15
29 28 29 29
29 28 32 28
29 28 29 29
29 28 32 28
29 29 30 29
29 33 31 33
30 4 30 6
30 11 30 7
30 11 30 12
30 11 26 11
30 11 31 11
31 1 31 0
31 1 27 1
31 1 32 1
31 3 31 11
31 32 31 30
31 32 31 33
31 32 32 32
31 32 31 33
31 33 32 33
31 33 32 33
32 9 32 7
32 9 32 10
32 9 33 9
32 13 32 11
32 13 32 26
32 13 28 13
32 13 33 13
32 26 32 13
32 26 32 27
32 26 33 26
32 28 32 27
32 28 32 31
32 28 33 28
32 33 32 32
32 33 33 33
33 0 33 1
33 0 32 0
33 0 33 1
33 0 32 0
33 7 33 1
33 7 33 8
33 7 32 7
33 26 33 17
33 26 33 27
33 26 32 26
33 33 33 32
0 5 0 1
0 5 0 8
0 5 0 1
0 5 0 8
0 9 1 9
0 9 1 9
1 21 1 19
1 21 1 23
1 21 1 23
1 23 3 23
2 5 2 1
2 9 2 10
2 10 2 13
2 10 1 10
2 10 1 10
2 19 1 19
2 27 4 27
4 27 4 32
4 27 5 27
4 27 5 27
4 32 4 33
4 32 6 32
5 27 5 28
5 27 4 27
5 33 6 33
6 0 6 1
6 26 6 8
6 26 6 32
7 32 7 30
7 32 7 33
7 32 6 32
8 6 8 4
8 6 8 9
8 6 7 6
8 11 8 12
8 11 7 11
8 29 9 29
9 4 9 5
9 4 8 4
9 4 9 5
9 10 9 9
9 10 7 10
9 10 9 9
9 20 9 19
9 20 8 20
9 20 9 19
9 20 8 20
10 2 10 1
10 7 11 7
10 19 9 19
11 4 11 3
11 9 11 7
11 18 11 17
11 18 8 18
11 18 12 18
11 18 11 17
12 1 12 2
12 5 12 3
12 5 12 6
12 7 12 6
12 7 13 7
12 7 13 7
12 15 12 14
12 18 12 19
12 18 13 18
12 18 12 19
12 22 11 22
13 7 15 7
13 19 15 19
13 27 13 28
13 27 7 27
13 28 13 29
13 29 9 29
15 19 15 18
16 2 15 2
16 28 17 28
16 30 15 30
16 30 17 30
16 30 15 30
17 5 17 8
17 8 17 5
18 4 18 1
18 4 13 4
18 4 19 4
18 4 18 1
18 23 16 23
19 11 19 15
20 3 20 6
20 24 20 22
20 24 16 24
21 14 21 15
21 14 20 14
21 14 21 15
22 15 22 13
22 15 22 22
22 15 23 15
22 15 22 13
22 15 22 22
23 8 22 8
23 15 23 13
23 15 23 22
23 15 23 22
24 6 24 1
24 6 27 6
25 7 26 7
25 16 25 20
26 7 26 11
26 11 26 20
26 20 26 23
26 20 25 20
26 20 30 20
26 28 26 30
26 31 26 30
26 31 25 31
26 31 26 30
26 31 25 31
27 8 27 6
27 8 28 8
27 14 27 13
27 14 27 16
27 14 27 13
27 14 27 16
27 27 32 27
28 5 28 6
28 6 28 7
28 6 27 6
28 6 29 6
28 18 28 13
28 18 28 19
28 18 27 18
28 21 28 22
28 22 28 21
28 22 28 24
28 22 29 22
28 22 29 22
28 24 28 25
28 24 30 24
29 10 29 9
29 19 28 19
29 29 30 29
30 4 30 6
30 6 30 7
30 6 29 6
30 11 30 7
30 11 30 12
30 11 31 11
30 12 31 12
30 14 30 15
30 24 30 20
30 24 30 25
30 24 31 24
30 24 30 20
30 25 28 25
30 25 31 25
30 29 30 30
30 29 31 29
30 30 30 31
31 12 31 11
31 24 31 20
32 0 32 1
32 0 31 0
32 26 32 27
32 28 32 31
32 28 33 28
32 32 33 32
32 32 33 32
33 7 33 8
33 7 32 7
33 9 33 10
33 9 32 9
33 9 33 10
33 15 33 13
33 26 33 27
33 28 33 29
33 28 33 29
33 29 33 31
33 32 33 33
0 0 1 0
0 0 1 0
1 0 1 1
2 1 3 1
3 8 3 22
3 8 6 8
3 22 3 23
4 1 6 1
4 22 4 23
5 33 6 33
6 1 6 8
7 10 7 9
7 27 7 30
8 4 8 3
8 4 8 6
8 4 7 4
8 4 8 3
8 6 7 6
8 18 8 16
8 18 8 19
8 18 8 16
8 19 9 19
8 21 8 22
8 21 11 21
8 21 8 22
9 17 11 17
9 19 10 19
9 22 11 22
11 28 9 28
13 4 13 2
13 29 9 29
14 3 14 2
15 19 15 18
16 2 15 2
16 24 16 23
16 24 16 25
16 24 11 24
16 24 16 23
16 24 16 25
18 23 16 23
19 20 19 15
19 20 19 22
19 20 18 20
19 20 18 20
19 20 18 20
20 14 20 13
20 22 22 22
22 13 22 12
22 13 20 13
22 25 16 25
23 8 22 8
23 12 22 12
24 1 21 1
24 1 25 1
24 31 24 30
25 23 25 21
25 23 26 23
26 20 25 20
26 20 30 20
26 28 26 30
26 30 25 30
27 6 27 2
27 6 28 6
27 13 28 13
27 19 28 19
28 19 29 19
29 6 29 7
29 6 28 6
29 9 29 8
29 9 28 9
31 11 32 11
31 24 31 20
32 7 32 2
32 9 32 10
32 11 32 13
32 11 33 11
32 13 33 13
33 11 33 12
33 11 33 12
33 13 33 15
7 4 7 3
7 4 7 6
7 4 7 3
7 6 7 7
9 28 9 29
11 24 11 25
11 24 10 24
11 24 11 25
12 2 12 3
13 25 11 25
14 3 14 2
15 2 15 1
16 15 16 13
16 15 16 20
16 15 15 15
16 15 16 13
16 15 16 20
16 20 17 20
17 14 17 13
17 14 18 14
17 14 17 13
17 14 18 14
17 16 17 20
18 18 18 20
18 21 17 21
21 1 20 1
22 13 22 12
22 13 20 13
23 8 22 8
24 30 24 29
24 30 25 30
25 29 24 29
27 2 27 1
27 2 25 2
28 7 28 8
28 7 28 8
31 20 31 18
31 20 30 20
7 25 7 24
10 24 9 24
14 1 15 1
15 2 15 1
15 15 15 14
15 15 15 16
15 15 15 14
15 18 15 17
15 18 14 18
16 13 16 12
16 13 15 13
16 13 17 13
16 13 16 12
17 12 16 12
17 12 18 12
17 16 17 20
17 20 17 21
18 1 19 1
19 1 19 4
19 5 19 6
20 8 20 6
22 6 20 6
24 29 25 29
24 29 25 29
25 1 27 1
30 15 31 15
30 15 31 15
31 16 31 18
7 25 7 24
9 24 7 24
14 18 14 17
15 12 15 13
15 13 15 12
19 5 19 6
7 23 7 16
8 16 8 13
14 16 14 17
14 16 15 16
14 17 15 17
14 17 15 17

5993

2 2 = = = 4 = = 4 2         2 = = = = 6 = = = = = = 5 = 6 2 4 = 5 1 
3 3 = = = = = = 8 4 3 - - - - - - - - 7 = 4 = 4     | 1 5   2   ǁ   
  2 - - - 1     ǁ 1 4 - - 1           2       ǁ     | 2 4       ǁ   
  2 - - - - - - 7 = = = = = = = = = = = = = 4 7 2   | | 2       ǁ   
  2             ǁ                           1 3 1   | 6 = = = = 8 2 
  ǁ             ǁ                                   | 4 2       ǁ 2 
4 7 = = = = = = 7 = = = = = = = = = = = = = = = = = 7 = = = = = 5 3 
ǁ | 2 2 4 - 4 1   1 3 1 1 1     2 = = = = = = 5 4 2 ǁ 3 = = 5 = 6 2 
ǁ | 6 5 6 = 6 - - 1 | 4 3 2 - - 4 = 4 2 2 4 2 | |   ǁ |   2 |   ǁ | 
ǁ | 4 - 4 2 |     2 4 ǁ 4   3   | 2 | 6 6 ǁ 2 | 3   ǁ | 2 5 |   ǁ | 
ǁ 3 4 6 = = 6 5     | ǁ   2     | | | 2 ǁ ǁ | | 2   ǁ | | ǁ |   ǁ | 
ǁ | 1 3 3 4 | 2 - 3 | ǁ 4 4     | 3 6 = 8 7 3 | 4 3 ǁ | 1 ǁ | 2 ǁ | 
ǁ 5 7 5 = 8 7 4   ǁ | ǁ 3 2 2 1 |   4 3 ǁ ǁ 2 | | | ǁ |   ǁ | ǁ ǁ | 
ǁ | 2 - 2 | | 3   ǁ | ǁ         |   2 5 ǁ ǁ | | | 3 ǁ 4 4 3 | ǁ ǁ | 
ǁ 2 2 3 | | | |   ǁ | 6 = = = = 7 5 2 ǁ ǁ 6 4 | |   ǁ 4 ǁ   | ǁ ǁ | 
ǁ 3 4   | | 2 1   ǁ | ǁ 2 4 2 4 3 3 4 4 ǁ 2 | | |   ǁ 4 6 = 7 5 ǁ | 
ǁ   2   | |       ǁ | ǁ 4 6 = 6 = = = = 5   | 5 6 3 ǁ 4 5 2 4 | ǁ | 
ǁ       | 3 = = 5 8 4 ǁ 5 4 4 | 2 = = = 5 2 | ǁ | | ǁ 2 1 ǁ 2 | ǁ | 
ǁ 3 = = 6 = = = = 5 1 ǁ 2 1 2 |     2 - 4 1 | 2 | | ǁ 4 = 8 4 | ǁ | 
6 4 - - 2 2 3     |   7 = = = 7 = = = = 6 - 2   | | ǁ 6 2 ǁ | | ǁ | 
ǁ 1 2 1 - - 4 - 2 |   ǁ 1 3 2 ǁ             2 - 4 | ǁ ǁ 1 ǁ 2 | ǁ | 
ǁ 3 ǁ       ǁ     |   ǁ   ǁ 4 7 1           |   4 | ǁ ǁ | ǁ | | ǁ | 
ǁ | 6 = = = 7 - 4 |   ǁ 3 6 = 6 = = = = = = 5 = 6 2 ǁ 6 5 ǁ 2 | ǁ | 
ǁ | 2       ǁ   3 1   ǁ 1 1 - 4 = = = = = = 2   |   ǁ 4 4 ǁ | 1 ǁ | 
ǁ 4 = = = = 8 = = = = 8                         |   8 | | 7 4 1 ǁ | 
ǁ 2 2       ǁ 2       ǁ         1 - - - 3 1 - 2 2   ǁ 4 2 3 2 2 ǁ | 
ǁ | ǁ       ǁ 4 = = = 8 = = = = = = = = 7 - - 2 |   ǁ ǁ 2 = 5 4 ǁ | 
3 6 7 = = = 7 - 4 6 2 ǁ 4 5 4 = 2   2 1 ǁ       |   ǁ 5 = = = = 8 4 
  | | 4 2 2 7 3 4 8 4 ǁ 4 5 = = = = 7 5 ǁ 2 6 = 7 3 ǁ | 4 = 3   ǁ 2 
  | | ǁ     4 1 3 4 2 ǁ | | 2 4     1 2 ǁ   2   ǁ | ǁ | 6 4 |   ǁ 2 
1 | | ǁ 2 = 4 3 = = = 8 4 | 1 5         5 = = = 6 3 ǁ | ǁ 4 3 2 ǁ | 
3 5 | 3 - - - - - - - 5 2 |   2 1 - 2 - 4 = = = 4 1 ǁ | ǁ 2 1 - 6 5 
4 2 2 - - - - 4 - 5 2 4 = 7 = = = = = = = = = = = = 8 4 7 = = 2 4 4 
4 3 - - - - - 5 2 4 2 3 2 4 = 2   1 - - - - - - - - 5 2 4 3 - 1 4 4 
