34 34
3 4 2 0 0 0 4 4 0 0 4 4 0 0 0 0 6 0 0 0 0 0 0 0 0 0 0 6 0 0 0 0 6 4 
0 0 1 1 2 2 0 0 4 2 0 2 2 4 4 2 0 4 0 0 0 6 4 2 1 3 2 0 1 2 0 3 0 0 
0 5 7 6 6 4 0 4 5 0 8 0 0 8 7 3 0 5 0 6 4 0 3 0 3 0 1 0 0 1 3 4 0 0 
0 1 0 2 3 2 0 4 4 1 0 2 0 4 3 3 0 3 2 0 2 0 4 2 0 3 0 8 6 2 0 0 0 0 
4 0 7 0 0 0 6 0 0 0 6 0 0 0 0 0 7 0 0 7 0 6 0 0 7 4 0 0 0 2 0 0 0 0 
0 2 0 2 2 1 0 3 3 2 0 2 0 6 3 3 0 3 3 0 0 0 2 2 0 0 0 0 0 0 0 0 0 0 
0 0 0 0 0 3 0 2 0 0 0 3 2 0 2 0 0 0 0 0 0 0 0 0 0 0 0 0 0 0 0 0 0 0 
4 3 0 0 4 0 0 2 6 5 0 3 0 0 0 0 0 0 0 0 0 0 0 0 0 0 0 0 0 0 0 0 0 0 
4 2 0 0 0 0 0 0 0 0 0 1 0 0 0 0 0 0 0 0 0 0 0 0 0 0 0 0 0 0 0 0 0 0 
4 0 8 4 0 4 0 0 0 0 0 4 4 0 3 5 0 2 0 0 0 0 5 6 0 0 0 0 0 0 0 0 0 0 
0 0 0 2 0 0 0 6 6 0 0 0 3 0 2 3 0 0 0 0 0 0 3 0 0 0 0 0 0 0 0 4 0 0 
0 0 0 0 0 0 0 0 0 3 0 4 0 0 0 1 0 0 0 0 0 0 0 0 0 0 0 0 3 0 0 2 0 0 
0 2 0 6 8 6 0 0 0 0 0 0 3 0 0 1 0 2 0 0 0 0 0 0 0 0 0 0 0 0 0 0 0 0 
0 0 0 0 0 2 0 0 0 2 0 0 0 0 6 5 0 0 0 0 0 0 0 0 0 0 0 0 0 0 0 2 0 0 
0 4 0 0 0 2 0 0 0 2 0 0 0 0 3 0 0 0 0 0 1 0 3 0 0 0 0 0 0 0 0 0 0 0 
0 0 0 0 0 0 0 0 0 4 0 0 0 0 0 0 0 6 5 0 0 0 1 0 0 0 0 0 0 0 0 0 0 2 
0 0 0 0 0 4 0 0 0 0 0 0 4 6 3 0 0 0 0 0 0 0 3 5 0 0 0 0 0 3 0 0 0 2 
0 0 0 0 0 0 0 0 5 4 0 0 0 0 1 0 0 0 0 0 0 0 4 0 0 0 4 5 0 0 0 4 0 0 
0 3 5 0 0 0 0 0 0 1 0 0 4 4 3 0 0 0 0 0 0 0 2 0 0 0 2 0 0 0 0 0 0 0 
0 1 0 0 0 0 0 0 6 4 0 0 0 1 2 0 0 0 1 0 4 6 0 5 2 4 3 4 4 0 0 0 0 3 
0 0 0 0 0 0 0 0 0 0 0 5 8 0 7 6 0 0 0 0 2 4 0 5 2 2 2 2 2 0 0 0 0 0 
0 5 6 0 0 0 0 0 4 2 0 3 0 3 5 2 0 5 0 7 0 0 0 0 0 0 0 0 0 4 0 0 0 0 
0 2 0 4 0 0 0 0 4 2 0 2 0 1 0 2 0 0 2 6 0 0 0 0 0 0 0 1 1 1 0 4 4 3 
0 3 7 5 0 0 0 6 0 0 5 0 7 0 5 3 0 6 5 3 4 0 6 0 0 0 5 0 7 4 0 5 2 3 
0 1 3 4 0 0 0 0 3 3 0 3 4 0 3 2 0 2 3 2 4 2 2 1 3 3 5 1 0 3 0 2 1 4 
0 0 3 4 0 0 0 2 0 3 0 2 4 6 0 0 6 0 0 0 0 0 0 0 4 4 5 1 0 1 0 0 0 0 
0 0 0 0 0 0 0 2 0 2 0 0 0 3 0 0 0 0 0 0 0 0 0 0 0 0 0 0 7 0 7 0 7 4 
6 0 0 0 8 4 0 5 5 0 4 0 7 0 0 0 0 0 0 0 4 2 2 0 6 0 4 2 4 4 6 2 0 1 
0 2 0 0 6 2 0 4 5 1 0 1 5 0 0 0 0 0 0 0 0 0 0 0 6 0 0 0 0 0 6 2 0 0 
0 1 2 5 0 0 7 0 2 2 6 0 0 0 0 0 0 0 0 0 0 0 0 0 0 0 0 0 0 0 6 2 0 0 
0 0 4 8 4 1 5 1 2 0 0 0 4 0 0 5 3 4 0 0 0 0 0 0 0 0 0 0 0 0 6 5 8 4 
0 0 2 2 4 2 0 0 4 5 0 0 2 0 0 0 2 2 1 0 3 3 0 4 0 0 0 0 4 2 3 2 0 1 
4 5 0 0 0 0 6 5 3 3 5 0 0 0 0 5 0 0 0 0 4 3 1 0 0 2 0 0 4 4 4 0 7 2 
2 4 4 4 0 0 3 2 4 3 4 0 0 0 0 0 0 0 0 0 0 0 0 5 0 0 0 0 0 0 4 2 3 2 
400 682
0 16 0 11
0 16 0 27
0 16 4 16
0 16 0 11
0 16 0 27
0 16 4 16
0 27 0 32
0 27 3 27
0 32 0 27
0 32 0 33
0 32 22 32
0 33 0 32
0 33 15 33
0 33 0 32
1 17 1 21
1 17 2 17
1 17 1 21
1 17 2 17
1 21 1 22
1 21 4 21
2 1 2 2
2 1 0 1
2 1 3 1
2 2 2 1
2 2 2 3
2 2 1 2
2 2 4 2
2 10 2 8
2 10 2 13
2 10 0 10
2 10 4 10
2 10 2 8
2 10 2 13
2 10 0 10
2 10 4 10
2 13 2 14
2 13 1 13
2 13 3 13
2 19 2 17
2 19 2 20
2 19 4 19
2 19 2 17
2 19 2 20
2 19 4 19
2 20 3 20
3 27 3 25
3 27 3 28
3 27 0 27
3 27 17 27
4 10 4 6
4 10 4 16
4 10 23 10
4 10 4 6
4 16 4 19
4 16 25 16
4 24 4 21
4 24 4 25
4 24 2 24
4 24 19 24
5 13 5 11
5 13 5 14
5 13 16 13
5 13 5 11
5 13 5 14
5 13 16 13
7 9 7 8
7 9 5 9
7 9 11 9
9 2 9 0
9 2 9 3
9 2 4 2
9 2 18 2
9 2 9 0
9 2 9 3
9 2 4 2
9 2 18 2
9 15 9 14
9 15 5 15
9 15 10 15
9 23 9 22
9 23 5 23
9 23 16 23
9 23 9 22
9 23 5 23
9 23 16 23
10 8 10 7
10 8 7 8
10 8 17 8
10 8 10 7
10 8 7 8
10 8 17 8
10 31 2 31
10 31 11 31
10 31 2 31
10 31 11 31
11 11 9 11
11 11 20 11
11 11 9 11
11 11 20 11
12 1 14 1
12 3 12 4
12 3 10 3
12 3 22 3
12 3 12 4
12 3 10 3
12 3 22 3
12 4 12 5
12 4 7 4
12 4 27 4
12 5 12 4
12 5 9 5
12 5 13 5
12 5 12 4
12 5 9 5
13 5 14 5
13 14 13 15
13 14 10 14
13 14 14 14
13 14 13 15
13 14 10 14
13 14 14 14
13 31 17 31
14 1 12 1
14 1 18 1
14 1 18 1
14 5 16 5
14 14 16 14
15 9 14 9
15 9 17 9
15 9 14 9
15 9 17 9
15 17 15 18
15 17 12 17
15 17 21 17
15 17 15 18
15 17 12 17
15 17 21 17
15 33 16 33
16 5 27 5
16 13 16 12
16 13 16 14
16 13 18 13
16 13 16 12
16 14 17 14
16 33 19 33
17 9 17 8
17 9 18 9
17 22 16 22
17 22 18 22
17 22 16 22
17 22 18 22
17 26 17 27
17 26 18 26
17 26 17 27
17 26 18 26
19 8 19 9
19 8 17 8
19 8 21 8
19 8 19 9
19 8 17 8
19 8 21 8
19 9 21 9
19 33 22 33
20 12 20 11
20 12 20 14
20 12 18 12
20 12 23 12
20 12 20 11
20 12 20 14
20 12 18 12
20 12 23 12
20 14 20 15
20 14 19 14
20 14 21 14
20 15 20 14
20 15 13 15
20 15 21 15
20 15 20 14
20 15 13 15
21 1 21 2
21 1 19 1
21 1 22 1
21 2 21 1
21 2 18 2
21 2 23 2
21 2 21 1
21 2 18 2
21 8 21 9
21 8 22 8
21 19 21 17
21 19 21 29
21 19 4 19
21 19 22 19
22 1 23 1
22 3 23 3
22 8 22 9
22 8 24 8
22 8 22 9
23 2 23 1
23 2 23 3
23 2 24 2
23 10 23 12
23 10 27 10
23 10 23 12
23 10 27 10
23 17 23 18
23 17 21 17
23 17 24 17
23 17 23 18
23 17 21 17
23 17 24 17
23 22 23 20
23 22 23 26
23 22 24 22
23 22 23 20
23 22 23 26
23 22 24 22
23 28 23 26
23 28 23 29
23 28 22 28
23 28 26 28
26 30 26 28
26 30 26 32
26 30 2 30
26 30 27 30
26 32 26 30
26 32 26 33
26 32 24 32
26 32 30 32
27 0 27 4
27 0 9 0
27 0 32 0
27 0 27 4
27 0 9 0
27 0 32 0
27 4 27 5
27 4 12 4
27 4 28 4
27 12 27 10
27 12 27 20
27 12 25 12
27 12 28 12
28 24 28 12
28 24 28 30
28 24 27 24
28 24 28 12
28 24 28 30
28 24 27 24
28 30 28 31
28 30 27 30
28 30 29 30
28 30 28 31
29 3 29 2
29 3 29 6
29 3 30 3
29 30 29 10
29 30 29 31
29 30 30 30
29 30 29 10
29 30 29 31
30 3 30 2
30 3 30 4
30 3 29 3
30 3 31 3
30 3 30 2
30 3 30 4
30 3 29 3
30 4 30 5
30 4 31 4
30 6 30 7
30 6 29 6
30 6 32 6
30 15 30 12
30 15 30 16
30 15 32 15
30 30 30 17
30 30 30 31
30 30 31 30
30 30 30 17
30 30 30 31
30 32 30 31
30 32 30 33
30 32 26 32
30 32 32 32
30 33 30 32
30 33 27 33
30 33 31 33
31 4 31 3
31 4 31 5
31 4 31 5
32 0 32 1
32 0 33 0
32 7 32 6
32 7 32 8
32 7 33 7
33 0 33 1
33 1 33 2
33 1 32 1
33 1 33 2
33 2 33 3
33 2 31 2
33 3 33 6
33 23 33 10
33 23 33 30
33 23 31 23
0 10 0 7
0 10 0 11
0 11 1 11
1 9 1 8
1 11 1 12
1 12 1 13
1 13 1 14
1 13 2 13
1 14 1 15
1 14 2 14
1 14 1 15
1 21 1 22
1 21 4 21
1 22 1 23
1 22 2 22
2 1 2 2
2 13 2 14
2 13 3 13
2 14 2 15
2 14 3 14
2 17 3 17
2 20 3 20
2 31 2 30
2 31 1 31
3 9 3 8
3 11 3 13
3 13 3 11
3 17 3 18
3 18 3 17
3 22 3 23
3 22 2 22
3 22 3 23
3 22 2 22
3 27 3 25
3 27 3 28
3 27 17 27
3 28 3 29
3 28 1 28
3 28 11 28
3 28 3 29
4 6 4 2
4 6 0 6
4 6 29 6
4 6 4 2
4 16 4 19
4 16 25 16
4 21 4 19
4 21 4 24
4 21 19 21
4 29 16 29
5 1 7 1
5 22 9 22
7 4 5 4
7 8 7 7
7 8 7 9
7 8 5 8
8 0 8 1
8 0 7 0
8 0 8 1
8 0 7 0
9 3 5 3
9 5 6 5
9 11 9 12
9 11 8 11
9 12 6 12
9 12 10 12
9 12 6 12
9 17 5 17
10 7 7 7
10 7 23 7
10 7 23 7
10 12 12 12
11 28 19 28
13 9 11 9
13 15 12 15
13 31 17 31
14 20 19 20
16 5 27 5
16 12 12 12
16 12 18 12
17 27 19 27
17 31 22 31
18 1 18 2
18 12 18 13
18 13 18 14
18 13 19 13
18 14 19 14
19 18 15 18
19 20 19 21
19 20 20 20
19 20 19 21
19 33 22 33
20 11 21 11
20 20 20 21
20 21 20 23
20 21 19 21
20 21 20 23
21 11 22 11
21 19 21 29
21 19 4 19
21 19 22 19
21 29 16 29
21 29 22 29
22 3 23 3
22 11 21 11
22 19 22 18
22 19 22 27
22 19 23 19
22 19 22 18
23 2 23 1
23 2 23 3
23 2 24 2
23 3 24 3
23 7 25 7
23 20 23 19
23 20 24 20
23 28 23 26
23 28 23 29
23 28 26 28
23 29 24 29
23 31 23 32
23 31 22 31
23 31 24 31
24 1 24 2
24 3 25 3
24 23 24 24
24 29 23 29
24 29 25 29
24 31 23 31
24 33 23 33
24 33 26 33
24 33 23 33
24 33 26 33
25 2 25 3
25 3 25 2
25 3 24 3
25 16 25 13
25 16 25 24
25 16 25 13
25 16 25 24
26 32 26 33
27 4 27 5
27 4 28 4
27 7 27 8
27 7 26 7
27 7 28 7
27 20 27 12
27 20 27 21
27 20 27 21
27 22 27 24
27 24 27 22
27 24 27 26
27 24 25 24
27 26 27 27
27 26 25 26
27 26 27 27
27 28 27 29
27 28 26 28
27 28 27 29
27 28 26 28
27 29 27 30
27 30 27 29
27 30 27 31
27 30 26 30
28 4 28 1
28 4 28 5
28 4 28 1
28 4 28 5
28 7 28 8
28 7 27 7
28 7 28 8
29 6 29 8
29 6 30 6
29 6 29 8
29 6 30 6
29 10 29 9
29 10 27 10
29 10 32 10
29 10 29 9
30 2 29 2
30 2 31 2
30 8 31 8
30 12 30 15
30 12 31 12
30 12 31 12
30 17 30 16
30 17 31 17
30 32 30 31
30 32 32 32
31 16 31 17
31 16 30 16
31 18 31 20
32 1 29 1
32 6 32 7
32 6 33 6
32 6 32 7
32 6 33 6
32 22 32 21
32 25 32 28
32 32 32 30
32 32 32 33
32 32 33 32
33 7 33 8
33 8 33 9
33 8 32 8
33 8 33 9
0 1 0 0
0 1 0 2
0 1 0 0
0 2 0 6
0 6 0 7
0 6 0 7
0 7 2 7
1 8 1 9
1 8 2 8
1 8 2 8
1 23 1 24
1 31 1 29
1 31 1 29
2 7 2 8
2 7 3 7
2 7 3 7
2 14 2 15
2 14 3 14
2 15 3 15
2 24 2 26
2 24 4 24
2 29 2 30
3 7 3 8
3 8 3 7
3 14 3 15
3 25 4 25
4 25 4 24
4 25 19 25
4 29 16 29
5 1 7 1
5 22 9 22
6 5 5 5
6 5 9 5
6 7 5 7
6 11 7 11
7 0 7 1
7 0 4 0
7 4 5 4
7 11 6 11
9 3 5 3
9 17 5 17
9 22 10 22
10 12 12 12
10 22 14 22
11 15 10 15
11 28 19 28
13 9 11 9
14 22 10 22
14 22 15 22
15 18 5 18
16 22 16 23
16 23 19 23
17 31 22 31
19 21 19 23
19 21 19 23
19 28 19 27
19 28 20 28
20 28 20 27
22 31 22 32
22 32 22 33
22 32 23 32
23 7 25 7
23 26 24 26
24 20 24 19
24 20 24 21
24 20 24 19
25 13 25 12
25 13 22 13
25 13 26 13
25 13 25 12
25 24 25 25
25 25 25 26
25 25 24 25
25 25 25 26
26 28 26 30
27 12 25 12
27 12 28 12
28 8 28 9
28 8 27 8
28 8 27 8
28 11 28 12
30 8 31 8
30 15 32 15
30 31 31 31
31 8 31 9
31 8 32 8
31 9 32 9
31 9 32 9
31 31 31 30
32 25 32 28
32 28 32 29
32 28 31 28
32 29 32 30
32 29 31 29
32 29 32 30
0 0 4 0
1 25 1 26
1 26 1 25
4 0 4 2
4 0 4 2
5 17 5 18
5 18 15 18
6 7 5 7
6 11 7 11
7 9 5 9
10 15 9 15
16 23 19 23
19 27 19 26
19 27 20 27
21 13 21 14
23 12 24 12
23 14 23 15
23 14 21 14
23 14 24 14
23 19 23 18
24 12 24 11
24 12 23 12
24 12 24 11
24 18 23 18
24 18 23 18
24 24 24 25
25 11 24 11
31 9 32 9
31 28 31 23
31 28 31 29
31 28 31 23
31 30 32 30
32 10 32 15
32 10 33 10
32 32 32 33
32 32 33 32
33 9 33 10
33 10 33 23
33 30 33 23
33 30 33 31
33 30 33 31
33 32 33 33
2 2 2 3
2 3 2 4
2 3 1 3
2 3 3 3
2 3 2 4
2 4 2 5
2 4 1 4
2 4 3 4
2 4 2 5
2 5 1 5
2 5 3 5
3 3 3 4
3 4 3 5
5 7 5 8
5 15 5 14
5 15 9 15
6 14 9 14
9 14 6 14
21 13 21 14
24 24 24 25
24 26 24 27
24 26 25 26
24 26 25 26
31 23 31 21
32 10 32 15
32 15 32 20
32 20 32 21
32 20 31 20
32 20 32 21
1 4 1 5
21 13 21 14
21 15 22 15
22 15 23 15
31 20 31 21

3599

3 4 2 - - - 4 4 - - 4 4 = = = = 6 = = = = = = = = = = 6 = = = = 6 4 
| | 1 1 2 2 | | 4 2 ǁ 2 2 4 4 2 ǁ 4 = = = 6 4 2 1 3 2 ǁ 1 2 = 3 | | 
| 5 7 6 6 4 | 4 5 = 8 = = 8 7 3 ǁ 5 = 6 4 ǁ 3   3 - 1 ǁ | 1 3 4 | | 
| 1 | 2 3 2 | 4 4 1 ǁ 2 = 4 3 3 ǁ 3 2 ǁ 2 ǁ 4 2 ǁ 3 = 8 6 2 | ǁ | | 
4 = 7 = = = 6 = = = 6 - - - - - 7 = = 7 - 6 = = 7 4   ǁ | 2 | ǁ | | 
| 2 ǁ 2 2 1 | 3 3 2 | 2 = 6 3 3 ǁ 3 3 ǁ   | 2 2 | |   ǁ | ǁ | ǁ | | 
| ǁ ǁ ǁ ǁ 3 | 2 | ǁ | 3 2 ǁ 2 ǁ ǁ ǁ ǁ ǁ   | ǁ ǁ | |   ǁ | ǁ | ǁ | | 
4 3 ǁ ǁ 4 ǁ | 2 6 5 | 3 ǁ ǁ ǁ ǁ ǁ ǁ ǁ ǁ   | ǁ ǁ | |   ǁ | ǁ | ǁ | | 
4 2 ǁ ǁ | ǁ | | ǁ | | 1 ǁ ǁ ǁ ǁ ǁ ǁ ǁ ǁ   | ǁ ǁ | |   ǁ | ǁ | ǁ | | 
4 = 8 4 | 4 | | ǁ | | 4 4 ǁ 3 5 ǁ 2 ǁ ǁ   | 5 6 | |   ǁ | ǁ | ǁ | | 
ǁ   ǁ 2 | ǁ | 6 6 | | ǁ 3 ǁ 2 3 ǁ   ǁ ǁ   | 3 ǁ | |   ǁ | ǁ | 4 | | 
ǁ   ǁ ǁ | ǁ | ǁ ǁ 3 | 4 ǁ ǁ ǁ 1 ǁ   ǁ ǁ   | ǁ ǁ | |   ǁ 3 ǁ | 2 | | 
ǁ 2 ǁ 6 8 6 | ǁ ǁ ǁ | ǁ 3 ǁ ǁ 1 ǁ 2 ǁ ǁ   | ǁ ǁ | |   ǁ ǁ ǁ |   | | 
ǁ ǁ ǁ ǁ ǁ 2 | ǁ ǁ 2 | ǁ | ǁ 6 5 ǁ ǁ ǁ ǁ   | ǁ ǁ | |   ǁ ǁ ǁ | 2 | | 
ǁ 4 ǁ ǁ ǁ 2 | ǁ ǁ 2 | ǁ | ǁ 3 ǁ ǁ ǁ ǁ ǁ 1 | 3 ǁ | |   ǁ ǁ ǁ | ǁ | | 
ǁ ǁ ǁ ǁ ǁ | | ǁ ǁ 4 | ǁ | ǁ | ǁ ǁ 6 5 ǁ | | 1 ǁ | |   ǁ ǁ ǁ | ǁ | 2 
ǁ ǁ ǁ ǁ ǁ 4 | ǁ ǁ ǁ | ǁ 4 6 3 ǁ ǁ ǁ | ǁ | | 3 5 | |   ǁ ǁ 3 | ǁ | 2 
ǁ ǁ ǁ ǁ ǁ ǁ | ǁ 5 4 | ǁ | | 1 ǁ ǁ ǁ | ǁ | | 4 ǁ | | 4 5 ǁ | | 4 | | 
ǁ 3 5 ǁ ǁ ǁ | ǁ ǁ 1 | ǁ 4 4 3 ǁ ǁ ǁ | ǁ | | 2 ǁ | | 2 | ǁ | | ǁ | | 
ǁ 1 ǁ ǁ ǁ ǁ | ǁ 6 4 | ǁ ǁ 1 2 ǁ ǁ ǁ 1 ǁ 4 6 = 5 2 4 3 4 4 | | ǁ | 3 
ǁ | ǁ ǁ ǁ ǁ | ǁ ǁ | | 5 8 = 7 6 ǁ ǁ   ǁ 2 4 = 5 2 2 2 2 2 | | ǁ | ǁ 
ǁ 5 6 ǁ ǁ ǁ | ǁ 4 2 | 3 ǁ 3 5 2 ǁ 5 - 7 = = = = = = = = = 4 | ǁ | ǁ 
ǁ 2 | 4 ǁ ǁ | ǁ 4 2 | 2 ǁ 1 | 2 ǁ ǁ 2 6 - - - - - - - 1 1 1 | 4 4 3 
ǁ 3 7 5 ǁ ǁ | 6 |   5 = 7 | 5 3 ǁ 6 5 3 4 = 6 = = = 5 = 7 4 | 5 2 3 
ǁ 1 3 4 ǁ ǁ | ǁ 3 3 ǁ 3 4 | 3 2 ǁ 2 3 2 4 2 2 1 3 3 5 1 ǁ 3 | 2 1 4 
ǁ   3 4 ǁ ǁ | 2   3 ǁ 2 4 6 = = 6 = = = = = = = 4 4 5 1 ǁ 1 |   | ǁ 
ǁ       ǁ ǁ | 2   2 ǁ   ǁ 3                     |   |   7 = 7 = 7 4 
6 = = = 8 4 | 5 5   4 - 7 = = = = = = = 4 2 2 = 6 - 4 2 4 4 6 2 ǁ 1 
ǁ 2 = = 6 2 | 4 5 1 | 1 5 = = = = = = = = = = = 6 = = = = = 6 2 ǁ | 
ǁ 1 2 5 - - 7 = 2 2 6 = = = = = = = = = = = = = = = = = = = 6 2 ǁ | 
ǁ | 4 8 4 1 5 1 2   |   4 = = 5 3 4 = = = = = = = = = = = = 6 5 8 4 
ǁ | 2 2 4 2 |   4 5 |   2     ǁ 2 2 1 - 3 3 - 4 = = = = 4 2 3 2 ǁ 1 
4 5 |       6 5 3 3 5 = = = = 5 - - - - 4 3 1 |   2 = = 4 4 4 - 7 2 
2 4 4 4 - - 3 2 4 3 4 = = = = = = = = = = = = 5 = = = = = = 4 2 3 2 
