34 34
3 0 4 0 0 0 0 0 0 0 0 0 0 0 0 0 0 0 0 0 0 0 0 0 0 0 0 0 0 5 0 0 4 2 
0 0 0 3 4 2 5 4 2 6 0 0 0 0 0 6 0 4 0 0 0 0 0 0 0 0 0 0 0 0 3 2 2 0 
0 0 0 1 0 1 0 4 0 6 4 4 0 4 2 0 0 2 0 0 0 0 0 0 0 0 0 0 0 0 4 0 4 5 
0 0 0 2 8 0 8 0 0 0 0 0 0 0 0 8 0 0 0 0 0 0 0 0 0 0 0 0 0 5 0 0 0 0 
0 0 0 1 5 2 0 2 4 2 4 0 3 3 4 0 1 2 2 1 0 0 0 0 0 0 2 3 2 0 0 0 0 0 
0 1 0 4 4 2 0 1 7 0 0 0 4 0 2 0 4 5 5 0 0 6 0 0 0 0 6 5 2 0 0 0 0 0 
0 0 0 0 0 0 0 2 0 3 0 3 0 2 2 0 0 0 0 2 0 0 1 5 2 1 0 3 3 0 0 1 0 0 
0 0 0 0 0 0 0 0 0 4 0 5 3 0 3 0 0 0 0 3 0 7 0 6 4 3 0 1 1 0 0 0 0 0 
5 5 0 0 0 0 0 3 0 3 2 0 2 0 0 0 3 0 1 2 0 7 0 0 4 3 0 0 2 0 0 0 0 0 
0 2 0 0 0 0 0 0 4 0 0 8 0 7 3 0 3 0 1 0 0 5 2 2 3 1 0 0 0 0 0 0 0 0 
6 4 0 4 0 0 0 3 3 0 3 0 2 6 3 0 4 6 0 0 0 0 0 0 0 0 6 6 6 0 0 0 0 0 
4 2 0 2 0 0 0 3 0 2 0 0 0 2 0 0 0 0 2 5 0 0 0 5 4 3 0 0 4 0 0 0 0 0 
6 0 7 0 8 6 0 4 2 0 0 0 0 2 0 0 0 0 0 0 3 0 0 5 3 3 0 0 2 0 0 5 5 0 
4 2 4 2 4 4 0 2 0 0 0 0 0 4 1 0 0 0 0 0 0 1 3 0 4 0 0 0 2 0 0 0 0 0 
3 0 0 2 0 0 0 4 6 0 0 0 0 0 2 0 0 0 0 0 0 0 0 0 4 0 0 0 0 0 0 0 0 0 
0 0 3 4 0 0 0 0 0 0 0 0 0 0 0 0 0 0 0 0 0 3 5 0 0 0 0 6 4 0 0 0 0 0 
5 0 6 4 0 0 0 0 4 0 0 5 7 7 5 0 0 0 4 5 0 0 0 0 0 0 0 0 0 0 0 0 0 0 
0 1 6 3 0 0 0 0 0 0 0 0 0 0 0 0 3 0 4 2 0 0 4 0 0 0 0 3 1 0 0 0 0 0 
0 0 0 1 0 0 0 0 4 0 0 0 0 0 0 0 2 0 0 0 0 0 4 0 0 0 0 0 0 0 0 0 0 0 
0 1 4 5 6 0 0 0 2 0 0 0 0 0 0 0 2 0 6 0 8 7 4 0 0 0 0 0 0 0 0 0 0 0 
0 4 4 2 2 0 0 5 0 4 0 0 0 0 4 0 0 0 2 2 4 4 3 0 0 0 0 0 0 0 0 2 0 0 
0 5 0 0 0 4 0 0 1 0 0 0 0 0 2 0 4 7 0 0 0 0 0 7 6 4 0 0 0 0 0 2 4 0 
0 0 2 0 4 3 0 0 0 0 0 0 0 0 1 0 2 0 2 4 2 6 2 2 2 2 0 0 0 0 0 1 2 0 
0 2 3 0 7 6 0 5 3 0 0 0 0 0 0 0 3 0 4 8 0 6 0 2 1 1 0 0 0 0 0 0 0 0 
0 0 0 2 0 0 0 5 2 0 0 0 0 3 0 0 0 0 2 0 2 5 0 0 0 0 6 0 0 7 6 6 6 0 
0 2 6 3 0 0 0 6 3 0 0 0 0 3 0 0 3 8 4 4 0 6 3 5 3 1 0 3 2 0 0 0 0 0 
0 0 3 4 0 2 0 4 3 0 0 0 4 4 2 0 2 4 6 6 4 0 2 0 2 2 0 5 0 6 0 0 0 0 
0 0 0 2 0 0 0 4 4 0 0 0 4 2 0 0 2 0 4 2 2 0 0 0 0 0 0 6 2 0 0 0 2 4 
0 2 0 0 5 0 6 0 0 4 3 3 0 0 0 8 0 0 0 0 0 8 0 7 5 3 0 4 2 0 0 0 2 0 
4 0 0 0 0 0 5 0 0 0 0 0 2 1 0 0 0 2 0 4 0 4 1 2 3 2 0 2 0 6 0 0 3 3 
3 0 0 0 0 0 0 0 0 0 0 0 0 0 0 7 0 0 0 0 0 0 5 4 6 2 0 4 2 0 0 3 0 1 
3 0 0 0 0 0 0 0 0 4 4 2 1 0 0 4 0 0 3 2 1 2 0 0 5 0 6 8 4 0 0 3 4 4 
3 0 0 6 0 0 0 0 0 0 0 0 0 0 0 0 0 0 0 0 0 0 0 0 0 0 4 4 6 5 4 0 1 4 
1 2 0 6 0 4 2 0 2 0 0 0 0 0 0 0 0 0 0 0 0 0 0 0 0 0 0 0 0 3 4 0 3 3 
400 634
0 29 0 2
0 29 0 32
0 29 3 29
1 3 1 4
1 3 2 3
1 3 1 4
1 4 1 5
1 4 3 4
1 6 1 5
1 6 1 7
1 6 3 6
1 9 1 8
1 9 1 15
1 9 2 9
1 9 1 8
1 9 1 15
1 9 2 9
1 15 1 17
1 15 3 15
1 17 1 15
1 17 2 17
1 17 2 17
2 5 4 5
2 9 2 7
2 9 2 10
2 9 4 9
2 9 2 7
2 10 2 11
2 10 4 10
2 10 2 11
2 11 2 13
2 11 6 11
2 13 2 14
2 13 4 13
2 13 2 14
2 33 2 32
2 33 0 33
2 33 27 33
3 6 1 6
3 6 28 6
3 6 28 6
3 15 3 29
3 15 1 15
3 15 28 15
3 15 3 29
3 15 28 15
4 10 4 9
4 10 8 10
4 10 8 10
4 14 4 13
4 14 5 14
4 14 4 13
4 14 5 14
5 8 5 7
5 8 4 8
5 8 9 8
5 8 4 8
5 8 9 8
5 8 4 8
5 8 4 8
5 12 4 12
5 12 7 12
5 12 4 12
5 12 7 12
5 21 5 18
5 21 5 26
5 21 7 21
5 21 5 18
5 21 5 26
5 21 7 21
5 26 5 27
5 26 4 26
5 26 10 26
5 26 5 27
6 7 8 7
6 9 7 9
6 11 7 11
6 19 7 19
6 23 6 22
6 23 6 24
6 23 7 23
7 9 6 9
7 9 8 9
7 9 6 9
7 21 7 19
7 21 7 23
7 21 8 21
8 0 8 1
8 0 0 0
8 0 10 0
8 9 11 9
9 8 10 8
9 11 9 13
9 11 7 11
9 11 16 11
9 11 9 13
9 11 7 11
9 11 16 11
9 13 9 14
9 13 6 13
9 13 10 13
10 0 10 1
10 0 8 0
10 0 11 0
10 10 28 10
10 26 10 17
10 26 10 27
10 26 24 26
10 26 10 17
10 26 10 27
10 27 10 28
10 27 7 27
10 27 15 27
10 27 10 28
10 28 8 28
10 28 11 28
11 19 11 18
11 19 11 23
11 19 16 19
11 28 10 28
11 28 12 28
11 28 10 28
12 0 12 2
12 0 11 0
12 0 13 0
12 0 12 2
12 0 11 0
12 0 13 0
12 2 12 4
12 2 0 2
12 2 13 2
12 4 12 2
12 4 12 5
12 4 5 4
12 4 13 4
12 5 12 4
12 5 5 5
12 5 13 5
12 5 12 4
12 5 5 5
12 32 12 31
12 32 2 32
12 32 21 32
13 0 13 1
13 0 14 0
13 5 13 4
13 5 21 5
13 5 13 4
14 8 14 7
14 8 12 8
14 8 16 8
14 8 14 7
14 8 12 8
14 8 16 8
14 24 13 24
14 24 21 24
14 24 13 24
14 24 21 24
15 22 15 21
15 22 13 22
15 22 17 22
16 0 16 2
16 0 14 0
16 0 29 0
16 8 18 8
16 12 16 11
16 12 16 13
16 12 10 12
16 12 26 12
16 14 16 13
16 14 14 14
16 14 20 14
18 8 16 8
18 8 19 8
18 8 19 8
19 4 19 3
19 4 13 4
19 4 20 4
19 4 19 3
19 4 20 4
19 4 19 3
19 20 19 18
19 20 19 21
19 20 12 20
19 20 20 20
19 20 19 18
19 20 19 21
19 20 12 20
19 20 20 20
19 21 19 22
19 21 15 21
19 21 20 21
20 7 20 9
20 7 14 7
20 7 23 7
20 14 16 14
20 14 21 14
20 14 21 14
21 1 21 5
21 1 20 1
21 1 23 1
21 5 21 1
21 5 22 5
21 8 23 8
21 17 21 16
21 17 21 23
21 17 10 17
21 17 25 17
21 24 21 23
21 24 21 25
21 24 22 24
21 24 21 23
21 25 12 25
21 25 22 25
21 25 12 25
22 14 26 14
22 21 22 20
22 21 22 22
22 21 23 21
22 21 22 20
22 21 22 22
22 21 23 21
23 4 23 2
23 4 23 5
23 4 22 4
23 4 28 4
23 5 23 4
23 5 22 5
23 5 26 5
23 5 23 4
23 5 22 5
23 19 23 18
23 19 23 21
23 19 22 19
23 19 25 19
23 19 23 18
23 19 23 21
23 19 22 19
23 19 25 19
24 3 25 3
24 7 24 8
24 7 23 7
24 7 25 7
24 26 24 21
24 26 24 29
24 26 31 26
24 26 24 21
24 26 24 29
24 29 24 30
24 29 3 29
24 29 26 29
24 32 24 31
24 32 22 32
24 32 27 32
24 32 24 31
24 32 22 32
24 32 27 32
25 7 25 8
25 7 24 7
25 7 26 7
25 7 25 8
25 7 24 7
25 17 25 16
25 17 25 18
25 17 21 17
25 17 26 17
25 23 25 22
25 23 25 24
25 23 28 23
26 5 33 5
26 7 26 8
26 7 27 7
26 7 26 8
26 14 26 13
26 27 26 29
26 27 25 27
26 27 27 27
26 29 26 27
26 29 24 29
26 29 29 29
26 29 29 29
27 7 27 8
27 27 27 28
27 27 26 27
27 27 28 27
27 27 27 28
27 27 28 27
27 33 2 33
27 33 29 33
27 33 29 33
28 4 28 1
28 4 23 4
28 4 28 1
28 6 28 9
28 6 29 6
28 6 28 9
28 6 29 6
28 15 28 11
28 15 28 21
28 15 30 15
28 21 28 15
28 21 28 23
28 21 25 21
28 21 29 21
28 27 28 28
28 27 29 27
28 28 30 28
28 32 29 32
29 0 16 0
29 0 30 0
29 0 30 0
29 13 29 12
29 17 29 19
29 27 30 27
29 29 29 32
29 29 32 29
29 29 29 32
29 29 32 29
29 33 30 33
30 0 31 0
30 15 30 22
30 15 28 15
30 15 31 15
30 15 30 22
30 15 31 15
30 15 31 15
30 22 30 23
30 22 29 22
30 22 30 23
30 23 30 24
30 23 29 23
30 24 30 25
30 24 29 24
30 24 31 24
30 24 30 25
30 24 29 24
30 27 30 28
30 27 31 27
30 27 31 27
30 31 31 31
31 0 32 0
31 9 31 10
31 9 28 9
31 9 31 10
31 9 28 9
31 10 31 11
31 10 28 10
31 15 31 12
31 18 31 19
31 24 31 21
31 24 31 26
31 26 31 24
31 26 31 27
31 26 32 26
31 26 31 27
31 27 31 28
31 27 32 27
31 28 31 27
31 28 32 28
31 28 31 27
31 33 31 32
31 33 32 33
31 33 31 32
31 33 32 33
32 26 32 27
32 27 32 26
32 27 32 28
32 28 32 29
32 33 32 32
32 33 33 33
33 3 33 1
33 3 33 5
33 3 32 3
33 3 33 1
33 3 33 5
33 3 32 3
33 5 33 6
33 33 33 32
33 33 33 32
1 6 1 7
1 7 2 7
1 7 2 7
4 5 4 4
5 1 8 1
6 7 8 7
6 11 7 11
6 19 7 19
6 23 6 24
6 23 7 23
6 25 7 25
7 11 7 12
7 21 7 23
7 21 8 21
8 7 10 7
8 9 11 9
8 21 8 19
8 21 8 24
8 21 9 21
8 28 7 28
9 8 10 8
10 0 10 1
10 0 11 0
10 1 9 1
10 1 11 1
10 3 5 3
10 3 11 3
10 3 5 3
10 3 11 3
10 8 10 7
10 10 28 10
10 17 10 16
10 17 5 17
10 17 21 17
12 4 5 4
12 7 11 7
12 7 13 7
12 7 11 7
12 7 13 7
12 20 12 23
12 28 13 28
13 1 13 2
13 24 13 22
13 24 12 24
13 28 15 28
14 7 20 7
15 28 15 27
15 28 17 28
15 28 15 27
17 22 15 22
17 22 18 22
17 22 18 22
17 27 15 27
18 22 19 22
19 18 17 18
19 18 20 18
19 18 17 18
19 18 20 18
20 9 20 7
20 19 20 20
20 20 20 19
20 21 20 22
20 21 19 21
20 21 20 22
20 22 19 22
21 23 21 17
21 23 22 23
21 23 22 23
21 32 21 31
21 32 12 32
21 32 21 31
22 4 22 2
22 19 22 18
22 31 24 31
23 7 23 8
23 18 22 18
23 18 24 18
24 3 25 3
24 18 25 18
24 30 24 29
24 30 24 31
24 30 2 30
24 30 24 31
24 30 2 30
25 17 25 16
25 17 25 18
25 17 26 17
25 18 25 19
25 19 25 21
25 21 25 22
25 21 24 21
25 21 28 21
25 21 25 22
25 27 25 28
25 28 25 27
26 17 26 16
26 17 26 18
26 19 26 18
26 19 26 20
26 19 27 19
26 19 26 18
26 19 26 20
26 19 27 19
26 20 27 20
27 3 26 3
27 7 27 8
27 8 27 7
27 8 26 8
27 12 27 13
27 12 26 12
27 12 27 13
27 12 26 12
27 18 27 16
27 18 26 18
27 18 27 16
27 18 26 18
27 20 26 20
28 15 28 11
28 21 28 23
28 21 29 21
29 6 33 6
29 17 29 19
29 19 29 21
29 21 29 19
30 31 31 31
31 0 32 0
31 11 28 11
31 18 31 19
31 20 31 21
31 32 31 31
32 3 32 0
32 28 32 29
32 30 32 29
32 30 33 30
32 30 33 30
32 30 33 30
33 8 33 29
33 29 33 8
33 29 33 30
2 30 2 32
2 30 1 30
3 29 0 29
5 3 5 4
5 3 4 3
5 4 4 4
6 31 12 31
7 23 7 24
9 1 8 1
10 7 11 7
10 16 9 16
10 16 17 16
10 16 9 16
12 23 12 24
12 23 11 23
12 23 12 24
12 23 11 23
12 25 11 25
15 27 17 27
16 11 16 12
17 16 18 16
17 18 17 19
17 18 16 18
17 19 16 19
18 22 19 22
19 21 15 21
20 31 12 31
21 16 19 16
21 16 22 16
21 16 19 16
22 4 22 2
22 16 23 16
23 7 23 8
23 16 25 16
24 8 25 8
24 20 24 21
26 12 26 13
26 13 25 13
26 13 25 13
27 3 26 3
1 30 1 31
3 3 3 4
3 3 3 4
3 4 4 4
4 4 3 4
7 23 7 24
7 24 7 25
7 24 8 24
7 25 8 25
8 1 8 0
9 16 8 16
11 24 11 23
11 24 11 25
11 24 11 23
11 24 11 25
12 31 12 32
12 31 20 31
13 21 13 22
16 11 16 12
16 18 16 19
16 18 11 18
16 18 16 19
16 19 11 19
17 16 18 16
24 20 24 21
25 13 24 13
26 3 26 2
26 3 25 3
0 0 0 2
0 0 0 2
0 29 0 32
0 32 0 33
0 32 1 32
1 30 1 31
1 32 2 32
3 4 4 4
8 16 5 16
12 2 13 2
13 2 13 3
13 3 14 3
23 21 23 23
23 21 23 23
24 13 16 13
25 2 25 1
25 2 23 2
25 2 26 2
25 2 25 1
25 2 23 2
25 2 26 2
8 16 5 16
23 1 21 1
24 13 16 13
5 16 5 17
5 16 4 16
20 1 20 2
20 1 19 1
20 1 20 2
20 2 20 3
20 2 19 2
20 3 19 3
17 1 17 2
17 2 17 3
17 2 16 2
17 2 19 2
17 2 17 3
17 2 16 2
19 2 19 3
16 2 16 0
16 2 16 3
16 2 15 2
16 3 15 3
16 3 17 3
16 3 15 3
14 0 14 3
15 2 15 3
15 2 15 3

3970

3 = 4 - - - - - - - - - - - - - - - - - - - - - - - - - - 5 = = 4 2 
|   | 3 4 2 5 4 2 6 = = = = = 6 = 4                       ǁ 3 2 2 | 
|   | 1 | 1 ǁ 4 = 6 4 4 - 4 2 ǁ   2                       ǁ 4 - 4 5 
|   | 2 8 | 8     | | |   |   8 = = = = = = = = = = = = = 5 ǁ   | ǁ 
|   | 1 5 2 ǁ 2 4 2 4 | 3 3 4 ǁ 1 2 2 1             2 3 2 | ǁ   | ǁ 
| 1 | 4 4 2 ǁ 1 7   ǁ | 4   2 ǁ 4 5 5 = = 6 = = = = 6 5 2 | ǁ   | ǁ 
| | | ǁ ǁ ǁ ǁ 2 ǁ 3 ǁ 3 ǁ 2 2 ǁ ǁ |   2   ǁ 1 5 2 1 | 3 3 | ǁ 1 | ǁ 
| | | ǁ ǁ ǁ ǁ ǁ ǁ 4 ǁ 5 3 | 3 ǁ ǁ |   3 - 7 = 6 4 3 | 1 1 | ǁ | | ǁ 
5 5 | ǁ ǁ ǁ ǁ 3 ǁ 3 2 ǁ 2 |   ǁ 3 | 1 2 - 7 - - 4 3 | | 2 | ǁ | | ǁ 
ǁ 2 | ǁ ǁ ǁ ǁ | 4 ǁ   8 = 7 3 ǁ 3 | 1     5 2 2 3 1 | | | | ǁ | | ǁ 
6 4 | 4 ǁ ǁ ǁ 3 3 ǁ 3 ǁ 2 6 3 ǁ 4 6 = = = = = = = = 6 6 6 | ǁ | | ǁ 
4 2 | 2 ǁ ǁ ǁ 3   2 ǁ ǁ | 2   ǁ | ǁ 2 5 - - - 5 4 3 | | 4 | ǁ | | ǁ 
6 = 7 = 8 6 ǁ 4 2   ǁ ǁ | 2   ǁ | ǁ | ǁ 3 - - 5 3 3 | | 2 | ǁ 5 5 ǁ 
4 2 4 2 4 4 ǁ 2 ǁ   ǁ ǁ | 4 1 ǁ | ǁ | ǁ ǁ 1 3 - 4 ǁ | | 2 | ǁ ǁ ǁ ǁ 
3 - - 2 | | ǁ 4 6   ǁ ǁ |   2 ǁ | ǁ | ǁ ǁ   |   4 ǁ | | | | ǁ ǁ ǁ ǁ 
|   3 4 | | ǁ ǁ ǁ   ǁ ǁ |   | ǁ | ǁ | ǁ ǁ 3 5   ǁ ǁ | 6 4 | ǁ ǁ ǁ ǁ 
5 = 6 4 | | ǁ ǁ 4   ǁ 5 7 7 5 ǁ | ǁ 4 5 ǁ ǁ ǁ   ǁ ǁ | ǁ | | ǁ ǁ ǁ ǁ 
ǁ 1 6 3 | | ǁ ǁ ǁ   ǁ   | ǁ ǁ ǁ 3 ǁ 4 2 ǁ ǁ 4   ǁ ǁ | 3 1 | ǁ ǁ ǁ ǁ 
ǁ   | 1 | | ǁ ǁ 4   ǁ   | ǁ ǁ ǁ 2 ǁ ǁ   ǁ ǁ 4   ǁ ǁ |     | ǁ ǁ ǁ ǁ 
ǁ 1 4 5 6 | ǁ ǁ 2   ǁ   | ǁ ǁ ǁ 2 ǁ 6 = 8 7 4   ǁ ǁ |     | ǁ ǁ ǁ ǁ 
ǁ 4 4 2 2 | ǁ 5 = 4 ǁ   | ǁ 4 ǁ ǁ ǁ 2 2 4 4 3   ǁ ǁ |     | ǁ 2 ǁ ǁ 
ǁ 5 = = = 4 ǁ | 1   ǁ   | ǁ 2 ǁ 4 7 = = = = = 7 6 4 |     | ǁ 2 4 ǁ 
ǁ ǁ 2 = 4 3 ǁ | |   ǁ   | ǁ 1 ǁ 2 ǁ 2 4 2 6 2 2 2 2 |     | ǁ 1 2 ǁ 
ǁ 2 3 - 7 6 ǁ 5 3   ǁ   | ǁ | ǁ 3 ǁ 4 8 = 6 = 2 1 1 |     | ǁ | ǁ ǁ 
ǁ   ǁ 2 ǁ | ǁ 5 2   ǁ   | 3 | ǁ | ǁ 2 ǁ 2 5 = = = = 6 = = 7 6 6 6 ǁ 
ǁ 2 6 3 ǁ | ǁ 6 3   ǁ   | 3 | ǁ 3 8 4 4 - 6 3 5 3 1 | 3 2 ǁ     ǁ ǁ 
ǁ   3 4 ǁ 2 ǁ 4 3   ǁ   4 4 2 ǁ 2 4 6 6 4 ǁ 2 | 2 2 | 5 = 6     ǁ ǁ 
ǁ     2 ǁ | ǁ 4 4   ǁ   4 2   ǁ 2 = 4 2 2 ǁ   |     | 6 2 ǁ     2 4 
ǁ 2 = = 5 | 6 = = 4 3 3 = = = 8 = = = = = 8 = 7 5 3 | 4 2 ǁ     2 ǁ 
4         | 5     ǁ | | 2 1   ǁ   2 = 4 = 4 1 2 3 2 | 2 | 6 = = 3 3 
3         | |     ǁ | |       7 = = = = = = 5 4 6 2 | 4 2 ǁ   3   1 
3         | |     4 4 2 1 - - 4     3 2 1 2 - - 5 = 6 8 4 ǁ   3 4 4 
3 - - 6   | |                                       4 4 6 5 4   1 4 
1 2 = 6 = 4 2   2 = = = = = = = = = = = = = = = = = = = = 3 4   3 3 
