34 34
3 5 0 0 6 0 0 0 0 0 0 0 0 0 0 0 0 0 0 0 0 0 6 6 0 0 0 2 2 4 4 4 2 2 
4 6 2 0 0 0 0 0 0 0 0 0 2 0 0 0 0 0 4 2 1 2 0 0 4 0 0 4 4 6 0 2 0 0 
3 0 0 0 7 0 0 0 0 0 0 0 0 0 0 0 0 0 7 6 4 3 0 0 2 1 1 0 2 0 5 0 7 6 
3 3 3 0 7 0 6 0 4 0 4 2 0 0 0 0 4 2 4 3 2 3 0 6 0 6 3 0 2 5 0 1 3 4 
0 3 2 0 4 2 4 0 0 0 5 0 0 0 1 2 6 0 0 4 1 2 0 4 2 2 1 0 1 0 0 0 2 4 
4 0 0 0 0 0 0 0 0 0 0 0 0 0 0 0 0 0 0 0 0 0 6 0 0 0 0 6 0 6 6 2 3 5 
5 2 2 6 0 4 2 0 5 0 6 0 0 0 0 0 0 5 0 4 2 2 0 2 1 0 0 0 0 0 6 4 0 2 
0 3 0 6 2 0 2 2 0 2 0 0 0 0 2 0 4 0 0 0 0 0 0 0 0 4 0 7 3 0 0 3 0 0 
0 4 0 5 2 0 0 0 0 0 0 3 0 0 0 0 6 0 0 0 0 0 0 0 0 5 1 0 3 0 0 1 0 2 
5 0 0 0 0 8 4 5 6 6 0 5 0 2 0 0 0 0 0 0 4 5 0 0 0 2 0 0 0 0 0 0 0 0 
0 4 0 6 2 0 2 1 0 2 0 4 0 0 0 0 0 0 0 0 0 1 0 6 7 0 0 6 5 0 0 0 0 0 
0 0 0 0 0 0 6 0 7 3 0 0 0 0 0 0 0 0 0 0 0 2 0 2 2 4 0 4 0 0 0 0 0 0 
0 0 0 2 0 0 6 2 0 3 0 6 0 0 0 0 5 0 0 0 0 3 0 4 3 6 4 4 4 0 5 2 0 0 
0 0 0 0 0 0 4 1 0 0 0 0 0 0 0 0 0 0 0 0 0 0 0 4 0 2 2 2 0 0 1 0 0 0 
0 6 5 0 0 8 5 0 4 0 0 0 0 0 0 0 0 4 0 0 7 4 0 5 5 0 0 0 0 5 0 0 6 3 
0 0 0 0 0 0 1 3 5 2 0 4 0 0 0 0 0 0 0 2 0 0 0 0 0 2 2 4 2 0 1 3 0 2 
0 3 0 2 0 7 0 0 4 3 0 4 0 1 0 0 0 0 0 0 0 0 0 0 0 0 0 0 0 0 3 6 0 3 
0 1 0 1 2 6 0 0 4 0 0 0 0 0 0 0 0 0 0 0 0 0 0 2 0 5 0 5 4 0 0 0 0 0 
0 2 7 0 4 0 2 2 3 2 0 1 0 0 0 0 0 0 0 0 2 0 0 2 0 4 2 0 0 0 1 0 0 0 
0 1 5 4 4 0 0 3 0 0 0 0 0 0 0 0 0 0 0 0 2 0 0 5 6 0 0 7 4 0 0 0 5 2 
5 0 0 0 0 0 0 0 0 0 5 0 0 0 0 0 4 0 0 0 0 0 0 0 0 2 0 3 2 0 0 0 5 3 
0 2 0 4 3 2 4 0 4 0 0 0 3 1 2 0 0 0 0 0 0 0 0 0 0 4 0 4 3 0 0 0 4 4 
0 4 0 7 0 0 8 0 0 0 0 5 0 0 5 2 0 0 0 0 0 0 0 4 0 2 0 0 0 0 3 7 6 4 
0 0 1 0 2 0 0 0 2 0 0 2 0 0 0 0 0 0 0 0 0 0 0 2 0 0 0 0 0 0 4 0 0 0 
0 0 0 0 0 0 0 0 0 0 0 0 0 0 0 0 2 0 0 0 0 0 0 3 6 0 0 5 3 0 4 0 5 5 
2 4 3 0 4 0 7 0 4 0 0 0 0 0 0 0 0 5 0 6 3 2 0 1 0 4 0 0 0 8 4 0 0 3 
2 3 0 0 2 1 4 3 0 0 0 0 0 0 0 0 0 6 2 3 0 0 0 4 4 6 0 0 2 4 2 0 2 3 
0 0 0 0 2 0 4 2 0 0 0 0 0 0 0 0 0 3 0 4 0 0 0 4 2 4 0 0 0 2 0 0 2 0 
1 5 0 7 0 0 0 0 0 0 0 0 0 0 0 0 0 0 0 0 0 0 6 0 0 0 0 0 0 0 0 7 7 4 
0 0 0 0 0 0 1 4 0 5 0 0 4 0 0 0 0 0 0 0 0 0 7 4 2 3 0 0 0 0 0 0 5 2 
0 0 4 7 0 0 2 0 3 6 2 2 3 0 0 0 0 0 0 0 6 2 0 0 2 0 0 0 0 0 0 0 0 0 
1 2 0 0 0 0 0 0 3 0 0 4 0 3 0 0 0 0 0 0 3 0 0 0 0 0 0 0 0 0 0 0 0 0 
1 0 5 2 1 0 0 6 0 0 1 0 0 3 0 0 0 0 0 0 0 0 5 5 6 5 0 0 0 0 0 6 8 3 
2 0 4 0 0 0 0 4 0 0 2 0 0 0 0 0 0 0 0 0 0 0 3 2 2 4 4 2 0 0 0 2 2 1 
400 638
0 1 0 0
0 1 0 4
0 1 1 1
0 4 0 1
0 4 0 22
0 4 2 4
0 22 0 4
0 22 0 23
0 22 5 22
0 23 0 22
0 23 0 27
0 23 3 23
0 23 0 22
0 23 0 27
1 24 1 27
1 24 2 24
1 24 1 27
1 24 2 24
1 27 1 28
1 27 5 27
2 18 2 4
2 18 2 19
2 18 1 18
2 18 3 18
2 32 2 30
2 32 2 33
2 32 0 32
2 32 3 32
2 33 2 32
2 33 0 33
2 33 3 33
2 33 2 32
2 33 0 33
3 4 3 2
3 4 3 6
3 4 2 4
3 4 4 4
3 6 3 4
3 6 3 8
3 6 4 6
3 33 3 32
3 33 4 33
3 33 3 32
4 33 4 32
4 33 5 33
4 33 4 32
5 22 5 0
5 22 5 27
5 22 28 22
5 22 5 0
5 22 5 27
5 33 5 32
5 33 6 33
6 0 6 1
6 0 5 0
6 0 9 0
6 3 6 2
6 3 6 5
6 3 7 3
6 3 6 2
6 3 6 5
6 3 7 3
6 5 6 6
6 5 9 5
6 8 6 6
6 8 6 10
6 8 9 8
6 10 6 8
6 10 6 17
6 10 20 10
6 10 6 17
6 10 20 10
7 3 7 1
7 3 7 4
7 3 8 3
7 3 7 1
7 4 8 4
7 9 9 9
7 16 7 14
7 16 8 16
7 16 7 14
7 16 8 16
7 25 7 27
7 25 8 25
7 25 7 27
7 25 8 25
7 27 7 28
7 27 5 27
7 27 10 27
8 16 8 11
8 16 12 16
8 16 8 11
8 16 12 16
9 9 9 8
9 9 7 9
9 9 10 9
9 9 9 8
9 9 10 9
9 11 9 13
9 11 8 11
9 11 10 11
9 21 9 20
9 21 6 21
9 21 10 21
10 11 9 11
10 11 12 11
10 11 9 11
10 23 10 24
10 23 6 23
10 23 11 23
10 23 10 24
10 23 6 23
10 23 11 23
10 24 10 27
10 24 6 24
10 24 11 24
10 28 10 27
10 28 8 28
10 28 12 28
11 6 11 8
11 6 10 6
11 6 12 6
11 6 11 8
11 6 10 6
11 6 12 6
11 8 11 9
11 8 9 8
11 8 14 8
11 21 12 21
12 6 12 3
12 6 12 7
12 6 13 6
12 6 12 3
12 7 13 7
12 23 12 24
12 23 13 23
12 23 12 24
12 23 13 23
13 6 14 6
13 23 13 25
13 23 14 23
14 1 14 2
14 1 10 1
14 1 16 1
14 1 14 2
14 1 10 1
14 1 16 1
14 5 14 2
14 5 14 6
14 5 16 5
14 5 14 2
14 5 14 6
14 5 16 5
14 5 14 6
14 20 14 17
14 20 14 21
14 20 9 20
14 20 18 20
14 23 14 24
14 23 17 23
14 23 14 24
14 23 17 23
16 5 16 3
16 5 16 8
16 5 17 5
17 25 17 27
17 25 15 25
17 25 18 25
18 2 18 1
18 2 18 4
18 2 14 2
18 2 19 2
19 23 19 24
19 23 18 23
19 23 22 23
19 27 19 24
19 27 19 28
19 27 17 27
19 27 20 27
20 0 20 10
20 0 9 0
20 0 25 0
22 3 22 1
22 3 22 6
22 3 21 3
22 3 28 3
22 6 22 3
22 6 22 11
22 6 21 6
22 6 25 6
22 14 22 11
22 14 22 15
22 14 21 14
22 15 22 14
22 31 22 30
22 31 22 32
22 31 16 31
22 31 28 31
23 2 25 2
23 4 25 4
24 16 20 16
24 32 24 33
24 32 22 32
24 32 26 32
25 29 25 25
25 29 25 30
25 29 14 29
25 29 26 29
25 29 25 25
25 29 25 30
25 29 14 29
25 29 26 29
25 30 24 30
25 30 26 30
26 30 26 29
27 19 27 17
27 19 26 19
27 19 27 17
27 19 26 19
28 22 28 3
28 22 28 31
28 22 29 22
28 22 28 3
28 22 28 31
28 32 28 31
28 32 28 33
28 32 27 32
28 32 29 32
29 9 29 7
29 9 29 12
29 9 30 9
29 22 29 12
29 22 29 23
29 22 32 22
30 3 30 2
30 3 30 6
30 3 28 3
30 3 32 3
30 9 30 8
30 9 30 10
30 9 29 9
30 9 30 8
30 9 30 10
30 20 30 12
30 20 30 21
30 20 31 20
30 20 30 12
30 20 30 21
30 20 31 20
31 20 31 13
32 7 32 4
32 7 32 10
32 7 29 7
32 7 33 7
32 32 32 31
32 32 32 33
32 32 29 32
32 32 33 32
32 32 32 31
32 32 32 33
32 32 29 32
32 32 33 32
33 26 33 25
33 26 33 27
33 26 33 25
33 26 33 27
33 31 32 31
33 31 32 31
33 33 32 33
0 4 2 4
1 12 1 18
3 6 3 8
3 6 4 6
3 8 3 10
4 6 4 5
4 6 4 10
4 10 4 14
4 10 3 10
4 10 3 10
4 10 3 10
4 15 4 16
4 16 4 15
4 16 4 19
4 16 3 16
4 16 4 19
4 16 3 16
4 19 4 20
4 19 3 19
4 21 3 21
4 23 4 24
4 23 3 23
4 23 4 24
4 23 3 23
5 0 3 0
5 33 5 32
5 33 6 33
6 0 6 1
6 0 9 0
6 8 9 8
6 19 6 17
6 19 6 20
6 19 6 17
6 19 6 20
6 21 9 21
6 30 6 31
6 30 5 30
6 30 12 30
6 30 6 31
6 30 5 30
6 30 12 30
6 31 5 31
6 31 7 31
7 1 8 1
7 31 8 31
8 1 8 3
8 1 10 1
8 1 8 3
8 26 8 25
8 33 14 33
8 33 14 33
9 0 20 0
9 5 9 6
9 13 16 13
9 20 9 21
9 20 14 20
9 25 8 25
10 1 10 3
10 7 9 7
10 24 10 27
10 24 11 24
10 27 10 28
10 27 7 27
11 21 12 21
11 25 11 27
11 25 12 25
11 25 11 27
11 25 12 25
11 27 12 27
11 27 12 27
12 11 15 11
12 16 20 16
12 21 14 21
12 24 12 25
13 6 14 6
14 8 11 8
14 8 15 8
14 8 15 8
14 21 14 20
14 21 25 21
15 6 15 7
15 7 15 8
15 11 12 11
15 11 16 11
15 11 16 11
15 19 25 19
16 1 17 1
16 11 18 11
17 5 17 4
17 5 17 8
17 5 16 5
17 5 17 4
17 5 17 8
17 8 16 8
17 8 18 8
18 2 18 1
18 2 18 4
18 2 19 2
18 4 18 6
18 4 19 4
18 6 18 7
18 26 18 25
19 1 19 2
19 2 19 3
19 3 19 2
19 3 19 4
19 3 19 4
19 4 19 7
19 7 18 7
19 32 19 33
19 32 14 32
19 32 20 32
21 8 21 6
21 8 21 12
21 8 21 6
21 8 21 12
21 12 21 13
21 14 22 14
22 6 22 11
22 6 21 6
22 6 25 6
22 11 23 11
22 11 23 11
23 4 25 4
23 8 25 8
23 30 22 30
23 30 24 30
23 30 22 30
23 30 24 30
24 16 20 16
24 27 24 24
24 27 24 28
24 27 21 27
25 4 25 6
25 4 26 4
25 6 25 8
25 6 26 6
25 21 25 20
25 25 25 23
25 25 26 25
26 23 26 24
26 23 27 23
26 23 26 24
26 23 27 23
26 24 26 25
26 24 27 24
26 25 26 28
26 25 27 25
26 29 26 28
27 23 27 24
27 25 27 29
27 25 26 25
27 25 27 29
29 22 29 12
29 22 29 23
29 22 32 22
29 23 29 24
29 23 32 23
30 8 31 8
31 8 31 11
32 7 29 7
32 7 33 7
33 7 33 2
33 7 33 10
33 10 33 22
33 25 33 24
33 25 32 25
1 12 1 18
1 18 1 19
2 18 2 4
2 18 2 19
2 18 3 18
2 19 2 20
2 19 1 19
2 19 3 19
2 19 2 20
3 11 3 16
3 16 3 11
3 17 3 18
3 18 3 17
3 19 3 20
3 23 3 25
4 5 4 4
4 21 3 21
5 30 5 29
5 30 5 31
5 30 2 30
5 30 5 29
5 32 14 32
6 17 14 17
8 25 9 25
9 5 9 6
12 16 20 16
14 17 14 20
14 17 25 17
14 32 14 29
14 32 14 33
14 32 19 32
14 32 14 29
15 7 15 8
15 19 25 19
15 33 16 33
16 31 16 30
16 31 15 31
16 31 22 31
16 31 16 30
16 31 15 31
16 33 15 33
16 33 19 33
17 3 16 3
18 8 18 9
18 20 19 20
18 26 18 25
18 30 16 30
19 20 25 20
19 32 20 32
20 10 20 0
21 5 21 4
22 31 22 32
22 31 28 31
22 32 22 33
22 32 21 32
22 32 24 32
22 33 21 33
22 33 24 33
22 33 21 33
23 8 25 8
24 24 24 23
24 24 24 27
24 24 19 24
24 24 24 23
24 24 19 24
24 33 24 32
24 33 25 33
24 33 25 33
25 6 25 8
25 6 26 6
25 17 25 19
25 17 26 17
25 19 25 17
25 19 25 20
25 19 26 19
25 33 26 33
26 18 26 17
29 7 29 6
29 9 29 12
30 6 30 3
30 12 30 11
31 8 31 11
31 11 31 13
31 11 30 11
31 13 32 13
32 13 32 22
32 13 32 22
33 2 33 0
33 2 32 2
33 2 33 0
3 23 3 25
3 25 3 26
3 25 2 25
3 25 4 25
3 25 3 26
3 29 3 28
3 29 1 29
3 29 5 29
4 4 4 2
4 4 3 4
4 25 4 26
5 29 5 27
5 29 3 29
5 29 14 29
9 5 9 6
12 31 12 30
13 30 12 30
14 24 19 24
15 30 15 31
16 5 16 8
16 8 16 9
18 8 18 9
18 23 19 23
18 25 17 25
19 24 19 23
19 27 19 28
19 27 17 27
19 27 20 27
19 28 17 28
19 28 20 28
21 5 21 4
21 32 21 33
21 32 20 32
21 32 21 33
22 23 23 23
22 25 21 25
24 23 23 23
25 17 26 17
26 17 26 7
26 17 26 18
26 17 27 17
2 26 3 26
4 28 3 28
5 27 7 27
7 28 8 28
9 5 9 6
9 7 9 8
9 7 7 7
9 7 7 7
11 8 11 9
11 9 12 9
12 9 15 9
12 30 12 31
15 8 15 9
17 28 17 27
17 28 15 28
17 28 17 27
20 32 20 33
20 33 20 32
21 4 21 3
22 25 21 25
2 28 1 28
3 29 1 29
7 28 8 28
10 28 12 28
12 28 12 27
12 28 15 28
15 27 15 26
15 27 13 27
15 27 15 26
15 27 13 27
17 25 15 25
21 3 21 1
21 3 22 3
21 25 21 27
21 25 20 25
1 29 1 28
1 29 1 31
1 29 0 29
1 29 1 28
1 31 0 31
2 30 2 32
12 27 12 26
20 25 20 27
20 28 21 28
21 1 22 1
21 27 21 28
21 27 24 27
21 28 24 28
22 1 22 3
22 1 25 1
28 3 28 1
28 3 30 3
28 3 28 1
30 2 30 3
30 2 32 2
30 2 32 2
32 2 32 0
32 2 32 3
0 28 0 29
0 28 0 29
0 29 0 30
0 30 0 31
0 31 0 30
0 31 0 32
12 26 12 25
12 26 13 26
12 26 12 25
13 26 13 25
25 2 25 1
25 2 25 1
25 1 25 0

4844

3 5 = = 6 = = = = = = = = = = = = = = = = = 6 6 = = = 2 2 4 4 4 2 2 
4 6 2   ǁ               2 = = = = = 4 2 1 2 | | 4 = = 4 4 6 - 2 | ǁ 
3       7 = = = = = = = = = = = = = 7 6 4 3 | | 2 1 1 | 2 ǁ 5 = 7 6 
3 3 3 - 7 = 6 = 4 - 4 2 = = = = 4 2 4 3 2 3 | 6 = 6 3 | 2 5 | 1 3 4 
| 3 2 - 4 2 4 - - - 5 - - - 1 2 6 = = 4 1 2 | 4 2 2 1 | 1 ǁ |   2 4 
4 = = = = = = = = = = = = = = = = = = = = = 6 = = = = 6 - 6 6 2 3 5 
5 2 2 6 = 4 2 - 5 = 6 = = = = = = 5 = 4 2 2 | 2 1     ǁ   | 6 4 | 2 
ǁ 3 = 6 2 | 2 2 ǁ 2 ǁ       2 = 4 |       ǁ | ǁ | 4 = 7 3 | ǁ 3 |   
ǁ 4 = 5 2 |   ǁ ǁ ǁ ǁ 3 = = = = 6 |       ǁ | ǁ | 5 1 ǁ 3 | ǁ 1 | 2 
5 |       8 4 5 6 6 ǁ 5 - 2     ǁ |     4 5 | ǁ | 2   ǁ | | ǁ   | ǁ 
ǁ 4 - 6 2   2 1 | 2 ǁ 4   |     ǁ |     ǁ 1 | 6 7 = = 6 5 | ǁ   | ǁ 
ǁ ǁ         6 = 7 3 ǁ |   |     ǁ |     ǁ 2 | 2 2 4 = 4 ǁ | ǁ   | ǁ 
ǁ ǁ   2 = = 6 2 ǁ 3 ǁ 6   |     5 |     ǁ 3 | 4 3 6 4 4 4 | 5 2 | ǁ 
ǁ ǁ         4 1 ǁ | ǁ ǁ   |     ǁ |     ǁ | | 4 - 2 2 2 | | 1   | ǁ 
ǁ 6 5 = = 8 5   4 | ǁ ǁ   |     ǁ 4 = = 7 4 | 5 5     ǁ | 5 = = 6 3 
ǁ ǁ |     ǁ 1 3 5 2 ǁ 4   |     ǁ |   2 | | | ǁ | 2 2 4 2 ǁ 1 3 ǁ 2 
ǁ 3 | 2 - 7 = = 4 3 ǁ 4   1     ǁ |   ǁ | | | ǁ | ǁ     | ǁ 3 6 ǁ 3 
ǁ 1 | 1 2 6 = = 4   ǁ |         ǁ |   ǁ | | | 2 | 5 - 5 4 ǁ | ǁ ǁ | 
ǁ 2 7 = 4 - 2 2 3 2 ǁ 1         ǁ |   ǁ 2 | | 2 | 4 2 ǁ | ǁ 1 ǁ ǁ | 
ǁ 1 5 4 4 - - 3     ǁ           ǁ |   ǁ 2 | | 5 6 - - 7 4 ǁ   ǁ 5 2 
5 = = = = = = = = = 5           4 |   ǁ | | | | ǁ 2 - 3 2 ǁ   ǁ 5 3 
| 2 - 4 3 2 4 = 4 = = = 3 1 2   ǁ |   ǁ | | | | ǁ 4 - 4 3 ǁ   ǁ 4 4 
| 4 = 7 = = 8 = = = = 5 - - 5 2 ǁ |   ǁ | | | 4 ǁ 2   ǁ | ǁ 3 7 6 4 
| | 1 | 2   ǁ   2     2         ǁ |   ǁ | | | 2 ǁ     ǁ | ǁ 4 ǁ ǁ | 
| | | | ǁ   ǁ   ǁ               2 |   ǁ | | | 3 6 = = 5 3 ǁ 4 ǁ 5 5 
2 4 3 | 4 - 7 = 4                 5 = 6 3 2 | 1 - 4 = = = 8 4 ǁ | 3 
2 3   | 2 1 4 3 - - - - - - - - - 6 2 3     | 4 4 6 - - 2 4 2 ǁ 2 3 
      | 2   4 2                   3 = 4     | 4 2 4 = = = 2   ǁ 2   
1 5 = 7 = = = = = = = = = = = = = = = = = = 6 = = = = = = = = 7 7 4 
      ǁ     1 4 - 5 = = 4 = = = = = = = = = 7 4 2 3             5 2 
    4 7 = = 2 ǁ 3 6 2 2 3 = = = = = = = 6 2 ǁ | 2               ǁ   
1 2 ǁ |       ǁ 3 = = 4 - 3 - - - - - - 3   ǁ |                 ǁ   
1 - 5 2 1 - - 6 - - 1     3 = = = = = = = = 5 5 6 5           6 8 3 
2 = 4 - - - - 4 - - 2 - - - - - - - - - - - 3 2 2 4 4 2       2 2 1 
