34 34
3 0 6 0 0 0 0 0 0 5 0 0 0 0 0 0 0 0 0 4 2 1 0 4 2 1 0 3 0 0 0 0 6 2 
3 2 2 4 2 2 4 3 0 0 3 0 5 3 3 0 0 4 0 6 0 0 0 7 0 0 0 0 0 2 0 0 0 1 
2 0 0 8 0 6 8 3 0 0 3 4 0 0 0 3 0 5 4 0 2 2 0 0 4 0 3 0 0 0 0 0 7 3 
2 0 3 0 2 3 2 0 0 0 0 0 0 0 0 0 0 0 0 0 0 0 0 0 4 4 0 0 0 0 5 4 0 2 
0 1 0 0 2 6 0 0 0 6 4 4 0 0 0 4 0 0 2 0 5 6 0 6 3 0 0 0 0 0 0 0 0 0 
4 5 0 0 3 6 0 0 0 6 6 2 0 0 0 4 2 0 0 0 4 5 1 0 1 4 0 5 1 0 0 0 0 0 
3 4 0 0 1 3 0 2 0 0 4 2 0 1 5 2 0 0 0 0 2 4 2 0 0 0 0 2 0 0 0 0 0 0 
3 4 5 0 2 2 0 0 0 7 1 1 0 3 4 0 0 0 0 0 3 0 0 6 3 4 0 0 2 0 0 0 0 0 
2 0 2 0 5 0 0 0 0 5 3 2 0 1 0 0 0 0 0 0 2 0 0 0 1 0 2 0 0 0 0 0 0 0 
1 0 0 0 2 1 3 0 0 0 0 0 7 0 0 0 0 7 2 0 2 0 0 7 0 6 4 1 0 0 0 0 0 0 
3 7 0 7 0 0 0 0 5 5 4 2 0 0 0 0 0 2 1 0 1 0 0 4 3 5 0 0 0 0 4 4 0 0 
1 7 2 0 4 2 4 2 2 6 0 0 8 0 0 0 0 0 0 7 0 0 0 0 0 0 0 0 0 0 0 0 8 5 
2 0 2 0 4 0 6 0 0 6 4 2 0 4 0 0 5 3 1 0 4 0 0 0 0 6 0 0 0 0 4 2 0 1 
0 6 4 0 3 0 3 0 0 0 0 0 6 6 0 5 4 1 0 0 4 0 0 0 0 2 0 0 0 0 0 4 7 3 
0 3 1 0 1 2 0 0 0 0 0 0 4 2 1 5 0 4 2 0 2 0 0 0 0 0 0 0 0 0 0 2 0 4 
6 5 0 6 0 0 0 0 0 0 0 0 0 0 0 0 0 0 0 6 0 0 0 0 0 0 0 0 0 0 8 5 0 0 
3 0 0 0 1 0 5 0 0 2 0 0 0 0 0 0 0 0 0 0 1 0 0 0 0 0 0 3 3 2 0 0 0 4 
3 0 0 0 2 3 0 1 0 0 0 0 0 0 0 0 0 0 0 0 0 0 0 1 0 5 0 5 0 1 0 0 0 0 
4 0 0 0 0 3 0 0 0 0 0 0 0 0 0 0 0 0 0 0 0 0 0 0 0 4 2 0 0 0 0 0 0 0 
0 0 0 0 0 0 4 5 0 0 0 0 0 0 0 0 0 0 0 7 0 0 0 0 0 0 0 6 5 5 0 0 0 0 
0 0 0 0 4 6 0 0 5 0 0 0 0 0 0 0 5 6 2 0 2 6 2 0 0 0 0 0 0 2 0 0 0 0 
0 0 0 0 0 0 1 2 0 3 0 2 0 0 2 3 3 8 4 0 0 0 2 0 0 0 0 0 3 3 0 0 0 0 
0 0 0 2 0 0 0 0 0 0 2 4 0 0 3 5 1 0 0 0 4 7 7 0 0 4 2 0 4 3 0 0 0 0 
4 0 0 0 0 0 0 0 0 2 0 0 0 0 0 2 0 3 3 0 2 0 6 0 2 0 0 0 0 0 0 3 0 0 
0 0 0 0 2 3 5 5 0 0 0 0 0 0 0 0 0 0 0 0 0 0 2 1 0 0 0 7 8 3 0 4 0 0 
0 0 0 0 0 0 1 2 0 4 0 0 0 0 6 0 0 0 0 8 0 8 0 6 0 2 0 0 0 0 0 4 0 0 
0 6 0 0 0 0 0 0 8 7 0 0 3 2 5 3 0 0 3 0 2 0 2 2 2 6 0 5 0 3 0 0 0 0 
0 5 0 3 2 1 0 3 4 6 4 2 4 2 0 1 2 4 0 0 6 4 6 0 0 7 2 1 0 2 0 4 4 0 
0 4 4 2 2 0 0 6 0 0 0 0 0 0 5 0 0 5 3 0 2 2 2 1 1 3 1 0 0 2 0 4 4 0 
5 0 0 0 0 0 0 0 0 0 0 0 0 0 0 0 0 0 0 6 0 6 1 4 0 0 0 0 8 4 0 0 2 0 
6 5 1 2 0 0 0 0 0 0 2 0 0 0 0 0 2 0 0 2 1 4 0 0 0 0 0 0 6 2 0 0 1 0 
2 4 2 0 2 0 0 0 0 0 6 0 0 0 0 0 6 0 0 0 0 0 0 0 0 0 0 0 0 0 8 5 0 0 
3 0 0 7 0 0 0 0 0 0 0 0 0 0 0 0 0 0 0 0 0 0 0 0 0 0 0 0 0 0 5 5 7 4 
4 3 0 5 0 0 0 0 0 0 0 0 0 0 0 0 0 0 0 0 0 0 0 0 0 0 0 0 4 2 3 4 4 2 
400 669
0 2 0 0
0 2 0 9
0 2 1 2
0 2 0 0
0 2 0 9
0 2 1 2
0 32 0 27
0 32 0 33
0 32 2 32
0 32 0 27
0 32 0 33
0 32 2 32
1 3 1 4
1 3 2 3
1 3 1 4
1 3 2 3
1 12 1 10
1 12 1 13
1 12 9 12
1 23 1 19
1 23 1 29
1 23 0 23
1 23 4 23
1 33 2 33
2 3 2 0
2 3 2 5
2 3 10 3
2 6 2 5
2 6 2 7
2 6 1 6
2 6 3 6
2 6 2 5
2 6 2 7
2 6 1 6
2 6 3 6
2 11 2 10
2 11 4 11
2 11 2 10
2 11 4 11
2 24 2 26
2 24 3 24
2 24 2 26
2 24 3 24
2 32 2 26
2 32 2 33
2 32 11 32
3 24 3 25
3 24 4 24
3 25 3 30
3 25 5 25
3 25 3 30
3 31 3 30
3 31 10 31
3 31 3 30
3 31 10 31
4 1 5 1
4 11 4 10
4 11 5 11
5 1 5 0
5 1 6 1
5 1 5 0
5 1 6 1
5 27 5 25
5 27 5 28
5 27 6 27
6 1 6 0
6 1 7 1
7 2 7 1
7 2 3 2
7 2 8 2
7 9 7 5
7 9 7 10
7 9 5 9
7 9 8 9
8 4 8 9
8 4 7 4
8 4 9 4
9 17 9 12
9 17 9 18
9 17 2 17
9 17 10 17
9 23 9 20
9 23 9 25
9 23 7 23
9 23 10 23
10 1 10 0
10 1 10 3
10 1 7 1
10 1 11 1
10 8 10 3
10 8 10 9
10 8 11 8
10 31 10 30
10 31 12 31
11 1 11 0
11 1 11 2
11 1 10 1
11 1 13 1
11 12 11 9
11 12 11 19
11 12 9 12
11 12 13 12
11 12 11 9
11 12 11 19
11 12 9 12
11 12 13 12
11 32 11 33
11 32 2 32
11 32 13 32
11 32 11 33
11 32 13 32
11 32 11 33
11 32 11 33
12 0 15 0
12 13 12 16
12 13 13 13
12 13 12 16
12 13 13 13
13 1 13 2
13 1 11 1
13 1 14 1
13 12 13 6
13 12 13 13
13 12 14 12
13 12 13 6
13 15 13 13
13 15 13 16
13 15 14 15
13 32 13 31
13 32 13 33
13 32 27 32
14 33 13 33
14 33 16 33
14 33 13 33
14 33 16 33
15 0 15 1
15 0 12 0
15 0 16 0
15 30 15 19
15 30 15 31
15 30 12 30
15 30 31 30
15 30 15 19
15 30 15 31
15 30 12 30
15 30 31 30
16 33 32 33
17 25 17 23
17 25 17 27
17 25 18 25
19 19 19 7
19 19 19 27
19 19 15 19
19 19 25 19
19 29 19 28
19 29 17 29
19 29 20 29
20 8 20 5
20 8 20 16
20 8 26 8
20 17 20 16
20 17 20 18
20 17 21 17
20 17 20 16
20 17 20 18
20 17 21 17
20 21 20 20
20 21 20 22
20 21 22 21
20 21 20 20
20 21 20 22
20 21 22 21
21 17 21 16
21 17 21 18
21 17 23 17
21 18 21 17
21 18 23 18
21 18 21 17
22 20 22 21
22 20 23 20
22 20 22 21
22 20 23 20
22 22 22 21
22 22 22 25
22 22 21 22
22 22 23 22
23 0 18 0
23 0 29 0
23 0 18 0
23 0 29 0
23 22 23 24
23 22 22 22
23 22 24 22
23 22 23 24
23 22 22 22
24 7 24 6
24 7 21 7
24 7 25 7
24 27 24 23
24 27 24 28
24 27 19 27
24 27 26 27
24 28 24 27
24 28 24 29
24 28 22 28
24 28 29 28
24 28 24 27
24 28 24 29
24 28 22 28
24 31 23 31
24 31 25 31
24 31 23 31
24 31 25 31
25 19 25 14
25 19 25 21
25 19 19 19
25 19 29 19
25 21 25 19
25 21 25 23
25 21 22 21
25 21 27 21
25 23 25 21
25 23 25 25
25 23 26 23
25 23 25 25
25 23 26 23
25 31 27 31
26 1 26 8
26 1 15 1
26 1 27 1
26 1 26 8
26 1 15 1
26 1 27 1
26 8 26 9
26 8 20 8
26 8 27 8
26 20 27 20
26 22 27 22
26 25 26 24
26 25 26 27
26 25 27 25
26 25 26 24
26 25 26 27
26 25 27 25
26 27 24 27
26 27 27 27
27 9 27 8
27 9 27 10
27 9 26 9
27 9 27 8
27 9 27 10
27 9 26 9
27 17 27 16
27 17 28 17
27 17 27 16
27 17 28 17
27 20 27 21
27 20 26 20
27 20 28 20
27 20 27 21
27 20 28 20
27 25 27 22
27 25 27 26
27 25 28 25
28 7 28 4
28 7 28 14
28 7 27 7
28 7 28 4
28 7 28 14
28 7 27 7
29 23 29 22
29 23 29 28
29 23 28 23
29 23 29 28
30 0 30 1
30 0 29 0
30 0 31 0
30 0 30 1
30 0 29 0
30 0 31 0
31 10 31 4
31 10 31 16
31 10 30 10
31 10 31 4
31 10 31 16
31 10 30 10
31 16 31 30
31 16 30 16
31 30 31 16
31 30 31 31
31 30 32 30
32 3 32 0
32 3 32 30
32 3 30 3
32 3 33 3
32 32 32 31
32 32 32 33
32 32 30 32
32 32 33 32
33 0 33 1
33 0 32 0
33 0 33 1
33 0 32 0
33 1 33 3
33 3 33 28
33 3 32 3
33 28 33 3
33 28 33 29
33 28 33 29
0 0 1 0
0 27 0 25
1 1 1 0
1 6 1 5
1 6 1 7
1 29 1 23
2 3 2 0
2 3 2 5
2 3 10 3
2 32 2 33
3 30 10 30
3 33 11 33
4 15 2 15
4 15 5 15
4 15 2 15
4 15 5 15
5 0 3 0
5 0 6 0
5 15 5 16
5 15 6 15
6 0 7 0
6 10 6 11
6 10 5 10
6 10 6 11
6 10 5 10
6 15 6 14
7 9 7 5
7 9 5 9
7 9 8 9
7 11 8 11
7 14 7 13
7 14 6 14
7 14 7 13
7 14 6 14
7 28 7 25
8 2 7 2
8 13 7 13
9 27 9 26
10 0 10 1
10 0 9 0
10 30 10 25
10 30 12 30
11 1 11 2
11 4 11 5
11 4 12 4
11 4 11 5
11 4 12 4
11 6 11 7
11 6 12 6
11 6 11 7
11 6 12 6
11 9 11 8
11 9 10 9
11 9 12 9
11 9 10 9
12 6 12 4
12 6 12 9
12 6 13 6
12 6 12 4
12 9 12 10
12 9 12 10
12 10 12 9
12 10 12 11
12 30 12 25
12 31 13 31
13 1 13 2
13 1 14 1
13 4 13 2
13 4 14 4
13 4 13 2
13 31 13 32
13 31 14 31
13 32 27 32
14 2 14 1
14 12 14 5
14 12 14 13
14 12 14 5
14 31 15 31
15 0 15 1
15 0 16 0
15 1 15 3
15 19 15 3
15 19 11 19
15 19 19 19
15 31 23 31
16 0 17 0
16 6 16 4
16 6 16 9
16 6 19 6
16 9 16 6
16 20 16 27
16 29 16 28
16 33 32 33
17 0 18 0
17 7 19 7
18 0 17 0
18 25 18 26
18 25 17 25
18 25 18 26
19 6 19 7
19 6 16 6
19 6 19 7
19 7 19 19
19 27 19 28
19 27 17 27
19 29 19 28
19 29 20 29
21 22 22 22
22 3 15 3
22 21 25 21
22 25 22 26
22 26 22 25
22 28 22 29
22 28 21 28
23 18 23 17
25 19 25 14
25 19 29 19
25 21 27 21
25 31 27 31
26 8 26 9
26 8 27 8
26 22 27 22
27 7 27 5
27 10 27 11
27 10 22 10
27 22 27 25
27 22 28 22
27 22 28 22
27 31 27 32
27 31 28 31
27 32 28 32
28 21 29 21
28 21 29 21
28 24 28 25
28 31 28 32
28 31 31 31
28 31 28 32
28 32 29 32
29 0 29 19
29 21 29 19
29 21 30 21
30 28 30 21
30 28 30 29
30 28 29 28
30 28 30 21
30 28 30 29
30 28 29 28
31 1 31 2
31 1 30 1
31 1 31 2
31 1 30 1
31 16 30 16
31 30 31 31
31 30 32 30
31 31 32 31
31 31 32 31
32 3 32 30
32 3 30 3
32 32 32 31
32 32 32 33
32 32 33 32
33 32 33 31
33 32 33 33
0 24 0 23
1 0 1 1
1 5 2 5
2 5 3 5
2 15 2 17
3 0 3 2
3 2 7 2
5 9 5 5
5 9 5 10
5 9 4 9
5 9 5 5
5 11 5 10
6 7 6 5
7 1 7 0
7 28 7 25
8 0 7 0
9 26 9 25
9 26 8 26
9 26 9 25
10 1 10 3
10 3 10 8
10 8 10 9
11 19 1 19
11 19 1 19
12 25 12 20
12 25 10 25
12 25 13 25
12 25 12 20
12 25 10 25
13 25 13 20
14 20 13 20
15 3 22 3
16 29 16 28
17 25 17 27
19 27 19 28
19 27 17 27
22 10 22 11
23 18 23 17
25 9 23 9
25 9 26 9
25 9 23 9
25 9 26 9
25 14 22 14
25 14 26 14
25 14 22 14
25 14 26 14
27 4 27 3
28 1 28 2
28 1 27 1
28 1 28 2
28 1 27 1
28 2 28 3
29 21 29 19
29 21 30 21
29 28 29 29
29 29 29 28
29 29 28 29
29 29 29 28
30 1 30 2
30 19 30 20
30 19 29 19
33 31 33 30
33 31 32 31
33 31 33 30
0 24 0 23
1 19 1 17
1 19 1 23
1 19 0 19
2 18 2 17
2 18 4 18
2 18 2 17
2 18 4 18
4 9 4 5
4 9 4 10
4 9 0 9
4 9 4 5
4 9 4 10
4 10 2 10
4 20 4 21
4 20 2 20
4 20 5 20
5 5 5 4
5 5 4 5
5 5 6 5
5 5 5 4
6 7 6 5
8 26 8 24
12 20 10 20
12 20 13 20
13 20 14 20
16 27 16 28
16 27 17 27
19 28 21 28
21 9 21 11
21 17 21 16
21 28 21 29
21 29 22 29
21 29 22 29
22 11 22 14
22 11 21 11
22 11 27 11
22 15 22 16
22 15 21 15
22 15 23 15
23 15 22 15
24 29 26 29
26 29 27 29
27 1 27 3
27 4 27 3
27 12 27 13
27 12 26 12
27 12 27 13
27 12 26 12
27 15 26 15
28 2 28 3
28 29 27 29
32 30 33 30
0 9 0 19
0 9 0 19
0 19 0 20
0 20 0 21
0 23 1 23
1 7 2 7
1 10 1 12
1 17 1 14
1 17 2 17
1 17 1 14
4 23 4 21
4 23 4 24
4 23 7 23
4 23 4 21
4 23 4 24
6 14 6 13
6 14 1 14
6 27 5 27
7 23 7 20
7 23 7 24
7 23 9 23
7 23 7 20
7 25 7 24
7 25 5 25
8 20 7 20
8 20 9 20
9 17 9 12
9 17 9 18
9 17 10 17
9 23 9 25
9 23 10 23
9 25 10 25
10 23 10 24
10 24 10 23
10 24 10 25
20 16 20 8
20 16 21 16
21 14 21 15
22 15 21 15
26 12 26 13
26 13 26 14
1 13 1 12
4 21 4 20
4 21 2 21
4 21 5 21
5 25 5 24
9 12 9 6
9 12 9 6
10 9 10 10
10 10 10 11
10 11 10 10
20 5 20 4
20 5 18 5
20 5 24 5
20 5 20 4
20 5 18 5
2 21 2 20
4 20 5 20
5 20 5 21
5 20 6 20
5 21 5 22
5 21 6 21
5 21 6 21
6 20 6 21
6 21 6 22
8 11 8 10
9 6 9 5
18 5 17 5
20 4 17 4
20 4 24 4
24 4 24 5
24 5 24 6
24 6 24 7
24 6 21 6
24 6 25 6
25 7 24 7
8 10 8 9
9 4 8 4
17 4 17 5
8 10 8 9

3996

3 = 6 = = = = = = 5 = = = = = = = = = 4 2 1   4 2 1 - 3 = = = = 6 2 
3 2 2 4 2 2 4 3   | 3 = 5 3 3 = = 4 - 6 = = = 7 = = = = = 2     ǁ 1 
2 = = 8 = 6 8 3   | 3 4 |   | 3 - 5 4 ǁ 2 2   | 4 = 3 - - - - - 7 3 
2 - 3 ǁ 2 3 2     | | ǁ |   | ǁ   | ǁ ǁ | |   | 4 4 = = = = 5 4 ǁ 2 
| 1 ǁ ǁ 2 6 = = = 6 4 4 |   | 4   | 2 ǁ 5 6 = 6 3 |         | ǁ ǁ | 
4 5 ǁ ǁ 3 6 = = = 6 6 2 |   | 4 2 |   ǁ 4 5 1 | 1 4 - 5 1   | ǁ ǁ | 
3 4 ǁ ǁ 1 3 = 2   ǁ 4 2 | 1 5 2   |   ǁ 2 4 2 |   |   2     | ǁ ǁ | 
3 4 5 ǁ 2 2 = = = 7 1 1 | 3 4     |   ǁ 3 = = 6 3 4 = = 2   | ǁ ǁ | 
2 | 2 ǁ 5 - - - - 5 3 2 | 1       |   ǁ 2     ǁ 1 - 2       | ǁ ǁ | 
1 |   ǁ 2 1 3 = = = = = 7 = = = = 7 2 ǁ 2 - - 7 = 6 4 1     | ǁ ǁ | 
3 7 = 7 = = = = 5 5 4 2 ǁ         2 1 ǁ 1     4 3 5 - - - - 4 4 ǁ | 
1 7 2   4 2 4 2 2 6 = = 8 = = = = = = 7 |         ǁ         | | 8 5 
2 ǁ 2   4 = 6 - - 6 4 2 ǁ 4 = = 5 3 1 | 4 = = = = 6 - - - - 4 2 ǁ 1 
ǁ 6 4 = 3   3 = = = = = 6 6 - 5 4 1   | 4 - - - - 2         ǁ 4 7 3 
ǁ 3 1   1 2 = = = = = = 4 2 1 5   4 2 | 2                   ǁ 2 ǁ 4 
6 5 - 6 - - - - - - - - - - - - - - - 6 = = = = = = = = = = 8 5 ǁ ǁ 
3 ǁ   ǁ 1 - 5 = = 2                   ǁ 1 - - - - - - 3 3 2 ǁ | ǁ 4 
3 ǁ   ǁ 2 3 ǁ 1                       ǁ       1 - 5 = 5   1 ǁ | ǁ ǁ 
4 ǁ   ǁ | 3 ǁ |                       ǁ           4 2 ǁ   | ǁ | ǁ ǁ 
ǁ ǁ   ǁ | ǁ 4 5 = = = = = = = = = = = 7 - - - - - - - 6 5 5 ǁ | ǁ ǁ 
ǁ ǁ   ǁ 4 6 - - 5 = = = = = = = 5 6 2 ǁ 2 6 2         | | 2 ǁ | ǁ ǁ 
ǁ ǁ   ǁ | | 1 2 ǁ 3 - 2     2 3 3 8 4 ǁ   ǁ 2         | 3 3 ǁ | ǁ ǁ 
ǁ ǁ   2 | | | | ǁ   2 4 - - 3 5 1 | | ǁ 4 7 7 - - 4 2 | 4 3 ǁ | ǁ ǁ 
4 ǁ     | | | | ǁ 2 | |     ǁ 2   3 3 ǁ 2 ǁ 6 = 2     | ǁ   ǁ 3 ǁ ǁ 
ǁ ǁ     2 3 5 5 ǁ ǁ | |     ǁ         ǁ   ǁ 2 1 - - - 7 8 3 ǁ 4 ǁ ǁ 
ǁ ǁ         1 2 ǁ 4 | |     6 = = = = 8 = 8 = 6 = 2   ǁ | | ǁ 4 ǁ ǁ 
ǁ 6 = = = = = = 8 7 | | 3 2 5 3     3 ǁ 2 ǁ 2 2 2 6 = 5 | 3 ǁ ǁ ǁ ǁ 
ǁ 5 - 3 2 1 - 3 4 6 4 2 4 2   1 2 4   ǁ 6 4 6 = = 7 2 1 | 2 ǁ 4 4 ǁ 
ǁ 4 4 2 2 = = 6 = = = = = = 5     5 3 ǁ 2 2 2 1 1 3 1   | 2 ǁ 4 4 ǁ 
5 - - - - - - - - - - - - - - - - - - 6 = 6 1 4 = = = = 8 4 ǁ | 2 ǁ 
6 5 1 2             2           2     2 1 4 = = = = = = 6 2 ǁ | 1 ǁ 
2 4 2 ǁ 2 = = = = = 6 = = = = = 6 = = = = = = = = = = = = = 8 5 | ǁ 
3 - - 7 = = = = = = = = = = = = = = = = = = = = = = = = = = 5 5 7 4 
4 3 - 5 = = = = = = = = = = = = = = = = = = = = = = = = 4 2 3 4 4 2 
