34 34
3 0 0 0 0 0 0 0 0 0 0 2 0 0 0 3 2 2 0 4 0 0 6 4 4 2 0 4 2 2 5 0 5 4 
5 0 0 0 0 0 0 0 0 0 0 0 0 0 0 0 0 0 0 0 0 0 7 0 7 0 3 5 7 0 8 2 0 0 
0 2 4 0 0 0 3 4 4 3 4 3 0 0 4 0 0 0 0 5 6 4 0 2 0 0 0 0 0 1 4 2 3 0 
0 0 4 1 3 1 0 0 2 0 3 0 0 0 0 0 0 0 0 0 0 0 0 0 0 0 0 0 0 0 3 0 1 0 
0 0 6 0 7 5 0 0 1 0 0 0 0 0 0 0 0 0 0 0 0 0 0 0 0 4 6 0 0 2 3 4 2 0 
0 0 0 2 3 2 0 0 0 3 0 0 0 0 0 0 2 0 0 0 0 0 0 0 0 2 0 0 0 0 0 0 0 0 
0 0 5 0 0 0 7 6 4 0 4 0 0 0 0 0 0 0 0 0 0 0 0 0 0 4 6 0 0 4 4 3 0 4 
0 0 3 4 4 2 0 1 0 0 0 0 0 0 0 0 4 0 0 0 0 0 0 0 0 4 2 0 0 0 2 1 0 0 
0 6 0 0 0 0 5 4 6 6 5 0 0 0 0 0 0 0 0 0 0 0 0 0 0 6 0 6 0 0 0 0 0 3 
0 3 1 2 1 2 0 3 0 0 4 0 0 0 0 0 0 0 0 0 0 0 0 0 0 2 2 4 0 0 6 4 0 1 
6 0 0 6 5 6 0 0 0 0 3 0 0 0 0 0 6 2 0 0 0 0 0 0 0 2 0 0 4 0 0 0 0 2 
0 4 2 0 0 2 0 0 0 0 3 0 0 0 0 0 0 0 0 0 0 0 0 0 0 5 4 2 0 0 3 0 0 0 
0 4 0 8 7 4 0 0 0 0 0 0 0 0 0 0 0 0 0 0 0 0 0 0 0 0 4 2 0 0 2 0 0 0 
0 4 0 6 0 0 0 0 0 4 0 0 1 0 0 0 0 1 0 0 0 0 0 0 0 4 3 1 0 0 1 0 0 0 
0 0 1 0 0 0 0 0 0 0 0 0 0 0 0 0 0 0 0 0 0 0 0 0 0 2 0 0 0 6 0 7 6 3 
0 0 0 0 0 0 0 0 0 0 0 0 0 0 0 0 0 0 0 0 0 0 0 0 0 4 7 5 0 4 4 0 0 2 
0 6 4 0 0 4 0 0 0 0 0 0 3 0 6 0 8 5 2 0 0 0 0 0 0 2 0 2 0 3 5 0 5 6 
0 0 0 0 0 2 0 0 0 0 0 0 0 0 0 0 0 0 0 0 0 0 0 6 7 0 6 2 0 3 0 0 2 4 
0 0 0 0 0 0 0 0 0 0 0 0 0 0 0 0 0 1 0 0 0 0 0 0 0 2 3 2 0 3 5 0 2 3 
0 0 0 0 0 2 0 0 0 0 0 0 0 0 0 0 0 0 0 0 0 0 0 4 0 4 6 3 0 0 0 0 4 0 
0 2 0 0 0 0 0 0 0 0 0 0 2 0 0 0 7 3 0 0 0 0 0 2 0 2 0 1 0 0 0 0 0 3 
0 3 4 0 5 6 0 3 0 6 4 0 0 0 0 0 1 0 0 0 0 2 0 2 5 0 8 3 0 3 0 0 0 0 
0 2 2 0 4 0 0 3 0 3 2 0 0 0 3 0 0 0 0 7 8 2 0 0 0 4 6 1 0 3 0 0 0 0 
0 0 2 0 0 0 0 0 0 4 3 0 0 0 1 0 0 0 0 1 2 0 0 6 6 4 1 2 0 3 0 0 0 0 
0 0 0 0 4 0 0 0 0 3 1 0 0 0 0 0 0 0 0 0 0 0 0 2 2 4 4 4 0 2 0 0 0 0 
0 0 0 0 2 0 0 6 6 0 0 6 0 0 0 0 0 0 0 0 0 0 8 0 0 0 0 0 7 0 7 6 7 5 
0 3 4 0 1 0 0 0 3 2 1 0 4 0 0 0 4 0 4 3 3 2 0 3 0 4 4 4 2 2 0 0 4 0 
0 0 0 0 5 6 0 3 6 6 5 0 4 4 0 0 0 4 8 4 3 4 0 0 2 0 5 7 2 3 0 3 0 2 
0 0 0 0 2 2 0 1 4 2 2 0 0 3 1 0 0 2 2 2 0 0 0 0 0 0 1 0 2 2 0 2 0 1 
0 3 0 6 0 0 6 0 0 0 0 6 0 0 0 0 7 0 0 0 7 5 0 5 5 0 1 0 6 6 0 2 4 4 
0 4 0 3 0 2 3 0 2 1 2 5 3 3 1 0 4 0 3 2 2 2 0 2 1 0 0 0 0 2 0 0 2 0 
0 4 1 3 0 5 0 0 0 0 0 0 0 8 0 0 0 0 0 0 0 0 8 0 0 8 4 7 6 2 0 0 0 0 
2 6 0 6 2 4 3 2 0 5 0 0 0 7 0 0 0 0 0 0 2 1 7 3 1 4 4 4 2 0 5 4 5 2 
1 5 2 1 2 4 4 4 2 3 0 2 2 4 0 1 2 4 0 0 0 0 6 0 0 0 0 0 0 0 0 2 2 1 
400 634
0 22 0 19
0 22 0 23
0 22 1 22
0 22 0 19
0 22 0 23
0 22 1 22
0 23 0 24
0 23 2 23
0 24 0 25
0 24 1 24
0 24 0 25
0 27 0 28
0 27 1 27
0 27 0 28
0 27 1 27
0 30 0 29
0 30 0 32
0 30 1 30
0 33 0 32
0 33 6 33
0 33 0 32
0 33 6 33
1 0 1 22
1 0 0 0
1 0 10 0
1 22 1 0
1 22 25 22
1 22 25 22
1 24 1 26
1 24 17 24
1 24 1 26
1 24 17 24
1 30 1 28
1 30 1 31
1 30 0 30
1 30 2 30
1 30 1 28
1 30 1 31
1 30 0 30
2 19 2 14
2 19 2 20
2 19 22 19
2 20 2 19
2 20 2 21
2 20 22 20
2 20 2 19
2 20 2 21
2 21 21 21
2 23 17 23
4 2 4 4
4 2 3 2
4 2 6 2
4 2 4 4
4 2 3 2
4 2 6 2
4 4 4 5
4 4 3 4
4 4 5 4
4 25 4 26
4 25 5 25
4 25 4 26
4 25 5 25
4 26 4 29
4 26 1 26
4 26 6 26
4 26 4 29
6 6 6 2
6 6 6 7
6 6 2 6
6 6 8 6
6 25 6 26
6 25 7 25
6 25 6 26
6 25 7 25
6 33 6 31
6 33 8 33
7 25 7 26
7 25 8 25
8 1 8 6
8 1 2 1
8 1 9 1
8 1 8 6
8 1 2 1
8 1 9 1
8 10 8 9
8 10 6 10
8 10 9 10
8 27 8 25
8 27 8 33
8 27 9 27
8 27 8 25
8 27 8 33
8 27 9 27
9 30 9 27
9 30 9 31
9 30 11 30
9 30 9 27
9 30 9 31
9 30 11 30
9 31 9 33
9 31 14 31
10 0 10 3
10 0 1 0
10 0 32 0
10 28 10 25
10 28 25 28
10 28 10 25
10 28 25 28
10 33 14 33
11 1 11 2
11 1 12 1
11 1 11 2
11 1 12 1
11 30 12 30
12 1 12 3
12 1 13 1
12 4 12 3
12 4 12 5
12 4 10 4
12 4 21 4
12 30 13 30
13 1 13 3
13 1 16 1
13 1 13 3
13 3 12 3
13 3 29 3
13 3 12 3
13 3 29 3
14 2 16 2
14 31 14 29
14 31 14 32
14 31 25 31
14 32 14 31
14 32 14 33
14 32 16 32
14 32 14 31
14 32 14 33
15 26 15 25
15 26 15 27
15 26 13 26
15 26 17 26
15 30 15 29
15 30 16 30
15 30 15 29
15 30 16 30
15 33 16 33
16 2 16 1
16 2 21 2
16 2 16 1
16 16 16 14
16 16 16 17
16 16 10 16
16 16 20 16
16 16 16 14
16 16 16 17
16 16 10 16
16 16 20 16
16 32 16 33
16 32 17 32
16 32 16 33
16 32 17 32
16 33 15 33
16 33 17 33
16 33 17 33
17 24 17 23
17 24 17 26
17 24 21 24
17 33 18 33
17 33 18 33
18 30 18 29
18 30 16 30
18 30 25 30
19 23 17 23
19 23 20 23
19 23 17 23
19 23 20 23
19 32 18 32
19 32 25 32
19 32 18 32
19 32 25 32
20 16 20 12
20 16 20 17
20 16 21 16
21 2 21 1
21 2 22 2
21 2 21 1
21 26 21 24
21 26 21 27
21 26 19 26
21 26 22 26
21 26 21 24
21 26 21 27
21 26 19 26
21 26 22 26
22 19 22 14
22 19 22 20
22 19 23 19
22 19 22 14
22 19 22 20
22 19 22 20
22 20 22 21
22 20 23 20
22 20 22 21
22 20 23 20
22 25 22 26
22 25 23 25
22 25 22 26
22 25 23 25
22 26 22 27
22 26 23 26
23 23 23 24
23 23 21 23
23 23 24 23
23 23 23 24
23 23 21 23
23 23 24 23
23 24 23 25
23 24 21 24
23 24 24 24
23 24 23 25
23 27 24 27
25 22 25 11
25 22 25 28
25 22 31 22
25 32 25 31
25 32 25 33
25 32 26 32
27 4 27 5
27 4 26 4
27 4 28 4
27 18 27 17
27 18 27 19
27 18 26 18
27 18 28 18
27 18 27 17
27 18 27 19
27 18 26 18
27 18 28 18
27 27 27 26
27 27 27 28
27 27 26 27
27 27 31 27
29 3 29 1
29 3 29 6
29 3 30 3
29 3 29 1
29 6 29 11
29 6 8 6
29 6 30 6
29 6 29 11
29 6 8 6
29 11 29 16
29 11 25 11
29 11 30 11
29 11 29 16
29 16 29 20
29 16 26 16
29 16 30 16
29 21 29 20
29 21 27 21
29 21 30 21
29 23 29 24
29 23 26 23
29 23 30 23
29 28 29 29
29 28 28 28
29 28 31 28
29 28 29 29
29 28 28 28
29 28 31 28
29 29 29 31
29 29 28 29
29 29 30 29
29 29 29 31
31 13 31 5
31 13 31 22
31 13 30 13
31 13 32 13
31 13 31 5
31 13 31 22
31 13 30 13
31 13 32 13
31 22 31 25
31 22 25 22
31 22 32 22
31 25 31 22
31 25 31 26
31 25 26 25
31 25 32 25
31 28 31 27
31 28 31 29
31 28 32 28
31 28 31 27
31 29 30 29
32 9 32 7
32 9 32 13
32 9 33 9
32 22 32 21
32 22 32 23
32 22 31 22
32 22 33 22
33 1 33 0
33 1 33 2
33 1 32 1
33 17 33 16
33 17 33 22
33 17 33 16
33 17 33 22
33 22 33 31
33 22 32 22
0 0 0 11
0 0 0 11
0 15 0 16
0 15 0 16
0 17 0 19
0 19 0 17
0 32 2 32
0 32 2 32
1 27 1 28
1 28 1 27
2 2 2 6
2 2 3 2
2 2 2 6
2 2 3 2
2 7 2 8
2 7 6 7
2 7 2 8
2 7 6 7
2 8 2 9
2 8 3 8
2 14 2 11
2 14 16 14
2 14 2 11
2 21 21 21
2 29 2 30
2 30 2 31
2 30 3 30
3 3 3 4
5 3 5 4
5 16 7 16
6 7 6 6
6 7 6 8
6 7 7 7
6 29 6 26
6 29 6 30
6 29 6 26
6 29 6 30
7 3 7 2
7 3 7 4
7 3 7 2
7 3 7 4
7 4 7 5
7 5 7 4
7 16 5 16
7 16 10 16
7 16 10 16
8 7 8 8
8 7 9 7
8 7 8 8
8 7 9 7
8 8 8 9
8 8 6 8
8 8 25 8
8 8 8 9
8 9 8 10
8 9 5 9
8 9 13 9
8 25 9 25
9 1 9 2
9 7 21 7
9 10 8 10
9 10 10 10
9 10 10 10
9 26 9 25
10 0 10 3
10 0 32 0
10 3 10 4
10 3 9 3
10 3 12 3
10 3 10 4
10 5 10 4
10 5 9 5
10 5 11 5
10 5 10 4
10 5 9 5
10 5 11 5
10 10 11 10
10 16 10 17
11 10 21 10
12 3 12 4
12 4 12 3
12 4 12 5
12 5 16 5
13 9 21 9
13 12 16 12
15 29 14 29
15 29 16 29
16 1 20 1
16 5 12 5
16 5 17 5
16 5 17 5
16 14 16 12
16 18 16 17
16 25 15 25
17 23 17 24
18 33 20 33
19 5 21 5
19 26 19 25
19 26 19 27
19 26 18 26
19 26 19 25
20 16 20 12
20 16 20 17
20 17 18 17
20 25 19 25
20 33 25 33
21 4 21 5
21 4 22 4
21 4 21 5
21 4 22 4
21 7 22 7
21 9 21 10
21 9 13 9
21 9 22 9
21 9 21 10
21 9 22 9
21 10 11 10
21 24 17 24
21 27 20 27
22 4 24 4
23 27 24 27
24 4 22 4
24 4 25 4
24 4 25 4
24 24 24 25
24 25 24 26
24 26 24 25
24 26 24 27
24 26 24 25
25 7 25 8
25 7 22 7
25 7 27 7
25 7 25 8
25 7 22 7
25 7 27 7
25 11 25 8
25 11 25 22
25 11 2 11
25 11 25 8
25 22 25 28
25 30 25 28
25 30 25 31
25 30 18 30
25 30 25 28
25 30 25 31
25 30 25 31
25 31 25 32
26 2 26 1
26 2 23 2
26 2 26 1
26 2 23 2
26 12 26 16
26 12 27 12
26 12 26 16
26 12 27 12
26 16 26 18
26 18 26 19
27 4 27 5
27 4 28 4
27 5 21 5
27 5 28 5
27 5 21 5
27 5 28 5
27 10 27 9
27 10 26 10
27 10 28 10
27 12 27 13
27 13 27 12
27 13 28 13
27 13 28 13
27 17 28 17
27 24 29 24
28 13 28 14
28 17 27 17
28 19 27 19
29 16 29 20
29 16 30 16
30 11 30 10
30 11 30 12
30 11 30 10
30 11 30 12
30 12 30 13
30 14 30 16
30 16 30 18
30 18 30 19
30 18 30 19
31 25 31 26
31 25 26 25
31 25 32 25
32 1 32 3
32 1 31 1
32 1 33 1
32 1 32 3
32 1 31 1
32 3 32 4
32 3 31 3
32 3 33 3
32 3 32 4
32 20 32 13
32 22 32 23
32 23 32 24
32 25 32 26
32 25 32 26
32 26 32 27
32 26 31 26
32 27 32 28
32 27 31 27
32 27 31 27
32 30 32 31
33 1 33 2
33 4 33 5
33 4 33 5
33 5 33 6
33 5 32 5
33 6 33 7
33 6 32 6
33 6 33 7
33 7 33 8
33 7 32 7
33 8 33 9
33 15 33 13
33 22 33 31
1 27 1 28
2 10 2 9
2 10 3 10
2 10 2 9
2 10 3 10
5 3 5 4
5 5 4 5
6 6 6 2
6 8 4 8
6 10 3 10
6 26 7 26
7 2 6 2
9 3 9 4
10 16 10 17
13 17 16 17
14 29 14 31
16 1 20 1
16 12 16 14
16 17 16 18
16 25 15 25
17 26 17 27
17 26 15 26
17 26 18 26
17 26 17 27
18 25 18 26
18 25 19 25
18 27 19 27
19 5 21 5
19 27 18 27
20 33 25 33
21 1 22 1
22 2 22 1
22 14 23 14
24 29 23 29
25 8 26 8
25 28 26 28
26 1 29 1
26 25 26 23
26 25 26 26
26 26 26 27
26 26 27 26
26 26 26 27
26 27 26 28
27 24 29 24
27 27 27 26
27 27 27 28
27 27 31 27
28 19 27 19
30 1 30 3
30 1 31 1
30 1 30 3
30 1 31 1
30 9 30 8
31 2 31 3
31 3 31 5
31 26 31 27
32 5 32 6
32 5 31 5
32 5 32 6
32 20 32 13
32 30 32 31
32 31 32 30
32 31 32 32
33 13 33 12
33 13 32 13
33 13 33 12
4 4 4 5
4 4 3 4
4 5 3 5
4 5 5 5
15 25 15 26
16 27 15 27
24 29 23 29
26 19 26 20
26 19 26 20
26 23 29 23
27 26 28 26
29 24 29 23
29 24 30 24
30 8 30 6
31 5 30 5
32 9 32 13
32 9 33 9
14 25 13 25
15 27 15 26
15 27 13 27
15 27 16 27
23 29 22 29
30 5 30 6
14 25 13 25
22 29 21 29
13 25 13 26
13 25 11 25
13 26 12 26
22 29 21 29
11 25 11 26
11 25 11 26
12 26 12 27
12 26 11 26
12 26 12 27
21 29 18 29
11 25 11 26

3924

3 = = = = = = = = = = 2       3 2 2 = 4 = = 6 4 4 2   4 2 2 5 - 5 4 
5 = = = = = = = = = = = = = = = = = = = = = 7 | 7 = 3 5 7 = 8 2 ǁ ǁ 
ǁ 2 4 = = = 3 4 4 3 4 3 = = 4 - - - - 5 6 4 ǁ 2 ǁ   |     1 4 2 3 ǁ 
ǁ ǁ 4 1 3 1 | ǁ 2   3 |     |         | | ǁ ǁ | ǁ   |       3   1 ǁ 
ǁ ǁ 6 = 7 5 | ǁ 1   | |     |         | | ǁ ǁ | ǁ 4 6 = = 2 3 4 2 ǁ 
ǁ ǁ ǁ 2 3 2 | ǁ | 3 | |     |   2     | | ǁ ǁ | ǁ 2 |             ǁ 
ǁ ǁ 5 = = = 7 6 4 | 4 |     |   ǁ     | | ǁ ǁ | ǁ 4 6 = = 4 4 3 - 4 
ǁ ǁ 3 4 4 2 | 1 | | | |     |   4     | | ǁ ǁ | ǁ 4 2       2 1   | 
ǁ 6 = = = = 5 4 6 6 5 |     |   ǁ     | | ǁ ǁ | ǁ 6 = 6 = = = = = 3 
ǁ 3 1 2 1 2 ǁ 3 | | 4 |     |   ǁ     | | ǁ ǁ | ǁ 2 2 4 = = 6 4 - 1 
6 = = 6 5 6 ǁ | | | 3 |     |   6 2   | | ǁ ǁ | ǁ 2 = = 4   ǁ |   2 
ǁ 4 2 | | 2 ǁ | | | 3 |     |   ǁ     | | ǁ ǁ | ǁ 5 4 2 ǁ   3 |   | 
ǁ 4 - 8 7 4 ǁ | | | ǁ |     |   ǁ     | | ǁ ǁ | ǁ | 4 2 ǁ   2 |   | 
ǁ 4 = 6 | ǁ ǁ | | 4 ǁ | 1   |   ǁ 1   | | ǁ ǁ | ǁ 4 3 1 ǁ   1 |   | 
ǁ | 1 ǁ | ǁ ǁ | | ǁ ǁ | |   |   ǁ |   | | ǁ ǁ | ǁ 2 | | ǁ 6 = 7 6 3 
ǁ | | ǁ | ǁ ǁ | | ǁ ǁ | |   |   ǁ |   | | ǁ ǁ | ǁ 4 7 5 ǁ 4 4 | | 2 
ǁ 6 4 ǁ | 4 ǁ | | ǁ ǁ | 3 = 6 = 8 5 2 | | ǁ ǁ | ǁ 2 ǁ 2 ǁ 3 5 | 5 6 
ǁ ǁ | ǁ | 2 ǁ | | ǁ ǁ |         ǁ     | | ǁ ǁ 6 7 - 6 2 ǁ 3 | | 2 4 
ǁ ǁ | ǁ |   ǁ | | ǁ ǁ |         ǁ 1   | | ǁ ǁ ǁ ǁ 2 3 2 ǁ 3 5 | 2 3 
ǁ ǁ | ǁ | 2 ǁ | | ǁ ǁ |         ǁ |   | | ǁ ǁ 4 ǁ 4 6 3 ǁ | ǁ | 4 | 
ǁ 2 | ǁ | ǁ ǁ | | ǁ ǁ | 2 = = = 7 3   | | ǁ ǁ 2 ǁ 2 ǁ 1 ǁ | ǁ | ǁ 3 
ǁ 3 4 ǁ 5 6 ǁ 3 | 6 4 |         1     | | 2 ǁ 2 5 = 8 3 ǁ 3 ǁ | ǁ ǁ 
ǁ 2 2 ǁ 4 ǁ ǁ 3 | 3 2 |     3 = = = = 7 8 2 ǁ ǁ | 4 6 1 ǁ 3 ǁ | ǁ ǁ 
ǁ   2 ǁ ǁ ǁ ǁ ǁ | 4 3 |     1         1 2   ǁ 6 6 4 1 2 ǁ 3 ǁ | ǁ ǁ 
ǁ   ǁ ǁ 4 ǁ ǁ ǁ | 3 1 |                     ǁ 2 2 4 4 4 ǁ 2 ǁ | ǁ ǁ 
ǁ   ǁ ǁ 2 ǁ ǁ 6 6 = = 6 = = = = = = = = = = 8 = = = = = 7 = 7 6 7 5 
ǁ 3 4 ǁ 1 ǁ ǁ ǁ 3 2 1 | 4 = = = 4 - 4 3 3 2 ǁ 3 - 4 4 4 2 2     4   
ǁ |   ǁ 5 6 ǁ 3 6 6 5 | 4 4     | 4 8 4 3 4 ǁ ǁ 2 ǁ 5 7 2 3   3   2 
ǁ |   ǁ 2 2 ǁ 1 4 2 2 |   3 1   | 2 2 2   | ǁ ǁ ǁ ǁ 1 ǁ 2 2   2   1 
ǁ 3 = 6 - - 6 = = = = 6 = = = = 7 = = = 7 5 ǁ 5 5 ǁ 1 ǁ 6 6 = 2 4 4 
ǁ 4 = 3   2 3 - 2 1 2 5 3 3 1 - 4 - 3 2 2 2 ǁ 2 1 ǁ   ǁ ǁ 2     2   
ǁ 4 1 3 - 5 = = = = = = = 8 = = = = = = = = 8 = = 8 4 7 6 2         
2 6 = 6 2 4 3 2 - 5 = = = 7 = = = = = = 2 1 7 3 1 4 4 4 2   5 4 5 2 
1 5 2 1 2 4 4 4 2 3   2 2 4 - 1 2 4 = = = = 6 = = = = = = = = 2 2 1 
