34 34
2 0 0 6 2 4 0 6 2 2 0 0 0 6 0 0 2 1 0 3 0 0 0 0 6 0 0 0 0 0 5 3 1 2 
3 1 0 0 4 7 2 0 4 0 0 0 0 7 0 0 0 0 0 0 0 0 2 2 0 4 4 2 6 4 0 0 4 5 
0 0 0 0 2 0 1 0 4 0 3 0 0 3 0 0 0 0 0 0 0 0 0 0 0 2 0 0 0 0 0 0 0 0 
0 0 0 0 1 0 2 7 0 0 0 0 0 0 0 0 0 0 0 0 0 0 7 6 5 0 5 0 4 2 0 4 8 3 
5 0 0 6 2 0 2 3 2 2 0 0 5 1 2 0 0 4 0 4 3 2 0 2 6 0 0 0 3 3 0 0 0 2 
4 2 2 0 0 0 4 6 0 0 0 0 7 0 0 0 0 0 0 7 6 1 0 1 4 0 3 2 0 2 0 0 0 3 
4 4 4 0 0 0 2 4 0 4 2 0 0 2 0 0 0 2 0 0 6 0 8 0 0 0 0 0 0 0 6 0 0 0 
0 0 0 0 0 0 6 0 0 7 8 0 7 6 0 0 0 4 0 0 5 2 4 0 0 0 0 2 4 2 0 3 0 3 
0 0 0 0 0 0 4 2 0 0 4 2 3 0 4 0 2 0 0 0 3 0 0 0 0 0 0 0 6 2 0 2 0 0 
4 0 0 8 0 7 0 0 0 7 0 0 0 0 0 0 0 0 0 8 0 0 0 0 0 0 0 0 0 0 8 0 8 4 
2 4 2 0 1 0 2 4 0 0 2 4 0 0 0 0 0 0 0 8 0 0 3 2 1 0 3 3 3 1 0 2 0 2 
5 5 5 8 5 0 3 7 0 6 0 0 0 0 0 0 0 3 2 0 2 0 5 5 3 2 0 3 0 0 0 0 0 0 
2 0 4 6 0 0 1 0 2 0 1 3 1 3 0 0 0 0 0 7 0 0 0 0 0 0 3 2 6 2 0 3 0 0 
1 0 3 5 2 0 2 5 3 0 3 5 0 0 5 0 4 2 0 8 0 0 0 0 0 0 4 2 0 1 0 0 2 0 
0 0 2 2 0 0 1 0 0 0 2 2 1 0 0 0 2 1 0 5 0 0 0 0 0 0 0 0 5 2 0 3 3 0 
4 7 0 0 0 7 3 4 3 0 3 0 0 0 8 0 0 0 0 0 0 0 0 0 0 0 0 0 0 0 8 0 6 4 
0 0 2 0 0 0 0 2 0 0 5 4 3 0 0 2 4 0 3 3 0 0 0 0 5 0 0 0 3 1 0 2 0 0 
0 0 3 0 0 0 0 0 0 0 4 2 0 0 0 0 4 2 0 3 3 0 3 2 0 1 0 4 3 2 0 4 0 3 
0 0 0 0 0 0 3 5 5 0 1 0 0 0 0 5 4 0 6 0 0 0 0 0 6 0 0 5 3 2 0 0 0 4 
0 0 0 0 0 0 2 0 0 0 0 0 0 0 0 3 1 2 0 0 0 0 0 2 0 3 0 6 4 0 0 0 0 2 
3 0 3 0 0 7 0 4 0 0 0 0 0 0 0 2 0 0 0 0 0 0 0 0 0 0 1 0 0 0 0 0 0 2 
0 0 4 6 2 0 1 4 4 0 0 0 1 0 0 4 5 3 0 0 0 0 0 0 0 0 3 0 3 0 0 0 0 0 
0 0 0 5 0 7 0 2 2 0 0 0 0 0 0 2 0 1 0 0 0 0 0 0 0 0 0 0 0 2 0 0 0 4 
0 0 0 6 2 0 3 6 4 0 0 0 0 0 0 0 0 0 0 0 0 0 0 0 0 0 0 0 0 0 0 0 0 0 
0 0 0 4 0 0 1 0 2 2 5 0 0 0 7 0 4 4 0 0 0 0 0 0 0 0 6 8 6 5 0 0 0 4 
0 0 0 0 0 0 2 0 0 0 0 0 0 0 0 1 3 0 0 2 0 4 0 6 0 0 0 0 0 0 0 0 0 0 
4 0 0 0 0 0 0 0 0 0 0 0 0 0 0 0 0 0 0 2 0 0 4 0 0 0 4 0 0 4 0 0 0 0 
0 0 0 0 0 0 4 6 0 0 0 0 0 0 0 0 0 3 0 0 0 0 0 0 0 0 2 0 0 2 0 0 0 0 
0 0 0 0 0 0 1 0 0 1 5 1 0 0 0 0 0 2 0 0 0 0 0 0 0 0 0 0 0 1 0 0 0 0 
3 0 0 0 0 0 0 0 0 0 2 2 0 0 0 2 8 0 6 0 0 0 4 0 0 0 4 5 0 0 0 0 0 0 
0 0 0 4 0 8 5 0 0 0 0 0 0 0 0 0 4 2 3 0 0 0 2 0 0 0 4 5 4 2 0 0 0 0 
0 0 3 2 4 4 2 0 0 4 0 8 0 0 8 0 0 0 0 0 0 4 6 4 0 0 1 5 4 1 0 4 7 4 
3 7 0 1 2 0 0 0 0 4 0 6 3 1 3 0 0 0 0 0 0 1 3 1 0 3 0 0 0 0 8 2 2 3 
1 5 0 0 0 0 0 6 4 2 0 0 0 0 0 0 0 0 0 0 0 0 0 0 4 0 0 0 0 0 5 4 3 3 
400 614
0 3 0 0
0 3 0 4
0 3 4 3
0 3 0 0
0 3 0 4
0 3 4 3
0 5 0 7
0 5 1 5
0 5 0 7
0 5 1 5
0 7 0 8
0 7 3 7
0 13 0 9
0 13 0 16
0 13 1 13
0 13 0 9
0 13 0 16
0 13 1 13
0 24 0 19
0 24 0 30
0 24 3 24
0 24 0 19
0 24 0 30
0 24 3 24
1 0 1 1
1 0 4 0
1 0 4 0
1 4 1 5
1 4 2 4
1 4 1 5
1 4 2 4
1 13 1 8
1 13 1 22
1 13 2 13
1 25 1 26
1 25 2 25
1 25 1 26
1 25 2 25
1 26 1 27
1 26 3 26
1 28 1 27
1 28 1 29
1 28 3 28
1 33 1 32
1 33 0 33
1 33 3 33
3 22 3 7
3 22 3 23
3 22 1 22
3 22 6 22
3 32 3 31
3 32 3 33
3 32 1 32
3 32 9 32
3 32 3 31
3 32 3 33
3 32 1 32
3 32 9 32
4 3 4 0
4 3 4 4
4 3 9 3
4 3 4 0
4 12 4 9
4 12 4 13
4 12 5 12
4 33 5 33
5 19 5 12
5 19 5 20
5 19 4 19
5 19 9 19
6 20 6 22
6 20 5 20
6 20 7 20
6 20 6 22
6 20 5 20
6 20 7 20
6 22 6 30
6 22 3 22
6 22 7 22
6 30 6 22
6 30 0 30
6 30 9 30
7 6 7 9
7 6 6 6
7 6 8 6
7 6 7 9
7 6 6 6
7 6 8 6
7 9 7 10
7 9 6 9
7 9 9 9
7 10 7 9
7 10 7 12
7 10 6 10
7 10 8 10
7 10 7 9
7 10 7 12
7 10 6 10
7 12 7 13
7 12 5 12
7 12 8 12
8 6 8 7
8 6 10 6
8 7 10 7
8 10 8 11
8 10 10 10
8 10 8 11
9 9 11 9
9 9 11 9
9 19 9 30
9 19 5 19
9 19 10 19
9 19 9 30
9 19 10 19
9 19 10 19
9 19 10 19
9 30 9 32
9 30 6 30
9 30 15 30
9 32 9 30
9 32 9 33
9 32 13 32
10 7 10 6
10 7 11 7
10 7 11 7
10 31 12 31
11 0 11 1
11 0 10 0
11 0 12 0
11 3 11 2
11 3 11 4
11 3 9 3
11 3 12 3
11 3 11 2
11 3 11 4
11 3 9 3
11 3 12 3
11 7 11 6
11 7 11 9
11 7 13 7
11 9 11 7
11 9 11 17
11 9 24 9
12 3 12 2
12 3 12 6
12 3 13 3
12 3 12 2
12 8 13 8
12 19 12 13
12 19 12 26
12 19 10 19
12 19 13 19
13 14 13 11
13 14 13 16
13 14 15 14
13 19 13 17
13 19 13 26
13 19 12 19
13 19 14 19
13 19 13 17
13 19 13 26
13 19 12 19
15 1 15 0
15 1 15 5
15 1 11 1
15 1 32 1
15 5 15 1
15 5 15 6
15 5 20 5
15 5 15 6
15 5 20 5
15 5 15 6
15 14 15 10
15 14 15 30
15 14 13 14
15 14 24 14
15 30 15 14
15 30 15 32
15 30 9 30
15 30 32 30
16 2 17 2
16 10 16 11
16 10 15 10
16 10 17 10
16 24 16 19
16 24 16 28
16 24 18 24
16 31 17 31
18 8 18 7
18 8 15 8
18 8 21 8
18 15 18 16
18 15 16 15
18 15 19 15
18 33 17 33
18 33 19 33
18 33 17 33
18 33 19 33
20 5 20 2
20 5 20 7
20 5 22 5
20 33 22 33
21 3 21 2
21 3 21 4
21 3 22 3
21 3 21 2
21 3 21 4
21 3 22 3
22 33 20 33
22 33 24 33
22 33 24 33
23 3 23 4
23 3 22 3
23 3 24 3
23 3 23 4
23 3 22 3
23 3 24 3
24 3 24 6
24 3 30 3
24 27 24 26
24 27 24 28
24 27 19 27
24 27 29 27
24 27 24 26
24 27 24 28
24 27 19 27
24 27 29 27
24 28 24 29
24 28 21 28
24 28 30 28
24 28 24 29
24 33 31 33
25 23 25 21
25 23 19 23
25 23 31 23
25 23 25 21
25 23 19 23
25 23 31 23
26 0 20 0
26 0 29 0
26 0 20 0
26 0 29 0
26 22 26 19
26 22 29 22
26 22 26 19
26 22 29 22
26 26 24 26
26 26 27 26
26 26 24 26
26 26 27 26
26 29 24 29
26 29 27 29
26 29 24 29
26 29 27 29
28 29 30 29
29 0 32 0
29 16 29 15
29 16 29 18
29 16 25 16
29 16 30 16
29 16 29 15
29 16 29 18
29 16 25 16
29 16 30 16
29 18 29 22
29 18 18 18
29 18 30 18
29 18 29 22
29 26 29 27
29 26 30 26
29 26 29 27
29 26 30 26
29 27 30 27
30 3 30 5
30 3 31 3
30 3 30 5
30 5 30 6
30 5 31 5
30 5 30 6
30 5 31 5
30 5 30 6
30 5 31 5
30 16 30 6
30 16 30 17
30 17 30 18
30 18 30 22
30 22 31 22
30 26 30 27
30 26 31 26
31 5 31 4
31 11 31 9
31 11 31 14
31 11 32 11
31 11 31 9
31 11 31 14
31 11 32 11
31 11 32 11
31 14 31 21
31 14 32 14
31 14 31 21
31 14 32 14
31 14 32 14
31 21 31 22
31 21 32 21
31 22 31 23
31 22 32 22
31 23 31 22
31 32 31 31
31 32 31 33
31 32 15 32
31 32 32 32
32 1 32 0
32 1 32 3
32 1 15 1
32 1 33 1
32 11 32 9
32 11 32 12
32 11 31 11
32 12 32 13
32 22 32 23
32 22 31 22
32 30 32 25
32 30 32 31
32 30 15 30
32 30 33 30
33 1 33 0
33 1 33 7
33 1 32 1
33 7 33 1
33 7 33 8
33 7 33 8
33 8 33 7
33 8 33 9
0 7 0 8
0 7 3 7
0 17 0 19
1 8 1 13
1 8 2 8
1 8 2 8
1 13 2 13
1 23 3 23
1 29 1 28
1 29 3 29
1 29 1 28
1 32 1 33
1 33 0 33
2 8 2 10
2 10 2 8
2 10 2 13
3 22 3 7
3 22 3 23
3 23 3 24
3 23 1 23
3 23 4 23
3 31 0 31
3 31 7 31
4 0 5 0
4 12 4 9
4 12 5 12
4 14 4 17
4 17 4 14
4 17 4 19
4 17 4 19
4 19 4 20
4 33 5 33
5 0 5 1
5 0 6 0
5 0 5 1
5 2 6 2
5 6 5 7
5 6 4 6
5 6 5 7
5 6 4 6
5 7 5 12
5 7 4 7
5 7 6 7
5 7 5 12
5 19 5 12
5 19 5 20
5 33 7 33
6 0 6 1
6 0 9 0
6 0 6 1
6 1 6 2
6 1 10 1
6 2 5 2
6 2 10 2
6 7 6 9
6 9 6 7
6 22 7 22
6 30 0 30
7 12 7 13
7 12 8 12
7 13 7 17
7 13 6 13
7 13 7 17
7 13 6 13
7 17 6 17
7 17 11 17
7 22 7 21
7 22 7 27
7 27 7 28
7 28 7 29
7 28 8 28
7 28 7 29
7 31 8 31
7 33 9 33
8 12 8 14
8 14 8 16
8 16 8 14
8 29 8 28
8 31 7 31
9 0 10 0
9 3 9 5
9 32 9 33
9 32 13 32
9 33 7 33
10 1 10 2
10 1 11 1
10 1 11 1
10 4 11 4
10 10 10 11
10 31 12 31
10 33 15 33
11 0 11 1
11 0 12 0
11 2 12 2
11 4 11 6
11 17 11 18
11 20 11 22
11 23 11 22
11 23 11 24
11 23 10 23
12 2 11 2
12 8 13 8
12 13 12 12
12 13 12 19
12 31 14 31
13 0 15 0
13 16 13 14
13 16 14 16
13 16 14 16
13 26 13 27
13 26 12 26
14 12 14 11
14 17 14 19
14 19 14 28
14 31 14 32
15 0 15 1
15 0 20 0
15 14 15 10
15 14 24 14
15 30 15 32
15 32 15 33
15 32 14 32
15 32 31 32
15 33 10 33
15 33 17 33
16 2 17 2
16 31 17 31
17 2 20 2
17 23 17 22
17 31 31 31
18 18 18 16
18 18 18 24
18 18 16 18
18 18 18 16
18 18 18 24
18 24 18 27
18 24 16 24
18 24 33 24
19 6 18 6
19 27 19 25
19 27 19 28
19 27 18 27
19 27 19 25
19 28 18 28
19 28 21 28
19 28 18 28
20 26 21 26
21 2 20 2
21 2 31 2
21 12 16 12
21 26 24 26
22 3 22 5
22 5 22 7
22 5 20 5
22 5 22 7
23 6 23 7
23 6 23 7
23 7 23 6
23 7 23 8
23 7 27 7
24 26 21 26
24 29 22 29
24 33 31 33
25 6 27 6
25 19 25 21
25 21 25 19
28 17 27 17
31 2 31 3
31 4 32 4
31 9 31 6
31 9 32 9
31 33 31 32
32 0 32 1
32 9 32 4
32 9 33 9
32 30 32 25
32 30 32 31
32 30 33 30
33 24 33 30
33 31 33 30
33 31 33 32
33 31 33 30
33 31 33 32
0 30 0 31
0 31 0 32
1 28 3 28
4 4 3 4
4 8 4 7
7 21 7 20
8 28 8 20
8 28 8 29
8 28 8 20
9 3 9 5
9 5 1 5
10 19 10 22
11 4 11 6
11 7 13 7
11 20 11 22
14 19 14 28
14 31 14 32
16 12 16 11
17 17 17 16
17 23 17 22
17 25 17 27
17 27 17 28
17 27 18 27
17 27 17 28
17 31 31 31
18 27 18 28
19 6 18 6
19 25 32 25
20 5 20 7
20 7 18 7
20 7 21 7
21 6 21 7
21 7 21 8
21 7 21 8
21 8 18 8
22 8 23 8
22 29 18 29
25 6 27 6
27 6 27 7
27 6 28 6
27 7 23 7
28 17 27 17
30 6 31 6
31 31 31 32
4 8 4 7
7 20 8 20
9 5 1 5
10 19 10 22
16 12 16 11
17 17 17 16
17 22 17 20
18 6 18 7
18 29 17 29
22 8 23 8
23 8 24 8
24 8 24 9
24 10 24 14
24 10 18 10
24 10 28 10
24 14 24 10
24 14 24 16
24 14 24 16
25 15 25 16
27 17 24 17
28 9 28 10
1 5 1 6
1 6 2 6
3 6 3 7
3 6 3 7
16 11 16 10
17 10 17 11
17 10 16 10
17 10 17 11
17 16 16 16
17 16 18 16
17 20 17 19
24 10 28 10
24 16 24 17
24 16 21 16
24 17 22 17
16 16 16 15
16 16 16 18
16 16 16 18
17 20 17 19
18 15 19 15
18 15 19 15
20 15 21 15
22 15 21 15
16 19 16 24
16 19 17 19
16 28 16 29
16 28 17 28
20 15 21 15
21 15 21 16
21 16 21 17
21 16 19 16
21 16 21 17
21 17 19 17

3615

2 = = 6 2 4 = 6 2 2 = = = 6 = = 2 1 - 3 = = = = 6 = = = = = 5 3 1 2 
3 1   ǁ 4 7 2 ǁ 4 = = = = 7 - - - - - - - - 2 2 ǁ 4 4 2 6 4 ǁ | 4 5 
ǁ     ǁ 2 ǁ 1 ǁ 4 = 3 - - 3                 | ǁ ǁ 2 |   ǁ | ǁ | ǁ | 
ǁ     ǁ 1 ǁ 2 7 = = = = = = = = = = = = = = 7 6 5   5   4 2 ǁ 4 8 3 
5 = = 6 2 ǁ 2 3 2 2 = = 5 1 2 = = 4 = 4 3 2 ǁ 2 6       3 3 ǁ | ǁ 2 
4 2 2 |   ǁ 4 6 = = = = 7 = = = = = = 7 6 1 ǁ 1 4   3 2   2 ǁ | ǁ 3 
4 4 4 |   ǁ 2 4 = 4 2   | 2       2   ǁ 6 = 8 = = = = = = = 6 | ǁ | 
| | | |   ǁ 6 = = 7 8 = 7 6 = = = 4   ǁ 5 2 4 - - - - 2 4 2 ǁ 3 ǁ 3 
| | | |   ǁ 4 2   | 4 2 3 - 4 = 2 |   ǁ 3 = = = = = = = 6 2 ǁ 2 ǁ ǁ 
4 | | 8 = 7 | |   7 |             |   8 = = = = = = = = = = 8 = 8 4 
2 4 2 ǁ 1   2 4   ǁ 2 4           |   8 = = 3 2 1   3 3 3 1 ǁ 2 ǁ 2 
5 5 5 8 5 = 3 7 = 6 - - - - - - - 3 2 | 2 = 5 5 3 2   3     ǁ ǁ ǁ ǁ 
2 | 4 6 - - 1 ǁ 2 | 1 3 1 3 = = = = = 7 - - - - - - 3 2 6 2 ǁ 3 ǁ ǁ 
1 | 3 5 2   2 5 3 | 3 5 - - 5 = 4 2 = 8 = = = = = = 4 2   1 ǁ | 2 ǁ 
| | 2 2     1     | 2 2 1   ǁ   2 1 - 5 = = = = = = = = 5 2 ǁ 3 3 ǁ 
4 7 = = = 7 3 4 3 | 3 = = = 8 = = = = = = = = = = = = = = = 8 = 6 4 
| ǁ 2     ǁ   2 | | 5 4 3   ǁ 2 4 = 3 3 = = = = 5 - - - 3 1 ǁ 2 ǁ | 
| ǁ 3     ǁ     | | 4 2 |   ǁ | 4 2 | 3 3 - 3 2 ǁ 1 - 4 3 2 ǁ 4 ǁ 3 
| ǁ |     ǁ 3 5 5 | 1   |   ǁ 5 4 = 6 = = = = = 6 - - 5 3 2 ǁ ǁ ǁ 4 
| ǁ |     ǁ 2 | ǁ | |   |   ǁ 3 1 2 |         2 | 3 = 6 4 | ǁ ǁ ǁ 2 
3 ǁ 3 - - 7 = 4 ǁ | |   |   ǁ 2 | | |         ǁ | | 1 ǁ | | ǁ ǁ ǁ 2 
ǁ ǁ 4 6 2 ǁ 1 4 4 | |   1   ǁ 4 5 3 |         ǁ | | 3 ǁ 3 | ǁ ǁ ǁ ǁ 
ǁ ǁ | 5 - 7 = 2 2 | |       ǁ 2 | 1 |         ǁ | | ǁ ǁ | 2 ǁ ǁ ǁ 4 
ǁ ǁ | 6 2   3 6 4 | |       ǁ   | | |         ǁ | | ǁ ǁ | | ǁ ǁ ǁ ǁ 
ǁ ǁ | 4 - - 1 ǁ 2 2 5 = = = 7 = 4 4 |         ǁ | | 6 8 6 5 ǁ ǁ ǁ 4 
ǁ ǁ | |     2 ǁ     ǁ         1 3 | | 2 = 4 = 6 | | ǁ ǁ | ǁ ǁ ǁ ǁ ǁ 
4 ǁ | |     ǁ ǁ     ǁ           ǁ | | 2 = = 4 ǁ | | 4 ǁ | 4 ǁ ǁ ǁ ǁ 
ǁ ǁ | |     4 6     ǁ           ǁ 3 |       ǁ ǁ | | 2 ǁ | 2 ǁ ǁ ǁ ǁ 
ǁ ǁ | |     1     1 5 1         ǁ 2 |       ǁ ǁ | |   ǁ | 1 ǁ ǁ ǁ ǁ 
3 ǁ | |             2 2       2 8 = 6 = = = 4 ǁ | | 4 5 | | ǁ ǁ ǁ ǁ 
| ǁ | 4 = 8 5 - - - - - - - - - 4 2 3 - - - 2 ǁ | | 4 5 4 2 ǁ ǁ ǁ ǁ 
| ǁ 3 2 4 4 2 - - 4 = 8 = = 8 = = = = = = 4 6 4 | | 1 5 4 1 ǁ 4 7 4 
3 7 - 1 2 - - - - 4 - 6 3 1 3             1 3 1 | 3 = = = = 8 2 2 3 
1 5 = = = = = 6 4 2                             4 - - - - - 5 4 3 3 
