34 34
3 0 0 4 0 4 0 0 0 0 0 0 0 0 0 0 0 0 0 0 0 0 5 0 0 0 0 0 6 4 2 2 4 2 
1 1 0 0 3 0 1 2 0 0 0 0 4 2 6 2 2 1 4 4 2 2 0 4 0 6 0 4 0 3 0 7 7 1 
4 0 0 0 6 0 4 0 0 0 0 0 6 0 8 3 0 0 0 4 0 0 0 4 2 4 2 0 0 1 2 0 4 1 
2 4 4 2 0 0 4 2 2 0 0 0 0 2 4 2 5 3 0 2 0 0 0 2 4 0 0 6 0 2 0 0 3 4 
2 7 0 0 5 0 4 0 8 0 0 0 7 0 0 0 0 0 8 0 7 5 0 2 6 3 3 0 0 4 5 0 2 0 
0 0 4 2 0 0 0 2 0 1 4 2 0 1 0 0 2 2 0 0 0 0 0 4 8 4 2 0 5 1 0 0 0 2 
0 0 6 2 0 0 5 6 4 2 7 0 8 0 0 0 7 5 0 2 2 0 0 2 0 6 2 0 4 2 0 0 0 2 
0 0 0 2 0 0 1 2 2 2 6 2 2 2 4 0 4 1 0 0 2 4 0 2 0 5 3 0 4 2 0 0 0 3 
0 5 5 0 0 5 0 0 0 0 0 0 0 0 0 0 0 0 6 0 2 1 0 0 0 2 2 0 0 2 0 0 0 0 
0 0 3 4 0 4 2 2 0 6 0 0 0 0 0 0 0 0 7 5 5 2 0 3 7 0 0 8 7 4 0 0 0 0 
3 0 4 2 0 1 0 0 0 3 1 0 3 0 0 4 0 0 6 4 3 1 0 2 5 3 2 0 2 1 0 0 0 0 
0 0 4 0 7 0 0 0 0 0 0 0 0 0 0 0 0 0 0 0 0 0 8 0 0 0 0 8 0 0 7 7 6 3 
0 1 2 0 8 0 0 0 0 0 0 0 0 5 1 4 0 0 0 4 1 0 0 2 2 4 0 0 0 0 0 3 4 2 
0 1 0 0 5 0 0 0 4 4 2 2 0 6 0 6 2 0 0 4 3 0 0 0 0 0 0 0 0 0 0 1 0 2 
0 4 0 0 0 0 0 0 0 0 0 0 0 0 0 0 0 0 0 0 0 0 5 6 0 8 3 0 4 0 7 0 5 4 
0 0 0 0 0 0 0 0 0 0 0 0 0 0 0 0 0 0 0 0 0 0 0 4 2 0 0 0 0 1 0 2 5 4 
0 0 0 2 0 0 4 0 0 0 0 0 0 0 0 0 0 0 0 0 0 0 0 2 0 0 1 0 4 4 8 0 4 0 
0 0 0 0 0 0 0 0 0 0 0 0 0 0 0 0 0 0 0 0 0 0 0 0 0 0 0 0 2 1 0 1 1 0 
0 0 4 0 0 0 7 0 0 0 0 0 0 0 0 0 0 0 0 2 0 0 0 4 0 7 0 7 4 4 0 3 0 4 
0 2 2 0 0 0 0 0 0 0 0 0 0 0 0 0 0 0 0 0 0 0 0 2 0 7 2 0 2 0 0 1 2 2 
0 4 0 0 0 0 5 0 0 0 0 0 0 0 0 0 0 0 2 0 0 0 0 2 0 3 1 0 5 5 0 0 0 0 
2 6 0 0 0 0 0 0 0 0 0 0 0 0 0 0 0 0 0 0 0 0 6 5 0 2 3 0 2 0 6 6 7 6 
4 8 0 0 0 0 0 0 0 4 0 0 0 2 1 0 4 0 0 2 0 0 0 5 5 2 0 0 2 0 0 0 4 0 
0 0 1 0 0 0 0 0 0 0 2 0 0 5 0 0 0 2 0 0 0 0 0 2 0 0 0 0 0 0 0 0 0 0 
0 0 0 0 2 0 0 0 0 6 0 0 1 0 0 0 0 0 0 0 0 0 0 4 6 1 0 0 3 0 0 2 0 0 
0 0 5 0 6 2 2 4 0 5 0 0 0 4 3 0 0 0 0 0 0 0 0 3 3 0 0 0 0 0 0 1 0 2 
0 0 2 1 4 0 0 4 0 0 0 0 0 0 0 0 6 6 0 2 0 0 0 1 3 2 0 0 0 0 0 0 0 2 
0 0 1 1 3 0 0 0 0 0 0 0 0 0 0 0 0 0 0 0 0 0 6 0 0 0 4 4 4 0 0 2 0 0 
0 0 3 0 0 0 6 0 0 0 0 0 0 0 0 0 0 0 0 0 4 4 0 1 1 2 1 0 0 0 0 0 0 0 
0 5 0 6 2 2 0 2 0 0 6 0 0 0 0 0 0 4 0 0 0 6 0 5 0 7 4 0 4 0 0 0 0 0 
0 0 2 5 1 0 0 2 3 0 5 0 0 0 0 0 0 2 0 0 0 2 0 0 2 4 0 0 2 4 0 0 0 0 
4 2 0 0 1 3 5 0 0 0 0 0 0 0 0 0 0 0 0 0 0 0 8 6 4 2 2 2 1 0 0 0 5 3 
4 2 0 3 0 0 0 0 0 0 0 0 0 0 0 0 0 0 0 0 0 0 5 1 0 0 0 0 0 5 5 3 2 0 
2 2 0 3 0 0 0 0 0 0 0 0 0 0 0 0 0 0 0 0 0 0 5 3 0 0 0 1 2 4 2 3 2 0 
400 599
0 0 0 3
0 0 1 0
0 0 0 3
0 3 0 5
0 3 3 3
0 5 0 22
0 5 8 5
0 5 0 22
0 28 0 22
0 28 0 29
0 28 5 28
0 28 0 22
0 28 0 29
0 28 5 28
0 29 0 30
0 29 1 29
1 1 3 1
1 4 2 4
1 14 1 13
1 14 1 15
1 14 2 14
1 14 1 13
1 14 1 15
1 14 2 14
1 25 1 23
1 25 1 27
1 25 2 25
1 25 1 23
1 25 1 27
1 25 2 25
1 27 3 27
1 31 1 29
1 31 1 32
1 31 0 31
1 31 11 31
1 32 1 31
1 32 1 33
1 32 0 32
1 32 2 32
2 0 3 0
2 0 3 0
2 14 2 12
2 14 2 15
2 14 3 14
3 1 3 2
3 1 4 1
3 1 3 2
3 2 3 3
3 2 5 2
3 27 3 24
3 27 1 27
3 27 9 27
3 27 3 24
3 27 9 27
4 1 4 0
4 1 8 1
4 1 4 0
4 1 8 1
4 8 4 6
4 8 4 12
4 8 3 8
4 8 6 8
4 8 4 6
4 8 4 12
4 8 3 8
4 8 6 8
4 12 4 18
4 12 2 12
4 12 6 12
4 18 4 12
4 18 4 20
4 18 1 18
4 18 8 18
4 30 4 29
4 30 2 30
4 30 11 30
5 2 5 3
5 2 6 2
5 2 5 3
5 7 6 7
5 24 5 23
5 24 5 25
5 24 4 24
5 24 9 24
5 24 5 23
5 24 5 25
5 24 4 24
5 24 9 24
6 6 6 7
6 6 4 6
6 6 7 6
6 10 6 9
6 10 6 12
6 10 5 10
6 10 7 10
6 12 6 10
6 12 6 16
6 12 4 12
6 12 7 12
6 17 6 16
6 17 5 17
6 17 7 17
6 25 6 26
6 25 5 25
6 25 7 25
6 25 6 26
6 25 5 25
6 25 7 25
8 1 8 2
8 1 12 1
8 1 8 2
9 18 9 9
9 18 9 19
9 18 8 18
9 18 10 18
9 24 9 23
9 24 9 27
9 24 10 24
9 27 9 24
9 27 9 28
9 27 11 27
10 0 21 0
11 4 11 2
11 4 11 22
11 4 4 4
11 4 12 4
11 22 11 4
11 22 11 27
11 22 0 22
11 22 14 22
11 27 11 22
11 27 11 30
11 27 9 27
11 27 18 27
12 4 12 2
12 4 12 13
12 4 11 4
12 4 13 4
12 4 12 2
12 4 12 13
12 4 11 4
12 25 12 24
12 25 14 25
12 25 12 24
12 25 14 25
13 15 13 13
13 15 13 16
13 15 12 15
13 15 13 13
13 15 13 16
13 15 12 15
14 25 14 23
14 25 14 26
14 25 18 25
14 28 14 30
14 28 16 28
14 28 14 30
14 28 16 28
14 30 14 32
14 30 11 30
14 30 16 30
15 29 16 29
16 28 16 29
16 28 17 28
16 29 16 30
16 29 17 29
16 30 16 32
16 30 14 30
16 30 21 30
16 30 16 32
16 30 21 30
16 32 15 32
16 32 17 32
17 28 18 28
17 31 18 31
18 2 18 6
18 2 19 2
18 2 18 6
18 2 19 2
18 6 18 19
18 6 16 6
18 6 20 6
18 29 18 28
18 29 20 29
18 29 18 28
18 29 20 29
19 25 19 23
19 25 19 26
19 25 18 25
19 25 20 25
21 30 21 28
21 30 21 31
21 30 32 30
21 30 21 28
21 31 21 32
21 31 19 31
21 31 24 31
21 33 21 32
21 33 19 33
21 33 25 33
21 33 21 32
21 33 19 33
21 33 25 33
22 1 22 0
22 1 22 9
22 1 21 1
22 1 29 1
22 1 22 0
22 1 22 9
22 1 21 1
22 1 29 1
22 9 22 13
22 9 24 9
22 24 22 23
22 24 22 25
22 24 24 24
22 32 21 32
22 32 31 32
22 32 21 32
22 32 31 32
23 2 25 2
24 9 24 4
24 9 24 12
24 9 25 9
25 2 25 4
25 2 26 2
26 16 26 7
26 16 26 17
26 16 22 16
26 16 26 7
26 16 26 17
26 16 22 16
26 17 26 19
26 17 23 17
26 17 29 17
26 17 26 19
26 33 31 33
27 22 27 26
27 22 21 22
27 22 31 22
27 22 27 26
27 22 21 22
27 22 31 22
28 6 28 2
28 6 25 6
28 6 31 6
28 6 28 2
28 6 25 6
28 6 31 6
28 20 28 21
28 20 13 20
28 20 28 21
28 20 13 20
28 21 29 21
29 3 29 1
29 3 29 4
29 3 30 3
29 3 29 1
29 3 29 4
29 3 30 3
29 5 31 5
29 10 29 7
29 10 29 17
29 10 30 10
29 10 29 7
29 10 29 17
29 10 30 10
29 17 29 21
29 21 28 21
29 21 30 21
29 21 30 21
29 23 29 25
29 23 28 23
29 23 31 23
30 2 30 3
30 7 30 8
30 17 30 10
30 17 30 10
30 29 30 28
30 29 32 29
30 29 30 28
30 29 32 29
31 22 31 6
31 22 31 23
31 22 32 22
33 22 33 3
33 22 33 23
33 22 32 22
0 30 0 31
0 32 0 33
0 32 1 32
0 32 0 33
1 4 2 4
1 12 1 7
1 12 2 12
1 12 1 7
1 12 2 12
1 23 2 23
1 31 1 29
1 31 1 32
2 4 1 4
2 4 4 4
2 4 4 4
2 14 2 12
2 14 2 15
2 14 3 14
2 15 3 15
2 19 1 19
2 19 3 19
2 19 1 19
2 19 3 19
2 25 2 24
2 25 2 26
2 32 2 33
2 32 3 32
2 32 3 32
3 7 3 6
3 13 3 14
3 14 3 13
3 15 3 16
3 16 3 17
3 16 1 16
3 16 3 17
3 16 1 16
3 17 1 17
3 33 3 32
3 33 5 33
3 33 5 33
4 6 3 6
4 18 4 20
4 18 1 18
4 18 8 18
4 20 4 21
4 20 1 20
4 20 6 20
4 24 4 23
4 24 4 25
4 24 3 24
4 24 4 23
4 25 4 26
4 32 11 32
5 7 6 7
5 11 5 10
5 13 5 16
5 23 6 23
5 26 4 26
6 6 6 7
6 7 6 6
6 7 6 8
6 8 6 9
6 10 5 10
6 10 7 10
6 12 6 16
6 12 7 12
6 33 7 33
7 10 7 9
7 10 7 11
7 10 7 9
7 10 7 11
7 13 7 14
7 14 7 13
7 14 7 16
7 14 7 16
7 16 6 16
8 5 8 18
8 5 9 5
8 5 8 18
8 5 9 5
9 5 9 6
9 5 10 5
9 6 9 7
9 7 9 9
9 9 9 18
9 9 10 9
9 9 10 9
9 9 10 9
9 27 9 28
9 28 9 29
9 28 7 28
9 28 10 28
10 0 21 0
10 10 10 12
10 12 10 15
10 15 10 12
10 15 10 18
10 15 10 18
10 26 10 25
11 2 10 2
11 22 14 22
11 27 11 30
11 27 18 27
11 31 11 30
11 31 11 32
11 31 12 31
12 15 12 14
12 15 12 19
12 19 12 20
12 19 13 19
12 19 13 19
12 23 14 23
13 4 13 1
13 4 13 8
13 4 13 8
13 8 13 9
13 9 13 8
13 9 13 10
13 9 13 10
13 11 13 13
13 19 13 20
13 19 18 19
14 1 19 1
14 1 19 1
14 25 14 23
14 25 14 26
14 25 18 25
14 26 16 26
15 24 15 23
15 31 15 32
16 3 16 6
16 6 16 3
16 6 18 6
18 6 20 6
18 27 18 25
18 27 18 28
18 27 27 27
18 31 18 33
18 33 18 31
18 33 15 33
18 33 15 33
19 28 20 28
19 32 21 32
19 32 21 32
20 1 20 6
20 1 21 1
20 1 20 6
20 1 21 1
20 6 20 18
20 28 20 29
20 28 19 28
20 28 20 29
20 29 20 28
21 22 21 23
21 22 14 22
21 22 21 23
21 22 14 22
21 31 24 31
22 0 31 0
22 0 31 0
22 16 22 14
22 16 22 19
22 28 24 28
23 10 23 13
24 9 24 4
24 9 25 9
25 2 25 4
25 2 26 2
25 4 25 5
25 4 26 4
25 5 25 4
25 7 25 9
25 7 26 7
25 7 25 9
25 7 26 7
25 9 25 13
25 13 25 14
25 13 23 13
25 13 25 14
25 31 27 31
26 33 31 33
27 31 32 31
28 2 27 2
28 24 28 25
29 1 31 1
29 5 31 5
29 28 29 26
29 28 27 28
29 28 29 26
29 28 27 28
30 2 30 3
30 7 30 8
30 8 30 10
31 0 31 1
31 0 32 0
31 22 31 6
31 22 31 23
31 22 32 22
31 23 31 24
31 23 29 23
31 23 32 23
31 24 31 25
31 24 30 24
31 24 31 25
31 33 31 32
32 0 32 1
32 0 33 0
32 0 32 1
33 0 33 1
33 1 33 3
33 23 33 22
33 23 33 27
1 6 2 6
1 18 1 19
1 18 1 19
1 23 2 23
2 6 2 12
2 6 3 6
2 6 3 6
2 23 2 24
2 23 3 23
3 23 3 24
4 25 4 26
4 32 11 32
5 9 5 10
5 23 6 23
6 33 7 33
7 7 7 8
7 8 7 7
7 16 6 16
7 23 9 23
7 33 11 33
10 26 10 25
11 2 10 2
11 31 11 30
11 31 11 32
11 31 12 31
12 13 13 13
12 23 14 23
13 11 13 13
13 13 12 13
14 22 14 23
14 23 15 23
15 23 15 24
15 23 16 23
15 31 15 32
15 33 15 32
15 33 14 33
16 23 18 23
18 23 18 25
18 23 19 23
18 23 18 25
18 27 18 25
18 27 27 27
22 13 23 13
22 28 24 28
23 10 23 13
24 28 27 28
25 4 26 4
26 4 26 3
26 4 27 4
27 3 27 4
27 27 27 26
27 27 27 28
29 23 29 25
29 25 29 26
29 25 28 25
29 25 30 25
30 24 30 25
30 25 29 25
31 6 31 5
31 32 32 32
7 23 9 23
9 24 10 24
10 23 10 24
10 24 10 23
10 24 10 25
11 2 10 2
14 33 14 32
14 33 13 33
14 33 14 32
15 32 14 32
27 26 21 26
28 26 29 26
29 25 30 25
31 4 30 4
31 26 31 27
31 26 31 27
31 28 33 28
31 32 32 32
33 28 33 29
33 29 33 30
33 29 32 29
33 29 33 30
33 32 33 31
33 32 33 31
10 2 10 3
10 3 9 3
30 3 32 3
32 29 32 30
32 29 32 30
32 30 32 31
32 30 32 31
9 3 9 2
9 3 7 3
9 3 9 2
7 3 6 3
9 2 8 2
6 3 6 2
8 2 6 2
6 2 8 2

4246

3 = = 4 - 4 = = = = = = = = = = = = = = = = 5 = = = = = 6 4 2 2 4 2 
1 1   | 3 | 1 2 = = = = 4 2 6 2 2 1 4 4 2 2 | 4 = 6 = 4 ǁ 3 = 7 7 1 
4 |   | 6 | 4 - - - - - 6 = 8 3 ǁ | ǁ 4 |   | 4 2 4 2 ǁ ǁ 1 2 | 4 1 
2 4 4 2 ǁ | 4 2 2       | 2 4 2 5 3 ǁ 2 |   | 2 4 = = 6 ǁ 2 | | 3 4 
2 7 |   5 | 4 = 8 = = = 7 = = = = = 8 = 7 5 | 2 6 3 3 ǁ ǁ 4 5 | 2 ǁ 
  ǁ 4 2 | | | 2 ǁ 1 4 2 ǁ 1 - - 2 2 ǁ   |   | 4 8 4 2 ǁ 5 1 | | ǁ 2 
  ǁ 6 2 | | 5 6 4 2 7 = 8 = = = 7 5 ǁ 2 2   | 2 ǁ 6 2 ǁ 4 2 | | ǁ 2 
  ǁ ǁ 2 | | 1 2 2 2 6 2 2 2 4 = 4 1 ǁ   2 4 | 2 ǁ 5 3 ǁ 4 2 | | ǁ 3 
  5 5 | | 5 = = = = = = = = = = = = 6   2 1 | ǁ ǁ 2 2 ǁ | 2 | | ǁ | 
  | 3 4 | 4 2 2 - 6 = = = = = = = = 7 5 5 2 | 3 7 = = 8 7 4 | | ǁ | 
3 | 4 2 | 1       3 1 - 3 = = 4 = = 6 4 3 1 | 2 5 3 2 ǁ 2 1 | | ǁ | 
ǁ | 4 - 7 = = = = = = = = = = = = = = = = = 8 = = = = 8 = = 7 7 6 3 
ǁ 1 2 = 8 = = = = = = = = 5 1 4 - - - 4 1   ǁ 2 2 4   ǁ     | 3 4 2 
ǁ 1 - - 5 = = = 4 4 2 2 = 6 = 6 2     4 3   ǁ ǁ   ǁ   ǁ     | 1   2 
ǁ 4                                   | ǁ   5 6 = 8 3 ǁ 4 = 7 - 5 4 
ǁ ǁ                                   | ǁ   ǁ 4 2 ǁ | ǁ ǁ 1 ǁ 2 5 4 
ǁ ǁ   2 = = 4                         | ǁ   ǁ 2   ǁ 1 ǁ 4 4 8 = 4 ǁ 
ǁ ǁ         ǁ                         | ǁ   ǁ |   ǁ   ǁ 2 1 ǁ 1 1 ǁ 
ǁ ǁ 4 = = = 7 - - - - - - - - - - - - 2 ǁ   ǁ 4 = 7 = 7 4 4 ǁ 3 = 4 
ǁ 2 2       ǁ                           ǁ   ǁ 2 - 7 2 ǁ 2 ǁ ǁ 1 2 2 
ǁ 4 = = = = 5 - - - - - - - - - - - 2   ǁ   ǁ 2   3 1 ǁ 5 5 ǁ | ǁ ǁ 
2 6                                     ǁ   6 5   2 3 ǁ 2 = 6 6 7 6 
4 8 = = = = = = = 4 - - - 2 1 - 4 - - 2 ǁ   ǁ 5 5 2 | ǁ 2   | ǁ 4 ǁ 
ǁ ǁ 1             | 2 = = 5     ǁ 2     ǁ   ǁ 2 |   | ǁ ǁ   | ǁ ǁ ǁ 
ǁ ǁ |   2 = = = = 6 - - 1 |     ǁ |     ǁ   ǁ 4 6 1 | ǁ 3   | 2 ǁ ǁ 
ǁ ǁ 5 = 6 2 2 4 = 5 - - - 4 3   ǁ |     ǁ   ǁ 3 3   | ǁ |   | 1 ǁ 2 
ǁ ǁ 2 1 4   ǁ 4 = = = = = = = = 6 6 = 2 ǁ   ǁ 1 3 2 | ǁ |   | | ǁ 2 
ǁ ǁ 1 1 3   ǁ                     |     ǁ   6 = = = 4 4 4   | 2 ǁ ǁ 
ǁ ǁ 3 = = = 6                     |     4 4 ǁ 1 1 2 1   ǁ   | | ǁ ǁ 
ǁ 5 = 6 2 2 ǁ 2 = = 6 = = = = = = 4 - - - 6 ǁ 5 = 7 4 = 4   | | ǁ ǁ 
ǁ | 2 5 1 ǁ ǁ 2 3 - 5 = = = = = = 2       2 ǁ ǁ 2 4     2 4 | | ǁ ǁ 
4 2   | 1 3 5 = = = = = = = = = = = = = = = 8 6 4 2 2 2 1 ǁ | | 5 3 
4 2   3                                     5 1         | 5 5 3 2   
2 2 - 3 - - - - - - - - - - - - - - - - - - 5 3 - - - 1 2 4 2 3 2   
