34 34
2 0 3 4 5 0 0 0 4 0 0 0 0 0 0 0 0 0 0 0 0 0 0 4 3 0 0 0 0 0 6 4 4 2 
3 2 0 2 2 0 2 0 5 3 1 2 0 4 2 0 0 4 2 0 6 2 0 0 4 0 1 0 0 0 0 4 6 2 
4 0 8 0 0 0 0 0 0 0 0 0 0 8 0 0 0 8 0 0 7 6 2 0 5 0 0 1 0 0 0 3 0 2 
0 2 6 2 2 0 5 0 1 0 0 0 0 0 2 0 0 6 3 0 4 4 0 0 2 0 0 0 0 0 0 1 0 0 
0 3 5 0 0 0 6 0 0 0 0 0 0 7 0 0 0 0 0 0 0 0 0 8 0 0 0 0 0 0 8 0 7 5 
0 2 0 0 2 0 0 0 0 0 0 4 3 0 2 5 0 0 0 0 0 0 3 0 2 3 0 0 2 1 0 1 0 2 
5 2 0 0 0 0 0 0 0 0 0 4 1 0 1 6 0 0 0 0 0 0 5 0 2 6 2 0 0 0 0 0 0 1 
0 0 0 3 7 3 0 0 0 0 0 0 0 0 1 0 4 0 0 0 6 3 0 0 2 0 0 0 0 0 0 0 0 2 
0 0 0 0 0 0 0 0 0 1 0 0 0 0 0 0 0 2 6 0 6 2 0 0 0 0 0 0 0 3 0 0 0 0 
0 0 0 0 0 0 0 0 0 0 0 0 0 0 2 5 0 0 0 0 3 0 0 4 4 0 0 0 0 0 0 0 0 0 
0 0 0 0 0 0 0 1 0 5 0 6 0 0 2 2 0 0 6 2 3 2 0 4 0 8 0 0 6 5 0 0 0 0 
0 0 0 3 5 4 0 0 0 0 0 0 0 0 0 0 0 0 2 0 1 0 0 2 2 6 4 2 0 2 0 0 0 0 
0 0 0 0 0 0 0 0 0 3 0 0 0 0 4 0 7 0 0 0 0 0 8 0 0 0 0 0 7 0 5 4 0 0 
0 0 0 0 0 0 0 2 0 0 0 0 0 0 0 2 6 0 0 4 4 4 0 2 1 5 2 1 0 1 0 0 0 0 
0 0 0 0 0 2 0 0 0 0 0 0 0 0 0 4 5 0 2 2 3 0 0 6 0 6 2 0 0 0 0 0 0 0 
0 0 0 0 0 2 0 0 0 0 0 0 0 0 0 4 0 0 0 0 3 4 0 4 1 0 0 3 0 3 0 0 6 4 
0 0 0 0 0 0 0 4 0 0 0 0 0 0 0 2 0 0 0 0 0 0 0 2 0 0 0 0 0 0 0 0 0 1 
0 2 7 0 7 6 0 0 0 0 0 0 0 0 0 4 6 0 0 0 7 6 0 2 6 7 4 0 0 0 0 0 2 1 
0 2 4 2 6 5 4 7 0 8 4 0 0 0 0 0 0 2 4 2 0 0 0 2 0 3 4 3 0 0 0 0 2 0 
0 0 3 0 1 0 0 4 0 2 2 0 0 0 0 3 0 0 0 0 0 2 0 3 7 0 8 2 0 0 0 0 0 0 
0 0 2 2 0 0 5 2 0 0 0 0 0 0 3 3 0 6 5 2 0 2 0 2 0 0 0 2 0 0 0 0 0 0 
0 4 0 0 0 0 2 0 0 0 0 0 0 0 0 0 0 2 0 0 0 0 0 0 0 2 5 4 0 0 0 0 0 0 
0 0 5 0 0 0 0 0 0 0 0 8 0 8 0 0 7 0 4 3 4 6 0 0 0 0 0 0 0 0 0 0 0 0 
0 5 4 0 0 0 0 2 0 0 0 0 1 0 2 4 0 4 6 0 2 2 0 0 0 5 6 2 0 0 0 0 0 0 
0 2 3 0 0 0 0 1 0 1 0 3 2 5 3 4 0 3 5 0 0 0 7 6 0 1 2 0 0 0 0 6 8 5 
0 3 8 0 0 0 0 0 0 0 0 0 0 5 4 2 0 2 2 0 4 3 0 4 0 2 3 2 0 0 0 4 0 3 
0 3 0 2 2 2 0 0 0 0 0 0 0 0 0 0 7 6 3 3 0 4 0 3 0 0 0 0 0 0 0 2 6 5 
0 2 0 0 4 4 2 0 0 0 0 0 0 0 0 4 0 2 0 1 0 3 0 3 0 2 3 5 0 0 0 3 3 0 
0 2 5 7 2 0 2 0 0 0 0 0 0 0 6 4 0 0 0 0 0 1 0 2 0 0 0 3 0 0 0 3 2 4 
6 0 0 6 2 0 1 0 0 0 0 0 5 2 0 0 0 1 4 0 6 0 7 0 6 5 7 4 0 0 0 0 0 2 
0 4 0 0 0 7 0 0 0 0 0 3 5 0 8 0 6 2 4 2 4 2 0 2 4 2 4 4 0 0 0 0 0 1 
0 4 4 5 2 0 1 0 0 0 0 7 4 1 3 2 1 0 2 1 0 0 3 0 2 0 1 2 0 0 3 3 0 0 
4 0 0 2 1 0 0 0 2 0 0 4 2 1 0 3 0 0 0 0 0 0 0 5 0 0 0 0 8 6 0 0 7 3 
4 4 4 0 0 6 0 0 0 0 0 0 0 0 0 0 0 0 0 0 0 0 0 0 0 0 0 0 6 0 2 2 4 1 
400 682
0 4 0 3
0 4 0 8
0 4 1 4
0 30 0 24
0 30 0 31
0 30 4 30
0 30 0 24
0 30 0 31
0 30 4 30
0 31 0 32
0 31 1 31
0 32 0 33
0 32 1 32
0 32 0 33
1 20 1 18
1 20 1 21
1 20 2 20
1 20 1 18
1 20 1 21
1 20 2 20
1 31 1 32
1 31 2 31
1 31 1 32
2 2 2 0
2 2 2 13
2 2 0 2
2 2 3 2
2 2 2 0
2 2 2 13
2 2 0 2
2 2 3 2
2 13 2 17
2 13 1 13
2 13 4 13
2 17 2 13
2 17 2 20
2 17 1 17
2 17 3 17
2 21 2 20
2 21 2 22
2 21 3 21
2 21 2 20
2 21 2 22
2 21 3 21
2 24 2 27
2 24 1 24
2 24 3 24
3 2 3 1
3 2 3 3
3 2 4 2
3 2 3 1
3 6 3 4
3 6 3 8
3 6 4 6
4 23 4 13
4 23 4 30
4 23 0 23
4 23 9 23
4 23 4 13
4 23 4 30
4 23 0 23
4 23 9 23
4 30 4 32
4 30 12 30
4 33 4 32
4 33 2 33
4 33 5 33
5 15 5 14
5 15 5 22
5 15 6 15
6 0 6 1
6 0 2 0
6 0 29 0
6 22 6 15
6 22 5 22
6 22 12 22
7 4 7 3
7 4 7 5
7 4 5 4
7 4 11 4
7 20 7 16
7 20 7 21
7 20 8 20
7 20 7 16
7 20 7 21
7 20 8 20
7 21 8 21
8 18 8 17
8 18 8 20
8 18 10 18
8 18 8 17
8 18 8 20
8 18 10 18
9 15 9 14
9 15 6 15
9 15 10 15
9 23 9 24
9 23 10 23
9 24 7 24
9 24 11 24
9 24 7 24
10 18 10 15
10 18 10 19
10 18 11 18
10 18 10 19
10 23 11 23
10 25 10 28
10 25 6 25
10 25 11 25
10 25 10 28
10 25 6 25
10 25 11 25
10 25 11 25
10 28 10 29
10 28 5 28
10 28 12 28
10 28 10 29
12 22 12 16
12 22 12 28
12 22 6 22
12 22 24 22
12 28 12 22
12 28 12 30
12 28 32 28
13 21 13 20
13 21 15 21
13 21 13 20
13 21 15 21
13 25 13 24
13 25 13 26
13 25 14 25
13 29 15 29
14 23 14 25
14 23 13 23
14 23 15 23
14 23 14 25
14 23 13 23
14 23 15 23
14 25 14 26
14 25 13 25
14 25 17 25
15 21 15 20
15 21 17 21
15 23 15 24
15 23 16 23
16 23 17 23
17 2 17 1
17 2 17 4
17 2 4 2
17 2 18 2
17 20 17 16
17 20 17 21
17 20 15 20
17 20 22 20
17 21 17 20
17 21 19 21
17 21 17 20
17 21 19 21
17 24 17 23
17 24 17 25
17 24 19 24
17 25 17 24
17 25 17 26
17 25 18 25
18 7 18 6
18 7 18 9
18 7 16 7
18 7 19 7
18 9 18 7
18 9 18 10
18 9 12 9
18 9 19 9
18 23 19 23
19 26 19 24
19 26 19 27
19 26 18 26
19 26 21 26
19 26 19 24
19 26 19 27
19 26 18 26
19 26 21 26
20 21 22 21
20 27 21 27
22 2 22 11
22 2 20 2
22 2 23 2
22 11 22 2
22 11 22 13
22 11 10 11
22 11 24 11
22 13 22 11
22 13 22 16
22 13 4 13
22 13 24 13
22 21 22 20
22 21 20 21
22 21 23 21
23 1 23 2
23 1 21 1
23 1 24 1
23 12 24 12
23 25 23 26
23 25 21 25
23 25 24 25
24 23 24 22
24 23 20 23
24 23 25 23
24 23 24 22
24 23 20 23
24 23 25 23
24 31 24 32
24 31 12 31
24 31 25 31
24 31 24 32
24 31 12 31
24 31 25 31
24 32 24 33
24 32 18 32
24 32 26 32
24 33 24 32
24 33 17 33
24 33 25 33
25 2 25 1
25 2 25 13
25 2 24 2
25 2 28 2
25 2 25 1
25 2 25 13
25 2 24 2
25 2 28 2
25 31 26 31
26 16 26 5
26 16 26 17
26 16 22 16
26 16 30 16
26 33 26 32
26 33 25 33
26 33 28 33
27 15 27 6
27 15 28 15
27 15 27 6
27 15 28 15
27 27 27 26
27 27 25 27
27 27 28 27
28 3 28 2
28 3 28 4
28 3 26 3
28 3 29 3
28 14 28 6
28 14 28 15
28 14 30 14
28 14 28 6
28 14 28 15
28 14 30 14
29 0 29 3
29 0 6 0
29 0 32 0
29 12 29 6
29 12 29 13
29 12 30 12
29 22 29 20
29 22 29 24
29 22 24 22
29 22 31 22
29 26 29 25
29 26 29 27
29 26 27 26
29 26 30 26
30 1 30 5
30 1 31 1
30 1 30 5
30 1 31 1
30 5 30 11
30 5 27 5
30 5 33 5
30 14 30 12
30 14 30 16
30 14 31 14
30 21 30 20
31 1 31 2
31 1 33 1
31 2 31 3
31 2 33 2
31 2 31 3
31 6 31 11
31 11 31 12
31 11 30 11
31 11 32 11
32 0 29 0
32 0 33 0
32 0 33 0
32 8 32 11
32 23 32 15
32 23 32 28
32 23 30 23
32 28 32 23
32 28 32 29
32 28 12 28
32 28 33 28
32 29 32 28
32 29 32 32
32 29 15 29
32 29 32 28
32 29 32 32
32 32 32 33
32 32 28 32
32 32 33 32
33 0 33 1
33 0 33 1
33 1 33 2
33 2 33 5
33 2 33 5
33 5 33 28
33 5 30 5
33 5 33 28
33 28 33 30
0 23 0 8
0 23 0 24
1 1 1 0
1 8 1 6
1 8 1 9
1 8 0 8
1 17 1 14
1 17 2 17
1 17 1 14
1 24 1 26
1 24 2 24
1 24 2 24
2 0 1 0
2 13 1 13
2 13 4 13
2 17 2 20
2 17 3 17
2 20 3 20
2 31 2 33
2 31 3 31
3 14 3 17
3 20 3 18
3 20 3 21
3 20 3 18
4 30 4 32
4 30 12 30
4 32 4 33
4 32 15 32
4 32 4 33
4 32 15 32
5 31 12 31
5 33 6 33
6 0 6 1
6 25 6 24
6 25 6 26
6 25 5 25
6 25 6 24
7 33 15 33
8 9 10 9
10 11 10 9
10 11 6 11
10 11 22 11
10 11 10 9
10 11 6 11
10 23 11 23
10 25 11 25
11 18 11 20
11 24 11 25
11 25 11 26
11 26 11 27
11 27 11 26
11 29 10 29
12 16 12 14
12 16 12 22
12 16 13 16
12 16 12 14
12 16 13 16
12 16 13 16
12 22 24 22
12 28 12 30
12 31 12 30
13 16 13 15
13 16 13 19
13 16 14 16
13 19 13 20
13 19 14 19
13 19 13 20
13 25 13 26
13 27 15 27
14 26 17 26
15 27 18 27
15 32 15 33
15 32 17 32
15 32 15 33
15 32 17 32
15 33 7 33
16 7 13 7
16 7 18 7
16 7 13 7
17 5 17 4
17 5 15 5
17 5 18 5
17 5 17 4
17 5 15 5
17 5 18 5
17 25 17 24
17 25 17 26
17 26 18 26
18 9 18 10
18 9 12 9
18 9 19 9
18 10 19 10
18 23 19 23
18 25 18 26
18 27 15 27
18 32 24 32
19 10 18 10
19 23 19 24
19 24 17 24
19 24 29 24
19 24 29 24
20 27 21 27
21 1 18 1
21 1 23 1
21 1 18 1
21 6 20 6
21 27 21 26
21 27 23 27
22 11 24 11
22 13 22 16
22 13 4 13
22 13 24 13
22 21 22 20
22 21 23 21
23 15 23 14
23 15 24 15
23 15 23 14
23 15 24 15
24 15 24 14
24 15 25 15
24 32 24 33
25 15 25 14
25 23 26 23
25 31 26 31
25 33 26 33
26 32 26 33
26 32 27 32
26 32 27 32
26 32 27 32
27 31 28 31
28 21 27 21
28 23 27 23
28 33 28 32
28 33 29 33
28 33 29 33
29 0 29 3
29 13 29 12
29 24 29 22
29 24 29 25
29 24 30 24
30 14 30 12
30 14 30 16
30 14 31 14
30 16 30 17
30 16 26 16
30 16 31 16
30 21 30 20
30 33 32 33
31 11 31 12
31 11 30 11
31 11 32 11
31 30 31 31
32 8 32 11
32 32 32 33
32 32 33 32
33 28 33 30
33 31 33 32
33 32 33 31
0 0 0 2
0 0 1 0
0 3 0 4
0 3 1 3
0 3 0 4
0 8 1 8
1 3 1 4
1 6 1 8
1 9 1 10
1 11 1 13
1 13 1 11
1 32 1 33
1 33 1 32
3 14 3 17
3 17 3 18
4 13 4 6
5 1 4 1
5 24 5 25
6 11 6 12
6 11 5 11
10 7 10 9
10 9 12 9
11 29 10 29
12 14 10 14
12 14 20 14
13 15 14 15
14 5 11 5
14 15 14 16
14 15 15 15
14 15 14 16
15 15 15 20
15 15 16 15
15 15 16 15
17 1 17 2
17 15 17 16
17 15 19 15
17 15 17 16
17 15 19 15
19 15 20 15
20 14 20 15
21 6 20 6
25 14 25 13
25 14 24 14
25 14 25 13
25 23 26 23
26 23 27 23
27 23 28 23
27 31 28 31
29 12 30 12
30 5 27 5
30 12 31 12
30 20 30 19
30 20 29 20
31 12 31 13
31 14 31 15
31 15 32 15
31 30 31 31
32 12 32 13
32 15 32 23
4 6 4 2
4 6 3 6
4 6 18 6
4 6 4 2
5 1 4 1
5 4 7 4
5 11 5 12
5 12 5 11
5 24 5 25
5 28 5 29
8 29 10 29
10 14 9 14
14 5 11 5
14 16 14 18
14 20 14 19
20 14 20 15
20 17 20 18
20 17 18 17
20 17 21 17
20 17 20 18
20 17 18 17
20 17 21 17
23 17 23 18
23 17 24 17
23 17 23 18
23 17 24 17
23 18 23 20
23 18 22 18
23 18 24 18
23 18 23 20
24 13 24 12
24 13 24 14
24 13 25 13
27 5 27 4
27 5 26 5
27 31 28 31
29 20 29 18
29 20 29 22
29 20 25 20
29 20 29 18
30 23 30 24
30 24 30 25
30 24 31 24
31 22 31 19
31 22 29 22
31 24 31 26
31 27 30 27
31 30 31 31
3 3 3 4
4 1 4 2
5 11 5 12
7 14 6 14
9 15 6 15
11 5 11 4
11 5 7 5
14 16 14 18
17 2 17 4
17 2 18 2
18 2 18 3
18 2 19 2
18 18 18 19
18 18 20 18
18 18 18 19
18 18 20 18
19 2 19 4
19 2 20 2
19 7 18 7
19 7 20 7
19 7 20 7
20 3 20 6
22 2 23 2
22 20 22 19
23 7 23 2
23 7 24 7
24 2 24 1
24 9 24 11
24 22 24 18
24 22 24 18
25 1 26 1
25 20 25 18
25 20 25 21
25 20 25 18
25 21 26 21
26 1 27 1
26 16 26 17
26 16 22 16
26 17 26 18
26 17 25 17
26 17 27 17
26 17 26 18
26 21 25 21
26 21 27 21
26 21 27 21
27 4 26 4
27 4 28 4
27 4 26 4
28 3 28 2
28 3 26 3
28 3 29 3
29 3 29 4
29 4 29 3
30 19 30 18
31 18 30 18
31 18 30 18
31 27 30 27
5 14 5 15
6 15 6 22
6 15 5 15
7 5 7 4
17 20 17 16
18 3 18 4
18 6 18 5
18 6 20 6
20 3 20 6
24 18 24 17
26 1 27 1
28 1 28 2
30 18 30 17
30 27 30 26
30 27 29 27
17 16 22 16
18 5 18 4
29 18 29 17
29 18 26 18
29 27 29 26
29 27 28 27
30 26 30 25
30 26 29 26
17 16 22 16
18 4 18 5
18 4 17 4
18 4 17 4
18 4 17 4
22 16 22 18
22 18 22 19
22 18 20 18
22 19 20 19
26 19 27 19
28 27 27 27
29 25 29 26
29 25 27 25
29 25 27 25
11 4 11 3
11 4 7 4
11 4 11 3
25 25 25 26
7 3 11 3
25 25 25 26

4042

2 - 3 4 5 - - - 4 - - - - - - - - - - - - - - 4 3 = = = = = 6 4 4 2 
3 2 ǁ 2 2   2 = 5 3 1 2 = 4 2 = = 4 2 = 6 2   ǁ 4 - 1       ǁ 4 6 2 
4 = 8 = = = = = = = = = = 8 = = = 8 = = 7 6 2 ǁ 5 - - 1     ǁ 3 - 2 
| 2 6 2 2 - 5 - 1         ǁ 2 = = 6 3 = 4 4   ǁ 2           ǁ 1   | 
| 3 5 = = = 6 - - - - - - 7 = = = = = = = = = 8 = = = = = = 8 = 7 5 
| 2 |   2   |         4 3 ǁ 2 5 - - - - - - 3 ǁ 2 3     2 1 ǁ 1 ǁ 2 
5 2 |   ǁ   |         4 1 ǁ 1 6 = = = = = = 5 ǁ 2 6 2   |   ǁ | ǁ 1 
ǁ   | 3 7 3 |         ǁ   ǁ 1 ǁ 4 = = = 6 3 ǁ ǁ 2 ǁ     |   ǁ | ǁ 2 
ǁ   | | ǁ | |     1   ǁ   ǁ   ǁ   2 6 = 6 2 ǁ ǁ ǁ ǁ     | 3 ǁ | ǁ ǁ 
ǁ   | | ǁ | |     |   ǁ   ǁ 2 5     ǁ   3   ǁ 4 4 ǁ     | | ǁ | ǁ ǁ 
ǁ   | | ǁ | | 1 - 5 = 6   ǁ 2 2 - - 6 2 3 2 ǁ 4 | 8 = = 6 5 ǁ | ǁ ǁ 
ǁ   | 3 5 4 |     |   ǁ   ǁ |       2 - 1   ǁ 2 2 6 4 2 | 2 ǁ | ǁ ǁ 
ǁ   |     ǁ |     3   ǁ   ǁ 4 = 7 = = = = = 8 = = = = = 7 = 5 4 ǁ ǁ 
ǁ   |     ǁ | 2   ǁ   ǁ   ǁ | 2 6 - - 4 4 4 ǁ 2 1 5 2 1 ǁ 1   ǁ ǁ ǁ 
ǁ   |     2 | ǁ   ǁ   ǁ   ǁ | 4 5 = 2 2 3 ǁ ǁ 6 = 6 2 | ǁ |   ǁ ǁ ǁ 
ǁ   |     2 | ǁ   ǁ   ǁ   ǁ | 4 - - - - 3 4 ǁ 4 1 | | 3 ǁ 3   ǁ 6 4 
ǁ   |     ǁ | 4   ǁ   ǁ   ǁ | 2         | | ǁ 2   | | ǁ ǁ |   ǁ ǁ 1 
ǁ 2 7 = 7 6 | ǁ   ǁ   ǁ   ǁ | 4 6 = = = 7 6 ǁ 2 6 7 4 ǁ ǁ |   ǁ 2 1 
ǁ 2 4 2 6 5 4 7 = 8 4 ǁ   ǁ | ǁ ǁ 2 4 2 | ǁ ǁ 2 ǁ 3 4 3 ǁ |   ǁ 2 | 
ǁ ǁ 3 - 1   | 4   2 2 ǁ   ǁ | 3 ǁ ǁ ǁ   | 2 ǁ 3 7 = 8 2 ǁ |   ǁ ǁ | 
ǁ ǁ 2 2 = = 5 2       ǁ   ǁ 3 3 ǁ 6 5 2 | 2 ǁ 2 ǁ   ǁ 2 ǁ |   ǁ ǁ | 
ǁ 4 |       2         ǁ   ǁ     ǁ 2 | | | ǁ ǁ ǁ ǁ 2 5 4 ǁ |   ǁ ǁ | 
ǁ ǁ 5 = = = = = = = = 8 = 8 = = 7 - 4 3 4 6 ǁ ǁ ǁ |   | ǁ |   ǁ ǁ | 
ǁ 5 4 - - - - 2       ǁ 1 ǁ 2 4 ǁ 4 6 = 2 2 ǁ ǁ ǁ 5 6 2 ǁ |   ǁ ǁ | 
ǁ 2 3         1   1 - 3 2 5 3 4 ǁ 3 5 = = = 7 6 ǁ 1 2   ǁ |   6 8 5 
ǁ 3 8 = = = = = = = = = = 5 4 2 ǁ 2 2 = 4 3 | 4 ǁ 2 3 2 ǁ |   4 | 3 
ǁ 3 ǁ 2 2 2 - - - - - - - - - - 7 6 3 3 | 4 | 3 ǁ     | ǁ |   2 6 5 
ǁ 2 ǁ ǁ 4 4 2 = = = = = = = = 4 ǁ 2 | 1 | 3 | 3 ǁ 2 3 5 ǁ |   3 3 | 
ǁ 2 5 7 2 ǁ 2 = = = = = = = 6 4 ǁ   |   | 1 | 2 ǁ ǁ | 3 ǁ |   3 2 4 
6 = = 6 2 ǁ 1 - - - - - 5 2 ǁ   ǁ 1 4 = 6 = 7 = 6 5 7 4 ǁ |     | 2 
ǁ 4 = = = 7 - - - - - 3 5 = 8 = 6 2 4 2 4 2 ǁ 2 4 2 4 4 ǁ |     | 1 
ǁ 4 4 5 2 ǁ 1 - - - - 7 4 1 3 2 1   2 1 - - 3 | 2 - 1 2 ǁ | 3 3 | | 
4 | | 2 1 ǁ     2 = = 4 2 1   3 = = = = = = = 5 = = = = 8 6 = = 7 3 
4 4 4 = = 6 = = = = = = = = = = = = = = = = = = = = = = 6 = 2 2 4 1 
