34 34
2 6 0 0 4 1 2 1 0 0 0 4 0 0 0 0 0 0 0 0 0 0 0 0 0 0 0 6 4 4 4 4 2 2 
3 7 5 1 0 2 7 0 6 3 0 0 4 6 0 0 3 1 2 1 2 4 4 2 2 5 2 0 0 4 0 0 2 0 
0 0 0 1 4 1 0 1 0 0 1 0 0 0 4 2 0 0 0 0 2 8 7 0 0 5 4 0 0 3 7 8 7 4 
0 0 6 4 1 0 0 0 0 2 0 0 0 0 5 0 6 5 4 0 2 0 0 2 1 4 0 0 0 2 0 0 0 1 
4 0 4 5 3 0 0 0 0 0 0 0 0 4 0 0 0 0 0 0 0 0 0 5 2 0 0 0 0 0 0 0 3 4 
2 0 2 2 2 0 0 0 6 6 2 0 0 2 2 0 0 0 0 0 0 0 0 0 0 0 2 0 0 4 0 0 3 0 
3 8 0 0 0 0 7 5 2 4 0 0 2 0 0 0 0 0 0 0 0 0 0 0 0 0 0 0 0 0 0 0 3 4 
1 0 4 0 4 0 0 0 0 0 0 0 2 0 0 0 0 0 0 0 0 0 3 5 0 4 2 0 0 0 0 0 0 3 
2 0 0 0 2 0 0 6 0 6 2 0 5 4 0 0 6 0 0 7 4 0 0 1 3 3 0 0 0 0 0 0 0 3 
3 0 0 0 2 0 5 4 2 0 0 0 4 0 0 0 0 3 1 0 0 0 0 0 2 0 0 0 0 0 0 2 0 0 
0 0 0 0 0 0 2 2 0 1 0 0 2 0 1 0 0 0 0 0 2 7 0 0 0 7 4 0 0 0 0 0 0 0 
0 0 4 0 0 0 0 0 0 0 0 5 0 0 0 0 0 3 3 0 0 0 2 4 2 2 0 0 0 0 0 0 0 0 
0 0 0 4 4 0 0 6 4 2 0 0 0 2 0 4 2 3 0 0 0 0 0 0 0 0 0 0 0 0 0 0 0 0 
0 0 0 4 2 1 0 5 0 0 0 5 0 0 0 4 1 2 0 0 0 0 4 6 3 0 3 0 0 0 0 0 0 0 
0 0 3 6 7 0 0 6 4 4 0 6 0 0 0 0 3 0 0 0 0 0 2 0 1 3 0 0 0 0 6 0 5 4 
0 0 2 2 4 3 1 2 2 4 2 4 2 0 0 0 4 6 4 0 0 0 0 0 1 0 0 0 0 0 0 0 2 1 
0 4 0 0 0 0 0 0 0 0 0 0 0 0 0 0 0 0 0 7 0 7 0 5 5 7 3 0 0 0 0 0 0 0 
0 0 4 6 2 3 0 0 0 0 0 0 3 2 2 4 2 0 0 0 3 8 2 0 1 3 1 0 4 0 0 0 0 0 
0 0 2 0 0 0 0 0 0 0 0 0 4 5 0 4 3 0 0 0 0 3 3 5 0 4 4 0 0 0 0 1 6 3 
0 0 4 7 0 7 0 0 0 0 0 0 0 0 0 0 0 0 0 6 0 5 3 2 3 4 6 0 0 0 0 1 0 0 
0 0 4 0 0 3 0 0 0 0 0 0 0 0 0 0 0 0 1 2 0 4 2 0 2 0 0 0 3 0 0 0 0 0 
0 0 4 6 0 0 0 0 4 3 0 0 0 0 0 0 0 0 0 0 7 0 0 6 0 4 4 0 2 0 0 0 0 0 
0 0 0 1 0 0 2 0 6 0 0 0 0 0 0 0 2 2 0 0 4 2 0 3 0 2 2 0 1 0 0 0 0 0 
4 5 0 0 0 0 0 0 0 0 0 0 0 0 0 0 0 0 0 0 0 0 0 0 0 0 0 6 0 6 7 3 0 0 
4 6 0 0 0 0 0 3 0 0 0 0 0 0 1 4 0 5 0 0 0 0 0 0 3 2 0 0 0 0 6 2 0 0 
0 6 0 0 0 0 0 0 0 0 0 0 4 3 1 4 2 0 0 0 0 0 0 0 0 0 0 0 2 0 6 3 0 0 
0 0 4 0 0 0 0 0 3 2 0 0 5 3 2 6 3 0 0 0 0 0 0 0 0 0 0 0 0 0 4 0 0 0 
0 0 6 0 0 0 0 0 7 4 2 0 0 1 0 1 0 0 0 0 0 0 0 0 0 0 0 0 4 6 6 0 0 0 
0 0 2 0 2 2 1 0 0 4 8 0 6 0 0 0 0 5 0 0 0 0 0 0 0 0 0 7 0 0 8 3 0 0 
0 4 4 0 4 0 0 0 0 1 0 0 0 2 4 0 0 7 2 4 2 4 0 2 0 0 0 0 2 0 6 3 0 0 
0 4 8 0 0 5 3 1 0 4 6 4 7 4 4 2 4 8 2 0 2 0 0 0 0 0 0 0 2 0 6 4 0 2 
0 2 6 0 0 4 2 0 0 1 4 4 3 2 2 0 2 2 0 0 0 0 0 0 0 0 0 0 1 1 5 2 0 0 
6 0 0 0 0 0 0 0 6 0 0 0 0 0 0 6 0 0 0 6 6 8 0 0 0 0 0 8 0 0 0 0 7 4 
4 0 0 0 0 0 0 0 0 0 0 0 0 0 0 0 0 2 1 0 0 4 0 3 2 0 0 3 0 3 2 0 4 2 
400 588
0 1 0 0
0 1 0 4
0 1 1 1
0 1 0 0
0 1 0 4
0 1 1 1
0 4 0 5
0 4 2 4
0 27 0 11
0 27 0 28
0 27 23 27
0 27 0 11
0 27 0 28
0 27 23 27
0 28 0 29
0 28 17 28
0 29 0 30
0 29 1 29
0 29 0 30
0 30 0 31
0 30 2 30
0 31 0 32
0 31 2 31
0 31 0 32
0 33 2 33
0 33 2 33
1 1 1 0
1 1 1 2
1 1 6 1
1 2 1 1
1 2 1 3
1 2 3 2
1 6 1 5
1 6 1 8
1 6 0 6
1 6 6 6
1 8 1 6
1 8 1 9
1 8 5 8
1 13 1 12
1 13 1 16
1 13 4 13
1 13 1 12
1 13 1 16
1 13 4 13
1 25 1 24
1 25 1 26
1 25 2 25
1 29 2 29
1 32 2 32
2 4 2 3
2 4 2 5
2 4 3 4
2 7 6 7
2 10 5 10
2 14 2 15
2 14 3 14
2 14 2 15
2 14 3 14
2 21 2 20
2 21 2 22
2 21 1 21
2 21 10 21
2 21 2 20
2 21 2 22
2 21 1 21
2 21 10 21
2 22 2 25
2 22 1 22
2 22 7 22
2 30 2 29
2 30 2 31
2 30 14 30
2 31 2 30
2 31 2 32
2 31 9 31
2 31 2 30
2 31 2 32
2 31 9 31
2 33 2 32
2 33 3 33
3 2 3 3
3 2 1 2
3 2 4 2
3 3 3 2
3 3 4 3
3 3 3 2
4 0 1 0
4 0 5 0
4 0 1 0
4 0 5 0
4 2 4 3
4 2 5 2
4 2 4 3
4 13 5 13
4 23 4 24
4 23 3 23
4 23 7 23
4 33 4 32
4 33 6 33
4 33 4 32
4 33 6 33
5 8 5 9
5 8 1 8
5 8 6 8
5 8 5 9
5 8 6 8
5 9 5 10
5 9 3 9
5 9 6 9
5 9 3 9
5 29 3 29
5 29 23 29
5 29 3 29
5 29 23 29
6 0 6 1
6 0 7 0
6 0 6 1
6 1 6 6
6 1 1 1
6 1 16 1
6 7 6 6
6 7 8 7
6 9 6 12
6 9 8 9
6 9 6 12
6 33 6 32
6 33 7 33
7 2 7 4
7 2 11 2
7 2 7 4
7 2 11 2
7 4 8 4
7 12 8 12
7 33 8 33
8 0 9 0
8 9 8 7
8 9 8 10
8 9 10 9
8 19 8 16
8 19 8 20
8 19 1 19
8 19 16 19
10 21 10 20
10 21 10 25
10 21 16 21
11 2 11 11
11 2 14 2
11 11 11 17
11 11 13 11
11 11 11 17
11 11 13 11
12 3 12 4
12 3 13 3
12 3 12 4
12 3 13 3
12 4 12 7
12 4 13 4
13 3 13 4
13 3 14 3
14 3 14 2
14 3 14 4
14 3 15 3
14 3 14 2
14 3 14 4
14 30 14 32
14 30 2 30
14 30 23 30
14 30 14 32
14 30 23 30
16 25 16 24
16 25 16 26
16 25 14 25
16 25 17 25
17 21 17 20
17 21 17 22
17 21 16 21
17 21 18 21
17 21 17 20
17 21 17 22
17 21 16 21
17 21 18 21
17 28 20 28
17 28 20 28
19 3 19 2
19 3 19 5
19 3 17 3
19 3 21 3
19 26 19 25
19 26 18 26
19 26 21 26
19 26 19 25
19 26 18 26
19 26 21 26
20 2 19 2
20 2 21 2
20 2 19 2
20 2 21 2
20 28 21 28
21 2 21 3
21 2 26 2
21 3 21 8
21 3 19 3
21 3 22 3
21 3 21 8
21 20 21 9
21 20 21 23
21 20 17 20
21 20 22 20
21 26 21 25
21 26 22 26
21 28 22 28
22 26 22 25
23 1 23 0
23 1 16 1
23 1 24 1
23 27 23 29
23 27 28 27
23 27 23 29
23 27 28 27
23 30 23 29
23 30 23 31
23 30 24 30
24 1 24 0
24 1 23 1
24 1 25 1
24 1 24 0
24 1 23 1
24 30 24 31
24 30 23 30
24 30 25 30
24 30 24 31
24 30 23 30
25 1 29 1
25 12 25 13
25 12 26 12
25 12 25 13
25 12 26 12
25 30 25 28
25 30 25 31
25 30 26 30
25 30 25 28
25 30 25 31
25 31 28 31
26 2 26 8
26 2 27 2
26 2 26 8
26 30 27 30
27 8 27 2
27 8 27 9
27 8 26 8
27 8 32 8
27 28 27 29
27 28 29 28
27 28 27 29
27 28 29 28
27 29 27 30
27 29 31 29
27 29 27 30
27 29 27 30
28 10 28 9
28 10 28 12
28 10 27 10
28 10 30 10
28 10 28 9
28 10 28 12
28 10 27 10
28 10 30 10
28 12 28 17
28 12 26 12
28 12 30 12
28 12 28 17
28 30 28 31
28 30 27 30
28 30 29 30
28 30 28 31
28 30 27 30
28 30 29 30
28 30 29 30
29 4 29 2
29 4 28 4
29 4 29 2
29 4 28 4
29 17 29 14
29 17 29 18
29 17 28 17
29 17 30 17
29 30 29 31
29 30 28 30
29 30 30 30
29 31 30 31
29 31 30 31
30 2 30 1
30 2 30 5
30 2 29 2
30 2 31 2
30 2 30 1
30 2 30 5
30 2 29 2
30 2 31 2
30 7 30 6
30 10 30 9
30 10 30 11
30 10 31 10
30 10 30 9
30 11 30 12
30 11 31 11
30 11 30 12
30 12 30 13
30 12 31 12
30 17 30 16
30 17 30 18
30 17 29 17
30 17 31 17
30 17 30 16
30 17 30 18
30 17 29 17
31 2 31 1
31 2 31 5
31 10 31 9
31 10 31 11
31 10 31 11
31 11 31 12
31 30 31 31
31 30 30 30
31 30 33 30
32 0 32 8
32 0 24 0
32 0 33 0
32 0 32 8
32 0 24 0
32 0 33 0
32 8 32 15
32 8 27 8
32 8 32 15
32 15 32 19
32 15 30 15
32 19 32 15
32 19 32 20
32 19 29 19
32 20 32 19
32 20 32 21
32 20 30 20
32 20 32 19
32 20 32 21
32 21 32 27
32 21 29 21
32 21 33 21
32 27 32 21
32 27 28 27
32 27 33 27
32 27 28 27
32 27 33 27
32 27 33 27
33 0 33 17
33 0 33 17
33 18 33 21
33 21 33 23
33 21 32 21
33 23 33 24
33 24 33 23
33 29 33 30
33 32 33 33
33 32 32 32
33 32 33 33
33 32 32 32
0 11 0 7
1 5 1 6
1 8 1 9
1 9 1 12
1 20 1 21
1 20 1 21
1 22 1 23
1 22 2 22
1 22 1 23
1 24 1 25
1 29 2 29
1 32 2 32
2 32 4 32
3 17 3 16
3 17 3 18
3 17 1 17
3 18 3 17
3 18 1 18
3 18 3 17
3 20 8 20
4 13 5 13
5 2 5 3
5 32 6 32
6 1 6 6
6 1 16 1
6 7 6 6
6 7 8 7
7 4 8 4
7 12 8 12
7 33 8 33
8 0 9 0
8 7 8 9
8 7 9 7
8 7 9 7
8 9 8 10
8 13 8 12
8 13 8 16
8 13 8 12
8 13 8 16
8 19 8 16
8 19 8 20
8 19 16 19
8 20 3 20
8 33 14 33
9 0 23 0
9 4 9 6
9 8 9 7
9 24 8 24
10 14 10 12
10 20 10 21
14 33 14 32
14 33 15 33
14 33 14 32
15 17 15 16
15 17 15 18
15 17 13 17
15 17 15 16
15 17 15 18
15 17 13 17
15 18 11 18
15 18 20 18
18 12 18 13
18 12 17 12
18 12 18 13
18 12 17 12
18 26 18 25
18 26 17 26
19 2 19 3
19 5 19 3
19 5 17 5
19 5 20 5
19 5 17 5
19 5 20 5
19 5 20 5
19 21 19 22
19 21 18 21
19 21 20 21
20 19 19 19
20 21 20 22
20 21 19 21
20 21 20 22
21 20 21 9
21 20 21 23
21 20 22 20
21 23 21 25
21 23 19 23
21 23 22 23
21 23 21 25
21 25 19 25
22 6 22 8
22 8 22 6
22 8 22 16
22 8 21 8
22 8 22 16
22 8 21 8
23 31 19 31
24 7 24 14
24 15 24 17
24 15 25 15
24 15 24 17
24 15 25 15
25 1 29 1
27 2 27 8
27 2 28 2
27 2 28 2
27 8 27 9
27 9 26 9
27 9 28 9
28 9 29 9
28 27 28 17
29 1 30 1
29 1 30 1
29 19 29 18
29 19 29 20
29 19 29 20
29 21 29 23
29 21 32 21
29 21 29 23
30 12 30 13
30 12 31 12
30 16 30 15
30 16 31 16
30 28 31 28
30 30 30 31
30 30 31 30
30 30 30 31
30 30 31 30
31 1 31 2
31 2 31 5
31 5 31 6
31 5 30 5
31 6 30 6
31 16 31 17
32 33 32 32
32 33 30 33
32 33 32 32
32 33 30 33
0 6 1 6
1 16 3 16
3 16 3 14
3 16 8 16
5 14 3 14
5 32 6 32
6 6 9 6
6 6 9 6
8 12 9 12
8 16 3 16
9 4 9 6
9 8 9 7
9 12 9 17
9 12 10 12
9 12 9 17
9 24 8 24
10 7 10 6
11 18 11 17
11 18 9 18
12 17 12 16
14 32 15 32
15 32 18 32
17 3 17 2
17 3 17 4
17 3 15 3
17 3 17 2
17 3 17 4
18 2 17 2
18 31 18 32
18 32 18 33
18 32 32 32
18 33 18 32
19 21 19 22
19 25 19 24
20 19 19 19
20 24 19 24
21 9 15 9
22 20 22 17
22 20 22 21
22 21 22 23
22 23 22 25
24 25 24 24
26 9 26 12
26 12 26 13
28 27 28 17
29 17 29 14
32 32 18 32
3 16 3 14
9 6 10 6
12 17 12 16
15 2 17 2
15 4 15 5
15 4 14 4
15 4 15 5
15 4 14 4
17 5 15 5
18 25 18 23
18 25 17 25
18 25 18 23
19 19 16 19
20 24 19 24
22 17 24 17
24 17 24 24
24 17 24 24
29 14 29 13
29 14 30 14
30 14 30 13
30 14 31 14
30 14 30 13
31 13 31 14
12 15 12 13
12 15 13 15
12 15 12 13
12 15 13 15
13 5 13 7
14 4 14 7
15 6 15 7
16 19 16 21
16 19 19 19
16 19 16 21
14 4 14 7
14 7 14 8
14 7 13 7
14 7 15 7
14 7 14 8

4253

2 6 = = 4 1 2 1 - - - 4 = = = = = = = = = = = = = = = 6 4 4 4 4 2 2 
3 7 5 1 | 2 7 = 6 3 - - 4 6 = = 3 1 2 1 2 4 4 2 2 5 2 ǁ | 4 | | 2 ǁ 
ǁ ǁ ǁ 1 4 1 | 1 ǁ   1     ǁ 4 2 | | | | 2 8 7 - - 5 4 ǁ | 3 7 8 7 4 
ǁ ǁ 6 4 1   | | ǁ 2 |     ǁ 5 = 6 5 4 | 2 ǁ | 2 1 4   ǁ | 2 ǁ ǁ | 1 
4 ǁ 4 5 3   | | ǁ ǁ |     4 |   ǁ     | ǁ ǁ | 5 2     ǁ | ǁ ǁ ǁ 3 4 
2 ǁ 2 2 2   | | 6 6 2     2 2   ǁ     | ǁ ǁ | |     2 ǁ | 4 ǁ ǁ 3 ǁ 
3 8 = = = = 7 5 2 4 = = 2       ǁ     | ǁ ǁ | |       ǁ | ǁ ǁ ǁ 3 4 
1 ǁ 4 = 4   ǁ ǁ   |     2       ǁ     | ǁ ǁ 3 5   4 2 ǁ | ǁ ǁ ǁ   3 
2 ǁ ǁ   2   ǁ 6 = 6 2   5 4 = = 6 = = 7 4 ǁ   1 3 3   ǁ | ǁ ǁ ǁ   3 
3 ǁ ǁ   2 = 5 4 2 |     4 = = = = 3 1 ǁ   ǁ     2     ǁ | ǁ ǁ 2   | 
| ǁ ǁ       2 2   1     2 - 1       | ǁ 2 7 - - - 7 4 ǁ | ǁ ǁ     | 
| ǁ 4 - - - - - - - - 5 = = = = = 3 3 ǁ   | 2 4 2 2   ǁ | ǁ ǁ     | 
| ǁ | 4 4 - - 6 4 2   ǁ   2 = 4 2 3 | ǁ   |           ǁ | ǁ ǁ     | 
| ǁ | 4 2 1 - 5       5       4 1 2 | ǁ   | 4 6 3   3 ǁ | ǁ ǁ     | 
| ǁ 3 6 7 = = 6 4 4   6         3 ǁ | ǁ   | 2   1 3   ǁ | ǁ 6 = 5 4 
| ǁ 2 2 4 3 1 2 2 4 2 4 2       4 6 4 ǁ   |     1 |   ǁ | ǁ ǁ   2 1 
| 4 | |   |       |                 | 7 = 7   5 5 7 3 ǁ | ǁ ǁ   |   
| | 4 6 2 3       |     3 2 2 4 2   | ǁ 3 8 2   1 3 1 ǁ 4 ǁ ǁ   |   
| | 2 |   ǁ       |     4 5   4 3   | ǁ | 3 3 5 = 4 4 ǁ ǁ ǁ ǁ 1 6 3 
| | 4 7 = 7       |                 | 6 | 5 3 2 3 4 6 ǁ ǁ ǁ ǁ 1 ǁ   
| | 4 ǁ   3       |                 1 2 | 4 2 | 2 | ǁ ǁ 3 ǁ ǁ | ǁ   
| | 4 6 = = = = 4 3 = = = = = = = = = = 7 = = 6 = 4 4 ǁ 2 ǁ ǁ | ǁ   
| | | 1     2 = 6 = = = = = = = 2 2 - - 4 2 - 3 - 2 2 ǁ 1 ǁ ǁ | ǁ   
4 5 |                             |                   6 = 6 7 3 ǁ   
4 6 |         3 - - - - - - 1 4 = 5 = = = = = = 3 2   ǁ     6 2 ǁ   
ǁ 6 |                   4 3 1 4 2                     ǁ 2 = 6 3 ǁ   
ǁ ǁ 4 = = = = = 3 2 - - 5 3 2 6 3                     ǁ     4 | ǁ   
ǁ ǁ 6 = = = = = 7 4 2   | 1   1                       ǁ 4 6 6 | ǁ   
ǁ ǁ 2   2 2 1   ǁ 4 8 = 6 = = = = 5 = = = = = = = = = 7 ǁ | 8 3 ǁ   
ǁ 4 4 = 4       ǁ 1 ǁ   | 2 4 = = 7 2 4 2 4 = 2       ǁ 2 | 6 3 ǁ   
ǁ 4 8 = = 5 3 1 ǁ 4 6 4 7 4 4 2 4 8 2 | 2 ǁ           ǁ 2 | 6 4 ǁ 2 
ǁ 2 6 = = 4 2   ǁ 1 4 4 3 2 2 | 2 2   | | ǁ           ǁ 1 1 5 2 ǁ ǁ 
6 = = = = = = = 6 = = = = = = 6 = = = 6 6 8 = = = = = 8     |   7 4 
4 = = = = = = = = = = = = = = = = 2 1 - - 4 - 3 2     3   3 2   4 2 
