34 34
3 4 2 3 0 0 4 3 0 1 3 5 5 1 3 0 6 0 0 0 0 0 0 0 0 0 0 0 0 0 0 0 5 3 
5 0 4 3 3 2 0 0 1 1 2 0 2 2 4 1 4 0 2 0 0 0 0 0 0 0 0 0 0 0 0 0 0 2 
0 2 2 0 3 0 7 8 5 6 0 7 0 0 0 0 0 0 0 0 0 0 0 0 0 0 0 0 0 0 0 0 8 2 
0 4 0 5 0 1 0 6 2 2 0 3 1 1 4 0 0 0 0 0 1 2 0 0 0 0 0 0 5 0 2 1 0 1 
0 3 0 6 4 0 0 4 0 0 0 0 0 0 7 0 0 0 0 0 0 0 0 0 0 0 0 0 7 0 2 2 0 3 
0 2 0 3 3 2 0 3 2 3 4 0 3 2 0 2 1 0 2 0 0 0 3 0 0 0 0 0 0 2 1 3 0 0 
6 0 0 0 0 0 6 0 0 5 4 1 2 2 0 6 0 0 0 0 0 0 7 0 0 0 0 0 6 4 0 0 0 4 
0 2 2 2 6 2 0 2 0 4 0 0 0 0 0 4 1 0 0 3 0 0 7 5 0 4 4 0 8 0 7 5 0 0 
2 0 4 0 6 2 0 4 4 0 6 0 8 4 0 6 0 2 1 3 0 0 4 2 2 4 4 2 4 4 4 4 0 0 
2 0 4 2 0 1 0 4 2 2 3 1 5 2 0 4 0 0 0 0 0 0 0 0 0 0 0 0 0 4 2 2 0 0 
5 7 7 0 6 0 7 0 0 0 0 0 0 0 8 0 0 0 0 0 0 0 0 0 0 0 0 0 0 0 0 0 8 6 
0 0 4 3 0 2 0 1 3 0 0 0 3 2 0 0 2 0 0 0 0 0 1 0 0 2 0 0 0 4 2 0 0 0 
2 0 2 0 0 0 0 2 0 6 0 0 6 4 0 0 0 0 0 2 0 0 5 0 0 0 0 0 0 6 5 2 0 0 
0 0 0 1 0 4 0 0 0 0 0 0 0 1 0 1 7 0 0 2 0 3 0 0 6 0 3 1 0 0 0 0 0 0 
2 0 0 0 0 0 0 0 0 0 0 0 0 0 0 1 0 0 0 0 0 1 0 0 0 0 0 0 1 0 0 0 0 4 
0 0 4 0 6 0 0 2 0 4 0 0 0 0 0 0 0 0 0 0 0 0 0 0 0 0 0 0 0 0 0 0 0 2 
0 0 2 0 6 4 0 0 0 0 0 0 0 0 0 0 0 0 1 0 0 0 0 0 7 0 0 0 6 8 3 0 0 1 
3 6 0 0 0 0 7 0 0 0 0 0 7 4 0 4 7 0 0 0 0 0 0 0 8 0 4 0 0 6 4 0 0 0 
4 6 0 3 1 0 0 0 0 0 1 0 3 0 0 0 0 1 0 0 4 0 4 2 4 2 2 0 0 2 4 2 0 0 
0 4 0 0 0 0 7 0 0 0 0 0 2 0 0 2 0 2 2 0 6 0 0 0 0 0 0 0 4 0 0 0 6 5 
0 0 0 0 1 0 0 2 4 3 0 0 0 3 0 0 0 4 5 4 0 0 4 4 0 4 2 0 0 3 3 3 0 0 
0 2 0 0 0 0 0 1 0 0 0 0 0 0 0 4 7 0 6 3 6 0 6 0 6 7 4 3 0 0 0 0 0 4 
0 0 0 0 0 0 0 0 0 0 0 0 0 0 0 0 0 1 0 0 6 2 0 0 0 4 2 0 0 4 0 5 0 0 
0 0 0 0 0 0 0 0 0 0 0 0 0 0 0 0 0 0 2 0 2 0 0 0 0 1 3 0 0 4 0 0 0 0 
0 0 2 0 6 4 0 0 0 0 0 0 0 0 0 2 0 3 0 0 0 0 0 0 8 2 0 0 0 4 0 0 0 2 
0 0 2 0 0 0 0 0 0 0 0 0 0 0 0 1 0 4 4 2 0 0 0 0 0 1 0 0 0 2 0 0 0 0 
0 0 0 0 0 0 0 0 0 1 0 0 0 0 0 3 5 6 4 0 0 0 0 0 0 0 0 0 0 3 0 5 0 0 
0 0 0 0 0 0 0 0 0 0 0 0 0 0 0 1 2 2 0 3 0 0 0 0 0 0 0 0 0 0 1 0 0 0 
6 4 7 0 3 3 0 5 7 0 0 0 0 0 8 0 0 0 0 0 0 0 0 0 8 5 8 4 0 0 0 0 5 2 
0 0 0 0 0 0 0 2 0 2 0 6 0 0 8 4 3 3 1 3 0 0 0 0 7 2 4 2 0 4 2 0 4 4 
0 0 0 0 0 0 3 3 5 0 0 4 3 2 0 4 4 4 0 0 0 0 4 0 4 3 2 0 0 3 2 0 1 0 
4 0 0 0 0 0 0 0 0 0 0 0 0 0 6 6 5 0 0 0 0 0 0 0 0 0 0 0 7 0 0 8 3 0 
2 0 2 2 0 0 5 4 5 0 0 0 7 0 4 2 4 0 0 0 0 0 0 0 0 0 2 4 8 3 2 4 3 4 
0 0 0 0 0 0 1 3 5 2 2 0 6 2 2 0 5 0 0 0 0 2 0 0 0 0 0 2 4 0 4 0 2 0 
400 666
0 11 0 10
0 11 0 12
0 11 2 11
0 12 0 11
0 12 0 13
0 12 1 12
0 16 0 14
0 16 0 32
0 16 1 16
0 16 0 14
0 16 0 32
0 16 1 16
1 0 1 2
1 0 0 0
1 0 6 0
2 6 2 4
2 6 2 7
2 6 0 6
2 6 6 6
2 7 2 6
2 7 2 8
2 7 0 7
2 7 3 7
2 7 2 6
2 7 2 8
2 7 0 7
2 32 2 11
2 32 2 33
2 32 0 32
2 32 10 32
2 32 2 11
2 32 2 33
2 32 0 32
2 32 10 32
3 7 3 8
3 7 4 7
3 28 3 21
3 28 3 30
3 28 4 28
3 33 4 33
4 14 4 7
4 14 4 28
4 14 3 14
4 14 10 14
4 33 6 33
6 0 6 6
6 0 1 0
6 0 8 0
6 15 6 22
6 15 5 15
6 15 7 15
6 15 6 22
6 15 5 15
6 15 7 15
6 22 6 28
6 22 5 22
6 22 7 22
6 33 4 33
6 33 10 33
6 33 10 33
7 4 7 3
7 4 7 5
7 4 8 4
7 4 7 3
7 4 7 5
7 4 8 4
7 15 7 16
7 15 8 15
7 23 7 22
7 23 7 25
7 23 8 23
7 28 7 26
7 28 7 30
7 28 6 28
7 28 8 28
7 28 7 26
7 28 7 30
7 28 6 28
7 28 8 28
7 30 7 31
7 30 5 30
7 30 8 30
8 4 8 2
8 4 8 5
8 4 10 4
8 4 8 2
8 12 8 10
8 12 8 13
8 12 6 12
8 12 9 12
8 12 8 10
8 12 8 13
8 12 6 12
8 12 9 12
8 13 6 13
8 13 9 13
10 0 10 1
10 0 9 0
10 0 12 0
10 2 10 1
10 2 10 4
10 2 9 2
10 2 11 2
10 4 10 2
10 4 10 6
10 4 15 4
10 4 10 6
10 6 10 14
10 6 6 6
10 6 17 6
10 14 10 6
10 14 10 32
10 14 4 14
10 14 28 14
10 32 10 14
10 32 10 33
10 32 19 32
10 33 10 32
10 33 14 33
11 5 13 5
12 9 12 7
12 9 12 12
12 9 15 9
12 9 12 7
12 9 12 12
12 9 15 9
12 12 12 13
12 12 11 12
12 12 17 12
12 12 12 13
12 13 11 13
12 13 13 13
13 5 11 5
13 5 16 5
13 5 16 5
13 16 13 15
13 16 13 19
13 16 11 16
13 16 17 16
13 24 13 21
13 24 13 26
13 24 16 24
13 24 13 21
13 24 13 26
13 24 16 24
14 15 17 15
14 28 16 28
14 33 10 33
14 33 15 33
14 33 15 33
15 9 15 7
15 9 20 9
16 5 16 4
16 5 24 5
16 24 16 18
16 24 16 28
16 24 17 24
16 28 16 24
16 28 16 29
16 28 19 28
16 28 16 29
16 29 16 30
16 29 12 29
16 29 17 29
16 33 19 33
17 1 17 0
17 1 10 1
17 1 18 1
17 1 17 0
17 1 10 1
17 1 18 1
17 12 17 13
17 12 18 12
17 12 17 13
17 12 18 12
17 12 17 13
17 12 18 12
17 13 20 13
17 15 17 16
17 15 19 15
17 15 17 16
17 24 17 16
17 24 17 26
17 24 16 24
17 24 18 24
17 26 17 24
17 26 18 26
17 26 18 26
17 29 17 30
17 29 16 29
17 29 18 29
17 29 17 30
17 29 16 29
17 30 16 30
17 30 18 30
18 1 18 0
18 1 18 3
18 1 19 1
18 1 18 0
18 10 33 10
19 1 21 1
19 12 30 12
19 33 19 32
19 33 21 33
20 13 30 13
21 16 21 15
21 16 21 18
21 16 17 16
21 16 26 16
21 25 21 24
21 25 21 26
21 25 20 25
21 25 22 25
22 31 22 29
22 31 20 31
22 31 26 31
24 5 24 4
24 5 28 5
24 5 24 4
24 24 24 17
24 24 24 25
24 24 21 24
24 24 28 24
24 24 24 17
24 24 24 25
24 24 21 24
24 24 28 24
24 29 23 29
24 29 25 29
24 29 23 29
24 29 25 29
25 25 28 25
27 30 29 30
28 0 28 1
28 0 18 0
28 0 31 0
28 0 28 1
28 0 18 0
28 0 31 0
28 1 28 2
28 1 21 1
28 2 28 4
28 2 25 2
28 2 32 2
28 14 28 24
28 14 10 14
28 14 29 14
28 14 28 24
28 14 29 14
28 14 29 14
28 14 29 14
28 24 28 25
28 24 29 24
28 26 28 25
28 26 28 27
28 26 23 26
28 26 29 26
28 26 28 25
28 26 28 27
28 26 23 26
28 26 29 26
28 27 21 27
28 27 29 27
28 32 28 33
28 32 19 32
28 32 29 32
29 11 30 11
29 14 29 15
29 14 31 14
29 14 29 15
29 14 31 14
29 15 29 16
29 15 30 15
30 8 30 7
30 8 28 8
30 8 32 8
30 11 30 12
30 11 29 11
30 11 30 12
30 15 30 16
30 15 31 15
30 15 30 16
30 22 30 17
30 22 30 24
30 22 30 17
30 22 30 24
30 24 30 25
30 24 29 24
31 0 32 0
31 14 31 15
31 14 32 14
31 14 31 15
31 14 32 14
31 28 31 16
31 28 31 31
31 28 19 28
31 28 32 28
31 31 31 28
31 31 31 32
31 31 26 31
31 31 32 31
32 28 32 27
32 28 32 29
32 28 31 28
32 28 33 28
32 28 32 27
32 28 32 29
32 28 31 28
32 29 32 30
32 33 32 32
32 33 29 33
32 33 32 32
32 33 29 33
33 8 33 7
33 8 33 9
33 8 32 8
33 12 33 10
33 12 33 13
33 12 32 12
33 16 33 14
33 16 33 21
33 16 32 16
33 28 33 27
33 28 33 30
33 28 33 27
33 30 33 32
33 30 32 30
33 30 33 32
0 1 0 0
0 1 0 2
0 1 0 0
0 1 0 2
0 12 0 11
0 14 1 14
0 32 0 33
0 33 1 33
0 33 1 33
1 0 1 2
1 2 1 3
1 2 2 2
1 5 1 4
1 12 1 13
1 13 1 14
1 14 1 15
1 16 1 18
1 18 1 16
2 11 2 9
2 11 3 11
3 7 3 8
3 7 4 7
3 7 4 7
4 14 4 28
4 14 3 14
5 16 5 18
5 18 5 22
6 0 6 6
6 0 8 0
6 6 6 9
6 6 2 6
6 11 6 10
6 13 5 13
6 28 6 22
6 28 6 29
6 28 4 28
6 29 5 29
7 26 7 25
7 26 8 26
7 30 7 31
7 30 8 30
8 2 7 2
8 2 9 2
8 5 9 5
8 10 8 8
8 10 6 10
8 10 9 10
8 10 8 8
8 26 8 25
8 26 8 27
8 26 8 25
8 27 8 28
8 28 8 29
8 29 8 30
8 29 9 29
8 29 8 30
8 31 7 31
8 31 9 31
8 31 7 31
8 31 9 31
9 3 9 2
9 7 9 8
9 7 8 7
9 7 9 8
9 7 8 7
9 9 9 10
9 13 9 12
9 15 9 29
9 15 8 15
9 15 9 29
9 15 8 15
9 29 9 30
10 6 17 6
10 32 19 32
11 7 11 8
11 8 11 12
11 13 11 12
12 22 12 19
12 22 12 29
12 22 11 22
13 16 13 19
13 16 11 16
13 16 17 16
13 21 14 21
13 26 13 27
14 0 12 0
14 0 17 0
15 7 20 7
16 4 16 2
16 4 15 4
16 4 18 4
17 6 19 6
17 24 17 16
17 24 18 24
19 15 21 15
19 28 19 20
19 28 19 32
19 33 19 32
19 33 21 33
20 4 24 4
20 13 30 13
20 17 20 18
20 17 19 17
20 17 20 18
20 17 19 17
20 23 20 22
20 23 20 25
20 23 20 22
20 23 20 25
20 25 20 26
20 26 21 26
21 15 21 16
21 15 24 15
21 16 21 18
21 16 26 16
21 18 21 19
21 18 20 18
21 18 23 18
21 18 21 19
21 22 21 20
21 22 21 24
21 22 20 22
21 22 21 20
21 22 21 24
21 22 20 22
21 24 21 25
21 25 21 26
21 25 22 25
21 26 21 27
21 33 24 33
22 17 24 17
22 20 22 21
22 20 21 20
22 20 23 20
22 20 22 21
22 20 21 20
22 20 23 20
22 25 22 26
22 25 23 25
22 26 23 26
23 29 22 29
24 15 25 15
25 17 25 18
25 17 26 17
25 17 25 18
25 17 26 17
25 18 25 19
25 18 26 18
25 19 27 19
26 17 26 16
26 17 26 18
26 17 27 17
26 17 26 16
27 19 27 17
28 2 28 4
28 2 25 2
28 2 32 2
28 8 28 7
28 8 20 8
28 8 30 8
28 8 28 7
28 8 20 8
28 8 28 7
28 24 28 25
28 24 29 24
29 9 26 9
29 9 33 9
29 24 29 19
29 24 29 25
29 27 29 26
29 33 29 32
29 33 28 33
30 17 30 16
30 17 29 17
31 0 32 0
31 31 31 32
31 31 26 31
31 31 32 31
32 3 32 6
32 27 32 26
32 31 32 32
33 8 33 7
33 8 32 8
33 21 33 16
0 6 0 3
0 6 0 7
0 6 0 3
1 5 1 4
2 8 2 9
2 8 1 8
2 8 2 9
2 9 2 11
2 9 1 9
2 9 3 9
2 11 3 11
3 9 3 11
3 12 3 13
3 14 3 20
3 21 3 28
4 28 4 30
4 28 3 28
4 28 4 30
5 7 5 8
5 13 5 12
5 22 6 22
5 29 6 29
6 10 6 9
6 10 5 10
7 2 7 1
7 9 7 7
7 9 6 9
7 9 7 7
7 9 6 9
7 22 7 19
7 22 7 23
7 22 8 22
7 25 7 23
7 25 8 25
7 31 5 31
8 7 8 8
8 8 8 7
8 15 8 17
8 24 8 23
8 24 8 25
9 3 9 2
9 9 9 10
9 11 9 12
10 0 10 1
10 0 9 0
10 2 10 1
10 2 11 2
11 2 11 3
11 2 12 2
11 3 13 3
11 25 11 29
12 2 15 2
12 19 12 22
12 22 12 29
12 29 12 30
12 29 11 29
12 29 16 29
15 2 15 4
15 2 16 2
15 2 15 4
15 4 16 4
16 4 15 4
16 30 12 30
17 6 19 6
18 17 18 20
18 20 18 22
18 20 19 20
18 20 18 22
18 22 18 23
18 24 18 23
18 24 18 25
18 29 18 30
18 30 18 31
19 6 30 6
19 20 19 18
19 20 21 20
19 20 19 18
19 20 21 20
20 8 20 7
20 8 20 9
20 18 20 19
20 18 20 19
20 19 21 19
21 7 28 7
21 33 24 33
23 29 22 29
24 2 24 4
24 4 24 2
24 4 28 4
27 16 27 15
27 16 26 16
28 7 29 7
28 32 29 32
29 7 30 7
29 24 29 19
29 24 29 25
29 26 30 26
29 32 28 32
30 16 29 16
30 25 30 26
30 32 31 32
31 16 31 15
31 16 32 16
32 3 32 6
32 27 32 26
0 3 1 3
0 9 0 10
0 10 1 10
3 30 3 31
4 31 5 31
5 7 5 8
5 10 5 9
5 10 5 12
5 10 5 9
5 31 4 31
6 9 5 9
7 1 10 1
7 22 7 19
7 22 8 22
8 15 8 17
8 18 8 19
8 22 8 19
11 25 11 29
11 29 11 30
11 30 12 30
12 30 12 31
12 30 12 31
18 30 18 31
19 6 30 6
22 29 22 31
29 16 29 17
29 17 29 18
31 16 31 15
31 16 32 16
32 16 32 15
33 16 33 14
7 19 8 19
20 29 20 30
31 15 32 15
32 14 32 12
32 14 32 12
33 13 33 12
20 29 20 30
20 31 20 30
20 31 22 31
26 31 26 29
26 31 26 29
32 12 33 12
33 12 32 12
26 29 29 29
29 29 29 30
29 29 30 29
29 29 30 29
30 29 30 30

3671

3 4 2 3 = = 4 3   1 3 5 5 1 3 = 6 = = = = = = = = = = = = = = = 5 3 
5 = 4 3 3 2 | ǁ 1 1 2 | 2 2 4 1 4 = 2                           ǁ 2 
ǁ 2 2   3 - 7 8 5 6 = 7 = = = = = = = = = = = = = = = = = = = = 8 2 
ǁ 4   5   1 ǁ 6 2 2 - 3 1 1 4 - - - - - 1 2 = = = = = = 5 - 2 1 ǁ 1 
ǁ 3   6 4   ǁ 4 - - - - - - 7 = = = = = = = = = = = = = 7 = 2 2 ǁ 3 
ǁ 2   3 3 2 ǁ 3 2 3 4 - 3 2 ǁ 2 1 - 2 - - - 3           | 2 1 3 ǁ ǁ 
6 = = = = = 6 - - 5 4 1 2 2 ǁ 6 = = = = = = 7 = = = = = 6 4 | | ǁ 4 
ǁ 2 2 2 6 2 | 2 = 4 |   ǁ | ǁ 4 1     3 = = 7 5 = 4 4 = 8 = 7 5 ǁ ǁ 
2 | 4 = 6 2 | 4 4 = 6 = 8 4 ǁ 6 = 2 1 3 - - 4 2 2 4 4 2 4 4 4 4 ǁ ǁ 
2 | 4 2 | 1 | 4 2 2 3 1 5 2 ǁ 4 = = = = = = = = = = = = = 4 2 2 ǁ ǁ 
5 7 7 = 6 = 7 = = = = = = = 8 = = = = = = = = = = = = = = = = = 8 6 
| ǁ 4 3 | 2 ǁ 1 3 - - - 3 2 ǁ   2           1     2 = = = 4 2   ǁ ǁ 
2 ǁ 2 | | ǁ ǁ 2 = 6 = = 6 4 ǁ   ǁ     2 = = 5 = = = = = = 6 5 2 ǁ ǁ 
| ǁ | 1 | 4 ǁ     ǁ     | 1 ǁ 1 7 = = 2   3 = = 6 = 3 1   ǁ |   ǁ ǁ 
2 ǁ |   | ǁ ǁ     ǁ     |   ǁ 1 ǁ         1     ǁ       1 ǁ |   ǁ 4 
| ǁ 4 = 6 ǁ ǁ 2 - 4     |   ǁ | ǁ               ǁ       | ǁ |   ǁ 2 
| ǁ 2 - 6 4 ǁ |   |     |   ǁ | ǁ   1 - - - - - 7 = = = 6 8 3   ǁ 1 
3 6     | | 7 |   |     7 4 ǁ 4 7 = = = = = = = 8 = 4   | 6 4   ǁ | 
4 6 - 3 1 | ǁ |   | 1   3 | ǁ | | 1 - - 4 = 4 2 4 2 2   | 2 4 2 ǁ | 
ǁ 4       | 7 |   | |   2 | ǁ 2 | 2 2 = 6 - - - - - - - 4 - - - 6 5 
ǁ |     1 | ǁ 2 4 3 |   | 3 ǁ | | 4 5 4 ǁ   4 4 = 4 2   | 3 3 3 | ǁ 
ǁ 2     | | ǁ 1 ǁ   |   | ǁ ǁ 4 7 = 6 3 6 = 6 = 6 7 4 3 |     ǁ | 4 
ǁ |     | | ǁ | ǁ   |   | ǁ ǁ | ǁ 1 |   6 2     ǁ 4 2 | | 4 = 5 | ǁ 
ǁ |     | | ǁ | ǁ   |   | ǁ ǁ | ǁ | 2   2       ǁ 1 3 | | 4   | | ǁ 
ǁ | 2 = 6 4 ǁ | ǁ   |   | ǁ ǁ 2 ǁ 3 = = = = = = 8 2 ǁ | | 4   | | 2 
ǁ | 2   | | ǁ | ǁ   |   | ǁ ǁ 1 ǁ 4 4 2         ǁ 1 ǁ | | 2   | |   
ǁ | ǁ   | | ǁ | ǁ 1 |   | ǁ ǁ 3 5 6 4 |         ǁ | ǁ | | 3 = 5 |   
ǁ | ǁ   | | ǁ | ǁ | |   | ǁ ǁ 1 2 2 - 3         ǁ | ǁ | | | 1 ǁ |   
6 4 7 = 3 3 ǁ 5 7 | |   | ǁ 8 = = = = = = = = = 8 5 8 4 | | | ǁ 5 2 
ǁ   ǁ       ǁ 2 ǁ 2 | 6 | ǁ 8 4 3 3 1 3 = = = = 7 2 4 2 | 4 2 ǁ 4 4 
ǁ   ǁ       3 3 5 | | 4 3 2 ǁ 4 4 4 = = = = 4 = 4 3 2   | 3 2 ǁ 1 ǁ 
4   ǁ           | | |       6 6 5 - - - - - - - - - - - 7 = = 8 3 ǁ 
2   2 2 = = 5 4 5 | |   7 = 4 2 4                   2 4 8 3 2 4 3 4 
            1 3 5 2 2 - 6 2 2 = 5 = = = = 2           2 4 - 4 = 2   
