34 34
2 2 0 0 0 0 0 0 0 0 0 0 3 0 4 2 4 4 1 5 0 5 0 0 0 0 5 0 0 0 0 0 4 2 
5 0 0 0 0 0 0 0 0 0 0 0 0 0 4 0 5 0 0 2 2 3 0 0 0 0 2 1 0 0 0 0 0 0 
4 0 2 1 0 0 0 0 3 0 0 0 1 0 0 2 0 5 0 0 0 0 0 0 0 0 0 0 0 0 0 0 8 4 
2 0 0 0 0 0 0 0 0 0 0 0 0 0 0 4 0 3 0 0 2 2 0 0 5 0 0 0 0 5 2 2 0 2 
4 0 0 0 0 0 0 0 6 2 0 0 2 0 0 0 0 1 0 0 0 0 0 0 3 0 0 1 0 0 1 0 0 0 
0 2 0 4 0 0 4 0 0 0 0 0 0 0 0 5 7 0 0 0 0 0 0 0 0 0 0 0 0 6 5 5 0 0 
4 0 0 0 4 4 5 0 5 0 2 0 4 0 3 3 5 0 4 2 4 0 3 0 0 5 2 3 2 0 0 0 0 0 
0 0 0 0 1 0 0 0 0 0 0 0 0 0 0 3 4 2 2 0 3 0 1 2 0 0 2 0 0 0 0 0 0 0 
5 0 0 0 0 0 0 0 0 0 0 0 0 0 0 0 0 0 0 8 0 0 0 8 2 0 0 0 0 0 0 2 0 0 
0 2 0 6 0 2 0 0 2 0 0 6 0 0 0 0 2 0 0 0 2 4 0 6 1 6 8 6 5 0 0 1 0 0 
0 4 0 8 0 0 0 0 0 0 0 8 0 6 3 2 0 6 2 0 2 0 0 5 2 0 6 3 3 0 6 3 0 0 
0 4 2 0 1 0 0 0 0 0 0 0 2 4 0 0 0 0 0 0 3 3 0 4 2 0 3 1 0 0 4 2 0 0 
0 4 2 0 0 0 0 0 0 0 0 0 2 2 0 0 0 0 0 0 1 0 0 0 0 7 0 0 0 7 0 0 8 4 
0 0 1 0 0 0 0 0 0 0 0 0 5 4 0 0 0 0 0 0 2 2 2 0 0 0 2 3 3 0 3 0 7 4 
6 5 2 0 4 0 0 0 0 0 0 4 0 0 3 0 0 0 0 0 0 0 0 0 0 0 6 6 6 0 0 2 0 4 
2 1 1 0 0 1 0 2 0 2 1 0 0 0 0 0 0 0 0 0 5 5 4 0 0 0 0 2 2 0 4 3 0 4 
4 7 3 0 3 0 0 0 0 0 5 3 2 0 0 0 0 0 2 0 0 0 0 0 0 0 0 0 2 0 0 0 0 0 
2 0 0 0 2 0 0 0 0 0 2 0 0 0 0 0 0 0 0 0 0 0 0 0 0 0 4 0 0 0 3 2 3 3 
0 0 0 0 0 0 0 0 2 6 0 6 0 7 8 2 0 0 0 0 0 4 0 0 0 0 0 0 0 0 0 0 2 2 
2 7 0 6 0 0 0 2 1 5 3 4 4 0 2 0 0 0 0 0 0 2 0 0 0 0 0 0 0 0 0 0 0 0 
4 5 2 0 2 0 0 0 0 2 1 1 2 0 0 0 0 0 0 0 0 2 4 0 0 7 8 7 4 0 3 0 6 4 
6 0 0 7 8 0 0 0 0 0 0 0 0 5 0 0 0 3 0 0 0 3 2 0 0 0 3 3 2 0 0 0 0 0 
0 2 1 0 5 0 0 0 0 0 0 0 0 0 0 0 0 5 5 0 0 0 0 0 0 0 1 2 4 0 0 0 0 0 
6 6 3 0 0 0 0 2 5 3 2 0 2 0 0 0 0 0 2 0 5 0 0 0 0 6 0 3 0 0 1 0 0 0 
0 4 0 0 0 0 0 0 0 0 0 0 0 0 0 0 0 0 2 0 0 2 6 2 4 7 2 5 4 0 0 0 0 0 
5 6 3 0 5 0 0 7 6 3 0 0 0 2 0 0 0 8 6 0 6 0 5 1 2 0 0 0 0 0 0 0 0 2 
2 2 0 0 6 4 0 7 0 0 6 0 6 2 2 1 0 3 2 0 4 0 2 4 0 4 2 4 0 0 0 0 0 3 
0 0 0 0 2 0 0 3 0 0 0 0 0 0 4 0 0 0 0 0 0 2 0 4 0 0 0 0 0 0 0 0 0 0 
4 0 0 7 0 0 0 0 0 0 0 0 0 0 0 0 0 0 0 6 0 0 0 0 0 0 0 0 0 5 0 0 5 6 
4 4 3 0 2 5 0 0 0 0 0 0 0 0 0 5 6 4 0 0 2 5 0 0 5 0 5 6 2 0 2 0 3 3 
3 2 1 0 0 4 2 2 0 4 0 0 0 0 4 0 2 4 2 0 0 4 2 0 0 2 3 4 0 5 3 1 0 0 
5 0 0 7 0 0 0 0 0 0 0 0 0 0 6 4 1 0 0 7 0 0 0 0 7 0 0 0 0 0 0 0 6 5 
6 4 1 2 4 0 0 0 0 0 0 0 0 0 5 2 2 0 0 4 4 0 0 0 6 0 0 0 0 3 2 4 3 4 
3 4 3 1 4 0 0 2 0 0 2 0 0 0 4 0 5 4 0 3 2 0 0 0 4 0 4 2 1 5 0 6 5 3 
400 661
0 19 0 18
0 19 0 21
0 19 1 19
0 26 0 21
0 26 0 32
0 26 1 26
1 0 1 14
1 0 0 0
1 0 2 0
2 32 2 17
2 32 2 33
2 32 0 32
2 32 12 32
2 32 2 17
2 32 2 33
2 32 0 32
2 32 12 32
2 33 0 33
2 33 3 33
3 24 3 21
3 24 3 29
3 24 4 24
3 33 12 33
5 16 5 15
5 16 5 29
5 16 1 16
5 16 6 16
5 31 5 30
5 31 3 31
5 31 8 31
6 25 6 22
6 25 6 26
6 25 9 25
8 0 8 19
8 0 6 0
8 0 14 0
8 19 8 0
8 19 8 23
8 19 6 19
8 19 28 19
8 23 8 19
8 23 8 24
8 23 7 23
8 23 9 23
9 3 9 1
9 3 9 5
9 3 10 3
9 3 9 1
9 3 9 5
9 3 10 3
9 11 9 8
9 11 9 16
9 11 10 11
9 11 9 8
9 11 9 16
9 11 10 11
9 26 9 25
9 26 9 27
9 26 7 26
9 26 10 26
9 26 9 25
9 26 9 27
9 26 7 26
9 26 10 26
9 27 9 28
9 27 6 27
9 27 10 27
9 27 9 28
10 1 10 3
10 1 11 1
10 1 10 3
10 1 11 1
10 3 10 11
10 3 19 3
10 11 10 3
10 11 10 13
10 11 14 11
10 13 10 11
10 13 10 14
10 13 11 13
10 17 10 15
10 17 10 18
10 17 21 17
10 17 10 15
10 17 10 18
10 17 21 17
10 26 10 24
10 26 10 27
10 26 11 26
10 26 10 24
11 1 11 2
11 1 12 1
11 2 12 2
11 4 14 4
12 1 12 2
12 1 14 1
12 1 14 1
12 25 12 20
12 25 12 29
12 25 20 25
12 25 12 29
12 25 20 25
12 29 12 32
12 29 5 29
12 29 28 29
12 32 12 29
12 32 12 33
12 32 13 32
12 33 12 32
12 33 13 33
13 2 14 2
13 12 13 13
13 12 12 12
13 12 16 12
13 33 13 32
13 33 14 33
13 33 13 32
14 0 14 1
14 0 8 0
14 0 15 0
14 4 14 11
14 4 16 4
14 4 14 11
14 11 10 11
14 26 14 27
14 26 13 26
14 26 17 26
14 26 14 27
14 26 13 26
14 26 17 26
14 27 14 28
14 27 13 27
14 27 15 27
14 27 14 28
14 28 13 28
14 28 15 28
14 28 13 28
14 28 15 28
14 33 14 31
14 33 15 33
14 33 14 31
15 20 15 21
15 20 13 20
15 20 23 20
15 27 20 27
15 33 15 31
15 33 17 33
15 33 15 31
16 1 16 0
16 1 16 2
16 1 15 1
16 1 19 1
16 18 22 18
16 28 20 28
17 26 20 26
18 13 18 11
18 13 18 14
18 13 13 13
18 13 21 13
18 14 18 13
18 14 18 15
18 14 14 14
18 14 19 14
18 14 18 13
18 14 18 15
18 14 14 14
18 21 15 21
18 21 19 21
18 21 15 21
18 21 19 21
19 12 19 11
19 12 20 12
19 12 19 11
19 12 20 12
19 14 26 14
20 25 20 22
20 25 20 26
20 25 23 25
20 26 20 25
20 26 20 27
20 26 17 26
20 26 21 26
20 27 20 26
20 27 20 28
20 27 21 27
21 0 21 3
21 0 20 0
21 0 23 0
21 0 21 3
21 0 20 0
21 0 23 0
21 3 21 4
21 3 19 3
21 3 28 3
21 4 21 3
21 4 21 13
21 4 20 4
21 4 22 4
21 4 21 3
21 4 21 13
21 4 20 4
21 17 22 17
22 4 25 4
22 17 22 18
22 17 25 17
22 17 22 18
22 17 25 17
23 0 23 1
23 0 25 0
23 8 23 7
23 8 23 9
23 8 25 8
24 1 23 1
24 1 25 1
24 1 23 1
24 1 25 1
24 25 24 24
24 25 24 26
24 25 23 25
24 25 26 25
25 1 25 0
25 1 25 2
25 1 26 1
25 1 25 0
25 7 25 4
25 7 25 8
25 7 23 7
25 7 26 7
25 8 25 7
25 8 25 9
25 8 23 8
25 17 25 18
25 17 26 17
25 17 25 18
25 17 26 17
25 17 25 18
25 17 26 17
25 20 25 22
25 20 23 20
25 20 26 20
25 20 25 22
25 20 23 20
25 20 26 20
26 4 26 5
26 4 25 4
26 4 27 4
26 4 26 5
26 4 25 4
26 4 27 4
26 5 26 7
26 5 29 5
26 7 26 10
26 7 25 7
26 7 27 7
26 12 26 10
26 12 26 13
26 12 23 12
26 12 26 10
26 12 26 13
26 12 23 12
26 20 26 22
26 20 29 20
27 23 27 21
27 23 26 23
27 23 27 21
27 23 26 23
28 3 28 0
28 3 31 3
28 3 28 0
28 3 31 3
28 33 28 32
28 33 26 33
28 33 29 33
28 33 28 32
28 33 26 33
28 33 29 33
29 16 29 15
29 16 29 17
29 16 30 16
29 16 29 15
29 16 29 17
29 16 30 16
29 17 29 20
29 17 30 17
30 5 30 6
30 5 29 5
30 5 30 6
30 5 29 5
30 9 30 7
30 9 30 14
30 9 30 7
30 9 30 14
30 14 27 14
30 14 31 14
30 17 30 18
30 17 33 17
30 17 30 18
30 21 30 22
30 21 29 21
30 21 30 22
30 21 29 21
31 0 31 3
31 0 30 0
31 0 32 0
31 14 31 3
31 14 31 15
31 14 32 14
31 14 31 3
31 14 31 15
31 19 31 24
31 19 32 19
31 33 31 32
31 33 29 33
31 33 32 33
32 0 32 1
32 0 31 0
32 0 33 0
32 0 32 1
32 0 31 0
32 1 32 2
32 1 33 1
33 0 33 1
33 0 33 1
33 1 33 2
33 2 33 3
33 4 33 7
33 4 32 4
33 4 33 7
33 4 32 4
33 10 33 14
33 16 33 14
33 16 33 17
33 16 32 16
33 17 33 16
33 17 33 19
33 29 33 28
33 29 33 31
33 29 32 29
33 31 33 29
33 31 33 32
33 31 32 31
0 17 0 16
0 17 2 17
0 17 0 16
0 17 2 17
0 19 0 21
0 19 1 19
0 32 0 26
1 20 1 21
1 27 1 26
2 17 3 17
5 1 5 3
6 0 6 4
6 0 4 0
6 0 6 4
6 4 6 5
6 4 7 4
6 5 6 6
6 8 6 6
6 8 6 10
6 8 4 8
8 19 6 19
8 19 28 19
8 23 8 24
8 23 7 23
8 23 9 23
9 23 9 21
9 23 9 24
9 23 10 23
9 23 9 21
9 25 6 25
10 3 19 3
10 13 10 14
10 13 11 13
10 14 14 14
10 23 10 20
10 23 11 23
10 30 10 31
10 30 5 30
10 30 11 30
10 30 10 31
10 30 5 30
10 30 11 30
11 13 11 12
11 13 12 13
11 30 11 31
12 32 13 32
13 27 13 28
13 32 13 30
14 0 14 1
14 0 15 0
14 1 14 2
15 2 16 2
15 5 15 7
16 0 16 1
16 0 17 0
16 0 16 1
16 18 22 18
16 28 20 28
17 0 19 0
20 0 20 1
20 0 19 0
20 1 20 2
20 1 19 1
20 1 20 2
20 1 19 1
20 26 20 25
20 27 20 28
20 27 21 27
21 26 21 27
21 26 22 26
21 28 22 28
21 28 22 28
22 4 25 4
22 18 23 18
22 28 22 27
22 28 24 28
23 0 23 1
23 0 25 0
23 8 23 9
23 18 24 18
23 25 23 20
23 25 23 27
23 25 24 25
23 25 23 20
24 18 25 18
24 21 24 22
24 22 24 21
24 22 24 23
24 22 25 22
24 22 24 23
24 22 25 22
24 24 24 25
24 24 25 24
24 24 24 25
24 28 24 27
24 28 29 28
24 28 24 27
25 0 26 0
25 2 23 2
25 8 25 7
25 9 23 9
25 13 21 13
25 18 26 18
26 1 26 0
26 7 26 10
26 7 27 7
26 10 23 10
26 18 25 18
26 33 25 33
27 7 27 14
27 14 26 14
28 0 29 0
28 0 29 0
29 0 29 1
29 0 30 0
29 1 29 2
29 1 30 1
29 1 29 2
29 2 30 2
29 4 29 5
29 5 29 4
29 21 29 24
30 0 30 1
31 3 32 3
31 3 32 3
31 19 31 24
31 19 32 19
31 19 32 19
31 24 31 32
31 24 29 24
31 24 32 24
31 33 31 32
31 33 32 33
32 4 32 14
32 33 32 32
32 33 33 33
33 10 33 14
33 14 33 16
33 26 33 24
33 26 33 27
33 26 33 24
33 26 33 27
33 29 32 29
33 31 33 32
33 31 32 31
33 33 33 32
33 33 33 32
0 16 0 15
0 16 1 16
0 26 0 21
1 20 1 21
1 21 0 21
4 0 4 8
4 0 3 0
4 0 4 8
4 8 4 9
4 8 2 8
4 8 6 8
4 9 4 12
5 1 5 3
5 3 5 6
5 6 5 3
5 6 6 6
5 6 6 6
6 5 6 6
6 8 6 10
6 12 6 14
6 12 4 12
6 12 6 14
6 18 6 16
6 18 7 18
6 18 6 16
6 18 7 18
6 20 6 22
6 20 7 20
6 20 6 22
6 20 7 20
6 25 6 26
6 27 6 28
7 17 7 16
7 20 7 22
9 21 9 20
10 23 10 20
10 23 11 23
11 12 12 12
11 20 11 21
11 23 11 21
11 23 11 24
11 24 11 26
11 26 11 27
11 30 11 31
12 13 13 13
13 12 13 13
13 12 16 12
13 32 13 30
16 2 16 1
19 1 19 3
22 27 23 27
23 10 26 10
23 27 24 27
25 2 23 2
25 13 21 13
25 33 20 33
26 15 29 15
29 15 31 15
29 21 29 24
30 29 30 27
30 29 30 30
30 29 28 29
31 19 32 19
31 32 31 24
31 32 29 32
31 32 32 32
32 4 32 14
32 14 32 15
32 14 32 15
32 16 31 16
32 20 32 24
32 20 33 20
32 20 32 24
32 20 33 20
32 24 32 29
32 24 31 24
32 24 33 24
32 30 32 31
32 31 32 30
32 32 33 32
2 8 2 3
2 8 2 12
3 0 2 0
3 15 2 15
3 15 5 15
3 15 2 15
3 15 5 15
6 27 6 28
7 17 7 16
9 20 9 21
9 28 10 28
9 28 10 28
10 27 10 28
10 31 9 31
11 20 11 21
13 30 15 30
15 30 15 31
15 30 17 30
15 30 17 30
18 13 18 11
19 1 19 3
19 3 19 7
20 33 20 32
20 33 18 33
20 33 20 32
29 15 31 15
29 28 29 27
0 15 0 14
2 0 2 2
2 0 1 0
7 16 7 15
7 16 6 16
8 31 5 31
18 11 18 9
18 11 16 11
18 11 19 11
18 11 18 9
19 11 19 10
20 11 20 10
20 32 20 30
20 32 18 32
20 32 28 32
20 32 20 30
29 27 29 26
29 27 26 27
29 27 30 27
29 27 29 26
29 27 26 27
30 27 30 26
30 27 30 29
30 31 30 30
0 14 0 12
0 14 1 14
0 14 0 12
7 15 6 15
16 11 16 10
16 11 16 10
18 9 18 8
18 9 15 9
18 9 19 9
18 9 18 8
19 10 19 9
20 9 19 9
26 27 26 26
26 27 24 27
0 1 0 0
0 1 0 12
1 0 1 14
1 14 1 16
1 16 5 16
6 14 6 15
7 15 6 15
16 4 17 4
17 4 16 4
17 10 16 10
19 10 19 9
20 9 19 9
24 27 24 26
5 15 5 16
6 16 5 16
16 10 15 10
16 10 17 10
19 8 19 7
5 29 5 30
5 29 3 29
5 29 12 29
5 29 5 30
5 31 3 31
15 7 15 9
3 29 3 24
3 29 3 30
3 29 3 30
4 27 4 24

4449

2 2 - - - - - - - - - - 3 = 4 2 4 4 1 5 = 5 = = = = 5 = = = = = 4 2 
5 = = = = = = = = = = = = = 4 - 5 ǁ   2 2 3         2 1         ǁ | 
4 - 2 1 - - - - 3 - - - 1     2 ǁ 5 = = = = = = = = = = = = = = 8 4 
2               |             4 ǁ 3     2 2 - - 5 = = = = 5 2 2 ǁ 2 
4 = = = = = = = 6 2 - - 2     ǁ ǁ 1             3 - - 1   | 1 ǁ ǁ | 
| 2 = 4 = = 4   ǁ       |     5 7 - - - - - - - - - - - - 6 5 5 ǁ | 
4 = = = 4 4 5 - 5 = 2   4 = 3 3 5 = 4 2 4 = 3 - - 5 2 3 2 ǁ ǁ ǁ ǁ | 
|       1                     3 4 2 2 ǁ 3 - 1 2   ǁ 2 |   ǁ ǁ ǁ ǁ | 
5 = = = = = = = = = = = = = = = = = = 8 = = = 8 2 ǁ ǁ |   ǁ ǁ 2 ǁ | 
ǁ 2 = 6 = 2     2 = = 6 = = = = 2     ǁ 2 4 = 6 1 6 8 6 5 ǁ ǁ 1 ǁ | 
ǁ 4 = 8 = = = = = = = 8 = 6 3 2 = 6 2 ǁ 2 = = 5 2 = 6 3 3 ǁ 6 3 ǁ | 
ǁ 4 2 ǁ 1             ǁ 2 4 |     ǁ   ǁ 3 3 - 4 2 - 3 1   ǁ 4 2 ǁ | 
ǁ 4 2 ǁ |             ǁ 2 2 |     ǁ   ǁ 1 - - - - 7 = = = 7 = = 8 4 
ǁ ǁ 1 ǁ |             ǁ 5 4 |     ǁ   ǁ 2 2 2     ǁ 2 3 3 | 3 = 7 4 
6 5 2 ǁ 4 = = = = = = 4 ǁ | 3     ǁ   ǁ |         ǁ 6 6 6 | | 2 = 4 
2 1 1 ǁ | 1 - 2 - 2 1   ǁ | ǁ     ǁ   ǁ 5 5 4     ǁ ǁ 2 2 | 4 3 = 4 
4 7 3 ǁ 3         | 5 3 2 | ǁ     ǁ 2 ǁ | ǁ       ǁ ǁ | 2 | ǁ     | 
2 |   ǁ 2         | 2 |   | ǁ     ǁ ǁ ǁ | ǁ       ǁ 4 | ǁ | 3 2 3 3 
| |   ǁ         2 6 = 6 = 7 8 2   ǁ ǁ ǁ | 4       ǁ ǁ | ǁ |     2 2 
2 7 = 6 - - - 2 1 5 3 4 4 | 2     ǁ ǁ ǁ | 2       ǁ ǁ | ǁ |     | | 
4 5 2 | 2         2 1 1 2 | |     ǁ ǁ ǁ | 2 4 - - 7 8 7 4 | 3 = 6 4 
6 = = 7 8 = = = = = = = = 5 |     3 ǁ ǁ | 3 2     | 3 3 2 |     | | 
ǁ 2 1 | 5                 ǁ |     5 5 ǁ |         | 1 2 4 |     | | 
6 6 3 | ǁ     2 5 3 2   2 ǁ |     ǁ 2 ǁ 5 = = = = 6 - 3 | | 1   | | 
ǁ 4 ǁ | ǁ     | ǁ | ǁ   ǁ ǁ |     ǁ 2 ǁ ǁ 2 6 2 4 7 2 5 4 |     | | 
5 6 3 | 5 - - 7 6 3 ǁ   ǁ 2 |     8 6 ǁ 6 = 5 1 2 |   | | |     | 2 
2 2   | 6 4 - 7 = = 6 = 6 2 2 1   3 2 ǁ 4 - 2 4   4 2 4 | |     | 3 
      | 2 |   3 - - - - - - 4 |       ǁ | 2 = 4       ǁ | |     | ǁ 
4 = = 7   |                 | |       6 |             ǁ | 5     5 6 
4 4 3 ǁ 2 5                 | 5 6 4 - - 2 5 = = 5   5 6 2 | 2   3 3 
3 2 1 ǁ   4 2 2 = 4 = = = = 4 ǁ 2 4 2     4 2   | 2 3 4 = 5 3 1 | | 
5 - - 7 = = = = = = = = = = 6 4 1 |   7 = = = = 7 = = = = = = = 6 5 
6 4 1 2 4 = = = = = = = = = 5 2 2 |   4 4 = = = 6 - - - - 3 2 4 3 4 
3 4 3 1 4 = = 2     2 = = = 4 = 5 4 - 3 2       4 = 4 2 1 5 = 6 5 3 
