34 34
2 0 6 0 0 0 0 0 0 0 0 0 0 0 0 0 0 0 0 0 0 0 0 2 1 0 5 0 0 2 2 3 4 2 
2 0 8 0 0 0 0 0 0 0 0 0 0 0 0 0 0 0 0 0 0 0 0 0 0 0 7 0 0 0 0 6 6 2 
2 3 0 2 0 0 0 5 0 0 0 0 0 0 0 0 0 0 0 0 2 2 5 0 4 2 0 1 0 1 0 4 2 2 
2 0 5 0 0 0 0 7 0 0 4 0 0 0 0 2 2 4 0 0 5 2 0 2 3 2 0 5 0 4 0 4 0 0 
3 0 2 1 4 5 0 7 0 0 0 0 0 0 0 0 0 0 0 0 0 0 6 0 3 0 0 4 2 4 0 0 6 0 
0 0 0 0 2 2 1 4 0 0 0 0 4 0 0 0 2 0 0 0 0 0 4 0 3 3 0 1 0 7 6 2 0 0 
2 6 0 6 0 0 0 0 0 0 0 0 0 0 0 0 0 0 0 0 0 0 0 0 0 0 6 0 3 0 4 2 0 0 
1 0 2 0 4 0 5 0 0 5 0 0 0 0 0 0 0 0 0 0 0 0 0 0 4 4 0 2 1 3 4 2 0 0 
0 0 0 0 4 2 0 2 1 0 2 0 5 0 0 0 5 2 2 5 0 0 0 0 4 0 0 0 2 3 1 0 0 0 
3 0 4 0 1 0 6 5 4 0 2 0 0 2 0 0 0 2 0 7 5 2 0 0 0 0 0 5 0 5 3 2 0 0 
0 0 0 0 0 0 2 0 2 0 0 0 0 0 0 0 0 2 0 4 0 0 0 0 0 0 0 0 0 0 0 0 0 0 
0 0 0 0 2 0 0 6 2 0 1 4 7 6 0 0 0 0 0 0 3 5 0 0 5 2 0 0 0 0 0 0 0 0 
0 0 0 0 2 0 0 5 2 0 0 2 1 2 0 0 0 0 0 0 0 2 0 0 0 1 0 0 0 0 0 0 0 0 
0 0 0 0 4 0 0 0 0 8 0 0 0 0 0 0 7 0 0 0 0 0 0 0 7 3 0 0 0 0 0 0 0 0 
0 0 4 0 0 0 0 0 0 0 0 0 2 0 0 0 0 2 0 0 3 1 2 3 0 2 0 0 0 0 0 0 0 0 
0 0 0 0 0 0 0 0 0 0 0 0 0 0 0 0 0 2 0 3 3 0 1 0 0 0 0 6 2 0 0 0 0 0 
0 0 0 0 0 0 0 0 0 0 0 0 3 0 0 0 0 1 0 0 0 3 7 5 0 0 0 2 0 0 0 0 0 0 
0 0 3 0 0 0 0 0 0 0 0 0 0 0 0 0 0 0 0 0 0 1 0 4 0 4 0 0 0 0 0 0 0 0 
0 0 0 0 0 2 6 0 0 8 0 0 7 0 2 0 0 3 0 5 0 0 0 2 0 0 0 4 0 7 0 0 8 6 
0 0 0 0 2 0 2 4 0 8 2 2 6 2 2 0 0 0 0 0 0 3 0 2 0 0 0 5 1 0 2 3 0 0 
0 0 0 0 0 0 0 2 0 0 2 0 4 0 0 0 0 3 0 5 0 0 0 0 0 0 0 3 1 0 2 5 0 2 
0 0 0 0 0 2 0 4 0 6 0 0 6 0 5 2 0 2 0 0 0 0 0 4 7 6 0 2 0 6 3 0 0 1 
0 0 0 0 0 1 0 4 2 4 2 0 3 0 1 0 0 0 0 0 0 0 0 1 0 2 0 2 0 0 0 0 0 2 
0 0 5 8 0 0 0 0 0 0 0 0 0 0 0 0 7 0 0 8 4 6 7 3 6 2 0 0 2 6 2 0 0 0 
0 0 2 0 3 1 2 0 4 0 0 0 0 0 5 2 3 4 2 4 2 2 0 2 5 1 0 4 0 6 4 4 0 0 
6 7 3 0 6 0 0 0 0 0 0 0 0 0 7 0 0 0 0 0 0 0 6 0 0 0 8 0 0 0 0 0 8 3 
0 0 2 0 0 2 0 0 0 0 0 0 0 0 8 0 0 2 3 0 0 0 7 0 5 1 0 2 2 0 0 0 6 4 
0 0 1 0 0 2 0 0 5 0 0 0 0 0 6 2 3 0 5 2 4 0 6 2 8 2 0 6 0 5 0 0 4 2 
2 4 5 0 0 1 2 0 4 0 0 0 0 0 2 1 2 1 2 2 0 0 6 2 4 2 0 2 2 4 3 2 0 2 
1 1 2 0 4 3 4 0 0 0 0 0 0 0 0 0 0 0 0 0 0 0 0 0 0 0 8 0 0 0 0 0 8 4 
3 6 2 0 3 0 7 0 0 0 0 0 2 1 3 2 0 6 4 1 0 0 5 0 0 0 8 6 0 0 4 2 8 2 
2 0 0 0 2 1 4 0 0 0 0 0 0 0 4 3 2 0 2 1 0 0 3 3 3 2 0 4 4 2 0 2 0 0 
4 7 0 7 0 0 0 0 0 0 0 0 0 0 0 0 0 4 0 0 0 0 0 7 4 2 2 6 6 2 5 4 4 0 
2 6 2 4 0 0 0 0 0 0 0 0 0 0 0 0 0 0 0 0 2 2 0 5 1 2 0 6 4 2 3 2 2 0 
400 638
0 2 0 0
0 2 0 23
0 2 1 2
0 2 0 0
0 2 0 23
0 2 1 2
0 26 0 24
0 26 0 29
0 26 1 26
1 2 1 0
1 2 1 26
1 2 3 2
2 7 2 3
2 7 2 20
2 7 3 7
2 22 2 21
2 22 2 24
2 22 4 22
4 5 4 4
4 5 4 7
4 5 5 5
4 32 4 29
4 32 2 32
4 32 18 32
4 32 4 29
4 32 2 32
4 32 18 32
5 29 5 27
5 29 5 30
5 29 4 29
5 29 7 29
5 30 5 29
5 30 5 31
5 30 6 30
5 30 5 29
5 30 5 31
6 30 6 31
6 30 7 30
6 30 6 31
7 9 7 6
7 9 7 24
7 9 13 9
8 12 8 10
8 12 8 16
8 12 11 12
8 19 8 18
8 19 8 24
8 19 9 19
9 10 8 10
9 10 11 10
9 20 9 19
9 20 9 21
9 20 11 20
11 11 11 12
11 11 12 11
11 11 11 12
11 11 12 11
11 12 11 13
11 12 8 12
11 12 12 12
11 12 11 13
11 13 11 20
11 13 9 13
11 13 12 13
11 13 11 20
11 21 11 24
11 21 9 21
11 21 12 21
13 9 13 4
13 9 13 16
13 9 7 9
13 9 18 9
13 16 13 9
13 16 13 24
13 16 23 16
13 16 13 24
13 16 23 16
13 24 13 25
13 24 11 24
13 24 21 24
14 2 9 2
14 2 17 2
14 2 9 2
14 2 17 2
14 12 16 12
15 27 15 28
15 27 9 27
15 27 16 27
15 27 15 28
15 27 9 27
15 27 16 27
16 22 16 21
16 22 16 23
16 22 15 22
16 22 23 22
17 2 23 2
17 23 16 23
17 23 18 23
17 23 16 23
17 23 18 23
17 25 14 25
17 25 21 25
17 25 14 25
17 25 21 25
18 6 18 5
18 6 18 9
18 6 19 6
18 6 18 5
18 6 18 9
18 6 19 6
18 9 18 12
18 9 13 9
18 9 19 9
18 19 18 17
18 19 15 19
18 19 20 19
18 27 18 29
18 27 19 27
18 27 18 29
18 27 19 27
18 29 18 32
18 29 9 29
18 29 21 29
18 32 18 29
18 32 18 33
18 32 25 32
18 33 18 32
18 33 2 33
18 33 20 33
18 33 18 32
18 33 2 33
19 7 19 9
19 7 20 7
19 7 19 9
19 7 20 7
19 9 19 10
19 9 18 9
19 9 21 9
19 23 21 23
20 31 20 30
20 31 19 31
20 31 24 31
20 33 21 33
21 25 21 24
21 25 21 27
21 25 22 25
21 25 21 24
22 33 25 33
23 2 23 3
23 2 24 2
23 3 23 2
23 3 23 16
23 3 6 3
23 3 32 3
23 3 23 2
23 3 23 16
23 3 6 3
23 19 23 16
23 19 23 20
23 19 20 19
23 19 24 19
23 19 23 16
23 19 23 20
23 19 20 19
23 19 24 19
24 2 25 2
24 14 24 8
24 14 24 15
24 14 25 14
25 0 25 1
25 0 9 0
25 0 28 0
25 0 25 1
25 0 9 0
25 0 28 0
25 1 25 2
25 1 6 1
25 1 28 1
25 4 25 14
25 4 24 4
25 4 29 4
25 4 25 14
25 4 24 4
25 4 29 4
25 26 25 22
25 26 25 32
25 26 29 26
25 26 25 22
25 26 25 32
25 26 29 26
26 2 25 2
26 2 27 2
26 14 26 5
26 14 26 17
26 14 25 14
26 14 27 14
26 14 26 5
26 14 26 17
26 14 25 14
26 14 27 14
26 22 26 18
26 22 26 24
26 22 25 22
26 22 27 22
27 8 27 5
27 8 27 14
27 8 28 8
27 14 27 8
27 14 27 15
27 14 28 14
27 24 27 23
27 24 27 25
27 24 26 24
27 24 28 24
27 24 27 23
27 24 27 25
27 24 26 24
27 24 28 24
27 27 27 29
27 27 26 27
27 27 28 27
27 27 27 29
27 27 26 27
27 27 28 27
28 2 28 1
28 2 29 2
29 4 29 5
29 4 30 4
29 26 29 6
29 26 29 32
29 26 30 26
29 32 29 26
29 32 29 33
29 32 27 32
29 32 30 32
30 6 30 4
30 6 30 12
30 6 29 6
30 6 31 6
30 17 30 15
30 17 30 18
30 17 32 17
30 17 30 15
30 17 30 18
30 17 32 17
30 18 30 19
30 18 31 18
30 26 30 22
30 26 30 27
30 26 29 26
30 26 32 26
30 26 30 22
30 26 30 27
30 26 29 26
30 27 30 30
30 27 31 27
30 32 30 31
30 32 30 33
30 32 29 32
30 32 32 32
30 32 30 31
30 32 30 33
30 32 29 32
31 4 31 5
31 4 30 4
31 6 31 14
31 6 30 6
31 6 31 14
31 14 31 15
31 14 30 14
31 15 31 16
31 15 31 16
31 18 31 19
32 1 32 0
32 1 32 3
32 1 30 1
32 1 33 1
32 3 32 1
32 3 32 17
32 3 33 3
32 17 32 3
32 32 32 31
32 32 33 32
32 32 32 31
33 1 33 0
33 1 33 2
33 1 32 1
33 1 33 0
33 1 33 2
33 3 33 20
33 3 32 3
33 3 33 20
33 21 33 23
33 23 33 21
33 23 33 24
33 23 32 23
33 23 32 23
33 27 33 25
33 27 33 28
33 27 32 27
33 27 33 25
33 27 33 28
33 27 32 27
33 28 33 29
33 28 32 28
33 32 33 31
0 26 0 29
0 26 1 26
0 30 0 31
1 2 1 0
1 2 1 26
1 2 3 2
1 32 1 31
1 32 1 33
1 32 0 32
1 32 1 31
1 32 1 33
1 32 0 32
3 10 3 7
3 10 3 15
3 10 3 7
3 10 3 15
3 17 3 16
3 17 3 20
3 17 3 16
3 17 3 20
3 23 3 24
3 31 3 29
3 31 2 31
3 31 3 29
3 31 2 31
5 12 5 7
5 12 5 16
5 12 5 7
5 12 5 16
5 22 5 24
5 22 4 22
5 22 5 24
5 22 4 22
6 3 6 1
6 3 6 26
6 3 4 3
6 3 6 1
7 2 9 2
7 4 7 6
7 4 8 4
7 4 7 6
7 4 8 4
8 4 8 5
8 4 9 4
8 5 8 7
8 12 8 16
8 16 8 17
9 0 7 0
9 2 7 2
9 6 9 7
9 6 10 6
9 6 9 7
9 6 10 6
9 6 9 7
9 6 9 7
9 13 9 17
9 20 9 19
10 19 10 17
10 19 9 19
10 19 10 17
10 19 9 19
11 21 11 24
11 21 12 21
12 7 12 4
12 7 12 8
12 7 11 7
13 9 13 4
13 25 13 24
13 25 12 25
14 12 16 12
16 12 18 12
16 22 16 21
16 22 16 23
16 22 23 22
16 23 14 23
18 9 18 12
18 12 18 14
18 12 19 12
19 4 13 4
19 9 19 10
19 9 21 9
19 11 19 12
19 11 19 12
19 12 19 13
19 12 18 12
19 12 20 12
19 13 19 14
19 23 21 23
20 12 20 10
20 12 21 12
20 12 20 10
21 9 21 7
21 9 21 12
21 9 22 9
21 9 21 7
21 12 21 14
21 12 22 12
21 15 21 14
21 17 20 17
21 23 21 24
21 23 22 23
21 24 13 24
21 24 23 24
21 24 23 24
22 9 22 8
22 9 22 10
22 9 22 8
22 10 22 12
22 33 25 33
23 16 24 16
23 22 23 21
23 22 23 23
23 22 25 22
23 24 23 23
23 24 23 25
23 24 24 24
23 24 23 23
24 4 24 5
24 6 24 8
24 8 24 6
24 8 24 14
24 17 24 16
24 17 24 18
24 17 24 16
24 17 24 18
24 19 24 20
24 23 24 24
24 29 24 27
24 29 24 30
24 29 23 29
24 29 24 27
24 29 24 30
24 29 23 29
24 30 24 31
24 30 23 30
24 31 20 31
25 1 6 1
25 1 28 1
25 22 25 14
25 22 23 22
26 22 26 18
26 22 26 24
26 22 27 22
26 24 26 25
26 28 26 32
27 20 27 19
27 20 27 22
27 20 27 19
27 20 27 22
27 22 28 22
27 22 28 22
28 1 28 2
28 2 29 2
28 22 28 19
28 22 28 23
28 22 28 19
28 22 28 23
28 24 28 25
28 25 28 24
28 28 28 29
28 31 28 30
29 33 29 32
29 33 28 33
29 33 28 33
30 2 30 1
30 6 30 12
30 6 29 6
30 13 30 14
30 22 31 22
30 27 30 30
30 27 31 27
30 30 32 30
31 27 31 28
31 27 32 27
31 28 31 29
31 28 32 28
31 28 31 29
31 31 32 31
32 0 32 1
32 0 31 0
32 0 31 0
32 28 32 27
32 28 32 29
0 30 0 31
0 32 0 31
0 32 0 33
1 31 1 26
1 31 2 31
2 3 2 7
2 31 2 29
3 23 3 24
3 29 3 27
3 29 4 29
4 4 4 5
4 4 5 4
4 4 4 5
4 7 4 22
4 7 3 7
4 7 5 7
4 22 4 7
4 22 4 24
4 28 4 27
5 4 5 5
5 6 5 7
5 29 7 29
7 6 7 9
7 24 7 25
7 24 8 24
7 24 7 25
7 25 7 27
7 25 11 25
8 16 8 17
8 18 8 19
8 24 8 19
8 24 11 24
9 17 9 19
9 19 9 20
11 24 11 25
13 4 12 4
14 23 14 22
18 12 18 14
19 14 21 14
21 7 21 5
21 7 22 7
21 12 21 14
21 12 22 12
21 15 21 14
21 17 20 17
22 7 22 5
23 22 23 21
23 29 23 28
23 29 23 30
23 29 21 29
23 29 23 28
24 15 24 14
24 19 24 20
24 21 23 21
24 23 24 24
24 24 24 25
24 27 22 27
26 18 27 18
26 28 26 32
26 32 26 33
26 32 25 32
26 32 27 32
26 32 26 33
26 33 25 33
26 33 27 33
27 18 27 16
27 18 28 18
27 32 27 29
27 32 27 33
28 28 28 29
28 29 28 30
28 29 27 29
28 30 28 31
29 5 29 6
29 5 28 5
30 0 30 1
30 0 29 0
30 0 30 1
30 1 30 2
30 1 29 1
30 22 31 22
30 30 32 30
31 31 32 31
32 28 32 27
32 28 32 29
32 30 33 30
33 29 33 30
33 31 33 30
1 31 1 26
2 22 2 21
2 22 2 24
2 24 2 25
2 24 3 24
3 21 3 20
4 7 3 7
4 28 4 27
11 4 11 7
11 4 11 7
11 7 11 8
11 7 9 7
11 7 12 7
12 7 12 8
14 23 14 22
21 29 21 27
21 29 21 30
21 29 18 29
21 29 21 30
21 30 20 30
23 20 23 21
23 20 15 20
23 25 22 25
24 21 23 21
24 27 22 27
27 5 27 8
27 18 27 16
27 18 28 18
28 6 28 8
28 8 28 6
28 8 28 14
28 17 28 16
30 22 31 22
32 27 32 26
1 26 6 26
2 25 3 25
2 27 3 27
3 20 3 21
3 20 2 20
3 25 5 25
3 27 4 27
4 7 3 7
4 24 5 24
4 27 3 27
6 26 6 28
6 26 6 28
6 28 7 28
7 27 9 27
8 7 8 8
8 28 8 29
9 8 10 8
9 8 10 8
9 27 9 29
9 27 9 29
19 30 19 31
20 31 19 31
23 21 19 21
2 7 3 7
8 28 8 29
19 21 17 21
16 21 14 21

6924

2 = 6 = = = = = = = = = = = = = = = = = = = = 2 1 - 5 = = 2 2 3 4 2 
2 = 8 = = = = = = = = = = = = = = = = = = = = = = = 7 = = = = 6 6 2 
2 3 ǁ 2 = = = 5 - - - - - - - - - - - - 2 2 5 = 4 2 | 1   1 - 4 2 2 
2   5         7 = = 4 = = = = 2 2 4 = = 5 2 | 2 3 2 | 5 - 4 = 4 ǁ ǁ 
3   2 1 4 5 - 7 = = = = = = = = = = = = = = 6 - 3 | | 4 2 4 = = 6 ǁ 
      | 2 2 1 4 = = = = 4 = = = 2           4 = 3 3 | 1 - 7 6 2 ǁ ǁ 
2 6 = 6 - - - - - - - - - - - - - - - - - - - - - - 6 = 3 ǁ 4 2 ǁ ǁ 
1 ǁ 2 ǁ 4 = 5 = = 5 - - - - - - - - - - - - - - 4 4 - 2 1 3 4 2 ǁ ǁ 
| ǁ ǁ ǁ 4 2 - 2 1 ǁ 2 - 5 = = = 5 2 2 5 = = = = 4 |   | 2 3 1   ǁ ǁ 
3 ǁ 4 ǁ 1   6 5 4 ǁ 2   ǁ 2 - - - 2 - 7 5 2     | |   5 = 5 3 2 ǁ ǁ 
ǁ ǁ ǁ ǁ     2 | 2 ǁ |   ǁ |       2 = 4 | |     | |   ǁ   |     ǁ ǁ 
ǁ ǁ ǁ ǁ 2 = = 6 2 ǁ 1 4 7 6 = = = = = = 3 5 = = 5 2   ǁ   |     ǁ ǁ 
ǁ ǁ ǁ ǁ 2 - - 5 2 ǁ   2 1 2               2     | 1   ǁ   |     ǁ ǁ 
ǁ ǁ ǁ ǁ 4 = = = = 8 = = = = = = 7 = = = = = = = 7 3   ǁ   |     ǁ ǁ 
ǁ ǁ 4 ǁ |         ǁ     2       ǁ 2     3 1 2 3 ǁ 2   ǁ   |     ǁ ǁ 
ǁ ǁ ǁ ǁ |         ǁ     ǁ       ǁ 2   3 3 | 1 | ǁ ǁ   6 2 |     ǁ ǁ 
ǁ ǁ ǁ ǁ |         ǁ     3       ǁ 1   | | 3 7 5 ǁ ǁ   2   |     ǁ ǁ 
ǁ ǁ 3 ǁ |         ǁ     |       ǁ     | | 1 ǁ 4 ǁ 4       |     ǁ ǁ 
ǁ ǁ | ǁ | 2 6 = = 8 = = 7 = 2   ǁ 3 - 5 | | ǁ 2 ǁ ǁ   4 = 7 = = 8 6 
ǁ ǁ | ǁ 2   2 4 = 8 2 2 6 2 2   ǁ     | | 3 ǁ 2 ǁ ǁ   5 1 ǁ 2 3 | | 
ǁ ǁ | ǁ       2   ǁ 2 = 4   |   ǁ 3   5 | | ǁ ǁ ǁ ǁ   3 1 ǁ 2 5 | 2 
ǁ ǁ | ǁ   2 - 4 = 6 - - 6 = 5 2 ǁ 2   ǁ | | ǁ 4 7 6 - 2 - 6 3 ǁ | 1 
ǁ ǁ | ǁ   1 - 4 2 4 2 - 3   1   ǁ     ǁ | | ǁ 1 ǁ 2   2   |   ǁ | 2 
ǁ ǁ 5 8 = = = = = = = = = = = = 7 = = 8 4 6 7 3 6 2   ǁ 2 6 2 ǁ | ǁ 
ǁ ǁ 2 | 3 1 2 = 4 = = = = = 5 2 3 4 2 4 2 2 ǁ 2 5 1   4 = 6 4 4 | ǁ 
6 7 3 | 6 = = = = = = = = = 7 - - - - - - - 6 = = = 8 = = = = = 8 3 
ǁ ǁ 2 | ǁ 2 = = = = = = = = 8 = = 2 3 = = = 7 = 5 1 ǁ 2 2 = = = 6 4 
ǁ ǁ 1 | ǁ 2 = = 5 = = = = = 6 2 3 = 5 2 4 = 6 2 8 2 ǁ 6 = 5 - - 4 2 
2 4 5 | ǁ 1 2 = 4 - - - - - 2 1 2 1 2 2 = = 6 2 4 2 ǁ 2 2 4 3 2 | 2 
1 1 2 | 4 3 4 - - - - - - - - - - - - - - - - - - - 8 = = = = = 8 4 
3 6 2 | 3 - 7 = = = = = 2 1 3 2 = 6 4 1     5 = = = 8 6 = = 4 2 8 2 
2 |   | 2 1 4 = = = = = = = 4 3 2 ǁ 2 1     3 3 3 2 | 4 4 2 ǁ 2 |   
4 7 = 7 = = = = = = = = = = = = = 4           7 4 2 2 6 6 2 5 4 4   
2 6 2 4 = = = = = = = = = = = = = = = = 2 2 = 5 1 2 = 6 4 2 3 2 2   
