34 34
4 4 4 4 2 3 0 0 0 0 0 0 3 0 4 3 3 4 0 0 6 2 0 2 2 4 5 0 0 5 4 2 2 2 
5 0 0 7 0 0 0 0 0 0 0 0 0 0 5 6 5 6 4 0 8 0 0 8 4 0 2 0 0 0 3 0 3 0 
5 5 2 0 3 0 0 0 0 0 0 0 0 0 3 2 3 4 0 4 4 4 0 5 3 0 3 2 0 0 0 2 2 5 
4 3 2 0 3 0 0 0 0 0 1 0 2 0 5 2 3 3 0 4 2 4 2 0 0 6 0 0 0 6 3 0 2 0 
5 0 0 6 0 0 0 0 0 0 0 0 0 0 0 0 0 0 4 0 0 0 0 0 5 0 3 3 2 0 0 0 0 0 
4 4 2 0 2 4 5 0 0 0 0 0 0 0 3 0 5 2 0 1 1 2 4 2 4 0 0 2 0 4 0 7 7 5 
4 4 0 0 3 3 5 0 0 0 0 0 0 0 0 0 7 2 0 4 6 4 0 0 4 0 0 2 7 0 4 0 6 4 
0 4 5 0 0 0 3 0 0 4 0 0 0 0 0 0 0 0 0 2 0 0 0 0 3 0 0 3 3 2 0 0 0 0 
0 0 0 0 5 7 0 0 4 4 0 0 0 0 0 0 6 0 6 0 5 0 7 1 0 0 0 0 0 0 0 0 2 2 
0 0 1 0 2 0 0 0 2 0 2 0 0 4 0 0 0 0 6 2 2 0 6 4 3 0 0 0 0 0 0 0 2 0 
0 5 2 0 4 7 0 0 0 0 0 0 0 0 0 0 0 0 0 0 0 0 0 0 0 7 5 0 4 8 4 0 5 4 
0 2 0 0 3 4 0 0 0 0 0 0 0 0 0 5 0 4 0 0 0 0 1 0 0 0 2 0 2 0 2 0 0 0 
0 0 0 0 2 4 0 2 0 0 0 2 0 4 0 5 1 4 0 0 0 0 0 2 0 0 0 0 0 0 0 0 0 0 
6 0 0 6 0 0 0 0 0 0 0 0 0 0 0 0 0 0 0 0 0 0 0 0 0 5 0 7 0 4 0 0 0 0 
0 3 0 5 4 0 0 5 0 0 0 0 0 0 0 0 0 0 0 0 0 0 4 4 1 0 2 0 2 3 0 0 0 1 
0 4 0 0 3 2 1 0 2 4 0 0 0 0 0 0 0 0 0 0 0 0 3 3 2 0 0 0 0 3 0 0 0 0 
0 4 0 0 4 0 0 6 0 3 0 0 0 0 0 3 0 0 0 3 0 0 2 3 5 0 5 6 5 4 3 0 0 0 
0 0 0 0 3 1 0 0 0 4 0 0 0 0 0 6 0 4 0 5 2 0 0 2 0 0 3 0 0 2 0 0 0 0 
0 6 0 7 0 0 0 5 0 0 0 0 0 0 0 0 0 0 0 0 0 0 6 7 5 0 6 5 0 0 0 0 0 0 
0 0 4 7 0 4 2 0 4 3 2 0 0 0 0 0 5 0 4 0 4 2 0 2 0 0 0 0 0 0 0 0 0 0 
0 0 0 0 0 0 0 0 2 0 3 0 4 0 0 0 0 1 0 2 0 0 0 1 0 0 4 0 0 5 0 3 0 0 
0 0 0 0 3 0 3 0 0 0 0 2 6 0 2 0 2 0 0 0 0 0 0 3 0 0 0 0 0 2 4 4 0 0 
0 0 0 0 0 0 0 0 0 0 4 0 0 0 4 5 6 3 0 0 0 0 0 0 0 0 0 1 0 2 2 0 0 0 
0 0 0 0 4 0 6 0 2 0 0 0 0 4 3 1 0 0 0 0 2 0 0 0 0 0 0 0 0 5 0 6 0 0 
0 0 0 0 1 2 0 0 0 0 0 0 0 0 5 0 7 3 0 0 0 0 0 0 4 0 2 0 0 2 1 0 0 0 
0 0 3 0 0 3 0 0 0 0 0 0 0 0 0 0 0 0 0 5 5 0 0 0 2 0 0 0 0 0 0 0 0 0 
3 0 1 0 0 0 0 4 3 0 0 4 3 0 0 0 0 0 0 4 0 0 0 5 0 7 0 0 8 0 0 7 3 3 
1 0 1 6 0 8 4 0 0 0 0 4 0 0 0 0 0 0 0 0 0 0 0 4 2 0 3 3 0 1 2 6 2 1 
2 0 0 5 1 0 0 0 0 0 0 4 6 4 0 0 1 0 0 0 0 0 0 1 2 0 0 0 0 3 0 6 6 2 
0 0 0 0 0 0 0 0 0 0 0 0 2 0 0 0 0 0 0 6 7 0 6 5 4 8 8 4 0 0 0 0 4 0 
0 0 0 4 0 6 2 5 2 0 0 0 2 0 0 0 0 1 0 2 5 1 1 0 2 0 6 4 4 0 0 5 3 0 
0 0 2 0 0 3 0 3 2 0 0 0 0 0 0 0 0 0 0 2 5 0 0 6 4 0 2 2 4 0 5 3 0 0 
4 8 0 0 0 0 0 0 0 3 0 0 5 0 6 0 0 0 6 0 0 0 0 4 1 3 0 0 3 0 0 5 4 0 
2 6 0 0 0 0 0 0 0 0 5 4 5 4 6 2 0 0 3 0 0 0 0 0 0 0 0 0 0 0 4 6 4 0 
400 638
0 0 0 1
0 0 1 0
0 0 0 1
0 0 1 0
0 1 0 2
0 1 2 1
0 2 0 3
0 2 2 2
0 2 0 3
0 3 0 4
0 3 1 3
0 20 0 17
0 20 0 21
0 20 1 20
0 20 0 17
0 20 0 21
0 20 1 20
0 26 0 25
0 26 0 29
0 26 1 26
1 0 2 0
1 3 1 14
1 3 4 3
1 3 1 14
1 3 4 3
1 20 1 18
1 20 1 23
1 20 2 20
1 23 1 20
1 23 1 24
1 23 0 23
1 23 2 23
2 33 2 32
2 33 0 33
2 33 5 33
4 0 4 3
4 0 3 0
4 0 5 0
4 3 4 0
4 3 4 18
4 3 13 3
5 6 5 5
5 6 5 14
5 6 6 6
5 16 5 14
5 16 5 17
5 16 6 16
5 31 5 29
5 31 5 32
5 31 2 31
5 31 20 31
6 28 6 27
6 28 6 30
6 28 4 28
6 28 7 28
6 30 6 28
6 30 10 30
6 30 10 30
6 32 6 33
6 32 5 32
6 32 8 32
6 32 6 33
6 32 5 32
6 32 8 32
6 33 5 33
6 33 8 33
7 2 7 1
7 2 5 2
7 2 9 2
8 4 8 5
8 4 6 4
8 4 9 4
8 22 8 20
8 22 8 23
8 22 5 22
8 22 9 22
8 33 10 33
9 32 10 32
10 1 10 2
10 1 7 1
10 1 11 1
10 5 10 4
10 5 10 25
10 5 8 5
10 5 11 5
10 29 10 28
10 29 10 30
10 29 7 29
10 29 13 29
10 29 10 28
10 29 10 30
10 29 7 29
10 29 13 29
10 33 10 32
10 33 14 33
10 33 10 32
11 15 11 5
11 15 11 17
11 15 12 15
11 30 16 30
13 0 13 3
13 0 6 0
13 0 26 0
13 0 13 3
13 0 6 0
13 0 26 0
13 27 13 25
13 27 13 29
13 27 7 27
13 27 16 27
13 29 13 27
18 1 18 3
18 1 16 1
18 1 32 1
18 1 18 3
18 1 16 1
18 1 32 1
18 3 18 7
18 3 14 3
18 3 19 3
18 23 18 22
18 23 18 24
18 23 17 23
18 23 19 23
18 27 18 26
18 27 16 27
18 27 22 27
19 2 19 3
19 2 25 2
19 2 19 3
19 2 25 2
20 29 20 31
20 29 17 29
20 29 21 29
23 31 23 29
23 31 21 31
23 31 26 31
23 31 23 29
23 31 21 31
23 31 26 31
24 16 24 14
24 16 24 17
24 16 22 16
24 16 28 16
25 19 25 20
25 19 20 19
25 19 26 19
26 0 27 0
26 25 26 23
26 25 26 28
26 25 13 25
26 25 29 25
26 28 26 25
26 28 26 31
26 28 16 28
26 28 30 28
26 33 26 32
26 33 27 33
26 33 26 32
27 5 27 3
27 5 27 6
27 5 25 5
27 5 30 5
27 5 27 3
27 5 27 6
27 5 25 5
27 5 30 5
28 0 32 0
28 3 28 4
28 3 27 3
28 3 30 3
28 33 28 32
28 33 28 32
29 20 29 19
29 20 29 22
29 20 25 20
29 20 30 20
29 25 29 24
29 25 29 26
29 25 26 25
29 25 32 25
29 26 29 25
29 26 29 27
29 26 27 26
29 26 30 26
29 26 29 25
29 26 29 27
29 26 27 26
29 27 27 27
29 27 30 27
29 32 28 32
29 32 30 32
29 32 28 32
29 32 30 32
30 3 30 5
30 3 28 3
30 3 30 5
31 20 31 19
31 20 31 23
31 20 30 20
32 1 32 0
32 1 32 9
32 1 33 1
33 1 33 0
33 1 33 10
33 1 32 1
33 1 33 0
33 1 33 10
33 12 33 11
33 12 33 13
33 12 32 12
33 14 33 13
33 14 33 15
33 14 32 14
33 14 33 13
33 14 33 15
33 14 32 14
33 31 33 30
33 31 33 32
33 31 32 31
33 31 33 30
33 31 33 32
33 31 32 31
33 32 32 32
33 32 32 32
0 4 0 5
0 5 0 12
0 17 0 16
0 17 1 17
1 0 2 0
1 17 1 16
1 17 1 18
1 17 2 17
1 17 1 16
1 17 1 18
1 18 1 20
1 20 2 20
1 23 1 24
1 23 0 23
1 23 2 23
3 14 3 12
3 14 3 15
3 14 2 14
4 18 4 24
4 18 8 18
4 18 4 24
5 29 5 31
5 29 3 29
5 29 3 29
5 33 5 32
5 33 2 33
5 33 5 32
6 0 6 1
6 0 5 0
6 1 5 1
6 1 7 1
6 1 5 1
6 21 6 20
6 21 5 21
6 21 6 20
6 21 5 21
7 1 7 2
7 2 5 2
7 9 7 6
7 9 8 9
7 9 7 6
7 9 8 9
8 9 8 8
8 9 8 16
8 16 8 18
8 16 6 16
8 18 8 16
8 18 8 20
8 18 9 18
8 18 8 20
8 22 8 20
8 22 5 22
8 22 9 22
9 13 9 10
9 13 9 18
9 13 9 10
9 13 9 18
9 18 9 19
9 22 9 20
9 22 9 23
9 22 9 20
9 22 9 23
9 23 9 24
9 32 10 32
10 1 10 2
10 1 11 1
10 26 10 25
10 26 4 26
10 26 11 26
10 28 7 28
10 28 11 28
10 32 26 32
11 30 16 30
14 26 16 26
15 1 14 1
15 1 16 1
15 1 14 1
15 1 16 1
16 24 16 23
16 24 15 24
16 24 18 24
16 30 16 29
18 26 18 27
18 26 17 26
18 26 20 26
18 26 18 27
18 26 17 26
20 26 24 26
21 31 21 30
21 31 20 31
24 16 24 14
24 16 24 17
24 16 22 16
24 24 18 24
24 24 25 24
24 24 18 24
24 24 25 24
24 26 20 26
24 30 24 29
26 19 25 19
26 19 29 19
26 19 25 19
26 28 26 31
26 28 16 28
26 28 30 28
26 31 27 31
27 3 27 2
27 3 19 3
27 3 28 3
27 26 27 27
28 0 32 0
29 19 29 12
29 19 29 20
29 19 30 19
29 19 29 12
31 2 31 5
31 2 31 5
32 0 32 1
32 1 32 9
32 14 32 12
32 14 32 18
32 14 32 12
32 14 32 18
32 18 32 23
32 18 33 18
32 18 32 23
32 18 33 18
32 23 32 24
32 23 31 23
32 32 32 31
32 32 30 32
33 13 33 12
33 18 33 30
33 30 31 30
0 5 0 12
0 12 0 14
0 14 0 15
0 14 1 14
0 14 0 15
1 0 2 0
3 29 3 25
3 29 3 30
3 29 0 29
3 29 3 25
3 30 1 30
5 0 5 1
5 0 4 0
5 22 5 23
5 31 5 32
5 31 2 31
5 32 3 32
6 20 6 19
6 20 5 20
6 20 8 20
6 20 6 19
6 24 5 24
6 24 7 24
6 24 5 24
6 24 7 24
7 6 6 6
7 19 6 19
7 24 9 24
8 8 8 5
8 8 9 8
8 8 8 5
8 16 6 16
9 18 9 19
9 23 9 24
14 1 14 3
14 26 16 26
16 27 16 26
16 27 16 28
16 27 13 27
16 27 16 26
17 26 16 26
19 3 19 5
19 3 18 3
19 18 19 16
19 18 19 20
19 18 19 16
19 18 19 20
20 29 17 29
20 29 21 29
21 30 22 30
22 16 22 15
22 16 22 17
22 16 21 16
22 16 22 15
22 17 20 17
22 17 24 17
24 29 23 29
25 2 26 2
25 5 24 5
25 20 23 20
25 20 29 20
25 20 23 20
26 31 27 31
28 12 28 11
28 12 28 13
28 12 26 12
28 12 28 11
28 12 28 13
28 12 26 12
28 13 23 13
30 31 30 28
30 31 28 31
30 31 31 31
31 23 31 20
31 23 31 24
31 23 29 23
31 23 31 24
31 24 30 24
31 30 31 28
31 30 31 31
31 30 31 28
31 30 31 31
0 29 0 26
0 29 0 30
0 29 0 30
0 30 0 31
0 30 1 30
0 31 0 32
1 32 1 30
1 32 0 32
1 32 2 32
2 27 2 26
2 33 0 33
3 0 3 1
3 0 2 0
3 0 3 1
3 2 3 1
3 2 2 2
3 25 3 22
3 25 0 25
3 25 10 25
3 25 3 22
4 24 5 24
5 19 6 19
5 22 5 23
5 24 4 24
10 25 10 5
10 25 10 26
10 25 13 25
11 26 10 26
16 29 16 28
16 29 15 29
16 29 16 28
17 19 17 17
17 19 17 20
17 19 16 19
19 3 19 5
19 5 19 6
19 5 24 5
19 20 19 21
19 20 17 20
19 21 19 23
20 12 20 10
20 12 21 12
20 12 20 10
20 12 21 12
20 19 20 23
21 4 23 4
21 12 21 11
21 12 21 14
21 12 26 12
21 12 21 11
21 23 26 23
21 30 22 30
22 10 20 10
22 10 33 10
22 10 33 10
22 29 23 29
22 29 23 29
23 4 21 4
23 4 24 4
23 6 23 8
23 6 21 6
23 6 27 6
23 6 23 8
23 6 21 6
23 6 27 6
23 13 23 14
23 13 28 13
23 13 23 14
24 14 23 14
26 7 26 8
26 7 30 7
26 7 26 8
26 7 30 7
26 8 30 8
26 11 27 11
26 11 27 11
26 31 27 31
27 11 26 11
27 11 28 11
27 31 27 30
27 31 27 32
27 31 28 31
27 32 28 32
28 11 33 11
28 31 28 29
28 31 28 32
28 31 30 31
28 31 28 29
29 22 29 20
29 22 29 23
29 22 30 22
29 22 29 23
29 22 29 23
30 20 30 19
30 20 30 21
30 20 31 20
30 31 30 28
31 24 30 24
31 28 31 27
31 28 32 28
32 9 19 9
32 28 32 25
33 10 33 11
33 11 33 12
0 25 0 24
0 25 0 26
1 24 0 24
1 24 2 24
1 26 2 26
2 0 2 1
2 24 2 23
2 26 2 27
3 21 3 20
3 21 2 21
3 21 3 20
3 21 2 21
4 26 4 27
10 25 13 25
12 13 12 11
12 13 12 15
12 13 12 11
12 13 12 15
14 28 14 29
15 29 14 29
18 7 18 3
18 7 16 7
18 7 16 7
18 23 18 22
18 23 18 24
18 23 17 23
20 8 19 8
20 8 19 8
21 6 19 6
21 23 26 23
22 14 22 15
22 14 21 14
22 14 22 15
22 14 22 15
27 30 27 29
30 17 30 12
30 27 30 26
30 27 31 27
30 27 30 26
31 26 30 26
32 12 30 12
32 28 32 25
2 20 2 19
2 20 2 21
2 21 2 23
2 23 2 24
3 19 3 17
3 19 2 19
3 19 3 17
3 19 2 19
4 26 4 27
5 27 4 27
5 27 6 27
6 28 4 28
6 28 7 28
7 27 13 27
14 28 14 29
16 7 16 4
16 7 16 9
16 7 14 7
16 7 16 4
17 5 17 4
17 15 17 9
17 15 17 17
17 15 16 15
17 15 17 9
17 15 17 17
17 15 16 15
17 17 17 19
17 19 16 19
18 22 16 22
19 8 19 9
21 16 19 16
29 25 29 24
30 26 31 26
2 19 2 17
15 6 15 5
15 8 15 9
16 4 15 4
16 4 17 4
17 9 16 9
17 9 19 9
18 22 16 22
19 10 19 16
19 16 19 10
29 24 29 23
29 24 28 24
2 17 2 16
2 17 3 17
15 8 15 9
15 9 15 22
15 9 16 9
16 15 16 19

12588

4 4 4 4 2 3 = = = = = = 3 - 4 3 3 4 = = 6 2   2 2 4 5 = = 5 4 2 2 2 
5 | | 7 = = = = = = = = = = 5 6 5 6 4 = 8 = = 8 4 | 2     | 3 - 3 ǁ 
5 5 2 ǁ 3                   3 2 3 4 - 4 4 4 - 5 3 | 3 2   | | 2 2 5 
4 3 2 ǁ 3           1   2 - 5 2 3 3 = 4 2 4 2 = = 6 = = = 6 3 ǁ 2 ǁ 
5 = = 6 - - - - - - - - - - - - - - 4 = = = = = 5 | 3 3 2 ǁ   ǁ | ǁ 
4 4 2 | 2 4 5 - - - - - - - 3 - 5 2 | 1 1 2 4 2 4 | | 2 ǁ 4 = 7 7 5 
4 4 ǁ | 3 3 5                   7 2 | 4 6 4 ǁ   4 | | 2 7 = 4 | 6 4 
ǁ 4 5 | |   3 = = 4             ǁ   | 2 |   ǁ   3 | | 3 3 2 ǁ | ǁ | 
ǁ | | | 5 7 = = 4 4 - - - - - - 6 = 6 = 5 = 7 1 | | | ǁ | ǁ ǁ | 2 2 
ǁ | 1 | 2 |     2   2 = = 4 = = = = 6 2 2 = 6 4 3 | | ǁ | ǁ ǁ | 2 | 
ǁ 5 2 | 4 7 = = = = = = = = = = = = = = = = = = = 7 5 ǁ 4 8 4 | 5 4 
ǁ 2   | 3 4 - - - - - - - - - 5 - 4         1     ǁ 2 ǁ 2 ǁ 2 | | | 
ǁ     | 2 4   2       2 = 4 = 5 1 4           2   ǁ   ǁ   ǁ ǁ | | | 
6 = = 6                                           5 - 7 = 4 ǁ | | | 
ǁ 3 - 5 4     5                             4 4 1 | 2 ǁ 2 3 ǁ | | 1 
ǁ 4   | 3 2 1 | 2 4 - - - - - - - - - - - - 3 3 2 | ǁ ǁ   3 ǁ | |   
ǁ 4   | 4 = = 6 - 3           3 - - - 3     2 3 5 | 5 6 5 4 3 | |   
ǁ ǁ   | 3 1   ǁ   4 = = = = = 6 = 4 = 5 2   ǁ 2 | | 3 | ǁ 2   | |   
ǁ 6 = 7 = = = 5   |                     |   6 7 5 | 6 5 ǁ ǁ   | |   
ǁ ǁ 4 7 = 4 2   4 3 2 = = = = = 5 = 4 = 4 2 - 2 ǁ | | | ǁ ǁ   | |   
ǁ ǁ ǁ |   | |   2 | 3 = 4       | 1   2 - - - 1 ǁ | 4 | ǁ 5 - 3 |   
ǁ ǁ ǁ | 3 | 3     | | 2 6 - 2   2 |   |       3 ǁ | ǁ | ǁ 2 4 4 |   
ǁ ǁ ǁ | ǁ | ǁ     | 4   |   4 5 6 3   |       ǁ ǁ | ǁ 1 ǁ 2 2 ǁ |   
ǁ ǁ ǁ | 4 | 6 = 2 | ǁ   | 4 3 1 ǁ |   | 2     ǁ ǁ | ǁ   ǁ 5 = 6 |   
ǁ ǁ ǁ | 1 2 ǁ     | ǁ   | ǁ 5 = 7 3   | ǁ     ǁ 4 | 2   ǁ 2 1 ǁ |   
ǁ ǁ 3 |   3 ǁ     | ǁ   | ǁ     |     5 5     ǁ 2 |     ǁ     ǁ |   
3 ǁ 1 |   ǁ ǁ 4 3 | ǁ 4 3 ǁ     |     4 ǁ     5 - 7 = = 8 = = 7 3 3 
1 ǁ 1 6 = 8 4 ǁ | | ǁ 4 ǁ ǁ     |     | ǁ     4 2 ǁ 3 3 ǁ 1 2 6 2 1 
2 ǁ   5 1 ǁ   ǁ | | ǁ 4 6 4     1     | ǁ     1 2 ǁ ǁ | ǁ 3 = 6 6 2 
ǁ ǁ   ǁ   ǁ   ǁ | | ǁ | 2 = = = = = = 6 7 = 6 5 4 8 8 4 ǁ     ǁ 4   
ǁ ǁ   4 = 6 2 5 2 | ǁ | 2 - - - - 1   2 5 1 1 | 2 | 6 4 4 = = 5 3   
ǁ ǁ 2 = = 3   3 2 | ǁ | |             2 5 = = 6 4 | 2 2 4 = 5 3 |   
4 8 = = = = = = = 3 ǁ | 5 = 6 = = = 6 = = = = 4 1 3 = = 3   | 5 4   
2 6 = = = = = = = = 5 4 5 4 6 2     3 - - - - - - - - - - - 4 6 4   
