34 34
4 0 0 0 0 0 0 0 6 0 0 0 0 0 0 0 6 0 5 4 1 0 3 0 3 0 0 0 0 5 5 1 0 0 
3 1 2 6 2 0 0 0 2 2 0 5 0 0 4 2 0 1 2 4 0 0 4 1 0 3 0 0 4 0 0 0 0 0 
3 5 6 8 0 0 0 0 0 0 0 7 0 0 0 0 7 0 0 0 0 0 0 0 6 5 2 0 0 0 0 3 2 0 
2 0 3 0 2 4 0 0 0 4 2 0 2 2 5 2 0 0 2 2 6 2 0 0 0 0 4 0 6 0 0 0 0 0 
4 7 5 0 0 2 1 0 2 0 0 0 4 0 7 5 0 2 6 4 8 0 0 0 5 5 3 2 0 0 6 7 4 0 
0 0 4 0 0 3 3 0 4 0 0 0 3 4 0 0 0 2 0 2 0 2 0 0 0 0 1 0 5 0 0 0 4 0 
0 0 2 0 0 0 0 0 0 0 0 0 0 0 0 0 0 4 3 0 5 3 0 0 0 0 4 3 0 0 0 0 4 0 
0 0 3 6 0 0 0 0 7 5 3 0 0 0 0 0 0 0 0 0 1 0 0 0 0 0 3 0 0 0 0 0 0 0 
0 0 0 0 0 4 0 0 7 4 0 0 0 0 0 0 0 5 0 0 0 0 0 0 4 0 0 0 0 0 0 0 0 0 
0 0 0 0 0 4 2 1 0 2 0 0 0 0 0 0 0 2 2 3 0 3 2 1 0 0 2 0 0 0 0 6 7 3 
0 0 0 0 0 0 0 0 0 0 0 0 0 0 0 0 0 0 0 2 0 0 4 0 2 0 0 0 0 0 0 0 0 4 
0 0 0 6 0 0 0 7 7 3 1 0 0 3 0 0 0 0 0 0 0 0 5 4 0 0 3 0 0 0 2 0 4 0 
0 0 0 0 2 1 0 0 0 0 0 0 0 0 0 0 0 0 0 0 0 0 2 3 0 0 0 0 0 0 0 0 2 4 
0 0 0 3 7 5 2 0 6 4 2 0 0 0 0 0 0 1 6 0 0 8 0 0 0 7 7 3 0 0 0 0 0 0 
0 0 0 2 6 5 2 0 2 1 0 0 0 0 0 2 0 2 0 2 0 0 2 5 3 0 0 2 0 0 0 0 0 0 
3 0 0 0 0 2 0 6 0 7 3 0 0 0 0 0 0 6 7 3 0 0 0 0 2 4 3 3 0 0 2 0 0 0 
0 0 5 0 7 0 0 5 2 0 2 0 0 0 0 0 0 6 8 0 0 8 0 6 2 5 5 4 0 0 0 4 0 6 
2 0 0 0 0 1 0 5 5 4 6 0 0 3 0 0 0 2 2 0 0 3 1 4 2 3 3 2 0 0 5 0 4 0 
0 0 3 1 3 2 0 5 5 0 0 0 0 0 5 0 7 0 0 0 0 0 0 0 0 0 0 0 6 0 3 2 0 0 
0 0 6 0 0 0 0 2 4 2 6 0 0 0 0 2 0 2 1 1 0 4 0 0 0 0 4 2 0 0 3 0 6 4 
0 0 4 0 0 0 4 2 2 0 2 0 0 0 0 0 0 4 0 2 0 0 2 0 0 0 7 4 0 0 0 0 0 0 
5 6 0 0 0 0 0 0 0 0 0 7 6 6 0 0 0 0 0 0 0 0 0 0 0 0 1 0 0 0 1 0 0 0 
3 0 4 2 3 5 0 0 0 5 2 0 0 2 0 6 4 0 0 3 0 6 0 0 0 0 0 0 6 0 0 0 0 1 
1 0 0 0 1 4 2 2 4 0 0 0 0 0 0 0 1 0 5 0 0 8 4 4 0 0 4 0 6 0 0 0 0 1 
4 5 5 0 0 0 0 0 5 3 4 4 0 2 0 6 2 0 2 2 0 6 0 0 0 4 2 0 2 0 0 0 0 0 
2 3 0 0 2 0 0 0 0 2 4 2 0 0 0 0 3 6 0 0 0 0 0 0 0 0 0 0 0 8 0 0 6 2 
0 0 5 0 8 2 0 0 0 0 0 0 0 0 0 0 4 0 4 0 2 0 0 0 0 0 0 0 0 0 4 4 0 0 
0 0 2 2 4 0 0 0 0 0 4 4 0 0 0 5 5 0 5 0 0 0 0 0 0 0 2 1 0 0 6 5 0 0 
0 0 1 0 0 0 0 0 3 0 0 0 0 0 0 0 0 0 0 0 0 0 0 0 0 0 0 0 0 0 0 3 0 2 
0 0 1 0 0 4 2 0 0 6 0 0 7 6 0 1 0 0 0 0 0 0 0 0 0 0 0 0 0 0 0 0 0 0 
0 0 3 0 0 5 0 0 3 5 5 3 0 0 0 2 0 0 6 0 0 0 0 0 0 0 0 0 0 8 6 0 0 0 
0 0 0 0 0 0 2 0 3 0 5 5 4 0 0 0 3 0 4 6 0 0 0 2 0 0 0 0 0 0 2 0 5 5 
1 7 3 0 0 1 1 0 0 2 2 4 5 5 8 4 4 4 1 3 2 0 0 0 0 0 0 0 0 7 0 6 3 3 
0 4 2 2 0 0 0 0 0 0 5 4 3 4 5 0 0 0 0 0 0 0 0 0 0 0 0 0 3 5 3 3 2 2 
400 652
0 0 0 8
0 0 1 0
0 0 0 8
0 0 1 0
0 8 0 16
0 8 1 8
0 16 0 8
0 16 0 18
0 16 2 16
0 29 0 24
0 29 0 30
0 29 25 29
0 30 0 29
0 30 0 31
0 30 4 30
1 3 1 2
1 3 1 4
1 3 2 3
1 3 1 2
1 3 1 4
1 3 2 3
1 11 1 9
1 11 1 14
1 11 2 11
1 28 1 25
1 28 3 28
1 28 1 25
1 28 3 28
2 2 2 1
2 2 2 3
2 2 3 2
2 2 2 1
2 2 2 3
2 2 3 2
2 3 2 11
2 3 7 3
3 28 3 26
3 28 5 28
4 1 4 0
4 1 4 2
4 1 2 1
4 1 21 1
4 14 4 12
4 14 4 15
4 14 3 14
4 14 18 14
4 20 4 19
4 20 4 24
4 20 3 20
4 20 6 20
4 20 4 19
4 20 4 24
4 20 3 20
4 20 6 20
4 30 4 31
4 30 0 30
4 30 11 30
4 30 4 31
4 30 11 30
4 31 4 32
4 31 2 31
4 31 9 31
5 2 4 2
5 2 6 2
5 2 4 2
5 2 6 2
5 13 5 12
5 13 11 13
5 13 5 12
5 13 11 13
5 32 4 32
5 32 6 32
5 32 4 32
5 32 6 32
6 32 9 32
7 8 7 3
7 8 7 9
7 8 5 8
7 8 8 8
8 5 8 8
8 5 9 5
8 5 8 8
8 5 9 5
8 17 8 24
8 17 6 17
8 17 9 17
9 5 9 6
9 5 12 5
9 31 9 32
9 31 4 31
9 31 16 31
9 31 9 32
9 31 16 31
10 33 9 33
10 33 12 33
10 33 9 33
10 33 12 33
11 3 7 3
11 3 13 3
11 3 7 3
11 3 13 3
11 7 11 8
11 7 9 7
11 7 15 7
11 7 11 8
11 7 15 7
11 7 11 8
11 7 11 8
11 22 11 23
11 22 10 22
11 22 12 22
11 32 9 32
11 32 12 32
11 32 9 32
11 32 12 32
12 4 13 4
12 33 16 33
12 33 16 33
13 5 13 4
13 5 13 6
13 5 14 5
13 8 13 9
13 8 11 8
13 8 14 8
13 8 13 9
13 8 11 8
13 8 14 8
13 21 13 18
13 21 13 25
13 21 9 21
13 21 16 21
13 21 13 18
13 21 13 25
13 21 9 21
13 21 16 21
13 25 13 26
13 25 4 25
13 25 15 25
14 23 14 22
14 23 14 24
14 23 16 23
15 7 15 5
15 7 15 9
15 7 16 7
15 7 15 5
15 9 15 10
15 9 14 9
15 9 17 9
15 9 15 10
15 9 17 9
15 9 15 10
15 17 15 18
15 17 14 17
15 17 16 17
15 17 15 18
15 17 14 17
15 17 16 17
15 18 15 19
15 18 13 18
15 18 16 18
15 30 17 30
16 2 16 4
16 2 7 2
16 2 18 2
16 10 17 10
16 17 16 18
16 17 17 17
16 17 16 18
16 17 17 17
16 18 16 21
16 18 15 18
16 18 17 18
16 21 16 18
16 21 16 23
16 21 17 21
16 31 16 33
16 31 18 31
16 33 19 33
17 30 15 30
17 30 18 30
17 30 18 30
17 30 18 30
17 32 19 32
17 32 19 32
18 16 18 14
18 16 18 28
18 16 2 16
18 16 22 16
18 28 18 16
18 28 5 28
18 28 22 28
18 28 5 28
18 28 22 28
18 31 26 31
19 2 19 7
19 2 18 2
19 2 20 2
19 2 19 7
19 2 18 2
19 2 20 2
19 30 21 30
19 32 19 33
19 32 25 32
19 32 19 33
19 32 25 32
19 33 16 33
20 2 20 6
20 2 22 2
20 6 20 7
20 6 23 6
20 6 20 7
20 26 20 22
20 26 20 27
20 26 19 26
20 26 21 26
21 0 21 1
21 0 17 0
21 0 22 0
21 1 21 0
21 1 4 1
21 1 24 1
21 1 21 0
21 13 21 12
21 13 17 13
21 13 22 13
21 13 21 12
21 13 17 13
21 13 22 13
22 0 23 0
22 2 22 3
22 2 24 2
22 2 22 3
22 9 22 10
22 9 19 9
22 9 24 9
22 15 22 16
22 15 19 15
22 15 24 15
22 15 22 16
22 15 19 15
22 15 24 15
22 28 22 21
22 28 23 28
22 28 22 21
22 28 23 28
22 33 23 33
23 21 23 18
23 21 23 22
23 21 22 21
23 21 24 21
23 21 23 18
23 21 23 22
23 21 22 21
23 21 24 21
23 22 23 23
23 28 23 26
23 28 24 28
23 28 23 26
23 28 24 28
24 0 24 1
24 0 25 0
24 0 24 1
24 0 25 0
24 15 24 13
24 15 24 16
24 15 27 15
24 15 24 13
24 21 24 19
24 21 24 25
24 25 24 21
24 25 24 26
24 25 24 26
25 29 25 17
25 29 0 29
25 29 30 29
25 29 25 17
25 29 30 29
25 32 25 33
25 32 31 32
25 32 25 33
25 32 31 32
26 2 26 4
26 2 24 2
26 2 27 2
26 4 26 2
26 4 26 5
26 4 25 4
26 4 27 4
26 30 26 31
26 30 27 30
26 30 26 31
26 30 27 30
26 31 27 31
27 27 27 26
27 30 27 31
27 30 30 30
27 30 27 31
27 30 30 30
27 31 28 31
27 31 28 31
28 31 32 31
28 33 31 33
29 12 29 9
29 12 29 13
29 12 21 12
29 12 31 12
29 13 29 12
29 13 29 15
29 13 32 13
29 13 29 12
29 13 32 13
30 10 30 9
30 10 30 11
30 10 31 10
30 29 30 18
30 29 30 30
30 29 32 29
30 30 30 29
30 30 31 30
31 19 31 18
31 19 31 23
31 19 32 19
31 19 31 18
31 19 31 23
31 19 32 19
32 0 32 1
32 1 32 2
32 1 25 1
32 1 33 1
32 14 32 13
32 14 32 15
32 14 33 14
32 14 32 13
32 14 32 15
32 14 33 14
32 31 32 29
32 31 32 32
32 31 33 31
32 31 32 29
32 31 32 32
33 1 33 2
33 1 32 1
33 1 33 2
33 10 33 3
33 10 33 11
33 10 32 10
33 29 33 28
33 29 33 30
33 29 32 29
0 8 1 8
0 16 0 18
0 16 2 16
1 9 1 11
2 3 2 11
2 3 7 3
3 2 4 2
3 4 3 5
3 20 3 19
3 20 3 21
3 20 0 20
3 20 3 19
3 21 3 26
3 28 3 26
3 28 5 28
4 2 4 1
4 19 4 18
4 19 5 19
4 32 4 31
5 19 5 17
5 21 6 21
5 28 5 26
6 26 6 27
6 26 7 26
6 26 6 27
6 26 7 26
6 27 13 27
6 32 9 32
7 20 6 20
7 26 9 26
9 6 13 6
9 26 11 26
9 32 9 33
10 19 9 19
11 26 13 26
12 4 13 4
13 5 13 4
13 5 14 5
13 9 13 10
13 9 11 9
13 10 11 10
13 18 13 17
13 18 9 18
13 18 15 18
14 6 14 5
14 15 4 15
14 19 15 19
14 22 14 23
15 19 14 19
16 2 16 4
16 2 7 2
16 4 16 7
16 4 14 4
16 4 18 4
16 10 17 10
16 18 17 18
16 21 16 23
16 21 17 21
16 23 16 24
16 23 14 23
16 23 17 23
17 0 15 0
17 10 17 9
17 10 17 13
17 10 19 10
17 10 17 9
17 21 17 22
17 23 17 24
18 3 18 4
18 7 18 5
18 7 18 8
18 7 17 7
20 26 20 22
20 26 20 27
20 26 19 26
20 27 19 27
23 22 23 23
23 23 23 26
23 26 23 23
24 21 24 19
25 17 25 16
25 17 20 17
25 17 32 17
25 17 25 16
26 4 26 5
26 4 25 4
26 4 27 4
26 16 25 16
26 16 27 16
26 16 27 16
26 16 27 16
26 18 26 20
26 18 27 18
26 18 26 20
26 18 27 18
27 4 27 3
27 4 27 10
27 10 27 11
27 10 25 10
27 10 27 11
27 11 25 11
27 15 27 16
27 15 27 16
27 26 27 18
28 33 31 33
29 9 29 6
29 9 29 12
29 9 30 9
29 9 29 6
29 9 30 9
30 15 32 15
30 18 30 29
30 18 27 18
30 18 31 18
30 18 27 18
30 18 31 18
30 29 30 30
31 12 31 11
31 12 32 12
31 12 31 11
31 16 32 16
32 1 32 2
32 1 25 1
32 14 32 13
32 14 32 15
32 16 32 17
32 16 31 16
32 16 32 17
32 17 32 18
32 19 32 20
32 20 32 29
32 29 33 29
33 13 33 12
33 13 33 14
33 13 33 12
33 13 33 14
33 14 33 28
33 28 33 29
33 30 33 31
0 19 0 18
0 19 1 19
0 19 0 18
0 19 1 19
1 19 1 18
1 22 1 23
1 22 0 22
1 22 0 22
1 22 0 22
1 25 2 25
2 11 2 16
2 11 1 11
2 11 2 16
2 16 18 16
2 25 2 24
2 25 2 26
2 25 2 24
2 25 2 26
2 31 2 32
2 32 2 31
3 4 3 5
3 5 3 9
3 5 4 5
3 9 3 10
3 9 7 9
3 9 3 10
3 26 4 26
4 27 4 26
5 12 4 12
5 21 6 21
6 21 6 20
7 2 7 3
7 8 7 9
7 8 5 8
7 8 8 8
7 10 7 9
7 10 7 9
8 9 8 8
8 9 9 9
8 9 8 8
8 9 9 9
10 19 9 19
11 9 11 8
11 26 13 26
14 6 14 5
14 15 4 15
14 24 15 24
15 0 4 0
17 8 17 7
17 8 16 8
17 8 18 8
17 23 17 24
19 26 19 21
19 26 19 27
20 17 20 19
20 17 19 17
20 17 20 19
21 12 21 11
22 16 18 16
22 19 22 21
23 16 24 16
23 18 24 18
24 8 24 2
24 8 24 9
24 8 23 8
24 18 23 18
25 1 24 1
27 11 25 11
28 8 28 2
29 5 29 2
29 5 30 5
29 5 30 5
29 5 30 5
32 12 32 11
32 12 33 12
32 12 32 11
33 3 33 10
33 11 33 10
33 11 32 11
33 11 32 11
33 30 33 31
0 18 1 18
0 24 2 24
0 24 2 24
1 14 1 15
1 15 1 14
1 17 4 17
3 18 4 18
4 12 4 14
4 12 3 12
4 18 4 17
4 18 3 18
4 27 4 26
5 8 5 6
5 8 4 8
5 17 6 17
6 17 6 18
6 17 8 17
6 18 6 20
14 5 14 4
14 24 15 24
15 0 4 0
16 24 16 25
18 14 4 14
19 17 19 18
19 19 19 21
19 21 22 21
21 12 21 11
24 1 24 2
24 11 24 10
24 11 21 11
24 11 24 10
24 11 21 11
25 10 25 9
25 10 24 10
25 10 25 9
27 3 27 2
3 12 3 13
3 13 3 14
4 0 4 1
4 8 4 6
4 25 4 24
4 25 13 25
4 25 4 24
4 25 4 24
5 6 5 5
8 24 8 17
8 24 10 24
8 24 10 24
9 17 9 18
9 19 9 21
10 22 9 22
10 22 11 22
10 22 9 22
14 4 14 3
14 4 13 4
14 4 16 4
14 4 14 3
21 11 21 12
24 10 24 9
26 2 24 2
3 0 2 0
4 5 5 5
5 5 5 6
9 23 11 23
11 23 11 22
11 23 12 23
12 22 12 23
13 3 13 4
22 9 22 10
22 9 19 9
24 8 23 8
3 0 2 0
19 8 18 8
19 8 20 8
19 8 18 8
19 8 20 8
19 10 20 10
20 10 19 10
23 8 23 7
23 8 24 8
2 1 2 0
2 1 1 1
23 7 23 6

12302

4 = = = = = = = 6 = = = = = = = 6 = 5 4 1   3   3 - - - - 5 5 1     
3 1 2 6 2       2 2 = 5 - - 4 2 ǁ 1 2 4 |   4 1 ǁ 3 = = 4 ǁ ǁ       
3 5 6 8 = = = = = = = 7 = = = = 7 |     |       6 5 2   ǁ ǁ ǁ 3 2   
2 | 3 ǁ 2 4 - - - 4 2   2 2 5 2 ǁ | 2 2 6 2 - - - - 4 = 6 ǁ ǁ |     
4 7 5 ǁ   2 1 - 2 |     4 = 7 5 ǁ 2 6 4 8 = = = 5 5 3 2 ǁ ǁ 6 7 4   
ǁ ǁ 4 ǁ   3 3 - 4 |     3 4 ǁ ǁ ǁ 2 - 2 ǁ 2       ǁ 1 - 5 ǁ ǁ ǁ 4   
ǁ ǁ 2 ǁ         ǁ |       ǁ ǁ ǁ ǁ 4 3 - 5 3       ǁ 4 3 ǁ ǁ ǁ ǁ 4   
ǁ ǁ 3 6 - - - - 7 5 3     ǁ ǁ ǁ ǁ ǁ     1         ǁ 3 | ǁ ǁ ǁ ǁ ǁ   
ǁ ǁ ǁ ǁ   4 = = 7 4       ǁ ǁ ǁ ǁ 5 = = = = = = 4 ǁ | | ǁ ǁ ǁ ǁ ǁ   
ǁ ǁ ǁ ǁ   4 2 1   2       ǁ ǁ ǁ ǁ 2 2 3 - 3 2 1 ǁ ǁ 2 | ǁ ǁ ǁ 6 7 3 
ǁ ǁ ǁ ǁ   | | |           ǁ ǁ ǁ ǁ   | 2   ǁ 4 | 2 ǁ | | ǁ ǁ ǁ ǁ ǁ 4 
ǁ ǁ ǁ 6   | | 7 7 3 1     3 ǁ ǁ ǁ   |     ǁ 5 4   ǁ 3 | ǁ ǁ 2 ǁ 4 ǁ 
ǁ ǁ ǁ ǁ 2 1 | ǁ ǁ | |       ǁ ǁ ǁ   |     ǁ 2 3   ǁ ǁ | ǁ ǁ   ǁ 2 4 
ǁ ǁ ǁ 3 7 5 2 ǁ 6 4 2       ǁ ǁ ǁ 1 6 = = 8 = = = 7 7 3 ǁ ǁ   ǁ   ǁ 
ǁ ǁ ǁ 2 6 5 2 ǁ 2 1         ǁ 2 ǁ 2 ǁ 2   ǁ 2 5 3 |   2 ǁ ǁ   ǁ   ǁ 
3 ǁ ǁ   ǁ 2 = 6 - 7 3       ǁ   ǁ 6 7 3   ǁ   ǁ 2 4 3 3 ǁ ǁ 2 ǁ   ǁ 
| ǁ 5 = 7 - - 5 2 ǁ 2       ǁ   ǁ 6 8 = = 8 = 6 2 5 5 4 ǁ ǁ ǁ 4 - 6 
2 ǁ |   | 1   5 5 4 6 - - 3 ǁ   ǁ 2 2     3 1 4 2 3 3 2 ǁ ǁ 5 | 4 ǁ 
| ǁ 3 1 3 2 - 5 5   |     ǁ 5 - 7 = = = = = = = = = = = 6 ǁ 3 2 ǁ ǁ 
| ǁ 6 = = = = 2 4 2 6     ǁ   2 ǁ 2 1 1 - 4 - - - - 4 2 ǁ ǁ 3 | 6 4 
| ǁ 4 - - - 4 2 2 ǁ 2     ǁ   ǁ ǁ 4 = 2   | 2 = = = 7 4 ǁ ǁ | | ǁ   
5 6 |       |     ǁ   7 6 6   ǁ ǁ |       |         1   ǁ ǁ 1 | ǁ   
3 | 4 2 3 5 |     5 2 ǁ | 2   6 4 |   3 - 6 = = = = = = 6 ǁ   | ǁ 1 
1 | |   1 4 2 2 4 |   ǁ |     ǁ 1 | 5 = = 8 4 4 = = 4 = 6 ǁ   | ǁ 1 
4 5 5 - - - - - 5 3 4 4 | 2 = 6 2 | 2 2 = 6 = = = 4 2   2 ǁ   | ǁ   
2 3 ǁ   2         2 4 2 |     | 3 6 = = = = = = = = = = = 8   | 6 2 
  ǁ 5 = 8 2         | ǁ |     | 4 | 4 = 2                 ǁ 4 4 ǁ   
  ǁ 2 2 4 - - - - - 4 4 |     5 5 | 5 - - - - - - - 2 1   ǁ 6 5 ǁ   
  ǁ 1 - - - - - 3       |         | ǁ                     ǁ ǁ 3 ǁ 2 
  ǁ 1 - - 4 2 = = 6 = = 7 6 - 1   | ǁ                     ǁ ǁ | ǁ ǁ 
  ǁ 3     5     3 5 5 3 | ǁ   2   | 6 = = = = = = = = = = 8 6 | ǁ ǁ 
  ǁ         2   3   5 5 4 ǁ   | 3 | 4 6 = = = 2           | 2 | 5 5 
1 7 3     1 1     2 2 4 5 5 8 4 4 4 1 3 2 - - - - - - - - 7 = 6 3 3 
  4 2 2 = = = = = = 5 4 3 4 5 - - - - - - - - - - - - - 3 5 3 3 2 2 
