34 34
2 0 0 4 0 0 0 4 1 0 2 0 6 0 0 0 4 4 2 1 0 4 0 2 1 0 3 0 0 0 0 5 1 2 
4 0 0 0 0 6 0 7 0 0 0 0 7 0 0 0 0 0 0 0 0 5 0 0 0 0 0 0 0 0 2 0 2 0 
0 4 4 0 0 5 1 6 0 6 2 3 8 5 1 0 0 0 0 2 0 0 2 3 0 0 0 0 0 6 0 6 4 0 
0 6 4 0 0 0 3 6 3 6 4 4 4 4 0 2 0 0 0 0 0 0 5 4 3 0 0 2 1 0 2 0 3 0 
0 2 0 0 0 0 2 4 5 4 1 2 4 0 4 0 0 0 3 3 0 0 6 4 0 0 0 1 0 0 4 0 4 0 
0 4 6 0 0 6 0 0 0 0 0 0 0 0 0 0 0 0 0 0 0 5 6 0 4 0 0 4 3 0 4 2 0 0 
4 0 5 5 2 0 4 6 0 0 0 5 0 0 0 0 0 0 0 0 0 4 0 0 0 0 0 0 0 7 0 0 7 6 
4 2 2 2 0 0 2 2 0 0 0 0 0 0 0 0 0 0 0 0 0 4 0 0 0 0 0 4 0 0 1 3 0 0 
3 4 3 0 0 0 2 0 0 0 0 0 0 0 0 2 0 5 0 0 0 0 0 0 0 0 0 7 3 0 1 0 0 0 
4 7 5 5 2 0 5 0 0 0 0 4 0 0 1 0 0 4 0 0 0 0 0 0 2 2 4 4 3 0 5 6 0 0 
0 4 0 2 0 0 3 0 0 0 0 0 0 0 0 0 0 0 0 0 0 0 0 0 0 0 5 2 0 0 2 0 0 0 
0 5 5 2 0 0 3 0 0 0 0 0 0 0 0 0 0 0 0 0 0 0 0 0 0 0 0 0 0 7 4 0 0 0 
0 3 0 3 1 0 4 2 1 0 0 0 0 0 0 0 0 3 0 0 0 0 0 0 0 0 0 0 0 4 2 0 0 0 
5 0 0 0 0 5 0 0 0 0 0 0 0 0 0 0 0 0 0 0 0 0 0 0 0 0 0 0 0 0 0 7 5 0 
5 4 2 1 1 0 2 4 0 0 5 2 3 0 4 0 4 2 0 0 4 0 0 0 4 0 0 0 5 3 1 0 0 0 
2 4 0 6 5 0 1 4 2 2 0 2 3 2 1 0 6 0 0 0 0 0 0 0 0 0 0 3 0 4 5 0 0 0 
3 5 2 0 4 5 3 2 2 3 0 4 0 0 0 0 5 0 0 0 0 0 0 1 0 0 0 0 0 0 4 0 0 0 
6 0 0 6 0 0 0 0 0 0 6 0 0 0 0 0 0 0 0 0 0 0 0 0 0 0 0 6 5 5 0 0 0 0 
4 2 2 0 2 3 2 4 4 2 4 0 0 0 0 0 0 0 0 0 0 0 4 0 0 6 4 0 0 0 3 0 0 0 
0 0 0 0 3 6 4 4 0 0 6 0 0 0 0 0 0 0 0 5 5 1 4 4 0 0 0 0 0 0 0 0 0 0 
4 5 5 0 0 0 3 4 4 0 0 3 3 3 0 0 4 2 1 0 0 2 0 5 2 0 0 0 0 0 0 0 0 0 
0 0 0 0 0 0 0 3 6 2 0 2 0 3 0 0 0 0 0 0 6 7 5 0 0 0 0 0 0 0 0 0 1 0 
0 0 0 0 0 0 0 3 5 2 0 0 0 5 1 0 0 4 0 0 4 0 0 0 0 0 0 0 0 0 0 0 1 5 
0 0 1 0 2 0 4 0 0 0 7 0 8 8 0 0 5 0 0 0 6 3 3 5 0 0 0 0 0 0 0 0 2 4 
0 0 0 0 3 0 2 1 1 0 4 3 4 4 2 0 0 0 0 0 4 3 2 4 0 0 0 0 0 5 4 0 4 4 
0 0 0 0 4 5 0 0 0 0 0 0 0 0 0 0 6 5 2 0 4 0 5 0 0 0 0 0 0 0 0 0 4 0 
0 5 0 7 2 0 3 6 0 0 0 0 0 0 0 0 8 4 2 0 0 0 0 0 0 0 2 0 0 0 0 0 0 0 
0 6 0 7 4 0 1 3 0 0 4 0 0 0 0 0 3 6 5 0 4 1 0 0 0 4 3 0 3 0 2 0 3 4 
0 2 2 4 2 0 1 0 0 0 5 4 0 0 2 2 0 6 3 0 0 0 0 4 0 3 0 0 4 0 0 0 2 0 
4 0 0 0 0 6 0 0 0 0 0 0 0 0 0 0 0 0 0 5 6 3 0 1 2 0 3 0 0 0 0 0 0 0 
4 0 0 6 2 0 2 3 0 5 0 0 0 0 0 0 0 0 0 5 0 0 8 0 6 3 2 0 3 4 2 0 0 0 
6 4 2 0 0 0 3 3 0 4 0 4 0 2 0 2 0 0 0 0 0 0 6 4 5 4 2 0 1 0 0 0 0 0 
4 0 0 6 0 6 0 0 0 0 0 0 0 0 0 0 0 0 0 0 0 0 0 0 0 0 0 8 0 0 0 8 6 5 
2 0 0 3 1 4 0 0 0 0 0 0 0 0 0 0 0 0 0 0 0 0 0 4 0 0 0 5 3 4 0 6 2 2 
400 667
0 12 0 10
0 12 0 16
0 12 1 12
0 12 0 10
0 12 0 16
0 12 1 12
0 16 0 17
0 16 14 16
0 17 0 18
0 17 8 17
0 17 0 18
0 31 0 26
0 31 0 32
0 31 2 31
0 33 6 33
0 33 6 33
1 5 1 0
1 5 1 7
1 5 2 5
1 5 1 0
1 5 1 7
1 5 2 5
1 7 1 12
1 7 0 7
1 7 2 7
1 12 1 7
1 12 2 12
1 12 2 12
1 12 2 12
1 21 1 30
1 21 0 21
1 21 5 21
1 32 2 32
2 1 2 2
2 1 3 1
2 1 2 2
2 1 3 1
2 2 2 5
2 2 3 2
2 9 2 7
2 9 2 10
2 9 3 9
2 9 2 7
2 9 2 10
2 9 3 9
2 12 2 11
2 12 2 13
2 12 3 12
2 13 2 12
2 13 2 14
2 13 3 13
2 29 2 23
2 29 2 31
2 29 6 29
2 29 2 23
2 29 2 31
2 29 6 29
2 31 2 32
2 31 0 31
2 31 5 31
2 32 1 32
2 32 3 32
3 1 3 2
3 1 4 1
3 9 3 8
3 9 3 10
3 9 4 9
3 9 3 8
3 10 3 11
3 10 4 10
3 10 3 11
3 22 3 23
3 22 2 22
3 22 4 22
3 30 4 30
3 32 4 32
4 9 4 8
4 9 15 9
4 9 4 8
4 14 4 12
4 14 9 14
4 14 4 12
4 22 4 23
4 22 3 22
4 22 5 22
4 22 4 23
4 22 3 22
4 30 3 30
4 30 5 30
4 30 5 30
4 32 3 32
4 32 6 32
4 32 6 32
5 5 5 2
5 5 2 5
5 5 13 5
5 5 5 2
5 5 2 5
5 5 13 5
5 22 5 21
5 22 5 24
5 22 18 22
5 22 5 21
5 22 5 24
5 30 5 31
5 30 7 30
6 3 6 2
6 3 6 4
6 3 7 3
6 7 6 6
6 7 4 7
6 7 7 7
6 7 6 6
6 7 4 7
6 7 7 7
6 21 5 21
6 21 7 21
6 21 5 21
6 21 7 21
6 29 11 29
6 33 6 32
6 33 22 33
7 21 19 21
7 27 5 27
7 27 8 27
7 27 5 27
7 27 8 27
7 31 9 31
8 17 9 17
8 30 9 30
9 1 9 0
9 1 9 2
9 1 8 1
9 1 10 1
9 11 6 11
9 11 14 11
9 11 6 11
9 11 14 11
9 17 8 17
9 17 12 17
9 17 8 17
9 30 9 31
9 30 10 30
9 30 9 31
9 30 10 30
9 31 7 31
9 31 13 31
9 31 13 31
10 26 10 27
10 26 9 26
10 26 18 26
11 1 11 2
11 1 10 1
11 1 12 1
11 29 11 30
11 29 6 29
11 29 12 29
11 29 11 30
11 29 12 29
11 30 11 29
11 30 12 30
12 17 14 17
12 29 12 30
12 29 14 29
13 0 13 5
13 0 9 0
13 0 14 0
13 32 13 31
13 32 6 32
13 32 21 32
14 10 17 10
14 20 14 17
14 20 19 20
14 20 19 20
14 24 9 24
14 24 20 24
14 24 9 24
14 24 20 24
14 28 14 29
14 28 9 28
14 28 17 28
15 16 15 14
15 16 14 16
15 16 16 16
15 16 14 16
15 16 16 16
15 30 15 29
15 30 14 30
15 30 16 30
16 23 19 23
16 30 15 30
16 30 18 30
16 30 15 30
17 0 17 3
17 0 16 0
17 0 18 0
17 0 17 3
17 0 16 0
17 0 18 0
17 3 17 10
17 3 15 3
17 3 26 3
17 3 17 10
17 27 17 28
17 27 15 27
17 27 32 27
17 27 17 28
17 27 15 27
17 27 32 27
17 29 17 28
17 29 15 29
17 29 24 29
18 0 18 1
18 0 20 0
18 22 19 22
18 25 18 26
18 25 9 25
18 25 27 25
18 25 18 26
18 25 9 25
18 25 27 25
18 26 10 26
18 30 24 30
19 19 19 10
19 19 19 20
19 19 29 19
19 23 19 22
19 23 20 23
19 23 19 22
20 0 20 1
20 0 29 0
20 0 20 1
20 2 20 1
20 2 18 2
20 2 23 2
20 23 20 21
20 23 23 23
21 20 21 21
21 20 19 20
21 20 22 20
21 20 21 21
21 20 19 20
21 20 22 20
21 21 21 22
21 21 20 21
21 21 23 21
21 22 21 21
21 22 23 22
21 22 21 21
21 22 23 22
22 20 23 20
22 33 22 32
22 33 6 33
22 33 23 33
22 33 23 33
23 10 23 6
23 10 23 12
23 10 19 10
23 10 24 10
23 12 23 10
23 12 23 13
23 12 20 12
23 12 24 12
23 13 23 12
23 13 23 16
23 13 22 13
23 13 24 13
23 13 23 12
23 13 23 16
23 13 22 13
23 20 23 21
23 20 22 20
23 20 24 20
23 20 23 21
23 20 24 20
23 33 23 32
23 33 24 33
24 20 24 21
24 20 25 20
24 33 24 32
24 33 27 33
24 33 24 32
25 20 25 22
25 20 27 20
25 20 25 22
25 32 24 32
25 32 27 32
25 32 24 32
25 32 27 32
26 1 26 3
26 1 20 1
26 1 27 1
26 3 26 1
26 3 26 4
26 3 27 3
26 16 26 7
26 16 26 17
26 16 25 16
26 16 27 16
26 16 26 7
26 16 26 17
26 16 25 16
26 16 27 16
26 26 27 26
27 1 27 3
27 1 26 1
27 1 28 1
27 18 27 17
27 18 26 18
27 18 28 18
27 20 27 21
27 20 29 20
27 20 29 20
27 25 27 26
27 25 28 25
27 33 27 32
27 33 32 33
27 33 32 33
28 10 28 6
28 10 28 11
28 10 27 10
28 17 28 15
28 17 28 18
28 17 27 17
28 17 28 15
28 17 28 18
28 17 27 17
29 0 29 5
29 0 30 0
29 0 29 5
29 5 29 19
29 5 25 5
29 5 32 5
29 5 29 19
29 20 29 19
29 20 29 21
29 21 29 20
29 21 29 23
30 0 30 3
30 0 31 0
30 0 30 3
30 3 30 4
30 3 32 3
30 3 30 4
30 3 32 3
30 9 30 7
30 9 30 19
30 9 31 9
30 22 30 19
30 22 30 24
30 22 31 22
30 22 30 19
30 22 30 24
30 22 31 22
30 22 31 22
30 24 30 25
30 24 29 24
30 24 31 24
30 24 30 25
31 1 31 0
31 1 31 2
31 1 31 0
31 1 31 2
31 11 31 9
31 11 31 13
31 11 31 9
31 11 31 13
31 15 31 22
31 15 31 22
31 24 31 23
31 24 31 25
32 3 32 0
32 3 32 5
32 3 33 3
32 3 32 0
32 5 32 27
32 5 33 5
32 27 32 5
32 27 32 31
32 27 33 27
32 31 32 27
32 31 32 32
32 31 13 31
32 31 33 31
33 23 33 5
33 23 33 27
33 23 33 5
33 23 33 27
33 29 33 28
33 29 33 31
33 29 33 28
33 29 33 31
33 31 33 32
33 31 32 31
0 3 0 0
0 3 0 7
0 3 0 0
0 3 0 7
0 7 0 8
0 26 0 24
0 26 0 31
1 0 6 0
1 0 6 0
1 7 2 7
1 30 1 21
2 13 2 12
2 22 2 23
3 1 3 2
3 1 4 1
3 2 5 2
3 13 3 12
3 13 3 15
3 13 3 12
3 15 8 15
3 23 3 24
3 23 4 23
3 23 3 24
4 18 4 19
4 23 4 27
5 1 5 2
5 1 7 1
5 1 5 2
5 1 7 1
5 2 6 2
5 24 5 27
5 27 5 24
6 0 7 0
6 6 4 6
6 6 7 6
6 11 4 11
6 33 6 32
7 0 6 0
7 0 8 0
7 0 8 0
7 6 8 6
8 6 9 6
9 6 10 6
9 26 9 27
9 26 10 26
9 26 9 27
13 32 13 31
13 32 6 32
14 10 17 10
14 14 14 12
14 14 14 16
14 14 14 12
15 3 15 1
15 3 15 4
15 3 14 3
15 13 15 12
15 16 16 16
15 27 10 27
15 29 14 29
15 29 17 29
16 1 16 0
16 1 16 2
16 1 15 1
16 2 16 1
16 4 16 5
16 4 15 4
16 4 16 5
16 4 15 4
16 11 16 16
16 11 15 11
16 11 16 16
16 11 15 11
17 10 18 10
18 22 19 22
18 30 24 30
20 2 20 1
20 2 18 2
20 23 23 23
21 11 20 11
22 8 22 7
22 8 22 9
22 8 21 8
24 13 24 12
24 13 24 14
24 13 24 12
24 21 24 22
24 30 24 29
24 30 27 30
25 16 25 5
25 16 25 17
25 16 23 16
25 16 25 5
25 22 24 22
26 3 26 4
26 3 27 3
26 7 26 6
26 7 27 7
26 7 26 6
26 7 27 7
26 26 27 26
27 1 27 3
27 1 28 1
27 4 27 3
27 4 28 4
27 4 27 3
27 4 28 4
27 17 27 16
27 17 27 18
27 17 26 17
27 18 26 18
28 2 28 3
28 3 28 2
28 3 27 3
28 10 28 11
28 10 27 10
28 11 28 14
28 14 28 11
28 23 28 25
28 23 24 23
28 23 28 25
28 23 24 23
28 28 27 28
28 28 30 28
28 28 27 28
28 28 30 28
28 32 32 32
29 20 29 19
29 24 29 26
29 26 30 26
29 26 30 26
30 19 30 9
30 22 31 22
30 25 31 25
31 0 32 0
31 9 31 7
31 23 31 24
31 23 31 24
31 25 31 26
31 25 31 26
31 28 30 28
32 0 31 0
32 5 33 5
32 27 33 27
32 31 32 32
32 31 13 31
32 32 32 33
32 32 28 32
32 32 33 32
32 33 33 33
32 33 33 33
33 0 33 3
33 0 33 3
33 27 33 28
0 23 0 21
1 21 0 21
2 11 3 11
2 11 3 11
3 12 4 12
3 24 3 27
3 27 3 28
4 12 4 11
4 18 4 19
5 28 8 28
9 6 10 6
9 27 9 28
9 27 8 27
14 2 14 1
14 12 15 12
14 28 9 28
14 28 17 28
15 3 15 1
15 3 15 4
15 12 15 13
16 1 15 1
17 10 18 10
17 29 24 29
18 10 18 9
18 10 19 10
19 10 19 7
19 10 19 19
19 10 23 10
20 8 20 7
20 8 21 8
20 8 20 7
20 8 21 8
21 8 21 7
21 8 21 9
21 8 22 8
21 9 22 9
21 11 20 11
22 8 22 7
23 16 20 16
23 22 23 23
23 23 24 23
24 12 24 11
24 23 23 23
24 29 30 29
25 4 25 5
25 4 24 4
25 4 25 5
25 4 24 4
26 6 27 6
26 17 25 17
27 7 27 10
27 30 30 30
30 9 30 7
30 29 30 30
30 29 24 29
0 21 0 19
2 19 4 19
5 28 8 28
8 27 8 28
9 6 10 6
11 6 12 6
14 1 14 0
14 1 14 2
14 1 14 0
15 0 14 0
15 0 14 0
18 8 18 7
18 8 18 9
18 8 18 7
18 8 18 7
19 5 19 4
19 5 19 6
19 5 18 5
19 5 19 4
19 5 19 6
19 5 18 5
20 11 20 12
22 7 21 7
22 14 22 13
22 17 20 17
22 17 25 17
22 17 20 17
22 17 25 17
23 12 20 12
23 16 20 16
24 11 24 10
25 17 25 18
25 18 20 18
11 6 12 6
13 0 13 5
13 0 9 0
13 5 16 5
14 4 15 4
16 5 16 6
18 4 18 5
18 4 19 4
18 7 18 6
19 7 19 6
19 7 20 7
19 7 19 6
20 7 20 6
20 16 20 13
22 13 21 13
24 11 24 10
9 0 9 1
11 6 12 6
12 6 12 7
16 5 16 6
20 6 23 6
20 16 20 13
21 13 20 13
21 13 22 13
24 10 24 8
8 0 8 1
8 1 8 2
8 1 9 1
20 6 23 6
23 4 23 6
23 4 24 4
24 6 24 7

3398

2 = = 4 = = = 4 1   2 = 6 = = = 4 4 2 1 - 4 - 2 1 - 3 = = = = 5 1 2 
4 = = = = 6 = 7 = = = = 7       | |       5 = = = = = = = = 2 ǁ 2 ǁ 
ǁ 4 4 - - 5 1 6 = 6 2 3 8 5 1   | |   2   | 2 3 = = = = = 6 = 6 4 ǁ 
ǁ 6 4     ǁ 3 6 3 6 4 4 4 4 - 2 | |   |   | 5 4 3 - - 2 1 ǁ 2 | 3 ǁ 
ǁ 2 |     ǁ 2 4 5 4 1 2 4 = 4 | | | 3 3   | 6 4 - - - 1   ǁ 4 | 4 ǁ 
ǁ 4 6 = = 6 | ǁ   |   |     | | | |       5 6 = 4 = = 4 3 ǁ 4 2 ǁ ǁ 
4 ǁ 5 5 2 ǁ 4 6   |   5     | | | |       4 |         ǁ ǁ 7 |   7 6 
4 2 2 2   ǁ 2 2   |   ǁ     | | | |       4 |         4 ǁ ǁ 1 3 ǁ ǁ 
3 4 3     ǁ 2     |   ǁ     | 2 | 5       | |         7 3 ǁ 1 ǁ ǁ ǁ 
4 7 5 5 2 ǁ 5     |   4     1   | 4       | |   2 2 4 4 3 ǁ 5 6 ǁ ǁ 
ǁ 4   2   ǁ 3     |   ǁ         | |       | |   ǁ ǁ 5 2 ǁ ǁ 2 ǁ ǁ ǁ 
ǁ 5 5 2   ǁ 3     |   ǁ         | |       | |   ǁ ǁ ǁ | ǁ 7 4 ǁ ǁ ǁ 
ǁ 3   3 1 ǁ 4 2 1 |   ǁ         | 3       | |   ǁ ǁ ǁ | ǁ 4 2 ǁ ǁ ǁ 
5 = = = = 5       |   ǁ         | |       | |   ǁ ǁ ǁ | ǁ |   7 5 ǁ 
5 4 2 1 1 | 2 4   | 5 2 3 = 4 - 4 2 - - 4 | |   4 ǁ ǁ | 5 3 1 ǁ | ǁ 
2 4 = 6 5 | 1 4 2 2 ǁ 2 3 2 1 - 6       ǁ | |   ǁ ǁ ǁ 3 ǁ 4 5 ǁ | ǁ 
3 5 2 | 4 5 3 2 2 3 ǁ 4 = = = = 5       ǁ | | 1 ǁ ǁ ǁ ǁ ǁ ǁ 4 ǁ | ǁ 
6 = = 6 = = = = = = 6                   ǁ | | | ǁ ǁ ǁ 6 5 5 | ǁ | ǁ 
4 2 2 | 2 3 2 4 4 2 4                   ǁ | 4 | ǁ 6 4 ǁ   ǁ 3 ǁ | ǁ 
|   ǁ | 3 6 4 4 - - 6 = = = = = = = = 5 5 1 4 4 ǁ ǁ   ǁ   ǁ ǁ ǁ | ǁ 
4 5 5 |     3 4 4   ǁ 3 3 3 = = 4 2 1 | ǁ 2 - 5 2 ǁ   ǁ   ǁ ǁ ǁ | ǁ 
| | | |     ǁ 3 6 2 ǁ 2 ǁ 3     ǁ ǁ | | 6 7 5 ǁ   ǁ   ǁ   ǁ ǁ ǁ 1 ǁ 
| | | |     ǁ 3 5 2 ǁ   ǁ 5 1   ǁ 4 | | 4 | ǁ ǁ   ǁ   ǁ   ǁ ǁ ǁ 1 5 
| | 1 | 2 - 4 - - - 7 = 8 8 = = 5 ǁ | | 6 3 3 5   ǁ   ǁ   ǁ ǁ ǁ 2 4 
| |   | 3   2 1 1 - 4 3 4 4 2   | ǁ | | 4 3 2 4   ǁ   ǁ   5 4 ǁ 4 4 
| |   | 4 5 = = = = = = = = = = 6 5 2 | 4 = 5 ǁ   ǁ   ǁ   ǁ | ǁ 4 | 
| 5 = 7 2 | 3 6 = = = = = = = = 8 4 2 | |     ǁ   ǁ 2 ǁ   ǁ | ǁ ǁ | 
| 6 = 7 4 | 1 3 - - 4           3 6 5 | 4 1   ǁ   4 3 ǁ 3 ǁ 2 ǁ 3 4 
| 2 2 4 2 | 1 - - - 5 4 = = 2 2 = 6 3 | ǁ     4 = 3   ǁ 4 ǁ | ǁ 2 ǁ 
4 = = = = 6 = = = = = = = = = = = = = 5 6 3 - 1 2 - 3 ǁ ǁ ǁ | ǁ ǁ ǁ 
4 = = 6 2 | 2 3 = 5 = = = = = = = = = 5 = = 8 = 6 3 2 ǁ 3 4 2 ǁ ǁ ǁ 
6 4 2 ǁ   | 3 3 - 4 = 4 = 2   2 = = = = = = 6 4 5 4 2 ǁ 1     ǁ ǁ ǁ 
4 = = 6 - 6 = = = = = = = = = = = = = = = = = = = = = 8 = = = 8 6 5 
2 = = 3 1 4 = = = = = = = = = = = = = = = = = 4 = = = 5 3 4 = 6 2 2 
