34 34
2 4 0 0 0 5 0 0 0 6 0 0 0 0 0 0 0 0 0 0 0 2 1 2 2 0 0 0 0 0 6 2 1 2 
1 4 0 5 2 0 3 5 3 0 4 4 0 0 0 0 0 3 0 0 0 0 0 6 0 0 0 0 0 0 7 0 5 5 
2 7 3 0 2 0 0 0 3 0 5 3 0 0 6 0 0 0 2 1 2 0 3 0 2 3 2 1 2 2 0 2 0 0 
2 0 2 0 0 0 3 0 0 0 0 4 0 0 8 3 0 0 1 0 2 4 0 0 2 7 6 1 0 3 0 0 0 0 
0 3 0 4 0 0 0 0 4 0 0 5 1 2 0 3 6 5 2 4 0 7 4 0 2 0 6 4 0 0 0 0 0 0 
0 3 2 0 3 0 0 0 2 0 0 6 6 5 0 0 2 0 0 3 2 0 2 0 0 0 4 4 0 0 0 0 0 0 
4 0 2 0 0 3 0 0 2 0 0 4 4 3 0 4 0 6 6 0 0 6 2 0 6 7 0 0 6 5 0 0 0 0 
0 0 4 0 0 0 0 0 0 0 0 3 3 2 0 4 2 0 0 4 2 4 3 0 0 0 3 2 3 0 0 0 0 0 
0 3 0 0 0 0 3 0 0 0 5 0 0 0 7 0 0 6 6 6 2 0 1 0 4 0 2 0 2 0 0 4 0 0 
0 0 0 0 0 0 2 0 0 0 0 2 3 2 6 0 0 4 0 0 0 6 2 0 2 0 2 6 0 3 0 0 0 0 
5 8 4 0 0 4 0 8 4 0 5 0 5 0 0 0 0 0 0 0 0 0 0 6 0 5 0 5 4 4 0 0 0 0 
0 4 1 0 0 2 3 6 2 0 4 1 2 2 0 6 0 2 2 4 0 0 0 5 3 0 2 2 2 4 0 0 0 0 
0 3 2 0 0 0 4 4 1 0 3 0 0 0 0 5 0 0 0 0 0 0 0 2 3 4 5 5 5 4 0 0 4 0 
4 0 0 4 5 7 0 0 0 7 0 0 0 0 0 0 0 0 0 0 0 0 0 0 0 0 0 0 0 0 7 5 0 0 
2 3 1 0 2 0 2 4 2 0 4 0 0 5 0 3 0 0 0 0 0 0 0 0 0 0 0 0 0 0 0 0 4 0 
2 6 2 0 2 0 5 5 3 0 0 4 4 0 0 0 0 0 0 0 0 0 0 0 0 0 0 0 0 0 0 0 4 0 
2 0 3 6 4 0 0 1 4 0 0 3 3 0 0 0 0 0 0 0 0 0 0 0 0 0 0 0 0 0 0 0 3 0 
0 0 0 0 2 0 0 0 0 0 0 0 0 0 0 0 0 0 0 0 0 0 0 0 0 0 0 0 0 0 0 3 3 0 
0 0 0 0 5 7 6 5 5 0 5 5 4 0 0 0 0 0 0 0 0 0 0 0 0 0 0 0 0 0 0 2 0 0 
0 0 0 0 4 0 2 1 2 0 0 3 4 0 0 2 0 0 0 0 0 0 0 0 0 0 0 0 0 0 0 0 0 0 
3 0 0 0 2 0 1 0 3 0 0 2 2 0 0 0 0 0 0 0 0 0 0 0 0 0 0 0 0 0 0 6 5 0 
2 0 0 0 4 8 0 5 5 0 3 4 0 0 0 0 0 0 0 0 0 0 0 0 0 0 0 0 0 0 0 0 4 0 
2 0 0 0 6 8 5 4 1 0 1 2 0 0 0 0 0 0 0 0 0 0 0 0 0 0 0 0 0 0 0 0 0 3 
0 0 0 0 0 0 0 0 2 0 4 7 4 0 0 0 0 0 0 0 0 0 0 0 0 0 0 0 0 0 0 6 6 1 
0 0 0 0 0 0 1 0 0 0 0 0 2 0 0 0 0 0 0 0 0 0 0 0 0 0 0 0 0 0 0 0 4 2 
0 0 2 0 0 0 1 0 0 0 0 5 6 0 0 0 0 0 0 0 0 0 0 0 0 0 0 0 0 0 0 0 4 0 
0 0 0 0 0 6 5 4 3 0 0 3 4 0 0 0 0 0 0 0 0 0 0 0 0 0 0 0 0 0 0 0 2 0 
0 0 2 0 4 3 4 5 4 0 6 0 0 6 0 0 0 0 0 0 0 0 0 0 0 0 0 0 0 0 5 6 3 0 
0 0 1 0 4 4 0 3 4 0 4 4 2 1 4 0 0 0 0 0 0 0 2 2 0 0 3 2 1 2 0 3 4 0 
0 4 0 7 0 0 0 0 0 6 0 0 0 0 6 0 0 0 0 0 0 0 0 0 0 0 7 6 0 0 0 4 7 6 
5 0 0 7 0 0 6 4 4 0 2 4 5 0 6 5 5 3 0 5 6 6 0 6 3 0 3 4 0 0 0 3 2 4 
0 3 0 6 4 2 4 3 3 0 0 2 2 2 6 5 5 4 2 0 2 5 3 0 2 0 0 6 4 3 0 0 3 3 
4 3 0 0 0 0 0 0 0 5 5 0 0 0 0 0 0 0 0 6 0 4 3 4 0 0 0 0 0 0 4 6 8 2 
2 2 1 1 0 0 0 3 0 5 0 0 0 0 0 0 0 0 0 0 0 0 0 0 0 0 0 0 0 0 2 4 5 1 
400 669
0 5 0 1
0 5 0 9
0 5 6 5
0 9 0 5
0 9 0 21
0 9 13 9
0 30 0 24
0 30 0 31
0 30 1 30
0 30 0 24
0 30 0 31
0 30 1 30
1 3 1 1
1 3 1 4
1 3 4 3
1 7 1 6
1 7 1 8
1 7 10 7
1 10 1 11
1 10 2 10
1 10 1 11
1 10 2 10
1 11 1 17
1 11 2 11
1 30 1 23
1 30 1 32
1 30 13 30
1 33 1 32
1 33 0 33
1 33 22 33
2 1 2 0
2 1 2 2
2 1 1 1
2 1 4 1
2 14 2 11
2 14 2 18
2 14 3 14
2 14 2 11
2 14 2 18
2 14 3 14
2 31 8 31
3 11 3 14
3 11 4 11
3 11 3 14
3 11 4 11
3 14 3 15
3 14 8 14
3 25 3 24
3 25 3 26
3 25 2 25
3 25 6 25
4 8 2 8
4 8 5 8
4 8 2 8
4 8 5 8
4 16 4 15
4 16 4 17
4 16 5 16
4 16 4 15
4 16 4 17
4 16 5 16
4 21 4 19
4 21 4 22
4 21 3 21
4 21 6 21
4 26 4 27
4 26 3 26
4 26 5 26
4 26 4 27
4 26 3 26
4 26 5 26
4 27 3 27
4 27 5 27
5 11 5 12
5 11 4 11
5 11 6 11
5 11 5 12
5 11 4 11
5 11 6 11
5 12 5 13
5 12 4 12
5 12 6 12
5 12 5 13
5 26 5 27
5 26 7 26
5 27 7 27
5 27 7 27
6 8 10 8
6 11 6 12
6 11 7 11
6 12 6 13
6 12 7 12
6 25 6 24
6 25 3 25
6 25 10 25
6 25 6 24
6 25 10 25
6 25 6 24
6 28 6 29
6 28 2 28
6 28 7 28
6 28 6 29
6 28 2 28
6 28 7 28
7 2 6 2
7 2 10 2
7 2 6 2
7 2 10 2
7 26 8 26
7 28 8 28
8 10 8 14
8 10 2 10
8 10 10 10
8 31 2 31
8 31 13 31
8 31 13 31
9 27 9 26
9 27 9 29
9 27 10 27
9 27 9 26
9 27 9 29
9 27 10 27
10 0 10 1
10 0 6 0
10 0 13 0
10 1 10 0
10 1 10 2
10 1 8 1
10 1 11 1
10 1 10 0
10 1 10 2
10 1 8 1
10 7 10 5
10 7 10 8
10 7 1 7
10 7 11 7
11 1 11 2
11 1 12 1
11 1 12 1
12 32 1 32
12 32 14 32
12 32 1 32
12 32 14 32
13 0 13 3
13 0 14 0
13 0 13 3
13 5 13 4
13 5 13 9
13 5 11 5
13 5 18 5
14 32 14 15
14 32 15 32
15 6 15 7
15 6 14 6
15 6 18 6
15 32 15 12
15 32 16 32
15 32 15 12
18 4 18 5
18 4 17 4
18 4 19 4
20 32 20 31
20 32 17 32
20 32 21 32
21 5 21 4
21 5 21 7
21 5 18 5
21 5 22 5
21 5 21 4
21 5 21 7
21 5 18 5
21 5 22 5
22 5 22 4
22 5 22 6
22 5 26 5
23 11 23 10
23 11 23 12
23 11 22 11
23 11 25 11
26 5 26 6
26 5 22 5
26 5 27 5
27 13 27 10
27 13 27 30
27 13 28 13
27 13 27 10
27 13 27 30
28 14 28 22
28 14 29 14
28 14 28 22
28 14 29 14
29 3 29 1
29 3 29 9
29 3 16 3
29 3 30 3
29 14 29 9
29 14 29 26
29 14 30 14
29 14 29 9
29 26 29 27
29 26 28 26
29 26 30 26
29 32 29 31
29 32 29 33
29 32 28 32
29 32 30 32
29 33 29 32
29 33 24 33
29 33 30 33
29 33 29 32
29 33 24 33
30 0 30 3
30 0 22 0
30 0 32 0
30 6 30 3
30 6 30 7
30 6 31 6
30 6 30 3
30 6 30 7
30 6 31 6
30 7 30 8
30 7 31 7
30 8 30 10
30 8 31 8
30 8 30 10
30 11 30 12
30 11 31 11
30 11 30 12
30 11 31 11
30 14 30 12
30 14 30 15
30 14 31 14
30 14 30 12
30 14 30 15
30 16 30 15
30 16 30 17
30 16 31 16
30 19 30 17
30 19 30 20
30 19 32 19
30 20 30 19
30 20 30 21
30 20 31 20
30 20 30 19
30 20 30 21
30 21 30 23
30 21 31 21
30 21 30 23
30 21 31 21
30 23 30 24
30 23 32 23
30 23 30 24
30 23 32 23
30 33 30 32
30 33 31 33
30 33 31 33
31 4 31 3
31 4 31 5
31 4 31 3
31 4 31 5
31 6 31 7
31 6 31 7
31 15 31 14
31 15 31 16
31 15 30 15
31 18 31 17
31 20 31 21
31 27 31 24
31 27 31 28
31 27 30 27
31 27 31 24
31 27 31 28
31 27 30 27
31 28 31 29
31 28 28 28
32 9 32 1
32 9 32 10
32 9 33 9
32 10 32 9
32 10 32 19
32 10 32 9
32 10 32 19
32 19 32 21
32 23 32 22
32 23 32 30
32 32 32 31
32 32 32 33
32 32 31 32
32 32 33 32
32 32 32 31
32 32 32 33
32 32 31 32
32 32 33 32
33 7 33 3
33 7 33 9
33 7 33 9
33 9 33 30
33 9 33 30
33 31 33 32
33 31 32 31
33 31 33 32
33 31 32 31
33 32 33 33
0 9 0 21
0 9 13 9
1 8 1 7
1 8 2 8
1 17 1 23
2 10 8 10
2 27 2 26
2 29 3 29
3 14 3 15
3 14 8 14
3 26 3 25
3 26 2 26
3 26 3 25
4 13 5 13
6 0 3 0
6 8 10 8
6 24 6 22
6 24 4 24
6 24 8 24
7 11 7 12
7 26 8 26
8 1 5 1
8 24 8 22
8 24 9 24
8 24 9 24
9 6 8 6
9 14 9 13
9 14 9 17
9 14 8 14
9 14 9 13
9 14 9 17
9 14 8 14
9 21 9 17
9 21 9 22
9 21 7 21
9 21 9 17
9 21 9 22
9 21 7 21
10 7 10 5
10 7 10 8
10 7 11 7
10 23 10 12
10 23 10 25
10 23 11 23
10 23 10 12
10 23 10 25
10 23 11 23
11 7 11 6
11 7 11 8
11 7 12 7
11 7 11 6
11 8 12 8
11 15 11 13
11 15 11 17
11 15 12 15
11 15 11 13
11 15 11 17
11 15 12 15
11 18 11 19
11 19 11 18
11 19 11 23
11 19 11 23
12 1 12 2
12 6 12 7
12 6 11 6
12 6 12 7
12 6 12 7
12 26 12 25
12 26 12 27
12 26 11 26
12 28 12 27
12 28 12 29
12 28 11 28
12 29 12 28
12 29 11 29
12 29 12 28
13 30 13 9
13 30 13 31
13 30 1 30
13 30 13 9
13 30 13 31
13 30 13 31
14 15 14 13
15 12 15 11
15 12 16 12
19 4 18 4
19 4 20 4
19 4 18 4
19 15 19 12
20 4 21 4
21 4 22 4
22 4 22 5
22 4 27 4
22 4 22 5
22 4 27 4
22 6 22 7
22 6 24 6
22 6 22 7
26 5 26 6
26 5 27 5
27 4 27 5
27 4 28 4
27 6 27 7
27 6 26 6
27 6 27 7
27 6 26 6
27 10 27 8
27 10 23 10
27 10 28 10
27 10 27 8
28 2 27 2
28 4 28 5
28 5 28 4
28 5 28 7
28 5 28 4
28 10 28 8
28 10 28 11
28 10 28 8
28 11 28 12
28 12 28 11
28 23 28 26
29 1 29 3
29 1 15 1
29 1 15 1
29 9 29 3
29 26 29 27
29 26 28 26
29 26 30 26
29 27 28 27
29 27 30 27
29 27 28 27
29 27 30 27
30 12 31 12
30 24 30 26
31 3 31 1
31 3 30 3
31 3 31 1
31 3 30 3
31 12 31 13
31 13 31 14
31 14 31 15
31 18 31 17
31 33 31 32
32 19 32 21
32 21 32 22
32 21 31 21
32 22 31 22
32 30 32 31
32 30 27 30
32 30 32 31
33 2 33 1
0 22 0 23
0 23 1 23
1 6 3 6
1 17 1 23
1 23 1 30
2 25 2 24
2 25 2 24
2 29 3 29
3 29 6 29
4 13 5 13
5 13 6 13
6 0 3 0
6 13 7 13
6 29 9 29
7 11 7 12
7 15 7 16
7 15 6 15
7 15 7 16
7 15 6 15
8 17 8 14
8 17 8 18
8 17 6 17
8 17 8 14
8 17 8 18
8 17 6 17
8 18 8 19
8 18 6 18
8 18 8 19
8 18 6 18
8 19 8 20
8 19 7 19
8 19 8 20
8 19 7 19
9 6 8 6
10 5 6 5
10 5 11 5
10 29 10 28
10 29 11 29
10 29 10 28
10 29 11 29
11 29 11 28
13 5 13 4
13 5 13 9
13 5 18 5
14 13 14 10
14 13 14 15
14 13 14 10
15 1 15 0
15 1 15 2
15 1 14 1
15 1 15 0
15 11 15 8
15 11 16 11
15 11 15 8
16 0 20 0
17 4 16 4
18 5 18 6
18 5 18 6
18 6 18 7
18 6 15 6
18 6 19 6
18 7 18 8
18 7 16 7
18 7 19 7
18 7 18 8
18 10 18 8
18 10 18 11
18 10 21 10
19 6 20 6
19 15 19 12
22 6 22 7
25 6 26 6
27 2 25 2
27 30 27 31
28 8 28 7
28 8 27 8
28 29 31 29
30 31 29 31
31 1 32 1
31 14 31 15
31 16 31 17
31 16 30 16
31 17 31 16
31 21 31 22
31 29 28 29
1 6 3 6
3 6 8 6
6 5 0 5
6 15 6 17
6 15 4 15
6 18 6 17
6 18 6 21
6 18 4 18
6 18 6 17
6 21 6 22
6 21 4 21
6 21 7 21
6 21 7 21
7 19 7 20
7 20 7 19
8 10 10 10
10 28 10 27
14 0 14 1
14 1 14 2
14 10 14 8
16 0 20 0
16 4 16 3
16 4 15 4
16 4 16 3
20 0 21 0
21 0 22 0
25 2 16 2
27 8 27 7
27 30 27 31
27 31 27 32
27 31 23 31
27 31 28 31
27 31 27 32
28 7 27 7
30 0 30 3
30 0 32 0
30 15 30 16
30 31 29 31
32 0 32 1
32 0 33 0
33 0 33 1
0 1 0 0
0 1 1 1
0 1 0 0
3 15 3 18
5 20 5 19
5 22 4 22
6 17 4 17
10 28 10 27
14 10 14 8
16 3 16 2
16 3 13 3
16 3 29 3
23 31 23 12
23 31 23 32
23 31 20 31
23 31 23 12
23 31 23 32
23 32 23 33
23 32 21 32
23 32 24 32
23 32 21 32
24 32 25 32
25 12 25 11
25 12 24 12
25 12 26 12
25 12 25 11
25 12 24 12
25 12 26 12
25 32 24 32
25 32 26 32
25 32 24 32
26 12 26 11
26 32 27 32
27 7 26 7
28 32 28 31
28 32 29 32
28 32 28 31
29 31 30 31
4 17 4 18
5 20 5 19
5 22 4 22
13 3 13 4
14 7 14 6
14 7 15 7
14 7 15 7
14 7 15 7
15 2 16 2
15 4 14 4
15 6 15 7
15 8 16 8
16 8 16 11
16 8 18 8
16 8 16 11
20 31 20 12
20 31 20 32
20 31 18 31
20 31 20 12
21 32 20 32
22 33 1 33
23 12 23 11
26 7 26 8
26 7 22 7
26 7 26 8
26 8 23 8
26 12 26 11
4 3 4 1
4 3 1 3
4 3 4 1
5 1 5 2
5 1 5 2
5 19 4 19
14 4 13 4
19 12 19 11
19 12 18 12
21 7 21 8
26 11 25 11
2 1 2 0
2 1 2 2
2 1 1 1
2 2 3 2
4 19 4 21
4 19 2 19
13 4 5 4
21 7 21 8
25 11 23 11
1 3 1 4
2 4 5 4
5 4 2 4
21 7 21 8

3675

2 4 - - - 5 = = = 6 = = = = = = = = = = = 2 1 2 2 = = = = = 6 2 1 2 
1 4 - 5 2 ǁ 3 5 3 ǁ 4 4 - - - - - 3 = = = = = 6 = = = = = = 7 - 5 5 
2 7 3 ǁ 2 ǁ ǁ ǁ 3 ǁ 5 3 = = 6 = = = 2 1 2   3   2 3 2 1 2 2 ǁ 2 ǁ ǁ 
2 | 2 ǁ ǁ ǁ 3 ǁ ǁ ǁ ǁ 4 = = 8 3 - - 1 | 2 4     2 7 6 1 ǁ 3 ǁ ǁ ǁ ǁ 
ǁ 3 = 4 ǁ ǁ | ǁ 4 ǁ ǁ 5 1 2 ǁ 3 6 5 2 4 = 7 4   2 ǁ 6 4 ǁ | ǁ ǁ ǁ ǁ 
ǁ 3 2   3 ǁ | ǁ 2 ǁ ǁ 6 6 5 ǁ | 2 | | 3 2 ǁ 2   | ǁ 4 4 ǁ | ǁ ǁ ǁ ǁ 
4 | 2   | 3 | ǁ 2 ǁ ǁ 4 4 3 ǁ 4 - 6 6 - - 6 2 - 6 7 | ǁ 6 5 ǁ ǁ ǁ ǁ 
| | 4   | | | ǁ ǁ ǁ ǁ 3 3 2 ǁ 4 2 ǁ ǁ 4 2 4 3   | ǁ 3 2 3 | ǁ ǁ ǁ ǁ 
| 3 ǁ   | | 3 ǁ ǁ ǁ 5 - - - 7 = = 6 6 6 2 ǁ 1 - 4 ǁ 2   2 | ǁ 4 ǁ ǁ 
| ǁ ǁ   | | 2 ǁ ǁ ǁ ǁ 2 3 2 6 = = 4 = = = 6 2   2 ǁ 2 6 = 3 ǁ ǁ ǁ ǁ 
5 8 4   | 4 = 8 4 ǁ 5   5 = = = = = = = = = = 6 = 5   5 4 4 ǁ ǁ ǁ ǁ 
| 4 1   | 2 3 6 2 ǁ 4 1 2 2 = 6 = 2 2 4 = = = 5 3   2 2 2 4 ǁ ǁ ǁ ǁ 
| 3 2   | | 4 4 1 ǁ 3         5               2 3 4 5 5 5 4 ǁ ǁ 4 ǁ 
4 = = 4 5 7 = = = 7 = = = = = = = = = = = = = = = = = = = = 7 5 ǁ ǁ 
2 3 1 | 2 ǁ 2 4 2 = 4 = = 5 = 3 - - - - - - - - - - - - - - - - 4 ǁ 
2 6 2 | 2 ǁ 5 5 3 = = 4 4 = = = = = = = = = = = = = = = = = = = 4 ǁ 
2 ǁ 3 6 4 ǁ ǁ 1 4 = = 3 3                                       3 ǁ 
ǁ ǁ | ǁ 2 ǁ ǁ | |                                             3 3 ǁ 
ǁ ǁ | ǁ 5 7 6 5 5 - 5 5 4                                     2 | ǁ 
ǁ ǁ | ǁ 4 ǁ 2 1 2   | 3 4 = = 2                               | | ǁ 
3 ǁ | ǁ 2 ǁ 1   3   | 2 2 = = = = = = = = = = = = = = = = = = 6 5 ǁ 
2 ǁ | ǁ 4 8 = 5 5   3 4                                       | 4 ǁ 
2 ǁ | ǁ 6 8 5 4 1   1 2                                       | ǁ 3 
| ǁ | ǁ ǁ ǁ | | 2   4 7 4 = = = = = = = = = = = = = = = = = = 6 6 1 
| ǁ | ǁ ǁ ǁ 1 | |   | ǁ 2                                     | 4 2 
| ǁ 2 ǁ ǁ ǁ 1 | |   | 5 6                                     | 4 ǁ 
| ǁ | ǁ ǁ 6 5 4 3   | 3 4                                     | 2 ǁ 
| ǁ 2 ǁ 4 3 4 5 4 = 6 = = 6 = = = = = = = = = = = = = = = = 5 6 3 ǁ 
| ǁ 1 ǁ 4 4 - 3 4 = 4 4 2 1 4 = = = = = = = 2 2 - - 3 2 1 2 | 3 4 ǁ 
| 4 = 7 = = = = = 6 = = = = 6 - - - - - - - - - - - 7 6 | ǁ | 4 7 6 
5 = = 7 = = 6 4 4 = 2 4 5 = 6 5 5 3 - 5 6 6 = 6 3 - 3 4 | ǁ | 3 2 4 
ǁ 3 = 6 4 2 4 3 3     2 2 2 6 5 5 4 2 | 2 5 3 ǁ 2 = = 6 4 3 |   3 3 
4 3 - - - - - - - 5 5 = = = = = = = = 6 = 4 3 4 - - - - - - 4 6 8 2 
2 2 1 1 - - - 3 = 5 = = = = = = = = = = = = = = = = = = = = 2 4 5 1 
