34 34
3 5 0 0 0 0 0 0 5 2 0 2 2 0 0 0 5 0 0 3 0 2 0 2 0 0 0 0 0 0 0 0 0 3 
4 4 4 4 0 0 4 2 0 3 3 2 3 0 0 0 6 0 0 0 0 0 0 0 0 0 0 0 0 0 0 0 2 0 
2 3 8 0 0 0 0 0 8 4 2 0 4 0 2 2 5 0 0 0 0 0 0 0 0 0 0 0 0 0 2 1 0 0 
0 3 7 2 1 2 1 2 0 4 0 7 0 0 0 0 0 0 0 0 0 0 0 0 0 0 0 0 0 0 0 0 5 0 
0 2 4 4 4 0 5 4 0 4 2 4 2 5 0 0 4 2 3 0 0 0 0 5 0 0 0 0 0 0 2 2 0 0 
0 3 0 0 4 0 0 2 0 5 3 3 4 5 2 1 0 0 3 2 0 0 0 4 0 0 0 0 4 2 0 0 0 0 
5 0 0 0 0 8 8 4 0 2 0 0 0 0 0 0 4 0 0 0 0 0 0 0 0 0 0 0 0 0 6 6 0 3 
0 0 0 0 0 0 0 3 6 0 0 0 4 0 5 4 4 0 0 0 0 0 0 0 0 2 0 0 0 0 0 0 0 0 
0 0 0 0 0 0 0 2 0 4 5 0 5 3 5 0 0 3 0 0 1 0 0 0 0 0 0 0 0 0 0 2 0 0 
0 0 0 2 0 4 5 1 0 4 6 4 6 2 4 0 0 0 0 0 0 0 0 0 0 4 0 0 0 0 0 0 0 0 
0 2 0 0 0 0 5 1 0 0 0 0 2 0 4 0 0 0 0 0 0 0 2 0 0 4 0 0 4 2 0 0 0 0 
6 0 0 0 0 0 0 0 7 0 0 0 0 0 0 0 0 0 0 0 0 0 0 0 0 0 0 0 0 0 8 0 7 6 
0 0 1 0 5 4 4 4 0 4 0 0 0 4 3 0 0 4 1 4 4 0 0 0 0 0 0 0 0 0 0 0 0 0 
0 2 2 0 6 4 3 4 0 4 0 4 1 0 0 3 1 0 0 0 4 0 0 0 0 2 0 0 0 0 0 0 0 0 
0 0 5 2 0 0 0 4 0 4 0 3 0 0 5 8 2 0 0 0 0 0 0 0 0 0 0 0 0 0 0 0 0 2 
0 0 0 0 0 0 0 0 0 0 0 0 0 0 4 5 1 0 4 6 0 0 0 0 0 0 0 0 0 0 6 1 0 2 
4 0 3 0 0 0 0 4 0 0 0 0 0 0 0 0 0 0 2 0 2 4 0 0 0 0 0 0 4 0 5 1 0 0 
0 0 0 0 0 0 0 0 0 6 0 0 0 8 0 0 0 7 0 6 0 0 0 5 4 4 0 0 0 0 0 0 6 6 
0 4 0 0 0 0 0 0 0 5 4 3 0 0 2 0 0 0 2 0 4 5 4 4 6 0 0 0 0 0 0 0 0 4 
0 0 5 0 7 0 6 4 0 6 6 4 0 0 0 0 0 0 3 3 0 0 4 5 4 0 0 0 2 0 0 0 0 0 
0 0 4 1 0 1 3 1 0 4 0 0 0 5 8 0 0 6 1 1 4 5 0 7 2 0 0 0 0 0 0 0 0 0 
0 0 3 2 0 0 0 0 0 2 0 0 1 0 4 4 4 5 4 2 2 0 2 0 2 0 2 0 7 0 1 0 0 4 
0 4 0 0 7 0 0 0 7 0 0 0 0 0 0 0 0 0 0 0 0 7 5 0 0 0 3 2 0 0 0 0 0 0 
0 2 3 2 0 2 6 4 0 4 0 0 5 6 3 0 4 0 0 6 3 0 2 0 0 0 3 0 5 0 0 0 5 6 
0 2 5 0 4 0 7 6 0 4 4 2 0 2 0 1 3 0 0 0 0 0 2 8 4 0 2 5 0 5 0 0 3 4 
0 4 8 0 5 3 0 4 0 2 4 0 6 0 5 0 0 0 0 5 3 0 0 4 2 0 0 2 0 0 1 0 0 4 
0 0 0 1 0 4 0 0 0 0 2 0 0 0 0 4 0 4 0 0 0 8 0 4 2 0 0 4 0 8 5 2 0 2 
0 0 0 0 0 3 6 3 0 2 0 0 0 2 0 2 1 0 3 0 0 7 0 3 1 0 1 0 2 4 0 0 0 2 
0 0 5 3 0 0 2 0 0 0 0 0 0 0 0 1 5 0 0 0 3 0 0 3 4 0 0 0 0 0 0 0 0 0 
0 0 1 0 0 0 0 0 0 4 7 0 6 0 0 4 5 2 4 1 0 3 1 4 0 0 0 0 0 0 0 0 0 4 
4 0 0 0 0 0 0 0 0 1 2 1 5 4 0 2 3 0 6 3 0 3 1 0 2 0 0 4 0 0 2 0 0 0 
0 5 0 0 7 0 0 0 5 0 0 0 0 0 4 0 0 0 0 0 4 3 0 3 0 0 0 0 0 0 0 0 0 0 
3 4 3 2 6 2 1 0 6 0 0 0 0 0 0 4 0 0 4 4 0 0 4 0 0 6 0 0 0 0 0 0 8 6 
2 3 0 0 5 2 2 0 6 0 0 0 0 0 0 0 0 0 0 0 0 0 0 0 0 0 0 0 0 0 2 2 5 3 
400 674
0 1 0 0
0 1 0 8
0 1 1 1
0 16 0 12
0 16 0 19
0 16 1 16
2 2 2 1
2 2 2 8
2 2 1 2
2 2 3 2
2 2 2 1
2 2 2 8
2 2 1 2
2 2 3 2
2 8 2 9
2 8 0 8
2 8 7 8
3 2 3 1
3 2 3 3
3 2 4 2
3 11 3 9
3 11 3 32
3 11 1 11
3 11 4 11
4 13 4 12
4 13 4 16
4 13 5 13
4 23 4 18
4 23 4 30
4 23 5 23
5 9 5 10
5 9 4 9
5 9 6 9
6 0 6 5
6 0 2 0
6 0 11 0
6 5 6 0
6 5 6 6
6 5 3 5
6 5 9 5
6 6 6 5
6 6 6 7
6 6 4 6
6 6 9 6
6 6 6 5
6 6 6 7
6 6 4 6
6 7 5 7
6 7 7 7
11 0 11 8
11 0 6 0
11 0 16 0
11 30 11 8
11 30 11 32
11 30 6 30
11 30 15 30
11 30 11 8
11 30 11 32
11 30 6 30
11 30 15 30
11 32 11 33
11 32 3 32
11 32 17 32
11 33 11 32
11 33 6 33
11 33 14 33
11 33 11 32
11 33 6 33
12 4 12 2
12 4 12 5
12 4 13 4
12 20 12 19
12 20 13 20
12 20 12 19
12 20 13 20
14 2 14 3
14 2 13 2
14 2 16 2
14 15 14 14
14 15 14 16
14 15 13 15
14 15 15 15
14 15 14 14
14 15 14 16
14 15 13 15
14 15 15 15
14 33 15 33
15 30 15 19
15 30 15 31
15 30 16 30
15 30 15 19
15 33 17 33
16 30 16 28
16 30 16 31
16 30 21 30
16 30 16 28
17 9 17 13
17 9 14 9
17 9 18 9
17 9 17 13
17 9 14 9
17 9 18 9
17 13 17 17
17 13 12 13
17 13 20 13
17 23 17 19
17 23 17 24
17 23 18 23
17 25 17 24
17 25 32 25
17 25 17 24
17 25 32 25
18 21 18 20
18 21 18 22
18 21 20 21
18 24 18 23
18 24 17 24
18 24 19 24
18 24 18 23
18 24 19 24
18 33 17 33
18 33 21 33
18 33 17 33
18 33 21 33
19 2 19 4
19 2 16 2
19 2 20 2
20 14 20 13
20 14 20 17
20 14 18 14
20 14 21 14
20 14 20 13
20 14 20 17
20 14 18 14
20 14 21 14
20 17 20 18
20 17 17 17
20 17 21 17
20 17 17 17
20 23 20 21
20 23 20 24
20 23 19 23
20 23 24 23
21 33 23 33
21 33 23 33
22 4 22 1
22 4 22 8
22 4 19 4
22 4 24 4
22 21 22 8
22 21 22 22
22 21 20 21
22 21 26 21
23 6 23 5
23 6 23 7
23 6 24 6
23 6 23 5
23 6 23 7
23 6 24 6
23 7 23 9
23 7 24 7
23 9 23 12
23 9 24 9
23 9 23 12
23 13 23 12
23 13 23 14
23 13 24 13
23 13 23 12
23 13 23 14
23 13 24 13
23 19 23 16
23 19 23 20
23 19 25 19
23 19 23 16
23 19 23 20
23 19 25 19
23 20 25 20
23 33 23 32
23 33 24 33
24 6 24 4
24 6 24 7
24 6 27 6
24 7 24 6
24 7 24 9
24 7 25 7
24 7 24 6
24 9 24 10
24 9 25 9
24 10 24 11
24 10 25 10
24 10 24 11
24 23 24 22
24 23 24 24
24 23 20 23
24 23 25 23
24 29 24 27
24 29 24 32
24 29 26 29
25 2 25 1
25 2 25 4
25 2 24 2
25 2 28 2
25 2 25 1
25 2 25 4
25 2 24 2
25 2 28 2
25 7 25 9
25 7 27 7
25 7 27 7
25 10 25 12
25 10 26 10
25 10 25 12
25 12 25 14
25 12 23 12
25 12 29 12
25 12 25 14
26 10 29 10
26 21 26 17
26 21 26 23
26 21 22 21
26 21 27 21
26 29 26 27
26 29 26 30
26 29 24 29
26 29 27 29
27 6 27 5
27 6 27 7
27 6 28 6
27 6 27 5
27 6 28 6
27 9 29 9
28 2 28 3
28 2 29 2
28 2 28 3
29 10 29 9
29 10 29 12
29 10 30 10
29 12 29 10
29 12 29 15
29 12 30 12
29 12 29 15
29 33 27 33
29 33 32 33
29 33 27 33
29 33 32 33
30 12 30 11
30 12 30 13
30 12 30 13
30 12 30 13
30 13 30 15
30 27 30 30
30 27 26 27
30 27 30 30
30 27 26 27
31 1 31 4
31 1 25 1
31 1 32 1
31 8 31 4
31 8 31 14
31 8 32 8
31 14 31 8
31 14 31 20
31 14 31 20
31 20 31 21
31 20 28 20
32 15 32 8
32 15 32 18
32 15 32 8
32 15 32 18
32 18 32 19
32 19 32 18
32 19 32 22
32 19 32 22
32 22 32 25
32 22 30 22
32 25 32 32
32 32 32 25
32 32 32 33
32 32 24 32
32 32 33 32
32 33 32 32
32 33 33 33
33 4 33 1
33 4 33 5
33 4 32 4
33 8 33 6
33 8 33 30
33 8 32 8
33 8 33 6
33 8 33 30
33 8 32 8
33 31 33 32
1 2 1 1
1 2 1 3
1 3 1 6
1 6 1 3
1 6 1 7
1 6 1 7
2 8 2 9
2 8 0 8
2 8 7 8
2 12 2 14
2 12 1 12
2 12 2 14
2 12 1 12
2 15 2 16
2 31 2 30
3 32 3 11
3 32 1 32
3 32 1 32
5 4 5 1
5 4 4 4
5 4 5 1
5 4 4 4
5 7 4 7
6 30 6 16
6 30 6 31
6 30 4 30
6 30 6 16
6 33 0 33
7 8 7 7
7 8 7 12
7 8 11 8
7 8 7 7
8 7 9 7
8 9 8 10
8 9 9 9
8 9 8 10
8 9 9 9
8 20 8 17
8 31 6 31
9 3 9 5
9 6 9 5
9 6 10 6
9 9 9 10
9 10 9 9
9 10 9 11
9 10 8 10
9 10 9 11
9 10 8 10
9 11 9 12
10 1 10 6
10 7 10 6
10 28 10 25
10 28 10 29
10 28 10 25
10 28 10 29
11 0 11 8
11 0 16 0
11 8 22 8
11 8 22 8
12 7 12 6
12 7 13 7
12 7 12 6
12 7 13 7
12 9 12 13
12 9 13 9
12 9 12 13
12 9 13 9
12 13 12 14
12 19 12 18
12 19 15 19
13 7 13 6
13 7 14 7
13 9 13 11
13 9 14 9
13 11 13 12
13 11 14 11
13 11 14 11
13 15 13 16
13 20 13 25
13 25 13 20
14 7 14 3
14 7 16 7
14 7 16 7
14 9 14 11
15 14 15 15
15 14 14 14
15 14 15 15
15 14 14 14
15 15 15 16
15 18 15 19
15 18 16 18
15 18 15 19
15 18 16 18
15 19 17 19
16 0 16 2
16 0 30 0
16 7 19 7
16 20 16 21
16 21 16 20
16 21 16 28
16 21 16 28
17 19 17 17
17 19 17 23
17 19 19 19
17 19 17 17
17 23 18 23
17 33 17 32
18 1 22 1
18 18 19 18
18 20 18 21
18 20 20 20
18 20 18 21
18 22 19 22
18 24 19 24
19 2 19 4
19 2 20 2
19 4 19 6
19 4 22 4
19 4 19 6
19 6 19 7
19 6 20 6
19 6 19 7
19 6 20 6
19 7 16 7
19 9 19 10
19 9 18 9
19 9 20 9
19 9 19 10
19 9 18 9
19 9 20 9
19 10 19 11
19 10 18 10
19 10 19 11
19 10 18 10
19 11 18 11
19 22 19 23
19 22 18 22
19 22 19 23
19 24 19 23
19 28 21 28
20 2 20 3
20 2 21 2
20 5 20 6
20 9 20 13
20 9 21 9
20 13 17 13
21 2 21 3
21 3 21 2
21 9 21 12
21 14 21 15
21 15 21 14
21 15 21 16
21 15 21 16
21 16 21 17
21 18 21 17
21 18 21 19
21 18 21 17
21 18 21 19
21 20 20 20
21 22 22 22
21 28 21 26
21 28 19 28
21 28 23 28
21 28 21 26
21 28 23 28
23 3 23 2
23 16 23 14
23 16 24 16
23 33 23 32
23 33 24 33
24 16 24 15
24 16 27 16
24 23 24 22
24 23 24 24
24 23 25 23
24 24 21 24
24 24 25 24
24 33 24 32
24 33 25 33
25 1 24 1
25 19 25 20
25 20 25 19
25 23 25 24
25 23 26 23
25 30 26 30
25 33 26 33
25 33 26 33
26 15 27 15
26 17 26 21
26 17 29 17
26 17 29 17
26 21 26 23
26 21 27 21
26 23 26 24
26 24 27 24
26 27 26 29
26 29 26 30
26 29 27 29
26 30 26 31
26 30 26 31
27 5 26 5
27 9 29 9
27 13 27 15
27 21 27 18
27 21 27 23
27 21 29 21
27 26 24 26
27 28 27 29
27 29 27 28
28 3 26 3
28 16 28 15
28 16 29 16
28 16 29 16
28 24 28 23
28 24 30 24
28 24 28 23
28 24 30 24
29 9 29 10
29 10 30 10
29 15 29 16
29 15 30 15
29 16 28 16
29 16 30 16
30 0 32 0
30 0 32 0
30 16 30 18
30 16 30 18
30 18 30 19
30 18 29 18
30 18 30 19
30 18 29 18
30 19 29 19
31 1 31 4
31 1 32 1
31 21 30 21
31 23 29 23
32 33 32 32
33 31 33 32
33 33 33 32
33 33 33 32
0 33 0 23
0 33 0 23
1 16 1 12
1 16 0 16
1 16 2 16
2 15 2 16
2 30 2 16
4 4 4 3
4 4 3 4
4 7 4 6
4 7 3 7
4 7 4 6
4 31 6 31
5 1 4 1
5 28 5 23
5 28 5 29
5 28 5 23
5 28 5 29
8 10 8 12
8 17 8 14
8 31 6 31
9 3 9 5
9 6 10 6
9 11 9 12
9 12 9 13
9 12 8 12
9 12 10 12
9 12 9 13
10 1 10 6
10 12 10 14
10 14 10 22
10 14 9 14
10 14 10 22
10 25 9 25
12 6 12 5
12 6 13 6
12 17 12 14
12 17 17 17
12 17 12 14
12 17 17 17
13 1 13 2
13 4 13 5
13 4 12 4
13 6 13 5
17 32 17 33
17 32 23 32
17 32 17 33
17 32 23 32
18 1 22 1
18 9 18 10
18 10 18 11
18 11 19 11
18 18 19 18
19 18 19 19
19 19 20 19
19 23 20 23
20 20 20 21
20 20 21 20
21 16 21 17
21 22 22 22
21 24 20 24
22 1 22 4
23 3 23 2
23 22 22 22
23 32 23 28
24 29 24 27
25 27 24 27
26 5 25 5
29 18 27 18
29 18 27 18
31 21 30 21
31 23 29 23
0 21 0 19
1 16 0 16
1 16 2 16
3 7 3 6
4 3 4 2
4 3 3 3
4 3 4 2
4 31 6 31
5 23 5 19
6 5 3 5
8 17 8 14
9 14 9 25
9 14 8 14
9 14 9 25
9 25 7 25
12 5 12 4
12 5 13 5
13 4 13 5
20 23 20 21
22 21 22 8
22 21 22 22
23 1 23 2
23 1 24 1
23 28 23 26
24 2 24 4
24 27 24 26
24 27 25 27
26 5 25 5
27 21 27 23
27 21 29 21
27 23 28 23
29 23 29 22
30 21 29 21
0 12 0 11
0 19 0 21
3 2 3 1
3 2 4 2
4 1 3 1
4 23 4 18
5 18 5 15
5 18 5 19
5 18 4 18
6 16 6 9
6 16 7 16
7 12 7 14
7 12 8 12
7 12 7 14
7 15 7 14
7 15 7 16
7 15 7 14
7 15 7 16
7 16 7 25
8 12 8 13
8 12 8 13
8 13 8 14
8 14 7 14
22 8 22 4
22 27 22 26
23 28 23 26
24 2 24 4
26 5 25 5
4 16 4 13
4 16 4 17
4 16 4 17
5 14 5 13
22 26 22 27
22 26 23 26
25 4 31 4
5 14 5 13
25 4 31 4

4924

3 5 - - - - - - 5 2   2 2 - - - 5 - - 3 = 2   2 = = = = = = = = = 3 
4 4 4 4 = = 4 2 ǁ 3 3 2 3 - - - 6                               2 | 
2 3 8 = = = = = 8 4 2 | 4 = 2 2 5 - - - - - - - - - - - - - 2 1 ǁ | 
| 3 7 2 1 2 1 2 ǁ 4 - 7 = = = = = = = = = = = = = = = = = = = = 5 | 
| 2 4 4 4 ǁ 5 4 ǁ 4 2 4 2 5 = = 4 2 3 = = = = 5 - - - - - - 2 2 | | 
| 3 = = 4 ǁ ǁ 2 ǁ 5 3 3 4 5 2 1 - - 3 2 - - - 4 = = = = 4 2 | ǁ | | 
5 = = = = 8 8 4 ǁ 2 - - - - - - 4 = = = = = = = = = = = = = 6 6 | 3 
ǁ         | | 3 6 - - - 4 = 5 4 4 - - - - - - - - 2         ǁ ǁ | ǁ 
ǁ         | | 2 | 4 5 - 5 3 5 = = 3 - - 1         |         ǁ 2 | ǁ 
ǁ     2 = 4 5 1 | 4 6 4 6 2 4 = = = = = = = = = = 4         ǁ   | ǁ 
ǁ 2 = = = = 5 1 |       2 - 4 = = = = = = = 2     4 = = 4 2 ǁ   | ǁ 
6 = = = = = = = 7 = = = = = = = = = = = = = = = = = = = = = 8 = 7 6 
ǁ   1 - 5 4 4 4 ǁ 4 = = = 4 3 = = 4 1 4 4                   ǁ   | | 
ǁ 2 2   6 4 3 4 ǁ 4 - 4 1 |   3 1 ǁ   | 4 = = = = 2         ǁ   | | 
ǁ   5 2 - - - 4 ǁ 4 - 3   | 5 8 2 ǁ   |                     ǁ   | 2 
ǁ   |         ǁ ǁ ǁ       | 4 5 1 ǁ 4 6 = = = = = = = = = = 6 1 | 2 
4 - 3         4 ǁ ǁ       |       ǁ 2 | 2 4 = = = = = = 4 = 5 1 | | 
|   |         ǁ ǁ 6 = = = 8 - - - 7 = 6 = = = 5 4 4         |   6 6 
| 4 |         ǁ ǁ 5 4 3   ǁ 2     ǁ 2 | 4 5 4 4 6 ǁ         |   ǁ 4 
| ǁ 5 = 7 = 6 4 ǁ 6 6 4   ǁ ǁ     ǁ 3 3 | | 4 5 4 ǁ     2   |   ǁ ǁ 
| ǁ 4 1 ǁ 1 3 1 ǁ 4 - - - 5 8 = = 6 1 1 4 5 = 7 2 ǁ     ǁ   |   ǁ ǁ 
| ǁ 3 2 ǁ       ǁ 2 - - 1   4 4 4 5 4 2 2 | 2 ǁ 2 ǁ 2 = 7   1   ǁ 4 
| 4 = = 7 = = = 7 = = = = = = = = = = = = 7 5 ǁ | ǁ 3 2 ǁ       ǁ ǁ 
| 2 3 2 | 2 6 4 - 4 = = 5 6 3 - 4 = = 6 3 ǁ 2 ǁ | ǁ 3 = 5 - - - 5 6 
| 2 5 = 4 - 7 6 - 4 4 2 | 2   1 3     ǁ | ǁ 2 8 4 ǁ 2 5 = 5 - - 3 4 
| 4 8 = 5 3 | 4 - 2 4 = 6 = 5   |     5 3 ǁ   4 2 ǁ | 2   ǁ 1   | 4 
| | ǁ 1 ǁ 4 | ǁ     2   |     4 | 4 = = = 8 = 4 2 ǁ | 4 = 8 5 2 | 2 
| | ǁ | ǁ 3 6 3   2 |   | 2 - 2 1 ǁ 3 - - 7 = 3 1 ǁ 1 ǁ 2 4     | 2 
| | 5 3 ǁ   2     ǁ |   |     1 5 ǁ ǁ   3 ǁ   3 4 ǁ   ǁ         | ǁ 
| | 1   ǁ         4 7 = 6 = = 4 5 2 4 1 | 3 1 4 ǁ ǁ   ǁ         | 4 
4 |     ǁ         1 2 1 5 4 - 2 3 = 6 3 | 3 1 ǁ 2 ǁ   4 = = 2   | ǁ 
ǁ 5 = = 7 - - - 5 = = = = = 4 = = = = = 4 3 | 3   ǁ             | ǁ 
3 4 3 2 6 2 1   6 = = = = = = 4 = = 4 4 = = 4 - - 6 = = = = = = 8 6 
2 3 - - 5 2 2 = 6 = = = = = = = = = = = = = = = = = = = = = 2 2 5 3 
