34 34
2 4 3 3 5 0 6 0 0 0 0 6 0 0 0 0 0 0 0 0 0 0 0 4 0 0 0 0 0 0 0 0 4 1 
1 0 0 1 4 2 2 0 0 0 0 0 0 0 0 0 0 0 0 0 0 0 0 0 0 0 0 0 0 0 0 0 0 0 
3 7 0 0 0 0 0 0 0 0 0 8 0 0 0 0 0 0 0 0 0 0 0 0 0 0 0 0 0 0 0 0 7 2 
3 6 2 2 4 1 0 0 2 0 0 0 3 3 6 0 0 0 0 0 0 4 0 0 4 0 0 4 4 4 0 3 0 2 
5 5 4 2 0 3 0 2 0 0 0 0 0 0 0 3 6 5 0 0 0 0 0 0 0 0 0 0 0 0 0 3 0 0 
6 0 4 1 0 2 2 4 0 1 2 0 3 0 5 4 5 0 2 0 2 0 0 0 0 0 0 1 2 0 4 1 0 0 
0 2 0 2 0 0 0 4 0 0 0 0 1 2 0 2 1 0 0 0 0 0 0 0 0 2 0 7 0 0 6 0 5 3 
6 4 0 0 0 0 0 2 0 0 0 0 5 6 0 0 0 0 4 0 6 0 0 0 0 0 0 5 1 0 0 0 4 2 
5 2 0 6 8 0 7 0 6 7 6 0 0 3 0 4 0 6 0 0 0 0 0 0 0 0 0 0 0 0 7 7 3 2 
4 3 0 4 0 1 0 0 2 2 0 0 0 1 0 2 0 4 3 0 3 1 2 0 0 4 1 0 4 2 0 6 2 1 
0 3 0 4 3 4 0 0 3 2 2 0 6 0 7 0 0 0 2 2 0 0 0 4 0 7 0 5 4 1 0 4 2 2 
0 2 0 2 3 3 0 0 0 0 0 0 4 2 0 0 2 0 0 4 0 3 0 3 1 0 0 1 0 0 0 2 0 0 
4 0 6 0 7 0 6 0 0 0 0 6 0 0 7 0 0 0 0 0 0 0 0 0 0 7 0 0 0 0 6 0 7 5 
4 2 1 2 0 2 0 3 3 0 0 0 0 0 0 4 0 0 0 0 3 0 0 0 0 0 2 0 4 2 0 1 4 0 
4 0 3 5 0 4 0 0 2 2 2 0 0 0 0 2 0 0 0 0 0 0 0 0 0 0 4 2 0 3 0 0 3 0 
4 3 0 0 0 0 0 0 0 0 0 0 0 0 0 0 0 0 0 0 0 0 0 0 0 0 0 0 0 0 0 0 0 0 
4 4 0 0 0 6 8 6 0 7 5 0 0 0 0 3 0 0 0 0 5 0 0 0 0 6 6 0 4 0 0 0 0 0 
2 2 0 0 0 4 0 0 0 2 0 0 0 0 0 0 0 0 2 2 0 2 6 4 2 7 0 0 0 4 0 5 4 0 
0 0 0 0 0 0 0 3 0 2 0 0 0 0 0 0 0 0 0 0 0 4 8 6 0 4 4 2 0 4 0 4 0 0 
3 6 0 2 0 0 0 2 1 2 0 0 0 0 0 6 0 0 6 3 0 2 0 4 0 4 6 3 3 0 4 0 0 2 
4 4 0 0 0 0 0 0 4 6 0 0 0 0 0 6 0 0 6 0 0 2 0 0 0 0 4 1 6 3 4 2 0 2 
0 0 0 0 0 0 0 0 0 4 5 0 0 0 0 3 1 0 4 3 0 0 0 0 0 0 3 0 5 2 0 2 0 0 
5 0 6 0 7 4 0 5 6 1 0 0 0 0 0 3 0 0 0 0 0 4 7 0 0 7 0 0 0 0 8 5 0 0 
6 4 0 0 0 3 0 0 0 0 0 0 0 0 0 4 0 1 0 0 0 3 0 4 2 0 0 0 0 0 0 0 0 0 
4 4 0 0 0 4 0 0 0 0 0 0 0 0 0 0 0 0 0 0 0 4 0 4 0 0 1 0 2 0 4 0 0 0 
5 5 0 2 0 3 0 0 0 0 0 0 0 0 0 0 0 0 0 0 0 3 0 0 0 0 0 0 0 0 0 0 0 0 
3 1 0 0 0 0 0 0 0 2 0 0 0 0 0 0 3 6 0 0 5 0 0 0 0 0 3 0 0 0 0 0 0 0 
0 0 0 0 0 3 0 0 0 0 0 0 0 0 0 0 1 4 2 0 1 0 0 0 0 0 0 0 0 0 0 0 0 4 
4 0 6 3 0 2 0 0 5 4 0 0 2 0 7 8 0 0 0 0 0 4 0 0 0 0 0 0 0 0 0 0 0 0 
1 0 5 3 0 2 0 0 3 0 5 0 2 0 8 6 4 3 0 2 3 3 5 5 0 0 5 0 0 0 0 4 0 0 
3 0 5 4 0 3 6 6 4 3 2 0 2 0 7 0 4 4 0 0 0 4 4 4 0 0 4 4 0 0 0 4 0 0 
5 0 0 0 7 2 3 2 2 5 0 7 0 0 7 0 0 0 0 0 0 5 0 0 0 5 0 0 0 0 0 0 5 5 
5 0 2 2 3 3 0 0 0 0 0 7 2 3 6 0 0 0 0 0 0 0 0 0 0 0 0 3 0 0 0 1 1 4 
2 2 0 0 0 4 1 2 4 0 0 6 0 0 0 0 0 0 4 0 0 0 0 0 0 0 0 0 0 0 0 0 3 3 
400 669
0 4 0 3
0 4 0 6
0 4 1 4
0 6 0 4
0 6 0 11
0 6 1 6
0 11 0 6
0 11 0 23
0 11 2 11
2 1 2 0
2 1 2 11
2 1 0 1
2 1 3 1
2 11 2 1
2 11 2 32
2 11 0 11
2 11 12 11
3 14 3 13
3 14 3 21
3 14 5 14
3 14 3 13
3 14 3 21
3 14 5 14
3 21 3 24
3 21 9 21
3 24 3 27
3 24 11 24
3 24 3 27
3 27 3 28
3 27 5 27
3 28 3 29
3 28 5 28
3 28 3 29
3 29 3 31
3 29 9 29
4 0 4 1
4 0 3 0
4 0 5 0
4 16 4 15
4 16 4 17
4 16 5 16
4 16 4 15
4 16 4 17
4 16 5 16
4 17 8 17
5 0 5 2
5 0 4 0
5 0 7 0
5 0 5 2
5 0 4 0
5 28 7 28
5 30 5 31
5 30 6 30
5 30 6 30
5 30 6 30
7 12 7 13
7 12 6 12
7 12 10 12
7 13 7 12
7 13 6 13
7 13 8 13
7 13 7 12
7 13 6 13
7 20 7 18
7 20 5 20
7 20 9 20
7 20 7 18
7 20 5 20
7 20 9 20
8 0 8 1
8 0 7 0
8 0 9 0
8 4 8 3
8 4 8 6
8 4 3 4
8 4 10 4
8 4 8 3
8 4 8 6
8 4 3 4
8 4 10 4
8 6 8 8
8 6 5 6
8 6 12 6
8 9 8 8
8 9 8 10
8 9 5 9
8 9 9 9
8 10 8 9
8 10 5 10
8 10 10 10
8 10 8 9
8 10 5 10
8 17 8 15
8 17 4 17
8 17 9 17
8 17 8 15
8 17 9 17
9 5 10 5
9 22 17 22
10 5 10 4
10 5 11 5
10 5 11 5
10 14 10 12
10 14 10 18
10 14 5 14
10 14 12 14
10 23 11 23
12 4 12 2
12 4 12 6
12 4 11 4
12 4 22 4
12 14 12 11
12 14 10 14
12 14 28 14
12 14 12 11
12 14 28 14
12 32 12 30
12 32 12 33
12 32 10 32
12 32 13 32
13 15 13 20
13 15 14 15
13 15 13 20
13 15 14 15
14 3 14 2
14 3 13 3
14 3 19 3
16 5 16 6
16 5 14 5
16 5 17 5
16 5 16 6
16 5 14 5
16 5 17 5
16 6 16 7
16 6 12 6
16 6 30 6
16 9 16 7
16 9 16 10
16 9 14 9
16 9 17 9
16 20 16 15
16 20 13 20
16 20 26 20
16 25 16 26
16 25 12 25
16 25 17 25
16 25 16 26
16 25 12 25
16 25 17 25
16 26 16 28
16 26 14 26
16 26 18 26
16 26 16 28
16 28 13 28
16 28 19 28
17 5 22 5
18 22 18 21
18 22 18 23
18 22 17 22
18 22 22 22
18 22 18 21
18 22 18 23
18 22 17 22
18 22 22 22
18 23 18 25
18 23 17 23
18 23 19 23
18 23 18 25
19 15 19 18
19 15 16 15
19 15 20 15
19 15 19 18
19 15 16 15
19 15 20 15
19 18 19 19
19 18 17 18
19 18 20 18
19 18 19 19
19 23 19 25
19 23 23 23
19 23 19 25
20 9 20 8
20 9 19 9
20 9 21 9
20 9 20 8
20 9 19 9
20 9 21 9
20 15 20 18
20 15 21 15
20 15 20 18
20 15 21 15
20 18 21 18
21 9 21 10
21 9 22 9
21 10 16 10
21 10 29 10
21 10 16 10
21 10 29 10
22 0 22 2
22 0 20 0
22 0 23 0
22 7 22 8
22 7 19 7
22 7 30 7
22 8 22 7
22 8 20 8
22 8 28 8
22 8 22 7
22 8 20 8
22 30 22 25
22 30 22 31
22 30 20 30
22 30 24 30
22 30 22 25
22 30 22 31
22 30 20 30
22 30 24 30
23 0 23 1
23 0 22 0
23 0 24 0
23 0 23 1
23 0 22 0
23 1 23 5
23 1 24 1
23 24 23 23
24 0 24 1
24 0 25 0
24 0 24 1
24 1 24 5
24 5 23 5
24 5 25 5
24 5 23 5
24 30 24 28
24 30 24 28
25 0 25 1
25 0 26 0
25 1 25 0
25 1 25 3
25 1 26 1
26 9 28 9
28 2 28 0
28 2 28 3
28 2 29 2
28 2 28 0
28 2 28 3
28 2 29 2
28 8 28 9
28 8 29 8
28 8 28 9
28 8 29 8
28 9 26 9
28 14 28 12
28 14 28 15
28 14 29 14
28 15 28 14
28 15 28 21
28 15 23 15
28 15 29 15
28 15 28 14
28 15 28 21
28 15 23 15
28 21 25 21
28 21 29 21
30 7 30 6
30 7 30 8
30 7 31 7
30 7 30 6
30 7 30 8
30 14 30 12
30 14 30 16
30 14 29 14
30 14 31 14
31 0 31 4
31 0 30 0
31 0 32 0
31 4 31 0
31 4 31 5
31 4 32 4
31 4 31 5
31 4 32 4
31 4 32 4
31 9 31 8
31 9 31 11
31 9 30 9
31 21 31 14
31 21 31 25
31 21 30 21
31 33 31 32
31 33 27 33
31 33 32 33
32 3 32 2
32 11 32 5
32 11 32 12
32 11 31 11
32 11 33 11
32 14 32 13
32 14 32 27
32 14 31 14
32 14 32 13
32 14 32 27
32 14 31 14
33 8 33 7
33 8 33 11
33 8 33 7
33 8 33 11
33 11 33 18
33 11 32 11
33 18 33 11
33 18 33 32
33 18 33 32
0 6 1 6
0 11 0 23
0 23 0 32
1 5 1 4
2 11 2 32
2 11 12 11
2 32 2 33
2 32 0 32
2 32 6 32
3 4 3 3
3 4 3 5
3 8 8 8
3 13 3 12
3 31 4 31
4 1 4 2
4 1 3 1
4 1 4 2
4 1 3 1
4 15 5 15
4 31 3 31
5 18 7 18
6 7 5 7
6 7 7 7
6 7 5 7
6 7 7 7
7 0 7 1
7 0 8 0
7 0 7 1
7 0 8 0
7 1 6 1
7 1 8 1
7 18 5 18
8 3 6 3
8 3 9 3
8 13 9 13
8 15 6 15
8 15 9 15
9 0 9 1
9 0 12 0
9 0 9 1
9 15 9 17
9 17 9 18
9 18 9 20
9 18 10 18
9 22 17 22
10 12 10 14
10 12 11 12
10 12 11 12
10 12 11 12
10 14 5 14
10 19 11 19
10 23 11 23
11 5 11 4
11 12 11 13
11 16 11 19
12 0 12 2
12 0 13 0
12 0 12 2
12 2 12 4
12 2 5 2
12 2 13 2
13 0 13 1
13 0 14 0
13 0 13 1
13 3 14 3
13 5 14 5
14 0 14 2
14 0 15 0
14 0 14 2
14 3 19 3
14 5 13 5
14 26 14 27
14 26 13 26
14 26 14 27
15 0 15 1
15 0 16 0
15 0 15 1
15 1 16 1
16 0 16 1
16 0 17 0
16 0 16 1
16 1 17 1
16 6 16 7
16 6 12 6
16 6 30 6
16 7 16 9
16 7 13 7
16 7 18 7
16 20 26 20
17 5 22 5
17 18 17 19
17 19 19 19
18 21 17 21
18 21 19 21
19 1 19 0
19 1 17 1
19 1 20 1
19 8 19 7
19 21 20 21
20 0 20 1
20 0 19 0
20 0 20 1
20 1 19 1
20 18 21 18
20 21 22 21
21 19 21 18
21 28 21 26
21 28 21 29
21 28 20 28
22 2 22 4
22 4 22 2
22 4 22 5
22 4 12 4
22 4 22 5
22 21 22 22
22 21 23 21
22 21 22 22
22 22 29 22
23 15 23 17
23 15 22 15
23 21 24 21
23 23 23 24
23 23 24 23
24 21 23 21
24 21 25 21
24 21 25 21
24 23 24 26
24 23 29 23
24 23 29 23
25 0 25 1
26 0 28 0
26 0 28 0
26 17 26 16
26 17 26 20
26 17 27 17
26 17 26 16
26 17 26 20
26 17 27 17
26 20 27 20
26 26 29 26
27 17 27 16
27 17 27 18
27 33 20 33
27 33 31 33
27 33 20 33
28 12 29 12
29 14 29 12
29 14 29 15
29 14 30 14
29 14 29 15
29 14 30 14
30 2 30 0
30 2 30 3
30 2 29 2
31 25 31 21
31 25 31 32
31 25 31 32
32 3 32 2
32 13 32 12
32 27 32 31
33 6 33 5
0 23 0 32
0 32 0 33
1 5 1 4
2 32 2 33
2 32 6 32
3 1 3 0
3 1 3 2
3 1 2 1
3 8 8 8
3 12 5 12
3 33 6 33
5 2 5 3
5 7 5 6
5 7 4 7
5 12 5 14
5 12 3 12
5 15 5 16
5 15 6 15
5 15 5 16
5 16 6 16
6 3 8 3
8 3 9 3
8 6 8 8
8 6 12 6
9 1 10 1
9 3 10 3
10 1 11 1
10 3 9 3
10 3 11 3
10 3 11 3
10 19 11 19
10 23 11 23
11 1 10 1
11 4 12 4
11 16 11 19
11 21 17 21
12 6 12 11
12 11 31 11
13 7 13 8
17 0 19 0
17 22 17 23
17 22 17 23
17 23 17 24
17 24 17 25
17 25 18 25
17 25 18 25
18 7 18 9
18 7 18 9
18 26 18 27
18 26 19 26
18 26 18 27
19 25 19 26
19 25 22 25
19 26 19 27
19 26 20 26
20 18 21 18
21 16 21 15
22 22 29 22
26 26 29 26
30 12 30 14
30 16 30 17
30 16 29 16
30 16 30 17
30 17 30 21
30 17 29 17
30 27 30 26
30 27 30 31
30 27 30 26
30 27 30 31
30 31 29 31
31 11 31 9
31 11 31 14
31 11 32 11
31 14 31 11
31 14 31 21
32 0 31 0
32 0 33 0
32 0 33 0
32 11 32 5
33 1 33 5
33 1 33 5
33 5 32 5
1 4 1 3
3 0 2 0
3 33 6 33
4 2 4 3
4 2 3 2
4 3 3 3
4 7 4 5
5 5 4 5
10 10 10 9
13 7 13 8
13 8 14 8
14 8 14 9
14 10 16 10
16 9 16 10
16 9 17 9
19 26 19 27
19 26 20 26
20 26 20 27
20 26 21 26
20 28 20 29
20 28 19 28
20 28 21 28
20 28 20 29
20 28 19 28
21 26 21 28
21 29 20 29
29 14 29 15
29 15 29 16
29 15 29 16
29 16 29 17
29 17 29 19
29 19 29 20
29 20 29 21
30 21 30 22
30 21 29 21
30 22 30 23
30 22 29 22
30 22 30 23
30 23 30 26
30 23 29 23
30 26 29 26
30 31 29 31
0 4 0 3
4 5 5 5
18 29 18 31
18 29 17 29
18 29 18 31
18 29 17 29
18 31 17 31
18 31 20 31
19 30 20 30
19 33 12 33
20 30 20 31
21 31 22 31
29 22 29 23
29 22 29 23
29 26 29 31
29 26 29 31
0 3 0 2
12 30 12 25
12 30 12 32
12 30 8 30
12 30 12 25
12 30 8 30
13 26 13 28
13 28 13 29
17 29 17 31
17 29 14 29
17 31 17 32
17 31 13 31
17 31 17 32
17 32 14 32
17 32 31 32
19 33 12 33
21 31 22 31
0 2 0 1
9 31 9 32
9 31 8 31
9 31 10 31
9 31 9 32
9 31 8 31
9 31 10 31
10 31 10 32
10 31 11 31
11 27 10 27
12 25 10 25
12 32 12 33
12 32 13 32
12 33 10 33
13 28 13 29
13 32 14 32
13 32 14 32
0 2 0 1
10 25 10 27
10 25 9 25
10 25 12 25
10 25 10 27
10 25 9 25
10 25 9 25
10 33 9 33
0 0 0 1
0 0 1 0
2 0 2 1
9 25 9 26
9 28 9 29
9 28 10 28
9 28 10 28
10 29 10 28
6 25 6 27
9 28 10 28
10 27 7 27
10 27 7 27
6 25 6 27
6 27 7 27
7 27 6 27
6 27 7 27

4325

2 4 3 3 5 = 6 = = = = 6 = = = = = = = = = = = 4 = = = = = = = = 4 1 
1 |   1 4 2 2         ǁ                                         |   
3 7 = = = = = = = = = 8 = = = = = = = = = = = = = = = = = = = = 7 2 
3 6 2 2 4 1     2     ǁ 3 3 6 = = = = = = 4 - - 4 = = 4 4 4 - 3 ǁ 2 
5 5 4 2 ǁ 3 - 2 ǁ     ǁ ǁ   ǁ 3 6 5       |     |     | | |   3 ǁ ǁ 
6 = 4 1 ǁ 2 2 4 ǁ 1 2 ǁ 3 - 5 4 5 ǁ 2   2 |     |     1 2 | 4 1 ǁ ǁ 
| 2 | 2 ǁ   | 4 ǁ | ǁ ǁ 1 2 ǁ 2 1 ǁ ǁ   ǁ |     | 2 = 7 | | 6   5 3 
6 4 | ǁ ǁ   | 2 ǁ | ǁ ǁ 5 6 ǁ |   ǁ 4 = 6 |     |     5 1 |     4 2 
5 2 | 6 8 = 7 = 6 7 6 ǁ | 3 ǁ 4 = 6     ǁ |     |     ǁ   | 7 7 3 2 
4 3 | 4 ǁ 1 ǁ   2 2 | ǁ | 1 ǁ 2 - 4 3 - 3 1 2   | 4 1 ǁ 4 2 ǁ 6 2 1 
| 3 | 4 3 4 ǁ   3 2 2 ǁ 6 = 7 - - - 2 2     ǁ 4 | 7 = 5 4 1 ǁ 4 2 2 
| 2 | 2 3 3 ǁ         ǁ 4 2 ǁ   2 = = 4   3 ǁ 3 1 ǁ   1     ǁ 2 | | 
4 = 6 = 7 - 6 - - - - 6 = = 7             | ǁ     7 = = = = 6 = 7 5 
4 2 1 2 ǁ 2 ǁ 3 3     |     ǁ 4 = = = = 3 | ǁ     ǁ 2 - 4 2   1 4 ǁ 
4 = 3 5 ǁ 4 ǁ | 2 2 2 |     ǁ 2         | | ǁ     ǁ 4 2 | 3   | 3 ǁ 
4 3   ǁ ǁ ǁ ǁ |   | | |     ǁ           | | ǁ     ǁ |   | |   | | ǁ 
4 4   ǁ ǁ 6 8 6 = 7 5 |     ǁ 3 - - - - 5 | ǁ     6 6 = 4 |   | | ǁ 
2 2   ǁ ǁ 4 ǁ |   2 ǁ |     ǁ ǁ     2 2 ǁ 2 6 4 2 7 |   | 4 - 5 4 ǁ 
| |   ǁ ǁ ǁ ǁ 3 = 2 ǁ |     ǁ ǁ     | | ǁ 4 8 6 = 4 4 2 | 4 = 4 | ǁ 
3 6   2 ǁ ǁ ǁ 2 1 2 ǁ |     ǁ 6 = = 6 3 ǁ 2 ǁ 4 = 4 6 3 3   4 | | 2 
4 4     ǁ ǁ ǁ | 4 6 ǁ |     ǁ 6 = = 6   ǁ 2 ǁ |   | 4 1 6 3 4 2 | 2 
|       ǁ ǁ ǁ | ǁ 4 5 |     ǁ 3 1   4 3 ǁ | ǁ |   | 3 = 5 2 ǁ 2 | ǁ 
5 - 6 = 7 4 ǁ 5 6 1 ǁ |     ǁ 3         ǁ 4 7 |   7 = = = = 8 5 | ǁ 
6 4 - - - 3 ǁ | |   ǁ |     ǁ 4 - 1     ǁ 3 ǁ 4 2           ǁ   | ǁ 
4 4 - - - 4 ǁ | |   ǁ |     ǁ ǁ         ǁ 4 ǁ 4 - - 1   2 = 4   | ǁ 
5 5 - 2   3 ǁ | |   ǁ |     ǁ ǁ         ǁ 3 ǁ ǁ                 | ǁ 
3 1         ǁ | | 2 ǁ |     ǁ ǁ 3 6 = = 5 | ǁ ǁ     3           | ǁ 
ǁ         3 ǁ | | ǁ ǁ |     ǁ ǁ 1 4 2   1 | ǁ ǁ     ǁ           | 4 
4 = 6 3   2 ǁ | 5 4 ǁ | 2 - 7 8 = = = = = 4 ǁ ǁ     ǁ           | ǁ 
1   5 3   2 ǁ | 3   5 | 2 - 8 6 4 3 - 2 3 3 5 5     5 = = = = 4 | ǁ 
3 - 5 4   3 6 6 4 3 2 | 2 = 7 - 4 4 - - - 4 4 4 - - 4 4 = = = 4 | ǁ 
5 = = = 7 2 3 2 2 5 = 7 = = 7 = = = = = = 5 = = = 5 = = = = = = 5 5 
5   2 2 3 3 = = = = = 7 2 3 6 = = = = = = = = = = = = 3 - - - 1 1 4 
2 2 = = = 4 1 2 4 = = 6 = = = = = = 4 = = = = = = = = = = = = = 3 3 
