34 34
2 4 0 0 0 0 4 2 0 0 0 0 0 0 4 0 0 0 0 0 0 0 4 0 0 0 0 4 4 0 0 4 2 4 
0 4 2 4 0 0 6 0 0 0 0 0 0 0 0 0 0 0 0 0 0 0 0 0 0 0 0 5 0 1 0 0 4 6 
0 5 0 0 0 0 4 0 0 0 0 0 0 0 6 0 2 3 3 4 0 0 0 0 0 0 0 0 4 7 2 0 0 2 
0 3 0 0 0 0 0 0 0 0 0 0 0 2 5 0 0 6 0 6 0 0 0 2 0 0 0 0 0 2 0 0 0 1 
6 0 0 0 0 0 0 0 0 0 0 0 0 0 0 0 0 0 0 0 0 0 0 0 0 0 0 6 0 0 0 5 7 4 
0 2 0 3 0 0 0 3 2 4 0 0 5 5 5 0 4 0 0 5 4 0 4 3 0 5 2 0 0 1 0 0 0 0 
0 4 1 3 4 2 0 0 3 6 4 2 0 0 5 1 0 2 0 6 2 0 0 2 0 0 2 0 2 0 0 0 0 3 
0 4 0 3 0 0 0 7 0 0 0 0 6 4 6 0 8 0 0 0 0 0 7 0 0 7 5 0 0 0 0 0 5 4 
0 5 0 3 3 4 0 0 4 3 2 0 0 2 5 1 0 0 3 0 3 2 0 0 0 0 0 0 5 5 3 0 3 4 
0 4 2 0 0 8 6 6 0 2 0 0 0 0 5 2 0 0 0 0 0 0 0 2 0 0 3 0 0 0 0 0 1 4 
0 5 6 4 4 0 2 0 6 7 7 2 0 3 0 1 0 0 0 0 0 0 0 0 0 0 3 0 0 0 4 0 0 2 
0 0 0 1 0 0 2 5 0 0 0 0 0 2 0 0 0 0 0 0 0 0 0 0 0 0 0 0 0 0 2 0 0 1 
0 3 2 0 0 0 0 0 0 0 0 0 0 2 0 0 0 0 2 0 0 0 0 0 0 0 0 0 0 2 0 0 0 0 
0 0 2 0 4 0 0 0 0 0 0 0 0 4 6 5 0 0 0 0 0 0 0 0 2 5 2 0 0 0 0 0 0 3 
0 0 0 0 0 0 0 0 0 4 7 2 0 2 5 4 0 0 0 0 0 0 0 0 0 0 0 0 0 0 0 0 0 0 
5 8 4 0 0 0 0 2 0 2 2 0 0 3 5 6 0 0 0 0 0 0 3 3 0 0 0 0 0 0 0 0 3 0 
0 4 3 2 0 0 0 0 0 0 0 0 0 2 0 2 0 0 0 0 0 0 0 0 0 0 0 0 0 0 0 0 0 0 
4 0 0 0 4 0 0 0 0 4 0 0 6 0 0 0 8 0 0 0 6 0 0 0 0 0 0 0 5 0 0 2 0 0 
0 1 2 2 2 0 0 0 0 2 4 0 7 5 5 4 0 2 2 0 0 0 0 0 0 0 0 0 0 2 1 3 0 0 
0 0 0 0 0 0 0 0 0 2 0 0 0 0 1 0 0 0 0 0 0 0 0 0 0 0 0 0 4 7 6 6 0 0 
0 5 6 5 4 0 3 1 0 3 7 2 2 0 2 3 0 3 6 0 7 6 1 0 0 0 0 0 2 0 0 4 0 0 
0 0 2 0 2 0 3 0 0 2 2 2 0 4 0 1 0 2 4 0 4 2 0 0 0 0 0 0 5 4 4 0 0 0 
0 0 3 7 3 0 2 0 0 3 3 0 0 5 6 2 0 1 0 0 0 0 0 0 0 0 0 0 2 2 2 0 0 0 
0 0 2 0 3 7 0 0 8 0 0 0 0 0 0 0 6 0 0 0 0 0 0 0 0 0 0 6 0 0 0 7 6 5 
0 0 1 0 3 3 3 2 0 4 4 3 4 3 0 0 0 2 6 0 4 0 0 0 0 2 1 0 4 3 3 0 0 4 
1 0 0 0 3 6 4 2 0 0 1 4 4 0 0 0 0 0 0 0 4 3 0 0 0 5 0 0 0 1 5 0 0 0 
1 0 0 4 0 6 0 0 5 6 0 0 0 6 4 1 0 0 0 0 0 2 0 0 0 0 0 0 0 2 0 0 3 0 
0 0 3 0 0 4 3 2 1 3 0 1 1 5 4 1 0 2 7 0 6 0 4 0 0 7 2 0 0 0 0 0 4 0 
5 8 0 0 0 0 0 0 0 0 0 0 0 0 0 0 6 0 4 0 0 0 0 0 2 0 2 0 6 7 6 4 6 0 
2 0 2 5 0 6 0 0 0 6 6 6 5 5 0 0 8 0 0 0 0 0 0 0 0 6 6 0 0 4 6 0 4 0 
2 0 0 3 0 6 0 2 0 0 2 0 3 0 3 0 7 0 0 0 0 0 0 0 0 2 4 0 0 3 2 3 4 0 
3 4 0 0 0 0 0 0 0 5 0 4 1 0 4 2 4 0 0 0 0 0 0 0 4 2 2 0 0 4 3 3 0 0 
3 0 0 0 0 0 0 0 0 6 0 0 0 6 0 0 0 0 0 0 0 0 0 0 0 0 0 7 7 0 0 0 8 6 
3 0 0 0 3 2 1 1 0 3 2 0 0 4 3 4 0 0 0 0 0 0 0 0 0 4 0 4 2 1 2 0 4 2 
400 657
0 33 0 32
0 33 1 33
0 33 0 32
0 33 1 33
1 33 1 32
1 33 2 33
2 1 2 6
2 1 1 1
2 1 3 1
2 29 2 28
2 29 2 30
2 29 1 29
2 29 3 29
4 0 4 27
4 0 0 0
4 0 15 0
4 0 4 27
4 0 0 0
4 0 15 0
4 27 4 31
4 27 1 27
4 27 23 27
4 27 4 31
4 32 4 31
4 32 4 33
4 32 1 32
4 32 7 32
5 12 5 9
5 12 5 13
5 12 7 12
5 14 5 13
5 14 5 16
5 14 6 14
5 19 5 16
5 19 5 20
5 19 6 19
5 25 5 23
5 25 5 26
5 25 7 25
5 29 8 29
6 19 6 17
6 19 6 20
6 19 5 19
6 19 6 17
6 19 6 20
6 28 8 28
7 7 7 3
7 7 7 12
7 7 5 7
7 7 9 7
7 16 7 14
7 16 7 22
7 16 5 16
7 16 17 16
7 16 7 14
7 16 7 22
7 16 5 16
7 16 17 16
7 22 7 25
7 22 5 22
7 22 15 22
7 26 7 25
7 26 6 26
7 26 9 26
8 1 8 3
8 1 7 1
8 1 9 1
8 5 8 4
8 5 9 5
8 5 8 4
8 5 9 5
8 8 8 9
8 8 10 8
8 8 8 9
8 8 10 8
9 5 9 2
9 5 9 6
9 5 23 5
9 6 9 5
9 6 9 7
9 6 10 6
9 6 9 5
9 6 9 7
10 1 10 2
10 1 9 1
10 1 12 1
10 4 10 3
10 4 13 4
10 4 10 3
10 4 13 4
10 8 10 6
10 8 10 9
10 8 23 8
10 8 10 9
10 9 10 10
10 9 9 9
10 9 14 9
13 4 13 2
13 4 17 4
13 15 13 14
13 15 10 15
13 15 14 15
14 10 14 9
14 10 14 11
14 10 10 10
14 10 15 10
15 1 15 0
15 1 15 2
15 1 12 1
15 1 16 1
15 1 15 0
15 1 15 2
15 1 12 1
15 1 16 1
15 2 13 2
15 2 16 2
15 15 15 14
15 15 14 15
15 15 16 15
15 15 15 14
15 15 14 15
15 15 16 15
16 1 16 2
16 1 18 1
17 0 15 0
17 0 25 0
17 4 18 4
17 16 17 12
17 16 17 20
17 16 23 16
17 20 17 16
17 20 8 20
17 20 20 20
17 20 8 20
17 20 20 20
17 28 17 31
17 28 8 28
17 28 19 28
18 12 18 10
18 12 18 13
18 12 17 12
18 12 20 12
18 14 18 13
18 14 18 15
18 14 19 14
18 15 18 14
18 15 20 15
18 15 18 14
19 29 19 28
19 29 19 30
19 29 18 29
19 29 21 29
19 31 19 30
19 31 18 31
19 31 20 31
19 31 19 30
19 31 18 31
19 31 20 31
20 10 20 9
20 10 20 11
20 10 18 10
20 10 21 10
20 20 20 18
20 20 20 21
20 20 21 20
20 31 23 31
21 28 21 29
21 28 20 28
21 28 22 28
22 3 22 2
22 3 22 4
22 3 20 3
22 3 26 3
23 27 23 16
23 27 23 31
23 27 32 27
23 27 23 16
23 27 23 31
23 33 23 32
23 33 13 33
23 33 24 33
24 18 24 17
24 18 24 20
24 18 27 18
24 18 24 17
24 18 24 20
24 18 27 18
24 20 24 25
24 20 25 20
24 28 24 29
24 28 28 28
24 28 24 29
24 28 28 28
25 20 25 21
25 20 27 20
25 20 25 21
25 25 25 21
25 25 24 25
25 25 27 25
25 25 27 25
25 30 25 29
25 30 24 30
25 30 28 30
26 29 28 29
27 18 27 17
27 18 27 20
27 18 28 18
27 20 27 18
27 20 27 22
27 20 27 22
27 22 27 25
27 32 26 32
27 32 28 32
27 32 26 32
27 32 28 32
28 0 28 1
28 0 26 0
28 0 29 0
28 1 28 0
28 1 28 16
28 1 20 1
28 1 31 1
28 1 28 0
28 1 28 16
28 1 20 1
28 16 28 18
28 16 23 16
28 16 29 16
28 16 28 18
28 18 28 24
28 28 28 29
28 28 32 28
28 28 28 29
28 28 32 28
28 32 28 31
28 32 29 32
29 0 30 0
29 2 29 3
29 5 29 3
29 5 29 9
29 5 30 5
29 5 29 3
29 5 29 9
29 5 30 5
29 9 29 10
29 9 31 9
29 9 29 10
29 9 31 9
29 10 29 11
29 10 30 10
29 10 29 11
29 10 30 10
29 11 29 12
29 11 31 11
29 11 29 12
29 11 31 11
29 13 29 12
29 13 29 16
29 13 32 13
29 16 29 13
29 16 29 25
29 16 30 16
29 16 29 25
29 16 30 16
29 16 30 16
29 25 29 26
29 25 27 25
29 25 30 25
29 25 29 26
29 26 28 26
29 26 30 26
29 26 28 26
29 26 30 26
30 0 31 0
30 5 30 3
30 5 30 7
30 5 33 5
30 5 30 3
30 7 33 7
30 26 30 25
30 26 31 26
31 1 31 0
31 11 31 9
31 11 31 12
31 24 31 16
31 24 31 25
31 24 31 16
31 24 31 25
32 9 32 13
32 9 31 9
32 9 33 9
32 9 32 13
32 9 31 9
32 9 33 9
32 13 32 27
32 13 29 13
32 13 33 13
32 28 32 27
32 28 32 32
32 28 33 28
32 32 32 28
32 32 32 33
32 32 30 32
32 32 33 32
32 33 32 32
32 33 24 33
32 33 33 33
32 33 32 32
32 33 24 33
33 6 33 5
33 9 33 10
33 10 33 13
33 13 33 14
33 13 33 14
33 14 33 15
33 15 33 25
33 25 33 15
33 25 33 27
33 25 33 27
33 27 33 28
33 27 32 27
33 29 33 30
33 30 33 32
33 32 33 33
33 32 32 32
0 1 0 6
0 1 1 1
0 1 0 6
0 1 1 1
0 6 0 7
0 6 1 6
0 7 0 14
0 14 0 22
0 14 2 14
0 14 0 22
0 22 0 27
0 31 0 28
0 31 4 31
0 31 0 28
0 31 4 31
1 1 1 2
1 2 1 3
1 3 1 6
1 6 1 3
1 6 2 6
1 6 2 6
1 6 2 6
1 27 0 27
1 27 0 27
1 32 1 33
1 32 4 32
1 33 2 33
2 1 3 1
2 19 2 18
2 19 3 19
2 19 2 18
2 19 3 19
2 28 2 29
2 28 0 28
2 28 2 29
2 30 2 29
3 14 3 13
3 14 3 17
3 14 2 14
3 17 3 14
3 17 3 19
3 17 2 17
3 17 3 19
3 17 2 17
3 19 3 23
3 23 3 19
3 33 4 33
4 32 4 33
4 32 7 32
4 33 6 33
5 19 5 20
5 20 5 22
5 20 5 22
5 22 5 23
6 4 6 3
6 4 6 5
6 4 6 3
6 4 6 5
6 9 6 8
6 9 6 10
6 9 5 9
6 9 6 8
6 9 6 10
6 9 5 9
6 10 6 11
6 11 6 10
6 15 6 14
6 23 5 23
6 28 8 28
6 33 7 33
7 14 7 13
7 14 6 14
7 14 8 14
7 14 7 13
7 22 7 25
7 22 15 22
8 4 8 3
9 7 7 7
10 1 10 2
10 1 9 1
10 2 10 3
10 2 9 2
10 2 12 2
10 2 10 3
12 18 8 18
12 29 8 29
13 24 13 25
14 15 14 14
16 13 15 13
17 4 18 4
17 16 17 12
17 16 23 16
19 30 19 29
19 30 18 30
19 30 21 30
20 1 20 2
20 4 20 3
20 4 21 4
20 4 20 3
20 4 21 4
20 31 23 31
21 30 21 29
21 30 22 30
21 30 21 29
22 17 21 17
22 29 22 28
22 29 22 30
23 16 23 8
24 26 27 26
24 29 24 30
24 33 24 30
25 30 28 30
26 3 26 5
26 3 22 3
26 3 26 5
26 5 26 8
26 5 25 5
26 5 27 5
26 5 26 8
26 29 28 29
27 5 27 2
27 5 27 6
27 5 27 2
27 6 27 7
27 13 27 12
27 13 27 14
27 13 26 13
27 17 27 18
27 22 27 25
27 25 27 26
28 30 28 29
28 30 28 31
28 30 29 30
28 30 28 29
28 31 28 32
28 31 30 31
28 32 29 32
29 2 29 3
29 3 30 3
29 12 30 12
29 32 30 32
30 12 29 12
30 16 30 14
30 16 31 16
30 32 30 31
30 32 29 32
31 1 31 0
31 14 31 15
31 14 30 14
31 14 31 15
31 14 30 14
31 16 30 16
31 29 31 30
31 29 30 29
31 29 31 30
31 29 30 29
32 0 33 0
32 27 32 28
33 4 33 0
0 22 0 27
2 1 3 1
2 14 2 16
2 14 3 14
2 14 2 16
2 17 2 18
5 9 5 8
5 12 5 13
5 12 7 12
5 25 5 26
5 25 7 25
6 8 5 8
6 14 5 14
6 26 7 26
6 33 7 33
7 12 7 7
7 12 7 13
7 12 17 12
7 13 5 13
7 33 7 32
7 33 8 33
8 18 8 20
8 18 12 18
8 21 20 21
8 33 8 32
8 33 9 33
8 33 8 32
9 1 8 1
9 5 23 5
9 14 9 15
9 14 8 14
9 14 13 14
9 33 9 32
9 33 10 33
9 33 10 33
10 30 8 30
10 30 11 30
10 30 8 30
10 30 11 30
11 33 13 33
12 29 8 29
13 15 13 14
13 24 13 25
13 33 23 33
15 32 23 32
16 13 15 13
18 29 19 29
18 31 17 31
19 29 19 28
20 1 20 2
21 28 20 28
22 13 22 10
22 13 22 14
22 13 21 13
22 14 22 13
22 14 22 15
22 14 20 14
22 14 22 13
22 14 22 15
23 5 23 4
23 5 23 8
23 5 24 5
23 31 23 32
23 32 23 31
23 32 23 33
23 32 15 32
25 5 25 4
25 5 25 6
25 5 24 5
25 5 25 4
25 5 25 6
25 6 25 7
25 6 24 6
25 12 25 11
25 12 24 12
25 12 25 11
25 12 24 12
27 2 24 2
27 6 27 7
28 29 29 29
29 29 29 30
29 29 30 29
29 29 29 30
29 30 30 30
32 0 33 0
5 13 5 14
7 32 8 32
8 21 20 21
8 30 8 29
13 15 13 14
19 28 17 28
20 1 20 2
20 2 20 3
20 2 18 2
20 2 21 2
20 15 20 14
20 15 21 15
20 21 20 20
20 21 20 22
20 21 21 21
21 2 22 2
21 13 21 11
21 13 18 13
21 13 21 11
21 21 21 20
22 6 21 6
23 2 22 2
24 12 24 11
24 12 24 13
24 13 26 13
25 4 24 4
29 30 30 30
30 31 31 31
31 30 31 31
8 28 8 29
8 28 17 28
13 14 13 13
13 14 9 14
14 14 14 13
14 14 15 14
15 22 15 23
15 23 9 23
18 13 18 12
21 20 21 18
21 20 20 20
22 3 22 4
22 3 20 3
22 4 23 4
22 6 21 6
24 4 24 5
24 4 23 4
24 6 24 7
24 13 26 13
26 13 26 9
26 13 26 14
26 13 27 13
26 14 26 15
26 14 27 14
26 14 27 14
27 11 27 9
27 13 27 14
13 13 12 13
13 13 14 13
13 13 12 13
14 14 15 14
15 13 15 14
15 23 9 23
18 13 18 12
20 18 20 17
20 18 18 18
20 18 21 18
20 18 20 17
20 18 18 18
21 6 20 6
21 18 21 17
23 5 23 8
23 8 26 8
24 6 24 7
24 9 24 10
24 9 26 9
24 9 24 10
24 9 26 9
24 10 24 11
24 10 25 10
24 11 25 11
11 13 10 13
18 17 20 17
23 8 26 8
11 13 10 13
10 13 8 13
8 13 8 14
8 14 8 15
8 14 9 14

5304

2 4 = = = = 4 2 - - - - - - 4 = = = = = = = 4 = = = = 4 4 = = 4 2 4 
ǁ 4 2 4 = = 6               |                         5 | 1   ǁ 4 6 
ǁ 5 - - - - 4               6 = 2 3 3 4               | 4 7 2 ǁ ǁ 2 
ǁ 3                       2 5 = = 6 = 6 = = = 2       |   2   ǁ ǁ 1 
6 = = = = = = = = = = = = = = = = = = = = = = = = = = 6 = = = 5 7 4 
ǁ 2   3       3 2 4 - - 5 5 5 - 4 - - 5 4 = 4 3 - 5 2 |   1     ǁ | 
ǁ 4 1 3 4 2   | 3 6 4 2 ǁ | 5 1 ǁ 2 = 6 2   | 2   ǁ 2 | 2 |     ǁ 3 
ǁ 4   3 - - - 7 = = = = 6 4 6 = 8 = = = = = 7 = = 7 5 | ǁ |     5 4 
ǁ 5 - 3 3 4   ǁ 4 3 2   | 2 5 1 ǁ   3 - 3 2 ǁ       | | 5 5 3   3 4 
ǁ 4 2 - - 8 6 6 ǁ 2     | | 5 2 ǁ   ǁ   ǁ ǁ ǁ 2     3 | ǁ ǁ ǁ   1 4 
ǁ 5 6 4 4 ǁ 2 - 6 7 7 2 | 3 ǁ 1 ǁ   ǁ   ǁ ǁ ǁ ǁ     3 | ǁ ǁ 4     2 
ǁ | | 1 ǁ ǁ 2 5 | | |   | 2 ǁ | ǁ   ǁ   ǁ ǁ ǁ ǁ       | ǁ ǁ 2     1 
ǁ 3 2   ǁ ǁ     | | |   | 2 ǁ | ǁ   2   ǁ ǁ ǁ ǁ       | ǁ 2       | 
ǁ ǁ 2 - 4 ǁ     | | |   | 4 6 5 ǁ       ǁ ǁ ǁ ǁ 2 5 2 | ǁ         3 
ǁ ǁ |   | ǁ     | 4 7 2 | 2 5 4 ǁ       ǁ ǁ ǁ ǁ       | ǁ         ǁ 
5 8 4   | ǁ   2 | 2 2   | 3 5 6 ǁ       ǁ ǁ 3 3       | ǁ       3 ǁ 
| 4 3 2 | ǁ     |       | 2   2 ǁ       ǁ ǁ           | ǁ       ǁ ǁ 
4 |     4 ǁ     | 4     6 = = = 8 = = = 6 ǁ           | 5 - - 2 ǁ ǁ 
| 1 2 2 2 ǁ     | 2 4 - 7 5 5 4 ǁ 2 2   ǁ ǁ           | ǁ 2 1 3 ǁ ǁ 
|   |     ǁ     | 2 |   | | 1 | ǁ | ǁ   ǁ ǁ           | 4 7 6 6 ǁ ǁ 
| 5 6 5 4 ǁ 3 1 | 3 7 2 2 | 2 3 ǁ 3 6 - 7 6 1         | 2 | | 4 ǁ ǁ 
| ǁ 2 ǁ 2 ǁ 3   | 2 2 2 = 4 | 1 ǁ 2 4 - 4 2           | 5 4 4 ǁ ǁ ǁ 
| ǁ 3 7 3 ǁ 2   | 3 3 - - 5 6 2 ǁ 1                   | 2 2 2 ǁ ǁ ǁ 
| ǁ 2 ǁ 3 7 = = 8 - - - - - - - 6 = = = = = = = = = = 6 = = = 7 6 5 
| ǁ 1 ǁ 3 3 3 2 ǁ 4 4 3 4 3     | 2 6 = 4 - - - - 2 1 | 4 3 3 - - 4 
1 ǁ | ǁ 3 6 4 2 ǁ ǁ 1 4 4 ǁ     |   ǁ   4 3 - - - 5 | | ǁ 1 5     ǁ 
1 ǁ | 4 = 6 = = 5 6 - - - 6 4 1 |   ǁ   | 2       ǁ | | ǁ 2 ǁ   3 ǁ 
| ǁ 3 = = 4 3 2 1 3 - 1 1 5 4 1 | 2 7 = 6 = 4 = = 7 2 | ǁ ǁ ǁ   4 ǁ 
5 8 = = = = = = = = = = = = = = 6 = 4 - - - - - 2 | 2 | 6 7 6 4 6 ǁ 
2 | 2 5 = 6 = = = 6 6 6 5 5 = = 8 = = = = = = = = 6 6 | ǁ 4 6 | 4 ǁ 
2 |   3 = 6 - 2   ǁ 2 ǁ 3 ǁ 3 - 7                 2 4 | ǁ 3 2 3 4 ǁ 
3 4       |   |   5 - 4 1 ǁ 4 2 4 = = = = = = = 4 2 2 | ǁ 4 3 3 | ǁ 
3         |   |   6 = = = 6 - - - - - - - - - - - - - 7 7 = = = 8 6 
3 - - - 3 2 1 1   3 2 - - 4 3 4 = = = = = = = = = 4 = 4 2 1 2 - 4 2 
