34 34
3 2 3 0 6 0 6 0 0 0 0 0 0 0 0 0 0 0 0 0 0 0 0 0 0 0 5 0 0 0 0 4 2 0 
0 2 7 4 0 2 0 4 0 4 0 6 0 0 0 6 0 0 0 0 0 0 0 0 2 0 0 2 4 0 3 2 0 2 
0 0 0 0 0 0 0 4 0 0 0 7 4 1 0 0 2 0 5 0 0 0 0 0 0 0 6 0 0 0 4 2 0 0 
0 0 0 3 0 0 0 0 0 0 0 2 2 0 0 0 2 0 5 4 2 2 0 4 0 0 5 0 0 0 3 0 4 0 
0 0 0 0 0 0 0 4 0 0 0 0 0 0 0 8 0 0 0 0 0 0 0 0 0 0 2 1 0 4 6 2 1 0 
0 1 0 1 0 4 0 0 2 0 4 1 0 0 0 0 2 0 2 1 5 3 1 0 0 0 5 2 0 0 4 0 0 0 
0 0 0 0 0 0 0 6 0 0 6 0 2 0 0 0 1 0 0 0 0 1 0 0 0 0 0 1 0 0 6 0 6 3 
0 0 4 2 0 0 0 0 0 0 0 0 0 0 0 0 4 0 6 0 6 0 0 0 0 0 6 5 2 0 0 0 2 1 
0 5 6 0 7 3 0 5 0 4 6 5 5 0 0 0 6 6 6 4 0 0 2 0 4 0 6 4 2 0 0 2 2 0 
0 2 4 2 4 2 0 3 0 4 2 1 2 0 0 0 2 2 0 2 0 0 0 0 0 0 2 1 0 0 0 0 4 4 
5 0 0 0 0 0 8 0 0 0 0 0 0 0 0 8 0 0 0 0 8 0 0 0 0 0 0 0 0 4 6 6 4 0 
0 3 0 0 6 2 0 3 0 0 3 2 1 4 2 0 2 0 4 3 5 3 6 2 0 0 2 0 0 4 0 3 6 0 
0 0 1 2 0 0 0 0 2 4 0 0 6 6 1 0 4 0 6 2 0 0 0 0 0 0 0 0 0 0 0 1 0 0 
0 0 3 5 0 0 0 6 0 6 3 2 0 0 2 0 0 2 0 0 0 0 0 0 0 0 0 0 0 0 0 0 0 0 
0 0 0 0 0 0 0 0 0 6 4 5 0 0 0 0 6 4 0 0 3 0 5 0 0 0 0 0 0 6 5 0 8 3 
0 0 3 0 0 0 0 0 0 4 3 3 0 5 4 0 5 3 0 3 2 0 4 0 0 0 0 1 0 0 5 1 5 1 
0 0 2 0 0 0 0 0 0 0 0 0 0 4 2 0 2 2 0 2 0 0 4 2 0 0 0 0 0 0 2 2 6 0 
6 6 0 3 4 1 0 6 0 0 0 0 5 0 0 7 0 0 8 0 0 5 0 0 0 0 0 0 0 8 0 3 6 4 
0 4 4 2 1 0 0 4 3 1 2 0 3 2 0 4 1 0 5 3 3 4 0 0 0 0 0 0 6 4 2 2 1 0 
0 2 0 4 0 0 7 0 0 0 0 0 0 0 0 0 0 0 0 0 0 0 0 0 0 0 0 0 8 0 8 7 2 0 
0 3 0 0 4 0 7 0 0 0 0 0 0 0 0 0 0 0 0 0 0 0 0 0 0 4 4 2 0 1 0 4 1 0 
0 2 1 2 0 0 0 2 4 0 0 0 0 0 0 0 0 0 0 5 3 4 0 3 3 0 3 2 0 0 0 2 0 0 
6 0 5 5 0 2 0 0 0 0 0 0 0 2 0 0 0 0 0 0 2 2 0 0 3 2 0 0 0 0 0 0 0 0 
0 2 3 0 0 0 0 0 0 0 0 0 0 0 0 0 0 0 0 0 4 0 0 6 0 0 7 6 0 5 8 0 4 0 
0 1 2 4 0 0 0 4 6 0 0 0 0 3 0 0 0 0 0 0 5 3 2 0 4 4 0 0 0 0 0 2 0 0 
0 0 0 2 3 4 0 1 2 0 0 0 0 0 0 0 0 0 0 0 2 0 0 0 2 0 0 0 0 0 0 0 0 0 
0 0 4 0 0 0 8 0 0 0 0 0 0 0 0 0 0 0 0 7 0 0 0 6 0 4 0 3 0 4 0 0 0 3 
0 4 0 0 0 0 7 0 0 0 0 0 0 0 0 0 0 3 4 0 4 6 4 0 0 1 0 0 0 2 0 0 0 1 
0 3 4 0 0 0 7 0 0 0 6 0 0 4 5 5 0 0 5 0 3 0 0 0 2 0 0 0 0 1 0 0 0 0 
4 0 0 0 0 0 0 2 4 1 5 3 1 1 2 2 0 0 2 0 1 0 2 0 0 0 0 0 0 0 0 0 2 0 
2 0 4 2 0 0 3 3 6 0 0 0 0 0 0 0 0 0 0 6 0 6 4 3 6 4 3 0 0 0 0 0 0 0 
0 0 0 0 0 0 3 2 0 0 0 0 0 0 0 0 0 2 0 0 3 4 4 0 2 2 0 0 0 0 0 0 0 0 
2 6 0 0 0 0 3 0 6 0 0 0 0 0 0 0 0 7 2 5 5 0 2 0 3 0 6 3 6 3 3 3 0 0 
0 4 0 0 0 2 0 0 1 0 0 0 0 0 0 0 0 2 0 3 3 0 0 0 6 2 3 0 5 0 4 0 2 0 
400 644
0 4 0 2
0 4 0 6
0 4 8 4
0 4 0 2
0 4 0 6
0 4 8 4
0 6 0 26
0 6 10 6
1 2 1 1
1 2 1 3
1 2 0 2
1 2 7 2
1 3 1 2
1 3 3 3
1 3 1 2
1 5 5 5
1 7 1 9
1 7 2 7
1 7 1 9
1 7 2 7
1 9 1 11
1 9 8 9
1 15 1 11
1 15 1 24
1 15 4 15
1 15 1 11
1 15 1 24
1 15 4 15
2 7 4 7
2 18 2 16
2 18 2 26
2 18 3 18
3 3 5 3
4 7 2 7
4 7 6 7
4 7 6 7
4 15 4 26
4 15 10 15
4 15 4 26
4 15 10 15
5 5 1 5
5 5 8 5
5 5 8 5
5 8 12 8
5 10 5 11
5 10 6 10
5 10 6 10
5 10 6 10
5 20 5 19
5 20 5 21
5 20 7 20
5 26 5 22
5 26 5 27
5 26 7 26
6 7 8 7
6 7 8 7
8 1 8 2
8 1 5 1
8 1 9 1
8 4 8 2
8 4 8 5
8 4 9 4
8 7 9 7
8 9 8 10
8 9 9 9
8 9 8 10
8 10 8 11
8 10 6 10
8 10 9 10
8 10 8 11
8 11 8 12
8 11 9 11
8 11 8 12
8 16 8 17
8 16 7 16
8 16 9 16
8 16 8 17
8 16 7 16
8 16 9 16
8 17 8 18
8 17 9 17
9 9 9 10
9 9 12 9
9 9 12 9
10 0 10 6
10 0 0 0
10 0 17 0
10 6 10 0
10 6 0 6
10 6 19 6
10 6 19 6
10 15 10 20
10 15 17 15
10 15 10 20
10 15 17 15
10 20 10 29
10 20 7 20
10 20 11 20
11 4 11 1
11 4 11 5
11 4 17 4
11 4 11 1
11 4 11 5
11 4 17 4
11 22 11 21
11 22 11 23
11 22 14 22
11 22 11 21
11 22 11 23
11 22 14 22
11 32 11 31
11 32 10 32
11 32 14 32
11 32 11 31
11 32 10 32
11 32 14 32
13 3 13 2
13 3 12 3
13 3 17 3
13 7 13 9
13 7 11 7
13 7 17 7
13 7 13 9
13 7 11 7
13 7 17 7
13 9 13 10
13 9 12 9
13 9 14 9
13 9 13 10
13 17 14 17
14 11 14 10
14 11 13 11
14 11 15 11
14 16 14 17
14 16 12 16
14 16 15 16
14 16 14 17
14 16 12 16
14 16 15 16
14 32 14 30
14 32 14 33
14 32 15 32
16 32 16 31
16 32 15 32
16 32 17 32
16 32 16 31
16 32 15 32
16 32 17 32
17 0 17 1
17 0 10 0
17 0 22 0
17 7 17 12
17 7 18 7
17 7 17 12
17 7 18 7
17 15 17 12
17 15 17 18
17 15 18 15
17 18 17 15
17 18 17 21
17 18 12 18
17 18 18 18
17 29 17 21
17 29 17 31
17 29 14 29
17 29 18 29
17 29 17 21
17 29 17 31
17 29 14 29
17 29 18 29
17 32 17 31
17 32 17 33
17 32 18 32
17 32 17 33
17 33 15 33
17 33 26 33
18 7 18 8
18 7 21 7
18 28 18 21
18 28 18 29
18 28 19 28
18 28 18 21
18 28 18 29
18 28 19 28
19 28 19 30
19 28 32 28
19 28 19 30
19 28 32 28
19 30 19 31
19 30 18 30
19 30 23 30
20 25 20 26
20 25 22 25
20 25 20 26
20 25 22 25
20 26 20 27
20 26 21 26
20 27 21 27
20 29 23 29
22 0 22 2
22 0 17 0
22 0 29 0
23 26 23 23
23 26 23 27
23 26 21 26
23 26 30 26
23 27 23 26
23 27 21 27
23 27 26 27
23 27 23 26
23 27 26 27
23 29 23 30
23 29 26 29
23 29 23 30
23 29 26 29
23 30 23 32
23 30 19 30
23 30 32 30
24 25 24 24
24 25 26 25
24 25 24 24
24 25 26 25
24 31 32 31
26 6 26 2
26 6 26 19
26 6 20 6
26 6 27 6
26 6 26 2
26 6 26 19
26 6 20 6
26 6 27 6
26 19 26 23
26 19 21 19
26 19 30 19
26 25 26 23
26 25 27 25
26 27 32 27
26 29 27 29
26 33 27 33
27 6 27 1
27 6 27 17
27 6 28 6
27 18 27 17
27 18 28 18
27 18 27 17
27 18 28 18
27 20 27 21
27 20 28 20
27 20 27 21
27 20 28 20
27 21 27 22
27 21 30 21
27 21 27 22
27 21 30 21
27 22 29 22
28 10 28 6
28 10 28 13
28 10 29 10
28 10 28 6
28 10 28 13
28 10 29 10
28 13 28 14
28 13 29 13
28 14 28 15
28 14 29 14
28 14 28 15
28 14 29 14
28 20 29 20
28 24 30 24
29 10 29 9
29 10 29 11
29 10 29 11
29 11 29 12
30 21 30 19
30 21 30 22
30 21 31 21
30 21 30 19
31 21 31 20
31 21 31 22
31 21 31 20
32 17 32 8
32 17 32 18
32 17 31 17
32 17 33 17
32 28 32 27
32 28 32 29
32 28 33 28
32 28 32 27
33 1 33 5
33 1 32 1
33 1 33 5
33 1 32 1
33 24 33 20
33 24 33 25
33 24 32 24
33 24 33 20
33 24 33 25
33 24 32 24
33 28 33 26
33 28 33 30
0 0 0 1
0 0 0 1
0 6 0 26
1 1 1 2
1 11 2 11
2 11 2 12
2 11 1 11
2 11 3 11
2 11 2 12
2 11 1 11
2 11 3 11
2 12 2 13
2 12 3 12
3 12 6 12
3 19 3 18
3 19 3 20
3 19 3 18
3 19 3 20
3 21 3 23
3 23 3 21
3 23 3 26
3 23 3 26
5 8 12 8
5 26 5 27
5 26 7 26
5 30 4 30
5 30 6 30
5 30 4 30
5 30 6 30
6 10 6 12
6 21 5 21
6 30 6 27
6 30 6 32
6 30 10 30
6 30 6 32
6 32 6 33
6 32 4 32
6 32 7 32
6 32 6 33
7 2 7 3
7 2 8 2
7 2 7 3
7 16 7 18
7 16 6 16
7 18 7 20
7 18 5 18
7 18 8 18
7 18 7 20
7 18 5 18
7 20 7 26
7 20 5 20
7 27 7 26
7 27 7 28
7 27 8 27
8 1 8 2
8 1 9 1
8 4 8 2
8 4 9 4
8 7 9 7
8 12 9 12
8 17 8 18
8 17 9 17
8 18 8 19
8 19 8 18
8 19 9 19
8 19 8 18
8 22 8 24
8 24 8 22
8 24 8 26
8 24 8 26
8 26 8 27
8 26 7 26
8 26 9 26
8 26 8 27
8 28 8 27
8 28 7 28
9 2 9 3
9 2 8 2
9 2 9 3
9 4 9 5
9 5 9 4
9 26 9 27
10 30 10 29
10 30 10 31
10 30 14 30
10 30 10 29
10 30 10 31
10 31 10 32
10 31 8 31
10 31 11 31
10 31 10 32
11 1 17 1
11 7 9 7
11 26 11 29
12 9 12 12
12 12 12 13
12 12 11 12
12 12 17 12
12 16 12 18
12 16 11 16
12 18 12 19
12 18 11 18
12 18 17 18
12 18 12 19
13 17 14 17
14 29 14 22
14 29 14 30
14 29 11 29
14 29 14 22
14 32 14 30
14 32 14 33
14 32 15 32
14 33 9 33
15 9 15 10
15 9 14 9
15 9 15 10
15 9 14 9
15 13 15 14
15 13 12 13
15 13 16 13
15 27 15 22
15 30 15 31
15 30 14 30
15 30 16 30
15 30 16 30
16 13 16 14
16 13 15 13
16 13 16 14
16 23 16 22
17 0 17 1
17 18 17 21
17 18 18 18
19 30 19 31
19 30 18 30
19 31 19 32
19 31 18 31
19 31 20 31
21 26 23 26
21 31 20 31
22 0 22 2
22 0 29 0
23 23 23 20
23 23 21 23
23 23 26 23
23 23 23 20
23 23 21 23
23 30 23 32
23 30 32 30
23 32 20 32
23 32 29 32
24 20 24 21
24 20 23 20
24 20 25 20
24 22 24 21
24 24 25 24
24 31 32 31
25 5 25 4
25 5 22 5
25 5 25 4
25 5 22 5
25 20 24 20
25 24 24 24
26 2 24 2
26 23 26 19
26 23 30 23
26 23 30 23
26 29 27 29
27 6 27 1
27 6 28 6
27 22 29 22
28 24 30 24
28 29 32 29
29 0 29 7
29 0 30 0
29 8 29 7
29 8 30 8
29 8 30 8
29 8 30 8
29 32 33 32
30 2 30 0
30 2 30 3
30 2 30 3
30 8 30 7
30 8 30 19
30 8 32 8
30 22 30 23
30 22 31 22
30 22 31 22
30 24 30 25
30 24 31 24
31 22 31 24
31 25 30 25
31 25 30 25
32 0 32 1
32 0 32 1
32 1 32 6
32 8 32 6
32 8 32 17
32 8 33 8
32 8 32 6
32 26 32 24
32 26 30 26
32 26 33 26
32 29 32 30
33 28 33 26
33 28 33 30
33 30 33 32
1 28 1 27
1 28 1 30
1 28 1 27
1 28 1 30
3 32 3 30
3 32 0 32
3 32 3 30
3 32 0 32
4 27 4 29
4 29 4 30
4 30 4 29
4 30 4 31
4 30 3 30
5 20 5 21
7 26 7 27
8 12 9 12
8 31 8 32
9 32 9 33
9 32 8 32
9 32 9 33
9 32 9 33
10 29 10 20
11 10 11 11
11 11 11 10
11 13 11 14
11 13 12 13
11 13 11 14
11 13 12 13
11 16 11 18
11 18 11 19
11 26 11 29
12 12 12 13
12 12 17 12
14 9 14 10
15 14 15 13
15 14 13 14
15 14 13 14
16 23 16 22
17 5 17 4
17 15 18 15
18 15 18 13
18 15 18 16
18 18 18 19
18 31 19 31
19 32 19 31
20 31 21 31
22 3 22 2
22 3 21 3
22 3 24 3
22 24 21 24
23 20 22 20
24 20 24 21
26 2 24 2
27 1 24 1
27 1 28 1
28 1 28 2
28 2 28 1
28 2 28 6
28 2 28 6
30 24 30 25
30 26 32 26
32 22 32 20
32 22 32 20
0 31 0 26
0 31 1 31
0 31 0 26
0 31 1 31
1 30 2 30
1 33 6 33
2 30 2 26
2 30 2 31
2 30 2 26
3 26 2 26
7 32 7 33
10 20 11 20
11 18 11 19
11 19 11 20
12 13 12 14
14 9 14 10
16 22 16 19
16 22 15 22
17 4 17 3
17 21 18 21
18 18 18 19
18 21 18 20
22 24 21 24
23 1 23 2
24 3 22 3
24 3 25 3
24 3 25 3
25 4 20 4
0 26 2 26
3 26 2 26
10 20 11 20
11 21 11 20
14 9 14 10
15 10 15 11
15 11 14 11
15 22 15 20
15 22 14 22
16 19 15 19
18 18 18 19
18 20 21 20
22 24 21 24
23 1 23 2
23 2 22 2
2 18 2 16
2 18 3 18
3 16 3 18
13 10 13 11
14 20 15 20
18 20 21 20
21 23 21 21
21 21 21 20
21 21 22 21
21 21 22 21
21 19 21 8
21 19 26 19
21 19 21 8
22 13 24 13
30 19 32 19
30 19 32 19
31 17 32 17
31 20 32 20
18 13 18 12
22 13 24 13
24 13 24 8
18 12 18 10
24 8 24 7
24 8 21 8
24 8 25 8
24 8 24 7
24 8 21 8
25 8 25 7
18 8 18 9
18 10 18 12
21 7 24 7

3951

3 2 3 = 6 = 6 = = = = = = = = = = = = = = = = = = = 5 = = = = 4 2   
| 2 7 4 ǁ 2 ǁ 4 = 4 - 6 = = = 6 = = = = = = = = 2   | 2 4 = 3 2 ǁ 2 
|   | | ǁ ǁ ǁ 4   |   7 4 1   ǁ 2 = 5 - - - - - - - 6 = = = 4 2 ǁ | 
|   | 3 ǁ ǁ ǁ ǁ   |   2 2     ǁ 2 - 5 4 2 2 = 4 = = 5       3 = 4 | 
|   | | ǁ ǁ ǁ 4   |     |     8 = = = = = = = = = = 2 1 - 4 6 2 1 | 
| 1 | 1 ǁ 4 ǁ ǁ 2 | 4 1 |     ǁ 2   2 1 5 3 1 - - - 5 2     4   | | 
| | |   ǁ ǁ ǁ 6 ǁ | 6 - 2     ǁ 1   ǁ   ǁ 1         ǁ 1 - - 6 = 6 3 
| | 4 2 ǁ ǁ ǁ ǁ ǁ | |         ǁ 4 - 6 = 6 - - - - - 6 5 2   |   2 1 
| 5 6 = 7 3 ǁ 5 ǁ 4 6 5 5     ǁ 6 6 6 4 |   2 = 4 = 6 4 2   | 2 2   
| 2 4 2 4 2 ǁ 3 ǁ 4 2 1 2     ǁ 2 2   2 |           2 1     | | 4 4 
5 = = = = = 8 | ǁ ǁ           8 = = = = 8 = = = = = = = = 4 6 6 4 | 
ǁ 3 = = 6 2 ǁ 3 ǁ ǁ 3 2 1 4 2 ǁ 2 - 4 3 5 3 6 2     2 = = 4 | 3 6 | 
ǁ | 1 2 ǁ   ǁ ǁ 2 4 - - 6 6 1 ǁ 4 - 6 2     ǁ             | | 1 ǁ | 
ǁ | 3 5 ǁ   ǁ 6 = 6 3 2 ǁ | 2 ǁ ǁ 2 ǁ       ǁ             | |   ǁ | 
ǁ |   | ǁ   ǁ ǁ   6 4 5 ǁ | ǁ ǁ 6 4 ǁ   3   5 = = = = = = 6 5 = 8 3 
ǁ | 3 | ǁ   ǁ ǁ   4 3 3 ǁ 5 4 ǁ 5 3 ǁ 3 2 - 4 - - - - 1   ǁ 5 1 5 1 
ǁ | 2 | ǁ   ǁ ǁ         ǁ 4 2 ǁ 2 2 ǁ 2 - - 4 2           ǁ 2 2 6 | 
6 6   3 4 1 ǁ 6 = = = = 5 - - 7 = = 8 = = 5 = = = = = = = 8 = 3 6 4 
ǁ 4 4 2 1   ǁ 4 3 1 2 = 3 2 - 4 1   5 3 3 4 = = = = = = 6 4 2 2 1 | 
ǁ 2   4     7 |                         ǁ               8 = 8 7 2 | 
ǁ 3     4   7 |                         ǁ         4 4 2 ǁ 1 ǁ 4 1 | 
ǁ 2 1 2 |   ǁ 2 4 = = = = = = = = = = 5 3 4 - 3 3 ǁ 3 2 ǁ | ǁ 2 | | 
6 = 5 5 | 2 ǁ | ǁ         2           ǁ 2 2   ǁ 3 2 ǁ | ǁ | ǁ   | | 
ǁ 2 3 ǁ | ǁ ǁ | ǁ         ǁ           ǁ 4 = = 6 - - 7 6 ǁ 5 8 = 4 | 
ǁ 1 2 4 | ǁ ǁ 4 6 - - - - 3           ǁ 5 3 2 | 4 4 | ǁ ǁ ǁ ǁ 2 | | 
ǁ | ǁ 2 3 4 ǁ 1 2                     ǁ 2     | 2 ǁ | ǁ ǁ ǁ ǁ ǁ | | 
ǁ | 4 = = = 8 = = = = = = = = = = = = 7 = = = 6 - 4 | 3 ǁ 4 ǁ ǁ | 3 
ǁ 4 = = = = 7 - - - - - - - - - - 3 4 | 4 6 4 ǁ   1 | | ǁ 2 ǁ ǁ | 1 
ǁ 3 4 = = = 7 = = = 6 = = 4 5 5     5 | 3 ǁ ǁ ǁ 2   | | ǁ 1 ǁ ǁ |   
4 - - - - - - 2 4 1 5 3 1 1 2 2     2 | 1 ǁ 2 ǁ ǁ   | | ǁ | ǁ ǁ 2   
2 - 4 2     3 3 6 - - - - - - - - - - 6 = 6 4 3 6 4 3 | ǁ | ǁ ǁ |   
            3 2 |                 2   ǁ 3 4 4 - 2 2 ǁ | ǁ | ǁ ǁ |   
2 6 - - - - 3 = 6 = = = = = = = = 7 2 5 5 = 2   3 - 6 3 6 3 3 3 |   
  4 = = = 2     1                 2   3 3 = = = 6 2 3 = 5 = 4 - 2   
