34 34
1 4 3 4 0 0 0 0 0 0 0 0 4 0 0 0 0 0 0 0 0 0 0 0 0 0 0 0 0 0 0 0 4 2 
2 4 4 0 0 0 0 0 0 0 0 0 0 0 0 0 0 0 0 0 5 3 4 0 0 0 0 0 0 0 0 0 6 3 
0 0 0 3 0 0 0 0 0 0 0 0 0 0 0 0 3 4 0 0 8 4 0 2 0 0 0 0 0 4 4 2 0 1 
0 0 0 2 0 0 0 0 0 0 0 0 0 2 0 0 0 0 0 0 0 2 0 4 6 3 0 1 0 0 0 0 4 3 
4 0 5 0 0 0 0 0 0 0 0 0 0 7 3 0 0 5 3 3 0 2 0 6 7 0 0 0 0 7 6 0 3 4 
0 0 3 0 0 0 0 0 0 0 0 3 0 7 3 0 0 2 4 5 0 0 0 5 5 6 4 0 0 0 3 4 4 4 
0 0 1 0 0 0 0 0 0 0 0 0 0 2 0 0 0 0 0 2 0 0 0 4 0 3 0 0 0 0 2 0 4 2 
6 6 0 0 0 0 0 0 0 0 0 0 0 0 0 0 8 0 7 0 6 4 0 5 6 3 0 1 0 0 3 1 0 0 
5 0 0 6 2 1 0 0 0 0 5 2 2 4 0 0 6 2 0 2 4 1 0 1 2 1 0 0 0 0 5 0 7 4 
3 2 0 7 0 0 0 0 0 0 8 0 0 0 0 0 0 0 7 0 0 0 6 0 0 0 5 4 2 0 2 0 0 2 
5 2 1 0 1 1 0 0 0 0 0 3 2 2 0 6 6 2 0 3 3 2 4 0 5 3 2 0 0 5 0 0 6 5 
0 0 0 0 0 3 0 0 0 0 0 5 6 0 3 0 4 0 0 0 0 4 2 0 0 5 4 0 0 5 4 3 0 2 
0 0 0 0 0 0 0 0 0 0 0 1 0 0 0 0 3 1 0 0 0 3 0 0 6 6 0 0 0 4 0 1 0 3 
6 0 0 3 0 4 0 0 0 2 0 1 0 0 0 0 0 0 0 3 6 0 4 4 4 4 0 2 2 0 6 2 0 0 
5 0 0 0 2 0 0 0 0 0 0 0 0 0 0 0 2 0 0 0 4 0 0 0 0 0 0 4 2 0 0 0 0 0 
0 2 3 0 5 8 0 0 2 0 0 3 0 0 0 0 0 0 0 4 0 0 0 0 0 0 0 0 0 0 7 4 0 0 
0 4 0 0 0 0 0 0 0 0 0 0 0 0 0 0 0 0 0 1 3 0 4 0 0 0 0 0 0 0 0 0 0 0 
0 0 0 0 3 0 0 0 0 0 0 0 0 0 0 0 0 0 0 3 6 4 0 0 0 0 0 0 0 0 0 0 0 0 
0 0 3 0 0 5 0 2 0 3 0 0 0 2 6 5 8 2 0 3 3 4 0 0 0 0 0 0 0 0 0 0 0 0 
0 0 0 0 0 0 0 1 0 0 0 0 0 0 3 2 2 0 0 2 0 4 0 0 0 0 0 0 0 0 0 0 0 0 
0 0 0 0 0 0 0 0 0 0 0 5 6 0 0 0 0 0 6 0 0 0 7 0 0 0 0 0 0 0 5 0 5 6 
0 0 4 2 0 5 0 6 3 0 3 4 0 1 3 2 2 0 0 2 0 4 0 2 0 3 3 5 4 4 0 1 0 0 
0 0 0 0 0 2 0 4 4 0 2 2 0 4 5 3 0 0 0 3 6 4 0 2 2 0 2 0 4 6 0 0 0 0 
0 5 0 0 6 0 0 0 0 4 0 0 0 2 0 2 0 0 0 0 0 2 0 6 7 5 0 6 8 6 0 2 2 0 
0 0 3 2 0 2 3 0 3 4 2 0 0 2 0 2 7 0 6 3 4 4 0 4 0 0 0 0 6 4 0 4 2 0 
0 0 0 0 0 0 2 0 0 0 0 0 0 4 5 0 5 3 5 4 3 0 0 0 0 0 0 1 3 1 0 0 2 0 
0 0 0 0 0 3 0 0 4 0 0 0 6 0 2 2 3 1 4 4 2 0 0 0 0 5 0 0 4 2 0 0 0 0 
0 3 4 0 8 0 0 0 0 0 0 0 0 0 0 0 0 0 0 0 0 0 6 0 0 2 2 0 5 3 0 0 3 4 
0 2 0 0 0 1 4 0 0 4 1 1 5 4 4 0 0 0 0 6 0 0 7 4 5 0 0 0 0 0 6 4 0 0 
0 0 1 0 0 0 2 0 0 0 0 2 0 0 0 0 0 0 0 0 2 0 4 4 8 0 0 6 3 2 0 4 5 0 
0 4 5 0 7 0 2 0 0 0 0 0 0 0 0 0 0 0 0 0 5 3 3 0 0 2 0 3 3 4 0 2 0 0 
0 1 2 3 3 0 0 0 0 0 0 0 0 0 0 0 0 0 0 0 4 2 4 6 0 4 0 5 0 0 6 0 6 0 
5 0 0 0 0 0 0 0 0 7 2 3 6 0 0 0 0 0 0 8 0 0 6 6 4 2 0 0 0 0 5 1 3 2 
2 3 4 0 0 0 0 0 0 4 0 0 4 0 0 0 0 0 0 5 0 0 0 0 0 3 0 0 4 2 4 5 3 0 
400 643
1 20 1 2
1 20 1 21
1 20 2 20
2 20 2 17
2 20 2 21
2 20 1 20
2 20 7 20
2 20 2 17
2 20 2 21
2 20 1 20
3 24 3 23
3 24 3 25
3 24 4 24
3 24 3 23
3 24 3 25
3 24 4 24
4 13 4 2
4 13 4 14
4 13 3 13
4 13 5 13
4 24 4 23
4 24 4 29
4 24 5 24
5 19 5 18
5 19 4 19
5 19 6 19
5 23 5 24
5 23 4 23
5 23 6 23
5 25 5 24
5 25 5 26
5 25 6 25
5 25 5 24
5 25 5 26
5 25 6 25
5 26 5 30
5 26 9 26
7 0 7 1
7 0 4 0
7 0 8 0
7 0 7 1
7 0 4 0
7 0 8 0
7 1 7 16
7 1 1 1
7 1 9 1
7 1 7 16
7 16 7 18
7 16 2 16
7 16 8 16
7 20 7 18
7 20 7 21
7 20 8 20
7 20 7 18
7 20 7 21
8 0 9 0
8 10 8 5
8 10 8 11
8 10 9 10
8 30 8 32
8 30 7 30
8 30 9 30
9 3 9 1
9 3 9 10
9 3 8 3
9 3 13 3
9 10 9 3
9 10 9 18
9 10 8 10
9 10 21 10
10 0 10 1
10 0 9 0
10 0 13 0
10 15 10 13
10 15 10 16
10 15 18 15
10 15 10 13
10 15 10 16
10 15 18 15
10 16 10 17
10 16 11 16
10 16 10 17
10 16 11 16
10 29 10 26
10 29 10 32
10 29 11 29
10 33 10 32
10 33 9 33
10 33 11 33
11 11 11 12
11 11 10 11
11 11 12 11
11 16 11 21
11 16 12 16
13 0 13 3
13 0 10 0
13 0 14 0
13 11 15 11
13 20 13 19
13 20 13 22
13 20 14 20
13 20 13 19
13 20 13 22
13 20 14 20
15 5 15 4
15 5 15 8
15 5 13 5
15 5 18 5
15 5 15 4
15 5 15 8
15 5 13 5
15 5 18 5
15 11 20 11
15 30 15 19
15 30 15 31
15 30 13 30
15 30 20 30
16 1 15 1
16 1 23 1
16 1 15 1
16 1 23 1
16 22 16 20
16 22 20 22
16 22 16 20
16 22 20 22
17 21 17 20
17 21 18 21
17 21 17 20
17 21 18 21
18 16 18 15
18 16 18 17
18 16 14 16
18 16 19 16
18 16 18 15
18 16 18 17
18 16 14 16
18 16 19 16
18 21 18 20
18 21 19 21
19 21 19 19
19 21 21 21
19 21 19 19
20 33 20 32
20 33 12 33
20 33 27 33
20 33 20 32
20 33 12 33
20 33 27 33
21 27 21 26
21 27 21 28
21 27 23 27
22 20 22 19
22 20 22 21
22 20 24 20
22 20 22 19
22 20 22 21
22 20 24 20
22 29 22 28
22 29 21 29
22 29 23 29
22 29 22 28
22 29 21 29
22 29 23 29
23 24 23 23
23 24 23 25
23 24 22 24
23 24 28 24
23 28 23 27
23 28 23 29
23 28 22 28
23 28 24 28
23 28 23 27
23 28 23 29
23 28 22 28
23 28 24 28
24 16 24 15
24 16 24 18
24 16 21 16
24 16 25 16
24 28 24 29
24 28 25 28
24 28 24 29
24 28 25 28
26 25 26 28
26 25 23 25
26 25 27 25
27 4 27 2
27 4 27 22
27 4 23 4
27 4 30 4
27 4 27 2
27 4 27 22
27 4 23 4
27 4 30 4
27 22 20 22
27 22 28 22
27 22 20 22
27 22 28 22
27 33 27 32
27 33 32 33
28 5 28 6
28 6 28 9
28 6 29 6
28 6 28 9
28 9 28 10
28 9 32 9
28 12 28 11
28 12 28 13
28 12 32 12
28 13 28 12
28 13 28 14
28 13 28 12
28 14 28 19
28 19 28 14
28 19 28 22
28 19 32 19
28 19 28 22
28 19 32 19
29 6 30 6
29 11 32 11
29 24 29 23
29 24 29 27
29 24 28 24
29 24 32 24
29 24 29 23
29 24 29 27
29 24 28 24
29 24 32 24
29 27 29 28
29 27 30 27
29 27 29 28
29 27 30 27
29 32 29 31
29 32 27 32
29 32 31 32
30 4 30 2
30 4 30 6
30 4 31 4
30 20 30 21
30 20 29 20
30 20 31 20
31 20 31 21
31 20 30 20
31 20 31 21
31 23 31 22
31 23 29 23
31 23 32 23
31 23 31 22
31 23 29 23
31 23 32 23
31 27 31 25
31 27 31 30
31 27 30 27
31 32 31 30
31 32 29 32
31 32 32 32
32 0 32 9
32 0 14 0
32 0 33 0
32 9 32 0
32 9 32 10
32 9 33 9
32 12 32 11
32 12 32 19
32 12 33 12
32 12 32 11
32 12 32 19
32 19 32 22
32 19 33 19
32 22 32 19
32 22 32 23
32 22 31 22
32 23 32 22
32 23 32 24
32 24 32 23
32 33 32 32
33 2 33 1
33 2 33 9
33 2 33 1
33 2 33 9
33 9 33 12
33 12 33 19
33 12 33 19
33 28 33 25
33 28 33 29
33 28 33 25
33 28 33 29
33 30 33 31
33 30 32 30
33 30 33 31
33 30 32 30
33 31 33 32
33 31 32 31
33 31 33 32
33 32 32 32
0 3 0 2
0 3 0 12
0 3 0 2
0 3 0 12
0 12 0 32
2 17 2 16
2 17 4 17
3 25 3 27
4 0 1 0
4 17 4 18
4 17 5 17
4 17 4 18
4 17 5 17
4 29 4 24
4 29 4 30
4 29 2 29
4 29 4 30
4 29 2 29
4 29 4 30
4 30 4 32
4 30 2 30
4 30 5 30
6 19 5 19
7 16 7 18
7 16 2 16
7 16 8 16
8 0 9 0
8 4 8 3
8 10 8 11
8 12 8 13
8 13 8 12
8 13 8 16
8 13 8 16
8 16 8 17
9 3 8 3
9 3 13 3
9 10 9 18
9 10 21 10
10 0 10 1
12 16 12 17
13 0 14 0
13 5 13 9
13 5 11 5
13 9 18 9
13 19 15 19
13 22 13 23
13 22 11 22
13 23 13 24
13 23 8 23
13 23 13 24
13 24 13 25
13 24 12 24
13 25 13 27
13 25 12 25
13 25 13 27
14 20 14 27
14 27 14 20
14 27 14 28
14 27 14 28
15 11 20 11
15 19 15 30
15 19 16 19
16 20 17 20
20 22 20 30
21 21 21 19
21 21 22 21
21 21 21 19
21 28 21 27
21 28 21 29
21 28 21 27
21 29 21 31
22 19 24 19
22 21 23 21
23 4 23 1
23 4 23 9
23 4 17 4
23 4 23 1
23 21 24 21
23 23 23 24
23 23 22 23
23 23 24 23
23 23 23 24
23 23 22 23
23 27 23 25
23 27 25 27
23 27 23 25
24 3 24 2
24 21 24 20
24 23 28 23
26 12 26 8
26 12 26 14
26 12 20 12
26 12 26 8
26 12 26 14
26 12 20 12
28 30 28 24
28 30 28 31
28 30 31 30
28 30 28 24
28 30 28 31
28 30 31 30
28 31 24 31
28 31 29 31
29 31 29 32
29 31 30 31
30 4 30 2
30 4 31 4
30 25 31 25
30 29 30 28
30 29 29 29
30 29 30 28
30 29 29 29
31 4 31 3
31 22 30 22
31 27 31 25
31 27 31 30
31 32 31 30
32 9 32 10
32 19 33 19
32 30 32 25
33 1 33 0
33 19 33 25
0 12 0 32
0 32 0 33
0 32 1 32
0 33 1 33
1 32 1 22
1 32 1 33
1 32 3 32
1 32 1 22
1 32 1 33
2 3 3 3
2 29 2 23
2 29 2 30
2 30 2 31
2 30 2 31
2 33 3 33
3 32 3 33
3 32 4 32
3 32 3 33
4 0 1 0
4 19 4 18
4 19 5 19
4 33 4 32
4 33 5 33
4 33 5 33
5 18 7 18
7 23 7 21
7 23 7 24
7 23 6 23
8 3 8 4
8 16 8 17
9 26 9 27
9 26 10 26
9 26 9 27
9 26 9 27
9 27 9 28
9 28 9 30
10 24 10 25
10 24 8 24
10 24 12 24
11 5 10 5
11 25 11 26
11 25 10 25
11 25 12 25
11 26 11 25
11 26 11 29
11 26 11 25
12 21 11 21
12 24 12 25
12 24 10 24
12 24 12 25
12 24 12 25
12 25 12 29
12 29 12 31
12 29 11 29
12 29 11 29
12 33 11 33
13 0 14 0
13 28 13 30
13 30 13 28
13 30 13 31
13 30 15 30
13 30 13 31
15 31 15 30
17 4 15 4
20 12 20 11
20 12 20 18
20 12 11 12
20 12 20 11
20 18 24 18
20 22 20 30
20 30 20 32
21 2 21 3
21 2 18 2
21 2 21 3
21 2 18 2
21 5 21 7
21 5 18 5
21 5 22 5
21 23 21 25
23 1 27 1
23 9 18 9
23 9 24 9
23 9 18 9
24 3 24 2
24 9 24 8
24 9 24 10
24 9 24 8
24 10 22 10
24 21 24 20
24 23 28 23
25 6 24 6
25 13 25 14
25 13 24 13
25 13 25 14
25 13 24 13
26 8 26 5
26 8 24 8
27 28 27 26
27 28 27 29
27 28 26 28
27 32 25 32
28 23 28 22
28 23 28 22
29 28 30 28
30 25 31 25
31 3 31 2
32 0 14 0
32 25 32 30
0 0 0 1
0 1 0 2
0 1 1 1
0 1 1 1
1 1 1 2
1 2 4 2
1 2 4 2
1 22 1 21
2 3 3 3
3 13 4 13
4 33 5 33
5 18 7 18
5 33 5 32
7 18 9 18
7 27 7 30
9 18 9 22
9 18 9 22
9 22 10 22
10 4 14 4
10 19 10 20
10 33 10 32
10 33 9 33
11 12 11 11
11 12 11 14
11 12 10 12
11 12 11 11
11 14 18 14
11 30 11 29
11 30 11 31
11 30 11 31
11 30 11 31
12 21 11 21
14 4 15 4
17 4 15 4
18 2 15 2
18 13 18 14
20 11 21 11
20 18 24 18
20 30 20 32
21 11 21 10
21 11 22 11
21 11 22 11
21 23 21 25
22 8 22 7
22 8 21 8
22 8 22 7
22 8 21 8
24 2 27 2
24 18 24 16
24 18 24 19
24 18 25 18
24 19 25 19
25 6 24 6
25 32 24 32
26 5 24 5
27 2 27 1
28 22 29 22
29 2 30 2
29 22 29 20
29 22 30 22
29 22 30 22
30 20 30 21
31 3 31 2
1 22 1 21
2 21 2 23
2 21 3 21
3 23 3 21
3 23 4 23
4 23 4 21
4 23 4 24
4 23 5 23
5 32 5 31
5 32 6 32
5 32 5 31
8 19 8 20
8 20 8 19
8 20 8 21
8 33 8 32
8 33 6 33
8 33 8 32
8 33 6 33
9 22 10 22
10 11 10 12
10 19 10 20
10 29 10 32
11 14 18 14
12 21 11 21
18 13 18 14
21 8 21 7
22 7 22 5
22 7 21 7
24 6 24 5
27 1 28 1
28 1 30 1
30 1 30 2
30 1 31 1
30 1 30 2
4 21 7 21
5 31 5 30
5 31 7 31
6 30 7 30
6 32 8 32
7 23 7 24
7 23 6 23
7 24 7 25
7 24 5 24
7 24 8 24
7 24 7 25
8 30 8 32
9 22 10 22
10 19 10 20
10 21 10 22
10 24 10 25
5 23 6 23
6 25 7 25
6 32 8 32
8 32 10 32
10 32 20 32

4283

1 4 3 4 = = = = = = = = 4 = = = = = = = = = = = = = = = = = = = 4 2 
2 4 4 - - - - - - - - - - - - - - - - - 5 3 4 = = = = = = = = = 6 3 
ǁ | ǁ 3                         3 4 = = 8 4 - 2 - - - - - 4 4 2 | 1 
ǁ | ǁ 2                   2     ǁ |     | 2 - 4 6 3 - 1   ǁ |   4 3 
4 | 5 - - - - - - - - - - 7 3   ǁ 5 3 3 | 2 - 6 7 = = = = 7 6 - 3 4 
ǁ | 3                 3   7 3   ǁ 2 4 5 | |   5 5 6 4 - - - 3 4 4 4 
ǁ | 1                     2     ǁ   ǁ 2 | |   4 | 3 |       2 | 4 2 
6 6 = = = = = = = = = = = = = = 8 = 7 = 6 4 - 5 6 3 | 1 - - 3 1 ǁ ǁ 
5 |   6 2 1 - - - - 5 2 2 4 = = 6 2 | 2 4 1   1 2 1 |       5 = 7 4 
3 2 - 7 = = = = = = 8 = = = = = = = 7 = = = 6 | |   5 4 2 - 2   | 2 
5 2 1 ǁ 1 1         ǁ 3 2 2 = 6 6 2   3 3 2 4 | 5 3 2 - - 5 = = 6 5 
ǁ     ǁ | 3         ǁ 5 6 - 3 ǁ 4 - - - - 4 2 | ǁ 5 4 - - 5 4 3 | 2 
ǁ     ǁ | |         ǁ 1 |   ǁ ǁ 3 1       3 | | 6 6 - - - 4 - 1 | 3 
6 - - 3 | 4 - - - 2 ǁ 1 |   ǁ ǁ       3 6 = 4 4 4 4 = 2 2 = 6 2 | ǁ 
5       2 ǁ       | ǁ | |   ǁ ǁ 2     | 4 = = = = = = 4 2   ǁ   | ǁ 
ǁ 2 3   5 8 = = 2 | ǁ 3 |   ǁ ǁ ǁ     4 = = = = = = = = = = 7 4 | ǁ 
ǁ 4 |   ǁ ǁ       | ǁ ǁ |   ǁ ǁ ǁ     1 3 = 4               |   | ǁ 
ǁ ǁ |   3 ǁ       | ǁ ǁ |   ǁ ǁ ǁ     3 6 4 ǁ               |   | ǁ 
ǁ ǁ 3   | 5   2   3 ǁ ǁ | 2 6 5 8 2   3 3 4 ǁ               |   | ǁ 
ǁ ǁ ǁ   | |   1   ǁ ǁ ǁ |   3 2 2     2 = 4 ǁ               |   | ǁ 
ǁ ǁ ǁ   | |       ǁ ǁ 5 6 - - - - - 6     | 7 = = = = = = = 5 = 5 6 
ǁ ǁ 4 2 | 5 - 6 3 ǁ 3 4 ǁ 1 3 2 2   ǁ 2 = 4 ǁ 2 = 3 3 5 4 4 - 1   ǁ 
ǁ ǁ     | 2 - 4 4 ǁ 2 2 ǁ 4 5 3 |   ǁ 3 6 4 ǁ 2 2   2 | 4 6       ǁ 
ǁ 5 = = 6 - - - - 4 |   ǁ 2   2 |   ǁ | ǁ 2 ǁ 6 7 5 = 6 8 6   2 2 ǁ 
ǁ | 3 2 ǁ 2 3   3 4 2   ǁ 2   2 7 = 6 3 4 4 ǁ 4 | |   | 6 4   4 2 ǁ 
ǁ | |   ǁ | 2   |       ǁ 4 5   5 3 5 4 3   ǁ ǁ | |   1 3 1   | 2 ǁ 
ǁ | |   ǁ 3 - - 4 = = = 6 = 2 2 3 1 4 4 2   ǁ ǁ | 5 - - 4 2   | | ǁ 
ǁ 3 4 = 8 = = = = = = = = = = = = = = = = = 6 ǁ | 2 2 - 5 3   | 3 4 
ǁ 2     ǁ 1 4 = = 4 1 1 5 4 4 = = = = 6 = = 7 4 5 = = = = = 6 4 | | 
ǁ | 1   ǁ   2     |   2 |             ǁ 2 - 4 4 8 = = 6 3 2 ǁ 4 5 | 
ǁ 4 5 = 7 - 2     |   | |             ǁ 5 3 3 ǁ ǁ 2   3 3 4 ǁ 2 ǁ | 
ǁ 1 2 3 3         |   | |             ǁ 4 2 4 6 ǁ 4 = 5 = = 6 = 6 | 
5 = = = = = = = = 7 2 3 6 = = = = = = 8 = = 6 6 4 2 = = = = 5 1 3 2 
2 3 4 = = = = = = 4 - - 4 = = = = = = 5 - - - - - 3 = = 4 2 4 5 3   
