34 34
2 3 1 2 0 4 0 0 0 0 0 4 0 0 0 0 4 0 0 0 0 5 2 2 2 3 2 4 0 0 3 2 3 3 
6 7 0 0 0 0 0 0 0 0 0 0 0 0 0 0 0 0 0 0 0 6 6 6 2 7 0 0 0 0 5 5 2 3 
0 0 2 0 0 2 0 0 0 4 3 1 3 0 0 0 0 0 0 5 4 0 0 2 2 0 2 3 4 2 0 0 1 0 
0 0 6 0 0 0 0 0 0 7 7 3 7 0 0 3 0 0 0 0 4 0 5 1 6 7 7 3 0 0 0 0 0 0 
0 0 3 0 0 0 0 0 0 0 2 1 4 3 0 4 0 1 0 0 2 0 4 3 5 6 6 0 5 3 0 0 0 0 
0 0 4 3 0 0 0 0 0 6 0 0 0 0 0 0 0 0 0 8 0 6 0 0 0 0 0 0 0 0 8 7 6 6 
0 0 2 0 3 4 0 5 2 0 4 0 0 0 0 0 0 0 4 0 1 0 4 0 5 6 3 2 1 3 0 0 0 0 
0 0 0 0 0 5 2 0 1 0 4 2 1 5 0 0 4 2 0 0 0 0 6 2 0 2 3 0 4 6 0 0 0 0 
0 0 1 4 5 6 2 0 0 0 4 7 2 6 0 0 0 0 6 0 0 0 4 2 0 0 2 0 0 4 0 0 0 0 
0 0 0 2 2 0 0 0 0 0 2 0 3 0 2 4 2 0 0 0 2 0 3 0 5 0 0 7 8 6 0 0 0 0 
0 0 0 0 1 0 0 0 0 0 0 0 5 7 4 0 4 4 0 0 0 0 0 0 0 3 3 0 2 2 0 0 0 0 
0 3 0 0 0 0 0 6 5 0 0 0 4 6 2 0 0 0 0 0 0 0 0 0 0 0 2 0 4 2 0 0 0 0 
0 0 2 0 4 4 0 6 0 0 6 8 0 0 0 8 5 0 0 0 0 0 0 0 0 0 0 0 0 0 0 0 0 0 
0 5 4 1 0 6 2 0 0 0 0 0 3 5 4 0 0 0 0 0 0 0 0 0 0 5 0 7 8 4 0 0 0 0 
0 0 6 5 0 2 0 4 0 0 2 0 0 3 4 0 0 0 0 0 0 0 0 0 0 5 2 0 3 5 0 0 0 0 
3 0 0 3 0 0 0 3 0 0 3 8 7 4 3 0 0 0 0 2 0 0 0 0 0 4 0 7 4 4 0 0 0 0 
3 6 6 3 0 0 0 1 0 0 3 0 0 2 0 0 0 0 0 2 0 0 0 0 0 3 1 4 3 0 0 0 0 0 
3 0 0 0 6 0 0 2 0 0 0 0 0 0 2 0 0 0 0 0 0 0 0 0 0 0 0 3 2 4 0 0 0 3 
0 2 3 0 5 0 5 4 4 0 0 0 0 0 0 0 0 0 0 4 0 0 0 0 0 5 0 4 3 2 0 0 0 0 
0 0 0 0 2 0 2 3 3 0 3 5 7 7 3 0 2 0 0 0 0 0 0 0 0 0 3 6 0 0 6 0 0 3 
0 0 0 0 0 0 0 0 0 0 2 0 4 4 2 0 0 0 0 0 0 0 0 0 0 0 1 0 3 4 0 0 0 0 
4 0 0 0 0 0 0 0 0 6 0 0 0 0 0 7 6 5 0 0 0 0 5 3 0 0 0 0 0 0 0 1 0 0 
3 0 0 0 0 4 0 4 2 0 2 4 0 0 3 0 4 2 0 0 0 0 0 0 0 5 0 8 6 5 0 2 0 2 
0 2 0 0 0 4 0 0 0 5 0 4 4 3 0 0 4 2 0 0 0 0 0 0 0 0 1 0 1 2 0 0 0 0 
4 0 0 0 0 0 0 0 0 0 0 0 1 0 0 6 0 0 7 6 2 0 6 4 0 3 0 0 0 0 0 0 0 0 
0 1 5 5 5 3 2 5 0 5 2 0 0 1 0 4 3 2 4 3 3 0 4 0 0 2 0 4 5 4 0 0 0 0 
0 1 0 2 0 3 2 3 1 0 0 0 0 0 0 1 4 0 3 3 4 0 4 2 0 0 0 1 4 3 0 0 0 0 
0 0 0 2 6 0 0 0 0 8 0 0 0 0 7 0 0 0 0 0 0 7 0 0 6 0 6 0 4 2 0 0 0 0 
0 2 5 0 0 0 0 0 0 5 1 1 0 0 4 0 4 0 0 2 0 0 1 3 2 2 5 1 2 1 0 0 3 3 
5 0 0 0 0 0 0 0 0 0 0 0 0 0 0 0 0 0 0 0 0 8 0 6 4 0 0 0 0 0 5 4 3 5 
0 0 2 0 0 0 0 0 0 0 0 0 0 4 0 0 0 0 0 0 0 3 1 2 3 2 0 0 0 0 0 1 2 3 
0 0 0 0 0 0 0 0 0 0 2 0 0 5 0 0 0 0 0 0 0 0 0 0 0 0 0 0 0 0 6 3 0 0 
4 0 0 0 0 0 0 0 0 0 0 4 0 0 0 0 0 0 0 0 0 0 0 0 0 0 0 0 3 2 8 0 7 3 
3 0 0 0 0 4 2 0 0 0 2 0 3 0 0 0 0 0 0 0 0 0 0 0 0 0 0 0 4 4 6 2 2 1 
400 660
0 21 0 16
0 21 0 22
0 21 1 21
1 0 1 1
1 0 0 0
1 0 15 0
1 0 1 1
1 0 0 0
1 0 15 0
1 1 1 21
1 1 0 1
1 1 11 1
1 25 1 24
1 25 1 30
1 25 0 25
1 25 3 25
2 19 2 12
2 19 2 20
2 19 5 19
3 2 3 9
3 2 2 2
3 2 4 2
3 2 3 9
3 2 2 2
3 2 4 2
3 9 3 10
3 9 2 9
3 9 5 9
3 12 3 11
3 12 3 15
3 12 2 12
3 12 4 12
3 26 3 25
3 26 3 27
3 26 2 26
3 26 4 26
4 2 5 2
5 2 5 3
5 2 6 2
5 2 5 3
5 19 5 9
5 19 5 21
5 19 2 19
5 19 15 19
5 30 5 21
5 30 5 31
5 30 1 30
5 30 19 30
5 30 5 21
5 30 5 31
5 30 1 30
5 30 19 30
5 31 5 32
5 31 1 31
5 31 21 31
5 33 5 32
5 33 1 33
5 33 17 33
5 33 5 32
5 33 1 33
5 33 17 33
6 7 6 5
6 7 6 8
6 7 11 7
6 18 6 10
6 18 8 18
6 18 6 10
6 18 8 18
6 24 6 22
6 24 6 25
6 24 9 24
6 25 6 24
6 25 6 26
6 25 7 25
6 25 6 24
6 25 6 26
7 5 7 6
7 5 6 5
7 5 8 5
7 13 7 12
7 13 7 16
7 13 8 13
7 22 7 23
7 22 6 22
7 22 8 22
7 22 7 23
7 22 6 22
7 22 8 22
7 29 7 28
7 29 6 29
7 29 8 29
7 29 7 28
7 29 6 29
7 29 8 29
8 11 8 10
8 11 8 12
8 11 7 11
8 11 12 11
8 18 8 13
8 18 24 18
8 18 8 13
8 18 24 18
8 22 8 23
8 22 9 22
8 23 21 23
8 29 8 26
8 29 9 29
9 24 9 27
9 24 27 24
9 24 9 27
9 24 27 24
9 28 9 27
9 28 9 29
9 28 10 28
9 28 9 27
9 28 9 29
9 28 10 28
10 12 10 13
10 12 9 12
10 12 11 12
10 17 10 16
10 17 21 17
10 17 10 16
10 17 21 17
11 8 11 7
11 8 7 8
11 8 18 8
12 7 12 5
12 7 11 7
12 7 14 7
12 7 12 5
12 7 11 7
12 7 14 7
12 10 12 11
12 10 9 10
12 10 14 10
12 10 12 11
12 10 9 10
12 10 14 10
12 11 12 15
12 11 8 11
12 11 15 11
12 15 12 11
12 15 12 16
12 15 9 15
12 15 21 15
13 1 13 2
13 1 11 1
13 1 16 1
13 13 13 12
13 13 13 14
13 13 14 13
13 14 13 13
13 14 14 14
13 14 13 13
13 25 13 27
13 25 10 25
13 25 14 25
13 28 13 27
13 28 13 29
13 28 11 28
13 28 14 28
13 28 13 27
13 28 13 29
13 28 11 28
13 28 14 28
13 29 11 29
13 29 14 29
14 2 14 3
14 2 13 2
14 2 16 2
14 2 14 3
14 2 13 2
14 2 16 2
14 7 14 5
14 7 15 7
14 14 14 13
14 14 15 14
14 14 14 13
14 29 14 28
14 29 15 29
14 29 15 29
15 0 16 0
15 11 15 10
15 11 15 12
15 11 12 11
15 11 19 11
15 27 15 25
15 27 15 28
15 27 13 27
15 27 16 27
16 2 16 1
16 2 16 3
16 2 18 2
16 2 16 1
17 4 17 7
17 4 12 4
17 4 18 4
17 4 17 7
17 4 12 4
17 4 18 4
17 33 19 33
18 6 18 4
18 6 18 7
18 6 19 6
18 19 16 19
18 19 24 19
18 19 16 19
18 19 24 19
18 25 18 27
18 25 16 25
18 25 22 25
19 12 19 11
19 12 19 13
19 12 15 12
19 12 20 12
19 30 19 27
19 30 29 30
19 30 19 27
19 30 29 30
19 33 22 33
20 29 20 28
20 29 22 29
20 29 20 28
20 29 22 29
21 22 21 23
21 22 9 22
21 22 24 22
22 27 22 25
22 27 22 28
22 27 19 27
22 27 25 27
22 27 22 25
22 27 22 28
22 27 19 27
22 27 25 27
22 28 22 29
22 28 20 28
22 28 23 28
22 28 22 29
22 29 23 29
23 26 27 26
23 29 25 29
24 18 24 15
24 18 24 19
24 18 25 18
24 19 24 18
24 19 24 20
24 19 25 19
25 27 25 28
25 27 26 27
25 28 25 29
25 28 26 28
25 29 25 28
25 29 26 29
27 4 27 3
27 4 27 9
27 4 25 4
27 4 27 3
27 4 27 9
27 4 25 4
27 9 27 14
27 9 25 9
27 9 28 9
27 21 27 14
27 21 27 24
27 21 5 21
27 21 29 21
27 24 27 21
27 24 27 26
27 24 28 24
27 26 27 28
27 26 28 26
28 9 28 2
28 9 28 10
28 9 27 9
28 16 28 14
28 16 28 19
28 16 28 14
28 16 28 19
28 26 28 25
28 26 28 27
28 26 27 26
29 0 29 21
29 0 24 0
29 0 32 0
29 21 29 0
29 21 29 23
29 21 27 21
29 21 30 21
29 33 29 32
29 33 28 33
29 33 30 33
30 2 30 13
31 13 31 10
31 13 31 30
31 13 30 13
32 11 32 0
32 11 32 28
32 11 32 0
32 11 32 28
32 30 32 29
32 30 32 32
32 30 31 30
32 30 33 30
32 30 32 29
32 30 32 32
32 30 31 30
32 30 33 30
32 32 32 33
32 32 30 32
32 32 33 32
33 5 33 0
33 5 33 6
33 5 33 0
33 5 33 6
33 10 33 12
33 29 33 28
33 29 33 30
33 29 33 28
33 29 33 30
33 30 33 31
33 30 33 31
0 1 0 2
0 1 1 1
0 3 0 5
0 5 0 3
0 5 0 11
0 5 0 11
0 11 0 16
0 16 0 11
0 16 0 21
0 27 0 26
0 27 0 30
0 27 0 26
0 27 0 30
2 5 2 9
4 17 4 15
4 24 4 23
4 24 4 25
4 24 3 24
4 25 4 24
4 25 4 26
4 25 3 25
4 25 4 24
4 25 4 26
4 28 4 26
4 28 4 29
4 28 2 28
5 19 5 9
5 19 5 21
5 19 15 19
5 31 5 32
5 31 1 31
6 10 6 8
6 10 7 10
6 20 9 20
6 27 6 26
6 27 6 28
7 10 7 11
7 10 8 10
7 10 8 10
7 16 7 13
7 16 7 17
7 16 7 17
7 25 7 26
7 28 7 26
8 10 8 11
8 11 8 12
8 13 7 13
8 13 10 13
8 13 10 13
8 26 7 26
9 12 10 12
9 20 24 20
9 22 21 22
9 28 9 27
9 28 9 29
9 29 10 29
9 29 10 29
10 16 9 16
10 16 12 16
11 7 11 1
11 7 11 8
11 8 18 8
11 12 11 13
11 12 10 12
11 12 11 13
11 13 11 14
11 13 10 13
11 13 11 14
11 13 10 13
11 28 11 26
11 28 11 29
12 4 12 2
12 4 12 5
12 5 13 5
12 15 12 16
12 15 9 15
12 15 21 15
12 16 19 16
12 16 19 16
13 1 13 2
13 1 16 1
13 3 14 3
13 5 13 6
13 5 14 5
13 5 13 6
13 12 15 12
14 3 15 3
14 26 14 25
14 29 15 29
15 7 16 7
15 11 15 10
15 11 15 12
15 11 19 11
15 29 15 28
17 29 17 28
17 29 18 29
17 29 17 28
17 29 18 29
18 8 18 7
18 8 19 8
18 28 18 27
19 33 22 33
20 26 19 26
21 9 21 0
21 9 21 15
21 9 23 9
21 9 21 0
21 9 21 15
21 9 23 9
21 16 21 15
21 16 21 17
21 16 22 16
21 16 21 15
21 16 21 17
21 16 22 16
21 17 22 17
22 31 29 31
24 22 24 23
24 22 21 22
24 22 25 22
24 22 24 23
24 22 25 22
24 23 21 23
24 23 26 23
25 2 25 1
25 2 25 3
25 2 28 2
25 22 26 22
25 25 24 25
25 28 26 28
26 1 28 1
26 3 25 3
26 20 26 19
26 20 25 20
26 20 26 19
26 20 25 20
26 22 26 23
26 22 25 22
26 28 26 29
26 28 27 28
26 29 27 29
27 9 27 14
27 9 25 9
27 26 27 28
27 28 27 29
28 1 28 2
28 9 28 2
28 11 28 14
28 14 27 14
28 22 28 23
28 26 28 25
28 28 28 29
29 21 29 23
29 21 30 21
29 23 29 24
29 23 28 23
29 23 30 23
29 23 29 24
30 2 30 13
30 13 30 21
30 22 30 23
31 10 31 13
31 13 31 30
32 0 29 0
32 28 33 28
33 10 33 12
33 12 33 28
1 1 1 21
1 21 1 22
1 21 0 21
1 21 5 21
1 22 1 23
1 22 0 22
1 22 3 22
1 22 1 23
1 22 3 22
1 23 1 24
1 23 0 23
1 23 2 23
1 23 0 23
1 25 1 30
1 25 0 25
1 25 3 25
2 5 2 9
2 9 2 10
2 20 2 19
2 20 3 20
2 20 3 20
3 9 3 10
3 9 5 9
3 10 3 11
3 10 2 10
3 10 4 10
3 20 4 20
3 24 3 23
3 24 3 25
3 24 2 24
3 25 3 24
3 25 3 26
4 15 4 13
4 15 3 15
4 15 4 13
4 20 3 20
4 22 4 23
4 22 3 22
4 22 4 23
4 22 3 22
5 9 5 3
6 7 6 5
8 5 8 4
8 5 8 6
8 5 7 5
8 5 8 4
8 5 8 6
9 15 9 14
9 15 9 16
10 4 9 4
10 13 10 14
10 13 10 14
10 14 9 14
11 26 10 26
13 12 15 12
14 3 15 3
14 26 14 25
15 3 16 3
15 10 16 10
15 28 15 27
15 28 16 28
16 10 19 10
16 28 16 27
16 28 16 27
18 7 18 6
18 7 19 7
18 28 18 27
19 26 19 27
21 0 17 0
21 0 22 0
21 15 24 15
22 16 22 17
22 16 23 16
22 31 29 31
23 1 23 5
23 16 23 17
23 17 23 16
24 0 24 12
24 0 22 0
24 0 22 0
24 15 24 18
24 15 25 15
24 15 25 15
24 15 25 15
25 7 25 6
25 7 25 9
25 7 26 7
25 20 25 19
25 25 24 25
26 3 25 3
26 8 26 7
27 14 27 21
27 14 22 14
27 14 22 14
28 2 25 2
28 23 28 24
29 24 29 30
29 24 30 24
30 24 30 25
30 24 30 25
0 24 0 25
2 23 2 24
3 15 3 12
4 13 4 12
6 5 6 4
7 5 7 6
10 26 10 25
16 10 19 10
17 0 16 0
18 28 18 27
19 26 19 27
22 5 22 7
22 5 23 5
22 5 22 7
22 5 23 5
22 7 22 8
22 8 22 7
22 10 22 11
22 14 22 11
23 1 23 5
23 9 23 11
23 12 23 11
23 12 23 13
23 12 23 11
23 12 23 13
23 13 25 13
24 25 22 25
25 2 25 3
25 3 25 4
25 4 25 5
25 10 25 9
25 15 25 16
26 15 26 16
26 16 26 18
26 16 25 16
26 16 26 18
4 12 4 11
4 12 3 12
10 26 10 25
17 0 16 0
17 27 16 27
22 10 22 11
22 11 23 11
22 25 18 25
25 4 25 5
25 10 25 9
25 16 25 17
25 17 25 18
25 18 25 19
25 18 26 18
4 10 3 10
15 27 15 25
15 27 13 27
16 1 18 1
16 1 18 1
16 26 16 25
18 2 18 4
18 25 16 25
19 4 19 6
19 4 18 4
19 7 19 8
25 7 25 6
25 7 26 7
26 6 26 5
13 27 13 25
15 25 14 25
19 7 19 8
25 5 26 5
26 5 26 6
13 25 14 25

4146

2 3 1 2 = 4 = = = = = 4 = = = = 4 = = = = 5 2 2 2 3 2 4 = = 3 2 3 3 
6 7 = = = = = = = = = = = = = = = = = = = 6 6 6 2 7 = = = = 5 5 2 3 
ǁ | 2     2 = = = 4 3 1 3 - - - - - - 5 4 | ǁ 2 2 ǁ 2 3 4 2 ǁ ǁ 1 ǁ 
ǁ | 6 = = = = = = 7 7 3 7 = = 3       ǁ 4 | 5 1 6 7 7 3 |   ǁ ǁ   ǁ 
ǁ | 3             ǁ 2 1 4 3 = 4 - 1   ǁ 2 | 4 3 5 6 6 - 5 3 ǁ ǁ   ǁ 
ǁ | 4 3 - - - - - 6 = = = = = = = = = 8 = 6 = = = = = = = = 8 7 6 6 
ǁ | 2   3 4 = 5 2 - 4 = = = = = = = 4 ǁ 1 | 4 - 5 6 3 2 1 3 ǁ |   ǁ 
ǁ |       5 2 | 1   4 2 1 5 = = 4 2 ǁ ǁ | | 6 2 | 2 3 - 4 6 ǁ |   ǁ 
ǁ | 1 4 5 6 2 | |   4 7 2 6 = = = = 6 ǁ | | 4 2 |   2 - - 4 ǁ |   ǁ 
ǁ |   2 2     | |   2 ǁ 3 ǁ 2 4 2   ǁ ǁ 2 | 3 | 5 = = 7 8 6 ǁ |   ǁ 
ǁ |     1     | |   ǁ ǁ 5 7 4 ǁ 4 4 ǁ ǁ | | ǁ | ǁ 3 3   2 2 ǁ |   ǁ 
ǁ 3 - - - - - 6 5   ǁ ǁ 4 6 2 ǁ | ǁ ǁ ǁ | | ǁ | ǁ | 2 - 4 2 ǁ |   ǁ 
ǁ | 2 - 4 4 = 6 ǁ   6 8 = = = 8 5 ǁ ǁ ǁ | | ǁ | ǁ |     ǁ | ǁ |   ǁ 
ǁ 5 4 1 ǁ 6 2 ǁ ǁ   ǁ ǁ 3 5 4 ǁ ǁ ǁ ǁ ǁ | | ǁ | ǁ 5 = 7 8 4 ǁ |   ǁ 
ǁ ǁ 6 5 ǁ 2 - 4 ǁ   2 ǁ ǁ 3 4 ǁ ǁ ǁ ǁ ǁ | | ǁ | ǁ 5 2 ǁ 3 5 ǁ |   ǁ 
3 ǁ ǁ 3 ǁ     3 ǁ   3 8 7 4 3 ǁ ǁ ǁ ǁ 2 | | ǁ | ǁ 4 = 7 4 4 ǁ |   ǁ 
3 6 6 3 ǁ     1 ǁ   3 ǁ | 2   ǁ ǁ ǁ ǁ 2 | | ǁ | ǁ 3 1 4 3   ǁ |   ǁ 
3 ǁ |   6 = = 2 ǁ   ǁ ǁ |   2 ǁ ǁ ǁ ǁ ǁ | | ǁ | ǁ ǁ   3 2 4 ǁ |   3 
| 2 3 - 5 - 5 4 4   ǁ ǁ |     ǁ ǁ ǁ ǁ 4 | | ǁ | ǁ 5 - 4 3 2 ǁ |   | 
|       2 - 2 3 3   3 5 7 7 3 ǁ 2 ǁ ǁ ǁ | | ǁ | ǁ ǁ 3 6 = = 6 |   3 
|                   2   4 4 2 ǁ   ǁ ǁ ǁ | | ǁ | ǁ ǁ 1 ǁ 3 4 ǁ |   ǁ 
4 = = = = = = = = 6 = = = = = 7 6 5 ǁ ǁ | | 5 3 ǁ ǁ   ǁ | ǁ ǁ 1   ǁ 
3         4 = 4 2 ǁ 2 4 - - 3 | 4 2 ǁ ǁ | | ǁ | ǁ 5 = 8 6 5 ǁ 2   2 
ǁ 2 = = = 4       5 - 4 4 3 ǁ | 4 2 ǁ ǁ | | ǁ | ǁ | 1 ǁ 1 2 ǁ ǁ     
4 - - - - - - - - - - - 1 | ǁ 6 = = 7 6 2 | 6 4 ǁ 3 | ǁ   | ǁ ǁ     
| 1 5 5 5 3 2 5 - 5 2     1 ǁ 4 3 2 4 3 3 | 4 | ǁ 2 | 4 5 4 ǁ ǁ     
| 1 ǁ 2 ǁ 3 2 3 1 ǁ         ǁ 1 4 = 3 3 4 | 4 2 ǁ   | 1 4 3 ǁ ǁ     
| | ǁ 2 6 = = = = 8 = = = = 7 = = = = = = 7 = = 6 - 6 = 4 2 ǁ ǁ     
| 2 5 = = = = = = 5 1 1 - - 4 = 4 = = 2   ǁ 1 3 2 2 5 1 2 1 ǁ ǁ 3 3 
5 = = = = = = = = = = = = = = = = = = = = 8 = 6 4 - - - - - 5 4 3 5 
ǁ   2 = = = = = = = = = = 4 - - - - - - - 3 1 2 3 2           1 2 3 
ǁ                   2 = = 5 = = = = = = = = = = = = = = = = 6 3 |   
4 = = = = = = = = = = 4 = = = = = = = = = = = = = = = = 3 2 8 = 7 3 
3 = = = = 4 2       2 = 3 - - - - - - - - - - - - - - - 4 4 6 2 2 1 
