34 34
1 0 2 0 2 0 0 0 0 0 0 0 0 0 0 0 0 0 0 0 0 0 0 0 0 0 0 0 0 0 0 4 3 3 
0 2 5 0 0 4 0 5 0 0 0 0 0 0 0 0 0 0 0 0 0 0 0 0 0 0 0 0 0 0 0 8 5 5 
4 0 4 5 2 0 1 0 3 0 0 0 0 0 0 0 5 0 4 0 0 2 0 0 0 0 0 0 0 0 0 0 2 3 
0 4 4 0 0 0 0 0 2 4 0 6 0 0 3 1 0 3 4 2 4 0 0 0 0 0 0 0 0 3 0 0 0 2 
0 0 0 0 0 0 0 0 4 7 0 7 0 2 3 0 0 0 4 2 0 0 0 0 0 0 0 0 0 0 1 0 0 0 
0 0 2 6 0 0 4 6 4 0 0 0 3 2 0 0 0 0 3 2 0 0 0 0 0 0 0 0 0 0 0 0 6 5 
0 3 0 4 2 6 4 4 6 5 2 0 4 0 7 5 0 6 0 0 7 0 0 0 0 0 0 0 1 5 3 0 4 0 
0 0 0 4 0 3 4 0 6 3 0 0 3 2 0 0 0 0 2 0 0 0 0 0 0 0 2 0 0 7 2 0 3 0 
0 3 0 0 0 0 0 0 0 0 0 7 3 2 0 4 0 0 0 0 0 0 0 0 0 0 0 0 0 1 0 0 3 0 
6 0 0 0 0 5 0 0 0 1 0 0 0 0 0 0 0 2 6 0 7 0 0 0 0 0 0 0 0 0 0 6 5 0 
0 4 0 5 4 0 2 2 0 6 0 7 0 0 5 5 0 3 5 3 0 0 0 0 0 2 0 0 0 2 3 0 4 5 
2 0 0 4 4 0 0 3 0 5 1 0 4 4 2 1 0 5 2 0 0 0 4 0 0 7 0 0 0 6 3 0 0 0 
1 0 2 3 0 0 3 5 2 0 0 0 3 0 0 1 0 2 2 1 0 0 3 2 0 3 2 3 4 0 0 0 0 0 
5 7 0 0 0 8 0 0 0 7 2 0 4 5 6 3 0 2 1 0 0 0 0 2 2 0 8 5 3 0 0 0 4 0 
2 0 2 0 0 6 2 2 0 7 3 0 0 2 0 0 0 0 2 0 7 0 7 6 2 0 0 0 0 0 0 0 3 0 
2 0 3 3 1 3 0 4 0 5 3 0 0 0 0 0 0 0 0 0 0 2 4 4 0 0 0 0 0 0 0 0 0 0 
5 6 0 0 0 0 0 0 0 0 0 4 5 0 8 0 6 5 0 0 6 8 0 0 8 2 0 0 0 0 0 0 2 0 
0 0 2 0 2 0 5 0 0 4 2 0 2 1 0 1 0 0 0 0 0 0 0 0 0 0 0 0 0 0 0 0 0 0 
0 0 5 0 0 0 4 0 0 4 0 0 3 0 7 3 0 0 0 0 0 2 0 0 0 0 0 5 2 0 0 0 0 0 
0 0 0 3 0 0 5 2 0 2 0 0 5 4 0 2 0 0 0 0 0 1 2 0 7 1 0 0 2 0 2 0 0 0 
0 0 0 4 2 0 0 0 0 0 0 0 3 3 4 5 0 0 2 0 7 5 1 2 4 0 0 3 0 0 0 0 0 0 
0 0 5 0 0 0 8 0 0 0 0 6 0 3 0 0 0 0 2 2 5 5 0 2 0 0 0 2 3 0 0 0 5 5 
0 0 3 1 0 0 0 4 0 3 0 0 0 0 0 0 0 2 4 0 5 0 0 0 0 0 6 0 0 8 6 0 0 1 
0 0 6 5 1 0 0 3 3 0 2 0 2 4 6 2 0 0 0 0 3 1 0 0 0 0 0 4 2 0 4 0 0 2 
0 0 0 1 0 0 0 0 2 0 0 0 0 2 0 0 0 0 0 0 0 0 0 0 0 0 0 0 2 0 2 0 0 0 
3 0 6 4 0 0 7 0 0 6 6 5 5 3 3 1 0 4 0 0 0 0 0 0 0 0 6 7 6 0 0 0 0 0 
1 0 4 0 2 2 5 4 0 5 4 2 1 0 0 0 0 4 0 0 0 0 0 0 4 4 3 3 4 0 0 0 0 0 
2 6 0 0 0 0 0 0 0 0 0 0 0 0 0 0 8 0 0 0 0 0 0 0 0 0 0 0 0 7 0 4 5 4 
0 0 2 4 6 6 0 0 0 0 0 4 2 0 6 2 0 2 4 0 0 0 0 0 5 0 0 2 0 4 4 6 5 3 
0 0 0 0 2 0 0 0 1 0 0 5 0 0 6 2 0 1 4 0 0 4 2 0 0 1 2 0 0 0 2 2 1 3 
3 0 6 8 0 7 0 0 0 0 0 0 0 0 0 0 7 0 0 0 0 0 0 0 6 0 0 0 0 0 0 0 3 6 
4 0 2 4 2 3 0 0 0 0 0 0 0 2 2 0 4 2 0 0 0 0 0 3 4 0 0 0 0 4 0 0 2 4 
6 6 0 0 0 0 0 0 0 0 0 0 0 0 0 0 0 0 0 0 0 0 0 4 0 0 0 0 0 0 0 4 5 4 
4 5 0 0 0 0 0 0 0 0 0 0 0 0 0 0 0 0 0 0 0 0 0 0 2 0 0 0 2 3 3 4 5 1 
400 630
1 7 1 5
1 7 1 31
1 7 5 7
1 31 1 7
1 31 1 32
1 31 0 31
1 31 9 31
1 33 1 32
1 33 0 33
1 33 2 33
2 3 2 2
2 3 2 4
2 3 5 3
2 16 2 8
2 16 2 18
2 16 16 16
3 11 3 9
3 11 3 14
3 11 4 11
3 11 3 9
3 11 3 14
3 11 4 11
4 9 4 8
4 9 4 11
4 9 3 9
4 9 6 9
5 32 5 33
5 32 2 32
5 32 6 32
5 32 5 33
5 32 2 32
5 32 6 32
6 14 6 12
6 14 6 15
6 14 4 14
6 14 10 14
6 17 6 20
6 17 3 17
6 17 9 17
6 17 6 20
6 17 3 17
6 17 9 17
6 20 6 28
6 20 3 20
6 20 9 20
6 29 6 30
6 29 3 29
6 29 7 29
6 32 7 32
7 18 9 18
7 29 7 26
7 29 7 30
7 29 6 29
7 29 8 29
8 11 8 1
8 11 8 12
8 11 4 11
8 11 10 11
8 15 6 15
8 15 10 15
8 15 6 15
8 15 10 15
9 0 9 5
9 0 2 0
9 0 11 0
9 0 9 5
9 0 2 0
9 0 11 0
9 18 9 20
9 18 7 18
9 18 10 18
9 32 9 31
9 32 8 32
9 32 10 32
10 1 10 3
10 1 13 1
10 1 10 3
10 1 13 1
10 33 10 32
10 33 5 33
10 33 21 33
11 17 11 18
11 17 10 17
11 17 12 17
11 25 11 22
11 25 11 29
11 25 10 25
11 25 12 25
12 0 13 0
12 28 12 27
12 28 13 28
12 28 12 27
12 28 13 28
13 0 13 1
13 0 14 0
13 5 13 1
13 5 13 9
13 5 9 5
13 5 14 5
13 5 13 1
13 5 13 9
13 5 9 5
13 5 14 5
13 9 13 10
13 9 11 9
13 9 14 9
13 26 13 24
13 26 13 27
13 26 12 26
13 26 22 26
13 26 13 24
13 26 13 27
13 26 12 26
13 26 22 26
14 5 14 2
14 5 14 6
14 5 15 5
14 5 14 2
14 20 14 18
14 20 14 22
14 20 9 20
14 20 16 20
16 0 16 1
16 0 15 0
16 0 25 0
16 14 16 12
16 14 16 16
16 14 13 14
16 14 18 14
16 14 16 12
16 14 16 16
16 14 13 14
16 14 18 14
16 16 16 17
16 16 2 16
16 16 27 16
16 21 16 20
16 21 16 24
16 21 15 21
16 21 18 21
16 21 16 20
16 21 16 24
16 21 15 21
16 21 18 21
16 24 16 25
16 24 14 24
16 24 19 24
17 15 18 15
18 2 18 6
18 2 17 2
18 2 21 2
18 14 18 12
18 14 18 15
18 14 20 14
18 27 18 28
18 27 13 27
18 27 20 27
19 13 19 12
19 13 20 13
19 13 19 12
19 13 20 13
19 24 19 22
19 24 19 25
19 24 16 24
19 24 20 24
20 15 20 14
20 15 19 15
20 15 23 15
20 20 20 18
20 20 20 21
20 20 16 20
20 20 21 20
21 6 21 2
21 6 21 11
21 6 19 6
21 6 25 6
21 6 21 2
21 6 21 11
21 6 19 6
21 6 25 6
21 11 21 13
21 11 16 11
21 11 25 11
21 11 21 13
21 33 21 32
21 33 10 33
21 33 22 33
21 33 21 32
22 7 22 9
22 7 23 7
22 7 22 9
22 7 23 7
22 9 25 9
22 26 22 20
22 26 22 29
22 26 25 26
22 26 22 20
22 30 22 29
22 30 19 30
22 30 23 30
22 30 22 29
22 30 19 30
22 30 23 30
23 2 23 3
23 2 22 2
23 2 25 2
23 2 23 3
23 2 22 2
23 2 25 2
23 3 23 4
23 3 22 3
23 3 24 3
23 10 25 10
23 27 23 28
23 27 25 27
23 27 23 28
23 27 25 27
23 30 23 33
23 30 24 30
23 33 27 33
25 2 25 0
25 2 25 3
25 2 26 2
25 2 25 0
25 3 25 6
25 3 28 3
25 3 25 6
25 9 25 6
25 9 25 10
25 9 26 9
25 9 25 6
25 9 25 10
25 10 25 11
25 10 23 10
25 10 26 10
25 26 25 17
25 26 25 27
25 26 26 26
25 26 25 17
25 26 25 27
25 28 25 27
25 28 24 28
25 28 26 28
25 28 25 27
25 28 24 28
25 28 26 28
26 2 26 0
26 2 28 2
26 2 28 2
26 6 26 5
26 6 26 7
26 6 25 6
26 7 26 6
26 7 26 9
26 7 26 6
26 9 26 10
26 10 26 9
26 10 26 11
26 28 26 27
26 28 33 28
27 16 30 16
27 32 27 31
27 32 27 33
27 32 28 32
27 33 27 32
27 33 28 33
28 3 28 4
28 3 30 3
28 3 28 4
28 4 28 5
28 4 26 4
28 4 29 4
28 4 28 5
28 5 28 11
28 5 26 5
28 5 30 5
28 5 28 11
29 4 31 4
29 8 29 11
29 11 29 14
29 11 28 11
29 21 29 18
29 21 29 22
29 21 29 18
29 21 29 22
30 2 30 0
30 2 30 3
30 2 31 2
30 2 30 0
30 2 30 3
30 2 31 2
30 3 31 3
30 5 30 16
30 5 31 5
30 5 30 16
30 5 31 5
30 5 31 5
30 24 30 16
30 24 28 24
30 24 31 24
30 24 30 16
30 24 28 24
30 24 31 24
30 33 30 32
30 33 29 33
30 33 31 33
30 33 30 32
30 33 29 33
30 33 31 33
31 0 30 0
31 0 32 0
31 0 32 0
31 3 31 4
31 3 30 3
31 3 30 3
31 13 31 14
31 24 31 23
31 24 33 24
31 33 31 32
31 33 32 33
32 0 32 1
32 0 31 0
32 0 33 0
32 1 32 0
32 1 32 23
32 1 33 1
32 1 32 23
32 1 33 1
32 23 31 23
32 33 32 32
32 33 33 33
32 33 32 32
33 0 33 1
1 31 1 32
1 31 0 31
1 31 9 31
2 0 2 2
2 0 0 0
2 21 2 18
3 1 3 2
3 1 6 1
3 1 3 2
3 1 6 1
3 2 2 2
3 2 5 2
3 9 3 8
3 17 3 18
4 9 4 8
4 9 4 11
4 9 6 9
4 30 6 30
5 2 5 3
5 3 5 6
5 3 2 3
5 3 6 3
5 3 5 6
6 5 6 4
6 5 6 6
6 5 7 5
6 5 6 4
6 5 6 6
6 5 7 5
6 10 6 9
6 20 3 20
6 20 9 20
6 32 7 32
7 3 7 5
7 3 6 3
7 3 6 3
7 3 6 3
7 6 7 8
7 6 6 6
7 6 7 8
7 6 6 6
7 8 7 9
7 8 6 8
7 8 7 9
7 8 6 8
7 9 6 9
7 26 7 29
7 29 7 30
7 32 8 32
8 32 9 32
9 5 9 9
9 18 9 20
9 18 10 18
10 4 10 3
10 4 11 4
10 4 10 3
10 4 11 4
10 9 10 7
10 9 10 11
10 9 11 9
10 9 10 7
10 9 10 11
10 9 11 9
11 4 11 3
11 22 11 25
11 22 12 22
11 22 12 22
12 2 12 3
12 7 12 6
12 7 12 8
12 7 11 7
12 8 12 7
12 27 13 27
13 0 13 1
13 0 14 0
13 1 16 1
13 14 13 13
13 14 13 15
13 14 11 14
13 14 13 13
13 15 12 15
15 0 16 0
15 22 15 23
15 22 14 22
15 22 15 23
15 22 14 22
15 23 14 23
16 0 16 1
16 1 16 11
16 20 16 17
16 20 14 20
16 24 16 25
16 24 14 24
17 6 17 4
17 6 17 9
17 6 18 6
17 10 17 9
17 13 17 12
19 24 19 22
19 24 20 24
20 3 20 4
20 3 19 3
20 3 20 4
20 3 19 3
20 20 20 18
20 20 20 21
20 20 21 20
20 24 20 23
21 21 21 20
21 21 21 23
21 21 20 21
21 32 16 32
22 2 21 2
23 7 23 8
23 8 24 8
23 21 23 20
24 8 23 8
24 30 28 30
25 17 22 17
25 17 26 17
25 27 26 27
26 17 26 24
26 17 28 17
26 17 26 24
26 24 26 25
26 24 28 24
26 25 26 26
26 25 29 25
26 25 26 26
26 27 28 27
27 0 27 1
27 0 27 1
27 16 30 16
27 31 27 32
27 31 28 31
27 31 28 31
28 24 28 18
28 31 28 30
28 31 28 32
28 31 29 31
28 31 28 30
28 32 28 33
28 32 29 32
28 32 28 33
29 11 29 14
29 11 28 11
29 14 29 15
29 14 28 14
29 14 29 15
29 14 28 14
29 18 29 17
29 18 28 18
30 16 31 16
30 32 31 32
31 13 31 14
31 16 31 17
31 29 28 29
31 29 33 29
31 29 28 29
31 29 33 29
32 23 31 23
33 0 33 1
0 31 0 4
0 31 0 32
1 1 1 2
1 5 1 2
1 5 1 7
1 5 1 2
2 2 2 3
2 4 2 6
2 8 2 16
2 8 3 8
2 18 2 21
2 18 3 18
3 18 3 19
3 18 4 18
3 20 3 19
3 20 3 29
3 29 6 29
4 8 5 8
4 8 5 8
4 18 4 19
4 18 5 18
4 18 4 19
5 6 5 7
5 6 5 7
5 8 5 7
5 8 6 8
5 18 5 19
5 19 5 18
6 1 8 1
6 7 6 8
6 7 5 7
6 7 6 8
6 7 5 7
6 8 6 9
8 1 8 11
10 3 11 3
10 6 12 6
11 3 11 4
11 3 12 3
12 2 12 3
14 6 14 7
14 23 14 22
14 23 13 23
14 23 15 23
15 2 15 3
15 9 15 7
15 9 15 10
15 9 14 9
16 1 16 11
16 11 16 12
17 10 17 9
19 3 19 6
19 21 20 21
20 24 20 23
21 2 18 2
21 23 21 21
21 32 16 32
23 20 22 20
28 14 28 12
28 14 28 15
28 14 25 14
28 14 28 12
28 15 25 15
28 17 28 18
28 18 28 24
28 29 28 30
28 29 27 29
31 16 31 17
33 0 33 1
33 24 33 28
33 29 33 30
0 4 0 2
1 1 1 2
1 2 0 2
10 6 12 6
10 11 10 14
10 11 8 11
10 11 10 14
12 7 11 7
14 23 14 22
14 23 13 23
14 32 13 32
15 2 15 3
17 9 17 6
18 9 18 6
18 9 19 9
18 9 18 6
18 9 19 9
19 6 19 7
19 6 19 7
20 22 20 21
21 21 21 20
23 20 22 20
27 29 22 29
27 29 22 29
11 7 11 9
14 32 13 32
15 2 15 3
15 4 15 5
15 5 15 7
15 7 15 9
15 7 14 7
17 6 17 4
18 2 17 2
22 29 11 29
13 32 10 32
13 32 14 32
14 9 14 10
14 9 13 9
14 9 15 9
15 10 14 10
22 29 11 29
11 29 11 25
11 29 11 30
11 29 10 29
11 30 10 30
11 30 10 30
14 9 14 10
14 9 13 9
14 13 13 13
11 9 11 10
11 12 11 13
11 12 12 12
11 12 11 13
11 12 12 12
11 13 11 14
11 13 13 13
11 15 10 15
12 12 13 12
13 10 13 12
13 12 13 13
13 12 16 12
16 12 17 12
10 15 10 14
10 15 10 14

4132

1   2 - 2 - - - - - - - - - - - - - - - - - - - - - - - - - - 4 3 3 
| 2 5 = = 4 = 5 = = = = = = = = = = = = = = = = = = = = = = = 8 5 5 
4 - 4 5 2 - 1 | 3 = = = = = = = 5 - 4 = = 2                   ǁ 2 3 
ǁ 4 4 ǁ       | 2 4 = 6 = = 3 1 ǁ 3 4 2 4 - - - - - - - - 3   ǁ ǁ 2 
ǁ ǁ | ǁ       | 4 7 = 7   2 3   ǁ ǁ 4 2 ǁ                 ǁ 1 ǁ ǁ   
ǁ ǁ 2 6 = = 4 6 4 ǁ   | 3 2 |   ǁ ǁ 3 2 ǁ                 ǁ | ǁ 6 5 
ǁ 3   4 2 6 4 4 6 5 2 | 4 - 7 5 ǁ 6 = = 7 - - - - - - - 1 5 3 ǁ 4 | 
ǁ |   4 - 3 4 = 6 3   | 3 2 | ǁ ǁ ǁ 2   ǁ           2 = = 7 2 ǁ 3 | 
ǁ 3 = = = = = = = = = 7 3 2 | 4 ǁ ǁ ǁ   ǁ                 1   ǁ 3 | 
6 = = = = 5 - - - 1   ǁ     | ǁ ǁ 2 6 = 7                     6 5 | 
ǁ 4 = 5 4 ǁ 2 2 = 6 = 7 = = 5 5 ǁ 3 5 3 |         2       2 3   4 5 
2 ǁ   4 4 ǁ ǁ 3 - 5 1   4 4 2 1 ǁ 5 2   |   4 = = 7 = = = 6 3   | ǁ 
1 ǁ 2 3   ǁ 3 5 2 |     3 | | 1 ǁ 2 2 1 |   3 2   3 2 3 4 ǁ     | ǁ 
5 7 = = = 8 = = = 7 2 - 4 5 6 3 ǁ 2 1   |     2 2 = 8 5 3 ǁ     4 ǁ 
2 | 2 = = 6 2 2   7 3   | 2 ǁ   ǁ   2 - 7 - 7 6 2   ǁ |   ǁ     3 ǁ 
2 | 3 3 1 3 - 4 = 5 3   |   ǁ   ǁ       ǁ 2 4 4 ǁ   ǁ |   ǁ       ǁ 
5 6 = = = = = = = = = 4 5 = 8 = 6 5 - - 6 8 = = 8 2 ǁ |   ǁ     2 ǁ 
|   2   2 = 5 = = 4 2 | 2 1 ǁ 1 |       | ǁ     ǁ   ǁ |   ǁ     ǁ ǁ 
|   5 - - - 4 = = 4   | 3 - 7 3 |       | 2     ǁ   ǁ 5 2 ǁ     ǁ ǁ 
|   ǁ 3 - - 5 2   2   | 5 4 | 2 |       | 1 2 = 7 1 ǁ | 2 ǁ 2   ǁ ǁ 
|   ǁ 4 2   ǁ         | 3 3 4 5 |   2 = 7 5 1 2 4   ǁ 3   ǁ ǁ   ǁ ǁ 
|   5 = = = 8 = = = = 6 = 3   | |   2 2 5 5 = 2     ǁ 2 3 ǁ ǁ   5 5 
|   3 1     ǁ 4 = 3   |       | | 2 4   5 = = = = = 6 - - 8 6     1 
|   6 5 1   ǁ 3 3 | 2 | 2 4 6 2 | |     3 1         | 4 2 ǁ 4 - - 2 
|   ǁ 1     ǁ   2 | ǁ |   2     | |                 | ǁ 2 ǁ 2     | 
3 = 6 4 = = 7 = = 6 6 5 5 3 3 1 | 4 = = = = = = = = 6 7 6 ǁ |     | 
1 - 4 | 2 2 5 4 - 5 4 2 1   | | | 4 = = = = = = 4 4 3 3 4 ǁ |     | 
2 6 ǁ | | |                 | | 8 |             | |   | | 7 | 4 5 4 
    2 4 6 6 = = = = = 4 2 = 6 2 ǁ 2 4 = = = = = 5 |   2 | 4 4 6 5 3 
      | 2 |     1 - - 5 = = 6 2 ǁ 1 4 = = 4 2   ǁ 1 2   | ǁ 2 2 1 3 
3 = 6 8 | 7 = = = = = = = = = = 7 = = = = = = = 6       | ǁ     3 6 
4   2 4 2 3               2 2   4 2           3 4       | 4     2 4 
6 6 = = = = = = = = = = = = = = = = = = = = = 4 |       | ǁ   4 5 4 
4 5                                             2 - - - 2 3 3 4 5 1 
