34 34
4 0 2 2 4 0 0 0 0 0 0 0 5 0 2 0 0 0 0 0 4 0 3 2 0 0 1 0 0 0 0 3 3 1 
4 0 0 0 0 0 0 0 0 0 0 0 7 0 0 0 0 6 6 5 8 0 0 0 0 0 0 0 5 0 0 7 7 3 
0 0 0 0 1 0 0 0 0 0 0 0 3 4 0 4 0 0 0 3 0 1 1 2 0 0 2 2 0 0 0 0 0 0 
3 0 0 0 0 5 0 0 0 0 0 0 2 3 3 0 0 0 0 4 0 4 4 5 2 2 6 6 0 0 0 0 6 4 
0 0 1 0 0 3 0 1 0 0 3 0 0 0 0 0 0 0 4 4 0 2 0 1 3 4 0 2 0 0 0 0 0 1 
3 0 0 0 0 0 0 0 2 2 7 0 0 2 2 0 0 0 2 0 5 0 6 0 7 5 0 2 0 0 0 0 0 0 
0 0 0 0 0 0 0 0 0 2 0 0 0 0 0 0 0 0 4 0 6 2 4 4 2 2 0 0 0 0 0 0 0 0 
6 0 0 0 0 0 0 0 6 4 5 0 0 0 0 6 3 0 4 3 7 0 0 7 0 0 8 6 0 4 4 0 0 0 
0 0 0 0 2 0 0 0 6 2 3 0 3 1 0 0 2 0 1 0 0 2 4 0 3 2 0 0 0 0 0 0 0 0 
6 0 0 0 0 0 0 0 0 0 0 0 0 0 0 8 0 7 0 0 7 0 6 0 0 0 0 3 0 0 0 0 4 0 
3 1 2 0 0 0 0 4 3 3 0 4 0 4 2 0 2 0 3 1 0 2 0 0 0 0 0 3 0 0 0 0 3 0 
0 0 4 0 0 6 2 6 6 0 0 0 0 4 6 7 6 0 0 0 0 6 4 0 0 3 7 4 0 0 0 0 0 0 
0 0 3 1 0 0 0 2 1 0 0 0 0 0 2 0 4 0 0 0 0 4 3 0 0 2 4 3 0 0 0 5 7 4 
3 4 0 0 0 6 0 0 0 0 0 0 0 7 2 5 6 4 5 1 0 2 6 8 6 0 3 3 0 2 0 5 5 0 
4 0 4 0 0 0 1 3 0 0 0 0 0 6 2 2 2 2 3 2 0 3 5 3 4 2 0 0 0 0 0 1 1 0 
6 0 8 0 0 7 0 0 0 0 0 0 0 0 0 0 0 0 0 0 6 0 0 0 0 0 0 0 6 0 5 0 1 0 
2 2 4 1 0 0 3 3 3 3 0 0 0 0 0 0 0 0 0 0 0 3 5 0 0 6 0 4 5 0 0 5 3 0 
2 0 5 3 1 0 0 4 4 0 0 0 0 0 0 0 0 0 0 0 0 2 4 2 0 2 0 0 2 4 4 0 4 1 
4 0 7 0 0 8 7 5 2 6 0 0 0 0 0 0 0 0 0 0 5 0 0 0 0 0 0 6 0 5 5 6 4 1 
5 4 0 0 0 0 2 0 1 0 2 0 6 0 0 0 0 3 3 0 0 1 2 0 3 2 0 0 0 3 3 0 4 3 
0 0 0 2 0 0 1 0 0 4 2 0 4 0 0 0 0 0 6 0 0 4 7 0 5 1 0 0 4 0 0 5 7 3 
0 0 0 0 0 0 4 7 0 0 0 0 0 2 0 0 0 0 0 0 0 2 0 0 3 2 0 0 4 0 2 0 0 4 
0 0 3 6 2 0 1 3 0 0 4 0 0 4 0 0 0 0 0 0 0 2 7 0 0 0 0 6 0 0 0 0 8 6 
0 6 5 0 0 7 0 0 0 0 0 0 0 8 0 0 0 0 5 2 0 2 0 4 2 2 0 0 1 0 2 0 2 0 
0 0 3 1 0 7 3 0 0 4 0 5 0 5 0 4 0 0 3 0 0 0 0 5 4 8 2 0 4 0 6 0 2 0 
0 5 7 3 0 4 0 0 0 4 2 7 0 0 0 2 0 0 0 1 0 0 0 0 2 0 1 0 4 0 0 0 0 2 
0 1 2 0 0 0 0 0 0 2 0 1 0 0 0 0 0 0 0 0 0 0 0 0 0 0 0 0 0 2 0 2 0 0 
2 0 0 0 0 0 0 0 0 0 0 0 0 0 0 0 0 0 6 0 8 6 4 7 5 3 2 0 0 0 0 0 0 0 
4 4 0 0 0 0 0 0 0 0 0 0 0 0 0 0 0 0 0 0 0 0 2 0 4 2 0 0 5 3 4 5 0 0 
2 0 0 0 0 0 0 0 0 0 0 0 0 0 0 0 0 0 3 1 0 0 0 0 4 0 0 0 2 0 2 1 0 0 
4 5 0 0 0 0 0 0 0 0 0 0 0 0 0 0 0 0 0 0 0 5 3 2 5 5 1 0 0 0 0 0 0 0 
2 0 0 0 0 0 0 0 0 0 0 0 0 0 0 0 0 0 0 0 0 4 2 2 0 0 0 4 0 0 5 0 5 3 
2 6 0 0 0 0 0 0 0 0 0 0 0 0 0 0 0 0 0 0 8 0 0 0 5 0 0 0 0 4 0 0 1 3 
0 1 0 0 0 0 0 0 0 2 0 0 0 0 0 0 0 0 0 0 6 0 4 2 4 0 0 2 0 4 0 0 0 4 
400 673
0 0 0 2
0 0 1 0
0 0 0 2
0 0 1 0
0 12 0 4
0 12 0 14
0 12 1 12
1 0 1 12
1 0 3 0
1 12 1 17
1 12 0 12
1 12 2 12
1 17 1 12
1 17 1 18
1 17 9 17
1 18 1 17
1 18 1 19
1 18 4 18
1 18 1 17
1 18 1 19
1 20 1 19
1 20 1 28
1 20 0 20
1 20 5 20
1 20 1 19
1 20 1 28
1 20 0 20
1 20 5 20
1 31 1 28
1 31 1 32
1 31 0 31
1 31 12 31
2 15 2 13
2 15 7 15
2 15 2 13
2 15 7 15
3 5 3 0
3 5 3 12
3 5 4 5
3 19 2 19
3 19 4 19
3 19 2 19
3 19 4 19
3 27 3 26
3 27 2 27
3 27 4 27
3 27 3 26
3 27 2 27
3 27 4 27
3 32 3 33
3 32 1 32
3 32 9 32
3 32 3 33
3 32 1 32
3 32 9 32
3 33 1 33
3 33 4 33
4 18 4 19
4 18 5 18
4 18 4 19
5 10 5 9
5 10 5 13
5 10 4 10
5 10 7 10
5 24 5 22
5 24 5 25
5 24 4 24
5 24 6 24
7 0 7 8
7 0 5 0
7 0 9 0
7 0 7 8
7 0 5 0
7 0 9 0
7 8 7 9
7 8 5 8
7 8 8 8
7 8 7 9
7 15 7 10
7 15 7 16
7 15 9 15
7 15 7 10
7 16 8 16
7 20 7 19
7 20 7 23
7 20 6 20
7 20 9 20
7 26 7 23
7 26 7 27
7 26 3 26
7 26 11 26
7 26 7 23
7 26 7 27
7 26 3 26
7 26 11 26
7 27 7 29
7 27 5 27
7 27 9 27
7 27 7 29
7 29 7 30
7 29 13 29
7 30 15 30
8 8 8 4
8 8 8 9
8 8 10 8
8 8 8 4
8 8 8 9
9 0 10 0
9 0 10 0
9 17 9 15
9 17 9 20
9 17 13 17
9 22 9 20
9 22 8 22
9 22 11 22
9 22 9 20
9 22 8 22
9 22 11 22
9 27 10 27
9 32 10 32
11 5 11 2
11 5 11 6
11 5 13 5
11 5 11 2
11 5 11 6
11 5 13 5
11 7 11 8
11 7 10 7
11 7 12 7
11 7 11 8
11 7 10 7
11 7 12 7
11 8 11 13
11 8 10 8
11 8 12 8
11 8 11 13
11 15 11 14
11 15 11 16
11 15 9 15
11 15 13 15
11 16 11 15
11 16 10 16
11 16 12 16
11 16 11 15
11 16 10 16
11 21 11 22
11 21 10 21
11 21 12 21
11 21 11 22
11 21 10 21
11 21 12 21
11 26 11 25
11 26 11 27
11 26 12 26
12 16 13 16
12 21 12 22
12 21 13 21
12 32 12 31
12 32 12 33
12 32 10 32
12 32 13 32
12 33 12 32
12 33 17 33
12 33 12 32
13 5 13 1
13 5 13 13
13 5 15 5
13 5 13 1
13 13 13 14
13 13 11 13
13 13 14 13
13 23 13 22
13 23 13 24
13 23 7 23
13 23 14 23
13 23 13 22
13 23 13 24
13 23 7 23
13 23 14 23
13 24 13 26
13 24 8 24
13 24 14 24
13 24 13 26
13 31 13 32
13 31 12 31
13 31 14 31
13 32 13 31
13 32 12 32
13 32 14 32
14 2 14 0
14 2 15 2
14 2 14 0
14 2 15 2
15 0 15 2
15 0 14 0
15 0 16 0
15 0 15 2
15 0 14 0
15 0 16 0
15 2 15 5
15 2 16 2
15 5 15 2
15 5 15 20
15 5 18 5
15 28 15 20
15 28 15 30
15 28 16 28
15 28 15 20
15 28 15 30
15 28 16 28
16 22 16 21
16 22 16 25
16 22 17 22
16 25 16 22
16 25 16 27
16 25 17 25
16 25 16 27
16 25 17 25
16 27 16 28
16 27 18 27
16 31 16 28
16 31 16 32
16 31 18 31
17 30 17 29
17 30 18 30
17 30 17 29
17 30 18 30
17 32 16 32
17 32 18 32
17 32 16 32
17 32 18 32
18 2 18 0
18 2 18 5
18 2 17 2
18 2 22 2
18 5 18 2
18 5 18 6
18 5 15 5
18 5 23 5
18 27 18 20
18 27 18 29
18 27 22 27
18 27 18 20
18 27 18 29
19 0 19 1
19 0 18 0
19 0 27 0
19 1 19 0
19 1 23 1
19 1 19 0
19 12 19 10
19 12 19 17
19 12 20 12
19 12 19 10
19 12 19 17
19 12 20 12
19 17 19 18
20 3 22 3
20 12 20 10
20 12 20 18
20 18 20 21
20 18 19 18
20 18 23 18
20 18 20 21
20 18 19 18
20 22 20 21
20 22 20 24
20 22 19 22
20 22 22 22
20 28 20 31
20 28 21 28
20 28 20 31
20 28 21 28
20 32 20 31
20 32 20 33
20 32 19 32
20 32 22 32
21 6 21 7
21 6 20 6
21 6 22 6
21 6 21 7
21 7 21 13
21 7 18 7
21 7 22 7
21 28 21 30
21 28 23 28
21 30 23 30
21 33 20 33
21 33 22 33
21 33 20 33
21 33 22 33
22 4 22 3
22 32 22 33
22 32 20 32
22 32 23 32
22 32 22 33
22 32 23 32
22 32 22 33
22 32 22 33
23 13 23 5
23 13 23 18
23 13 22 13
23 13 24 13
23 13 23 5
23 13 23 18
23 13 22 13
23 13 24 13
23 30 24 30
24 5 24 3
24 5 24 6
24 5 23 5
24 5 25 5
24 11 24 9
24 11 24 13
24 11 25 11
24 25 24 24
24 25 24 26
24 25 23 25
24 25 27 25
24 25 24 24
24 25 24 26
24 25 23 25
24 25 27 25
24 28 24 30
24 28 25 28
24 28 24 30
24 28 25 28
25 1 25 2
25 1 23 1
25 1 26 1
25 11 25 10
25 11 25 15
25 11 24 11
25 11 26 11
27 20 27 18
27 20 27 21
27 20 32 20
27 20 27 18
27 20 27 21
27 20 32 20
27 20 27 21
27 23 27 22
27 23 27 24
27 23 24 23
27 23 30 23
28 1 28 0
28 1 30 1
28 1 28 0
28 1 30 1
28 31 28 30
28 31 26 31
28 31 29 31
29 19 29 18
30 21 30 22
30 21 27 21
30 21 31 21
30 25 30 24
30 25 30 26
30 25 28 25
31 21 31 22
31 21 30 21
31 21 31 22
31 30 31 27
31 30 31 32
31 30 29 30
32 20 32 1
32 20 32 24
32 20 33 20
33 20 33 9
33 20 33 22
33 20 32 20
33 20 33 9
33 20 33 22
33 22 33 23
33 22 33 23
33 24 33 27
33 24 32 24
33 24 33 27
33 24 32 24
33 29 33 33
33 29 32 29
33 29 33 33
33 29 32 29
33 33 32 33
33 33 32 33
0 3 0 4
0 4 0 3
0 4 0 12
0 14 0 20
0 20 0 22
0 22 0 23
1 12 2 12
1 19 2 19
1 28 1 31
2 4 2 12
2 13 3 13
2 13 3 13
4 2 4 5
7 9 7 10
7 9 6 9
7 16 8 16
7 30 15 30
8 18 7 18
8 21 8 22
8 22 8 21
8 24 8 25
9 0 10 0
9 17 9 15
9 17 9 20
9 17 13 17
9 27 10 27
9 32 10 32
10 7 10 2
10 7 10 8
10 9 10 11
10 11 10 9
10 11 10 13
10 11 10 13
10 27 11 27
11 2 10 2
11 2 12 2
11 27 11 26
11 27 12 27
12 2 12 3
12 16 13 16
12 22 13 22
13 0 13 1
13 1 13 0
13 13 13 14
13 13 11 13
13 13 14 13
13 22 13 21
13 22 12 22
13 22 14 22
13 29 13 27
13 31 12 31
14 6 14 7
14 7 14 13
14 22 14 21
14 22 14 23
14 22 14 21
14 22 14 21
14 24 14 25
14 25 14 24
15 2 16 2
15 5 15 20
15 30 15 32
16 1 16 2
16 31 16 28
16 31 18 31
17 4 17 3
17 23 17 22
17 28 17 29
17 29 17 28
18 0 18 2
18 0 17 0
18 5 18 6
18 5 23 5
18 6 18 7
18 6 16 6
18 6 19 6
18 31 18 30
18 31 18 32
18 31 20 31
18 31 18 30
18 32 18 33
19 6 18 6
19 8 18 8
19 32 19 33
19 32 20 32
19 32 19 33
20 3 22 3
20 9 20 10
20 9 18 9
20 9 18 9
20 32 20 31
22 3 22 2
22 3 22 4
22 3 22 2
22 10 22 7
22 10 22 13
22 10 22 7
22 10 22 13
23 1 23 2
23 1 25 1
23 1 23 2
23 1 23 2
24 5 24 6
24 5 23 5
24 5 25 5
24 6 24 9
24 9 24 11
24 9 25 9
24 13 24 15
24 13 24 15
24 15 24 18
24 15 25 15
25 1 25 2
25 2 25 3
25 2 24 2
25 2 26 2
25 5 25 3
25 5 25 9
25 9 25 10
25 9 26 9
25 19 23 19
26 9 26 2
27 18 27 0
27 18 24 18
27 18 29 18
27 18 24 18
27 20 27 21
27 21 27 22
27 26 27 25
27 26 25 26
28 0 29 0
28 0 29 0
28 31 28 30
28 31 26 31
29 24 28 24
29 24 30 24
29 24 28 24
29 24 30 24
30 0 30 1
30 0 31 0
30 0 30 1
30 0 31 0
30 1 32 1
30 21 30 22
30 25 30 24
30 25 28 25
32 0 32 1
32 0 32 1
32 1 32 20
32 1 33 1
32 20 32 24
32 29 32 24
32 29 32 32
32 33 31 33
0 22 0 23
0 26 0 31
6 9 5 9
7 18 7 19
7 18 6 18
7 18 7 19
7 20 7 23
7 20 6 20
7 20 9 20
7 23 6 23
8 24 8 25
9 15 11 15
9 20 15 20
10 13 10 14
10 13 8 13
10 14 11 14
11 14 12 14
12 14 11 14
12 16 13 16
12 31 1 31
13 15 13 16
13 15 14 15
13 16 13 15
13 16 13 17
13 17 13 18
14 7 14 13
14 13 14 14
15 20 18 20
16 1 16 2
16 3 17 3
17 0 17 2
17 2 17 3
17 2 18 2
17 23 17 22
18 9 18 8
18 9 18 20
18 9 16 9
18 9 18 20
21 7 21 13
21 7 18 7
23 5 23 2
23 18 23 19
25 2 25 3
25 2 24 2
25 28 25 33
25 28 28 28
25 33 31 33
26 29 28 29
28 24 27 24
28 28 28 29
28 28 29 28
28 28 28 29
28 28 29 28
28 30 29 30
30 24 30 23
31 23 31 27
31 30 31 27
31 30 31 32
31 32 31 33
5 8 5 0
5 10 5 13
5 10 4 10
5 10 7 10
5 14 3 14
6 18 6 20
6 18 5 18
6 18 6 20
6 23 6 22
6 23 6 24
6 23 6 22
6 25 5 25
8 10 8 12
8 12 8 10
13 15 14 15
14 13 14 14
14 16 14 17
14 16 14 17
16 9 16 8
17 8 17 7
17 8 16 8
17 8 17 7
17 8 16 8
17 22 17 21
23 2 24 2
24 30 24 32
24 32 24 30
27 23 27 22
27 23 27 24
27 23 24 23
28 22 27 22
28 22 30 22
28 24 27 24
31 23 31 27
3 0 3 5
3 14 3 13
3 14 5 14
4 10 4 7
5 24 5 22
5 24 5 25
5 24 4 24
6 22 6 21
6 22 5 22
6 25 5 25
16 21 16 22
16 21 17 21
17 7 16 7
17 7 18 7
18 7 18 6
22 22 22 21
22 22 22 27
22 22 20 22
22 22 22 21
22 22 22 27
23 21 23 23
23 21 23 23
23 23 23 24
23 23 24 23
23 24 24 24
24 23 24 24
25 24 27 24
3 12 3 5
5 25 4 25
16 6 16 7
16 7 16 6
21 21 20 21
4 25 4 24
4 25 3 25
4 25 3 25
19 21 19 22
20 22 20 24
3 24 3 23
3 24 3 23
3 26 2 26
3 26 2 26

4533

4 = 2 2 4 = = = = = = = 5 - 2 - - - - - 4 - 3 2     1 - - - - 3 3 1 
4 - - - - - - - - - - - 7 = = = = 6 6 5 8 = = = = = = = 5 = = 7 7 3 
|       1 - - - - - - - 3 4 = 4   | | 3 ǁ 1 1 2     2 2       ǁ ǁ | 
3 = = = = 5 = = = = = = 2 3 3 ǁ   | | 4 ǁ 4 4 5 2 2 6 6       ǁ 6 4 
    1 - - 3   1 - - 3       ǁ ǁ   | 4 4 ǁ 2   1 3 4 ǁ 2       ǁ ǁ 1 
3 - - - - - - - 2 2 7 = = 2 2 ǁ   | 2   5   6 = 7 5 ǁ 2       ǁ ǁ   
ǁ               | 2 ǁ         ǁ   | 4 = 6 2 4 4 2 2 ǁ |       ǁ ǁ   
6 = = = = = = = 6 4 5 = = = = 6 3 | 4 3 7 = = 7 = = 8 6 = 4 4 ǁ ǁ   
ǁ       2 = = = 6 2 3 = 3 1   | 2 | 1   ǁ 2 4 ǁ 3 2 ǁ |   | ǁ ǁ ǁ   
6               |         |   8 = 7 = = 7 = 6 ǁ |   ǁ 3   | ǁ ǁ 4   
3 1 2 - - - - 4 3 3 = 4 = 4 2 ǁ 2 ǁ 3 1 | 2 ǁ ǁ |   ǁ 3   | ǁ ǁ 3   
    4 = = 6 2 6 6 = = = = 4 6 7 6 ǁ     | 6 4 ǁ | 3 7 4   | ǁ ǁ |   
    3 1   ǁ   2 1         ǁ 2 | 4 ǁ     | 4 3 ǁ | 2 4 3   | ǁ 5 7 4 
3 4 = = = 6 - - - - - - - 7 2 5 6 4 5 1 | 2 6 8 6 = 3 3 - 2 ǁ 5 5 | 
4 = 4     | 1 3 = = = = = 6 2 2 2 2 3 2 | 3 5 3 4 2         ǁ 1 1 | 
6 = 8 = = 7 = = = = = = = = = = = = = = 6 = = = = = = = 6 = 5 - 1 | 
2 2 4 1   ǁ 3 3 3 3                     | 3 5 = = 6 = 4 5 = = 5 3 | 
2 - 5 3 1 ǁ | 4 4 |                     | 2 4 2   2   | 2 4 4 ǁ 4 1 
4 = 7 = = 8 7 5 2 6 = = = = = = = = = = 5 = = = = = = 6 = 5 5 6 4 1 
5 4 |     ǁ 2 ǁ 1 ǁ 2 = 6 = = = = 3 3     1 2   3 2   |   3 3 | 4 3 
| | | 2   ǁ 1 ǁ   4 2 - 4 - - - - - 6 = = 4 7 = 5 1   | 4 = = 5 7 3 
| | | ǁ   ǁ 4 7 = = = = = 2         |     2 ǁ   3 2   | 4 - 2   ǁ 4 
| | 3 6 2 ǁ 1 3 = = 4 = = 4         |     2 7 = = = = 6 |   |   8 6 
| 6 5 - - 7 = = = = = = = 8 = = = = 5 2   2 = 4 2 2     1   2   2   
| ǁ 3 1 - 7 3 - - 4 = 5 - 5 = 4 - - 3 |       5 4 8 2   4 = 6 = 2   
| 5 7 3 - 4 - - - 4 2 7 - - - 2     ǁ 1       ǁ 2 ǁ 1   4 - - - - 2 
| 1 2 - - - - - - 2   1             ǁ         ǁ | ǁ |   | 2   2   | 
2 - - - - - - - - - - - - - - - - - 6 = 8 6 4 7 5 3 2   | |   ǁ   | 
4 4                                 |   ǁ | 2 | 4 2     5 3 4 5   | 
2 ǁ                                 3 1 ǁ | | | 4 ǁ     2   2 1   | 
4 5                                     ǁ 5 3 2 5 5 1       |     | 
2 |                                     ǁ 4 2 2 = = = 4 = = 5 = 5 3 
2 6 = = = = = = = = = = = = = = = = = = 8 = = = 5 - - - - 4 - - 1 3 
  1               2 = = = = = = = = = = 6 = 4 2 4 = = 2   4 = = = 4 
