34 34
2 1 0 0 0 0 0 0 0 0 0 3 3 0 2 0 0 0 3 2 0 4 3 0 5 0 0 0 4 0 0 0 3 1 
0 2 2 5 0 0 2 1 0 3 2 0 6 0 6 3 2 1 0 2 0 0 4 0 6 1 2 0 0 0 0 4 4 0 
0 4 0 5 0 0 3 4 1 0 0 0 2 0 0 0 0 0 0 6 0 5 0 0 7 6 6 2 0 3 0 7 0 5 
0 5 2 0 2 3 3 3 2 0 0 0 3 2 0 0 0 0 0 4 4 2 1 2 0 0 4 4 0 3 2 0 0 0 
0 4 0 0 0 4 0 0 0 0 0 0 0 2 8 0 0 0 7 0 0 0 4 3 0 0 2 7 6 2 0 2 0 0 
0 6 0 7 4 3 6 0 0 5 7 8 6 2 0 2 4 0 0 0 0 0 3 0 0 6 4 0 0 4 0 7 2 0 
0 0 0 0 4 0 6 3 3 0 0 0 0 3 7 0 4 0 0 0 0 0 1 0 0 4 5 0 0 5 0 5 1 0 
0 0 0 0 6 5 6 6 6 0 2 0 0 2 0 0 0 0 0 0 0 2 0 8 8 4 0 0 0 0 0 0 1 0 
0 0 2 0 0 0 0 6 4 0 0 0 3 3 0 0 0 0 0 3 0 3 0 0 3 2 0 0 0 0 0 0 0 0 
0 0 0 0 3 0 2 2 0 0 0 0 1 2 3 0 0 0 0 1 0 0 1 0 4 0 7 5 0 2 0 0 0 0 
0 4 4 0 1 0 0 0 0 0 0 0 0 0 1 0 0 0 0 0 0 0 0 0 0 2 4 1 0 0 0 0 0 0 
0 1 0 4 0 5 0 0 0 6 0 8 0 0 0 0 0 0 5 0 0 6 5 0 5 0 0 0 6 0 0 6 3 0 
6 0 0 0 0 0 0 4 2 0 2 0 3 0 0 0 0 0 0 0 0 2 2 0 0 1 3 2 0 2 0 0 1 0 
0 4 0 0 5 0 0 0 0 6 6 0 6 6 5 0 0 0 0 3 1 3 0 7 8 0 7 5 0 0 1 0 0 0 
0 0 4 4 0 4 5 4 2 0 0 0 2 0 5 0 6 2 3 0 0 6 2 0 0 2 6 0 0 0 0 0 0 0 
0 6 5 3 0 0 2 5 0 0 4 0 1 0 0 3 3 0 0 2 4 2 1 0 5 0 6 3 0 0 0 0 0 0 
0 0 2 0 7 6 4 5 3 0 4 0 0 0 0 4 0 0 5 1 0 2 0 0 0 2 3 0 0 0 0 4 3 0 
0 6 2 3 7 0 0 6 2 0 6 8 3 0 5 0 0 0 3 0 4 0 0 0 4 3 1 1 0 0 4 0 4 0 
0 3 3 3 1 1 0 5 2 0 2 4 2 0 4 0 0 0 0 0 0 6 2 0 2 0 0 0 0 0 4 1 0 0 
5 0 0 0 0 0 0 0 0 6 0 0 0 7 0 0 0 0 0 0 0 0 0 8 0 0 0 0 8 7 5 2 0 4 
0 3 4 0 0 0 3 2 4 0 2 4 0 6 0 0 2 0 0 0 0 0 0 0 1 4 3 0 0 5 3 0 0 0 
0 2 0 2 0 0 0 0 0 0 0 0 2 0 0 2 1 0 3 4 0 0 0 6 0 4 4 0 0 6 0 5 0 0 
0 1 0 6 3 0 5 1 0 0 0 0 0 0 0 0 0 0 0 4 0 0 0 0 0 0 3 0 0 3 1 0 0 0 
0 0 0 2 2 0 7 5 6 0 0 0 0 0 0 0 0 0 0 1 0 0 0 0 0 0 0 0 0 0 0 0 0 0 
0 0 0 0 0 0 0 2 2 0 0 0 0 0 1 7 0 0 7 0 0 0 0 0 0 0 0 0 8 7 4 0 0 0 
0 0 0 2 2 0 8 2 0 0 0 0 0 0 2 4 0 0 1 2 0 4 0 0 0 0 0 0 0 0 0 0 0 0 
0 0 0 0 0 0 3 0 0 0 1 1 4 7 0 0 0 0 0 0 0 8 0 0 0 0 2 0 0 0 0 0 0 0 
0 2 0 6 0 0 3 0 0 0 4 0 0 6 0 0 1 0 0 0 0 2 0 0 0 0 0 0 0 0 2 0 0 0 
0 0 0 0 0 0 0 0 0 0 4 0 0 5 1 0 0 0 0 4 0 0 0 0 0 0 0 0 5 0 1 0 0 0 
0 0 0 0 0 0 0 0 0 0 0 0 0 4 0 5 0 0 0 6 0 0 0 0 0 0 4 0 3 5 2 0 0 0 
0 0 0 0 0 0 0 0 0 0 0 2 0 4 0 2 0 2 0 0 0 0 0 0 0 0 0 0 0 5 2 0 0 0 
5 3 0 3 0 0 0 0 0 6 0 0 0 0 0 0 0 0 0 0 0 0 0 0 0 0 0 0 0 0 0 6 6 4 
4 0 3 3 3 0 5 0 0 8 0 0 0 0 0 0 0 0 0 0 0 0 0 0 6 0 4 3 2 0 0 6 3 3 
1 2 0 0 0 0 4 2 0 6 0 0 0 0 0 0 0 0 0 0 0 0 0 2 3 0 0 2 1 0 0 5 4 3 
400 647
0 24 0 22
0 24 0 28
0 24 1 24
1 3 1 2
1 3 1 6
1 3 2 3
2 24 2 21
2 24 2 25
2 24 1 24
2 24 7 24
2 31 2 29
2 31 2 33
2 31 1 31
2 31 4 31
2 33 2 31
2 33 0 33
2 33 19 33
2 33 19 33
3 1 3 2
3 1 2 1
3 1 4 1
4 14 4 13
4 14 4 18
4 14 1 14
4 14 6 14
4 14 4 13
4 14 4 18
4 14 1 14
4 14 6 14
4 18 4 22
4 18 0 18
4 18 11 18
4 27 4 26
4 27 4 28
4 27 3 27
4 27 9 27
5 1 5 3
5 1 4 1
5 1 10 1
5 1 5 3
5 1 4 1
5 1 10 1
5 3 5 4
5 3 2 3
5 3 11 3
5 10 5 9
5 10 5 11
5 10 1 10
5 10 7 10
5 11 5 10
5 11 5 12
5 11 0 11
5 11 11 11
5 11 5 10
5 11 5 12
5 11 0 11
5 12 5 13
5 12 3 12
5 12 8 12
5 12 5 13
5 16 5 15
5 16 6 16
5 16 5 15
5 16 6 16
5 25 5 26
5 25 2 25
5 25 6 25
5 25 5 26
5 25 2 25
5 25 6 25
5 26 4 26
5 26 6 26
5 31 5 29
5 31 5 32
5 31 4 31
5 31 6 31
6 14 6 13
6 14 6 16
6 14 9 14
6 16 6 14
6 25 6 26
6 25 7 25
6 26 9 26
6 29 6 31
6 29 5 29
6 29 9 29
7 4 7 5
7 4 6 4
7 4 9 4
7 4 7 5
7 4 6 4
7 4 9 4
7 23 7 21
7 23 7 24
7 23 4 23
7 23 13 23
7 23 7 21
7 23 7 24
7 23 4 23
7 23 13 23
7 24 7 25
7 24 2 24
7 24 8 24
7 25 7 24
7 25 8 25
8 2 10 2
8 7 8 8
8 7 7 7
8 7 9 7
8 7 8 8
8 7 7 7
8 7 9 7
8 8 7 8
8 8 12 8
10 1 10 2
10 1 11 1
10 2 8 2
10 2 14 2
11 5 11 3
11 5 7 5
11 5 14 5
11 9 11 11
11 9 5 9
11 9 13 9
11 9 11 11
11 9 5 9
11 9 13 9
11 22 11 21
11 22 9 22
11 22 12 22
11 24 11 28
11 24 9 24
11 24 13 24
12 0 0 0
12 0 19 0
12 0 0 0
12 0 19 0
12 7 12 8
12 7 14 7
12 7 14 7
13 1 15 1
13 1 15 1
13 4 16 4
13 9 13 10
13 9 19 9
13 9 13 10
13 9 19 9
13 10 13 12
13 10 12 10
13 10 15 10
13 10 13 12
13 12 13 13
13 12 12 12
13 12 14 12
13 12 13 13
13 13 13 14
13 13 9 13
13 13 19 13
13 13 13 14
13 23 13 21
13 23 13 24
13 23 19 23
13 24 13 23
13 24 13 26
13 24 11 24
13 24 15 24
14 2 14 3
14 2 15 2
14 2 14 3
14 3 11 3
14 3 15 3
14 12 15 12
14 14 14 16
14 14 13 14
14 14 17 14
14 16 14 14
14 16 14 17
14 16 15 16
14 26 14 25
14 26 13 26
14 26 15 26
14 26 14 25
14 26 13 26
14 26 15 26
15 1 15 2
15 1 17 1
15 7 15 6
15 7 14 7
15 7 16 7
15 10 16 10
15 26 15 24
15 26 15 27
15 26 16 26
15 26 15 24
16 10 15 10
16 10 17 10
16 10 15 10
17 1 17 2
17 1 15 1
17 1 18 1
17 4 17 3
17 4 17 7
17 4 16 4
17 4 18 4
17 11 17 10
17 11 17 12
17 11 18 11
17 11 17 10
17 11 17 12
17 11 18 11
17 20 17 18
17 20 15 20
17 20 17 18
17 20 15 20
18 5 18 7
19 9 19 0
19 9 19 13
19 9 31 9
19 9 19 0
19 23 19 13
19 23 19 28
19 23 13 23
19 23 21 23
19 28 19 23
19 28 19 29
19 28 11 28
19 28 24 28
19 33 19 31
19 33 31 33
20 8 20 7
20 8 23 8
20 8 20 7
20 8 23 8
20 29 20 30
20 29 19 29
20 29 21 29
21 29 21 31
21 29 20 29
21 29 22 29
21 29 21 31
21 29 20 29
23 6 23 4
23 6 23 7
23 6 22 6
23 6 25 6
23 8 23 7
23 8 24 8
23 8 23 7
23 8 24 8
24 15 24 14
24 15 24 18
24 15 21 15
24 15 25 15
24 18 24 15
24 18 24 28
24 18 21 18
24 18 25 18
24 28 24 18
24 28 24 29
24 28 19 28
24 28 28 28
25 6 25 4
25 6 25 7
25 6 23 6
25 6 26 6
25 21 25 19
25 21 26 21
25 21 25 19
25 21 26 21
26 13 26 12
26 13 26 21
26 13 20 13
26 13 27 13
26 21 26 13
26 21 26 26
26 21 27 21
26 21 26 26
26 21 27 21
27 16 27 13
28 10 28 13
28 10 27 10
28 10 28 13
28 10 27 10
29 15 29 13
29 15 29 19
29 15 30 15
29 19 29 15
29 19 29 26
29 19 28 19
30 11 30 13
30 29 30 17
30 29 30 30
30 29 29 29
31 0 31 1
31 0 19 0
31 0 32 0
31 9 31 3
31 9 31 31
31 9 32 9
31 9 31 3
31 9 31 31
31 31 31 32
31 31 21 31
31 31 32 31
31 31 31 32
31 32 31 33
31 32 32 32
31 32 31 33
31 32 32 32
31 33 32 33
32 6 32 4
32 6 32 9
32 6 33 6
32 9 32 6
32 9 32 24
32 9 33 9
32 9 32 24
32 9 33 9
32 9 33 9
32 24 32 26
32 24 33 24
32 24 32 26
32 24 33 24
32 26 32 27
32 31 32 28
32 31 32 32
32 31 33 31
32 31 32 28
32 31 33 31
32 33 33 33
32 33 33 33
33 31 33 28
33 31 33 32
33 31 33 32
33 32 33 33
1 12 1 14
1 12 0 12
1 12 2 12
1 12 1 14
1 12 0 12
1 12 2 12
1 17 1 16
1 32 1 31
1 32 0 32
1 32 1 31
1 32 0 32
2 19 2 21
2 19 1 19
2 19 3 19
2 19 2 21
2 19 1 19
2 19 3 19
2 25 2 24
2 25 2 26
2 25 1 25
2 26 2 27
2 26 1 26
2 26 3 26
2 26 2 27
2 26 1 26
2 31 2 29
2 31 1 31
3 12 3 13
3 13 3 12
3 19 3 20
3 20 3 19
3 20 3 21
3 20 3 21
3 23 3 22
3 23 4 23
3 26 3 27
3 30 3 29
4 1 3 1
4 5 3 5
4 5 5 5
4 5 3 5
4 5 5 5
4 22 4 18
4 22 5 22
4 22 5 22
4 27 4 28
4 27 3 27
4 27 9 27
4 28 4 29
4 28 0 28
4 28 11 28
4 28 4 29
5 22 6 22
5 29 5 31
5 29 6 29
5 31 5 32
5 31 6 31
6 4 6 6
6 4 5 4
6 6 6 7
6 6 5 6
6 6 7 6
6 6 6 7
6 6 5 6
6 26 9 26
7 6 7 5
7 6 7 7
7 6 9 6
7 6 7 5
7 6 7 7
7 10 5 10
7 24 8 24
9 4 10 4
9 6 14 6
9 26 9 24
9 26 9 27
9 26 10 26
10 25 10 26
11 3 11 5
11 5 14 5
11 28 11 24
11 28 11 31
11 28 19 28
11 31 11 32
11 31 6 31
11 31 16 31
11 31 11 32
11 31 6 31
12 10 12 12
12 12 9 12
12 25 12 26
12 29 19 29
13 4 16 4
13 24 13 26
13 24 15 24
13 27 13 26
13 27 12 27
13 27 15 27
13 30 17 30
14 5 14 6
14 5 16 5
14 16 14 17
14 16 15 16
15 1 15 2
15 24 17 24
16 5 16 4
16 5 16 6
16 15 16 18
16 15 15 15
16 15 16 18
16 15 15 15
16 31 16 32
16 31 18 31
16 31 16 32
17 1 17 2
17 1 18 1
17 4 17 3
17 4 17 7
17 4 16 4
17 7 17 8
17 7 16 7
17 7 18 7
17 7 17 8
17 11 17 10
17 11 17 12
17 24 17 25
17 24 18 24
17 24 17 25
17 30 18 30
17 32 16 32
18 1 18 2
18 2 18 3
18 3 18 2
18 3 17 3
18 7 18 8
18 8 18 7
18 11 18 10
18 11 18 12
18 14 18 21
18 14 17 14
18 14 18 21
18 14 17 14
18 21 18 22
18 21 16 21
18 21 18 22
18 21 16 21
18 30 17 30
18 30 19 30
18 30 17 30
19 13 19 23
19 13 20 13
19 13 20 13
19 13 20 13
19 23 21 23
19 28 19 29
19 29 19 30
19 29 12 29
19 29 19 30
20 13 20 11
20 13 20 16
20 16 21 16
20 24 20 25
20 25 20 26
20 25 21 25
20 25 20 26
20 26 21 26
20 30 19 30
21 12 26 12
21 15 24 15
21 23 21 19
21 23 21 25
21 23 21 19
21 23 21 25
21 25 21 26
21 26 22 26
21 31 19 31
23 19 22 19
24 15 25 15
24 18 21 18
24 28 24 29
24 28 28 28
24 29 24 30
24 29 22 29
24 29 29 29
25 6 25 4
25 6 25 7
25 6 26 6
25 14 25 15
25 15 25 14
26 6 27 6
26 13 26 12
26 13 27 13
27 6 27 3
27 10 27 13
27 10 26 10
27 13 28 13
27 13 28 13
29 19 29 26
29 19 28 19
29 26 29 28
30 11 30 13
30 13 30 15
30 13 29 13
30 17 30 29
31 0 31 1
31 0 32 0
32 0 32 2
32 0 33 0
32 26 32 27
32 27 33 27
33 1 33 6
33 27 33 24
0 28 0 24
0 28 0 32
1 10 1 9
1 16 1 15
1 22 1 24
1 22 0 22
1 22 1 24
1 22 0 22
1 24 0 24
1 24 2 24
2 21 0 21
2 21 0 21
2 29 3 29
3 26 3 27
3 29 3 30
5 3 5 4
5 3 2 3
5 4 5 5
5 6 5 9
5 6 3 6
6 29 9 29
6 32 7 32
8 12 8 13
8 25 8 24
9 24 9 26
9 27 9 26
9 27 10 27
10 25 10 26
11 32 12 32
15 3 15 2
15 15 15 16
16 5 16 4
16 5 16 6
17 10 18 10
17 14 17 18
17 14 14 14
19 30 20 30
20 10 20 11
20 11 20 10
20 11 26 11
21 12 26 12
21 18 21 19
21 19 22 19
21 26 22 26
22 19 22 26
24 7 23 7
24 7 23 7
27 6 27 3
28 19 28 14
28 19 28 28
28 28 29 28
29 13 29 15
29 13 28 13
29 26 29 28
33 1 33 6
33 6 33 7
33 7 33 9
33 9 33 23
33 9 33 23
0 21 0 19
0 21 0 19
1 9 1 7
1 9 5 9
1 15 1 14
3 4 3 5
5 6 3 6
8 12 8 13
15 3 15 2
16 2 16 4
16 5 16 6
16 6 16 7
16 18 16 19
16 18 14 18
16 18 14 18
22 7 22 6
23 6 23 4
23 6 22 6
27 3 27 1
27 3 25 3
27 3 31 3
27 3 27 1
32 2 32 3
32 6 32 4
1 15 1 14
20 2 20 1
20 2 20 6
20 2 20 1
20 2 20 6
20 6 22 6
22 6 22 4
25 3 23 3
32 2 32 3
32 3 32 4
20 1 21 1
22 4 22 3
22 4 22 3
23 3 22 3
22 3 22 1
22 3 21 3
22 3 21 3

3746

2 1                   3 3   2       3 2 = 4 3 - 5 = = = 4 - - - 3 1 
ǁ 2 2 5 - - 2 1 - 3 2 ǁ 6 = 6 3 2 1 | 2   ǁ 4 = 6 1 2   |     4 4 | 
ǁ 4   5     3 4 1 | | ǁ 2   ǁ       | 6 = 5 - - 7 6 6 2 | 3 = 7 = 5 
ǁ 5 2 ǁ 2 3 3 3 2 | | ǁ 3 2 ǁ       | 4 4 2 1 2 ǁ ǁ 4 4 | 3 2 |   ǁ 
ǁ 4   ǁ   4 ǁ     | | ǁ | 2 8 = = = 7 = = = 4 3 ǁ ǁ 2 7 6 2   2   ǁ 
ǁ 6 = 7 4 3 6 - - 5 7 8 6 2 ǁ 2 4   |       3 ǁ ǁ 6 4 ǁ | 4 = 7 2 ǁ 
ǁ ǁ   | 4 - 6 3 3 ǁ ǁ | | 3 7 = 4   |       1 ǁ ǁ 4 5 ǁ | 5 - 5 1 ǁ 
ǁ ǁ   | 6 5 6 6 6 ǁ 2 | | 2 |       |     2 = 8 8 4 ǁ ǁ | ǁ   ǁ 1 ǁ 
ǁ ǁ 2 | ǁ | | 6 4 ǁ   | 3 3 |       | 3   3   ǁ 3 2 ǁ ǁ | ǁ   ǁ   ǁ 
ǁ ǁ ǁ | 3 | 2 2 | ǁ   | 1 2 3       | 1     1 ǁ 4 = 7 5 | 2   ǁ   ǁ 
ǁ 4 4 | 1 | |   | ǁ   | | | 1       |       | ǁ | 2 4 1 |     ǁ   ǁ 
ǁ 1 | 4 = 5 |   | 6 = 8 | |         5     6 5 ǁ 5 = = = 6 - - 6 3 ǁ 
6   | |   ǁ | 4 2 ǁ 2 - 3 |               2 2 ǁ ǁ 1 3 2 ǁ 2   | 1 ǁ 
ǁ 4 | | 5 ǁ | ǁ   6 6 = 6 6 5         3 1 3 - 7 8 = 7 5 ǁ ǁ 1 |   ǁ 
ǁ ǁ 4 4 ǁ 4 5 4 2 ǁ |   2 | 5 = 6 2 3     6 2 ǁ ǁ 2 6 | ǁ ǁ | |   ǁ 
ǁ 6 5 3 ǁ | 2 5   ǁ 4   1 | ǁ 3 3   ǁ 2 4 2 1 ǁ 5 = 6 3 ǁ ǁ | |   ǁ 
ǁ ǁ 2 - 7 6 4 5 3 ǁ 4     | ǁ 4 = = 5 1 ǁ 2   ǁ | 2 3   ǁ ǁ | 4 3 ǁ 
ǁ 6 2 3 7 = = 6 2 ǁ 6 8 3 | 5 - - - 3 = 4 ǁ   ǁ 4 3 1 1 ǁ ǁ 4 | 4 ǁ 
ǁ 3 3 3 1 1 - 5 2 ǁ 2 4 2 | 4 = = = = = = 6 2 ǁ 2       ǁ ǁ 4 1   ǁ 
5 = = = = = = = = 6 - - - 7 = = = = = = = = = 8 = = = = 8 7 5 2 - 4 
| 3 4 = = = 3 2 4 | 2 4 - 6 - - 2             ǁ 1 4 3   ǁ 5 3 |   | 
| 2   2     |   ǁ |   | 2 |   2 1   3 4 = = = 6 = 4 4   ǁ 6 = 5   | 
| 1 - 6 3 - 5 1 ǁ |   | ǁ |   ǁ     ǁ 4 - - - - - - 3   ǁ 3 1 |   | 
|     2 2 = 7 5 6 |   | ǁ |   ǁ     ǁ 1                 ǁ |   |   | 
|     |     ǁ 2 2 |   | ǁ | 1 7 = = 7 = = = = = = = = = 8 7 4 |   | 
|     2 2 = 8 2   |   | ǁ | 2 4     1 2 = 4             ǁ |   |   | 
|     |     3     | 1 1 4 7 = = = = = = = 8 = = = = 2   ǁ |   |   | 
| 2 = 6 = = 3     | 4 - - 6 - - 1         2             ǁ | 2 |   | 
|     |           | 4 = = 5 1 - - - - 4 - - - - - - - - 5 | 1 |   | 
|     |           |       4 = 5 = = = 6 = = = = = = 4 = 3 5 2 |   | 
|     |           |   2 = 4 - 2   2 = = = = = = = = = = = 5 2 |   | 
5 3   3 = = = = = 6 = = = = = = = = = = = = = = = = = = = = = 6 6 4 
4 - 3 3 3 = 5 = = 8 = = = = = = = = = = = = = = 6 = 4 3 2 = = 6 3 3 
1 2 = = = = 4 2 - 6 = = = = = = = = = = = = = 2 3 - - 2 1 - - 5 4 3 
