34 34
4 2 0 2 0 0 0 0 0 0 0 0 3 1 0 5 0 0 0 0 2 1 5 0 4 0 2 4 6 0 3 2 0 4 
5 0 0 0 0 0 0 5 0 0 0 0 7 0 0 6 3 0 0 0 0 0 7 0 2 0 2 2 0 1 0 0 0 0 
0 2 4 0 6 4 2 0 0 0 2 0 6 3 1 2 0 0 0 0 0 0 4 2 0 0 3 0 6 3 0 4 0 5 
0 4 0 0 7 0 0 8 0 0 0 0 0 0 0 0 8 4 0 0 0 0 0 0 0 0 2 1 1 0 0 2 1 0 
0 0 2 0 0 2 3 0 0 0 0 0 0 0 0 0 0 3 0 0 5 0 0 0 0 0 0 4 1 0 0 0 0 0 
0 0 5 0 5 4 3 0 0 0 0 0 0 0 0 0 0 1 2 1 0 4 0 0 0 0 0 0 0 0 7 0 5 3 
0 2 0 2 5 2 0 0 0 0 0 0 0 0 0 0 0 2 0 1 0 5 0 0 0 2 0 0 1 0 0 4 4 2 
0 1 2 0 1 0 0 0 0 3 0 0 0 0 5 0 8 6 7 4 0 4 0 0 0 0 0 0 2 0 0 4 0 0 
0 0 0 0 0 0 0 0 0 2 1 0 0 0 3 0 4 2 2 1 0 0 0 0 0 0 0 0 0 0 0 2 0 0 
0 4 0 0 6 0 0 6 0 0 0 0 0 0 0 0 0 0 0 0 5 0 0 0 0 0 0 0 0 0 8 0 6 6 
0 1 2 2 0 2 3 0 3 0 0 0 0 0 2 1 2 0 5 2 0 2 0 5 0 4 0 0 0 0 6 0 2 0 
0 2 0 0 0 0 2 0 0 0 0 0 0 0 0 0 2 0 0 2 0 0 0 1 0 0 3 0 0 0 6 4 1 0 
0 4 6 6 5 2 0 4 6 0 0 0 0 0 0 0 6 0 5 4 0 0 0 0 0 0 2 1 0 0 0 2 0 0 
0 2 0 0 0 3 0 0 0 0 0 0 5 0 0 0 0 0 0 0 7 0 0 0 0 0 0 0 0 0 6 0 3 0 
0 0 0 4 0 0 1 5 0 0 4 2 0 2 4 0 0 4 2 2 0 3 4 4 0 4 2 3 0 4 2 4 2 0 
0 0 0 2 0 0 0 0 4 5 2 0 0 3 0 0 0 7 4 3 0 0 0 4 2 0 0 0 0 0 0 0 0 0 
0 0 0 2 6 0 0 0 0 0 0 0 0 0 4 4 2 0 0 0 0 1 5 0 0 5 0 1 0 0 0 0 0 0 
0 0 0 2 5 0 0 0 2 0 0 0 0 2 3 0 0 0 3 2 0 2 0 2 1 0 0 0 0 0 0 0 0 0 
0 0 0 1 2 0 0 0 0 0 0 0 0 2 0 0 0 0 0 2 0 4 6 8 3 0 6 0 0 8 6 0 0 0 
0 0 0 4 0 8 0 6 0 0 0 0 0 4 2 0 0 6 8 4 0 1 2 6 2 0 0 2 2 0 0 0 0 0 
0 0 0 0 1 6 2 4 0 7 2 0 0 0 2 2 0 0 2 0 0 2 2 0 1 0 5 8 4 0 2 0 0 0 
0 4 0 2 2 5 0 0 2 4 2 0 0 0 0 0 0 0 0 0 0 0 0 4 5 0 1 6 4 0 0 0 2 0 
0 0 0 0 2 0 0 0 0 0 0 0 6 6 6 5 1 0 0 0 0 4 6 0 4 0 0 2 2 0 0 0 0 0 
0 4 8 0 0 0 0 0 0 0 0 0 0 0 0 0 0 6 0 0 6 0 0 0 0 5 0 0 0 7 0 8 5 0 
0 2 7 0 0 0 0 0 0 0 0 0 0 4 2 0 0 0 3 0 6 5 0 6 2 0 2 6 2 0 2 2 1 0 
0 3 7 0 0 0 0 4 0 0 0 0 0 0 0 0 0 0 3 1 0 5 4 0 1 5 0 7 4 4 3 2 1 0 
0 1 4 2 0 0 0 3 2 0 0 0 0 0 0 0 0 3 2 0 3 0 2 0 1 4 2 0 0 5 0 8 3 0 
4 0 0 0 0 0 0 0 0 0 0 0 0 0 0 0 0 0 0 0 1 4 4 8 0 6 2 0 0 4 2 3 1 0 
0 0 0 0 0 0 3 0 6 0 0 0 0 0 0 0 0 0 0 0 2 0 0 0 0 0 2 4 5 0 0 1 4 4 
0 1 0 0 0 0 4 2 0 0 2 0 0 0 0 4 0 0 2 2 4 6 2 6 2 0 3 0 5 0 4 2 5 4 
5 0 0 0 0 0 0 0 8 0 0 0 0 0 0 6 0 0 0 0 2 3 1 0 0 0 6 2 3 6 2 0 0 0 
0 0 0 0 0 0 0 0 0 1 0 3 0 0 0 8 0 0 4 4 0 0 0 6 2 0 2 0 1 0 0 0 1 0 
2 0 0 2 0 0 0 0 8 0 0 0 0 2 0 4 3 0 0 3 0 0 0 0 0 8 0 0 0 5 1 0 1 2 
0 0 1 0 0 0 0 0 3 0 0 0 0 0 0 2 4 0 0 0 0 0 2 0 0 4 0 0 0 0 0 0 5 2 
400 648
0 0 0 1
0 0 1 0
0 0 0 1
0 0 1 0
0 15 0 13
0 15 0 20
0 15 1 15
0 22 0 21
0 22 0 24
0 22 1 22
0 28 0 27
0 28 0 30
0 28 2 28
0 28 0 27
0 28 0 30
0 28 2 28
0 33 0 31
0 33 2 33
0 33 0 31
0 33 2 33
1 7 1 0
1 7 1 12
1 7 3 7
1 29 2 29
2 4 2 2
2 4 2 5
2 4 3 4
2 4 2 2
2 4 2 5
2 4 3 4
2 5 2 6
2 5 4 5
2 6 4 6
2 28 2 26
2 28 2 29
2 28 3 28
2 28 2 26
3 7 3 16
3 7 1 7
3 7 9 7
3 7 3 16
3 7 9 7
3 16 3 17
3 16 1 16
3 16 7 16
5 2 5 4
5 2 4 2
5 2 7 2
5 30 5 21
5 30 5 32
5 30 0 30
5 30 9 30
6 31 6 32
6 31 7 31
6 31 6 32
6 31 7 31
7 14 7 9
7 14 7 16
7 14 8 14
7 16 7 14
7 16 7 17
7 16 3 16
7 16 8 16
7 18 7 17
7 18 7 19
7 18 5 18
7 18 8 18
7 31 8 31
9 1 9 4
9 1 7 1
9 1 10 1
9 1 9 4
9 4 9 7
9 4 7 4
9 4 12 4
9 4 9 7
9 30 9 20
9 30 9 32
9 30 5 30
9 30 10 30
9 33 9 32
9 33 6 33
9 33 28 33
9 33 9 32
9 33 6 33
9 33 28 33
10 23 10 21
10 23 10 25
10 23 11 23
11 1 12 1
13 12 13 5
13 12 13 20
13 12 22 12
14 7 14 6
14 7 14 10
14 7 19 7
15 8 15 9
15 8 17 8
15 8 15 9
15 8 17 8
15 17 15 13
15 17 15 18
15 17 14 17
15 17 19 17
16 4 16 3
16 4 12 4
16 4 17 4
16 4 16 3
16 4 12 4
16 4 17 4
16 14 16 15
16 14 17 14
16 14 16 15
16 14 17 14
16 15 16 16
16 15 20 15
16 16 22 16
18 23 18 22
18 23 18 24
18 23 17 23
18 23 19 23
18 23 18 22
18 23 18 24
18 23 17 23
18 23 19 23
18 29 18 26
18 29 18 30
18 29 14 29
18 29 23 29
18 29 18 26
18 29 18 30
18 29 14 29
18 29 23 29
18 30 14 30
18 30 20 30
18 30 14 30
18 30 20 30
19 5 19 3
19 5 19 7
19 5 13 5
19 5 20 5
19 5 19 3
19 5 19 7
19 5 13 5
19 5 20 5
19 17 19 18
19 17 15 17
19 17 23 17
19 17 19 18
19 17 23 17
19 18 19 19
19 18 17 18
19 18 20 18
19 23 19 22
19 23 19 24
19 23 21 23
19 23 19 22
20 5 20 4
20 5 20 6
20 5 21 5
20 5 20 6
20 9 20 7
20 9 20 10
20 9 15 9
20 9 21 9
20 27 20 26
20 27 20 28
20 27 19 27
20 27 21 27
20 27 20 26
20 27 20 28
20 27 19 27
20 27 21 27
20 28 19 28
20 28 21 28
21 5 21 4
21 5 21 8
21 5 21 4
21 5 21 8
21 23 21 24
21 23 24 23
21 23 21 24
21 27 21 26
21 27 21 28
21 27 22 27
21 27 21 28
21 28 22 28
22 4 22 12
22 4 22 12
22 12 22 13
22 12 13 12
22 12 22 13
22 13 22 14
22 13 19 13
22 13 24 13
22 13 22 14
22 14 22 15
22 14 20 14
22 14 24 14
22 14 22 15
22 22 22 21
22 22 20 22
22 22 25 22
22 22 22 21
22 22 20 22
22 22 25 22
23 2 23 1
23 2 12 2
23 2 24 2
23 2 23 1
23 2 12 2
23 2 24 2
23 17 23 20
23 17 26 17
23 17 23 20
23 17 26 17
23 20 13 20
23 20 24 20
23 20 13 20
23 20 24 20
23 25 23 29
23 25 16 25
23 25 25 25
23 31 23 29
23 31 23 32
23 31 14 31
23 31 24 31
23 31 23 29
23 31 23 32
23 31 14 31
23 31 24 31
23 32 21 32
23 32 24 32
23 32 21 32
24 14 24 13
24 20 24 18
24 20 24 21
24 20 26 20
24 20 24 18
24 21 22 21
24 21 25 21
24 21 22 21
24 21 25 21
24 27 24 26
24 27 24 28
24 27 25 27
24 27 24 26
24 27 24 28
24 27 25 27
24 30 25 30
24 30 25 30
25 2 25 1
25 2 25 7
25 2 24 2
25 2 26 2
25 7 25 2
25 7 26 7
25 7 26 7
25 27 25 25
25 27 25 28
25 27 28 27
26 29 26 31
26 29 25 29
26 29 27 29
26 31 26 29
26 31 26 32
26 31 25 31
26 31 27 31
27 23 27 22
27 23 27 25
27 23 24 23
27 23 29 23
27 23 27 22
27 23 27 25
27 23 24 23
27 23 29 23
27 25 27 26
27 25 26 25
27 25 32 25
27 25 27 26
28 33 28 32
28 33 29 33
29 23 29 22
29 23 29 24
29 23 31 23
29 23 29 22
29 24 31 24
29 33 29 32
29 33 32 33
29 33 29 32
30 0 30 8
30 0 27 0
30 0 32 0
30 8 30 0
30 8 30 15
30 8 28 8
30 8 32 8
30 26 30 27
30 26 29 26
30 26 31 26
30 26 30 27
30 26 29 26
30 26 31 26
31 9 31 11
31 11 31 15
31 15 31 11
31 15 31 18
31 15 30 15
31 15 32 15
31 24 31 23
32 8 32 3
32 8 32 13
32 8 30 8
32 8 33 8
32 29 32 25
32 29 32 30
32 29 30 29
33 2 33 8
33 32 33 25
33 32 33 33
33 32 32 32
0 3 0 12
0 15 0 20
0 15 1 15
0 22 0 24
0 22 1 22
0 24 0 26
0 24 1 24
0 27 0 26
0 27 1 27
1 15 1 12
1 15 1 16
1 15 2 15
1 15 1 12
1 22 1 16
1 22 1 24
1 22 2 22
1 22 2 22
1 26 1 27
1 26 2 26
2 2 2 1
2 2 4 2
2 10 2 12
2 12 2 10
2 12 2 13
2 12 1 12
2 12 2 13
2 12 1 12
2 13 2 14
2 22 2 23
2 22 1 22
2 31 2 33
2 31 3 31
2 31 2 33
2 31 3 31
2 33 5 33
3 1 2 1
3 1 6 1
3 1 6 1
3 4 5 4
3 16 3 17
3 32 5 32
4 20 4 17
4 20 4 27
4 20 9 20
4 28 4 27
5 2 5 4
5 2 7 2
5 21 5 30
5 21 6 21
5 21 6 21
5 30 5 32
5 33 5 32
5 33 5 32
6 3 6 4
6 32 9 32
6 32 9 32
7 16 7 17
7 16 8 16
7 17 7 18
7 17 6 17
7 17 8 17
7 21 7 28
7 21 6 21
7 21 7 28
7 21 6 21
7 31 8 31
9 30 9 20
9 30 9 32
9 30 10 30
10 30 10 25
10 30 10 32
10 30 11 30
10 30 10 25
10 32 11 32
11 1 12 1
11 30 11 26
11 30 11 31
11 30 13 30
11 30 11 26
11 30 11 31
11 31 12 31
12 1 12 2
12 1 13 1
12 8 12 7
12 8 12 16
12 8 10 8
12 8 12 7
12 8 12 16
12 8 10 8
12 16 12 18
12 16 11 16
12 16 12 18
12 16 11 16
13 1 21 1
13 12 13 20
14 3 12 3
14 3 15 3
14 3 12 3
14 3 15 3
14 11 14 10
14 14 14 13
14 14 14 17
14 14 14 13
14 14 14 17
14 17 14 18
14 29 14 27
14 31 14 32
14 31 12 31
14 32 13 32
15 17 15 13
15 17 15 18
15 23 15 24
15 23 14 23
15 23 15 24
15 23 14 23
17 24 18 24
18 22 18 21
18 22 16 22
18 26 14 26
18 26 20 26
18 26 14 26
18 26 20 26
19 3 18 3
19 3 21 3
19 13 19 14
19 13 18 13
19 13 19 14
19 18 19 19
19 18 17 18
19 18 20 18
19 19 18 19
19 24 20 24
20 7 20 9
20 7 19 7
20 7 19 7
20 14 20 15
20 21 19 21
21 1 23 1
21 9 21 10
21 9 20 9
21 9 21 10
21 24 22 24
22 15 29 15
22 24 21 24
22 24 24 24
22 24 21 24
22 27 22 28
23 2 23 1
23 2 24 2
24 13 24 2
24 18 25 18
24 23 24 24
25 22 25 21
25 22 26 22
26 17 26 18
26 26 26 25
26 31 26 32
26 31 25 31
26 31 27 31
27 0 1 0
27 0 30 0
27 0 1 0
27 22 27 21
27 22 26 22
28 8 28 6
28 8 26 8
28 8 30 8
28 8 28 6
28 8 26 8
29 7 29 6
29 10 29 15
29 21 29 20
29 21 27 21
29 21 30 21
29 21 29 20
29 21 27 21
29 21 30 21
30 8 30 15
30 15 30 20
30 15 29 15
30 15 31 15
31 15 31 18
31 15 32 15
31 18 31 19
31 23 31 19
31 28 30 28
31 32 29 32
32 0 32 3
32 25 32 19
32 25 32 29
32 25 33 25
32 25 32 19
32 25 33 25
32 25 33 25
32 29 30 29
32 33 33 33
33 22 33 16
0 3 0 12
0 12 1 12
1 7 1 12
3 4 5 4
3 16 3 17
3 17 3 26
3 26 3 27
4 27 4 20
6 3 6 4
6 17 5 17
6 21 6 25
6 25 6 28
10 23 10 21
10 23 10 25
11 6 10 6
11 26 12 26
12 3 12 2
12 3 12 4
12 3 10 3
12 3 12 2
12 4 12 5
12 7 12 5
12 7 9 7
13 30 13 20
14 11 14 10
14 23 14 22
14 23 14 25
14 25 16 25
14 27 14 29
14 27 16 27
15 13 17 13
17 3 17 4
17 3 17 4
17 4 18 4
17 14 17 13
18 21 18 22
18 21 17 21
18 21 18 22
19 7 14 7
19 19 18 19
22 15 29 15
24 13 24 2
25 18 25 19
25 18 26 18
25 21 27 21
25 30 25 29
25 32 26 32
26 7 26 3
26 20 27 20
26 26 26 25
28 6 29 6
28 20 29 20
29 6 29 1
29 6 29 7
29 18 29 19
30 22 30 21
30 29 30 28
30 29 30 30
30 29 27 29
30 29 30 28
30 30 29 30
31 18 31 19
31 19 31 23
32 19 32 16
33 22 33 16
4 17 4 20
9 7 9 20
9 20 13 20
10 2 10 3
10 2 12 2
10 5 10 6
10 8 10 14
10 14 10 15
10 16 10 18
11 6 10 6
12 19 12 18
12 19 11 19
12 19 12 18
12 19 11 19
12 26 12 27
13 20 13 30
14 7 14 10
14 22 14 21
14 22 16 22
14 22 14 21
14 25 16 25
16 22 16 21
16 22 16 25
16 22 16 25
26 3 26 2
26 25 26 24
27 29 27 30
27 29 26 29
28 20 29 20
28 28 28 27
28 28 25 28
28 28 29 28
29 18 29 19
29 28 29 26
29 28 28 28
29 28 28 28
29 30 29 31
29 30 27 30
29 30 29 31
29 32 28 32
29 32 28 32
33 16 33 15
33 16 32 16
8 16 8 14
8 16 8 17
10 16 10 18
10 19 10 18
12 18 10 18
25 24 25 25
25 25 25 27
25 25 23 25
25 28 25 27
25 28 25 29
25 29 23 29
26 2 26 1
26 2 25 2
28 26 28 27
28 27 28 26
28 32 28 31
32 16 32 15
10 18 10 19
23 25 23 29
27 31 27 32
32 15 32 13
33 15 33 8

4236

4 2   2 = = = = = = = = 3 1 - 5 = = = = 2 1 5 = 4 - 2 4 6 = 3 2 = 4 
5 - - - - - - 5 = = = = 7 = = 6 3 - - - - - 7 - 2   2 2 ǁ 1 |     ǁ 
ǁ 2 4 = 6 4 2 ǁ     2 = 6 3 1 2 |           4 2     3 = 6 3 | 4 = 5 
ǁ 4 |   7 | | 8 = = = = = = = = 8 4 - - - - - - - - 2 1 1   | 2 1 | 
ǁ ǁ 2   ǁ 2 3 ǁ                 ǁ 3 = = 5 = = = = = = 4 1   |   | | 
ǁ ǁ 5 = 5 4 3 ǁ                 ǁ 1 2 1 | 4 = = = = = = = = 7 = 5 3 
ǁ 2 ǁ 2 5 2   ǁ                 ǁ 2 | 1 | 5 - - - 2 - - 1   ǁ 4 4 2 
ǁ 1 2   1     ǁ   3 - - - - 5 = 8 6 7 4 | 4 = = = = = = 2   ǁ 4 ǁ ǁ 
ǁ |     |     ǁ   2 1       3 - 4 2 2 1 |                   ǁ 2 ǁ ǁ 
ǁ 4 = = 6 = = 6 - - - - - - - - - - - - 5 = = = = = = = = = 8 = 6 6 
ǁ 1 2 2 | 2 3 | 3 - - - - - 2 1 2 = 5 2 | 2 = 5 = 4 = = = = 6 - 2 ǁ 
ǁ 2 | | |   2 | ǁ               2   | 2 |     1     3 = = = 6 4 1 ǁ 
ǁ 4 6 6 5 2 - 4 6 = = = = = = = 6 = 5 4 |           2 1     | 2   ǁ 
ǁ 2 ǁ ǁ ǁ 3 - - - - - - 5 = = = = = = = 7 = = = = = = = = = 6 | 3 ǁ 
ǁ | ǁ 4 ǁ ǁ 1 5 = = 4 2 ǁ 2 4 = = 4 2 2 ǁ 3 4 4 - 4 2 3 = 4 2 4 2 ǁ 
ǁ | ǁ 2 ǁ ǁ   ǁ 4 5 2   ǁ 3 = = = 7 4 3 ǁ   | 4 2 ǁ ǁ |   ǁ ǁ ǁ   ǁ 
ǁ | ǁ 2 6 ǁ   ǁ ǁ |     ǁ | 4 4 2 ǁ     ǁ 1 5 = = 5 ǁ 1   ǁ ǁ ǁ   ǁ 
ǁ | ǁ 2 5 ǁ   ǁ 2 |     ǁ 2 3 | | ǁ 3 2 ǁ 2 | 2 1 | ǁ     ǁ ǁ ǁ   ǁ 
ǁ | ǁ 1 2 ǁ   ǁ   |     ǁ 2   | | ǁ ǁ 2 ǁ 4 6 8 3 | 6 = = 8 6 ǁ   ǁ 
ǁ | ǁ 4 = 8 = 6   |     ǁ 4 2 | | 6 8 4 ǁ 1 2 6 2 | ǁ 2 2 ǁ ǁ ǁ   ǁ 
ǁ | ǁ | 1 6 2 4 = 7 2   ǁ | 2 2 | ǁ 2   ǁ 2 2 | 1 | 5 8 4 ǁ 2 ǁ   ǁ 
ǁ 4 ǁ 2 2 5 = = 2 4 2   ǁ | |   | ǁ     ǁ   ǁ 4 5 | 1 6 4 ǁ   ǁ 2 ǁ 
ǁ | ǁ   2 = = = = = = = 6 6 6 5 1 ǁ     ǁ 4 6 | 4 |   2 2 ǁ   ǁ ǁ ǁ 
ǁ 4 8                     | | ǁ   6 = = 6 ǁ ǁ | | 5 = = = 7 = 8 5 ǁ 
ǁ 2 7 = = = = = = = = = = 4 2 ǁ   ǁ 3 = 6 5 ǁ 6 2 ǁ 2 6 2 | 2 2 1 ǁ 
ǁ 3 7 = = = = 4               ǁ   ǁ 3 1 | 5 4 ǁ 1 5 = 7 4 4 3 2 1 ǁ 
ǁ 1 4 2 - - - 3 2             ǁ   3 2   3 | 2 ǁ 1 4 2 | | 5 = 8 3 ǁ 
4               ǁ             ǁ         1 4 4 8 = 6 2 | | 4 2 3 1 ǁ 
ǁ           3 = 6             ǁ         2 ǁ   ǁ   | 2 4 5 | | 1 4 4 
ǁ 1 - - - - 4 2 ǁ   2 - - - - 4     2 2 4 6 2 6 2 | 3 - 5 | 4 2 5 4 
5 = = = = = = = 8 = = = = = = 6 - - - - 2 3 1 | | | 6 2 3 6 2   | | 
|               ǁ 1 - 3 = = = 8 = = 4 4 = = = 6 2 | 2   1 ǁ     1 | 
2 - - 2 - - - - 8 - - - - 2 - 4 3 - - 3 = = = = = 8 = = = 5 1   1 2 
    1 - - - - - 3 - - - - - - 2 4 = = = = = 2     4 - - - - - - 5 2 
