34 34
2 1 0 4 6 4 3 0 0 0 0 0 3 0 0 0 0 0 5 0 0 0 0 0 5 0 0 4 0 0 0 5 5 2 
0 4 3 0 4 4 7 3 3 5 0 0 0 0 0 0 3 1 0 1 3 0 5 3 0 4 2 0 3 0 0 5 4 4 
0 0 0 0 3 0 5 0 0 6 0 0 0 0 4 2 0 2 0 2 0 0 0 0 0 0 0 0 6 2 0 0 3 0 
6 8 5 0 4 0 0 0 0 0 6 0 0 0 0 0 7 6 0 4 0 0 0 0 0 4 0 5 4 0 0 8 8 4 
3 0 2 0 6 0 2 2 0 0 7 0 0 4 3 2 0 4 0 0 0 0 0 0 0 2 0 5 0 3 1 0 4 3 
3 0 0 0 4 0 0 4 2 2 3 1 0 5 5 2 0 0 0 0 0 0 3 4 0 4 0 0 0 0 0 7 4 0 
4 7 0 7 0 0 0 0 0 0 0 0 0 0 0 0 6 5 0 0 0 0 0 2 0 4 2 2 2 3 4 0 3 0 
0 0 2 0 3 0 0 0 0 2 0 0 2 2 4 2 0 0 0 3 3 0 0 0 4 3 0 5 0 0 0 0 3 4 
2 6 4 0 5 0 0 0 0 0 0 0 4 0 7 6 0 3 0 2 0 5 0 0 0 3 1 0 0 0 0 0 0 0 
0 0 1 0 0 2 3 0 0 0 5 4 0 3 6 5 0 3 0 3 0 5 0 0 5 0 0 7 7 5 0 0 0 0 
0 2 0 0 4 8 6 4 2 0 0 2 0 1 2 3 0 2 0 4 3 2 5 4 0 2 2 0 0 0 0 0 0 0 
0 1 0 0 4 4 1 1 0 0 4 0 6 0 0 0 5 3 0 4 4 0 2 2 0 0 0 0 0 0 0 0 0 4 
2 4 4 0 5 0 0 0 0 0 0 0 5 0 2 3 3 2 0 1 0 5 0 0 7 4 4 0 0 0 0 0 0 2 
1 0 1 0 3 0 3 0 0 0 0 0 4 4 5 5 4 2 0 2 0 4 3 2 3 2 0 0 0 0 0 0 0 2 
3 6 0 5 0 0 0 0 0 0 0 0 0 0 0 0 0 0 6 0 0 0 0 0 0 0 4 0 0 0 0 0 0 0 
0 0 2 0 2 1 0 0 0 4 0 0 0 0 0 0 0 3 0 2 0 0 5 2 0 0 0 0 0 2 0 0 0 4 
0 0 0 0 0 4 0 0 0 8 4 2 1 0 0 0 3 0 0 0 0 0 0 0 0 0 0 0 0 2 0 0 0 0 
0 0 0 0 0 3 1 2 0 5 0 0 0 0 3 2 0 0 0 4 4 0 6 0 0 0 5 0 0 0 4 0 0 0 
0 0 0 0 6 0 0 0 0 0 0 0 0 0 0 0 8 6 0 6 0 0 7 2 0 0 0 0 4 5 0 0 0 0 
0 0 0 0 4 0 0 0 0 0 3 3 4 0 2 0 0 3 0 0 2 0 4 2 0 0 0 0 2 5 0 0 4 0 
0 0 5 6 0 0 0 0 0 0 0 0 0 0 0 0 8 5 0 4 0 0 0 8 2 0 0 0 2 0 2 0 0 0 
0 0 0 0 2 0 5 0 0 0 0 0 0 0 1 2 8 4 0 0 0 0 0 4 3 0 5 0 6 6 1 0 0 0 
0 0 0 5 0 0 5 0 0 0 0 4 3 3 0 0 6 2 0 0 0 0 0 0 0 0 2 0 2 4 3 0 0 0 
0 0 0 4 0 3 0 0 0 0 0 0 0 0 0 0 0 0 4 0 0 0 0 0 0 0 0 6 0 0 0 6 7 6 
0 0 5 0 0 0 0 0 0 0 0 0 0 0 0 0 0 0 0 0 0 0 0 0 4 3 1 0 0 0 0 1 0 4 
0 0 0 4 0 0 0 3 3 5 0 0 0 4 0 2 1 0 5 0 0 4 4 2 0 3 0 7 0 0 0 5 6 6 
0 0 0 4 2 0 0 0 2 2 2 0 0 5 2 0 2 0 6 4 2 0 0 0 0 0 0 0 0 0 0 0 0 0 
0 0 0 2 4 0 0 4 0 0 0 0 0 0 0 4 0 0 0 0 0 5 7 1 0 3 2 0 0 0 0 0 0 0 
0 0 5 0 0 0 0 0 4 0 0 2 0 5 2 0 4 6 0 0 4 1 4 4 0 1 0 0 0 0 0 0 0 0 
1 0 1 1 0 3 0 0 6 0 0 0 0 6 3 0 2 2 0 0 0 0 4 4 0 0 1 0 0 0 0 0 0 0 
4 7 0 0 0 0 0 0 0 0 0 0 0 0 0 4 0 0 0 0 5 5 0 2 0 0 0 0 0 0 0 0 0 2 
0 0 1 0 0 3 0 0 0 0 0 6 0 0 0 0 0 0 0 0 4 5 5 4 3 5 3 0 0 0 0 0 0 0 
4 5 0 0 0 0 0 0 0 0 0 8 2 1 0 3 0 0 0 0 0 0 0 0 0 0 0 6 4 0 0 4 3 2 
4 6 0 2 2 0 0 0 0 0 0 6 0 0 0 0 0 0 0 0 0 0 0 0 0 0 0 4 0 0 0 0 4 2 
400 679
0 4 0 3
0 4 0 5
0 4 1 4
0 4 0 3
0 4 0 5
0 4 1 4
0 5 0 6
0 5 1 5
0 18 0 12
0 18 0 24
0 18 14 18
0 31 0 27
0 31 0 32
0 31 1 31
1 6 1 5
1 6 1 7
1 6 0 6
1 6 2 6
1 9 1 8
1 9 1 16
1 9 2 9
1 22 1 20
1 22 1 23
1 22 5 22
2 28 2 29
2 28 1 28
2 28 3 28
2 28 2 29
2 28 1 28
2 28 3 28
3 0 3 1
3 0 0 0
3 0 4 0
3 0 3 1
3 0 0 0
3 0 4 0
3 1 3 2
3 1 1 1
3 1 6 1
3 10 3 4
3 10 3 16
3 10 4 10
3 10 3 4
3 10 3 16
3 10 4 10
3 16 3 17
3 16 1 16
3 16 6 16
3 17 3 16
3 17 2 17
3 17 4 17
3 17 3 16
3 17 2 17
3 19 2 19
3 19 7 19
3 19 2 19
3 19 7 19
3 31 3 28
3 31 3 32
3 31 1 31
3 31 5 31
3 31 3 28
3 31 3 32
3 31 1 31
3 31 5 31
3 32 3 33
3 32 2 32
3 32 4 32
4 0 5 0
4 10 4 7
4 10 4 13
4 10 5 10
4 17 6 17
5 0 6 0
5 31 5 25
5 31 5 32
5 31 23 31
6 3 6 1
6 3 6 16
6 3 0 3
6 3 14 3
6 16 6 3
6 16 6 17
6 16 11 16
6 16 6 17
6 30 6 29
6 30 17 30
6 30 6 29
6 30 17 30
7 2 8 2
7 27 7 25
7 27 6 27
7 27 9 27
8 4 8 12
8 4 7 4
8 4 10 4
8 14 8 12
8 14 8 15
8 14 7 14
8 14 9 14
8 15 8 14
8 15 7 15
8 15 9 15
8 15 8 14
8 15 7 15
8 21 8 19
8 21 8 25
8 21 9 21
9 10 9 6
9 10 9 11
9 10 11 10
9 15 9 14
9 15 10 15
9 15 9 14
9 15 10 15
9 24 9 21
9 24 9 27
9 24 12 24
9 28 9 27
9 28 9 29
9 28 6 28
9 28 18 28
10 5 10 4
10 5 10 6
10 5 9 5
10 5 11 5
10 5 10 4
10 5 10 6
10 5 9 5
10 5 11 5
10 6 10 7
10 6 9 6
10 6 11 6
10 6 10 7
10 7 10 8
10 7 11 7
10 8 25 8
10 22 10 21
10 22 10 23
10 22 11 22
10 23 10 22
10 23 11 23
10 23 10 22
11 5 11 4
11 5 15 5
11 33 7 33
11 33 12 33
11 33 7 33
11 33 12 33
12 12 12 14
12 12 11 12
12 12 13 12
13 6 17 6
13 33 15 33
14 18 14 26
14 18 0 18
14 18 23 18
14 18 14 26
14 18 23 18
14 26 12 26
14 26 17 26
15 9 15 17
15 9 16 9
15 9 15 17
15 9 16 9
15 22 15 19
15 22 15 23
15 22 17 22
15 33 13 33
15 33 23 33
15 33 23 33
16 5 17 5
16 5 17 5
16 9 16 10
16 9 17 9
16 9 16 10
16 9 17 9
16 9 16 10
16 9 17 9
16 10 16 11
17 7 25 7
17 26 17 22
17 26 21 26
17 26 17 22
17 26 21 26
17 30 20 30
18 4 15 4
18 4 19 4
18 4 15 4
18 4 19 4
18 4 19 4
18 4 19 4
18 16 18 17
18 16 16 16
18 16 20 16
18 16 18 17
18 16 16 16
18 16 20 16
18 16 18 17
18 17 18 16
18 17 15 17
18 17 19 17
18 19 18 22
18 19 17 19
18 19 20 19
18 19 18 22
18 19 17 19
18 19 20 19
18 22 18 23
18 22 17 22
18 22 19 22
18 29 18 28
18 29 16 29
18 29 19 29
19 17 20 17
19 32 7 32
19 32 23 32
19 32 7 32
19 32 23 32
20 2 20 3
20 2 15 2
20 2 24 2
20 3 20 2
20 3 14 3
20 3 22 3
20 3 20 2
20 3 14 3
20 16 20 17
20 16 21 16
20 16 20 17
20 16 21 16
20 16 20 17
20 16 21 16
20 19 20 23
20 19 26 19
21 6 21 4
21 6 22 6
21 16 21 15
21 16 21 17
21 16 22 16
22 3 22 6
22 3 23 3
22 30 22 29
22 30 21 30
22 30 22 29
23 18 25 18
23 27 23 31
23 27 9 27
23 27 25 27
23 27 23 31
23 27 9 27
23 27 25 27
23 31 23 32
23 31 5 31
23 31 24 31
23 32 23 33
23 32 25 32
23 33 23 32
23 33 24 33
24 2 28 2
24 2 28 2
24 33 23 33
24 33 25 33
24 33 25 33
25 21 25 22
25 21 27 21
25 21 25 22
25 21 27 21
25 22 25 23
25 22 27 22
25 27 25 25
25 27 25 31
25 27 32 27
25 33 25 32
25 33 30 33
26 18 26 16
26 18 26 19
26 18 25 18
26 18 26 16
26 18 26 19
26 18 25 18
26 19 26 20
26 20 28 20
27 22 27 21
27 22 27 23
27 22 28 22
27 22 27 21
27 22 28 22
28 2 28 8
28 2 29 2
28 2 28 8
28 17 28 16
28 17 28 20
28 17 29 17
28 17 28 16
28 17 28 20
28 17 29 17
28 20 28 21
29 8 29 5
29 8 29 13
29 8 28 8
29 8 29 5
29 8 29 13
29 8 28 8
29 13 29 14
29 13 28 13
29 13 32 13
29 13 29 14
30 20 30 15
30 20 30 21
30 20 31 20
31 2 31 5
31 20 31 21
31 20 30 20
31 20 31 21
31 22 31 21
31 22 31 23
31 22 29 22
31 25 31 24
31 25 31 26
31 25 28 25
31 26 31 25
31 26 29 26
32 11 32 1
32 11 32 12
32 11 31 11
32 11 33 11
32 11 32 1
32 11 32 12
32 11 31 11
32 11 33 11
32 28 32 27
32 28 32 31
32 28 32 27
32 28 32 31
32 31 32 32
32 31 25 31
33 0 33 1
33 0 32 0
33 0 33 1
33 0 32 0
33 1 33 3
33 1 32 1
33 11 33 4
33 11 33 27
0 3 0 1
0 12 0 6
0 12 0 18
0 24 0 27
0 24 7 24
1 1 1 2
1 1 3 1
1 1 1 2
1 2 3 2
1 4 1 5
1 4 2 4
1 5 1 6
1 6 1 7
1 6 2 6
1 7 1 8
1 8 1 9
1 17 1 16
1 19 1 20
1 25 1 26
1 25 3 25
1 25 1 26
1 25 3 25
1 28 1 31
2 9 2 6
2 9 2 14
2 9 1 9
2 9 2 6
2 9 2 14
2 14 2 15
2 15 2 14
3 1 3 2
3 1 6 1
3 2 4 2
3 4 2 4
3 4 4 4
3 25 3 27
3 25 4 25
3 27 0 27
3 27 4 27
3 32 3 33
3 32 2 32
3 32 4 32
3 33 1 33
3 33 4 33
4 2 3 2
4 17 6 17
4 30 4 29
4 32 4 33
4 32 5 32
4 33 7 33
5 0 6 0
5 4 5 7
5 4 4 4
5 4 5 7
5 4 4 4
5 7 5 8
5 7 4 7
5 8 5 9
5 9 5 10
5 13 5 11
5 13 5 14
5 13 4 13
5 32 5 31
5 32 6 32
6 0 6 1
6 0 8 0
6 1 6 3
6 1 8 1
6 1 8 1
6 3 14 3
6 17 8 17
6 23 5 23
6 32 7 32
7 2 8 2
7 14 7 13
7 14 8 14
7 14 7 13
8 1 8 0
8 1 8 2
8 1 10 1
8 1 8 2
8 17 9 17
8 26 8 25
9 2 12 2
9 6 9 10
10 1 11 1
10 4 8 4
11 4 12 4
11 4 12 4
11 10 11 12
11 10 9 10
11 10 11 12
11 12 11 16
11 12 8 12
11 12 12 12
12 2 12 1
12 2 13 2
12 2 12 1
12 26 12 25
12 26 10 26
12 26 12 25
13 4 12 4
13 12 13 13
13 12 12 12
13 12 13 13
13 13 13 14
13 15 13 14
13 15 13 16
13 15 12 15
14 3 14 1
15 23 15 22
16 5 17 5
16 16 16 12
17 7 25 7
17 19 17 20
17 19 15 19
17 20 17 22
17 22 17 20
17 30 20 30
18 22 18 23
18 22 19 22
19 17 20 17
19 20 19 22
19 22 19 20
19 23 20 23
20 23 20 24
20 23 19 23
20 23 21 23
20 23 20 24
20 23 21 23
20 23 21 23
21 4 21 6
21 6 22 6
21 6 22 6
21 17 21 16
21 17 22 17
21 17 21 16
21 23 21 24
21 28 21 29
21 28 20 28
21 28 22 28
21 28 21 29
21 28 20 28
21 28 22 28
21 29 19 29
21 29 22 29
22 3 22 6
22 3 23 3
22 16 22 13
22 16 22 17
22 16 25 16
22 16 22 13
22 29 21 29
23 3 23 5
23 3 25 3
23 18 25 18
23 32 25 32
25 3 25 7
25 3 26 3
25 3 26 3
25 23 25 25
25 31 25 27
25 31 25 32
25 31 25 32
25 33 25 32
25 33 30 33
26 3 26 4
26 3 27 3
27 3 27 4
27 4 27 7
27 4 26 4
27 4 27 7
27 7 27 15
27 7 27 15
27 15 25 15
27 15 30 15
27 21 27 22
27 26 27 25
28 11 28 13
28 16 29 16
28 22 28 23
28 22 29 22
28 23 29 23
29 3 29 5
29 14 28 14
29 16 28 16
29 22 29 23
29 22 31 22
29 23 28 23
29 23 30 23
30 15 30 20
30 15 32 15
30 21 31 21
30 21 31 21
30 23 31 23
31 5 31 11
31 5 31 11
31 22 31 23
31 23 31 24
31 24 31 25
32 0 32 1
32 0 30 0
32 15 32 27
32 15 32 27
33 1 33 3
33 1 32 1
33 4 33 11
33 11 33 27
33 27 33 32
33 27 32 27
33 32 33 33
33 32 32 32
33 32 33 33
0 24 0 27
0 24 7 24
0 31 0 32
0 31 1 31
1 33 1 32
1 33 0 33
1 33 1 32
2 4 2 6
2 32 1 32
3 27 4 27
4 4 4 6
4 6 4 4
4 10 4 13
4 10 5 10
4 13 4 14
4 29 4 27
5 13 5 14
5 25 4 25
5 25 6 25
5 25 6 25
6 23 5 23
6 25 6 26
6 25 7 25
6 26 6 27
7 24 7 20
7 24 7 25
7 27 9 27
8 12 8 4
8 17 9 17
8 25 8 21
9 11 10 11
9 17 10 17
10 11 9 11
10 15 10 14
10 17 11 17
10 26 10 25
11 4 12 4
12 1 12 0
12 1 14 1
12 4 13 4
13 13 13 14
14 1 14 0
14 1 30 1
16 11 19 11
17 9 25 9
21 29 19 29
22 11 22 12
22 11 19 11
22 11 22 12
22 11 19 11
24 24 24 25
24 24 21 24
24 24 24 25
24 24 21 24
25 15 25 13
25 27 25 25
26 13 26 10
26 13 26 14
26 13 25 13
26 14 26 13
27 25 27 26
28 11 28 13
28 13 28 14
30 0 30 1
30 0 29 0
30 0 30 1
30 1 14 1
32 32 32 33
0 33 0 32
1 32 0 32
3 27 4 27
4 27 4 29
5 13 5 14
5 23 5 22
5 23 1 23
7 4 7 9
7 12 7 9
7 20 7 19
7 20 1 20
10 25 12 25
12 0 13 0
12 25 12 24
13 25 13 24
14 0 14 1
17 9 25 9
19 10 26 10
19 12 19 14
19 12 22 12
19 12 19 14
21 14 21 15
21 26 22 26
22 13 25 13
24 25 24 26
25 13 26 13
1 22 1 23
1 22 5 22
12 24 12 21
12 24 9 24
12 24 13 24
13 25 13 24
17 14 17 15
17 15 17 14
21 26 22 26
11 23 11 22
12 24 12 21
13 23 13 22
11 20 11 19
11 20 10 20
11 20 11 19
11 20 10 20
13 23 13 22
11 19 10 19
11 19 12 19
13 19 13 21
13 22 13 21
10 19 10 20
10 19 9 19
10 19 9 19
13 19 13 21
13 21 12 21
12 21 10 21

4490

2 1 - 4 6 4 3 - - - - - 3 = = = = = 5 - - - - - 5 = = 4 - - - 5 5 2 
ǁ 4 3 | 4 4 7 3 3 5 - - - - - - 3 1 ǁ 1 3 - 5 3 ǁ 4 2 | 3 - - 5 4 4 
ǁ ǁ | | 3 - 5 = = 6 = = = = 4 2 | 2 ǁ 2 |   ǁ | ǁ ǁ   | 6 2   ǁ 3 | 
6 8 5 | 4 = = = = = 6 = = = = = 7 6 ǁ 4 |   ǁ | ǁ 4 - 5 4 = = 8 8 4 
3 ǁ 2 | 6 = 2 2 - - 7 = = 4 3 2 | 4 ǁ ǁ |   ǁ | ǁ 2   5 = 3 1 ǁ 4 3 
3 ǁ   | 4 = = 4 2 2 3 1 - 5 5 2 | ǁ ǁ ǁ |   3 4 ǁ 4 - - - - - 7 4 | 
4 7 = 7 = = = = = = = = = = = = 6 5 ǁ ǁ |     2 ǁ 4 2 2 2 3 4 ǁ 3 | 
| ǁ 2 ǁ 3 - - - - 2 - - 2 2 4 2 | | ǁ 3 3 - - - 4 3 - 5 |   ǁ ǁ 3 4 
2 6 4 ǁ 5 = = = = = = = 4 - 7 6 | 3 ǁ 2 - 5 = = = 3 1 ǁ |   ǁ ǁ ǁ ǁ 
  | 1 ǁ ǁ 2 3 = = = 5 4 | 3 6 5 | 3 ǁ 3   5 - - 5 - - 7 7 5 ǁ ǁ ǁ ǁ 
  2 | ǁ 4 8 6 4 2   ǁ 2 | 1 2 3 | 2 ǁ 4 3 2 5 4 ǁ 2 2 ǁ |   ǁ ǁ ǁ ǁ 
  1 | ǁ 4 4 1 1 |   4 = 6 - - - 5 3 ǁ 4 4 | 2 2 ǁ | | ǁ |   ǁ ǁ ǁ 4 
2 4 4 ǁ 5 |     |       5 - 2 3 3 2 ǁ 1   5 = = 7 4 4 ǁ |   ǁ ǁ ǁ 2 
1 | 1 ǁ 3 | 3   |       4 4 5 5 4 2 ǁ 2 = 4 3 2 3 2 | ǁ |   ǁ ǁ ǁ 2 
3 6 - 5   | |   |                   6 = = = = = = = 4 ǁ |   ǁ ǁ ǁ ǁ 
  ǁ 2 ǁ 2 1 |   | 4 = = = = = = = 3 ǁ 2 - - 5 2     | ǁ | 2 ǁ ǁ ǁ 4 
  ǁ | ǁ ǁ 4 |   | 8 4 2 1 - - - 3 | ǁ |     |       | ǁ | 2 ǁ ǁ ǁ ǁ 
  ǁ | ǁ ǁ 3 1 2 | 5   |     3 2 ǁ | ǁ 4 4 = 6 = = = 5 ǁ | | 4 ǁ ǁ ǁ 
  ǁ | ǁ 6     ǁ | ǁ   |         8 6 ǁ 6 = = 7 2     ǁ ǁ 4 5 ǁ ǁ ǁ ǁ 
  ǁ | ǁ 4     ǁ | ǁ 3 3 4 = 2   ǁ 3 ǁ ǁ 2 = 4 2     ǁ ǁ 2 5 ǁ ǁ 4 ǁ 
  ǁ 5 6       ǁ | ǁ | ǁ |       8 5 ǁ 4 - - - 8 2   ǁ ǁ 2 ǁ 2 ǁ ǁ ǁ 
  ǁ | | 2 = 5 ǁ | ǁ | ǁ |   1 2 8 4 ǁ |       4 3   5 ǁ 6 6 1 ǁ ǁ ǁ 
  ǁ | 5 = = 5 ǁ | ǁ | 4 3 3 = = 6 2 ǁ |         ǁ   2 ǁ 2 4 3 ǁ ǁ ǁ 
  ǁ | 4 - 3   ǁ | ǁ |     |     |   4 |         ǁ     6 = = = 6 7 6 
  ǁ 5 |       ǁ | ǁ |     |     |   ǁ |         4 3 1 ǁ       1 ǁ 4 
  ǁ ǁ 4 - - - 3 3 5 |     4 - 2 1   5 |   4 4 2 - 3 = 7 = = = 5 6 6 
  ǁ ǁ 4 2       2 2 2 - - 5 2 | 2 = 6 4 2 ǁ |         |       |   ǁ 
  ǁ ǁ 2 4 = = 4 = = = = = = = 4         | 5 7 1   3 2 |       |   ǁ 
  ǁ 5 = = = = = 4     2 = 5 2 | 4 6 = = 4 1 4 4   1   |       |   ǁ 
1 ǁ 1 1 - 3 = = 6 = = = = 6 3 | 2 2         4 4   | 1 |       |   ǁ 
4 7                       |   4 = = = = 5 5 ǁ 2   | | |       |   2 
|   1 - - 3 = = = = = 6   |   |         4 5 5 4 3 5 3 |       |     
4 5 = = = = = = = = = 8 2 1   3 = = = = = = = = = = = 6 4 = = 4 3 2 
4 6 = 2 2 = = = = = = 6 = = = = = = = = = = = = = = = 4 - - - - 4 2 
