34 34
3 6 0 6 0 0 0 0 0 0 0 0 0 0 0 0 3 0 0 3 0 2 2 0 4 0 4 2 0 5 4 2 1 1 
2 7 2 0 1 0 0 0 0 0 0 0 0 0 0 0 0 0 0 0 0 0 0 0 0 0 7 0 0 4 2 1 0 3 
3 6 0 7 0 0 0 0 0 0 0 0 0 0 0 0 0 0 0 0 0 0 0 6 4 2 0 2 0 5 0 0 4 0 
6 6 1 0 2 1 1 2 0 0 2 0 5 4 3 4 0 1 4 2 2 4 2 0 2 3 0 4 3 0 3 4 0 0 
0 3 4 0 6 7 0 0 0 0 0 0 6 0 0 5 1 0 6 0 7 7 3 0 0 4 0 0 1 0 0 0 0 0 
4 4 4 0 5 7 0 6 0 4 4 1 0 4 0 5 2 0 6 2 0 4 3 0 0 0 0 5 0 6 6 6 0 0 
2 0 0 0 2 4 2 3 0 0 4 2 0 3 1 2 0 1 2 0 0 4 3 0 0 0 0 0 2 0 0 4 0 0 
2 8 0 7 0 0 0 0 0 0 0 0 6 0 0 0 0 0 0 4 4 0 0 6 0 0 0 2 6 3 5 6 0 0 
1 6 3 0 3 0 0 0 0 5 0 0 7 0 0 0 0 0 0 0 0 0 0 6 7 4 0 3 8 3 5 3 0 0 
3 3 2 0 3 4 2 2 0 6 4 2 4 0 0 4 0 0 0 2 2 0 4 0 6 2 0 1 3 4 6 2 0 0 
6 0 0 8 0 0 0 0 0 0 0 0 0 0 0 0 0 0 0 0 0 0 0 0 0 0 8 0 0 0 0 0 6 6 
2 4 4 0 3 0 0 4 0 0 0 0 0 0 0 3 0 0 0 2 2 4 2 2 1 0 0 2 3 4 0 5 6 6 
4 7 6 0 0 2 2 0 1 4 0 0 2 0 0 0 2 0 0 4 0 5 6 4 3 0 7 3 0 0 1 0 3 0 
2 0 4 0 4 5 3 2 3 7 0 0 0 0 0 7 0 0 0 0 0 0 0 0 0 0 8 2 0 4 4 0 3 0 
2 0 2 0 2 0 4 0 3 4 3 0 0 3 0 6 2 2 0 0 4 0 0 0 0 0 6 2 0 3 4 0 0 0 
5 6 0 5 0 0 0 0 0 0 0 0 0 0 0 0 0 0 0 0 0 0 0 0 0 0 0 0 6 0 0 8 4 0 
3 0 2 0 3 3 0 0 0 0 0 4 0 0 0 0 0 0 0 0 0 0 0 0 2 2 2 2 0 1 1 0 1 0 
4 0 4 0 4 0 3 0 0 0 0 6 0 0 0 0 0 0 0 3 2 0 0 0 0 0 3 3 0 0 0 0 0 0 
4 0 0 0 0 0 5 0 4 4 0 6 0 0 0 0 0 1 0 0 0 0 0 0 0 0 0 0 0 5 5 0 3 0 
5 7 6 0 4 0 0 0 0 0 0 0 0 0 0 0 0 0 0 0 0 0 0 0 0 0 3 3 0 0 0 0 0 0 
0 0 3 0 0 0 0 0 0 0 0 0 0 0 0 0 0 0 0 0 0 0 0 0 0 0 0 0 0 0 0 0 0 0 
0 0 0 0 4 0 2 0 0 0 0 0 0 0 0 0 0 0 0 0 0 0 0 0 0 0 0 0 0 0 0 0 0 0 
0 6 3 0 2 0 2 0 0 0 0 6 0 0 0 0 0 0 0 0 0 0 0 0 0 0 0 0 0 0 0 0 5 5 
0 0 1 0 0 0 0 0 0 0 0 3 0 2 0 0 2 0 0 3 0 0 0 0 0 0 0 0 0 0 4 0 0 0 
0 0 3 0 3 5 0 0 0 0 0 0 0 0 3 0 0 2 2 4 0 0 0 0 0 0 0 0 0 0 2 0 0 0 
0 0 0 0 2 4 0 0 0 0 0 0 0 0 0 0 0 0 0 6 5 0 2 1 0 0 0 0 0 0 0 0 0 0 
0 0 6 6 0 0 0 0 0 0 0 0 0 0 0 0 0 0 0 0 0 0 0 0 6 5 4 0 0 6 0 7 5 0 
0 0 2 1 1 5 0 0 0 0 3 3 4 0 0 0 0 0 0 0 0 6 6 4 5 3 0 0 0 5 1 0 2 2 
0 6 0 0 0 6 0 0 0 0 0 0 3 0 0 0 0 3 0 2 0 0 2 2 1 0 3 5 0 6 0 6 3 3 
0 4 0 0 0 0 0 0 0 0 0 0 0 0 0 0 0 0 0 0 0 6 0 0 0 4 3 4 0 3 1 2 0 4 
6 0 0 0 0 4 0 0 3 0 0 3 2 1 0 0 0 0 0 0 0 4 1 2 0 0 0 0 6 0 0 0 6 6 
4 4 3 4 2 0 2 0 4 0 0 0 0 0 0 0 0 0 0 0 0 5 0 0 0 0 0 0 5 0 0 6 7 4 
4 5 0 0 0 7 0 0 0 0 0 5 2 1 1 0 0 0 3 3 3 4 4 4 0 0 0 0 0 0 0 4 4 4 
4 3 3 0 0 6 0 0 0 2 1 3 0 4 0 0 0 0 5 4 3 2 0 0 0 0 2 0 0 0 3 0 2 2 
400 689
0 1 0 0
0 1 0 3
0 1 1 1
0 1 0 0
0 1 0 3
0 1 1 1
0 3 0 16
0 3 2 3
0 29 0 27
0 29 0 30
0 29 1 29
1 1 1 0
1 1 1 2
1 1 2 1
1 26 1 4
1 26 1 29
1 26 0 26
1 26 10 26
2 23 2 3
2 23 2 24
2 23 7 23
2 23 2 3
2 23 2 24
2 23 7 23
2 24 2 25
2 24 3 24
2 25 3 25
3 0 3 1
3 0 2 0
3 0 5 0
3 0 3 1
3 0 2 0
3 0 5 0
3 1 3 2
3 1 2 1
3 1 4 1
3 1 2 1
3 12 3 10
3 12 3 13
3 12 4 12
4 5 4 4
4 5 4 12
4 5 3 5
4 5 5 5
4 20 4 18
4 20 4 21
4 20 3 20
4 20 7 20
4 25 3 25
4 25 8 25
4 25 3 25
4 25 8 25
5 0 5 1
5 0 6 0
5 7 5 5
5 7 5 9
5 7 6 7
5 7 5 5
5 7 5 9
5 7 6 7
5 9 5 10
5 9 8 9
5 10 5 11
5 10 6 10
5 10 6 10
5 27 5 29
5 27 3 27
5 27 7 27
5 31 5 30
5 31 3 31
5 31 6 31
5 31 5 30
5 31 3 31
5 31 6 31
6 10 6 11
6 10 9 10
6 31 6 28
6 31 7 31
7 1 7 0
7 1 7 3
7 1 5 1
7 1 8 1
7 1 7 0
7 1 7 3
7 1 5 1
7 1 8 1
7 12 7 19
7 12 4 12
7 12 8 12
7 12 7 19
7 12 4 12
7 12 8 12
7 23 7 20
7 23 8 23
7 23 7 20
7 23 8 23
7 30 7 29
7 30 7 31
7 30 8 30
7 31 7 30
7 31 8 31
7 31 7 30
7 31 8 31
8 1 8 0
8 1 8 2
8 1 9 1
8 1 8 2
8 9 8 4
8 9 9 9
8 9 8 4
8 9 9 9
8 23 8 12
8 23 8 24
8 23 11 23
8 23 8 12
8 24 8 25
8 24 3 24
8 24 9 24
8 25 8 24
8 28 8 27
8 28 8 29
8 28 7 28
8 28 9 28
8 28 8 27
8 28 8 29
8 28 7 28
8 28 9 28
9 9 9 7
9 9 9 10
9 9 12 9
9 9 9 7
9 10 9 11
9 10 14 10
9 22 9 20
9 22 11 22
9 22 9 20
9 22 11 22
9 24 9 25
9 24 8 24
9 24 11 24
9 24 9 25
9 24 8 24
10 0 10 3
10 0 9 0
10 0 11 0
10 0 10 3
10 0 9 0
10 0 11 0
10 3 7 3
10 3 15 3
10 3 7 3
10 3 15 3
10 26 10 32
10 26 1 26
10 26 12 26
10 26 10 32
10 26 12 26
10 32 10 33
10 32 2 32
10 32 11 32
10 32 10 33
10 33 1 33
10 33 11 33
11 1 11 2
11 1 12 1
11 1 11 2
11 1 12 1
11 2 12 2
11 7 11 4
11 7 13 7
11 7 11 4
11 7 13 7
11 21 11 20
11 21 12 21
11 21 11 20
11 21 12 21
11 23 12 23
11 31 11 29
11 31 11 32
11 31 15 31
11 32 11 31
11 32 11 33
11 32 12 32
11 32 11 31
11 33 10 33
11 33 22 33
11 33 10 33
11 33 22 33
12 0 12 1
12 0 13 0
12 0 12 1
12 0 13 0
12 2 12 1
12 2 11 2
12 2 13 2
12 2 12 1
12 2 13 2
12 9 12 8
12 9 13 9
12 9 13 9
12 22 12 21
12 22 12 23
12 22 25 22
12 22 12 21
12 22 12 23
12 22 25 22
12 23 12 24
12 26 12 24
12 26 12 27
12 26 13 26
12 32 13 32
13 2 14 2
13 26 13 27
13 26 12 26
13 26 14 26
14 15 14 13
14 15 14 16
14 15 13 15
14 15 14 13
14 15 14 16
14 15 13 15
14 20 14 17
14 20 17 20
14 20 14 17
14 20 17 20
14 26 14 27
14 26 13 26
14 26 16 26
14 26 14 27
14 26 13 26
15 0 15 1
15 0 14 0
15 0 16 0
15 28 15 31
15 28 11 28
15 28 30 28
15 28 15 31
15 28 11 28
15 28 30 28
18 29 18 30
18 29 16 29
18 29 26 29
19 0 19 1
19 0 18 0
19 0 30 0
22 1 22 2
22 1 19 1
22 1 28 1
22 1 22 2
22 1 19 1
22 1 28 1
22 11 22 6
22 11 18 11
22 11 23 11
22 11 22 6
22 11 18 11
22 11 23 11
22 32 22 33
22 32 18 32
22 32 26 32
23 30 18 30
23 30 24 30
23 30 18 30
23 30 24 30
25 23 27 23
26 2 26 3
26 2 24 2
26 2 27 2
26 2 26 3
26 2 24 2
26 2 27 2
26 3 15 3
26 3 27 3
26 3 15 3
26 24 26 25
26 24 16 24
26 24 27 24
26 24 26 25
26 24 16 24
26 24 27 24
26 29 26 31
26 29 18 29
26 29 27 29
26 29 26 31
26 29 27 29
26 31 26 32
26 31 15 31
26 31 28 31
27 22 27 21
27 22 27 23
27 22 28 22
27 22 27 21
27 22 27 23
27 22 28 22
27 23 27 24
28 1 28 5
28 1 29 1
28 27 28 26
28 27 19 27
28 27 29 27
28 29 28 31
28 29 27 29
28 29 29 29
28 29 28 31
28 29 27 29
28 29 29 29
28 31 28 32
28 31 26 31
28 31 29 31
29 27 29 26
29 27 28 27
29 27 29 26
29 29 29 30
30 0 30 5
30 0 19 0
30 0 31 0
30 28 30 23
30 28 30 32
30 28 31 28
30 28 30 23
30 32 30 33
30 32 28 32
30 32 31 32
30 32 30 33
30 32 28 32
30 33 29 33
30 33 31 33
31 3 31 2
31 3 31 4
31 3 31 2
31 3 31 4
31 6 31 8
31 6 31 8
31 8 31 21
31 8 30 8
31 28 31 21
31 28 31 31
31 31 31 28
31 31 31 32
31 31 32 31
31 31 31 32
31 31 32 31
31 32 31 33
31 32 32 32
32 5 32 1
32 5 32 11
32 5 30 5
32 5 33 5
32 22 32 21
32 22 32 23
32 22 32 21
32 22 32 23
32 23 32 31
32 23 32 31
33 0 33 1
33 0 32 0
33 0 33 1
33 0 32 0
33 5 33 2
33 5 33 9
33 5 32 5
33 5 33 2
33 5 33 9
33 10 33 11
33 18 33 13
33 18 33 19
33 18 32 18
0 0 1 0
0 3 0 16
0 3 2 3
0 16 0 19
0 19 0 21
0 24 0 22
0 24 0 26
0 24 0 22
0 24 0 26
0 26 0 27
0 29 0 30
0 29 1 29
0 30 0 31
0 30 1 30
1 1 1 2
1 1 2 1
1 26 1 29
1 33 1 31
1 33 0 33
2 0 2 1
2 1 2 3
2 3 7 3
2 3 7 3
2 29 2 27
2 29 2 32
2 29 5 29
2 32 2 29
3 4 4 4
3 4 4 4
3 6 3 7
3 7 3 10
3 12 3 13
3 12 4 12
3 13 3 14
3 13 5 13
3 31 3 30
3 31 3 30
4 2 4 1
4 2 5 2
4 2 4 1
4 2 5 2
4 5 4 4
4 5 4 12
4 5 5 5
4 15 4 16
4 15 3 15
4 15 5 15
4 18 4 20
4 18 3 18
4 18 5 18
4 28 3 28
5 1 5 2
5 4 5 5
5 4 4 4
5 4 6 4
5 13 5 15
5 13 6 13
5 13 5 15
5 29 5 27
5 29 5 30
5 29 2 29
5 29 5 30
5 30 3 30
6 7 6 6
6 11 9 11
6 13 6 14
6 21 6 22
6 21 5 21
6 21 6 22
6 21 5 21
6 22 5 22
6 28 7 28
7 19 7 20
7 19 5 19
8 2 9 2
8 12 9 12
9 0 9 1
9 1 9 2
9 5 9 4
9 5 9 6
9 5 9 4
9 5 9 6
9 30 9 29
9 30 9 31
9 30 8 30
9 30 9 29
9 30 9 31
9 30 8 30
11 29 11 28
11 29 13 29
11 29 13 29
12 1 15 1
12 24 12 26
12 30 13 30
12 32 13 32
13 2 14 2
13 15 11 15
13 26 13 27
13 29 13 30
13 29 14 29
13 30 14 30
13 32 15 32
14 0 15 0
14 29 14 30
14 30 14 29
14 30 13 30
15 1 15 0
15 1 15 3
15 1 19 1
15 1 19 1
15 31 15 32
15 31 26 31
15 31 15 32
15 31 15 32
16 0 17 0
16 2 17 2
16 11 16 5
16 11 17 11
16 11 16 5
16 11 17 11
16 30 18 30
16 32 18 32
17 0 16 0
17 0 18 0
17 0 18 0
17 2 16 2
17 2 19 2
17 2 19 2
17 11 17 6
17 11 17 19
17 11 18 11
17 11 17 6
17 19 23 19
18 0 19 0
18 6 18 8
18 6 17 6
18 6 21 6
18 8 18 6
18 8 18 9
18 8 18 9
18 9 18 11
18 11 18 9
18 11 18 17
18 29 18 30
18 32 22 32
19 1 19 2
19 1 19 2
19 2 20 2
19 4 17 4
19 4 21 4
19 4 17 4
19 4 21 4
20 2 19 2
20 2 22 2
21 4 21 6
21 4 22 4
22 4 24 4
23 2 24 2
24 5 24 4
24 5 24 14
24 5 25 5
25 20 25 19
26 32 22 32
26 32 27 32
26 32 27 32
27 21 27 12
27 21 12 21
27 21 29 21
27 21 27 12
27 29 27 30
28 1 28 5
28 1 29 1
28 5 28 12
28 5 27 5
28 5 30 5
28 5 28 12
28 19 28 17
28 23 28 24
29 33 28 33
29 33 30 33
29 33 28 33
30 0 30 5
30 0 31 0
30 8 30 11
30 22 30 21
30 33 31 33
31 0 31 1
31 0 32 0
31 1 31 2
31 1 32 1
31 1 32 1
31 28 31 21
31 32 31 33
31 32 32 32
32 0 32 1
32 5 32 1
32 5 32 11
32 32 32 33
32 32 33 32
32 33 33 33
33 1 33 2
0 19 0 21
0 31 0 32
2 27 3 27
3 14 3 15
3 27 3 28
3 27 5 27
4 4 5 4
4 18 3 18
4 18 5 18
4 20 4 21
4 20 3 20
4 21 4 22
4 21 3 21
4 21 5 21
5 18 5 16
5 18 5 19
5 18 6 18
5 18 5 16
5 21 5 22
5 22 4 22
6 6 6 5
6 18 6 17
8 12 9 12
8 30 8 29
8 30 8 31
9 29 9 28
11 27 12 27
12 12 9 12
12 16 12 19
12 19 12 16
12 19 11 19
12 19 11 19
12 27 11 27
13 15 11 15
14 13 14 10
17 4 16 4
17 19 23 19
22 33 27 33
22 33 27 33
23 11 23 13
23 13 23 16
23 16 23 19
24 19 24 18
24 19 25 19
24 19 24 18
24 19 25 19
25 20 25 19
27 12 27 11
27 12 28 12
27 24 27 25
27 24 27 25
28 17 28 19
30 8 30 11
30 11 30 12
30 12 30 13
30 21 29 21
30 21 31 21
30 21 29 21
31 21 32 21
32 21 32 20
32 33 33 33
33 32 33 30
3 14 3 15
3 15 3 17
3 18 3 19
3 18 3 19
3 21 3 22
3 21 4 21
3 21 3 22
4 15 5 15
4 21 4 22
6 5 6 4
6 5 5 5
6 5 5 5
6 15 5 15
7 29 7 28
8 4 9 4
8 12 9 12
9 15 9 19
9 15 11 15
9 15 9 19
9 27 8 27
11 4 13 4
13 4 13 5
13 4 14 4
13 4 13 5
14 10 14 9
17 4 16 4
24 17 24 14
25 20 25 19
27 11 27 10
29 21 29 25
33 30 33 26
33 30 33 26
7 27 7 28
7 28 7 29
14 9 14 8
14 9 13 9
14 9 14 8
24 17 24 14
25 20 25 19
27 11 27 10
29 21 29 25
29 25 29 26
29 25 27 25
33 21 33 20
33 21 33 20
13 9 13 8
13 9 13 8
27 10 27 5
13 9 13 8
14 8 14 6
27 5 27 4
27 5 25 5
27 5 25 5
14 6 14 4
14 6 13 6
14 6 13 6
16 4 16 5
24 5 24 4
24 5 25 5

4158

3 6 = 6 = = = = = = = = = = = = 3 - - 3 = 2 2 = 4 = 4 2 - 5 4 2 1 1 
2 7 2 ǁ 1 - - - - - - - - - - - - - - - - - - - - - 7 = = 4 2 1 - 3 
3 6 - 7 = = = = = = = = = = = = = = = = = = = 6 4 2 ǁ 2 - 5 = = 4 | 
6 6 1 ǁ 2 1 1 2 - - 2 - 5 4 3 4 - 1 4 2 2 4 2 ǁ 2 3 ǁ 4 3 ǁ 3 4 | | 
ǁ 3 4 ǁ 6 7 = = = = = = 6 |   5 1   6 = 7 7 3 ǁ | 4 ǁ ǁ 1 ǁ | ǁ | | 
4 4 4 ǁ 5 7 = 6 = 4 4 1 ǁ 4 = 5 2 = 6 2 | 4 3 ǁ | ǁ ǁ 5 = 6 6 6 | | 
2 ǁ   ǁ 2 4 2 3   | 4 2 ǁ 3 1 2   1 2 | | 4 3 ǁ | ǁ ǁ | 2 - - 4 | | 
2 8 = 7           | | | 6 = = = = = = 4 4 = = 6 | ǁ ǁ 2 6 3 5 6 | | 
1 6 3 ǁ 3 = = = = 5 | | 7 = = = = = = = = = = 6 7 4 ǁ 3 8 3 5 3 | | 
3 3 2 ǁ 3 4 2 2 = 6 4 2 4     4 = = = 2 2 = 4 | 6 2 ǁ 1 3 4 6 2 | | 
6 = = 8           | |   |     |             ǁ | |   8 = = = = = 6 6 
2 4 4 ǁ 3 = = 4   | |   |     3       2 2 4 2 2 1   ǁ 2 3 4 - 5 6 6 
4 7 6 ǁ | 2 2 ǁ 1 4 |   2     ǁ 2 = = 4   5 6 4 3 = 7 3 ǁ ǁ 1 | 3 ǁ 
2 | 4 ǁ 4 5 3 2 3 7 |         7           | ǁ       8 2 ǁ 4 4 | 3 ǁ 
2 | 2 ǁ 2 - 4 - 3 4 3 - - 3 = 6 2 2 = = 4 | ǁ       6 2 ǁ 3 4 | | ǁ 
5 6 - 5                                 ǁ | ǁ       |   6 = = 8 4 ǁ 
3 ǁ 2 ǁ 3 3 = = = = = 4                 ǁ | ǁ   2 2 2 2 ǁ 1 1 ǁ 1 ǁ 
4 ǁ 4 ǁ 4   3 = = = = 6 - - - - - - - 3 2 | ǁ   ǁ   3 3 ǁ | | ǁ | ǁ 
4 ǁ ǁ ǁ ǁ   5 = 4 4 = 6 - - - - - 1   ǁ   | ǁ   ǁ       ǁ 5 5 ǁ 3 ǁ 
5 7 6 ǁ 4   |         ǁ               ǁ   | ǁ   ǁ   3 3 ǁ ǁ ǁ ǁ ǁ ǁ 
ǁ ǁ 3 ǁ ǁ   |         ǁ               ǁ   | ǁ   ǁ     | ǁ ǁ ǁ ǁ ǁ ǁ 
ǁ ǁ | ǁ 4 - 2         ǁ               ǁ   | ǁ   ǁ     | ǁ ǁ ǁ ǁ ǁ ǁ 
ǁ 6 3 ǁ 2   2 = = = = 6               ǁ   | ǁ   ǁ     | ǁ ǁ ǁ ǁ 5 5 
ǁ ǁ 1 ǁ |             3 - 2 - - 2 - - 3   | ǁ   ǁ     | ǁ ǁ 4 ǁ ǁ ǁ 
ǁ ǁ 3 ǁ 3 5 - - - - - - - - 3 = = 2 2 4   | ǁ   ǁ     | ǁ ǁ 2 ǁ ǁ ǁ 
ǁ ǁ ǁ ǁ 2 4                           6 5 | 2 1 ǁ     | ǁ ǁ   ǁ ǁ ǁ 
ǁ ǁ 6 6   ǁ                               |   | 6 5 4 | ǁ 6 = 7 5 ǁ 
ǁ ǁ 2 1 1 5 - - - - 3 3 4 = = = = = = = = 6 6 4 5 3   | ǁ 5 1 ǁ 2 2 
ǁ 6 = = = 6 = = = = = = 3         3 = 2   | 2 2 1 | 3 5 ǁ 6 = 6 3 3 
ǁ 4       |                               6 = = = 4 3 4 ǁ 3 1 2 ǁ 4 
6 = = = = 4     3 = = 3 2 1               4 1 2 = = = = 6 - - - 6 6 
4 4 3 4 2 | 2 = 4 - - - - - - - - - - - - 5 = = = = = = 5 = = 6 7 4 
4 5 = = = 7 = = = = = 5 2 1 1       3 3 3 4 4 4 = = = = = = = 4 4 4 
4 3 3 = = 6 = = = 2 1 3   4 - - - - 5 4 3 2         2 = = = 3 - 2 2 
