34 34
4 0 0 4 2 5 0 0 0 0 0 0 0 0 0 0 0 0 0 4 0 3 3 6 4 3 0 2 2 0 0 5 2 2 
6 0 0 7 0 7 0 0 0 0 0 0 0 0 0 0 0 0 0 0 0 0 0 7 0 0 0 4 0 0 0 7 6 6 
0 2 2 0 2 0 2 5 0 0 4 0 0 4 0 0 0 0 0 0 0 0 4 0 4 0 0 0 0 4 3 5 2 4 
0 0 0 0 0 0 3 5 0 0 0 0 0 0 0 0 0 0 0 0 0 2 0 0 0 3 0 3 2 0 6 6 2 4 
0 5 3 0 0 0 0 0 4 0 0 0 2 1 2 3 6 0 0 5 4 4 0 0 0 0 0 0 0 0 0 2 0 0 
0 0 1 0 0 0 3 0 0 4 6 0 0 6 7 4 2 0 0 0 3 0 3 0 3 7 0 0 0 8 7 0 8 6 
6 8 5 0 0 0 0 0 0 2 4 2 0 0 4 3 0 0 0 0 0 0 0 0 0 0 3 3 0 0 0 0 0 0 
0 0 0 0 0 0 3 0 0 2 0 0 0 5 0 0 0 0 0 7 4 0 0 0 0 0 0 2 1 0 0 0 0 0 
4 0 0 0 4 0 0 0 0 3 0 0 0 0 0 0 2 0 0 0 0 0 0 0 0 0 0 0 0 0 0 0 0 0 
4 0 0 0 0 0 4 4 6 0 0 0 0 0 0 0 0 0 0 5 0 7 5 0 0 0 5 7 5 0 0 0 0 0 
0 0 0 0 0 0 2 0 0 2 0 0 5 4 3 2 0 5 3 0 0 0 0 0 0 0 3 0 3 0 0 0 0 0 
0 0 0 0 0 0 0 0 0 4 0 0 5 0 6 0 0 8 4 0 0 0 0 0 0 0 3 0 0 0 0 0 0 0 
0 0 0 0 0 0 1 0 0 0 4 2 0 0 0 0 0 0 0 0 2 6 0 0 2 0 0 0 0 0 0 0 0 0 
0 0 0 0 0 0 2 0 0 3 4 0 0 4 7 0 4 0 0 0 2 4 0 0 0 0 4 0 0 0 0 0 0 0 
0 3 0 0 0 0 5 6 0 2 0 0 0 2 5 0 4 2 0 0 3 4 0 0 0 0 0 0 0 0 0 0 0 0 
0 0 0 0 0 0 0 0 0 0 0 0 0 1 5 0 2 0 0 0 0 3 0 0 0 0 0 0 0 0 0 0 0 0 
0 0 0 0 0 0 2 0 0 3 7 0 5 0 0 0 0 0 0 6 0 5 0 0 4 8 8 5 2 0 0 2 0 0 
0 0 0 0 0 0 1 0 0 0 0 0 0 1 0 3 0 0 0 7 2 1 0 0 0 0 4 2 2 0 3 0 0 0 
0 0 0 0 4 5 0 5 0 2 0 0 0 2 1 0 0 0 0 0 0 0 0 0 0 0 0 0 0 0 0 0 0 2 
0 1 3 0 1 0 1 0 0 0 0 3 6 6 4 3 2 0 0 0 0 0 3 0 0 0 4 7 5 0 5 3 0 2 
0 2 3 0 2 0 3 0 0 0 0 1 1 2 0 0 0 0 0 0 0 0 0 0 0 0 2 5 4 0 3 2 0 4 
6 0 0 6 4 0 0 0 0 6 6 0 0 0 7 0 8 4 0 0 1 0 4 0 0 2 0 3 2 0 0 1 0 0 
5 4 4 0 2 6 5 0 0 3 0 0 0 0 4 2 4 4 0 3 0 3 3 0 1 0 7 0 0 8 0 0 7 5 
3 5 4 0 2 4 0 0 0 5 7 0 0 0 0 0 0 0 0 2 2 4 2 0 2 1 6 1 3 8 4 2 0 0 
3 5 3 0 0 4 0 0 0 2 3 0 0 0 0 0 0 0 0 3 0 2 1 0 3 0 5 2 1 2 2 0 0 0 
4 0 0 0 5 6 2 0 6 0 0 0 0 0 0 0 0 0 0 0 0 0 0 7 0 0 0 0 0 0 0 4 0 2 
2 0 2 0 2 0 2 0 2 2 4 6 0 4 0 3 0 0 0 2 3 1 0 0 0 2 0 0 4 2 4 5 0 1 
1 0 1 0 1 0 0 0 2 0 2 3 1 0 2 4 0 0 0 0 6 0 0 6 0 0 0 0 5 3 0 0 0 3 
2 6 0 7 0 8 6 0 4 6 0 0 0 7 0 0 0 0 0 0 0 0 0 0 0 0 0 0 0 0 8 4 0 0 
2 0 2 4 5 8 5 0 4 6 0 0 0 7 0 0 0 0 4 0 5 6 3 2 0 0 0 0 5 2 0 0 0 0 
0 0 0 2 3 4 3 0 3 4 2 1 2 6 0 2 2 0 5 2 1 4 0 0 0 0 0 0 6 2 0 0 0 0 
0 2 6 0 0 0 0 7 0 0 0 0 0 0 0 0 0 0 0 0 0 0 0 0 0 0 0 0 0 0 7 0 6 5 
4 0 4 2 5 0 0 6 0 0 0 0 5 0 0 0 0 0 0 0 0 0 0 0 0 0 5 1 2 1 4 2 3 2 
2 1 1 2 3 1 0 3 0 0 0 0 4 0 4 2 0 0 1 0 0 0 0 0 0 0 5 0 5 4 2 2 4 1 
400 683
0 0 0 3
0 0 1 0
0 0 0 3
0 0 1 0
0 3 0 4
0 3 1 3
0 5 0 4
0 5 0 19
0 5 1 5
0 23 0 22
0 23 0 24
0 23 1 23
0 23 0 22
0 23 0 24
0 23 1 23
0 24 0 25
0 24 2 24
0 31 0 28
0 31 0 32
0 31 1 31
1 0 1 3
1 0 6 0
1 3 1 0
1 3 1 5
1 3 21 3
1 33 1 32
1 33 0 33
1 33 2 33
1 33 1 32
1 33 0 33
1 33 2 33
2 7 2 6
2 7 2 10
2 7 3 7
2 33 2 32
2 33 3 33
3 33 3 32
3 33 5 33
3 33 3 32
4 1 4 2
4 1 2 1
4 1 6 1
4 8 4 12
4 8 9 8
4 8 4 12
4 8 9 8
4 16 4 15
4 16 4 19
4 16 5 16
4 16 4 15
4 16 4 19
4 16 5 16
5 9 5 10
5 9 6 9
5 9 5 10
5 9 6 9
5 10 5 13
5 10 6 10
5 10 5 13
5 10 6 10
5 13 5 14
5 13 4 13
5 13 7 13
5 13 5 14
5 14 5 15
5 14 4 14
5 14 6 14
5 25 5 24
5 25 5 29
5 25 3 25
5 25 16 25
5 29 5 25
5 29 5 30
5 29 2 29
5 29 22 29
6 0 6 1
6 0 1 0
6 0 8 0
6 1 6 0
6 1 6 2
6 1 4 1
6 1 14 1
6 10 6 11
6 10 12 10
6 11 12 11
7 9 8 9
7 13 7 19
7 13 10 13
7 13 7 19
7 13 10 13
7 19 7 20
7 19 4 19
7 19 9 19
8 0 6 0
8 0 9 0
8 0 9 0
8 4 2 4
8 4 18 4
8 4 2 4
8 4 18 4
8 16 13 16
9 0 21 0
9 8 9 7
9 8 25 8
9 8 9 7
9 8 25 8
9 21 9 19
9 21 9 22
9 21 4 21
9 21 12 21
9 26 9 27
9 26 6 26
9 26 10 26
9 28 9 27
9 28 7 28
9 28 10 28
11 9 10 9
11 9 13 9
11 9 10 9
11 9 13 9
11 12 11 14
11 12 10 12
11 12 16 12
11 14 11 12
11 14 10 14
11 14 13 14
11 14 10 14
11 14 13 14
11 17 11 18
11 17 10 17
11 17 14 17
11 17 11 18
11 17 10 17
11 17 14 17
12 10 12 11
12 10 13 10
12 10 13 10
13 10 13 9
13 10 16 10
13 13 13 14
13 13 14 13
13 13 13 14
13 13 14 13
13 26 11 26
13 26 16 26
13 26 11 26
13 26 16 26
14 6 14 7
14 6 13 6
14 6 16 6
14 7 14 6
14 7 9 7
14 7 18 7
14 7 14 6
14 7 9 7
14 9 16 9
14 14 14 16
14 14 13 14
14 14 15 14
16 6 17 6
16 10 16 9
16 10 16 12
16 10 21 10
16 25 16 24
16 25 16 26
16 25 5 25
16 25 21 25
16 26 16 25
16 26 16 27
16 26 17 26
17 19 17 15
17 19 17 20
17 19 16 19
17 19 22 19
18 4 18 5
18 4 19 4
18 7 18 5
18 7 31 7
18 7 18 5
18 7 31 7
19 6 20 6
19 27 19 26
19 27 19 28
19 27 17 27
19 27 20 27
19 30 19 31
19 30 17 30
19 30 20 30
21 0 21 3
21 0 9 0
21 0 22 0
21 9 21 10
21 9 18 9
21 9 22 9
21 9 21 10
21 9 18 9
21 9 22 9
21 10 21 14
21 10 16 10
21 10 23 10
21 14 21 16
21 14 19 14
21 14 22 14
21 16 21 14
21 16 21 17
21 16 19 16
21 16 22 16
21 17 21 16
21 17 22 17
21 17 21 16
22 6 22 5
22 6 20 6
22 6 25 6
22 9 23 9
22 17 22 16
22 17 22 19
22 17 22 16
22 26 22 24
22 26 22 29
22 26 20 26
22 26 23 26
22 29 22 26
22 29 22 32
22 29 5 29
22 29 23 29
22 33 22 32
22 33 20 33
22 33 25 33
23 9 23 10
23 9 24 9
23 9 23 10
23 9 24 9
23 10 23 19
23 10 24 10
23 26 23 25
23 26 23 27
23 26 22 26
23 26 24 26
23 29 23 28
23 29 23 30
23 29 22 29
23 29 24 29
23 29 23 28
23 29 23 30
23 29 22 29
23 30 23 31
23 30 24 30
23 31 25 31
25 8 25 23
25 8 26 8
25 8 25 23
25 8 26 8
25 23 25 31
25 23 1 23
25 23 27 23
26 11 26 10
26 11 26 13
26 11 27 11
26 11 26 10
26 11 26 13
26 11 27 11
26 13 26 15
26 13 28 13
26 25 26 28
28 3 28 1
28 3 28 5
28 3 21 3
28 3 29 3
28 5 28 3
28 5 28 6
28 5 25 5
28 5 29 5
28 6 28 5
28 6 26 6
28 6 29 6
28 6 28 5
28 6 26 6
28 13 28 9
28 13 28 30
28 13 29 13
28 30 28 13
28 30 28 31
28 30 26 30
28 30 31 30
29 4 29 3
29 4 29 5
29 4 30 4
29 5 29 4
29 5 29 6
29 5 28 5
29 5 30 5
29 20 29 18
29 20 29 21
29 20 30 20
29 21 29 20
29 21 29 22
29 21 30 21
29 21 29 20
29 21 29 22
29 22 29 23
29 23 29 28
29 28 29 29
29 28 30 28
29 28 29 29
29 28 30 28
30 13 30 12
30 13 30 15
30 13 29 13
30 13 30 12
30 13 30 15
30 13 29 13
30 16 30 18
30 19 30 18
30 21 30 28
30 28 30 21
30 28 30 29
30 28 32 28
30 29 32 29
31 30 31 32
31 30 28 30
31 30 32 30
31 30 31 32
31 30 32 30
31 30 32 30
31 32 31 33
31 32 22 32
31 32 32 32
31 32 31 33
32 12 32 7
32 12 32 26
32 12 33 12
32 30 32 31
33 14 33 12
33 14 33 15
33 14 33 12
33 14 33 15
33 18 33 26
33 26 33 28
33 26 32 26
33 29 33 28
33 29 33 30
33 29 33 28
33 29 33 30
0 5 0 19
0 5 1 5
0 19 0 21
0 19 4 19
1 3 1 5
1 3 21 3
1 5 18 5
1 23 25 23
1 32 1 31
1 32 0 32
1 32 2 32
1 32 1 31
2 10 2 7
2 10 2 13
2 10 2 13
2 22 0 22
2 22 5 22
2 22 5 22
2 24 2 29
2 24 5 24
2 24 2 29
2 29 2 30
2 31 2 30
2 31 1 31
2 31 3 31
3 7 3 6
3 7 2 7
3 7 3 6
3 7 3 6
3 28 3 27
3 30 3 31
3 30 2 30
3 30 5 30
3 30 3 31
3 30 5 30
3 30 3 31
5 6 7 6
5 22 9 22
5 29 5 30
6 1 6 2
6 1 14 1
6 14 6 15
6 14 5 14
6 14 6 15
6 15 5 15
7 9 8 9
7 20 7 19
7 20 5 20
7 20 7 19
8 16 13 16
9 6 7 6
9 6 10 6
9 6 7 6
9 6 10 6
9 28 9 27
9 28 10 28
10 12 10 13
10 12 11 12
10 12 10 13
10 14 10 15
11 17 11 18
11 17 10 17
11 18 10 18
11 26 10 26
12 6 13 6
12 21 12 20
12 21 9 21
12 21 13 21
12 21 12 20
12 21 13 21
13 16 13 14
13 16 14 16
13 21 13 20
13 21 14 21
14 1 19 1
14 9 16 9
14 16 14 14
14 16 15 16
14 21 14 20
14 21 15 21
14 21 14 20
15 14 15 13
15 14 15 16
15 14 14 14
15 14 18 14
15 21 16 21
15 21 16 21
16 10 16 12
16 12 19 12
16 19 16 21
16 19 9 19
16 19 17 19
16 19 16 21
16 19 9 19
16 21 17 21
16 24 16 25
16 24 12 24
16 24 16 25
16 26 16 27
16 26 17 26
17 13 18 13
17 26 17 27
17 26 19 26
18 13 19 13
19 13 19 12
19 13 19 14
19 13 20 13
19 13 19 12
19 13 19 14
19 14 19 15
19 26 19 27
19 26 20 26
19 27 19 28
19 27 20 27
20 1 20 2
20 13 20 12
21 0 21 3
21 0 22 0
21 14 22 14
21 31 20 31
22 2 22 1
22 2 23 2
22 2 22 1
22 2 23 2
22 14 22 15
22 14 21 14
22 15 22 16
22 26 23 26
22 32 22 33
22 32 5 32
22 32 22 33
22 32 5 32
23 2 23 1
23 2 24 2
23 10 23 19
23 10 24 10
23 24 24 24
23 28 24 28
24 5 23 5
24 5 25 5
24 5 23 5
24 5 25 5
24 10 24 19
24 19 24 21
24 26 24 24
24 26 24 27
24 26 24 24
24 26 24 27
24 29 24 30
25 0 24 0
25 0 26 0
25 0 24 0
25 0 26 0
25 4 25 5
25 4 23 4
25 4 26 4
25 31 25 23
25 31 26 31
25 33 26 33
26 10 26 9
26 10 27 10
26 21 26 20
26 25 26 28
26 28 26 29
26 28 27 28
26 31 26 30
26 31 28 31
26 31 26 30
26 31 28 31
27 4 26 4
27 12 27 11
27 14 27 15
27 20 27 15
27 20 27 23
27 20 26 20
27 20 27 15
27 20 27 23
27 20 26 20
27 23 27 28
27 33 31 33
28 13 28 9
28 13 29 13
28 30 28 31
28 30 26 30
29 5 29 4
29 5 29 6
29 6 30 6
29 18 29 13
29 18 30 18
29 18 29 13
30 11 30 10
30 16 30 18
30 18 30 19
33 12 33 7
33 26 33 28
33 26 32 26
33 28 32 28
0 21 3 21
0 21 3 21
0 25 0 27
0 31 0 28
0 31 1 31
1 5 18 5
1 27 1 31
1 27 0 27
1 27 1 31
2 31 3 31
3 28 3 27
4 19 4 20
4 20 4 21
4 20 5 20
4 20 4 21
4 21 9 21
5 15 5 14
5 15 4 15
5 29 5 30
9 19 9 21
9 22 19 22
10 17 10 18
10 18 10 17
12 24 5 24
13 20 14 20
16 12 19 12
19 12 19 11
19 12 19 11
20 1 20 2
20 2 19 2
20 11 19 11
20 33 19 33
21 16 19 16
22 1 22 0
22 1 23 1
22 5 22 4
22 5 22 6
22 5 23 5
22 5 22 4
22 5 22 6
23 5 23 4
24 19 24 21
24 22 23 22
25 4 25 5
25 6 25 5
26 9 28 9
26 19 26 15
26 29 27 29
27 8 28 8
27 14 27 15
27 23 27 28
27 28 27 29
27 29 27 28
27 33 31 33
29 6 30 6
29 13 29 9
30 6 30 5
30 10 30 9
31 33 32 33
32 12 32 7
32 12 32 26
32 26 32 27
2 31 3 31
3 25 3 27
3 25 5 25
4 31 16 31
5 30 17 30
5 32 5 33
5 33 5 32
5 33 18 33
5 33 5 32
5 33 18 33
9 22 19 22
19 2 6 2
19 15 17 15
19 22 21 22
19 33 20 33
20 6 20 4
21 4 21 3
21 4 20 4
21 22 21 20
21 22 22 22
21 22 22 22
22 0 23 0
22 0 23 0
23 20 23 21
26 15 26 19
27 8 28 8
28 3 28 1
28 3 29 3
28 8 28 9
28 8 29 8
28 9 29 9
28 9 29 9
29 3 29 2
29 8 29 9
29 8 30 8
29 8 29 9
29 9 30 9
30 5 30 4
30 5 33 5
30 8 30 9
30 9 30 8
31 2 31 1
31 2 29 2
31 2 32 2
31 2 31 1
31 2 32 2
31 2 32 2
31 7 32 7
32 4 32 3
32 4 30 4
32 4 33 4
33 7 32 7
33 7 32 7
4 31 16 31
5 30 17 30
6 2 5 2
6 2 19 2
17 20 17 19
19 15 17 15
23 20 23 21
23 21 23 22
23 21 22 21
28 1 28 0
28 1 24 1
30 3 32 3
31 7 32 7
32 2 32 0
32 4 33 4
33 3 33 2
33 3 33 4
17 19 22 19
22 21 22 22
27 0 28 0
27 2 26 2
28 1 24 1
29 0 32 0
29 0 32 0
32 0 33 0
33 0 33 1
26 2 24 2
24 2 24 1

3905

4 = = 4 2 5 = = = = = = = = = = = = = 4 - 3 3 6 4 3 - 2 2 = = 5 2 2 
6 = = 7 = 7                           |   ǁ | 7 |     4 = = = 7 6 6 
ǁ 2 2 ǁ 2 ǁ 2 5 = = 4 = = 4           |   ǁ 4 ǁ 4 = = = = 4 3 5 2 4 
ǁ |   ǁ ǁ ǁ 3 5                       |   2 ǁ ǁ | 3 - 3 2 | 6 6 2 4 
ǁ 5 3 ǁ ǁ ǁ     4 = = = 2 1 2 3 6 = = 5 4 4 ǁ ǁ | ǁ       | ǁ 2   | 
ǁ ǁ 1 ǁ ǁ ǁ 3   ǁ 4 6 = = 6 7 4 2     | 3 ǁ 3 ǁ 3 7 = = = 8 7 ǁ 8 6 
6 8 5 ǁ ǁ ǁ |   ǁ 2 4 2   | 4 3       | | ǁ | ǁ | ǁ 3 3   ǁ ǁ ǁ ǁ ǁ 
ǁ ǁ ǁ ǁ ǁ ǁ 3   ǁ 2 | |   5 = = = = = 7 4 ǁ | ǁ | ǁ | 2 1 ǁ ǁ ǁ ǁ ǁ 
4 ǁ ǁ ǁ 4 ǁ ǁ   ǁ 3 | |   ǁ     2     |   ǁ | ǁ | ǁ |   | ǁ ǁ ǁ ǁ ǁ 
4 ǁ ǁ ǁ ǁ ǁ 4 4 6   | |   ǁ     ǁ     5 = 7 5 ǁ | ǁ 5 7 5 ǁ ǁ ǁ ǁ ǁ 
ǁ ǁ ǁ ǁ ǁ ǁ 2 ǁ ǁ 2 | | 5 4 3 2 ǁ 5 3 ǁ   ǁ ǁ ǁ | ǁ 3   3 ǁ ǁ ǁ ǁ ǁ 
ǁ ǁ ǁ ǁ ǁ ǁ   ǁ ǁ 4 | | 5 = 6   ǁ 8 4 ǁ   ǁ ǁ ǁ | ǁ 3     ǁ ǁ ǁ ǁ ǁ 
ǁ ǁ ǁ ǁ ǁ ǁ 1 ǁ ǁ ǁ 4 2 |   ǁ   ǁ ǁ   ǁ 2 6 ǁ ǁ 2 ǁ ǁ     ǁ ǁ ǁ ǁ ǁ 
ǁ ǁ ǁ ǁ ǁ ǁ 2 ǁ ǁ 3 4   | 4 7 - 4 ǁ   ǁ 2 4 ǁ ǁ | ǁ 4     ǁ ǁ ǁ ǁ ǁ 
ǁ 3 ǁ ǁ ǁ ǁ 5 6 ǁ 2 |   | 2 5 = 4 2   ǁ 3 4 ǁ ǁ | ǁ ǁ     ǁ ǁ ǁ ǁ ǁ 
ǁ | ǁ ǁ ǁ ǁ | | ǁ ǁ |   | 1 5 - 2     ǁ   3 ǁ ǁ | ǁ ǁ     ǁ ǁ ǁ ǁ ǁ 
ǁ | ǁ ǁ ǁ ǁ 2 | ǁ 3 7 = 5   |         6 = 5 ǁ ǁ 4 8 8 5 2 ǁ ǁ 2 ǁ ǁ 
ǁ | ǁ ǁ ǁ ǁ 1 | ǁ   ǁ   ǁ 1 | 3 - - - 7 2 1 ǁ ǁ   | 4 2 2 ǁ 3   ǁ ǁ 
ǁ | ǁ ǁ 4 5 = 5 ǁ 2 ǁ   ǁ 2 1 ǁ       ǁ     ǁ ǁ   | | |   ǁ |   ǁ 2 
ǁ 1 3 ǁ 1   1 ǁ ǁ ǁ ǁ 3 6 6 4 3 2     ǁ     3 ǁ   | 4 7 5 ǁ 5 3 ǁ 2 
ǁ 2 3 ǁ 2 - 3 ǁ ǁ ǁ ǁ 1 1 2 |   ǁ     ǁ     | ǁ   | 2 5 4 ǁ 3 2 ǁ 4 
6 = = 6 4   | ǁ ǁ 6 6 - - - 7 = 8 4   ǁ 1 - 4 ǁ   2 | 3 2 ǁ   1 ǁ | 
5 4 4 | 2 6 5 ǁ ǁ 3 |       4 2 4 4 - 3   3 3 ǁ 1 - 7 = = 8 - - 7 5 
3 5 4 | 2 4 | ǁ ǁ 5 7 = = = = = = = = 2 2 4 2 ǁ 2 1 6 1 3 8 4 2 | | 
3 5 3 | | 4 | ǁ ǁ 2 3 - - - - - - - - 3 = 2 1 ǁ 3 = 5 2 1 2 2 | | | 
4 ǁ | | 5 6 2 ǁ 6 = = = = = = = = = = = = = = 7 = = = = = = = 4 | 2 
2 ǁ 2 | 2 | 2 ǁ 2 2 4 6 = 4 - 3 = = = 2 3 1   |   2 = = 4 2 4 5 | 1 
1 ǁ 1 | 1 | ǁ ǁ 2 | 2 3 1 | 2 4 = = = = 6 = = 6 = = = = 5 3 ǁ ǁ | 3 
2 6 = 7 = 8 6 ǁ 4 6 = = = 7 = = = = = = = = = = = = = = = = 8 4 | ǁ 
2   2 4 5 8 5 ǁ 4 6 - - - 7 = = = = 4 - 5 6 3 2 - - - - 5 2 ǁ   | ǁ 
ǁ   | 2 3 4 3 ǁ 3 4 2 1 2 6 = 2 2 = 5 2 1 4 = = = = = = 6 2 ǁ   | ǁ 
ǁ 2 6 | | |   7                                         | | 7 = 6 5 
4 - 4 2 5 |   6 = = = = 5 = = = = = = = = = = = = = 5 1 2 1 4 2 3 2 
2 1 1 2 3 1   3 - - - - 4 = 4 2     1 - - - - - - - 5 = 5 4 2 2 4 1 
