34 34
2 5 0 0 0 6 0 0 0 4 4 0 0 0 0 0 0 0 0 0 0 0 0 0 0 0 0 0 0 4 2 1 0 2 
1 0 0 2 0 0 0 0 0 0 3 0 0 0 0 0 1 2 6 4 0 2 2 4 0 3 3 3 3 0 0 0 1 0 
2 6 0 4 0 0 0 0 0 0 2 0 5 2 3 5 0 0 7 0 0 0 0 4 3 0 2 0 0 0 0 0 0 4 
3 3 1 0 0 0 0 0 0 0 0 2 0 3 5 0 4 0 8 3 4 3 0 2 4 4 2 0 0 0 0 0 0 0 
4 0 0 0 0 0 0 0 0 0 0 0 0 6 4 0 3 0 3 3 6 2 0 0 3 1 0 0 0 0 5 7 7 6 
6 5 0 0 0 0 0 0 0 0 4 5 0 6 0 7 0 0 0 0 0 0 0 0 0 0 0 6 4 0 0 2 4 6 
3 0 2 0 0 7 4 1 0 0 0 1 0 0 2 0 1 0 0 0 0 0 0 0 0 5 0 8 3 0 0 4 4 0 
1 0 0 0 0 2 0 0 0 0 0 2 0 0 4 0 0 2 0 0 0 0 0 0 0 6 1 0 0 0 0 0 0 0 
2 0 0 0 0 0 1 0 0 0 0 0 0 0 0 0 0 1 0 0 0 0 0 0 0 2 0 0 2 0 0 0 0 0 
0 0 0 0 0 0 0 0 0 0 2 5 0 6 5 0 0 0 0 0 0 0 0 0 0 0 0 4 2 0 0 0 4 0 
0 0 0 0 0 0 0 0 0 0 1 3 0 2 1 0 0 0 0 0 0 2 0 0 0 0 0 4 1 0 0 0 0 0 
0 3 0 0 0 0 0 0 0 7 0 0 7 0 0 6 0 0 0 0 0 0 0 0 0 0 0 0 0 6 7 8 6 0 
5 5 0 0 1 1 3 2 2 0 0 0 0 2 0 0 3 5 3 2 0 4 0 0 5 6 2 2 4 0 0 0 0 0 
1 0 0 0 0 0 0 0 0 0 0 0 0 5 2 0 4 0 5 0 0 5 3 3 6 6 0 0 5 0 0 0 0 0 
4 7 0 0 0 0 6 4 0 0 0 0 0 0 2 0 4 0 2 0 0 0 0 0 4 6 4 0 0 0 0 0 0 0 
0 0 3 4 6 2 0 0 0 0 0 0 0 0 0 0 6 7 0 0 0 6 5 0 0 3 0 0 0 0 0 0 0 0 
2 0 5 0 8 2 0 0 0 0 0 0 0 0 0 0 0 0 2 3 3 0 0 0 0 0 0 2 0 0 0 0 0 0 
0 0 6 4 0 2 0 0 0 0 0 0 0 0 0 0 2 0 5 7 3 0 0 0 0 4 0 0 0 0 0 0 0 0 
0 0 4 4 0 0 0 5 5 6 2 2 7 4 3 0 0 0 0 2 2 0 0 1 2 0 0 0 0 0 0 0 0 0 
3 5 0 0 5 5 0 0 3 7 0 0 2 4 2 0 0 0 0 0 0 0 0 0 0 0 0 0 0 0 0 0 0 0 
3 3 2 0 3 3 0 0 3 0 1 3 0 7 2 0 2 0 0 0 0 0 4 7 4 0 0 0 0 0 0 2 0 0 
4 0 0 0 5 2 0 0 3 4 2 7 2 0 2 0 0 0 0 1 0 0 0 5 3 0 0 0 0 0 0 1 0 0 
4 0 0 0 0 0 6 0 0 0 0 3 1 0 0 0 0 0 0 0 0 0 0 0 0 0 0 0 0 0 0 0 0 0 
0 2 0 4 0 0 0 0 2 7 0 0 0 7 4 0 6 8 5 4 5 0 3 0 2 0 3 0 0 0 0 4 6 0 
0 2 0 0 0 0 0 0 2 0 4 0 0 6 2 0 0 0 2 1 2 0 2 0 0 4 0 0 0 0 0 3 3 0 
0 6 0 7 0 0 7 6 3 0 0 1 0 0 0 0 4 0 1 2 0 0 2 0 0 0 0 0 0 3 0 0 0 0 
0 4 3 3 2 2 0 0 2 0 3 2 0 5 2 0 4 0 0 0 0 0 0 0 0 0 0 0 0 0 0 4 5 0 
4 0 0 0 6 6 0 6 4 0 3 0 0 0 1 0 6 8 0 8 4 0 0 0 0 4 7 6 0 0 2 1 0 0 
0 4 2 1 0 0 0 6 2 0 4 0 0 8 3 0 2 6 2 2 2 0 4 8 0 0 6 2 0 5 3 0 0 0 
2 4 3 0 2 2 0 4 2 0 0 0 0 4 3 0 0 4 0 2 0 0 2 5 1 2 6 2 0 2 4 3 0 0 
4 0 8 3 3 2 0 2 0 5 0 0 0 0 0 6 0 0 0 0 0 4 0 0 0 0 0 0 4 0 0 0 7 6 
4 0 6 0 0 0 7 0 0 0 0 0 0 5 0 7 0 0 0 0 0 0 0 0 0 0 0 0 0 0 2 2 0 2 
3 0 0 0 5 0 2 3 0 0 0 0 0 5 3 6 0 0 0 0 0 0 0 0 0 0 0 0 6 0 0 6 3 3 
2 3 4 0 6 3 0 4 3 4 0 0 0 3 3 3 1 3 0 3 0 0 0 0 0 0 0 0 5 0 4 4 1 2 
400 655
0 1 0 0
0 1 0 5
0 1 2 1
0 5 0 1
0 5 0 9
0 5 6 5
1 3 2 3
1 18 1 17
1 18 1 19
1 18 2 18
1 18 1 17
1 18 1 19
1 18 2 18
1 19 1 21
1 19 3 19
2 12 2 10
2 12 2 13
2 12 11 12
2 15 2 14
2 15 2 18
2 15 5 15
2 18 2 15
2 18 3 18
2 18 3 18
2 18 3 18
3 11 5 11
3 14 3 13
3 14 2 14
3 14 4 14
3 16 3 18
3 16 4 16
3 16 3 18
3 16 4 16
4 0 3 0
4 0 5 0
4 0 3 0
4 0 5 0
4 13 4 14
4 13 3 13
4 13 5 13
4 13 4 14
4 13 3 13
4 13 5 13
4 14 3 14
4 31 4 30
4 31 4 32
4 31 0 31
4 31 5 31
4 32 4 31
4 32 4 33
4 32 1 32
4 32 5 32
4 33 4 32
4 33 2 33
4 33 5 33
4 33 4 32
4 33 2 33
5 0 5 1
5 0 6 0
5 13 5 15
5 13 9 13
5 13 5 15
5 13 9 13
6 6 6 5
6 6 6 7
6 6 8 6
6 6 6 5
6 27 6 25
6 27 6 28
6 27 5 27
6 27 9 27
6 27 6 25
6 27 6 28
6 27 5 27
6 27 9 27
9 11 9 10
9 11 7 11
9 11 10 11
9 13 9 14
9 13 10 13
9 13 9 14
9 13 10 13
11 9 11 1
11 9 11 12
11 9 0 9
11 9 18 9
11 30 11 29
11 30 11 31
11 30 4 30
11 30 27 30
11 31 11 30
11 31 11 32
11 31 6 31
11 31 20 31
11 31 11 30
11 31 11 32
11 31 6 31
11 32 9 32
11 32 23 32
12 0 12 1
12 0 8 0
12 0 13 0
13 13 13 14
13 13 12 13
13 13 18 13
13 28 13 25
13 28 12 28
13 28 30 28
14 0 14 1
14 0 16 0
14 0 14 1
14 0 16 0
14 1 14 6
14 1 12 1
14 1 19 1
14 26 14 25
14 26 23 26
14 26 14 25
14 26 23 26
15 4 15 3
15 4 15 5
15 4 16 4
15 4 15 3
15 4 15 5
15 4 16 4
15 16 15 17
15 16 14 16
15 16 17 16
15 16 15 17
15 16 14 16
15 16 17 16
15 17 15 21
15 17 12 17
15 17 23 17
16 2 16 4
16 2 15 2
16 2 17 2
16 4 16 2
16 4 16 5
16 4 19 4
16 27 27 27
17 2 17 3
17 2 16 2
17 2 18 2
17 3 17 2
17 3 18 3
17 3 17 2
17 18 17 19
17 18 16 18
17 18 23 18
18 2 18 3
18 2 20 2
18 2 18 3
18 3 23 3
18 7 18 8
18 7 14 7
18 7 25 7
18 12 18 11
18 12 18 13
18 12 11 12
18 12 19 12
19 5 19 4
19 5 17 5
19 5 20 5
19 9 19 8
19 9 19 12
19 9 18 9
19 9 21 9
20 13 20 11
20 13 20 14
20 13 19 13
20 13 23 13
20 23 20 22
20 23 20 24
20 23 18 23
20 23 21 23
20 31 21 31
21 0 20 0
21 0 22 0
21 0 20 0
21 0 22 0
21 4 21 5
21 4 20 4
21 4 26 4
21 11 21 10
21 11 21 12
21 11 20 11
21 11 22 11
22 0 27 0
23 3 23 1
23 3 25 3
23 3 23 1
23 9 23 8
23 9 23 13
23 9 21 9
23 9 30 9
23 17 23 16
23 17 23 18
23 17 15 17
23 17 27 17
23 31 23 32
23 31 24 31
23 31 23 32
23 31 24 31
23 32 11 32
23 32 24 32
23 32 24 32
24 1 25 1
24 10 24 13
24 10 26 10
24 10 24 13
24 10 26 10
24 13 24 14
24 13 23 13
24 13 26 13
24 13 24 14
25 1 25 3
25 1 24 1
25 1 26 1
25 3 25 1
25 3 26 3
25 3 26 3
25 11 26 11
25 16 23 16
25 16 26 16
25 16 23 16
25 16 26 16
26 16 26 14
26 16 27 16
26 32 26 31
26 32 24 32
26 32 30 32
27 16 27 14
27 16 27 17
27 16 28 16
27 17 27 16
27 17 27 19
27 17 23 17
27 17 28 17
27 19 27 17
27 19 27 20
27 19 25 19
27 19 28 19
27 26 27 25
27 26 27 27
27 26 23 26
27 26 28 26
27 27 27 26
27 27 16 27
27 27 28 27
27 27 27 26
28 10 28 13
28 10 27 10
28 10 28 13
28 10 27 10
28 13 28 14
28 13 26 13
28 13 29 13
28 23 28 22
28 23 28 26
28 23 21 23
28 23 29 23
28 23 28 22
28 23 28 26
28 23 21 23
28 23 29 23
28 26 28 27
28 26 27 26
28 26 29 26
28 29 28 30
28 29 25 29
28 29 29 29
29 23 29 22
29 23 29 24
29 23 29 22
29 25 29 26
29 26 29 25
29 26 29 27
29 26 29 27
30 2 30 0
30 2 30 3
30 2 29 2
30 2 31 2
30 2 30 0
30 2 30 3
30 2 29 2
30 2 31 2
30 15 30 9
30 15 30 21
30 15 31 15
30 15 30 9
30 15 30 21
30 15 31 15
30 21 30 28
30 21 15 21
30 33 30 32
30 33 5 33
30 33 31 33
30 33 30 32
30 33 5 33
30 33 31 33
31 2 31 0
31 2 31 6
31 2 33 2
31 2 31 0
31 6 31 13
31 6 25 6
31 6 32 6
31 15 31 13
31 15 31 30
31 15 32 15
32 28 32 15
32 28 32 31
32 28 33 28
32 28 32 15
32 28 32 31
32 28 33 28
32 31 32 32
32 31 31 31
32 31 33 31
32 31 32 32
33 2 33 1
33 2 33 4
33 2 33 1
33 9 33 8
33 9 33 13
33 9 33 8
33 9 33 13
33 30 33 28
33 30 33 31
33 30 33 28
33 30 33 31
33 31 33 32
33 33 32 33
33 33 32 33
0 5 0 9
0 5 6 5
0 9 0 10
0 10 0 29
0 10 1 10
0 10 0 29
0 29 0 30
0 29 11 29
0 30 4 30
0 33 2 33
0 33 2 33
1 3 2 3
1 10 1 16
1 10 2 10
2 3 2 1
2 12 2 13
2 12 11 12
3 11 5 11
3 14 2 14
4 20 4 19
4 20 4 21
4 20 3 20
4 20 4 19
4 20 4 21
4 20 3 20
4 31 4 30
4 31 5 31
5 0 5 1
5 0 6 0
5 10 5 11
5 10 9 10
5 10 5 11
5 10 5 11
5 27 5 15
5 27 5 28
5 27 1 27
5 27 5 15
5 28 1 28
5 28 6 28
5 28 1 28
5 32 5 33
5 32 6 32
5 32 5 33
6 11 7 11
6 31 6 32
6 32 6 31
6 32 9 32
8 28 9 28
9 11 10 11
9 32 11 32
10 10 10 11
11 9 11 1
11 9 11 12
11 9 18 9
11 15 11 12
11 15 11 29
11 15 5 15
11 15 11 12
11 15 11 29
11 15 5 15
12 0 12 1
12 0 8 0
12 24 12 21
12 24 12 25
12 24 13 24
12 25 12 24
12 25 12 26
12 25 13 25
12 25 12 24
12 25 12 26
12 27 12 28
12 28 12 27
12 28 13 28
13 18 13 21
13 18 12 18
13 18 14 18
13 24 13 23
13 24 13 25
13 24 14 24
13 24 13 23
13 24 13 25
14 16 14 14
14 16 13 16
14 25 14 24
14 25 13 25
14 25 15 25
14 25 14 24
15 2 15 3
15 3 15 2
15 21 15 17
15 21 15 22
15 21 13 21
15 21 15 22
16 4 16 5
16 4 19 4
17 5 19 5
17 25 15 25
17 25 24 25
17 25 15 25
17 25 24 25
18 9 18 8
18 9 18 10
18 9 19 9
18 10 18 11
18 12 18 13
19 9 19 8
19 9 21 9
20 2 20 1
20 23 20 22
20 23 20 24
20 23 21 23
20 24 18 24
20 24 21 24
21 23 21 24
21 24 23 24
22 0 27 0
23 13 23 9
23 13 23 14
23 13 20 13
23 13 23 14
23 14 23 16
23 14 21 14
23 17 23 16
23 17 23 18
23 20 23 19
23 20 18 20
23 20 24 20
24 25 27 25
24 31 26 31
25 1 26 1
25 3 26 3
25 6 25 7
25 6 22 6
25 6 31 6
25 6 25 7
25 6 22 6
25 6 25 7
25 7 25 8
25 7 18 7
26 1 26 2
26 1 28 1
26 2 28 2
26 14 26 13
26 31 26 32
26 31 27 31
26 32 30 32
27 0 29 0
27 4 27 5
27 4 26 4
27 4 29 4
27 4 27 5
27 4 29 4
27 4 27 5
27 7 27 8
27 7 28 7
27 7 27 8
27 7 28 7
27 7 27 8
27 7 28 7
27 8 26 8
27 10 26 10
27 16 27 17
27 19 27 20
27 19 25 19
27 19 28 19
27 20 24 20
27 20 28 20
27 25 24 25
28 1 28 2
28 1 29 1
28 1 29 1
28 3 30 3
28 13 28 14
28 13 26 13
28 13 29 13
28 17 28 16
28 17 28 18
28 17 29 17
28 17 28 18
28 17 29 17
28 22 25 22
29 1 29 0
29 1 29 2
29 13 29 14
29 17 29 14
29 17 29 19
30 0 31 0
30 0 31 0
30 4 30 5
30 28 30 32
30 28 13 28
30 32 32 32
31 6 31 13
31 6 32 6
31 31 31 30
32 0 33 0
32 4 33 4
32 15 32 14
32 15 31 15
32 15 33 15
33 1 33 0
33 4 33 5
33 4 32 4
33 4 33 5
33 4 32 4
33 5 33 7
33 7 33 8
33 7 32 7
33 7 32 7
33 28 33 19
1 28 1 27
2 3 2 1
3 20 3 19
3 20 3 21
4 16 4 18
4 30 11 30
6 14 7 14
6 16 6 25
6 25 7 25
7 14 6 14
7 14 9 14
7 14 9 14
7 26 7 25
8 28 9 28
9 14 10 14
9 27 10 27
10 21 10 27
10 28 10 27
11 29 25 29
11 29 25 29
12 17 12 16
12 17 12 18
12 17 12 16
12 17 12 18
12 19 12 21
12 21 12 19
12 21 13 21
13 16 13 14
13 16 12 16
13 23 13 22
14 14 18 14
14 18 13 18
14 24 18 24
18 12 18 13
18 14 19 14
19 13 19 14
19 13 20 13
19 13 20 13
20 16 20 14
20 16 23 16
20 22 15 22
20 22 23 22
22 6 14 6
23 22 24 22
25 18 24 18
26 8 25 8
26 11 26 13
27 30 28 30
28 14 29 14
28 22 25 22
28 29 28 30
28 29 29 29
29 30 29 31
29 30 29 31
29 31 29 30
30 4 30 5
31 15 31 13
32 7 32 13
33 19 33 17
1 27 1 26
2 1 2 0
2 1 0 1
2 1 3 1
6 25 7 25
9 27 10 27
12 13 13 13
13 18 13 21
13 21 13 22
13 22 15 22
22 6 14 6
23 22 24 22
24 8 23 8
24 8 25 8
29 5 27 5
31 13 32 13
33 17 33 16
33 17 33 19
0 0 1 0
2 0 3 0
14 6 14 1
14 6 14 7
14 6 12 6
14 7 12 7
14 7 18 7
23 9 21 9
23 9 30 9
29 5 27 5
30 9 30 7
33 15 33 14
33 15 33 14
12 6 12 5
12 6 12 7
12 8 18 8
18 8 12 8
18 8 19 8
20 8 21 8
21 8 20 8
26 5 21 5
26 5 27 5
30 7 29 7
12 4 12 1
20 8 21 8
21 4 20 4
29 7 29 8
29 7 28 7
29 7 29 8
19 4 19 5
19 4 20 4
28 7 28 8
28 8 28 7

3913

2 5 = = = 6 = = = 4 4 = = = = = = = = = = = = = = = = = = 4 2 1   2 
1 ǁ   2   ǁ       | 3 - - - - - 1 2 6 4 - 2 2 4   3 3 3 3 | | | 1 ǁ 
2 6 = 4   ǁ       | 2 - 5 2 3 5 = = 7 |       4 3   2 | ǁ | | | | 4 
3 3 1     ǁ       |   2 ǁ 3 5 | 4 = 8 3 4 3   2 4 4 2 | ǁ | | | | ǁ 
4         ǁ       |   ǁ ǁ 6 4 | 3 - 3 3 6 2     3 1   | ǁ | 5 7 7 6 
6 5       ǁ       | 4 5 ǁ 6 = 7 = = = = = = = = = = = 6 4 | ǁ 2 4 6 
3   2     7 4 1   | | 1 ǁ ǁ 2 ǁ 1 - - - - - - - - 5 = 8 3 | ǁ 4 4 ǁ 
1         2 |     | | 2 ǁ ǁ 4 ǁ   2               6 1 ǁ   | ǁ ǁ | ǁ 
2           1     | | | ǁ ǁ ǁ ǁ   1               2   ǁ 2 | ǁ ǁ | ǁ 
ǁ                 | 2 5 ǁ 6 5 ǁ                       4 2 | ǁ ǁ 4 ǁ 
ǁ                 | 1 3 ǁ 2 1 ǁ           2 - - - - - 4 1 | ǁ ǁ ǁ ǁ 
ǁ 3 = = = = = = = 7 = = 7 = = 6 = = = = = = = = = = = = = 6 7 8 6 ǁ 
5 5 - - 1 1 3 2 2 ǁ     | 2     3 5 3 2 = 4 - - 5 6 2 2 4 ǁ | | ǁ ǁ 
1 |         | | ǁ ǁ     | 5 2 - 4 | 5 = = 5 3 3 6 6 - - 5 ǁ | | ǁ ǁ 
4 7 = = = = 6 4 ǁ ǁ     | | 2 - 4 | 2     | |   4 6 4   ǁ ǁ | | ǁ ǁ 
ǁ | 3 4 6 2 ǁ ǁ ǁ ǁ     | | |   6 7 = = = 6 5   | 3 ǁ   ǁ ǁ | | ǁ ǁ 
2 | 5 = 8 2 ǁ ǁ ǁ ǁ     | | |   ǁ ǁ 2 3 3 | |   | ǁ ǁ 2 ǁ ǁ | | ǁ ǁ 
  | 6 4 ǁ 2 ǁ ǁ ǁ ǁ     | | |   2 ǁ 5 7 3 | |   | 4 ǁ ǁ ǁ ǁ | | ǁ ǁ 
  | 4 4 ǁ ǁ ǁ 5 5 6 2 2 7 4 3     ǁ | 2 2 | | 1 2 ǁ ǁ ǁ ǁ ǁ | | ǁ ǁ 
3 5 | | 5 5 ǁ ǁ 3 7 - - 2 4 2     ǁ |   | | | | | ǁ ǁ ǁ ǁ ǁ | | ǁ ǁ 
3 3 2 | 3 3 ǁ ǁ 3 ǁ 1 3 - 7 2 - 2 ǁ |   | | 4 7 4 ǁ ǁ ǁ ǁ ǁ | 2 ǁ ǁ 
4     | 5 2 ǁ ǁ 3 4 2 7 2 ǁ 2   | ǁ | 1 | | | 5 3 ǁ ǁ ǁ ǁ ǁ | 1 ǁ ǁ 
4     | | | 6 ǁ   ǁ   3 1 ǁ |   | ǁ |   | | | ǁ | ǁ ǁ ǁ ǁ ǁ |   ǁ ǁ 
ǁ 2 = 4 | | ǁ ǁ 2 7 = = = 7 4 - 6 8 5 4 5 | 3 ǁ 2 ǁ 3 ǁ ǁ ǁ | 4 6 ǁ 
ǁ 2   | | | ǁ ǁ 2 ǁ 4 = = 6 2   ǁ ǁ 2 1 2 | 2 ǁ   4 | ǁ ǁ ǁ | 3 3 ǁ 
ǁ 6 = 7 | | 7 6 3 ǁ ǁ 1   |     4 ǁ 1 2 | | 2 ǁ   ǁ | ǁ ǁ 3 | | | ǁ 
ǁ 4 3 3 2 2 ǁ   2 ǁ 3 2 - 5 2 - 4 ǁ   ǁ | | ǁ ǁ   ǁ | ǁ ǁ | | 4 5 ǁ 
4 | |   6 6 ǁ 6 4 ǁ 3     ǁ 1 - 6 8 = 8 4 | ǁ ǁ   4 7 6 ǁ | 2 1 ǁ ǁ 
| 4 2 1 ǁ ǁ ǁ 6 2 ǁ 4 = = 8 3   2 6 2 2 2 | 4 8 = = 6 2 ǁ 5 3   ǁ ǁ 
2 4 3 | 2 2 ǁ 4 2 ǁ       4 3 - - 4 - 2   | 2 5 1 2 6 2 ǁ 2 4 3 ǁ ǁ 
4 = 8 3 3 2 ǁ 2 - 5 = = = = = 6 = = = = = 4 - - - - - - 4 - - - 7 6 
4 = 6 - - - 7 = = = = = = 5 = 7 - - - - - - - - - - - - - - 2 2 | 2 
3   |   5   2 3 - - - - - 5 3 6 = = = = = = = = = = = = 6 = = 6 3 3 
2 3 4 - 6 3 - 4 3 4 = = = 3 3 3 1 3 = 3 - - - - - - - - 5 = 4 4 1 2 
