34 34
3 0 0 3 2 0 0 0 4 4 0 2 2 0 4 0 0 0 3 3 0 0 0 0 0 0 0 0 0 0 0 0 6 2 
0 3 0 6 0 0 0 0 7 8 0 0 0 0 6 0 1 3 5 0 1 5 0 0 6 5 6 0 0 0 0 0 6 3 
0 0 2 5 0 4 4 1 0 0 3 0 2 2 0 2 0 4 2 0 2 0 0 0 0 1 0 2 3 2 3 2 5 4 
0 0 2 0 0 0 0 0 0 0 2 0 0 0 0 0 2 2 1 0 0 0 0 0 0 0 0 4 7 0 6 0 7 3 
0 0 3 0 0 0 4 2 0 0 4 0 5 4 8 0 4 5 0 4 4 0 2 0 8 2 0 3 7 2 0 4 4 2 
0 0 2 0 0 0 2 0 0 0 0 0 4 2 3 1 3 4 0 3 3 0 0 0 2 0 0 1 1 0 0 2 3 4 
0 0 1 0 0 0 4 5 0 0 6 0 0 0 0 0 8 0 0 0 0 8 0 0 0 0 8 0 0 0 8 0 5 0 
0 1 0 0 0 0 0 0 0 0 0 3 0 3 1 0 0 2 5 4 3 0 0 0 0 0 0 3 0 3 0 1 0 0 
0 1 0 0 0 0 0 0 0 4 4 5 3 0 0 0 7 2 0 4 3 0 0 4 2 2 0 0 0 0 0 0 0 0 
0 0 0 0 4 7 4 0 0 0 2 3 0 1 0 0 4 0 3 0 2 0 0 0 0 0 0 4 0 3 4 0 0 0 
0 5 4 0 0 0 2 0 0 6 0 0 0 0 0 0 0 0 0 7 4 0 0 0 0 0 0 6 2 0 2 0 2 0 
0 0 0 0 0 0 0 0 0 0 4 6 0 5 1 2 0 4 0 6 4 0 0 0 2 0 0 5 1 0 0 0 4 4 
0 0 0 0 0 0 0 3 0 6 5 0 1 0 4 6 2 3 2 0 3 0 0 0 0 0 0 6 0 6 0 5 8 4 
0 0 1 0 0 0 0 0 0 3 2 0 0 0 5 7 0 0 0 7 4 0 4 4 0 0 0 4 0 0 2 0 5 4 
0 0 0 0 0 0 4 2 0 4 4 0 0 0 3 5 2 1 0 5 2 0 0 0 0 0 0 6 2 0 4 0 0 0 
0 0 0 0 2 0 0 2 0 0 0 0 3 7 0 0 0 0 0 0 0 5 0 0 0 0 0 4 4 0 0 0 0 0 
0 0 0 0 0 3 7 4 0 0 4 5 1 3 0 0 3 0 3 4 2 0 4 0 8 6 0 1 4 7 6 0 0 0 
0 0 0 0 0 0 5 2 0 0 4 4 0 0 0 0 0 0 0 0 0 4 2 1 0 0 0 0 1 6 5 0 0 4 
0 0 0 0 0 0 1 0 0 0 2 3 2 1 0 0 0 0 5 4 0 4 1 0 0 2 0 5 0 8 3 0 0 0 
0 6 0 8 0 0 0 0 5 5 0 0 0 0 0 0 0 0 5 0 0 0 0 0 3 0 0 0 2 5 1 0 0 0 
0 0 2 0 2 0 4 0 4 0 0 0 0 0 0 0 0 0 0 0 0 0 0 0 0 0 7 6 0 0 0 4 5 3 
0 0 0 0 4 4 0 0 0 4 0 5 0 0 0 5 0 0 0 3 0 0 0 0 0 0 0 2 3 0 0 5 0 1 
0 0 0 0 0 0 0 0 0 3 0 2 0 2 2 0 0 0 0 0 0 0 0 0 0 2 0 0 3 2 4 4 0 0 
4 5 6 0 0 0 0 0 0 3 0 0 0 7 4 0 0 0 0 0 0 0 0 0 0 0 0 0 2 0 0 0 0 0 
4 0 3 0 0 0 0 0 0 0 0 0 0 0 0 0 2 0 0 0 0 0 0 0 0 0 0 1 2 0 0 0 0 0 
4 0 0 0 0 0 0 2 0 0 1 0 0 0 0 0 0 0 0 0 0 0 0 0 0 0 0 0 0 0 0 0 0 0 
0 5 5 0 4 0 0 0 0 0 0 0 0 0 0 0 0 0 0 2 0 0 0 0 0 0 0 2 8 6 4 0 6 2 
0 2 2 0 2 0 0 0 0 0 0 0 0 0 0 0 0 0 0 1 0 0 0 0 0 0 0 0 0 2 1 0 7 4 
0 0 0 0 0 0 3 5 0 4 5 0 0 8 0 8 7 4 0 5 0 0 0 0 6 4 0 0 0 2 5 0 5 0 
0 0 0 0 0 0 1 2 0 2 2 2 0 6 2 0 2 4 2 0 0 0 0 0 2 0 0 0 0 0 2 0 0 0 
0 0 0 0 0 0 2 0 5 0 0 0 0 0 0 5 1 2 0 4 0 0 0 0 0 0 5 0 6 0 4 0 7 5 
4 0 0 8 0 8 0 0 0 0 0 0 0 0 0 0 0 0 0 0 0 0 0 0 5 5 6 2 0 0 1 2 4 4 
4 0 0 5 1 6 0 0 0 0 0 0 0 0 0 6 2 0 0 0 0 0 0 0 1 4 7 2 6 0 4 5 5 5 
3 1 1 3 0 5 0 0 0 3 0 0 2 0 0 4 0 0 0 3 0 0 0 0 1 0 2 1 4 0 3 4 6 4 
400 669
0 32 0 19
0 32 0 33
0 32 1 32
0 32 0 19
0 32 0 33
0 32 1 32
1 1 1 3
1 1 7 1
1 1 1 3
1 3 1 8
1 3 0 3
1 3 2 3
1 3 1 8
1 8 1 9
1 8 0 8
1 8 19 8
1 9 1 8
1 9 1 14
1 9 0 9
1 9 8 9
1 9 1 8
1 9 1 14
1 9 0 9
1 14 1 16
1 14 0 14
1 14 4 14
1 14 0 14
1 21 1 20
1 21 1 24
1 21 6 21
1 24 1 21
1 24 1 25
1 24 4 24
1 25 1 24
1 25 1 26
1 25 2 25
1 26 1 25
1 26 1 32
1 26 6 26
1 32 1 26
1 32 1 33
1 32 2 32
1 33 2 33
1 33 2 33
2 33 2 32
2 33 3 33
3 28 3 27
3 28 3 30
3 28 2 28
3 28 4 28
3 32 3 30
3 32 3 33
3 32 2 32
3 32 4 32
4 24 4 22
4 24 4 25
4 24 1 24
4 24 5 24
4 24 4 22
4 24 4 25
4 24 5 24
4 28 4 27
4 28 4 29
4 28 3 28
4 28 5 28
6 7 6 6
6 7 4 7
6 7 12 7
6 10 6 16
6 10 4 10
6 10 8 10
6 10 6 16
6 10 4 10
6 10 8 10
6 16 6 21
6 16 5 16
6 16 8 16
6 21 6 16
6 21 6 26
6 21 1 21
6 21 15 21
6 26 6 21
6 26 6 30
6 26 1 26
6 26 20 26
6 30 6 26
6 30 6 32
6 30 3 30
6 30 9 30
7 18 7 17
7 18 7 19
7 18 9 18
7 31 12 31
8 1 10 1
8 9 8 10
8 9 10 9
8 9 8 10
8 11 8 12
8 11 7 11
8 11 9 11
8 23 8 24
8 23 13 23
8 23 8 24
8 23 13 23
8 25 16 25
8 25 16 25
9 4 9 5
9 4 15 4
9 4 9 5
9 4 15 4
9 5 9 6
9 5 2 5
9 5 16 5
10 1 10 2
10 1 19 1
10 19 10 9
10 19 10 20
10 19 8 19
10 19 11 19
10 27 10 28
10 27 9 27
10 27 11 27
10 27 10 28
10 27 9 27
10 27 11 27
11 10 11 11
11 10 12 10
11 10 11 11
11 10 12 10
11 11 11 13
11 11 16 11
11 11 11 13
11 11 16 11
11 24 16 24
12 9 12 10
12 9 10 9
12 9 13 9
12 9 12 10
12 9 10 9
12 9 13 9
12 10 13 10
12 27 12 29
12 27 11 27
12 27 13 27
12 27 12 29
12 27 11 27
12 27 13 27
12 29 12 31
12 29 9 29
12 29 16 29
12 29 12 31
12 32 12 31
12 32 12 33
12 32 11 32
12 32 13 32
12 32 12 31
12 32 12 33
12 32 11 32
12 32 13 32
12 33 11 33
12 33 13 33
13 14 13 15
13 14 12 14
13 14 14 14
13 19 13 15
13 19 13 20
13 19 11 19
13 19 14 19
13 22 13 23
13 22 16 22
13 22 13 23
13 22 16 22
13 27 14 27
13 33 13 32
13 33 17 33
13 33 13 32
14 27 14 28
14 27 13 27
14 27 15 27
14 27 14 28
14 27 15 27
14 30 13 30
14 30 16 30
14 30 13 30
14 30 16 30
15 13 15 12
15 13 15 21
15 13 11 13
15 13 16 13
15 27 15 28
15 27 16 27
15 28 16 28
16 6 16 5
16 6 16 7
16 6 14 6
16 6 17 6
16 24 16 22
16 24 16 25
16 24 11 24
16 24 19 24
16 29 16 28
16 29 16 30
16 29 17 29
16 30 16 29
16 30 17 30
17 6 17 7
17 6 16 6
17 6 18 6
17 23 17 22
17 33 17 30
17 33 20 33
17 33 17 30
18 29 18 27
18 29 18 30
18 29 17 29
18 29 19 29
18 29 18 27
18 29 18 30
18 29 17 29
18 29 19 29
19 1 19 3
19 1 10 1
19 1 23 1
19 3 19 1
19 3 19 8
19 3 2 3
19 3 31 3
20 2 23 2
20 32 20 31
20 32 20 33
20 32 26 32
21 15 21 11
21 15 21 19
21 15 28 15
21 31 21 28
21 31 20 31
21 31 22 31
23 2 23 1
23 2 20 2
23 2 24 2
23 2 23 1
23 2 24 2
23 13 23 9
23 13 23 14
23 13 22 13
23 13 28 13
25 0 24 0
25 0 31 0
25 0 24 0
25 0 31 0
26 1 26 2
26 1 23 1
26 1 27 1
26 4 21 4
26 4 27 4
26 4 21 4
26 4 27 4
26 28 26 27
26 28 26 29
26 28 24 28
26 28 30 28
26 28 26 27
26 28 26 29
26 28 24 28
26 28 30 28
26 29 26 30
26 29 22 29
26 29 27 29
26 29 26 30
27 32 27 30
27 32 27 33
27 32 26 32
27 32 28 32
28 13 28 10
28 13 28 15
28 13 23 13
28 13 29 13
28 15 28 13
28 15 28 16
28 15 21 15
28 15 30 15
28 30 28 29
28 30 28 32
28 30 29 30
29 13 29 11
29 13 29 14
29 13 28 13
29 13 29 11
29 13 29 14
30 8 30 6
30 8 30 15
30 8 20 8
30 28 30 26
30 28 30 30
30 28 32 28
30 28 30 26
30 32 30 30
30 32 30 33
30 32 28 32
30 32 31 32
31 0 31 3
31 0 32 0
31 3 31 5
31 3 19 3
31 3 32 3
31 3 31 5
31 3 32 3
31 3 32 3
31 5 31 24
31 5 21 5
31 5 32 5
32 0 32 3
32 0 33 0
32 0 32 3
32 4 32 5
32 5 32 15
32 5 31 5
32 5 33 5
32 5 32 15
32 15 32 16
32 15 33 15
32 15 32 16
32 15 33 15
32 26 32 25
32 26 32 27
32 26 31 26
32 26 33 26
32 28 32 27
32 28 32 30
32 28 33 28
32 28 32 30
32 28 33 28
32 33 32 32
32 33 31 33
32 33 33 33
33 0 33 1
33 2 33 3
33 3 33 5
33 3 33 5
33 5 33 9
33 5 33 9
33 9 33 12
33 12 33 15
33 15 33 19
33 19 33 24
33 28 33 27
33 28 33 30
33 32 33 31
33 32 33 33
33 32 32 32
33 32 33 31
33 32 33 33
33 32 32 32
33 33 32 33
0 8 0 4
0 8 0 9
0 8 0 4
0 9 0 11
0 11 0 12
0 12 0 14
0 14 0 18
1 18 1 17
1 18 0 18
1 18 2 18
4 10 4 12
4 10 3 10
4 28 4 27
4 28 4 29
4 31 4 32
4 31 5 31
4 31 4 32
4 31 5 31
5 12 5 13
5 12 4 12
5 12 5 13
5 12 4 12
5 27 4 27
6 16 5 16
6 16 8 16
6 21 15 21
6 26 20 26
6 30 6 32
6 30 3 30
6 30 9 30
7 14 7 13
8 16 8 12
8 16 8 17
8 16 9 16
9 10 9 11
9 27 9 29
9 27 7 27
9 30 9 29
9 30 10 30
10 1 10 2
10 2 6 2
10 2 13 2
10 9 10 19
11 27 11 28
11 32 11 33
11 32 10 32
11 33 5 33
11 33 5 33
12 12 15 12
12 18 12 17
14 15 14 14
14 15 14 16
14 15 13 15
15 28 16 28
16 24 16 22
16 24 16 25
16 24 19 24
16 25 18 25
16 29 16 28
16 29 16 30
17 6 17 7
17 28 17 29
17 29 17 30
17 29 17 30
18 27 20 27
18 30 19 30
19 1 23 1
19 3 19 8
19 3 2 3
19 18 19 9
19 18 19 24
19 18 18 18
19 29 19 28
20 26 20 8
20 26 20 27
20 26 30 26
21 4 21 5
21 4 20 4
21 5 31 5
21 9 21 11
21 9 22 9
21 9 21 11
21 9 22 9
22 25 28 25
22 31 22 30
22 31 21 31
22 31 22 30
23 0 0 0
23 0 24 0
23 0 0 0
23 0 24 0
23 14 23 13
23 14 22 14
23 14 23 13
23 28 22 28
24 2 26 2
24 16 28 16
24 27 21 27
25 7 28 7
25 10 28 10
26 1 26 2
26 1 27 1
26 2 27 2
26 30 26 32
26 30 22 30
26 32 26 33
26 32 20 32
26 32 27 32
27 2 26 2
27 29 28 29
27 32 27 33
27 32 28 32
27 33 26 33
27 33 30 33
28 13 28 10
28 15 28 16
28 15 30 15
28 24 28 19
28 24 28 25
28 24 29 24
28 24 28 19
28 24 28 25
28 24 29 24
28 25 22 25
28 30 28 32
28 30 29 30
29 18 29 17
30 30 30 32
30 30 31 30
30 32 30 33
30 32 31 32
30 33 31 33
30 33 31 33
31 5 31 24
31 24 31 25
31 24 32 24
31 24 31 25
31 27 31 26
31 33 31 32
32 25 32 26
32 25 31 25
32 25 32 26
32 30 32 31
32 30 33 30
32 33 32 32
33 26 32 26
33 30 33 31
33 31 32 31
0 0 0 3
3 10 2 10
3 27 3 28
3 27 2 27
3 27 3 28
5 2 4 2
5 33 5 32
5 33 4 33
7 13 7 11
7 27 7 29
7 29 7 27
9 10 9 11
9 13 9 16
9 16 9 18
9 16 8 16
9 18 7 18
10 32 6 32
12 18 12 17
16 7 16 6
16 7 15 7
16 7 16 6
16 20 16 19
16 25 18 25
18 27 20 27
19 29 19 28
20 4 20 6
20 6 20 8
20 6 28 6
20 6 20 8
20 26 20 27
20 26 30 26
21 33 20 33
22 14 22 13
22 30 22 29
23 28 22 28
24 16 28 16
25 7 28 7
29 18 29 17
30 8 30 6
30 8 30 15
30 15 30 16
31 25 31 26
31 25 31 26
31 26 31 27
31 26 30 26
31 32 31 31
32 32 32 31
2 10 2 12
2 27 2 28
2 28 2 29
2 29 2 30
5 2 4 2
6 32 5 32
6 32 5 32
7 13 7 11
8 11 8 12
8 16 8 17
14 6 14 7
14 6 10 6
14 6 14 7
16 5 9 5
16 20 16 19
19 8 19 9
19 8 19 9
20 32 20 31
22 28 21 28
30 19 30 17
30 19 28 19
30 19 30 17
30 19 28 19
31 31 32 31
2 10 2 12
2 13 4 13
4 2 3 2
4 12 4 13
4 12 4 13
4 13 4 14
4 32 4 33
7 17 7 18
7 19 7 20
7 19 8 19
7 19 7 20
7 20 8 20
8 19 8 20
8 19 10 19
8 20 9 20
9 20 10 20
10 6 9 6
10 20 10 19
10 20 11 20
11 19 11 17
11 19 11 20
11 19 13 19
11 19 11 17
11 20 12 20
12 7 6 7
16 19 16 18
16 19 18 19
18 19 18 18
18 19 18 21
18 19 18 18
18 21 18 22
18 21 17 21
18 21 17 21
20 27 20 31
20 27 21 27
21 28 21 31
29 17 29 16
29 17 28 17
3 2 2 2
3 32 3 30
3 32 3 33
3 32 2 32
9 6 9 5
9 6 6 6
11 17 11 15
11 17 12 17
11 20 12 20
12 16 12 15
12 20 13 20
13 20 13 19
13 20 14 20
14 20 14 19
17 21 17 22
17 21 15 21
28 17 28 16
28 17 28 19
28 17 28 16
29 16 28 16
2 2 2 3
2 3 2 5
2 5 2 6
2 5 2 6
2 6 2 7
2 6 4 6
2 32 2 31
3 30 2 30
4 6 4 7
4 6 5 6
4 6 5 6
6 6 6 7
12 16 12 15
15 21 15 13
27 19 26 19
2 30 2 31
12 15 12 14
12 15 11 15
12 15 13 15
12 15 12 14
13 15 13 14
13 15 13 19
13 15 14 15
14 19 14 17
21 19 21 15
21 19 26 19
12 14 11 14
13 14 14 14
14 15 14 16
21 11 22 11
11 13 15 13
21 11 22 11
22 9 23 9
23 9 28 9
28 9 28 10
28 9 29 9
28 9 28 10
29 9 29 10

4710

3 - - 3 2 = = = 4 4 - 2 2 - 4 - - - 3 3 = = = = = = = = = = = = 6 2 
ǁ 3 = 6 = = = = 7 8 = = = = 6 - 1 3 5   1 5 = = 6 5 6 = = = = = 6 3 
ǁ | 2 5 - 4 4 1 | | 3 = 2 2 | 2   4 2   2 ǁ     ǁ 1 ǁ 2 3 2 3 2 5 4 
ǁ | 2 ǁ   | |   | | 2     | |   2 2 1     ǁ     ǁ   ǁ 4 7 - 6 = 7 3 
ǁ | 3 ǁ   | 4 2 | | 4 - 5 4 8   4 5   4 4 ǁ 2 = 8 2 ǁ 3 7 2 ǁ 4 4 2 
ǁ | 2 ǁ   | 2 | | | ǁ   4 2 3 1 3 4   3 3 ǁ     2   ǁ 1 1   ǁ 2 3 4 
ǁ | 1 ǁ   | 4 5 | | 6 = = = = = 8 = = = = 8 = = = = 8 = = = 8 = 5 ǁ 
ǁ 1 | ǁ   | | ǁ | | ǁ 3 = 3 1   ǁ 2 5 4 3 ǁ         ǁ 3 = 3 ǁ 1 | ǁ 
ǁ 1 | ǁ   | | ǁ | 4 4 5 3 - - - 7 2 ǁ 4 3 ǁ   4 2 2 ǁ |     ǁ | | ǁ 
ǁ | | ǁ 4 7 4 ǁ | | 2 3   1 - - 4 - 3 ǁ 2 ǁ   ǁ   ǁ ǁ 4 - 3 4 | | ǁ 
ǁ 5 4 ǁ ǁ ǁ 2 ǁ | 6 = = = = = = = = = 7 4 ǁ   ǁ   ǁ ǁ 6 2 | 2 | 2 ǁ 
ǁ ǁ | ǁ ǁ ǁ | ǁ | ǁ 4 6 = 5 1 2 - 4 = 6 4 ǁ   ǁ 2 ǁ ǁ 5 1 |   | 4 4 
ǁ ǁ | ǁ ǁ ǁ | 3 | 6 5 ǁ 1 ǁ 4 6 2 3 2 ǁ 3 ǁ   ǁ ǁ ǁ ǁ 6 = 6 = 5 8 4 
ǁ ǁ 1 ǁ ǁ ǁ |   | 3 2 ǁ | ǁ 5 7 = = = 7 4 ǁ 4 4 ǁ ǁ ǁ 4   | 2   5 4 
ǁ ǁ   ǁ ǁ ǁ 4 2 | 4 4 ǁ | ǁ 3 5 2 1 - 5 2 ǁ ǁ   ǁ ǁ ǁ 6 2 | 4     | 
ǁ ǁ   ǁ 2 ǁ | 2 |     ǁ 3 7 = = = = = = = 5 ǁ   ǁ ǁ ǁ 4 4 | ǁ     | 
ǁ ǁ   ǁ   3 7 4 |   4 5 1 3     3   3 4 2 | 4 = 8 6 ǁ 1 4 7 6     | 
ǁ ǁ   ǁ     5 2 |   4 4               |   4 2 1 ǁ ǁ ǁ   1 6 5 = = 4 
ǁ ǁ   ǁ     1   |   2 3 2 1         5 4 - 4 1   ǁ 2 ǁ 5 = 8 3     | 
ǁ 6 = 8 = = = = 5 5 - - - - - - - - 5 - - - - - 3   ǁ ǁ 2 5 1     | 
ǁ ǁ 2 ǁ 2 - 4 = 4 - - - - - - - - - - - - - - - - - 7 6 - - - 4 5 3 
ǁ ǁ ǁ ǁ 4 4 |   | 4 = 5 - - - 5 = = = 3             ǁ 2 3 = = 5 ǁ 1 
ǁ ǁ ǁ ǁ ǁ ǁ |   | 3   2   2 2 ǁ       |           2 ǁ | 3 2 4 4 ǁ   
4 5 6 ǁ ǁ ǁ |   | 3 - - - 7 4 ǁ       |           ǁ ǁ | 2 | |   ǁ   
4 | 3 ǁ ǁ ǁ |   | |       ǁ   ǁ 2     |           ǁ ǁ 1 2 | |   ǁ   
4 | | ǁ ǁ ǁ | 2 | | 1     ǁ   ǁ ǁ     |           ǁ ǁ   ǁ | |   ǁ   
ǁ 5 5 ǁ 4 ǁ | ǁ | | |     ǁ   ǁ ǁ     2           ǁ ǁ 2 8 6 4 - 6 2 
ǁ 2 2 ǁ 2 ǁ | ǁ | | |     ǁ   ǁ ǁ     1           ǁ ǁ   ǁ 2 1 - 7 4 
ǁ     ǁ   ǁ 3 5 | 4 5 = = 8 = 8 7 4 - 5 = = = = 6 4 ǁ   ǁ 2 5 = 5 | 
ǁ     ǁ   ǁ 1 2 | 2 2 2 = 6 2 ǁ 2 4 2 ǁ         2   ǁ   ǁ   2   | | 
ǁ     ǁ   ǁ 2 = 5 = = = = = = 5 1 2 = 4             5 = 6 - 4 = 7 5 
4 - - 8 = 8 = = = = = = = = = = = = = = = = = = 5 5 6 2 |   1 2 4 4 
4 = = 5 1 6 = = = = = = = = = 6 2               1 4 7 2 6 = 4 5 5 5 
3 1 1 3 = 5 = = = 3 - - 2 - - 4 - - - 3 - - - - 1   2 1 4 - 3 4 6 4 
