34 34
4 6 0 0 0 0 0 3 2 5 4 0 0 3 0 0 0 4 0 3 4 0 6 3 3 4 0 6 0 0 5 4 6 3 
2 0 0 2 0 0 0 0 0 8 0 0 0 0 0 0 0 7 0 0 0 0 7 0 7 6 2 0 4 0 6 3 0 0 
3 8 0 4 0 1 0 0 0 0 0 0 0 0 0 0 0 0 3 2 0 0 0 0 0 0 0 0 6 0 3 2 7 4 
3 5 1 0 3 4 0 0 0 0 0 0 0 0 0 1 0 0 2 0 0 0 0 0 0 0 0 0 5 1 0 0 0 1 
0 0 0 0 0 0 0 0 0 0 0 0 0 0 0 0 0 0 2 0 0 0 0 0 0 0 0 0 4 0 6 5 0 1 
3 0 0 7 5 6 0 0 0 7 0 0 0 0 0 6 4 0 0 0 0 0 0 4 6 0 0 0 2 3 0 2 0 0 
0 0 0 0 2 0 3 3 0 0 4 4 0 3 3 4 0 0 0 0 0 0 0 2 0 0 0 0 4 6 7 0 7 4 
0 0 0 0 1 0 1 0 0 0 5 6 2 0 3 2 0 0 5 6 0 0 7 4 0 0 0 0 0 0 0 2 0 2 
0 1 0 0 0 4 2 0 0 0 3 6 0 6 0 1 2 0 3 0 3 4 0 0 0 0 0 0 0 0 5 3 0 1 
0 0 0 0 3 4 0 0 1 0 3 6 4 0 0 0 0 0 4 0 1 0 0 2 0 0 0 0 4 0 0 2 0 0 
0 3 0 6 0 0 3 0 0 0 0 1 0 0 0 0 0 0 6 3 0 0 0 2 0 0 0 0 0 0 0 0 0 0 
0 4 4 2 0 0 0 4 3 5 5 3 0 0 0 0 0 0 6 4 0 0 3 3 3 4 2 0 4 0 0 0 0 0 
0 3 6 0 0 0 0 0 0 5 0 7 5 0 0 0 0 0 4 0 0 0 2 0 6 5 2 0 2 0 5 4 0 0 
0 2 5 0 0 1 0 2 0 5 2 2 1 0 0 0 0 0 2 4 0 5 0 0 2 4 4 0 0 0 1 0 0 0 
4 0 0 0 0 0 0 0 0 0 0 0 0 5 0 0 0 5 0 0 0 0 0 0 0 0 0 7 0 7 0 0 6 3 
0 3 0 0 4 0 5 6 4 4 6 6 3 0 1 0 0 0 2 5 0 5 0 0 0 0 3 0 2 0 3 2 0 3 
0 0 2 0 0 2 0 0 5 3 0 0 0 0 2 2 0 0 0 0 0 0 2 5 0 3 0 0 4 7 7 4 0 0 
0 5 6 0 6 5 0 0 3 1 0 0 0 0 0 0 0 0 0 0 0 0 0 0 0 0 0 0 0 4 0 0 0 3 
0 1 2 0 5 3 0 0 0 0 0 0 0 0 3 7 2 0 0 0 0 0 0 0 0 0 0 0 0 0 0 0 0 0 
6 0 0 6 6 3 0 0 0 0 0 0 0 0 3 0 2 0 0 2 0 0 0 0 0 2 0 0 0 2 0 0 0 0 
0 0 1 0 0 0 0 0 0 0 0 0 2 0 6 5 0 0 0 0 0 0 0 3 2 0 0 0 0 0 0 0 0 2 
0 1 0 0 0 0 0 0 4 5 0 0 0 0 0 5 4 0 0 0 0 0 0 2 0 0 0 0 0 0 0 0 0 0 
0 0 3 4 3 0 0 2 0 4 0 0 1 0 0 0 2 0 0 0 0 0 0 0 0 0 0 0 3 0 0 0 0 0 
0 0 0 4 4 0 0 2 0 2 0 2 0 0 0 5 6 0 0 1 0 6 0 6 4 0 0 0 3 0 0 0 0 0 
0 0 0 0 0 0 0 0 0 0 0 0 0 0 0 0 4 0 5 2 0 0 1 0 0 0 0 0 3 0 5 2 0 0 
4 0 0 0 1 2 0 6 7 0 8 0 0 7 4 0 2 0 2 0 0 4 2 0 2 0 0 0 0 0 4 1 0 0 
4 3 0 0 0 0 0 2 4 0 6 2 0 0 2 0 0 0 0 0 0 1 0 0 0 0 0 0 0 0 4 4 4 3 
4 0 7 0 0 0 6 0 0 0 0 0 0 6 7 7 0 6 0 0 0 0 0 0 0 6 5 0 1 0 0 3 3 0 
4 0 6 0 4 2 0 0 0 1 0 0 2 1 0 5 4 6 0 0 0 0 4 3 1 0 4 0 0 0 0 0 0 0 
4 0 0 0 0 0 7 0 0 0 0 0 6 4 0 2 3 0 3 0 0 0 6 0 0 6 5 6 0 0 6 0 4 0 
0 4 6 4 3 0 7 0 0 0 0 2 4 4 0 3 2 0 3 4 4 0 6 3 1 0 4 3 2 4 4 3 2 0 
6 5 4 0 0 0 7 0 0 0 0 0 0 0 3 4 0 5 0 6 6 0 0 0 0 7 0 0 0 7 3 3 2 3 
6 5 0 0 4 0 6 0 0 0 0 0 0 0 0 0 0 0 0 0 0 0 0 2 4 8 4 4 0 7 0 3 0 0 
4 4 2 1 3 1 3 0 0 0 0 0 0 0 0 0 0 0 0 0 0 0 0 1 4 6 0 0 4 4 0 0 0 0 
400 732
0 0 0 1
0 0 1 0
0 0 0 1
0 0 1 0
0 1 0 7
0 1 2 1
0 9 0 8
0 9 0 10
0 9 1 9
0 22 0 20
0 22 0 23
0 22 1 22
0 22 0 20
0 22 0 23
0 22 1 22
0 27 0 25
0 27 0 30
0 27 14 27
0 27 0 25
0 27 0 30
0 27 14 27
0 32 0 31
0 32 0 33
0 32 2 32
0 32 0 31
0 32 0 33
0 32 2 32
0 33 2 33
1 9 1 3
1 9 1 17
1 9 0 9
1 9 5 9
1 9 1 3
1 9 1 17
1 9 0 9
1 17 1 22
1 17 0 17
1 17 14 17
1 24 1 22
1 24 1 25
1 24 0 24
1 24 5 24
1 28 1 30
1 28 2 28
1 28 1 30
1 28 2 28
1 30 1 31
1 30 0 30
1 30 2 30
1 30 1 31
2 1 2 0
2 1 2 3
2 1 0 1
2 1 3 1
2 28 2 30
2 28 3 28
2 28 2 30
2 28 3 28
2 32 2 31
2 32 2 33
2 32 6 32
2 33 2 32
2 33 3 33
3 15 5 15
4 30 4 28
4 30 4 31
4 30 6 30
4 30 4 28
4 30 4 31
4 30 6 30
4 33 6 33
5 3 5 0
5 3 5 4
5 3 2 3
5 3 10 3
5 9 5 5
5 9 5 15
5 9 11 9
5 15 5 9
5 15 5 16
5 15 6 15
5 15 5 16
5 16 8 16
5 23 5 24
5 23 6 23
5 23 5 24
5 23 6 23
6 10 6 11
6 10 7 10
6 10 6 11
6 10 7 10
6 11 6 13
6 11 7 11
6 15 6 14
6 15 7 15
6 15 6 14
6 30 6 29
6 30 6 32
6 30 8 30
6 33 6 32
6 33 7 33
6 33 6 32
7 11 7 10
7 11 7 12
7 11 8 11
7 11 7 10
7 11 7 12
7 14 7 15
7 14 6 14
7 14 15 14
7 18 7 19
7 18 4 18
7 18 8 18
7 22 7 19
7 22 7 23
7 22 1 22
7 22 11 22
7 23 7 22
7 23 9 23
7 23 7 22
8 1 10 1
8 11 8 10
8 11 8 13
8 11 9 11
8 11 8 10
8 11 8 13
8 13 6 13
8 13 14 13
8 13 6 13
8 13 14 13
8 21 8 20
8 21 13 21
8 21 8 20
8 21 13 21
9 11 9 10
9 11 9 12
9 11 10 11
9 12 9 11
9 12 12 12
9 12 9 11
9 23 10 23
10 18 10 19
10 18 9 18
10 18 11 18
10 18 10 19
10 18 9 18
10 18 11 18
10 23 11 23
11 18 11 19
11 18 12 18
11 18 11 19
11 18 12 18
11 19 10 19
11 19 13 19
11 28 9 28
11 28 12 28
11 28 9 28
11 28 12 28
12 11 12 9
12 11 12 12
12 11 11 11
12 11 13 11
12 18 13 18
12 30 12 31
12 30 8 30
12 30 13 30
14 27 14 17
14 27 14 29
14 27 29 27
15 19 15 18
15 19 15 21
15 19 19 19
16 23 16 22
16 23 16 25
16 23 20 23
16 29 16 28
16 29 16 30
16 29 14 29
16 29 17 29
17 1 17 2
17 1 15 1
17 1 18 1
18 15 18 14
18 15 18 16
18 15 16 15
18 15 20 15
19 0 19 3
19 0 14 0
19 0 25 0
19 0 19 3
19 0 14 0
19 0 25 0
19 3 19 4
19 3 11 3
19 3 22 3
19 3 19 4
19 4 19 5
19 4 18 4
19 4 22 4
19 4 19 5
20 2 22 2
21 1 26 1
25 0 26 0
25 8 25 7
25 8 25 10
25 8 21 8
25 8 26 8
25 10 25 8
25 10 25 13
25 10 15 10
25 10 26 10
26 10 26 8
26 10 26 11
26 10 25 10
26 10 26 8
26 10 26 11
27 2 27 0
27 2 27 6
27 2 22 2
27 2 28 2
27 14 27 13
27 14 27 15
27 14 26 14
27 14 31 14
27 26 27 25
27 26 15 26
27 26 28 26
28 15 28 16
28 15 27 15
28 15 29 15
29 6 29 0
29 6 29 12
29 6 27 6
29 6 30 6
30 1 30 2
30 1 31 1
30 1 30 2
30 1 31 1
30 2 30 3
30 2 31 2
30 2 30 3
30 2 31 2
30 3 30 4
30 3 33 3
30 13 30 12
30 13 29 13
30 13 30 12
30 13 29 13
30 22 30 20
30 22 30 23
30 22 29 22
30 22 30 20
30 22 30 23
30 22 29 22
31 0 31 1
31 0 29 0
31 0 32 0
31 0 31 1
31 0 29 0
31 0 32 0
31 2 31 1
31 2 33 2
31 17 31 15
31 17 31 19
31 17 28 17
31 19 31 17
31 19 31 20
31 19 30 19
31 20 31 19
31 20 31 25
31 20 30 20
31 20 31 19
31 20 31 25
31 25 31 29
31 25 29 25
31 25 32 25
32 0 32 1
32 0 33 0
32 1 32 0
32 1 33 1
32 1 32 0
32 1 33 1
32 25 32 24
32 25 32 26
32 25 31 25
32 25 33 25
32 25 32 24
32 25 32 26
32 25 31 25
32 26 32 27
32 27 32 26
32 27 32 29
32 27 32 29
32 29 32 31
32 29 31 29
32 29 33 29
33 0 33 1
33 1 33 0
33 4 33 5
33 4 32 4
33 4 32 4
33 6 33 23
33 6 32 6
33 6 32 6
33 24 33 25
33 24 32 24
33 24 33 25
33 24 32 24
33 25 33 28
33 28 33 25
33 28 33 29
33 28 33 29
33 29 32 29
0 1 0 7
0 7 0 8
0 10 0 13
0 20 0 19
0 23 0 24
0 25 0 24
0 25 1 25
0 30 0 31
0 30 0 31
1 24 1 22
1 24 1 25
1 24 5 24
1 31 2 31
2 1 2 0
2 1 2 3
2 1 3 1
2 3 2 5
2 32 6 32
3 2 3 1
3 5 3 4
3 5 5 5
3 5 3 4
3 5 5 5
3 29 3 28
4 28 3 28
4 28 5 28
4 31 5 31
4 31 5 31
5 3 5 0
5 3 5 4
5 3 10 3
5 5 5 4
5 5 5 9
5 5 8 5
5 9 11 9
5 16 8 16
5 24 11 24
7 10 8 10
7 19 7 18
7 19 7 22
7 19 2 19
8 5 8 6
8 5 9 5
8 5 8 6
8 15 16 15
9 10 11 10
9 18 9 20
9 18 8 18
9 28 6 28
10 3 10 1
10 3 10 6
10 3 11 3
10 3 10 1
10 6 15 6
11 1 11 2
11 1 12 1
11 1 11 2
11 1 12 1
11 2 12 2
12 2 12 1
12 2 11 2
12 2 13 2
12 2 13 2
12 2 13 2
12 18 13 18
12 30 12 31
12 30 8 30
12 31 9 31
12 31 15 31
13 5 16 5
13 19 13 21
13 26 13 25
13 26 12 26
13 26 13 25
13 26 12 26
14 0 5 0
14 13 25 13
14 29 14 27
14 29 6 29
14 29 16 29
14 29 6 29
14 32 14 33
14 32 6 32
14 32 26 32
14 32 14 33
14 32 6 32
14 32 26 32
15 4 17 4
15 28 16 28
16 14 18 14
17 1 17 2
17 1 15 1
17 2 16 2
17 2 18 2
17 2 16 2
17 2 18 2
17 4 17 5
17 4 15 4
17 4 18 4
17 4 17 5
17 4 18 4
17 29 16 29
17 29 19 29
17 29 16 29
18 4 18 5
18 15 18 14
18 15 18 16
18 15 20 15
19 14 20 14
19 29 30 29
20 14 20 15
20 14 19 14
20 14 25 14
20 14 20 15
20 14 19 14
21 9 21 8
21 9 17 9
21 9 22 9
21 15 21 16
21 15 20 15
21 15 23 15
22 9 21 9
22 9 23 9
22 9 21 9
22 12 20 12
23 3 23 4
23 3 22 3
23 3 23 4
23 3 22 3
23 11 15 11
24 30 24 31
24 30 16 30
24 30 25 30
25 0 26 0
25 10 25 13
25 10 15 10
26 0 26 1
26 0 27 0
26 8 26 7
27 0 27 2
27 0 28 0
28 0 28 2
28 0 29 0
28 0 28 2
28 4 28 2
28 4 28 5
28 4 28 2
28 4 28 5
28 9 28 12
29 6 29 12
29 6 27 6
29 6 30 6
29 12 29 13
29 12 28 12
29 12 30 12
29 12 29 13
29 22 29 18
29 22 29 25
29 22 28 22
29 22 29 18
29 25 29 26
29 25 27 25
29 27 29 26
29 27 14 27
29 27 30 27
29 27 29 26
29 27 30 27
29 30 29 32
29 30 26 30
29 30 30 30
29 30 29 32
29 30 26 30
29 30 30 30
29 32 27 32
29 32 30 32
30 6 30 4
30 6 30 11
30 6 31 6
30 12 30 11
30 19 30 18
30 19 30 20
30 19 30 18
30 23 30 24
30 26 30 27
30 26 29 26
30 26 29 26
31 6 31 14
31 6 30 6
31 6 32 6
31 6 31 14
31 6 30 6
31 6 32 6
31 15 31 17
31 15 30 15
31 15 30 15
31 29 31 30
31 29 30 29
31 29 32 29
32 4 32 6
32 4 30 4
32 6 32 23
32 31 31 31
32 31 31 31
0 10 0 13
0 13 0 17
0 17 0 19
0 17 1 17
0 19 0 20
1 22 1 17
2 0 3 0
3 0 3 1
3 0 3 1
3 4 5 4
5 4 6 4
5 24 11 24
6 4 7 4
6 29 6 28
6 29 6 30
6 29 5 29
6 30 8 30
7 6 6 6
7 19 7 18
7 31 8 31
7 33 8 33
8 18 8 20
8 30 8 31
9 4 9 5
9 5 9 4
9 5 9 8
9 10 11 10
9 28 6 28
9 31 8 31
10 6 15 6
11 7 11 8
11 7 13 7
11 7 11 8
11 7 13 7
12 25 12 24
12 25 11 25
12 25 13 25
13 2 13 1
13 9 13 10
13 9 12 9
13 9 15 9
13 19 13 21
13 21 13 24
13 25 13 24
14 13 25 13
14 17 27 17
14 33 15 33
15 1 13 1
15 7 15 6
15 7 15 8
15 7 22 7
15 7 15 6
15 7 15 8
15 7 22 7
15 10 15 9
15 10 15 11
15 10 13 10
15 10 15 9
15 11 15 12
15 11 13 11
15 11 23 11
15 11 15 12
15 28 16 28
15 33 17 33
16 5 17 5
16 8 16 9
16 8 15 8
16 8 17 8
16 28 22 28
16 30 16 31
16 30 15 30
16 30 24 30
17 5 18 5
18 4 18 5
19 5 25 5
19 16 21 16
20 12 15 12
21 8 17 8
21 8 25 8
22 3 22 2
22 4 23 4
22 4 23 4
22 28 23 28
23 7 25 7
23 16 23 15
23 16 22 16
23 16 24 16
23 16 23 15
23 16 22 16
23 16 24 16
24 16 25 16
24 18 24 19
24 18 15 18
24 18 25 18
25 4 25 5
25 7 25 8
25 7 23 7
25 7 26 7
26 21 25 21
26 30 26 31
26 30 25 30
27 2 27 6
27 2 28 2
27 14 27 13
27 14 27 15
27 14 26 14
28 13 27 13
28 17 28 16
28 17 28 22
28 17 27 17
28 17 28 16
28 17 28 22
28 22 28 23
28 26 27 26
29 18 30 18
29 25 27 25
31 29 31 30
31 29 30 29
2 19 2 18
4 18 3 18
5 29 5 28
6 6 6 7
6 7 6 6
12 11 12 9
12 11 12 12
12 11 11 11
12 12 13 12
12 24 12 22
12 24 12 25
12 24 11 24
12 24 12 22
12 24 12 25
13 9 12 9
13 9 15 9
14 17 27 17
15 6 27 6
15 8 11 8
15 33 17 33
16 9 16 8
16 30 16 31
16 30 15 30
16 31 15 31
16 31 24 31
17 8 16 8
17 33 20 33
19 16 21 16
20 33 26 33
21 16 21 15
22 28 23 28
23 28 24 28
24 16 25 16
24 18 24 19
24 18 25 18
24 28 27 28
24 30 25 30
25 14 25 13
25 21 25 22
25 21 23 21
25 21 25 22
25 30 25 31
26 31 26 32
26 31 27 31
26 31 26 32
26 33 31 33
26 33 31 33
27 6 27 13
27 13 25 13
27 13 25 13
27 25 27 17
27 25 27 26
27 25 19 25
27 31 27 32
27 32 27 31
28 16 28 15
28 23 28 24
30 28 30 29
30 30 30 31
30 30 31 30
30 31 30 32
30 31 31 31
31 32 31 33
2 18 3 18
11 11 11 10
11 22 11 23
11 23 11 22
11 25 11 26
11 25 1 25
11 25 11 26
12 9 11 9
15 26 15 21
19 25 16 25
21 15 23 15
23 15 27 15
23 21 23 19
23 21 23 23
23 21 15 21
23 23 23 21
23 23 23 24
23 23 21 23
23 23 23 24
23 23 21 23
23 24 20 24
23 24 25 24
27 15 27 17
27 15 28 15
27 15 27 17
1 25 1 26
1 25 1 26
11 9 11 10
11 9 11 10
15 26 15 21
16 22 16 23
16 25 16 23
19 19 15 19
20 23 20 24
23 21 15 21

3750

4 6 = = = = = 3 2 5 4 = = 3 - - - 4 - 3 4 = 6 3 3 4 = 6 = = 5 4 6 3 
2 ǁ   2 = = = = = 8 = = = = = = = 7 = = = = 7 = 7 6 2 ǁ 4 = 6 3 ǁ | 
3 8 = 4 - 1       |               | 3 2     |   ǁ |   ǁ 6 = 3 2 7 4 
3 5 1 | 3 4       |           1   | 2 |     |   ǁ |   ǁ 5 1     ǁ 1 
      | | ǁ       |           |   | 2 |     |   ǁ |   ǁ 4 = 6 5 ǁ 1 
3 = = 7 5 6 = = = 7 = = = = = 6 4 | | |     | 4 6 |   ǁ 2 3 ǁ 2 ǁ | 
|     ǁ 2 | 3 3   ǁ 4 4 - 3 3 4 ǁ | | |     | 2 ǁ |   ǁ 4 6 7 - 7 4 
|     ǁ 1 | 1     ǁ 5 6 2 ǁ 3 2 ǁ | 5 6 = = 7 4 ǁ |   ǁ ǁ ǁ ǁ 2 ǁ 2 
| 1   ǁ   4 2     ǁ 3 6 = 6 | 1 2 | 3 - 3 4 | | ǁ |   ǁ ǁ ǁ 5 3 ǁ 1 
| |   ǁ 3 4 - - 1 ǁ 3 6 4 ǁ | |   | 4 - 1 ǁ | 2 ǁ |   ǁ 4 ǁ ǁ 2 ǁ   
| 3 = 6 - - 3     ǁ ǁ 1 | ǁ | |   | 6 3   ǁ | 2 ǁ |   ǁ ǁ ǁ ǁ | ǁ   
| 4 4 2     ǁ 4 3 5 5 3 | ǁ | |   | 6 4   ǁ 3 3 3 4 2 ǁ 4 ǁ ǁ | ǁ   
| 3 6 |     ǁ ǁ | 5 = 7 5 ǁ | |   | 4 |   ǁ 2 = 6 5 2 ǁ 2 ǁ 5 4 ǁ   
| 2 5 |   1 ǁ 2 | 5 2 2 1 ǁ | |   | 2 4 = 5 - - 2 4 4 ǁ   ǁ 1 | ǁ   
4 |   |   | ǁ   | ǁ | |   5 | |   5 - - - - - - - - - 7 = 7   | 6 3 
ǁ 3   | 4 | 5 6 4 4 6 6 3 ǁ 1 |   ǁ 2 5 - 5 = = = = 3 ǁ 2 ǁ 3 2 ǁ 3 
ǁ ǁ 2 | ǁ 2 | ǁ 5 3 ǁ ǁ | ǁ 2 2   ǁ | ǁ   ǁ 2 5 = 3 | ǁ 4 7 7 4 ǁ ǁ 
ǁ 5 6 | 6 5 | ǁ 3 1 ǁ ǁ | ǁ | |   ǁ | ǁ   ǁ   |   | | ǁ | 4 ǁ | ǁ 3 
ǁ 1 2 | 5 3 | ǁ | | ǁ ǁ | ǁ 3 7 2 ǁ | ǁ   ǁ   |   | | ǁ | | ǁ | ǁ | 
6 = = 6 6 3 | ǁ | | ǁ ǁ | ǁ 3 ǁ 2 ǁ | 2   ǁ   |   2 | ǁ | 2 ǁ | ǁ | 
ǁ   1 | | | | ǁ | | ǁ ǁ 2 ǁ 6 5 ǁ ǁ |     ǁ   3 2 | | ǁ | | ǁ | ǁ 2 
ǁ 1 | | | | | ǁ 4 5 ǁ ǁ | ǁ | 5 4 ǁ |     ǁ   2 | | | ǁ | | ǁ | ǁ | 
ǁ | 3 4 3 | | 2 ǁ 4 ǁ ǁ 1 ǁ | ǁ 2 ǁ |     ǁ   ǁ | | | ǁ 3 | ǁ | ǁ | 
ǁ | | 4 4 | | 2 ǁ 2 ǁ 2   ǁ | 5 6 ǁ | 1 - 6 = 6 4 | | ǁ 3 | ǁ | ǁ | 
ǁ | |     | | ǁ ǁ   ǁ     ǁ | | 4 ǁ 5 2   | 1   | | | ǁ 3 | 5 2 ǁ | 
4 | |   1 2 | 6 7 = 8 = = 7 4 | 2 ǁ 2     4 2   2 | | ǁ | | 4 1 ǁ | 
4 3 |       | 2 4 = 6 2   ǁ 2 |   ǁ       1       | | ǁ | | 4 4 4 3 
4 = 7 = = = 6 - - - - - - 6 7 7 = 6 - - - - - - - 6 5 ǁ 1 | ǁ 3 3 ǁ 
4 = 6 = 4 2 ǁ     1 - - 2 1 | 5 4 6 = = = = 4 3 1 ǁ 4 ǁ   | ǁ   | ǁ 
4 - - - - - 7 = = = = = 6 4 | 2 3 | 3 = = = 6 - - 6 5 6   | 6 = 4 ǁ 
ǁ 4 6 4 3 - 7 - - - - 2 4 4 | 3 2 | 3 4 4 = 6 3 1 | 4 3 2 4 4 3 2 ǁ 
6 5 4 | |   7 = = = = = = = 3 4 = 5 = 6 6 = = = = 7 - - - 7 3 3 2 3 
6 5 | | 4 - 6 - - - - - - - - - - - - - - - - 2 4 8 4 4 = 7 - 3     
4 4 2 1 3 1 3 - - - - - - - - - - - - - - - - 1 4 6 = = 4 4         
