34 34
1 0 0 0 0 3 3 6 0 4 1 0 0 2 0 0 0 0 5 4 3 0 0 0 5 3 3 3 2 0 5 4 3 2 
2 3 3 3 2 0 2 0 0 5 2 2 6 0 0 0 0 0 7 0 0 0 0 3 0 0 0 0 0 2 0 0 0 3 
0 0 6 7 5 0 3 0 0 3 4 0 6 2 0 0 0 0 0 3 5 0 0 7 7 1 0 0 1 0 0 0 0 0 
0 0 2 0 3 0 5 8 0 0 0 0 0 0 0 0 0 0 5 0 2 0 0 4 8 3 0 0 0 0 0 0 0 0 
0 0 2 0 1 0 1 0 2 0 0 3 0 0 0 0 2 0 2 0 0 1 0 0 3 2 2 0 0 0 5 0 5 0 
0 0 5 8 0 8 0 8 0 0 0 0 0 0 0 0 0 0 0 4 0 0 0 0 0 0 0 5 0 5 2 0 0 0 
0 0 0 0 0 0 0 0 1 1 0 5 0 0 6 0 0 0 0 0 0 0 0 0 0 0 0 0 0 5 1 0 0 0 
0 0 0 0 0 0 2 0 0 4 2 4 2 0 0 0 0 0 0 0 0 0 2 0 0 0 0 0 0 6 2 0 0 0 
0 0 0 0 0 0 0 0 0 4 0 0 0 0 8 0 0 0 0 0 0 0 0 0 0 0 0 0 0 0 0 0 6 3 
0 0 0 0 2 7 6 0 0 2 0 4 1 2 0 2 3 5 0 0 0 0 0 0 0 4 3 3 0 0 4 0 4 0 
0 0 3 0 1 0 4 0 4 0 0 6 6 6 0 0 0 0 2 3 0 0 0 0 0 0 0 1 2 0 3 2 0 1 
0 0 0 4 3 0 0 0 0 4 3 0 5 6 0 0 0 0 0 0 0 0 0 0 0 0 5 0 7 0 2 0 0 0 
0 0 0 1 2 0 4 0 0 0 0 0 2 0 0 0 0 0 0 0 0 0 0 0 0 0 4 2 0 0 0 0 0 0 
0 0 6 5 2 5 0 0 5 3 2 0 3 0 0 0 0 2 4 7 0 0 0 0 0 5 0 0 5 0 5 0 0 0 
0 0 4 5 0 7 4 0 2 0 1 0 0 0 0 0 0 0 0 3 0 4 2 0 0 0 3 0 3 0 3 0 0 0 
0 0 2 3 0 4 1 0 0 0 0 0 0 0 0 0 5 0 0 0 0 0 0 0 0 5 6 0 6 0 0 0 6 5 
3 8 0 0 0 0 0 7 0 0 0 6 4 2 0 6 7 5 6 0 0 0 6 4 0 0 0 0 0 2 0 3 0 0 
2 4 2 0 0 4 0 0 2 0 0 6 3 0 0 2 2 4 6 0 2 0 0 0 0 0 0 0 0 3 1 0 0 0 
3 5 0 0 0 8 0 7 0 0 0 0 0 0 7 0 0 6 0 0 0 0 4 0 0 0 0 0 0 0 0 0 0 0 
6 8 4 4 4 0 4 6 0 0 3 2 6 4 0 1 0 0 0 0 0 0 0 0 0 0 0 0 0 0 0 0 0 0 
0 0 3 0 2 0 2 3 4 3 5 2 0 4 0 0 0 0 0 2 0 0 0 6 4 0 0 0 0 4 3 5 0 0 
0 0 3 6 0 6 0 0 0 0 0 0 7 6 0 5 0 7 0 0 0 3 0 0 0 0 0 0 0 0 0 0 0 0 
0 5 0 0 0 0 0 0 5 0 0 4 6 6 0 2 0 0 2 0 0 0 0 0 2 0 0 0 0 0 3 0 0 0 
0 0 2 0 0 0 5 3 0 3 2 1 0 0 0 0 0 0 5 0 0 4 0 0 0 0 0 0 0 0 0 0 0 0 
0 0 0 0 0 0 3 0 0 5 5 0 3 0 0 0 0 0 0 0 0 0 0 0 0 0 5 4 0 0 0 0 0 0 
2 0 0 0 0 0 0 0 0 0 5 0 0 6 0 3 0 6 4 0 2 0 0 0 0 0 4 4 0 0 2 0 0 0 
3 6 0 0 0 0 7 5 0 0 1 0 0 2 0 2 0 2 0 0 0 0 0 0 0 0 2 1 0 0 0 0 0 0 
0 4 0 0 3 0 5 3 0 4 0 0 0 0 7 0 0 0 0 0 0 0 0 0 0 8 0 0 7 6 0 4 0 0 
0 1 0 2 0 0 0 0 4 3 0 0 5 3 0 2 0 4 0 2 0 0 1 0 0 0 4 2 0 0 0 2 0 4 
5 0 0 0 0 0 0 0 0 0 6 4 3 1 0 4 0 7 0 0 0 0 6 6 0 7 7 4 0 0 2 3 0 0 
4 2 4 3 0 0 3 3 0 0 4 0 0 0 0 4 2 0 0 0 2 0 6 4 4 4 4 4 0 0 0 0 0 4 
3 4 7 0 0 0 6 0 0 0 0 0 0 0 6 0 0 6 0 0 0 0 5 0 0 5 4 1 0 4 7 3 0 0 
2 7 5 1 1 0 2 3 0 6 0 0 5 0 4 4 0 6 1 1 0 3 0 0 0 0 0 0 6 3 6 0 5 5 
0 4 0 0 0 0 0 5 2 4 3 1 3 3 6 6 2 3 3 1 1 4 3 0 0 0 1 0 1 1 4 2 2 3 
400 675
0 7 0 6
0 7 0 9
0 7 3 7
0 7 0 6
0 7 0 9
0 7 3 7
0 9 0 10
0 9 1 9
0 18 0 13
0 18 0 19
0 18 1 18
0 24 0 20
0 24 0 25
0 24 2 24
0 30 0 28
0 30 0 31
0 30 4 30
1 9 1 10
1 9 2 9
1 9 1 10
1 9 2 9
1 12 1 11
1 12 1 18
1 12 2 12
1 12 1 11
1 12 1 18
1 12 2 12
1 29 5 29
2 2 2 3
2 2 1 2
2 2 3 2
2 2 2 3
2 2 1 2
2 2 3 2
2 3 2 4
2 3 1 3
2 3 5 3
2 12 2 10
2 12 2 13
2 12 7 12
2 12 2 10
2 23 2 20
2 23 2 24
2 23 1 23
2 23 3 23
2 24 2 23
2 24 2 25
2 24 0 24
2 24 3 24
3 7 3 6
3 7 5 7
3 7 3 6
3 7 5 7
3 7 3 6
3 7 3 6
3 18 3 20
3 18 1 18
3 18 4 18
3 24 3 23
3 24 3 25
3 24 2 24
3 24 4 24
4 2 5 2
4 32 4 30
4 32 0 32
4 32 8 32
5 3 5 2
5 3 5 5
5 3 2 3
5 3 11 3
5 5 5 3
5 5 5 7
5 5 0 5
5 5 9 5
5 7 5 5
5 7 16 7
5 7 16 7
5 19 5 27
5 19 10 19
5 19 5 27
5 19 10 19
6 11 6 9
6 11 4 11
6 11 7 11
6 14 8 14
6 14 8 14
6 29 6 30
6 29 5 29
6 29 7 29
7 6 9 6
7 9 7 10
7 9 8 9
7 9 7 10
7 9 8 9
8 9 8 14
8 9 9 9
8 14 18 14
8 32 8 33
8 32 4 32
8 32 9 32
8 32 8 33
8 32 9 32
9 6 9 5
9 6 7 6
9 6 10 6
9 6 9 5
9 6 10 6
9 25 9 26
9 25 13 25
9 25 9 26
9 25 13 25
9 32 9 30
9 32 15 32
10 6 10 4
10 6 12 6
10 13 10 12
10 13 9 13
10 13 11 13
10 13 10 12
10 13 9 13
10 13 11 13
11 13 11 12
11 13 16 13
11 13 11 12
11 13 16 13
11 26 11 28
11 26 9 26
11 26 12 26
12 6 12 4
12 6 14 6
12 6 12 4
13 2 13 3
13 2 10 2
13 2 14 2
13 2 13 3
13 2 10 2
13 2 14 2
13 8 13 9
13 8 10 8
13 8 14 8
13 19 13 18
13 19 13 25
13 19 10 19
13 19 14 19
13 30 13 28
13 30 11 30
13 30 14 30
14 2 14 3
14 2 15 2
14 5 14 3
14 5 14 6
14 5 13 5
14 5 15 5
14 6 14 5
14 6 15 6
15 16 15 25
15 16 9 16
15 16 16 16
15 32 15 28
15 32 15 33
15 32 32 32
15 32 15 28
15 32 15 33
15 33 10 33
15 33 28 33
15 33 28 33
16 1 16 0
16 1 16 7
16 1 1 1
16 1 17 1
16 1 16 0
16 1 16 7
16 1 1 1
16 1 17 1
16 15 16 16
16 15 9 15
16 15 17 15
16 15 16 16
16 15 9 15
16 15 17 15
16 17 16 16
16 17 16 18
16 17 17 17
16 18 16 17
16 18 16 22
16 18 17 18
16 18 16 17
16 18 16 22
16 22 16 23
16 22 18 22
16 22 16 23
16 22 18 22
16 23 16 29
16 23 20 23
17 18 17 17
17 18 17 20
17 18 22 18
17 18 17 17
17 18 17 20
18 5 18 1
18 5 18 7
18 5 17 5
18 5 21 5
18 5 18 1
18 5 18 7
18 5 17 5
18 5 21 5
18 7 18 14
18 7 16 7
18 7 19 7
18 17 18 14
18 17 17 17
18 17 21 17
18 17 18 14
18 17 21 17
18 22 28 22
19 0 19 1
19 0 18 0
19 0 25 0
19 0 19 1
19 0 18 0
19 0 25 0
19 1 19 2
19 1 18 1
19 1 22 1
19 4 19 3
19 4 20 4
19 4 19 3
19 4 20 4
19 6 19 7
19 6 20 6
19 6 19 7
19 6 20 6
19 7 19 10
19 7 18 7
19 7 20 7
19 12 19 11
19 12 19 13
19 12 21 12
19 12 19 11
19 12 19 13
19 12 21 12
19 13 19 15
19 13 20 13
20 13 21 13
20 19 28 19
20 31 20 30
20 31 16 31
20 31 27 31
21 5 21 3
21 5 21 12
21 15 21 13
21 15 21 17
21 15 22 15
21 17 21 15
21 17 25 17
21 17 25 17
21 21 23 21
22 8 22 1
22 8 22 11
22 8 28 8
22 18 23 18
23 6 23 2
23 6 23 7
23 6 24 6
23 18 25 18
23 21 21 21
23 21 32 21
23 21 32 21
24 9 24 10
24 9 23 9
24 9 27 9
24 27 24 26
24 27 25 27
24 27 24 26
24 27 25 27
25 10 25 13
25 10 24 10
25 10 26 10
25 17 25 15
25 17 25 18
25 17 26 17
25 17 25 15
25 18 23 18
25 18 32 18
25 20 30 20
26 6 26 1
26 6 26 7
26 6 24 6
26 6 27 6
27 25 27 28
27 25 29 25
27 28 27 25
27 28 27 29
27 28 32 28
27 28 27 29
27 28 32 28
27 28 27 29
27 29 27 31
27 29 20 29
27 29 31 29
27 31 20 31
27 31 28 31
28 12 28 9
28 12 28 13
28 12 29 12
28 26 28 27
28 26 29 26
28 26 28 27
28 26 29 26
28 31 29 31
28 33 30 33
29 0 29 10
29 0 26 0
29 0 30 0
29 10 29 0
29 10 29 11
29 10 30 10
29 22 29 23
29 22 30 22
29 22 29 23
29 22 30 22
29 22 29 23
29 22 30 22
29 23 29 25
29 23 20 23
29 23 30 23
29 25 29 26
29 25 27 25
29 25 30 25
29 27 29 26
29 27 30 27
29 27 29 26
29 27 30 27
30 23 30 22
30 23 30 24
30 23 30 22
30 24 30 25
30 27 30 26
30 27 31 27
30 33 28 33
30 33 32 33
30 33 32 33
31 2 31 1
31 2 31 6
31 2 30 2
31 2 32 2
31 17 31 14
31 17 29 17
31 17 32 17
31 17 31 14
31 17 29 17
31 17 32 17
31 22 31 25
31 22 30 22
31 22 33 22
31 29 31 30
31 29 32 29
31 29 31 30
31 30 31 31
31 30 29 30
31 30 32 30
32 1 32 0
32 1 32 2
32 1 31 1
32 1 33 1
32 2 32 1
32 2 32 3
32 2 31 2
32 4 32 6
32 9 32 7
32 9 32 12
32 9 33 9
32 9 32 7
32 9 32 12
32 9 33 9
32 17 32 15
32 17 33 17
32 28 32 29
32 28 33 28
32 28 32 29
32 30 32 32
32 30 31 30
32 30 33 30
32 30 32 32
32 30 31 30
33 1 33 7
33 1 32 1
33 1 33 7
33 9 33 8
33 9 33 10
33 10 33 11
33 14 33 13
33 14 33 15
33 14 32 14
33 14 33 13
33 14 33 15
33 14 32 14
33 15 33 16
33 15 32 15
33 18 33 17
33 18 33 19
33 18 33 17
33 29 33 30
33 30 33 31
33 30 33 31
0 13 0 18
0 31 0 30
0 31 0 32
0 31 0 30
1 29 5 29
2 9 2 10
3 24 3 23
3 24 3 25
3 24 4 24
3 25 4 25
4 2 5 2
4 4 3 4
4 6 3 6
5 3 5 2
5 3 11 3
5 5 0 5
5 5 9 5
7 11 7 12
7 11 6 11
7 11 6 11
7 22 7 29
7 29 7 22
7 29 7 30
7 29 6 29
7 29 7 30
8 14 18 14
8 33 1 33
9 4 9 5
9 5 9 4
9 30 9 27
9 30 10 30
9 30 9 27
10 2 5 2
10 12 10 11
10 12 9 12
10 12 11 12
10 12 10 11
10 31 10 30
11 3 11 4
11 3 12 3
12 27 12 26
13 5 13 4
13 5 14 5
13 5 13 4
13 5 14 5
13 19 13 18
13 19 13 25
13 19 14 19
14 19 14 21
14 21 14 22
15 2 15 3
15 5 15 3
15 26 15 25
15 26 15 28
15 26 14 26
15 26 15 25
15 26 15 28
15 26 14 26
15 28 14 28
16 16 15 16
16 16 17 16
16 31 16 29
16 31 20 31
17 5 17 2
17 11 17 8
17 11 17 12
17 11 16 11
17 11 17 8
17 11 17 12
17 11 16 11
17 12 16 12
17 16 16 16
18 14 18 7
19 1 19 2
19 1 18 1
19 1 22 1
19 2 19 3
19 2 20 2
19 3 21 3
19 10 20 10
20 2 21 2
20 2 21 2
20 7 20 8
20 8 20 7
20 8 20 9
20 8 20 9
20 9 20 10
20 11 20 10
20 13 21 13
20 19 28 19
20 23 20 24
20 23 20 24
21 2 21 3
21 3 21 5
21 5 21 12
22 24 20 24
23 2 23 6
24 26 25 26
25 10 25 13
25 10 24 10
25 13 25 15
25 13 22 13
25 13 26 13
25 13 22 13
25 20 30 20
25 27 25 26
25 27 26 27
25 30 22 30
26 26 25 26
29 10 29 11
29 10 30 10
29 11 29 12
29 25 29 26
29 25 30 25
29 26 30 26
29 30 29 31
29 31 31 31
30 10 30 7
30 10 30 15
30 15 30 16
30 15 29 15
30 15 30 16
30 24 30 25
30 26 31 26
30 26 31 26
31 14 31 6
31 14 32 14
31 14 31 6
31 14 32 14
31 25 31 22
31 25 31 26
31 25 31 26
32 12 33 12
32 15 32 17
32 15 33 15
32 19 32 21
33 8 33 7
33 13 33 12
33 15 33 16
33 20 33 21
33 21 33 22
33 26 33 22
1 33 0 33
2 6 1 6
2 28 0 28
3 4 2 4
3 23 3 20
4 11 4 8
6 29 5 29
9 11 9 9
9 11 10 11
9 11 10 11
9 11 10 11
9 27 10 27
10 31 10 30
11 9 11 10
11 9 13 9
11 9 11 10
11 9 13 9
12 27 12 26
13 3 14 3
13 18 13 17
13 18 10 18
14 21 14 22
15 5 15 3
15 25 15 16
15 25 13 25
15 28 14 28
16 7 16 11
16 7 16 11
16 12 16 11
16 12 13 12
16 12 16 11
17 5 17 2
19 10 20 10
20 10 20 11
20 13 21 13
20 23 20 24
20 29 20 30
20 29 17 29
20 29 20 30
21 13 21 12
21 13 21 15
22 13 22 12
22 13 22 15
22 13 22 12
22 30 25 30
24 26 25 26
27 14 27 9
29 11 29 12
30 7 30 6
31 6 31 2
31 6 30 6
31 6 32 6
32 7 33 7
32 12 33 12
1 33 0 33
2 6 1 6
2 23 2 20
2 23 1 23
3 4 2 4
4 11 4 8
6 8 10 8
10 8 10 11
10 8 13 8
10 18 4 18
10 28 11 28
12 26 11 26
13 3 14 3
13 8 14 8
13 17 9 17
14 3 13 3
14 10 13 10
14 26 14 28
14 30 13 30
14 30 13 30
17 1 17 0
17 1 18 1
17 29 17 30
18 0 17 0
21 12 22 12
21 12 22 12
22 12 22 11
22 12 22 13
24 12 24 10
26 13 26 15
27 14 27 9
30 7 30 6
0 6 0 5
0 32 4 32
1 23 1 18
2 19 2 20
2 20 2 19
3 18 1 18
4 16 9 16
4 21 4 24
4 25 4 26
4 26 0 26
4 30 5 30
9 17 9 16
10 28 11 28
11 26 11 28
11 30 11 28
13 28 11 28
16 0 1 0
22 11 22 8
22 11 23 11
24 12 24 10
27 9 24 9
30 3 30 2
0 0 1 0
0 19 0 18
0 19 0 20
0 19 0 20
0 24 0 25
0 25 0 26
0 26 0 27
0 27 5 27
0 27 5 27
1 1 1 2
2 19 2 20
4 30 5 30
5 27 5 29
11 28 13 28
23 10 23 9
24 9 23 9
30 3 30 2
30 3 30 2
31 2 31 1

7343

1         3 3 6 = 4 1     2 = = = = 5 4 3 - - - 5 3 3 3 2 - 5 4 3 2 
2 3 3 3 2 ǁ 2 ǁ   5 2 2 6 = = = = = 7 - - - - 3 ǁ   | ǁ | 2 |   ǁ 3 
| ǁ 6 7 5 ǁ 3 ǁ   3 4 = 6 2         ǁ 3 5 = = 7 7 1 | ǁ 1 ǁ |   ǁ | 
| ǁ 2 ǁ 3 ǁ 5 8         |           5 - 2 - - 4 8 3 | ǁ   ǁ |   ǁ | 
| ǁ 2 ǁ 1 ǁ 1 ǁ 2 = = 3 |       2   2     1 - - 3 2 2 ǁ   ǁ 5 - 5 | 
| ǁ 5 8 = 8 = 8       | |       |   | 4 = = = = = = = 5 - 5 2   ǁ | 
| ǁ | ǁ   ǁ   ǁ 1 1 - 5 |   6   |   | ǁ                   5 1   ǁ | 
| ǁ | ǁ   ǁ 2 ǁ | 4 2 4 2   ǁ   |   | ǁ     2 = = = = = = 6 2   ǁ | 
| ǁ | ǁ   ǁ ǁ ǁ | 4 - - - - 8   |   | ǁ                         6 3 
| ǁ | ǁ 2 7 6 ǁ | 2 - 4 1 2 ǁ 2 3 5 | ǁ           4 3 3 = = 4 - 4   
| ǁ 3 ǁ 1 - 4 ǁ 4 - - 6 6 6 ǁ ǁ | | 2 3           ǁ | 1 2   3 2 | 1 
| ǁ ǁ 4 3   | ǁ ǁ 4 3   5 6 ǁ ǁ | | | |           ǁ 5 = 7 - 2   | | 
| ǁ ǁ 1 2 = 4 ǁ ǁ ǁ     2 ǁ ǁ ǁ | | | |           ǁ 4 2 ǁ   |   | | 
| ǁ 6 5 2 5 | ǁ 5 3 2   3 ǁ ǁ ǁ | 2 4 7 = = = = = 5     5 - 5   | | 
| ǁ 4 5 - 7 4 ǁ 2   1   | ǁ ǁ ǁ |     3 - 4 2     | 3 - 3   3   | | 
| ǁ 2 3 = 4 1 ǁ         | ǁ ǁ ǁ 5 = = = = = = = = 5 6 = 6 = = = 6 5 
3 8 = = = = = 7 = = = 6 4 2 ǁ 6 7 5 6 = = = 6 4 - - - - - 2 - 3 | ǁ 
2 4 2 = = 4   | 2 = = 6 3   ǁ 2 2 4 6 = 2   ǁ |           3 1 ǁ | ǁ 
3 5 = = = 8 = 7 = = = = = = 7 = = 6 |       4 |           |   ǁ | ǁ 
6 8 4 4 4 ǁ 4 6 - - 3 2 6 4 - 1   ǁ |       | |           |   ǁ | ǁ 
ǁ ǁ 3 | 2 ǁ 2 3 4 3 5 2 ǁ 4       ǁ | 2     | 6 4         4 3 5 | ǁ 
ǁ ǁ 3 6 = 6 = = = = = = 7 6 = 5 = 7 | ǁ   3 | | |         |   ǁ | ǁ 
ǁ 5 - - - - - - 5 = = 4 6 6 - 2   ǁ 2 ǁ   ǁ | | 2         | 3 ǁ | ǁ 
ǁ   2 = = = 5 3 | 3 2 1   ǁ       ǁ 5 ǁ   4 | |           | ǁ ǁ | ǁ 
ǁ           3   | 5 5 = 3 ǁ       ǁ ǁ ǁ   ǁ | |     5 4   | ǁ ǁ | ǁ 
2           |   | ǁ 5 = = 6 - 3 = 6 4 ǁ 2 ǁ | |     4 4   | 2 ǁ | ǁ 
3 6 - - - - 7 5 | ǁ 1     2 - 2   2 | ǁ ǁ ǁ | |     2 1   |   ǁ | ǁ 
| 4     3   5 3 | 4 = = = = 7       | ǁ ǁ ǁ | |   8 = = 7 6 - 4 | ǁ 
| 1   2         4 3 - - 5 3   2   4 | 2 ǁ ǁ 1 |   ǁ 4 2 ǁ |   2 | 4 
5 = = = = = = = = = 6 4 3 1   4   7 |   ǁ ǁ 6 6 - 7 7 4 ǁ | 2 3 | ǁ 
4 2 4 3     3 3 - - 4 - - - - 4 2 ǁ |   2 ǁ 6 4 4 4 4 4 ǁ | | | | 4 
3 4 7 = = = 6 = = = = = = = 6 = = 6 |     ǁ 5 = = 5 4 1 ǁ 4 7 3 | ǁ 
2 7 5 1 1 - 2 3 = 6 = = 5   4 4 = 6 1 1 - 3 |           6 3 6 = 5 5 
  4 = = = = = 5 2 4 3 1 3 3 6 6 2 3 3 1 1 4 3 - - - 1   1 1 4 2 2 3 
