34 34
1 3 3 0 4 2 0 0 4 0 5 1 0 2 0 0 0 0 4 0 0 5 1 4 0 0 0 4 1 3 3 4 4 3 
2 5 4 1 0 4 0 0 0 0 7 0 0 0 0 0 0 0 0 0 0 5 0 5 0 2 0 0 0 0 0 0 4 6 
0 0 4 3 0 2 3 3 4 1 0 2 6 0 0 0 0 0 0 6 0 0 0 0 0 0 0 7 5 7 0 6 5 5 
3 5 0 0 7 0 5 0 5 3 0 2 6 2 1 0 0 3 0 6 4 0 2 0 0 0 0 0 2 3 1 0 5 4 
0 0 0 0 0 3 0 0 0 0 5 0 0 0 0 0 0 0 0 0 0 0 0 0 0 0 0 6 0 0 0 3 5 1 
0 0 0 0 0 6 0 4 4 3 0 4 3 4 2 0 0 0 5 4 6 0 0 0 0 0 0 6 2 2 0 0 5 3 
0 0 4 4 0 0 2 0 0 0 0 6 0 8 0 0 0 0 8 3 0 3 0 6 2 1 0 4 0 0 0 0 3 0 
0 0 4 0 0 0 0 0 0 0 0 0 2 0 2 2 5 2 3 1 0 2 0 7 0 0 0 7 4 0 4 2 0 0 
0 0 0 0 0 0 0 0 2 0 0 5 5 0 3 0 4 0 3 0 7 3 3 7 6 3 2 0 0 0 0 0 0 3 
0 0 0 0 0 0 0 0 0 0 0 0 3 0 0 2 0 0 0 0 6 2 2 5 3 0 0 0 0 0 0 4 0 0 
0 0 0 0 0 0 0 0 0 0 0 0 4 7 0 0 0 0 0 0 0 0 0 0 0 7 6 0 4 0 6 0 0 1 
0 0 0 0 0 0 0 0 0 0 0 0 0 0 4 0 0 0 0 0 0 5 4 2 0 0 3 0 0 0 0 0 0 0 
0 0 0 0 0 0 0 0 0 0 0 0 0 0 0 0 0 0 2 0 0 0 0 0 0 0 0 0 0 0 0 0 0 0 
0 0 6 6 0 0 0 0 0 0 0 0 3 0 5 6 0 0 4 0 0 0 1 0 0 0 1 0 0 0 0 0 0 1 
0 0 0 3 0 0 0 0 0 0 0 0 0 0 3 2 0 0 0 0 0 0 0 0 0 0 0 0 0 0 0 0 0 0 
2 0 0 3 0 0 0 0 0 0 0 0 0 0 0 0 0 0 0 0 0 0 0 0 0 0 1 0 0 0 0 0 0 0 
2 0 0 4 0 0 0 0 0 0 0 0 3 0 0 0 0 0 0 0 0 0 0 0 0 0 0 0 0 0 0 0 0 0 
3 0 0 0 0 5 4 0 0 0 0 0 0 0 0 0 0 0 0 0 0 0 0 0 0 0 0 0 0 0 0 0 0 0 
0 0 0 0 0 0 0 0 0 2 0 0 0 0 5 0 0 0 0 5 0 7 0 0 0 8 4 0 0 0 0 0 0 0 
0 0 0 0 0 0 3 3 0 0 0 5 4 0 0 0 0 0 0 0 0 0 2 0 0 0 2 0 0 0 0 0 0 0 
6 7 7 5 0 0 2 0 0 0 0 0 3 0 0 2 0 0 0 2 0 0 0 0 0 0 0 0 0 0 0 0 0 0 
0 1 4 4 0 4 0 0 0 0 0 0 0 0 0 0 0 0 0 0 0 0 4 0 0 4 0 0 5 3 0 0 0 0 
6 5 7 6 0 6 7 0 1 0 0 5 6 0 2 7 0 0 0 0 0 7 0 3 0 2 0 0 0 4 0 0 0 0 
6 5 0 2 0 6 4 0 0 0 0 3 4 0 4 6 0 0 3 4 3 8 0 0 3 3 3 0 5 3 0 0 0 0 
4 2 0 0 0 4 2 0 0 0 0 2 2 0 3 3 0 2 0 3 3 4 0 0 0 0 0 0 2 0 0 0 0 0 
5 0 6 0 7 0 0 0 0 0 6 0 0 5 0 0 0 0 0 0 0 0 0 0 0 0 0 7 0 0 7 4 2 0 
0 2 0 0 0 3 0 0 6 2 0 2 3 0 5 2 1 2 4 5 0 5 4 5 0 0 0 8 4 3 0 4 5 2 
5 4 0 0 0 4 2 1 0 2 0 3 0 0 7 0 0 5 4 0 3 8 6 7 6 0 0 7 1 3 0 4 4 1 
3 3 0 2 0 0 1 0 5 0 0 0 3 4 0 1 0 0 3 0 0 4 4 2 2 1 0 5 2 2 0 2 0 0 
4 3 0 0 0 0 3 0 4 0 0 6 5 6 0 0 0 0 3 0 5 0 0 0 0 0 0 0 0 0 4 0 5 2 
0 2 6 4 0 0 4 0 5 6 0 5 4 4 0 5 0 6 3 0 0 0 1 0 0 0 0 0 0 0 0 0 4 2 
6 0 5 0 4 0 3 0 4 3 0 2 2 1 0 4 2 4 3 0 0 1 3 0 0 4 1 3 3 0 0 0 0 3 
5 0 7 4 3 5 0 0 0 0 8 0 0 0 8 0 0 0 0 6 3 0 0 0 0 6 2 4 6 0 0 0 6 5 
3 2 2 4 3 3 3 1 2 0 6 2 2 0 6 0 0 3 1 3 0 3 0 3 1 4 0 0 0 0 4 2 2 2 
400 657
0 10 0 8
0 10 0 11
0 10 1 10
0 21 0 18
0 21 0 22
0 21 1 21
0 23 0 27
0 23 1 23
0 23 0 27
0 23 1 23
0 27 0 28
0 27 2 27
1 33 1 32
1 33 0 33
1 33 2 33
1 33 1 32
1 33 0 33
1 33 2 33
2 12 2 11
2 12 2 19
2 12 3 12
2 12 2 11
2 12 2 19
2 12 3 12
2 19 2 27
2 19 3 19
2 27 2 19
2 27 2 28
2 27 4 27
2 29 2 28
2 29 2 31
2 29 0 29
2 29 3 29
3 4 3 1
3 4 3 6
3 4 0 4
3 4 25 4
3 12 3 11
3 12 3 13
3 12 5 12
3 12 3 11
4 10 4 5
4 10 1 10
4 10 25 10
4 27 4 31
4 27 2 27
4 27 5 27
4 27 4 31
4 27 5 27
5 5 5 7
5 5 4 5
5 5 17 5
5 5 5 7
5 5 4 5
5 5 17 5
5 7 5 8
5 7 19 7
5 8 5 9
5 8 8 8
5 8 5 9
5 9 18 9
5 11 5 12
5 11 6 11
5 11 5 12
5 11 6 11
5 18 5 14
5 18 5 19
5 18 6 18
5 27 5 20
5 27 5 28
5 27 6 27
5 27 5 20
6 2 6 3
6 2 7 2
6 2 6 3
6 2 7 2
6 3 13 3
6 6 17 6
6 11 6 13
6 11 8 11
6 11 6 13
6 11 8 11
6 13 6 18
6 13 5 13
6 13 10 13
6 18 6 13
6 18 6 19
6 18 5 18
6 18 7 18
6 23 6 21
6 23 6 24
6 23 7 23
6 23 6 21
6 23 6 24
6 23 7 23
7 2 13 2
7 12 8 12
7 16 7 15
7 16 7 17
7 16 8 16
7 23 7 21
7 23 7 27
7 23 8 23
8 8 22 8
8 20 8 18
8 20 8 21
8 20 5 20
8 20 9 20
8 24 8 23
8 24 8 25
8 24 9 24
8 24 8 23
8 24 8 25
8 24 9 24
10 25 10 13
10 25 10 26
10 25 8 25
10 25 18 25
11 14 11 21
11 14 13 14
11 14 11 21
11 14 13 14
12 18 13 18
13 2 13 3
13 2 7 2
13 2 20 2
13 3 13 2
13 3 6 3
13 3 14 3
13 3 13 2
13 15 13 14
13 15 13 18
13 15 14 15
13 15 13 14
13 15 13 18
13 15 14 15
14 3 15 3
16 3 15 3
16 3 20 3
16 3 15 3
16 3 20 3
18 9 26 9
18 14 18 19
18 14 14 14
18 14 22 14
18 21 18 19
18 21 18 25
18 21 11 21
18 21 22 21
18 25 18 21
18 25 18 26
18 25 10 25
18 25 21 25
19 11 19 12
19 11 8 11
19 11 22 11
19 22 21 22
20 0 20 1
20 0 17 0
20 0 22 0
20 0 20 1
20 0 17 0
20 0 22 0
20 1 20 2
20 1 3 1
20 1 21 1
20 2 20 1
20 2 20 3
20 2 21 2
21 5 17 5
21 5 22 5
21 5 17 5
21 5 22 5
22 0 22 1
22 0 23 0
22 2 22 1
22 2 22 3
22 2 21 2
22 2 25 2
22 3 22 2
22 3 21 3
22 3 23 3
22 3 22 2
22 3 21 3
22 5 22 6
22 5 23 5
22 5 22 6
22 5 23 5
22 15 22 14
22 15 22 21
22 15 20 15
22 15 23 15
23 0 23 1
23 0 22 0
23 0 24 0
23 0 23 1
23 0 22 0
23 3 28 3
23 5 23 6
23 5 24 5
23 5 23 6
23 5 24 5
23 6 22 6
23 6 24 6
23 21 23 20
23 21 23 24
23 21 22 21
23 21 24 21
23 21 23 20
23 21 23 24
23 21 22 21
23 21 24 21
24 0 24 1
24 0 25 0
24 0 24 1
24 5 24 6
24 5 26 5
25 0 25 2
25 0 27 0
25 2 25 0
25 2 22 2
25 2 30 2
25 2 30 2
25 10 25 13
25 10 4 10
25 10 32 10
25 10 25 13
25 10 32 10
25 27 25 13
25 27 25 30
25 27 7 27
25 27 26 27
26 1 27 1
26 8 26 5
26 8 26 9
26 8 28 8
26 14 26 12
26 14 26 15
26 14 27 14
26 19 26 18
26 19 26 21
26 19 32 19
26 23 26 22
26 23 26 27
26 23 27 23
26 27 26 23
26 27 26 28
26 27 25 27
26 27 27 27
27 9 30 9
27 21 27 20
27 21 27 22
27 21 26 21
27 21 28 21
27 21 27 20
27 21 27 22
27 21 26 21
27 21 28 21
27 22 27 23
27 22 26 22
27 22 28 22
27 22 27 23
27 24 27 23
27 24 27 27
27 24 28 24
27 24 27 23
27 24 27 27
27 24 28 24
27 27 27 28
27 27 26 27
27 27 28 27
28 21 28 22
28 21 31 21
28 22 28 23
28 22 30 22
29 11 29 12
29 11 27 11
29 11 30 11
29 11 29 12
29 11 27 11
29 11 30 11
30 2 30 1
30 2 30 3
30 2 31 2
30 2 30 1
30 9 30 8
30 9 27 9
30 9 31 9
30 9 30 8
30 9 31 9
31 0 31 2
31 0 29 0
31 0 32 0
31 0 31 2
31 0 29 0
31 0 32 0
31 9 31 8
31 22 31 25
32 2 32 0
32 2 32 3
32 2 31 2
32 2 33 2
32 10 32 5
32 10 32 14
32 10 33 10
32 14 32 10
32 14 32 19
32 14 27 14
32 14 33 14
32 28 32 27
32 28 32 32
32 28 31 28
32 28 32 27
32 28 32 32
32 28 31 28
32 32 32 33
32 32 30 32
32 32 33 32
32 32 32 33
33 10 33 8
33 10 33 11
33 10 32 10
33 10 33 8
33 10 33 11
33 12 33 14
33 14 33 12
33 14 33 17
33 14 32 14
33 17 33 14
33 17 33 18
33 30 33 25
33 30 33 31
33 30 33 25
33 30 33 31
33 32 33 33
33 33 32 33
0 10 0 8
0 10 1 10
0 13 0 18
0 18 0 13
0 18 0 21
0 21 1 21
0 33 0 32
1 25 1 23
1 32 0 32
1 32 2 32
2 2 2 3
2 2 1 2
2 2 2 3
2 2 1 2
2 3 1 3
2 19 3 19
2 27 2 28
3 8 3 6
3 8 3 9
3 8 2 8
3 19 3 17
3 19 3 20
3 19 5 19
3 19 3 17
3 20 3 22
3 20 5 20
3 20 3 22
4 10 1 10
6 6 17 6
6 13 5 13
6 13 10 13
6 18 6 19
6 18 5 18
6 21 7 21
6 25 6 27
6 27 6 32
6 27 7 27
7 12 8 12
7 23 7 27
7 23 8 23
7 27 7 28
7 27 25 27
7 27 7 28
7 28 7 30
7 28 10 28
7 30 7 31
7 30 10 30
7 30 7 31
8 26 10 26
9 20 9 15
9 20 9 21
9 20 8 20
9 20 9 15
9 20 9 21
9 23 9 22
9 23 9 24
9 23 8 23
9 31 25 31
9 31 25 31
10 25 10 13
10 25 10 26
10 28 10 30
10 28 21 28
10 28 10 30
10 30 25 30
10 30 25 30
11 23 11 22
12 18 13 18
13 22 11 22
17 0 16 0
17 5 17 6
17 6 19 6
18 25 18 26
18 25 21 25
18 26 15 26
18 26 19 26
19 7 19 6
19 22 21 22
19 26 23 26
20 1 20 2
21 2 21 3
21 2 20 2
21 3 20 3
21 22 21 25
21 25 21 22
21 28 21 29
21 28 23 28
21 28 21 29
21 28 23 28
21 29 22 29
22 1 23 1
22 6 20 6
22 12 22 11
22 12 20 12
22 12 23 12
22 12 22 11
22 12 20 12
22 12 23 12
22 15 22 21
22 15 20 15
22 15 23 15
22 29 23 29
23 1 22 1
23 15 23 14
23 15 23 18
23 15 24 15
23 15 23 14
23 18 23 19
23 24 23 25
23 26 23 25
24 21 24 20
24 28 23 28
25 0 27 0
26 1 27 1
26 22 26 21
26 22 26 23
26 27 26 28
26 28 26 29
27 1 27 0
27 1 28 1
27 7 27 6
27 20 29 20
27 23 28 23
27 27 28 27
28 13 28 12
28 13 29 13
28 13 28 12
28 13 29 13
29 0 29 1
29 0 28 0
29 1 28 1
29 13 29 12
29 13 30 13
29 13 29 12
29 13 30 13
29 20 32 20
29 30 29 32
29 30 25 30
29 30 29 32
29 30 25 30
30 13 30 12
30 13 31 13
30 15 30 17
30 15 28 15
30 15 31 15
30 32 30 33
30 32 29 32
30 32 30 33
31 8 31 6
31 8 30 8
31 8 31 6
31 15 31 16
31 15 30 15
31 15 31 16
31 17 31 18
31 17 30 17
31 17 31 18
31 17 30 17
31 18 30 18
31 22 31 25
31 33 32 33
32 10 32 5
32 14 32 19
32 14 27 14
32 19 32 20
32 19 26 19
32 19 33 19
32 27 32 26
32 27 31 27
32 33 31 33
33 7 33 6
33 19 33 21
33 19 33 21
33 21 33 23
33 23 33 24
33 25 32 25
33 25 32 25
0 8 0 5
0 8 2 8
0 32 0 31
0 32 0 31
1 2 1 1
1 2 0 2
1 5 0 5
1 5 2 5
1 5 2 5
1 10 1 21
1 25 1 23
3 17 3 14
5 13 5 14
5 13 3 13
5 19 5 20
5 19 6 19
5 20 8 20
5 28 5 29
5 29 5 32
7 19 7 18
8 26 10 26
10 26 11 26
11 22 11 21
11 22 11 23
11 26 10 26
11 26 13 26
16 0 15 0
19 7 19 6
20 6 22 6
20 12 19 12
20 19 18 19
22 1 23 1
22 29 23 29
23 14 23 12
23 14 24 14
23 18 23 19
23 19 23 20
23 19 24 19
23 26 23 25
23 28 23 29
23 28 24 28
24 21 24 20
25 13 25 27
25 30 25 31
25 30 25 31
26 21 26 19
26 28 26 29
26 29 27 29
26 31 26 32
26 31 27 31
26 31 26 32
26 31 27 31
27 0 28 0
27 0 28 0
27 29 28 29
27 31 27 32
27 31 28 31
28 1 29 1
29 20 32 20
30 15 30 17
32 25 32 26
32 25 31 25
32 25 31 25
33 6 33 5
0 4 0 2
0 4 3 4
0 4 0 2
0 31 0 30
0 31 2 31
1 10 1 21
1 21 1 23
2 31 2 29
2 31 2 32
2 31 4 31
2 31 2 32
3 30 3 29
3 32 3 33
3 32 2 32
3 32 4 32
4 32 4 33
4 32 3 32
4 32 5 32
10 13 10 12
11 21 18 21
15 0 3 0
19 12 19 11
19 12 16 12
20 19 18 19
22 25 22 23
23 12 23 11
24 20 24 19
26 18 26 17
26 18 27 18
26 18 26 17
27 17 27 14
27 17 27 18
27 17 30 17
27 18 27 17
27 18 28 18
27 29 28 29
28 18 29 18
28 25 28 27
31 26 31 27
33 6 33 5
0 1 0 0
0 1 1 1
0 1 1 1
0 30 0 29
3 33 3 32
3 33 2 33
3 33 2 33
4 32 5 32
10 13 10 12
16 12 13 12
22 25 22 23
24 19 24 17
26 16 26 15
28 18 29 18
29 18 30 18
30 18 30 17
0 30 0 29
2 29 2 28
2 29 3 29
2 32 2 33
3 28 2 28
10 13 10 12
16 12 13 12
22 21 22 23
22 21 18 21
24 17 24 15
27 17 27 14
10 12 9 12
13 12 13 14
14 14 18 14
18 14 18 19
24 15 24 14
9 12 8 12
24 14 24 12
9 12 8 12
24 12 24 11
8 11 8 12
8 11 19 11
22 11 23 11
24 11 23 11

5531

1 3 3 = 4 2 - - 4 = 5 1   2 = = = = 4 = = 5 1 4 = = = 4 1 3 3 4 4 3 
2 5 4 1 ǁ 4     |   7 = = = = = = = = = = 5 - 5 = 2   |   |   | 4 6 
    4 3 ǁ 2 3 3 4 1 ǁ 2 6 = = = = = = 6 = = = = = = = 7 5 7 = 6 5 5 
3 5 - - 7 - 5 - 5 3 ǁ 2 6 2 1 - - 3 = 6 4 = 2         ǁ 2 3 1 | 5 4 
| |     | 3 - - - - 5   | |           | |             6 = = = 3 5 1 
| |     | 6 = 4 4 3 ǁ 4 3 4 2 - - - 5 4 6 = = = = = = 6 2 2 - - 5 3 
| | 4 4 | ǁ 2 | | | ǁ 6 = 8 = = = = 8 3 ǁ 3 = 6 2 1 - 4 - - - - 3   
| | 4 ǁ | ǁ ǁ | | | ǁ ǁ 2 ǁ 2 2 5 2 3 1 ǁ 2 - 7 = = = 7 4 - 4 2     
| | ǁ ǁ | ǁ ǁ | 2 | ǁ 5 5 ǁ 3   4   3 - 7 3 3 7 6 3 2 ǁ |   |     3 
| | ǁ ǁ | ǁ ǁ | | | ǁ ǁ 3 ǁ   2 = = = = 6 2 2 5 3 | ǁ ǁ |   | 4     
| | ǁ ǁ | ǁ ǁ | | | ǁ ǁ 4 7 = = = = = = = = = = = 7 6 ǁ 4 = 6 ǁ   1 
| | ǁ ǁ | ǁ ǁ | | | ǁ ǁ     4 = = = = = = 5 4 2   ǁ 3 ǁ |   ǁ ǁ     
| | ǁ ǁ | ǁ ǁ | | | ǁ ǁ     ǁ       2     ǁ |     ǁ | ǁ |   ǁ ǁ     
| | 6 6 | ǁ ǁ | | | ǁ ǁ 3 - 5 6 = = 4     ǁ 1     ǁ 1 ǁ |   ǁ ǁ   1 
| | | 3 | ǁ ǁ | | | ǁ ǁ ǁ   3 2           ǁ       ǁ   ǁ |   ǁ ǁ     
2 | | 3 | ǁ ǁ | | | ǁ ǁ ǁ   ǁ             ǁ       ǁ 1 ǁ |   ǁ ǁ     
2 | | 4 | ǁ ǁ | | | ǁ ǁ 3   ǁ             ǁ       ǁ | ǁ |   ǁ ǁ     
3 | | ǁ | 5 4 | | | ǁ ǁ |   ǁ             ǁ       ǁ | ǁ |   ǁ ǁ     
ǁ | | ǁ | ǁ | | | 2 ǁ ǁ |   5 = = = = 5 - 7 = = = 8 4 ǁ |   ǁ ǁ     
ǁ | | ǁ | ǁ 3 3 | | ǁ 5 4   |         ǁ   ǁ 2     ǁ 2 ǁ |   ǁ ǁ     
6 7 7 5 | ǁ 2   | | ǁ | 3   | 2       2   ǁ ǁ     ǁ | ǁ |   ǁ ǁ     
ǁ 1 4 4 | 4 ǁ   | | ǁ | ǁ   | ǁ           ǁ 4 = = 4 | ǁ 5 3 ǁ ǁ     
6 5 7 6 | 6 7   1 | ǁ 5 6   2 7 = = = = = 7 - 3 = 2 | ǁ ǁ 4 ǁ ǁ     
6 5 ǁ 2 | 6 4     | ǁ 3 4 - 4 6 - - 3 4 3 8 = = 3 3 3 ǁ 5 3 ǁ ǁ     
4 2 ǁ | | 4 2     | ǁ 2 2 - 3 3 - 2 - 3 3 4           ǁ 2   ǁ ǁ     
5 = 6 | 7 |       | 6 = = 5 = = = = = = = = = = = = = 7 - - 7 4 2   
ǁ 2 ǁ |   3 - - 6 2 ǁ 2 3 - 5 2 1 2 4 5 = 5 4 5 = = = 8 4 3 ǁ 4 5 2 
5 4 ǁ |   4 2 1 | 2 ǁ 3     7 = = 5 4 ǁ 3 8 6 7 6 = = 7 1 3 ǁ 4 4 1 
3 3 ǁ 2     1   5 ǁ ǁ ǁ 3 4 ǁ 1   | 3 ǁ | 4 4 2 2 1 - 5 2 2 ǁ 2     
4 3 ǁ       3   4 ǁ ǁ 6 5 6 ǁ |   | 3 ǁ 5 | |               4 = 5 2 
ǁ 2 6 4     4   5 6 ǁ 5 4 4 ǁ 5 = 6 3 ǁ ǁ | 1                   4 2 
6 = 5   4   3 = 4 3 ǁ 2 2 1 ǁ 4 2 4 3 ǁ ǁ 1 3 = = 4 1 3 3       | 3 
5 - 7 4 3 5 = = = = 8 = = = 8 = = = = 6 3         6 2 4 6 = = = 6 5 
3 2 2 4 3 3 3 1 2 = 6 2 2 = 6 = = 3 1 3 = 3 - 3 1 4 = = = = 4 2 2 2 
