34 34
3 5 0 0 0 0 0 0 0 0 0 5 0 6 0 4 0 0 0 0 0 0 6 0 0 5 0 0 0 0 0 0 2 1 
0 0 4 0 5 0 0 3 0 0 0 0 0 4 0 5 0 0 2 0 2 0 5 4 4 0 2 0 0 0 3 2 3 3 
0 0 4 3 4 4 2 0 0 0 0 0 1 0 0 4 0 0 0 0 0 0 5 3 0 0 4 5 2 0 0 0 0 0 
0 0 2 1 5 0 0 6 0 0 0 8 0 0 0 0 0 3 2 3 3 1 0 1 0 0 4 0 0 0 0 0 5 4 
0 0 0 4 6 3 0 5 0 4 4 0 4 0 5 0 5 0 0 0 0 0 6 4 3 0 5 7 0 0 8 5 0 2 
0 0 0 2 0 4 0 5 0 4 4 0 4 3 2 0 0 0 0 0 1 0 5 2 0 0 2 4 4 2 0 2 0 0 
0 0 4 0 7 0 0 0 0 0 0 7 0 0 0 0 8 0 0 0 0 0 0 0 0 6 0 0 0 0 5 0 5 4 
0 0 1 0 0 2 4 0 6 6 2 0 2 3 5 4 0 2 4 0 2 0 2 2 3 0 1 4 2 0 0 2 0 0 
0 0 2 0 4 0 0 0 7 7 1 0 0 2 0 3 0 4 7 0 7 2 0 2 0 0 0 0 0 0 0 0 0 0 
0 0 0 0 4 0 0 1 0 5 3 0 4 0 5 4 0 2 0 0 3 0 0 0 0 0 0 0 0 0 0 0 0 0 
0 0 0 0 0 1 3 3 0 2 4 0 0 0 0 2 0 0 0 0 0 0 0 0 3 0 3 7 0 0 4 0 0 0 
1 0 0 0 0 3 0 4 0 4 4 0 0 4 5 0 7 0 6 0 5 2 0 0 0 0 4 6 0 0 3 0 0 0 
0 0 0 0 2 0 0 0 0 0 1 0 0 0 2 1 6 0 0 0 0 0 4 0 0 0 0 4 0 0 3 0 0 0 
0 0 0 0 0 0 0 0 0 0 0 0 0 5 0 0 7 0 0 0 0 0 0 7 3 0 6 0 0 0 0 6 0 0 
2 6 0 0 0 5 8 4 0 0 0 0 0 0 0 0 0 0 0 4 2 0 0 0 2 0 5 0 0 5 2 0 0 0 
3 0 2 2 0 0 0 1 7 7 3 0 0 0 0 0 0 0 0 0 0 0 0 0 0 0 0 0 0 0 0 0 0 0 
0 0 1 0 2 0 0 0 0 1 0 0 0 0 0 0 0 0 0 0 0 0 0 0 0 0 0 0 0 3 0 0 0 0 
3 5 0 3 0 0 0 1 5 1 0 0 3 0 0 0 0 0 0 6 0 0 0 8 6 0 0 0 0 0 0 0 2 0 
3 0 0 0 5 1 0 0 0 0 0 0 6 4 3 2 0 0 0 2 0 0 0 4 2 0 5 0 0 4 0 0 3 0 
2 0 0 0 0 0 0 0 1 0 0 0 0 0 0 0 0 0 0 0 0 0 0 2 0 0 4 2 0 0 0 0 0 0 
2 0 0 0 0 0 0 0 0 0 0 0 4 0 5 0 7 0 0 0 0 0 0 0 0 7 0 0 0 0 0 6 7 2 
4 0 0 0 7 0 7 0 0 0 0 7 3 0 3 0 0 2 0 4 0 6 6 3 0 0 1 0 3 3 2 0 4 3 
4 4 0 0 5 1 0 2 1 4 4 0 0 0 0 0 0 0 0 0 0 0 0 0 0 0 3 3 3 0 0 6 6 3 
6 5 0 0 6 1 0 5 5 5 6 0 0 0 0 0 0 4 0 7 0 8 8 5 0 0 1 0 0 0 1 0 0 0 
3 2 4 0 4 0 0 3 0 0 4 0 0 0 0 0 0 2 2 3 0 0 2 2 0 0 0 0 0 0 0 0 0 0 
0 0 4 2 0 0 0 2 0 0 0 0 0 0 0 0 4 5 0 0 0 6 0 0 0 7 0 5 0 0 0 0 0 0 
3 6 0 0 0 0 6 0 6 5 3 0 0 0 0 0 0 0 0 3 1 0 3 5 2 0 1 0 0 3 2 0 1 0 
1 0 0 0 1 0 5 2 0 4 2 0 0 0 0 0 0 0 0 0 0 0 0 3 0 0 3 0 0 0 0 0 0 0 
0 3 0 0 0 0 0 0 6 2 0 0 0 0 0 0 0 0 0 0 0 0 0 0 0 0 0 0 0 5 3 0 2 0 
0 0 0 0 0 0 4 0 0 0 0 7 1 3 7 4 0 0 4 8 0 7 3 5 0 6 4 5 0 0 0 0 0 0 
0 0 0 0 0 0 6 0 0 0 0 7 0 6 6 4 0 1 2 0 0 2 2 0 3 7 3 1 0 0 0 0 0 0 
0 0 0 0 0 0 0 0 0 0 0 2 0 2 0 0 0 3 2 0 2 3 0 0 1 2 4 0 5 6 7 8 8 3 
0 0 0 0 0 0 6 0 0 0 0 5 0 0 0 0 8 8 7 6 3 3 0 3 0 2 4 0 3 5 3 5 7 3 
0 0 0 0 0 0 4 0 0 0 0 4 1 1 0 0 3 3 3 3 0 0 6 2 2 0 5 3 0 6 4 3 2 1 
400 682
0 0 0 1
0 0 11 0
0 0 0 1
0 11 0 1
0 11 0 13
0 11 3 11
0 13 0 11
0 13 0 15
0 13 1 13
0 22 0 15
0 22 0 25
0 22 1 22
0 22 0 15
0 22 0 25
0 22 1 22
1 2 1 4
1 2 2 2
1 2 1 4
1 2 2 2
2 2 2 3
2 2 3 2
2 27 2 26
2 27 2 28
2 27 4 27
3 11 3 7
3 11 3 17
3 11 0 11
3 11 6 11
3 32 3 33
3 32 1 32
3 32 6 32
4 10 4 9
4 10 5 10
4 10 4 9
4 10 5 10
4 12 4 14
4 12 5 12
4 12 4 14
4 12 5 12
4 16 4 14
4 16 4 22
4 16 6 16
4 30 4 27
4 30 4 31
4 30 1 30
4 30 6 30
4 30 4 27
4 30 4 31
4 30 1 30
4 30 6 30
5 10 5 9
5 10 7 10
5 12 5 13
5 12 7 12
6 16 6 25
6 16 4 16
6 16 11 16
6 16 6 25
6 16 11 16
6 25 6 30
6 25 0 25
6 25 20 25
6 25 6 30
7 8 7 6
7 8 7 9
7 8 8 8
7 8 7 6
7 8 7 9
7 8 8 8
7 9 7 10
7 9 5 9
7 9 8 9
7 9 5 9
7 15 7 14
7 15 8 15
7 15 7 14
7 15 8 15
8 8 8 4
8 8 8 9
8 8 15 8
8 9 8 8
8 9 8 10
8 9 9 9
8 18 8 17
8 18 8 20
8 18 7 18
8 18 11 18
10 27 10 26
10 27 10 30
10 27 7 27
10 27 11 27
11 16 11 14
11 16 11 18
11 16 12 16
13 13 13 16
13 13 11 13
13 13 18 13
13 23 13 16
13 23 13 24
13 23 8 23
13 23 17 23
13 26 13 31
13 26 11 26
13 26 14 26
13 26 13 31
13 26 11 26
13 26 14 26
13 31 7 31
13 31 20 31
14 6 14 5
14 6 14 7
14 6 10 6
14 6 21 6
14 6 14 5
14 6 14 7
14 6 10 6
14 6 21 6
14 7 11 7
14 7 15 7
14 19 14 20
14 19 17 19
14 19 14 20
14 19 17 19
14 29 14 26
14 29 14 30
14 29 16 29
15 8 15 9
15 8 8 8
15 8 17 8
15 8 15 9
15 8 17 8
15 8 15 9
17 8 17 7
17 8 17 9
17 8 19 8
17 19 17 23
17 19 18 19
17 19 17 23
17 19 18 19
17 23 17 24
17 23 13 23
17 23 18 23
17 24 17 23
17 24 14 24
17 24 18 24
17 24 17 23
17 24 14 24
18 12 18 13
18 12 17 12
18 12 20 12
18 12 18 13
18 12 17 12
18 12 20 12
18 23 18 24
18 23 19 23
18 23 19 23
18 26 18 29
18 26 14 26
18 26 19 26
20 12 20 14
20 12 21 12
20 16 20 14
20 16 20 25
20 16 13 16
20 16 25 16
20 25 20 16
20 25 20 31
20 25 25 25
20 32 20 31
20 32 20 33
20 32 18 32
20 32 21 32
21 4 21 0
21 4 21 6
21 4 18 4
21 4 22 4
21 11 21 6
21 11 21 12
21 11 6 11
21 11 29 11
21 21 21 19
21 21 21 22
21 21 23 21
21 21 21 19
21 21 21 22
21 21 23 21
21 22 21 23
21 22 23 22
21 22 21 23
21 22 23 22
21 23 23 23
22 10 22 9
22 10 23 10
22 10 22 9
22 10 23 10
23 0 23 1
23 0 22 0
23 0 24 0
23 0 23 1
23 0 22 0
23 0 24 0
23 10 23 9
23 10 24 10
23 10 23 9
23 10 24 10
23 19 23 17
23 19 23 21
23 19 21 19
23 19 24 19
23 21 23 19
23 21 23 22
23 21 25 21
23 22 23 21
23 22 23 23
23 22 24 22
24 10 24 7
24 10 26 10
25 2 25 3
25 2 24 2
25 2 25 3
25 2 24 2
25 27 25 25
25 27 22 27
25 27 29 27
26 8 26 6
26 8 26 9
26 8 28 8
26 8 26 6
26 8 26 9
26 8 28 8
27 7 27 6
28 8 28 1
28 8 28 9
28 29 28 30
28 29 26 29
28 29 31 29
29 6 29 11
29 6 30 6
29 6 29 11
29 6 30 6
29 11 29 12
29 11 21 11
29 11 30 11
29 11 30 11
29 14 29 13
29 14 29 15
29 14 21 14
29 14 30 14
29 19 29 18
29 19 29 21
29 19 26 19
29 19 32 19
29 19 29 18
29 19 29 21
29 19 26 19
29 19 32 19
29 21 29 22
29 21 25 21
29 21 30 21
29 27 29 26
29 27 25 27
29 27 30 27
29 27 29 26
30 6 30 11
30 6 32 6
30 14 30 13
30 14 30 15
30 14 29 14
30 14 30 13
30 14 30 15
30 15 30 17
30 15 29 15
30 25 30 24
30 25 30 26
30 25 29 25
30 25 31 25
31 30 31 29
31 30 31 31
31 30 28 30
31 30 32 30
31 31 31 30
31 31 31 32
31 31 22 31
31 31 32 31
31 31 31 30
31 31 31 32
31 31 22 31
31 32 31 33
31 32 28 32
31 32 32 32
32 6 32 11
32 6 30 6
32 6 33 6
32 16 32 11
32 16 32 17
32 16 33 16
32 16 32 11
32 16 32 17
32 16 33 16
32 17 32 16
32 17 32 18
32 17 31 17
32 17 33 17
32 17 32 16
32 17 32 18
32 18 32 19
32 18 31 18
32 18 33 18
32 19 32 18
32 19 32 20
32 19 33 19
33 6 33 11
33 6 32 6
33 6 33 11
33 11 33 12
33 11 32 11
33 13 33 16
33 17 33 18
33 17 33 18
33 19 33 22
33 19 33 22
33 22 33 23
33 22 30 22
33 22 33 23
33 22 30 22
33 26 33 24
33 26 33 27
33 26 32 26
33 29 33 27
33 29 33 30
33 29 32 29
33 29 33 27
33 29 33 30
33 29 32 29
33 30 33 31
33 30 32 30
0 1 14 1
0 1 14 1
0 13 0 15
0 13 1 13
0 25 0 32
0 25 0 32
0 33 1 33
1 13 1 15
1 24 1 23
1 24 4 24
1 24 1 23
1 24 4 24
2 12 2 15
2 15 2 22
2 15 1 15
2 15 2 22
2 28 2 27
3 11 3 7
3 11 3 17
3 11 6 11
3 17 3 18
3 18 3 19
3 19 3 20
3 20 3 19
3 20 3 21
3 26 2 26
3 26 4 26
3 26 2 26
3 26 4 26
4 9 4 7
4 9 5 9
4 24 4 23
5 7 5 5
5 7 4 7
5 20 5 22
5 22 5 23
5 22 4 22
5 22 5 23
5 22 4 22
5 28 5 27
5 28 5 29
5 28 5 27
5 28 5 29
6 11 21 11
7 6 7 5
8 9 9 9
9 17 8 17
10 15 9 15
11 7 10 7
11 18 11 16
11 18 11 20
11 18 8 18
11 18 11 20
11 26 11 27
11 26 10 26
11 27 11 30
11 27 10 27
11 27 12 27
11 27 11 30
12 22 12 16
12 22 7 22
12 22 12 16
12 22 7 22
12 27 12 30
13 31 7 31
13 31 20 31
14 1 14 0
14 1 14 5
14 1 17 1
14 1 14 0
14 30 14 29
15 0 17 0
16 9 15 9
17 1 17 0
17 1 17 3
17 1 17 0
17 1 17 3
17 3 15 3
17 12 9 12
18 13 18 14
18 15 18 14
18 29 18 26
18 29 16 29
18 29 16 29
19 26 19 27
19 26 18 26
19 26 19 27
20 25 20 31
20 25 25 25
21 19 21 17
22 0 22 1
22 0 21 0
22 1 22 4
22 1 23 1
22 1 22 4
22 9 22 8
22 9 23 9
22 31 22 28
22 31 22 32
22 31 20 31
22 31 22 28
22 32 22 33
22 32 21 32
22 32 26 32
23 9 23 8
23 19 23 17
23 19 24 19
23 21 23 22
23 26 22 26
23 30 26 30
24 2 24 1
24 2 24 4
25 7 24 7
25 16 25 17
25 16 20 16
25 16 25 17
25 21 25 17
25 21 25 25
25 21 29 21
25 21 25 17
25 25 25 27
25 25 29 25
25 25 29 25
26 6 26 1
26 6 21 6
26 6 27 6
26 6 26 1
26 19 26 20
26 23 26 22
26 23 26 24
26 23 27 23
26 26 27 26
27 7 27 6
27 26 29 26
28 8 28 1
28 8 28 9
28 32 31 32
29 15 29 14
29 15 29 18
29 18 30 18
29 25 29 23
29 25 29 26
29 25 30 25
30 6 30 11
30 13 30 11
30 13 29 13
30 13 31 13
30 13 30 11
30 18 31 18
31 17 31 13
31 32 31 33
31 32 32 32
32 6 32 11
32 32 32 31
32 32 32 33
32 32 33 32
33 26 33 24
33 26 32 26
1 13 1 15
1 15 1 18
1 15 1 18
1 20 1 22
1 23 1 22
1 23 2 23
1 26 1 30
1 26 2 26
2 6 2 5
2 27 4 27
3 7 3 4
3 7 1 7
3 7 4 7
3 7 3 4
4 22 4 16
4 22 4 23
4 22 2 22
4 23 3 23
5 7 5 5
5 7 4 7
5 7 4 7
5 27 5 26
5 27 4 27
5 31 4 31
7 6 7 5
7 28 7 27
8 9 9 9
9 12 9 14
9 12 7 12
9 12 9 14
9 17 8 17
10 15 9 15
11 7 10 7
11 13 11 14
11 13 13 13
11 13 11 14
12 4 9 4
12 16 12 15
12 16 11 16
12 16 13 16
12 27 12 30
12 30 11 30
13 13 13 16
13 16 13 23
13 16 20 16
14 26 14 29
15 2 15 3
15 2 16 2
16 4 18 4
18 15 18 14
20 14 21 14
20 32 20 33
20 32 18 32
20 32 21 32
21 0 21 4
21 0 20 0
21 6 21 4
21 6 21 11
21 12 21 14
21 17 23 17
21 30 21 29
21 32 21 33
21 33 22 33
21 33 22 33
22 7 23 7
23 8 23 7
23 8 23 9
23 8 23 7
23 8 23 7
23 17 24 17
24 4 23 4
24 18 24 17
24 18 24 19
25 7 24 7
26 1 26 0
26 1 24 1
26 1 28 1
26 1 26 0
26 24 26 23
27 0 26 0
27 4 27 6
27 9 27 10
27 9 26 9
27 9 27 10
27 9 26 9
29 13 29 14
30 11 31 11
31 33 32 33
1 7 1 4
1 20 1 22
2 5 2 4
2 5 2 6
2 5 2 4
2 22 2 23
2 22 2 23
4 14 5 14
4 14 5 14
4 27 4 26
4 27 4 26
5 5 5 3
5 5 4 5
5 13 7 13
5 26 4 26
5 31 4 31
6 33 6 32
6 33 4 33
6 33 6 32
6 33 4 33
7 28 7 27
8 17 8 18
9 15 9 14
9 15 8 15
10 30 10 27
10 30 6 30
11 7 10 7
12 4 9 4
12 14 11 14
16 4 18 4
18 32 17 32
20 0 19 0
21 30 21 29
22 7 23 7
23 1 23 4
23 1 23 4
23 4 23 5
23 4 22 4
23 4 24 4
26 9 26 10
1 7 1 4
3 33 3 32
3 33 1 33
3 33 3 32
4 4 4 3
4 4 4 5
4 4 3 4
4 4 4 3
4 4 4 5
4 4 3 4
4 31 1 31
5 3 4 3
5 13 7 13
6 32 17 32
7 17 7 18
7 27 7 26
8 13 7 13
9 4 9 7
9 4 8 4
10 6 10 5
10 26 10 27
11 5 14 5
12 14 11 14
19 0 18 0
21 28 21 26
21 28 21 29
21 28 22 28
22 5 22 4
22 26 22 27
22 27 22 26
31 28 31 26
31 28 31 29
31 28 32 28
1 4 2 4
1 31 1 32
1 32 1 33
2 3 2 4
2 3 3 3
3 2 6 2
6 2 6 4
6 2 7 2
6 2 6 4
6 4 8 4
7 14 9 14
7 17 7 18
7 18 7 20
7 20 8 20
8 2 8 4
8 18 8 20
8 20 8 21
8 20 9 20
9 14 7 14
11 5 14 5
18 0 18 4
18 0 18 4
8 20 8 21
8 20 9 20
9 20 11 20
11 20 11 21
11 21 11 20

5299

3 5 - - - - - - - - - 5 = 6 = 4 = = = = = = 6 = = 5 = = = = = = 2 1 
| ǁ 4 = 5 = = 3       ǁ   4 = 5 = = 2   2 = 5 4 4 | 2 - - - 3 2 3 3 
| ǁ 4 3 4 4 2 |       ǁ 1 - - 4 = = = = = = 5 3 ǁ | 4 5 2   ǁ | | | 
| ǁ 2 1 5 = = 6 = = = 8 = = = = = 3 2 3 3 1 | 1 ǁ | 4 ǁ     ǁ | 5 4 
| ǁ | 4 6 3   5 - 4 4 ǁ 4 = 5 - 5 = = = = = 6 4 3 | 5 7 = = 8 5 | 2 
| ǁ | 2 - 4 = 5   4 4 ǁ 4 3 2   ǁ       1 - 5 2   | 2 4 4 2 ǁ 2 | ǁ 
| ǁ 4 = 7         ǁ | 7 | ǁ     8 = = = = = = = = 6 = = = = 5   5 4 
| ǁ 1   | 2 4 = 6 6 2 ǁ 2 3 5 4 ǁ 2 4 - 2   2 2 3 | 1 4 2   | 2 |   
| ǁ 2 - 4 - - - 7 7 1 ǁ | 2 ǁ 3 ǁ 4 7 = 7 2 ǁ 2   |   |     | ǁ |   
| ǁ     4 - - 1 ǁ 5 3 ǁ 4 = 5 4 ǁ 2 ǁ   3   ǁ |   |   |     | ǁ |   
| ǁ     ǁ 1 3 3 ǁ 2 4 ǁ |     2 ǁ   ǁ   |   ǁ | 3 | 3 7 = = 4 ǁ |   
1 ǁ     ǁ 3 ǁ 4 ǁ 4 4 ǁ | 4 5 - 7 = 6 = 5 2 ǁ |   | 4 6 = = 3 ǁ |   
  ǁ     2 ǁ ǁ | ǁ   1 ǁ | ǁ 2 1 6 = = = = = 4 |   | ǁ 4 = = 3 ǁ |   
  ǁ       ǁ ǁ | ǁ     ǁ | 5 = = 7 = = = = = = 7 3 | 6 = = = = 6 |   
2 6 - - - 5 8 4 ǁ     ǁ | |     ǁ     4 2     ǁ 2 | 5 = = 5 2 ǁ |   
3 | 2 2     ǁ 1 7 7 3 ǁ | |     ǁ     ǁ       ǁ ǁ | |     |   ǁ |   
| | 1 | 2   ǁ   ǁ 1   ǁ | |     ǁ     ǁ       ǁ ǁ | |     3   ǁ |   
3 5 = 3 ǁ   ǁ 1 5 1   ǁ 3 |     ǁ     6 = = = 8 6 | |     ǁ   ǁ 2   
3 = = = 5 1 ǁ   |     ǁ 6 4 3 2 ǁ     2       4 2 | 5 = = 4   ǁ 3   
2       |   ǁ   1     ǁ ǁ       ǁ             2   | 4 2       ǁ ǁ   
2       |   ǁ         ǁ 4 - 5 - 7 = = = = = = = = 7 = = = = = 6 7 2 
4 = = = 7 = 7 = = = = 7 3 - 3   ǁ 2 - 4 = 6 6 3   ǁ 1 - 3 3 2 | 4 3 
4 4 = = 5 1 | 2 1 4 4 ǁ     |   ǁ |   |   ǁ ǁ |   ǁ 3 3 3 = = 6 6 3 
6 5 = = 6 1 | 5 5 5 6 ǁ     |   ǁ 4 = 7 = 8 8 5   ǁ 1 |     1 ǁ |   
3 2 4 - 4   | 3 - - 4 ǁ     |   ǁ 2 2 3   | 2 2   ǁ   |     | ǁ |   
  | 4 2     | 2     | ǁ     |   4 5 = = = 6 - - - 7 = 5     | ǁ |   
3 6 = = = = 6 = 6 5 3 ǁ     |         3 1 ǁ 3 5 2 ǁ 1 ǁ   3 2 ǁ 1   
1 |     1 - 5 2 ǁ 4 2 ǁ     |         ǁ   ǁ   3   ǁ 3 ǁ   |   ǁ     
  3 = = = = = = 6 2   ǁ     |         ǁ   ǁ       ǁ | ǁ   5 3 ǁ 2   
            4 = = = = 7 1 3 7 4 - - 4 8 = 7 3 5 - 6 4 5   | | ǁ ǁ   
            6 = = = = 7 = 6 6 4 - 1 2 ǁ   2 2   3 7 3 1   | | ǁ ǁ   
            ǁ         2   2 - - - 3 2 ǁ 2 3 ǁ   1 2 4 - 5 6 7 8 8 3 
            6 = = = = 5 = = = = 8 8 7 6 3 3 ǁ 3   2 4   3 5 3 5 7 3 
            4 = = = = 4 1 1 - - 3 3 3 3 = = 6 2 2 = 5 3 = 6 4 3 2 1 
