34 34
1 5 0 0 0 0 0 0 0 0 0 0 0 6 0 0 0 0 0 0 0 0 0 0 0 0 0 0 0 4 4 5 2 2 
1 7 0 0 0 0 0 0 0 0 2 0 0 0 1 0 4 0 0 1 0 0 0 0 2 0 0 0 0 0 0 0 3 5 
2 3 0 0 0 0 0 0 0 0 0 0 0 7 2 0 0 1 0 2 0 0 0 0 0 1 0 3 1 0 0 0 0 0 
0 4 6 0 0 2 2 3 2 0 0 0 0 8 0 0 6 0 0 5 4 0 0 0 4 0 0 0 0 0 0 0 0 0 
0 4 6 0 0 0 0 4 0 0 0 0 0 3 1 0 0 0 0 0 0 0 0 0 0 0 0 7 4 0 0 0 0 0 
6 0 0 0 0 0 0 0 0 0 0 0 0 0 0 0 0 0 0 0 0 0 0 6 6 4 2 0 0 0 0 1 0 0 
0 2 0 0 5 0 0 0 0 0 0 0 0 0 0 0 0 0 0 0 0 2 2 6 5 5 3 0 3 0 0 2 0 0 
0 0 0 0 0 4 6 0 0 4 0 4 0 0 0 0 0 0 0 0 0 0 0 6 4 4 2 0 3 0 0 4 0 0 
0 0 2 0 0 0 6 2 2 1 0 4 2 0 0 0 4 3 4 5 0 4 0 6 0 0 0 7 5 0 0 0 0 0 
0 0 0 2 0 0 4 0 0 4 4 4 3 2 0 0 0 2 3 2 1 3 1 5 0 0 2 2 2 0 0 0 0 0 
0 0 4 0 0 0 0 0 0 4 4 0 0 0 0 0 4 0 0 0 0 0 0 0 0 0 0 0 0 7 5 3 0 3 
0 0 0 4 0 4 5 0 7 0 0 0 0 0 0 0 6 0 0 0 0 0 0 0 0 6 2 4 2 0 2 1 0 0 
0 0 0 0 0 0 3 0 5 0 0 0 0 4 2 0 0 2 0 0 0 0 0 0 0 6 0 4 0 0 0 0 0 0 
0 5 8 4 0 6 0 0 0 0 0 0 0 0 0 0 8 0 0 0 0 0 0 0 0 0 0 0 0 8 6 4 0 3 
0 5 7 2 0 4 4 0 0 0 6 0 0 6 5 4 0 2 4 0 3 0 0 5 0 5 0 6 3 0 0 4 0 0 
0 1 0 0 0 0 2 2 0 0 6 3 1 0 1 2 0 1 2 0 3 2 0 0 0 4 3 0 0 0 0 3 0 3 
0 1 0 0 0 5 0 0 0 0 0 0 0 6 0 0 7 0 0 0 0 0 0 8 3 7 4 0 0 0 0 0 0 2 
0 0 0 0 0 3 4 0 0 0 4 2 0 0 3 1 0 4 2 4 4 0 0 0 0 0 0 0 0 0 4 4 0 2 
0 3 5 2 0 3 0 1 0 2 0 0 0 3 5 0 8 6 0 4 4 0 0 0 0 0 0 0 1 0 0 2 0 4 
0 0 0 0 0 4 7 0 0 0 0 0 0 0 0 0 7 0 0 4 6 0 0 5 0 8 0 7 2 0 5 1 0 0 
0 0 0 0 0 2 4 0 0 4 0 0 0 3 1 2 5 1 2 3 2 0 0 1 0 2 2 5 2 0 4 2 0 0 
6 0 0 0 6 0 0 0 0 0 0 0 0 0 0 0 0 0 0 0 0 0 0 0 0 0 0 0 0 6 0 0 7 5 
0 3 4 1 0 3 0 0 0 0 3 0 0 6 3 3 1 1 1 0 4 0 0 0 0 5 0 4 4 0 3 2 0 0 
0 4 5 2 0 6 0 0 0 0 0 0 0 6 3 6 0 5 5 2 0 3 0 0 0 4 3 2 2 0 4 0 0 0 
0 0 0 0 0 0 3 5 2 4 2 4 3 0 3 0 3 7 7 3 0 3 0 4 0 0 6 4 2 0 4 2 0 0 
0 5 0 0 5 0 0 0 3 7 0 7 4 0 3 0 1 1 4 4 0 0 0 0 0 0 0 0 0 0 0 0 0 1 
0 0 3 5 5 0 0 0 2 0 2 3 4 0 3 7 0 0 0 0 6 0 0 0 0 0 0 0 0 5 3 0 0 2 
0 0 0 3 0 0 2 0 0 0 0 3 3 0 2 4 2 0 0 0 7 0 0 0 0 0 3 4 4 0 2 0 0 0 
0 0 0 0 0 0 0 0 0 0 0 0 2 0 3 5 0 0 5 0 8 0 0 0 2 0 4 0 4 0 4 0 0 0 
0 0 0 0 0 5 0 7 0 5 5 5 4 0 1 4 3 0 3 2 6 0 0 0 0 0 6 4 2 0 0 0 0 0 
4 0 0 0 0 3 1 2 1 4 0 0 0 7 0 0 0 0 0 0 0 0 0 0 0 0 0 0 0 7 8 4 0 3 
6 7 3 0 2 0 0 0 0 4 1 0 0 3 0 0 1 2 0 4 0 0 0 5 0 4 2 1 0 5 6 3 0 0 
2 5 0 6 0 0 0 0 0 0 0 0 0 0 0 0 0 0 0 0 0 0 0 7 0 0 0 0 0 0 0 0 6 2 
2 4 1 2 0 0 0 0 0 0 0 0 0 0 0 0 3 0 0 4 2 0 0 3 0 0 0 0 0 3 2 0 3 2 
400 642
0 1 0 0
0 1 0 13
0 1 1 1
0 13 0 1
0 13 0 29
0 13 2 13
0 31 0 30
0 31 0 32
0 31 5 31
1 1 1 0
1 1 1 10
1 1 0 1
1 1 2 1
1 16 1 14
1 16 1 19
1 16 3 16
1 16 3 16
1 24 3 24
1 33 1 32
1 33 0 33
1 33 10 33
3 2 3 1
3 2 3 5
3 2 4 2
3 2 3 1
3 2 3 5
3 2 4 2
3 13 3 8
3 13 3 16
3 13 2 13
3 13 4 13
3 13 3 8
3 13 3 16
3 13 2 13
3 13 4 13
4 2 4 1
4 2 4 7
4 2 8 2
4 2 4 1
4 27 4 14
4 27 4 28
4 27 2 27
4 27 8 27
5 0 2 0
5 0 21 0
5 0 2 0
5 0 21 0
5 23 5 24
5 23 6 23
5 23 5 24
5 23 6 23
5 23 5 24
5 23 6 23
6 23 6 22
6 23 6 24
6 23 7 23
7 5 7 6
7 5 11 5
7 5 7 6
7 5 11 5
7 6 7 9
7 6 8 6
7 6 7 9
7 6 8 6
7 9 7 11
7 9 8 9
7 11 7 23
7 11 8 11
7 11 7 23
8 2 10 2
8 6 8 7
8 6 9 6
8 6 8 7
8 6 9 6
8 8 11 8
8 8 11 8
8 11 8 12
8 11 9 11
8 11 8 12
8 16 8 17
8 16 10 16
8 16 8 17
8 16 10 16
8 19 8 18
8 19 8 21
8 19 9 19
8 28 8 27
8 28 7 28
8 28 9 28
9 3 11 3
9 6 11 6
9 9 9 10
9 9 10 9
9 9 9 10
9 9 10 9
9 10 9 11
9 10 10 10
9 11 9 12
9 11 15 11
10 2 13 2
10 9 10 10
10 9 18 9
10 10 14 10
10 16 10 29
10 16 11 16
10 29 10 30
10 29 0 29
10 29 13 29
11 25 11 16
11 25 11 26
11 25 12 25
11 25 11 16
11 25 11 26
11 25 12 25
11 27 11 28
11 27 12 27
11 27 11 28
11 27 12 27
12 8 12 6
12 8 11 8
12 8 24 8
12 25 12 17
12 25 12 27
12 25 14 25
12 25 12 17
12 27 14 27
13 1 13 2
13 1 6 1
13 1 14 1
13 2 13 1
13 2 13 3
13 2 10 2
13 2 14 2
13 5 13 3
13 5 11 5
13 5 14 5
13 5 13 3
13 5 11 5
13 5 14 5
13 16 11 16
13 16 16 16
13 29 13 30
13 29 10 29
13 29 21 29
13 29 13 30
13 29 21 29
13 29 13 30
13 29 13 30
13 30 13 31
13 30 11 30
14 1 14 2
14 1 13 1
14 1 15 1
14 1 14 2
14 13 14 14
14 13 12 13
14 13 16 13
14 13 14 14
14 13 12 13
14 13 16 13
14 15 14 14
14 15 15 15
14 15 14 14
14 15 15 15
14 23 14 20
14 23 14 25
14 23 16 23
14 27 14 25
14 27 14 28
14 27 19 27
14 27 14 25
14 27 14 28
14 28 18 28
14 31 13 31
14 31 15 31
14 31 13 31
14 31 15 31
15 10 15 11
15 10 14 10
15 10 17 10
15 10 15 11
15 10 14 10
15 10 17 10
16 5 16 1
16 5 14 5
16 5 17 5
16 13 16 16
16 13 18 13
16 13 16 16
16 13 18 13
16 23 16 16
16 23 16 24
16 23 14 23
16 23 19 23
16 25 16 24
16 25 16 26
16 25 15 25
16 25 19 25
17 10 17 11
17 10 22 10
17 11 24 11
17 20 17 19
17 20 18 20
17 20 17 19
17 20 18 20
17 30 17 31
17 30 19 30
17 30 17 31
17 30 19 30
18 2 18 1
18 2 18 3
18 2 22 2
18 9 20 9
18 16 18 14
18 16 18 17
18 16 16 16
18 16 19 16
18 16 18 14
18 16 18 17
18 16 16 16
18 16 19 16
18 17 18 19
18 17 17 17
18 17 20 17
18 17 18 19
18 20 18 19
18 20 19 20
19 16 20 16
19 20 19 19
19 20 19 23
19 20 20 20
19 20 19 19
19 20 19 23
19 25 19 23
19 25 19 27
19 25 16 25
19 25 20 25
19 27 19 25
19 27 19 28
19 27 20 27
20 9 24 9
20 16 20 15
20 16 19 16
20 16 22 16
21 0 30 0
21 0 30 0
21 4 25 4
21 29 21 32
21 29 26 29
21 29 21 32
21 29 26 29
21 32 21 33
21 32 1 32
21 32 32 32
21 33 21 32
21 33 18 33
21 33 25 33
22 10 24 10
22 13 22 14
22 13 20 13
22 13 23 13
22 13 22 14
22 13 20 13
22 13 23 13
23 13 23 14
23 13 30 13
23 13 23 14
23 13 30 13
23 30 22 30
23 30 24 30
23 30 22 30
23 30 24 30
24 17 24 16
24 17 24 18
24 17 23 17
24 17 25 17
24 30 24 31
24 30 26 30
25 1 25 4
25 1 23 1
25 1 31 1
25 9 25 8
25 9 25 11
25 9 24 9
25 9 29 9
26 3 26 2
26 3 26 4
26 3 27 3
26 15 26 14
26 15 26 20
26 15 23 15
26 15 27 15
26 33 30 33
27 20 27 16
27 20 27 26
27 20 26 20
27 20 28 20
28 18 28 15
28 18 28 20
28 18 29 18
28 20 28 18
28 20 28 24
28 20 27 20
28 20 29 20
29 5 29 7
29 5 23 5
29 5 30 5
29 11 29 10
29 11 29 12
29 11 27 11
29 12 29 11
29 12 28 12
29 12 29 11
30 0 31 0
30 13 30 9
30 13 30 29
30 13 31 13
30 30 30 29
30 30 30 31
30 30 28 30
30 30 31 30
30 30 30 29
30 30 30 31
30 30 28 30
30 30 31 30
30 31 24 31
30 31 31 31
31 0 31 1
31 0 30 0
31 0 32 0
31 23 31 19
31 23 31 25
31 23 32 23
31 25 31 23
31 25 31 26
31 25 31 26
31 27 31 29
31 30 31 29
31 30 31 31
31 30 33 30
31 30 31 29
32 23 32 3
32 23 31 23
32 23 33 23
32 23 32 3
32 23 33 23
32 23 33 23
32 32 32 33
32 32 21 32
32 32 33 32
32 32 32 33
32 32 33 32
33 19 33 16
33 19 33 20
33 19 33 16
33 19 33 20
33 33 33 32
0 13 0 29
0 13 2 13
0 29 0 30
0 30 0 31
0 30 10 30
0 31 0 32
0 33 1 33
1 1 1 10
1 1 2 1
1 24 3 24
1 32 1 33
2 14 2 13
2 17 2 19
2 19 3 19
2 25 2 27
3 1 2 1
3 1 4 1
3 6 3 7
3 16 3 19
3 20 3 19
3 20 3 24
3 20 3 19
3 20 3 24
4 1 6 1
4 7 4 13
4 7 3 7
4 7 3 7
4 27 4 28
4 27 2 27
4 27 8 27
4 28 2 28
4 28 6 28
6 4 6 21
6 22 6 21
6 28 7 28
6 31 7 31
7 31 6 31
7 31 10 31
7 31 10 31
9 3 11 3
9 6 11 6
9 23 9 22
9 23 9 26
9 23 8 23
10 10 14 10
10 29 10 30
10 33 13 33
11 3 13 3
11 8 11 6
11 8 12 8
11 8 11 6
11 8 12 8
11 16 13 16
12 13 12 14
12 13 9 13
12 14 14 14
13 2 14 2
13 16 16 16
13 31 11 31
15 21 15 20
15 31 17 31
16 26 16 25
16 26 15 26
16 26 16 25
17 15 17 14
17 17 17 18
17 19 17 18
17 19 18 19
17 31 18 31
18 31 19 31
18 33 17 33
18 33 21 33
18 33 17 33
19 16 20 16
19 19 20 19
19 25 19 23
19 25 20 25
19 27 19 28
19 27 20 27
19 30 20 30
20 9 24 9
20 30 20 31
20 30 19 30
20 30 20 31
21 4 25 4
22 10 24 10
22 25 22 20
22 25 22 27
22 25 23 25
22 30 22 31
23 2 23 1
23 2 23 3
23 2 22 2
24 9 24 8
24 11 24 12
24 11 25 11
24 11 24 12
24 17 24 16
24 17 24 18
24 17 23 17
24 18 24 19
24 18 23 18
24 18 25 18
24 23 24 21
24 23 24 26
24 23 24 21
24 23 24 26
24 26 24 27
24 26 23 26
24 26 27 26
24 26 24 27
25 9 25 8
25 9 25 11
25 9 29 9
25 11 25 12
25 11 26 11
25 16 24 16
25 18 25 19
25 18 24 18
25 18 25 19
25 19 24 19
26 8 25 8
26 8 30 8
26 20 26 15
26 20 22 20
26 20 27 20
26 20 22 20
26 33 30 33
27 6 24 6
28 12 27 12
28 20 28 24
28 20 27 20
28 30 28 28
28 30 27 30
29 7 29 5
29 7 24 7
29 7 30 7
29 7 24 7
29 7 30 7
29 10 29 9
29 10 26 10
29 10 29 9
29 10 26 10
29 26 29 20
29 26 29 27
29 26 28 26
29 26 29 20
29 26 29 27
29 26 28 26
29 27 29 28
29 27 27 27
29 28 28 28
30 5 30 6
30 5 29 5
30 29 30 13
30 29 31 29
30 29 31 29
31 0 31 1
31 0 32 0
31 19 31 17
32 1 32 3
32 1 31 1
32 1 33 1
32 3 32 1
32 3 27 3
32 3 33 3
33 0 33 1
33 0 33 1
33 1 33 2
33 3 33 16
33 29 33 30
2 13 2 14
3 16 3 19
6 28 7 28
8 28 8 27
8 28 9 28
9 12 9 13
9 12 15 12
10 29 10 30
10 31 10 30
10 33 13 33
11 6 12 6
12 6 14 6
13 2 14 2
13 33 15 33
14 2 14 3
14 6 14 5
14 6 15 6
14 6 15 6
15 7 18 7
15 21 15 20
15 25 15 26
15 25 14 25
15 25 15 26
15 33 16 33
16 5 17 5
16 23 16 24
16 33 15 33
17 6 17 5
17 6 19 6
17 6 19 6
17 14 18 14
19 19 20 19
20 18 20 19
20 18 22 18
20 23 20 20
20 26 20 27
22 17 23 17
22 20 22 25
23 5 22 5
24 7 24 6
24 12 25 12
24 21 23 21
25 11 25 12
25 11 26 11
25 12 26 12
25 19 24 19
26 12 26 11
26 12 27 12
26 12 27 12
26 29 26 30
27 3 26 3
27 6 24 6
27 16 27 15
28 26 27 26
28 28 27 28
29 9 30 9
29 20 29 19
30 9 30 13
30 9 31 9
31 9 31 4
31 9 31 10
31 9 31 4
31 13 31 16
31 17 31 19
32 1 31 1
14 2 14 3
14 23 14 20
17 14 18 14
20 6 20 5
20 6 19 6
20 6 20 5
20 6 19 6
20 26 20 27
22 5 23 5
23 5 22 5
23 19 23 18
23 21 23 25
24 18 23 18
26 4 26 3
26 4 25 4
26 4 25 4
26 29 26 30
27 27 27 28
27 27 24 27
27 27 27 28
27 30 27 28
29 20 29 19
19 5 19 6
19 5 18 5
19 5 19 6
19 5 18 5
23 19 23 18
23 21 23 25
23 25 23 26
23 26 23 27
24 27 24 28
24 28 23 28
25 1 23 1
25 1 31 1
26 2 31 2
31 1 31 2
31 2 26 2
18 5 18 3
22 25 22 27
23 1 23 2
23 18 23 17
23 17 23 15
23 15 23 14
23 15 22 15
23 15 26 15
23 15 22 15
24 14 25 14
24 14 25 14
24 14 25 14

7957

1 5 = = = = = = = = = = = 6 = = = = = = = = = = = = = = = 4 4 5 2 2 
1 7 = = = = = = = = 2     ǁ 1 - 4 - - 1         2         | | | 3 5 
2 3                       7 2   ǁ 1 - 2         ǁ 1 - 3 1 | | | | | 
ǁ 4 6 = = 2 2 3 2 = = = = 8 = = 6 = = 5 4 = = = 4     ǁ | | | | | | 
ǁ 4 6 - - - - 4 - - - - - 3 1 - - - - - - - - - - - - 7 4 | | | | | 
6 | |                                         6 6 4 2 ǁ | | | 1 | | 
ǁ 2 |   5 - - - - - - - - - - - - - - - - 2 2 6 5 5 3 ǁ 3 | | 2 | | 
ǁ | |     4 6 = = 4 - 4 = = = = = = = = = = = 6 4 4 2 ǁ 3 | | 4 | | 
ǁ | 2     ǁ 6 2 2 1   4 2       4 3 4 5 - 4   6       7 5 | | ǁ | | 
ǁ | | 2   ǁ 4   ǁ 4 4 4 3 2     ǁ 2 3 2 1 3 1 5 - - 2 2 2 | | ǁ | | 
ǁ | 4 ǁ   ǁ ǁ   ǁ 4 4 | | |     4 - - - - - - - - - - - - 7 5 3 | 3 
ǁ | ǁ 4   4 5 = 7 | ǁ | | |     6 = = = = = = = = 6 2 4 2 ǁ 2 1 | ǁ 
ǁ | ǁ |   ǁ 3 - 5 | ǁ | | 4 2   ǁ 2 = = = = = = = 6 - 4   ǁ | | | ǁ 
ǁ 5 8 4 = 6 |   | | ǁ | | ǁ |   8                 |   |   8 6 4 | 3 
ǁ 5 7 2   4 4   | | 6 | | 6 5 4 ǁ 2 4   3 = = 5 - 5 = 6 3 ǁ   4 | | 
ǁ 1       | 2 2 | | 6 3 1 ǁ 1 2 ǁ 1 2   3 2   ǁ   4 3 | | ǁ   3 | 3 
ǁ 1 - - - 5   | | | ǁ     6 = = 7 - - - - - - 8 3 7 4 | | ǁ   | | 2 
ǁ         3 4 | | | 4 2   ǁ 3 1 ǁ 4 2 4 4     |   ǁ   | | ǁ 4 4 | 2 
ǁ 3 5 2 - 3 ǁ 1 | 2 | |   3 5 = 8 6 = 4 4     |   ǁ   | 1 ǁ ǁ 2 | 4 
ǁ   |     4 7   | | | |         7 |   4 6 = = 5 = 8 = 7 2 ǁ 5 1 | ǁ 
ǁ   |     2 4   | 4 | |   3 1 2 5 1 2 3 2 - - 1   2 2 5 2 ǁ 4 2 | ǁ 
6   |   6       | ǁ | |   ǁ     |   |                     6 = = 7 5 
ǁ 3 4 1 ǁ 3     | ǁ 3 |   6 3 3 1 1 1   4 = = = = 5 = 4 4 ǁ 3 2 ǁ | 
ǁ 4 5 2 ǁ 6     | ǁ ǁ |   6 3 6 - 5 5 2 ǁ 3 = = = 4 3 2 2 ǁ 4   ǁ | 
ǁ ǁ     ǁ | 3 5 2 4 2 4 3 ǁ 3 ǁ 3 7 7 3 ǁ 3 = 4 = = 6 4 2 ǁ 4 2 ǁ | 
ǁ 5 - - 5 | ǁ ǁ 3 7 = 7 4 ǁ 3 ǁ 1 1 4 4 ǁ           | |   ǁ | | ǁ 1 
ǁ ǁ 3 5 5 | ǁ ǁ 2 ǁ 2 3 4 ǁ 3 7 = = = = 6           | |   5 3 | ǁ 2 
ǁ ǁ ǁ 3   | 2 ǁ | ǁ ǁ 3 3 ǁ 2 4 2 - - - 7 - - - - - 3 4 4 - 2 | ǁ ǁ 
ǁ ǁ ǁ |   |   ǁ | ǁ ǁ | 2 ǁ 3 5 - - 5 = 8 = = = 2   4 | 4 - 4 | ǁ ǁ 
ǁ ǁ ǁ |   5 = 7 | 5 5 5 4 ǁ 1 4 3   3 2 6 = = = = = 6 4 2   ǁ | ǁ ǁ 
4 ǁ ǁ |   3 1 2 1 4 = = = 7 = = = = = = = = = = = = = = = 7 8 4 ǁ 3 
6 7 3 | 2 = = = = 4 1     3 - - 1 2 = 4 - - - 5 = 4 2 1 - 5 6 3 ǁ   
2 5 = 6 = = = = = = = = = = = = = = = = = = = 7             |   6 2 
2 4 1 2 - - - - - - - - - - - - 3 = = 4 2     3           3 2   3 2 
