34 34
3 3 2 2 0 0 4 0 0 0 0 0 0 0 4 0 0 0 0 0 0 0 0 0 0 0 3 1 3 3 0 5 6 4 
5 0 0 0 0 0 0 0 0 0 0 0 0 0 0 0 0 0 0 0 0 0 0 0 4 2 0 2 0 4 2 0 0 3 
0 3 5 0 4 3 4 4 2 0 0 0 0 6 0 6 6 0 5 0 0 5 5 1 0 4 5 5 5 0 0 5 6 5 
4 6 6 2 0 3 0 6 0 0 0 0 0 5 1 0 4 2 0 2 0 6 7 3 0 0 0 0 0 1 0 0 2 0 
2 4 6 0 8 0 0 0 0 0 0 0 0 0 0 7 0 0 5 1 1 3 0 0 0 3 0 0 0 3 1 0 3 0 
0 0 3 1 0 2 0 0 0 0 0 4 0 0 0 5 0 0 0 0 0 6 5 3 0 1 0 0 0 0 0 0 0 0 
6 7 0 0 5 0 0 0 0 0 0 0 0 0 0 0 0 0 0 0 0 0 0 0 4 0 5 0 0 0 0 0 0 2 
0 2 4 0 5 0 0 0 0 0 3 0 0 0 0 0 0 0 0 0 0 0 0 0 0 4 4 0 0 0 0 0 0 1 
0 0 5 2 0 0 0 0 0 0 2 0 0 0 0 0 0 0 0 0 0 0 0 0 0 6 2 0 0 3 0 0 0 0 
0 0 3 1 0 0 0 0 0 0 0 0 0 0 0 0 0 0 0 0 0 0 0 0 0 4 1 0 0 0 0 0 0 3 
0 0 5 4 0 0 0 0 0 0 0 0 0 0 0 0 0 0 0 0 0 0 0 0 0 0 0 0 0 5 0 3 0 0 
2 4 6 4 0 0 0 0 0 0 0 0 0 0 0 0 0 0 0 0 0 0 0 0 0 4 0 5 0 1 2 0 6 6 
4 7 8 4 0 0 0 0 0 0 0 0 0 0 0 0 0 0 0 0 0 0 0 0 0 6 2 3 0 3 3 3 0 4 
0 4 6 2 0 0 0 0 0 0 0 0 0 0 0 0 0 0 0 0 0 0 0 0 0 2 2 3 0 3 3 4 0 4 
5 0 0 0 7 0 0 0 0 0 0 0 0 0 0 0 0 0 0 0 0 0 0 0 7 0 0 0 7 0 0 0 6 6 
0 4 3 0 0 4 0 0 4 4 5 6 0 0 0 0 4 0 0 0 3 2 3 1 0 4 5 2 0 2 0 0 6 3 
0 0 1 0 0 0 0 0 0 1 0 4 0 4 0 0 4 0 1 0 0 0 0 2 0 5 4 0 7 0 0 0 7 3 
0 0 0 0 0 6 0 0 0 0 6 0 0 0 0 0 0 0 0 0 5 0 0 0 0 0 0 2 0 4 6 3 0 0 
0 0 0 0 0 2 3 0 0 0 5 4 4 2 3 0 0 0 0 0 0 0 0 4 0 4 0 3 0 0 5 2 0 0 
0 0 0 0 0 2 6 0 2 2 5 4 4 0 4 0 0 0 3 2 0 0 0 0 0 3 0 0 0 0 5 2 0 0 
0 6 0 0 8 0 0 0 0 0 0 0 0 0 0 0 0 0 0 0 7 5 0 0 0 5 7 4 0 0 0 0 0 0 
0 0 2 2 0 1 2 2 0 3 0 4 0 0 0 0 0 4 4 3 0 2 0 0 0 0 0 1 0 0 0 0 0 2 
0 0 0 0 0 2 0 2 1 0 2 5 0 0 0 0 2 2 0 2 0 2 0 0 0 4 7 2 0 0 0 3 0 2 
0 0 4 4 0 5 6 0 0 6 0 0 0 0 0 0 0 0 5 3 0 1 0 0 0 3 4 2 0 0 0 4 0 0 
0 0 0 1 0 0 0 4 2 0 4 6 0 5 0 0 0 0 0 0 6 0 8 5 0 4 0 0 5 5 7 4 0 0 
0 0 0 2 0 0 0 0 2 0 4 6 0 6 0 0 0 0 2 2 5 3 6 3 0 1 1 3 0 2 3 2 0 0 
0 0 0 0 0 4 0 0 5 7 0 0 0 0 0 0 0 0 0 0 0 0 0 0 6 0 3 6 0 0 0 0 0 0 
0 5 4 4 0 4 0 0 2 0 4 6 4 4 6 0 0 0 0 5 0 5 1 0 0 4 6 5 0 6 7 5 0 0 
0 4 3 3 0 0 0 4 0 6 6 0 0 0 4 0 0 4 2 0 0 2 0 0 0 2 0 0 0 2 0 3 0 0 
0 0 0 3 0 5 5 0 0 2 4 3 3 4 0 0 0 0 0 6 0 0 0 0 6 0 7 2 5 0 7 4 5 4 
0 0 3 4 0 2 2 0 0 0 0 0 0 0 0 0 3 4 2 2 2 1 3 2 0 3 6 1 0 2 0 5 7 2 
0 0 2 0 7 0 0 0 0 0 0 0 0 0 0 0 0 0 0 0 7 2 0 0 0 2 4 2 0 3 3 5 6 1 
6 4 3 4 6 0 0 0 0 0 0 0 0 0 0 0 0 0 2 3 5 0 3 6 5 6 0 0 8 0 0 0 7 5 
4 0 0 0 0 0 0 0 0 0 0 0 0 0 4 0 0 0 2 2 3 1 0 4 2 4 3 1 4 2 2 0 4 3 
400 675
0 31 0 29
0 31 0 32
0 31 2 31
0 32 0 31
0 32 0 33
0 32 2 32
0 32 0 31
0 32 0 33
0 33 1 33
0 33 1 33
1 0 1 24
1 0 0 0
1 0 3 0
1 33 2 33
2 2 2 1
2 2 2 4
2 2 3 2
2 13 2 8
2 13 2 15
2 13 3 13
2 13 2 8
2 13 2 15
2 13 3 13
2 15 2 16
2 15 4 15
2 16 2 15
2 16 2 18
2 16 3 16
2 16 2 15
2 16 2 18
2 21 2 18
2 21 2 22
2 21 3 21
2 22 2 21
2 22 2 23
2 22 3 22
2 32 2 31
2 32 2 33
2 32 3 32
2 32 2 31
2 32 2 33
2 33 6 33
2 33 6 33
3 16 3 17
3 16 15 16
3 16 3 17
4 4 4 2
4 4 4 15
4 4 2 4
4 4 6 4
4 4 4 2
4 4 4 15
4 4 2 4
4 4 6 4
4 15 5 15
4 15 5 15
4 18 4 19
4 18 2 18
4 18 16 18
4 18 2 18
5 21 5 22
5 21 4 21
5 21 15 21
5 21 5 22
5 21 4 21
5 21 15 21
6 0 6 1
6 0 4 0
6 0 11 0
6 0 6 1
6 0 4 0
6 0 11 0
6 1 6 4
6 1 4 1
6 1 7 1
6 26 6 24
6 26 2 26
6 26 7 26
7 25 7 26
7 25 8 25
7 25 7 26
7 25 8 25
8 2 8 3
8 2 7 2
8 2 9 2
8 25 8 26
8 25 9 25
8 25 8 26
8 25 9 25
9 25 9 26
9 25 11 25
9 33 7 33
9 33 11 33
9 33 11 33
10 2 10 3
10 2 9 2
10 2 11 2
10 29 10 31
10 29 8 29
10 29 11 29
11 25 11 27
11 25 12 25
11 25 11 27
11 33 11 32
11 33 12 33
12 0 12 1
12 0 14 0
12 0 12 1
12 0 14 0
12 1 12 2
12 1 11 1
12 1 13 1
12 2 12 1
12 2 12 3
12 2 11 2
12 2 13 2
12 2 12 1
12 2 12 3
12 2 11 2
12 3 11 3
12 3 13 3
13 1 13 2
13 1 15 1
13 1 13 2
14 0 32 0
14 28 14 24
14 28 14 32
14 28 2 28
14 28 16 28
14 33 14 32
14 33 13 33
14 33 15 33
14 33 14 32
14 33 13 33
14 33 15 33
15 1 15 2
15 1 20 1
15 1 15 2
15 16 15 11
15 16 16 16
15 16 15 11
15 26 15 25
15 26 15 27
15 26 16 26
16 16 16 13
16 16 22 16
16 16 16 13
16 32 16 28
16 32 16 33
16 32 15 32
16 32 29 32
17 5 17 10
17 5 15 5
17 5 18 5
17 5 17 10
17 5 15 5
17 5 18 5
17 10 15 10
17 10 18 10
17 10 15 10
17 10 18 10
17 20 17 27
17 20 15 20
17 20 20 20
17 30 17 29
17 30 17 31
17 30 18 30
17 30 17 29
17 30 17 31
17 30 18 30
17 31 18 31
18 23 18 25
18 23 24 23
18 23 18 25
18 23 24 23
18 25 18 27
18 25 19 25
20 4 20 1
20 4 14 4
20 4 31 4
20 4 20 1
20 4 14 4
20 4 31 4
20 20 20 21
20 20 17 20
20 20 24 20
20 20 20 21
20 20 24 20
20 20 20 21
20 21 21 21
20 25 20 26
20 25 19 25
20 25 22 25
20 26 20 25
20 26 20 27
20 26 22 26
20 26 20 25
20 26 20 27
20 26 22 26
20 27 18 27
20 27 21 27
21 17 21 18
21 17 22 17
21 17 21 18
21 17 22 17
22 21 21 21
22 21 23 21
22 25 22 26
22 25 23 25
22 25 22 26
23 5 23 6
23 5 22 5
23 5 26 5
24 20 24 13
24 20 24 22
24 20 25 20
24 20 24 13
24 30 24 29
24 30 24 31
24 30 19 30
24 30 25 30
26 9 26 8
26 9 26 24
26 9 23 9
26 9 28 9
26 24 26 9
26 24 26 26
26 24 29 24
26 24 26 26
26 24 29 24
26 27 26 26
26 27 25 27
26 27 27 27
27 1 27 2
27 1 20 1
27 1 28 1
27 10 27 11
27 10 28 10
27 10 27 11
27 10 28 10
27 11 27 12
27 11 29 11
27 11 27 12
27 11 29 11
27 12 27 13
27 12 29 12
27 13 27 14
27 13 29 13
27 13 27 14
27 14 27 19
27 14 28 14
27 14 27 19
27 14 28 14
27 21 27 19
27 21 27 22
27 21 28 21
27 25 27 26
27 25 28 25
27 25 27 26
27 25 28 25
27 26 27 27
27 26 29 26
27 30 27 29
27 30 27 31
27 30 25 30
27 30 29 30
28 7 28 9
28 7 24 7
28 7 28 9
28 7 24 7
28 9 28 10
28 9 26 9
28 9 29 9
28 10 29 10
28 14 28 17
28 14 33 14
28 17 28 18
28 17 30 17
28 17 28 18
29 5 29 6
29 5 27 5
29 5 30 5
29 13 29 12
29 19 29 24
29 19 27 19
29 19 30 19
29 19 29 24
29 19 27 19
29 19 30 19
30 16 30 17
30 17 30 16
30 17 30 18
30 18 32 18
30 32 30 31
30 32 30 33
30 32 29 32
30 32 31 32
31 31 31 30
31 31 31 32
31 31 30 31
32 0 32 1
32 0 14 0
32 0 33 0
32 4 32 3
32 4 31 4
32 4 32 3
32 4 31 4
32 4 32 3
32 4 31 4
32 28 32 25
32 28 32 32
32 28 29 28
32 28 33 28
32 28 32 25
32 28 32 32
32 28 29 28
32 28 33 28
32 32 32 33
32 32 31 32
32 32 33 32
32 33 32 32
32 33 31 33
32 33 33 33
33 0 33 14
33 0 32 0
33 0 33 14
33 14 33 18
33 28 33 27
33 28 33 29
33 29 33 30
33 30 33 32
33 32 33 33
33 32 32 32
33 33 32 33
0 6 0 3
0 6 0 14
0 6 0 3
0 6 0 14
0 14 0 26
2 4 2 2
2 6 2 5
2 6 2 7
2 6 2 5
2 6 2 7
2 7 3 7
2 7 3 7
2 21 2 22
3 0 3 1
3 0 1 0
3 0 3 1
3 1 3 2
3 1 2 1
3 1 4 1
3 1 3 2
3 2 3 3
3 2 2 2
3 2 4 2
3 7 3 5
3 7 3 13
3 7 3 5
3 7 3 13
3 13 3 14
3 19 3 21
3 19 3 21
3 22 3 21
3 22 3 23
3 22 5 22
4 1 4 2
4 1 6 1
4 2 5 2
4 2 5 2
4 15 5 15
4 15 5 15
5 2 5 3
5 15 5 11
7 26 6 26
11 1 11 2
11 1 7 1
11 1 11 2
11 3 11 2
11 3 10 3
11 3 10 3
11 33 11 32
11 33 12 33
12 33 12 31
12 33 13 33
13 3 13 2
13 33 13 31
14 4 7 4
15 5 15 8
15 5 5 5
15 8 15 9
15 11 15 10
15 11 5 11
15 11 16 11
15 11 15 10
15 20 4 20
15 20 17 20
15 29 15 32
16 2 15 2
16 9 15 9
16 11 16 13
16 11 18 11
16 11 16 13
16 25 16 23
16 25 16 26
16 25 15 25
17 29 17 27
17 29 24 29
19 14 19 12
19 14 18 14
19 14 19 12
19 14 18 14
20 1 27 1
22 16 22 11
23 18 23 9
23 18 23 19
23 18 21 18
23 31 22 31
23 31 24 31
23 31 22 31
23 31 24 31
24 7 24 8
24 7 22 7
24 10 24 11
24 10 25 10
24 10 24 11
24 10 25 10
24 11 24 13
24 11 25 11
24 11 24 13
24 11 25 11
24 13 25 13
24 28 24 25
24 28 24 29
24 28 29 28
24 31 24 30
25 10 25 11
25 20 25 19
25 20 25 21
25 20 25 19
25 20 25 21
25 21 25 22
25 22 25 23
25 22 24 22
26 5 23 5
26 5 27 5
26 5 27 5
27 5 29 5
27 8 26 8
27 21 28 21
27 26 27 27
27 26 29 26
27 29 27 30
27 29 25 29
27 29 28 29
27 29 27 30
27 29 25 29
28 10 29 10
28 29 30 29
29 13 29 12
29 26 29 24
29 26 29 27
29 26 30 26
29 30 29 31
29 30 27 30
29 30 31 30
29 30 29 31
29 30 31 30
29 30 29 31
30 29 31 29
31 4 31 2
31 31 31 32
31 31 30 31
31 32 30 32
32 0 32 1
32 1 32 2
32 1 28 1
32 2 32 3
32 2 31 2
32 25 32 24
32 25 31 25
32 25 33 25
32 25 32 24
33 25 33 24
33 25 33 26
33 25 33 24
0 2 0 1
0 14 0 26
2 5 3 5
3 22 3 21
3 22 3 23
3 22 5 22
3 23 5 23
4 21 3 21
5 5 5 11
6 1 6 4
6 4 7 4
7 2 7 4
7 2 8 2
7 2 7 4
7 4 14 4
7 10 8 10
10 2 10 3
10 2 9 2
11 32 11 30
11 32 4 32
11 32 11 30
11 32 4 32
13 31 13 30
13 31 12 31
13 31 13 30
15 8 15 9
15 9 15 8
15 10 8 10
15 27 15 26
15 29 15 32
15 32 15 33
15 32 14 32
15 32 16 32
16 28 16 26
16 28 16 32
16 28 14 28
16 28 16 26
18 14 18 13
19 12 19 11
19 12 18 12
22 11 22 10
22 11 21 11
22 11 22 10
22 11 21 11
22 31 19 31
23 6 23 5
23 6 21 6
23 6 29 6
23 6 21 6
23 6 29 6
23 9 23 18
23 9 21 9
23 9 26 9
23 9 21 9
24 29 24 28
24 29 24 30
25 10 25 11
25 11 25 13
25 13 25 11
25 13 25 18
25 13 25 18
25 22 25 23
25 22 24 22
27 8 26 8
27 31 25 31
27 31 28 31
28 1 28 2
28 1 27 1
28 10 29 10
29 10 29 9
29 28 29 27
29 28 24 28
30 3 30 2
30 3 29 3
30 3 30 2
30 3 29 3
31 32 30 32
33 23 33 21
33 23 32 23
33 23 32 23
33 23 32 23
0 2 0 1
8 2 8 3
12 31 12 30
14 32 14 28
15 26 15 25
16 25 16 23
16 25 15 25
18 12 18 11
18 12 18 13
18 12 18 11
19 6 19 5
19 6 19 8
19 6 18 6
19 6 19 5
19 6 19 8
19 6 18 6
19 10 19 9
19 10 19 11
19 10 18 10
21 5 22 5
21 7 21 9
21 7 22 7
21 11 19 11
22 8 24 8
25 8 26 8
25 22 25 23
26 8 25 8
27 27 26 27
27 31 25 31
27 31 28 31
28 31 29 31
29 3 28 3
29 26 29 24
29 26 30 26
30 2 28 2
30 26 30 25
30 26 30 27
30 26 31 26
30 26 30 25
30 31 30 32
30 33 29 33
31 26 31 25
31 26 31 27
31 26 31 27
32 23 32 22
32 23 32 24
32 23 30 23
0 0 0 1
0 0 1 0
1 24 1 25
1 24 6 24
1 24 1 25
2 25 2 26
2 25 4 25
2 25 2 26
2 25 4 25
4 25 5 25
5 23 5 22
5 23 15 23
6 24 6 26
6 24 14 24
14 24 14 28
18 6 18 10
18 11 18 10
19 9 19 10
19 10 19 11
24 22 24 23
25 30 24 30
27 27 26 27
29 32 29 33
29 32 16 32
29 32 29 33
29 33 22 33
30 25 30 23
16 33 21 33
16 33 21 33
19 30 19 31
19 30 18 30
19 30 18 30
19 30 18 30
24 22 24 23
25 27 25 26
25 27 26 27
30 22 30 21
30 22 32 22
30 22 32 22
31 21 31 20
31 21 31 20
32 20 32 19
32 20 31 20
32 20 33 20
24 22 24 23
24 25 23 25
24 25 25 25
24 25 23 25
30 20 31 20
23 26 23 27
23 26 22 26
23 26 23 27
23 26 22 26
30 20 31 20
31 20 32 20
22 26 22 27
31 20 32 20
33 20 33 19
33 20 33 19
32 19 32 18

6894

3 3 2 2 = = 4 = = = = = = = 4 = = = = = = = = = = = 3 1 3 3 - 5 6 4 
5 - - - - - - - - - - - - - - - - - - - - - - - 4 2   2   4 2 | | 3 
ǁ 3 5 = 4 3 4 4 2 = = = = 6 = 6 6 = 5 - - 5 5 1 | 4 5 5 5     5 6 5 
4 6 6 2 ǁ 3 = 6 = = = = = 5 1 | 4 2 ǁ 2 = 6 7 3 | ǁ |   | 1     2 ǁ 
2 4 6 = 8 = = = = = = = = = = 7 |   5 1 1 3 ǁ | | 3 |   | 3 1   3 ǁ 
ǁ ǁ 3 1 ǁ 2 - - - - - 4 - - - 5 |   |   | 6 5 3 | 1 |   |       ǁ ǁ 
6 7 = = 5 |           |         |   |   | ǁ   | 4 = 5   |       ǁ 2 
ǁ 2 4 = 5 |         3 |         |   |   | ǁ   | | 4 4   |       ǁ 1 
ǁ | 5 2 ǁ |         2 |         |   |   | ǁ   | | 6 2   | 3     ǁ | 
ǁ | 3 1 ǁ |         | |         |   |   | ǁ   | | 4 1   | |     ǁ 3 
ǁ | 5 4 ǁ |         | |         |   |   | ǁ   | | |     | 5 - 3 ǁ ǁ 
2 4 6 4 ǁ |         | |         |   |   | ǁ   | | 4 = 5 | 1 2 = 6 6 
4 7 8 4 ǁ |         | |         |   |   | ǁ   | | 6 2 3 | 3 3 3 - 4 
ǁ 4 6 2 ǁ |         | |         |   |   | ǁ   | | 2 2 3 | 3 3 4 - 4 
5 |     7 |         | |         |   |   | ǁ   | 7 = = = 7 = = = 6 6 
ǁ 4 3   ǁ 4 - - 4 4 5 6 = = = = 4   |   3 2 3 1   4 5 2 ǁ 2 = = 6 3 
ǁ | 1   ǁ ǁ       1 ǁ 4 = 4 = = 4   1   ǁ     2 = 5 4 = 7 = = = 7 3 
ǁ |     ǁ 6 = = = = 6 |         |       5 - - - - - - 2 - 4 6 3 ǁ ǁ 
ǁ |     ǁ 2 3 - - - 5 4 4 2 3   |       ǁ     4 = 4 - 3   | 5 2 ǁ ǁ 
ǁ |     ǁ 2 6 = 2 2 5 4 4 = 4   |   3 2 ǁ     ǁ   3   |   | 5 2 ǁ ǁ 
ǁ 6 = = 8             |         |       7 5   ǁ   5 7 4   | | | ǁ ǁ 
ǁ ǁ 2 2 ǁ 1 2 2 - 3   4         | 4 4 3 ǁ 2   ǁ   | ǁ 1   | | | ǁ 2 
ǁ ǁ     ǁ 2 ǁ 2 1 ǁ 2 5 - - - - 2 2 | 2 ǁ 2   ǁ   4 7 2   | | 3 ǁ 2 
ǁ ǁ 4 4 ǁ 5 6 | | 6 = = = = = = = = 5 3 ǁ 1   ǁ   3 4 2   | | 4 ǁ | 
ǁ ǁ   1 ǁ ǁ ǁ 4 2 ǁ 4 6 = 5 = = = = = = 6 - 8 5   4 - - 5 5 7 4 ǁ | 
ǁ ǁ   2 ǁ ǁ ǁ ǁ 2 ǁ 4 6 = 6 = = = = 2 2 5 3 6 3   1 1 3 ǁ 2 3 2 ǁ | 
ǁ ǁ     ǁ 4 ǁ ǁ 5 7 = = = = = = = = = = = = = = 6 = 3 6 ǁ ǁ | ǁ ǁ | 
ǁ 5 4 4 ǁ 4 ǁ ǁ 2 ǁ 4 6 4 4 6 = = = = 5 - 5 1   ǁ 4 6 5 ǁ 6 7 5 ǁ | 
ǁ 4 3 3 ǁ ǁ ǁ 4 = 6 6 ǁ | | 4 - - 4 2 ǁ   2     ǁ 2 ǁ   ǁ 2 ǁ 3 ǁ | 
ǁ | | 3 ǁ 5 5     2 4 3 3 4 |     |   6 = = = = 6 = 7 2 5 | 7 4 5 4 
ǁ | 3 4 ǁ 2 2               |   3 4 2 2 2 1 3 2 - 3 6 1 ǁ 2 ǁ 5 7 2 
ǁ | 2 - 7                   |       |   7 2 ǁ |   2 4 2 ǁ 3 3 5 6 1 
6 4 3 4 6                   |       2 3 5   3 6 5 6 = = 8 = = = 7 5 
4 = = = = = = = = = = = = = 4 - - - 2 2 3 1 - 4 2 4 3 1 4 2 2 - 4 3 
