34 34
2 2 0 0 5 0 6 0 0 0 0 0 0 0 0 0 0 0 0 0 0 0 0 0 0 6 0 0 0 0 4 1 4 2 
4 0 1 2 5 2 0 4 4 5 0 2 1 1 2 0 0 4 0 3 2 0 4 2 3 0 4 4 0 0 7 1 0 2 
0 2 0 0 0 0 8 8 2 5 0 0 0 5 0 0 0 0 0 5 4 2 0 4 6 0 4 0 3 0 6 2 0 0 
0 1 0 0 0 0 3 3 1 4 0 2 0 0 0 0 0 0 0 4 0 0 6 6 4 0 2 3 3 2 5 2 0 0 
5 0 0 0 0 0 0 0 0 0 0 0 0 8 0 0 0 0 0 0 0 0 0 0 0 8 0 0 0 0 0 0 6 5 
0 2 4 0 5 0 2 1 2 0 0 0 2 0 3 0 0 4 0 0 0 4 5 3 1 0 1 3 4 0 5 3 0 0 
0 0 6 3 0 0 4 0 6 0 0 4 4 0 0 0 0 0 0 0 2 0 6 0 0 0 0 0 2 1 0 4 0 0 
0 0 0 1 0 0 0 0 0 2 0 0 0 0 4 0 0 6 0 0 0 0 8 3 0 0 0 0 4 6 4 5 0 0 
0 0 4 1 0 0 0 0 0 0 0 0 0 0 1 0 0 0 0 0 0 0 0 0 0 0 0 0 0 0 3 5 0 0 
0 0 5 4 0 0 0 0 0 0 0 0 0 0 2 0 0 0 4 0 0 0 7 1 0 0 0 0 4 6 5 5 0 0 
0 0 2 2 0 0 2 0 0 0 0 0 0 0 0 0 0 0 4 0 2 0 2 0 0 0 0 0 2 0 0 0 0 0 
0 0 0 0 0 0 1 0 0 0 0 0 3 0 0 0 0 0 0 0 0 0 0 0 0 0 0 0 4 0 0 3 0 0 
0 6 0 0 7 0 0 0 6 3 0 0 0 0 0 0 0 0 0 0 0 0 0 0 0 0 0 0 0 0 0 2 0 3 
0 5 3 2 0 4 0 0 8 0 4 0 0 0 0 0 0 0 0 0 0 0 0 0 0 0 0 0 0 0 4 2 0 3 
0 3 6 5 0 2 0 0 0 0 0 0 0 0 5 0 0 6 0 0 0 0 0 0 0 7 0 7 4 0 5 3 0 3 
0 1 0 0 0 0 0 0 0 0 0 0 0 0 0 3 0 4 0 0 0 4 1 0 0 0 4 5 1 0 3 3 0 3 
0 1 0 3 0 0 0 0 0 0 4 5 3 0 0 0 2 5 2 3 0 4 2 0 0 0 5 0 0 5 0 0 7 5 
0 0 0 0 0 2 0 0 7 0 2 0 0 0 0 0 2 0 3 5 2 0 0 0 0 5 0 3 3 0 0 0 0 0 
0 0 0 4 0 0 0 0 1 0 0 0 0 0 4 8 4 0 3 7 0 0 4 2 2 4 0 0 0 0 0 0 0 0 
0 0 0 2 0 0 0 0 0 0 0 0 0 0 2 6 2 0 2 6 2 0 0 1 0 2 0 0 0 0 0 0 0 2 
0 5 7 0 4 0 0 0 0 0 0 0 0 7 0 0 0 5 0 0 0 0 6 0 5 2 0 0 0 0 0 0 0 1 
0 2 0 4 4 0 0 0 0 0 0 0 0 7 4 2 0 0 4 0 4 0 7 5 5 2 0 0 2 0 0 0 0 2 
0 1 4 5 6 6 4 5 5 0 0 5 4 0 3 0 0 0 2 2 3 0 3 2 0 3 0 0 0 0 0 0 0 0 
0 2 0 0 4 0 0 1 2 0 0 0 4 3 5 0 0 5 0 0 0 0 5 0 7 8 7 7 5 0 3 0 6 5 
5 0 0 0 0 6 0 0 0 0 0 8 6 7 8 6 4 0 4 0 5 3 0 2 3 0 0 0 4 0 3 2 1 3 
0 0 0 0 0 2 1 4 0 0 0 6 0 6 6 5 3 4 4 1 0 3 3 0 3 0 0 0 5 7 0 0 6 6 
0 0 0 0 0 2 0 6 0 0 0 0 0 0 0 0 0 5 1 0 0 3 3 0 4 4 0 0 0 6 0 3 0 0 
0 3 0 0 0 0 0 0 0 0 0 0 0 0 0 0 0 0 0 0 6 0 0 8 6 4 0 4 0 5 4 0 4 0 
0 4 0 0 0 0 0 3 3 0 6 0 6 0 0 0 5 4 6 4 0 0 0 2 0 0 0 0 0 0 0 0 2 0 
4 4 0 2 2 0 0 5 0 0 4 0 6 0 2 0 0 3 0 2 0 3 0 0 7 6 0 2 0 0 3 3 2 0 
0 5 0 4 0 4 2 2 3 0 0 0 0 0 0 0 8 4 0 0 0 3 2 2 5 4 0 1 6 6 0 4 0 0 
4 0 2 5 0 0 0 0 0 0 0 0 0 2 0 0 0 0 4 0 5 0 0 0 0 0 7 3 3 4 2 2 0 4 
4 0 0 0 0 0 1 0 0 0 0 0 0 0 0 0 4 0 0 0 0 0 0 0 0 0 5 0 0 0 0 0 5 2 
3 5 0 0 0 0 0 0 0 0 0 0 0 0 0 0 0 0 0 0 0 0 0 0 0 0 4 1 0 0 1 0 4 1 
400 623
0 4 0 1
0 4 0 6
0 4 1 4
0 6 0 4
0 6 0 25
0 6 2 6
0 25 0 6
0 25 0 30
0 25 4 25
1 7 1 8
1 7 2 7
1 7 1 8
1 7 2 7
1 8 1 9
1 8 2 8
1 9 1 11
1 9 2 9
1 26 1 27
1 26 2 26
1 26 1 27
1 26 2 26
1 27 1 30
1 27 3 27
1 30 1 31
1 30 0 30
1 30 2 30
1 30 0 30
1 30 2 30
2 6 2 1
2 6 2 7
2 6 0 6
2 6 3 6
2 7 2 6
2 7 2 8
2 7 3 7
2 24 2 23
2 24 1 24
2 24 3 24
2 24 2 23
2 24 1 24
2 24 3 24
2 26 3 26
3 24 3 23
3 24 5 24
4 0 4 13
4 0 1 0
4 0 24 0
4 13 4 0
4 13 2 13
4 13 20 13
4 13 2 13
4 13 20 13
4 25 4 32
4 25 0 25
4 25 14 25
4 25 4 32
4 25 14 25
4 32 4 33
4 32 0 32
4 32 16 32
4 32 4 33
5 4 5 2
5 4 5 6
5 4 12 4
5 30 5 28
5 30 5 31
5 30 7 30
6 2 6 3
6 2 5 2
6 2 8 2
6 2 6 3
6 2 5 2
6 2 8 2
6 3 7 3
6 22 6 20
6 22 5 22
6 22 7 22
6 22 6 20
6 22 5 22
6 22 7 22
6 31 5 31
6 31 7 31
6 31 5 31
6 31 7 31
7 9 12 9
7 22 7 17
7 22 7 23
7 22 9 22
8 2 8 3
8 2 9 2
8 31 8 30
8 31 7 31
8 31 9 31
9 2 9 3
9 2 10 2
9 3 9 2
9 3 10 3
9 3 9 2
9 22 9 18
9 22 9 23
9 22 7 22
9 22 10 22
12 1 12 4
12 1 5 1
12 1 13 1
12 1 12 4
12 1 5 1
12 1 13 1
13 8 13 5
13 8 13 10
13 8 12 8
13 8 17 8
13 8 13 5
13 8 13 10
13 8 12 8
13 8 17 8
13 10 16 10
14 14 14 17
14 14 9 14
14 14 18 14
14 25 14 17
14 25 14 27
14 25 17 25
15 26 15 27
15 26 16 26
15 26 15 27
15 26 16 26
16 32 16 29
16 32 16 33
16 32 23 32
17 8 17 5
17 8 17 10
17 8 18 8
17 8 17 5
17 8 17 10
18 3 16 3
18 3 19 3
18 3 16 3
18 3 19 3
18 15 18 14
18 15 18 16
18 15 15 15
18 15 19 15
18 15 18 14
18 15 18 16
18 15 15 15
18 15 19 15
18 19 18 18
18 19 18 22
18 19 17 19
18 19 19 19
19 15 19 14
19 15 19 16
19 15 21 15
19 15 19 14
20 1 20 2
20 1 16 1
20 1 21 1
20 17 20 22
20 17 16 17
20 17 23 17
21 13 21 4
21 13 21 14
21 13 20 13
21 13 23 13
21 18 21 20
21 18 22 18
21 18 21 20
21 18 22 18
21 20 21 22
21 20 22 20
21 22 21 23
21 22 20 22
21 22 22 22
22 5 22 4
22 5 22 6
22 5 24 5
22 5 22 4
22 5 22 6
22 5 24 5
22 6 22 7
22 6 25 6
22 7 22 8
22 7 23 7
22 7 22 8
22 11 22 8
22 11 22 12
22 11 24 11
22 12 22 11
22 12 23 12
22 12 22 11
23 12 23 13
23 12 24 12
23 12 23 13
23 14 23 17
23 14 22 14
23 14 24 14
23 24 23 22
23 24 23 25
23 24 21 24
23 24 24 24
23 25 23 24
23 25 23 26
23 25 22 25
23 25 26 25
23 25 23 24
23 25 23 26
23 25 22 25
23 26 23 27
23 26 16 26
23 26 31 26
23 33 23 32
23 33 21 33
23 33 24 33
24 5 24 0
24 5 25 5
24 5 24 0
24 5 25 5
24 12 24 11
24 12 24 13
24 12 28 12
24 12 24 11
24 12 24 13
24 14 24 13
24 14 24 15
24 14 23 14
24 14 25 14
24 14 24 13
24 14 24 15
24 14 23 14
24 15 24 16
24 15 25 15
24 15 24 16
24 15 25 15
24 16 24 18
24 16 25 16
24 18 24 20
24 18 25 18
24 18 24 20
25 7 25 11
25 7 26 7
25 7 25 11
25 7 26 7
25 11 24 11
25 11 24 11
25 13 25 14
25 13 24 13
25 13 31 13
25 13 25 14
25 13 24 13
25 13 31 13
25 28 25 29
25 28 24 28
25 28 30 28
25 33 25 32
25 33 24 33
25 33 31 33
25 33 25 32
25 33 24 33
25 33 31 33
26 7 26 5
26 7 28 7
26 7 26 5
26 7 28 7
26 17 26 18
26 17 25 17
26 17 28 17
26 25 26 24
26 25 27 25
26 25 26 24
26 29 26 31
26 29 25 29
26 29 27 29
26 29 26 31
26 29 25 29
26 29 27 29
27 1 28 1
27 20 27 23
27 20 24 20
27 20 31 20
27 20 27 23
27 20 24 20
27 20 31 20
27 23 27 24
27 23 24 23
27 23 28 23
27 25 27 24
27 25 29 25
27 25 27 24
27 27 23 27
27 27 29 27
27 27 23 27
27 27 29 27
28 10 28 8
28 10 28 12
28 10 29 10
28 10 28 8
28 10 28 12
28 10 29 10
28 12 29 12
28 16 28 17
28 16 25 16
28 16 30 16
28 18 28 17
28 18 28 19
28 18 31 18
28 18 28 17
28 18 28 19
28 18 31 18
28 19 25 19
28 19 29 19
29 10 29 7
29 10 29 12
29 12 28 12
29 14 25 14
29 17 30 17
29 24 29 21
29 24 29 25
29 24 27 24
29 24 30 24
29 25 29 24
29 25 30 25
29 25 29 24
29 25 30 25
30 1 30 3
30 1 29 1
30 1 33 1
30 5 30 3
30 5 30 6
30 5 30 3
30 5 30 6
30 8 30 7
30 16 30 17
30 16 28 16
30 16 32 16
30 16 30 17
30 16 32 16
30 16 30 17
30 25 30 24
31 0 29 0
31 0 32 0
31 0 29 0
31 0 32 0
31 2 31 3
31 3 31 2
31 3 30 3
31 18 31 20
31 18 31 20
31 20 31 26
31 26 31 27
31 26 23 26
31 26 32 26
31 33 31 31
31 33 32 33
32 0 33 0
32 6 32 16
32 16 32 26
32 32 32 26
32 32 32 33
32 32 33 32
33 32 33 30
33 32 33 33
33 32 32 32
0 25 0 30
0 31 0 32
0 32 0 33
0 32 0 33
1 5 1 4
1 9 1 11
1 9 2 9
1 12 1 13
1 24 1 23
1 30 2 30
1 33 4 33
1 33 4 33
2 6 2 1
2 6 2 7
2 7 3 7
2 26 3 26
2 30 2 28
2 30 2 31
2 30 3 30
2 31 3 31
3 1 3 6
3 6 3 7
3 8 3 9
3 9 3 11
3 9 2 9
3 9 3 11
3 19 3 22
3 19 2 19
3 19 3 22
3 19 2 19
3 22 3 23
3 22 1 22
3 22 5 22
3 22 3 23
3 27 3 28
3 30 3 29
3 30 3 31
3 30 3 29
4 33 12 33
5 2 5 4
5 21 5 17
5 21 5 22
5 21 5 17
5 21 5 22
5 26 5 27
7 9 12 9
7 22 7 17
7 22 7 23
7 23 5 23
9 22 9 18
9 22 10 22
10 2 10 3
10 18 10 20
10 18 9 18
10 18 10 20
10 18 9 18
11 6 10 6
12 8 12 4
12 8 12 9
12 8 6 8
12 8 12 4
12 33 13 33
13 5 13 3
13 5 14 5
13 10 16 10
14 5 14 3
15 1 14 1
15 15 15 17
16 3 14 3
16 10 16 11
16 32 16 29
16 32 16 33
16 32 23 32
18 14 14 14
18 16 17 16
18 16 19 16
19 19 19 18
19 19 19 20
19 19 18 19
19 19 19 18
19 19 19 20
20 1 20 2
20 1 21 1
20 2 20 4
20 2 14 2
20 2 22 2
20 13 20 4
20 13 21 13
20 13 20 4
20 13 21 13
21 3 21 4
21 3 22 3
21 3 21 4
21 3 22 3
21 15 21 14
21 22 21 23
21 22 20 22
21 22 22 22
22 4 22 3
22 4 21 4
22 4 23 4
22 4 22 3
22 7 22 8
22 8 23 8
22 14 21 14
22 19 22 20
22 25 21 25
23 4 23 1
23 32 23 30
23 32 23 33
23 32 24 32
23 33 21 33
24 11 25 11
25 11 24 11
25 18 25 17
25 32 25 29
25 32 27 32
26 17 25 17
26 24 25 24
26 24 27 24
26 31 29 31
27 1 28 1
27 23 27 24
27 23 24 23
27 23 28 23
27 30 27 29
27 30 29 30
27 30 27 29
27 30 29 30
27 32 25 32
27 32 28 32
27 32 28 32
28 8 28 7
28 12 29 12
28 16 25 16
29 0 29 1
29 0 24 0
29 7 29 4
29 7 30 7
29 7 29 4
29 14 25 14
29 32 29 31
30 1 29 1
30 1 33 1
30 25 30 24
31 26 31 27
31 26 32 26
32 0 33 0
32 32 32 26
33 0 33 1
33 1 33 26
33 1 33 26
33 26 33 27
1 5 1 4
1 22 1 20
1 22 1 23
1 22 1 20
2 9 2 13
2 9 2 13
2 13 2 19
2 20 2 19
2 20 2 21
2 20 2 19
2 20 2 21
2 23 3 23
2 28 3 28
3 27 3 28
5 17 5 14
5 17 7 17
5 23 3 23
5 23 3 23
6 8 6 6
6 8 6 11
6 8 5 8
6 8 6 6
6 8 6 11
6 11 6 12
6 11 16 11
6 12 5 12
6 12 11 12
6 12 5 12
10 6 6 6
11 12 16 12
12 4 5 4
12 33 13 33
13 33 14 33
14 33 15 33
16 10 16 11
16 11 16 12
17 16 16 16
20 4 20 2
20 22 20 17
20 22 20 24
20 22 18 22
20 33 19 33
21 13 21 14
22 2 22 1
22 2 22 3
22 2 20 2
22 19 22 20
23 1 23 4
24 0 4 0
24 20 24 21
24 21 25 21
24 31 24 30
25 14 25 15
25 17 25 18
25 24 24 24
25 32 25 29
27 1 28 1
27 29 30 29
28 1 29 1
29 32 29 31
30 29 30 28
30 29 30 31
30 29 31 29
30 29 30 28
30 29 30 31
30 31 31 31
31 29 31 28
31 29 31 30
31 29 31 28
1 0 1 2
1 0 0 0
1 0 0 0
1 3 1 4
1 14 1 17
1 17 1 14
1 17 1 19
1 17 1 19
5 8 5 7
5 14 7 14
6 6 5 6
11 12 16 12
14 2 14 1
14 2 14 3
14 2 13 2
14 2 14 1
14 2 14 3
14 3 13 3
14 33 15 33
15 33 16 33
16 16 16 17
16 33 19 33
24 21 25 21
24 31 24 30
25 24 24 24
30 28 30 27
30 28 25 28
30 28 31 28
0 1 0 4
1 3 1 4
5 14 7 14
7 14 7 17
7 14 8 14
7 17 14 17
7 17 14 17
9 14 14 14
13 1 13 2
13 2 13 1

4303

2 2 = = 5 = 6 = = = = = = = = = = = = = = = = = = 6 = = = = 4 1 4 2 
4 - 1 2 5 2 ǁ 4 4 5 = 2 1 1 2 = = 4 = 3 2 = 4 2 3 ǁ 4 4 - - 7 1 | 2 
| 2 = = = = 8 8 2 5 = = = 5 - - - - - 5 4 2 | 4 6 ǁ 4 | 3 - 6 2 | ǁ 
| 1 - - - - 3 3 1 4 = 2   ǁ           4 = = 6 6 4 ǁ 2 3 3 2 5 2 | ǁ 
5 = = = = = = = = = = = = 8                 | ǁ | 8 = = = = = = 6 5 
ǁ 2 4 = 5 - 2 1 2       2 ǁ 3 - - 4 = = = 4 5 3 1 ǁ 1 3 4 - 5 3 | | 
ǁ ǁ 6 3 ǁ   4 = 6 = = 4 4 ǁ ǁ     |     2 = 6 |   ǁ     2 1 | 4 | | 
ǁ ǁ ǁ 1 ǁ   |   | 2   | | ǁ 4 - - 6 = = = = 8 3   ǁ     4 6 4 5 | | 
ǁ ǁ 4 1 ǁ   |   | ǁ   | | ǁ 1     ǁ         ǁ     ǁ         3 5 | | 
ǁ ǁ 5 4 ǁ   |   | ǁ   | | ǁ 2     ǁ 4 = = = 7 1   ǁ     4 6 5 5 | | 
ǁ ǁ 2 2 ǁ   2   | ǁ   | | ǁ ǁ     ǁ 4 = 2   2     ǁ     2       | | 
ǁ ǁ     ǁ   1   | ǁ   | 3 ǁ ǁ     ǁ               ǁ     4     3 | | 
ǁ 6 = = 7 = = = 6 3   | ǁ ǁ ǁ     ǁ               ǁ           2 | 3 
ǁ 5 3 2 - 4 = = 8 = 4 | ǁ ǁ ǁ     ǁ               ǁ         4 2 | 3 
ǁ 3 6 5 - 2     ǁ   ǁ | ǁ ǁ 5 - - 6 - - - - - - - 7 - 7 4   5 3 | 3 
ǁ 1 | |         ǁ   ǁ | ǁ ǁ ǁ 3 - 4       4 1     | 4 5 1   3 3 | 3 
ǁ 1 | 3         ǁ   4 5 3 ǁ ǁ ǁ 2 5 2 3   4 2     | 5     5 = = 7 5 
ǁ | | ǁ   2 = = 7 = 2     ǁ ǁ ǁ 2 | 3 5 2         5 | 3 3       ǁ | 
ǁ | | 4         1         ǁ 4 8 4 | 3 7 - - 4 2 2 4 |           ǁ | 
ǁ | | 2                   ǁ 2 6 2 | 2 6 2   | 1   2 |           ǁ 2 
ǁ 5 7 = 4 = = = = = = = = 7   |   5 = = = = 6 - 5 2 |           ǁ 1 
ǁ 2 ǁ 4 4 - - - - - - - - 7 4 2   | 4 = 4 - 7 5 5 2 |   2       ǁ 2 
ǁ 1 4 5 6 6 4 5 5 - - 5 4 | 3     | 2 2 3   3 2 | 3 |           ǁ ǁ 
ǁ 2 = = 4 ǁ | 1 2     | 4 3 5 - - 5         5 - 7 8 7 7 5   3 - 6 5 
5 = = = = 6 |         8 6 7 8 6 4 - 4 = 5 3   2 3 | ǁ ǁ 4   3 2 1 3 
|         2 1 4 = = = 6 | 6 6 5 3 4 4 1 ǁ 3 3 ǁ 3 | ǁ ǁ 5 7 = = 6 6 
|         2 = 6         | ǁ ǁ   ǁ 5 1 | ǁ 3 3 ǁ 4 4 ǁ ǁ ǁ 6 = 3 ǁ ǁ 
| 3           ǁ         | ǁ ǁ   ǁ |   | 6 = = 8 6 4 ǁ 4 ǁ 5 4 | 4 ǁ 
| 4           3 3 = 6 = 6 ǁ ǁ   5 4 6 4 ǁ     2 | | ǁ ǁ ǁ | ǁ | 2 ǁ 
4 4   2 2 = = 5 - - 4 - 6 ǁ 2   ǁ 3 ǁ 2 ǁ 3 - - 7 6 ǁ 2 ǁ | 3 3 2 ǁ 
ǁ 5 - 4 = 4 2 2 3         ǁ     8 4 ǁ   ǁ 3 2 2 5 4 ǁ 1 6 6 = 4   ǁ 
4 ǁ 2 5                   2     ǁ   4 = 5 - - - - - 7 3 3 4 2 2 - 4 
4 ǁ         1 - - - - - - - - - 4 - - - - - - - - - 5 = = = = = 5 2 
3 5 = = = = = = = = = = = = = = = = = = = = = = = = 4 1     1 - 4 1 
