24 24
2 1 1 0 0 3 0 0 0 4 0 0 0 0 0 0 2 1 2 2 0 3 1 2 
5 3 2 0 0 3 0 0 0 5 0 0 0 0 0 0 0 0 7 0 0 5 4 4 
0 2 0 3 2 0 1 3 0 0 2 0 0 0 4 2 3 1 0 1 3 1 2 1 
0 3 2 4 0 4 1 4 0 7 0 0 0 0 5 6 5 2 0 2 6 0 7 3 
0 0 1 3 1 2 0 2 0 6 0 0 0 0 0 4 2 1 0 1 2 1 0 3 
0 4 0 0 0 0 5 0 0 0 0 0 0 0 0 0 0 0 6 0 7 3 0 0 
0 6 3 1 1 0 4 0 0 0 0 0 0 0 0 5 6 2 0 1 0 1 0 0 
0 2 2 0 0 0 3 3 4 2 0 2 0 0 0 0 0 0 0 4 3 2 0 3 
5 0 0 0 0 0 7 6 0 0 0 5 0 4 2 0 0 1 0 3 1 0 0 1 
0 1 0 0 0 0 0 5 0 2 0 0 0 0 0 0 0 0 0 3 0 3 0 2 
0 0 0 0 0 0 0 1 0 0 0 0 0 0 0 0 4 4 0 5 2 0 0 0 
0 3 0 2 0 0 7 0 0 0 0 0 0 0 3 0 0 0 0 0 2 0 0 0 
3 0 0 0 0 0 0 0 0 0 0 0 0 2 0 0 1 0 0 0 0 0 0 0 
0 0 0 0 0 0 0 0 0 0 0 0 0 0 0 0 2 0 0 0 0 0 0 3 
0 0 0 0 1 0 4 0 0 0 0 0 3 3 1 4 4 0 0 2 0 0 0 0 
0 0 2 0 0 0 4 0 0 0 0 0 0 0 0 0 0 0 0 0 0 0 0 0 
0 0 0 0 0 0 5 0 0 0 0 0 0 0 0 0 0 5 0 4 4 0 0 0 
0 0 0 0 0 0 1 2 3 0 0 0 0 0 0 0 0 2 0 2 1 0 0 0 
3 6 0 0 0 0 0 0 0 0 0 0 0 0 0 0 0 0 5 0 0 6 8 4 
0 0 1 2 0 0 0 0 0 0 0 5 0 0 3 0 0 0 0 1 1 0 2 1 
2 0 0 2 0 0 6 0 3 1 0 0 2 0 4 0 0 0 0 0 0 0 2 2 
1 0 3 0 0 0 6 0 0 0 0 7 0 0 0 0 0 0 5 2 2 5 3 0 
2 5 2 1 0 0 0 0 0 0 0 5 3 3 3 0 0 0 7 1 3 6 2 4 
1 1 2 3 0 0 0 0 0 0 0 0 2 2 1 0 0 0 4 1 1 3 1 1 
200 91
1 0 1 1
1 0 0 0
1 0 8 0
1 18 1 9
1 18 1 21
1 18 0 18
1 18 5 18
3 9 3 7
3 9 3 14
3 9 1 9
3 9 4 9
3 22 3 20
3 22 3 23
3 22 2 22
3 22 18 22
5 20 5 18
5 20 5 21
5 20 4 20
5 20 7 20
6 1 6 2
6 1 5 1
6 1 7 1
8 6 8 0
8 6 8 7
8 6 7 6
8 6 11 6
9 1 11 1
9 7 9 9
9 7 8 7
9 7 10 7
14 4 14 6
16 6 16 17
16 6 15 6
16 6 17 6
17 7 17 8
17 7 17 8
18 22 18 21
18 22 18 23
18 22 3 22
18 22 19 22
19 11 19 3
19 11 19 14
19 11 21 11
20 6 20 3
20 6 20 8
20 6 21 6
20 9 20 8
21 6 21 2
21 6 21 11
21 6 20 6
22 11 22 3
22 11 22 12
22 11 21 11
22 18 22 14
22 18 22 19
22 18 21 18
22 18 23 18
23 18 23 14
23 18 23 19
23 18 22 18
2 10 2 14
6 1 6 2
6 1 5 1
6 1 7 1
7 8 7 7
7 8 7 9
7 8 7 7
7 8 7 9
8 11 8 7
8 11 8 13
8 11 7 11
16 6 16 17
16 6 15 6
17 8 17 17
18 22 18 21
18 22 18 23
18 22 19 22
20 6 20 3
20 6 20 8
21 6 21 2
21 6 21 11
22 11 22 12
22 11 21 11
22 18 22 14
22 18 21 18
2 10 2 14
4 9 4 7
4 9 4 15
4 9 3 9
4 9 4 7
4 9 4 15

2071

2 1 1     3       4             2 1 2 2   3 1 2 
5 3 2     3       5 - - - - - - - - 7 - - 5 4 4 
| 2   3 2   1 3   | 2 = = = 4 2 3 1 | 1 3 1 2 1 
| 3 2 4   4 1 4 - 7 - - - - 5 6 5 2 | 2 6 - 7 3 
|   1 3 1 2   2 = 6 = = = = = 4 2 1 | 1 2 1 ǁ 3 
| 4         5                       6 - 7 3 ǁ   
| 6 3 1 1   4                 5 6 2   1 | 1 ǁ   
| 2 2       3 3 4 2   2               4 3 2 ǁ 3 
5 - - - - - 7 6 - - - 5 - 4 2     1   3 1   ǁ 1 
  1         | 5 - 2                   3   3 ǁ 2 
  |         | 1                 4 4   5 2   ǁ   
  3   2     7               3           2   ǁ   
3                         2     1           ǁ   
                                2           ǁ 3 
        1 - 4           3 3 1 4 4     2     ǁ   
    2       4                               ǁ   
            5 = = = = = = = = = = 5   4 4   ǁ   
            1 2 3 - - - - - - - - 2   2 1   ǁ   
3 6                                 5     6 8 4 
    1 2 - - - - - - - 5 - - 3         1 1   2 1 
2     2 = = 6 = 3 1   | 2   4               2 2 
1   3 = = = 6 = = = = 7             5 2 2 5 3   
2 5 2 1 - - - - - - - 5 3 3 3 = = = 7 1 3 6 2 4 
1 1 2 3                 2 2 1 - - - 4 1 1 3 1 1 
