24 24
3 1 1 3 3 0 0 0 0 0 0 0 0 0 0 5 2 1 1 4 0 4 1 1 
0 3 1 0 2 2 4 0 4 0 0 0 0 3 2 0 0 0 0 3 2 0 0 0 
0 0 1 0 1 2 5 3 3 1 1 4 2 0 0 3 2 4 0 0 0 5 3 2 
5 6 4 5 0 0 0 0 0 0 0 6 2 0 0 0 0 0 4 2 0 0 0 2 
3 0 0 5 0 0 0 0 4 2 0 0 3 0 3 0 1 6 7 2 0 0 4 6 
2 0 4 5 0 0 0 0 0 0 0 0 2 0 0 0 0 2 3 2 0 0 1 0 
3 5 3 4 0 0 0 0 0 0 0 8 0 5 5 5 0 0 0 0 0 7 3 0 
0 2 0 0 0 0 0 0 0 3 0 0 2 3 0 0 0 0 0 0 3 0 3 0 
2 3 0 0 5 0 1 2 3 0 0 0 1 0 0 0 0 2 0 0 0 0 1 0 
0 0 2 0 8 6 2 2 0 0 0 0 1 0 0 0 0 0 0 0 0 0 0 0 
0 0 1 0 3 2 0 1 0 0 0 0 0 0 0 0 0 0 0 0 0 0 0 0 
4 6 0 0 0 0 0 0 4 4 0 6 4 0 0 0 0 0 0 0 0 0 0 0 
3 0 3 2 2 0 0 0 0 0 2 0 2 0 0 0 0 0 0 0 0 0 1 0 
0 0 0 1 0 0 0 0 0 0 0 0 4 5 0 0 0 6 4 0 0 0 0 0 
0 0 4 0 6 0 0 0 0 7 4 0 0 0 0 0 0 1 0 0 0 0 3 4 
0 0 2 0 0 0 0 0 0 6 3 0 3 1 0 0 0 0 0 0 0 0 0 0 
0 0 0 1 0 2 4 2 0 0 1 0 0 0 0 0 0 0 4 1 0 0 0 0 
0 0 4 0 0 2 0 2 0 7 3 0 2 0 0 1 0 0 1 0 0 0 0 0 
0 0 3 0 0 3 5 1 0 1 1 0 0 0 0 0 0 0 0 0 0 0 0 0 
3 7 0 0 0 0 0 0 0 0 0 7 0 0 0 0 0 0 0 0 6 7 6 6 
2 0 1 0 3 0 0 1 0 0 0 0 1 0 0 0 4 0 2 1 3 3 1 2 
1 0 2 0 4 0 0 0 0 0 0 4 0 0 0 0 4 0 0 0 0 0 3 1 
2 6 0 0 0 0 0 0 0 0 0 0 0 0 0 0 4 2 3 0 0 0 5 3 
2 4 0 0 0 0 0 2 2 0 0 0 0 0 3 3 4 2 3 2 1 0 4 3 
200 92
0 0 0 1
0 0 3 0
0 0 3 0
0 15 0 4
0 15 0 16
0 15 2 15
1 1 1 2
1 1 3 1
1 1 3 1
4 18 4 17
4 18 4 19
4 18 3 18
4 18 5 18
4 23 4 22
4 23 3 23
4 23 14 23
6 11 6 3
6 11 6 13
6 11 3 11
6 11 11 11
6 21 6 15
6 21 6 22
6 21 2 21
6 21 19 21
8 4 8 1
8 4 8 6
8 4 9 4
9 4 9 2
9 4 9 5
9 4 8 4
9 4 10 4
9 5 9 4
9 5 9 6
9 5 10 5
13 18 13 17
13 18 16 18
13 18 13 17
13 18 16 18
14 9 14 4
14 9 14 10
14 9 11 9
14 9 15 9
17 9 17 7
17 9 17 10
17 9 15 9
17 9 18 9
18 6 18 5
18 6 18 7
18 6 16 6
18 10 17 10
19 1 19 0
19 1 19 11
19 1 11 1
19 1 22 1
19 23 19 22
19 23 14 23
19 23 20 23
0 2 0 3
1 20 1 19
2 6 2 5
2 6 2 7
2 6 1 6
4 23 4 22
4 23 3 23
4 23 14 23
5 3 5 2
5 3 4 3
5 3 6 3
6 11 6 3
6 11 6 13
6 11 3 11
6 11 11 11
9 4 9 2
9 4 9 5
14 4 14 2
14 4 14 9
14 4 12 4
16 3 16 5
17 9 17 7
17 9 17 10
17 9 15 9
18 6 18 5
18 6 16 6
19 23 19 22
19 23 14 23
19 23 20 23
1 20 1 19
8 4 8 1
13 3 12 3
16 7 16 6
16 7 16 6
16 5 17 5

2472

3 1 1 3 3 - - - - - - - - - - 5 2 1 1 4   4 1 1 
ǁ 3 1   2 2 4   4         3 2 |       3 2       
ǁ ǁ 1   1 2 5 3 3 1 1 4 2     3 2 4       5 3 2 
5 6 4 5               6 2           4 2   |   2 
3     5         4 2   ǁ 3   3   1 6 7 2   | 4 6 
2   4 5               ǁ 2         2 3 2   | 1 ǁ 
3 5 3 4 = = = = = = = 8 = 5 5 5 - - - - - 7 3 ǁ 
  2               3   ǁ 2 3             3 | 3 ǁ 
2 3 = = 5 - 1 2 3     ǁ 1         2       | 1 ǁ 
    2 = 8 6 2 2       ǁ 1                 |   ǁ 
    1   3 2   1       ǁ                   |   ǁ 
4 6             4 4   6 4                 |   ǁ 
3 | 3 2 2         | 2   2                 | 1 ǁ 
  |   1 |         |     4 5       6 4     |   ǁ 
  | 4 - 6 = = = = 7 4             1 ǁ     | 3 4 
  | 2             6 3   3 1         ǁ     |   ǁ 
  |   1 - 2 4 2   ǁ 1               4 1   |   ǁ 
  | 4     2 ǁ 2 = 7 3   2     1     1     |   ǁ 
  | 3     3 5 1   1 1                     |   ǁ 
3 7 - - - - - - - - - 7                 6 7 6 6 
2 | 1   3     1         1       4   2 1 3 3 1 2 
1 | 2   4             4         4           3 1 
2 6                             4 2 3       5 3 
2 4           2 2           3 3 4 2 3 2 1   4 3 
