24 24
2 4 2 0 0 0 0 0 0 0 5 0 0 0 0 3 4 2 3 2 2 2 2 2 
2 8 0 0 0 0 0 6 3 0 0 3 0 0 0 4 0 0 5 1 0 4 0 0 
4 4 4 0 0 4 0 0 3 2 0 4 4 0 0 7 3 1 0 0 0 0 0 0 
4 2 4 2 0 0 0 0 0 0 0 2 4 2 0 4 4 2 0 0 0 3 0 0 
2 0 0 0 0 7 0 6 4 0 6 0 0 0 0 0 0 0 4 2 0 0 6 4 
4 0 0 4 2 0 0 0 0 1 0 1 0 0 0 0 0 0 2 0 7 5 0 1 
0 0 0 0 0 0 0 0 0 0 0 2 3 1 2 0 0 0 0 4 0 0 0 0 
0 2 0 3 0 0 0 0 0 0 0 6 6 3 0 0 0 4 4 6 0 3 0 0 
0 0 0 0 0 0 0 0 0 0 0 2 0 1 2 4 0 0 2 0 0 1 0 2 
0 0 0 0 0 0 0 0 0 4 7 0 7 3 4 7 0 5 0 7 8 0 4 0 
3 0 0 5 4 0 0 0 0 0 0 0 0 2 2 3 1 0 1 0 0 2 4 0 
0 0 0 0 0 0 0 0 2 0 0 2 0 3 0 5 2 0 0 0 0 4 8 3 
0 0 0 0 0 0 0 0 0 0 0 0 0 3 1 0 2 0 0 0 0 0 0 1 
1 0 0 0 0 0 0 0 0 0 0 0 0 3 0 7 4 0 0 0 0 0 6 5 
0 0 0 1 2 0 0 0 0 0 0 0 0 0 0 0 0 0 3 0 0 0 4 6 
0 0 0 0 0 0 0 0 0 0 0 0 0 0 0 0 0 0 0 0 0 0 2 0 
0 0 0 0 0 0 0 0 0 0 0 0 0 0 0 0 0 0 0 0 0 0 0 4 
0 0 0 0 0 0 0 0 0 1 0 0 0 2 1 7 0 6 5 0 0 0 0 0 
5 4 4 3 0 0 0 0 0 0 0 6 7 3 2 2 1 1 0 0 0 4 0 2 
0 3 0 0 0 7 4 0 0 0 0 2 6 0 0 0 7 4 1 0 4 0 0 2 
0 3 0 1 0 2 2 0 0 0 0 2 6 0 2 0 2 2 0 0 2 0 0 0 
6 0 0 0 0 0 0 8 0 0 6 0 0 0 0 0 0 0 0 8 2 0 0 0 
2 2 1 0 0 0 0 7 0 0 0 0 0 0 4 1 3 0 0 6 0 6 5 4 
2 6 0 0 0 0 0 6 0 3 1 2 4 0 5 2 3 4 2 1 2 5 3 2 
200 253
0 10 0 2
0 10 0 15
0 10 4 10
1 1 1 0
1 1 1 7
1 1 0 1
1 1 2 1
1 7 1 1
1 7 1 8
1 7 4 7
2 5 2 2
2 5 4 5
2 5 2 2
2 5 4 5
2 15 2 12
2 15 2 16
2 15 1 15
2 15 3 15
4 5 4 0
4 5 4 7
4 5 19 5
5 20 5 18
5 20 5 21
5 20 0 20
5 20 9 20
6 19 6 14
6 19 7 19
6 19 6 14
6 19 7 19
7 11 7 12
7 11 6 11
7 11 8 11
7 11 7 12
7 11 6 11
7 11 8 11
7 19 7 18
7 19 9 19
7 19 7 18
7 19 9 19
9 9 9 10
9 9 5 9
9 9 17 9
9 9 9 10
9 10 9 12
9 10 4 10
9 10 21 10
9 15 9 14
9 15 9 17
9 15 8 15
9 15 10 15
9 19 9 17
9 19 9 20
9 19 21 19
9 20 9 19
9 20 9 22
9 20 5 20
9 20 19 20
11 8 4 8
11 22 11 21
11 22 11 23
11 22 10 22
11 22 13 22
13 15 13 13
13 15 13 16
13 15 11 15
13 15 17 15
13 22 13 23
13 22 11 22
13 22 14 22
13 23 13 22
13 23 12 23
13 23 14 23
14 23 14 22
14 23 13 23
14 23 16 23
16 23 14 23
16 23 18 23
16 23 18 23
17 15 17 14
17 15 17 17
17 15 13 15
17 15 18 15
17 18 17 17
17 18 14 18
17 18 19 18
18 0 18 1
18 0 13 0
18 0 21 0
18 11 18 12
18 11 11 11
18 11 19 11
18 11 18 12
18 11 11 11
18 11 19 11
18 12 18 13
18 12 9 12
18 12 19 12
18 21 11 21
18 21 22 21
18 21 11 21
18 21 22 21
19 6 19 5
19 6 20 6
19 6 19 5
19 6 20 6
19 12 19 16
19 12 18 12
19 12 20 12
19 16 19 12
19 16 19 17
19 16 18 16
19 16 20 16
19 23 22 23
21 0 21 7
21 0 18 0
21 0 22 0
21 7 21 0
21 7 21 10
21 7 4 7
21 7 22 7
21 19 21 10
21 19 21 20
21 19 9 19
21 19 22 19
22 7 22 2
22 7 22 14
22 7 21 7
22 7 23 7
23 1 23 0
23 1 23 7
23 1 22 1
23 7 23 1
23 7 23 9
23 7 22 7
23 9 23 7
23 9 23 10
23 11 23 12
23 14 23 12
23 14 23 15
23 14 22 14
23 17 23 16
23 17 23 18
23 17 23 16
23 17 23 18
23 21 23 20
23 21 23 22
23 21 22 21
1 1 1 0
1 1 0 1
1 1 2 1
1 7 1 8
1 7 4 7
1 8 2 8
1 21 0 21
1 21 3 21
1 21 0 21
1 21 3 21
2 0 2 1
2 0 3 0
2 9 2 8
3 3 3 2
3 21 5 21
4 22 4 23
4 22 0 22
4 22 9 22
4 22 4 23
4 22 0 22
4 22 9 22
8 21 7 21
9 20 9 22
9 20 19 20
10 22 10 21
10 22 11 22
11 8 4 8
11 22 11 21
11 22 11 23
11 23 8 23
13 22 14 22
14 23 14 22
15 22 22 22
15 22 22 22
17 15 17 17
17 15 18 15
17 18 17 17
17 18 14 18
18 0 18 1
18 2 18 1
18 2 18 3
18 2 18 1
18 2 18 3
18 14 18 13
19 12 18 12
19 16 19 17
19 16 20 16
19 20 20 20
19 23 22 23
20 11 20 12
20 12 20 11
20 12 20 14
20 12 20 14
20 17 19 17
21 0 22 0
21 7 21 10
21 7 4 7
21 19 21 10
21 19 21 20
21 19 22 19
22 1 23 1
22 7 22 14
23 0 23 1
23 11 23 12
23 12 23 14
0 0 0 1
0 0 0 1
0 2 0 10
0 23 4 23
0 23 4 23
2 0 2 1
2 0 3 0
2 2 3 2
2 9 2 8
3 3 3 2
5 23 8 23
7 1 7 3
7 21 5 21
9 12 9 10
9 12 9 13
9 12 7 12
10 21 10 22
14 18 10 18
18 14 18 13
19 20 20 20
20 17 19 17
21 10 9 10
2 2 3 2
3 1 3 0
7 1 7 3
7 21 5 21
9 12 9 13
9 12 7 12
17 13 13 13
17 13 13 13
18 17 17 17
3 1 3 0
5 21 5 20
12 13 12 14
12 13 11 13
12 13 11 13
13 15 13 16
13 15 11 15
13 16 12 16
17 17 9 17
13 16 12 16

2903

2 4 2 = = = = = = = 5 - - - - 3 4 2 3 2 2 2 2 2 
2 8 = = = = = 6 3   | 3       4     5 1 | 4 ǁ ǁ 
4 4 4 = = 4   ǁ 3 2 | 4 4 - - 7 3 1     | ǁ ǁ ǁ 
4 2 4 2   ǁ   ǁ     | 2 4 2   4 4 2     | 3 ǁ ǁ 
2 - - - - 7 - 6 4   6               4 2 | | 6 4 
4     4 2 |   ǁ ǁ 1 | 1             2 - 7 5 ǁ 1 
          |   ǁ ǁ | | 2 3 1 2 = = = = 4 ǁ ǁ ǁ | 
  2 = 3   |   ǁ ǁ | | 6 6 3       4 4 6 ǁ 3 ǁ | 
          |   ǁ ǁ | | 2 ǁ 1 2 4     2 ǁ ǁ 1 ǁ 2 
          |   ǁ ǁ 4 7 = 7 3 4 7 - 5 - 7 8 = 4 | 
3     5 4 |   ǁ ǁ | ǁ   | 2 2 3 1 | 1 ǁ ǁ 2 4 | 
          |   ǁ 2 | ǁ 2 | 3   5 2 | | ǁ ǁ 4 8 3 
          |   ǁ   | ǁ ǁ | 3 1 ǁ 2 | | ǁ ǁ ǁ ǁ 1 
1         |   ǁ   | ǁ ǁ | 3 - 7 4 | | ǁ ǁ ǁ 6 5 
|     1 2 |   ǁ   | ǁ ǁ | ǁ   ǁ   | 3 ǁ ǁ ǁ 4 6 
|         |   ǁ   | ǁ ǁ | ǁ   ǁ   | ǁ ǁ ǁ ǁ 2 ǁ 
|         |   ǁ   | ǁ ǁ | ǁ   ǁ   | ǁ ǁ ǁ ǁ ǁ 4 
|         |   ǁ   1 ǁ ǁ | 2 1 7 = 6 5 ǁ ǁ ǁ ǁ ǁ 
5 4 4 3   |   ǁ     ǁ 6 7 3 2 2 1 1 | ǁ ǁ 4 ǁ 2 
ǁ 3       7 4 ǁ     ǁ 2 6 = = = 7 4 1 ǁ 4 ǁ ǁ 2 
ǁ 3   1   2 2 ǁ     ǁ 2 6 = 2   2 2   ǁ 2 ǁ ǁ ǁ 
6 = = = = = = 8 = = 6 = = = = = = = = 8 2 ǁ ǁ ǁ 
2 2 1 - - - - 7 = = = = = = 4 1 3     6   6 5 4 
2 6 = = = = = 6 = 3 1 2 4 = 5 2 3 4 2 1 2 5 3 2 
