24 24
3 0 0 0 0 0 0 0 0 0 0 0 0 3 1 0 0 5 3 1 2 2 3 1 
2 0 3 0 0 0 0 0 0 0 0 0 0 6 0 0 0 6 0 0 5 5 5 0 
3 0 0 0 4 0 0 3 0 3 3 3 0 4 0 1 0 0 4 0 4 0 2 0 
3 2 4 0 5 2 0 0 0 1 0 0 0 0 0 0 0 0 2 0 0 0 0 0 
4 0 0 0 0 0 0 4 0 0 0 0 0 0 0 0 0 7 0 0 8 0 6 3 
0 0 2 0 0 3 0 0 0 0 3 0 3 0 0 3 1 0 1 3 4 2 3 0 
0 4 4 0 0 0 0 0 0 0 0 0 0 0 0 0 1 0 0 0 4 7 5 1 
0 4 0 0 0 0 0 0 0 0 2 0 0 0 0 0 0 0 0 0 1 0 0 0 
0 0 0 0 0 0 0 0 0 0 0 0 0 0 2 0 4 6 0 6 3 0 0 0 
0 4 5 0 0 3 2 0 0 0 0 0 0 0 0 0 0 0 2 0 1 0 0 0 
0 3 0 0 2 0 0 0 4 0 0 0 5 2 4 0 2 0 0 0 0 0 0 0 
0 0 0 0 0 0 0 0 3 0 0 0 6 4 0 0 2 0 0 0 0 0 0 0 
0 0 0 2 5 1 0 0 1 3 0 0 0 0 0 0 1 0 0 0 3 0 0 0 
0 5 4 1 0 1 0 0 0 0 0 0 0 0 0 0 1 5 5 0 0 0 0 0 
0 1 0 0 0 0 0 0 2 0 3 0 6 5 4 0 2 3 2 0 0 0 0 0 
3 2 6 0 6 5 4 0 0 0 1 0 0 0 2 0 3 4 2 0 0 0 0 0 
4 4 8 3 0 5 4 0 5 5 0 0 4 4 0 0 3 0 2 4 3 0 0 0 
1 0 3 1 0 2 0 0 2 1 0 0 3 5 1 0 1 0 2 5 2 0 0 0 
1 0 2 0 6 0 0 5 0 0 0 0 0 0 0 5 0 5 0 3 3 0 0 0 
0 0 0 0 0 3 1 0 1 0 0 4 0 5 3 0 1 0 2 4 0 0 0 0 
0 0 3 2 0 5 2 0 0 0 0 5 2 0 2 0 5 6 0 6 4 0 2 0 
0 0 0 0 0 0 0 0 0 0 0 4 2 0 0 0 2 2 0 3 2 0 0 0 
1 0 4 0 3 2 0 4 0 0 0 0 0 2 2 5 0 0 0 0 0 5 3 0 
0 0 1 2 3 1 0 3 0 0 0 0 0 0 0 0 0 3 4 2 0 3 2 0 
200 57
0 17 0 14
0 17 0 18
0 17 1 17
1 22 1 21
1 22 0 22
1 22 2 22
4 17 4 7
4 17 4 20
4 17 1 17
4 17 8 17
4 20 4 17
4 20 4 22
4 20 2 20
4 20 5 20
6 21 6 20
6 21 6 22
6 21 5 21
6 21 22 21
13 1 13 2
13 1 10 1
13 1 14 1
13 18 13 17
13 18 9 18
13 18 14 18
16 2 16 1
16 2 16 3
16 2 15 2
16 2 17 2
21 11 21 12
21 11 20 11
22 15 22 14
22 15 22 21
22 15 18 15
23 18 23 17
23 18 23 19
23 18 23 17
23 18 23 19
0 17 0 18
0 17 1 17
2 15 2 13
3 18 2 18
4 20 4 22
4 20 2 20
4 20 5 20
13 1 13 2
13 1 10 1
16 2 16 1
16 2 16 3
16 2 15 2
16 2 17 2
20 16 20 17
20 16 19 16
20 16 21 16
21 11 21 12
21 11 20 11
23 17 23 7
3 18 2 18

2068

3                         3 1 - - 5 3 1 2 2 3 1 
2   3                     6       6     5 5 5   
3       4     3   3 3 3   4 - 1   | 4   4   2   
3 2 4   5 2       1               | 2   ǁ       
4             4 - - - - - - - - - 7 = = 8 = 6 3 
    2     3         3   3     3 1 | 1 3 4 2 3   
  4 4                           1 |     4 7 5 1 
  4                 2             |     1 |     
                            2   4 6   6 3 |     
  4 5     3 2                       2   1 |     
  3     2       4       5 2 4   2   |     |     
  ǁ             3       6 4     2   |     |     
  ǁ   2 5 1     1 3             1   |   3 |     
  5 4 1   1                     1 5 5     |     
  1             2   3   6 5 4   2 3 2     |     
3 2 6   6 5 4       1       2   3 4 2     |     
4 4 8 3   5 4   5 5     4 4     3   2 4 3 |     
1   3 1   2     2 1     3 5 1   1   2 5 2 |     
1   2   6     5               5   5   3 3 |     
          3 1   1     4   5 3 | 1   2 4   |     
    3 2   5 2         5 2   2 | 5 6   6 4 | 2   
                      4 2     | 2 2   3 2 |     
1   4   3 2   4           2 2 5 - - - - - 5 3   
    1 2 3 1   3 - - - - - - - - - 3 4 2   3 2   
