24 24
3 4 0 0 5 0 0 0 5 0 0 0 0 0 0 0 0 0 0 0 0 0 4 3 
2 0 2 0 8 0 6 3 0 4 0 0 0 0 0 0 0 0 0 0 0 4 0 2 
3 4 3 2 3 2 8 3 0 4 0 0 0 1 0 0 0 0 0 0 0 0 3 1 
0 4 0 0 3 2 6 2 0 1 0 0 0 0 0 0 0 0 0 0 0 0 2 0 
5 0 0 0 0 0 0 0 5 0 0 0 0 0 0 0 0 0 0 0 0 6 2 0 
0 1 0 4 3 0 1 0 0 2 0 0 0 0 0 4 0 0 0 0 0 8 4 3 
0 1 0 5 0 0 0 0 6 0 0 0 0 0 0 0 0 0 4 4 3 0 2 0 
2 1 3 0 3 0 3 3 0 1 3 0 0 1 4 0 4 1 0 2 3 0 0 0 
0 2 6 0 0 1 6 4 0 1 0 1 3 0 3 0 0 0 0 3 3 0 3 0 
0 1 0 4 6 0 6 3 0 0 0 0 0 0 0 0 0 0 0 0 1 0 0 0 
2 0 0 0 0 2 0 0 0 0 0 0 0 3 0 0 6 4 0 0 2 0 0 0 
0 0 0 0 5 3 0 3 0 0 0 0 0 0 0 0 0 0 0 0 0 0 0 0 
0 0 0 3 0 2 0 0 0 0 0 0 0 3 1 0 0 0 0 0 0 0 0 0 
0 0 0 0 4 5 0 0 0 5 6 0 4 0 0 0 0 3 0 0 3 0 0 0 
2 0 0 0 0 3 0 0 0 2 0 0 0 0 0 0 0 1 0 0 0 0 0 0 
0 0 0 1 0 0 0 0 0 2 7 4 0 1 0 0 0 0 0 0 0 0 0 3 
4 4 0 0 3 3 0 3 0 3 7 3 0 0 0 0 2 0 6 4 0 0 0 4 
4 3 0 3 0 0 4 0 0 4 5 0 4 0 0 0 0 0 6 4 0 0 0 2 
3 1 0 1 0 0 2 2 0 2 2 1 2 0 0 1 1 0 5 5 2 0 0 2 
5 0 7 0 0 0 0 0 6 0 0 0 0 0 0 0 0 0 0 0 0 6 6 3 
0 2 6 0 3 4 3 2 0 3 2 1 0 0 2 0 0 0 4 2 1 2 0 2 
0 1 3 0 1 1 1 1 0 3 0 0 0 0 0 0 0 0 5 0 0 0 8 5 
3 3 0 0 0 0 4 0 5 0 0 0 0 0 0 0 3 0 0 0 0 2 3 3 
1 4 4 2 1 0 0 0 4 0 0 0 0 0 0 0 0 0 0 3 0 0 1 1 
200 94
0 4 0 1
0 4 0 8
0 4 1 4
1 4 1 2
1 4 1 6
1 4 0 4
1 4 2 4
1 6 1 4
1 6 1 7
1 6 2 6
2 6 2 5
2 6 2 7
2 6 1 6
2 6 3 6
4 0 4 8
4 0 2 0
4 0 7 0
5 21 5 15
5 21 5 22
5 21 4 21
5 21 19 21
11 4 11 5
11 4 9 4
11 4 13 4
15 10 15 9
15 10 15 11
15 10 13 10
15 10 16 10
16 23 15 23
16 23 17 23
16 23 15 23
16 23 17 23
18 23 19 23
19 0 19 2
19 0 18 0
19 0 22 0
21 18 21 9
21 18 21 22
21 18 20 18
21 22 21 18
21 22 21 23
21 22 19 22
21 22 22 22
1 4 1 2
1 4 0 4
1 6 1 7
2 6 2 5
2 6 2 7
2 6 3 6
3 1 3 4
3 1 2 1
3 1 3 4
3 1 2 1
3 6 3 5
3 6 3 7
3 6 3 5
3 6 3 7
5 21 5 15
5 21 5 22
5 21 4 21
5 21 19 21
14 17 13 17
15 23 5 23
18 23 19 23
21 22 21 23
21 22 19 22
21 22 22 22
0 8 0 22
0 8 4 8
1 7 2 7
1 9 1 21
1 9 2 9
1 9 1 21
1 9 2 9
3 4 2 4
0 8 0 22
0 8 4 8
2 4 2 3
2 3 2 2
2 2 2 1
2 2 2 1
0 1 0 0
0 1 0 0
0 1 0 0
1 0 2 0
1 0 2 0
4 0 4 8
4 0 7 0
10 0 14 0
10 0 14 0
16 0 16 1
16 0 17 0
16 0 16 1
16 0 17 0

2747

3 4 - - 5 - - - 5 = = = = = = = = = = = = = 4 3 
2   2 = 8 = 6 3 ǁ 4 = = = = = = = = = = = 4   2 
3 4 3 2 3 2 8 3 ǁ 4       1                 3 1 
| 4 = = 3 2 6 2 ǁ 1                         2   
5 = = = = = = = 5                         6 2   
ǁ 1   4 3   1     2           4 = = = = = 8 4 3 
ǁ 1   5         6                   4 4 3 ǁ 2 | 
2 1 3   3   3 3   1 3     1 4   4 1   2 3 ǁ   | 
  2 6     1 6 4   1   1 3   3         3 3 ǁ 3 | 
  1   4 6   6 3                         1 ǁ   | 
2       | 2               3     6 4     2 ǁ   | 
ǁ       5 3   3                           ǁ   | 
ǁ     3 | 2               3 1             ǁ   | 
ǁ       4 5       5 6   4         3     3 ǁ   | 
2         3       2 |             1       ǁ   | 
      1           2 7 4   1               ǁ   3 
4 4     3 3   3   3 7 3         2   6 4   ǁ   4 
4 3   3     4     4 5   4           6 4   ǁ   2 
3 1   1     2 2   2 2 1 2     1 1   5 5 2 ǁ   2 
5 - 7           6                         6 6 3 
| 2 6   3 4 3 2   3 2 1     2       4 2 1 2 ǁ 2 
| 1 3   1 1 1 1   3 - - - - - - - - 5 = = = 8 5 
3 3         4   5               3         2 3 3 
1 4 4 2 1       4                     3     1 1 
