24 24
1 5 0 6 3 3 0 0 0 0 0 0 0 0 0 0 3 2 0 0 0 0 4 2 
1 3 1 0 1 0 1 0 3 0 0 0 0 0 6 2 0 3 1 3 1 0 0 2 
0 3 0 6 0 6 0 0 0 0 0 0 0 0 7 3 0 0 0 0 0 0 0 0 
0 0 0 0 0 0 0 0 2 0 0 2 0 0 4 0 4 6 0 7 0 0 6 3 
0 0 0 0 0 0 3 0 7 0 0 0 0 0 5 4 3 0 2 0 3 0 6 2 
0 1 0 0 0 0 0 0 0 3 0 3 0 2 0 4 0 0 3 0 3 4 0 0 
0 0 0 0 0 0 2 0 0 0 0 0 0 0 0 0 0 0 0 0 0 2 0 0 
0 0 0 0 0 0 0 0 0 0 0 3 0 0 0 0 0 0 3 0 3 0 4 1 
0 0 0 0 0 0 0 0 0 0 0 0 0 0 0 0 0 0 0 0 6 4 0 0 
0 2 4 0 4 6 0 0 7 8 0 5 0 3 1 0 0 0 0 5 6 0 0 0 
0 1 0 0 4 0 1 2 0 4 0 0 0 0 0 8 2 0 0 3 3 3 0 0 
0 3 6 0 4 6 3 6 7 0 0 0 0 4 5 5 1 0 0 6 0 0 8 4 
0 2 0 0 1 5 6 6 0 0 0 0 0 0 4 3 0 0 0 4 4 0 0 4 
3 6 5 0 2 4 8 7 6 0 0 0 0 6 0 3 0 0 0 0 2 0 0 0 
0 0 4 0 3 0 5 4 3 0 0 0 0 0 0 1 0 0 0 0 0 0 0 0 
1 0 6 7 0 0 0 0 0 0 0 0 0 0 0 0 0 7 7 0 0 0 4 3 
2 0 0 0 2 5 0 6 0 4 2 0 0 0 0 0 0 0 0 4 4 4 4 1 
0 0 0 0 2 0 1 5 2 0 3 0 0 0 0 0 0 0 0 0 2 3 0 0 
0 0 4 0 0 0 0 3 4 0 0 0 0 0 0 0 0 0 6 6 5 0 5 3 
4 0 4 0 3 5 3 2 4 0 2 3 0 0 0 0 0 8 4 0 0 0 0 2 
0 0 3 0 5 0 0 2 0 0 4 0 0 0 0 0 0 7 0 0 7 5 0 3 
0 0 1 0 4 0 2 0 0 0 2 0 0 0 0 0 0 4 0 0 4 1 0 0 
0 5 0 7 0 0 0 0 0 8 0 0 0 0 0 0 0 0 0 0 0 0 8 6 
3 3 1 4 0 0 0 0 1 3 0 0 0 0 2 1 2 3 0 0 0 0 5 4 
200 233
0 1 0 0
0 1 0 3
0 1 1 1
0 3 0 1
0 3 0 4
0 3 2 3
1 14 1 8
1 14 1 15
1 14 2 14
3 19 3 17
3 19 3 22
3 19 1 19
3 19 9 19
4 8 4 6
4 8 4 14
4 8 3 8
4 8 9 8
5 21 5 20
5 21 6 21
8 20 8 21
8 20 7 20
8 20 9 20
9 9 9 8
9 9 9 11
9 9 5 9
9 9 10 9
9 20 9 19
9 20 8 20
9 20 10 20
10 15 10 9
10 15 10 16
10 15 5 15
10 15 11 15
11 8 11 7
11 8 11 13
11 8 9 8
11 8 13 8
11 14 11 13
11 14 11 15
11 14 12 14
11 22 11 19
11 22 11 23
11 22 7 22
11 22 15 22
12 7 12 6
12 7 11 7
12 7 13 7
12 7 12 6
12 7 11 7
12 7 13 7
12 20 12 19
12 20 13 20
12 20 12 19
12 20 13 20
12 23 11 23
12 23 15 23
12 23 11 23
12 23 15 23
13 6 13 5
13 6 13 7
13 6 12 6
13 6 14 6
13 13 13 8
13 13 13 15
13 13 11 13
15 3 15 2
15 3 15 17
15 3 2 3
15 3 22 3
15 18 15 17
15 18 15 22
15 18 7 18
15 18 18 18
16 5 16 4
16 5 16 7
16 5 19 5
16 7 16 5
16 7 16 9
16 7 17 7
16 19 16 20
16 19 18 19
16 19 16 20
16 19 18 19
18 2 15 2
18 2 19 2
18 2 15 2
18 2 19 2
18 19 18 18
18 19 18 20
19 17 19 11
19 17 19 18
19 17 15 17
19 17 20 17
20 4 20 7
20 4 19 4
20 4 21 4
20 20 20 17
20 20 20 21
20 20 18 20
20 20 21 20
22 1 22 3
22 1 13 1
22 1 23 1
22 9 22 3
22 9 22 22
22 9 16 9
22 9 23 9
22 22 22 9
22 22 22 23
22 22 18 22
22 22 23 22
22 23 22 22
22 23 20 23
22 23 23 23
23 3 23 2
23 3 23 8
23 3 22 3
23 3 22 3
23 23 23 22
23 23 22 23
0 1 1 1
0 3 0 4
0 3 2 3
1 14 1 8
1 14 1 15
1 14 2 14
2 14 2 5
2 14 2 15
2 14 3 14
5 21 5 20
5 21 6 21
8 20 8 21
8 20 7 20
8 21 10 21
8 21 10 21
9 9 9 8
9 9 9 11
9 9 5 9
9 9 10 9
9 20 9 19
9 20 10 20
10 9 10 15
10 15 10 16
10 15 5 15
10 15 11 15
10 21 10 20
11 2 11 1
11 2 9 2
11 2 13 2
11 2 11 1
11 2 9 2
11 2 13 2
11 16 11 15
11 19 11 22
11 19 10 19
11 19 12 19
11 22 11 23
11 22 7 22
11 22 15 22
12 19 11 19
13 6 13 5
13 6 13 7
13 6 12 6
13 6 14 6
13 13 13 8
13 13 13 15
13 13 11 13
14 2 13 2
14 2 15 2
14 2 13 2
14 2 15 2
15 2 15 3
18 19 18 18
18 19 18 20
19 0 16 0
19 0 23 0
19 0 16 0
19 0 23 0
19 2 20 2
19 8 19 7
19 8 18 8
19 8 19 7
19 8 18 8
19 17 19 11
19 17 19 18
19 17 15 17
19 17 20 17
19 18 18 18
20 7 20 4
21 2 20 2
21 6 21 4
22 9 22 3
22 9 16 9
22 9 23 9
22 22 22 23
22 22 18 22
23 0 23 1
23 1 22 1
23 9 23 14
23 14 23 15
23 16 23 17
23 22 23 17
23 22 23 23
23 22 23 17
1 8 1 6
5 9 5 11
11 8 11 7
11 8 9 8
11 8 13 8
11 19 10 19
13 2 13 1
15 0 13 0
19 2 20 2
19 11 19 10
19 18 18 18
20 23 19 23
21 6 21 4
10 19 9 19
18 18 15 18
20 23 19 23
21 4 20 4
9 19 3 19
18 23 18 22
18 23 16 23
18 23 18 22
15 23 15 22
16 22 16 21
16 22 18 22
16 22 16 21
15 18 15 17
15 18 7 18
16 22 16 21
7 18 5 18

4436

1 5 = 6 3 3                     3 2         4 2 
1 3 1 ǁ 1   1 - 3 = = = = = 6 2   3 1 3 1     2 
  3   6   6 - - - - - - - - 7 3       |         
      |         2     2     4   4 6 - 7 - - 6 3 
      |     3 - 7 - - - - - 5 4 3   2 ǁ 3   6 2 
  1   |         | 3 - 3   2   4     3 ǁ 3 4     
      |     2   | ǁ           ǁ     | ǁ   2     
      |         | ǁ   3       ǁ     3 ǁ 3   4 1 
      |         | ǁ           ǁ     ǁ ǁ 6 4 ǁ   
  2 4 | 4 6     7 8 = 5   3 1 ǁ     ǁ 5 6 ǁ ǁ   
  1 ǁ | 4   1 2 ǁ 4 = = = = = 8 2   ǁ 3 3 3 ǁ   
  3 6 | 4 6 3 6 7 - - - - 4 5 5 1   ǁ 6 = = 8 4 
  2 ǁ | 1 5 6 6 ǁ         ǁ 4 3     ǁ 4 4   ǁ 4 
3 6 5 | 2 4 8 7 6 = = = = 6 = 3     ǁ   2   ǁ ǁ 
| | 4 | 3   5 4 3             1     ǁ       ǁ ǁ 
1 | 6 7 - - - - - - - - - - - - - 7 7 - - - 4 3 
2 | ǁ | 2 5 = 6 - 4 2             ǁ ǁ 4 4 4 4 1 
ǁ | ǁ | 2 | 1 5 2 ǁ 3             ǁ ǁ ǁ 2 3 | | 
ǁ | 4 |   |   3 4 ǁ               ǁ 6 6 5   5 3 
4 | 4 | 3 5 3 2 4 ǁ 2 3 = = = = = 8 4   |   ǁ 2 
ǁ | 3 | 5 = = 2   ǁ 4             7 - - 7 5 ǁ 3 
ǁ | 1 | 4 = 2     ǁ 2             4     4 1 ǁ | 
ǁ 5 - 7 = = = = = 8 = = = = = = = = = = = = 8 6 
3 3 1 4 - - - - 1 3 - - - - 2 1 2 3 = = = = 5 4 
