24 24
4 0 0 0 5 0 0 0 0 6 0 0 0 0 0 5 0 1 2 5 3 4 3 2 
0 2 0 0 0 1 0 5 3 0 2 0 3 0 0 5 0 0 0 7 0 0 6 4 
0 0 0 0 0 4 2 0 2 0 2 0 5 5 4 0 1 0 0 0 2 4 1 2 
0 0 0 0 0 6 0 8 4 0 3 0 4 0 2 0 3 0 0 5 0 6 4 0 
0 0 0 0 0 4 2 0 0 0 0 2 5 5 3 0 2 0 0 6 4 0 0 0 
0 4 0 0 6 0 0 6 4 0 0 2 6 3 3 0 2 0 3 0 2 0 0 0 
0 4 0 0 7 5 2 0 0 0 0 0 4 3 1 0 1 0 0 0 0 0 0 0 
0 5 5 2 0 4 2 0 0 0 3 0 0 0 0 5 0 0 6 5 4 0 0 0 
0 3 4 1 0 2 0 6 0 0 4 0 0 0 4 0 3 2 0 3 3 0 0 0 
0 0 0 0 0 3 3 0 0 0 5 3 0 2 0 0 0 0 0 0 0 0 0 0 
0 4 5 2 0 0 0 0 0 0 4 6 2 0 0 0 0 0 0 0 0 0 0 0 
0 0 3 1 0 0 0 0 0 6 0 0 0 8 4 0 0 0 0 0 0 0 0 0 
0 0 5 3 0 0 3 0 0 0 3 1 0 0 0 0 0 0 0 0 0 0 0 0 
0 0 0 0 0 0 0 0 0 0 0 1 0 0 0 0 0 0 0 0 0 0 0 0 
0 0 0 0 0 0 0 0 0 5 7 5 4 4 2 0 0 0 0 0 0 0 0 0 
6 7 5 4 7 5 0 0 0 6 7 6 6 5 0 0 0 0 0 0 0 0 0 0 
0 0 0 2 0 0 4 5 0 2 3 5 1 0 0 0 0 0 0 0 0 0 4 0 
4 0 0 2 0 0 1 2 3 0 0 0 0 3 0 0 0 0 0 0 0 0 0 0 
2 0 3 5 0 0 4 5 0 0 0 0 0 7 6 0 0 0 0 0 0 0 2 0 
1 0 1 2 0 0 5 5 0 0 0 2 0 0 0 0 0 0 0 0 0 0 1 0 
0 0 0 0 0 0 3 0 0 0 0 0 0 0 0 0 0 0 0 0 2 6 6 4 
4 6 5 0 5 0 0 4 0 0 0 0 0 6 4 0 0 0 0 0 0 0 4 3 
5 5 4 3 6 4 3 3 0 0 0 0 4 2 2 4 3 0 5 0 2 7 3 5 
1 0 0 0 4 0 0 0 0 0 0 0 0 0 0 0 0 0 5 5 2 5 3 3 
200 201
0 0 0 4
0 0 15 0
0 9 0 4
0 9 0 15
0 9 11 9
0 15 0 9
0 15 0 17
0 15 1 15
0 15 1 15
0 19 0 18
0 19 0 20
0 19 1 19
1 7 1 5
1 7 1 8
1 7 3 7
2 5 2 6
2 5 3 5
2 13 2 12
2 13 2 14
2 13 4 13
3 5 3 7
3 5 2 5
3 5 4 5
3 7 3 5
3 7 3 8
3 7 1 7
3 7 5 7
6 4 6 1
6 4 6 5
6 4 5 4
6 4 15 4
7 1 7 2
7 1 6 1
7 1 8 1
8 7 8 5
8 7 5 7
8 7 16 7
8 7 8 5
8 7 5 7
8 7 16 7
9 10 9 11
9 10 8 10
9 10 10 10
11 9 11 13
11 9 0 9
11 9 14 9
11 13 11 9
11 13 11 14
11 13 9 13
11 13 14 13
12 2 12 3
12 2 11 2
12 2 15 2
14 10 14 9
14 10 14 11
14 10 12 10
14 10 15 10
15 0 15 1
15 0 0 0
15 0 17 0
15 5 15 4
15 5 9 5
15 5 22 5
15 9 15 10
15 9 14 9
15 9 16 9
15 9 15 10
15 9 14 9
15 9 16 9
15 13 15 12
15 13 14 13
15 13 17 13
16 22 3 22
16 22 18 22
16 22 3 22
16 22 18 22
18 3 18 2
18 3 17 3
18 3 19 3
18 13 18 7
18 13 18 14
18 13 17 13
18 13 21 13
18 14 18 13
18 14 14 14
18 14 21 14
19 6 19 7
19 6 18 6
19 6 20 6
19 11 19 7
19 22 20 22
20 22 20 21
20 22 20 23
20 22 21 22
21 4 21 2
21 4 15 4
21 4 22 4
22 0 22 1
22 0 21 0
22 0 23 0
22 12 22 7
22 12 22 13
22 12 22 7
22 12 22 13
22 21 22 20
22 21 22 22
22 21 20 21
22 21 23 21
22 23 22 22
22 23 21 23
22 23 23 23
23 4 23 18
23 4 22 4
23 19 23 18
23 19 23 20
23 19 8 19
0 0 0 4
0 9 0 4
1 1 5 1
1 1 5 1
1 7 1 8
1 8 2 8
2 5 2 6
2 8 3 8
3 5 4 5
3 7 3 8
3 7 5 7
3 8 5 8
7 5 7 6
7 5 6 5
7 5 7 6
7 5 6 5
10 11 10 10
10 11 10 12
10 11 9 11
10 11 10 10
10 11 10 12
10 11 9 11
11 9 14 9
11 13 11 14
11 13 9 13
11 13 14 13
14 10 14 11
14 10 12 10
14 10 15 10
15 0 15 1
15 0 17 0
15 1 15 2
15 1 10 1
15 1 21 1
16 11 16 10
16 11 16 12
16 11 15 11
17 0 18 0
18 14 18 13
18 14 14 14
19 11 19 7
21 13 21 7
21 13 21 14
21 13 18 13
22 0 22 1
22 0 21 0
22 18 22 16
22 18 7 18
22 18 23 18
23 4 23 18
23 4 22 4
0 4 5 4
6 12 6 13
6 12 5 12
6 12 6 13
6 12 5 12
8 17 8 16
10 10 9 10
11 14 8 14
11 14 8 14
12 10 12 11
13 11 14 11
15 12 15 11
15 12 15 13
15 12 14 12
17 0 18 0
19 0 21 0
21 0 21 1
21 13 21 7
21 13 21 14
21 14 22 14
22 14 22 15
8 17 8 16
9 10 8 10
15 12 15 11
15 12 15 13
17 13 17 8
14 13 14 12
14 12 14 11
14 12 14 11
15 11 15 10
15 11 16 11
15 11 15 10
16 11 16 10
15 10 16 10

2529

4 = = = 5 = = = = 6 = = = = = 5 - 1 2 5 3 4 3 2 
ǁ 2     | 1 - 5 3 ǁ 2   3     5       7     6 4 
ǁ ǁ     | 4 2 ǁ 2 ǁ 2   5 5 4   1       2 4 1 2 
ǁ ǁ     | 6 = 8 4 ǁ 3   4 | 2   3     5   6 4   
ǁ ǁ     | 4 2 ǁ | ǁ   2 5 5 3   2     6 4   ǁ   
ǁ 4     6     6 4 ǁ   2 6 3 3   2   3   2   ǁ   
ǁ 4 - - 7 5 2 ǁ   ǁ     4 3 1   1           ǁ   
ǁ 5 5 2 | 4 2 ǁ   ǁ 3         5     6 5 4   ǁ   
ǁ 3 4 1 | 2 = 6   ǁ 4       4   3 2 | 3 3   ǁ   
ǁ       | 3 3 ǁ   ǁ 5 3   2 ǁ       | |     ǁ   
ǁ 4 5 2 | |   ǁ   ǁ 4 6 2 ǁ ǁ       | |     ǁ   
ǁ | 3 1 | |   ǁ   6 = = = 8 4       | |     ǁ   
ǁ | 5 3 | | 3 ǁ   ǁ 3 1   ǁ         | |     ǁ   
ǁ | |   | |   ǁ   ǁ ǁ 1   ǁ         | |     ǁ   
ǁ | |   | |   ǁ   5 7 5 4 4 2       | |     ǁ   
6 7 5 4 7 5   ǁ   6 7 6 6 5 ǁ       | |     ǁ   
ǁ |   2 | | 4 5   2 3 5 1 | ǁ       | |     4   
4 |   2 | | 1 2 3 - - - - 3 ǁ       | |     ǁ   
2 | 3 5 | | 4 5 - - - - - 7 6       | |     2   
1 | 1 2 | | 5 5 = = = 2   ǁ |       | |     1   
| |     | | 3             ǁ |       | | 2 6 6 4 
4 6 5 - 5 |   4 = = = = = 6 4       | |   | 4 3 
5 5 4 3 6 4 3 3 = = = = 4 2 2 4 3 - 5 | 2 7 3 5 
1       4 = = = = = = = = = = = = = 5 5 2 5 3 3 
