24 24
1 3 0 0 0 0 2 1 0 0 2 0 0 3 0 0 0 0 0 0 0 3 2 2 
5 3 3 0 0 0 0 0 0 0 0 0 0 5 0 0 1 3 0 5 4 4 3 6 
0 1 1 2 0 5 0 5 0 0 0 5 2 0 1 2 0 4 1 0 0 0 0 2 
0 0 1 0 0 2 1 0 1 0 0 4 2 0 0 3 1 0 0 0 1 0 0 1 
0 2 4 0 0 0 0 7 0 0 0 0 0 6 5 5 1 0 0 4 2 2 0 0 
4 0 0 0 3 0 0 0 1 2 0 3 1 0 0 1 0 0 0 1 4 2 0 0 
0 3 4 2 0 3 0 6 5 0 0 4 0 0 0 3 1 0 0 2 6 0 5 2 
0 0 2 1 0 3 2 2 4 3 1 0 0 0 0 0 2 0 0 0 3 2 0 1 
0 5 0 0 6 0 0 0 0 0 0 3 4 0 0 0 0 0 4 0 0 0 5 0 
0 0 2 0 7 0 0 0 0 0 3 2 2 0 0 0 0 0 0 2 5 2 0 0 
0 5 1 2 3 2 4 0 0 0 6 4 1 0 2 5 4 0 0 1 0 1 3 0 
0 3 0 0 1 1 2 3 4 2 3 2 1 0 1 2 1 0 0 2 7 5 0 0 
4 0 0 0 0 0 0 0 0 0 0 0 0 7 6 6 2 0 0 0 0 0 0 0 
0 0 0 0 0 0 0 0 0 0 0 0 0 0 3 0 1 0 0 0 0 0 0 0 
0 0 0 0 0 0 0 0 0 0 0 0 0 0 3 0 0 0 0 0 0 0 0 0 
0 0 0 0 0 0 0 0 0 0 0 0 0 0 2 0 0 0 0 0 0 4 1 0 
0 2 0 0 0 0 0 0 0 0 0 0 0 0 1 0 0 0 0 0 0 2 1 0 
0 0 0 0 0 0 0 0 0 0 0 0 0 0 0 4 3 0 0 2 0 0 0 0 
0 6 0 0 0 0 0 0 0 0 0 0 0 7 3 1 3 4 0 3 0 3 3 0 
0 2 3 0 0 0 3 0 0 0 0 0 0 8 4 2 2 0 0 2 0 0 1 0 
0 1 4 1 2 0 0 0 0 0 0 4 0 5 0 3 2 0 0 0 0 0 2 0 
4 0 0 0 0 0 0 0 0 0 0 0 0 0 0 0 0 8 5 0 5 4 4 4 
3 0 0 2 0 0 0 0 0 0 0 0 1 2 0 0 0 4 5 0 4 0 2 0 
3 0 0 0 0 0 0 0 0 0 0 0 4 0 4 2 1 0 4 0 0 0 3 3 
200 105
1 0 1 1
1 0 0 0
1 0 5 0
1 19 1 17
1 19 1 20
1 19 4 19
1 23 1 22
1 23 0 23
1 23 2 23
2 5 2 3
2 5 2 7
2 5 3 5
2 11 2 7
2 11 2 12
2 11 3 11
4 7 4 2
4 7 4 13
4 7 2 7
4 7 6 7
8 1 8 4
8 1 6 1
8 1 10 1
8 22 8 18
8 22 6 22
8 22 10 22
9 4 9 2
9 4 9 10
9 4 8 4
9 4 10 4
9 20 9 19
9 20 9 21
9 20 11 20
10 1 10 2
10 1 8 1
10 1 11 1
10 1 11 1
11 8 11 7
11 8 11 9
11 8 11 7
11 8 11 9
11 21 11 20
11 21 10 21
11 21 15 21
12 13 12 0
12 13 12 14
12 13 4 13
12 13 18 13
16 1 18 1
18 1 18 13
18 1 16 1
18 1 19 1
19 13 19 6
19 13 19 14
19 13 18 13
19 13 20 13
20 2 20 1
20 2 20 3
20 2 19 2
20 2 19 2
20 4 20 11
21 17 21 0
21 17 21 18
21 17 18 17
21 17 22 17
23 14 23 12
23 14 23 15
23 14 23 12
23 14 23 15
23 16 23 18
1 0 1 1
1 0 5 0
1 23 1 22
1 23 0 23
1 23 2 23
3 6 3 5
3 8 3 11
9 2 9 4
9 21 9 20
10 3 10 4
10 22 8 22
10 22 15 22
11 1 11 4
11 7 11 6
11 21 11 20
11 21 15 21
18 1 18 13
18 1 19 1
19 2 19 6
19 6 19 13
19 13 19 14
19 13 18 13
19 13 20 13
20 4 20 11
20 11 20 13
21 17 21 0
21 17 21 18
21 17 18 17
21 17 22 17
2 5 2 3
2 5 2 7
10 3 10 4
20 11 20 13
20 13 20 15
9 4 9 10
9 4 8 4

6427

1 3         2 1     2     3               3 2 2 
5 3 3                     5     1 3 - 5 4 4 3 6 
ǁ 1 1 2 = 5 = 5 - - - 5 2   1 2   4 1 |       2 
ǁ   1     2 1 | 1 - - 4 2     3 1     | 1     1 
ǁ 2 4 - - - - 7 - - - - - 6 5 5 1     4 2 2     
4       3     | 1 2   3 1 |   1       1 4 2     
  3 4 2   3   6 5     4   |   3 1     2 6   5 2 
  | 2 1   3 2 2 4 3 1     |     2       3 2 | 1 
  5 - - 6             3 4 |         4 - - - 5   
  ǁ 2 = 7 = = = = = 3 2 2 |           2 5 2 ǁ   
  5 1 2 3 2 4       6 4 1 | 2 5 4     1 | 1 3   
  3 - - 1 1 2 3 4 2 3 2 1 | 1 2 1     2 7 5 |   
4 - - - - - - - - - - - - 7 6 6 2         ǁ |   
                          | 3   1         ǁ |   
                          | 3             ǁ |   
                          | 2             4 1   
  2                       | 1             2 1   
  ǁ                       |   4 3     2         
  6 = = = = = = = = = = = 7 3 1 3 4   3   3 3   
  2 3 - - - 3 = = = = = = 8 4 2 2 ǁ   2     1   
  1 4 1 2 = = = = = = 4 = 5 - 3 2 ǁ         2   
4 = = = = = = = = = = = = = = = = 8 5   5 4 4 4 
3     2                 1 2       4 5   4   2   
3                       4 = 4 2 1 - 4       3 3 
