24 24
2 0 3 1 3 0 0 0 0 0 0 0 0 3 2 2 0 5 0 0 0 0 4 2 
2 1 0 1 0 0 4 0 0 2 2 2 2 0 0 4 2 4 5 4 2 0 0 0 
1 0 6 3 4 0 5 0 0 0 5 6 3 0 0 2 4 0 2 0 0 0 0 4 
0 0 0 0 2 0 2 0 0 1 1 2 0 0 0 0 2 0 0 0 0 0 0 0 
2 0 5 0 0 0 0 0 0 0 0 0 0 5 6 0 0 0 0 0 0 0 7 4 
3 4 0 5 0 0 0 0 4 2 0 5 2 0 0 0 0 0 0 2 4 3 0 3 
1 2 1 0 0 0 1 0 4 1 0 0 0 0 0 0 0 0 0 0 0 0 0 0 
3 0 0 7 0 0 0 0 0 0 0 7 3 0 0 1 0 0 0 0 0 0 0 0 
1 1 2 0 1 0 2 0 0 4 1 6 3 0 0 0 0 0 0 0 0 0 0 0 
1 0 4 0 5 4 3 0 0 4 0 6 4 0 0 0 0 0 0 0 0 0 0 0 
3 3 0 0 0 2 6 4 2 0 0 0 2 0 0 4 0 0 0 7 7 2 0 0 
0 0 0 0 0 0 0 0 0 0 0 0 2 0 0 1 1 0 0 0 2 0 0 0 
2 0 0 0 0 2 2 0 0 4 4 0 0 0 0 2 6 0 0 5 4 2 0 0 
0 0 0 0 0 0 3 2 0 1 2 0 0 0 0 3 5 1 0 0 1 1 0 0 
0 0 0 0 0 3 6 0 0 0 0 7 4 0 0 3 4 2 0 0 2 1 0 0 
0 0 0 0 3 0 4 0 1 0 0 0 0 0 4 0 0 0 0 6 4 3 0 0 
5 5 4 6 0 0 0 0 0 0 0 5 1 0 0 2 0 3 0 7 3 3 0 2 
3 0 1 0 0 0 0 1 0 0 0 4 1 0 0 0 0 0 0 2 1 0 0 0 
0 0 2 4 0 0 0 0 0 0 0 5 2 0 0 0 0 0 0 2 2 0 0 1 
0 0 1 0 0 0 0 0 4 2 0 0 1 0 0 0 0 0 0 0 0 0 0 0 
0 0 0 0 0 0 0 0 3 0 0 4 4 0 5 0 0 0 0 7 5 4 0 0 
0 0 0 0 0 0 0 0 0 0 0 1 2 0 3 3 2 0 0 3 1 1 0 0 
2 6 0 5 0 0 0 0 0 0 0 0 0 6 0 0 0 0 0 0 0 0 8 4 
1 3 0 0 0 3 2 1 0 3 0 0 0 4 0 0 1 2 0 3 0 0 3 1 
200 68
0 17 0 15
0 17 0 22
0 17 1 17
1 18 1 17
1 18 1 19
1 18 2 18
4 22 4 14
4 22 4 23
4 22 0 22
4 22 22 22
7 3 7 0
7 3 7 11
7 3 5 3
7 3 16 3
9 4 9 5
9 4 8 4
9 4 15 4
10 19 10 15
10 19 10 20
10 19 5 19
10 19 12 19
14 11 14 6
14 11 14 12
14 11 9 11
14 11 16 11
16 0 16 1
16 0 12 0
16 0 17 0
16 19 16 17
16 19 16 20
16 19 15 19
16 19 17 19
20 19 20 14
20 19 20 20
20 19 18 19
20 19 21 19
22 3 22 1
22 3 22 13
22 3 18 3
22 22 22 13
22 22 22 23
22 22 4 22
22 22 23 22
22 23 22 22
22 23 18 23
22 23 23 23
1 20 1 19
2 23 0 23
2 23 4 23
2 23 0 23
2 23 4 23
10 8 10 7
16 23 5 23
19 2 18 2
22 22 22 13
22 22 23 22
23 22 23 19
0 22 0 17
0 22 4 22
1 20 1 19
10 8 10 7
16 23 5 23
23 19 23 17
1 19 1 18
5 23 4 23
23 19 23 17
4 22 4 14
23 16 23 13

2222

2   3 1 3                 3 2 2 - 5 = = = = 4 2 
2 1   1     4     2 2 2 2     4 2 4 5 4 2   ǁ ǁ 
1   6 3 4   5       5 6 3     2 4   2       ǁ 4 
        2   2     1 1 2         2           ǁ ǁ 
2   5                     5 6 = = = = = = = 7 4 
3 4   5         4 2   5 2             2 4 3 ǁ 3 
1 2 1 |     1   4 1                   |     ǁ ǁ 
3 - - 7 - - - - - - - 7 3     1       |     ǁ ǁ 
1 1 2 | 1   2     4 1 6 3             |     ǁ ǁ 
1   4 | 5 4 3     4   6 4             |     ǁ ǁ 
3 3   | | 2 6 4 2     | 2     4 - - - 7 7 2 ǁ ǁ 
      | |             | 2     1 1     | 2   ǁ ǁ 
2     | | 2 2     4 4 |       2 6     5 4 2 ǁ ǁ 
|     | |   3 2   1 2 |       3 5 1     1 1 ǁ ǁ 
|     | | 3 6 - - - - 7 4     3 4 2     2 1 ǁ ǁ 
|     | 3   4   1     |     4         6 4 3 ǁ ǁ 
5 5 4 6               5 1     2   3 - 7 3 3 ǁ 2 
3   1         1       4 1             2 1   ǁ   
    2 4               5 2             2 2   ǁ 1 
    1 |         4 2     1             |     ǁ | 
      |         3     4 4   5 - - - - 7 5 4 ǁ | 
      |               1 2   3 3 2     3 1 1 ǁ | 
2 6 - 5 - - - - - - - - - 6 = = = = = = = = 8 4 
1 3       3 2 1   3       4 - - 1 2 = 3 - - 3 1 
