24 24
1 2 0 4 0 0 0 0 0 0 0 0 0 0 0 6 6 5 2 2 4 6 4 2 
2 0 0 6 0 0 0 0 0 0 0 0 6 4 1 0 0 4 4 0 3 0 3 3 
2 1 2 7 0 0 3 0 0 0 3 2 5 2 1 0 2 2 2 0 1 0 0 3 
0 2 0 6 0 0 4 4 0 2 2 0 3 2 0 0 0 2 1 0 0 0 0 2 
4 0 0 0 0 0 0 0 0 0 0 0 0 0 0 5 0 0 0 5 0 6 6 3 
6 0 0 3 2 5 0 0 6 0 0 3 0 0 0 0 1 0 0 0 0 0 0 1 
0 1 3 0 0 4 1 0 0 0 0 0 0 0 0 0 0 0 0 0 0 0 0 2 
0 1 0 0 0 1 0 0 0 0 0 0 0 0 0 0 2 0 0 2 0 0 0 0 
4 3 3 0 0 0 0 0 0 1 0 0 0 0 0 0 4 0 0 2 0 0 2 3 
0 2 2 0 0 0 0 0 0 0 0 1 0 0 0 0 0 0 0 0 0 0 2 0 
0 0 0 0 2 1 0 0 0 0 0 0 0 0 0 0 6 0 0 0 0 7 4 0 
0 3 0 0 0 0 0 0 0 0 0 0 0 0 0 0 3 1 2 4 0 3 0 0 
0 2 0 0 0 0 0 0 0 0 0 0 0 0 0 0 4 5 0 0 0 0 0 4 
0 1 0 0 0 0 0 0 0 0 0 0 0 0 0 0 1 0 2 2 0 0 0 0 
5 3 0 4 0 0 0 0 6 6 0 5 1 0 0 0 1 0 1 0 0 0 2 0 
0 1 0 0 0 0 0 1 0 0 2 3 0 0 0 0 0 0 0 2 0 0 0 0 
0 0 0 0 2 0 6 3 0 2 0 1 0 0 0 0 0 0 1 0 0 0 0 0 
5 3 0 4 5 2 0 1 0 0 0 0 0 0 0 0 0 0 0 4 0 0 5 0 
2 1 0 1 1 0 0 2 7 0 6 0 0 3 0 0 2 5 4 3 2 0 0 0 
2 1 0 3 0 0 6 0 5 0 3 2 1 2 0 0 1 3 3 0 1 0 0 0 
4 0 6 0 0 0 0 0 0 0 0 0 0 0 0 5 0 0 0 0 0 0 7 6 
2 1 0 1 3 0 0 0 0 0 0 0 0 0 0 5 0 4 3 1 2 0 0 2 
3 0 5 2 2 0 3 0 0 3 0 4 0 0 0 5 3 2 4 1 3 0 5 2 
4 0 0 0 0 0 0 4 0 2 0 3 3 1 0 2 3 1 1 2 0 0 4 3 
200 76
0 15 0 3
0 15 0 16
0 15 4 15
0 16 0 15
0 16 0 17
0 16 2 16
0 21 0 20
0 21 0 22
0 21 4 21
1 12 1 3
1 12 1 13
1 12 2 12
2 3 2 2
2 3 2 6
2 3 1 3
2 3 3 3
5 0 5 3
5 0 4 0
5 0 8 0
5 5 5 4
5 5 5 8
5 5 6 5
5 8 5 5
5 8 5 11
5 8 14 8
10 16 10 21
10 16 8 16
10 16 11 16
10 16 10 21
10 16 8 16
10 16 11 16
10 21 10 22
10 21 4 21
10 21 11 21
14 0 14 1
14 0 8 0
14 0 17 0
17 22 17 19
17 22 14 22
17 22 20 22
18 8 18 7
18 8 18 10
18 8 14 8
18 8 19 8
20 23 20 22
20 23 12 23
20 23 21 23
22 2 22 0
22 2 22 3
22 2 20 2
23 0 23 7
23 0 22 0
0 15 0 3
0 15 0 16
0 21 0 20
0 21 0 22
0 21 4 21
1 12 1 3
1 12 1 13
1 12 2 12
3 7 3 6
3 7 3 9
3 7 3 6
3 7 3 9
5 0 5 3
5 0 4 0
5 0 8 0
5 8 5 11
5 8 14 8
20 23 20 22
20 23 12 23
20 23 21 23
23 0 23 7
23 0 22 0
22 2 22 3
22 2 20 2

2502

1 2   4 = = = = = = = = = = = 6 6 5 2 2 4 6 4 2 
2     6 = = = = = = = = 6 4 1 | | 4 4   3 ǁ 3 3 
2 1 2 7 - - 3       3 2 5 2 1 | 2 2 2   1 ǁ   3 
  2   6     4 4 = 2 2   3 2   |   2 1     ǁ   2 
4                             5       5   6 6 3 
6 = = 3 2 5 = = 6 = = 3         1         |   1 
ǁ 1 3     4 1   ǁ                         |   2 
ǁ 1       1     ǁ               2     2   |     
4 3 3           ǁ 1             4     2   | 2 3 
| 2 2           ǁ     1         ǁ         | 2   
|       2 1     ǁ               6 = = = = 7 4   
| 3             ǁ               3 1 2 4   3     
| 2             ǁ               4 5           4 
| 1             ǁ               1   2 2       ǁ 
5 3   4         6 6   5 1       1   1       2 ǁ 
| 1           1 |   2 3               2     | ǁ 
|       2   6 3 | 2   1             1       | ǁ 
5 3   4 5 2   1 |                     4 - - 5 ǁ 
2 1   1 1     2 7 - 6     3     2 5 4 3 2   | ǁ 
2 1   3     6   5   3 2 1 2     1 3 3   1   | ǁ 
4   6                         5             7 6 
2 1 ǁ 1 3                     5   4 3 1 2     2 
3 - 5 2 2   3     3   4       5 3 2 4 1 3   5 2 
4 = = = = = = 4   2   3 3 1   2 3 1 1 2     4 3 
