24 24
2 3 0 0 5 0 0 0 3 2 3 2 0 0 0 0 0 0 0 0 0 3 3 4 
6 5 2 1 0 0 0 0 2 1 0 3 2 2 0 0 0 0 0 4 0 4 0 3 
4 0 2 0 6 0 0 0 0 0 7 0 0 0 0 0 5 3 0 0 1 0 3 4 
0 0 0 0 0 0 0 0 1 0 0 1 0 0 0 0 0 0 0 0 3 0 0 0 
3 0 0 0 0 0 0 0 0 0 0 0 1 2 0 0 0 0 0 0 0 0 0 3 
0 0 2 1 0 0 0 0 0 0 0 0 0 0 2 0 0 0 0 0 0 0 0 0 
0 0 0 0 0 0 0 2 5 1 0 0 0 0 0 0 0 0 0 0 0 0 0 0 
0 0 0 0 0 2 0 0 2 0 0 2 0 5 5 3 4 2 0 0 3 3 0 0 
0 0 0 0 0 0 0 0 0 0 0 0 0 0 0 1 3 1 0 0 3 4 0 0 
0 5 2 0 0 6 0 6 0 0 7 0 0 6 0 0 7 3 0 0 2 0 0 0 
0 4 2 0 0 3 2 4 2 0 2 1 0 4 0 4 4 1 0 0 0 0 0 0 
4 0 0 0 7 0 0 0 0 0 0 0 0 0 0 0 0 0 0 5 0 4 0 0 
1 2 0 0 6 0 0 0 1 3 0 0 0 0 2 3 0 5 2 0 2 0 0 1 
1 4 5 0 4 0 0 0 0 4 0 0 0 0 2 1 0 0 0 0 5 3 0 2 
0 6 6 3 5 0 0 0 0 0 0 0 0 0 0 0 0 6 2 0 5 4 0 0 
0 2 4 4 4 0 3 0 1 0 2 0 0 0 0 0 0 5 1 0 1 1 0 0 
5 0 0 0 0 0 0 0 0 0 0 0 0 0 0 0 0 0 0 6 0 0 6 3 
0 2 0 3 0 0 4 0 0 4 1 3 3 5 0 0 0 4 1 0 2 4 3 1 
0 0 0 0 0 0 1 0 0 0 0 0 0 2 2 0 0 3 0 5 0 4 0 0 
4 0 0 0 0 0 0 0 0 4 0 5 2 4 0 0 0 0 0 6 0 0 7 3 
0 0 0 0 0 2 0 0 0 0 1 0 0 6 0 0 2 0 0 0 4 4 0 2 
5 0 0 0 2 0 0 0 0 5 3 2 3 2 2 0 0 0 0 6 5 3 0 0 
5 3 0 0 1 4 0 0 0 5 0 0 3 2 4 2 2 3 0 5 2 0 5 5 
3 0 0 0 0 3 0 0 0 1 2 0 0 0 4 0 0 1 0 1 1 2 3 2 
200 101
0 4 0 1
0 4 0 8
0 4 2 4
0 23 0 22
0 23 1 23
1 0 1 1
1 0 0 0
1 0 2 0
2 10 2 4
2 10 2 16
2 10 0 10
2 10 9 10
3 8 6 8
5 14 7 14
9 1 9 2
9 1 1 1
9 1 10 1
9 16 9 13
9 16 9 17
9 16 8 16
9 16 10 16
11 4 11 0
11 4 11 19
11 4 2 4
11 4 12 4
12 17 12 15
12 17 12 18
12 17 14 17
13 2 13 1
13 2 13 4
13 2 14 2
13 20 13 21
13 20 12 20
13 20 14 20
14 1 14 2
14 1 13 1
14 1 15 1
16 0 16 19
16 0 13 0
16 0 19 0
17 13 17 12
17 13 17 17
17 13 18 13
19 22 19 19
19 22 19 23
19 22 17 22
19 22 22 22
20 21 20 20
20 21 21 21
20 21 20 20
20 21 21 21
21 0 21 4
21 0 19 0
21 0 22 0
22 23 22 22
22 23 20 23
22 23 23 23
0 23 0 22
0 23 1 23
1 0 1 1
1 0 0 0
1 0 2 0
2 0 4 0
4 12 4 13
5 14 7 14
6 9 6 8
9 5 9 7
9 5 7 5
9 5 10 5
9 5 9 7
9 5 7 5
9 5 10 5
10 5 10 6
10 6 10 7
10 15 10 13
10 15 10 16
10 15 10 13
10 15 10 16
14 1 14 2
14 1 13 1
14 1 15 1
15 2 15 3
15 2 14 2
15 17 15 10
15 17 15 18
15 17 14 17
16 0 16 19
16 0 19 0
17 1 17 3
18 21 18 19
18 21 17 21
18 21 18 19
18 21 17 21
2 0 4 0
4 0 11 0
11 0 11 4
11 0 12 0
15 2 15 3
15 2 14 2
17 1 17 3
17 3 17 6

3204

2 3 - - 5 - - - 3 2 3 2                   3 3 4 
6 5 2 1 |       2 1 | 3 2 2           4   4   3 
4 | 2   6 - - - - - 7 - - - - - 5 3     1   3 4 
ǁ |     |       1   | 1                 3       
3 |     |       |   |   1 2                   3 
| | 2 1 |       |   |       2                   
| |     |     2 5 1 |       ǁ                   
| |     | 2     2   | 2   5 5 3 4 2     3 3     
| |     | ǁ         |         1 3 1     3 4     
| 5 2   | 6 = 6     7     6 - - 7 3     2       
| 4 2   | 3 2 4 2   2 1   4 = 4 4 1             
4 = = = 7 - - - - - - - - - - - - - - 5   4     
1 2     6       1 3         2 3 - 5 2   2     1 
1 4 5 - 4         4         2 1   |     5 3   2 
| 6 6 3 5                         6 2   5 4     
| 2 4 4 4   3   1   2 - - - - - - 5 1   1 1     
5 = = = = = = = = = = = = = = = = = = 6     6 3 
ǁ 2 = 3 - - 4     4 1 3 3 5 - - - 4 1   2 4 3 1 
ǁ           1             2 2     3   5 = 4 |   
4                 4   5 2 4           6 - - 7 3 
|         2         1     6     2       4 4 | 2 
5 - - - 2         5 3 2 3 2 2         6 5 3 | | 
5 3     1 4       5     3 2 4 2 2 3   5 2   5 5 
3         3       1 2       4     1   1 1 2 3 2 
