24 24
2 0 0 6 3 1 2 2 0 0 4 0 0 0 0 0 0 0 0 4 2 0 3 1 
1 0 0 0 2 0 4 0 0 0 0 0 0 0 0 0 0 0 0 6 2 0 0 0 
3 0 0 5 3 2 0 3 0 0 0 0 0 0 0 0 0 0 0 0 2 1 0 0 
0 3 3 0 1 0 0 4 0 0 0 0 0 0 0 0 0 0 0 6 0 0 6 4 
0 0 0 0 0 0 0 0 2 0 0 0 4 0 0 0 0 0 0 5 2 1 0 0 
0 0 0 0 0 0 0 0 1 0 4 0 4 0 5 0 0 0 0 6 5 2 0 0 
0 0 0 0 0 0 0 0 4 0 5 0 0 0 0 1 0 2 1 0 4 1 0 0 
0 0 0 0 0 0 0 0 0 0 2 1 0 0 0 3 0 3 2 0 0 1 0 0 
0 0 3 0 0 0 0 0 0 0 0 0 0 0 0 3 1 0 0 0 4 3 0 0 
0 0 0 0 0 0 0 0 4 0 2 0 0 0 0 0 0 0 0 0 2 1 0 0 
0 0 3 0 0 0 0 0 2 0 0 0 0 0 5 0 0 7 5 0 4 0 2 0 
0 0 1 0 0 0 0 0 2 5 6 3 0 0 2 0 0 2 2 0 0 2 0 0 
0 0 2 0 0 0 0 0 0 0 0 0 0 0 1 0 0 0 1 0 0 0 0 0 
0 0 0 0 0 0 0 0 0 0 4 0 4 0 0 0 0 2 4 0 0 0 0 0 
2 3 3 0 0 0 0 0 0 0 0 4 0 0 0 0 0 0 2 0 3 4 1 0 
2 3 3 0 0 0 0 0 0 0 2 3 1 0 0 0 0 0 0 0 3 0 0 3 
0 0 2 0 0 0 0 0 0 0 0 2 0 0 0 0 0 1 0 0 2 2 4 0 
5 7 0 7 0 0 0 6 0 5 0 0 0 0 0 0 0 0 0 8 0 0 6 0 
2 0 0 0 2 3 2 0 4 0 4 3 3 0 2 2 0 5 0 6 2 2 6 0 
2 0 0 0 1 0 0 0 6 3 0 3 0 1 0 2 0 0 2 4 1 1 3 0 
0 0 2 5 0 7 4 0 2 1 0 3 5 2 0 4 0 5 0 3 1 0 0 0 
3 4 1 4 2 3 1 0 0 0 0 2 3 1 0 1 1 2 1 1 0 0 0 0 
1 3 0 8 0 0 0 7 0 0 4 0 0 0 5 0 0 4 3 5 5 0 0 4 
2 0 0 4 2 0 0 5 1 2 4 0 1 2 4 1 0 1 1 2 3 3 1 2 
200 200
0 3 0 0
0 3 0 4
0 3 2 3
0 3 0 0
0 3 0 4
0 3 2 3
1 0 2 0
5 14 5 12
5 14 5 19
5 14 10 14
6 10 6 8
6 10 5 10
6 10 7 10
10 17 10 14
10 17 10 18
10 17 7 17
10 17 11 17
11 9 11 8
11 9 11 10
11 9 17 9
17 0 17 1
17 0 15 0
17 0 18 0
17 3 17 1
17 3 17 7
17 3 2 3
17 3 20 3
17 19 17 9
17 19 17 22
17 19 5 19
17 19 18 19
17 19 17 9
17 19 17 22
17 19 5 19
17 19 18 19
17 22 16 22
17 22 18 22
18 17 18 15
18 17 18 19
18 17 20 17
18 19 18 17
18 19 18 20
18 19 19 19
18 22 18 21
18 22 17 22
18 22 19 22
18 22 18 21
18 22 17 22
19 22 19 21
19 22 23 22
20 5 20 3
20 5 20 6
20 5 18 5
20 5 21 5
22 3 22 1
22 3 22 7
22 3 21 3
22 3 23 3
22 3 22 1
22 3 22 7
22 3 21 3
22 3 23 3
22 7 22 10
22 7 17 7
22 7 23 7
22 20 22 19
22 20 20 20
22 20 23 20
22 23 15 23
22 23 23 23
22 23 15 23
22 23 23 23
23 3 23 0
23 3 23 4
23 4 23 7
23 21 23 20
5 19 5 14
5 19 5 20
5 19 4 19
8 16 8 15
16 2 15 2
16 22 16 21
16 22 14 22
16 22 16 21
18 20 19 20
19 4 18 4
19 8 19 9
19 8 18 8
19 8 20 8
19 8 19 9
19 8 18 8
19 8 20 8
19 19 19 18
19 19 20 19
19 19 19 18
23 0 22 0
23 21 23 20
8 15 7 15
14 21 14 20
14 21 11 21
14 21 14 20
14 21 11 21
15 23 3 23
16 2 15 2
16 20 15 20
18 4 18 5
18 8 18 10
18 8 11 8
18 10 18 11
18 10 22 10
18 10 18 11
19 9 20 9
22 1 21 1
22 20 22 19
3 23 3 22
3 23 0 23
3 23 3 22
8 15 7 15
11 9 11 10
11 9 17 9
11 10 11 11
11 10 9 10
11 10 13 10
11 10 11 11
13 10 13 12
13 10 15 10
13 10 13 12
14 11 14 18
14 11 15 11
14 11 14 18
14 11 15 11
15 10 15 11
15 20 14 20
15 20 16 20
16 11 16 17
17 7 17 3
17 7 3 7
17 7 22 7
17 7 3 7
22 20 22 19
3 22 3 19
3 22 0 22
3 22 10 22
3 22 3 19
10 8 9 8
10 20 10 22
10 20 9 20
10 20 9 20
13 12 13 17
13 12 5 12
13 18 13 17
13 18 12 18
0 22 0 20
0 22 0 20
2 21 2 20
3 19 3 7
3 19 1 19
3 19 4 19
3 19 3 7
8 20 8 21
8 20 6 20
8 20 8 21
8 20 6 20
9 21 8 21
10 8 9 8
11 11 7 11
12 14 11 14
0 10 0 7
0 10 0 19
0 10 0 7
0 10 0 19
0 19 1 19
0 19 1 19
2 7 2 5
2 20 1 20
3 4 2 4
6 20 6 21
6 20 5 20
9 8 9 10
9 8 6 8
1 20 1 19
2 7 2 5
6 8 6 10
6 8 5 8
7 10 6 10
1 19 1 6
1 19 1 6
4 8 4 12
4 8 4 12
4 12 4 19
4 12 5 12
4 19 4 20
4 19 4 20
4 21 5 21
5 10 5 12
5 14 10 14
5 20 5 21
1 6 1 4
1 6 0 6
0 6 0 5

2611

2 = = 6 3 1 2 2 = = 4 = = = = = = = = 4 2 = 3 1 
1     ǁ 2 - 4 = = = = = = = = = = = = 6 2   | | 
3     5 3 2 = 3                       | 2 1 | | 
  3 3 | 1     4 = = = = = = = = = = = 6 = = 6 4 
      |       ǁ 2 = = = 4 - - - - - - 5 2 1 | | 
      |       ǁ 1   4 - 4 - 5 = = = = 6 5 2 | | 
      |       ǁ 4 = 5   |   ǁ 1   2 1 ǁ 4 1 | | 
      |       ǁ |   2 1 |   ǁ 3   3 2 ǁ ǁ 1 | | 
    3 |       ǁ |     | |   ǁ 3 1 |   ǁ 4 3 | | 
      |       ǁ 4 - 2 | |   ǁ     |   ǁ 2 1 | | 
    3 |       ǁ 2   | | |   5 - - 7 5 ǁ 4 - 2 | 
    1 |       ǁ 2 5 6 3 |   2     2 2 ǁ   2   | 
    2 |       ǁ | ǁ |   |   1       1 ǁ   ǁ   | 
      |       ǁ | ǁ 4 = 4 - - - - 2 4 ǁ   ǁ   | 
2 3 3 |       ǁ | ǁ | 4 = = = = = = 2 ǁ 3 4 1 | 
2 3 3 |       ǁ | ǁ 2 3 1             ǁ 3   | 3 
|   2 |       ǁ | ǁ   2 - - - - - 1   ǁ 2 2 4 ǁ 
5 7 - 7 = = = 6 | 5 = = = = = = = = = 8 = = 6 ǁ 
2     | 2 3 2 ǁ 4 - 4 3 3   2 2 - 5 = 6 2 2 6 ǁ 
2     | 1 |   ǁ 6 3 | 3   1   2   | 2 4 1 1 3 ǁ 
    2 5 - 7 4 ǁ 2 1 | 3 5 2   4   5   3 1   | ǁ 
3 4 1 4 2 3 1 ǁ     | 2 3 1   1 1 2 1 1 |   | ǁ 
1 3 = 8 = = = 7 - - 4       5     4 3 5 5   | 4 
2 - - 4 2 - - 5 1 2 4   1 2 4 1   1 1 2 3 3 1 2 
