24 24
4 6 0 0 0 0 0 0 0 0 0 0 4 2 0 6 2 2 6 0 4 0 3 0 
0 0 2 0 0 5 4 4 0 4 2 0 7 2 1 0 0 0 0 3 1 0 0 2 
0 0 2 6 2 0 2 2 0 0 0 0 0 0 0 0 0 0 0 0 2 0 4 0 
0 0 0 0 0 0 0 2 0 5 0 0 3 1 0 0 0 0 2 0 4 2 0 0 
0 0 2 7 0 7 0 0 0 0 0 0 0 4 5 0 0 3 0 5 6 0 7 5 
0 0 2 5 2 0 0 0 0 2 0 4 0 0 4 0 0 2 0 0 2 0 0 1 
0 0 4 0 0 8 0 0 0 0 0 0 0 0 0 8 0 0 0 8 2 0 0 2 
0 0 0 2 0 0 0 4 0 5 2 1 2 0 0 0 4 2 0 0 3 1 3 0 
0 0 0 0 0 0 0 0 0 0 1 0 6 2 0 0 0 1 0 5 0 0 0 0 
4 0 0 0 0 0 0 0 0 0 0 0 0 0 1 0 3 2 0 4 0 0 0 0 
0 0 0 0 0 0 0 4 0 0 0 0 0 0 0 0 0 2 0 5 6 2 0 0 
0 0 0 0 0 0 0 0 0 0 0 0 0 0 0 0 0 0 0 0 4 1 0 0 
0 0 6 5 1 0 0 2 0 0 0 0 0 0 0 0 0 0 0 0 2 0 0 0 
0 0 2 0 0 0 0 0 0 0 0 0 0 1 0 0 4 0 0 8 0 0 7 6 
0 0 2 0 0 0 0 0 0 0 0 0 0 0 0 0 0 4 0 6 2 0 0 2 
4 0 6 0 0 7 0 0 0 5 0 0 5 5 4 0 3 3 1 0 0 0 0 2 
2 0 2 1 0 5 0 0 0 4 0 0 4 2 1 0 4 4 2 0 0 0 0 4 
3 7 0 0 0 0 0 0 0 0 0 0 0 0 0 7 0 0 0 0 0 0 4 0 
2 0 2 0 0 0 0 0 5 2 0 0 1 2 3 0 3 0 0 3 3 0 2 0 
3 8 0 0 0 0 0 0 6 2 0 0 0 0 5 0 3 2 0 0 4 2 2 0 
0 0 4 0 0 5 0 0 8 3 1 4 2 0 0 6 0 0 0 7 0 0 6 5 
1 0 3 1 0 1 2 0 6 0 0 6 2 0 0 4 2 2 2 0 2 2 4 0 
3 7 0 0 0 0 0 0 0 0 0 0 0 0 6 0 0 7 4 4 6 2 0 3 
1 3 0 3 1 2 0 4 0 0 0 0 0 0 4 3 2 3 0 0 0 0 3 2 
200 261
0 0 0 1
0 0 9 0
0 1 0 0
0 1 0 12
0 1 17 1
0 15 0 13
0 15 0 16
0 15 6 15
0 18 0 17
0 18 0 20
0 18 3 18
1 5 1 2
1 5 1 6
1 5 4 5
1 12 1 10
1 12 1 13
1 12 0 12
1 12 3 12
2 3 2 2
2 3 2 4
2 3 4 3
4 14 4 13
4 14 1 14
4 14 5 14
4 22 4 20
4 22 4 23
4 22 2 22
4 22 7 22
4 23 4 22
4 23 1 23
4 23 5 23
6 5 6 2
6 5 6 15
6 5 4 5
6 5 15 5
6 15 6 5
6 15 6 19
6 15 0 15
6 15 17 15
6 19 6 15
6 19 6 20
6 19 4 19
6 19 8 19
6 23 13 23
7 3 12 3
7 7 7 9
7 7 10 7
7 7 7 9
7 7 10 7
7 16 7 17
7 16 9 16
7 16 7 17
7 16 9 16
8 19 8 17
8 19 6 19
8 19 9 19
8 19 9 19
9 14 15 14
10 7 12 7
12 2 12 3
12 2 6 2
12 2 13 2
13 19 13 16
13 19 13 22
13 19 10 19
13 19 14 19
13 23 13 22
13 23 6 23
13 23 14 23
14 17 14 19
14 17 15 17
14 17 14 19
14 17 15 17
15 0 9 0
15 0 16 0
15 0 9 0
15 0 16 0
15 2 15 5
15 2 14 2
15 2 16 2
15 2 15 5
15 2 14 2
15 2 16 2
18 8 18 2
18 8 18 9
18 8 19 8
19 1 19 0
19 1 19 8
19 1 17 1
19 1 22 1
20 2 20 5
20 2 21 2
20 2 20 5
20 2 21 2
20 8 20 5
20 8 20 9
20 8 19 8
20 8 21 8
20 19 20 15
20 19 20 22
20 19 18 19
20 19 22 19
20 23 20 22
20 23 16 23
20 23 22 23
21 2 21 3
21 8 21 6
21 8 21 11
21 8 20 8
21 11 21 8
21 11 21 12
21 11 20 11
22 17 22 14
22 17 22 18
22 17 21 17
22 17 23 17
22 20 22 19
22 20 22 21
22 20 21 20
23 3 23 1
23 3 23 4
23 3 23 1
23 7 23 5
23 7 23 14
23 7 23 5
23 7 23 14
0 0 0 1
0 15 0 13
0 15 0 16
0 18 0 17
0 18 0 20
0 18 3 18
2 3 2 2
2 3 2 4
2 3 4 3
3 21 3 20
4 3 4 2
4 3 4 5
4 3 5 3
4 23 4 22
5 4 5 3
5 11 5 9
5 11 5 14
5 11 5 9
5 11 5 14
5 14 4 14
5 17 4 17
6 5 6 2
6 5 4 5
6 5 15 5
6 15 17 15
6 19 6 20
6 19 4 19
7 3 12 3
10 7 12 7
12 2 12 3
12 2 6 2
12 2 13 2
12 3 12 4
12 20 11 20
13 19 13 16
13 19 13 22
13 19 10 19
13 19 14 19
13 23 13 22
13 23 14 23
16 3 16 5
16 5 16 9
16 5 15 5
16 5 16 9
16 5 15 5
17 15 17 1
17 15 17 22
17 15 20 15
18 2 18 8
19 1 19 0
19 1 19 8
19 1 17 1
19 1 22 1
19 14 19 9
19 14 18 14
19 14 22 14
19 17 19 16
19 20 19 21
19 20 18 20
19 20 19 21
19 20 18 20
20 8 20 5
20 8 20 9
20 8 19 8
21 8 21 6
21 11 21 12
21 11 20 11
21 15 21 16
21 15 20 15
21 15 21 16
21 15 20 15
22 1 22 0
22 1 22 14
22 1 23 1
22 20 22 19
22 20 22 21
22 20 21 20
23 0 22 0
0 12 0 1
0 12 1 12
1 2 1 5
1 23 1 20
3 9 3 7
3 9 3 12
3 9 1 9
3 21 3 20
4 14 4 13
5 4 5 3
5 17 4 17
5 20 4 20
12 20 11 20
14 19 14 20
14 20 14 19
15 5 15 9
16 16 16 17
16 16 15 16
16 16 16 17
16 16 15 16
17 1 17 0
17 1 17 15
17 1 17 0
19 17 19 16
20 5 21 5
20 12 20 11
21 21 21 22
22 1 22 0
22 1 22 14
0 20 0 22
0 20 0 22
1 19 4 19
1 19 4 19
4 17 4 19
4 20 4 22
4 20 3 20
4 20 5 20
4 20 3 20
17 0 18 0
18 0 19 0
19 16 18 16
20 12 20 11
21 21 21 22
2 20 2 22
2 22 2 20
18 16 18 19
20 10 20 9
18 16 18 19
18 20 18 22
20 19 20 15
20 19 20 22
20 19 22 19
22 18 22 17
22 18 21 18
20 15 17 15
22 18 22 17
21 18 21 17

6794

4 6 = = = = = = = = = = 4 2 = 6 2 2 6 = 4 = 3   
| | 2 = = 5 4 4   4 2 - 7 2 1 ǁ     ǁ 3 1 - - 2 
| | 2 6 2 | 2 2   |     |   | ǁ     ǁ ǁ 2 = 4 | 
| |   ǁ   |   2 - 5 - - 3 1 | ǁ     2 ǁ 4 2 | | 
| | 2 7 - 7               4 5 ǁ   3 - 5 6 = 7 5 
| | 2 5 2 ǁ       2 = 4 = = 4 ǁ   2   ǁ 2   | 1 
| | 4 = = 8 = = = = = = = = = 8 = = = 8 2   | 2 
| | ǁ 2   ǁ   4 = 5 2 1 2     ǁ 4 2   ǁ 3 1 3 ǁ 
| | ǁ ǁ   ǁ   ǁ     1   6 2   ǁ ǁ 1 - 5       ǁ 
4 | ǁ ǁ   ǁ   ǁ             1 ǁ 3 2   4       ǁ 
ǁ | ǁ ǁ   ǁ   4             | ǁ   2   5 6 2   ǁ 
ǁ | ǁ ǁ   ǁ   ǁ             | ǁ       ǁ 4 1   ǁ 
ǁ | 6 5 1 ǁ   2             | ǁ       ǁ 2     ǁ 
ǁ | 2     ǁ               1 | ǁ 4 = = 8 = = 7 6 
ǁ | 2     ǁ                 | ǁ   4 = 6 2     2 
4 | 6 = = 7 - - - 5     5 5 4 ǁ 3 3 1         2 
2 | 2 1 - 5 = = = 4     4 2 1 ǁ 4 4 2         4 
3 7 = = = = = = = = = = = = = 7 - - - - - - 4 | 
2 ǁ 2 = = = = = 5 2     1 2 3 ǁ 3 = = 3 3 - 2 | 
3 8 = = = = = = 6 2 - - - - 5 ǁ 3 2   | 4 2 2 | 
  ǁ 4 = = 5 = = 8 3 1 4 2   | 6 = = = 7 = = 6 5 
1 ǁ 3 1   1 2 = 6 = = 6 2   | 4 2 2 2 ǁ 2 2 4 | 
3 7 = = = = = = = = = = = = 6 - - 7 4 4 6 2   3 
1 3 = 3 1 2 = 4 = = = = = = 4 3 2 3         3 2 
