24 24
2 0 3 4 4 2 3 3 1 4 0 0 0 0 0 0 0 0 4 4 1 2 4 4 
2 3 0 2 0 1 0 3 2 4 0 0 0 0 4 0 4 2 0 3 1 0 2 0 
3 3 4 0 5 0 6 0 0 0 0 0 0 0 0 0 0 0 5 0 0 4 1 0 
4 0 0 2 3 1 0 0 1 0 3 0 0 0 0 4 3 1 0 2 0 3 1 0 
2 0 3 3 0 2 0 0 0 0 2 1 0 0 0 0 2 0 0 2 0 0 0 0 
2 0 2 2 0 0 0 3 0 0 0 0 0 0 0 4 1 0 0 0 0 0 0 0 
4 7 0 0 5 3 0 2 0 2 0 3 0 3 1 0 0 0 0 4 0 5 6 5 
2 0 1 0 4 2 4 0 0 0 0 0 0 4 1 0 0 0 0 0 0 0 0 0 
4 6 0 0 0 0 0 0 0 0 0 0 0 0 0 7 5 0 0 0 0 0 0 0 
0 0 2 2 3 0 0 0 2 0 0 3 0 0 0 0 0 0 0 0 0 0 0 0 
0 0 6 0 0 0 0 0 0 0 0 7 0 0 0 5 0 0 0 0 0 0 0 0 
0 0 5 0 0 2 1 0 0 0 0 0 4 4 0 0 0 0 0 0 0 0 0 0 
2 0 0 0 3 0 5 0 0 0 0 6 4 0 0 0 0 0 0 0 1 0 0 0 
3 0 0 0 0 0 0 0 3 2 0 0 0 0 0 0 0 0 0 0 0 0 0 2 
2 0 0 0 3 0 0 0 0 0 0 0 0 2 0 0 0 0 0 5 5 0 0 1 
1 0 1 0 2 0 0 0 0 0 0 0 1 0 0 0 0 0 0 0 2 0 6 4 
0 0 0 0 0 0 0 0 0 0 0 0 0 0 0 0 3 3 0 0 1 0 2 3 
0 0 0 0 2 0 6 0 5 2 0 6 4 4 0 0 2 0 0 6 3 0 2 4 
0 0 0 0 1 0 2 2 2 0 0 2 1 2 0 2 4 2 0 6 4 0 0 3 
0 0 0 0 0 1 0 4 0 0 0 0 0 0 0 0 2 1 0 2 2 0 0 0 
4 6 0 0 0 0 0 0 0 0 0 0 0 0 0 0 0 0 6 0 0 5 4 0 
0 0 0 0 2 0 0 0 0 3 0 0 0 0 5 0 0 0 6 0 0 4 4 3 
2 4 0 0 0 0 0 0 0 4 1 2 4 0 5 0 3 1 4 2 2 4 4 1 
1 4 2 0 0 0 0 0 0 3 1 1 2 2 4 1 2 0 0 1 1 0 4 1 
200 58
0 23 0 22
0 23 6 23
6 1 6 0
6 1 6 4
6 1 2 1
6 1 8 1
8 15 8 1
8 15 8 16
8 15 5 15
8 15 10 15
8 16 8 15
8 16 5 16
8 16 16 16
10 2 10 11
10 2 9 2
10 2 11 2
11 2 11 5
11 2 10 2
11 2 15 2
11 13 11 12
11 13 14 13
11 13 11 12
11 13 14 13
14 19 14 20
14 19 6 19
14 19 17 19
21 14 21 9
21 14 21 18
21 14 22 14
23 22 23 20
23 22 23 23
23 22 22 22
23 22 22 22
0 23 0 22
0 23 6 23
3 0 2 0
3 0 4 0
3 0 2 0
3 0 4 0
5 0 6 0
7 2 7 4
8 16 8 15
10 2 10 11
10 2 9 2
10 11 10 15
10 11 9 11
10 11 12 11
11 2 11 5
11 6 12 6
11 12 12 12
19 5 19 7
5 0 6 0
9 3 9 4
11 12 12 12
9 3 9 4
9 4 9 8
9 8 9 11
9 11 10 11

2061

2   3 4 4 2 3 3 1 4                 4 4 1 2 4 4 
2 3   2   1   3 2 4         4   4 2   3 1   2 ǁ 
3 3 4   5   6                       5     4 1 ǁ 
4 |   2 3 1     1   3         4 3 1   2   3 1 ǁ 
2 | 3 3   2         2 1         2     2       ǁ 
2 | 2 2       3               4 1             ǁ 
4 7 - - 5 3   2   2   3   3 1 | |     4   5 6 5 
2 | 1 - 4 2 4             4 1 | |     |         
4 6 - - - - - - - - - - - - - 7 5     |         
    2 2 3 - - - 2 - - 3       | |     |         
    6 = = = = = = = = 7 - - - 5 |     |         
    5 = = 2 1         | 4 4     |     |         
2   |   3   5         6 4 ǁ     |     | 1       
3   |           3 2       ǁ     |     |       2 
2   |   3                 2     |     5 5     1 
1   1   2               1       |     | 2   6 4 
                                3 3   | 1   2 3 
        2   6   5 2   6 4 4     2     6 3   2 4 
        1   2 2 2     2 1 2   2 4 2   6 4     3 
          1 - 4                 2 1   2 2       
4 6                                 6     5 4   
        2         3 - - - - 5 - - - 6     4 4 3 
2 4               4 1 2 4   5   3 1 4 2 2 4 4 1 
1 4 2             3 1 1 2 2 4 1 2     1 1 - 4 1 
