24 24
2 2 0 0 3 0 0 2 0 0 0 4 0 0 0 0 0 0 0 0 0 0 6 3 
5 0 0 0 5 0 0 0 0 0 0 0 0 0 0 0 0 0 0 0 0 0 6 4 
5 4 2 0 0 1 0 0 1 0 0 3 1 0 0 0 0 0 0 0 0 0 0 2 
0 0 0 0 0 2 0 0 3 4 0 5 0 0 0 0 0 0 0 0 0 0 0 1 
3 6 6 2 0 2 4 0 0 0 0 0 5 0 0 0 0 0 0 0 0 0 6 4 
0 0 0 0 0 2 6 0 6 0 0 0 0 0 0 0 0 3 0 4 5 4 0 2 
2 0 0 0 0 0 0 2 0 0 0 0 0 0 1 0 0 6 1 0 0 0 0 2 
0 0 0 0 0 2 0 7 7 4 2 0 0 0 0 0 0 0 0 0 0 0 0 0 
1 0 0 0 0 0 0 0 2 2 3 0 6 0 0 0 0 8 3 0 0 0 0 4 
0 0 0 0 0 0 0 0 2 4 0 0 0 0 0 0 0 0 0 0 1 0 0 0 
0 0 0 0 0 0 0 0 1 0 0 0 0 0 0 2 0 7 3 0 0 3 0 0 
4 6 0 0 4 0 0 6 0 6 5 0 0 0 0 1 0 0 0 0 0 0 0 3 
4 6 4 2 5 2 1 2 0 5 5 0 0 0 0 0 0 0 0 0 3 2 0 0 
4 3 2 0 3 0 3 0 3 2 2 0 0 0 0 0 0 4 2 0 0 0 0 0 
3 6 0 8 0 0 0 0 7 0 0 4 0 0 0 0 0 0 0 0 0 0 0 0 
2 6 2 0 3 0 5 0 6 5 3 0 5 0 0 0 0 0 0 6 4 0 0 0 
2 3 2 4 5 3 0 0 0 2 2 0 4 0 5 3 0 0 0 4 4 3 0 0 
0 0 0 4 6 4 0 0 0 0 0 0 2 0 2 0 0 0 0 3 6 4 0 0 
4 0 0 0 0 0 7 0 0 0 0 8 0 0 0 0 0 0 0 0 0 0 6 2 
0 4 3 3 0 0 6 0 6 3 1 0 3 0 0 6 4 4 4 0 0 0 7 2 
0 0 2 5 0 0 0 5 4 0 0 0 3 3 0 0 1 7 4 0 0 0 0 2 
0 0 1 3 4 4 0 7 0 0 0 6 0 5 0 4 2 6 0 0 0 0 7 4 
6 8 5 0 4 0 0 5 6 4 3 0 0 0 0 0 0 0 0 0 0 0 4 2 
4 6 4 0 2 0 0 5 5 3 4 0 0 0 0 0 0 4 0 2 2 0 3 1 
200 179
0 22 0 11
0 22 0 23
0 22 1 22
1 0 1 4
1 0 0 0
1 0 2 0
5 20 5 19
5 20 5 21
5 20 9 20
6 17 6 14
6 17 6 18
6 17 5 17
6 17 8 17
7 7 7 5
7 7 7 8
7 7 6 7
7 7 11 7
8 17 8 12
8 17 8 18
8 17 6 17
8 17 10 17
8 23 6 23
8 23 11 23
8 23 6 23
8 23 11 23
14 3 14 1
14 3 14 8
14 3 12 3
14 3 16 3
15 6 15 4
15 6 15 8
15 6 18 6
16 14 16 12
16 14 16 15
16 14 17 14
17 21 17 20
17 21 16 21
18 11 18 6
18 11 18 22
18 11 14 11
18 11 21 11
19 6 19 3
19 6 19 8
19 6 18 6
19 8 19 6
19 8 19 9
19 8 20 8
19 15 19 12
19 15 19 16
19 15 21 15
19 15 19 12
19 15 19 16
19 15 21 15
19 22 19 18
19 22 19 23
19 22 18 22
19 22 21 22
20 7 20 3
20 7 20 8
20 7 21 7
20 17 20 16
20 17 20 18
20 17 19 17
20 17 21 17
21 5 21 4
21 5 21 7
21 5 21 4
21 5 21 7
21 11 21 7
21 11 21 13
21 11 18 11
22 0 22 1
22 0 18 0
22 0 23 0
22 1 22 0
22 1 22 2
22 1 19 1
22 1 23 1
22 8 22 7
22 8 22 9
22 8 23 8
22 8 22 7
22 8 22 9
22 8 23 8
23 0 23 1
23 0 22 0
23 1 23 0
23 1 23 2
23 1 22 1
23 7 23 4
23 7 23 8
23 7 22 7
0 22 0 11
0 22 0 23
0 22 1 22
0 23 1 23
5 6 5 5
5 6 5 8
5 6 4 6
5 6 5 5
5 6 5 8
5 6 4 6
5 20 5 19
5 20 5 21
6 17 5 17
8 17 8 12
8 17 8 18
8 17 10 17
8 18 10 18
10 17 10 15
10 17 10 18
10 17 13 17
11 23 18 23
12 10 12 9
12 10 11 10
12 10 13 10
14 3 14 1
14 3 14 8
14 3 12 3
14 3 16 3
14 8 14 11
14 8 13 8
14 8 15 8
15 9 15 8
15 9 15 10
15 9 16 9
15 12 15 19
15 12 8 12
15 12 16 12
17 4 17 3
17 4 17 5
17 4 16 4
17 4 17 3
17 4 17 5
17 4 16 4
17 5 16 5
17 20 17 19
17 20 17 21
17 20 16 20
17 21 17 20
18 11 18 6
18 11 18 22
18 11 14 11
19 6 19 3
19 6 18 6
19 10 19 9
19 12 20 12
19 16 19 17
19 16 19 17
20 12 20 13
20 17 20 18
20 17 19 17
20 17 21 17
20 18 19 18
21 11 21 7
21 11 21 13
22 0 22 1
23 1 23 2
11 15 10 15
12 4 12 5
12 4 11 4
12 4 13 4
17 5 16 5
19 9 19 8
20 12 20 13
20 13 21 13
20 18 19 18
21 13 21 15
21 13 21 15
21 16 21 17
21 16 21 17
10 17 10 18
10 17 13 17
13 17 13 18
13 18 13 17
16 5 16 4
19 8 20 8
19 18 19 22
20 8 20 7

2685

2 2     3     2       4 = = = = = = = = = = 6 3 
5 - - - 5                                   6 4 
5 4 2     1     1     3 1                     2 
          2     3 4   5                       1 
3 6 6 2   2 4           5                   6 4 
          2 6 = 6                 3   4 5 4   2 
2             2             1 - - 6 1   |     2 
          2 - 7 7 4 2             ǁ     |     ǁ 
1             | 2 2 3   6 = = = = 8 3   |     4 
              | 2 4     |         ǁ |   1     ǁ 
              | 1       |     2 - 7 3     3   ǁ 
4 6     4     6   6 5   |     1   ǁ           3 
4 6 4 2 5 2 1 2   5 5   |         ǁ     3 2   | 
4 3 2 ǁ 3   3   3 2 2   |         4 2         | 
3 6 = 8 = = = = 7 - - 4 |                     | 
2 6 2 ǁ 3 - 5 - 6 5 3 ǁ 5 - - - - - - 6 4     | 
2 3 2 4 5 3 |     2 2 ǁ 4 - 5 3       4 4 3   | 
      4 6 4 |         ǁ 2   2         3 6 4   | 
4           7 = = = = 8 = = = = = = = = = = 6 2 
| 4 3 3 = = 6 = 6 3 1 ǁ 3 = = 6 4 4 4 = = = 7 2 
| | 2 5 - - - 5 4     ǁ 3 3   ǁ 1 7 4       | 2 
| | 1 3 4 4 = 7 = = = 6 = 5 = 4 2 6         7 4 
6 8 5   4     5 6 4 3                       4 2 
4 6 4   2 - - 5 5 3 4             4   2 2   3 1 
