24 24
3 0 5 6 6 0 0 0 6 0 0 0 0 6 0 0 0 4 3 1 4 0 2 0 
1 2 0 2 0 0 0 0 0 3 0 4 0 0 4 4 0 0 4 4 0 2 4 0 
4 6 0 2 5 3 5 0 7 4 3 7 3 0 4 7 6 4 3 0 0 0 0 2 
0 2 0 3 2 0 2 0 2 4 3 0 4 0 2 4 2 0 4 0 0 0 0 0 
5 0 6 0 0 0 0 0 0 0 0 8 5 0 2 0 0 7 4 0 0 0 0 0 
0 1 0 4 3 0 4 0 0 0 0 7 3 0 1 0 0 0 0 0 0 0 0 0 
1 0 0 2 0 0 0 0 0 1 0 4 3 0 0 4 0 8 0 6 0 0 0 0 
2 2 0 2 0 0 7 0 0 2 0 3 4 0 0 2 2 7 4 0 0 0 0 0 
0 0 0 0 0 0 2 0 0 0 0 0 0 0 0 0 0 3 5 0 0 0 0 0 
3 0 5 0 0 0 0 0 0 0 0 0 0 6 0 0 0 0 4 0 0 0 0 0 
0 1 0 0 0 0 2 0 0 0 0 2 2 0 1 0 2 0 3 0 4 0 6 5 
0 2 0 0 0 0 6 0 6 0 0 7 4 0 0 0 0 0 0 0 0 3 5 0 
0 0 0 0 0 0 3 1 4 2 0 0 1 0 0 0 0 0 0 0 0 5 4 3 
0 5 8 0 0 0 0 0 0 0 0 6 1 0 0 0 0 0 0 0 0 3 3 4 
0 0 6 0 0 4 4 0 2 0 0 7 4 0 0 0 0 0 0 0 0 0 0 0 
0 0 3 0 0 0 5 3 2 0 0 7 6 0 0 0 0 0 0 0 0 0 0 0 
0 6 0 0 0 0 0 0 0 0 4 5 5 7 0 0 0 0 0 6 6 0 7 5 
0 0 0 2 0 0 5 2 1 0 2 2 1 0 2 3 0 0 0 0 0 4 3 0 
0 0 2 1 0 3 5 6 0 0 0 0 0 7 0 7 2 0 0 0 0 6 0 5 
0 0 0 0 0 0 0 0 0 0 0 3 2 0 0 0 0 0 0 0 4 6 4 4 
3 6 4 0 0 0 0 0 0 0 0 0 0 0 0 2 0 0 0 0 3 0 4 0 
0 2 0 0 0 0 0 0 3 0 5 4 0 0 1 0 0 0 0 3 3 3 0 0 
6 0 0 0 0 4 1 3 4 0 0 3 0 7 0 0 0 0 0 0 0 0 6 3 
3 0 0 0 0 0 0 0 0 0 5 2 1 3 0 0 0 0 0 0 0 0 2 0 
200 337
0 0 0 2
0 0 1 0
0 0 0 2
0 3 0 2
0 3 0 4
0 3 1 3
0 3 0 2
0 3 0 4
0 3 1 3
0 4 0 8
0 4 2 4
0 8 0 4
0 8 0 13
0 8 2 8
0 13 0 8
0 13 0 17
0 13 9 13
1 1 2 1
1 1 2 1
1 11 1 9
1 11 2 11
1 11 1 9
1 11 2 11
1 14 1 15
1 14 2 14
1 14 1 15
1 14 2 14
1 15 1 18
1 15 2 15
2 0 2 1
2 0 4 0
2 0 2 1
2 0 4 0
2 6 2 5
2 6 2 8
2 6 3 6
2 11 2 10
2 11 2 12
2 11 4 11
2 14 2 15
2 14 3 14
2 16 2 15
2 16 2 17
2 16 3 16
2 16 2 15
2 16 2 17
2 16 3 16
2 17 2 18
2 17 4 17
3 12 2 12
3 12 4 12
3 12 2 12
3 12 4 12
3 18 2 18
3 18 4 18
3 18 2 18
3 18 4 18
4 0 4 2
4 0 6 0
4 0 4 2
4 2 4 11
4 2 0 2
4 2 9 2
4 2 4 11
4 11 4 12
4 11 2 11
4 11 5 11
4 17 4 14
4 17 4 18
4 17 6 17
4 18 4 17
5 1 7 1
5 3 5 4
5 3 6 3
5 3 5 4
5 3 6 3
5 4 5 6
5 6 5 11
5 6 7 6
5 6 5 11
6 15 6 17
6 15 7 15
6 15 6 17
6 15 7 15
6 17 6 19
6 17 4 17
6 17 7 17
6 19 6 17
6 19 1 19
6 19 16 19
7 6 7 3
7 6 7 9
7 6 8 6
7 6 7 3
7 6 7 9
7 6 8 6
7 18 7 17
7 18 8 18
7 18 7 17
7 18 8 18
10 23 10 22
10 23 2 23
10 23 12 23
11 8 11 6
11 8 11 11
11 8 12 8
11 8 11 6
11 8 11 11
11 8 12 8
11 11 11 12
11 11 10 11
11 11 13 11
11 22 11 21
11 22 10 22
11 22 12 22
12 9 12 8
12 21 12 22
12 21 11 21
12 21 13 21
13 1 13 2
13 1 11 1
13 1 16 1
13 2 13 1
13 2 13 11
13 2 9 2
13 2 14 2
13 2 13 1
13 2 13 11
13 2 9 2
13 11 13 12
13 11 11 11
13 11 14 11
14 11 14 8
14 11 14 12
14 11 15 11
14 12 14 11
14 12 15 12
14 12 14 11
16 13 16 12
16 13 16 19
16 13 9 13
16 13 18 13
16 22 16 20
16 22 16 23
16 22 13 22
16 22 17 22
18 15 18 13
18 15 18 16
18 15 17 15
18 15 20 15
18 23 18 21
18 23 16 23
18 23 19 23
22 0 22 5
22 0 20 0
22 0 23 0
22 0 22 5
22 0 20 0
22 0 23 0
22 5 22 6
22 5 18 5
22 13 22 11
22 13 22 22
22 13 18 13
22 13 23 13
23 0 23 10
23 10 23 11
23 10 21 10
0 4 2 4
0 8 2 8
0 13 0 17
0 13 9 13
0 17 0 18
1 9 2 9
1 18 1 19
1 18 0 18
1 18 1 19
2 1 3 1
2 11 2 10
2 15 3 15
2 23 10 23
3 1 2 1
3 15 3 14
3 15 2 15
3 15 2 15
4 11 4 12
4 11 5 11
4 12 5 12
4 17 4 14
5 14 10 14
6 9 6 11
6 17 7 17
6 19 1 19
6 19 16 19
9 18 8 18
9 18 10 18
9 18 8 18
9 18 10 18
10 18 10 16
11 1 10 1
11 6 10 6
11 6 12 6
11 6 10 6
11 6 12 6
12 6 12 7
12 8 12 9
12 12 11 12
16 19 16 13
16 19 16 20
16 19 21 19
16 20 16 22
16 20 10 20
16 20 19 20
16 20 10 20
17 14 17 15
17 21 17 22
17 21 18 21
17 21 17 22
17 21 18 21
18 6 18 5
18 6 18 7
18 6 17 6
18 16 18 15
19 20 19 21
19 20 20 20
19 20 19 21
19 21 19 22
19 21 18 21
19 21 21 21
19 21 19 22
19 22 19 23
19 22 20 22
19 23 18 23
19 23 22 23
20 2 20 1
20 2 18 2
20 2 20 1
20 2 18 2
20 15 18 15
20 20 21 20
20 22 22 22
21 1 20 1
21 14 21 19
21 19 21 20
21 21 21 20
22 8 22 7
22 8 21 8
22 8 22 7
22 8 21 8
22 23 22 22
22 23 22 22
23 10 23 11
23 10 21 10
23 12 23 13
0 17 0 18
0 19 0 20
0 20 0 22
0 20 10 20
0 20 0 22
1 22 1 21
1 22 10 22
1 22 1 21
1 22 10 22
7 1 7 0
8 18 8 17
10 16 7 16
10 20 10 22
11 12 11 11
11 12 10 12
16 22 16 23
16 22 13 22
17 14 17 15
18 15 18 13
18 21 18 23
20 1 20 0
20 1 16 1
20 1 21 1
20 22 22 22
22 7 18 7
23 22 23 13
23 22 22 22
7 0 9 0
7 16 7 17
7 17 8 17
7 17 8 17
9 0 9 2
9 0 9 2
9 13 16 13
16 1 16 10
16 23 13 23
16 23 13 23
18 7 18 6
18 7 18 13
18 7 17 7
18 7 18 6
18 13 16 13
18 13 22 13
19 12 19 11
21 8 21 10
21 10 21 11
22 13 22 11
13 23 13 22
13 23 12 23
14 5 14 2
14 5 14 6
14 5 14 2
14 5 14 6
14 6 14 8
14 6 15 6
14 11 15 11
15 6 15 2
15 6 15 7
15 6 15 2
15 6 15 7
15 7 15 8
15 8 15 11
15 11 15 12
15 11 16 11
15 12 15 11
15 12 16 12
15 12 15 11
15 12 16 12
16 1 16 10
16 10 16 11
16 10 17 10
17 6 17 3
17 6 17 7
17 6 17 3
17 8 17 10
18 3 18 5
19 12 19 11
21 10 21 11
21 11 19 11
21 11 22 11
13 21 12 21
14 2 15 2
13 21 12 21

2234

3 = 5 6 6 = = = 6 = = = = 6 = = = 4 3 1 4 = 2   
1 2 | 2 ǁ       ǁ 3 = 4   ǁ 4 4 - - 4 4 | 2 4   
4 6 | 2 5 3 5 - 7 4 3 7 3 ǁ 4 7 6 4 3 ǁ |   ǁ 2 
ǁ 2 | 3 2   2   2 4 3 ǁ 4 ǁ 2 4 2 | 4 ǁ |   ǁ ǁ 
5 = 6 = = = = = = = = 8 5 ǁ 2 = = 7 4 ǁ |   ǁ ǁ 
| 1 | 4 3 - 4 = = = = 7 3 ǁ 1     ǁ   ǁ |   ǁ ǁ 
1 | | 2     |     1 - 4 3 ǁ | 4 = 8 = 6 |   ǁ ǁ 
2 2 | 2 = = 7 = = 2   3 4 ǁ | 2 2 7 4 ǁ |   ǁ ǁ 
|   |       2             ǁ |   | 3 5 ǁ |   ǁ ǁ 
3 = 5                     6 |   |   4 ǁ |   ǁ ǁ 
  1 ǁ       2         2 2 ǁ 1   2 - 3 ǁ 4 - 6 5 
  2 ǁ       6 = 6 = = 7 4 ǁ           ǁ ǁ 3 5 | 
  | ǁ       3 1 4 2   ǁ 1 ǁ           ǁ ǁ 5 4 3 
  5 8 = = = = = = = = 6 1 ǁ           ǁ ǁ 3 3 4 
  | 6 = = 4 4 - 2 - - 7 4 ǁ           ǁ ǁ   ǁ ǁ 
  | 3 = = = 5 3 2 - - 7 6 ǁ           ǁ ǁ   ǁ ǁ 
  6 = = = = = = = = 4 5 5 7 = = = = = 6 6 = 7 5 
  |   2 = = 5 2 1 - 2 2 1 ǁ 2 3       | | 4 3 | 
  | 2 1 - 3 5 6 - - - - - 7 = 7 2     | | 6 = 5 
  | ǁ     |   |       3 2 ǁ   ǁ       | 4 6 4 4 
3 6 4     |   |       |   ǁ   2       | 3 | 4 | 
ǁ 2       |   | 3 - 5 4   ǁ 1 - - - - 3 3 3 ǁ | 
6 = = = = 4 1 3 4   ǁ 3 = 7 - - - - - - - - 6 3 
3 - - - - - - - - - 5 2 1 3 - - - - - - - - 2   
