24 24
3 1 1 3 0 0 0 4 0 0 4 0 0 0 0 0 0 0 0 0 0 4 3 1 
6 0 0 0 0 0 0 0 0 0 5 0 0 0 0 0 0 0 0 0 0 8 6 2 
2 4 0 0 0 3 3 2 2 0 4 1 1 3 0 6 0 0 4 4 2 0 4 4 
3 8 0 0 0 0 0 0 0 0 0 0 0 0 0 7 0 0 0 0 0 8 5 3 
0 0 2 0 0 0 4 0 0 4 2 0 0 2 0 0 2 0 5 2 0 0 2 0 
0 0 3 0 0 0 7 0 0 7 0 0 0 3 0 0 0 2 6 2 0 0 2 0 
0 0 0 0 0 0 0 0 0 2 0 0 0 0 0 0 4 0 0 0 0 6 4 0 
0 0 4 1 0 0 6 0 0 0 0 0 0 1 0 0 0 4 4 4 4 0 0 0 
0 0 0 0 0 0 6 0 0 0 0 2 0 0 0 0 0 0 3 0 3 0 0 0 
0 0 0 0 0 0 2 0 0 0 0 0 0 0 0 0 0 0 1 0 1 0 0 0 
0 0 0 0 0 0 0 0 0 0 0 0 0 0 0 0 4 5 0 7 4 0 3 0 
0 0 6 0 0 0 0 0 0 0 0 0 0 0 0 7 0 5 2 2 2 0 4 0 
0 0 0 4 0 0 0 0 0 6 0 2 2 0 0 6 2 3 3 3 2 0 2 0 
0 0 0 0 2 4 0 5 0 7 0 0 0 0 0 0 0 0 0 0 0 8 2 0 
0 0 0 0 2 5 4 0 2 0 4 0 0 2 2 3 1 2 4 6 2 0 1 0 
0 0 0 0 0 2 0 0 0 0 0 0 0 3 1 0 1 6 4 6 2 0 0 0 
0 0 0 0 3 0 6 0 0 0 0 2 0 8 2 0 2 0 0 0 0 0 5 4 
0 0 0 0 2 1 0 0 0 0 0 3 1 0 0 0 4 0 0 0 0 0 0 2 
0 0 0 4 6 0 0 5 6 0 0 0 1 4 0 4 0 0 0 0 0 0 6 4 
3 0 4 3 2 0 0 3 2 0 0 0 3 0 3 0 0 0 0 0 0 0 3 1 
2 0 1 4 2 0 0 4 2 0 0 0 1 0 0 0 0 0 0 6 2 0 2 2 
3 6 0 0 0 3 0 1 0 6 6 6 0 0 3 0 0 0 0 2 0 0 0 0 
5 0 0 0 0 0 5 2 0 6 0 0 0 0 0 3 4 6 0 0 0 7 8 4 
4 0 4 2 1 0 3 3 2 4 0 0 0 0 0 0 0 4 0 2 2 3 3 1 
200 243
0 0 0 1
0 0 1 0
0 0 1 0
1 0 1 10
1 0 2 0
1 21 1 10
1 21 1 22
1 21 0 21
1 21 3 21
2 15 2 13
2 15 2 18
2 15 3 15
3 1 3 0
3 1 3 15
3 1 2 1
3 1 21 1
3 21 3 15
3 21 3 22
3 21 1 21
3 21 6 21
4 18 4 16
4 18 4 19
4 18 5 18
5 6 5 2
5 6 5 9
5 6 4 6
5 6 7 6
7 6 7 3
7 6 7 13
7 6 5 6
7 6 8 6
7 6 8 6
7 20 7 19
7 20 8 20
7 20 7 19
7 20 8 20
8 6 8 11
8 6 9 6
10 19 10 17
10 19 10 20
10 19 7 19
10 19 11 19
11 2 11 15
11 2 7 2
11 2 19 2
12 3 12 9
12 3 18 3
12 9 12 3
12 9 12 11
12 9 13 9
13 7 13 5
13 7 13 9
13 7 18 7
13 21 13 9
13 21 13 22
13 21 6 21
13 21 22 21
14 6 14 5
14 6 16 6
14 6 14 5
14 6 16 6
14 19 14 18
14 19 14 20
14 19 15 19
14 19 14 18
14 19 14 20
14 19 15 19
16 6 16 4
16 6 22 6
16 6 16 4
16 6 22 6
16 13 16 11
16 13 16 14
16 13 15 13
16 13 18 13
16 22 16 23
16 22 14 22
16 22 18 22
17 16 16 16
17 16 22 16
17 16 16 16
17 16 22 16
18 4 18 3
18 4 17 4
18 4 19 4
18 4 18 3
18 4 17 4
18 4 19 4
18 22 18 23
18 22 16 22
18 22 19 22
20 19 20 20
20 19 15 19
20 19 21 19
20 19 20 20
20 19 15 19
20 19 21 19
21 1 21 0
21 1 21 5
21 1 3 1
21 10 21 9
21 10 21 11
21 10 14 10
21 11 21 10
21 11 21 14
21 11 17 11
22 0 22 6
22 0 21 0
22 0 23 0
22 22 22 21
22 22 22 23
22 22 20 22
22 22 23 22
23 0 23 2
23 0 22 0
0 2 0 3
0 3 0 7
1 0 1 10
1 0 2 0
1 21 1 10
1 21 1 22
1 21 0 21
2 1 2 5
2 1 3 1
2 15 2 13
2 15 2 18
2 15 3 15
2 18 2 19
2 20 2 19
3 1 3 0
3 1 3 15
3 21 3 15
3 21 3 22
3 21 6 21
7 2 5 2
7 2 11 2
7 2 5 2
8 6 8 11
8 6 9 6
8 20 9 20
9 18 8 18
11 2 11 15
11 2 19 2
11 15 11 17
11 15 3 15
11 15 12 15
11 22 10 22
11 22 12 22
11 22 10 22
11 22 12 22
12 3 18 3
12 15 12 12
12 15 12 16
12 15 11 15
13 21 13 9
13 21 13 22
13 21 6 21
13 21 22 21
15 5 14 5
15 20 15 19
15 20 15 19
16 4 14 4
16 13 16 11
16 13 16 14
16 13 15 13
16 13 18 13
16 22 16 23
17 5 21 5
18 8 18 7
18 8 14 8
18 8 19 8
18 8 18 7
18 8 14 8
18 8 19 8
20 4 20 3
20 12 19 12
21 1 21 0
21 1 21 5
21 10 21 9
21 10 21 11
22 0 22 6
22 22 22 21
22 22 22 23
22 22 20 22
22 22 23 22
23 0 23 2
23 2 23 3
0 3 0 7
0 7 0 10
2 1 2 5
2 5 2 6
2 6 2 7
2 13 2 12
2 18 2 19
2 19 2 20
3 0 19 0
4 2 4 6
5 6 5 9
5 6 4 6
5 9 5 13
5 9 4 9
5 9 6 9
6 9 5 9
8 18 7 18
10 16 10 17
10 16 6 16
10 16 10 17
10 16 6 16
10 22 6 22
11 15 11 17
14 10 14 13
15 5 14 5
15 18 15 17
15 18 14 18
19 0 20 0
20 0 19 0
20 4 20 3
23 2 23 3
23 4 23 6
0 7 0 10
2 6 2 7
2 8 2 10
2 11 2 10
4 2 4 6
4 9 4 10
4 9 5 9
4 9 4 10
4 13 5 13
5 13 4 13
8 18 7 18
14 10 14 13
15 13 15 14
15 18 15 17
15 18 14 18
2 8 2 10
2 10 1 10
14 14 14 15
14 14 14 15
0 10 0 21
0 10 0 21
0 22 0 23
0 22 1 22
0 22 1 22

2272

3 1 1 3 = = = 4 = = 4 = = = = = = = = = = 4 3 1 
6 = = = = = = = = = 5 = = = = = = = = = = 8 6 2 
2 4 = = = 3 3 2 2 = 4 1 1 3 = 6 = = 4 4 2 ǁ 4 4 
3 8 = = = = = = = = = = = = = 7 = = = = = 8 5 3 
| ǁ 2 = = = 4     4 2     2   | 2 - 5 2   ǁ 2   
| ǁ 3 - - - 7 = = 7 - - - 3   |   2 6 2   ǁ 2   
| ǁ ǁ       ǁ     2           | 4         6 4   
| ǁ 4 1 - - 6 - - - - - - 1   | ǁ 4 4 4 4 ǁ |   
| ǁ ǁ       6 = = = = 2       | ǁ   3 | 3 ǁ |   
| ǁ ǁ       2                 | ǁ   1 | 1 ǁ |   
| ǁ ǁ                         | 4 5 - 7 4 ǁ 3   
| ǁ 6 = = = = = = = = = = = = 7 = 5 2 2 2 ǁ 4   
| ǁ ǁ 4 = = = = = 6 - 2 2 - - 6 2 3 3 3 2 ǁ 2   
| ǁ ǁ ǁ 2 4 - 5 - 7 = = = = = = = = = = = 8 2   
| ǁ ǁ ǁ 2 5 4 | 2   4 = = 2 2 3 1 2 4 6 2 ǁ 1   
| ǁ ǁ ǁ | 2 ǁ | ǁ   |     3 1   1 6 4 6 2 ǁ |   
| ǁ ǁ ǁ 3 = 6 | ǁ   | 2 = 8 2   2     ǁ   ǁ 5 4 
| ǁ ǁ ǁ 2 1 ǁ | ǁ   | 3 1 ǁ     4     ǁ   ǁ ǁ 2 
| ǁ ǁ 4 6 | ǁ 5 6   | | 1 4   4 ǁ     ǁ   ǁ 6 4 
3 ǁ 4 3 2 | ǁ 3 2   | | 3   3   ǁ     ǁ   ǁ 3 1 
2 ǁ 1 4 2 | ǁ 4 2   | | 1       ǁ     6 2 ǁ 2 2 
3 6 = = = 3 ǁ 1   6 6 6 - - 3   ǁ     2   ǁ ǁ   
5 = = = = = 5 2   6           3 4 6       7 8 4 
4 = 4 2 1 - 3 3 2 4               4   2 2 3 3 1 
