24 24
2 3 0 6 0 0 0 6 0 0 0 0 5 0 6 4 2 0 6 0 0 0 4 2 
0 1 1 4 3 3 1 0 0 0 1 0 4 0 4 4 0 0 5 0 3 2 0 0 
6 0 0 0 0 0 0 8 0 0 0 0 0 0 0 0 0 0 0 0 0 0 8 6 
0 3 0 0 4 3 0 7 0 4 1 4 0 5 0 0 0 0 0 0 4 2 0 0 
0 0 0 0 0 0 2 0 4 8 0 6 3 4 2 5 0 0 3 0 0 4 0 0 
0 0 0 0 0 6 6 0 0 4 0 0 3 4 0 0 1 1 4 3 0 0 0 0 
0 4 1 0 0 3 2 0 6 5 3 7 4 2 0 2 6 3 0 2 0 0 0 0 
0 0 0 0 0 1 0 0 2 0 1 2 4 2 0 0 2 0 0 0 0 0 0 2 
0 5 0 0 7 0 0 8 0 0 0 0 0 0 0 0 0 0 7 0 8 5 0 0 
0 2 0 0 0 0 0 0 2 1 2 1 0 4 0 5 3 0 0 1 0 2 0 0 
0 0 0 0 0 0 0 0 0 4 5 4 4 4 0 0 2 0 0 0 0 3 0 0 
0 4 0 0 7 3 0 0 0 0 0 0 0 3 0 8 0 0 7 5 0 0 0 0 
0 0 3 0 8 7 1 0 0 4 0 0 0 0 0 0 1 4 4 0 0 0 0 0 
0 2 0 0 3 2 0 0 0 2 0 2 0 6 2 3 0 5 4 6 6 0 0 1 
0 3 5 0 3 0 0 0 0 0 0 0 0 1 0 0 0 0 0 1 0 0 0 0 
0 0 0 0 5 1 0 0 5 0 5 0 0 0 0 0 0 0 0 0 7 6 0 0 
5 5 4 0 0 0 0 0 3 3 3 0 0 0 0 3 0 0 0 0 5 3 0 0 
2 0 0 0 6 0 0 6 0 0 0 0 0 0 0 0 0 0 0 0 0 0 7 4 
1 5 4 0 0 3 1 0 2 4 0 0 0 0 0 0 0 0 0 0 0 0 7 4 
1 0 3 0 0 6 0 6 0 0 2 0 0 0 0 0 0 0 0 0 2 0 0 1 
0 0 1 0 0 4 2 6 0 0 0 0 0 0 0 0 0 0 0 0 5 4 7 3 
0 0 0 0 0 2 1 3 3 0 0 0 0 4 0 0 0 0 0 3 0 3 4 4 
5 7 0 0 6 0 0 0 0 0 0 0 0 0 0 0 0 0 0 0 0 0 5 4 
4 5 0 0 4 0 0 3 0 0 0 0 0 0 0 0 0 0 0 0 4 4 3 0 
200 231
0 3 0 1
0 3 0 7
0 3 1 3
0 7 0 3
0 7 0 12
0 7 2 7
0 14 0 12
0 14 0 15
0 14 1 14
0 18 0 16
0 18 0 22
0 18 1 18
2 0 2 7
2 0 0 0
2 0 16 0
2 7 2 0
2 7 2 22
2 7 0 7
2 7 3 7
2 22 2 7
2 22 2 23
2 22 0 22
2 22 17 22
2 23 2 22
2 23 0 23
2 23 7 23
3 13 3 11
3 13 3 20
3 13 4 13
4 9 4 8
4 9 4 11
4 9 3 9
4 9 5 9
4 15 4 14
4 15 4 18
4 15 6 15
5 5 5 6
5 5 3 5
5 5 6 5
6 11 6 10
6 11 6 12
6 11 4 11
6 11 7 11
8 1 8 4
8 1 6 1
8 1 9 1
8 7 8 4
8 7 8 18
8 7 3 7
8 7 17 7
8 20 8 18
8 20 8 21
8 20 3 20
8 20 13 20
9 15 9 13
9 15 9 16
9 15 11 15
10 12 10 11
10 12 10 13
10 12 10 11
10 12 10 13
11 4 11 1
11 4 11 5
11 4 8 4
11 4 12 4
11 15 11 13
11 15 11 18
11 15 9 15
11 15 13 15
11 19 11 18
11 19 9 19
11 19 13 19
12 4 12 2
12 4 12 5
12 4 11 4
12 4 13 4
12 5 12 4
12 5 12 6
12 5 11 5
12 5 13 5
12 9 10 9
12 9 13 9
12 9 10 9
12 9 13 9
12 16 12 17
13 17 13 15
13 17 13 18
13 17 12 17
13 20 13 19
13 20 8 20
13 20 15 20
15 4 15 5
15 4 14 4
15 4 17 4
15 8 15 10
15 8 9 8
15 8 16 8
15 21 15 20
15 21 10 21
15 21 16 21
18 22 18 9
18 22 18 23
18 22 17 22
18 22 20 22
21 13 21 8
21 13 21 19
21 13 21 8
21 13 21 19
21 19 21 21
22 0 22 1
22 0 19 0
22 0 23 0
22 23 22 22
22 23 21 23
23 0 23 1
23 0 22 0
23 20 23 7
23 20 23 21
23 20 23 7
23 20 23 21
0 3 0 1
0 3 1 3
0 7 0 12
0 14 0 12
0 14 0 15
0 14 1 14
0 18 0 16
0 18 0 22
0 18 1 18
1 6 1 5
1 10 1 12
1 21 1 20
2 0 0 0
2 0 16 0
2 7 3 7
2 22 2 23
2 22 0 22
4 6 5 6
4 9 4 8
4 9 4 11
4 9 3 9
4 9 5 9
4 21 3 21
4 21 8 21
4 21 3 21
4 21 8 21
5 5 5 6
5 5 3 5
5 5 6 5
5 9 6 9
6 8 6 9
6 8 4 8
6 8 7 8
6 8 6 9
6 8 4 8
6 8 7 8
7 5 6 5
8 7 8 4
8 7 8 18
8 7 3 7
8 7 17 7
8 20 8 18
8 20 8 21
8 20 3 20
8 21 9 21
9 21 10 21
10 16 9 16
10 21 15 21
11 15 11 13
11 15 11 18
11 15 13 15
11 19 11 18
11 19 13 19
12 4 12 2
12 4 12 5
13 14 13 13
13 17 13 18
13 17 12 17
15 4 14 4
15 4 17 4
15 21 15 20
15 21 16 21
16 20 16 15
16 20 16 21
16 20 15 20
17 22 17 7
17 22 17 23
17 22 18 22
20 20 20 7
20 20 20 21
20 20 19 20
21 8 21 7
22 0 22 1
22 1 22 4
22 1 18 1
22 1 23 1
22 23 22 22
22 23 21 23
23 0 23 1
0 1 1 1
0 12 1 12
0 15 1 15
0 15 1 15
0 23 2 23
1 2 1 3
1 3 1 4
1 4 1 5
1 5 1 4
1 12 1 14
1 21 1 20
3 20 3 13
4 6 5 6
5 6 6 6
5 9 6 9
6 2 6 1
6 6 5 6
6 9 6 10
7 23 13 23
10 16 9 16
12 2 14 2
12 17 12 18
13 14 13 13
17 22 17 7
17 22 17 23
17 23 18 23
17 23 18 23
1 12 1 14
1 15 1 18
1 20 1 18
9 15 9 13
1 15 1 18

2654

2 3 = 6 = = = 6 = = = = 5 = 6 4 2 = 6 = = = 4 2 
ǁ 1 1 4 3 3 1 ǁ     1 - 4 = 4 4 = = 5 - 3 2 ǁ ǁ 
6 = = = = = = 8 = = = = = = = = = = = = = = 8 6 
ǁ 3     4 3   7   4 1 4 - 5 = = = = = = 4 2 | | 
ǁ         ǁ 2 ǁ 4 8 = 6 3 4 2 5 - - 3   ǁ 4 | | 
ǁ         6 6 ǁ ǁ 4   | 3 4   | 1 1 4 3 ǁ ǁ | | 
ǁ 4 1     3 2 ǁ 6 5 3 7 4 2   2 6 3   2 ǁ ǁ | | 
ǁ |       1   ǁ 2   1 2 4 2     2       ǁ ǁ | 2 
ǁ 5 - - 7 = = 8 = = = = = = = = = = 7 = 8 5 | | 
ǁ 2     |     ǁ 2 1 2 1   4 = 5 3     1 ǁ 2 | | 
ǁ       |     ǁ | 4 5 4 4 4   ǁ 2     | ǁ 3 | | 
ǁ 4 - - 7 3   ǁ | ǁ       3 = 8 = = 7 5 ǁ ǁ | | 
ǁ   3 = 8 7 1 ǁ | 4           ǁ 1 4 4 ǁ ǁ ǁ | | 
ǁ 2 |   3 2   ǁ | 2   2   6 2 3 - 5 4 6 6 ǁ | 1 
ǁ 3 5   3     ǁ |         1           1 | ǁ |   
ǁ       5 1   ǁ 5 - 5                   7 6 |   
5 5 4   ǁ     ǁ 3 3 3         3 - - - - 5 3 |   
2       6     6 = = = = = = = = = = = = = = 7 4 
1 5 4     3 1   2 4 - - - - - - - - - - - - 7 4 
1 | 3     6   6     2                   2   | 1 
| | 1     4 2 6 - - - - - - - - - - - - 5 4 7 3 
| |       2 1 3 3 = = = = 4 = = = = = 3 - 3 4 4 
5 7 - - 6                                   5 4 
4 5     4     3 = = = = = = = = = = = = 4 4 3   
