24 24
1 2 1 0 0 4 2 1 2 2 0 0 5 0 0 2 1 2 0 0 3 1 2 3 
0 0 0 0 0 0 2 0 7 0 0 0 6 0 0 0 0 0 0 0 3 0 0 2 
0 3 0 0 0 4 0 0 4 0 0 0 0 1 0 2 0 5 4 2 0 0 0 2 
2 0 0 0 0 0 0 0 0 0 0 0 5 0 0 0 0 5 1 0 0 0 0 0 
2 1 5 0 4 0 0 0 0 3 0 0 2 0 0 0 0 0 0 0 0 0 0 0 
4 1 5 4 0 0 0 0 0 2 0 0 0 0 0 0 0 0 0 0 0 0 0 0 
0 0 1 2 0 0 0 0 0 0 0 0 0 0 0 0 0 0 0 0 0 0 0 0 
5 0 0 0 5 0 0 0 0 0 0 0 0 0 0 0 0 0 0 0 3 0 0 0 
2 1 0 0 0 0 0 0 0 0 0 4 0 0 0 0 0 5 3 2 0 0 0 0 
1 0 4 0 0 0 0 1 2 1 2 0 0 0 2 1 0 0 5 4 0 0 0 0 
2 4 8 0 0 0 0 0 7 4 5 0 1 0 4 0 0 4 3 1 0 0 0 0 
0 2 0 0 2 0 0 0 5 2 2 0 0 0 0 0 0 1 0 0 0 0 0 0 
5 0 6 0 0 0 0 0 0 0 0 6 0 0 0 0 0 0 0 0 6 6 5 4 
5 3 0 2 0 0 0 0 0 0 0 0 4 0 0 5 0 0 2 1 3 0 0 1 
1 1 0 0 0 0 0 0 0 0 0 0 0 1 2 4 0 0 4 2 2 0 0 2 
3 3 0 4 0 0 0 0 0 0 0 4 4 0 3 0 0 2 2 2 1 0 5 4 
0 0 0 4 0 0 0 1 0 0 2 0 0 0 0 0 0 0 0 0 0 5 0 1 
0 1 0 6 0 0 0 4 2 0 2 0 0 0 0 5 0 2 3 2 1 0 0 2 
0 0 0 4 0 0 0 2 0 0 0 0 0 0 0 4 2 0 0 2 3 3 0 0 
4 0 7 0 0 0 0 0 0 0 0 0 0 0 0 0 0 6 6 1 0 1 0 0 
4 1 0 0 1 0 4 3 2 2 4 0 0 0 0 0 0 6 0 1 3 0 7 3 
3 1 0 0 0 0 0 2 0 1 1 1 0 0 0 0 0 3 0 2 0 0 8 2 
2 0 5 0 0 0 7 0 6 1 1 0 0 0 0 0 0 0 6 3 4 2 8 2 
2 1 3 0 4 2 2 1 3 0 0 0 0 3 0 0 1 0 3 1 2 1 5 2 
200 208
0 12 0 9
0 12 0 15
0 12 1 12
1 8 1 6
1 8 1 12
1 8 0 8
1 8 2 8
7 0 7 4
7 0 5 0
7 0 8 0
10 2 10 1
10 2 10 8
10 2 9 2
10 2 12 2
10 2 10 1
10 2 10 8
10 2 9 2
10 2 12 2
10 8 10 9
10 8 9 8
10 8 11 8
12 0 12 2
12 0 10 0
12 0 13 0
12 2 12 0
12 2 12 11
12 2 19 2
12 11 12 20
12 11 8 11
12 11 15 11
12 11 12 20
12 11 8 11
12 20 12 21
12 20 7 20
12 20 13 20
12 20 12 21
12 21 12 22
12 21 0 21
12 21 16 21
12 21 12 22
13 0 13 1
13 0 12 0
13 0 14 0
13 0 13 1
13 1 14 1
13 3 15 3
13 12 13 15
13 12 15 12
13 12 13 15
13 12 15 12
15 12 15 11
15 12 15 14
15 22 15 23
15 22 12 22
15 22 20 22
16 21 16 10
16 21 18 21
16 21 16 10
16 21 18 21
17 3 17 7
17 3 16 3
17 3 18 3
17 3 17 7
17 3 16 3
17 3 18 3
17 15 17 10
17 15 17 17
17 15 18 15
18 3 18 7
18 3 18 7
18 15 18 16
18 15 17 15
18 15 18 16
19 2 19 0
19 2 19 17
19 2 22 2
21 22 21 19
21 22 21 23
21 22 20 22
21 22 22 22
21 22 21 19
21 22 21 23
21 22 20 22
21 22 22 22
22 6 22 2
22 6 22 8
22 6 20 6
22 6 23 6
22 22 22 21
22 22 22 23
22 22 23 22
23 4 23 2
23 4 23 5
23 4 23 2
23 4 23 5
23 22 23 21
23 22 23 23
23 22 22 22
8 11 8 1
8 11 8 17
9 2 9 0
9 2 9 7
10 0 10 1
10 1 11 1
10 10 10 9
10 10 9 10
10 10 11 10
10 12 10 14
10 14 10 17
10 14 9 14
10 14 10 17
11 4 11 8
11 17 10 17
13 3 15 3
14 13 14 14
15 3 15 11
15 3 16 3
16 3 16 7
17 1 15 1
17 7 17 8
17 7 17 8
17 10 17 15
19 2 19 0
19 2 19 17
19 2 22 2
19 17 19 18
19 17 17 17
19 17 20 17
19 17 19 18
19 18 19 19
19 18 17 18
19 18 22 18
19 18 17 18
19 21 18 21
20 4 20 6
20 6 20 7
20 6 22 6
20 17 20 10
20 17 21 17
20 19 20 20
21 17 21 11
21 17 20 17
22 18 22 10
22 18 22 19
22 18 23 18
22 22 22 21
22 22 22 23
23 22 23 23
8 0 7 0
9 14 9 15
9 18 9 19
9 18 8 18
9 18 10 18
10 17 10 18
11 4 11 8
15 1 15 0
17 18 17 19
19 0 15 0
19 0 20 0
20 0 20 1
20 0 21 0
20 0 21 0
20 17 20 10
22 18 22 19
22 18 23 18
22 20 22 19
22 20 23 20
22 20 23 20
23 19 23 18
8 17 8 18
8 17 3 17
15 0 15 1
20 10 20 9
20 10 21 10
23 16 23 13
7 4 7 0
7 4 4 4
7 4 4 4
7 20 1 20
8 17 8 18
8 17 3 17
9 18 9 19
9 18 10 18
9 19 8 19
9 19 10 19
23 13 23 8
4 4 4 2
4 4 4 9
5 0 5 1
5 0 4 0
5 0 4 0
5 2 5 3
5 2 4 2
5 2 6 2
5 3 5 2
5 3 6 3
5 3 5 2
5 9 4 9
7 20 1 20
8 19 2 19
23 13 23 8
2 19 2 18
5 9 4 9
2 18 2 17
2 18 3 18
2 18 2 17
4 12 3 12
4 12 3 12

2307

1 2 1     4 2 1 2 2 - - 5 - - 2 1 2     3 1 2 3 
            2 - 7 - - - 6               3 |   2 
  3       4     4         1   2   5 4 2 ǁ |   2 
2                       5         5 1 | ǁ |     
2 1 5 - 4 - - - - 3     2         ǁ   | ǁ |     
4 1 5 4 ǁ         2               ǁ   | ǁ |     
|   1 2 ǁ                         ǁ   | ǁ |     
5 = = = 5                         ǁ   | 3 |     
2 1 - - - - - - - - - 4 - - - - - 5 3 2 | |     
1 - 4 - - - - 1 2 1 2 ǁ     2 1     5 4 | |     
2 4 8 = = = = = 7 4 5 ǁ 1 - 4 = = 4 3 1 | |     
| 2 ǁ   2 = = = 5 2 2 ǁ           1     | |     
5 = 6 - - - - - - - - 6 = = = = = = = = 6 6 5 4 
5 3 | 2               | 4 = = 5     2 1 3 | | 1 
1 1 | ǁ               | ǁ 1 2 4     4 2 2 | | 2 
3 3 | 4 - - - - - - - 4 4 - 3     2 2 2 1 | 5 4 
| | | 4 - - - 1     2 = = = = = = = = = = 5 | 1 
| 1 | 6 = = = 4 2   2 = = = = 5 - 2 3 2 1 ǁ | 2 
|   | 4 = = = 2               4 2 | ǁ 2 3 3 |   
4 = 7 = = = = = = = = = = = = = = 6 6 1   1 |   
4 1 ǁ   1 - 4 3 2 2 4 = = = = = = 6 | 1 3   7 3 
3 1 ǁ       ǁ 2   1 1 1 - - - - - 3 | 2 = = 8 2 
2   5 - - - 7 - 6 1 1 - - - - - - - 6 3 4 2 8 2 
2 1 3 = 4 2 2 1 3 = = = = 3 - - 1   3 1 2 1 5 2 
