24 24
3 0 0 0 0 0 0 0 0 0 0 0 0 0 0 3 0 0 3 0 0 0 4 1 
0 1 3 1 4 4 2 5 0 4 0 0 2 0 0 0 2 1 0 2 0 0 0 1 
0 2 7 2 0 2 1 2 0 0 0 0 0 0 0 0 0 0 0 4 1 0 2 0 
0 2 0 3 6 0 0 0 0 6 0 0 6 2 0 0 4 2 0 0 2 0 0 4 
0 0 0 2 0 0 0 2 0 3 2 0 0 4 0 4 0 2 0 0 0 0 0 0 
5 6 0 1 0 0 0 2 0 0 0 0 0 0 0 3 0 0 0 0 0 0 0 0 
0 0 0 4 6 0 0 0 0 0 0 0 0 0 0 0 5 3 0 0 1 0 0 3 
1 2 0 3 0 2 2 0 0 5 4 3 0 0 0 0 0 1 0 4 4 0 2 0 
3 2 0 1 0 1 2 0 0 0 0 2 0 0 0 0 0 0 0 1 0 1 0 0 
0 1 0 1 3 0 3 0 0 0 1 0 0 0 0 0 0 0 0 0 3 3 3 0 
0 0 0 1 5 0 3 1 0 0 0 0 0 0 0 0 0 0 0 0 0 0 0 0 
6 0 5 0 7 3 1 2 0 6 0 0 0 0 0 0 5 3 0 0 0 0 0 0 
6 4 0 2 4 1 0 2 0 6 3 4 0 2 1 2 0 1 0 0 0 0 0 0 
2 2 0 2 4 0 0 0 0 6 0 5 0 0 3 3 0 0 0 0 0 0 0 0 
3 1 0 1 3 0 0 0 0 4 1 4 0 4 2 0 0 0 0 0 0 0 0 0 
5 0 6 0 0 0 0 0 0 0 0 0 0 0 0 0 6 0 5 0 0 0 3 0 
0 0 0 0 0 0 1 2 0 0 0 0 6 2 0 0 0 2 3 0 0 1 2 0 
0 0 0 2 0 0 5 0 0 0 4 0 7 0 0 0 7 8 0 0 0 0 6 0 
0 1 0 0 0 0 0 0 0 0 1 0 0 1 4 2 0 0 2 5 2 0 0 0 
2 0 0 0 0 0 2 2 0 0 0 0 5 2 0 2 0 0 1 0 0 0 0 0 
3 3 0 1 0 1 0 4 0 0 0 0 4 1 0 0 0 0 1 0 0 0 0 0 
4 2 0 0 0 0 0 2 0 1 0 0 0 0 0 0 0 5 3 0 0 0 0 0 
0 2 7 0 0 0 0 0 0 0 0 0 6 0 5 3 4 3 2 5 0 0 5 4 
3 0 5 0 0 0 0 3 0 0 2 0 1 0 4 2 2 0 1 4 2 2 3 2 
200 90
1 7 1 6
1 7 1 9
1 7 2 7
2 2 2 1
2 2 2 3
2 2 1 2
2 2 11 2
5 0 5 1
5 0 0 0
5 0 7 0
5 1 5 0
5 1 3 1
5 1 7 1
11 0 11 2
11 0 8 0
11 0 12 0
11 4 11 2
11 4 11 5
11 4 10 4
11 4 12 4
12 0 12 1
12 0 11 0
12 0 13 0
15 0 15 2
15 0 14 0
15 0 19 0
17 12 17 10
17 12 17 16
17 12 16 12
17 12 19 12
17 17 17 16
17 17 17 22
17 17 16 17
17 17 21 17
17 22 17 17
17 22 16 22
17 22 22 22
18 19 18 18
18 19 18 20
18 19 22 19
22 2 22 1
22 2 22 12
22 2 15 2
22 2 23 2
5 0 5 1
9 1 8 1
11 0 11 2
11 0 8 0
12 0 12 1
12 0 13 0
14 0 14 1
14 0 15 0
17 17 17 16
17 17 16 17
17 17 21 17
17 22 16 22
17 22 22 22
18 1 20 1
18 10 17 10
0 0 0 15
0 0 0 15
8 0 8 1
7 1 5 1
3 1 2 1
1 1 1 2
2 2 2 3
2 2 1 2
2 2 11 2
11 4 11 5
11 4 10 4
11 4 12 4
15 2 15 0
15 2 15 16
15 2 22 2
15 2 15 16
16 12 16 7
16 12 16 13
16 12 17 12
16 13 16 12
19 0 20 0
1 3 1 4
3 12 3 9
3 12 3 13
3 12 1 12
3 12 3 9
3 12 3 13
3 12 1 12
1 9 1 7
1 9 3 9
1 9 3 9

3008

3 = = = = = = = = = = = = = = 3     3       4 1 
| 1 3 1 4 4 2 5 = 4     2       2 1   2       1 
| 2 7 2   2 1 2   ǁ     ǁ             4 1   2   
| 2 ǁ 3 6         6 = = 6 2     4 2     2     4 
| | ǁ 2       2   3 2     4   4   2             
5 6 ǁ 1       2               3                 
| ǁ ǁ 4 6                       5 3     1     3 
1 2 ǁ 3   2 2     5 4 3           1   4 4   2   
3 2 ǁ 1   1 2         2               1   1     
ǁ 1 ǁ 1 3   3       1                   3 3 3   
ǁ   ǁ 1 5   3 1                                 
6 = 5 - 7 3 1 2   6             5 3             
6 4   2 4 1   2   6 3 4   2 1 2   1             
2 2   2 4         6   5     3 3                 
3 1   1 3         4 1 4   4 2                   
5 = 6 = = = = = = = = = = = = = 6   5       3   
|   ǁ       1 2 - - - - 6 2       2 3     1 2   
|   ǁ 2     5       4 - 7 - - - 7 8 = = = = 6   
| 1 ǁ               1   | 1 4 2   ǁ 2 5 2   ǁ   
2 | ǁ       2 2         5 2   2   ǁ 1 |     ǁ   
3 3 ǁ 1   1   4         4 1       ǁ 1 |     ǁ   
4 2 ǁ         2   1               5 3 |     ǁ   
  2 7 - - - - - - - - - 6   5 3 4 3 2 5     5 4 
3   5         3     2   1   4 2 2   1 4 2 2 3 2 
