24 24
3 4 1 1 2 0 0 0 1 0 0 0 0 0 2 3 0 3 1 1 0 0 5 2 
0 0 3 0 6 0 0 0 0 0 0 0 0 0 5 2 2 0 0 0 0 0 5 3 
0 0 2 1 2 0 0 0 0 0 1 0 0 0 0 2 0 3 0 3 2 0 4 3 
0 5 0 0 0 0 0 0 0 0 0 0 0 0 5 3 0 2 1 0 3 3 2 0 
0 0 0 0 2 0 0 0 3 0 3 1 2 3 0 1 0 3 1 0 1 0 2 0 
0 6 0 0 0 0 0 0 0 0 6 5 2 0 0 0 0 4 0 7 0 5 0 0 
0 4 0 0 2 2 4 0 0 0 3 3 4 3 0 0 0 0 0 0 0 1 0 0 
5 0 0 0 0 0 0 0 0 0 0 0 0 0 5 6 7 0 0 8 0 0 7 3 
0 2 3 1 0 0 3 0 1 0 0 0 3 0 0 3 4 1 1 0 0 0 3 1 
0 0 0 0 0 0 0 0 0 0 0 0 0 0 0 1 2 0 0 0 1 0 5 1 
0 1 0 0 0 0 0 0 0 0 0 0 0 0 0 3 0 6 3 0 3 1 0 0 
0 0 0 0 0 0 0 0 0 0 0 0 0 0 0 0 2 5 2 0 0 0 0 0 
0 0 0 0 0 0 0 0 0 0 0 0 0 0 0 0 1 4 4 0 0 0 0 0 
0 3 6 0 0 0 4 0 0 0 0 0 5 0 6 6 0 4 3 0 0 0 0 0 
0 2 1 3 5 0 0 0 0 3 3 1 0 2 0 0 0 0 0 0 0 0 0 0 
0 3 2 0 3 3 2 0 0 0 0 1 0 0 0 0 2 5 1 0 0 2 0 0 
0 1 0 4 0 0 0 0 0 7 7 4 0 0 0 0 0 5 3 0 0 0 0 0 
4 0 0 0 0 2 0 2 1 0 0 3 0 0 0 0 0 0 0 0 0 3 0 0 
3 0 0 0 0 0 0 0 0 2 4 6 0 0 0 0 1 2 1 0 0 0 0 0 
0 3 0 5 0 2 2 6 0 2 3 3 0 0 0 0 0 0 0 0 0 0 0 0 
0 3 0 0 0 1 2 0 0 0 2 1 0 0 0 0 3 4 0 7 4 0 0 1 
0 2 0 0 0 0 4 5 0 0 0 0 5 5 4 0 0 2 1 3 2 2 0 0 
1 2 0 5 0 7 0 0 0 0 0 0 3 2 6 8 0 0 0 0 0 0 7 3 
0 3 0 5 2 2 2 3 0 0 0 0 0 2 4 6 0 0 3 1 1 0 4 2 
200 106
0 22 0 19
0 22 0 23
0 22 1 22
3 1 3 14
3 1 0 1
3 1 5 1
5 1 5 10
5 1 3 1
5 1 6 1
5 19 5 17
5 19 5 21
5 19 2 19
5 19 7 19
5 21 5 19
5 21 3 21
5 21 6 21
5 21 3 21
7 0 7 14
7 0 0 0
7 0 17 0
7 16 7 15
7 16 7 19
7 16 1 16
7 16 8 16
7 19 7 16
7 19 7 22
7 19 5 19
7 19 20 19
14 4 14 3
14 4 14 9
14 4 15 4
16 9 16 3
16 9 16 10
16 9 14 9
16 9 18 9
17 8 17 7
22 5 22 3
22 5 22 12
22 5 20 5
22 5 23 5
22 15 22 14
22 15 22 22
22 15 13 15
22 15 23 15
23 3 23 1
23 3 23 4
23 3 22 3
23 15 23 14
23 15 23 18
23 15 22 15
0 22 0 23
0 22 1 22
4 4 4 8
4 20 3 20
5 1 5 10
5 1 6 1
6 1 6 4
6 6 6 5
6 6 6 10
6 6 6 5
6 6 6 10
7 19 7 22
7 19 20 19
7 22 7 23
7 22 4 22
7 22 8 22
15 6 15 5
16 17 16 18
16 17 15 17
16 17 18 17
18 11 18 10
18 11 17 11
18 11 19 11
18 11 18 10
18 11 17 11
18 11 19 11
20 19 20 17
20 19 20 20
20 19 21 19
21 6 21 7
21 6 20 6
21 6 21 7
21 6 20 6
22 5 22 3
22 5 22 12
22 5 23 5
22 15 22 14
22 15 22 22
22 15 13 15
22 22 22 23
22 22 9 22
22 22 23 22
23 4 23 3
23 6 23 7
23 15 23 14
23 15 23 18
23 18 23 19
23 20 23 22
4 4 4 8
4 8 4 10
6 1 6 4
15 6 15 5
17 11 16 11
23 6 23 7
23 7 23 13
15 5 15 4

2549

3 4 1 1 2       1           2 3   3 1 1 - - 5 2 
| | 3   6                   5 2 2           5 3 
| | 2 1 2           1         2 | 3   3 2   4 3 
| 5 - - - - - - - - - - - - 5 3 | 2 1 | 3 3 2   
| ǁ     2 = = = 3 - 3 1 2 3   1 | 3 1 | 1 ǁ 2   
| 6 = = = = = = = = 6 5 2       | 4 - 7 = 5 |   
| 4 = = 2 2 4 = = = 3 3 4 3     |     ǁ   1 |   
5 - - - - - - - - - - - - - 5 6 7 = = 8 = = 7 3 
| 2 3 1     3   1       3     3 4 1 1 ǁ     3 1 
|                             1 2     ǁ 1   5 1 
| 1                           3   6 3 ǁ 3 1 |   
|                               2 5 2 ǁ     |   
|                               1 4 4 ǁ     |   
| 3 6       4           5   6 6   4 3 ǁ     |   
| 2 1 3 5 - - - - 3 3 1   2   ǁ       ǁ     |   
| 3 2   3 3 2     |   1       ǁ 2 5 1 ǁ   2 |   
| 1   4 - - - - - 7 7 4       ǁ   5 3 ǁ     |   
4         2   2 1 |   3       ǁ   |   ǁ   3 |   
3                 2 4 6       ǁ 1 2 1 ǁ     |   
  3   5   2 2 6   2 3 3       ǁ       ǁ     |   
  3       1 2       2 1       ǁ 3 4 - 7 4   | 1 
  2       | 4 5         5 5 4 ǁ   2 1 3 2 2 |   
1 2   5 = 7 = = = = = = 3 2 6 8 = = = = = = 7 3 
  3 - 5 2 2 2 3 - - - - - 2 4 6 = = 3 1 1 - 4 2 
