24 24
2 0 4 0 3 1 2 0 0 1 4 0 4 2 0 3 2 0 5 0 0 2 2 0 
2 1 0 1 4 2 0 0 0 0 4 2 0 2 1 0 1 0 4 2 1 0 0 0 
2 0 7 0 0 0 5 0 0 5 0 0 5 0 0 6 0 0 0 0 0 6 7 2 
4 2 0 2 1 1 0 1 0 0 1 3 0 3 1 0 0 0 2 0 2 0 0 0 
0 0 0 0 2 0 0 4 4 0 3 6 0 0 1 0 0 0 0 2 0 0 0 0 
4 0 5 5 4 0 0 0 2 0 0 2 0 4 0 0 0 0 0 0 0 0 3 0 
1 1 5 3 1 0 0 0 0 0 0 0 0 0 0 1 3 0 5 4 3 0 1 0 
3 0 5 0 0 4 0 0 0 0 4 1 0 0 0 0 2 0 0 1 0 0 0 0 
0 0 0 0 0 2 0 3 0 6 0 0 0 0 0 0 0 0 0 0 0 0 0 0 
2 0 0 0 0 0 3 0 2 2 0 0 0 0 4 0 0 0 4 3 0 0 0 0 
1 0 0 0 0 0 0 0 0 0 0 0 0 0 0 0 0 1 0 0 0 0 0 0 
4 0 5 0 0 0 0 0 0 0 7 0 6 4 0 0 0 0 6 5 1 0 2 1 
0 0 0 0 0 0 0 0 0 0 0 4 5 0 6 0 0 5 0 1 0 0 0 0 
0 0 0 0 0 0 0 0 0 0 0 2 0 2 0 0 0 2 0 0 0 0 0 0 
0 0 0 0 0 0 0 0 0 0 0 1 0 4 0 3 0 3 2 0 0 0 0 0 
2 0 0 0 0 0 0 0 0 0 0 0 0 0 0 3 1 0 0 0 0 0 0 0 
0 0 0 0 2 0 0 0 0 0 6 2 0 5 5 0 0 6 0 5 3 0 0 0 
1 0 7 0 0 5 0 0 3 2 0 0 0 2 4 0 0 0 0 2 0 0 0 0 
2 2 6 3 1 2 1 2 0 0 4 2 0 2 4 3 3 3 2 1 1 0 0 0 
5 0 0 0 0 0 0 4 0 0 0 0 5 0 0 5 2 1 1 0 0 0 0 0 
2 0 0 1 0 0 0 0 1 2 0 0 0 4 0 5 0 0 0 0 0 5 3 1 
3 2 1 2 0 0 0 5 4 5 4 2 0 2 0 4 0 3 1 0 0 2 4 2 
6 0 0 0 0 0 0 0 0 0 0 0 7 0 0 0 0 0 0 0 0 3 3 2 
4 0 0 0 0 4 0 3 1 0 2 0 5 0 0 0 0 0 1 1 0 4 2 0 
200 188
0 18 0 16
0 18 0 21
0 18 1 18
2 2 2 0
2 2 2 6
2 2 0 2
2 2 5 2
2 22 2 21
2 22 2 23
2 22 0 22
2 22 5 22
8 9 8 7
8 9 2 9
8 9 9 9
8 9 8 7
8 9 2 9
8 9 9 9
11 10 11 2
11 10 11 12
11 10 7 10
11 10 16 10
12 11 12 12
12 11 13 11
12 11 12 12
12 11 13 11
17 2 17 0
17 2 17 5
17 2 11 2
17 2 18 2
19 0 19 7
19 0 18 0
19 0 20 0
21 9 21 8
21 9 21 10
21 9 20 9
22 0 22 12
22 0 21 0
22 0 23 0
22 0 22 12
22 0 21 0
22 0 23 0
22 12 22 21
22 12 19 12
22 12 23 12
23 0 23 5
23 0 23 5
23 5 23 7
23 7 23 5
23 7 23 8
23 10 23 12
23 12 23 10
23 12 23 18
23 12 22 12
23 19 23 21
23 21 23 22
23 21 22 21
23 21 23 22
1 1 1 0
1 3 1 4
1 4 1 5
1 4 0 4
1 4 1 5
4 8 4 7
4 8 5 8
4 8 4 7
4 8 5 8
9 8 9 6
10 17 12 17
11 18 11 19
11 18 9 18
11 18 14 18
11 18 11 19
11 18 9 18
11 18 14 18
12 17 12 14
12 17 13 17
12 17 12 14
12 17 13 17
15 0 11 0
16 4 16 10
17 2 17 5
17 2 11 2
17 2 18 2
18 2 18 1
18 2 18 3
18 2 18 1
18 2 18 3
18 3 18 4
21 1 21 0
21 1 21 2
21 7 21 3
21 7 21 8
21 7 19 7
9 8 9 6
12 14 12 12
12 14 9 14
12 14 16 14
12 14 12 12
13 13 14 13
15 0 11 0
16 4 16 10
16 10 16 11
16 10 11 10
16 10 18 10
18 0 19 0
9 14 9 18
9 14 4 14
9 14 9 18
9 19 7 19
9 19 11 19
9 19 11 19
11 0 11 2
11 0 10 0
11 13 11 12
11 13 5 13
11 13 11 12
11 13 5 13
13 13 14 13
14 13 14 11
14 13 16 13
4 11 4 10
4 11 3 11
4 11 5 11
4 11 4 10
4 11 3 11
4 11 5 11
5 13 3 13
6 18 6 16
6 18 6 19
6 18 3 18
7 11 7 10
7 16 6 16
11 12 11 10
11 12 2 12
11 12 12 12
5 13 3 13
7 10 4 10
7 10 11 10
7 16 6 16
11 2 7 2
6 15 2 15
6 18 6 19
6 18 3 18
6 19 6 20
6 19 4 19
9 0 7 0
9 6 2 6
2 15 2 12
2 15 2 21
2 15 0 15
2 15 2 12
2 15 2 21
2 21 2 22
2 21 0 21
2 21 20 21
3 7 4 7
3 13 3 14
3 20 6 20
4 7 8 7
8 5 7 5
9 0 7 0
0 18 0 16
0 18 1 18
0 22 2 22
1 14 1 13
1 16 1 18
1 18 1 19
1 19 1 20
3 20 6 20
5 22 2 22
5 22 6 22
8 5 7 5
0 15 0 13
0 15 0 13
1 13 1 11
2 12 2 9
2 23 11 23
3 10 3 11
7 5 7 2
7 5 3 5
11 22 20 22
0 12 0 10
0 12 0 10
1 10 1 11
1 10 0 10
1 10 0 10
2 12 2 9
11 22 20 22

2724

2   4   3 1 2     1 4 = 4 2 = 3 2 = 5 - - 2 2   
2 1 | 1 4 2         4 2 - 2 1 | 1 - 4 2 1 | ǁ   
2 - 7 - - - 5     5 = = 5 = = 6 = = = = = 6 7 2 
4 2 | 2 1 1 | 1   ǁ 1 3 | 3 1 |     2   2 | ǁ | 
    |   2 | | 4 4 ǁ 3 6 | ǁ 1 |     ǁ 2 ǁ | ǁ | 
4   5 5 4 | | | 2 ǁ | 2 | 4 | |     ǁ | ǁ | 3 | 
1 1 5 3 1 | | |   ǁ |   | ǁ | 1 3 - 5 4 3 | 1 | 
3   5 - - 4 | |   ǁ 4 1 | ǁ |   2     1   |   | 
ǁ   |     2 | 3 = 6 ǁ   | ǁ |         |   |   | 
2   |       3 = 2 2 ǁ   | ǁ 4 = = = 4 3   |   | 
1   |               ǁ   | ǁ |     1 ǁ ǁ   |   | 
4 - 5 - - - - - - - 7 = 6 4 |     | 6 5 1 | 2 1 
ǁ   ǁ               ǁ 4 5 = 6 = = 5 ǁ 1   | ǁ   
ǁ   ǁ               ǁ 2   2 |     2 ǁ     | ǁ   
ǁ   ǁ               ǁ 1 - 4 | 3   3 2     | ǁ   
2   ǁ               ǁ     | | 3 1         | ǁ   
    ǁ   2 = = = = = 6 2   5 5     6   5 3 | ǁ   
1 - 7 = = 5     3 2 |     2 4         2   | ǁ   
2 2 6 3 1 2 1 2     4 2   2 4 3 3 3 2 1 1 | ǁ   
5 - - - - - - 4         5     5 2 1 1     | ǁ   
2     1       | 1 2     | 4   5           5 3 1 
3 2 1 2 - - - 5 4 5 4 2 | 2   4   3 1     2 4 2 
6 = = = = = = = = = = = 7 - - - - - - - - 3 3 2 
4 = = = = 4 = 3 1   2 = 5 - - - - - 1 1 - 4 2   
