24 24
4 2 4 0 4 4 0 0 0 0 4 3 0 4 0 2 2 5 0 0 0 0 3 1 
0 0 2 0 0 2 0 0 0 0 0 4 1 0 0 0 0 0 4 0 4 1 0 0 
4 0 0 0 5 0 0 0 0 0 4 0 0 0 0 0 0 0 4 0 4 3 0 0 
1 2 1 0 0 0 0 0 0 0 0 0 0 2 0 0 0 3 0 2 3 2 0 0 
2 5 0 0 0 0 0 0 0 0 2 0 0 0 0 0 0 0 0 0 1 2 0 0 
0 2 0 0 0 0 0 0 0 0 1 0 0 0 0 0 0 0 0 0 0 0 0 0 
4 0 4 0 4 0 0 0 0 0 0 4 0 0 0 0 0 0 5 0 5 0 0 0 
0 1 0 2 0 1 2 0 4 2 0 0 5 2 2 0 6 0 2 0 0 0 0 0 
0 3 5 4 0 3 4 0 5 0 0 0 5 0 0 0 6 0 3 1 0 0 0 1 
5 2 2 1 0 0 3 2 0 1 0 0 6 2 3 0 0 0 0 0 5 5 0 0 
2 1 0 0 0 0 2 2 0 1 0 0 4 0 4 0 0 0 0 0 4 4 0 0 
3 0 6 0 5 0 0 0 5 0 0 0 0 0 0 0 0 0 0 0 0 0 6 4 
5 3 0 1 0 2 0 0 0 2 5 0 3 3 2 0 0 3 1 0 1 0 0 1 
5 3 0 0 0 0 4 2 0 3 4 0 0 2 0 0 0 0 0 0 0 0 0 1 
4 0 0 0 0 0 0 0 0 3 0 0 6 0 0 0 0 7 0 0 6 1 0 0 
6 0 6 0 0 0 0 0 0 5 2 0 0 2 2 4 2 0 0 0 2 0 0 0 
0 1 0 0 0 0 0 0 0 5 3 1 0 0 0 0 0 0 0 0 0 0 0 0 
0 2 0 0 0 0 3 0 0 0 0 0 0 5 5 0 0 0 0 0 0 0 0 0 
2 0 0 0 0 0 0 0 0 0 0 0 0 0 0 0 0 0 1 0 3 0 6 4 
3 3 0 2 5 5 4 1 0 0 0 0 0 0 0 3 0 2 3 0 2 0 0 0 
4 0 7 2 3 4 2 0 0 2 0 0 0 1 0 2 0 0 0 0 0 2 0 2 
0 4 4 0 0 3 2 1 0 1 0 0 0 0 0 0 0 0 0 0 0 0 0 0 
5 5 2 2 1 1 0 0 7 0 0 0 6 0 7 0 0 0 6 0 2 3 2 0 
2 1 2 1 1 0 0 0 5 0 2 2 4 1 5 4 2 0 1 0 0 0 0 0 
200 105
0 0 0 1
0 0 2 0
0 17 0 16
0 17 0 22
0 17 3 17
1 18 1 20
1 18 2 18
1 18 1 20
1 18 2 18
6 20 6 18
6 20 4 20
6 20 9 20
8 19 8 18
9 0 9 1
9 0 6 0
9 0 10 0
9 21 9 20
9 21 4 21
9 21 10 21
11 23 11 22
11 23 8 23
11 23 12 23
11 23 11 22
12 0 12 1
12 0 11 0
12 0 13 0
14 17 14 12
14 17 14 20
14 17 12 17
14 17 19 17
14 20 14 17
14 20 14 21
14 20 12 20
14 20 15 20
14 20 15 20
15 0 15 2
15 0 14 0
15 0 18 0
17 14 17 13
17 14 15 14
17 14 22 14
20 2 20 0
20 2 20 3
20 2 15 2
20 2 21 2
21 1 21 2
21 1 22 1
21 1 21 2
21 1 22 1
22 0 22 1
22 0 20 0
22 0 23 0
22 8 22 5
22 8 22 12
22 8 11 8
22 8 23 8
23 8 23 4
23 8 23 10
23 8 22 8
23 14 23 13
23 14 23 15
23 14 22 14
0 0 0 1
0 0 2 0
0 2 0 4
0 2 1 2
0 23 0 22
6 20 6 18
6 20 9 20
8 16 8 12
8 16 8 18
8 16 7 16
8 16 8 12
8 16 8 18
8 16 7 16
10 21 10 20
10 21 9 21
12 18 12 17
13 23 18 23
15 0 15 2
15 0 14 0
15 0 18 0
15 9 15 10
15 9 14 9
15 9 16 9
16 1 17 1
17 1 19 1
19 1 19 0
21 9 20 9
22 8 22 12
22 8 11 8
23 8 23 10
23 11 23 12
23 12 23 11
23 12 22 12
23 12 22 12
23 14 23 15
23 14 22 14
0 2 0 4
0 2 1 2
10 21 10 20
14 0 13 0
19 1 19 0
14 0 13 0
19 0 20 0

2478

4 2 4 = 4 4         4 3   4   2 2 5 - - - - 3 1 
ǁ   2     2           4 1         | 4 = 4 1     
4       5           4             | 4   4 3     
1 2 1                     2       3   2 3 2     
2 5                 2                   1 2     
  2                 1                   | |     
4   4   4             4             5 = 5 |     
| 1   2   1 2   4 2     5 2 2   6   2   ǁ |     
| 3 5 4   3 4   5       5 = = = 6 = 3 1 ǁ |   1 
5 2 2 1     3 2   1     6 2 3           5 5   | 
2 1         2 2   1     4   4           4 4   | 
3   6   5       5                           6 4 
5 3   1   2     ǁ 2 5   3 3 2     3 1   1     1 
5 3         4 2 ǁ 3 4     2       |     |     1 
4               ǁ 3     6 - - - - 7 = = 6 1   | 
6 = 6           ǁ 5 2     2 2 4 2 |     2     | 
ǁ 1 |           ǁ 5 3 1     |     |           | 
ǁ 2 |       3   ǁ         5 5     |           | 
2 | |           ǁ           |     | 1   3   6 4 
3 3 | 2 5 5 4 1 ǁ           | 3   2 3   2       
4 - 7 2 3 4 2   ǁ 2       1 | 2           2   2 
| 4 4     3 2 1 ǁ 1         |                   
5 5 2 2 1 1 - - 7 = = = 6   7       6   2 3 2   
2 1 2 1 1 - - - 5 = 2 2 4 1 5 4 2   1           
