24 24
2 4 1 2 0 0 3 0 0 0 0 0 0 0 0 0 4 0 0 0 0 3 3 2 
2 4 0 4 3 2 0 2 0 0 0 3 0 1 1 2 0 2 1 0 4 3 5 3 
0 4 2 0 0 0 0 0 0 0 0 0 3 3 4 0 0 5 0 0 7 3 1 0 
0 3 0 6 5 3 2 0 0 0 0 0 0 1 3 3 0 0 2 3 0 4 2 2 
0 3 2 0 4 2 1 0 0 1 0 5 7 2 1 0 0 4 4 5 0 3 3 0 
3 3 3 0 4 4 2 0 0 0 0 3 6 0 2 0 0 4 2 1 0 2 3 0 
0 0 0 0 4 0 0 6 0 0 0 0 0 0 0 0 6 0 0 0 7 5 2 0 
0 0 0 0 4 2 2 0 2 2 0 3 0 2 2 4 0 2 4 0 5 2 0 0 
0 0 0 0 2 0 0 0 0 4 0 4 2 5 0 5 0 3 0 0 0 3 0 0 
0 0 3 0 0 0 2 0 0 5 3 0 3 0 3 0 0 0 0 0 0 0 0 0 
0 0 2 0 0 0 1 0 0 1 1 0 1 0 0 0 0 0 0 0 0 0 0 0 
2 3 0 6 0 5 0 6 7 0 0 6 2 0 0 0 0 0 0 0 0 0 3 0 
0 0 1 0 1 1 2 0 5 5 4 0 0 0 0 0 0 0 0 0 0 0 4 0 
0 4 3 0 3 0 5 0 4 0 0 0 0 0 0 0 0 0 0 0 0 0 0 0 
0 6 4 0 0 1 0 4 3 0 2 0 0 0 0 0 0 0 0 0 0 0 0 0 
0 5 5 0 3 3 0 0 1 0 0 0 0 0 0 0 0 0 0 0 0 0 0 0 
0 4 4 0 4 2 0 3 0 0 0 0 0 0 0 0 0 0 2 0 0 3 0 0 
0 0 0 0 4 2 0 4 3 0 0 2 0 0 0 0 0 0 0 0 0 0 0 0 
0 2 0 4 0 0 4 3 1 0 0 0 0 0 0 0 0 0 3 1 0 1 0 0 
0 3 0 7 0 0 0 0 0 5 0 0 0 0 5 4 0 0 1 0 0 0 0 0 
0 5 4 4 3 0 2 1 2 0 4 0 0 0 7 4 0 0 0 0 0 0 0 0 
0 2 4 5 3 1 0 0 0 0 0 0 0 0 3 2 0 0 0 0 0 0 0 0 
4 0 0 0 0 0 0 0 0 0 0 0 0 0 0 0 3 4 0 0 0 0 7 4 
3 0 0 0 0 0 0 0 0 0 0 0 0 0 0 2 0 0 0 2 0 0 4 2 
200 57
2 20 2 17
2 20 2 21
2 20 1 20
2 20 6 20
4 12 4 11
4 12 4 13
4 12 2 12
4 12 5 12
4 19 4 18
4 19 3 19
4 19 5 19
7 20 7 18
7 20 7 21
7 20 6 20
8 13 8 12
8 13 8 15
8 13 7 13
11 8 11 7
11 8 11 11
11 8 7 8
11 8 12 8
12 9 12 8
12 9 12 10
12 9 19 9
14 1 14 2
14 1 13 1
14 1 15 1
17 11 11 11
19 3 19 1
19 3 19 9
19 3 18 3
19 3 20 3
20 1 20 2
20 1 19 1
20 1 21 1
20 14 20 10
20 14 20 15
20 14 19 14
20 14 21 14
21 3 21 2
21 3 21 4
21 3 20 3
22 22 22 17
22 22 22 23
22 22 12 22
22 22 23 22
9 9 9 10
9 9 8 9
9 9 10 9
14 1 14 2
14 1 13 1
14 1 15 1
17 4 17 5
17 4 16 4
17 4 17 5
17 4 16 4
17 11 11 11

2740

2 4 1 2     3                   4         3 3 2 
2 4   4 3 2   2       3   1 1 2   2 1   4 3 5 3 
  4 2                   3 3 4     5 - - 7 3 1   
  3   6 5 3 2           | 1 3 3     2 3 | 4 2 2 
  3 2   4 2 1     1   5 7 2 1     4 4 5 | 3 3   
3 3 3   4 4 2         3 6   2     4 2 1 | 2 3   
        4     6                 6       7 5 2   
        4 2 2   2 2   3   2 2 4   2 4 - 5 2     
        2       | 4   4 2 5 - 5   3       3     
    3       2   | 5 3   3   3                   
    2       1   | 1 1   1                       
2 3   6   5   6 7 - - 6 2                   3   
    1   1 1 2   5 5 4 ǁ                     4   
  4 3   3   5   4 |   ǁ                     |   
  6 4     1   4 3 | 2 ǁ                     |   
  5 5   3 3     1 |   ǁ                     |   
  4 4   4 2   3   |   ǁ             2     3 |   
        4 2   4 3 |   2                     |   
  2   4     4 3 1 |                 3 1   1 |   
  3 - 7 - - - - - 5         5 4     1       |   
  5 4 4 3   2 1 2   4 - - - 7 4             |   
  2 4 5 3 1                 3 2             |   
4                               3 4 - - - - 7 4 
3                             2       2     4 2 
