24 24
0 0 2 0 0 0 5 0 4 4 1 1 4 0 0 0 0 0 3 3 4 2 2 0 
3 0 0 0 0 0 6 2 0 5 5 0 4 0 0 0 0 2 3 0 0 0 0 0 
2 0 1 0 0 0 2 0 0 0 3 0 0 0 0 0 0 2 0 0 0 2 5 0 
1 0 0 0 0 0 0 0 0 2 4 1 0 0 2 0 0 0 2 3 0 1 0 0 
0 0 0 0 0 0 0 0 0 0 0 0 0 0 0 0 0 0 0 0 0 0 0 0 
4 0 0 0 0 0 0 0 5 0 3 0 0 1 7 0 0 6 0 0 6 0 6 2 
3 1 0 4 0 2 0 0 0 1 0 0 0 0 2 1 0 3 2 1 0 2 4 2 
0 2 0 5 1 0 0 0 0 3 0 0 5 0 0 0 0 0 0 0 6 0 6 6 
5 0 0 0 0 5 2 0 0 3 3 2 0 2 0 0 0 0 0 0 0 1 3 4 
0 0 0 0 0 1 0 0 0 3 4 3 0 0 0 0 0 0 0 0 3 3 1 2 
0 0 1 0 0 0 0 0 0 0 0 3 0 5 0 0 0 0 0 0 4 2 0 0 
0 0 0 0 0 0 0 0 0 4 4 0 0 0 2 0 0 0 0 3 3 0 5 3 
0 0 0 0 0 0 0 0 0 4 2 0 0 0 0 0 0 0 0 0 0 0 3 3 
0 0 0 0 0 0 0 0 0 2 2 2 0 4 0 0 2 0 0 0 0 0 2 0 
0 0 0 0 0 0 0 0 0 0 0 0 0 0 0 0 0 0 0 0 0 1 6 3 
5 0 5 0 0 0 0 0 5 0 0 0 5 0 0 0 0 0 0 6 5 2 0 0 
0 0 0 2 2 1 0 0 0 4 4 3 0 0 0 1 0 2 0 0 0 0 0 0 
0 0 0 4 5 0 0 0 6 5 3 4 0 0 0 0 0 0 0 0 0 0 0 0 
0 2 5 0 4 1 0 0 0 4 3 3 4 0 0 5 0 5 2 2 0 0 0 0 
0 0 0 2 5 3 0 0 0 1 0 5 2 3 1 3 2 0 0 0 0 0 0 0 
2 0 0 5 0 0 0 0 6 2 0 5 3 0 0 1 0 0 0 0 6 0 6 1 
0 2 3 4 0 0 3 1 6 0 0 0 0 6 0 0 0 0 4 3 3 0 0 1 
1 2 4 4 1 0 6 0 8 4 1 0 3 2 0 0 2 0 7 6 5 2 2 2 
2 3 0 5 0 0 4 0 2 4 0 0 4 1 0 0 0 0 3 2 0 0 0 0 
200 59
0 6 0 2
0 6 0 8
0 6 1 6
2 22 2 21
2 22 0 22
2 22 5 22
5 14 5 13
5 14 5 17
5 14 3 14
5 14 6 14
7 23 7 22
7 23 6 23
7 23 8 23
8 0 8 5
8 0 6 0
8 0 15 0
18 17 18 15
18 17 18 18
18 17 16 17
20 11 20 9
20 11 20 12
20 11 19 11
22 8 22 6
22 8 22 9
22 8 21 8
22 8 23 8
22 18 22 16
22 18 22 19
22 18 21 18
22 18 23 18
22 20 22 19
22 20 22 21
22 20 21 20
23 3 23 1
23 3 23 6
23 3 22 3
5 14 5 17
5 14 3 14
5 14 6 14
7 3 7 1
7 3 7 4
7 3 6 3
7 23 7 22
7 23 6 23
7 23 8 23
22 8 22 6
22 8 22 9
22 8 21 8
22 8 23 8
23 6 23 3
23 6 22 6
23 6 22 6
23 9 23 12
23 9 22 9
5 23 5 22
5 23 5 22
23 9 23 12
23 9 22 9
22 10 22 12

2582

    2 - - - 5 - 4 4 1 1 4           3 3 4 2 2   
3           6 2   5 5   4         2 3       |   
2   1       2       3             2       2 5   
1                 2 4 1     2       2 3   1 |   
                            ǁ               |   
4               5   3     1 7 = = 6     6   6 2 
3 1   4   2       1         2 1   3 2 1   2 4 2 
| 2 - 5 1         3     5               6   6 6 
5 - - - - 5 2     3 3 2   2               1 3 4 
|         1       3 4 3                 3 3 1 2 
|   1                 3   5             4 2     
|                 4 4       2         3 3   5 3 
|                 4 2                       3 3 
|                 2 2 2   4     2           2   
|                                         1 6 3 
5   5           5       5             6 5 2     
      2 2 1       4 4 3       1   2             
      4 5       6 5 3 4           |             
  2 5   4 1       4 3 3 4     5 - 5 2 2         
      2 5 3       1   5 2 3 1 3 2               
2     5         6 2 - 5 3     1         6   6 1 
  2 3 4     3 1 6         6         4 3 3     1 
1 2 4 4 1   6 = 8 4 1 - 3 2     2 - 7 6 5 2 2 2 
2 3 - 5 = = 4   2 4 = = 4 1         3 2         
