24 24
4 2 2 0 0 0 4 0 5 0 0 0 0 0 0 0 0 0 0 5 0 0 5 2 
5 0 0 0 0 0 5 4 5 0 0 0 0 0 0 0 0 4 0 0 4 4 4 3 
0 3 5 0 6 4 7 4 6 0 0 0 0 0 0 0 5 3 0 0 3 0 4 3 
0 1 2 1 0 2 4 3 6 0 0 3 2 0 0 2 3 0 0 0 1 0 0 2 
5 0 0 0 7 0 0 0 0 0 0 0 0 0 0 0 0 0 0 6 0 6 7 5 
0 2 3 0 7 0 2 2 4 0 0 0 0 6 2 0 0 0 0 0 2 0 0 0 
0 0 3 2 4 2 3 4 0 0 0 2 0 5 0 0 0 1 0 0 0 0 0 0 
0 5 0 0 0 0 0 0 7 0 0 0 0 0 0 0 0 0 0 5 5 0 0 1 
0 6 0 0 2 0 0 0 0 2 0 0 0 0 4 0 0 3 0 0 0 0 0 0 
0 0 1 0 0 3 0 0 5 0 0 0 0 0 0 0 0 3 2 0 0 0 0 0 
0 5 0 0 0 7 4 4 0 3 0 0 5 2 0 1 0 0 0 0 0 0 0 0 
0 0 0 2 0 0 1 4 0 0 0 0 6 0 0 6 0 6 4 0 0 0 0 0 
0 0 0 0 0 0 0 0 0 5 3 0 6 0 3 3 2 0 1 0 4 0 0 2 
0 0 0 0 0 0 0 0 0 0 0 2 0 0 5 0 0 5 4 0 4 0 0 0 
0 0 0 0 0 0 0 3 0 0 0 1 0 0 1 2 2 0 3 0 0 0 0 0 
0 5 0 8 4 0 0 0 0 4 0 0 0 0 6 6 6 5 3 0 0 0 0 0 
0 0 1 0 4 0 0 3 0 0 0 0 0 0 0 4 0 0 4 0 0 0 0 0 
0 3 0 0 0 0 0 2 0 0 0 0 0 0 0 2 4 3 0 0 0 0 0 0 
0 3 3 6 4 0 5 0 6 0 0 0 0 0 7 0 5 7 4 0 0 0 0 0 
0 0 0 2 1 0 2 2 4 0 0 0 1 0 3 0 0 5 2 0 0 5 6 6 
0 4 0 0 0 7 0 0 0 0 0 0 0 0 0 0 0 0 0 6 5 4 5 4 
0 4 4 4 0 7 4 4 4 4 0 0 0 0 0 5 0 0 0 7 0 0 5 0 
4 1 2 3 0 4 2 0 0 4 0 5 0 6 0 5 3 0 0 1 4 0 8 2 
4 0 0 0 0 0 0 0 5 0 0 2 0 3 1 2 3 0 2 0 4 0 2 0 
200 352
0 0 0 1
0 0 1 0
0 0 0 1
0 0 1 0
0 8 0 6
0 8 0 19
0 8 1 8
0 22 0 19
0 22 0 23
0 22 1 22
2 1 2 2
2 1 3 1
2 1 2 2
2 4 2 2
2 4 2 5
2 4 4 4
2 4 2 2
2 4 2 5
2 4 4 4
2 5 2 6
2 5 3 5
2 6 2 7
2 6 1 6
2 6 3 6
2 16 2 8
2 16 2 17
2 16 3 16
4 0 4 4
4 0 1 0
4 0 22 0
4 22 4 21
4 22 4 23
4 22 2 22
4 22 19 22
4 23 4 22
4 23 3 23
4 23 7 23
5 4 5 2
5 4 5 6
5 4 4 4
5 4 6 4
5 13 5 8
5 13 5 14
5 13 6 13
5 13 5 8
5 13 5 14
5 13 6 13
7 1 7 8
7 1 5 1
7 1 8 1
7 20 7 19
7 20 5 20
7 20 12 20
8 1 8 4
8 1 7 1
8 1 10 1
8 1 8 4
8 1 7 1
10 1 10 5
10 1 15 1
10 12 10 9
10 12 10 13
10 12 11 12
12 9 12 10
12 9 10 9
12 9 15 9
12 23 19 23
15 3 15 1
15 3 15 4
15 3 11 3
15 3 18 3
15 3 15 1
15 3 15 4
15 3 11 3
15 3 18 3
15 4 15 9
15 4 16 4
16 2 18 2
16 4 16 7
16 4 18 4
16 4 16 7
18 3 18 2
18 3 18 4
18 3 19 3
18 3 18 2
18 4 18 6
18 4 19 4
18 6 18 8
18 6 19 6
18 6 18 8
18 6 19 6
18 8 18 14
18 8 19 8
18 8 18 14
18 8 19 8
18 14 18 16
18 14 15 14
18 14 19 14
18 17 18 16
18 17 18 18
18 17 17 17
18 17 19 17
19 3 21 3
19 23 19 22
19 23 12 23
19 23 20 23
20 1 18 1
20 1 21 1
20 1 18 1
20 1 21 1
21 1 21 2
21 1 22 1
21 2 21 3
21 2 22 2
21 2 21 3
21 3 21 5
21 5 21 6
21 5 20 5
21 5 22 5
21 15 21 9
21 15 21 19
21 15 22 15
21 19 21 15
21 19 21 22
21 19 20 19
21 19 22 19
22 0 4 0
22 0 23 0
22 0 23 0
22 2 22 3
22 3 22 5
22 3 22 5
22 5 22 6
22 11 22 9
22 11 22 13
22 11 23 11
22 13 22 11
22 13 22 15
22 13 23 13
22 13 22 15
22 13 23 13
22 20 22 22
22 20 23 20
22 20 22 22
22 20 23 20
22 22 22 23
22 22 21 22
22 22 23 22
23 0 23 8
23 0 23 8
23 20 23 18
23 20 23 22
2 6 2 7
2 6 1 6
2 6 3 6
3 2 3 3
3 2 2 2
3 5 3 6
3 6 3 7
4 23 4 22
5 1 5 2
7 8 7 19
7 8 5 8
7 8 9 8
9 2 9 5
10 1 10 5
10 1 15 1
11 12 11 15
11 12 10 12
11 12 12 12
11 12 11 15
11 12 10 12
11 15 11 17
11 15 10 15
11 15 12 15
11 15 11 17
11 17 11 18
11 17 9 17
11 17 13 17
11 17 11 18
11 18 9 18
11 18 12 18
12 12 12 10
12 12 12 14
12 20 7 20
12 20 13 20
12 20 13 20
13 20 13 18
13 20 20 20
14 7 11 7
15 1 17 1
15 9 15 14
15 9 12 9
15 14 15 15
15 14 14 14
15 14 18 14
15 14 15 15
15 15 15 16
15 15 14 15
15 15 16 15
15 15 15 16
15 16 15 17
15 16 14 16
15 16 17 16
15 16 15 17
16 7 17 7
16 15 17 15
16 18 15 18
16 18 18 18
16 18 15 18
16 18 18 18
17 1 18 1
18 18 18 17
19 18 19 17
19 21 19 22
19 21 4 21
19 21 20 21
19 23 19 22
19 23 20 23
20 19 20 5
20 19 20 20
20 19 21 19
20 19 20 5
20 19 20 20
20 20 20 21
20 23 20 22
20 23 22 23
21 7 21 6
21 7 21 8
21 7 21 6
21 7 21 8
21 8 21 9
21 8 23 8
21 9 21 15
21 9 22 9
21 19 21 22
22 6 21 6
22 9 22 11
22 22 21 22
23 8 23 11
23 13 23 14
23 18 23 16
0 2 0 6
0 2 0 6
0 6 0 8
3 23 2 23
6 7 6 6
6 7 5 7
6 7 6 6
6 7 5 7
6 11 6 13
6 13 6 11
6 13 6 17
7 8 7 19
7 8 5 8
7 8 9 8
8 14 8 9
8 14 8 17
8 14 8 9
8 14 8 17
8 17 9 17
9 18 9 17
12 12 12 10
12 12 12 14
13 14 13 11
13 14 13 17
13 14 12 14
13 18 13 17
13 18 14 18
13 18 13 17
14 7 11 7
14 11 13 11
14 15 14 16
14 18 15 18
16 15 17 15
17 16 17 17
17 16 18 16
17 16 17 17
18 17 18 16
18 17 19 17
19 7 19 8
19 8 19 7
19 12 19 14
19 17 19 14
19 17 19 18
19 22 19 21
19 22 4 22
20 5 21 5
20 20 20 21
20 21 20 22
20 22 21 22
21 5 20 5
3 8 3 7
3 8 3 11
3 8 2 8
3 8 3 7
3 8 3 11
3 8 2 8
3 11 3 12
3 12 3 15
3 15 3 16
4 21 4 19
4 21 1 21
4 21 19 21
4 21 4 19
5 20 7 20
7 19 4 19
9 8 9 5
11 7 11 6
11 7 10 7
12 9 10 9
12 15 12 16
12 16 12 15
13 14 13 17
18 14 18 16
20 5 21 5
1 21 1 20
1 21 1 22
1 21 1 20
2 7 2 8
2 7 1 7
2 22 2 23
2 22 1 22
2 22 2 23
4 19 4 4
4 19 0 19
4 19 7 19
9 8 9 5
10 5 10 6
10 6 10 5
10 6 10 7
10 6 10 5
0 19 0 8
0 19 0 22
1 7 1 6
1 7 1 8
1 7 1 6
1 17 1 8
1 17 2 17
1 17 1 8
1 17 2 17
1 20 2 20
1 22 1 23
1 23 0 23
2 16 2 8
2 16 3 16
2 20 1 20
2 20 3 20
4 4 4 0
4 4 5 4
1 0 1 6
1 8 2 8

2755

4 2 2 = = = 4 = 5 = = = = = = = = = = 5 = = 5 2 
5 - - - - - 5 4 5 = = = = = = = = 4   | 4 4 4 3 
| 3 5 = 6 4 7 4 6 = = = = = = = 5 3   | 3 | 4 3 
| 1 2 1 ǁ 2 4 3 6 = = 3 2 - - 2 3     | 1 | | 2 
5 = = = 7 - - - - - - - - - - - - - - 6 = 6 7 5 
ǁ 2 3 - 7 - 2 2 4 = = = = 6 2         ǁ 2 ǁ ǁ | 
ǁ | 3 2 4 2 3 4 ǁ     2 = 5 - - - 1   ǁ ǁ ǁ ǁ | 
ǁ 5 - - - - - - 7 = = = = = = = = = = 5 5 ǁ ǁ 1 
ǁ 6 = = 2       ǁ 2 = = = = 4 = = 3     ǁ ǁ ǁ   
ǁ | 1 - - 3 = = 5                 3 2   ǁ ǁ ǁ   
ǁ 5 = = = 7 4 4   3 - - 5 2   1   | |   ǁ ǁ ǁ   
ǁ ǁ   2     1 4   ǁ     6 = = 6 = 6 4   ǁ ǁ ǁ   
ǁ ǁ   ǁ       ǁ   5 3 = 6 = 3 3 2 | 1   4 ǁ ǁ 2 
ǁ ǁ   ǁ       ǁ   ǁ   2 - - 5 = = 5 4 - 4 ǁ ǁ ǁ 
ǁ ǁ   ǁ       3   ǁ   1     1 2 2   3   | ǁ ǁ ǁ 
ǁ 5 = 8 4 - - - - 4 - - - - 6 6 6 5 3   | ǁ ǁ ǁ 
ǁ | 1 ǁ 4 = = 3             ǁ 4 |   4   | ǁ ǁ ǁ 
ǁ 3 | ǁ |     2             ǁ 2 4 3 ǁ   | ǁ ǁ ǁ 
ǁ 3 3 6 4 - 5 = 6 = = = = = 7 = 5 7 4   | ǁ ǁ ǁ 
ǁ ǁ   2 1   2 2 4       1 - 3 - - 5 2   | 5 6 6 
ǁ 4   |   7 = = = = = = = = = = = = = 6 5 4 5 4 
ǁ 4 4 4 - 7 4 4 4 4 = = = = = 5 = = = 7 = = 5 | 
4 1 2 3 = 4 2   | 4 = 5 = 6 = 5 3     1 4 = 8 2 
4 = = = = = = = 5 - - 2   3 1 2 3 - 2 - 4 - 2   
