24 24
4 0 0 0 4 0 4 2 4 3 3 0 0 0 0 0 0 0 0 0 0 0 5 4 
0 4 0 0 5 1 4 2 0 1 4 0 0 2 2 0 4 0 0 6 3 1 0 2 
0 0 2 2 0 2 7 0 7 0 0 0 0 0 0 0 0 0 0 8 0 0 5 1 
0 0 0 0 0 1 5 2 0 2 4 3 5 0 0 5 4 1 0 0 4 0 6 2 
0 5 5 5 6 0 0 0 8 0 4 1 0 0 0 2 4 3 0 0 6 2 0 1 
0 4 2 1 2 2 0 0 6 0 0 0 6 0 0 0 4 2 0 0 4 2 0 0 
6 0 0 0 0 0 0 0 0 0 0 0 0 0 0 0 0 0 0 6 0 0 6 5 
0 2 0 6 0 5 0 0 0 0 0 0 0 0 0 0 0 0 3 5 4 2 0 0 
0 4 4 0 2 0 4 0 0 4 1 4 0 0 0 0 0 2 0 0 0 0 0 0 
0 0 0 0 0 0 2 2 4 0 0 0 3 0 5 2 2 0 0 0 0 0 0 0 
0 0 2 2 0 0 1 0 0 0 0 0 1 0 0 2 0 0 0 0 4 0 0 0 
0 0 2 4 0 0 0 4 6 0 0 5 0 0 4 6 6 0 0 0 3 5 0 0 
0 6 0 8 6 0 0 0 2 0 0 2 3 2 1 2 0 0 0 4 2 0 0 0 
0 0 2 0 0 0 4 6 0 7 0 0 0 0 0 0 7 3 0 0 0 0 0 0 
0 6 6 0 0 0 2 0 0 4 2 2 4 2 0 0 0 0 0 0 4 2 0 0 
0 0 2 0 0 0 1 6 0 0 0 4 4 1 0 0 0 0 0 0 0 2 0 0 
0 0 1 0 0 0 2 2 0 0 0 0 2 2 0 0 0 2 0 0 0 4 3 0 
0 0 0 0 0 0 5 0 0 0 0 0 2 0 1 0 0 0 0 2 0 2 4 0 
0 4 0 0 2 0 0 2 0 3 0 0 0 0 0 0 5 5 0 2 0 1 0 0 
0 4 3 0 0 0 0 0 0 0 0 0 0 0 0 0 0 1 0 0 0 0 0 0 
0 2 0 6 0 4 5 0 0 0 0 0 0 0 0 0 6 0 7 4 0 0 0 0 
0 3 2 3 3 1 4 0 0 3 3 2 2 0 0 0 6 2 0 1 0 0 0 0 
6 0 0 0 0 0 0 0 0 0 0 0 0 0 0 0 0 0 5 7 6 3 0 2 
4 0 0 0 0 0 0 0 0 0 0 0 0 0 0 0 0 0 2 4 0 0 6 2 
200 233
0 0 0 4
0 0 6 0
0 22 0 10
0 22 0 23
0 22 2 22
0 23 0 22
0 23 1 23
1 1 1 4
1 1 4 1
1 19 1 16
1 19 1 20
1 19 2 19
2 6 2 5
2 6 2 8
2 6 1 6
2 6 3 6
2 19 2 8
2 19 2 22
2 19 1 19
2 19 6 19
3 12 3 11
3 12 3 15
3 12 5 12
3 20 3 22
3 20 4 20
3 20 3 22
3 20 4 20
4 8 4 4
4 8 4 10
4 8 2 8
4 8 5 8
4 20 4 21
4 20 5 20
4 20 4 21
4 20 5 20
6 0 6 19
6 0 0 0
6 0 22 0
6 23 6 22
6 23 4 23
6 23 22 23
7 3 7 1
7 3 7 5
7 3 10 3
7 3 7 1
7 3 7 5
7 3 10 3
8 1 8 2
8 1 12 1
9 14 9 12
9 14 9 15
9 14 11 14
11 21 11 20
11 21 7 21
11 21 14 21
12 1 12 3
12 1 8 1
12 1 14 1
12 3 12 1
12 3 12 4
12 3 11 3
12 3 20 3
13 2 14 2
13 9 13 7
13 9 13 16
13 9 8 9
13 9 14 9
14 1 14 2
14 1 12 1
14 1 18 1
17 6 17 12
17 6 16 6
17 6 20 6
18 7 18 9
20 18 20 16
20 18 20 19
20 18 7 18
20 18 22 18
21 16 21 12
21 16 21 17
21 16 20 16
21 17 21 16
22 0 22 18
22 0 6 0
22 0 23 0
22 19 22 18
22 19 22 20
22 19 21 19
22 19 23 19
22 20 22 19
22 20 22 21
22 20 14 20
23 0 23 18
23 0 22 0
23 22 23 19
23 22 23 23
23 22 17 22
0 0 0 4
0 23 0 22
1 1 1 4
1 1 4 1
1 19 1 16
1 19 1 20
1 20 1 21
1 23 2 23
2 19 2 8
2 19 2 22
2 19 6 19
2 22 3 22
2 22 3 22
3 7 3 6
3 9 3 10
3 23 3 22
3 23 3 22
4 8 4 4
4 8 4 10
4 8 2 8
4 8 5 8
5 1 5 2
5 1 4 1
5 1 5 2
5 1 4 1
5 8 5 5
5 8 5 12
5 8 5 5
5 8 5 12
6 0 6 19
6 22 6 19
6 22 6 23
6 22 16 22
6 23 6 22
8 1 8 2
8 2 10 2
9 8 9 7
9 8 11 8
9 8 9 7
9 8 11 8
10 20 7 20
10 20 11 20
10 20 7 20
10 20 11 20
11 8 11 7
11 8 12 8
11 8 11 7
11 8 12 8
11 11 11 14
11 11 8 11
11 11 12 11
11 16 11 15
11 16 9 16
11 16 13 16
11 16 11 15
11 16 9 16
11 16 13 16
11 21 7 21
11 21 14 21
12 3 12 4
12 3 11 3
12 3 20 3
12 4 8 4
12 4 18 4
13 2 14 2
14 1 14 2
14 1 18 1
14 2 15 2
15 21 16 21
17 14 17 12
18 1 19 1
18 7 18 9
18 17 18 16
18 17 16 17
18 17 19 17
20 19 20 18
20 19 18 19
21 16 21 12
21 16 20 16
22 0 22 18
22 19 22 18
22 19 22 20
22 23 23 23
23 0 23 18
23 19 23 22
23 22 17 22
1 16 1 14
3 7 3 6
3 9 3 10
4 1 4 2
4 2 4 3
4 2 2 2
5 20 5 21
5 21 5 20
7 20 7 19
8 2 10 2
10 12 9 12
11 2 11 3
11 3 11 2
11 7 13 7
12 4 8 4
12 4 18 4
14 2 15 2
15 21 16 21
16 2 19 2
17 6 16 6
17 6 20 6
18 1 19 1
20 18 20 16
20 18 20 19
21 4 21 3
21 4 21 5
21 4 21 3
21 6 21 9
21 6 20 6
21 11 21 10
1 16 1 14
4 2 4 3
4 2 2 2
7 20 7 19
8 6 8 9
8 6 9 6
8 6 8 9
8 6 9 6
9 12 9 14
10 6 13 6
11 7 13 7
18 19 17 19
21 6 21 9
21 6 20 6
21 11 21 10
1 13 1 10
17 19 12 19
21 10 21 9
1 13 1 10
18 9 18 16

2582

4 = = = 4   4 2 4 3 3 - - - - - - - - - - - 5 4 
ǁ 4 = = 5 1 4 2   1 4 = = 2 2 = 4 = = 6 3 1 | 2 
ǁ ǁ 2 2   2 7 - 7 = = = = = = = = = = 8 = = 5 1 
ǁ ǁ ǁ     1 5 2 ǁ 2 4 3 5 - - 5 4 1   ǁ 4 = 6 2 
ǁ 5 5 5 6 = = = 8 = 4 1 |     2 4 3   ǁ 6 2   1 
ǁ 4 2 1 2 2 = = 6 = = = 6       4 2   ǁ 4 2   | 
6 = = = = = = = = = = = = = = = = = = 6 - - 6 5 
ǁ 2 = 6 = 5                         3 5 4 2 | | 
ǁ 4 4 ǁ 2   4 = = 4 1 4           2 |   ǁ ǁ | | 
ǁ ǁ ǁ ǁ ǁ   2 2 4 |   | 3 = 5 2 2   |   ǁ ǁ | | 
ǁ ǁ 2 2 ǁ   1   ǁ |   | 1   | 2 ǁ   |   4 ǁ | | 
ǁ ǁ 2 4 ǁ   | 4 6 |   5 - - 4 6 6   |   3 5 | | 
ǁ 6 = 8 6   | ǁ 2 |   2 3 2 1 2 ǁ   | 4 2 ǁ | | 
ǁ ǁ 2 ǁ ǁ   4 6 - 7 - - - - - - 7 3 | |   ǁ | | 
ǁ 6 6 ǁ ǁ   2     4 2 2 4 2         | | 4 2 | | 
ǁ ǁ 2 ǁ ǁ   1 6       4 4 1         | | | 2 | | 
ǁ ǁ 1 ǁ ǁ   2 2         2 2       2 | | | 4 3 | 
ǁ ǁ | ǁ ǁ   5 - - - - - 2 - 1     | | 2 | 2 4 | 
ǁ 4 | ǁ 2   ǁ 2 = 3 - - - - - - 5 5 | 2 | 1 ǁ | 
ǁ 4 3 ǁ     ǁ                     1 | | |   ǁ | 
ǁ 2   6   4 5                   6 = 7 4 |   ǁ | 
ǁ 3 2 3 3 1 4 = = 3 3 2 2 = = = 6 2 | 1 |   ǁ | 
6 = = = = = = = = = = = = = = = = = 5 7 6 3 ǁ 2 
4 = = = = = = = = = = = = = = = = = 2 4 = = 6 2 
