24 24
1 3 2 0 0 4 2 0 0 0 0 0 1 1 4 1 2 2 4 3 1 0 2 2 
2 4 0 0 0 7 7 0 0 0 4 0 0 0 6 0 5 3 0 3 0 0 0 0 
0 2 2 0 0 0 0 3 1 0 4 4 4 0 8 0 3 1 0 1 2 0 4 4 
0 0 1 0 0 0 0 0 0 0 1 0 2 2 5 1 1 0 0 2 0 3 0 0 
0 0 0 0 0 0 0 4 0 0 0 7 0 0 6 0 0 0 6 0 0 7 4 0 
0 0 0 0 0 0 0 3 2 1 0 5 6 3 0 3 0 2 0 0 2 0 1 0 
0 0 0 0 0 0 5 0 0 0 0 3 5 2 0 2 1 0 0 0 0 0 2 3 
0 0 0 0 0 0 0 0 0 0 0 1 4 3 0 1 0 0 0 2 5 2 0 0 
0 0 0 0 0 0 4 0 0 0 0 0 5 0 0 0 0 0 0 1 0 0 0 0 
0 0 0 0 0 0 0 2 4 2 2 0 6 4 0 3 3 0 0 3 6 0 6 0 
0 0 0 0 0 0 2 2 0 1 2 1 2 1 0 1 0 0 0 0 0 0 0 0 
0 0 0 0 0 0 3 0 7 0 0 0 0 0 6 2 4 4 0 0 0 2 0 0 
0 0 0 0 0 0 4 0 7 0 0 0 4 2 4 2 2 0 0 0 0 0 0 0 
0 0 0 0 0 0 2 1 3 3 0 0 6 2 3 4 0 3 0 4 4 6 0 0 
4 5 0 0 0 6 3 0 0 0 0 0 3 0 0 0 3 2 0 2 1 2 0 0 
0 0 3 3 4 8 0 0 0 0 0 0 0 0 0 0 0 0 7 4 0 0 6 0 
0 0 0 0 0 0 0 0 0 2 0 0 0 0 0 0 0 4 0 1 4 0 5 3 
3 0 0 0 3 0 0 0 0 0 0 3 0 0 0 0 4 0 0 2 6 1 0 0 
0 0 0 0 0 0 0 0 0 0 0 1 0 0 0 0 0 0 0 0 4 3 1 0 
3 0 0 0 1 0 0 0 0 0 0 0 0 0 0 0 0 0 0 0 1 2 1 0 
1 0 1 0 1 0 0 0 0 0 0 0 0 0 0 0 0 0 0 3 0 5 3 0 
1 0 0 0 2 5 0 0 0 0 0 0 0 0 0 0 5 4 5 5 2 0 0 1 
0 3 0 4 0 0 0 0 0 3 2 1 0 0 0 0 1 2 3 4 0 4 0 0 
3 5 2 3 2 1 0 0 0 4 0 0 0 0 0 0 0 0 0 0 3 1 0 0 
200 86
0 14 0 13
0 14 0 15
0 14 1 14
0 14 1 14
1 5 1 1
1 5 1 6
1 5 0 5
1 5 14 5
2 14 2 12
2 14 2 16
2 14 1 14
2 14 3 14
4 11 4 7
4 11 4 14
4 11 2 11
4 11 5 11
4 21 4 18
4 21 4 22
4 21 3 21
4 21 7 21
5 12 5 11
5 12 5 13
5 12 6 12
5 12 5 11
5 12 5 13
5 12 6 12
6 6 6 11
6 6 1 6
6 6 8 6
9 22 9 20
9 22 6 22
9 22 15 22
11 8 11 6
11 8 11 14
11 8 9 8
11 8 12 8
13 21 13 20
13 21 11 21
13 21 14 21
15 5 15 4
15 5 15 18
15 5 14 5
15 5 21 5
15 22 15 19
15 22 9 22
15 22 16 22
20 22 20 21
20 22 19 22
20 22 20 21
23 0 23 1
23 0 21 0
23 0 23 1
2 14 2 12
2 14 2 16
2 14 1 14
2 14 3 14
3 10 2 10
9 22 9 20
9 22 6 22
13 21 13 20
13 21 11 21
13 21 14 21
15 5 15 4
15 5 15 18
15 5 14 5
15 5 21 5
15 18 15 19
15 18 4 18
15 18 21 18
15 22 15 19
15 22 16 22
16 17 16 9
16 17 21 17
16 17 16 9
16 17 21 17
17 16 17 11
17 16 21 16
17 16 17 11
17 16 21 16
5 20 7 20
5 22 4 22
8 12 8 6
8 12 7 12
8 12 9 12
17 11 18 11
5 20 7 20

2383

1 3 2     4 2           1 1 4 1 2 2 4 3 1   2 2 
2 4 - - - 7 7       4       6   5 3   3         
  2 2     | | 3 1   4 4 4 = 8 = 3 1   1 2   4 4 
    1     | |       1 | 2 2 5 1 1     2   3     
          | | 4 - - - 7 - - 6       6 - - 7 4   
          | | 3 2 1   5 6 3   3   2 |   2 | 1   
          | 5 - - - - 3 5 2   2 1   |   ǁ | 2 3 
          | |         1 4 3   1     | 2 5 2 ǁ   
          | 4 - - - - - 5           | 1     ǁ   
          |   2 4 2 2   6 4   3 3   | 3 6 = 6   
          | 2 2 | 1 2 1 2 1   1     |       ǁ   
          | 3 - 7 - - - - - 6 2 4 4 |     2 ǁ   
          | 4   7       4 2 4 2 2   |     ǁ ǁ   
          | 2 1 3 3     6 2 3 4   3 | 4 4 6 ǁ   
4 5       6 3           3       3 2 | 2 1 2 ǁ   
    3 3 4 8 = = = = = = = = = = = = 7 4 = = 6   
          ǁ       2 = = = = = = = 4 | 1 4   5 3 
3       3 ǁ           3 = = = = 4 ǁ | 2 6 1     
          ǁ           1         ǁ ǁ |   4 3 1   
3       1 ǁ                     ǁ ǁ |   1 2 1   
1   1   1 ǁ                     ǁ ǁ | 3   5 3   
1       2 5                     5 4 5 5 2     1 
| 3   4           3 2 1         1 2 3 4   4     
3 5 2 3 2 1       4                     3 1     
