24 24
2 1 3 2 0 3 3 0 6 2 2 4 2 0 0 6 0 0 0 0 0 0 0 3 
5 0 5 0 0 3 5 0 6 4 0 7 3 2 3 5 4 0 0 2 4 0 3 0 
4 2 0 0 0 1 3 1 0 4 2 2 1 1 0 3 3 0 0 0 2 0 0 0 
2 0 6 0 0 0 0 0 6 0 0 0 0 0 5 0 0 0 0 7 5 1 0 0 
0 2 0 4 3 2 0 3 0 2 0 3 0 0 5 1 1 0 0 3 2 0 0 0 
4 4 0 0 0 4 3 0 0 0 0 0 2 0 6 0 0 0 0 0 0 0 3 0 
2 2 0 2 0 5 4 0 0 0 4 0 0 0 7 0 0 0 0 0 4 2 0 0 
4 4 0 0 0 1 0 0 0 0 0 0 0 0 0 0 0 0 0 0 0 0 0 0 
0 0 0 0 0 0 0 0 0 0 0 0 0 0 5 0 0 0 0 2 0 0 0 0 
5 0 7 0 6 0 5 3 0 0 0 0 0 0 0 0 0 0 0 0 0 1 0 0 
0 2 0 2 0 0 0 1 0 1 0 0 0 0 0 0 0 0 0 0 0 0 0 0 
0 0 0 0 0 2 6 2 0 0 0 0 0 0 0 0 0 0 0 0 0 0 0 0 
0 0 3 3 0 1 5 3 0 0 2 0 0 0 1 0 0 0 0 0 0 0 0 0 
4 5 4 2 2 0 3 2 0 0 0 0 0 0 0 0 0 0 0 0 1 0 0 0 
2 2 1 0 0 0 0 0 0 0 0 0 0 0 0 0 0 0 0 0 0 0 0 0 
0 1 0 0 0 0 0 0 0 0 0 0 0 0 0 0 0 0 0 0 0 0 0 0 
4 0 0 0 0 0 0 0 6 0 0 0 0 0 0 0 0 0 0 0 0 0 5 2 
0 2 3 2 3 1 4 2 0 3 0 0 0 0 0 0 2 2 0 4 2 3 0 2 
0 0 2 0 4 0 4 0 4 5 0 0 0 0 0 0 0 0 0 8 4 3 3 4 
0 6 0 0 5 0 0 0 4 0 2 0 0 0 3 2 2 1 1 0 2 3 1 0 
4 7 4 4 5 0 1 2 5 0 4 0 1 0 0 1 0 0 0 0 0 2 0 0 
1 2 3 0 5 0 3 1 2 0 2 0 0 0 0 0 0 0 0 0 0 1 0 3 
4 0 0 0 0 0 0 0 0 6 0 0 0 0 7 0 5 4 2 4 2 2 2 1 
4 2 2 0 0 0 0 0 0 4 2 1 1 0 3 1 1 3 0 0 0 4 4 1 
200 187
0 8 0 6
0 8 0 9
0 8 1 8
0 8 0 6
0 8 0 9
0 8 1 8
0 15 0 12
0 15 0 23
0 15 1 15
0 15 0 12
0 15 0 23
0 15 1 15
0 23 16 23
1 0 1 2
1 0 0 0
1 0 2 0
1 8 1 6
1 8 1 9
1 8 3 8
1 8 1 6
1 9 1 11
1 9 2 9
1 9 1 11
1 11 1 12
1 11 0 11
1 11 2 11
2 9 2 10
2 9 4 9
2 9 2 10
3 14 3 19
3 14 1 14
3 14 4 14
6 14 6 10
6 14 6 20
6 14 5 14
6 14 8 14
8 14 8 19
8 14 6 14
8 14 12 14
8 14 8 19
9 0 9 2
9 0 7 0
9 0 13 0
18 19 18 9
18 19 18 20
18 19 17 19
18 19 22 19
18 19 18 9
18 19 18 20
18 19 17 19
18 19 22 19
19 1 19 4
19 1 17 1
19 1 20 1
19 1 19 4
19 1 17 1
19 1 20 1
20 1 20 0
20 1 20 2
20 1 21 1
20 3 20 2
20 3 20 4
20 3 20 2
20 3 20 4
21 4 21 2
21 4 21 6
21 4 20 4
22 14 22 9
22 14 22 16
22 14 19 14
22 14 23 14
22 19 22 18
22 19 22 20
23 0 23 1
23 0 22 0
23 0 23 1
23 0 22 0
0 10 0 11
0 11 0 10
0 11 1 11
15 1 14 1
17 19 17 17
17 19 17 20
20 2 20 1
20 12 20 10
20 15 19 15
22 0 22 9
22 0 21 0
22 9 22 14
22 9 18 9
22 9 23 9
22 9 18 9
23 2 23 9
23 9 23 2
23 9 23 10
23 10 23 11
23 12 23 14
17 17 17 16
20 0 20 1
20 0 16 0
20 0 16 0
20 8 20 7
20 8 19 8
20 8 21 8
20 10 19 10
20 10 21 10
20 10 19 10
21 1 21 2
21 2 21 4
16 0 16 8
16 0 14 0
16 8 16 22
16 8 3 8
16 8 18 8
16 8 16 22
16 8 3 8
17 16 17 9
3 8 3 2
6 10 6 14
6 10 12 10
6 10 12 10
9 21 6 21
10 9 4 9
13 20 6 20
17 9 18 9
18 8 18 6
18 8 19 8
18 8 18 6
19 8 19 4
19 8 20 8
2 7 2 6
3 8 3 2
17 7 17 6
18 6 18 4
18 6 17 6
3 2 3 0
3 2 1 2
3 2 9 2
3 2 3 0
4 1 5 1
4 3 4 4
4 3 6 3
4 3 4 4
4 3 6 3
5 0 5 1
5 0 6 0
5 0 5 1
5 0 6 0
5 1 4 1
6 1 7 1
6 5 6 6
6 5 5 5
6 5 7 5
7 0 7 1
7 0 9 0
7 0 7 1
7 1 6 1
9 2 9 0
9 2 9 4
9 2 12 2
10 1 13 1
13 0 13 1
13 0 14 0
13 0 13 1
17 6 17 5
17 6 17 7
2 0 2 1
2 0 1 0
2 0 2 1
6 5 6 6
6 5 5 5
6 6 5 6
6 6 9 6
9 2 9 4
9 2 12 2
9 4 9 6
9 4 4 4
9 4 13 4
9 4 9 6
10 1 13 1
10 3 12 3
5 5 5 6
5 5 4 5
10 3 12 3
4 5 4 7
4 7 9 7
4 7 9 7

3141

2 1 3 2   3 3 = 6 2 2 4 2 = = 6 = = = = = = = 3 
5 - 5     3 5 = 6 4 = 7 3 2 3 5 4     2 4   3 | 
4 2 |     1 3 1 | 4 2 2 1 1 | 3 3       2     | 
2 = 6 = = = = = 6 |         5 - - - - 7 5 1   | 
  2 | 4 3 2 - 3 ǁ 2   3     5 1 1     3 2     | 
4 4 | ǁ | 4 3 ǁ ǁ |     2   6               3 | 
2 2 | 2 | 5 4 ǁ ǁ | 4 = = = 7 - - - - - 4 2   | 
4 4 |   | 1 | ǁ ǁ | ǁ       ǁ           | |   | 
ǁ   |   |   | ǁ ǁ | ǁ       5 = = = = 2 | |   | 
5 = 7 = 6 = 5 3 ǁ | ǁ       |           | 1   | 
| 2 ǁ 2 |     1 ǁ 1 ǁ       |           |     | 
| ǁ ǁ ǁ | 2 6 2 ǁ   ǁ       |           |     | 
| ǁ 3 3 | 1 5 3 ǁ   2       1           |     | 
4 5 4 2 2   3 2 ǁ                       1     | 
2 2 1           ǁ                             | 
| 1             ǁ                             | 
4 - - - - - - - 6 = = = = = = = = = = = = = 5 2 
ǁ 2 3 2 3 1 4 2 | 3 - - - - - - 2 2 - 4 2 3   2 
ǁ ǁ 2   4 - 4 = 4 5 = = = = = = = = = 8 4 3 3 4 
ǁ 6 = = 5 - - - 4 ǁ 2       3 2 2 1 1 ǁ 2 3 1   
4 7 4 4 5   1 2 5 ǁ 4 - 1   | 1       ǁ   2     
1 2 3 = 5 - 3 1 2 ǁ 2       |         ǁ   1   3 
4 - - - - - - - - 6 = = = = 7 - 5 4 2 4 2 2 2 1 
4 2 2 = = = = = = 4 2 1 1 - 3 1 1 3       4 4 1 
