24 24
2 0 3 1 2 0 0 0 0 0 0 0 0 0 0 0 0 0 0 0 0 0 4 1 
2 0 6 0 0 0 0 0 0 0 0 0 0 0 0 0 0 0 3 2 0 3 0 2 
1 0 4 0 0 0 0 2 1 0 0 3 0 0 0 0 0 0 0 0 2 0 0 0 
2 4 0 4 2 0 0 3 0 0 0 8 0 2 0 0 0 0 0 3 4 0 0 0 
2 5 2 0 0 0 0 0 0 0 0 2 0 0 0 0 0 0 0 1 1 0 0 0 
1 0 0 6 0 0 0 0 0 0 0 0 0 0 0 0 0 0 7 0 0 6 7 4 
1 1 2 4 0 0 0 4 3 1 2 0 0 0 0 6 4 2 0 0 0 0 0 0 
0 2 5 4 0 0 0 3 3 0 0 4 3 1 0 0 2 0 0 0 0 0 0 0 
0 2 0 2 3 0 0 0 0 0 0 0 0 0 0 4 5 4 0 4 2 0 0 0 
0 0 0 0 0 1 2 0 0 0 0 0 0 0 0 2 2 1 0 0 0 0 0 1 
0 6 8 0 6 0 0 0 0 0 5 0 0 0 0 5 4 3 0 0 0 0 0 1 
0 0 0 2 7 2 1 4 3 1 4 0 0 4 2 0 1 2 0 4 0 4 4 3 
0 2 0 0 2 3 0 4 0 0 0 0 0 0 0 5 5 5 0 1 0 0 2 1 
0 0 0 3 0 4 0 0 0 1 0 0 0 0 0 1 1 1 0 2 0 5 6 3 
0 0 0 1 0 0 0 0 0 0 0 0 0 0 0 0 0 0 0 1 0 2 0 1 
4 0 5 0 0 0 0 0 0 0 0 0 0 0 0 0 0 0 6 0 0 5 0 2 
0 0 0 0 0 2 0 0 6 0 4 0 5 0 0 0 2 0 0 2 0 4 0 0 
0 2 6 0 0 1 0 0 2 1 2 0 0 0 0 0 0 0 0 2 0 2 0 0 
0 0 4 0 0 0 0 0 0 0 0 0 7 0 1 0 0 0 0 4 4 0 0 0 
5 0 0 0 4 3 0 0 0 2 0 0 0 0 0 0 0 0 0 1 2 0 0 0 
0 1 0 4 3 0 0 0 0 0 2 0 4 3 0 0 0 0 5 0 0 4 0 0 
5 0 0 7 0 5 1 0 0 0 0 2 4 0 2 0 3 0 0 3 2 0 4 3 
5 4 1 2 1 3 2 0 0 0 1 0 1 5 0 0 5 2 3 0 1 2 3 3 
2 4 0 0 0 2 0 0 0 0 0 0 0 2 0 0 1 0 3 4 3 1 1 2 
200 139
3 11 3 7
3 11 3 13
3 11 2 11
3 11 4 11
3 11 3 7
3 11 3 13
3 11 2 11
3 11 4 11
5 18 5 3
5 18 5 21
5 18 1 18
5 18 15 18
5 22 5 21
5 22 5 23
5 22 0 22
5 22 11 22
6 15 6 10
6 15 6 16
6 15 8 15
6 15 6 10
6 15 6 16
6 15 8 15
6 16 6 17
6 16 7 16
6 17 8 17
7 16 8 16
8 17 8 16
8 17 9 17
8 17 8 16
8 19 8 20
8 19 11 19
8 19 8 20
8 19 11 19
10 1 10 2
10 1 8 1
10 1 12 1
10 1 10 2
10 1 8 1
10 1 12 1
10 2 10 4
10 2 7 2
10 2 15 2
10 10 10 4
10 10 10 15
10 10 11 10
11 4 11 3
11 4 11 5
11 4 10 4
11 4 12 4
11 19 11 21
11 19 12 19
12 17 12 16
12 17 11 17
12 17 13 17
16 12 16 10
16 12 16 16
16 12 18 12
18 12 18 2
18 12 18 14
18 12 16 12
18 12 20 12
18 20 18 19
18 20 19 20
18 20 18 19
18 20 19 20
19 0 19 4
19 0 15 0
19 0 21 0
19 9 19 5
21 3 21 0
21 3 21 5
21 3 20 3
21 3 22 3
22 0 22 1
22 0 21 0
22 0 23 0
2 11 2 8
2 20 3 20
6 9 6 8
7 11 7 8
7 11 7 12
7 11 7 8
7 11 7 12
7 12 7 13
9 5 9 6
9 6 9 15
10 2 10 4
10 2 7 2
10 2 15 2
10 4 10 10
10 4 8 4
11 4 11 3
11 4 11 5
11 4 12 4
11 6 11 7
11 7 11 8
11 7 12 7
11 7 11 8
11 13 11 10
11 13 11 14
11 13 11 10
11 13 11 14
12 7 12 5
12 7 12 15
12 7 12 5
13 3 13 5
13 3 14 3
13 3 13 5
16 8 16 5
16 8 16 10
16 8 17 8
16 8 16 5
16 8 16 10
16 8 17 8
16 10 16 12
17 1 17 2
17 5 17 2
17 9 17 10
18 2 18 12
18 2 17 2
18 2 17 2
18 12 20 12
18 19 17 19
18 19 19 19
19 9 19 5
20 1 20 3
20 3 20 4
20 3 21 3
2 20 3 20
3 20 3 19
3 20 4 20
4 19 3 19
11 8 11 9
11 10 10 10
12 5 13 5
13 5 13 9
17 1 17 2
17 2 15 2
3 19 1 19

2109

2   3 1 2                                   4 1 
2   6                               3 2   3 | 2 
1   4         2 1 - - 3             | | 2   |   
2 4   4 2     3 = = = 8 = 2         | 3 4   |   
2 5 2                 2             | 1 1   |   
1     6 - - - - - - - - - - - - - - 7 - - 6 7 4 
1 1 2 4       4 3 1 2 = = = = 6 4 2 |       |   
  2 5 4       3 3 = = 4 3 1   ǁ 2 | |       |   
  2 ǁ 2 3                     4 5 4 | 4 2   |   
  ǁ ǁ   | 1 2 - - - - - - - - 2 2 1 | ǁ     | 1 
  6 8 = 6 = = = = = 5 - - - - 5 4 3 | ǁ     | 1 
  ǁ ǁ 2 7 2 1 4 3 1 4 = = 4 2   1 2 | 4 - 4 4 3 
  2 ǁ   2 3 = 4 - - - - - - - 5 5 5 | 1     2 1 
    ǁ 3 = 4 - - - 1           1 1 1 | 2   5 6 3 
    ǁ 1                             | 1   2   1 
4   5                               6     5   2 
|   |     2 = = 6 = 4 = 5 - - - 2     2   4     
| 2 6 - - 1     2 1 2   ǁ             2   2     
|   4 = = = = = = = = = 7 - 1         4 4       
5 - - - 4 3 = = = 2     ǁ             1 2       
| 1 - 4 3           2   4 3         5     4     
5 - - 7 - 5 1         2 4   2   3     3 2   4 3 
5 4 1 2 1 3 2       1   1 5     5 2 3   1 2 3 3 
2 4       2               2     1   3 4 3 1 1 2 
