24 24
3 0 0 0 4 0 0 4 0 0 0 0 0 5 5 0 0 0 0 4 0 0 5 3 
0 0 2 0 0 3 3 0 2 0 5 3 0 0 5 2 2 0 4 0 2 0 0 0 
0 1 0 0 0 4 0 0 3 4 0 4 2 0 2 3 0 3 0 0 0 0 0 0 
0 0 3 0 0 0 0 0 0 2 0 1 0 0 3 5 2 0 0 0 0 0 0 0 
2 4 0 0 0 0 0 0 4 0 5 0 0 7 0 0 0 6 7 5 0 0 0 0 
2 0 0 0 0 0 0 0 0 2 6 4 0 0 3 3 1 4 6 3 0 0 0 0 
0 4 0 0 0 0 4 0 0 0 2 3 0 0 4 0 0 0 0 0 5 2 0 0 
0 2 0 0 0 0 0 0 5 0 3 3 0 6 0 0 0 0 1 0 5 4 0 2 
5 0 7 0 5 0 0 0 0 2 1 0 0 0 0 0 0 0 0 0 0 0 0 0 
3 2 0 2 0 0 0 0 2 0 0 1 0 4 0 0 0 0 0 0 0 6 5 3 
2 2 6 5 3 0 2 0 4 6 4 4 0 3 0 0 0 0 0 0 0 4 5 0 
0 0 3 6 3 0 0 0 0 2 1 0 0 0 0 0 0 0 0 0 0 0 0 0 
5 0 0 0 0 7 0 8 8 0 0 0 0 0 7 0 0 0 0 0 6 0 6 3 
0 2 0 0 0 0 2 6 8 3 2 6 2 0 0 0 3 0 3 0 0 2 3 0 
0 6 0 0 0 6 4 0 2 0 0 0 0 0 0 2 6 2 0 0 0 5 4 2 
0 4 2 0 0 5 0 7 0 6 3 0 0 0 0 0 0 3 3 0 0 0 0 0 
0 4 0 3 4 6 3 0 0 0 3 0 0 0 0 0 0 0 0 0 0 3 0 0 
0 4 2 0 0 2 0 0 0 0 3 0 2 0 0 0 0 0 0 0 0 0 0 0 
0 0 0 0 0 0 1 0 0 4 4 0 0 0 0 0 0 0 0 0 0 0 0 0 
5 0 0 0 0 4 3 6 0 0 0 5 6 3 0 1 0 2 0 0 3 0 0 0 
0 3 0 0 0 0 0 6 4 3 3 5 5 3 0 0 0 0 0 0 0 0 0 4 
0 1 2 0 0 0 4 0 0 0 0 0 0 0 7 0 8 0 0 0 0 7 5 0 
5 0 0 0 0 0 0 0 0 0 5 2 3 0 6 1 5 5 4 0 0 3 6 4 
4 0 0 0 0 0 0 2 0 0 3 0 4 0 6 0 4 4 0 0 0 0 6 2 
200 189
0 13 0 7
0 13 0 14
0 13 4 13
0 22 0 19
0 22 0 23
0 22 9 22
1 10 1 8
1 10 1 11
1 10 4 10
1 14 1 15
1 14 0 14
1 14 2 14
2 9 2 8
2 9 3 9
2 9 2 8
2 9 3 9
4 18 4 17
4 18 4 19
4 18 1 18
4 18 5 18
8 0 8 2
8 0 5 0
8 0 9 0
10 22 10 21
10 22 9 22
10 22 12 22
12 0 12 5
12 0 10 0
12 0 19 0
12 7 12 5
12 7 12 8
12 7 0 7
12 7 13 7
12 8 12 7
12 8 12 14
12 8 10 8
12 8 13 8
13 8 13 7
13 8 13 9
13 8 12 8
13 8 14 8
13 11 13 10
13 11 13 12
13 11 19 11
13 11 13 10
13 11 13 12
13 11 19 11
14 1 14 5
14 1 13 1
14 1 15 1
15 7 15 5
15 7 15 9
15 7 13 7
15 7 19 7
16 4 16 3
16 4 16 5
16 4 16 3
16 4 16 5
17 12 19 12
20 8 20 7
20 8 20 9
20 8 20 7
20 8 20 9
21 14 21 6
21 14 21 16
21 14 12 14
21 14 22 14
21 16 21 14
21 16 21 21
21 16 14 16
21 16 22 16
21 22 21 21
21 22 14 22
21 22 22 22
22 0 22 10
22 0 19 0
22 0 23 0
22 17 22 16
22 17 22 18
22 17 23 17
23 0 23 7
23 0 22 0
23 14 23 12
23 14 23 16
23 14 22 14
23 22 23 17
23 22 23 23
23 22 22 22
2 12 2 11
7 1 6 1
7 8 7 10
7 8 4 8
7 8 9 8
8 4 8 2
8 4 0 4
8 4 10 4
11 3 11 2
11 3 11 4
11 3 10 3
11 3 11 2
11 3 11 4
11 3 10 3
11 4 10 4
12 7 12 5
12 7 12 8
12 7 0 7
13 8 13 7
13 8 13 9
13 8 12 8
13 9 15 9
14 1 14 5
14 1 13 1
14 1 15 1
14 6 14 5
14 6 13 6
14 6 14 5
14 6 13 6
16 3 16 1
17 12 19 12
19 15 14 15
20 7 20 1
20 7 19 7
20 7 20 1
20 7 19 7
20 11 20 10
20 11 20 12
20 11 19 11
20 23 14 23
20 23 22 23
20 23 14 23
20 23 22 23
21 16 21 21
21 16 14 16
21 16 22 16
23 0 23 7
23 14 23 12
23 14 23 16
23 14 22 14
23 22 23 17
23 22 23 23
23 22 22 22
1 2 3 2
2 1 4 1
2 5 1 5
2 5 12 5
2 5 1 5
2 5 12 5
2 12 2 11
5 9 5 10
6 6 1 6
6 6 10 6
6 6 1 6
6 6 10 6
7 1 6 1
11 2 10 2
12 14 12 20
12 14 6 14
12 14 21 14
13 7 15 7
14 15 14 16
22 23 22 22
22 23 22 22
1 2 3 2
1 5 1 6
3 2 8 2
5 9 5 10
6 1 4 1
7 13 7 11
7 13 4 13
7 13 9 13
7 13 7 11
7 13 4 13
7 13 9 13
8 2 8 0
8 2 8 4
8 2 10 2
8 2 10 2
9 3 10 3
9 21 9 22
9 21 7 21
9 21 10 21
9 21 9 22
9 21 7 21
9 21 10 21
12 14 12 20
12 14 6 14
6 1 4 1
9 3 10 3
4 1 4 0

3711

3       4     4 - - - - - 5 5         4 - - 5 3 
    2   | 3 3 ǁ 2 - 5 3   | 5 2 2   4   2   |   
  1 ǁ   | 4 ǁ ǁ 3 4 | 4 2 | 2 3   3 |       |   
  | 3   | ǁ ǁ ǁ   2 | 1   | 3 5 2   |       |   
2 4 |   | ǁ ǁ ǁ 4   5     7       6 7 5     |   
2 ǁ |   | ǁ ǁ ǁ | 2 6 4   ǁ 3 3 1 4 6 3     |   
| 4 |   | ǁ 4 ǁ |   2 3   ǁ 4           5 2 |   
| 2 |   | ǁ ǁ ǁ 5 - 3 3 = 6 ǁ       1   5 4 | 2 
5 = 7 = 5 ǁ ǁ ǁ | 2 1     ǁ ǁ             ǁ |   
3 2 ǁ 2 | ǁ ǁ ǁ 2     1   4 ǁ             6 5 3 
2 2 6 5 3 ǁ 2 ǁ 4 6 4 4   3 ǁ             4 5   
|   3 6 3 ǁ   ǁ | 2 1       ǁ               |   
5 - - - - 7 = 8 8 - - - - - 7 = = = = = 6   6 3 
| 2         2 6 8 3 2 6 2   ǁ   3   3     2 3   
| 6 = = = 6 4 ǁ 2 |   ǁ     ǁ 2 6 2       5 4 2 
| 4 2     5 - 7 - 6 3 ǁ     ǁ | ǁ 3 3       | ǁ 
| 4 - 3 4 6 3 |     3 ǁ     ǁ | ǁ         3 | ǁ 
| 4 2     2   |     3 ǁ 2   ǁ | ǁ           | ǁ 
|           1 |   4 4 ǁ ǁ   ǁ | ǁ           | ǁ 
5         4 3 6       5 6 3 ǁ 1 ǁ 2     3   | ǁ 
| 3 = = = = = 6 4 3 3 5 5 3 ǁ   ǁ           | 4 
| 1 2       4 - - - - - - - 7 = 8 = = = = 7 5 ǁ 
5 - - - - - - - - - 5 2 3   6 1 5 5 4     3 6 4 
4 = = = = = = 2     3   4 = 6 = 4 4 = = = = 6 2 
