24 24
2 0 3 0 0 0 0 0 0 0 0 5 4 4 2 1 0 4 0 0 6 4 0 0 
1 4 0 0 0 0 0 0 0 0 0 7 0 0 0 0 0 5 2 2 2 0 0 0 
2 0 4 0 3 0 0 2 2 4 1 0 2 0 6 3 3 4 0 6 2 0 0 0 
0 0 0 0 0 0 0 0 0 0 0 0 2 0 7 3 0 0 1 2 1 0 0 0 
0 0 0 0 0 4 0 7 0 5 0 0 2 0 0 4 2 0 0 0 0 0 0 0 
0 0 0 0 0 2 0 4 2 0 0 0 0 0 0 4 2 0 0 0 0 0 0 0 
0 0 0 4 6 0 0 0 0 7 4 0 6 0 6 0 0 4 4 0 0 0 0 0 
3 0 4 0 0 4 0 4 0 0 0 0 0 0 0 2 0 3 0 0 0 0 2 0 
0 0 2 0 0 0 2 0 0 0 3 0 0 0 0 0 0 0 0 0 0 0 0 0 
3 0 0 2 0 0 0 2 0 0 4 0 2 0 0 0 0 0 2 0 0 0 0 0 
0 0 2 4 5 4 3 0 0 0 2 0 0 0 3 4 0 7 2 0 3 0 0 0 
0 0 0 0 2 2 0 0 0 0 0 0 0 0 2 0 0 3 2 0 0 0 0 0 
0 0 2 8 0 8 0 0 0 8 0 7 0 0 0 0 0 0 0 7 4 0 0 0 
0 0 0 4 4 4 4 3 2 0 1 0 0 0 0 0 0 0 0 0 0 0 0 0 
0 0 0 2 2 2 4 0 0 0 0 0 1 0 5 0 0 0 0 7 2 0 0 0 
6 7 0 0 0 0 0 7 6 4 5 0 2 0 0 2 0 4 0 1 0 0 0 0 
0 0 2 3 2 0 0 0 0 2 2 0 0 0 0 2 0 5 0 2 0 7 8 4 
0 0 0 0 0 0 0 0 6 4 0 0 3 0 6 5 2 0 0 0 0 0 4 0 
0 6 0 4 7 2 0 0 0 0 0 0 0 0 0 2 0 0 0 1 0 3 0 2 
0 2 2 1 4 2 0 0 4 0 0 0 0 0 5 1 0 0 0 0 0 0 2 0 
0 0 0 0 0 1 0 0 2 0 0 0 0 0 2 0 0 0 0 0 0 0 0 0 
6 0 6 2 4 7 0 6 3 0 0 7 0 0 0 0 7 6 2 0 0 0 0 0 
4 1 2 2 2 2 2 2 3 2 4 3 1 2 0 0 7 0 0 0 0 0 6 2 
2 1 3 5 3 2 4 0 6 0 4 0 0 0 0 0 2 1 2 0 0 0 6 2 
200 332
0 11 0 2
0 11 0 12
0 11 1 11
0 20 0 17
0 20 0 21
0 20 1 20
0 20 0 17
0 20 0 21
0 20 1 20
0 21 16 21
0 21 16 21
3 14 3 12
3 14 3 15
3 14 2 14
3 14 6 14
4 5 4 7
4 5 5 5
4 5 4 7
4 5 5 5
4 7 4 9
4 7 2 7
4 7 5 7
6 3 6 4
6 3 9 3
6 3 6 4
6 3 9 3
6 4 6 9
6 4 2 4
6 4 10 4
6 4 6 9
6 9 6 10
6 9 4 9
6 9 12 9
7 5 7 7
7 5 10 5
7 5 7 7
7 5 10 5
7 7 9 7
7 22 16 22
8 6 10 6
10 17 10 15
10 17 10 18
10 17 7 17
10 17 11 17
12 3 12 2
12 3 12 5
12 3 10 3
12 3 13 3
12 3 12 2
12 3 12 5
12 3 10 3
12 3 13 3
12 5 12 9
12 5 11 5
12 5 13 5
12 9 12 5
12 9 12 11
12 9 6 9
12 9 15 9
12 19 12 11
12 19 12 20
12 19 3 19
12 19 14 19
13 3 13 4
13 3 14 3
13 4 13 5
13 4 14 4
13 4 13 5
13 10 15 10
14 14 14 12
14 14 14 19
14 14 17 14
14 19 14 14
14 19 14 20
14 19 12 19
14 19 15 19
14 19 14 20
15 0 15 1
15 0 9 0
15 0 21 0
15 0 15 1
15 0 9 0
15 0 21 0
15 1 15 7
15 1 1 1
15 1 18 1
15 17 15 15
15 17 16 17
15 17 15 15
15 17 16 17
16 21 16 19
16 21 16 22
16 21 18 21
16 22 16 21
16 22 16 23
16 22 7 22
16 22 17 22
16 23 16 22
16 23 18 23
16 23 16 22
17 8 17 9
17 8 15 8
17 8 19 8
17 8 17 9
17 8 15 8
17 8 19 8
17 22 19 22
18 1 18 3
18 1 15 1
18 1 19 1
18 4 18 3
18 4 18 5
18 4 16 4
18 4 19 4
18 21 18 19
18 21 16 21
18 23 22 23
21 0 21 2
21 0 22 0
21 5 21 4
21 5 21 7
21 5 20 5
21 5 22 5
21 11 21 8
21 11 21 16
21 11 12 11
21 11 22 11
22 16 22 13
22 16 22 22
22 16 21 16
22 16 23 16
23 3 23 2
23 3 23 4
23 3 22 3
23 8 23 6
23 8 23 10
23 8 22 8
23 8 23 6
23 8 23 10
23 8 22 8
23 10 23 16
23 10 22 10
23 17 23 18
23 18 23 22
0 13 0 12
0 13 0 14
0 13 0 12
0 13 0 14
0 17 0 15
0 17 1 17
2 14 2 12
2 14 2 15
2 14 3 14
2 14 2 12
2 14 2 15
5 7 5 8
5 7 4 7
5 7 5 8
7 2 2 2
7 2 8 2
7 2 2 2
7 2 8 2
7 7 9 7
8 6 10 6
9 0 7 0
10 2 10 3
10 2 10 3
10 4 10 5
10 4 11 4
10 4 10 5
10 4 11 4
11 5 12 5
12 5 13 5
12 9 12 11
12 9 15 9
12 20 12 19
12 20 10 20
12 20 12 19
13 6 13 7
13 6 14 6
13 6 13 7
13 6 14 6
14 3 14 4
14 5 14 6
14 6 14 5
14 14 17 14
15 8 15 7
15 8 15 9
15 8 13 8
15 8 15 7
15 9 15 10
15 10 16 10
15 12 17 12
16 2 16 3
16 19 16 17
17 9 16 9
17 14 17 12
17 14 17 15
17 14 19 14
17 14 17 12
17 22 19 22
18 1 18 3
18 1 19 1
19 8 19 5
19 8 20 8
19 14 19 15
19 14 20 14
19 14 20 14
20 8 21 8
21 0 21 2
21 0 22 0
21 2 21 3
21 2 19 2
21 2 22 2
21 2 21 3
21 5 21 4
21 5 21 7
21 5 22 5
21 7 21 8
21 7 22 7
21 7 22 7
21 11 21 16
21 11 12 11
21 11 22 11
21 17 21 16
21 17 21 18
21 17 16 17
21 17 21 16
21 17 21 18
21 17 16 17
22 0 22 1
22 0 23 0
22 6 23 6
22 8 22 9
22 9 22 10
22 10 22 11
22 12 22 13
22 22 22 16
22 22 22 23
22 22 23 22
22 22 23 22
23 0 23 1
23 6 23 5
23 23 23 22
23 23 23 22
0 12 0 11
2 2 2 4
2 2 0 2
2 4 2 7
2 8 2 9
4 7 4 9
7 0 2 0
10 20 3 20
12 11 1 11
12 11 1 11
13 8 13 7
15 7 15 1
15 10 16 10
16 2 16 3
16 9 17 9
16 15 17 15
18 15 17 15
19 2 19 3
21 4 19 4
21 4 22 4
22 16 21 16
22 22 23 22
23 5 23 4
0 0 0 2
0 0 1 0
0 11 1 11
1 11 1 17
2 0 7 0
2 8 2 9
2 9 2 10
2 9 4 9
2 20 2 19
2 20 2 19
4 9 6 9
6 10 8 10
6 12 6 14
6 12 4 12
6 12 9 12
6 12 6 14
6 12 4 12
6 12 9 12
6 14 6 17
6 14 3 14
6 14 10 14
9 10 8 10
9 10 10 10
9 10 8 10
9 10 10 10
16 15 17 15
17 16 17 15
17 16 21 16
18 3 18 4
19 4 19 5
19 4 18 4
1 11 1 17
2 19 2 17
2 19 1 19
2 19 3 19
2 19 2 17
3 12 3 14
5 15 5 16
5 15 4 15
5 15 5 16
5 15 4 15
16 3 16 4
18 4 18 5
1 19 1 18
4 15 4 16
4 15 3 15
4 16 2 16
1 18 1 17
3 15 2 15
3 18 6 18
6 18 6 17
6 18 9 18
6 18 6 17
9 18 10 18
10 17 10 15
10 17 7 17
10 17 11 17
11 18 11 17
1 17 2 17
2 16 2 17
6 17 7 17
7 15 10 15
10 15 10 14
11 14 10 14

2159

2 - 3 - - - - - - - - 5 4 4 2 1 - 4 = = 6 4     
1 4 |                 7 = = = = = 5 2 2 2 ǁ     
2 | 4 - 3 - - 2 2 4 1 ǁ 2 = 6 3 3 4 = 6 2 ǁ     
ǁ | ǁ   |     |   |   ǁ 2 = 7 3 |   1 2 1 ǁ     
ǁ | ǁ   | 4 = 7 = 5   ǁ 2   ǁ 4 2   | | | ǁ     
ǁ | ǁ   | 2   4 2 ǁ   ǁ ǁ   ǁ 4 2   | | | ǁ     
ǁ | ǁ 4 6 = = = = 7 4 ǁ 6 = 6 - - 4 4 | | ǁ     
3 | 4 ǁ | 4 = 4   ǁ | ǁ ǁ   | 2   3 | | | ǁ 2   
| | 2 ǁ | ǁ 2 ǁ   ǁ 3 ǁ ǁ   | |   ǁ | | | ǁ ǁ   
3 |   2 | ǁ ǁ 2   ǁ 4 ǁ 2   | |   ǁ 2 | | ǁ ǁ   
ǁ | 2 4 5 4 3     ǁ 2 ǁ     3 4 = 7 2 | 3 ǁ ǁ   
ǁ |   ǁ 2 2       ǁ   ǁ     2     3 2 | | ǁ ǁ   
ǁ | 2 8 = 8 = = = 8 = 7 - - - - - - - 7 4 ǁ ǁ   
ǁ |   4 4 4 4 3 2 ǁ 1 ǁ               ǁ   ǁ ǁ   
ǁ |   2 2 2 4   | ǁ | ǁ 1 - 5 = = = = 7 2 ǁ ǁ   
6 7 = = = = = 7 6 4 5 ǁ 2   ǁ 2 = 4   1   ǁ ǁ   
ǁ ǁ 2 3 2       ǁ 2 2 ǁ |   ǁ 2   5 - 2 - 7 8 4 
ǁ ǁ     |       6 4   ǁ 3 = 6 5 2 ǁ       ǁ 4 | 
ǁ 6 = 4 7 2     ǁ     ǁ     | 2 | ǁ   1 - 3 ǁ 2 
ǁ 2 2 1 4 2 - - 4     ǁ     5 1 | ǁ         2 | 
ǁ   |   | 1     2     ǁ     2   | ǁ           | 
6 = 6 2 4 7 = 6 3 - - 7 = = = = 7 6 2         | 
4 1 2 2 2 2 2 2 3 2 4 3 1 2 - - 7 = = = = = 6 2 
2 1 3 5 3 2 4 = 6 = 4 - - - - - 2 1 2 - - - 6 2 
