24 24
0 0 3 3 6 0 0 0 0 0 4 2 0 0 0 4 4 0 5 5 3 0 2 1 
3 0 7 0 7 0 0 0 0 0 0 0 0 0 0 8 0 0 7 5 2 1 4 3 
1 0 4 1 2 0 0 0 1 1 0 3 0 0 0 3 1 0 0 2 1 0 0 0 
1 1 5 0 3 0 0 0 4 4 0 6 0 0 0 0 0 0 7 4 3 0 0 0 
3 0 5 0 1 0 0 0 0 2 0 2 0 0 1 0 0 0 0 2 4 0 0 0 
3 1 0 2 0 0 0 0 7 0 0 0 0 0 0 0 0 0 7 0 0 3 0 0 
0 0 0 1 1 0 0 0 0 0 0 0 0 0 3 0 2 0 0 2 4 1 0 0 
0 0 0 4 6 0 0 0 8 0 0 0 0 0 5 0 2 1 0 1 0 0 0 0 
0 0 0 2 0 1 0 0 0 1 3 0 0 0 4 0 3 0 0 0 0 0 0 0 
4 0 4 4 5 5 2 2 5 2 5 2 1 0 3 0 3 0 0 0 0 0 0 1 
2 1 0 4 0 0 0 2 0 0 3 2 0 0 0 0 0 0 0 0 0 0 0 2 
3 0 6 0 0 0 0 0 0 0 0 0 0 0 0 0 0 0 6 0 6 0 7 4 
0 1 0 0 0 0 0 0 0 0 2 1 2 1 3 0 1 0 0 2 0 0 0 1 
0 0 0 0 0 0 0 3 0 0 4 0 5 4 4 0 0 0 0 0 0 0 0 0 
5 2 0 0 0 0 0 2 0 0 0 0 2 0 1 0 0 0 0 0 0 0 0 0 
2 0 0 0 0 0 0 0 0 0 0 5 0 6 0 0 0 0 6 4 0 0 0 0 
2 0 0 0 0 0 0 0 0 0 0 3 1 0 0 0 0 0 0 2 0 1 0 0 
5 0 3 0 0 0 0 0 0 0 3 4 0 6 3 0 0 0 5 4 0 0 0 0 
0 0 0 1 0 0 0 0 0 0 0 6 2 0 5 2 0 0 0 3 4 2 0 0 
0 1 3 0 0 0 0 0 0 0 0 6 1 0 1 0 0 0 2 2 0 1 5 3 
0 0 0 0 0 0 0 0 0 2 1 5 2 0 0 0 2 0 4 0 7 2 4 2 
2 0 0 0 0 0 0 0 0 0 0 1 0 0 2 0 3 0 1 2 6 0 3 0 
1 0 4 0 0 0 0 0 0 5 0 0 0 5 0 0 0 0 3 1 5 4 3 0 
1 0 3 0 0 0 0 0 0 3 0 2 2 3 1 3 0 0 5 0 1 3 4 1 
200 83
0 4 0 3
0 4 0 10
0 4 1 4
0 18 0 16
0 18 0 19
0 18 1 18
1 0 1 2
1 0 2 0
1 0 1 2
1 2 1 4
1 2 0 2
1 2 2 2
1 15 1 4
1 15 1 18
1 15 0 15
1 15 2 15
3 18 3 11
3 18 3 19
3 18 1 18
3 18 5 18
5 8 5 3
5 8 5 18
5 8 3 8
5 8 7 8
7 8 7 4
7 8 7 14
7 8 5 8
7 8 9 8
9 4 9 3
9 4 9 5
9 4 7 4
9 5 9 4
9 5 9 6
9 5 8 5
11 22 11 20
11 22 11 23
11 22 1 22
11 22 19 22
14 0 14 1
14 0 11 0
14 0 15 0
17 0 17 2
17 0 16 0
17 0 21 0
19 1 19 2
20 20 20 18
20 20 20 21
20 20 18 20
20 20 21 20
23 18 23 15
23 18 23 20
23 18 22 18
0 4 0 3
0 4 0 10
0 4 1 4
0 10 0 11
1 15 1 4
1 15 1 18
1 15 0 15
1 15 2 15
2 16 2 15
4 14 4 11
7 8 7 4
7 8 7 14
7 8 9 8
9 5 9 4
9 6 9 7
22 20 22 19
22 20 22 21
22 20 21 20
23 18 23 15
23 18 22 18
0 3 0 2
0 10 0 11
0 15 0 16
0 15 0 16
0 16 0 18
7 4 7 3
7 4 6 4
7 4 7 3
22 20 22 21
22 20 21 20
0 2 1 2

2575

    3 3 6 = = = = = 4 2       4 4 = 5 5 3   2 1 
3 = 7 - 7 = = = = = = = = = = 8 = = 7 5 2 1 4 3 
1   4 1 2       1 1   3       3 1   | 2 1   |   
1 1 5   3       4 4   6 - - - - - - 7 4 3   |   
3   5   1       | 2   2 - - 1       | 2 4   |   
3 1   2 - - - - 7 - - - - - - - - - 7     3 |   
      1 1       ǁ           3   2     2 4 1 |   
      4 6 = = = 8 = = = = = 5   2 1   1     |   
      2 | 1     ǁ 1 3       4   3           |   
4   4 4 5 5 2 2 5 2 5 2 1   3   3           | 1 
2 1   4       2     3 2                     | 2 
3   6                               6   6 - 7 4 
| 1                 2 1 2 1 3   1     2     | 1 
|             3     4   5 4 4               |   
5 2           2         2   1               |   
2                     5   6         6 4     |   
2                     3 1             2   1 |   
5 - 3               3 4   6 3       5 4     |   
|     1               6 2   5 2       3 4 2 |   
| 1 3                 6 1   1       2 2 | 1 5 3 
|                 2 1 5 2       2   4 - 7 2 4 2 
2                     1     2   3   1 2 6   3   
1   4             5       5         3 1 5 4 3   
1   3             3   2 2 3 1 3 = = 5 - 1 3 4 1 
