24 24
4 0 6 4 2 0 5 6 4 0 6 0 0 0 0 0 0 3 3 0 4 4 3 0 
0 2 4 4 0 0 0 3 0 3 0 0 0 0 0 1 0 0 4 0 0 0 0 0 
5 5 0 0 4 4 0 4 4 0 0 0 0 0 2 0 0 0 5 2 4 0 5 3 
3 0 0 0 1 2 0 0 4 0 0 0 0 0 0 0 2 0 0 0 0 0 0 0 
3 5 0 0 4 0 8 4 0 0 6 2 0 0 0 0 0 0 5 0 7 6 0 0 
0 0 0 0 0 0 0 0 0 0 3 3 0 0 3 0 0 0 0 0 0 2 0 0 
1 0 0 0 6 2 0 1 0 0 0 0 2 0 0 0 0 0 3 1 0 2 0 0 
0 0 0 0 5 3 0 0 0 0 0 0 3 4 0 5 4 0 0 0 0 0 0 3 
3 0 0 0 2 2 0 0 0 0 0 0 0 0 0 1 0 0 0 0 0 0 0 0 
0 0 6 6 0 0 7 7 8 6 0 4 0 6 0 0 0 6 0 0 7 5 0 0 
0 0 2 0 0 0 0 2 2 0 0 0 0 0 4 5 1 0 0 0 0 1 0 0 
0 0 2 5 2 0 0 1 0 0 2 3 0 0 2 0 0 0 2 4 4 1 0 0 
0 0 5 6 3 0 0 2 0 4 0 1 2 4 0 3 0 0 0 0 2 0 0 0 
0 0 3 5 4 0 0 0 0 1 0 0 0 0 0 0 0 0 0 0 0 0 0 0 
6 6 0 0 0 0 6 0 0 0 0 0 0 0 0 0 0 4 0 7 0 5 6 3 
3 0 0 0 2 0 7 6 0 2 0 0 0 0 0 0 0 0 0 2 2 4 5 4 
2 0 2 0 4 1 0 0 4 5 2 2 4 0 0 2 0 0 0 0 0 0 0 0 
0 4 0 0 7 5 0 0 4 0 0 0 0 0 0 0 0 0 0 0 0 0 0 0 
0 0 0 0 0 2 0 0 5 5 4 5 0 0 0 0 0 0 0 0 0 4 2 0 
0 0 0 0 4 4 0 0 0 0 0 4 3 0 0 0 0 0 0 0 0 0 0 0 
0 6 0 0 4 6 0 5 6 5 5 0 0 0 0 0 0 7 0 0 6 0 3 0 
0 4 0 0 2 2 0 3 3 1 1 0 2 4 0 3 0 5 0 3 5 3 0 0 
5 0 0 0 0 0 7 0 0 0 0 0 5 4 0 0 0 3 2 6 8 6 6 4 
2 1 0 0 0 0 3 0 0 0 0 0 4 0 0 0 4 4 4 3 3 0 0 0 
200 191
0 0 0 2
0 0 2 0
0 2 0 0
0 2 0 3
0 2 1 2
0 6 0 4
0 6 0 7
0 6 4 6
0 7 0 6
0 7 0 8
0 7 1 7
0 10 0 8
0 10 0 17
0 10 4 10
2 5 2 4
2 5 3 5
2 5 2 4
2 5 3 5
3 8 2 8
3 8 9 8
3 8 2 8
3 8 9 8
3 16 7 16
4 6 4 4
4 6 4 7
4 6 0 6
4 6 9 6
4 10 4 11
4 10 0 10
4 10 5 10
4 18 4 20
4 18 2 18
4 18 6 18
4 21 4 20
4 21 0 21
4 21 5 21
6 12 7 12
7 4 7 5
7 4 6 4
7 4 8 4
9 2 9 3
9 2 1 2
9 2 10 2
9 7 9 6
9 7 9 8
9 7 6 7
9 7 10 7
9 8 9 7
9 8 9 9
9 8 10 8
9 20 9 17
9 20 9 21
9 20 4 20
9 20 11 20
9 21 9 20
9 21 6 21
9 21 10 21
12 2 12 3
12 2 11 2
12 2 13 2
13 3 13 2
13 3 13 4
13 3 12 3
14 0 14 1
14 0 8 0
14 0 15 0
14 19 14 17
14 19 14 21
14 19 11 19
14 19 15 19
15 6 15 4
15 6 15 7
15 6 14 6
15 6 22 6
17 4 17 1
17 4 17 5
17 4 16 4
17 4 19 4
17 8 16 8
17 8 18 8
17 8 16 8
17 8 18 8
19 11 19 12
19 11 18 11
19 11 19 12
19 11 18 11
20 1 20 4
20 1 17 1
20 1 21 1
20 5 20 4
20 5 19 5
20 5 21 5
20 5 20 4
20 5 19 5
20 5 21 5
20 7 20 8
20 7 15 7
20 7 21 7
20 17 20 10
20 17 20 20
20 17 14 17
20 17 21 17
22 0 22 6
22 0 16 0
22 0 23 0
22 20 22 19
22 20 22 21
22 20 21 20
22 20 23 20
22 21 22 20
22 21 22 22
22 21 21 21
22 22 22 21
22 22 22 23
22 22 20 22
22 23 22 22
22 23 15 23
23 16 23 12
23 16 23 17
23 16 23 12
23 16 23 17
0 0 2 0
0 2 0 3
0 2 1 2
0 7 0 8
0 7 1 7
0 10 0 8
0 10 0 17
2 1 2 0
2 1 1 1
2 1 4 1
2 8 2 7
2 22 2 23
2 22 0 22
2 22 14 22
3 16 7 16
4 6 4 4
4 6 4 7
4 6 9 6
4 7 2 7
4 21 4 20
4 21 0 21
4 21 5 21
6 4 6 5
6 4 4 4
6 4 7 4
6 12 7 12
6 19 6 18
6 21 9 21
9 2 9 3
9 2 1 2
9 2 10 2
9 7 9 6
9 7 9 8
12 20 11 20
14 0 14 1
14 0 8 0
14 0 15 0
19 12 16 12
20 1 20 4
20 1 17 1
20 1 21 1
21 1 21 4
21 4 21 1
22 20 22 19
22 20 22 21
22 20 21 20
22 22 22 23
23 20 23 19
23 20 23 19
1 1 2 1
1 3 0 3
1 3 9 3
1 3 0 3
1 3 9 3
2 8 2 7
4 7 2 7
6 18 4 18
8 0 6 0
12 20 11 20
19 4 19 5
19 4 17 4
19 4 19 5
0 4 2 4
1 7 1 9
1 9 9 9
2 4 3 4
4 4 6 4
18 5 17 5
1 9 9 9
18 5 17 5

2762

4 = 6 4 2 - 5 6 4 = 6 = = = = = = 3 3   4 4 3   
ǁ 2 4 4 |   ǁ 3 - 3 ǁ         1     4     ǁ |   
5 5 ǁ ǁ 4 4 ǁ 4 4 ǁ ǁ       2       5 2 4 ǁ 5 3 
3 | ǁ ǁ 1 2 ǁ ǁ 4 ǁ ǁ           2   |     ǁ |   
3 5 ǁ ǁ 4 = 8 4 ǁ ǁ 6 2         ǁ   5 - 7 6 |   
    ǁ ǁ ǁ   ǁ   ǁ ǁ 3 3     3   ǁ   ǁ   | 2 |   
1   ǁ ǁ 6 2 ǁ 1 ǁ ǁ     2       ǁ   3 1 | 2 |   
|   ǁ ǁ 5 3 ǁ | ǁ ǁ     3 4   5 4       | ǁ | 3 
3   ǁ ǁ 2 2 ǁ | ǁ ǁ           1         | ǁ |   
ǁ   6 6     7 7 8 6   4   6       6 - - 7 5 |   
ǁ   2         2 2           4 5 1       | 1 |   
ǁ   2 5 2     1     2 3     2       2 4 4 1 |   
ǁ   5 6 3     2   4   1 2 4   3       | 2   |   
ǁ   3 5 4         1                   |     |   
6 6         6                     4 - 7 - 5 6 3 
3       2 - 7 6   2               |   2 2 4 5 4 
2   2   4 1 | | 4 5 2 2 4     2   |           | 
| 4 - - 7 5 | | 4       |         |           | 
| ǁ     ǁ 2 | | 5 5 4 5 |         |       4 2 | 
| ǁ     4 4 | |       4 3         |           | 
| 6 = = 4 6 | 5 6 5 5 - - - - - - 7 - - 6   3 | 
| 4 = = 2 2 | 3 3 1 1   2 4   3   5   3 5 3 | | 
5 - - - - - 7           5 4       3 2 6 8 6 6 4 
2 1         3           4 = = = 4 4 4 3 3       
