24 24
4 2 2 0 0 0 4 0 5 0 0 0 0 0 0 0 0 0 0 4 0 0 4 2 
5 0 0 0 0 0 5 2 4 0 0 0 0 0 0 0 0 2 0 0 3 3 3 3 
0 3 5 0 5 4 7 2 3 0 0 0 0 0 0 0 2 1 0 0 2 0 4 3 
0 1 2 1 0 2 3 1 4 0 0 3 2 0 0 2 1 0 0 0 1 0 0 2 
5 0 0 0 5 0 0 0 0 0 0 0 0 0 0 0 0 0 0 4 0 4 7 5 
0 1 3 0 7 0 2 2 3 0 0 0 0 4 1 0 0 0 0 0 1 0 0 0 
0 0 2 1 4 2 3 4 0 0 0 2 0 4 0 0 0 1 0 0 0 0 0 0 
0 3 0 0 0 0 0 0 5 0 0 0 0 0 0 0 0 0 0 4 4 0 0 1 
0 5 0 0 2 0 0 0 0 2 0 0 0 0 4 0 0 3 0 0 0 0 0 0 
0 0 1 0 0 3 0 0 5 0 0 0 0 0 0 0 0 3 2 0 0 0 0 0 
0 4 0 0 0 6 3 2 0 1 0 0 4 1 0 1 0 0 0 0 0 0 0 0 
0 0 0 2 0 0 1 3 0 0 0 0 5 0 0 5 0 5 4 0 0 0 0 0 
0 0 0 0 0 0 0 0 0 3 3 0 5 0 3 3 2 0 1 0 3 0 0 2 
0 0 0 0 0 0 0 0 0 0 0 2 0 0 5 0 0 5 2 0 3 0 0 0 
0 0 0 0 0 0 0 3 0 0 0 1 0 0 1 2 1 0 1 0 0 0 0 0 
0 5 0 8 3 0 0 0 0 4 0 0 0 0 6 6 5 4 2 0 0 0 0 0 
0 0 1 0 3 0 0 2 0 0 0 0 0 0 0 3 0 0 4 0 0 0 0 0 
0 3 0 0 0 0 0 1 0 0 0 0 0 0 0 1 2 3 0 0 0 0 0 0 
0 2 2 6 4 0 5 0 6 0 0 0 0 0 7 0 3 6 4 0 0 0 0 0 
0 0 0 2 1 0 2 2 4 0 0 0 1 0 3 0 0 3 1 0 0 4 5 5 
0 4 0 0 0 6 0 0 0 0 0 0 0 0 0 0 0 0 0 6 5 3 3 3 
0 4 4 3 0 6 4 3 3 1 0 0 0 0 0 3 0 0 0 6 0 0 4 0 
4 1 2 2 0 4 2 0 0 2 0 5 0 6 0 5 3 0 0 1 4 0 7 2 
4 0 0 0 0 0 0 0 5 0 0 2 0 3 1 2 3 0 1 0 3 0 2 0 
200 73
0 0 0 1
0 0 1 0
0 8 0 6
0 8 0 19
0 8 1 8
2 4 2 2
2 4 2 5
2 4 4 4
2 6 2 5
2 6 2 7
2 6 1 6
2 6 3 6
4 0 4 4
4 0 1 0
4 0 22 0
4 22 4 21
4 22 4 23
4 22 2 22
4 22 19 22
4 23 4 22
4 23 3 23
4 23 7 23
5 4 5 2
5 4 5 6
5 4 4 4
5 4 6 4
8 1 8 4
8 1 7 1
8 1 10 1
12 23 19 23
15 1 15 3
15 1 10 1
15 1 17 1
15 3 15 1
15 3 15 4
15 3 11 3
15 3 18 3
16 2 18 2
18 14 18 8
18 14 18 16
18 14 15 14
18 14 19 14
22 11 22 9
22 11 22 13
22 11 23 11
22 13 22 11
22 13 22 15
22 13 23 13
22 22 22 20
22 22 22 23
22 22 21 22
22 22 23 22
23 0 23 8
23 0 22 0
0 0 0 1
0 0 1 0
2 1 2 2
2 1 3 1
2 1 2 2
3 3 3 2
4 23 4 22
9 2 9 5
12 12 12 10
12 12 12 14
12 12 11 12
12 23 19 23
15 3 15 4
15 3 11 3
15 3 18 3
23 0 23 8
23 0 22 0
3 2 2 2
3 23 2 23

2090

4 2 2       4 - 5 - - - - - - - - - - 4     4 2 
5           5 2 4                 2     3 3 3 3 
| 3 5 - 5 4 7 2 3               2 1     2   4 3 
| 1 2 1 | 2 3 1 4     3 2     2 1       1   | 2 
5 - - - 5                             4   4 7 5 
| 1 3 - 7 - 2 2 3         4 1           1   | | 
|   2 1 4 2 3 4       2   4       1         | | 
| 3             5                     4 4   | 1 
| 5 - - 2         2         4     3         |   
| | 1 - - 3     5                 3 2       |   
| 4       6 3 2   1     4 1   1             |   
| |   2     1 3         5     5   5 4       |   
| |   ǁ           3 3 - 5 - 3 3 2   1   3   | 2 
| |   ǁ               2     5     5 2   3   | ǁ 
| |   ǁ       3       1     1 2 1   1       | ǁ 
| 5 = 8 3         4         6 6 5 4 2       | ǁ 
| | 1 ǁ 3     2             | 3     4       | ǁ 
| 3 | ǁ       1             | 1 2 3         | ǁ 
| 2 2 6 4   5   6 - - - - - 7 - 3 6 4       | ǁ 
|     2 1   2 2 4       1   3     3 1     4 5 5 
| 4       6                           6 5 3 3 3 
| 4 4 3   6 4 3 3 1           3       6     4   
4 1 2 2   4 2     2 - 5 = 6 - 5 3     1 4 - 7 2 
4 = = = = = = = 5     2   3 1 2 3   1   3   2   
