24 24
4 0 0 0 6 0 0 0 6 4 3 0 0 5 0 0 0 0 0 0 0 0 0 4 
2 2 2 2 0 3 0 4 0 0 1 1 0 0 0 0 0 0 0 2 0 0 1 0 
2 8 5 5 0 5 6 5 0 0 0 0 0 0 2 0 4 0 0 8 0 0 7 6 
2 0 0 2 0 2 0 0 0 5 0 3 1 0 0 0 0 0 0 0 1 0 0 0 
6 7 0 0 6 0 4 0 0 0 0 0 0 0 0 0 0 0 0 0 0 1 0 0 
4 0 4 2 0 1 2 0 0 4 4 2 0 1 0 0 0 0 0 5 2 0 0 2 
0 2 5 0 7 0 3 0 0 0 0 0 0 0 0 0 0 0 0 2 0 3 0 2 
2 2 0 0 0 2 0 0 0 0 0 0 0 0 0 0 0 0 0 0 0 0 0 0 
2 0 5 2 0 3 0 4 0 0 0 0 0 0 0 0 0 0 0 0 0 0 0 3 
0 0 4 2 4 4 2 4 0 0 0 0 0 0 0 0 3 0 0 0 0 4 0 0 
0 4 0 0 4 0 0 2 0 0 0 0 0 0 0 0 2 0 0 0 0 0 0 0 
5 0 0 0 7 0 0 0 8 0 0 0 0 0 0 0 0 0 0 0 0 7 7 3 
0 3 0 0 7 4 2 2 0 2 4 0 0 5 0 0 0 0 0 1 2 0 1 2 
0 3 0 0 0 2 0 4 5 0 0 0 0 5 0 0 2 1 0 5 4 0 2 4 
0 2 0 0 0 2 0 0 0 0 0 4 0 0 6 0 0 0 4 0 0 0 0 0 
0 2 0 0 5 3 0 0 0 2 0 8 2 0 3 1 0 0 0 5 0 8 8 4 
0 0 0 0 3 2 0 0 0 0 0 0 0 0 0 0 0 0 0 1 0 0 4 2 
6 0 0 0 0 0 7 5 0 0 0 4 0 0 0 0 0 0 0 4 0 6 1 2 
2 2 6 2 2 0 4 2 0 0 0 2 0 0 0 0 0 0 0 2 1 3 0 0 
2 0 6 0 0 0 0 0 8 0 0 0 0 0 0 0 0 0 8 0 0 0 7 4 
3 2 0 2 4 6 0 0 8 0 0 0 0 2 1 0 0 0 5 0 3 1 3 0 
1 0 0 0 2 0 2 0 0 2 0 0 0 0 0 0 0 0 6 2 0 2 0 0 
4 0 7 4 3 6 5 2 7 3 0 0 0 0 0 2 0 0 3 2 1 0 2 0 
3 2 4 2 2 2 2 0 3 0 0 0 0 0 0 0 0 0 0 0 0 3 1 0 
200 331
0 0 0 4
0 0 1 0
0 0 0 4
0 0 1 0
0 4 0 8
0 4 4 4
0 8 0 4
0 8 0 9
0 8 11 8
0 13 0 10
0 13 0 23
0 13 5 13
0 23 0 13
0 23 2 23
0 23 2 23
1 7 1 5
1 7 2 7
1 7 1 5
1 7 2 7
2 1 2 0
2 1 2 2
2 1 1 1
2 1 4 1
2 1 2 0
2 1 2 2
2 1 1 1
2 1 4 1
2 3 2 2
2 3 1 3
2 3 3 3
2 5 2 6
2 5 1 5
2 5 3 5
2 6 2 5
2 6 2 7
2 6 4 6
2 6 2 5
2 6 2 7
2 7 8 7
2 19 2 16
2 19 2 22
2 19 1 19
2 19 5 19
2 19 2 16
2 19 2 22
2 19 1 19
2 19 5 19
2 22 2 23
2 22 1 22
2 22 11 22
2 23 2 22
2 23 5 23
3 0 4 0
3 5 5 5
3 9 3 11
3 9 0 9
3 9 5 9
3 20 5 20
4 0 4 1
4 0 3 0
4 0 5 0
4 4 4 1
4 4 0 4
4 4 6 4
4 4 4 1
4 4 6 4
4 6 5 6
4 21 6 21
6 4 6 2
6 4 6 6
6 4 9 4
7 5 8 5
8 7 8 5
8 7 9 7
8 7 8 5
9 7 9 6
9 7 10 7
9 7 9 6
11 0 11 4
11 0 8 0
11 0 17 0
11 8 11 4
11 8 11 21
11 8 0 8
11 8 13 8
11 22 11 21
11 22 11 23
11 22 2 22
11 22 12 22
12 4 12 1
12 4 12 5
12 4 11 4
12 4 15 4
12 10 12 9
12 10 12 13
12 10 12 9
12 10 12 13
12 13 12 19
12 13 13 13
12 13 13 13
12 20 13 20
13 19 13 17
13 19 13 20
13 19 15 19
14 14 14 11
14 14 14 18
14 14 15 14
14 14 14 11
14 14 14 18
14 14 15 14
14 18 19 18
14 18 19 18
15 11 15 9
15 11 15 12
15 11 14 11
15 11 17 11
15 11 15 9
15 11 15 12
15 11 14 11
15 11 17 11
15 21 15 19
15 21 15 22
15 21 11 21
15 21 17 21
15 21 15 19
15 21 15 22
15 21 11 21
15 21 17 21
15 22 15 23
15 22 13 22
15 22 16 22
17 0 17 6
17 0 11 0
17 0 18 0
17 11 17 7
17 11 18 11
17 21 17 19
17 21 17 22
17 21 18 21
17 21 17 19
18 2 18 1
18 2 18 3
18 2 19 2
18 2 18 1
18 2 18 3
18 2 19 2
18 11 18 7
18 21 18 20
18 21 20 21
19 2 19 0
19 2 19 8
19 2 22 2
19 2 19 0
19 18 19 8
19 18 20 18
19 18 19 8
19 18 20 18
19 18 20 18
19 18 20 18
19 23 19 22
19 23 17 23
19 23 19 22
19 23 17 23
20 0 20 1
20 0 21 0
20 0 20 1
20 5 20 4
20 5 20 8
20 5 22 5
20 5 20 4
20 5 20 8
20 5 22 5
20 8 20 13
20 8 19 8
20 8 22 8
20 20 20 18
20 20 22 20
21 6 22 6
21 18 21 9
21 18 21 19
21 18 22 18
21 18 21 9
21 18 21 19
21 18 22 18
21 21 23 21
22 0 22 2
22 0 23 0
22 0 22 2
22 0 23 0
22 2 22 3
22 2 23 2
22 5 22 4
22 5 22 6
22 5 23 5
22 5 22 4
22 19 22 18
23 0 23 1
23 1 23 2
23 2 23 3
23 2 22 2
0 8 0 9
0 9 0 10
0 13 0 10
1 10 1 11
2 14 2 16
2 16 2 14
2 23 5 23
3 3 2 3
3 12 3 11
4 0 4 1
4 0 5 0
4 1 6 1
4 6 5 6
5 0 7 0
5 2 5 3
5 2 6 2
5 2 5 3
5 2 6 2
5 9 5 10
5 9 3 9
5 9 5 10
5 10 5 11
5 20 5 19
6 6 6 4
6 23 8 23
9 2 9 3
9 2 8 2
9 2 9 3
9 2 8 2
9 5 9 4
9 5 9 4
10 1 10 4
10 1 7 1
10 1 10 4
10 1 7 1
10 7 10 4
10 16 9 16
11 8 11 4
11 8 11 21
11 8 13 8
11 22 11 21
11 22 11 23
12 20 13 20
13 16 13 13
13 19 13 20
13 19 15 19
15 14 15 15
15 19 16 19
15 22 15 23
15 22 13 22
15 22 16 22
15 23 13 23
15 23 16 23
16 22 16 23
17 0 17 6
17 0 18 0
17 6 17 7
17 6 12 6
17 6 18 6
17 19 18 19
18 4 18 6
18 19 17 19
19 8 20 8
19 22 20 22
20 4 20 3
20 4 21 4
20 8 20 13
20 8 19 8
21 4 22 4
21 6 22 6
21 21 23 21
22 2 22 3
22 3 20 3
22 3 23 3
22 8 22 7
22 8 22 9
22 8 23 8
22 15 22 9
23 4 23 5
3 9 3 11
5 0 7 0
5 10 5 11
5 19 6 19
5 19 6 19
6 1 6 2
6 21 9 21
6 23 8 23
8 0 11 0
8 3 8 2
8 23 11 23
9 5 9 4
10 4 11 4
10 16 9 16
11 4 12 4
11 21 9 21
12 23 13 23
12 23 13 23
13 16 13 13
18 4 18 6
18 6 18 7
19 22 20 22
22 8 22 7
22 8 22 9
22 8 23 8
22 22 20 22
22 22 23 22
23 21 23 8
6 4 6 2
6 21 9 21
8 2 8 3
9 16 9 21
11 4 12 4
13 13 13 8
17 6 17 7
17 6 12 6
17 7 13 7
17 7 13 7
22 6 23 6
22 6 23 6
12 5 12 4
12 5 13 5
12 5 13 5
12 7 13 7
13 7 13 8
14 5 15 5
12 1 13 1
14 5 15 5
12 1 13 1
13 1 14 1
14 1 15 1
15 1 15 4

2327

4 = = = 6 = = = 6 4 3 = = 5 = = = = = = = = = 4 
2 2 2 2 ǁ 3 = 4 ǁ | 1 1   |           2     1 ǁ 
2 8 5 5 ǁ 5 6 5 ǁ |       | 2 = 4 = = 8 = = 7 6 
2 ǁ   2 ǁ 2 | | ǁ 5 = 3 1 |           ǁ 1   ǁ ǁ 
6 7 = = 6 | 4 | ǁ ǁ       |           ǁ | 1 ǁ ǁ 
4 | 4 2 ǁ 1 2 | ǁ 4 4 2   1           5 2 | ǁ 2 
ǁ 2 5 = 7 = 3 | ǁ                     2   3 ǁ 2 
2 2     | 2   | ǁ                         ǁ ǁ ǁ 
2 ǁ 5 2 | 3 = 4 ǁ                         ǁ ǁ 3 
ǁ ǁ 4 2 4 4 2 4 ǁ               3 - - - - 4 ǁ | 
ǁ 4 = = 4 - - 2 ǁ               2         | ǁ | 
5 - - - 7 = = = 8 = = = = = = = = = = = = 7 7 3 
ǁ 3 - - 7 4 2 2 ǁ 2 4 = = 5 - - - - - 1 2 ǁ 1 2 
ǁ 3     | 2 ǁ 4 5 - - - - 5 = = 2 1 - 5 4 ǁ 2 4 
ǁ 2     | 2 ǁ ǁ       4 = = 6 = = = 4 ǁ   ǁ ǁ | 
ǁ 2 - - 5 3 ǁ ǁ   2 = 8 2   3 1     ǁ 5 = 8 8 4 
ǁ       3 2 ǁ ǁ       ǁ             ǁ 1   ǁ 4 2 
6 = = = = = 7 5 - - - 4             ǁ 4 = 6 1 2 
2 2 6 2 2 = 4 2 - - - 2             ǁ 2 1 3   ǁ 
2 = 6 - - - - - 8 = = = = = = = = = 8     | 7 4 
3 2 | 2 4 6 = = 8 = = = = 2 1       5 - 3 1 3   
1   | | 2 ǁ 2   | 2 = = = = = = = = 6 2 | 2 |   
4 = 7 4 3 6 5 2 7 3 - - - - - 2     3 2 1 ǁ 2   
3 2 4 2 2 2 2   3 - - - - - - - - - - - - 3 1   
