24 24
1 1 0 4 3 3 2 2 0 4 1 2 0 0 0 3 0 0 3 0 0 3 2 0 
4 0 0 5 0 0 0 0 0 7 0 0 0 0 0 0 0 0 5 5 0 2 0 0 
2 0 0 0 2 0 0 2 2 0 0 0 0 0 0 1 0 2 0 0 0 0 0 1 
3 1 0 0 1 0 0 0 3 0 2 0 0 4 0 0 0 3 0 0 0 0 0 0 
0 0 0 0 0 0 0 0 0 0 1 0 0 0 4 2 1 0 0 0 2 0 0 0 
5 0 0 7 0 0 0 6 3 0 2 0 0 8 5 1 0 0 0 0 0 0 0 0 
0 1 0 4 4 2 1 2 1 0 1 0 0 3 0 0 0 0 0 0 0 0 0 0 
0 5 0 5 0 0 6 0 0 7 0 0 0 0 0 0 5 4 0 0 4 1 1 0 
0 0 2 1 0 0 2 0 0 0 2 4 2 1 1 1 0 3 0 0 0 0 0 0 
0 0 0 0 0 0 0 0 0 0 2 0 1 0 5 2 0 1 0 4 0 0 0 0 
0 2 0 0 0 0 0 0 0 0 4 0 3 2 0 3 7 2 0 3 0 0 0 0 
3 0 6 2 0 0 0 0 0 0 0 0 0 0 0 1 2 0 0 1 0 0 0 0 
2 0 0 0 0 0 0 0 0 0 0 0 4 0 8 0 0 0 5 0 5 0 4 3 
0 0 0 0 0 0 0 0 0 0 0 0 0 0 0 3 1 0 0 0 0 2 4 1 
3 0 0 0 0 0 1 0 0 0 0 0 0 0 0 4 1 0 0 0 0 2 0 1 
0 0 0 0 0 0 0 0 0 0 0 0 0 2 0 0 2 0 0 2 7 6 4 4 
5 0 0 0 0 0 0 0 0 5 8 5 0 0 0 0 0 0 0 2 0 0 0 3 
0 2 0 4 0 0 0 4 0 0 6 4 0 0 0 0 0 0 0 3 0 0 0 1 
0 2 0 0 2 0 4 0 2 1 0 1 0 6 6 4 6 4 0 2 0 0 4 1 
0 3 0 4 0 3 4 3 4 2 0 0 0 2 0 1 0 2 0 0 0 0 2 0 
0 4 0 4 2 5 1 2 0 0 5 2 0 0 0 2 0 1 6 2 2 0 4 2 
0 2 0 0 2 6 0 2 0 0 2 0 7 2 1 0 0 0 0 1 0 4 3 0 
5 0 0 4 0 0 0 1 0 0 0 0 3 3 2 0 2 0 2 2 0 5 1 0 
4 0 0 0 0 0 0 0 0 0 0 0 0 0 0 4 3 2 0 0 0 1 0 0 
200 110
1 9 1 3
1 9 1 18
1 9 0 9
1 9 7 9
1 19 1 18
1 19 1 21
1 19 9 19
2 23 12 23
4 20 7 20
5 0 5 3
5 0 3 0
5 0 11 0
5 13 5 10
5 13 5 14
5 13 3 13
5 13 6 13
7 1 7 3
7 1 6 1
7 1 10 1
10 16 10 15
10 16 10 17
10 16 7 16
10 16 11 16
11 2 11 0
11 2 11 3
11 2 8 2
12 14 12 12
12 14 12 18
12 14 9 14
12 14 18 14
15 13 18 13
15 20 15 19
15 20 15 21
15 20 12 20
15 20 20 20
16 0 16 9
16 0 14 0
16 0 22 0
16 10 16 9
16 10 16 11
16 10 10 10
16 10 17 10
21 5 21 4
21 5 21 7
21 5 20 5
21 12 21 10
21 12 21 13
21 12 12 12
21 12 22 12
23 0 23 15
23 0 22 0
4 14 4 15
4 14 5 14
4 14 4 15
4 14 5 14
4 16 7 16
4 20 7 20
5 13 5 10
5 13 5 14
5 13 3 13
5 13 6 13
7 1 7 3
7 1 10 1
11 2 11 0
11 2 11 3
11 2 8 2
12 0 14 0
12 14 12 12
12 14 12 18
12 14 9 14
12 14 18 14
15 13 18 13
16 10 16 9
16 10 16 11
16 10 10 10
16 10 17 10
18 13 18 14
18 13 19 13
18 13 18 14
18 13 19 13
21 5 21 4
21 5 21 7
21 5 20 5
23 0 23 15
23 0 22 0
2 15 2 17
2 17 3 17
4 10 3 10
5 0 5 3
5 0 3 0
5 3 5 7
5 3 1 3
5 3 6 3
6 4 6 3
6 4 6 5
6 4 6 3
6 4 6 5
12 0 14 0
14 6 8 6
16 0 16 9
16 0 22 0
21 1 20 1
21 1 20 1
22 0 22 3
22 3 22 7
22 3 20 3
22 3 20 3
3 10 3 13
3 13 3 17
3 17 7 17

2100

1 1   4 3 3 2 2   4 1 2       3     3     3 2   
4     5 - - - - - 7 - - - - - - - - 5 5 - 2     
2     | 2     2 2 |           1 - 2   |       1 
3 1   | 1       3 | 2 - - 4 - - - 3   |       | 
ǁ     |           | 1     ǁ 4 2 1 |   | 2     | 
5 = = 7 - - - 6 3 | 2 = = 8 5 1 | |   | ǁ     | 
| 1   4 4 2 1 2 1 | 1     3     | |   | ǁ     | 
| 5 = 5     6     7             5 4   | 4 1 1 | 
| ǁ 2 1     2       2 4 2 1 1 1 | 3   |       | 
| ǁ ǁ       |       2   1   5 2 | 1   4       | 
| 2 ǁ       |       4   3 2 ǁ 3 7 2   3       | 
3 = 6 2     |       ǁ       ǁ 1 2     1       | 
2           |       ǁ   4 = 8 = = = 5   5   4 3 
ǁ           |       ǁ   |   ǁ 3 1       | 2 4 1 
3           1       ǁ   |   ǁ 4 1       | 2   1 
|                   ǁ   | 2 ǁ   2     2 7 6 4 4 
5 = = = = = = = = 5 8 5 | ǁ ǁ         2 |     3 
ǁ 2   4       4     6 4 | ǁ ǁ         3 |     1 
ǁ 2     2   4   2 1   1 | 6 6 4 6 4   2 |   4 1 
ǁ 3   4   3 4 3 4 2     | 2   1   2     |   2   
ǁ 4   4 2 5 1 2     5 2 |     2   1 6 2 2   4 2 
ǁ 2   ǁ 2 6 = 2     2 - 7 2 1         1   4 3   
5 - - 4 - - - 1         3 3 2   2   2 2   5 1   
4 = = = = = = = = = = = = = = 4 3 2       1     
