24 24
3 4 0 0 0 0 0 0 3 0 0 0 2 2 0 0 3 2 3 0 4 0 3 1 
1 0 1 0 0 3 2 1 3 0 0 0 0 4 2 1 0 2 0 1 0 2 0 2 
3 6 0 0 0 7 4 0 2 4 0 0 0 0 0 0 6 6 8 3 0 0 0 0 
0 0 3 3 3 0 1 4 2 0 3 0 0 0 4 0 3 0 0 2 0 4 6 5 
3 5 5 1 1 0 0 0 3 0 4 0 4 1 3 1 2 3 8 6 0 1 2 3 
0 2 2 3 2 0 0 0 0 0 3 0 5 0 5 0 6 2 0 0 0 0 2 3 
0 4 0 0 0 5 2 0 0 0 4 2 0 3 7 1 0 0 2 2 0 0 3 3 
0 2 1 4 0 5 2 0 4 0 1 0 5 4 4 2 0 0 0 0 0 0 0 0 
0 1 0 5 2 2 1 0 2 0 0 0 1 3 4 2 0 4 0 0 6 0 6 5 
3 0 0 0 0 0 0 6 0 4 0 0 0 0 0 0 6 3 2 1 0 0 0 0 
0 3 4 0 1 3 1 0 0 0 0 1 0 0 0 0 0 0 0 0 0 0 0 0 
0 0 4 0 0 7 3 0 0 0 0 0 0 0 0 0 0 0 0 0 0 0 0 0 
0 0 0 2 0 5 3 0 0 0 0 5 0 0 0 0 4 0 0 0 0 0 0 0 
0 0 0 1 0 3 0 0 0 0 0 2 0 0 2 0 3 0 0 2 0 0 0 0 
0 0 0 1 0 4 0 0 0 0 0 0 0 0 0 0 0 0 0 0 0 0 0 0 
0 0 0 2 0 2 0 0 0 0 0 0 0 0 0 0 0 0 4 5 0 0 0 0 
0 0 0 6 0 0 5 0 3 6 0 0 0 0 0 0 3 0 0 0 0 0 0 0 
0 0 0 2 0 0 3 0 0 4 0 0 1 1 0 0 0 0 0 0 0 0 0 0 
0 1 0 0 0 0 1 0 0 3 1 0 0 0 0 0 0 0 0 2 0 0 0 0 
0 1 0 0 0 0 0 0 5 0 0 0 5 5 2 0 0 0 0 3 0 0 3 3 
0 0 0 0 0 0 0 0 4 0 0 0 0 2 0 0 0 0 0 4 0 0 2 3 
3 3 0 0 0 0 0 0 1 1 0 3 0 0 0 0 0 7 6 4 0 0 1 1 
2 0 5 0 0 0 0 5 0 0 3 2 2 3 0 0 0 3 2 1 0 0 0 0 
1 0 4 0 0 0 0 0 0 0 0 0 0 0 0 0 0 0 0 0 4 3 4 2 
200 76
0 0 0 1
0 0 1 0
0 0 0 1
2 5 2 1
2 5 2 6
2 5 1 5
2 5 6 5
2 18 2 17
2 18 2 19
2 18 0 18
2 18 4 18
3 23 3 22
3 23 1 23
3 23 4 23
4 18 4 17
4 18 4 19
4 18 2 18
4 18 6 18
6 14 6 13
6 14 6 15
6 14 5 14
6 14 7 14
8 23 8 22
8 23 6 23
8 23 19 23
11 5 11 2
11 5 11 6
11 5 10 5
11 5 12 5
15 19 15 18
15 19 13 19
15 19 18 19
16 3 16 6
16 3 15 3
16 3 17 3
21 17 21 11
21 17 21 18
21 17 9 17
21 17 22 17
22 7 22 2
22 7 22 10
22 7 9 7
1 2 1 5
2 18 2 17
2 18 2 19
2 18 0 18
4 18 4 17
4 18 4 19
4 18 6 18
6 14 6 13
6 14 5 14
6 14 7 14
8 3 8 1
8 3 8 4
8 3 7 3
10 1 10 2
10 1 18 1
10 1 10 2
12 11 12 16
12 11 10 11
12 11 13 11
16 3 16 6
16 3 15 3
16 3 17 3
18 6 17 6
19 1 21 1
19 8 19 12
19 8 16 8
19 8 20 8
21 1 21 0
15 5 14 5
17 6 16 6
21 1 21 0
15 5 14 5
17 6 16 6
16 6 12 6

2637

3 4             3       2 2     3 2 3   4   3 1 
1   1 - - 3 2 1 3         4 2 1   2 ǁ 1   2   2 
3 6 - - - 7 4   2 4             6 6 8 3       | 
    3 3 3 | 1 4 2   3       4   3   ǁ 2   4 6 5 
3 5 5 1 1 |     3   4   4 1 3 1 2 3 8 6   1 2 3 
  2 2 3 2 |         3   5   5   6 2 ǁ       2 3 
  4       5 2       4 2   3 7 1     2 2     3 3 
  2 1 4   5 2   4   1   5 4 4 2               | 
  1 - 5 2 2 1   2       1 3 4 2   4     6   6 5 
3             6   4             6 3 2 1       | 
  3 4   1 3 1 |       1           |           | 
  | 4 - - 7 3 |       |           |           | 
  |   2   5 3 |       5 - - - - 4 |           | 
  |   1   3 | |       2     2   3 |   2       | 
  |   1   4 | |                   |   |       | 
  |   2   2 | |                   | 4 5       | 
  |   6 = = 5 | 3 6             3 |   |       | 
  |   2     3 | | 4     1 1       |   |       | 
  1         1 | | 3 1             |   2       | 
  1           | 5 - - - 5 5 2     |   3     3 3 
  |           | 4         2       |   4     2 3 
3 3           | 1 1   3 - - - - - 7 6 4     1 1 
2   5 - - - - 5 - - 3 2 2 3       3 2 1         
1   4                                   4 3 4 2 
