24 24
2 0 5 0 1 3 0 0 0 0 0 0 0 2 2 3 4 5 0 0 0 4 3 1 
1 0 0 0 2 2 0 0 0 0 0 0 0 0 1 0 0 0 2 0 0 0 3 1 
5 0 8 0 5 0 0 0 0 0 0 0 0 0 0 0 0 0 4 3 0 4 4 1 
5 3 0 3 6 0 0 0 0 0 0 0 0 6 3 0 0 0 0 0 2 0 0 0 
1 3 0 1 4 0 0 2 2 0 0 0 0 7 3 0 0 0 0 3 4 0 0 0 
1 3 0 0 0 0 0 0 0 0 0 0 0 2 2 0 0 0 3 2 1 0 0 0 
4 0 7 0 0 0 0 0 0 0 0 0 0 0 0 2 0 5 1 0 0 0 0 0 
0 2 0 1 0 2 0 0 0 5 0 0 0 0 0 0 4 5 0 4 0 0 0 0 
3 3 0 3 0 3 2 0 0 3 0 0 3 0 0 0 0 5 3 7 4 0 0 0 
2 0 0 0 0 0 3 0 0 2 1 0 4 1 2 3 0 3 1 2 2 0 0 0 
4 0 5 0 0 0 0 0 0 0 0 0 0 0 0 0 0 0 0 0 0 5 5 2 
0 2 0 3 5 0 0 5 0 5 0 0 0 0 0 0 4 0 0 0 0 5 4 1 
0 0 0 1 0 1 0 0 1 0 1 1 2 0 6 4 0 3 0 0 0 3 5 3 
0 0 0 0 0 0 0 0 0 0 2 4 0 0 6 0 0 0 0 0 0 0 0 2 
0 0 0 1 5 3 0 0 0 0 4 4 1 2 0 0 0 0 0 0 0 0 0 0 
3 4 0 2 0 0 0 7 3 0 0 0 0 0 0 0 0 0 0 0 0 0 0 0 
0 0 0 0 1 0 0 2 0 0 0 0 0 0 0 0 0 0 0 0 0 0 5 2 
0 0 0 1 0 0 0 0 0 0 0 0 3 3 0 0 0 0 0 0 0 0 2 0 
0 0 0 0 0 0 0 0 0 0 3 0 2 0 0 2 0 6 3 3 0 0 2 1 
0 3 0 0 0 0 0 1 0 0 1 0 0 0 0 1 0 4 1 4 1 0 0 2 
0 2 0 0 0 0 0 0 0 0 0 0 0 0 0 0 0 1 0 2 1 0 0 0 
1 2 6 2 0 0 0 2 0 6 0 4 0 2 0 0 0 1 3 0 0 6 4 3 
1 0 2 1 6 0 0 0 0 7 0 0 0 0 5 5 5 0 0 1 4 7 5 1 
2 4 0 0 4 2 3 0 0 3 0 0 2 1 1 2 3 0 2 1 3 1 4 2 
200 81
0 2 0 0
0 2 0 4
0 2 2 2
0 17 0 16
0 17 0 21
0 17 6 17
2 0 2 2
2 0 1 0
2 0 3 0
2 2 2 0
2 2 2 4
2 2 0 2
2 2 6 2
3 0 3 1
3 0 2 0
3 0 4 0
3 0 3 1
3 1 4 1
3 20 4 20
4 1 5 1
4 13 4 8
4 13 4 14
4 13 3 13
4 13 5 13
7 9 7 5
7 9 7 16
7 9 8 9
8 19 8 18
8 19 8 20
8 19 7 19
8 19 9 19
11 7 11 4
11 7 11 9
11 7 15 7
15 8 15 7
15 8 12 8
15 8 15 7
22 4 22 3
22 4 22 9
22 4 16 4
22 4 23 4
22 21 22 20
22 21 22 22
22 21 21 21
22 21 23 21
23 20 23 19
23 20 22 20
23 20 22 20
23 22 23 23
23 22 22 22
0 0 0 2
2 2 2 4
2 2 6 2
3 20 4 20
4 1 5 1
6 2 6 0
6 2 6 15
6 2 10 2
7 1 8 1
14 4 14 3
14 4 14 5
14 4 11 4
22 4 22 9
22 4 23 4
22 9 22 14
22 9 21 9
22 9 23 9
22 21 22 20
22 21 22 22
22 21 21 21
23 22 23 23
23 22 22 22
5 1 5 0
6 0 6 2
6 0 8 0
6 0 8 0
7 1 8 1
12 3 11 3
12 5 14 5
14 4 14 5
14 4 11 4

2617

2 = 5 - 1 3               2 2 3 4 5 - - - 4 3 1 
1   ǁ   2 2                 1     | 2       3 1 
5 = 8 = 5                         | 4 3   4 4 1 
5 3 ǁ 3 6                 6 3     |     2       
1 3 ǁ 1 4     2 2 - - - - 7 3     |   3 4       
1 3 ǁ                     2 2     | 3 2 1       
4 = 7 - - - - - - - - - - - - 2   5 1           
ǁ 2 | 1   2 - - - 5 - - - - - - 4 5   4         
3 3 | 3   3 2     3     3         5 3 7 4       
2   |       3     2 1   4 1 2 3   3 1 2 2       
4   5                                     5 5 2 
  2   3 5 - - 5 - 5             4         5 4 1 
      1 ǁ 1   | 1   1 1 2   6 4   3       3 5 3 
        ǁ |   | |   2 4     6                 2 
      1 5 3   | |   4 4 1 2                     
3 4   2       7 3                               
        1     2                             5 2 
      1 |               3 3                 2   
        |           3   2     2   6 3 3     2 1 
  3     |     1     1         1   4 1 4 1     2 
  2     |                         1   2 1       
1 2 6 2 |     2   6   4   2       1 3     6 4 3 
1   2 1 6 = = = = 7 - - - - 5 5 5     1 4 7 5 1 
2 4     4 2 3     3     2 1 1 2 3   2 1 3 1 4 2 
