24 24
2 1 1 3 0 0 0 3 0 0 3 0 0 0 0 0 0 0 0 0 0 3 2 1 
5 0 0 0 0 0 0 0 0 0 4 0 0 0 0 0 0 0 0 0 0 4 4 1 
2 4 0 0 0 3 3 2 2 0 4 1 1 3 0 6 0 0 4 3 1 0 4 3 
2 7 0 0 0 0 0 0 0 0 0 0 0 0 0 7 0 0 0 0 0 6 4 3 
0 0 1 0 0 0 2 0 0 4 2 0 0 1 0 0 2 0 4 2 0 0 2 0 
0 0 3 0 0 0 5 0 0 6 0 0 0 2 0 0 0 2 5 2 0 0 2 0 
0 0 0 0 0 0 0 0 0 2 0 0 0 0 0 0 4 0 0 0 0 6 4 0 
0 0 4 1 0 0 6 0 0 0 0 0 0 1 0 0 0 4 4 3 3 0 0 0 
0 0 0 0 0 0 4 0 0 0 0 1 0 0 0 0 0 0 3 0 3 0 0 0 
0 0 0 0 0 0 1 0 0 0 0 0 0 0 0 0 0 0 1 0 1 0 0 0 
0 0 0 0 0 0 0 0 0 0 0 0 0 0 0 0 4 5 0 7 3 0 3 0 
0 0 6 0 0 0 0 0 0 0 0 0 0 0 0 6 0 5 2 2 1 0 4 0 
0 0 0 2 0 0 0 0 0 5 0 2 2 0 0 5 2 3 3 3 2 0 2 0 
0 0 0 0 2 4 0 5 0 7 0 0 0 0 0 0 0 0 0 0 0 8 2 0 
0 0 0 0 2 4 3 0 2 0 4 0 0 2 2 3 1 2 4 5 1 0 1 0 
0 0 0 0 0 1 0 0 0 0 0 0 0 3 1 0 1 5 3 4 1 0 0 0 
0 0 0 0 3 0 5 0 0 0 0 2 0 7 1 0 2 0 0 0 0 0 3 3 
0 0 0 0 2 1 0 0 0 0 0 3 1 0 0 0 4 0 0 0 0 0 0 1 
0 0 0 2 4 0 0 5 5 0 0 0 1 4 0 4 0 0 0 0 0 0 5 3 
3 0 4 2 1 0 0 3 1 0 0 0 3 0 3 0 0 0 0 0 0 0 3 1 
2 0 1 3 2 0 0 4 2 0 0 0 1 0 0 0 0 0 0 3 1 0 2 1 
3 5 0 0 0 2 0 1 0 6 6 6 0 0 3 0 0 0 0 1 0 0 0 0 
4 0 0 0 0 0 5 2 0 5 0 0 0 0 0 3 3 5 0 0 0 7 6 2 
2 0 3 2 1 0 3 2 1 2 0 0 0 0 0 0 0 3 0 2 2 3 2 1 
200 98
1 0 1 10
1 0 0 0
1 0 2 0
2 15 2 13
2 15 2 18
2 15 3 15
3 1 3 0
3 1 3 15
3 1 2 1
3 1 21 1
7 6 7 3
7 6 7 13
7 6 5 6
7 6 8 6
8 6 8 11
8 6 7 6
8 6 9 6
10 19 10 17
10 19 10 20
10 19 7 19
10 19 11 19
11 2 11 15
11 2 7 2
11 2 19 2
12 9 12 3
12 9 12 11
12 9 13 9
13 7 13 5
13 7 13 9
13 7 18 7
13 21 13 9
13 21 13 22
13 21 6 21
13 21 22 21
14 19 14 18
14 19 14 20
14 19 15 19
16 6 16 4
16 6 14 6
16 6 22 6
16 13 16 11
16 13 16 14
16 13 15 13
16 13 18 13
17 16 16 16
17 16 22 16
17 16 16 16
17 16 22 16
18 22 18 23
18 22 16 22
18 22 19 22
21 10 21 9
21 10 21 11
21 10 14 10
21 11 21 10
21 11 21 14
21 11 17 11
2 15 2 13
2 15 2 18
2 15 3 15
7 2 5 2
7 2 11 2
7 2 5 2
7 6 5 6
9 18 8 18
11 2 11 15
11 2 19 2
11 22 10 22
11 22 12 22
11 22 10 22
11 22 12 22
12 15 12 12
12 15 12 16
12 15 11 15
13 21 13 9
13 21 13 22
13 21 6 21
13 21 22 21
14 22 16 22
15 5 14 5
16 13 16 11
16 13 15 13
16 13 18 13
18 8 18 7
18 8 14 8
18 8 19 8
20 12 19 12
21 10 21 9
21 10 21 11
22 21 22 17
22 21 22 22
22 21 23 21
2 13 2 12
8 18 7 18
10 22 6 22
21 19 20 19
2 11 2 10
8 18 7 18

2909

2 1 1 3       3     3                     3 2 1 
5 - - - - - - - - - 4                     4 4 1 
2 4       3 3 2 2   4 1 1 3 = 6 = = 4 3 1   4 3 
2 7 - - - - - - - - - - - - - 7           6 4 3 
  | 1       2     4 2     1     2   4 2     2   
  | 3       5     6       2       2 5 2     2   
  | ǁ       ǁ     2             4         6 4   
  | 4 1 - - 6 - - - - - - 1       4 4 3 3 ǁ |   
  | ǁ       4 - - - - 1             3 | 3 ǁ |   
  | ǁ       1                       1 | 1 ǁ |   
  | ǁ                           4 5 - 7 3 ǁ 3   
  | 6 = = = = = = = = = = = = 6   5 2 2 1 ǁ 4   
  | ǁ 2 - - - - - 5 - 2 2 - - 5 2 3 3 3 2 ǁ 2   
  | ǁ   2 4 - 5 - 7 = = = = = = = = = = = 8 2   
  | ǁ   2 4 3 | 2   4     2 2 3 1 2 4 5 1 ǁ 1   
  | ǁ     1 | | |   |     3 1   1 5 3 4 1 ǁ |   
  | ǁ   3 - 5 | |   | 2 = 7 1   2         ǁ 3 3 
  | ǁ   2 1 | | |   | 3 1 ǁ     4         ǁ | 1 
  | ǁ 2 4   | 5 5   | | 1 4   4 ǁ         ǁ 5 3 
3 | 4 2 1   | 3 1   | | 3   3   ǁ         ǁ 3 1 
2 | 1 3 2   | 4 2   | | 1       ǁ     3 1 ǁ 2 1 
3 5       2 | 1   6 6 6 - - 3   ǁ     1   ǁ     
4           5 2   5           3 3 5 - - - 7 6 2 
2   3 2 1   3 2 1 2               3   2 2 3 2 1 
