24 24
0 0 3 0 0 0 0 0 0 1 1 0 0 4 0 0 0 4 2 1 0 0 3 2 
0 0 0 4 0 0 0 0 0 0 0 0 0 3 0 0 0 0 0 1 0 0 0 0 
0 0 0 5 0 0 0 0 0 0 0 0 0 0 6 0 0 7 6 4 5 0 6 0 
2 0 0 3 0 0 1 4 0 5 0 0 0 3 0 3 0 5 2 0 4 2 0 0 
0 0 4 0 0 0 0 2 0 2 0 0 0 0 0 4 2 0 0 0 0 0 0 0 
0 0 0 0 2 0 5 0 0 0 0 0 0 6 6 6 3 0 6 0 0 0 5 0 
0 0 0 5 0 0 4 5 2 0 3 2 0 0 0 2 0 0 0 2 4 3 0 0 
0 0 0 0 0 0 0 4 0 0 0 0 0 0 0 0 0 0 5 0 5 5 0 0 
0 0 0 4 4 0 0 0 0 0 0 0 0 0 5 8 0 5 4 0 0 0 0 0 
0 0 0 0 0 0 0 0 2 0 6 3 0 0 0 6 2 2 4 0 0 0 0 0 
0 0 0 0 0 0 0 5 0 1 0 0 0 0 0 3 1 2 5 0 2 0 0 0 
0 0 0 0 0 0 0 0 0 0 0 0 0 0 5 0 0 3 0 0 0 0 0 0 
0 0 0 0 0 0 0 0 0 0 0 5 2 0 0 3 0 7 7 0 3 0 0 0 
0 0 0 0 0 0 0 0 0 0 0 0 0 0 0 1 0 2 4 2 4 0 0 0 
5 2 0 3 6 0 6 7 0 0 5 3 0 0 3 0 0 0 0 0 5 0 0 4 
0 0 0 5 6 2 0 4 3 0 5 2 0 0 5 2 0 0 0 0 2 2 0 0 
0 0 0 2 4 3 0 0 0 0 1 0 0 0 2 0 0 0 0 0 0 0 0 0 
5 0 5 0 0 0 6 0 0 0 0 0 0 7 0 0 0 0 0 0 0 0 6 5 
5 0 3 4 4 0 6 2 2 0 0 4 3 0 0 0 3 4 2 4 4 2 0 1 
6 2 0 3 0 0 5 4 0 0 0 4 4 0 0 0 0 0 0 2 0 0 0 0 
6 0 7 0 0 0 0 0 0 0 0 0 0 7 0 0 7 6 5 0 7 6 0 0 
4 2 0 4 3 0 4 0 0 0 0 0 0 6 6 5 4 1 1 2 2 2 0 0 
5 5 3 6 0 0 8 0 0 0 2 2 0 4 3 5 3 3 1 4 0 0 7 2 
3 5 4 3 2 3 4 1 0 0 0 4 2 2 0 5 0 0 0 0 4 0 6 2 
200 211
0 2 0 9
0 2 4 2
0 2 4 2
1 3 1 13
1 3 2 3
2 14 2 3
2 14 2 17
2 14 5 14
2 20 2 19
2 20 2 22
2 20 3 20
2 22 2 20
2 22 0 22
2 22 5 22
3 0 14 0
3 9 3 7
3 9 3 13
3 9 4 9
6 3 6 6
6 3 3 3
6 3 8 3
7 21 7 20
7 21 6 21
7 21 15 21
8 15 8 14
8 15 8 17
8 15 6 15
8 15 9 15
10 7 10 9
10 7 7 7
10 7 14 7
11 14 11 17
11 14 8 14
11 14 14 14
12 11 12 12
12 11 9 11
12 11 14 11
12 17 12 15
12 17 12 18
12 17 11 17
12 17 13 17
14 20 14 14
14 20 13 20
14 20 15 20
14 23 0 23
14 23 17 23
14 23 0 23
14 23 17 23
15 3 15 4
15 3 14 3
15 3 16 3
17 0 17 2
17 0 14 0
17 0 18 0
17 13 17 6
17 13 17 22
17 13 5 13
17 13 20 13
17 23 17 22
17 23 18 23
17 23 17 22
19 0 19 1
19 0 18 0
19 0 20 0
20 0 20 2
20 0 19 0
20 0 21 0
20 16 20 13
20 16 20 17
20 16 18 16
20 16 21 16
20 20 20 18
20 20 20 21
20 20 18 20
20 20 21 20
20 21 20 20
20 21 18 21
20 21 21 21
21 14 21 13
21 14 21 15
21 14 22 14
21 14 21 13
21 14 21 15
21 14 22 14
22 0 22 1
22 0 21 0
22 0 23 0
22 6 22 3
22 6 22 10
22 6 21 6
22 6 23 6
22 22 22 19
22 22 22 23
22 22 17 22
22 22 23 22
23 1 23 0
23 1 23 2
23 1 22 1
23 15 23 13
23 15 23 20
23 15 22 15
23 22 23 20
23 22 23 23
23 22 22 22
0 10 0 13
0 22 0 19
0 22 2 22
1 3 1 13
1 3 2 3
2 14 2 3
2 14 2 17
2 14 5 14
2 17 2 18
2 17 0 17
2 17 3 17
2 22 5 22
3 0 14 0
4 2 17 2
5 4 5 6
7 18 7 20
7 18 5 18
7 18 8 18
8 4 8 3
8 4 14 4
8 4 8 3
8 4 14 4
8 15 8 14
8 15 8 17
8 15 6 15
8 15 9 15
9 15 9 16
9 15 10 15
9 15 9 16
9 15 10 15
10 7 7 7
10 7 14 7
10 15 10 16
12 12 12 11
14 1 14 0
14 7 14 6
14 7 14 10
14 7 15 7
15 14 15 15
15 14 14 14
15 14 16 14
16 14 15 14
19 0 19 1
19 0 18 0
19 19 18 19
20 0 20 2
20 0 21 0
20 2 20 13
20 2 18 2
20 2 22 2
20 21 20 20
20 21 18 21
21 3 21 4
21 3 22 3
21 3 21 4
21 3 22 3
21 4 21 6
21 21 21 20
22 6 22 3
22 6 22 10
22 6 21 6
22 6 23 6
23 22 23 20
23 22 23 23
1 13 0 13
1 19 2 19
2 3 3 3
4 2 17 2
5 4 5 6
5 15 5 14
5 15 5 16
5 15 4 15
7 7 6 7
11 14 11 17
11 14 8 14
12 17 12 15
12 17 12 18
12 17 13 17
12 18 12 20
12 18 10 18
12 18 13 18
13 15 12 15
14 1 14 0
15 14 15 15
17 0 17 2
17 0 18 0
18 0 18 2
19 6 19 3
19 6 19 7
19 6 18 6
19 12 19 11
19 12 18 12
19 12 19 11
19 12 18 12
19 19 18 19
21 6 21 13
22 23 22 22
23 20 23 15
0 13 0 17
0 13 0 17
5 15 5 14
5 15 5 16
5 15 4 15
7 7 6 7
8 14 5 14
18 12 18 11
5 14 5 13

2284

    3 - - - - - - 1 1 - - 4 = = = 4 2 1 - - 3 2 
    ǁ 4 = = = = = = = = = 3       |   1     ǁ ǁ 
    ǁ 5 = = = = = = = = = = 6 = = 7 6 4 5 = 6 ǁ 
2   ǁ 3     1 4 - 5 - - - 3 ǁ 3   5 2   4 2 ǁ ǁ 
ǁ   4 |       2   2         ǁ 4 2           ǁ ǁ 
ǁ   ǁ | 2 = 5             6 6 6 3   6       5 ǁ 
ǁ   ǁ 5 - - 4 5 2   3 2   | | 2     | 2 4 3   ǁ 
ǁ   ǁ |       4           | | ǁ     5 - 5 5   ǁ 
ǁ   ǁ 4 4     ǁ           | 5 8 = 5 4     |   ǁ 
ǁ   ǁ   ǁ     ǁ 2   6 3   | ǁ 6 2 2 4     |   ǁ 
ǁ   ǁ   ǁ     5 - 1   |   | ǁ 3 1 2 5   2 |   ǁ 
ǁ   ǁ   ǁ     ǁ       |   | 5 = = 3 |     |   ǁ 
ǁ   ǁ   ǁ     ǁ       5 2 | | 3 = 7 7 - 3 |   ǁ 
ǁ   ǁ   ǁ     ǁ       |   | | 1   2 4 2 4 |   ǁ 
5 2 ǁ 3 6   6 7 - - 5 3   | 3 - - - - - 5 |   4 
|   ǁ 5 6 2   4 3   5 2   | 5 2         2 2   ǁ 
|   ǁ 2 4 3         1     | 2                 ǁ 
5 = 5       6 - - - - - - 7 - - - - - - - - 6 5 
5 - 3 4 4   6 2 2     4 3 |     3 4 2 4 4 2 | 1 
6 2 | 3 - - 5 4       4 4 |     |     2 | ǁ |   
6 = 7 - - - - - - - - - - 7 - - 7 6 5 - 7 6 |   
4 2 | 4 3 - 4 - - - - - - 6 6 5 4 1 1 2 2 2 |   
5 5 3 6 = = 8 = = = 2 2   4 3 5 3 3 1 4 - - 7 2 
3 5 4 3 2 3 4 1       4 2 2 - 5 = = = = 4 = 6 2 
