24 24
0 0 3 0 0 0 0 5 0 0 0 0 0 0 0 0 0 0 2 0 1 1 0 3 
1 0 1 0 0 0 0 0 2 0 0 0 2 0 0 0 3 2 0 0 5 1 2 0 
0 0 0 0 0 0 0 0 3 2 0 5 0 0 0 5 8 0 0 4 6 2 6 5 
0 0 0 0 0 0 0 0 3 0 0 3 1 0 0 0 2 1 3 0 0 0 0 0 
4 0 0 0 0 0 0 5 0 0 0 0 0 0 0 4 0 0 5 0 0 1 0 0 
0 3 3 1 0 4 2 0 0 2 0 6 4 2 0 0 3 4 3 3 0 0 0 0 
0 0 0 0 0 0 0 0 3 5 0 7 1 0 0 0 1 0 1 0 0 0 0 0 
0 5 6 0 0 6 0 2 2 0 2 0 0 0 0 0 0 0 0 0 3 2 0 0 
0 0 0 0 0 0 4 0 0 8 4 0 0 0 0 0 0 4 0 4 4 2 0 0 
0 0 0 0 0 0 3 1 0 5 2 0 0 0 0 0 0 0 0 0 2 0 0 0 
0 0 0 0 0 0 4 1 1 1 1 0 0 0 0 0 0 0 0 0 1 0 0 0 
0 0 3 0 0 0 4 0 3 2 0 5 0 0 0 5 0 0 0 0 0 0 5 0 
0 0 2 0 0 0 1 2 0 0 2 0 2 4 2 0 1 0 0 0 0 4 3 0 
0 4 0 2 0 0 2 0 0 0 4 6 2 6 3 0 2 0 2 0 0 7 2 0 
0 0 0 1 0 3 4 3 0 4 2 4 3 5 2 0 2 2 0 0 0 0 1 0 
0 0 0 0 0 0 0 0 0 2 3 4 3 3 2 0 0 1 0 0 0 0 0 1 
0 2 0 4 0 0 0 0 5 0 0 0 0 0 0 7 0 0 0 0 0 6 6 1 
0 4 0 5 0 0 0 0 6 3 0 0 0 0 0 0 1 2 0 0 2 1 0 2 
0 4 1 0 0 0 2 3 0 3 1 0 0 0 0 0 0 0 2 0 6 0 4 5 
0 1 1 5 0 0 4 5 4 4 0 0 0 0 0 6 0 4 0 0 4 2 2 5 
0 0 0 2 0 0 2 3 0 5 0 0 3 2 0 0 1 2 1 0 3 0 0 1 
0 2 0 0 0 0 6 0 0 0 0 0 0 0 0 6 0 6 0 0 4 0 0 0 
5 4 0 2 1 0 6 2 0 0 1 0 0 0 0 4 2 3 0 0 0 0 0 0 
2 1 0 0 0 0 1 0 0 0 0 0 0 0 0 0 0 1 0 0 0 0 0 0 
200 107
0 2 0 7
0 2 1 2
0 2 0 7
0 23 0 21
0 23 2 23
0 23 2 23
1 0 4 0
2 11 2 9
2 11 2 15
2 11 3 11
2 16 2 15
2 16 2 19
2 16 1 16
2 16 3 16
2 23 2 22
2 23 15 23
2 23 2 22
6 11 6 9
6 11 6 12
6 11 5 11
6 11 11 11
7 1 7 2
7 1 5 1
7 1 13 1
8 9 8 6
8 9 8 10
8 9 6 9
8 9 9 9
11 22 11 15
11 22 2 22
11 22 12 22
13 21 13 18
13 21 13 22
13 21 12 21
13 21 16 21
16 15 16 8
16 15 16 21
16 15 11 15
16 15 19 15
16 22 16 21
16 22 16 23
16 22 14 22
16 22 18 22
17 23 18 23
18 1 18 2
18 1 17 1
18 1 19 1
18 1 17 1
19 2 19 3
19 23 19 22
19 23 18 23
19 23 20 23
20 9 20 7
20 9 20 12
20 9 19 9
21 20 21 17
21 20 20 20
22 0 22 1
22 0 4 0
22 0 23 0
22 6 22 4
22 6 22 7
22 6 21 6
22 6 23 6
23 17 22 17
2 16 2 15
2 16 2 19
2 16 1 16
2 16 3 16
6 11 6 9
6 11 5 11
6 11 11 11
7 10 8 10
8 9 8 6
8 9 8 10
8 9 6 9
8 9 9 9
8 17 8 19
8 17 5 17
8 17 8 19
8 17 5 17
10 20 9 20
15 17 14 17
16 22 16 21
16 22 18 22
17 23 18 23
18 10 18 9
19 23 19 22
19 23 18 23
21 20 21 17
21 20 20 20
22 6 22 7
22 6 21 6
22 10 22 15
6 16 5 16
6 18 5 18
7 10 8 10
9 20 8 20
14 17 14 16
18 23 18 22
14 16 13 16
18 22 18 20
19 21 19 20
18 20 18 18
18 20 17 20
18 20 19 20
19 21 19 20

4920

    3 = = = = 5                     2   1 1 - 3 
1   1           2       2       3 2     5 1 2 ǁ 
|               3 2 - 5 - - - 5 8 = = 4 6 2 6 5 
|               3     3 1       2 1 3       | | 
4             5               4     5     1 | | 
| 3 3 1   4 2     2   6 4 2     3 4 3 3     | | 
| |             3 5 = 7 1       1 ǁ 1       | | 
| 5 6     6   2 2 ǁ 2 ǁ           ǁ     3 2 | | 
| |         4 = = 8 4 ǁ           4 = 4 4 2 | | 
| |         3 1   5 2 ǁ                 2   | | 
| |         4 1 1 1 1 ǁ                 1   | | 
| | 3       4   3 2   5       5 - - - - - - 5 | 
| | 2       1 2     2   2 4 2 | 1         4 3 | 
| 4   2     2       4 6 2 6 3 | 2   2 - - 7 2 | 
|     1   3 4 3   4 2 4 3 5 2 | 2 2       | 1 | 
|                 2 3 4 3 3 2 |   1       | | 1 
| 2   4         5 - - - - - - 7 - - - - - 6 6 1 
| 4   5         6 3           | 1 2     2 1 ǁ 2 
| 4 1       2 3   3 1         |     2 - 6 - 4 5 
| 1 1 5     4 5 4 4           6   4     4 2 2 5 
|     2     2 3 - 5 - - 3 2     1 2 1   3     1 
| 2         6                 6   6 = = 4       
5 4   2 1 - 6 2     1 - - - - 4 2 3             
2 1         1                     1             
