24 24
3 6 0 0 0 0 0 0 0 0 0 0 0 0 0 6 0 0 0 0 0 5 5 4 
0 0 2 0 3 4 6 0 0 0 5 0 0 3 2 0 3 6 0 0 0 4 0 2 
0 0 0 0 0 2 5 0 0 0 4 0 0 0 0 0 0 0 4 0 5 0 5 4 
3 0 0 0 5 0 4 0 0 4 0 0 0 8 4 0 0 0 6 0 6 4 4 6 
4 0 0 0 2 2 0 0 0 0 1 0 0 0 1 0 0 0 4 2 0 0 3 3 
0 0 0 2 0 7 0 0 0 5 6 1 0 0 0 0 0 0 3 0 5 5 5 2 
0 0 0 3 4 8 5 0 0 0 3 0 0 0 0 0 0 0 6 2 0 0 3 0 
0 0 0 0 0 3 3 0 0 0 0 0 0 0 0 0 0 0 3 0 0 0 4 4 
5 6 0 0 0 0 0 0 0 0 0 0 0 7 3 0 0 0 0 0 0 0 0 1 
0 5 0 5 6 0 0 4 0 0 6 6 4 0 0 0 3 0 0 0 0 0 4 4 
0 3 0 0 0 1 0 0 0 0 0 0 0 0 0 0 2 0 0 1 0 0 0 3 
0 0 0 0 2 0 0 0 0 0 0 4 4 1 0 0 0 0 0 0 0 0 0 3 
0 0 0 0 0 0 0 0 0 0 0 0 0 0 0 0 0 0 0 0 0 1 0 0 
0 0 0 0 1 6 0 0 0 0 7 0 0 0 0 8 0 7 7 3 0 0 0 3 
0 0 0 0 0 3 0 0 0 0 4 0 3 1 0 0 1 3 5 2 0 0 0 0 
0 4 0 6 0 0 0 0 0 0 0 0 0 0 0 8 0 0 0 0 7 0 6 3 
0 5 1 0 2 5 1 0 0 0 2 1 0 1 0 0 1 3 0 3 0 2 7 1 
0 6 0 8 0 7 0 0 0 0 5 3 0 2 0 0 3 0 0 4 0 0 4 2 
0 2 0 0 2 0 0 1 0 0 2 0 0 0 0 0 0 0 0 0 5 5 6 0 
0 1 0 5 4 6 0 3 0 0 0 0 0 0 0 0 0 0 0 0 0 0 0 0 
0 1 0 6 0 0 0 0 0 0 4 0 6 3 0 0 5 4 0 0 4 6 6 5 
0 2 0 6 4 0 3 3 4 4 0 0 4 1 0 0 4 4 0 0 0 2 0 3 
5 5 0 0 0 0 4 0 4 7 0 0 0 0 0 7 0 0 0 4 4 0 5 3 
1 1 2 0 4 0 3 3 0 6 2 1 0 0 0 3 1 0 0 3 1 0 1 1 
200 275
0 1 0 0
0 1 0 15
0 1 8 1
0 15 0 1
0 15 0 21
0 15 13 15
0 22 0 21
0 22 0 23
0 22 2 22
0 23 0 22
0 23 1 23
1 6 1 5
1 6 1 10
1 6 2 6
1 17 1 16
1 17 1 21
1 17 13 17
2 18 2 20
2 18 3 18
2 18 2 20
2 18 3 18
3 4 3 6
3 4 1 4
3 4 4 4
3 13 3 9
3 13 3 14
3 13 1 13
3 13 8 13
3 18 3 20
3 18 4 18
3 18 3 20
3 18 4 18
3 23 3 22
3 23 2 23
3 23 4 23
4 0 3 0
4 0 8 0
4 0 3 0
4 0 8 0
5 5 5 3
5 5 5 9
5 5 4 5
5 5 6 5
5 10 5 9
5 10 5 11
5 10 4 10
5 10 6 10
6 5 6 4
6 5 6 6
6 5 5 5
6 5 7 5
6 18 6 19
6 18 5 18
6 18 7 18
6 18 6 19
6 18 5 18
6 18 7 18
8 13 8 1
8 13 8 14
8 13 3 13
8 13 11 13
9 1 9 3
9 1 8 1
9 1 10 1
9 4 9 3
9 4 9 7
9 4 11 4
9 4 9 3
9 4 9 7
9 4 11 4
9 10 9 7
9 10 9 11
9 10 13 10
9 10 9 7
9 10 9 11
9 10 13 10
9 11 9 12
9 11 11 11
10 5 13 5
13 5 13 4
13 5 13 10
13 5 14 5
13 15 13 10
13 15 13 17
13 15 0 15
13 15 15 15
13 18 13 17
13 18 13 19
13 18 7 18
13 18 14 18
15 15 15 3
15 15 15 20
15 15 13 15
15 15 22 15
16 1 16 2
16 1 15 1
16 1 17 1
16 5 16 4
16 5 16 6
16 5 17 5
16 22 16 21
16 22 16 23
16 22 15 22
16 22 17 22
17 1 17 3
17 1 16 1
17 1 18 1
17 3 17 1
17 3 17 5
17 3 15 3
17 3 19 3
18 20 18 21
18 20 15 20
18 20 20 20
18 22 18 21
18 22 17 22
18 22 20 22
19 5 19 4
19 5 19 7
19 5 17 5
20 12 20 10
20 12 20 13
20 12 21 12
20 12 20 10
20 12 20 13
20 12 21 12
20 16 20 17
20 16 17 16
20 16 21 16
20 23 20 22
20 23 17 23
20 23 21 23
21 3 21 1
21 3 21 4
21 3 20 3
22 0 22 1
22 0 8 0
22 0 23 0
22 9 22 8
22 9 22 15
22 9 21 9
22 9 23 9
23 9 23 7
23 9 23 10
23 9 22 9
0 1 0 0
0 1 8 1
0 15 0 21
0 23 0 22
1 2 1 4
1 6 1 5
1 6 1 10
1 6 2 6
1 17 1 16
1 17 1 21
1 17 13 17
1 23 2 23
2 10 2 6
2 10 1 10
2 10 2 6
2 10 1 10
3 0 0 0
3 13 3 9
3 13 3 14
3 13 1 13
3 23 3 22
3 23 2 23
3 23 4 23
5 10 5 9
5 10 6 10
6 5 6 4
6 5 6 6
6 5 5 5
6 10 6 6
7 5 7 6
8 13 8 1
8 13 8 14
8 14 4 14
9 11 9 12
9 11 11 11
9 12 11 12
10 16 9 16
11 11 11 12
13 5 13 10
13 5 14 5
13 15 13 10
13 15 13 17
13 18 13 17
13 18 13 19
13 18 14 18
14 5 14 10
14 13 14 12
14 16 14 17
15 15 15 3
15 15 15 20
15 15 22 15
16 1 15 1
16 4 16 5
16 5 17 5
16 22 16 21
16 22 15 22
16 22 17 22
17 1 18 1
17 3 17 5
17 3 15 3
17 3 19 3
18 4 19 4
18 22 18 21
18 22 17 22
18 22 20 22
19 5 19 4
19 5 19 7
19 5 17 5
21 3 21 1
21 3 21 4
21 3 20 3
22 0 22 1
22 0 8 0
22 1 22 6
22 1 23 1
22 1 22 6
23 2 23 4
23 2 23 4
23 4 23 6
23 9 23 7
23 9 23 10
23 11 23 15
0 21 1 21
0 21 1 21
1 2 1 4
1 5 2 5
1 5 2 5
1 10 1 13
1 14 3 14
1 16 9 16
2 6 3 6
2 23 2 22
3 14 1 14
6 4 6 3
6 6 7 6
7 5 7 6
8 0 8 1
9 1 9 3
9 1 10 1
9 3 15 3
9 12 11 12
9 16 10 16
10 1 15 1
11 11 11 12
12 21 5 21
13 10 14 10
13 17 14 17
14 10 14 12
14 12 14 10
14 17 14 18
14 18 14 19
14 18 14 19
15 1 15 3
17 5 17 10
17 23 20 23
18 4 19 4
19 3 19 1
19 3 20 3
19 3 20 3
20 1 20 3
20 3 20 10
20 10 18 10
21 4 21 6
23 4 23 6
6 4 6 3
10 19 13 19
19 7 18 7
21 4 21 6
6 3 5 3
18 10 17 10

5416

3 6 = = = = = = = = = = = = = 6 = = = = = 5 5 4 
| ǁ 2 = 3 4 6 = = = 5 - - 3 2 ǁ 3 6 = = = 4 | 2 
| ǁ     | 2 5 = = = 4     ǁ ǁ ǁ | ǁ 4 = 5   5 4 
3 ǁ     5 - 4     4 = = = 8 4 ǁ | ǁ 6 = 6 4 4 6 
4 ǁ     2 2         1     ǁ 1 ǁ | ǁ 4 2     3 3 
ǁ ǁ   2 - 7 - - - 5 6 1   ǁ | ǁ | ǁ 3   5 5 5 2 
ǁ ǁ   3 4 8 5 - - - 3     ǁ | ǁ | ǁ 6 2   | 3   
ǁ ǁ       3 3             ǁ | ǁ | ǁ 3     | 4 4 
5 6 = = = = = = = = = = = 7 3 ǁ | ǁ |     |   1 
ǁ 5 = 5 6 = = 4 = = 6 6 4 |   ǁ 3 ǁ |     | 4 4 
ǁ 3   | ǁ 1         ǁ ǁ ǁ |   ǁ 2 ǁ | 1   |   3 
ǁ |   | 2 |         ǁ 4 4 1   ǁ   ǁ | |   |   3 
ǁ |   |   |         ǁ         ǁ   ǁ | |   1     
ǁ |   | 1 6 = = = = 7 = = = = 8 = 7 7 3       3 
ǁ |   |   3 - - - - 4 = 3 1   ǁ 1 3 5 2         
ǁ 4 - 6 = = = = = = = = = = = 8 = = = = 7   6 3 
ǁ 5 1 ǁ 2 5 1       2 1   1   ǁ 1 3   3 | 2 7 1 
ǁ 6 = 8 = 7 - - - - 5 3   2   ǁ 3     4 |   4 2 
ǁ 2   ǁ 2 ǁ   1     2         ǁ |       5 5 6 ǁ 
ǁ 1 - 5 4 6 = 3     |         ǁ |       |   ǁ ǁ 
ǁ 1 - 6 - - - - - - 4 = 6 3   ǁ 5 4     4 6 6 5 
ǁ 2 = 6 4 = 3 3 4 4     4 1   ǁ 4 4       2   3 
5 5 = = = = 4   4 7 - - - - - 7       4 4   5 3 
1 1 2 = 4 = 3 3 = 6 2 1 - - - 3 1     3 1   1 1 
