24 24
2 0 3 0 0 0 3 3 0 0 0 0 0 5 4 0 0 0 0 0 5 4 2 2 
0 1 0 0 0 0 0 5 4 2 1 2 0 7 0 0 0 2 3 0 6 6 3 4 
0 5 3 0 0 0 0 5 0 0 0 3 0 0 2 0 4 3 4 1 0 3 1 0 
0 0 0 2 0 0 0 2 3 0 2 3 0 0 2 1 0 0 1 0 0 1 0 0 
0 0 0 0 0 0 0 2 5 0 0 6 2 0 2 0 5 0 0 0 6 0 4 0 
0 0 3 5 1 0 0 2 5 1 0 3 0 0 1 0 0 1 2 2 0 3 5 0 
0 0 0 0 1 0 0 0 0 0 0 0 0 0 0 0 0 0 0 0 0 2 0 0 
0 0 0 0 0 0 0 1 0 0 0 4 2 0 0 0 0 0 0 0 0 0 0 0 
0 0 0 0 0 0 0 0 0 1 4 0 0 0 0 0 0 0 0 0 0 2 5 0 
0 0 1 0 0 0 0 0 0 0 0 0 0 0 3 0 6 0 6 4 0 0 0 0 
0 0 0 0 0 0 0 1 0 0 0 0 0 0 2 2 7 4 6 4 0 0 3 0 
0 0 0 0 0 0 0 0 0 0 0 0 0 0 3 0 6 4 0 4 0 0 0 0 
0 5 0 4 7 4 0 0 4 0 4 0 1 0 2 0 2 3 5 4 0 0 0 0 
0 0 0 0 0 0 0 0 0 1 0 0 0 0 0 0 0 0 1 0 0 0 0 0 
0 0 0 0 0 0 0 0 0 3 0 5 0 7 0 0 0 0 0 0 4 0 4 0 
0 0 1 0 3 4 0 0 0 0 0 0 2 0 2 0 6 0 0 0 5 2 4 5 
3 0 0 0 0 3 0 0 4 3 0 2 3 0 2 0 7 0 4 1 0 2 0 2 
2 0 0 0 0 1 0 0 3 1 0 0 0 0 0 0 2 0 2 0 0 3 0 0 
2 0 3 0 0 0 4 5 0 0 6 0 0 6 0 0 0 0 0 0 6 4 0 2 
3 0 0 0 0 0 0 0 1 2 0 2 0 4 3 3 4 0 0 0 4 1 0 0 
0 0 3 0 0 0 0 3 4 3 0 1 2 0 4 0 7 0 0 0 6 2 3 4 
0 0 1 0 0 0 0 1 3 2 0 1 0 0 3 1 0 2 0 0 0 0 3 1 
3 7 0 0 0 0 5 0 0 0 4 0 0 0 0 0 7 0 0 0 0 0 7 4 
2 3 1 0 0 0 3 1 1 0 3 0 2 3 0 0 6 3 0 0 3 0 4 1 
200 85
0 13 0 7
0 13 0 14
0 13 1 13
0 20 0 14
0 20 0 21
0 20 1 20
2 1 2 2
2 1 1 1
2 1 12 1
5 22 5 21
5 22 4 22
5 22 8 22
10 16 10 15
10 16 10 17
10 16 9 16
10 16 11 16
12 4 12 3
12 4 12 5
12 4 6 4
12 4 15 4
14 13 14 11
14 13 14 20
14 13 1 13
14 13 18 13
15 16 15 14
15 16 15 20
15 16 16 16
15 16 15 14
15 16 15 20
15 16 16 16
15 23 15 22
15 23 1 23
15 23 16 23
16 16 16 14
16 16 16 18
16 16 17 16
20 16 20 14
20 16 20 20
20 16 19 16
20 16 22 16
21 15 21 14
22 1 22 0
22 1 22 6
22 1 12 1
22 1 23 1
22 22 22 16
22 22 22 23
22 22 21 22
22 22 23 22
22 23 22 22
22 23 21 23
22 23 23 23
23 16 23 13
23 16 23 17
23 16 22 16
23 22 23 20
23 22 22 22
1 7 1 8
1 7 0 7
1 7 2 7
2 1 2 2
2 1 12 1
12 4 12 3
12 4 12 5
12 4 15 4
12 19 12 18
12 19 11 19
12 19 12 18
12 19 11 19
13 18 12 18
20 20 20 16
20 20 20 21
20 20 19 20
20 23 20 22
20 23 18 23
21 17 21 22
23 16 23 13
23 16 23 17
23 16 22 16
23 17 23 20
23 20 23 22
20 23 20 22
20 23 18 23
21 17 21 22
22 22 22 16

2128

2   3       3 3 - - - - - 5 4 - - - - - 5 4 2 2 
  1           5 4 2 1 2   7       2 3   6 6 3 4 
  5 3         5       3   | 2   4 3 4 1   3 1 | 
  ǁ   2       2 3   2 3   | 2 1     1     1   | 
  ǁ           2 5     6 2 | 2   5       6   4 | 
  ǁ 3 5 1     2 5 1   3   | 1     1 2 2   3 5 | 
  ǁ     1                 |               2 | | 
  ǁ     |     1       4 2 |                 | | 
  ǁ     |         1 4     |               2 5 | 
  ǁ 1   |                 | 3   6   6 4       | 
  ǁ     |     1           | 2 2 7 4 6 4     3 | 
  ǁ     |                 | 3   6 4   4       | 
  5   4 7 4     4   4   1 | 2   2 3 5 4       | 
  |     ǁ         1       |         1         | 
  |     ǁ         3   5 - 7 - - - - - - 4   4 | 
  | 1   3 4             2 | 2 = 6 = = = 5 2 4 5 
3 |       3     4 3   2 3 | 2 - 7 - 4 1   2   2 
2 |       1     3 1       |     2   2     3     
2 | 3       4 5     6     6             6 4   2 
3 |             1 2   2   4 3 3 4       4 1   ǁ 
  | 3         3 4 3   1 2   4 - 7 = = = 6 2 3 4 
  | 1         1 3 2   1     3 1 | 2 = = = = 3 1 
3 7 - - - - 5       4           7 = = = = = 7 4 
2 3 1       3 1 1   3   2 3 = = 6 3 - - 3 = 4 1 
