24 24
4 0 0 0 0 6 0 0 4 0 0 0 0 3 1 1 0 0 0 0 0 3 0 0 
3 0 0 1 0 4 2 1 3 0 0 1 0 0 0 0 0 0 0 1 0 0 0 0 
4 0 5 0 0 0 0 0 0 0 0 0 0 5 0 0 0 0 0 3 0 0 0 2 
6 3 0 0 0 0 0 1 0 0 4 4 2 0 1 3 0 0 0 5 0 7 2 0 
4 0 0 0 0 0 1 0 0 0 4 0 0 0 0 4 1 0 2 0 0 0 1 0 
0 0 0 0 0 0 0 0 0 0 0 0 0 0 0 0 0 0 0 0 0 0 0 0 
6 4 0 0 0 0 1 0 0 0 4 0 0 6 5 3 4 0 5 4 1 0 0 4 
0 2 0 2 0 0 0 0 0 4 2 1 0 0 0 1 6 2 0 2 1 0 0 0 
0 2 0 0 0 0 0 0 0 0 3 5 3 0 0 0 0 2 0 3 4 0 0 0 
0 0 0 0 0 0 0 0 0 0 0 0 2 0 4 3 5 5 0 0 3 0 0 0 
0 2 7 0 0 0 0 0 0 6 0 4 2 0 6 3 1 1 0 0 3 0 0 0 
0 1 4 1 0 0 0 0 0 3 0 2 1 0 2 0 0 0 0 0 0 0 4 4 
6 0 0 0 0 0 0 0 0 0 0 0 0 7 0 0 0 0 6 4 0 0 0 2 
0 3 0 0 0 4 4 4 5 0 0 2 1 0 3 0 2 0 0 0 0 0 0 2 
4 7 0 4 4 0 1 0 0 0 0 0 0 0 0 1 0 0 0 2 0 0 0 0 
0 0 4 5 3 0 0 0 4 2 0 0 0 0 4 2 0 0 0 1 0 0 0 0 
0 0 0 0 2 0 2 0 0 3 0 0 0 0 4 2 0 0 0 3 0 0 0 0 
0 0 4 0 5 7 0 0 0 6 2 0 0 0 0 0 0 0 0 0 0 0 0 0 
1 0 2 0 1 0 0 0 0 2 0 0 0 0 4 2 0 0 0 0 0 3 5 5 
0 0 2 7 0 6 0 0 0 0 0 6 4 0 1 0 0 3 4 3 0 0 2 0 
0 0 1 4 1 0 2 3 0 0 0 4 3 0 0 0 0 4 4 3 4 0 0 0 
0 0 1 4 0 6 0 0 0 0 0 0 0 6 0 0 3 0 0 0 0 5 4 3 
3 5 0 6 0 5 3 3 0 3 0 0 0 7 0 0 0 0 0 4 3 3 1 0 
2 2 1 4 1 1 1 3 2 2 1 0 0 5 0 3 0 0 2 2 3 1 0 0 
200 154
0 0 0 5
0 0 1 0
0 0 0 5
0 0 1 0
0 5 0 8
0 5 1 5
0 21 0 15
0 21 3 21
0 21 3 21
2 2 2 0
2 2 2 13
2 2 10 2
2 23 6 23
3 0 3 1
3 0 2 0
3 0 4 0
3 0 3 1
3 0 2 0
3 0 4 0
3 1 6 1
3 21 3 19
3 21 3 22
3 21 18 21
4 0 6 0
6 0 6 1
6 0 4 0
6 0 12 0
6 1 6 0
6 1 7 1
6 23 2 23
6 23 11 23
6 23 11 23
7 1 8 1
8 1 10 1
11 23 11 22
11 23 12 23
12 0 12 13
12 0 6 0
12 0 14 0
12 23 13 23
13 8 13 7
13 8 13 11
13 8 15 8
13 23 18 23
14 1 14 0
14 1 14 3
14 1 13 1
14 1 22 1
15 2 15 3
15 2 17 2
15 2 15 3
15 2 17 2
17 2 17 4
17 2 18 2
17 5 17 4
17 5 17 9
17 5 13 5
17 5 19 5
18 23 18 22
18 23 21 23
22 13 22 9
22 13 22 19
22 13 21 13
22 13 23 13
23 3 23 2
23 3 23 4
23 3 22 3
23 3 22 3
23 13 23 10
23 13 23 15
23 13 22 13
0 5 0 8
0 5 1 5
0 8 0 13
0 8 1 8
1 5 1 3
1 5 1 6
1 6 1 7
1 8 1 11
1 19 2 19
2 0 2 2
3 7 3 10
3 10 3 11
3 10 4 10
3 10 3 11
3 11 3 12
3 11 7 11
4 10 4 6
4 10 6 10
4 10 6 10
6 6 6 10
6 10 7 10
6 13 6 14
6 13 2 13
6 13 12 13
6 13 6 14
6 13 2 13
6 13 12 13
8 11 8 10
8 11 8 12
8 11 10 11
10 14 10 15
10 14 9 14
10 14 11 14
10 14 10 15
10 14 9 14
10 14 11 14
11 22 4 22
11 22 18 22
11 22 18 22
12 0 12 13
12 0 14 0
13 7 13 6
13 7 13 8
13 7 13 6
14 0 14 1
14 4 14 3
14 4 15 4
14 4 14 3
14 4 15 4
15 8 15 9
15 8 13 8
15 8 15 9
17 10 17 9
18 0 22 0
18 23 18 22
18 23 21 23
21 23 21 22
22 3 22 1
22 3 22 5
22 3 21 3
22 3 22 1
23 13 23 15
23 15 23 18
23 18 23 19
3 12 8 12
3 22 3 21
9 14 9 15
9 14 6 14
13 6 13 5
13 6 14 6
14 3 14 1
15 3 15 4
16 4 17 4
16 6 16 9
17 10 17 9
13 5 13 1
13 5 17 5
16 4 17 4
16 6 16 9
17 9 17 5
17 9 16 9
17 9 18 9
13 1 14 1

1883

4 = = = = 6 = = 4 - - - - 3 1 1 - - - - - 3     
3     1 - 4 2 1 3 - - 1               1   ǁ     
4 = 5 - - - - - - - - - - 5           3   ǁ   2 
6 3 |         1 - - 4 4 2 ǁ 1 3       5 - 7 2 ǁ 
4 | |       1 - - - 4 | | ǁ   4 1   2     | 1 ǁ 
ǁ | |               ǁ | | ǁ               | | ǁ 
6 4 |       1 - - - 4 | | 6 5 3 4   5 4 1 | | 4 
ǁ 2 | 2           4 2 1 | ǁ | 1 6 2   2 1 | | ǁ 
ǁ 2 |               3 5 3 ǁ |     2   3 4 | | ǁ 
ǁ | |                 | 2 ǁ 4 3 5 5     3 | | ǁ 
ǁ 2 7             6   4 2 ǁ 6 3 1 1     3 | | ǁ 
ǁ 1 4 1           3   2 1 ǁ 2             | 4 4 
6 = = = = = = = = = = = = 7         6 4   | ǁ 2 
ǁ 3 - - - 4 4 4 5 - - 2 1   3   2         | ǁ 2 
4 7 = 4 4 ǁ 1   ǁ             1       2   | ǁ | 
  | 4 5 3 ǁ     4 2         4 2       1   | ǁ | 
  | ǁ   2 ǁ 2 = = 3         4 2       3   | ǁ | 
  | 4 - 5 7 = = = 6 2                     | ǁ | 
1 | 2   1 |       2         4 2           3 5 5 
| | 2 7   6           6 4   1     3 4 3     2 ǁ 
| | 1 4 1   2 3       4 3         4 4 3 4     ǁ 
| | 1 4   6               6     3         5 4 3 
3 5 = 6 - 5 3 3   3 - - - 7 - - - - - 4 3 3 1   
2 2 1 4 1 1 1 3 2 2 1 - - 5 = 3 - - 2 2 3 1     
