24 24
1 0 0 0 0 3 3 4 0 0 0 0 2 0 6 0 0 0 2 0 0 2 2 1 
2 4 1 0 0 0 1 0 0 0 0 0 0 0 0 2 0 6 0 0 0 8 4 0 
1 0 3 0 0 7 0 7 0 0 0 0 0 0 8 4 0 0 1 2 4 0 4 3 
2 0 5 6 2 0 0 0 0 0 0 0 2 0 2 0 0 0 0 0 0 0 0 0 
0 0 2 4 2 0 0 1 0 0 0 0 3 0 0 7 2 0 0 3 5 0 4 2 
0 0 0 0 0 0 0 0 0 0 0 0 0 0 0 2 0 0 0 0 2 0 0 0 
5 7 0 0 0 7 0 0 0 0 0 0 0 0 0 0 0 7 7 8 2 0 0 0 
1 3 1 0 0 0 0 4 0 2 0 0 0 0 0 0 0 0 4 5 1 2 0 0 
1 0 0 3 1 0 2 0 0 0 0 0 0 0 0 0 0 0 0 3 1 0 4 0 
0 0 0 0 0 0 0 5 0 0 0 0 0 0 0 4 2 0 2 0 2 0 0 0 
0 2 0 0 2 0 0 3 2 2 4 0 6 2 0 0 0 0 1 0 0 0 0 0 
0 0 0 0 0 0 4 4 0 0 0 0 7 0 0 7 5 0 5 0 5 0 6 5 
5 0 6 7 4 0 0 0 2 0 0 0 0 2 0 4 1 0 4 0 0 0 0 0 
0 2 0 0 0 0 0 0 0 0 2 0 0 2 0 2 1 0 4 2 0 0 0 0 
0 0 0 0 0 0 0 0 0 0 0 0 0 4 0 6 0 7 0 0 0 0 4 0 
2 4 0 0 0 0 0 0 0 2 6 0 0 0 0 3 1 0 4 0 6 0 4 0 
1 0 0 2 0 0 0 4 0 0 0 0 0 3 4 4 2 0 0 2 0 2 4 0 
3 0 0 0 0 0 0 4 5 1 0 2 0 2 6 0 0 4 6 6 6 0 2 3 
0 3 6 0 0 8 8 0 4 2 0 0 0 0 2 0 0 0 2 2 0 2 0 5 
0 1 4 3 1 0 3 0 0 0 5 4 0 0 0 0 0 0 0 0 0 1 3 2 
5 0 0 0 0 8 0 0 0 0 0 0 8 0 0 0 0 0 0 0 7 0 6 2 
3 3 3 0 0 3 2 0 0 0 3 3 7 0 0 0 0 0 2 2 5 0 2 0 
5 0 0 0 0 0 0 0 0 0 5 1 5 0 0 0 0 0 0 0 0 0 4 2 
3 0 0 0 0 1 0 0 0 0 4 2 4 0 0 4 0 0 3 0 2 0 1 0 
200 321
0 14 0 12
0 14 0 18
0 14 2 14
0 14 0 12
0 14 0 18
0 14 2 14
1 17 1 15
1 17 1 21
1 17 6 17
1 17 1 15
1 17 1 21
1 17 6 17
1 21 1 22
1 21 0 21
1 21 7 21
2 5 2 2
2 5 2 7
2 5 0 5
2 5 6 5
2 7 2 5
2 7 2 14
2 7 0 7
2 7 4 7
2 14 2 7
2 14 2 15
2 14 3 14
2 15 2 14
2 15 4 15
2 15 2 14
2 20 2 19
2 20 4 20
2 20 2 19
2 20 4 20
3 3 3 2
3 3 3 4
3 3 4 3
3 3 3 2
3 3 3 4
3 3 4 3
4 15 4 12
4 15 4 16
4 15 5 15
6 0 6 1
6 0 3 0
6 0 7 0
6 17 6 5
6 17 6 18
6 17 14 17
6 18 6 17
6 18 6 19
6 18 2 18
6 18 7 18
6 19 6 18
6 19 6 20
6 19 4 19
6 19 7 19
6 19 6 18
6 19 6 20
6 19 4 19
7 18 7 19
7 18 9 18
7 18 7 19
9 7 9 15
9 7 7 7
9 7 10 7
10 12 10 10
10 12 10 13
10 12 11 12
10 12 10 10
10 12 10 13
10 12 11 12
11 12 11 7
11 12 11 15
11 12 20 12
11 16 11 15
11 16 9 16
11 16 12 16
11 18 11 20
11 18 10 18
11 18 12 18
11 23 11 22
11 23 4 23
11 23 17 23
12 0 12 2
12 0 8 0
12 0 15 0
12 3 12 2
12 3 12 4
12 3 8 3
12 3 16 3
12 18 11 18
12 18 13 18
12 18 11 18
13 1 15 1
13 10 15 10
13 18 13 19
13 18 15 18
13 18 13 19
14 17 14 15
14 17 6 17
14 17 17 17
14 17 14 15
14 17 17 17
14 22 11 22
14 22 15 22
14 22 11 22
14 22 15 22
15 10 15 9
15 10 13 10
15 10 19 10
15 10 15 9
15 10 19 10
15 18 15 20
15 18 17 18
15 18 15 20
15 20 15 22
15 20 11 20
15 20 17 20
15 20 15 22
16 19 17 19
16 22 16 21
16 22 17 22
16 22 16 21
16 22 17 22
17 11 19 11
17 17 17 14
17 17 17 18
17 18 17 19
17 18 18 18
18 5 18 2
18 5 18 6
18 5 6 5
18 5 20 5
18 5 18 2
18 5 18 6
18 5 6 5
18 5 20 5
18 6 18 8
18 6 11 6
18 6 19 6
18 23 18 21
18 23 17 23
18 23 19 23
19 4 19 3
20 0 20 5
20 0 17 0
20 0 21 0
20 5 20 0
20 5 20 12
20 5 21 5
20 12 20 5
20 12 20 20
20 12 11 12
20 12 21 12
22 0 22 10
22 0 21 0
22 0 23 0
23 0 23 5
23 0 22 0
23 10 23 11
23 10 22 10
23 10 23 11
23 10 22 10
23 12 23 15
23 12 22 12
23 12 23 15
23 12 22 12
23 15 23 18
0 7 0 6
0 7 2 7
0 7 0 6
1 6 0 6
1 21 1 22
1 21 0 21
1 21 7 21
1 22 0 22
1 22 2 22
2 22 2 23
2 22 4 22
2 22 2 23
3 14 3 12
4 15 4 12
4 15 4 16
4 15 5 15
4 19 4 20
4 20 5 20
4 22 4 23
4 22 8 22
4 22 8 22
5 20 4 20
6 0 6 1
6 0 3 0
6 1 6 5
6 1 1 1
6 1 7 1
6 5 6 1
6 5 2 5
7 7 7 9
7 7 9 7
7 7 7 9
8 6 11 6
8 22 8 20
8 22 11 22
9 18 9 20
9 20 11 20
10 1 7 1
10 10 10 9
11 20 11 22
11 20 11 22
11 23 17 23
12 0 12 2
12 0 15 0
12 2 12 3
12 2 7 2
12 2 18 2
12 4 12 3
12 4 10 4
12 4 12 3
12 8 17 8
13 1 15 1
13 16 13 15
14 15 14 13
14 15 13 15
14 15 15 15
14 15 14 13
15 1 18 1
16 0 17 0
16 7 11 7
16 7 17 7
16 7 11 7
16 7 17 7
16 19 17 19
17 0 20 0
17 7 17 8
17 11 19 11
17 14 17 13
17 14 16 14
17 14 18 14
17 14 17 13
17 14 16 14
17 18 17 19
17 18 18 18
18 6 18 8
18 6 11 6
18 6 19 6
18 8 18 9
18 8 17 8
18 9 17 9
18 23 18 21
18 23 19 23
19 3 19 2
19 6 19 10
19 10 19 11
19 11 19 10
19 21 19 22
19 22 20 22
19 22 20 22
20 5 21 5
20 12 20 20
20 12 21 12
20 20 20 22
20 20 17 20
20 20 21 20
20 22 20 20
20 22 20 23
20 22 21 22
20 23 22 23
21 12 21 11
21 12 21 18
21 12 22 12
22 23 22 22
23 15 23 18
0 5 0 0
0 5 2 5
0 22 0 23
2 0 1 0
3 12 4 12
4 3 4 2
4 3 4 4
7 20 7 19
8 3 8 4
8 6 11 6
8 19 7 19
10 1 7 1
10 10 10 9
11 7 11 12
11 15 11 16
11 15 9 15
11 15 12 15
12 8 17 8
12 15 12 13
12 15 11 15
12 15 12 13
13 13 14 13
14 13 13 13
15 1 18 1
16 13 16 14
16 14 16 13
16 15 16 16
16 15 15 15
16 15 16 16
16 15 15 15
17 7 17 8
17 20 17 19
17 20 20 20
17 20 17 19
19 3 19 2
1 0 1 1
1 1 1 2
1 1 6 1
2 2 3 2
3 2 2 2
3 2 4 2
10 8 10 7
11 15 11 16
19 2 19 1
19 2 18 2
9 15 9 7
9 15 9 16
10 7 10 8
18 1 18 2

2299

1 - - - - 3 3 4         2 = 6 = = = 2     2 2 1 
2 4 1     ǁ 1 ǁ             ǁ 2 = 6 = = = 8 4   
1 ǁ 3 - - 7 = 7 = = = = = = 8 4   ǁ 1 2 4 ǁ 4 3 
2 ǁ 5 6 2 ǁ   |         2 - 2 |   ǁ |   ǁ ǁ |   
ǁ ǁ 2 4 2 ǁ   1         3 = = 7 2 ǁ | 3 5 ǁ 4 2 
ǁ ǁ       ǁ                   2   ǁ | ǁ 2 ǁ ǁ | 
5 7 = = = 7 - - - - - - - - - - - 7 7 8 2 ǁ ǁ | 
1 3 1     ǁ   4 = 2               ǁ 4 5 1 2 ǁ | 
1 ǁ | 3 1 ǁ 2 ǁ                   ǁ | 3 1 - 4 | 
| ǁ | |   ǁ ǁ 5 = = = = = = = 4 2 ǁ 2 - 2   | | 
| 2 | | 2 ǁ ǁ 3 2 2 4 = 6 2   | | ǁ 1   |   | | 
|   | | | ǁ 4 4 = = = = 7 - - 7 5 ǁ 5 - 5 = 6 5 
5 = 6 7 4 ǁ ǁ ǁ 2       ǁ 2 = 4 1 ǁ 4   |   ǁ ǁ 
ǁ 2 | |   ǁ ǁ ǁ ǁ   2   ǁ 2   2 1 ǁ 4 2 |   ǁ ǁ 
ǁ ǁ | |   ǁ ǁ ǁ ǁ   ǁ   ǁ 4 = 6 = 7 |   |   4 ǁ 
2 4 | |   ǁ ǁ ǁ ǁ 2 6   ǁ     3 1 ǁ 4 = 6 = 4 ǁ 
1 ǁ | 2   ǁ ǁ 4 ǁ   ǁ   ǁ 3 4 4 2 ǁ | 2 | 2 4 ǁ 
3 ǁ |     ǁ ǁ 4 5 1 ǁ 2 ǁ 2 6 - - 4 6 6 6   2 3 
ǁ 3 6 = = 8 8 = 4 2 ǁ ǁ ǁ   2       2 2 ǁ 2 = 5 
ǁ 1 4 3 1 ǁ 3 - - - 5 4 ǁ               ǁ 1 3 2 
5 = = = = 8 = = = = = = 8 = = = = = = = 7 = 6 2 
3 3 3     3 2       3 3 7 - - - - - 2 2 5   2 | 
5 - - - - - - - - - 5 1 5                   4 2 
3 - - - - 1         4 2 4 = = 4 = = 3   2   1   
