24 24
1 0 0 3 0 0 0 0 2 0 0 0 0 0 0 0 0 0 0 0 0 0 3 0 
2 5 0 7 0 0 0 0 0 0 0 0 6 0 0 0 2 2 0 3 5 1 0 0 
1 0 1 0 2 0 2 2 1 2 4 1 4 0 2 1 3 4 2 0 2 0 0 0 
4 6 3 4 3 1 0 0 4 0 7 0 3 2 4 1 0 4 0 2 0 0 0 0 
2 4 3 0 6 3 0 0 3 0 2 0 0 6 5 1 0 0 0 0 0 0 0 0 
2 3 1 0 3 1 0 0 2 0 0 0 0 2 3 2 0 0 0 0 0 0 0 0 
2 0 0 7 0 0 6 7 0 0 0 0 7 0 3 2 0 0 0 0 0 0 0 0 
2 1 2 4 2 0 0 0 2 4 3 1 3 3 2 1 0 0 0 0 0 0 0 0 
3 2 7 0 0 0 6 0 5 5 0 0 0 0 3 3 0 0 0 0 0 0 0 0 
0 0 0 3 0 2 0 0 3 0 0 0 0 0 0 3 0 0 0 0 0 0 0 2 
0 1 0 3 1 0 0 0 0 0 0 0 0 0 0 1 0 0 0 0 0 0 0 0 
0 2 7 0 4 3 0 2 3 0 0 2 0 0 5 2 0 0 0 0 0 0 0 0 
0 1 3 0 1 0 0 1 2 0 2 3 0 0 2 1 0 0 0 0 0 0 0 0 
5 0 0 0 0 0 7 0 0 6 0 0 0 0 0 0 4 4 0 0 0 0 5 5 
0 1 4 3 2 0 0 2 0 0 1 0 2 1 0 0 0 0 0 4 2 0 0 2 
0 0 0 0 0 0 0 0 0 0 0 0 0 0 0 0 0 0 0 0 0 2 0 2 
0 0 0 0 0 0 0 0 0 0 4 0 5 6 2 0 0 3 0 5 0 0 0 3 
0 0 0 0 0 0 0 0 0 0 3 1 0 4 2 0 0 0 1 0 2 0 0 0 
0 1 0 0 0 0 0 5 0 6 0 0 5 4 2 0 0 0 0 0 0 0 0 0 
0 0 0 0 0 0 0 2 1 5 2 3 0 0 0 0 6 2 3 6 7 3 0 0 
0 0 0 0 0 0 0 2 0 4 0 1 0 0 0 0 1 0 1 2 2 0 0 0 
0 2 4 0 0 0 5 0 0 0 0 0 0 0 0 0 0 0 0 0 0 0 5 3 
5 1 1 0 2 0 5 0 0 0 0 0 0 0 0 0 3 0 0 3 2 0 5 3 
3 1 1 2 0 0 4 0 0 0 0 0 3 0 0 0 1 2 0 4 0 0 2 2 
200 61
1 1 1 0
1 1 1 3
1 1 3 1
1 12 1 3
1 12 1 16
1 12 2 12
1 20 1 19
1 20 1 21
1 20 2 20
3 10 3 8
3 10 3 12
3 10 2 10
3 10 4 10
6 3 6 0
6 3 6 6
6 3 3 3
6 3 7 3
6 7 6 6
6 7 6 12
6 7 2 7
6 7 11 7
8 2 8 1
8 2 8 6
8 2 7 2
8 2 11 2
8 6 8 2
8 6 6 6
8 6 13 6
8 8 8 9
8 8 7 8
8 8 9 8
13 0 13 6
13 0 8 0
13 0 22 0
13 23 13 22
13 23 9 23
13 23 14 23
19 20 19 19
19 20 19 21
19 20 17 20
19 20 20 20
22 0 22 1
22 0 13 0
22 0 23 0
22 0 23 0
23 0 23 1
1 12 1 3
1 12 1 16
1 12 2 12
1 20 1 19
1 20 2 20
4 4 4 5
4 4 3 4
4 4 5 4
4 4 4 5
4 4 3 4
4 4 5 4
5 4 5 5
7 4 7 3
4 5 3 5
7 4 7 3

2287

1     3         2                           3   
2 5 - 7 = = = = = = = = 6 = = = 2 2   3 5 1     
1 | 1   2   2 2 1 2 4 1 4   2 1 3 4 2   2       
4 6 3 4 3 1   | 4 - 7 - 3 2 4 1   4   2         
2 4 3 | 6 3   | 3   2     6 5 1                 
2 3 1 | 3 1   | 2         2 3 2                 
2 - - 7 - - 6 7 - - - - 7   3 2                 
2 1 2 4 2   | | 2 4 3 1 3 3 2 1                 
3 2 7 = = = 6 | 5 5         3 3                 
|   | 3   2 | | 3             3               2 
| 1 | 3 1   | |               1               | 
| 2 7   4 3 | 2 3     2     5 2               | 
| 1 3   1   | 1 2   2 3     2 1               | 
5 - - - - - 7     6             4 4         5 5 
ǁ 1 4 3 2     2     1   2 1           4 2     2 
ǁ                                         2   2 
ǁ                   4   5 6 2     3   5       3 
ǁ                   3 1   4 2       1   2       
ǁ 1           5   6     5 4 2           |       
ǁ             2 1 5 2 3         6 2 3 6 7 3     
ǁ             2   4   1         1   1 2 2       
ǁ 2 4       5                               5 3 
5 1 1   2   5                   3     3 2   5 3 
3 1 1 2     4           3       1 2   4     2 2 
