24 24
1 5 0 3 0 0 0 0 4 4 2 1 2 0 3 0 0 0 0 0 3 1 3 3 
3 6 0 0 0 0 0 0 6 6 4 5 0 0 0 0 0 0 0 0 7 4 6 4 
2 0 1 1 0 0 0 0 0 0 0 0 0 0 0 0 0 1 0 0 0 2 0 2 
1 0 0 0 0 0 0 0 0 0 0 0 0 0 0 0 0 0 0 0 0 0 6 6 
0 0 0 2 0 0 0 0 4 0 3 0 0 0 0 0 0 0 1 0 0 0 2 0 
0 0 0 2 1 0 2 0 0 0 1 0 0 0 0 0 0 0 0 0 0 5 0 5 
0 0 0 0 0 0 0 2 5 0 0 4 0 0 0 0 0 5 2 0 0 3 1 3 
0 0 2 6 0 0 5 4 3 0 0 2 1 0 0 5 2 0 0 0 0 2 1 0 
0 0 0 0 2 0 0 0 0 5 0 0 0 0 0 5 1 2 0 0 0 0 3 4 
0 0 0 0 3 2 0 0 0 2 0 0 0 0 0 1 0 0 0 0 0 0 0 0 
0 0 0 0 0 0 0 0 0 2 0 0 1 0 0 0 0 0 0 0 0 0 0 0 
0 5 0 6 0 0 0 0 0 0 0 0 0 0 0 0 0 0 0 0 7 7 6 3 
0 3 1 0 2 0 5 0 3 0 3 0 2 0 0 0 0 0 4 4 4 3 0 0 
0 2 1 0 3 3 0 1 0 0 0 1 0 0 0 0 3 0 0 3 4 0 0 0 
0 2 1 0 0 2 0 0 0 0 0 0 0 0 0 0 0 2 0 4 4 0 2 0 
5 4 2 0 5 0 7 3 3 6 4 0 0 0 0 0 5 0 0 0 2 2 1 3 
0 2 1 0 1 0 2 2 1 3 0 0 0 2 3 0 5 3 0 3 0 0 3 4 
0 6 0 6 0 0 0 0 0 0 0 0 0 0 0 0 0 0 5 0 0 0 8 5 
0 4 3 0 0 2 0 0 0 0 0 0 0 3 3 3 0 0 3 4 4 0 3 2 
0 3 4 0 0 0 0 0 0 0 0 0 0 0 3 0 0 1 0 2 0 3 3 0 
4 0 0 7 0 0 0 0 0 0 0 0 0 5 0 0 0 0 0 0 4 4 2 2 
0 4 2 0 1 2 0 4 3 3 0 0 0 5 0 0 0 0 0 0 5 0 4 0 
1 3 0 7 0 0 0 7 0 0 3 2 2 3 0 0 0 0 0 0 4 2 2 3 
2 0 0 5 0 1 2 5 0 0 0 0 4 0 1 1 0 0 0 0 4 5 1 2 
200 212
0 1 0 0
0 1 0 3
0 1 1 1
1 20 1 11
1 20 1 21
1 20 0 20
1 20 11 20
3 22 3 23
3 22 1 22
3 22 4 22
3 22 3 23
3 22 1 22
3 22 4 22
3 23 2 23
3 23 5 23
5 21 5 23
5 21 2 21
5 21 6 21
7 15 7 12
7 15 7 16
7 15 8 15
11 1 11 3
11 1 1 1
11 1 12 1
11 21 11 20
11 21 11 22
11 21 7 21
11 21 12 21
15 0 15 1
15 0 3 0
15 0 20 0
15 6 15 4
15 6 15 7
15 6 12 6
15 6 16 6
16 16 16 14
16 16 16 17
16 16 15 16
17 1 17 3
17 1 16 1
17 1 18 1
17 1 17 3
17 1 16 1
17 1 18 1
17 3 17 18
17 3 11 3
17 3 20 3
17 3 17 18
17 22 17 18
17 22 17 23
17 22 16 22
17 22 18 22
17 22 17 18
17 22 17 23
17 22 16 22
17 22 18 22
18 1 18 2
18 1 19 1
18 2 19 2
20 3 20 0
20 3 20 13
20 3 22 3
21 1 21 2
21 1 22 1
21 1 21 2
21 1 22 1
21 4 21 5
22 7 22 3
22 7 22 10
22 7 21 7
22 7 23 7
23 3 23 0
23 3 23 5
23 3 22 3
23 6 23 7
23 21 23 20
23 21 23 22
23 21 22 21
23 23 22 23
23 23 22 23
0 1 0 3
0 1 1 1
1 1 1 0
1 1 1 8
1 1 11 1
1 8 1 9
1 8 0 8
1 8 4 8
1 8 1 9
1 8 0 8
1 9 1 10
1 9 0 9
1 9 8 9
1 9 1 10
1 22 1 21
1 22 1 23
1 22 0 22
1 22 1 21
1 23 0 23
1 23 2 23
1 23 0 23
2 0 1 0
2 17 6 17
3 23 5 23
4 8 4 3
4 8 6 8
4 8 4 3
4 18 6 18
6 8 6 7
6 8 7 8
6 8 6 7
6 8 7 8
7 15 7 16
7 15 8 15
11 3 11 1
11 3 11 20
11 3 7 3
11 3 11 20
14 5 13 5
15 0 15 1
15 0 20 0
15 1 15 2
15 1 14 1
15 9 15 8
15 9 15 10
15 9 16 9
15 9 15 8
15 9 15 10
15 9 16 9
15 10 15 16
15 10 12 10
16 2 15 2
18 2 19 2
18 5 18 13
19 1 19 2
19 2 19 1
20 0 20 3
20 3 20 13
20 3 22 3
21 5 21 7
21 7 21 8
21 7 22 7
21 8 21 9
23 3 23 0
23 3 22 3
23 6 23 7
23 21 23 20
23 21 22 21
0 3 0 8
0 8 0 9
0 9 0 10
0 9 0 10
0 22 0 21
0 22 0 23
1 0 2 0
1 10 1 11
1 10 4 10
1 21 1 20
2 3 2 2
2 21 5 21
4 10 5 10
6 18 6 17
7 2 7 3
7 3 7 2
7 3 7 6
7 3 5 3
7 3 7 6
7 7 7 6
7 7 7 8
7 7 7 6
7 7 7 6
7 11 6 11
10 12 10 9
13 7 15 7
13 11 13 16
14 5 13 5
18 5 18 13
21 8 21 9
21 9 21 13
22 0 22 1
22 3 22 7
23 20 23 15
23 20 22 20
5 3 5 4
7 11 6 11
10 9 9 9
13 5 13 4
22 20 22 13
22 20 21 20
22 20 22 13
23 14 23 12
6 11 6 17
6 11 1 11
6 17 8 17
6 17 8 17
8 16 8 15
23 12 23 7
23 12 22 12
23 12 23 7
1 11 1 20
1 11 0 11
22 7 22 10
22 10 22 11
22 11 22 12
22 13 21 13
0 12 0 14
0 12 0 14
0 14 0 20
0 20 1 20
11 20 11 21
11 20 12 20
11 20 11 21

2517

1 5 = 3 - - - - 4 4 2 1 2 = 3 - - - - - 3 1 3 3 
3 6 - - - - - - 6 6 4 5 = = = = = = = = 7 4 6 4 
2 ǁ 1 1         | | | |           1     | 2 ǁ 2 
1 ǁ             | | | |           |     | ǁ 6 6 
| ǁ   2 = = = = 4 | 3 |           | 1   | ǁ 2 ǁ 
| ǁ   2 1   2   | | 1 |           | |   | 5 - 5 
| ǁ   |       2 5 |   4 - - - - - 5 2   | 3 1 3 
| ǁ 2 6 = = 5 4 3 |   2 1 - - 5 2 ǁ     | 2 1   
| ǁ   | 2         5           5 1 2     | | 3 4 
| ǁ   | 3 2       2           1         | |     
| ǁ   |           2 - - 1               | |     
| 5 = 6 = = = = = = = = = = = = = = = = 7 7 6 3 
| 3 1 | 2   5   3   3   2           4 4 4 3     
| 2 1 | 3 3 | 1     | 1 - - - - 3     3 4       
| 2 1 |   2 | |     |             2   4 4   2   
5 4 2 | 5 - 7 3 3 6 4 - - - - - 5       2 2 1 3 
ǁ 2 1 | 1   2 2 1 3       2 3 - 5 3   3     3 4 
ǁ 6 = 6 = = = = = = = = = = = = = = 5 = = = 8 5 
ǁ 4 3 |   2 = = = = = = = 3 3 3     3 4 4   3 2 
ǁ 3 4 |                     3     1   2   3 3   
4 = = 7 = = = = = = = = = 5             4 4 2 2 
  4 2 ǁ 1 2 - 4 3 3 - - - 5             5   4   
1 3   7 = = = 7 = = 3 2 2 3 = = = = = = 4 2 2 3 
2 = = 5 - 1 2 5 = = = = 4 - 1 1 - - - - 4 5 1 2 
