24 24
3 0 5 2 2 0 2 3 3 0 4 0 0 0 0 0 0 2 3 0 2 3 3 0 
0 2 4 2 0 0 0 3 0 3 0 0 0 0 0 1 0 0 4 0 0 0 0 0 
4 3 0 0 4 4 0 3 1 0 0 0 0 0 2 0 0 0 5 2 3 0 5 2 
3 0 0 0 1 2 0 0 2 0 0 0 0 0 0 0 2 0 0 0 0 0 0 0 
3 4 0 0 3 0 6 4 0 0 3 2 0 0 0 0 0 0 4 0 6 4 0 0 
0 0 0 0 0 0 0 0 0 0 1 3 0 0 3 0 0 0 0 0 0 1 0 0 
1 0 0 0 6 2 0 1 0 0 0 0 2 0 0 0 0 0 2 1 0 2 0 0 
0 0 0 0 5 3 0 0 0 0 0 0 3 4 0 5 4 0 0 0 0 0 0 1 
3 0 0 0 2 2 0 0 0 0 0 0 0 0 0 1 0 0 0 0 0 0 0 0 
0 0 6 6 0 0 7 7 6 4 0 4 0 6 0 0 0 6 0 0 5 4 0 0 
0 0 2 0 0 0 0 2 2 0 0 0 0 0 3 5 1 0 0 0 0 1 0 0 
0 0 2 5 2 0 0 1 0 0 2 3 0 0 1 0 0 0 2 4 3 1 0 0 
0 0 5 6 3 0 0 2 0 4 0 1 1 3 0 3 0 0 0 0 2 0 0 0 
0 0 2 3 3 0 0 0 0 1 0 0 0 0 0 0 0 0 0 0 0 0 0 0 
5 5 0 0 0 0 5 0 0 0 0 0 0 0 0 0 0 4 0 7 0 5 6 2 
1 0 0 0 2 0 7 6 0 2 0 0 0 0 0 0 0 0 0 2 2 4 5 2 
1 0 1 0 3 1 0 0 3 4 2 1 2 0 0 1 0 0 0 0 0 0 0 0 
0 3 0 0 7 5 0 0 3 0 0 0 0 0 0 0 0 0 0 0 0 0 0 0 
0 0 0 0 0 2 0 0 3 4 2 4 0 0 0 0 0 0 0 0 0 3 1 0 
0 0 0 0 3 1 0 0 0 0 0 4 3 0 0 0 0 0 0 0 0 0 0 0 
0 4 0 0 3 3 0 4 6 5 4 0 0 0 0 0 0 6 0 0 6 0 2 0 
0 4 0 0 2 1 0 1 2 1 1 0 1 1 0 1 0 4 0 2 5 1 0 0 
5 0 0 0 0 0 7 0 0 0 0 0 4 2 0 0 0 2 1 5 8 2 3 2 
2 1 0 0 0 0 3 0 0 0 0 0 4 0 0 0 4 4 2 1 2 0 0 0 
200 97
0 2 0 0
0 2 0 3
0 2 1 2
7 4 7 5
7 4 6 4
7 4 8 4
9 2 9 3
9 2 1 2
9 2 10 2
9 2 9 3
9 2 1 2
9 2 10 2
9 3 9 6
9 3 1 3
9 3 11 3
9 3 9 6
9 6 9 7
9 6 4 6
9 6 14 6
9 7 9 6
9 7 9 8
9 7 6 7
9 7 10 7
12 2 12 3
12 2 11 2
12 2 13 2
14 0 14 1
14 0 8 0
14 0 15 0
14 19 14 17
14 19 14 21
14 19 11 19
14 19 15 19
15 6 15 4
15 6 15 7
15 6 14 6
15 6 22 6
17 4 17 1
17 4 17 5
17 4 16 4
17 4 19 4
19 11 19 12
19 11 18 11
19 11 19 12
19 11 18 11
22 0 22 6
22 0 16 0
22 0 23 0
22 20 22 19
22 20 22 21
22 20 21 20
22 20 23 20
22 20 22 19
22 20 22 21
22 20 21 20
22 20 23 20
6 4 6 5
6 4 4 4
6 4 7 4
6 4 6 5
6 4 4 4
9 7 9 6
9 7 9 8
9 8 9 9
9 8 3 8
9 8 10 8
9 8 9 9
12 20 11 20
14 0 14 1
14 0 8 0
21 1 21 4
21 1 20 1
21 1 21 4
21 1 20 1
21 5 20 5
22 0 22 6
22 0 23 0
23 1 23 6
4 6 4 4
4 6 4 7
4 6 0 6
4 6 4 7
4 6 0 6
4 7 2 7
8 0 6 0
12 20 11 20
20 1 20 4
20 1 17 1
2 5 2 4
2 5 3 5
2 5 2 4
2 5 3 5
3 4 2 4
4 7 2 7
0 4 0 3
0 4 2 4
1 3 1 2

3586

3 - 5 2 2   2 3 3   4             2 3   2 3 3   
  2 4 2 |   ǁ 3   3           1     4           
4 3 ǁ | 4 4 ǁ 3 1           2       5 2 3   5 2 
3   ǁ | 1 2 ǁ ǁ 2               2               
3 4 ǁ | 3 - 6 4 |   3 2             4   6 4     
    ǁ | ǁ   |   |   1 3     3             1     
1   ǁ | 6 2 | 1 |       2           2 1   2     
|   ǁ | 5 3 | | |       3 4   5 4             1 
3   ǁ | 2 2 | | |             1                 
ǁ   6 6 = = 7 7 6 4   4   6       6     5 4     
ǁ   2 |     | 2 2           3 5 1         1     
ǁ   2 5 2   | 1     2 3     1       2 4 3 1     
ǁ   5 6 3   | 2   4   1 1 3   3       | 2       
ǁ   2 3 3   |     1                   |         
5 5         5                     4 - 7 - 5 6 2 
1       2 - 7 6   2                   2 2 4 5 2 
1   1   3 1 |   3 4 2 1 2     1                 
| 3 - - 7 5 |   3                               
| |     | 2 |   3 4 2 4                   3 1   
| |     3 1 |         4 3                       
| 4 - - 3 3 | 4 6 5 4             6     6   2   
| 4 = = 2 1 | 1 2 1 1   1 1   1   4   2 5 1     
5 = = = = = 7           4 2       2 1 5 8 2 3 2 
2 1 - - - - 3           4       4 4 2 1 2       
