24 24
2 0 0 0 0 0 0 3 4 2 1 2 2 0 0 0 0 0 0 0 5 0 2 1 
0 4 0 6 0 5 0 0 0 0 0 5 0 0 0 0 0 0 0 0 7 2 0 0 
0 0 1 4 1 0 2 4 1 0 2 0 1 2 0 4 1 0 2 2 6 2 0 3 
0 6 0 5 4 5 0 7 6 3 4 0 4 0 0 7 0 0 6 2 3 5 0 0 
0 4 3 1 2 4 1 2 5 4 3 0 3 3 2 0 4 4 5 3 1 2 0 0 
0 1 3 1 2 6 2 1 2 1 1 0 2 1 0 0 2 0 2 1 0 1 0 0 
4 0 0 0 0 0 0 0 0 0 0 6 0 0 0 5 0 4 0 0 3 2 0 0 
0 3 0 0 0 0 2 0 0 0 0 0 2 3 3 7 4 4 0 3 4 2 0 0 
0 3 0 0 0 0 0 0 0 0 0 7 0 5 0 0 2 0 2 2 0 2 0 0 
0 3 0 0 0 0 0 0 0 0 0 8 2 4 0 0 2 0 2 3 0 0 0 0 
0 0 1 2 0 4 0 0 0 0 0 5 2 2 3 0 0 0 1 7 8 4 0 0 
0 1 2 0 0 4 0 0 0 0 2 0 0 0 4 0 0 0 0 0 5 1 0 0 
0 1 0 3 0 0 0 0 0 0 0 0 0 0 0 4 4 0 0 0 3 1 0 0 
0 4 0 6 0 3 3 4 0 0 0 0 0 0 0 0 3 0 0 0 3 0 6 5 
0 2 0 2 1 1 1 2 0 1 0 0 1 0 0 0 2 0 0 0 0 1 0 0 
5 0 0 0 0 0 0 0 0 0 0 0 0 0 0 0 0 5 0 3 0 0 0 0 
0 0 0 0 0 0 0 0 0 0 0 0 0 0 0 0 0 0 2 1 0 0 0 3 
0 0 0 0 0 0 0 0 0 0 0 0 0 0 0 0 0 0 4 4 0 0 0 2 
0 0 0 0 0 0 0 0 0 0 0 0 0 0 0 0 0 0 0 2 3 0 3 2 
0 0 0 0 0 0 0 0 0 0 0 0 0 0 0 0 0 0 3 0 4 2 1 1 
0 0 0 0 0 0 2 0 0 0 0 0 0 0 0 0 0 5 0 0 0 0 5 2 
0 0 0 0 0 0 0 0 0 0 0 1 0 0 0 0 0 0 2 1 0 2 1 0 
6 0 0 0 0 0 0 0 0 0 0 0 0 0 0 0 6 0 5 0 0 3 1 4 
3 0 0 0 2 1 0 0 0 0 0 0 2 0 0 0 5 1 2 2 1 3 2 2 
200 202
0 20 0 12
0 20 0 22
0 20 1 20
1 1 1 3
1 1 3 1
1 1 1 3
1 1 3 1
1 3 1 5
1 3 2 3
3 1 3 3
3 1 4 1
3 7 3 5
3 7 3 8
3 7 2 7
3 7 4 7
3 15 3 12
3 15 3 18
3 15 2 15
3 15 6 15
3 21 3 20
3 21 2 21
3 21 4 21
4 16 4 17
4 16 5 16
4 16 4 17
4 16 5 16
4 17 4 18
4 17 6 17
7 15 7 14
7 15 7 16
7 15 6 15
7 15 12 15
8 11 8 1
8 11 8 13
8 11 6 11
8 11 9 11
9 11 9 1
9 11 9 12
9 11 8 11
9 11 10 11
9 11 9 1
9 11 9 12
9 11 8 11
9 13 8 13
9 13 10 13
9 13 8 13
9 13 10 13
10 19 10 18
10 19 10 20
10 19 9 19
10 19 15 19
10 20 10 19
10 20 10 21
10 20 7 20
10 20 11 20
10 20 10 19
10 20 10 21
10 20 7 20
10 21 8 21
10 21 11 21
11 14 11 10
11 14 10 14
11 14 11 10
11 14 10 14
11 20 12 20
11 20 12 20
13 23 13 22
13 23 2 23
13 23 16 23
15 0 15 17
15 0 6 0
15 0 22 0
20 6 20 17
21 11 21 18
22 0 22 16
22 0 15 0
22 0 23 0
22 16 22 0
22 16 22 18
22 16 23 16
22 16 22 18
22 16 23 16
23 16 23 12
23 16 23 17
23 16 23 12
1 3 1 5
1 3 2 3
2 2 2 3
2 3 2 4
2 6 2 7
3 1 3 3
3 1 4 1
3 3 3 4
3 3 4 3
3 3 3 4
3 4 3 5
3 4 4 4
4 1 4 2
4 1 5 1
4 2 5 2
5 2 5 3
5 2 4 2
5 5 5 4
5 5 5 6
5 5 4 5
5 5 5 4
5 5 5 6
5 5 4 5
7 6 7 1
8 21 7 21
10 11 10 5
10 11 10 12
10 11 10 5
10 11 10 12
10 14 7 14
11 20 12 20
12 21 14 21
13 20 18 20
13 22 13 23
13 22 0 22
13 22 18 22
13 22 13 23
13 22 18 22
16 23 17 23
20 6 20 17
22 0 23 0
23 0 23 4
23 4 23 5
0 20 0 12
0 20 1 20
0 23 2 23
1 20 1 11
1 20 1 21
1 20 2 20
2 6 2 7
4 4 4 5
4 5 4 6
7 6 7 1
10 5 10 3
10 5 11 5
11 5 11 2
11 5 13 5
11 5 11 2
12 15 12 16
12 15 7 15
12 15 12 16
12 16 9 16
12 16 13 16
13 20 18 20
16 23 17 23
18 23 18 22
18 23 19 23
3 5 3 7
3 5 1 5
3 5 1 5
7 1 8 1
10 2 10 3
1 5 1 11
2 7 2 8
3 7 3 8
3 7 4 7
3 8 3 9
3 8 4 8
5 7 5 8
0 8 0 7
0 8 0 9
0 8 0 7
0 8 0 9
0 10 0 11
0 11 1 11
3 8 3 9
3 8 4 8
0 7 0 0
0 0 6 0
6 0 6 11
6 0 15 0
6 11 6 15
6 11 1 11
6 11 8 11
6 11 6 15
7 12 7 13
8 1 9 1
8 13 7 13
11 1 12 1
12 3 13 3
13 1 13 3
13 1 14 1
13 1 13 3
13 1 14 1
13 3 13 5
13 3 12 3
13 3 14 3
14 3 14 4
1 11 1 20
2 10 3 10
4 14 4 13
7 12 7 13
7 14 7 15
2 10 3 10
3 10 3 9
3 10 4 10
4 14 4 13

2793

2 - - - - - - 3 4 2 1 2 2 = = = = = = = 5 - 2 1 
| 4 = 6 = 5 - - - - - 5 = = = = = = = = 7 2 | | 
| ǁ 1 4 1 ǁ 2 4 1   2 | 1 2   4 1   2 2 6 2 | 3 
| 6 = 5 4 5 = 7 6 3 4 | 4 - - 7 - - 6 2 3 5 | | 
| 4 3 1 2 4 1 2 5 4 3 | 3 3 2 | 4 4 5 3 1 2 | | 
| 1 3 1 2 6 2 1 2 1 1 | 2 1   | 2 | 2 1   1 | | 
4 - - - - - - - - - - 6 = = = 5   4     3 2 | | 
ǁ 3 = = = = 2         ǁ 2 3 3 7 4 4   3 4 2 | | 
ǁ 3 - - - - - - - - - 7 - 5 | ǁ 2   2 2 ǁ 2 | | 
ǁ 3 = = = = = = = = = 8 2 4 | ǁ 2   2 3 ǁ | | | 
ǁ   1 2 - 4 = = = = = 5 2 2 3 ǁ |   1 7 8 4 | | 
ǁ 1 2 = = 4         2 = = = 4 ǁ |     | 5 1 | | 
ǁ 1   3   |                   4 4     | 3 1 | | 
ǁ 4 = 6 - 3 3 4                 3     | 3 | 6 5 
ǁ 2   2 1 1 1 2   1     1       2     | ǁ 1 ǁ | 
5 - - - - - - - - - - - - - - - - 5   3 ǁ   ǁ | 
ǁ                                   2 1 ǁ   ǁ 3 
ǁ                                   4 4 ǁ   ǁ 2 
ǁ                                     2 3   3 2 
ǁ                                   3   4 2 1 1 
ǁ           2 = = = = = = = = = = 5         5 2 
ǁ                     1 - - - - - - 2 1   2 1   
6 = = = = = = = = = = = = = = = 6 = 5     3 1 4 
3 - - - 2 1             2 = = = 5 1 2 2 1 3 2 2 
