24 24
3 6 0 4 0 0 0 0 0 0 0 0 0 3 0 0 0 0 0 0 0 0 3 2 
0 0 1 0 2 0 1 2 0 0 0 0 0 3 0 0 0 1 0 2 3 1 0 0 
0 0 0 0 5 0 0 0 0 0 0 0 0 0 0 0 0 0 0 5 6 3 5 0 
2 0 0 0 0 2 3 4 5 4 0 1 2 0 4 5 4 0 3 0 2 2 3 0 
0 0 2 0 0 0 0 2 2 0 0 0 1 0 0 0 5 2 0 0 2 0 0 0 
2 0 0 0 0 4 4 0 0 6 0 0 0 0 6 6 5 2 0 0 4 5 3 0 
3 0 0 0 0 3 0 0 2 0 0 0 2 0 0 0 3 0 0 0 1 0 0 0 
4 0 0 0 0 2 0 3 6 0 2 0 6 1 3 0 3 3 0 3 0 6 3 0 
3 0 3 0 0 2 0 0 0 0 0 0 0 0 2 0 0 0 0 0 1 0 2 0 
0 0 0 0 0 0 0 1 0 0 5 0 6 4 0 3 0 0 0 0 0 0 0 0 
0 0 0 0 0 0 0 2 0 0 4 2 0 4 4 3 0 0 0 5 4 0 0 0 
2 0 0 0 0 0 0 4 3 0 3 0 5 0 0 4 0 0 0 2 0 6 5 0 
0 0 3 0 0 0 0 0 1 0 0 0 0 0 2 0 0 0 0 0 2 0 3 0 
0 0 0 0 0 0 0 0 0 0 0 0 0 0 0 0 0 0 0 0 1 4 4 0 
0 0 0 0 0 0 0 0 0 0 0 0 0 0 0 0 0 0 0 0 0 0 0 0 
0 0 0 0 0 4 6 4 3 0 2 1 4 4 3 0 2 0 4 0 0 0 0 2 
4 7 3 0 0 1 3 3 2 0 1 0 4 4 0 0 3 2 2 2 0 2 0 2 
0 4 0 5 8 0 0 0 0 7 0 0 0 0 0 6 4 3 0 1 0 0 0 0 
0 0 0 0 0 0 0 2 0 5 0 0 0 4 2 0 0 2 0 0 0 0 0 0 
0 0 1 4 0 3 0 4 0 5 5 6 0 6 2 2 1 2 7 0 0 4 1 0 
0 6 2 2 0 1 0 0 0 2 2 2 1 4 0 0 0 2 3 1 2 3 2 0 
3 3 3 0 7 0 0 0 0 0 0 0 0 0 0 0 0 0 0 0 0 0 5 4 
4 4 6 2 2 0 0 1 0 1 0 0 0 0 0 0 0 0 0 0 0 0 0 5 
2 2 4 0 0 0 0 0 0 0 0 0 0 0 0 0 3 0 0 0 1 2 0 4 
200 145
0 1 0 0
0 1 0 3
0 1 16 1
0 1 0 0
0 1 0 3
0 1 16 1
0 3 0 13
0 3 17 3
1 2 4 2
2 4 2 19
2 4 1 4
2 4 17 4
2 22 2 21
2 22 0 22
2 22 3 22
3 8 3 7
3 8 3 9
3 8 4 8
3 15 3 14
3 15 3 16
3 15 5 15
4 2 8 2
4 16 4 17
4 16 3 16
4 16 5 16
7 0 6 0
7 0 8 0
7 0 6 0
7 0 8 0
8 0 11 0
8 2 12 2
11 0 16 0
11 22 11 21
11 22 8 22
11 22 12 22
16 0 16 1
16 0 21 0
16 0 16 1
17 4 17 3
17 4 17 9
17 4 2 4
17 4 21 4
19 18 19 17
19 18 19 21
19 18 16 18
19 18 20 18
20 1 20 2
20 1 17 1
20 1 21 1
20 1 20 2
20 1 17 1
20 1 21 1
21 22 21 4
21 22 21 23
21 22 20 22
22 23 22 9
22 23 21 23
22 23 23 23
23 23 23 21
23 23 22 23
23 23 23 21
0 0 3 0
3 0 5 0
5 0 6 0
8 2 12 2
12 2 16 2
17 1 17 3
17 1 16 1
17 4 17 3
17 4 17 9
17 4 21 4
17 9 17 15
17 9 5 9
17 9 18 9
17 19 16 19
19 2 19 3
19 3 17 3
19 3 20 3
19 3 20 3
19 10 19 9
19 10 19 11
19 10 20 10
19 11 19 10
19 11 19 13
19 11 20 11
19 11 19 10
19 11 19 13
19 13 19 14
19 13 18 13
19 13 20 13
19 13 19 14
20 13 20 12
20 13 20 17
20 13 20 17
20 18 20 19
20 18 19 18
20 20 20 21
22 7 22 4
22 23 21 23
23 20 23 16
7 8 7 7
7 8 6 8
7 8 11 8
7 8 7 7
7 8 6 8
7 8 11 8
9 10 9 12
9 10 7 10
9 10 10 10
16 1 16 2
16 1 16 2
18 13 18 9
18 13 18 14
18 13 18 9
18 14 18 17
19 15 19 16
20 11 20 10
20 20 20 21
21 23 21 22
23 16 23 2
17 15 17 9
17 15 17 16
17 15 11 15
17 15 17 16
17 15 11 15
17 16 17 17
17 16 16 16
23 16 23 2
16 13 16 12
16 13 15 13
16 13 16 12
16 13 15 13
23 2 23 1
23 2 22 2
16 12 16 10
16 12 15 12
22 2 22 1
22 2 22 3
22 2 21 2
22 2 22 1
22 2 22 3
22 4 21 4
21 4 21 2
21 4 21 22
21 4 21 2

2351

3 6 = 4 - - - - - - - - - 3                 3 2 
| ǁ 1 | 2   1 2           3       1   2 3 1 |   
| ǁ | | 5 - - - - - - - - - - - - - - 5 6 3 5   
2 ǁ | | ǁ 2 3 4 5 4   1 2   4 5 4   3   2 2 3   
| ǁ 2 | ǁ     2 2       1     | 5 2     2       
2 ǁ | | ǁ 4 4     6         6 6 5 2     4 5 3   
3 ǁ | | ǁ 3     2 |     2       3       1       
4 ǁ | | ǁ 2   3 6 | 2   6 1 3   3 3   3   6 3   
3 ǁ 3 | ǁ 2     ǁ | |       2           1   2   
| ǁ ǁ | ǁ     1 ǁ | 5 - 6 4   3             |   
| ǁ ǁ | ǁ     2 ǁ | 4 2   4 4 3       5 4   |   
2 ǁ ǁ | ǁ     4 3 | 3   5     4       2   6 5   
| ǁ 3 | ǁ       1 |         2 ǁ         2   3   
| ǁ | | ǁ         |           ǁ         1 4 4   
| ǁ | | ǁ         |           ǁ                 
| ǁ | | ǁ 4 6 4 3 | 2 1 4 4 3 ǁ 2   4         2 
4 7 3 | ǁ 1 3 3 2 | 1 - 4 4   ǁ 3 2 2 2   2   2 
| 4 - 5 8 = = = = 7 = = = = = 6 4 3 | 1         
| ǁ   | ǁ     2   5 = = = 4 2 - - 2 |           
| ǁ 1 4 ǁ 3   4   5 5 6 = 6 2 2 1 2 7 - - 4 1   
| 6 2 2 ǁ 1       2 2 2 1 4 = = = 2 3 1 2 3 2   
3 3 3 = 7 = = = = = = = = = = = = = = = = = 5 4 
4 4 6 2 2 - - 1   1 - - - - - - - - - - - - - 5 
2 2 4 = = = = = = = = = = = = = 3 - - - 1 2 = 4 
