24 24
1 3 0 5 0 0 0 5 0 0 0 0 5 0 2 2 2 0 6 0 0 0 3 2 
0 1 1 4 3 3 1 0 0 0 1 0 3 0 1 3 0 0 4 0 3 2 0 0 
4 0 0 0 0 0 0 5 0 0 0 0 0 0 0 0 0 0 0 0 0 0 7 5 
0 2 0 0 2 3 0 4 0 1 1 4 0 4 0 0 0 0 0 0 3 2 0 0 
0 0 0 0 0 0 1 0 3 4 0 4 3 4 2 5 0 0 3 0 0 4 0 0 
0 0 0 0 0 6 5 0 0 2 0 0 2 3 0 0 1 1 4 3 0 0 0 0 
0 2 1 0 0 3 2 0 5 3 3 6 4 2 0 2 6 3 0 2 0 0 0 0 
0 0 0 0 0 1 0 0 1 0 1 2 4 2 0 0 2 0 0 0 0 0 0 1 
0 3 0 0 6 0 0 8 0 0 0 0 0 0 0 0 0 0 7 0 6 3 0 0 
0 2 0 0 0 0 0 0 1 1 2 1 0 4 0 5 3 0 0 1 0 1 0 0 
0 0 0 0 0 0 0 0 0 4 5 4 2 2 0 0 2 0 0 0 0 3 0 0 
0 4 0 0 6 1 0 0 0 0 0 0 0 3 0 8 0 0 6 4 0 0 0 0 
0 0 2 0 6 5 1 0 0 4 0 0 0 0 0 0 1 3 3 0 0 0 0 0 
0 2 0 0 3 2 0 0 0 2 0 2 0 6 2 3 0 5 4 4 3 0 0 1 
0 1 1 0 3 0 0 0 0 0 0 0 0 1 0 0 0 0 0 1 0 0 0 0 
0 0 0 0 4 1 0 0 4 0 5 0 0 0 0 0 0 0 0 0 6 4 0 0 
4 4 2 0 0 0 0 0 3 3 3 0 0 0 0 3 0 0 0 0 5 2 0 0 
2 0 0 0 4 0 0 5 0 0 0 0 0 0 0 0 0 0 0 0 0 0 7 3 
1 4 3 0 0 2 1 0 2 4 0 0 0 0 0 0 0 0 0 0 0 0 7 3 
1 0 3 0 0 5 0 6 0 0 2 0 0 0 0 0 0 0 0 0 1 0 0 1 
0 0 1 0 0 3 2 6 0 0 0 0 0 0 0 0 0 0 0 0 4 2 5 3 
0 0 0 0 0 1 1 3 1 0 0 0 0 2 0 0 0 0 0 3 0 2 3 4 
3 7 0 0 6 0 0 0 0 0 0 0 0 0 0 0 0 0 0 0 0 0 3 2 
2 5 0 0 4 0 0 3 0 0 0 0 0 0 0 0 0 0 0 0 2 1 2 0 
200 93
0 3 0 1
0 3 0 7
0 3 1 3
0 12 0 7
0 12 0 14
0 12 1 12
0 18 0 16
0 18 0 22
0 18 1 18
2 22 2 7
2 22 2 23
2 22 0 22
2 22 17 22
2 23 2 22
2 23 0 23
2 23 7 23
4 15 4 14
4 15 4 18
4 15 6 15
5 5 5 6
5 5 3 5
5 5 6 5
8 7 8 4
8 7 8 18
8 7 3 7
8 7 17 7
9 15 9 13
9 15 9 16
9 15 11 15
11 15 11 13
11 15 11 18
11 15 9 15
11 15 13 15
12 9 10 9
12 9 13 9
12 9 10 9
12 9 13 9
12 16 12 17
13 17 13 15
13 17 13 18
13 17 12 17
13 23 17 23
18 22 18 9
18 22 18 23
18 22 17 22
18 22 20 22
22 1 22 0
22 1 22 4
22 1 18 1
22 1 23 1
0 18 0 16
0 18 0 22
0 18 1 18
0 23 2 23
1 21 1 20
2 22 2 7
2 22 17 22
5 5 5 6
5 5 3 5
5 5 6 5
6 8 6 9
6 8 4 8
6 8 7 8
7 5 6 5
8 7 8 4
8 7 8 18
8 7 3 7
8 7 17 7
8 18 8 20
8 18 5 18
8 18 11 18
10 16 9 16
11 15 11 13
11 15 11 18
11 15 13 15
13 14 13 13
13 17 13 18
13 17 12 17
16 20 16 15
16 20 16 21
16 20 15 20
1 21 1 20
6 6 5 6
6 19 5 19
10 16 9 16
13 14 13 13
1 20 1 18
6 6 5 6
6 19 5 19
9 15 9 13
1 18 1 15
5 6 4 6
5 19 5 18

2237

1 3 - 5 - - - 5 - - - - 5 - 2 2 2 = 6 = = = 3 2 
  1 1 4 3 3 1       1   3   1 3 - - 4 - 3 2 | ǁ 
4             5 = = = = = = = = = = = = = = 7 5 
  2     2 3   4   1 1 4   4             3 2 ǁ | 
          ǁ 1 ǁ 3 4   4 3 4 2 5 - - 3     4 ǁ | 
          6 5 ǁ | 2     2 3   | 1 1 4 3     ǁ | 
  2 1     3 2 ǁ 5 3 3 6 4 2   2 6 3 | 2     ǁ | 
          1   ǁ 1   1 2 4 2     2   |       ǁ 1 
  3     6 = = 8 = = = = = = = = = = 7 - 6 3 ǁ   
  2           ǁ 1 1 2 1   4 = 5 3   | 1   1 ǁ   
              ǁ   4 5 4 2 2   ǁ 2   |     3 ǁ   
  4     6 1   ǁ   ǁ       3 = 8 = = 6 4     ǁ   
    2   6 5 1 ǁ   4           ǁ 1 3 3       ǁ   
  2     3 2   ǁ   2   2   6 2 3 - 5 4 4 3   ǁ 1 
  1 1   3     ǁ           1           1     ǁ | 
        4 1   ǁ 4   5                   6 4 ǁ | 
4 4 2         ǁ 3 3 3         3 - - - - 5 2 ǁ | 
2       4     5                             7 3 
1 4 3     2 1   2 4 - - - - - - - - - - - - 7 3 
1 | 3     5   6     2                   1   | 1 
  | 1     3 2 6                         4 2 5 3 
  |       1 1 3 1         2           3   2 3 4 
3 7 - - 6                                   3 2 
2 5     4     3                         2 1 2   
