24 24
2 2 0 5 3 3 2 2 0 5 2 2 0 0 0 4 0 0 4 0 0 3 3 0 
6 0 0 6 0 0 0 0 0 7 0 0 0 0 0 0 0 0 6 5 0 3 0 0 
2 0 0 0 3 0 0 3 2 0 0 0 0 0 0 1 0 2 0 0 0 0 0 1 
3 1 0 0 1 0 0 0 4 0 2 0 0 4 0 0 0 3 0 0 0 0 0 0 
0 0 0 0 0 0 0 0 0 0 1 0 0 0 4 2 1 0 0 0 2 0 0 0 
6 0 0 7 0 0 0 6 6 0 3 0 0 8 5 1 0 0 0 0 0 0 0 0 
0 3 0 7 4 2 1 2 3 0 2 0 0 3 0 0 0 0 0 0 0 0 0 0 
0 5 0 6 0 0 7 0 0 7 0 0 0 0 0 0 5 4 0 0 4 2 3 0 
0 0 2 3 0 0 6 0 0 0 3 4 2 3 3 2 0 3 0 0 0 0 0 0 
0 0 0 0 0 0 0 0 0 0 3 0 3 0 6 4 0 1 0 4 0 0 0 0 
0 2 0 0 0 0 0 0 0 0 4 0 5 2 0 3 7 2 0 3 0 0 0 0 
4 0 6 2 0 0 0 0 0 0 0 0 0 0 0 1 2 0 0 1 0 0 0 0 
2 0 0 0 0 0 0 0 0 0 0 0 4 0 8 0 0 0 7 0 5 0 5 5 
0 0 0 0 0 0 0 0 0 0 0 0 0 0 0 3 2 0 0 0 0 3 5 4 
5 0 0 0 0 0 4 0 0 0 0 0 0 0 0 4 3 0 0 0 0 3 0 2 
0 0 0 0 0 0 0 0 0 0 0 0 0 2 0 0 3 0 0 4 8 7 5 5 
5 0 0 0 0 0 0 0 0 5 8 5 0 0 0 0 0 0 0 4 0 0 0 4 
0 3 0 4 0 0 0 4 0 0 7 5 0 0 0 0 0 0 0 4 0 0 0 2 
0 3 0 0 2 0 4 0 4 3 0 2 0 6 6 5 6 4 0 4 0 0 5 3 
0 6 0 5 0 3 5 5 5 2 0 0 0 2 0 4 0 3 0 0 0 0 2 0 
0 6 0 4 3 5 1 2 0 0 6 2 0 0 0 4 0 3 8 6 2 0 4 4 
0 2 0 0 3 6 0 4 0 0 2 0 7 2 3 0 0 0 0 4 0 6 3 0 
5 0 0 5 0 0 0 4 0 0 0 0 3 3 4 0 4 0 3 3 0 6 1 0 
4 0 0 0 0 0 0 0 0 0 0 0 0 0 0 6 6 2 0 0 0 1 0 0 
200 209
0 3 0 1
0 3 0 4
0 3 1 3
0 9 0 7
0 9 0 10
0 9 1 9
1 0 1 3
1 0 0 0
1 0 2 0
1 19 1 18
1 19 1 21
1 19 9 19
2 23 12 23
4 20 7 20
5 0 5 3
5 0 3 0
5 0 11 0
5 13 5 10
5 13 5 14
5 13 3 13
5 13 6 13
6 3 6 1
6 3 6 4
6 3 5 3
6 3 7 3
7 1 7 3
7 1 6 1
7 1 10 1
7 6 7 3
7 6 7 9
7 6 6 6
7 6 8 6
10 16 10 15
10 16 10 17
10 16 7 16
10 16 11 16
11 2 11 0
11 2 11 3
11 2 8 2
12 14 12 12
12 14 12 18
12 14 9 14
12 14 18 14
12 23 12 22
12 23 13 23
14 0 14 6
14 0 12 0
14 0 16 0
15 13 18 13
15 20 15 19
15 20 15 21
15 20 12 20
15 20 20 20
15 23 15 22
15 23 14 23
15 23 16 23
16 10 16 9
16 10 16 11
16 10 10 10
16 10 17 10
16 19 15 19
16 19 17 19
16 19 15 19
16 19 17 19
17 11 17 10
17 11 16 11
17 11 18 11
17 19 18 19
18 22 18 23
18 22 15 22
18 22 19 22
19 1 19 3
19 1 18 1
19 1 20 1
19 8 19 7
19 8 19 9
19 8 18 8
20 1 20 3
20 1 19 1
20 1 21 1
20 18 20 17
20 18 20 19
20 18 12 18
20 18 22 18
20 23 20 22
20 23 18 23
21 5 21 4
21 5 21 7
21 5 20 5
21 12 21 10
21 12 21 13
21 12 12 12
21 12 22 12
22 0 22 3
22 0 16 0
22 0 23 0
22 21 22 19
22 21 22 22
22 21 21 21
22 21 23 21
23 0 23 15
23 0 22 0
23 15 23 0
23 15 23 16
23 15 20 15
23 16 23 15
23 16 23 17
23 16 22 16
1 0 1 3
1 0 0 0
1 0 2 0
3 0 3 1
3 0 5 0
4 14 4 15
4 14 5 14
4 14 4 15
4 14 5 14
4 16 7 16
4 20 7 20
5 0 5 3
5 0 11 0
5 13 5 10
5 13 5 14
5 13 3 13
5 13 6 13
7 6 7 3
7 6 7 9
7 6 8 6
7 9 7 16
7 9 1 9
7 9 16 9
8 6 8 3
8 6 14 6
8 6 8 3
8 6 14 6
10 1 7 1
11 2 11 0
11 2 11 3
11 2 8 2
12 0 14 0
12 14 12 12
12 14 12 18
12 14 9 14
12 14 18 14
12 23 12 22
12 23 13 23
15 13 18 13
15 20 15 19
15 20 15 21
15 20 12 20
15 20 20 20
15 21 15 22
15 21 14 21
15 21 21 21
16 10 16 9
16 10 16 11
16 10 10 10
16 10 17 10
17 19 18 19
18 13 18 14
18 13 19 13
18 13 18 14
18 13 19 13
18 17 18 16
18 17 19 17
18 17 18 16
18 17 19 17
18 19 20 19
19 1 19 3
19 1 18 1
20 1 20 3
20 1 21 1
20 18 20 17
20 18 20 19
20 18 12 18
20 18 22 18
20 19 18 19
20 19 21 19
20 19 21 19
20 23 20 22
20 23 18 23
21 5 21 4
21 5 21 7
21 5 20 5
22 14 22 13
22 14 21 14
22 14 22 13
22 14 21 14
22 21 22 19
22 21 21 21
23 15 23 16
0 1 0 3
5 8 5 7
5 8 3 8
5 8 6 8
5 8 5 7
5 8 3 8
5 8 6 8
5 14 5 15
6 8 6 7
6 13 6 10
8 3 7 3
17 23 16 23
21 4 20 4
6 7 5 7
6 10 5 10
17 23 16 23
4 10 3 10
16 23 15 23

3636

2 2 = 5 3 3 2 2 - 5 2 2       4     4     3 3   
6 = = 6           7                 6 5 - 3     
2       3     3 2 |           1   2   |       1 
3 1     1       4 | 2     4       3   |       | 
ǁ               ǁ | 1     ǁ 4 2 1     | 2     | 
6 = = 7       6 6 | 3 = = 8 5 1 |     | ǁ     | 
ǁ 3 - 7 4 2 1 2 3 | 2 - - 3     |     | ǁ     | 
ǁ 5 - 6 = = 7 = = 7 - - - - - - 5 4   | 4 2 3 | 
ǁ ǁ 2 3 = = 6     | 3 4 2 3 3 2 | 3   |       | 
ǁ ǁ ǁ       ǁ     | 3   3   6 4 | 1   4       | 
ǁ 2 ǁ       ǁ     | 4   5 2 ǁ 3 7 2   3       | 
4 = 6 2     ǁ     | ǁ       ǁ 1 2     1       | 
2           ǁ     | ǁ   4 = 8 = = = 7   5   5 5 
ǁ           ǁ     | ǁ   |   ǁ 3 2   ǁ   ǁ 3 5 4 
5 - - - - - 4     | ǁ   |   ǁ 4 3   ǁ   ǁ 3   2 
|                 | ǁ   | 2 ǁ   3   ǁ 4 8 7 5 5 
5                 5 8 5 | ǁ ǁ       ǁ 4 ǁ | | 4 
| 3   4       4     7 5 | ǁ ǁ       ǁ 4 ǁ | | 2 
| 3     2   4   4 3   2 | 6 6 5 6 4 ǁ 4 ǁ | 5 3 
| 6 = 5   3 5 5 5 2     | 2   4   3 ǁ ǁ ǁ | 2 ǁ 
| 6 = 4 3 5 1 2     6 2 |     4   3 8 6 2 | 4 4 
| 2     3 6 = 4     2 - 7 2 3 |     ǁ 4   6 3   
5 - - 5       4         3 3 4 | 4   3 3 = 6 1   
4 = = = = = = = = = = = = = = 6 6 2       1     
