24 24
2 5 0 0 4 4 2 1 2 0 0 0 0 0 4 0 0 0 0 5 0 0 4 2 
2 0 2 2 0 3 6 0 0 0 0 0 0 0 4 0 0 2 1 4 4 2 0 0 
4 6 6 4 0 3 7 4 2 0 0 0 0 3 0 0 0 0 0 0 0 0 4 3 
3 3 1 2 0 1 0 0 0 2 0 6 3 0 2 2 2 2 3 3 0 0 0 0 
0 0 4 4 0 0 0 0 0 1 0 0 1 0 0 0 1 0 1 0 1 0 0 0 
3 0 0 1 0 0 0 3 0 2 0 0 0 0 6 6 0 6 0 5 0 0 0 0 
1 0 0 0 0 4 5 1 0 0 0 0 0 0 2 0 0 0 0 2 0 0 0 0 
3 6 7 3 0 2 4 2 0 0 0 0 0 0 0 0 0 1 0 0 0 0 0 0 
2 0 0 0 0 1 1 0 3 3 0 5 2 0 0 0 0 0 0 0 0 0 0 0 
1 0 0 0 0 4 0 4 0 3 0 0 0 4 0 5 0 0 0 0 6 2 0 0 
0 0 1 0 0 0 3 4 3 0 0 0 0 4 1 4 0 1 0 0 0 0 0 0 
0 0 0 0 0 0 2 2 4 0 0 4 1 5 1 3 1 1 0 0 0 0 0 0 
0 0 0 0 0 5 0 0 0 0 2 3 2 4 0 0 0 3 1 0 2 0 0 0 
0 0 0 0 0 2 0 1 0 0 0 0 1 1 0 0 0 0 0 0 0 0 0 0 
4 6 0 0 7 0 0 0 0 0 0 0 0 0 0 0 0 0 0 0 0 0 6 5 
2 0 2 3 0 2 0 0 3 0 0 0 0 0 2 0 0 0 0 0 4 1 0 0 
1 0 1 0 0 0 2 1 0 0 0 0 0 0 0 0 0 0 0 0 0 3 0 0 
0 0 1 0 0 4 5 1 0 2 5 0 0 0 0 0 0 0 0 0 5 0 0 0 
0 0 4 6 0 1 1 0 0 3 5 1 0 0 0 3 2 5 4 4 0 0 0 0 
0 0 0 2 0 0 0 0 0 1 4 2 0 0 0 0 0 0 2 2 0 0 0 0 
0 0 4 0 6 0 0 0 7 0 0 0 0 0 0 6 0 5 6 2 0 0 0 2 
0 0 4 2 0 1 0 2 3 0 0 0 0 0 0 0 0 0 0 0 3 3 0 2 
3 4 2 2 6 0 0 3 1 1 0 0 0 3 0 0 0 0 0 0 0 0 7 5 
3 2 1 2 3 0 0 0 0 0 0 0 0 0 0 0 0 0 0 0 1 2 4 1 
200 109
0 1 0 0
0 1 0 4
0 1 2 1
0 19 0 14
0 19 0 22
0 19 1 19
2 6 2 5
2 6 2 7
2 6 1 6
2 6 6 6
3 11 3 9
3 11 3 12
3 11 8 11
5 14 5 15
5 14 3 14
5 14 6 14
5 14 5 15
5 14 3 14
5 14 6 14
5 19 5 17
5 19 3 19
5 19 6 19
7 2 7 1
7 2 7 3
7 2 4 2
7 2 10 2
12 5 12 10
12 5 9 5
12 5 13 5
14 4 14 1
14 4 14 22
14 4 0 4
14 4 20 4
14 23 14 22
14 23 2 23
14 23 20 23
17 10 17 9
17 10 17 20
17 10 18 10
18 3 18 2
18 3 15 3
18 3 19 3
18 3 18 2
18 3 15 3
18 3 19 3
18 17 18 16
18 17 18 18
18 17 20 17
18 19 18 18
18 19 19 19
18 19 18 18
18 19 19 19
20 8 20 4
20 8 20 15
20 8 15 8
20 8 21 8
20 15 20 8
20 15 20 17
20 15 18 15
20 18 20 17
20 18 20 19
20 18 19 18
22 22 22 13
22 22 22 23
22 22 14 22
22 22 23 22
22 23 22 22
22 23 21 23
22 23 23 23
23 22 23 21
23 22 22 22
3 11 3 9
3 11 3 12
3 11 8 11
3 12 4 12
4 9 5 9
6 19 5 19
7 2 7 1
7 2 7 3
7 2 4 2
7 3 5 3
15 3 15 2
20 15 20 17
20 15 18 15
20 18 20 17
20 18 20 19
20 18 19 18
22 23 22 22
23 22 23 21
4 3 4 2
4 3 3 3
4 3 4 2
4 3 3 3
18 18 18 17
21 23 20 23
22 13 22 9
23 20 23 4
2 3 2 2
2 3 1 3
2 3 2 2
2 3 1 3
14 23 14 22
14 23 2 23
18 17 18 16
1 2 2 2
18 15 18 11
19 11 19 10
1 2 2 2
19 11 19 10

2212

2 5 - - 4 4 2 1 2           4 - - - - 5 - - 4 2 
2 | 2 2 | 3 6               4     2 1 4 4 2     
4 6 6 4 | 3 7 4 2         3                 4 3 
3 3 1 2 | 1 |     2 = 6 3   2 2 2 2 3 3       ǁ 
    4 4 |   |     1   ǁ 1   ǁ   1   1 | 1     ǁ 
3   ǁ 1 |   | 3   2   ǁ     6 6   6 - 5       ǁ 
1   ǁ | | 4 5 1       ǁ     2         2       ǁ 
3 6 7 3 | 2 4 2       ǁ           1           ǁ 
2   |   | 1 1   3 3   5 2                     ǁ 
1   |   | 4   4   3       4   5         6 2   ǁ 
    1   | | 3 4 3         4 1 4   1           ǁ 
        | | 2 2 4     4 1 5 1 3 1 1           ǁ 
        | 5 - - - - 2 3 2 4       3 1   2     ǁ 
        | 2   1         1 1                   ǁ 
4 6 - - 7 - - - - - - - - - - - - - - - - - 6 5 
2   2 3 | 2     3           2           4 1 | | 
1   1 ǁ |   2 1 |                         3 | | 
    1 ǁ | 4 5 1 | 2 5 - - - - - - - - - 5   | | 
    4 6 | 1 1   | 3 5 1 - - - 3 2 5 4 4     | | 
      2 |       | 1 4 2       ǁ   | 2 2     | | 
    4   6 - - - 7 = = = = = = 6 = 5 6 2     | 2 
    4 2   1   2 3                       3 3 | 2 
3 4 2 2 6     3 1 1 - - - 3 - - - - - - - - 7 5 
3 2 1 2 3 - - - - - - - - - - - - - - - 1 2 4 1 
