24 24
2 1 0 0 2 0 0 2 0 0 0 4 0 0 0 0 0 0 0 0 0 0 6 2 
3 0 0 0 5 0 0 0 0 0 0 0 0 0 0 0 0 0 0 0 0 0 6 3 
1 2 2 0 0 1 0 0 1 0 0 3 1 0 0 0 0 0 0 0 0 0 0 2 
0 0 0 0 0 2 0 0 3 2 0 3 0 0 0 0 0 0 0 0 0 0 0 1 
3 6 6 2 0 2 4 0 0 0 0 0 5 0 0 0 0 0 0 0 0 0 6 3 
0 0 0 0 0 2 6 0 6 0 0 0 0 0 0 0 0 2 0 3 5 2 0 1 
2 0 0 0 0 0 0 2 0 0 0 0 0 0 1 0 0 5 1 0 0 0 0 2 
0 0 0 0 0 2 0 7 6 4 1 0 0 0 0 0 0 0 0 0 0 0 0 0 
1 0 0 0 0 0 0 0 1 2 2 0 6 0 0 0 0 7 2 0 0 0 0 3 
0 0 0 0 0 0 0 0 2 4 0 0 0 0 0 0 0 0 0 0 1 0 0 0 
0 0 0 0 0 0 0 0 1 0 0 0 0 0 0 2 0 7 2 0 0 1 0 0 
3 4 0 0 4 0 0 4 0 4 3 0 0 0 0 1 0 0 0 0 0 0 0 2 
4 3 3 1 5 2 1 1 0 4 4 0 0 0 0 0 0 0 0 0 2 2 0 0 
2 1 1 0 3 0 3 0 1 1 2 0 0 0 0 0 0 3 1 0 0 0 0 0 
1 5 0 7 0 0 0 0 3 0 0 4 0 0 0 0 0 0 0 0 0 0 0 0 
2 5 2 0 3 0 5 0 4 5 3 0 5 0 0 0 0 0 0 6 3 0 0 0 
2 3 2 4 5 1 0 0 0 2 2 0 4 0 2 1 0 0 0 4 4 1 0 0 
0 0 0 2 4 2 0 0 0 0 0 0 2 0 1 0 0 0 0 1 4 2 0 0 
4 0 0 0 0 0 7 0 0 0 0 8 0 0 0 0 0 0 0 0 0 0 6 2 
0 2 1 3 0 0 5 0 5 3 1 0 3 0 0 5 4 2 3 0 0 0 6 2 
0 0 2 5 0 0 0 2 2 0 0 0 3 2 0 0 1 3 1 0 0 0 0 2 
0 0 1 3 1 3 0 6 0 0 0 6 0 3 0 2 2 6 0 0 0 0 5 3 
6 4 3 0 2 0 0 3 3 1 3 0 0 0 0 0 0 0 0 0 0 0 4 2 
4 2 2 0 2 0 0 5 5 1 3 0 0 0 0 0 0 3 0 2 2 0 3 1 
200 218
0 22 0 11
0 22 0 23
0 22 1 22
0 22 0 11
0 22 0 23
0 22 1 22
1 22 1 4
1 22 1 23
1 22 4 22
1 22 1 4
1 23 2 23
1 23 2 23
3 23 4 23
4 22 4 12
4 22 4 23
4 22 18 22
4 22 4 12
4 22 4 23
5 20 5 19
5 20 5 21
5 20 9 20
5 23 6 23
6 23 8 23
7 7 7 5
7 7 7 8
7 7 6 7
7 7 11 7
8 17 8 12
8 17 8 18
8 17 6 17
8 17 10 17
8 23 11 23
14 3 14 1
14 3 14 8
14 3 12 3
14 3 16 3
15 6 15 4
15 6 15 8
15 6 18 6
18 11 18 6
18 11 18 22
18 11 14 11
18 11 21 11
18 11 18 6
18 11 18 22
18 11 14 11
18 11 21 11
19 6 19 3
19 6 19 8
19 6 18 6
19 15 19 12
19 15 19 16
19 15 21 15
21 11 21 7
21 11 21 13
22 0 22 1
22 0 18 0
22 0 23 0
22 0 22 1
22 0 18 0
22 0 23 0
23 0 23 1
23 0 23 1
23 7 23 4
23 7 23 8
23 7 22 7
23 8 23 7
23 8 23 9
23 8 22 8
0 11 0 7
5 6 5 5
5 6 5 8
5 6 4 6
5 6 5 5
5 6 5 8
5 6 4 6
5 8 5 17
5 8 3 8
5 8 7 8
5 8 5 17
5 20 5 19
5 20 5 21
6 14 6 17
7 8 7 7
7 8 7 9
7 8 8 8
8 12 8 10
8 12 8 17
8 12 15 12
8 12 8 10
8 12 15 12
8 23 11 23
12 4 12 5
12 4 11 4
12 4 13 4
14 3 14 1
14 3 14 8
14 3 16 3
14 11 14 8
15 8 15 6
15 8 15 9
15 8 15 9
18 0 18 6
18 0 16 0
18 6 15 6
18 6 19 6
19 10 19 9
21 11 21 7
21 11 21 13
22 1 22 2
22 1 19 1
23 8 23 7
0 11 0 7
4 6 4 5
4 12 2 12
5 19 15 19
7 8 7 7
7 9 7 10
7 9 8 9
7 9 8 9
9 9 9 8
9 9 11 9
9 9 9 8
9 9 11 9
10 8 13 8
10 21 12 21
11 9 11 10
11 9 12 9
11 10 12 10
12 9 12 10
12 9 13 9
12 9 12 10
12 10 11 10
15 4 16 4
15 19 15 12
15 19 15 20
15 19 16 19
15 19 15 12
15 19 15 20
19 1 19 2
19 9 19 8
21 7 21 5
21 7 20 7
21 7 22 7
21 7 21 5
22 8 22 7
22 8 22 9
4 6 4 5
11 15 10 15
12 20 12 21
12 20 15 20
15 4 16 4
15 12 16 12
16 12 16 14
16 12 17 12
16 12 16 14
16 15 16 19
16 19 16 20
16 19 17 19
16 20 16 21
16 20 17 20
16 20 17 20
17 12 17 14
17 20 17 21
17 21 17 20
19 9 19 8
21 5 21 4
4 3 4 2
4 3 4 2
10 15 10 17
10 17 10 18
10 17 8 17
10 17 13 17
21 3 21 2
21 3 20 3
21 3 20 3
4 2 4 1
4 2 2 2
4 2 12 2
4 2 4 1
6 7 7 7
7 5 12 5
10 17 10 18
10 17 13 17
11 4 1 4
11 4 12 4
11 4 1 4
11 7 12 7
12 4 13 4
12 6 13 6
13 4 13 6
13 17 13 18
20 2 20 3
20 2 20 3
0 4 0 1
0 4 1 4
1 0 0 0
1 0 2 0
1 0 0 0
2 2 2 1
4 1 4 0
4 1 2 1
4 1 11 1
4 1 4 0
6 0 4 0
6 0 8 0
11 1 11 0
11 1 12 1
11 1 11 0
19 3 19 6
19 3 20 3
19 8 20 8
20 7 20 8
11 0 12 0
12 0 12 1
12 0 13 0
12 0 12 1
12 2 13 2

2150

2 1 - - 2     2 = = = 4 = = = = = = = = = = 6 2 
3       5 = = = = = = = = = = = = = = = = = 6 3 
1 2 2   ǁ 1     1     3 1                   | 2 
  | |   ǁ 2     3 2   3 |                   | 1 
3 6 6 2 ǁ 2 4   |       5 = = = = = = = = = 6 3 
| | |   ǁ 2 6 = 6 = = = = = = = = 2   3 5 2 | 1 
2 | |   ǁ     2 |           1 - - 5 1 | |   | 2 
| | |   ǁ 2 - 7 6 4 1             |   | |   | | 
1 | |   ǁ |   | 1 2 2 = 6 = = = = 7 2 | |   | 3 
  | |   ǁ |   | 2 4     ǁ         ǁ   | 1   | ǁ 
  | |   ǁ |   | 1 ǁ     ǁ     2 - 7 2 |   1 | ǁ 
3 4 |   4 |   4 | 4 3   ǁ     1   ǁ   |   | | 2 
4 3 3 1 5 2 1 1 | 4 4   ǁ         ǁ   | 2 2 |   
2 1 1 | 3 - 3   1 1 2   ǁ         3 1 | |   |   
1 5 = 7 = = = = 3 - - 4 ǁ             | |   |   
2 5 2 ǁ 3 - 5 = 4 5 3 ǁ 5 = = = = = = 6 3   |   
2 3 2 4 5 1 ǁ     2 2 ǁ 4 = 2 1 - - - 4 4 1 |   
|     2 4 2 ǁ         ǁ 2 - 1         1 4 2 |   
4 - - - - - 7 = = = = 8 = = = = = = = = = = 6 2 
ǁ 2 1 3 = = 5 - 5 3 1 ǁ 3 - - 5 4 2 3       6 2 
ǁ | 2 5       2 2     ǁ 3 2   | 1 3 1         2 
ǁ | 1 3 1 3 = 6 = = = 6 = 3   2 2 6         5 3 
6 4 3   2     3 3 1 3                       4 2 
4 2 2   2 - - 5 5 1 3             3   2 2   3 1 
