24 24
2 0 3 0 4 2 1 1 0 0 3 4 0 0 0 5 2 2 3 0 4 0 2 2 
2 2 0 0 5 5 3 2 2 0 0 4 0 2 0 0 2 5 3 0 3 0 1 0 
0 2 4 3 0 3 2 3 6 0 7 0 0 0 0 5 2 0 3 0 2 2 2 3 
0 1 1 0 0 1 0 1 3 1 0 2 0 4 0 5 2 0 4 2 0 0 0 0 
0 0 0 0 0 2 7 0 0 0 6 0 0 0 0 0 0 5 0 0 5 3 3 0 
0 0 0 1 0 0 3 0 0 0 0 1 1 2 2 3 0 0 0 0 0 2 0 0 
0 0 0 0 0 0 2 0 0 0 0 5 4 0 2 4 0 0 1 0 6 3 0 0 
0 0 0 0 0 0 0 0 0 0 0 0 1 0 2 0 0 0 0 0 2 0 0 0 
4 6 0 0 7 0 0 0 0 0 5 6 0 4 5 0 0 7 0 3 1 0 0 0 
0 0 0 2 0 3 2 4 2 0 0 0 0 0 3 0 2 3 1 2 0 0 0 0 
0 0 1 4 0 0 1 0 1 0 0 0 0 3 0 0 0 1 4 0 7 2 0 0 
0 0 0 0 0 5 0 7 5 1 0 0 0 1 0 0 1 1 7 2 0 1 0 0 
0 0 0 0 0 0 1 3 0 0 0 0 0 0 0 0 0 0 4 2 0 0 0 0 
0 0 0 0 0 0 0 1 1 2 0 0 0 0 0 0 0 0 0 0 0 0 0 0 
0 0 3 5 0 0 0 0 0 0 0 0 0 4 0 0 4 0 0 0 6 2 0 0 
0 0 0 0 0 0 1 0 2 4 0 0 0 2 0 0 0 0 0 2 0 0 0 0 
0 0 0 3 0 0 0 0 0 0 0 0 0 0 0 0 0 3 0 5 0 0 0 0 
0 0 0 1 0 0 2 0 0 1 0 0 0 0 0 0 0 2 0 0 2 0 0 0 
0 4 4 2 0 0 0 0 0 0 0 5 0 0 0 0 5 0 0 4 1 0 0 0 
0 3 3 2 0 0 0 0 0 0 0 3 0 0 0 1 3 2 2 0 0 2 0 2 
0 2 0 0 0 0 0 0 3 0 6 0 0 4 0 0 3 0 0 0 0 0 0 0 
3 0 3 3 7 5 2 0 2 0 5 0 0 0 0 0 3 0 4 3 3 0 0 0 
2 1 3 2 4 0 0 6 0 0 0 0 0 0 0 0 0 0 0 0 0 7 7 5 
1 0 3 1 2 2 0 5 0 0 1 0 0 0 0 0 0 0 0 0 0 1 2 2 
200 149
0 15 0 11
0 15 0 16
0 15 2 15
2 10 2 8
2 10 2 15
2 10 0 10
2 10 4 10
4 6 4 5
4 6 4 10
4 6 2 6
4 6 5 6
8 4 8 1
8 4 8 10
8 4 1 4
8 4 21 4
8 17 8 14
8 17 8 19
8 17 4 17
8 17 9 17
9 3 10 3
10 20 10 18
10 20 10 21
10 20 8 20
10 20 14 20
11 5 11 7
11 5 9 5
11 5 21 5
11 8 11 7
11 8 11 9
11 8 10 8
11 8 13 8
11 8 11 7
11 18 11 17
11 18 11 19
11 18 10 18
11 18 12 18
13 9 15 9
13 9 15 9
14 3 14 2
14 3 10 3
14 3 16 3
16 19 16 17
16 19 15 19
16 19 18 19
18 11 18 16
18 11 8 11
18 11 19 11
20 13 20 10
20 13 20 16
20 13 20 10
20 13 20 16
21 20 21 19
21 20 18 20
21 20 21 19
22 21 22 7
22 21 22 22
22 21 19 21
22 21 23 21
22 23 22 22
22 23 19 23
22 23 23 23
23 7 23 5
23 7 23 10
23 7 22 7
1 11 1 13
1 11 0 11
1 11 1 13
1 11 0 11
3 9 3 8
5 3 2 3
6 15 6 14
6 15 5 15
6 15 6 14
6 15 5 15
7 20 6 20
9 3 10 3
9 8 9 7
10 3 10 2
10 6 9 6
10 20 10 18
10 20 10 21
10 20 14 20
11 18 11 19
11 18 10 18
11 18 12 18
11 21 14 21
12 18 12 19
14 20 14 16
14 20 14 21
14 20 17 20
14 20 14 16
15 9 15 8
15 9 17 9
20 10 20 8
20 10 8 10
20 10 21 10
20 10 20 8
21 10 21 8
21 10 21 16
21 10 21 8
21 10 21 16
22 21 22 7
22 21 22 22
22 21 19 21
23 7 23 5
23 7 22 7
0 11 0 10
0 15 0 16
0 15 2 15
2 3 2 2
6 12 6 11
6 12 5 12
6 12 7 12
6 12 6 11
7 14 8 14
7 20 6 20
9 8 9 7
12 18 12 19
20 8 15 8
2 3 2 2
6 20 6 18
6 20 6 21
6 20 4 20
6 20 6 21
6 21 5 21
7 14 8 14
9 7 9 6
9 7 11 7
11 7 11 5
11 7 12 7
11 7 12 7
3 19 3 18
5 21 4 21
9 5 11 5
21 5 21 4
21 5 21 6
3 19 3 18
17 6 15 6
17 6 21 6
21 5 21 4
3 18 3 16
3 18 2 18
12 6 12 7
13 7 22 7
21 5 21 4
22 7 22 4
1 17 1 16
1 17 1 18
1 17 0 17

3187

2   3   4 2 1 1     3 4 - - - 5 2 2 3   4   2 2 
2 2     5 5 3 2 2   | 4 = 2   ǁ 2 5 3   3   1   
  2 4 3 | 3 2 3 6 - 7 - - - - 5 2   3   2 2 2 3 
  1 1 | | 1 | 1 3 1 | 2   4   5 2 - 4 2         
      | | 2 7 - - - 6             5     5 3 3   
      1 |   3         1 1 2 2 3   |     | 2     
        |   2         5 4   2 4   | 1 - 6 3     
        |               1   2     |     2       
4 6 - - 7 - - - - - 5 6   4 5 - - 7 - 3 1       
      2 | 3 2 4 2   | |     3   2 3 1 2 |       
    1 4 | ǁ 1 | 1   | |   3       1 4 = 7 2     
      | | 5 = 7 5 1 | |   1     1 1 7 2 ǁ 1     
      | | | 1 3 |   | |             4 2 ǁ |     
      | | |   1 1 2 | |                 ǁ |     
    3 5 | |   |   ǁ | |   4     4 = = = 6 2     
      | | | 1 | 2 4 | |   2           2 |       
      3 | | | | | | | |           3 - 5 |       
      1 | | 2 | | 1 | |           2   | 2       
  4 4 2 | | | | |   | 5 - - - - 5     4 1       
  3 3 2 | | | | |   | 3       1 3 2 2   | 2   2 
  2     | | | | 3 = 6 = = 4 = = 3       | ǁ   | 
3   3 3 7 5 2 | 2 = 5 = = = = = 3   4 3 3 ǁ   | 
2 1 3 2 4 - - 6 = = = = = = = = = = = = = 7 7 5 
1   3 1 2 2 = 5 - - 1                     1 2 2 
