24 24
0 3 0 0 4 0 0 3 0 5 0 4 3 3 0 0 0 0 0 0 2 1 4 2 
3 6 3 2 4 4 0 5 2 0 0 0 2 3 0 0 0 0 1 0 0 0 6 2 
4 0 2 0 0 0 0 0 0 0 0 0 0 4 0 0 0 0 5 2 0 0 0 1 
0 5 0 6 0 0 0 0 0 6 2 7 0 0 0 0 0 0 0 0 6 4 0 0 
0 3 0 0 0 0 0 2 1 4 2 4 3 5 0 0 0 2 1 0 0 0 0 2 
5 0 0 0 0 0 0 0 0 0 0 0 0 6 0 3 3 6 3 0 0 1 0 0 
6 0 5 0 0 5 4 0 0 0 0 0 0 0 3 3 2 0 0 0 0 0 0 0 
2 0 0 0 0 0 0 0 0 0 0 0 0 0 6 0 0 8 0 0 7 0 6 3 
1 0 0 0 0 0 0 0 0 0 0 0 0 0 4 2 0 0 4 4 0 3 6 3 
5 2 0 0 0 0 0 0 0 0 0 0 0 0 2 4 2 0 2 0 0 0 0 2 
0 0 0 0 0 0 3 0 0 0 0 0 0 0 0 0 0 0 2 0 0 0 0 0 
0 0 0 0 0 0 0 0 2 0 0 0 0 0 0 3 0 0 0 0 0 4 7 3 
3 0 6 0 0 5 0 0 0 0 0 0 0 0 0 0 0 0 0 0 0 5 8 6 
3 2 0 2 0 6 4 1 0 0 0 0 0 0 0 6 0 7 5 6 0 5 4 0 
4 0 7 0 0 0 0 0 7 0 0 2 0 0 0 4 2 0 2 2 0 0 0 0 
0 0 0 0 0 0 0 0 1 0 0 0 0 0 5 0 0 7 7 2 0 4 0 0 
3 0 0 0 0 0 0 0 0 0 0 0 0 0 0 2 4 3 5 3 0 2 0 0 
2 0 0 0 0 0 0 0 0 0 0 0 0 0 6 0 7 0 3 3 0 0 0 4 
3 0 0 0 0 0 0 0 0 0 0 0 0 0 4 2 2 0 0 0 0 0 0 0 
4 0 7 0 0 0 0 0 0 0 0 0 0 8 0 0 0 0 0 0 6 0 5 3 
4 3 0 3 0 0 3 0 5 3 0 4 2 0 2 5 0 4 5 3 0 0 6 2 
3 3 0 6 0 0 0 0 5 0 0 0 0 7 0 5 0 0 6 4 3 0 6 1 
4 0 8 8 2 3 5 0 0 0 0 0 0 7 3 3 4 0 4 2 3 0 4 0 
2 2 4 4 3 3 3 2 3 0 0 0 0 4 2 2 4 0 0 4 0 0 1 0 
200 303
0 9 0 7
0 9 0 11
0 9 3 9
3 1 3 3
3 1 1 1
3 1 4 1
3 11 3 10
3 11 3 20
3 11 0 11
3 11 4 11
3 21 3 20
3 21 0 21
3 21 5 21
3 21 3 20
4 13 4 12
4 13 4 17
4 13 5 13
5 0 5 13
5 0 2 0
5 0 6 0
6 0 6 2
6 0 5 0
6 0 7 0
6 0 6 2
6 0 5 0
6 5 6 2
6 5 6 6
6 5 12 5
7 0 8 0
7 14 7 17
7 14 6 14
7 14 8 14
7 14 7 17
7 14 6 14
7 14 8 14
7 17 7 20
7 17 5 17
7 17 13 17
8 14 8 15
8 14 9 14
8 15 9 15
8 18 8 19
8 18 9 18
8 18 8 19
8 18 9 18
8 19 8 21
8 19 13 19
10 18 13 18
11 22 11 21
11 22 11 23
11 22 8 22
11 22 12 22
12 21 12 22
12 21 11 21
12 21 13 21
12 22 12 21
12 22 12 23
12 22 11 22
12 22 13 22
12 22 12 21
12 22 12 23
12 23 11 23
12 23 17 23
13 19 13 18
13 19 13 21
13 19 14 19
13 19 13 18
13 19 13 21
13 22 13 21
13 22 19 22
13 22 13 21
14 2 14 0
14 2 14 8
14 2 12 2
14 2 19 2
14 8 14 2
14 8 14 11
14 8 11 8
14 8 15 8
14 8 14 11
14 8 11 8
15 14 15 17
15 14 9 14
15 14 17 14
15 18 15 17
15 18 15 19
15 18 14 18
15 18 16 18
15 21 15 19
15 21 16 21
15 21 16 21
17 14 17 16
17 14 15 14
17 14 18 14
17 14 17 16
17 14 18 14
17 16 17 18
17 16 16 16
17 16 18 16
17 23 12 23
17 23 19 23
17 23 19 23
18 14 18 15
18 14 20 14
19 13 19 2
19 13 5 13
19 13 21 13
19 13 19 2
19 13 5 13
19 13 21 13
20 8 20 6
20 8 20 9
20 8 21 8
20 11 20 9
20 11 20 12
20 11 20 9
20 11 20 12
20 17 20 15
20 17 20 18
20 17 20 15
20 17 20 18
21 13 21 8
21 13 21 15
21 13 22 13
22 2 22 0
22 2 22 3
22 2 19 2
22 2 23 2
22 2 22 0
22 2 22 3
22 2 19 2
22 2 23 2
22 3 22 4
22 3 21 3
22 3 23 3
23 2 23 1
23 2 23 3
23 3 23 4
23 3 22 3
0 22 0 23
0 22 1 22
0 22 0 23
0 22 1 22
1 5 1 4
1 5 1 7
1 5 1 4
1 5 1 7
1 22 1 23
1 22 7 22
1 22 1 23
1 22 7 22
2 0 1 0
2 2 1 2
2 13 2 18
2 13 1 13
2 13 2 18
2 13 1 13
2 19 2 18
2 23 4 23
3 3 3 1
3 3 3 9
3 3 1 3
3 3 3 9
3 3 1 3
3 9 3 10
3 9 0 9
3 9 4 9
3 11 3 20
3 11 0 11
3 11 4 11
4 9 4 8
4 9 4 10
4 9 4 10
4 11 4 12
4 23 7 23
6 6 6 5
6 6 10 6
6 6 6 5
6 14 6 15
7 17 7 20
7 17 5 17
7 17 13 17
7 22 7 20
7 22 7 23
7 22 8 22
7 22 7 20
7 23 8 23
8 22 8 21
8 22 8 23
8 22 11 22
8 22 8 21
8 23 9 23
9 15 9 16
9 15 11 15
9 15 9 16
9 23 11 23
10 6 13 6
10 18 13 18
11 15 13 15
11 21 11 22
12 5 12 2
12 5 13 5
12 5 12 2
12 5 13 5
13 3 13 5
13 7 13 6
13 15 13 17
13 15 11 15
13 15 14 15
13 15 13 17
13 15 14 15
14 15 14 16
14 19 14 18
15 14 15 17
16 15 16 16
20 8 20 6
20 8 21 8
20 14 20 15
21 3 21 8
21 3 20 3
21 3 22 3
21 3 21 8
21 3 20 3
21 13 21 15
21 13 22 13
22 0 21 0
22 0 23 0
22 3 22 4
22 6 22 5
22 6 22 13
22 6 23 6
23 0 23 1
23 4 23 5
23 4 23 5
0 11 0 9
1 4 0 4
1 8 1 7
2 0 1 0
2 2 1 2
2 18 2 19
2 18 1 18
4 7 4 1
4 11 4 12
5 17 5 16
5 17 5 18
5 17 4 17
5 17 5 16
5 18 4 18
6 2 12 2
7 20 3 20
10 6 13 6
12 2 12 0
12 2 6 2
13 1 13 0
13 3 13 5
13 5 13 6
13 18 13 17
14 2 14 0
14 2 19 2
14 15 14 16
16 15 16 16
16 16 16 17
17 16 17 18
17 16 18 16
18 15 20 15
19 2 19 0
20 3 20 6
20 15 21 15
1 2 1 1
1 4 0 4
1 8 1 7
2 0 1 0
4 7 4 1
4 13 5 13
7 20 3 20
9 1 9 0
13 1 13 0
13 17 15 17
13 17 15 17
14 0 13 0
14 0 16 0
16 0 17 0
19 0 18 0
19 0 20 0
19 0 18 0
20 0 20 1
20 0 21 0
20 0 20 1
20 1 21 1
21 0 21 1
0 4 0 1
0 4 0 7
0 7 1 7
0 20 0 13
0 20 0 13
1 1 0 1
1 1 3 1
1 1 0 1
4 13 5 13
9 0 9 1
9 0 12 0
9 0 12 0
16 0 17 0

2415

  3 - - 4 - - 3 - 5 = 4 3 3 = = = = = = 2 1 4 2 
3 6 3 2 4 4 = 5 2 ǁ   ǁ 2 3         1     | 6 2 
4 ǁ 2 ǁ           ǁ   ǁ   4 = = = = 5 2   | ǁ 1 
| 5 = 6 = = = = = 6 2 7 = = = = = = = = 6 4 ǁ | 
| 3 = = = = = 2 1 4 2 4 3 5 - - - 2 1   ǁ | ǁ 2 
5 - - - - - - - - - - - - 6   3 3 6 3   ǁ 1 ǁ | 
6 = 5 - - 5 4             ǁ 3 3 2 ǁ     ǁ   ǁ | 
2   ǁ     | |             ǁ 6 = = 8 = = 7 = 6 3 
1   ǁ     | |             ǁ 4 2   ǁ 4 4 - 3 6 3 
5 2 ǁ     | |             ǁ 2 4 2 ǁ 2 |     ǁ 2 
ǁ   ǁ     | 3             ǁ | |   ǁ 2 |     ǁ | 
ǁ   ǁ     | ǁ   2         ǁ | 3   ǁ ǁ |   4 7 3 
3 - 6 = = 5 ǁ   ǁ         ǁ | ǁ   ǁ ǁ |   5 8 6 
3 2 | 2 = 6 4 1 ǁ         ǁ | 6 = 7 5 6 = 5 4 ǁ 
4 = 7 = = = = = 7 = = 2   ǁ | 4 2 ǁ 2 2     | ǁ 
|   ǁ           1         ǁ 5 = = 7 7 2 - 4 | ǁ 
3   ǁ                     ǁ ǁ 2 4 3 5 3   2 | ǁ 
2   ǁ                     ǁ 6 = 7 = 3 3     | 4 
3   ǁ                     ǁ 4 2 2           | ǁ 
4 - 7 = = = = = = = = = = 8 | |         6   5 3 
4 3 ǁ 3 - - 3 = 5 3 = 4 2 ǁ 2 5 = 4 5 3     6 2 
3 3 ǁ 6 = = = = 5 - - - - 7 = 5     6 4 3   6 1 
4 = 8 8 2 3 5 - - - - - - 7 3 3 4   4 2 3   4   
2 2 4 4 3 3 3 2 3         4 2 2 4     4     1   
