24 24
2 0 0 0 0 0 0 0 0 3 0 0 0 0 0 0 0 0 0 3 0 0 5 4 
0 3 0 5 0 4 0 0 0 0 3 0 4 0 0 0 4 1 2 0 0 0 0 0 
0 4 2 0 0 2 0 0 0 0 1 0 0 2 2 0 8 5 4 0 0 0 0 0 
0 3 0 7 0 0 3 3 0 0 1 0 0 0 1 0 0 5 2 0 0 0 0 0 
0 4 2 0 0 0 0 0 0 0 0 2 6 3 0 0 0 2 2 0 0 0 0 3 
0 0 0 0 1 0 0 2 0 0 0 2 0 2 2 0 6 3 0 0 0 0 0 2 
0 0 0 0 0 2 1 0 0 0 0 0 0 5 2 1 0 0 0 0 0 0 0 1 
0 0 0 0 0 0 0 0 0 0 4 4 0 2 0 3 0 0 0 0 0 0 0 2 
0 0 0 0 0 0 0 0 0 0 0 0 0 0 0 0 0 0 0 0 0 0 0 0 
0 0 0 0 0 0 0 0 0 0 0 0 6 0 6 4 0 5 4 0 1 0 5 4 
0 3 0 6 3 0 0 0 0 0 0 2 6 1 1 0 0 3 2 0 4 0 3 2 
0 0 2 0 0 0 0 0 0 0 0 0 2 0 1 0 0 1 1 0 4 2 0 0 
0 0 0 0 0 0 0 0 0 0 4 0 0 0 0 0 7 0 0 6 0 0 5 4 
0 5 6 0 0 0 0 0 0 0 0 3 1 1 3 0 0 1 1 0 2 2 0 0 
0 0 0 0 2 0 1 0 0 4 0 6 0 0 7 0 6 6 3 0 1 0 0 0 
0 1 2 0 1 0 1 3 2 4 0 5 1 0 0 0 0 0 1 0 2 0 0 0 
0 0 0 0 0 0 0 3 0 2 0 2 0 0 0 0 0 5 3 0 6 5 0 0 
3 0 0 6 1 0 0 1 0 0 0 0 0 0 0 0 0 1 1 0 0 2 0 2 
0 2 2 3 1 0 3 0 5 0 5 3 2 1 2 1 1 2 0 0 0 2 0 0 
0 1 0 1 0 0 2 1 2 1 3 3 0 0 0 0 3 4 2 0 0 0 0 1 
0 0 0 0 0 3 0 0 0 0 0 0 0 4 0 0 0 0 0 7 7 4 0 2 
0 1 5 0 4 0 0 0 0 0 0 0 0 4 0 0 0 0 0 4 0 2 5 3 
1 2 4 0 3 0 0 0 4 4 2 1 0 6 0 0 2 2 5 0 7 2 3 2 
1 0 0 0 0 0 0 0 0 0 0 0 0 5 2 2 0 0 3 2 5 0 4 2 
200 80
0 22 0 19
0 22 0 23
0 22 9 22
0 23 0 22
0 23 4 23
1 3 1 1
1 3 1 5
1 3 3 3
2 16 2 14
2 16 2 17
2 16 1 16
2 16 5 16
3 17 3 18
3 17 2 17
3 17 4 17
9 12 9 14
9 12 4 12
9 12 10 12
12 16 12 10
12 16 12 19
12 16 5 16
12 16 14 16
13 1 13 2
13 1 10 1
13 1 15 1
14 14 14 11
14 14 14 16
14 14 13 14
14 14 18 14
16 17 16 18
16 17 14 17
16 17 17 17
16 21 16 20
16 21 13 21
16 21 17 21
20 19 20 13
20 19 20 20
20 19 12 19
20 19 21 19
22 18 22 17
22 18 22 20
22 18 23 18
23 13 23 0
23 13 23 14
23 13 22 13
23 20 23 19
23 20 23 22
23 20 22 20
0 23 0 22
2 16 2 14
2 16 2 17
2 16 1 16
2 16 5 16
4 23 5 23
6 13 6 14
6 13 5 13
6 13 7 13
9 12 9 14
9 12 4 12
9 12 10 12
9 15 9 14
9 15 7 15
9 15 9 14
9 15 7 15
9 17 9 18
9 17 5 17
9 17 10 17
13 1 13 2
13 1 10 1
16 20 16 21
16 20 15 20
16 20 20 20
23 13 23 14
23 13 22 13
23 15 23 18
4 23 5 23
6 23 7 23
7 23 9 23
23 15 23 18
23 19 23 20

2782

2                 3                   3 - - 5 4 
  3 - 5 - 4         3   4       4 1 2       | | 
  4 2 |   2         1     2 2 = 8 5 4       | | 
  3   7     3 3     1       1   ǁ 5 2       | | 
  4 2                 2 6 3     ǁ 2 2       | 3 
        1     2       2 ǁ 2 2   6 3         | 2 
          2 1           ǁ 5 2 1 | |         | 1 
                    4 4 ǁ 2   3 | |         | 2 
                        ǁ     ǁ | |         | | 
                        6 = 6 4 | 5 4   1   5 4 
  3   6 3             2 6 1 1   | 3 2   4   3 2 
  ǁ 2                   2   1   | 1 1   4 2     
  ǁ                 4 - - - - - 7 - - 6     5 4 
  5 6                 3 1 1 3   | 1 1 | 2 2     
  |     2   1     4   6 - - 7 - 6 6 3 | 1 |     
  1 2   1   1 3 2 4   5 1   |     | 1 | 2 |     
              3   2   2     |     5 3 | 6 5     
3     6 1     1             |     1 1 | | 2   2 
  2 2 3 1   3   5   5 3 2 1 2 1 1 2   | | 2     
  1   1     2 1 2 1 3 3         3 4 2 | |     1 
          3               4 - - - - - 7 7 4   2 
  1 5   4                 4           4   2 5 3 
1 2 4   3       4 4 2 1   6     2 2 5 - 7 2 3 2 
1 - - - - - - - - - - - - 5 2 2 = = 3 2 5 - 4 2 
