24 24
2 0 0 0 0 0 3 3 4 0 2 4 0 0 0 0 0 0 0 0 5 0 4 0 
0 0 1 0 1 1 0 0 0 2 0 6 0 3 3 5 3 1 2 0 0 0 0 0 
0 2 6 0 4 2 0 0 0 0 0 0 0 1 2 0 3 2 0 0 0 0 0 0 
0 0 2 0 0 2 0 0 4 5 0 4 0 0 0 5 0 0 3 1 0 0 0 0 
2 2 0 0 7 4 0 0 2 0 0 0 0 0 0 0 2 5 1 0 0 1 0 0 
1 0 0 0 0 2 0 0 1 0 0 0 0 0 0 0 0 0 0 1 0 0 0 0 
0 0 0 0 0 0 0 4 3 0 0 0 2 0 0 6 0 5 3 0 0 0 0 0 
4 0 0 0 8 4 0 0 0 3 0 0 2 0 0 0 0 0 2 0 0 0 0 1 
0 0 2 0 0 2 0 3 4 1 0 0 0 0 0 0 0 0 1 0 0 0 0 0 
0 2 8 0 6 6 0 0 2 0 0 1 6 0 0 4 0 0 4 3 0 0 2 0 
0 0 4 0 2 2 0 0 0 0 0 2 5 0 0 0 0 2 1 0 0 0 2 0 
4 0 0 0 0 0 7 0 0 0 6 0 0 0 0 0 0 0 0 0 5 5 6 5 
0 0 2 0 0 1 0 2 0 0 0 1 0 0 3 0 0 1 0 0 0 0 0 2 
0 0 0 0 2 4 0 5 0 0 7 0 0 0 4 0 0 1 3 1 0 4 0 2 
0 0 5 2 0 2 0 4 3 2 0 0 0 0 2 3 4 0 0 0 0 0 3 4 
0 1 0 0 0 0 0 2 1 2 0 0 0 0 0 0 0 0 0 0 0 4 1 0 
0 0 0 0 0 3 5 0 2 0 0 0 2 0 0 0 2 0 0 0 0 5 2 2 
0 0 0 0 0 2 0 3 4 4 0 0 0 0 0 0 0 0 0 0 0 2 0 0 
3 4 4 1 0 0 0 2 0 1 0 0 4 0 5 0 3 0 6 0 5 0 1 0 
0 2 1 0 4 0 4 0 4 2 0 0 0 0 2 0 2 0 3 1 0 0 2 0 
2 0 0 0 0 1 0 0 0 3 7 0 0 0 0 4 0 0 3 2 0 0 0 0 
1 3 0 0 3 2 0 0 1 0 0 0 0 0 0 3 0 2 2 0 5 0 8 4 
2 0 3 0 0 0 5 0 1 3 6 0 0 0 0 0 0 0 0 4 2 2 3 1 
0 0 1 0 0 0 4 1 0 2 3 0 0 0 0 0 0 0 0 0 0 4 2 1 
200 84
0 20 0 11
0 20 0 22
0 20 11 20
0 22 0 20
0 22 9 22
0 22 9 22
1 15 1 14
1 15 1 16
1 15 3 15
4 4 4 1
4 4 4 5
4 4 2 4
4 4 7 4
4 21 11 21
7 4 7 0
7 4 7 5
7 4 4 4
7 4 9 4
7 23 11 23
8 2 9 2
9 2 9 1
9 2 9 4
9 2 8 2
9 2 10 2
10 22 11 22
11 6 11 0
11 6 11 10
11 6 0 6
11 6 16 6
11 23 11 22
11 23 12 23
13 7 13 10
13 7 12 7
13 7 14 7
14 2 14 3
14 2 12 2
14 2 18 2
15 1 18 1
20 10 20 9
20 10 20 15
20 10 13 10
20 10 22 10
21 22 21 20
21 22 21 23
21 22 19 22
21 22 22 22
23 6 23 2
23 6 23 7
23 6 22 6
23 6 22 6
3 2 2 2
7 4 7 0
7 4 7 5
7 4 9 4
9 1 9 2
9 2 9 4
9 2 10 2
9 5 9 4
9 5 8 5
9 5 10 5
9 5 9 4
9 5 8 5
9 5 10 5
10 2 10 4
10 4 10 2
10 22 11 22
11 23 11 22
11 23 12 23
17 21 16 21
18 12 18 14
18 12 16 12
18 12 18 14
18 12 16 12
21 22 21 20
21 22 21 23
21 22 19 22
21 22 22 22
3 2 2 2
7 5 5 5
10 12 10 11
10 12 10 17
10 12 9 12
17 21 16 21
7 5 5 5

2322

2           3 3 4   2 4 - - - - - - - - 5 = 4   
    1   1 1 |     2   6   3 3 5 3 1 2   |   ǁ   
  2 6   4 2 |             1 2 | 3 2     |   ǁ   
    2   | 2 |   4 5   4       5     3 1 |   ǁ   
2 2 - - 7 4 |   2               2 5 1   | 1 ǁ   
1       ǁ 2 |   1                     1 | | ǁ   
        ǁ ǁ | 4 3       2     6   5 3   | | ǁ   
4 = = = 8 4 |     3     2           2   | | ǁ 1 
    2   ǁ 2 | 3 4 1                 1   | | ǁ | 
  2 8 = 6 6 |   2     1 6     4     4 3 | | 2 | 
    4 = 2 2 |         2 5 - - - - 2 1   | | 2 | 
4 - - - - - 7 - - - 6                   5 5 6 5 
    2     1 | 2       1     3     1           2 
    |   2 4 | 5 - - 7       4     1 3 1   4   2 
    5 2   2 | 4 3 2 |       2 3 4           3 4 
  1 |       | 2 1 2 |                     4 1   
  | |     3 5   2   |   2       2         5 2 2 
  | |     2   3 4 4 |   ǁ                 2     
3 4 4 1       2   1 |   4 = 5   3   6   5   1   
  2 1   4   4   4 2 |       2   2   3 1     2   
2         1       3 7 - - - - 4     3 2     ǁ   
1 3     3 2     1   |         3   2 2   5 = 8 4 
2   3       5   1 3 6                 4 2 2 3 1 
    1 - - - 4 1   2 3                     4 2 1 
