24 24
1 0 5 0 0 0 0 4 0 0 4 0 0 0 3 2 0 0 0 0 0 3 3 3 
2 0 5 0 0 0 0 0 0 0 0 0 0 0 6 0 0 0 0 0 0 5 0 1 
0 0 0 4 0 3 0 0 2 0 0 2 0 0 0 1 0 0 0 2 2 4 0 2 
0 0 0 2 0 0 0 0 1 0 0 0 0 0 0 2 0 0 0 6 0 0 3 0 
2 2 7 0 0 5 0 0 0 0 0 5 2 0 0 0 0 0 0 0 3 0 2 0 
4 1 2 4 0 0 0 0 2 0 0 0 0 0 0 3 0 0 0 0 4 3 0 3 
0 1 0 5 0 3 0 0 0 0 0 0 0 0 0 2 0 0 0 0 1 2 0 0 
0 1 0 4 2 0 0 0 0 0 1 0 0 0 7 0 0 0 0 7 0 0 4 2 
0 0 2 0 0 6 0 0 0 0 0 0 0 0 7 3 0 3 2 0 2 0 0 1 
4 0 5 0 0 6 1 2 5 0 3 1 0 0 0 0 1 3 3 0 5 0 5 3 
0 0 0 1 3 0 1 0 5 2 0 3 2 0 0 0 0 0 2 0 2 0 5 0 
0 0 4 0 0 0 0 0 0 0 0 0 2 1 0 0 0 0 0 0 1 0 3 0 
0 0 2 0 0 4 0 1 3 0 8 3 1 0 6 0 6 6 4 0 0 1 0 0 
3 0 3 1 0 0 0 0 1 0 0 0 0 0 0 0 2 0 0 0 4 3 0 0 
0 0 0 0 0 3 0 0 4 3 0 0 0 0 2 1 0 5 2 0 0 3 2 0 
0 0 0 0 0 2 2 0 4 2 0 0 0 0 3 2 0 1 0 0 0 0 0 0 
0 0 0 0 0 2 0 3 0 0 7 0 0 0 0 0 0 0 0 7 6 5 2 0 
0 1 0 0 7 0 0 0 0 0 5 0 0 3 0 0 0 1 0 0 5 0 4 0 
1 0 4 0 5 2 1 3 2 4 0 2 0 6 3 0 0 1 0 0 4 1 0 0 
1 0 5 4 5 0 0 4 2 3 0 0 0 1 2 0 2 2 0 0 2 1 0 0 
1 0 0 0 4 0 0 0 0 0 5 0 0 0 0 0 0 0 0 6 0 0 6 5 
2 0 0 0 0 0 0 0 0 0 7 4 2 3 0 0 0 0 0 5 0 4 0 3 
0 0 0 0 1 0 0 0 0 0 5 3 1 1 0 0 0 0 0 4 2 2 5 2 
0 0 0 0 0 0 0 0 0 0 2 2 0 0 0 0 0 0 0 0 0 0 5 1 
200 223
0 2 0 0
0 2 0 7
0 2 1 2
0 23 0 22
0 23 1 23
0 23 0 22
1 21 1 14
1 21 0 21
1 21 2 21
2 3 2 5
2 3 3 3
2 3 2 5
2 3 3 3
4 2 4 1
4 2 4 5
4 2 1 2
4 2 5 2
7 14 7 10
7 14 7 19
7 14 1 14
7 14 8 14
10 22 10 20
10 22 9 22
10 22 11 22
12 10 12 8
12 10 12 11
12 10 9 10
12 10 16 10
12 10 12 8
12 10 12 11
12 10 9 10
12 10 16 10
16 10 16 7
16 10 16 19
16 10 17 10
17 4 17 1
17 4 17 10
17 4 10 4
17 4 18 4
19 2 19 0
19 2 19 3
19 2 18 2
19 3 19 2
19 3 19 4
19 3 19 2
20 23 20 22
20 23 9 23
20 23 21 23
21 10 21 0
21 10 21 11
21 10 20 10
21 10 22 10
22 4 22 10
23 22 23 11
23 22 23 23
23 22 22 22
0 2 0 7
0 2 1 2
0 7 0 10
0 7 9 7
0 10 0 14
1 14 1 21
1 14 0 14
1 14 7 14
1 14 0 14
2 5 4 5
4 12 4 11
5 3 5 2
5 3 6 3
5 3 6 3
5 3 6 3
7 14 7 19
7 14 8 14
7 19 7 22
7 19 3 19
7 19 16 19
8 5 8 2
8 5 6 5
8 5 9 5
8 5 8 2
8 5 6 5
8 5 9 5
9 2 9 0
9 2 9 5
9 2 11 2
9 5 9 2
9 5 9 6
9 5 12 5
9 20 9 22
9 20 8 20
9 20 10 20
10 9 10 8
10 22 9 22
10 22 11 22
11 2 9 2
11 2 12 2
11 2 12 2
11 13 11 12
12 5 12 7
12 5 14 5
12 5 14 5
12 21 13 21
13 16 12 16
17 4 17 10
17 4 10 4
17 4 18 4
18 2 18 0
18 2 18 4
18 2 18 4
18 5 18 4
18 5 18 6
19 4 19 7
19 4 20 4
23 22 23 11
23 22 22 22
0 15 0 21
4 2 4 1
4 2 4 5
4 2 1 2
4 5 6 5
4 11 4 12
4 11 2 11
4 11 2 11
6 15 5 15
7 4 7 3
9 0 5 0
9 0 13 0
9 0 5 0
9 7 9 8
10 4 10 3
10 6 10 8
10 9 10 8
13 0 13 2
13 0 13 2
13 2 13 3
13 16 12 16
19 4 19 7
19 4 20 4
19 7 19 8
19 7 18 7
20 4 20 0
20 4 20 10
21 0 21 10
23 10 22 10
23 10 22 10
0 15 0 21
0 22 3 22
1 2 1 0
1 21 2 21
2 8 3 8
2 21 2 20
2 21 5 21
2 23 5 23
3 19 3 15
3 19 2 19
3 19 7 19
3 19 3 15
3 19 2 19
3 22 4 22
5 0 5 1
5 0 4 0
5 8 9 8
5 15 6 15
7 4 7 3
12 16 12 14
12 16 12 17
12 16 9 16
12 16 12 14
12 17 12 18
12 17 9 17
12 17 14 17
12 17 12 18
12 17 9 17
12 18 10 18
12 18 14 18
14 17 14 15
14 17 14 18
14 17 15 17
15 15 15 14
15 15 15 14
18 7 18 8
1 0 4 0
2 20 4 20
2 23 5 23
3 22 4 22
4 20 5 20
5 8 9 8
7 3 7 1
7 3 6 3
10 18 9 18
12 14 12 12
12 14 8 14
12 14 14 14
12 14 8 14
14 14 15 14
18 7 18 8
18 9 18 11
18 9 19 9
18 9 18 11
18 9 19 9
18 13 18 14
18 13 17 13
18 13 19 13
18 13 18 14
18 13 17 13
19 8 19 9
4 20 5 20
5 20 5 21
5 20 6 20
6 1 6 3
6 21 5 21
8 14 8 15
11 12 10 12
12 11 10 11
5 23 7 23
8 14 8 15
10 11 10 12
10 11 9 11
8 14 8 15
9 10 9 8
10 8 9 8
10 8 12 8
13 8 14 8

3820

1 - 5 = = = = 4 - - 4 - - - 3 2 = = = = = 3 3 3 
2 - 5         |             6 = = = = = = 5 | 1 
|   ǁ 4 = 3   | 2     2     ǁ 1       2 2 4 | 2 
|   ǁ 2   |   | 1     ǁ     ǁ 2 = = = 6 | | 3 ǁ 
2 2 7 = = 5   |       5 2   ǁ         ǁ 3 | 2 ǁ 
4 1 2 4   |   | 2           ǁ 3       ǁ 4 3   3 
ǁ 1 - 5   3   | ǁ           ǁ 2       ǁ 1 2   | 
ǁ 1 - 4 2 ǁ   | ǁ   1 - - - 7 = = = = 7 - - 4 2 
ǁ   2 = = 6   | ǁ           7 3   3 2 | 2     1 
4 - 5 = = 6 1 2 5 - 3 1     ǁ   1 3 3 | 5 - 5 3 
|   ǁ 1 3 | 1 - 5 2 ǁ 3 2   ǁ   | ǁ 2 | 2 - 5 | 
|   4   ǁ |     |   ǁ | 2 1 ǁ   | ǁ | | 1   3 | 
|   2   ǁ 4 - 1 3 = 8 3 1 - 6 = 6 6 4 |   1   | 
3 = 3 1 ǁ ǁ     1   ǁ       |   2 | | | 4 3   | 
        ǁ 3     4 3 ǁ       2 1 - 5 2 |   3 2 | 
        ǁ 2 2   4 2 ǁ       3 2   1   |       | 
        ǁ 2   3 - - 7 - - - - - - - - 7 6 5 2 | 
  1 - - 7 = = = = = 5     3       1     5   4 | 
1 - 4 = 5 2 1 3 2 4 = 2   6 3     1     4 1   | 
1 - 5 4 5 = = 4 2 3       1 2   2 2     2 1   | 
1 - - - 4 - - - - - 5                 6     6 5 
2 = = = = = = = = = 7 4 2 3           5   4   3 
        1 - - - - - 5 3 1 1           4 2 2 5 2 
                    2 2 = = = = = = = = = = 5 1 
