24 24
2 1 4 2 1 0 3 0 0 5 0 2 3 5 0 3 0 6 0 0 0 3 4 3 
5 0 4 0 0 0 1 0 0 0 1 0 0 7 0 3 1 0 2 0 0 5 0 1 
0 0 2 0 0 0 0 1 0 0 0 0 0 4 0 2 0 0 0 0 0 2 0 2 
5 0 0 0 0 0 0 0 0 6 0 0 0 0 0 0 0 6 0 0 0 0 5 4 
0 0 0 0 0 0 0 0 0 0 0 0 1 1 1 1 0 0 4 0 5 3 0 1 
0 0 0 0 0 0 0 0 0 0 0 0 0 0 0 0 0 0 4 3 0 0 0 1 
0 1 3 0 0 0 0 0 0 0 3 0 6 4 5 4 1 0 2 0 4 3 0 0 
0 2 0 0 0 0 0 0 0 0 0 0 0 1 0 3 2 0 0 0 1 0 0 0 
0 5 6 0 0 0 0 1 0 0 0 0 0 4 7 4 0 0 4 0 0 0 0 0 
0 2 0 0 0 1 0 0 0 0 0 0 0 2 1 2 0 0 0 0 0 0 0 0 
0 0 0 0 0 0 0 0 0 0 0 0 0 2 4 0 0 6 6 0 0 0 0 0 
0 0 0 2 0 4 0 0 0 0 2 0 0 0 0 0 0 0 3 5 0 0 7 4 
0 1 0 0 0 0 0 0 0 0 1 0 0 1 0 3 0 5 3 0 3 1 0 0 
0 0 0 0 0 0 0 0 0 0 0 0 0 1 0 0 0 0 3 0 3 0 0 0 
0 4 6 0 0 6 0 0 0 7 0 0 7 2 0 2 1 0 3 0 0 0 0 0 
0 5 2 3 0 6 3 1 0 0 2 3 0 1 5 2 0 0 0 0 0 0 0 0 
0 4 2 0 1 5 0 0 0 6 3 3 0 0 0 2 0 0 2 0 0 0 0 0 
6 0 3 3 4 0 0 0 0 0 1 0 6 2 0 0 0 0 0 0 0 1 0 0 
3 1 1 1 0 3 1 0 0 0 1 0 5 2 3 4 0 0 0 0 0 0 0 0 
3 0 0 0 8 0 0 0 0 7 0 0 0 0 2 1 0 0 0 0 0 0 0 2 
1 3 0 0 6 4 0 1 4 5 1 3 0 0 0 5 2 4 4 3 5 3 0 0 
0 2 0 0 0 0 2 3 2 1 0 0 0 0 0 4 2 1 1 0 2 0 6 4 
3 0 0 0 5 3 1 4 0 0 0 6 0 0 0 0 0 0 0 6 0 2 3 3 
2 2 0 0 5 3 2 1 1 0 0 0 0 0 0 0 0 0 0 5 4 0 2 1 
200 107
0 9 0 6
0 9 0 11
0 9 3 9
0 13 0 12
0 13 0 15
0 13 1 13
0 17 0 15
0 17 0 21
0 17 3 17
0 23 0 22
0 23 1 23
0 23 0 22
1 0 1 2
1 0 0 0
1 0 3 0
1 13 1 10
1 13 1 15
1 13 0 13
1 13 2 13
1 21 1 18
1 21 0 21
1 21 2 21
4 20 4 18
4 20 4 21
4 20 6 20
8 1 8 2
8 1 7 1
8 1 9 1
8 14 8 13
8 14 8 15
8 14 6 14
8 14 9 14
10 18 10 17
10 18 8 18
10 18 11 18
11 22 11 19
11 22 11 23
11 22 3 22
11 22 21 22
14 9 14 5
14 9 14 12
14 9 3 9
14 9 16 9
15 1 15 2
15 1 14 1
15 1 16 1
17 0 17 2
17 0 3 0
17 0 18 0
18 12 18 10
18 12 18 13
18 12 17 12
19 4 19 0
19 4 19 9
19 4 17 4
19 4 20 4
22 11 22 7
22 11 22 19
22 11 20 11
23 4 23 1
23 4 23 5
23 4 22 4
23 19 23 8
23 19 23 20
23 19 22 19
0 17 0 15
0 17 0 21
0 17 3 17
0 22 3 22
0 22 3 22
1 13 1 15
1 13 0 13
1 21 1 18
1 21 2 21
2 23 3 23
8 14 8 13
8 14 8 15
8 14 6 14
10 18 10 17
10 18 8 18
10 18 11 18
15 7 15 6
17 0 17 2
17 0 3 0
17 0 18 0
18 12 18 13
18 12 17 12
19 4 19 0
19 4 19 9
19 4 17 4
19 4 20 4
19 9 19 14
19 9 16 9
19 9 20 9
21 15 21 16
21 15 20 15
21 15 21 16
21 15 20 15
22 11 22 7
22 11 22 19
22 11 20 11
23 19 23 20
23 19 22 19
0 12 0 11
2 23 3 23
0 9 0 6
0 9 3 9

2960

2 1 4 2 1   3 = = 5 - 2 3 5 - 3 = 6 = = = 3 4 3 
5 - 4       1     ǁ 1 - - 7 = 3 1 ǁ 2 = = 5 ǁ 1 
|   2         1   ǁ       4   2   ǁ       2 ǁ 2 
5                 6               6         5 4 
ǁ                 |     1 1 1 1     4 - 5 3 | 1 
ǁ                 |                 4 3 |   | 1 
ǁ 1 3             | 3   6 4 5 4 1   2   4 3 |   
ǁ 2               |       1 ǁ 3 2       1   |   
ǁ 5 6         1   |       4 7 4     4       |   
ǁ 2       1       |       2 1 2     ǁ       |   
ǁ                 |       2 4     6 6       |   
ǁ     2   4       | 2               3 5 - - 7 4 
ǁ 1               | 1     1   3   5 3   3 1 |   
ǁ                 |       1         3   3   |   
ǁ 4 6     6 - - - 7 - - 7 2   2 1   3       |   
ǁ 5 2 3   6 3 1   | 2 3   1 5 2             |   
ǁ 4 2   1 5       6 3 3       2     2       |   
6 = 3 3 4         | 1   6 2               1 |   
3 1 1 1 ǁ 3 1     | 1 - 5 2 3 4             |   
3 = = = 8 = = = = 7 - - - - 2 1             | 2 
1 3     6 4   1 4 5 1 3       5 2 4 4 3 5 3 |   
  2         2 3 2 1   ǁ       4 2 1 1   2   6 4 
3       5 3 1 4 = = = 6 = = = = = = = 6   2 3 3 
2 2 - - 5 3 2 1 1 - - - - - - - - - - 5 4   2 1 
