24 24
3 3 2 3 0 4 0 4 0 0 0 3 0 2 2 0 0 3 0 4 0 0 2 2 
2 0 0 0 0 0 0 1 0 0 0 0 0 0 0 0 0 0 1 0 2 1 0 0 
4 8 0 0 0 8 0 0 0 0 0 0 0 4 4 0 0 0 0 0 4 0 5 3 
2 0 1 4 2 0 2 2 5 0 0 0 0 5 2 0 0 1 0 0 2 0 0 1 
2 0 0 4 0 0 0 1 2 0 0 0 0 0 0 0 0 0 0 3 0 0 0 2 
0 2 0 0 0 0 4 3 0 0 0 0 0 0 0 0 0 0 0 2 0 0 0 0 
4 5 3 0 0 0 0 3 5 0 0 0 0 5 0 0 0 0 5 0 3 0 0 0 
3 6 0 6 0 6 5 0 0 1 0 0 0 4 0 0 0 0 0 0 0 0 4 4 
2 6 2 0 0 0 4 3 0 0 0 2 0 3 2 5 0 4 0 2 1 0 0 0 
0 0 0 0 0 0 1 2 0 4 0 3 1 0 0 0 0 0 2 0 0 0 0 0 
0 0 0 0 2 4 4 3 0 4 2 0 0 0 0 0 0 0 0 0 0 0 0 0 
0 0 0 0 0 4 7 4 0 0 0 3 5 0 0 0 0 1 0 0 0 0 0 0 
0 3 0 0 3 0 4 3 0 0 0 0 4 3 2 0 0 1 0 0 1 0 0 0 
0 3 2 0 5 6 4 1 0 1 0 4 0 0 0 7 0 6 4 0 0 0 0 0 
0 1 1 0 1 1 2 0 0 0 0 1 0 0 0 0 2 5 0 2 0 0 0 0 
3 0 0 6 0 0 0 0 7 0 0 0 0 0 0 5 0 0 0 5 5 1 0 0 
0 1 0 0 2 3 0 0 7 5 4 3 0 4 1 2 1 0 0 5 2 0 0 0 
0 0 0 0 2 0 0 0 3 4 4 1 0 0 0 4 0 0 4 2 0 0 0 0 
0 3 0 5 0 0 0 0 0 0 0 0 0 7 5 0 0 0 5 0 1 0 0 0 
4 5 2 3 4 0 0 0 0 0 5 3 3 0 4 0 0 0 1 0 0 0 0 2 
4 0 0 0 0 0 0 0 0 0 4 1 1 0 2 0 0 0 0 0 0 0 0 2 
4 0 0 0 2 1 3 0 0 0 0 0 0 6 0 0 0 0 0 0 0 0 6 4 
2 2 4 0 5 0 0 0 0 0 3 0 0 0 2 2 0 0 4 0 0 0 5 2 
1 3 5 0 4 0 0 0 0 0 0 0 0 0 0 0 0 0 0 0 2 3 3 1 
200 88
2 1 2 0
2 1 2 5
2 1 0 1
2 1 5 1
2 5 2 1
2 5 2 13
2 5 0 5
2 5 7 5
3 8 3 7
3 8 3 13
3 8 4 8
4 3 3 3
4 3 7 3
4 3 3 3
4 3 7 3
8 15 8 14
8 15 8 17
8 15 13 15
11 6 11 5
11 6 11 7
11 6 10 6
11 6 12 6
11 12 11 11
11 12 9 12
11 12 12 12
14 17 14 16
14 17 14 19
14 17 13 17
15 8 15 3
15 8 15 15
15 8 6 8
15 8 16 8
16 9 16 8
16 9 16 10
16 9 17 9
18 13 18 3
18 13 18 14
18 13 16 13
18 13 21 13
19 10 19 4
19 10 19 11
19 10 20 10
21 13 21 6
21 13 21 22
21 13 18 13
22 18 22 15
22 18 22 22
22 18 22 15
22 18 22 22
23 2 23 1
23 2 23 4
23 2 22 2
2 1 2 0
2 1 0 1
2 1 5 1
2 5 2 13
2 5 0 5
2 5 7 5
6 1 6 0
6 1 6 2
6 1 7 1
7 6 7 5
7 6 5 6
7 6 8 6
10 10 10 9
13 18 13 17
13 18 9 18
13 18 13 17
13 18 9 18
17 15 17 18
17 15 16 15
17 15 17 18
17 15 16 15
21 13 21 6
21 13 21 22
22 14 22 10
6 18 6 13
6 18 6 20
6 18 1 18
10 10 10 9
21 6 21 5
22 14 22 10
1 7 0 7
5 19 4 19
6 18 6 13
6 18 6 20
22 10 22 4
5 19 4 19

2173

3 3 2 3   4   4       3   2 2     3   4     2 2 
2 ǁ       ǁ   1                     1   2 1     
4 8 = = = 8 = = = = = = = 4 4       |   4   5 3 
2 ǁ 1 4 2 ǁ 2 2 5 - - - - 5 2     1 |   2     1 
2 ǁ   4   ǁ   1 2                   | 3       2 
  2   ǁ   ǁ 4 3                     | 2         
4 5 3 ǁ   ǁ | 3 5         5 = = = = 5 = 3       
3 6   6   6 5   | 1       4                 4 4 
2 6 2       4 3 |     2   3 2 5 - 4   2 1       
            1 2 | 4   3 1     |     2           
        2 4 4 3 | 4 2   |     |     ǁ           
          4 7 4 |     3 5     |   1 ǁ           
  3     3   4 3 |       4 3 2 |   1 ǁ   1       
  3 2   5 6 4 1 | 1   4       7   6 4           
  1 1   1 1 2   |     1         2 5 - 2         
3     6 - - - - 7 - - - - - - 5       5 5 1     
  1     2 3     7 5 4 3   4 1 2 1     5 2       
        2       3 4 4 1   |   4 = = 4 2         
  3   5 - - - - - - - - - 7 5       5   1       
4 5 2 3 4 - - - - - 5 3 3 ǁ 4       1         2 
4                   4 1 1 ǁ 2                 2 
4       2 1 3 = = = = = = 6 = = = = = = = = 6 4 
2 2 4   5 - - - - - 3 = = = 2 2 = = 4 = = = 5 2 
1 3 5 - 4                               2 3 3 1 
