24 24
2 1 1 2 0 0 0 0 0 2 0 0 0 0 0 0 0 3 1 0 0 4 5 2 
0 0 3 0 4 0 0 0 0 0 0 0 0 0 0 0 0 7 0 0 0 5 5 3 
4 5 6 2 0 2 1 2 0 5 3 3 0 0 0 5 4 0 3 4 1 0 0 0 
0 0 0 0 0 5 6 0 0 4 0 0 0 0 0 3 0 0 3 0 2 0 0 2 
2 0 0 2 0 2 4 2 2 4 2 0 0 0 0 0 3 0 0 6 5 0 0 1 
0 0 0 0 0 2 0 0 0 0 0 0 0 0 0 5 0 0 0 0 3 0 0 0 
0 0 0 0 0 2 5 0 0 0 0 0 2 0 0 0 0 0 0 0 0 0 0 0 
0 0 4 4 0 0 5 0 0 0 0 0 0 0 0 5 0 0 2 0 0 0 0 0 
3 0 0 0 0 1 0 2 5 0 1 4 4 1 2 0 0 0 0 0 4 3 0 0 
3 0 1 0 0 2 5 0 5 0 0 4 0 0 0 0 0 0 0 0 0 0 0 0 
3 0 2 0 0 3 0 0 0 3 0 5 5 4 3 0 0 0 0 0 0 0 0 0 
4 0 5 3 0 2 0 2 0 3 0 4 3 0 1 0 0 0 0 0 0 0 0 0 
0 0 3 3 0 0 0 0 0 3 2 0 3 0 0 0 0 0 0 0 0 0 0 0 
0 0 1 4 0 2 2 4 6 0 0 4 2 0 0 0 0 0 2 0 0 0 0 2 
0 0 2 3 0 1 1 0 4 0 0 0 0 3 2 0 0 0 0 0 0 0 0 0 
3 5 0 0 6 0 0 0 0 0 0 0 0 0 0 7 5 0 0 0 0 0 3 2 
4 0 4 2 0 1 1 3 0 0 0 2 0 1 2 4 0 0 0 0 0 0 0 2 
5 0 0 0 5 3 0 4 0 0 0 0 0 0 0 0 5 0 0 0 0 0 0 0 
6 0 5 3 0 0 0 1 2 0 0 0 0 0 0 0 4 0 0 0 0 0 0 0 
0 2 3 3 0 0 4 0 0 0 0 0 0 0 0 0 0 5 0 0 0 0 0 0 
0 4 0 0 5 0 2 3 2 1 2 0 4 0 0 2 1 0 0 0 0 2 0 0 
4 3 3 1 3 0 1 2 0 0 0 0 5 0 0 0 0 5 4 3 0 2 6 6 
4 4 4 0 0 7 0 0 0 4 4 4 4 3 0 0 0 5 0 0 4 1 3 4 
1 1 1 0 0 3 2 0 0 4 0 0 0 0 0 0 0 4 0 0 0 3 4 2 
200 173
0 22 0 21
0 22 0 23
0 22 1 22
1 17 1 4
1 17 1 21
1 17 0 17
1 17 19 17
2 9 2 7
2 9 2 10
2 9 3 9
2 15 2 11
2 15 2 16
2 15 3 15
2 16 2 15
2 16 4 16
2 16 2 15
3 5 3 6
3 5 2 5
3 5 4 5
4 19 4 20
4 19 2 19
4 19 21 19
4 19 4 20
4 19 2 19
4 19 21 19
5 15 5 5
5 15 3 15
5 15 7 15
6 6 6 5
6 6 6 12
6 6 7 6
8 8 8 7
8 8 8 10
8 8 9 8
8 11 8 12
8 11 9 11
8 11 8 12
8 11 9 11
9 11 9 8
9 11 10 11
15 15 15 4
15 15 15 16
15 15 7 15
15 15 16 15
17 0 17 4
17 0 16 0
17 0 18 0
17 16 17 7
17 16 15 16
17 16 18 16
18 0 18 2
18 0 17 0
18 0 21 0
18 0 18 2
18 0 17 0
21 0 21 1
21 0 22 0
21 0 21 1
21 23 21 22
21 23 16 23
21 23 22 23
21 23 21 22
21 23 16 23
21 23 22 23
22 0 22 1
22 0 23 0
22 0 22 1
22 5 22 2
22 5 22 9
22 5 17 5
22 5 23 5
22 11 22 10
22 11 22 12
22 11 22 10
22 11 22 12
22 12 22 13
22 12 21 12
22 13 22 17
22 23 22 22
22 23 23 23
23 23 23 22
2 11 2 10
2 19 2 18
2 19 2 20
4 16 15 16
15 1 15 0
15 1 15 4
15 1 2 1
16 0 16 2
16 0 15 0
16 0 16 2
16 2 16 3
16 15 16 14
16 15 15 15
16 15 16 14
20 4 20 1
20 4 17 4
20 4 21 4
21 22 21 21
21 22 15 22
21 22 22 22
21 22 21 21
22 10 22 9
22 10 20 10
22 13 22 17
23 22 23 21
23 22 22 22
23 22 23 21
2 11 2 10
2 18 3 18
4 10 4 9
4 16 15 16
11 0 10 0
11 0 15 0
11 0 10 0
11 0 10 0
11 2 11 3
11 2 10 2
11 2 12 2
16 2 16 3
16 13 16 11
20 21 8 21
21 12 21 17
21 12 20 12
21 12 21 17
21 12 20 12
21 19 21 18
2 18 3 18
3 18 7 18
4 10 4 9
7 18 13 18
9 0 8 0
9 0 8 0
13 18 21 18
16 11 16 7
20 12 20 10
20 12 20 15
20 15 20 16
20 21 8 21
21 18 21 17
21 18 21 17
4 9 4 8
4 9 3 9
9 0 8 0
18 16 18 8
18 16 17 16
18 16 18 8
4 0 2 0
4 8 4 7
4 0 2 0
2 0 2 1
2 0 0 0
0 0 0 1
2 1 2 2
2 1 15 1
2 1 2 2
2 2 2 3
2 2 1 2
2 2 7 2
2 2 2 3
7 2 7 3
7 2 9 2
7 2 7 3
15 1 15 4
15 4 15 15
15 4 1 4
15 4 17 4
1 4 1 2
1 4 1 17
4 3 7 3
7 3 4 3
10 2 11 2
1 2 0 2

2726

2 1 1 2           2               3 1     4 5 2 
|   3 - 4 = = = = = = = = = = = = 7 - - - 5 5 3 
4 5 6 2 | 2 1 2 - 5 3 3 - - - 5 4 | 3 4 1       
ǁ ǁ |   | 5 6     4           3 | | 3 ǁ 2     2 
2 ǁ | 2 | 2 4 2 2 4 2         | 3 | | 6 5     1 
  ǁ | ǁ | 2 - - - - - - - - - 5 ǁ | | ǁ 3       
  ǁ | ǁ | 2 5 - - - - - 2     | ǁ | | ǁ         
  ǁ 4 4 |   5                 5 ǁ | 2 ǁ         
3 ǁ |   | 1   2 5 - 1 4 4 1 2 | ǁ | | ǁ 4 3     
3 ǁ 1   | 2 5   5 - - 4       | ǁ | | ǁ   ǁ     
3 ǁ 2   | 3       3   5 5 4 3 | ǁ | | ǁ   ǁ     
4 ǁ 5 3 | 2   2   3   4 3   1 | ǁ | | ǁ   ǁ     
| ǁ 3 3 |         3 2   3     | ǁ | | ǁ   ǁ     
| ǁ 1 4 | 2 2 4 6     4 2     | ǁ | 2 ǁ   ǁ   2 
| ǁ 2 3 | 1 1   4         3 2 | ǁ | | ǁ   ǁ     
3 5 = = 6 = = = = = = = = = = 7 5 | | ǁ   ǁ 3 2 
4 = 4 2 | 1 1 3 - - - 2 - 1 2 4 | | | ǁ   ǁ | 2 
5 - - - 5 3   4 - - - - - - - - 5 | | ǁ   ǁ | ǁ 
6 = 5 3 | |   1 2 = = = = = = = 4 | | ǁ   ǁ | ǁ 
| 2 3 3 | | 4                     5 | ǁ   ǁ | ǁ 
| 4 - - 5 | 2 3 2 1 2 - 4 - - 2 1   | ǁ   2 | ǁ 
4 3 3 1 3 | 1 2     |   5 = = = = 5 4 3   2 6 6 
4 4 4 - - 7 - - - 4 4 4 4 3 = = = 5     4 1 3 4 
1 1 1     3 2     4               4       3 4 2 
