24 24
4 0 4 2 5 0 0 0 0 0 4 0 0 5 0 4 3 4 0 0 4 3 1 1 
4 2 0 1 4 0 0 2 2 0 5 2 0 0 1 3 2 2 3 2 0 0 2 0 
4 0 8 0 0 0 0 0 0 0 0 0 0 7 0 0 0 0 0 0 6 8 4 0 
0 0 4 5 1 3 0 0 0 0 1 1 0 0 4 0 6 0 2 0 0 4 4 4 
0 1 3 5 1 0 0 4 0 0 0 5 2 0 2 0 4 0 0 0 7 6 5 2 
4 1 0 3 1 0 0 4 2 0 0 0 0 0 3 0 3 4 2 0 0 0 3 2 
1 4 7 0 0 8 0 0 0 0 0 6 6 0 6 2 0 0 0 0 0 0 1 0 
2 2 2 3 2 0 0 0 1 0 0 0 3 0 2 0 0 0 0 0 0 4 2 0 
4 0 5 0 0 6 0 0 0 0 0 0 0 8 0 0 6 4 0 0 0 2 4 0 
3 1 0 2 1 0 3 1 2 0 6 4 2 0 1 3 0 6 0 0 8 0 4 0 
0 0 0 0 0 0 5 6 0 6 8 2 0 0 2 4 0 4 4 2 0 1 1 0 
0 2 6 6 3 0 1 2 0 0 3 1 0 0 2 6 0 0 0 0 8 3 3 0 
0 2 0 0 0 4 0 0 0 5 2 0 0 0 0 0 0 0 0 0 4 2 0 0 
5 0 0 0 0 0 0 0 0 0 0 0 0 8 0 0 0 0 0 0 0 0 8 6 
0 0 0 0 2 0 4 0 0 0 0 0 0 0 0 0 0 0 0 0 0 0 0 2 
0 0 0 0 0 0 5 0 0 0 0 0 0 6 0 0 0 5 0 2 0 0 0 2 
0 0 0 2 0 0 7 2 0 2 0 0 0 5 0 0 0 0 0 0 0 0 0 0 
0 2 0 0 2 0 0 0 0 0 0 0 0 5 0 2 0 0 0 0 0 0 0 0 
0 0 0 0 0 0 1 0 0 0 0 0 0 2 0 0 0 5 0 0 2 0 0 0 
0 0 0 0 0 0 0 0 0 2 0 0 0 0 0 0 0 3 0 0 0 0 0 0 
5 8 0 0 6 2 0 6 0 0 0 0 0 0 0 0 0 0 0 0 0 0 6 5 
0 2 1 0 3 3 0 8 0 2 0 0 0 2 0 0 0 0 0 0 0 0 0 3 
5 0 0 0 1 1 0 5 0 0 0 0 0 4 0 0 0 0 0 0 0 0 3 1 
4 2 1 0 0 0 0 4 0 0 0 0 0 0 0 0 0 0 0 2 0 0 4 2 
200 337
0 0 0 2
0 0 1 0
0 0 0 2
0 0 1 0
0 2 0 3
0 2 2 2
0 4 0 3
0 4 0 10
0 4 1 4
0 13 0 10
0 13 0 15
0 13 2 13
1 0 1 1
1 0 2 0
1 1 4 1
2 0 5 0
2 21 2 20
2 21 2 22
2 21 0 21
2 21 3 21
2 21 2 20
2 21 2 22
2 21 0 21
2 21 3 21
2 22 1 22
2 22 3 22
4 20 4 16
4 20 4 21
4 20 2 20
4 20 9 20
5 0 5 1
5 0 2 0
5 0 6 0
6 1 6 2
6 1 7 1
6 1 6 2
6 1 7 1
6 2 6 5
6 2 4 2
6 2 7 2
6 5 6 2
6 5 6 11
6 5 3 5
6 5 8 5
7 0 8 0
7 0 8 0
8 0 8 2
8 0 9 0
8 13 8 5
8 13 8 16
8 13 2 13
8 13 13 13
8 13 8 5
8 13 8 16
8 13 2 13
8 13 13 13
8 16 8 17
8 16 5 16
9 10 9 8
9 10 9 11
9 10 10 10
9 10 9 8
9 10 9 11
9 10 10 10
9 11 9 12
9 11 10 11
9 20 9 17
9 20 9 22
9 20 4 20
9 20 11 20
10 6 10 7
10 6 9 6
10 6 11 6
10 9 10 7
10 9 10 10
10 9 12 9
10 9 10 7
10 9 10 10
10 9 12 9
10 10 10 11
10 10 11 10
10 10 11 10
10 18 10 17
10 18 10 19
10 18 10 17
10 18 10 19
11 11 11 10
11 20 11 15
11 20 11 21
11 20 9 20
11 20 12 20
12 10 12 9
13 0 13 13
13 0 9 0
13 0 20 0
13 13 13 0
13 13 13 22
13 13 15 13
13 22 13 13
13 22 13 23
13 22 11 22
13 22 20 22
13 23 13 22
13 23 5 23
13 23 14 23
13 23 13 22
13 23 5 23
14 6 14 4
14 6 15 6
14 6 14 4
14 6 15 6
14 23 15 23
15 17 15 13
15 17 15 19
15 17 18 17
15 23 20 23
16 3 16 6
16 6 16 3
16 6 16 7
16 6 15 6
16 6 18 6
16 13 16 9
16 13 15 13
16 13 17 13
17 15 17 13
18 20 18 17
20 1 20 0
20 1 20 4
20 1 17 1
20 1 21 1
20 1 20 0
20 1 20 4
20 1 17 1
20 1 21 1
20 4 20 5
20 4 17 4
20 4 21 4
20 4 20 5
20 7 20 22
20 7 16 7
20 7 21 7
20 23 20 22
20 23 21 23
21 7 21 5
21 7 21 9
21 7 20 7
21 7 22 7
21 7 21 5
21 7 21 9
21 7 20 7
22 0 22 4
22 0 20 0
22 0 23 0
23 0 23 1
23 0 22 0
23 0 23 1
23 2 23 7
23 7 23 19
23 7 22 7
23 7 23 19
23 22 23 23
23 22 22 22
23 22 23 23
23 22 22 22
0 4 0 10
0 4 1 4
0 10 0 13
1 10 1 8
1 10 1 11
1 10 3 10
1 10 1 8
1 10 1 11
1 19 1 18
1 22 0 22
2 2 3 2
2 13 2 20
2 13 0 13
2 13 2 20
3 5 3 4
3 5 6 5
3 11 4 11
3 14 3 16
3 14 4 14
3 14 3 16
3 14 4 14
3 16 3 18
3 16 4 16
3 16 3 18
3 16 4 16
3 21 3 22
3 21 4 21
3 22 3 23
3 22 4 22
3 23 0 23
3 23 4 23
3 23 4 23
4 16 4 20
4 21 4 20
4 21 4 22
4 21 7 21
4 21 4 22
4 22 5 22
4 22 5 22
5 7 5 8
5 7 4 7
5 7 5 8
5 7 4 7
5 18 5 17
5 22 6 22
6 5 6 11
6 5 8 5
6 11 6 12
6 11 4 11
6 11 6 12
6 11 4 11
6 12 4 12
6 12 7 12
6 12 4 12
6 12 7 12
6 14 6 15
6 14 5 14
6 14 7 14
6 14 6 15
6 14 5 14
6 14 7 14
7 8 7 12
7 21 7 22
7 21 8 21
7 21 7 22
8 16 8 17
8 16 5 16
8 17 5 17
8 17 9 17
8 21 8 22
8 22 9 22
9 17 9 15
9 17 9 20
9 17 10 17
9 17 9 15
9 20 9 22
9 22 8 22
10 6 10 7
10 6 9 6
10 17 10 15
11 2 11 1
11 2 11 3
11 2 8 2
11 2 11 1
11 2 11 3
11 2 8 2
11 3 11 4
11 3 9 3
11 3 11 4
11 3 9 3
11 4 9 4
11 7 10 7
11 15 11 14
11 15 11 20
11 15 10 15
11 15 11 14
11 15 10 15
11 20 11 21
11 20 12 20
12 1 12 5
12 10 12 9
12 20 12 21
13 13 15 13
15 13 15 6
15 13 15 17
15 19 15 17
16 6 15 6
16 13 16 9
16 13 17 13
17 15 17 13
18 20 18 17
19 9 19 17
20 7 20 22
20 22 20 23
20 22 13 22
20 23 21 23
21 2 21 4
21 4 21 5
22 0 20 0
22 5 22 7
22 7 22 13
22 7 22 13
22 13 22 22
22 13 21 13
22 23 21 23
0 15 0 16
0 15 1 15
0 15 0 16
0 21 0 20
1 4 1 3
1 4 1 7
1 7 4 7
1 14 1 15
1 15 1 16
1 19 1 18
2 2 3 2
2 20 0 20
4 7 4 11
5 14 5 16
5 17 5 18
7 4 7 3
9 1 9 0
9 6 9 7
10 7 11 7
10 14 10 15
10 14 9 14
11 22 11 21
11 22 10 22
12 1 12 5
12 5 12 9
12 5 8 5
12 20 12 21
17 13 18 13
18 13 18 17
18 17 19 17
19 9 19 17
0 20 0 17
0 20 0 17
1 18 1 17
2 2 3 2
7 3 7 2
7 3 7 4
8 2 8 5
0 17 0 16
0 17 1 17
2 2 3 2
3 3 4 3
6 2 4 2
3 3 4 3
4 2 4 3
3 3 4 3
3 3 4 3
4 4 5 4

2344

4 = 4 2 5 = = = = = 4 = = 5 - 4 3 4 = = 4 3 1 1 
4 2 | 1 4 - - 2 2 = 5 2   ǁ 1 3 2 2 3 2 | ǁ 2 | 
4 | 8         |     |     7 = = = = = = 6 8 4 | 
ǁ | 4 5 1 3   |     1 1   ǁ 4 = 6 = 2   | 4 4 4 
ǁ 1 3 5 1 ǁ   4 - - - 5 2 ǁ 2   4 = = = 7 6 5 2 
4 1 ǁ 3 1 ǁ   4 2     ǁ ǁ ǁ 3 - 3 4 2   ǁ | 3 2 
1 4 7 = = 8 = = = = = 6 6 ǁ 6 2 ǁ |     ǁ | 1 ǁ 
2 2 2 3 2 ǁ     1 - - - 3 ǁ 2   ǁ |     ǁ 4 2 ǁ 
4 - 5 - - 6 = = = = = = = 8 = = 6 4     ǁ 2 4 ǁ 
3 1 ǁ 2 1 | 3 1 2 = 6 4 2 ǁ 1 3 = 6 = = 8 = 4 ǁ 
|   ǁ ǁ | | 5 6 = 6 8 2   ǁ 2 4 - 4 4 2 ǁ 1 1 ǁ 
| 2 6 6 3 | 1 2   ǁ 3 1   ǁ 2 6 = = = = 8 3 3 ǁ 
| 2 = = = 4 - - - 5 2     ǁ             4 2 | ǁ 
5 = = = = = = = = = = = = 8 = = = = = = = = 8 6 
|       2 = 4             ǁ                 ǁ 2 
|           5 - - - - - - 6 = = = 5 = 2     ǁ 2 
|     2 = = 7 2   2 = = = 5       |         ǁ | 
| 2     2   | |           5 = 2   |         ǁ | 
| ǁ     |   1 |           2 - - - 5 = = 2   ǁ | 
| ǁ     |     |   2 = = = = = = = 3         ǁ | 
5 8 = = 6 2   6 = = = = = = = = = = = = = = 6 5 
ǁ 2 1 - 3 3 = 8 = 2       2                   3 
5 - - - 1 1 - 5 = = = = = 4 - - - - - - - - 3 1 
4 2 1 - - - - 4 = = = = = = = = = = = 2     4 2 
