24 24
3 3 1 0 0 4 5 3 2 2 0 0 5 0 0 2 1 2 0 0 4 4 4 3 
0 0 0 0 0 0 3 0 7 0 0 0 6 0 0 0 0 0 0 0 4 0 0 2 
0 3 0 0 0 4 0 0 4 0 0 0 0 1 0 3 0 6 6 2 0 0 0 2 
3 0 0 0 0 0 0 0 0 0 0 0 5 0 0 0 0 5 3 0 0 0 0 0 
3 3 5 0 4 0 0 0 0 3 0 0 2 0 0 0 0 0 0 0 0 0 0 0 
6 5 8 4 0 0 0 0 0 2 0 0 0 0 0 0 0 0 0 0 0 0 0 0 
0 0 2 2 0 0 0 0 0 0 0 0 0 0 0 0 0 0 0 0 0 0 0 0 
6 0 0 0 5 0 0 0 0 0 0 0 0 0 0 0 0 0 0 0 4 0 0 0 
4 1 0 0 0 0 0 0 0 0 0 5 0 0 0 0 0 6 4 2 0 0 0 0 
3 0 4 0 0 0 0 1 2 2 2 0 0 0 2 1 0 0 6 4 0 0 0 0 
2 4 8 0 0 0 0 0 8 5 5 0 1 0 4 0 0 5 3 1 0 0 0 0 
0 2 0 0 2 0 0 0 6 4 4 0 0 0 0 0 0 1 0 0 0 0 0 0 
5 0 6 0 0 0 0 0 0 0 0 7 0 0 0 0 0 0 0 0 7 8 7 6 
5 3 0 2 0 0 0 0 0 0 0 0 4 0 0 5 0 0 4 3 5 0 0 2 
3 3 0 0 0 0 0 0 0 0 0 0 0 2 3 4 0 0 8 5 4 0 0 2 
3 4 0 5 0 0 0 0 0 0 0 4 4 0 4 0 0 3 4 3 1 0 6 4 
0 0 0 5 0 0 0 2 0 0 2 0 0 0 0 0 0 0 0 0 0 6 0 1 
0 2 0 6 0 0 0 6 2 0 2 0 0 0 0 5 0 2 3 3 3 0 0 3 
0 0 0 4 0 0 0 5 0 0 0 0 0 0 0 6 2 0 0 3 4 3 0 0 
4 0 7 0 0 0 0 0 0 0 0 0 0 0 0 0 0 6 6 2 0 1 0 0 
5 2 0 0 1 0 4 3 2 2 5 0 0 0 0 0 0 6 0 1 3 0 7 4 
5 1 0 0 0 0 0 2 0 1 6 3 0 0 0 0 0 3 0 2 0 0 8 3 
4 0 5 0 0 0 8 0 7 1 3 0 0 0 0 0 0 0 7 4 6 4 8 5 
2 1 3 0 4 2 4 4 6 0 0 0 0 3 0 0 3 0 6 2 3 2 5 4 
200 238
0 6 0 5
0 6 0 7
0 6 1 6
0 12 0 9
0 12 0 15
0 12 1 12
1 8 1 6
1 8 1 12
1 8 0 8
1 8 2 8
2 18 2 17
2 18 2 19
2 18 3 18
5 0 5 1
5 0 4 0
5 0 7 0
5 2 5 1
5 2 5 3
5 2 4 2
5 2 6 2
7 0 7 4
7 0 5 0
7 0 8 0
8 11 8 1
8 11 8 17
8 11 12 11
10 2 10 1
10 2 10 8
10 2 9 2
10 2 12 2
10 8 10 2
10 8 10 9
10 8 9 8
10 8 11 8
10 10 10 9
10 10 9 10
10 10 11 10
12 0 12 2
12 0 10 0
12 0 13 0
12 20 12 11
12 20 12 21
12 20 7 20
12 20 13 20
12 21 12 20
12 21 12 22
12 21 0 21
12 21 16 21
12 23 12 22
12 23 2 23
12 23 13 23
13 15 13 12
13 15 13 18
13 15 14 15
14 18 14 15
14 18 14 19
14 18 13 18
14 18 15 18
15 22 15 23
15 22 12 22
15 22 20 22
15 22 15 23
15 22 12 22
15 22 20 22
16 3 16 7
16 3 15 3
16 3 17 3
16 21 16 10
16 21 12 21
16 21 18 21
17 15 17 10
17 15 17 17
17 15 18 15
18 3 18 7
18 3 17 3
18 15 18 7
18 15 18 16
18 15 17 15
19 2 19 0
19 2 19 17
19 2 12 2
19 2 22 2
20 0 20 1
20 0 19 0
20 0 21 0
20 10 20 9
20 10 20 17
20 10 21 10
20 22 20 20
20 22 20 23
20 22 21 22
21 0 21 1
21 0 20 0
21 0 22 0
21 22 21 19
21 22 21 23
21 22 20 22
21 22 22 22
22 6 22 2
22 6 22 8
22 6 20 6
22 6 23 6
22 8 22 6
22 8 22 9
22 8 20 8
22 8 23 8
22 18 22 10
22 18 22 19
22 18 19 18
22 18 23 18
22 20 22 19
22 20 22 21
22 20 23 20
22 20 22 19
22 20 22 21
22 20 23 20
22 22 22 21
22 22 22 23
22 22 21 22
22 22 23 22
23 4 23 2
23 4 23 5
23 4 23 2
23 4 23 5
23 6 23 7
23 6 22 6
23 8 23 7
23 8 23 13
23 8 22 8
23 18 23 16
23 18 23 19
23 18 22 18
23 23 23 22
23 23 22 23
2 18 2 17
2 18 2 19
2 18 3 18
5 0 5 1
5 0 4 0
5 2 5 1
5 2 5 3
5 2 4 2
5 2 6 2
6 3 5 3
7 0 7 4
7 0 8 0
8 0 9 0
8 0 9 0
8 11 8 17
8 11 12 11
10 2 10 1
10 2 9 2
10 2 12 2
10 8 10 9
10 8 9 8
10 8 11 8
10 12 10 14
11 1 10 1
11 4 11 8
11 17 10 17
12 21 12 20
12 21 12 22
12 23 12 22
12 23 2 23
12 23 13 23
14 13 14 14
14 18 14 15
14 18 14 19
14 18 13 18
14 18 15 18
14 23 15 23
17 1 15 1
18 3 18 7
18 3 17 3
18 15 18 7
18 15 18 16
20 1 20 0
20 4 20 6
20 17 20 10
20 17 19 17
20 17 21 17
21 0 22 0
21 7 20 7
21 22 21 19
21 22 21 23
22 6 22 2
22 6 20 6
22 8 20 8
22 22 22 21
22 22 22 23
22 22 23 22
23 6 23 7
23 7 23 8
23 8 23 13
23 13 23 16
23 16 23 18
23 18 23 19
23 20 23 21
23 21 23 22
23 22 23 23
23 23 22 23
1 23 0 23
5 1 4 1
6 3 5 3
9 7 9 2
11 1 10 1
11 4 11 8
12 22 0 22
14 13 14 14
14 23 15 23
16 23 17 23
17 1 15 1
17 23 20 23
18 7 17 7
20 6 20 7
20 7 21 7
22 19 22 18
22 23 21 23
1 23 0 23
5 9 4 9
9 2 9 0
10 0 12 0
17 7 17 3
17 7 17 8
17 7 16 7
17 23 20 23
20 23 20 22
0 23 0 22
5 9 4 9
16 3 15 3
16 3 17 3
17 3 17 7
17 7 17 8
0 22 0 21
0 22 0 21
11 8 11 9
11 8 11 9
0 21 0 20

3105

3 3 1     4 5 3 2 2 - - 5 - - 2 1 2     4 4 4 3 
            3 - 7 - - - 6               4 | | 2 
  3       4     4         1   3   6 6 2   | | 2 
3                       5         5 3     | | ǁ 
3 3 5   4         3     2                 | | ǁ 
6 5 8 4           2                       | | ǁ 
ǁ   2 2                                   | | ǁ 
6 = = = 5                               4 | | ǁ 
4 1 - - - - - - - - - 5 = = = = = 6 4 2 | | | ǁ 
3 - 4 - - - - 1 2 2 2 ǁ     2 1     6 4 | | | ǁ 
2 4 8 = = = = = 8 5 5 ǁ 1 - 4     5 3 1 | | | ǁ 
ǁ 2 ǁ   2 = = = 6 4 4 ǁ           1     | | | ǁ 
5 - 6                 7 - - - - - - - - 7 8 7 6 
5 3 | 2                 4 - - 5 - - 4 3 5 ǁ ǁ 2 
3 3 |                     2 3 4 = = 8 5 4 ǁ ǁ 2 
3 4 | 5               4 4   4     3 4 3 1 ǁ 6 4 
  ǁ | 5 - - - 2     2 - - - - - - - - - - 6 ǁ 1 
  2 | 6 = = = 6 2   2 - - - - 5 - 2 3 3 3 | ǁ 3 
    | 4 = = = 5 = = = = = = = 6 2     3 4 3 ǁ ǁ 
4 - 7 - - - - - - - - - - - - - - 6 6 2   1 ǁ ǁ 
5 2 |   1 - 4 3 2 2 5 = = = = = = 6 | 1 3 - 7 4 
5 1 |       ǁ 2 ǁ 1 6 3           3 | 2 = = 8 3 
4   5 = = = 8 = 7 1 3 - - - - - - - 7 4 6 4 8 5 
2 1 3 = 4 2 4 4 6 = = = = 3 - - 3 = 6 2 3 2 5 4 
