24 24
0 0 0 0 2 0 0 0 6 0 0 0 0 0 0 0 0 0 0 0 0 4 3 3 
0 0 0 0 0 0 0 0 0 1 0 1 0 0 2 0 2 1 0 0 0 0 3 5 
0 0 0 0 0 0 2 1 0 3 3 0 0 1 3 0 4 0 0 0 0 0 1 0 
0 0 0 0 0 0 0 0 0 1 0 0 0 0 3 1 0 0 0 0 0 0 2 0 
0 0 0 0 0 0 0 0 0 2 6 0 0 6 4 5 3 0 0 0 0 0 0 0 
0 0 0 0 2 0 4 0 5 0 0 1 0 0 0 0 0 0 0 0 0 0 3 0 
4 0 0 0 0 0 0 0 6 3 0 3 0 0 0 0 0 0 0 0 0 0 0 0 
0 0 0 0 2 0 0 0 1 2 0 0 1 0 1 4 0 5 0 0 0 6 5 5 
0 0 0 0 0 0 0 0 0 0 4 0 0 0 3 0 0 5 3 2 2 0 3 0 
0 0 2 0 6 0 0 0 0 0 5 3 0 0 5 1 1 2 4 5 3 0 2 0 
2 0 1 0 4 0 0 1 0 0 2 2 2 0 3 0 0 0 2 1 0 0 2 3 
0 0 0 0 3 2 1 2 3 0 0 0 0 7 0 0 0 6 0 4 5 0 0 1 
3 0 0 0 0 0 3 3 3 2 0 0 0 6 0 4 2 0 3 1 4 0 0 2 
0 2 0 0 0 0 0 0 0 0 0 0 0 0 0 0 0 7 7 5 4 0 0 0 
3 4 0 0 0 0 0 0 0 0 0 4 0 0 2 4 1 0 0 3 1 0 0 0 
0 0 0 2 0 2 0 0 5 0 0 7 0 0 4 5 2 0 5 4 2 0 3 0 
0 0 0 0 0 0 0 0 0 0 0 0 0 0 0 0 1 0 0 0 0 0 0 0 
3 5 0 4 2 4 2 0 0 0 0 0 0 0 0 2 1 0 0 0 0 0 0 4 
2 0 0 1 1 1 0 0 0 0 0 0 1 0 7 6 3 0 5 3 0 0 0 0 
0 3 0 1 2 6 0 0 4 0 0 0 3 0 5 6 1 0 4 1 0 0 0 0 
0 2 0 0 0 5 2 0 2 1 0 0 4 0 2 4 2 0 4 2 0 0 0 0 
3 0 0 0 0 0 0 0 0 0 0 7 0 0 0 0 0 6 0 0 0 4 4 0 
3 0 0 0 0 0 3 3 4 0 0 5 2 0 0 0 0 7 0 0 0 3 6 5 
2 0 1 0 1 0 2 2 3 1 0 2 3 2 0 2 0 5 1 2 0 4 2 1 
200 98
0 8 0 4
0 8 0 21
0 8 5 8
1 23 1 22
1 23 0 23
1 23 7 23
6 0 6 8
6 0 10 0
11 13 11 8
11 13 11 17
11 13 4 13
11 13 12 13
13 17 13 1
13 17 13 18
13 17 11 17
13 17 21 17
15 8 15 5
15 8 15 11
15 8 19 8
15 18 15 19
15 18 13 18
15 18 18 18
17 23 12 23
17 23 22 23
17 23 12 23
17 23 22 23
18 14 18 12
18 14 18 15
18 14 15 14
18 14 19 14
20 5 20 1
20 5 20 6
20 5 19 5
21 11 21 0
21 11 21 17
21 11 15 11
21 11 22 11
22 17 22 12
22 17 22 21
22 17 21 17
22 17 23 17
22 23 22 22
22 23 23 23
22 23 22 22
23 17 23 15
23 17 23 18
23 17 22 17
23 19 23 21
0 8 0 4
0 8 0 21
0 8 5 8
2 7 2 6
5 4 5 6
6 0 6 8
6 0 10 0
8 10 4 10
8 10 9 10
8 10 4 10
8 10 9 10
9 14 9 15
9 14 8 14
9 14 10 14
12 13 12 9
12 13 12 15
12 13 11 13
12 16 12 15
18 14 18 15
18 14 15 14
18 14 19 14
20 9 20 8
20 12 20 14
20 12 19 12
20 12 20 14
20 12 19 12
20 15 20 16
20 15 19 15
20 15 20 16
20 15 19 15
20 18 20 19
20 18 19 18
20 18 20 19
20 18 19 18
23 17 23 15
23 19 23 21
2 6 5 6
5 4 5 6
5 6 5 8
5 8 6 8
7 12 10 12
10 12 10 11
12 16 12 15
19 12 19 14
19 14 19 15
19 14 19 15
23 13 23 12
5 8 6 8
12 15 12 13
23 13 23 12

2107

        2 = = = 6 = = = = = = = = = = = = 4 3 3 
                ǁ 1   1     2   2 1         3 5 
            2 1 ǁ 3 3     1 3   4           1 | 
            |   ǁ 1         3 1             2 | 
            |   ǁ 2 6     6 4 5 3             | 
        2 = 4 - 5   ǁ 1   |                 3 | 
4 = = = = = = = 6 3 ǁ 3   |                   | 
ǁ       2       1 2 ǁ   1 | 1 4   5       6 5 5 
ǁ                   4   | | 3     5 3 2 2   3   
ǁ   2   6           5 3 | | 5 1 1 2 4 5 3   2   
2   1   4     1     2 2 2 | 3       2 1     2 3 
        3 2 1 2 3 - - - - 7 - - - 6   4 5     1 
3           3 3 3 2 - - - 6 = 4 2 | 3 1 4     2 
  2 - - - - - - - - - - - - - - - 7 7 5 4     ǁ 
3 4                   4     2 4 1 | | 3 1     ǁ 
      2   2 - - 5 - - 7     4 5 2 | 5 4 2   3 ǁ 
                |     |     ǁ   1 | |         ǁ 
3 5   4 2 4 2   |     |     ǁ 2 1 | |         4 
2     1 1 1     |     | 1 - 7 6 3 | 5 3       ǁ 
  3   1 2 6     4     | 3 - 5 6 1 | 4 1       ǁ 
  2 - - - 5 2   2 1   | 4 = 2 4 2 | 4 2       ǁ 
3 - - - - - - - - - - 7 - - - - - 6       4 4 ǁ 
3           3 3 4     5 2 - - - - 7 - - - 3 6 5 
2   1   1   2 2 3 1   2 3 2   2 = 5 1 2 = 4 2 1 
