24 24
2 0 0 0 0 0 0 3 4 2 1 2 2 0 0 0 0 0 0 0 5 0 2 1 
0 4 0 6 0 5 0 0 0 0 0 5 0 0 0 0 0 0 0 0 7 3 0 0 
0 0 1 5 1 0 2 5 2 0 2 0 1 2 0 4 1 0 3 4 7 4 0 3 
0 6 0 6 4 5 0 7 6 3 5 0 4 0 0 7 0 0 6 4 4 5 0 0 
0 4 3 1 3 4 1 2 5 4 4 0 3 3 2 0 4 4 5 4 2 2 0 0 
0 1 3 1 3 5 1 1 2 3 3 0 2 1 0 0 2 0 2 1 0 1 0 0 
4 0 0 0 0 0 0 0 0 0 0 6 0 0 0 5 0 4 0 0 4 2 0 0 
0 3 0 0 0 0 2 0 0 0 0 0 2 3 3 7 3 4 0 4 6 2 0 0 
0 3 0 0 0 0 0 0 0 0 0 7 0 5 0 0 1 0 2 2 0 2 0 0 
0 3 0 0 0 0 0 0 0 0 0 8 2 4 0 0 2 0 3 3 0 0 0 0 
0 0 1 2 0 4 0 0 0 0 0 5 2 2 3 0 0 0 2 7 8 6 0 0 
0 1 2 0 0 4 0 0 0 0 2 0 0 0 4 0 0 0 0 0 5 3 0 0 
0 1 0 3 0 0 0 0 0 0 0 0 0 0 0 4 4 0 0 0 3 1 0 0 
0 4 0 6 0 3 3 4 0 0 0 0 0 0 0 0 3 0 0 0 3 0 6 5 
0 2 0 2 1 1 2 3 0 1 0 0 1 0 0 0 2 0 0 0 0 1 0 0 
5 0 0 0 0 0 0 0 0 0 0 0 0 0 0 0 0 5 0 3 0 0 0 0 
0 0 0 0 0 0 0 0 0 0 0 0 0 0 0 0 0 0 2 1 0 0 0 3 
0 0 0 0 0 0 0 0 0 0 0 0 0 0 0 0 0 0 4 4 0 0 0 2 
0 0 0 0 0 0 0 0 0 0 0 0 0 0 0 0 0 0 0 3 4 0 3 2 
0 0 0 0 0 0 0 0 0 0 0 0 0 0 0 0 0 0 3 0 4 2 1 3 
0 0 0 0 0 0 2 0 0 0 0 0 0 0 0 0 0 5 0 0 0 0 5 4 
0 0 0 0 0 0 0 0 0 0 0 1 0 0 0 0 0 0 2 1 0 2 1 0 
6 0 0 0 0 0 0 0 0 0 0 0 0 0 0 0 6 0 5 0 0 3 2 4 
3 0 0 0 2 1 0 0 0 0 0 0 2 0 0 0 5 1 2 2 1 2 2 2 
200 112
0 20 0 12
0 20 0 22
0 20 1 20
1 1 1 3
1 1 3 1
1 3 1 1
1 3 1 5
1 3 2 3
2 20 2 19
2 20 2 21
2 20 1 20
2 20 3 20
3 1 3 3
3 1 1 1
3 1 4 1
3 7 3 5
3 7 3 8
3 7 2 7
3 7 4 7
3 15 3 12
3 15 3 18
3 15 2 15
3 15 6 15
3 21 3 20
3 21 2 21
3 21 4 21
4 16 4 17
4 16 5 16
4 16 4 17
4 16 5 16
7 15 7 14
7 15 7 16
7 15 6 15
7 15 12 15
8 11 8 1
8 11 8 13
8 11 6 11
8 11 9 11
9 11 9 1
9 11 9 12
9 11 8 11
9 11 10 11
10 19 10 18
10 19 10 20
10 19 9 19
10 19 15 19
10 20 10 19
10 20 10 21
10 20 7 20
10 20 11 20
10 21 10 20
10 21 8 21
10 21 11 21
11 14 11 10
11 14 10 14
11 14 11 10
11 14 10 14
13 23 13 22
13 23 2 23
13 23 16 23
15 0 15 17
15 0 6 0
15 0 22 0
20 6 20 17
21 11 21 18
22 0 22 16
22 0 15 0
22 0 23 0
22 16 22 0
22 16 22 18
22 16 23 16
23 16 23 12
23 16 23 17
23 16 22 16
1 3 1 5
1 3 2 3
2 2 2 3
3 1 3 3
3 1 4 1
5 5 5 4
5 5 5 6
5 5 4 5
7 6 7 1
9 11 9 1
9 11 9 12
9 11 8 11
9 13 8 13
9 13 10 13
9 13 8 13
9 13 10 13
10 11 10 5
10 11 10 12
10 11 10 5
10 11 10 12
10 14 7 14
10 20 10 19
10 20 10 21
11 20 11 21
11 20 12 20
11 20 11 21
11 20 12 20
20 6 20 17
22 0 23 0
23 0 23 4
23 4 23 5
23 12 23 16
7 6 7 1
7 20 7 19
7 20 7 21
7 20 6 20
10 21 8 21
22 16 22 18

2596

2             3 4 2 1 2 2 - - - - - - - 5 - 2 1 
  4 = 6 = 5           5                 7 3     
  ǁ 1 5 1   2 5 2   2   1 2   4 1   3 4 7 4   3 
  6 = 6 4 5 - 7 6 3 5   4 - - 7 - - 6 4 4 5   | 
  4 3 1 3 4 1 2 5 4 4   3 3 2 | 4 4 5 4 2 2   | 
  1 3 1 3 5 1 1 2 3 3   2 1   | 2   2 1   1   | 
4                     6       5   4     4 2   | 
| 3 = = = = 2         | 2 3 3 7 3 4   4 6 2   | 
| 3 - - - - - - - - - 7 - 5 | | 1   2 2 | 2   | 
| 3 = = = = = = = = = 8 2 4 | | 2   3 3 | ǁ   | 
|   1 2   4 = = = = = 5 2 2 3 |     2 7 8 6   | 
| 1 2     4         2 = = = 4 |       | 5 3   | 
| 1   3                       4 4     | 3 1   | 
| 4   6   3 3 4                 3     | 3   6 5 
| 2   2 1 1 2 3   1     1       2     |   1   | 
5 - - - - - - - - - - - - - - - - 5   3       | 
ǁ                                   2 1       3 
ǁ                                   4 4       2 
ǁ                                     3 4   3 2 
ǁ                                   3   4 2 1 3 
ǁ           2 = = = = = = = = = = 5         5 4 
ǁ                     1 - - - - - - 2 1   2 1   
6 = = = = = = = = = = = = = = = 6 = 5     3 2 4 
3 - - - 2 1             2 = = = 5 1 2 2 1 2 2 2 
