24 24
3 0 0 0 0 0 0 0 0 0 0 0 0 0 0 3 0 0 3 0 0 0 4 1 
0 1 3 2 4 3 2 5 0 3 0 0 1 0 0 0 2 1 0 1 0 0 0 1 
0 2 6 2 0 1 1 2 0 0 0 0 0 0 0 0 0 0 0 3 1 0 2 0 
0 1 0 2 5 0 0 0 0 5 0 0 4 1 0 0 4 2 0 0 2 0 0 4 
0 0 0 2 0 0 0 2 0 3 2 0 0 4 0 4 0 1 0 0 0 0 0 0 
5 5 0 1 0 0 0 1 0 0 0 0 0 0 0 2 0 0 0 0 0 0 0 0 
0 0 0 4 6 0 0 0 0 0 0 0 0 0 0 0 5 3 0 0 1 0 0 3 
1 2 0 3 0 2 3 0 0 3 3 3 0 0 0 0 0 2 0 3 3 0 2 0 
3 2 0 1 0 1 2 0 0 0 0 2 0 0 0 0 0 0 0 1 0 1 0 0 
0 1 0 1 3 0 2 0 0 0 1 0 0 0 0 0 0 0 0 0 2 2 2 0 
0 0 0 1 4 0 3 1 0 0 0 0 0 0 0 0 0 0 0 0 0 0 0 0 
5 0 4 0 4 2 1 3 0 5 0 0 0 0 0 0 5 3 0 0 0 0 0 0 
5 4 0 2 3 1 0 3 0 4 2 3 0 1 1 2 0 1 0 0 0 0 0 0 
1 3 0 3 3 0 0 0 0 4 0 5 0 0 2 2 0 0 0 0 0 0 0 0 
3 2 0 2 2 0 0 0 0 3 1 3 0 2 1 0 0 0 0 0 0 0 0 0 
4 0 6 0 0 0 0 0 0 0 0 0 0 0 0 0 6 0 4 0 0 0 3 0 
0 0 0 0 0 0 1 2 0 0 0 0 4 1 0 0 0 2 2 0 0 1 2 0 
0 0 0 2 0 0 4 0 0 0 4 0 6 0 0 0 5 6 0 0 0 0 3 0 
0 1 0 0 0 0 0 0 0 0 1 0 0 1 3 3 0 0 2 4 1 0 0 0 
1 0 0 0 0 0 1 2 0 0 0 0 5 2 0 3 0 0 1 0 0 0 0 0 
3 3 0 1 0 1 0 3 0 0 0 0 2 1 0 0 0 0 1 0 0 0 0 0 
4 2 0 0 0 0 0 2 0 1 0 0 0 0 0 0 0 5 3 0 0 0 0 0 
0 2 7 0 0 0 0 0 0 0 0 0 4 0 3 2 3 2 2 6 0 0 4 3 
3 0 5 0 0 0 0 3 0 0 2 0 1 0 2 1 2 0 1 3 1 1 2 1 
200 37
1 7 1 6
1 7 1 9
1 7 2 7
5 0 5 1
5 0 0 0
5 0 7 0
11 0 11 2
11 0 8 0
11 0 12 0
12 0 12 1
12 0 11 0
12 0 13 0
22 2 22 1
22 2 22 12
22 2 15 2
22 2 23 2
5 0 5 1
5 0 0 0
12 0 12 1
12 1 12 3
12 1 13 1
15 2 15 0
15 2 15 16
15 2 22 2
15 2 15 0
15 2 15 16
15 16 15 18
15 16 11 16
15 16 17 16
15 16 15 18
18 1 20 1
0 0 0 15
12 17 11 17
15 0 14 0
15 0 19 0
14 0 14 1
14 0 14 1

1738

3 - - - - - - - - - - - - - - 3     3       4 1 
ǁ 1 3 2 4 3 2 5 - 3     1       2 1   1       1 
ǁ 2 6 2   1 1 2                       3 1   2   
ǁ 1   2 5         5     4 1     4 2     2     4 
ǁ     2       2   3 2     4   4   1             
5 5   1       1               2                 
|     4 6                       5 3     1     3 
1 2   3   2 3     3 3 3           2   3 3   2   
3 2   1   1 2         2               1   1     
| 1   1 3   2       1                   2 2 2   
|     1 4   3 1                                 
5 - 4   4 2 1 3   5             5 3             
5 4 - 2 3 1   3   4 2 3   1 1 2 | 1             
1 3   3 3         4   5     2 2 |               
3 2   2 2         3 1 3   2 1   |               
4 = 6 = = = = = = = = = = = = = 6 = 4       3   
|   ǁ       1 2         4 1     | 2 2     1 2   
|   ǁ 2     4       4   6       5 6         3   
| 1 ǁ               1     1 3 3     2 4 1       
1 | ǁ       1 2         5 2   3     1           
3 3 ǁ 1   1   3         2 1         1           
4 2 ǁ         2   1               5 3           
  2 7 - - - - - - - - - 4   3 2 3 2 2 6     4 3 
3   5         3     2   1   2 1 2   1 3 1 1 2 1 
