24 24
0 1 3 0 0 0 3 0 0 0 0 0 2 0 0 0 0 4 3 3 0 3 1 2 
0 0 3 0 0 0 6 0 0 0 0 0 0 0 0 3 1 0 4 4 1 0 0 0 
0 0 0 0 0 1 0 0 0 1 0 0 3 0 0 0 0 5 4 0 1 0 2 0 
0 0 0 0 2 0 0 2 0 5 0 0 5 3 2 0 0 0 3 6 4 0 0 0 
0 0 0 0 0 0 3 0 0 0 0 0 0 0 0 0 0 4 2 0 0 6 4 0 
0 0 2 2 5 5 0 3 0 0 0 0 0 0 0 0 0 0 1 0 0 0 4 5 
0 0 0 0 0 2 0 0 0 0 0 0 0 0 0 0 0 0 0 0 0 0 0 2 
2 6 0 0 5 0 0 5 0 0 0 0 0 0 0 0 0 6 0 5 0 0 0 1 
4 7 0 0 4 5 2 0 3 3 3 4 0 0 0 0 0 6 2 0 0 0 0 0 
0 0 0 0 0 4 2 0 1 0 3 0 1 1 1 0 2 0 0 0 2 0 0 0 
0 0 4 0 6 0 0 7 0 3 4 0 0 0 0 0 0 0 0 0 1 0 0 0 
0 0 3 1 0 1 2 0 0 3 5 6 2 3 0 0 3 3 2 0 0 0 0 0 
3 0 4 2 0 0 3 0 0 0 0 0 0 2 1 0 0 4 2 0 0 0 0 0 
0 0 0 0 0 0 0 0 2 4 0 7 0 0 0 0 5 6 2 0 0 0 0 0 
0 0 4 0 4 6 3 0 0 0 1 0 4 0 0 0 0 0 0 5 0 5 7 5 
0 0 0 1 0 0 1 0 0 0 2 3 0 2 5 0 2 0 0 0 0 0 0 3 
0 0 0 2 0 4 2 0 2 0 2 3 0 0 0 0 0 0 0 0 0 0 0 0 
0 0 0 0 5 6 1 0 0 0 0 0 0 0 0 0 0 0 0 0 1 1 0 0 
3 0 3 0 2 0 0 0 4 4 5 4 0 0 0 0 0 0 0 0 0 0 0 0 
3 0 2 0 2 5 0 6 3 0 0 0 0 4 5 0 0 0 0 5 4 2 0 0 
0 0 2 0 0 2 0 7 1 0 0 0 0 4 0 1 0 3 1 0 4 3 0 3 
0 0 3 4 0 0 0 4 0 0 4 3 0 0 0 0 0 0 0 0 0 0 0 0 
5 7 3 6 0 0 0 0 0 0 0 0 4 3 5 0 0 5 3 4 3 0 6 4 
2 4 2 4 0 2 0 2 0 0 0 0 4 3 4 2 0 4 2 2 3 2 4 3 
200 110
5 23 5 22
5 23 0 23
5 23 6 23
8 1 8 0
8 1 8 4
8 1 7 1
8 1 22 1
10 2 10 4
10 2 11 2
10 2 10 4
10 2 11 2
10 4 10 7
10 4 8 4
10 4 14 4
10 4 10 7
10 7 10 9
10 7 7 7
10 7 19 7
13 11 13 9
13 11 13 16
13 11 11 11
13 11 15 11
14 10 15 10
14 12 14 19
14 12 22 12
14 12 14 19
14 12 22 12
14 22 14 21
14 22 14 23
14 22 5 22
14 22 22 22
14 23 14 22
14 23 7 23
14 23 15 23
15 14 15 13
15 14 15 16
15 14 19 14
15 16 15 14
17 4 17 5
17 4 14 4
17 4 18 4
20 7 20 5
20 7 20 8
20 7 19 7
20 7 21 7
22 0 22 1
22 0 19 0
22 0 23 0
6 23 5 23
7 19 7 17
7 19 3 19
7 19 14 19
9 5 9 6
9 5 8 5
9 5 9 6
9 5 8 5
11 10 11 9
11 10 11 11
11 10 10 10
13 17 13 16
13 17 13 18
13 17 12 17
13 17 13 16
13 17 13 18
13 17 12 17
14 23 14 22
15 23 20 23
20 7 20 5
20 7 19 7
20 7 21 7
4 21 4 22
4 21 0 21
4 21 14 21
4 21 4 22
4 21 0 21
4 21 14 21
4 22 2 22
4 22 5 22
5 22 5 23
15 23 20 23
19 5 19 4
19 5 19 7
19 5 17 5
19 7 19 5
19 7 19 8
19 8 18 8
20 23 22 23
22 23 22 22
22 23 23 23
22 23 22 22
23 23 23 22
23 23 23 22
0 23 0 22
10 7 10 9
10 7 7 7
19 8 18 8
22 22 22 20
22 22 14 22
22 22 23 22
23 22 23 21
0 21 0 19
18 8 18 9
18 8 16 8
18 9 18 10
18 9 13 9
18 9 18 10
23 21 23 20
16 8 13 8
13 8 13 9
13 9 13 11

2801

  1 3       3           2         4 3 3 - 3 1 2 
    3       6                 3 1   4 4 1 ǁ   | 
          1       1     3         5 4   1 ǁ 2 | 
        2     2   5     5 3 2       3 6 4 ǁ | | 
            3                     4 2 |   6 4 | 
    2 2 5 5   3                     1 |   ǁ 4 5 
          2                           |   ǁ | 2 
2 6     5     5                   6 - 5   ǁ | 1 
4 7 - - 4 5 2 ǁ 3 3 3 4           6 2 |   ǁ | | 
  |     | 4 2 ǁ 1   3   1 1 1   2     | 2 ǁ | | 
  | 4 = 6 = = 7 = 3 4                 | 1 ǁ | | 
  | 3 1 | 1 2 |   3 5 6 2 3     3 3 2 |   ǁ | | 
3 | 4 2 |   3 |       |   2 1     4 2 |   ǁ | | 
  |     |     | 2 4 = 7 - - - - 5 6 2 |   ǁ | | 
  | 4   4 6 3 | | | 1 | 4 = = = = = = 5   5 7 5 
  |   1 |   1 | | | 2 3 ǁ 2 5 = 2           ǁ 3 
  |   2 | 4 2 | 2 | 2 3 ǁ   |               ǁ ǁ 
  |     5 6 1 | | |     ǁ   |           1 1 ǁ ǁ 
3 | 3   2 |   | 4 4 5 4 ǁ   |               ǁ ǁ 
3 | 2   2 5 = 6 3       ǁ 4 5         5 4 2 ǁ ǁ 
| | 2     2 = 7 1       ǁ 4   1   3 1   4 3 ǁ 3 
| | 3 4       4     4 3 ǁ                   ǁ | 
5 7 3 6                 4 3 5     5 3 4 3 - 6 4 
2 4 2 4   2   2         4 3 4 2   4 2 2 3 2 4 3 
