24 24
2 0 0 0 3 4 0 4 2 1 0 3 3 3 0 4 0 0 0 0 0 3 2 1 
2 0 0 0 0 3 1 0 2 2 1 0 2 2 1 2 0 0 2 1 0 0 1 1 
4 0 0 0 6 0 0 7 0 0 0 6 0 0 0 0 0 0 2 0 0 0 0 0 
0 1 3 0 6 2 1 0 0 0 0 0 2 0 0 0 0 0 0 0 0 6 6 3 
0 0 3 2 0 2 1 0 0 0 0 0 0 1 0 2 0 0 4 1 0 0 0 0 
0 1 3 0 6 2 1 0 0 0 0 0 5 0 0 0 0 0 4 1 0 0 0 0 
0 0 0 0 1 1 0 0 0 0 0 0 2 0 0 0 0 0 2 0 0 0 0 0 
0 0 2 0 3 0 0 0 2 0 0 4 0 0 0 0 0 0 5 3 1 0 0 0 
4 0 0 0 5 3 0 0 0 2 1 0 0 0 0 0 0 0 1 0 1 0 0 1 
0 0 0 0 1 1 0 0 3 2 2 4 0 3 0 0 0 0 0 2 2 0 0 2 
3 0 0 0 0 5 4 0 0 0 1 0 0 0 0 0 0 0 0 0 0 0 2 0 
1 0 1 0 0 1 0 0 0 0 0 0 1 2 0 0 0 0 0 0 0 0 1 0 
2 0 4 2 0 0 0 0 0 0 0 0 0 0 0 0 0 0 0 0 0 0 3 0 
0 0 0 1 0 0 1 0 3 2 0 5 0 0 3 0 0 0 0 0 0 0 0 0 
0 0 0 0 0 0 0 0 2 0 0 2 1 0 2 0 0 0 0 0 0 0 0 0 
3 0 5 0 0 0 0 6 0 0 0 0 0 0 0 0 0 0 0 0 0 5 5 4 
3 2 0 1 0 2 0 0 1 4 0 0 0 0 0 0 4 3 1 1 0 0 0 0 
3 0 4 0 0 3 2 0 0 0 2 0 0 3 1 3 5 0 0 5 1 0 1 0 
4 1 0 0 0 2 1 0 1 3 1 0 0 0 0 2 0 3 3 2 0 0 0 0 
2 1 0 1 0 5 0 6 1 0 0 0 0 0 0 0 0 0 1 0 0 0 0 2 
1 0 4 0 2 3 0 6 0 0 0 0 0 4 0 0 5 3 0 2 0 0 1 1 
0 0 0 1 0 2 1 0 0 0 0 0 0 2 0 0 0 0 0 0 0 0 0 0 
3 0 3 2 4 1 2 6 1 1 0 0 0 2 2 0 4 0 3 1 1 4 3 1 
2 1 0 0 2 2 1 1 0 0 0 0 0 0 0 0 0 0 2 0 0 3 2 0 
200 24
2 7 2 4
2 7 2 11
2 7 0 7
2 7 15 7
5 12 5 18
5 12 3 12
5 12 6 12
22 7 22 6
22 7 22 8
22 7 20 7
22 7 23 7
1 6 1 5
22 7 22 6
22 7 20 7
23 6 23 5
20 7 20 5
20 7 20 13
20 7 19 7
20 7 20 5
21 6 21 5
22 9 22 13
19 7 19 5
19 7 19 8
19 7 15 7

2282

2       3 4   4 2 1   3 3 3   4           3 2 1 
2         3 1 | 2 2 1   2 2 1 2     2 1     1 1 
4       6 - - 7 - - - 6             2           
  1 3   6 2 1 |         2                 6 6 3 
    3 2   2 1 |         | 1   2     4 1         
  1 3   6 2 1 |         5 - - - - - 4 1         
        1 1   |         2           2           
    2   3     | 2     4             5 3 1       
4       5 3   |   2 1               1   1     1 
        1 1   | 3 2 2 4   3           2 2     2 
3         5 4 |     1                       2   
1   1     1   |         1 2                 1   
2   4 2       |                             3   
      1     1 | 3 2   5     3                   
              | 2     2 1   2                   
3   5         6                           5 5 4 
3 2   1   2   | 1 4             4 3 1 1         
3   4     3 2 |     2     3 1 3 5     5 1   1   
4 1       2 1 | 1 3 1         2   3 3 2         
2 1   1   5 - 6 1                   1         2 
1   4   2 3 = 6 - - - - - 4     5 3   2     1 1 
      1   2 1 ǁ           2                     
3   3 2 4 1 2 6 1 1 - - - 2 2   4   3 1 1 4 3 1 
2 1     2 2 1 1                     2     3 2   
