24 24
2 5 3 1 2 0 0 0 0 3 2 1 0 0 0 0 0 2 0 0 0 0 2 1 
1 5 0 0 0 0 0 0 0 4 4 0 0 0 0 0 0 0 0 0 0 0 5 3 
2 4 0 0 0 1 1 2 1 0 3 0 0 0 0 0 1 1 0 2 2 2 0 0 
0 0 2 5 0 0 0 6 5 0 1 1 1 0 0 0 3 0 0 4 5 4 0 1 
0 0 1 0 0 0 0 0 0 0 3 5 0 2 0 0 0 1 1 0 2 3 0 1 
0 4 2 0 0 0 0 0 0 0 0 0 0 0 0 0 0 0 0 3 0 0 0 0 
0 0 1 0 0 0 0 3 0 0 0 0 0 0 0 0 0 0 0 2 0 2 0 2 
0 0 0 0 0 0 0 2 0 0 1 0 0 0 0 0 0 2 4 0 5 2 0 0 
0 2 0 0 1 0 0 2 0 0 1 0 0 1 0 0 0 3 5 1 0 2 0 0 
0 1 0 0 0 0 0 0 0 0 0 0 0 0 0 0 0 1 2 1 0 0 0 0 
4 0 3 0 0 0 0 0 3 0 3 4 0 0 0 0 4 0 0 0 4 3 0 0 
4 3 4 0 0 0 0 0 1 0 1 0 2 0 3 1 0 1 2 0 0 1 0 0 
2 1 0 0 0 0 0 0 0 0 1 5 0 0 5 2 0 0 4 0 5 2 0 0 
1 0 2 0 0 0 0 0 0 0 0 1 2 2 0 0 0 5 2 0 1 0 0 0 
0 0 0 0 0 0 0 0 0 0 0 0 1 0 0 0 0 0 0 0 0 0 0 0 
3 3 0 6 0 0 0 5 0 6 0 0 0 2 3 1 0 0 0 0 0 0 0 0 
1 2 1 2 1 0 0 4 2 0 0 0 0 0 2 1 0 0 0 0 0 0 0 0 
1 5 0 0 0 0 0 0 0 6 0 0 0 0 0 0 5 6 0 0 0 0 5 3 
2 0 2 0 4 2 0 0 0 0 2 0 3 0 0 0 3 2 0 0 2 2 2 0 
5 5 0 0 0 0 0 0 0 0 1 0 2 0 1 1 3 3 3 1 1 1 0 0 
0 1 2 4 6 0 0 0 0 4 0 0 0 0 0 0 0 0 0 0 0 0 4 2 
1 1 1 2 0 1 0 0 0 4 0 0 1 2 3 2 0 4 0 0 0 0 4 0 
1 0 1 0 4 0 0 1 1 3 0 0 0 0 2 1 0 4 2 2 1 0 2 2 
2 4 0 0 0 0 0 0 0 0 0 0 0 0 0 0 0 4 0 1 0 0 1 1 
200 25
0 1 0 0
0 1 0 2
0 1 1 1
19 0 19 1
19 0 18 0
19 0 21 0
22 4 22 2
22 4 22 7
22 4 20 4
22 4 20 4
19 0 19 1
19 0 18 0
20 4 20 3
20 4 20 9
20 4 18 4
20 4 20 3
21 5 21 9
22 0 23 0
22 8 22 9
23 0 23 1
23 1 23 17
23 1 21 1
23 1 23 17
23 17 23 19
23 17 22 17

1685

2 5 3 1 2         3 2 1           2         2 1 
1 5               4 4                       5 3 
2 4       1 1 2 1   3           1 1   2 2 2     
    2 5       6 5   1 1 1       3     4 5 4   1 
    1               3 5   2       1 1   2 3   1 
  4 2                                 3         
    1         3                       2   2   2 
              2     1             2 4   5 2     
  2     1     2     1     1       3 5 1   2     
  1                               1 2 1         
4   3           3   3 4         4       4 3     
4 3 4           1   1   2   3 1   1 2     1     
2 1                 1 5     5 2     4   5 2     
1   2                 1 2 2       5 2   1       
                        1                       
3 3   6       5   6       2 3 1                 
1 2 1 2 1     4 2           2 1                 
1 5               6             5 6         5 3 
2   2   4 2         2   3       3 2     2 2 2   
5 5     |           1   2   1 1 3 3 3 1 1 1     
| 1 2 4 6 - - - - 4                         4 2 
1 1 1 2 ǁ 1 - - - 4     1 2 3 2   4         4   
1 | 1 - 4 - - 1 1 3         2 1   4 2 2 1   2 2 
2 4 = = = = = = = = = = = = = = = 4 - 1     1 1 
