24 24
1 0 4 0 0 3 0 0 0 0 0 0 0 0 4 0 3 3 4 4 0 4 3 1 
3 0 5 2 0 5 3 2 0 0 0 0 0 3 0 3 6 0 6 5 2 0 3 3 
1 2 1 2 1 2 0 3 0 0 3 3 2 0 0 4 5 1 4 4 1 0 1 2 
1 6 0 0 0 0 6 0 0 0 0 0 0 6 6 0 0 0 0 0 0 6 4 1 
0 0 2 0 5 2 0 0 0 0 0 0 0 0 0 2 0 0 0 5 3 0 4 4 
0 0 4 1 0 2 0 0 0 0 0 0 0 0 0 0 0 0 0 0 3 0 0 3 
0 0 2 0 0 0 0 0 0 0 0 0 0 0 0 0 0 0 0 0 0 0 0 3 
0 4 0 0 5 6 0 1 0 0 0 0 0 0 0 0 0 0 0 0 0 0 0 3 
0 0 4 0 4 0 0 0 0 0 0 0 0 0 0 0 0 0 0 0 0 0 0 3 
0 0 2 0 0 0 0 0 0 0 0 0 0 0 0 0 0 0 0 0 0 0 0 4 
0 5 0 0 7 4 0 0 0 0 0 0 0 0 0 0 0 0 0 0 3 0 0 0 
0 0 2 4 5 3 0 0 0 0 0 0 0 0 0 0 0 0 0 0 0 0 0 0 
0 5 0 6 4 1 0 0 0 0 0 0 0 0 0 0 0 0 0 0 0 0 4 4 
0 2 1 2 3 1 0 3 0 0 0 0 0 5 0 0 0 0 0 0 0 0 2 2 
4 0 0 0 0 0 7 0 0 0 5 4 3 3 0 4 4 2 0 0 0 0 1 0 
0 2 0 5 0 0 6 3 4 0 5 3 2 1 0 5 2 0 0 0 0 0 0 0 
3 0 2 2 2 1 1 0 4 1 1 4 4 4 0 2 0 0 0 0 0 0 0 0 
3 0 0 0 0 0 0 4 3 1 0 4 2 2 0 0 0 0 0 0 0 0 2 0 
5 0 0 0 0 0 0 0 0 0 0 0 0 0 6 0 0 0 0 4 0 0 0 0 
0 2 2 2 0 0 0 0 3 1 0 3 1 0 4 0 1 2 3 4 4 0 3 0 
0 4 4 0 0 0 0 0 6 0 0 6 0 0 0 2 2 3 4 2 1 0 0 0 
0 3 3 1 2 2 3 0 0 2 0 0 1 0 0 0 0 0 0 0 0 4 0 0 
6 0 0 0 5 4 5 0 5 4 0 5 0 0 0 0 0 0 0 0 0 5 5 3 
3 0 0 3 2 2 3 0 3 2 0 5 0 0 3 0 2 0 0 0 0 4 2 1 
200 235
10 1 10 4
10 1 7 1
10 1 12 1
14 6 14 0
14 6 14 10
14 6 3 6
14 6 15 6
15 3 15 1
15 3 15 6
15 3 16 3
18 0 18 14
18 0 17 0
18 0 22 0
22 0 22 4
22 0 18 0
22 0 23 0
23 11 23 9
23 11 23 14
23 11 22 11
7 5 7 4
7 5 5 5
7 5 10 5
7 5 7 4
7 5 5 5
7 5 10 5
9 2 8 2
9 23 8 23
9 23 12 23
9 23 8 23
9 23 12 23
10 5 10 4
10 5 11 5
12 23 12 22
12 23 13 23
15 1 15 3
16 4 16 3
16 4 16 5
22 0 22 4
22 0 23 0
23 0 23 3
23 3 23 4
8 23 7 23
9 2 8 2
10 4 10 1
10 4 8 4
10 4 11 4
12 22 4 22
12 22 13 22
12 22 4 22
15 3 15 6
15 6 15 7
15 6 14 6
15 6 16 6
16 2 16 0
23 3 23 4
7 23 6 23
8 2 8 4
8 2 6 2
8 4 7 4
8 4 10 4
10 4 11 4
16 2 16 0
6 2 5 2
7 1 3 1
7 1 10 1
7 1 3 1
7 4 4 4
7 23 6 23
12 1 12 3
12 1 13 1
3 1 3 0
3 1 3 6
3 1 2 1
3 1 3 6
3 6 3 13
3 6 1 6
3 6 14 6
3 13 3 14
3 13 1 13
3 13 13 13
3 13 3 14
3 13 1 13
3 14 3 21
3 14 0 14
3 14 18 14
3 14 3 21
3 21 3 22
3 21 0 21
3 21 21 21
3 21 3 22
4 5 4 4
4 19 4 15
4 19 4 20
4 19 18 19
4 22 4 23
4 22 3 22
4 23 3 23
4 23 5 23
4 23 5 23
5 2 5 3
5 2 4 2
5 2 4 2
5 23 6 23
7 4 4 4
7 7 13 7
11 2 11 3
12 1 12 3
12 1 13 1
12 3 12 4
12 3 11 3
12 3 13 3
12 3 12 4
13 2 13 3
13 7 13 13
14 0 14 6
14 0 16 0
14 10 14 11
14 10 15 10
14 10 14 11
14 10 15 10
14 11 14 12
14 11 15 11
15 15 15 16
15 15 14 15
15 15 16 15
18 14 18 0
18 14 18 19
18 14 19 14
18 14 18 19
18 19 4 19
21 21 21 12
21 21 22 21
21 21 22 21
0 14 0 5
0 14 0 16
0 14 0 5
0 21 0 19
0 21 0 22
0 21 0 19
1 13 1 7
2 12 2 11
2 15 2 16
2 15 1 15
2 15 2 16
2 15 1 15
3 22 2 22
4 4 4 5
11 2 11 3
11 3 11 4
13 7 13 13
13 13 14 13
14 17 14 16
16 15 15 15
17 0 17 7
17 0 17 7
17 7 17 8
17 7 15 7
19 14 19 12
19 14 19 16
0 19 0 18
0 19 1 19
1 15 1 16
1 16 1 18
1 16 0 16
1 16 2 16
1 16 1 18
1 16 0 16
1 18 1 19
1 18 0 18
1 18 2 18
1 18 1 19
2 12 2 11
2 16 2 17
2 18 2 19
2 23 1 23
2 23 1 23
13 13 14 13
14 17 14 16
15 7 15 8
15 8 15 10
15 8 16 8
15 8 15 10
16 8 16 9
16 8 17 8
16 8 17 8
17 9 17 11
17 11 17 12
17 11 16 11
17 11 17 12
17 13 16 13
0 17 0 18
0 17 0 18
2 11 2 10
2 18 2 19
14 16 14 15
14 16 15 16
15 15 14 15
17 13 16 13
2 10 2 7
2 18 2 19
2 19 2 20
14 15 4 15
16 13 16 12
16 13 15 13
1 19 1 20
1 19 1 20
2 7 2 10
2 7 1 7
4 19 4 20
4 20 5 20
5 20 10 20
14 13 14 12
16 12 16 11
16 12 15 12
16 12 16 11
1 6 1 5
1 6 1 5
5 20 10 20
10 20 19 20
14 12 15 12
15 11 15 10
15 11 16 11
19 20 19 19
19 20 20 20
19 20 19 19
19 19 19 18
19 19 20 19
20 19 20 18
20 18 20 17
20 18 19 18
20 18 20 17
19 17 19 18
19 17 20 17
20 16 20 15
20 16 20 15

3684

1   4     3 = = = = = = = = 4 - 3 3 4 4 = 4 3 1 
3   5 2   5 3 2 - - - - - 3 | 3 6 = 6 5 2 | 3 3 
1 2 1 2 1 2 | 3 = = 3 3 2 ǁ | 4 5 1 4 4 1 | 1 2 
1 6 = = = = 6 - - - - - - 6 6 = = = = = = 6 4 1 
  ǁ 2   5 2 ǁ             | | 2 - - - 5 3 | 4 4 
  ǁ 4 1 ǁ 2 ǁ             | | |       ǁ 3 | ǁ 3 
  ǁ 2   ǁ ǁ ǁ             | | |       ǁ ǁ | ǁ 3 
  4 |   5 6 ǁ 1           | | |       ǁ ǁ | ǁ 3 
  ǁ 4 - 4 ǁ ǁ |           | | |       ǁ ǁ | ǁ 3 
  ǁ 2   ǁ ǁ ǁ |           | | |       ǁ ǁ | ǁ 4 
  5 = = 7 4 ǁ |           | | |       ǁ 3 | ǁ ǁ 
  | 2 4 5 3 ǁ |           | | |       ǁ | | ǁ ǁ 
  5 = 6 4 1 ǁ |           | | |       ǁ | | 4 4 
  2 1 2 3 1 ǁ 3 = = = = = 5 | |       ǁ | | 2 2 
4 = = = = = 7 - - - 5 4 3 3 | 4 4 2   ǁ | | 1   
| 2 = 5 = = 6 3 4 = 5 3 2 1 | 5 2     ǁ | |     
3 = 2 2 2 1 1 | 4 1 1 4 4 4 | 2       ǁ | |     
3 = = = = = = 4 3 1 - 4 2 2 |         ǁ | | 2   
5 = = = = = = = = = = = = = 6 = = = = 4 | |     
ǁ 2 2 2         3 1   3 1 - 4 - 1 2 3 4 4 | 3   
ǁ 4 4           6     6       2 2 3 4 2 1 |     
ǁ 3 3 1 2 2 3     2     1 - - - - - - - - 4     
6 = = = 5 4 5   5 4   5                   5 5 3 
3 - - 3 2 2 3   3 2 - 5 - - 3   2         4 2 1 
