24 24
2 0 0 0 1 1 3 0 0 5 0 0 0 0 0 0 0 4 0 1 0 0 0 1 
0 1 0 2 0 0 0 0 0 3 2 2 4 0 0 1 0 0 2 0 0 1 0 0 
3 0 0 0 0 0 0 0 0 0 0 0 5 1 3 0 0 5 0 2 2 0 0 3 
3 2 2 3 2 3 1 1 0 2 1 2 0 0 0 0 0 0 0 0 1 0 0 0 
0 1 0 0 0 0 2 2 3 4 7 6 0 0 0 0 0 0 0 0 2 2 0 0 
6 0 0 5 0 3 0 1 0 1 0 2 0 0 0 0 0 0 0 0 0 0 0 0 
2 3 4 0 1 0 0 2 6 0 6 1 0 0 0 1 2 0 0 3 4 4 1 0 
1 0 3 0 2 0 0 3 0 1 2 0 0 0 0 0 0 0 0 1 0 0 2 0 
0 0 1 0 0 0 0 4 5 0 0 0 5 3 0 0 0 0 0 3 2 0 0 0 
0 3 0 4 4 4 4 0 0 0 0 0 0 0 0 0 0 0 0 0 2 3 5 3 
0 2 2 5 3 0 2 0 0 0 0 0 0 0 0 0 2 0 3 4 3 1 0 1 
0 0 1 0 1 0 0 0 0 0 0 0 0 0 0 0 0 0 0 0 0 0 2 1 
0 1 0 0 0 0 0 0 0 0 0 0 0 0 0 0 0 0 0 0 0 0 1 0 
0 0 0 0 0 0 0 2 0 0 0 0 0 0 0 0 0 0 0 0 1 0 2 0 
0 1 0 4 2 0 0 2 0 0 0 0 0 0 0 0 0 0 2 0 2 4 3 0 
0 0 0 0 1 0 0 0 0 1 0 0 5 4 0 0 0 0 3 0 1 0 3 3 
0 0 0 0 0 0 0 0 0 0 0 0 0 0 0 0 0 0 3 0 0 0 4 2 
0 0 0 3 2 0 0 1 0 1 2 0 2 2 4 3 4 0 0 0 0 0 0 0 
0 0 0 2 1 0 0 0 0 2 0 0 0 0 4 1 1 0 0 0 1 0 0 0 
4 0 0 0 0 4 0 0 4 0 0 0 0 0 0 0 0 6 3 0 0 0 0 1 
0 1 2 0 0 5 0 0 0 0 0 5 0 0 0 0 0 0 0 5 2 0 0 0 
4 0 0 3 2 4 0 0 0 1 1 3 1 0 0 0 0 0 0 4 0 3 3 3 
3 1 1 4 4 6 0 0 0 4 4 5 0 0 0 0 3 2 0 4 0 0 3 1 
3 2 0 1 1 2 1 0 0 2 2 2 0 0 0 1 3 3 1 3 2 0 2 0 
200 87
0 9 0 6
0 9 0 17
0 9 1 9
4 10 4 9
4 10 4 11
4 10 3 10
4 10 6 10
5 0 5 3
5 0 3 0
5 0 6 0
5 0 5 3
5 0 3 0
5 0 6 0
4 10 4 9
4 10 4 11
4 10 6 10
4 11 4 20
4 11 3 11
4 11 5 11
4 11 4 20
5 11 6 11
6 10 6 8
6 10 7 10
8 12 8 8
8 12 8 13
8 12 15 12
19 17 19 8
19 17 19 18
19 17 22 17
19 17 19 8
19 17 19 18
19 17 22 17
20 19 20 20
20 19 10 19
20 19 21 19
21 12 21 11
23 17 23 16
23 17 23 18
23 17 23 16
1 18 1 15
1 18 1 21
2 12 2 0
2 12 2 13
2 12 1 12
2 14 2 17
2 17 2 14
2 17 2 19
2 17 2 19
3 11 3 20
4 21 6 21
4 21 6 21
6 10 6 8
6 10 7 10
7 9 7 7
19 8 19 5
19 8 8 8
19 18 16 18
0 17 0 9
0 17 0 19
0 23 2 23
1 1 1 3
1 3 1 9
1 12 1 11
1 12 2 12
1 12 1 11
2 12 2 0
2 20 2 23
2 20 2 23
6 8 6 7
6 8 4 8
6 8 6 7
6 8 4 8
9 23 9 22
9 23 10 23
9 23 9 22
16 18 15 18
0 0 0 4
0 0 2 0
0 5 0 6
0 6 0 9
1 9 1 10
3 0 3 1
5 9 4 9
16 18 15 18
3 9 3 7
3 9 4 9
4 8 4 7

2750

2 - - - 1 1 3 = = 5 = = = = = = = 4 - 1       1 
| 1 - 2 - - - - - 3 2 2 4     1 - - 2 - - 1   | 
3 = = = = = = = = = = = 5 1 3 = = 5 = 2 2 = = 3 
3 2 2 3 2 3 1 1 - 2 1 2 - - - - - - - - 1       
ǁ 1         2 2 3 4 7 6 = = = = = = = = 2 2     
6 = = 5   3   1 ǁ 1 ǁ 2                   ǁ     
2 3 4   1     2 6 = 6 1       1 2     3 4 4 1   
1   3   2     3 - 1 2                 1     2   
    1         4 5 - - - 5 3           3 2       
  3   4 4 4 4   |       |               2 3 5 3 
  2 2 5 3   2   |       |       2   3 4 3 1   1 
    1   1       |       |             |     2 1 
  1             |       |             |     1   
              2 |       |             | 1   2   
  1   4 2     2 |       |           2 | 2 4 3   
        1       | 1     5 4         3 | 1   3 3 
                |                   3 |     4 2 
      3 2     1 | 1 2   2 2 4 3 4   | |         
      2 1       | 2         4 1 1   | | 1       
4         4 - - 4 = = = = = = = = 6 3 |       1 
  1 2     5           5           ǁ   5 2       
4     3 2 4       1 1 3 1         ǁ   4   3 3 3 
3 1 1 4 4 6       4 4 5         3 2   4     3 1 
3 2   1 1 2 1     2 2 2       1 3 3 1 3 2   2   
