24 24
3 0 4 1 2 0 5 4 3 3 0 0 0 0 0 0 0 0 2 0 0 0 1 0 
4 0 5 0 0 0 5 0 5 4 0 0 0 0 0 3 0 0 0 0 0 5 6 1 
5 2 0 1 2 2 0 1 0 0 0 2 0 0 0 5 1 0 0 0 0 0 4 3 
2 1 0 0 0 0 0 0 0 0 2 5 0 0 0 6 0 0 0 4 4 2 0 0 
2 0 8 5 3 0 0 0 0 0 0 0 0 0 0 0 0 2 0 2 3 0 1 0 
2 0 7 4 0 0 0 0 0 0 0 0 0 0 0 0 0 0 0 0 0 0 0 0 
1 0 0 0 0 2 4 2 0 4 2 0 0 0 0 0 0 0 0 0 3 0 0 0 
3 0 6 0 5 0 3 3 0 0 0 0 0 0 0 0 0 0 0 0 0 1 0 0 
5 3 6 3 0 0 1 2 0 3 2 0 0 0 0 1 0 0 0 1 0 0 0 0 
0 1 2 2 0 0 0 0 0 0 0 0 0 0 0 0 0 0 0 0 0 0 0 0 
4 0 0 0 6 0 0 0 7 0 0 6 0 0 0 0 0 5 0 0 5 0 5 3 
1 0 0 0 0 2 6 2 0 1 0 0 1 4 2 1 0 0 0 0 2 0 6 2 
0 0 0 0 0 1 0 2 0 5 0 5 0 4 0 4 0 4 0 1 0 0 3 2 
3 0 0 0 5 3 0 0 0 3 0 2 2 3 0 2 0 3 0 0 0 0 4 0 
3 3 1 0 5 0 7 3 0 0 2 0 0 0 5 0 0 0 0 0 0 0 3 4 
4 5 3 0 4 2 2 0 0 0 0 0 0 0 0 0 0 0 0 0 0 2 2 5 
6 0 0 0 4 0 0 0 4 0 0 0 0 0 5 0 0 0 4 0 0 0 0 0 
0 1 0 0 0 1 2 2 0 0 0 0 0 0 4 3 4 2 5 0 0 8 3 0 
4 0 0 0 0 0 0 1 0 0 0 3 0 0 7 2 0 0 2 0 0 0 3 0 
4 7 0 0 7 7 5 1 1 0 0 2 0 0 5 0 3 0 1 0 0 0 0 0 
0 0 2 4 5 3 2 0 0 0 0 0 0 0 0 0 0 0 0 0 0 4 6 2 
2 6 0 4 5 2 3 0 0 0 3 0 0 0 0 2 0 0 0 0 2 0 0 0 
1 4 0 0 0 0 5 0 0 0 0 0 0 0 0 4 0 0 0 0 6 5 6 2 
0 3 4 0 2 1 4 0 0 0 0 0 1 0 0 0 0 0 0 0 0 1 0 0 
200 178
0 6 0 4
0 6 0 7
0 6 1 6
1 21 1 15
1 21 1 22
1 21 3 21
1 22 1 21
1 22 1 23
1 22 0 22
1 22 2 22
2 0 2 1
2 0 1 0
2 0 3 0
4 2 4 0
4 2 4 3
4 2 1 2
4 2 5 2
4 2 4 0
4 2 4 3
4 2 1 2
4 2 5 2
5 2 5 0
5 2 5 3
5 2 7 2
8 0 8 1
8 0 7 0
8 0 10 0
10 8 10 4
10 8 10 11
10 8 1 8
10 8 16 8
11 6 11 5
11 6 11 7
11 6 14 6
11 6 11 5
11 6 11 7
11 6 14 6
12 5 13 5
12 7 14 7
12 9 12 11
12 9 11 9
12 9 13 9
14 6 14 4
14 6 14 7
14 6 15 6
15 23 15 22
15 23 14 23
15 23 20 23
16 0 16 4
16 0 15 0
16 0 18 0
16 0 16 4
16 0 15 0
16 0 18 0
16 18 16 14
16 18 17 18
16 18 16 14
16 18 17 18
17 21 17 18
17 21 17 22
17 21 15 21
17 21 20 21
17 21 17 18
17 21 17 22
17 21 15 21
17 21 20 21
18 0 18 7
18 0 19 0
18 14 18 11
18 14 18 15
18 14 17 14
18 14 19 14
19 0 19 1
19 0 21 0
19 0 19 1
19 1 19 4
19 1 21 1
19 4 19 1
19 4 19 5
19 4 20 4
19 4 19 5
19 4 20 4
19 5 19 4
19 5 19 6
19 5 20 5
22 20 22 15
22 20 22 21
22 20 21 20
22 20 22 15
22 20 22 21
22 20 21 20
22 22 22 21
22 22 22 23
22 22 20 22
22 22 22 21
22 22 22 23
22 22 20 22
23 6 23 5
23 6 23 12
23 6 22 6
23 6 22 6
23 21 22 21
0 18 0 9
1 22 1 21
2 16 2 15
2 22 2 23
2 22 4 22
2 22 2 23
2 23 10 23
7 21 3 21
10 22 10 20
10 22 10 23
10 22 11 22
12 7 14 7
13 5 13 4
14 6 14 4
14 6 15 6
15 0 15 1
15 0 14 0
15 1 15 2
15 1 14 1
15 1 15 2
15 1 14 1
16 4 16 8
16 4 15 4
17 1 17 5
17 6 17 7
19 1 21 1
20 21 20 6
20 21 20 22
21 1 21 0
21 1 21 3
21 1 22 1
21 1 21 3
21 3 21 4
21 3 20 3
22 0 22 1
22 1 22 6
22 1 23 1
22 15 22 6
22 15 21 15
23 1 23 2
23 1 23 2
23 2 23 4
23 4 23 2
0 18 0 9
3 20 3 19
3 20 4 20
3 20 3 19
3 20 4 20
13 5 13 4
14 10 14 14
15 5 15 4
17 6 17 7
20 2 20 3
20 3 20 2
20 3 20 4
21 4 21 5
21 4 20 4
21 4 21 5
21 4 20 4
21 15 21 10
22 6 21 6
3 19 3 15
3 19 4 19
14 10 14 14
15 5 15 4
21 10 21 6
3 15 3 11
3 15 2 15
3 15 8 15
15 4 15 2
21 10 21 6
3 15 3 11
3 15 2 15
14 4 14 2
14 4 13 4
14 4 13 4

2576

3   4 1 2 - 5 4 3 3 = = = = = = = = 2       1   
4   5       5   5 4           3 - - - - - 5 6 1 
5 2 ǁ 1 2 2   1 |     2       5 1         | 4 3 
2 1 ǁ           |   2 5 = = = 6 - - - 4 4 2 | | 
2 = 8 5 3       |             |   2   2 3 | 1 | 
2 - 7 4         |             |           |   | 
1   |     2 4 2 | 4 2         |         3 |   | 
3   6   5   3 3 |             |           1   | 
5 3 6 3     1 2 | 3 2         1       1       | 
| 1 2 2         |                             | 
4       6 - - - 7 - - 6           5     5 - 5 3 
1         2 6 2 | 1     1 4 2 1         2   6 2 
          1 ǁ 2 | 5 - 5   4   4   4   1     3 2 
3       5 3 ǁ ǁ | 3   2 2 3   2   3         4   
3 3 1 - 5 = 7 3 |   2 = = = 5               3 4 
4 5 3 - 4 2 2   |                         2 2 5 
6 = = = 4 - - - 4           5 = = = 4     ǁ   | 
ǁ 1 - - - 1 2 2             4 3 4 2 5 = = 8 3 | 
4 - - - - - - 1       3 - - 7 2     2     ǁ 3 | 
4 7 = = 7 7 5 1 1     2     5   3   1     ǁ   | 
| ǁ 2 4 5 3 2 - - - - - - - - - - - - - - 4 6 2 
2 6 = 4 5 2 3 = = = 3 - - - - 2         2   ǁ   
1 4 - - - - 5 - - - - - - - - 4 = = = = 6 5 6 2 
  3 4 = 2 1 4 - - - - - 1                 1     
