24 24
2 3 0 4 0 4 4 0 5 0 0 0 0 0 0 0 0 0 0 0 4 2 2 1 
0 3 2 0 0 0 0 1 0 2 0 0 0 0 0 0 0 0 0 0 0 2 4 2 
4 0 2 0 1 0 0 0 0 0 1 0 0 0 0 0 0 0 0 0 0 0 0 0 
4 1 0 0 0 0 3 2 0 0 0 0 0 0 0 0 0 0 0 0 0 0 0 0 
0 0 0 2 0 0 4 0 6 7 5 0 0 0 0 2 0 0 0 0 0 1 0 0 
3 0 0 4 3 0 3 1 3 4 3 0 0 0 0 2 0 0 0 0 0 2 0 0 
0 0 0 4 0 7 0 0 0 0 0 0 0 0 0 0 0 0 0 0 6 4 0 0 
0 0 0 0 0 3 1 0 0 0 0 4 0 0 0 0 0 2 0 0 0 2 0 0 
4 0 5 5 0 0 0 0 0 0 0 5 0 0 0 0 0 0 0 0 4 4 0 0 
0 0 0 0 0 0 0 0 2 2 1 0 2 3 2 0 3 1 3 2 0 0 0 0 
3 0 0 0 0 0 0 0 0 0 0 0 0 2 0 0 0 0 0 3 0 0 0 0 
0 0 0 4 0 0 0 0 7 5 4 4 4 0 0 0 3 0 0 0 0 3 0 0 
2 1 0 3 1 3 0 0 6 3 2 4 0 0 0 0 0 0 6 3 0 2 0 2 
0 0 0 2 1 2 1 0 2 3 0 3 0 0 1 0 0 0 2 0 0 0 0 0 
4 0 7 0 0 0 0 0 0 0 0 0 0 0 0 0 0 0 0 0 6 0 6 4 
0 4 5 3 5 3 0 0 4 4 3 4 0 5 3 0 0 2 0 0 0 0 0 0 
0 3 0 0 6 0 2 1 0 3 6 4 0 0 0 0 0 0 0 0 0 1 0 3 
0 0 0 0 4 4 5 3 0 4 6 1 0 0 0 0 0 0 0 0 0 0 0 2 
0 3 0 4 5 0 4 1 0 3 6 0 0 6 0 0 0 0 0 0 6 3 0 1 
0 0 0 0 0 3 5 3 0 5 6 2 3 5 0 0 0 4 4 3 0 3 4 4 
5 4 0 1 0 0 3 3 0 2 4 3 1 3 4 4 0 4 3 3 0 0 1 0 
2 1 0 0 0 2 0 0 4 0 0 0 0 0 0 0 0 0 0 0 8 5 6 4 
3 0 2 1 5 0 0 0 0 0 0 0 0 0 0 0 0 0 0 0 3 3 6 2 
4 2 2 0 5 2 0 1 0 0 0 0 0 0 0 0 0 0 0 0 0 5 5 1 
200 63
0 8 0 6
0 8 0 20
0 8 4 8
2 10 4 10
4 9 4 8
4 9 4 10
4 9 1 9
4 9 5 9
6 5 6 3
6 5 6 20
6 5 0 5
6 5 7 5
11 8 11 3
11 8 11 9
11 8 9 8
11 8 12 8
14 2 14 0
14 2 14 20
14 2 8 2
14 2 15 2
15 1 15 2
15 1 16 1
15 1 15 2
15 1 16 1
15 4 15 3
15 4 15 5
15 4 16 4
15 13 15 11
15 13 15 14
15 13 18 13
20 0 20 1
20 0 14 0
20 0 21 0
20 15 20 14
20 15 20 17
20 15 20 14
20 15 20 17
21 20 21 8
21 20 21 21
21 20 18 20
21 20 22 20
23 0 23 1
23 0 22 0
23 4 23 2
23 4 23 5
23 4 22 4
23 21 23 7
23 21 23 22
23 21 22 21
23 22 23 21
23 22 23 23
23 22 22 22
1 7 3 7
21 20 21 8
21 20 21 21
21 20 18 20
21 20 22 20
23 0 23 1
23 0 22 0
23 21 23 22
22 22 22 21
22 22 22 23
22 22 21 22

2057

2 3   4   4 4 - 5 - - - - - - - - - - - 4 2 2 1 
  3 2     |   1 | 2                       2 4 2 
4   2   1 |   | | | 1                           
4 1       | 3 2 | | |                           
      2   | 4   6 7 5         2           1     
3     4 3 | 3 1 3 4 3         2           2     
      4 - 7 - - - - - - - - - - - - - - 6 4     
          3 1         4           2       2     
4   5 5               5                 4 4     
    |           2 2 1   2 3 2   3 1 3 2         
3   |           |         2           3         
    | 4 - - - - 7 5 4 4 4       3         3     
2 1 | 3 1 3     6 3 2 4             6 3   2   2 
    | 2 1 2 1   2 3   3     1       2           
4 - 7 - - - - - - - - - - - - - - - - - 6   6 4 
| 4 5 3 5 3     4 4 3 4 - 5 3     2             
| 3     6   2 1   3 6 4   |               1   3 
|       4 4 5 3   4 6 1   |                   2 
| 3   4 5   4 1   3 6     6             6 3   1 
|         3 5 3   5 6 2 3 5       4 4 3 ǁ 3 4 4 
5 4   1     3 3   2 4 3 1 3 4 4 = 4 3 3 ǁ   1   
2 1       2     4 = = = = = = = = = = = 8 5 6 4 
3   2 1 5                               3 3 6 2 
4 2 2 - 5 2   1 - - - - - - - - - - - - - 5 5 1 
