24 24
2 4 0 0 0 4 1 2 4 5 3 0 0 2 0 0 0 0 0 3 0 0 0 3 
5 4 3 6 0 7 0 6 7 4 0 4 0 0 0 0 0 0 0 0 4 0 0 3 
4 2 3 3 0 0 1 0 3 0 0 2 0 2 0 0 0 0 5 2 1 0 1 0 
0 4 6 0 0 6 0 0 0 5 6 0 0 0 0 0 0 0 4 0 0 0 3 0 
0 0 0 4 3 0 3 4 3 0 0 3 0 0 0 0 0 0 0 5 3 2 4 0 
0 0 0 0 3 0 5 6 4 0 0 3 2 0 3 0 0 0 0 0 0 0 0 0 
0 0 3 6 4 0 0 0 1 0 0 4 0 5 6 1 0 0 0 0 2 1 0 0 
0 0 1 2 1 0 0 0 0 0 0 3 0 0 0 0 0 0 0 0 4 1 0 0 
0 0 0 3 3 0 0 0 0 0 0 3 0 0 0 0 0 0 0 0 5 0 7 3 
0 0 0 0 0 0 0 0 0 0 0 0 0 0 0 0 0 0 0 0 0 2 0 0 
0 0 3 4 4 0 2 0 0 0 0 0 0 0 0 0 0 0 0 0 0 3 0 0 
0 0 0 0 2 0 0 0 0 0 0 0 0 0 1 0 0 0 0 0 0 0 0 0 
0 4 5 5 0 4 0 5 4 0 3 0 0 0 0 0 0 0 0 0 3 3 0 3 
0 0 3 0 1 0 2 0 0 0 1 0 0 0 0 0 0 0 0 0 0 0 0 4 
0 0 4 0 0 0 0 0 0 0 2 0 0 0 0 0 0 0 0 0 0 0 0 0 
0 4 4 0 0 0 0 0 2 0 5 4 0 5 0 0 0 0 0 6 0 0 7 4 
0 3 0 4 3 0 0 4 2 0 2 3 1 0 3 0 0 1 0 0 0 2 4 3 
0 0 0 1 0 3 7 3 0 0 1 1 0 0 0 1 0 3 0 0 0 0 1 0 
0 4 1 0 1 0 1 1 0 0 5 0 0 6 6 0 0 4 0 0 0 0 0 0 
0 1 0 0 0 0 0 0 0 0 2 0 0 1 2 0 1 1 0 0 2 6 6 3 
5 0 0 0 0 0 0 0 0 6 0 0 0 0 0 0 0 0 0 6 2 0 3 3 
2 3 4 0 0 0 0 0 0 7 0 0 0 0 6 3 1 1 0 4 0 3 1 3 
5 4 3 0 0 0 0 3 1 6 3 4 0 0 8 0 0 0 0 0 0 6 1 1 
3 3 0 0 0 0 0 3 0 2 3 5 2 1 3 0 0 2 2 2 0 5 4 2 
200 95
0 9 0 8
0 9 0 10
0 9 1 9
1 0 1 1
1 0 0 0
1 0 2 0
1 3 1 2
1 3 1 5
1 3 2 3
1 8 1 7
1 8 1 9
1 8 0 8
1 8 2 8
2 18 2 13
2 18 2 19
2 18 3 18
6 14 6 13
6 14 6 15
6 14 5 14
6 14 11 14
8 20 8 22
8 20 7 20
8 20 12 20
9 21 10 21
15 22 15 19
15 22 15 23
15 22 8 22
15 22 16 22
17 6 17 5
17 6 17 7
17 6 13 6
17 6 18 6
18 1 18 2
18 1 16 1
18 1 19 1
18 1 16 1
18 4 16 4
20 0 20 9
20 0 2 0
20 0 21 0
21 9 21 2
21 9 21 14
21 9 20 9
21 9 22 9
22 0 22 1
22 0 21 0
22 0 23 0
22 14 22 11
22 14 22 21
22 14 21 14
22 14 23 14
23 11 23 10
23 11 23 12
23 11 22 11
23 21 23 19
23 21 23 22
23 21 22 21
1 3 1 2
1 3 1 5
1 3 2 3
1 5 1 7
1 5 0 5
1 5 3 5
6 14 6 13
6 14 5 14
9 21 10 21
10 21 12 21
12 21 12 20
13 23 12 23
13 23 15 23
13 23 12 23
13 23 15 23
14 2 13 2
14 2 15 2
14 2 13 2
14 2 15 2
15 2 15 1
17 3 16 3
17 6 17 5
17 6 17 7
17 6 13 6
20 0 20 9
20 0 2 0
22 0 22 1
22 0 23 0
22 14 22 11
22 14 22 21
22 14 21 14
22 14 23 14
23 0 23 1
5 14 5 12
12 21 12 20
12 23 8 23
15 2 15 1
17 5 12 5

4507

2 4       4 1 2 4 5 3     2           3       3 
5 4 3 6 = 7 - 6 7 4   4                 4     3 
4 2 3 3   | 1   3     2   2 - - - - 5 2 1   1   
ǁ 4 6     6       5 6               4       3   
ǁ     4 3   3 4 3     3               5 3 2 4   
ǁ       3   5 6 4     3 2 - 3                   
ǁ   3 6 4       1     4   5 6 1         2 1     
ǁ   1 2 1             3     |           4 1     
ǁ     3 3             3     |           5 - 7 3 
ǁ                           |           | 2 | | 
ǁ   3 4 4   2               |           | 3 | | 
ǁ       2                   1           | | | | 
ǁ 4 5 5   4   5 4   3                   3 3 | 3 
ǁ   3   1 | 2       1                       | 4 
ǁ   4     | ǁ       2                       | ǁ 
ǁ 4 4     | ǁ   2   5 4   5           6 - - 7 4 
ǁ 3   4 3 | ǁ 4 2   2 3 1   3     1       2 4 3 
ǁ ǁ   1 | 3 7 3     1 1       1   3         1   
ǁ 4 1   1   1 1     5     6 6     4             
ǁ 1                 2     1 2   1 1     2 6 6 3 
5 = = = = = = = = 6                   6 2   3 3 
2 3 4 - - - - - - 7 - - - - 6 3 1 1   4   3 1 3 
5 4 3         3 1 6 3 4 = = 8 = = = = = = 6 1 1 
3 3           3   2 3 5 2 1 3     2 2 2 - 5 4 2 
