24 24
2 0 5 0 1 4 0 0 0 0 0 0 0 3 2 4 4 6 0 0 0 6 4 2 
1 0 0 0 2 2 0 0 0 0 0 0 0 0 2 0 0 0 2 0 0 0 3 1 
5 0 8 0 6 0 0 0 0 0 0 0 0 0 0 0 0 0 4 3 0 5 4 1 
5 4 0 4 7 0 0 0 0 0 0 0 0 6 4 0 0 0 0 0 2 0 0 0 
1 4 0 2 4 0 0 2 2 0 0 0 0 8 4 0 0 0 0 3 4 0 0 0 
1 3 0 0 0 0 0 0 0 0 0 0 0 2 2 0 0 0 4 4 1 0 0 0 
4 0 8 0 0 0 0 0 0 0 0 0 0 0 0 4 0 6 2 0 0 0 0 0 
0 2 0 2 0 2 0 0 0 5 0 0 0 0 0 0 4 5 0 5 0 0 0 0 
4 4 0 4 0 3 2 0 0 4 0 0 4 0 0 0 0 6 4 7 4 0 0 0 
2 0 0 0 0 0 4 0 0 4 1 0 4 1 2 3 0 3 2 2 2 0 0 0 
4 0 5 0 0 0 0 0 0 0 0 0 0 0 0 0 0 0 0 0 0 6 6 3 
0 2 0 3 6 0 0 6 0 5 0 0 0 0 0 0 5 0 0 0 0 6 5 2 
0 0 0 1 0 1 0 0 2 0 1 1 2 0 6 4 0 3 0 0 0 3 5 3 
0 0 0 0 0 0 0 0 0 0 3 5 0 0 6 0 0 0 0 0 0 0 0 2 
0 0 0 2 6 3 0 0 0 0 4 4 1 2 0 0 0 0 0 0 0 0 0 0 
5 6 0 3 0 0 0 7 4 0 0 0 0 0 0 0 0 0 0 0 0 0 0 0 
0 0 0 0 2 0 0 2 0 0 0 0 0 0 0 0 0 0 0 0 0 0 6 4 
0 0 0 2 0 0 0 0 0 0 0 0 4 4 0 0 0 0 0 0 0 0 2 0 
0 0 0 0 0 0 0 0 0 0 3 0 2 0 0 2 0 6 3 3 0 0 2 2 
0 4 0 0 0 0 0 1 0 0 1 0 0 0 0 1 0 4 1 6 2 0 0 2 
0 2 0 0 0 0 0 0 0 0 0 0 0 0 0 0 0 1 0 3 1 0 0 0 
2 2 6 2 0 0 0 3 0 8 0 6 0 3 0 0 0 2 4 0 0 6 5 4 
2 0 3 2 8 0 0 0 0 7 0 0 0 0 5 5 7 0 0 2 4 8 6 2 
2 4 0 0 4 2 3 0 0 3 0 0 2 1 1 2 3 0 2 2 4 2 4 2 
200 196
0 2 0 0
0 2 0 4
0 2 2 2
0 5 0 13
0 5 1 5
0 17 0 16
0 17 0 21
0 17 6 17
0 21 0 17
0 21 0 22
0 21 2 21
1 18 2 18
2 0 2 2
2 0 1 0
2 0 3 0
2 2 2 0
2 2 2 4
2 2 0 2
2 2 6 2
2 4 2 2
2 4 1 4
2 4 3 4
3 0 3 1
3 0 2 0
3 0 4 0
3 0 3 1
3 1 4 1
3 3 3 4
3 3 4 3
3 3 3 4
3 3 4 3
3 20 4 20
4 13 4 8
4 13 4 14
4 13 3 13
4 13 5 13
6 2 6 0
6 2 6 15
6 2 2 2
6 2 10 2
7 1 8 1
7 9 7 5
7 9 7 16
7 9 8 9
7 19 7 17
7 19 5 19
7 19 8 19
11 4 11 3
11 4 11 7
11 4 14 4
11 4 11 3
11 4 11 7
11 4 14 4
11 7 11 9
11 7 15 7
11 7 11 9
11 7 15 7
12 5 14 5
15 0 15 1
15 0 10 0
15 0 21 0
15 7 15 3
15 7 15 8
15 7 16 7
15 8 15 7
15 8 12 8
21 9 21 7
21 9 21 11
21 9 11 9
21 9 22 9
21 11 21 9
21 11 21 13
21 11 14 11
22 4 22 3
22 4 22 9
22 4 16 4
22 4 23 4
22 16 22 15
22 16 22 19
22 16 11 16
22 16 23 16
22 21 22 20
22 21 22 22
22 21 21 21
22 21 23 21
0 0 0 2
0 5 0 13
0 5 1 5
0 17 0 16
0 17 6 17
0 21 0 22
0 21 2 21
1 4 2 4
1 18 2 18
2 4 3 4
3 1 4 1
3 20 4 20
4 1 5 1
4 4 4 7
4 4 3 4
4 4 4 7
4 4 3 4
4 8 4 13
4 13 4 14
4 13 3 13
4 13 5 13
5 14 4 14
6 2 6 0
6 2 6 15
6 2 10 2
7 1 8 1
9 6 9 9
9 6 8 6
9 6 9 9
9 6 8 6
12 8 15 8
13 14 13 11
13 14 12 14
13 14 22 14
13 14 13 11
13 14 12 14
13 14 22 14
14 4 14 3
14 4 14 5
14 4 14 3
14 4 14 5
16 22 16 23
16 22 12 22
16 22 17 22
16 22 16 23
16 22 12 22
16 22 17 22
18 12 17 12
18 17 18 18
18 17 12 17
18 17 19 17
18 17 18 18
18 17 12 17
18 17 19 17
19 1 15 1
19 1 20 1
19 1 15 1
19 1 20 1
19 10 18 10
21 9 21 7
21 9 11 9
21 9 22 9
21 11 21 13
21 11 14 11
22 4 22 3
22 4 22 9
22 4 16 4
22 4 23 4
22 21 22 20
22 21 22 22
22 21 21 21
22 21 23 21
23 20 23 19
23 20 22 20
23 22 23 23
23 22 22 22
3 4 3 13
4 1 5 1
5 1 5 0
5 14 4 14
6 0 8 0
6 0 8 0
12 3 11 3
18 10 14 10
18 12 17 12
21 7 19 7
23 20 23 19
23 20 22 20
23 22 23 23
23 22 22 22
3 14 3 13
3 14 1 14
3 14 3 13
3 14 1 14
8 3 8 5
8 3 7 3
8 3 8 5
8 3 7 3
8 5 7 5
16 7 15 7
18 10 14 10
23 18 23 16
3 13 0 13
7 9 7 16
7 9 8 9
23 18 23 16
0 14 0 15
0 14 0 15
22 16 22 15
22 16 22 19
22 16 11 16

2341

2 = 5 - 1 4 = = = = = = = 3 2 4 4 6 = = = 6 4 2 
1   ǁ   2 2               | 2     ǁ 2     ǁ 3 1 
5 = 8 = 6                 | ǁ     ǁ 4 3   5 4 1 
5 4 ǁ 4 7 - - - - - - - - 6 4     ǁ     2       
1 4 ǁ 2 4 = = 2 2 = = = = 8 4     ǁ   3 4       
1 3 ǁ                     2 2     ǁ 4 4 1       
4 = 8 = = = = = = = = = = = = 4   6 2 |         
ǁ 2 ǁ 2   2 - - - 5 = = = = = = 4 5 - 5         
4 4 ǁ 4 = 3 2     4     4         6 4 7 4       
2   ǁ       4 = = 4 1   4 1 2 3   3 2 2 2       
4   5                                     6 6 3 
| 2   3 6 = = 6 = 5             5         6 5 2 
|     1 ǁ 1   ǁ 2 ǁ 1 1 2   6 4 ǁ 3       3 5 3 
|       ǁ |   ǁ ǁ ǁ 3 5 = = 6   ǁ ǁ         ǁ 2 
|     2 6 3   ǁ ǁ ǁ 4 4 1 2 ǁ   ǁ ǁ         ǁ   
5 6   3 - - - 7 4 ǁ ǁ ǁ     ǁ   ǁ ǁ         ǁ   
| ǁ     2     2   ǁ ǁ ǁ     ǁ   ǁ ǁ         6 4 
| ǁ   2 ǁ         ǁ ǁ ǁ 4 4 ǁ   ǁ ǁ         2   
| ǁ     ǁ         ǁ 3 ǁ 2   ǁ 2 ǁ 6 3 3     2 2 
| 4     ǁ     1   ǁ 1 ǁ     ǁ 1 ǁ 4 1 6 2     2 
| 2     ǁ     |   ǁ   ǁ     ǁ   ǁ 1   3 1       
2 2 6 2 ǁ     3 = 8 = 6 = 3 ǁ   ǁ 2 4     6 5 4 
2   3 2 8 = = = = 7         5 5 7 = = 2 4 8 6 2 
2 4     4 2 3     3     2 1 1 2 3 = 2 2 4 2 4 2 
