24 24
1 0 3 1 0 0 0 3 1 0 0 0 0 0 0 0 0 0 0 0 0 0 2 2 
2 0 5 0 0 0 0 5 0 0 0 0 0 0 0 0 0 0 0 0 0 0 4 4 
1 0 0 1 2 1 1 0 2 0 2 0 0 0 0 0 0 0 0 0 0 0 0 1 
2 0 5 4 3 3 2 0 1 1 0 0 0 0 0 0 0 0 0 0 0 0 0 1 
2 0 0 1 1 0 2 0 3 3 0 0 0 0 0 0 0 0 0 0 0 0 0 2 
3 0 5 0 0 5 4 0 0 0 0 0 0 0 0 0 0 0 0 0 0 0 0 0 
1 2 0 1 0 3 0 0 2 0 3 0 0 0 0 0 0 0 0 0 0 0 5 3 
1 0 3 2 0 5 4 0 3 0 4 0 5 0 4 0 0 0 0 0 2 1 0 0 
0 0 2 0 1 1 2 0 3 1 2 1 1 1 4 2 0 0 0 0 0 0 0 0 
3 4 0 0 0 0 0 4 0 0 0 0 0 0 0 0 0 0 0 0 4 3 0 0 
0 0 2 3 0 3 0 0 2 2 0 0 3 4 2 1 0 0 0 0 0 0 0 0 
0 0 1 0 0 2 0 0 4 4 0 0 5 0 2 0 0 0 0 0 0 0 0 0 
0 0 0 0 0 0 0 0 3 2 0 0 0 1 1 0 0 0 0 0 0 0 0 0 
0 0 1 4 0 0 0 6 0 0 0 0 5 3 2 0 0 0 0 0 0 0 0 0 
0 0 2 4 0 2 1 0 3 3 0 0 2 1 1 0 0 0 0 0 0 3 0 2 
0 0 1 0 2 5 4 0 2 0 2 0 3 0 0 0 0 0 0 0 0 4 0 3 
0 0 1 3 0 4 3 0 4 5 0 0 0 4 4 0 0 0 0 0 0 3 0 3 
0 3 1 1 1 1 0 0 3 4 0 3 2 0 2 0 0 0 0 0 0 0 0 2 
0 2 0 3 2 1 0 4 0 0 0 0 0 3 3 3 2 0 0 0 6 2 0 0 
3 0 0 0 0 0 0 0 0 0 0 0 0 0 0 0 0 0 2 3 6 1 0 2 
1 2 2 2 0 4 1 0 0 0 0 0 0 0 0 0 0 0 1 1 3 2 0 2 
1 1 0 1 0 5 0 0 0 0 0 0 0 0 0 0 0 0 0 0 0 0 6 3 
3 0 6 0 0 6 0 3 2 0 0 3 2 1 2 0 2 0 0 0 0 0 3 1 
2 3 5 2 0 2 1 4 0 0 0 0 0 0 0 0 0 0 2 2 3 0 3 2 
200 10
7 12 7 10
7 12 7 14
7 12 8 12
23 2 23 1
23 2 23 3
23 2 22 2
7 12 7 10
7 12 7 14
7 14 7 20
7 14 8 14

1539

1   3 1       3 1                           2 2 
2   5         5                             4 4 
1     1 2 1 1   2   2                         1 
2   5 4 3 3 2   1 1                           1 
2     1 1   2   3 3                           2 
3   5     5 4                                   
1 2   1   3     2   3                       5 3 
1   3 2   5 4   3   4 = 5 = 4 - - - - - 2 1     
    2   1 1 2   3 1 2 1 1 1 4 2                 
3 4           4                         4 3     
    2 3   3     2 2     3 4 2 1                 
    1     2     4 4     5   2                   
                3 2       1 1                   
    1 4       6         5 3 2                   
    2 4   2 1   3 3     2 1 1             3   2 
    1   2 5 4   2   2   3                 4   3 
    1 3   4 3   4 5       4 4             3   3 
  3 1 1 1 1     3 4   3 2   2                 2 
  2   3 2 1   4           3 3 3 2       6 2     
3                                   2 3 6 1   2 
1 2 2 2   4 1                       1 1 3 2   2 
1 1   1   5                                 6 3 
3   6     6   3 2     3 2 1 2   2           3 1 
2 3 5 2   2 1 4                     2 2 3   3 2 
