24 24
3 2 3 0 0 3 2 0 5 0 0 0 0 4 4 2 0 0 2 0 5 1 0 0 
0 0 2 1 0 0 0 0 2 0 0 0 0 0 2 0 0 0 4 0 7 0 4 0 
6 0 0 0 0 6 0 0 0 0 0 0 0 5 0 7 0 3 0 0 0 0 0 0 
0 0 0 0 0 0 3 3 0 0 1 0 0 0 3 7 2 3 6 2 0 0 5 3 
3 0 0 0 0 0 0 0 0 0 0 0 0 0 3 4 2 1 2 1 0 0 0 0 
0 0 0 0 0 0 4 7 0 0 0 0 0 6 0 0 0 0 0 0 4 3 2 0 
0 0 0 0 0 0 1 0 1 2 4 4 0 0 2 0 0 0 0 0 4 4 2 3 
0 0 0 0 0 0 3 5 0 4 0 3 0 0 4 2 1 0 0 0 3 2 2 0 
0 0 0 0 0 0 1 0 3 3 0 1 0 0 3 0 0 0 2 0 0 1 2 0 
0 0 0 0 0 0 1 0 4 0 6 0 0 6 0 0 0 0 0 0 7 0 7 3 
0 0 0 0 0 0 4 4 4 3 0 2 0 0 0 1 0 0 0 0 0 0 4 2 
0 0 0 0 0 0 4 0 0 2 0 5 3 0 2 3 0 0 0 0 5 0 6 4 
0 0 0 0 0 0 0 0 0 3 0 0 1 0 2 2 1 0 0 0 3 1 4 1 
0 0 0 0 0 0 4 0 4 5 0 0 0 0 0 3 0 4 3 0 2 0 0 0 
0 0 0 0 0 0 4 0 0 0 0 3 0 5 0 0 0 0 0 0 0 5 5 1 
0 0 0 1 0 5 3 0 0 0 0 4 2 0 0 3 3 1 2 0 0 6 4 0 
0 0 0 0 0 0 1 0 4 2 0 3 2 0 0 0 0 2 0 5 0 6 3 0 
0 0 0 0 0 0 0 0 0 0 0 4 0 7 0 7 6 5 3 0 4 6 4 0 
3 0 0 0 0 4 3 4 0 0 0 0 0 0 0 2 1 4 4 0 3 0 0 0 
2 0 3 2 0 3 0 0 0 0 0 0 0 4 0 2 2 0 0 0 0 0 0 2 
0 0 0 0 0 0 0 0 0 0 0 0 0 1 0 0 0 0 0 0 1 0 3 0 
0 0 0 0 0 0 0 0 0 0 0 4 0 0 0 0 4 0 0 0 0 0 2 0 
2 0 6 0 0 5 0 6 6 2 2 3 0 0 0 0 0 0 0 6 3 6 4 5 
1 0 2 2 0 5 3 3 1 0 0 1 0 0 0 0 0 0 0 1 3 6 3 3 
200 243
0 8 0 6
0 8 0 13
0 8 1 8
0 20 0 18
0 20 0 21
0 20 1 20
1 22 1 20
1 22 3 22
1 22 1 20
1 22 3 22
2 0 2 5
2 0 0 0
2 0 4 0
2 0 2 5
2 0 0 0
2 0 4 0
2 5 2 13
2 5 0 5
2 5 15 5
2 5 2 13
2 15 2 13
2 15 2 17
2 15 0 15
2 15 3 15
4 0 18 0
5 7 5 6
5 7 5 13
5 7 3 7
5 7 7 7
9 20 9 13
9 20 9 22
9 20 7 20
9 20 11 20
16 19 16 17
16 19 16 21
16 19 22 19
17 13 17 11
17 13 17 15
17 13 14 13
17 13 19 13
17 20 17 21
17 20 18 20
17 20 17 21
17 20 18 20
17 21 17 22
17 21 16 21
17 21 22 21
17 21 17 22
17 22 16 22
17 22 20 22
18 18 18 17
18 18 17 18
18 18 18 17
18 18 17 18
18 20 20 20
20 13 19 13
20 22 21 22
21 16 21 11
21 16 19 16
21 16 21 11
21 16 19 16
22 21 22 20
22 21 22 22
22 21 23 21
22 21 22 20
22 21 22 22
22 23 22 22
22 23 19 23
22 23 23 23
23 5 23 3
23 5 23 6
23 5 22 5
0 0 0 1
0 1 0 2
0 20 0 18
0 20 1 20
1 3 1 2
1 18 1 20
1 18 3 18
1 18 1 20
1 18 3 18
1 20 5 20
3 18 3 17
3 18 3 19
3 18 4 18
3 18 3 17
3 19 4 19
16 21 16 19
16 21 16 22
16 21 15 21
16 21 16 22
17 18 17 17
18 17 18 16
18 17 17 17
20 22 21 22
21 11 17 11
21 11 22 11
22 22 22 23
1 2 0 2
15 21 15 18
15 21 15 22
15 21 14 21
15 21 15 18
15 21 15 22
15 22 14 22
15 22 14 22
17 11 17 13
17 11 16 11
17 16 17 15
17 16 17 17
17 16 15 16
17 16 17 15
17 16 17 17
17 16 15 16
17 17 16 17
19 13 19 15
19 13 17 13
19 15 18 15
0 2 0 5
0 5 0 6
0 8 0 13
0 8 1 8
0 13 0 14
0 13 2 13
0 14 0 15
0 14 1 14
0 14 1 14
2 15 2 13
2 15 2 17
2 15 3 15
2 17 3 17
3 15 3 14
3 15 3 16
3 15 4 15
5 13 5 7
5 13 5 20
5 13 9 13
6 11 6 10
6 11 7 11
6 11 6 10
6 11 7 11
8 18 8 14
16 19 22 19
18 15 17 15
22 19 22 11
22 19 22 20
22 19 23 19
22 19 22 11
23 11 23 8
23 20 23 21
23 21 23 20
23 21 23 22
23 21 23 20
23 21 23 22
23 22 23 23
23 23 22 23
4 18 4 17
5 13 5 20
5 13 9 13
5 20 5 21
6 10 6 9
6 10 9 10
7 11 8 11
8 18 8 14
9 10 9 8
9 10 9 13
9 10 22 10
9 10 9 8
9 10 9 13
11 11 11 12
11 11 10 11
11 11 14 11
13 9 13 8
13 9 12 9
13 9 16 9
14 6 13 6
14 6 15 6
14 6 13 6
14 6 15 6
17 15 17 13
17 15 15 15
17 15 15 15
19 23 14 23
22 8 22 7
22 8 22 9
22 8 16 8
22 8 22 7
22 8 22 9
22 8 16 8
8 14 7 14
13 6 13 8
13 6 11 6
18 7 18 6
18 7 22 7
18 7 18 6
18 7 22 7
7 14 7 15
7 14 6 14
7 14 7 15
7 16 7 20
11 6 11 9
11 6 10 6
11 6 11 9
12 9 13 9
12 9 13 9
13 8 16 8
16 9 16 8
6 14 6 20
6 20 6 21
6 20 7 20
6 20 6 21
9 20 9 13
9 20 9 22
9 20 11 20
9 22 9 23
9 22 8 22
9 22 10 22
10 6 10 7
10 6 9 6
10 6 10 7
10 7 10 8
10 7 7 7
10 8 10 9
10 8 9 8
10 8 10 9
14 13 14 11
14 13 14 21
15 15 15 16
8 6 7 6
9 8 8 8
13 17 13 15
13 17 13 18
13 17 13 15
13 17 13 18
13 18 13 20
13 20 12 20
14 13 14 11
14 13 14 21
15 11 15 12
15 11 16 11
15 11 15 12
15 11 16 11
13 15 12 15

2782

3 2 3 - - 3 2 - 5 = = = = 4 4 2     2 = 5 1     
ǁ   2 1   |     2         | 2 |     4 = 7 = 4   
6 = = = = 6 = = = = = = = 5 = 7 = 3 ǁ   |   ǁ   
ǁ         | 3 3     1       3 7 2 3 6 2 |   5 3 
3         |   |             3 4 2 1 2 1 |       
|         | 4 7 = = = = = 6 = = = = = = 4 3 2   
|         | 1 | 1 2 4 4   ǁ 2 - - - - - 4 4 2 3 
|         | 3 5   4 | 3   ǁ 4 2 1 - - - 3 2 2   
|         | 1 | 3 3 | 1   ǁ 3 = = = 2   | 1 2   
|         | 1 | 4 = 6 = = 6 = = = = = = 7 = 7 3 
|         | 4 4 4 3 | 2       1         ǁ   4 2 
|         | 4 = = 2 | 5 3   2 3         5   6 4 
|         | |     3 | | 1   2 2 1       3 1 4 1 
|         | 4 - 4 5 | |       3 = 4 3 - 2       
|         | 4   | | | 3 = 5 = = = = = = = 5 5 1 
|     1   5 3   | | | 4 2 |   3 3 1 2 = = 6 4 | 
|           1   4 2 | 3 2 |   ǁ ǁ 2 - 5 = 6 3 | 
|               ǁ   | 4 = 7 = 7 6 5 3 ǁ 4 6 4 | 
3         4 3 4 ǁ   | |   ǁ   2 1 4 4 ǁ 3 | | | 
2   3 2   3   ǁ ǁ   | |   4 - 2 2     ǁ | | | 2 
              ǁ ǁ   | |   1     ǁ     ǁ 1 | 3 | 
              ǁ ǁ   | 4 = = = = 4     ǁ   | 2 | 
2   6     5   6 6 2 2 3 = = = = = = = 6 3 6 4 5 
1   2 2 - 5 3 3 1 - - 1               1 3 6 3 3 
