24 24
2 2 4 4 2 0 2 2 0 6 2 0 0 0 0 1 0 0 4 0 4 0 0 2 
0 0 2 0 0 0 0 0 0 0 0 0 0 0 0 0 0 0 0 0 0 2 0 5 
5 6 0 7 6 2 5 0 0 7 0 0 0 0 2 0 0 0 0 2 3 2 0 0 
0 0 1 0 2 0 0 1 0 0 0 0 2 0 0 0 0 0 0 2 0 5 2 0 
0 5 4 2 1 0 0 0 0 0 0 0 0 0 0 0 0 0 0 3 2 2 2 0 
0 3 4 5 3 0 5 3 1 0 4 0 8 0 0 0 0 0 5 0 4 5 0 0 
0 2 0 0 0 0 4 2 0 0 2 2 4 2 0 0 4 2 0 0 0 1 0 0 
0 1 4 2 0 0 3 0 0 6 0 0 0 0 0 0 5 4 0 0 0 0 0 0 
0 1 1 0 0 0 4 2 0 0 0 0 0 0 0 0 0 0 0 2 7 0 6 3 
0 5 0 0 0 8 0 0 0 8 0 0 0 0 0 0 0 0 5 1 0 1 2 2 
0 0 0 0 0 0 2 4 0 0 2 4 0 0 0 0 5 0 0 0 8 5 0 0 
0 0 4 0 0 7 0 5 1 0 0 0 0 0 2 0 0 2 6 2 0 0 0 1 
0 0 0 0 0 0 0 5 4 0 0 0 0 0 0 0 0 0 0 2 0 0 0 0 
0 0 0 2 0 0 0 0 2 0 0 1 2 0 8 0 8 0 8 6 0 5 5 4 
0 0 0 0 0 0 2 6 2 0 0 0 2 0 4 0 0 0 0 2 0 1 2 0 
0 0 6 4 0 6 5 2 0 0 0 0 1 0 1 0 0 0 0 0 0 2 0 2 
0 3 2 2 2 4 0 0 0 0 0 0 2 0 0 0 0 2 5 3 0 0 0 1 
0 5 4 0 0 0 1 0 0 0 1 0 7 0 0 0 7 0 3 2 0 4 0 3 
0 2 4 4 0 0 0 0 0 0 0 0 4 2 0 0 4 2 4 2 0 0 0 0 
5 0 0 0 0 0 0 0 0 8 0 0 0 0 0 0 0 0 0 0 8 8 5 3 
2 3 0 2 0 0 0 0 0 0 0 0 0 2 0 0 0 0 0 4 0 0 2 0 
4 0 0 0 0 0 0 0 0 7 0 0 0 0 0 0 0 0 0 3 2 4 0 0 
4 2 2 0 0 0 0 0 0 8 0 0 0 0 0 0 4 0 6 5 4 4 5 1 
2 0 0 0 4 0 0 0 0 6 0 0 0 0 0 0 2 2 5 2 4 0 2 0 
200 248
0 9 0 7
0 9 0 10
0 9 2 9
1 23 1 21
1 23 0 23
1 23 8 23
2 0 2 1
2 0 0 0
2 0 19 0
2 3 2 1
2 3 2 4
2 3 0 3
2 3 4 3
3 2 4 2
4 1 4 2
4 1 2 1
4 1 5 1
5 12 5 10
5 12 5 18
5 12 3 12
5 12 6 12
5 21 5 20
5 21 4 21
5 21 6 21
8 20 8 19
8 20 8 22
8 20 5 20
8 20 10 20
9 1 9 5
9 1 8 1
9 1 16 1
9 5 9 1
9 5 9 9
9 5 2 5
9 5 11 5
9 9 9 5
9 9 9 18
9 9 7 9
9 9 19 9
10 7 10 6
10 7 11 7
10 7 10 6
10 7 11 7
10 16 10 11
10 16 10 20
10 16 13 16
10 20 10 16
10 20 10 21
10 20 8 20
10 20 19 20
10 21 10 20
10 21 9 21
10 21 13 21
11 2 11 5
11 2 15 2
11 2 11 5
11 2 15 2
11 14 13 14
11 18 11 17
11 18 11 19
11 18 13 18
11 18 11 17
11 18 11 19
11 18 13 18
12 7 12 8
12 7 11 7
12 7 14 7
12 19 13 19
13 3 15 3
13 14 13 12
13 14 13 16
13 14 11 14
13 14 14 14
13 16 13 14
13 16 13 18
13 16 10 16
13 16 17 16
13 18 13 16
13 18 13 19
13 18 16 18
15 2 15 3
15 2 16 2
16 5 16 4
16 5 15 5
16 5 16 4
16 5 15 5
17 1 17 2
17 1 16 1
17 1 18 1
17 12 17 10
17 12 17 16
17 12 16 12
17 12 18 12
19 9 19 0
19 9 19 20
19 9 9 9
19 9 21 9
19 20 19 9
19 20 19 21
19 20 10 20
19 20 21 20
19 21 19 20
19 21 19 22
19 21 17 21
19 21 21 21
20 3 20 1
20 13 20 19
22 9 22 2
22 9 22 16
22 9 21 9
22 9 23 9
22 18 22 16
22 18 22 19
22 18 23 18
22 18 22 16
22 18 22 19
22 18 23 18
23 4 23 0
23 4 23 9
23 9 23 4
23 9 23 16
23 9 22 9
0 9 0 7
0 9 0 10
0 9 2 9
0 15 0 18
1 2 0 2
2 9 2 6
2 9 2 14
2 9 7 9
3 7 5 7
5 6 5 7
5 6 2 6
5 6 6 6
5 8 5 7
5 12 5 10
5 12 5 18
5 12 3 12
5 12 6 12
5 21 5 20
5 21 4 21
7 16 7 9
7 16 7 17
7 16 6 16
8 2 7 2
8 6 8 7
8 6 7 6
8 6 8 7
8 6 7 6
9 1 16 1
9 5 2 5
9 5 11 5
9 9 9 18
9 9 7 9
10 10 10 11
10 21 13 21
12 19 13 19
13 3 15 3
13 14 13 12
13 14 14 14
13 16 17 16
13 18 13 19
13 18 16 18
13 19 14 19
15 2 15 3
15 2 16 2
15 5 15 6
15 5 11 5
16 3 18 3
16 3 18 3
17 1 17 2
17 1 18 1
17 2 18 2
17 6 15 6
17 12 17 16
17 12 16 12
17 12 18 12
18 3 18 2
18 12 18 13
19 9 19 0
19 9 21 9
19 20 19 21
20 3 20 1
20 13 20 19
20 19 21 19
22 9 22 2
22 9 22 16
22 9 21 9
23 4 23 0
23 9 23 16
23 17 23 18
1 2 0 2
2 4 2 3
2 4 0 4
2 4 3 4
3 21 3 19
3 21 3 22
3 21 2 21
5 10 6 10
6 7 6 6
10 10 10 11
10 11 13 11
13 19 14 19
15 5 15 6
15 5 11 5
17 2 18 2
18 2 18 3
18 12 18 13
18 16 18 17
18 16 17 16
18 16 18 17
18 16 17 16
18 18 18 19
18 18 17 18
18 18 18 19
18 18 17 18
20 19 21 19
22 0 22 1
22 0 21 0
23 17 23 18
23 18 23 19
2 4 2 3
2 4 0 4
3 4 4 4
5 4 5 3
5 10 6 10
6 7 6 6
6 11 6 12
11 5 11 7
16 17 16 18
17 16 17 18
17 19 16 19
22 0 22 1
22 0 21 0
0 3 0 2
0 3 2 3
0 3 0 2
0 6 2 6
0 6 2 6
5 4 5 3
6 11 6 12
6 13 6 16
16 17 16 18
16 18 16 19
16 19 17 19
20 1 20 0
5 4 5 3
6 13 6 16

2594

2 2 4 4 2   2 2 = 6 2         1 - - 4   4     2 
|   2 ǁ ǁ   ǁ     ǁ                       2 - 5 
5 6 - 7 6 2 5 - - 7 - - - - 2         2 3 2   | 
| | 1 | 2 ǁ | 1   |     2             2 - 5 2 | 
| 5 4 2 1 ǁ | |   |     ǁ             3 2 2 2 | 
| 3 4 5 3 ǁ 5 3 1 | 4 = 8 = = = = = 5   4 5   | 
| 2       ǁ 4 2   | 2 2 4 2 = = 4 2     | 1   | 
| 1 4 2   ǁ 3     6 - - - - - - 5 4     |     | 
| 1 1     ǁ 4 2   ǁ                   2 7 - 6 3 
| 5 = = = 8 = = = 8 = = = = = = = = 5 1 ǁ 1 2 2 
| ǁ       ǁ 2 4   ǁ 2 4 - - - - 5 = = = 8 5     
| ǁ 4 = = 7 - 5 1 ǁ   |     2   ǁ 2 6 2 ǁ ǁ   1 
| ǁ ǁ     ǁ   5 4 ǁ   |     ǁ   ǁ   ǁ 2 ǁ ǁ     
| ǁ ǁ 2   ǁ   | 2 ǁ   1 2 = 8 = 8 = 8 6 ǁ 5 5 4 
| ǁ ǁ ǁ   ǁ 2 6 2 ǁ     2   4   ǁ   ǁ 2 ǁ 1 2   
| ǁ 6 4   6 5 2   ǁ     1   1   ǁ   ǁ   ǁ 2   2 
| 3 2 2 2 4 |     ǁ     2       ǁ 2 5 3 ǁ     1 
| 5 4 ǁ     1     ǁ 1 - 7 = = = 7 - 3 2 ǁ 4   3 
| 2 4 4           ǁ     4 2     4 2 4 2 ǁ |     
5 = = = = = = = = 8 = = = = = = = = = = 8 8 5 3 
2 3 = 2           ǁ       2 = = = = = 4 | | 2   
4                 7                   3 2 4     
4 2 2 = = = = = = 8 = = = = = = 4 = 6 5 4 4 5 1 
2 = = = 4 = = = = 6 = = = = = = 2 2 5 2 4   2   
