24 24
1 2 0 0 0 0 0 0 0 0 0 0 0 0 0 0 0 0 2 2 0 0 3 1 
0 1 2 2 0 0 0 0 0 0 4 0 4 4 0 0 1 0 0 3 2 2 0 1 
2 0 6 0 0 0 0 0 0 0 3 2 3 2 0 0 0 0 0 4 2 1 0 0 
3 1 0 0 0 0 0 0 0 0 0 1 0 0 0 0 0 0 0 3 4 2 0 0 
4 0 5 0 0 0 0 0 0 0 0 0 0 0 0 0 0 0 4 0 0 0 4 2 
0 1 0 2 0 3 2 0 3 0 0 3 1 0 1 1 2 1 0 3 4 1 1 1 
0 0 0 2 0 6 0 0 0 0 0 6 0 0 3 3 4 3 0 1 0 0 2 2 
0 0 0 0 1 0 0 0 0 1 0 0 3 0 0 4 0 0 0 3 5 4 5 2 
0 0 0 0 0 5 2 0 0 4 1 0 1 0 0 0 0 2 0 0 0 0 2 0 
0 0 0 4 2 0 0 0 0 1 0 0 2 0 2 1 0 0 0 0 0 0 0 0 
0 2 0 0 2 0 0 0 0 0 0 0 1 1 0 0 0 0 0 0 0 1 1 1 
0 0 0 0 0 0 0 0 0 0 0 0 1 0 0 0 0 0 0 0 0 1 0 0 
0 0 0 0 4 6 1 2 0 0 0 5 4 2 4 2 0 3 0 0 0 0 0 0 
0 0 0 4 1 0 0 0 0 0 0 0 1 0 0 0 0 0 0 0 0 0 0 0 
3 2 0 4 1 2 0 2 1 0 0 0 0 0 0 0 0 0 0 4 0 3 4 1 
2 1 0 2 0 3 0 0 0 2 0 0 0 0 0 0 0 0 0 4 0 0 1 0 
3 0 8 0 0 0 0 0 0 0 0 6 0 0 5 0 3 3 0 2 0 0 0 0 
0 1 0 1 0 0 0 0 0 0 0 0 0 0 0 3 0 0 4 0 4 3 2 1 
0 5 6 0 0 0 0 0 0 0 0 0 0 3 1 0 0 0 0 1 0 3 2 1 
0 0 0 2 0 4 0 0 4 1 2 0 0 2 1 0 0 0 0 0 0 2 0 0 
0 2 0 2 0 0 0 0 3 1 0 0 0 0 0 0 1 0 2 3 4 0 5 4 
0 1 0 3 2 0 0 0 0 0 0 0 1 0 0 2 2 0 0 2 3 1 0 0 
3 0 2 1 1 3 0 0 0 0 4 0 0 0 0 0 4 0 0 3 3 3 3 3 
2 3 0 0 0 0 0 0 0 0 4 1 0 1 0 0 3 2 1 2 1 3 2 1 
200 87
8 5 8 6
8 5 6 5
8 5 12 5
8 9 8 6
8 9 8 10
8 9 7 9
8 9 9 9
16 2 16 0
16 2 16 11
16 2 4 2
16 2 18 2
16 2 16 0
16 2 16 11
16 2 4 2
16 2 18 2
16 11 16 14
16 11 12 11
16 11 23 11
16 11 16 14
17 1 18 1
17 3 19 3
18 1 18 2
18 1 20 1
21 12 21 15
23 10 23 1
23 10 22 10
23 10 23 1
23 10 22 10
23 13 23 16
7 4 9 4
8 5 6 5
8 5 12 5
12 5 12 4
12 5 12 6
12 5 14 5
12 5 12 4
13 12 12 12
14 8 14 7
15 9 15 5
18 1 18 2
18 1 20 1
18 2 22 2
21 1 23 1
22 10 22 5
22 10 19 10
23 0 22 0
23 0 22 0
6 5 6 3
6 5 6 11
6 5 5 5
6 5 6 3
6 11 6 14
6 11 5 11
6 11 12 11
6 11 6 14
6 11 5 11
9 3 9 4
9 3 13 3
9 3 13 3
10 4 12 4
12 4 10 4
13 3 13 4
13 3 14 3
14 3 14 4
14 3 15 3
14 3 15 3
15 5 15 9
15 5 14 5
18 2 22 2
19 10 19 9
20 9 20 8
22 0 16 0
14 7 12 7
19 8 19 5
19 8 20 8
19 8 19 5
19 8 20 8
12 7 12 11
12 11 12 12
12 11 12 12
12 12 12 13
19 5 19 3
19 5 22 5
20 3 21 3
20 3 21 3
21 4 21 3
21 4 22 4

2233

1 2                                 2 2     3 1 
  1 2 2             4   4 4     1     3 2 2   1 
2   6               3 2 3 2           4 2 1     
3 1                   1               3 4 2     
4   5                               4       4 2 
  1 ǁ 2   3 2   3     3 1   1 1 2 1   3 4 1 1 1 
    ǁ 2 = 6 - - - - - 6 = = 3 3 4 3   1     2 2 
    ǁ   1 ǁ       1   | 3     4       3 5 4 5 2 
    ǁ   | 5 2 - - 4 1 | 1         2         2   
    ǁ 4 2 ǁ       1   | 2   2 1                 
  2 ǁ ǁ 2 ǁ           | 1 1               1 1 1 
    ǁ ǁ ǁ ǁ           | 1                 1     
    ǁ ǁ 4 6 1 2 - - - 5 4 2 4 2   3             
    ǁ 4 1 |   |       | 1                       
3 2 ǁ 4 1 2   2 1     |               4   3 4 1 
2 1 ǁ 2   3 = = = 2   |               4     1   
3 = 8 = = = = = = = = 6 = = 5   3 3   2         
| 1 ǁ 1               |       3     4   4 3 2 1 
| 5 6 |               |   3 1         1   3 2 1 
| ǁ ǁ 2 - 4 = = 4 1 2 |   2 1             2     
| 2 ǁ 2   |     3 1 | |         1   2 3 4   5 4 
| 1 ǁ 3 2 |         | | 1 - - 2 2     2 3 1     
3 | 2 1 1 3 - - - - 4 |         4     3 3 3 3 3 
2 3 = = = = = = = = 4 1   1 - - 3 2 1 2 1 3 2 1 
