24 24
3 3 0 0 0 0 3 1 4 4 4 0 0 0 0 3 0 0 0 0 3 3 1 1 
5 6 0 1 2 1 0 2 7 0 0 0 0 0 0 0 0 0 0 4 0 3 0 2 
3 5 0 0 4 1 0 2 4 0 0 0 0 0 0 0 2 1 0 0 0 1 0 0 
3 0 0 0 0 0 6 0 0 0 0 0 0 0 0 0 0 0 0 6 3 0 2 3 
3 0 0 4 3 1 0 2 0 1 0 0 0 0 0 2 0 0 0 7 0 2 3 0 
0 0 0 0 0 0 0 3 0 0 0 0 0 0 0 0 0 0 0 7 0 0 7 4 
4 0 0 0 0 0 7 0 0 0 0 0 0 0 0 0 0 5 2 0 0 0 0 1 
0 4 0 0 3 0 0 2 0 4 0 0 0 0 0 0 0 0 1 0 0 0 0 0 
0 0 0 0 0 0 0 1 0 0 0 0 0 0 0 0 0 0 0 0 3 0 6 3 
0 0 4 0 4 0 0 4 0 7 0 0 0 0 0 0 0 6 4 0 4 2 3 2 
0 0 2 0 1 0 0 2 0 3 1 1 0 3 0 0 0 5 4 0 2 0 3 2 
0 5 0 0 0 0 6 0 0 0 0 0 0 0 0 0 0 0 0 6 0 0 3 3 
0 0 2 0 4 1 0 4 0 0 0 0 0 5 0 0 0 0 0 6 3 1 3 6 
0 4 0 0 6 3 0 4 2 2 0 3 1 4 6 4 3 2 2 5 3 0 0 0 
0 0 2 1 2 0 0 4 0 1 0 0 2 3 2 0 1 1 0 2 0 0 2 5 
0 0 0 2 3 3 0 3 3 0 0 3 0 0 0 6 0 0 6 0 0 5 3 0 
0 0 0 1 0 2 0 2 0 2 0 0 0 0 0 3 1 0 0 0 2 0 4 5 
1 0 2 0 6 0 5 0 0 0 0 0 0 0 0 0 0 0 0 0 3 0 0 0 
2 5 4 0 6 2 5 0 0 0 0 0 4 0 0 0 1 0 0 0 0 0 0 3 
0 2 3 2 3 4 5 0 2 0 0 0 3 0 0 0 2 0 0 0 0 0 0 2 
4 2 0 0 0 0 0 0 0 0 0 0 0 0 0 0 0 0 0 0 5 5 3 0 
2 3 0 0 0 0 0 0 0 0 0 0 0 0 0 0 0 0 0 0 4 0 5 5 
5 7 0 0 0 0 0 0 2 0 0 0 0 0 0 2 0 0 0 0 5 1 3 4 
2 1 1 0 0 2 0 0 0 0 0 0 0 0 0 0 0 0 0 0 2 2 4 3 
200 125
1 0 1 1
1 0 0 0
1 0 2 0
1 8 1 7
1 8 1 19
1 8 0 8
1 8 2 8
4 19 4 15
4 19 4 21
4 19 3 19
4 19 5 19
5 22 5 19
5 22 5 23
5 22 4 22
5 22 8 22
6 6 6 0
6 6 6 17
6 6 3 6
6 6 11 6
7 1 7 4
7 1 11 1
7 1 7 4
7 1 11 1
7 4 9 4
9 2 9 4
9 2 10 2
9 2 9 4
9 2 10 2
9 4 10 4
9 9 9 7
9 9 9 17
9 9 7 9
9 9 10 9
12 23 12 22
12 23 11 23
12 23 14 23
12 23 12 22
12 23 11 23
12 23 14 23
13 14 13 13
13 14 13 15
13 14 14 14
13 14 13 13
13 14 13 15
13 14 14 14
13 15 13 16
13 15 15 15
15 15 15 11
15 15 15 18
15 15 16 15
15 15 15 11
15 15 15 18
15 18 15 21
15 18 13 18
16 23 16 22
16 23 14 23
16 23 18 23
19 6 19 5
19 6 19 8
19 6 18 6
21 23 21 22
21 23 19 23
21 23 22 23
22 0 22 1
22 0 21 0
22 0 23 0
22 1 22 0
22 1 22 8
22 1 21 1
22 1 23 1
23 0 22 0
23 2 23 5
23 5 23 20
0 9 0 8
0 9 0 10
0 9 0 8
0 9 0 10
0 10 0 15
2 1 2 0
2 1 2 4
2 1 1 1
4 3 4 0
4 3 4 4
4 3 4 0
4 3 4 4
15 18 15 21
15 18 13 18
22 1 22 8
22 1 21 1
0 8 0 7
0 10 0 15
0 15 0 20
1 8 1 7
1 8 1 19
1 8 2 8
1 19 1 21
1 19 3 19
2 8 2 7
2 8 2 16
2 16 2 17
3 19 3 6
3 19 3 20
3 19 4 19
3 19 3 6
3 20 3 22
13 19 13 20
13 19 12 19
13 19 14 19
0 20 0 21
2 7 2 5
2 21 1 21
3 20 3 22
4 5 4 4
0 6 0 1
0 20 0 21
1 5 1 4
2 4 2 1
2 4 1 4
0 6 0 1
1 3 1 1
1 1 1 0
1 1 0 1
1 1 2 1
0 0 1 0
2 0 3 0

3050

3 3 = = = = 3 1 4 4 4 = = = = 3 - - - - 3 3 1 1 
5 6 - 1 2 1   2 7 = = = = = = = = = = 4 - 3   2 
3 5 = = 4 1 - 2 4 - - - - - - - 2 1   |   1     
3           6 = = = = = = = = = = = = 6 3 = 2 3 
3 = = 4 3 1 | 2   1           2 - - - 7 - 2 3   
            | 3                       7 - - 7 4 
4 - - - - - 7 - - - - - - - - - - 5 2       | 1 
  4 = = 3   | 2   4                 1       |   
  ǁ     |   | 1   |                     3   6 3 
  ǁ 4 = 4   | 4 - 7 - - - - - - - 6 4   4 2 3 2 
  ǁ 2   1   | 2   3 1 1   3       5 4   2   3 2 
  5         6                         6     3 3 
    2   4 1   4           5           6 3 1 3 6 
  4     6 3   4 2 2   3 1 4 6 4 3 2 2 5 3     ǁ 
    2 1 2     4   1     2 3 2 | 1 1 ǁ 2     2 5 
      2 3 3   3 3     3 = = = 6 = = 6 = = 5 3 | 
      1   2   2   2           3 1       2   4 5 
1   2   6   5                           3     | 
2 5 4   6 2 5           4       1             3 
  2 3 2 3 4 5 - 2       3       2             2 
4 2                                     5 5 3 | 
2 3                                     4   5 5 
5 7 = = = = = = 2             2         5 1 3 4 
2 1 1 - - 2 - - - - - - - - - - - - - - 2 2 4 3 
