24 24
2 0 0 0 0 0 0 0 0 0 0 0 0 0 2 2 3 0 0 0 0 3 4 3 
0 0 2 0 3 0 0 0 0 0 0 2 0 0 2 1 0 2 0 0 4 0 1 0 
4 0 0 0 0 0 0 0 0 0 0 0 0 0 0 0 4 5 0 2 0 1 2 0 
0 1 0 0 0 0 0 0 0 0 0 2 1 0 4 2 0 0 1 0 0 0 0 0 
0 2 3 0 0 0 0 0 0 0 0 0 0 0 0 2 0 0 2 0 0 0 0 0 
0 2 4 0 0 0 0 0 0 0 0 4 0 0 6 3 0 0 0 0 0 1 3 0 
0 2 0 0 0 0 0 0 0 1 1 4 3 1 0 1 0 0 0 0 0 1 0 0 
0 4 5 0 0 0 0 0 0 4 1 0 3 3 0 0 0 0 0 2 0 0 0 0 
0 3 4 0 0 2 0 0 0 2 0 5 1 1 0 3 0 0 0 2 0 0 0 0 
0 0 0 0 0 0 0 0 0 0 0 2 0 0 0 0 0 0 2 2 0 0 0 0 
0 3 0 0 0 0 0 0 0 0 0 0 0 0 5 4 0 0 0 1 0 0 0 0 
0 2 2 0 1 1 0 0 5 0 5 3 1 1 0 0 0 4 4 1 0 0 0 0 
0 0 0 1 0 0 0 0 5 2 0 0 2 2 0 1 0 0 0 1 5 3 0 0 
0 3 4 0 0 0 0 0 0 0 4 0 5 2 0 0 0 0 0 4 0 3 0 0 
0 2 0 2 0 0 0 3 0 0 0 0 0 1 0 0 0 1 0 3 1 0 0 0 
0 5 6 0 0 0 0 5 2 1 0 2 4 3 0 2 0 2 0 3 0 4 0 0 
0 3 0 2 3 0 0 2 1 0 0 1 0 1 0 0 0 0 0 2 3 0 0 0 
0 3 4 0 4 1 3 5 2 0 0 2 4 0 6 3 0 0 0 0 0 0 0 0 
0 1 2 3 4 1 1 2 1 0 0 1 2 1 0 1 0 4 4 0 4 3 4 3 
6 0 0 0 0 0 0 0 0 0 5 0 0 0 4 2 0 1 2 1 1 0 1 0 
0 1 2 0 0 0 0 0 0 0 2 3 0 0 0 0 5 0 0 0 0 4 3 0 
6 0 0 0 0 0 0 0 0 2 1 4 0 0 3 1 0 0 1 0 3 0 2 2 
2 1 0 0 2 0 2 0 0 3 0 0 0 0 0 0 4 0 0 0 3 4 2 1 
2 0 0 0 0 0 0 0 0 4 0 2 0 0 1 1 4 0 0 0 2 3 3 1 
200 42
11 8 11 5
11 8 11 10
11 8 12 8
15 1 15 2
15 1 14 1
15 1 16 1
19 0 19 10
19 0 2 0
19 0 21 0
19 0 19 10
19 0 2 0
19 0 21 0
21 0 21 9
21 0 22 0
21 0 21 9
21 0 22 0
22 1 22 4
22 4 22 6
22 6 22 9
23 0 23 9
23 0 23 9
23 9 23 11
23 9 22 9
2 0 2 16
2 0 0 0
11 8 11 10
11 8 12 8
20 1 20 2
20 2 20 10
22 9 22 16
23 11 23 14
23 15 23 16
23 16 23 20
23 16 22 16
23 16 23 20
0 0 0 14
1 2 1 4
22 16 22 20
22 16 20 16
1 2 1 4
1 4 1 11
1 11 1 14

2110

2 - - - - - - - - - - - - - 2 2 3         3 4 3 
|   2 = 3 - - - - - - 2 - - 2 1   2     4   1   
4 - - - - - - - - - - - - - - - 4 5   2   1 2   
ǁ 1                   2 1   4 2     1           
ǁ 2 3                         2     2           
ǁ 2 4                 4     6 3           1 3   
ǁ 2               1 1 4 3 1   1           1     
ǁ 4 5             4 1   3 3           2         
ǁ 3 4     2       2   5 1 1   3       2         
ǁ                     2             2 2         
ǁ 3                         5 4       1         
ǁ 2 2   1 1 - - 5 = 5 3 1 1       4 4 1         
ǁ     1         5 2     2 2   1       1 5 3     
ǁ 3 4               4   5 2           4   3     
ǁ 2   2       3           1       1   3 1       
ǁ 5 6         5 2 1   2 4 3   2   2   3   4     
ǁ 3   2 3     2 1     1   1           2 3       
ǁ 3 4   4 1 3 5 2     2 4   6 3                 
ǁ 1 2 3 4 1 1 2 1     1 2 1   1   4 4   4 3 4 3 
6 = = = = = = = = = 5       4 2   1 2 1 1   1   
ǁ 1 2 - - - - - - - 2 3         5         4 3   
6 = = = = = = = = 2 1 4     3 1 |   1   3   2 2 
2 1 - - 2 - 2 - - 3 - - - - - - 4 - - - 3 4 2 1 
2 = = = = = = = = 4 - 2 - - 1 1 4 = = = 2 3 3 1 
