24 24
2 0 3 0 0 0 0 0 0 0 0 5 3 3 3 2 0 4 0 0 4 2 0 0 
2 4 0 0 0 0 0 0 0 0 0 6 0 0 0 0 0 4 1 1 3 0 0 0 
2 0 3 0 3 0 0 2 2 4 2 0 3 0 5 3 3 3 0 3 5 0 0 0 
0 0 0 0 0 0 0 0 0 0 0 0 5 0 6 2 0 0 2 3 3 0 0 0 
0 0 0 0 0 3 0 5 0 4 0 0 4 0 0 2 2 0 0 0 0 0 0 0 
0 0 0 0 0 2 0 2 1 0 0 0 0 0 0 3 2 0 0 0 0 0 0 0 
0 0 0 3 5 0 0 0 0 6 4 0 5 0 6 0 0 4 3 0 0 0 0 0 
2 0 2 0 0 3 0 4 0 0 0 0 0 0 0 1 0 3 0 0 0 0 2 0 
0 0 1 0 0 0 2 0 0 0 2 0 0 0 0 0 0 0 0 0 0 0 0 0 
2 0 0 2 0 0 0 2 0 0 3 0 1 0 0 0 0 0 2 0 0 0 0 0 
0 0 2 3 5 4 3 0 0 0 2 0 0 0 3 2 0 6 5 0 3 0 0 0 
0 0 0 0 2 2 0 0 0 0 0 0 0 0 3 0 0 4 4 0 0 0 0 0 
0 0 1 4 0 5 0 0 0 7 0 6 0 0 0 0 0 0 0 6 5 0 0 0 
0 0 0 2 3 2 3 3 2 0 1 0 0 0 0 0 0 0 0 0 0 0 0 0 
0 0 0 1 2 2 3 0 0 0 0 0 3 0 5 0 0 0 0 7 4 0 0 0 
4 7 0 0 0 0 0 6 8 6 4 0 3 0 0 2 0 5 0 4 0 0 0 0 
0 0 1 2 2 0 0 0 0 2 2 0 0 0 0 2 0 3 0 4 0 6 8 4 
0 0 0 0 0 0 0 0 6 3 0 0 2 0 6 6 3 0 0 0 0 0 3 0 
0 4 0 3 5 2 0 0 0 0 0 0 0 0 0 4 0 0 0 2 0 3 0 2 
0 1 1 1 4 2 0 0 4 0 0 0 0 0 5 3 0 0 0 0 0 0 1 0 
0 0 0 0 0 1 0 0 4 0 0 0 0 0 2 0 0 0 0 0 0 0 0 0 
4 0 4 3 6 5 0 3 5 0 0 7 0 0 0 0 5 3 1 0 0 0 0 0 
4 3 6 4 4 2 2 1 2 1 3 3 1 1 0 0 5 0 0 0 0 0 6 2 
2 3 5 5 4 1 4 0 5 0 4 0 0 0 0 0 2 1 2 0 0 0 6 2 
200 238
0 11 0 2
0 11 0 12
0 11 1 11
2 20 2 19
2 20 1 20
2 20 3 20
3 12 3 14
3 12 2 12
3 12 4 12
12 9 12 5
12 9 12 11
12 9 6 9
12 9 15 9
12 20 12 19
12 20 10 20
12 20 14 20
13 10 15 10
14 19 14 14
14 19 14 20
14 19 12 19
14 19 15 19
14 20 14 19
14 20 12 20
15 1 15 0
15 1 15 7
15 1 1 1
15 1 18 1
15 8 15 7
15 8 15 9
15 8 13 8
15 8 17 8
15 8 15 7
15 8 15 9
15 8 13 8
15 8 17 8
15 9 15 10
15 9 12 9
15 9 16 9
15 10 15 12
15 10 16 10
15 17 15 15
15 17 15 19
15 17 16 17
16 22 16 21
16 22 16 23
16 22 7 22
16 22 17 22
16 22 16 21
16 22 16 23
16 22 7 22
16 22 17 22
16 23 18 23
16 23 18 23
17 8 17 9
17 8 19 8
23 2 23 1
23 2 23 3
23 2 22 2
23 8 23 6
23 8 23 10
23 8 22 8
23 22 23 18
23 22 23 23
23 22 22 22
23 22 23 18
23 22 23 23
23 22 22 22
11 18 11 17
11 18 10 18
11 18 11 17
11 18 10 18
12 11 12 9
12 11 12 19
12 11 1 11
12 11 12 19
12 11 1 11
12 19 12 20
12 19 3 19
14 19 14 14
14 19 15 19
15 7 15 1
15 7 13 7
15 7 21 7
15 19 15 17
16 21 16 19
16 21 0 21
16 21 18 21
16 21 16 19
17 8 17 9
17 8 19 8
17 22 19 22
18 21 18 19
18 21 18 19
19 8 19 14
19 8 20 8
20 8 20 14
20 8 21 8
20 8 20 14
21 18 21 17
22 22 22 16
22 22 22 23
22 23 22 22
23 17 23 16
0 21 0 20
1 11 1 1
1 11 1 17
1 11 0 11
2 14 2 12
2 14 2 15
2 14 3 14
6 12 6 14
6 12 4 12
6 12 9 12
10 10 9 10
10 20 3 20
11 17 11 14
11 17 10 17
13 7 13 6
16 19 16 17
16 19 16 17
18 15 17 15
18 15 19 15
18 15 17 15
18 15 19 15
19 14 19 15
19 14 17 14
19 14 17 14
21 17 21 16
22 22 22 16
0 20 0 17
0 20 1 20
0 20 0 17
1 1 1 0
1 1 15 1
10 10 9 10
10 17 10 15
10 17 10 18
10 17 7 17
10 17 10 15
10 17 10 18
10 18 9 18
10 20 3 20
11 14 10 14
13 7 13 6
15 17 15 15
17 14 17 12
17 14 17 15
17 14 14 14
17 14 17 12
21 17 21 16
0 17 0 15
0 17 1 17
1 17 1 18
1 17 2 17
2 20 2 19
2 20 1 20
9 10 8 10
9 18 6 18
11 14 10 14
14 14 14 12
15 12 14 12
15 12 14 12
16 10 16 9
16 15 17 15
0 15 0 14
1 19 2 19
3 19 3 18
3 19 3 18
6 18 6 17
6 18 6 17
8 10 6 10
10 14 6 14
16 15 17 15
17 15 17 16
17 16 21 16
0 14 0 13
6 10 6 9
6 10 2 10
6 10 6 9
6 14 6 12
6 14 6 17
6 14 3 14
6 14 6 17
7 15 7 17
17 16 21 16
22 16 22 13
22 16 21 16
22 16 23 16
23 10 23 8
23 10 22 10
23 10 22 10
0 14 0 13
2 10 2 9
2 17 2 16
2 17 2 16
3 14 3 12
3 14 3 15
3 14 2 14
4 12 3 12
4 12 6 12
6 9 6 4
6 9 4 9
6 9 12 9
7 7 7 5
7 7 9 7
7 7 7 5
7 7 9 7
22 12 22 11
0 12 0 11
0 12 0 13
2 9 2 8
2 9 4 9
2 9 2 8
2 12 2 14
2 15 2 16
2 15 3 15
4 9 4 7
5 8 5 7
0 2 0 0
4 9 4 7
0 2 0 0
1 0 2 0
2 0 7 0
7 0 9 0
9 0 15 0
15 0 15 1
15 0 21 0
18 1 18 3
18 1 19 1
18 1 18 3
21 0 21 2
21 0 22 0
21 0 21 2
22 0 22 1
22 0 23 0
22 0 22 1
23 0 23 1
16 2 16 3

4067

2 = 3 - - - - - - - - 5 3 3 3 2 - 4 = = 4 2     
2 4 - - - - - - - - - 6 - - - - - 4 1 1 3 |     
2 ǁ 3   3     2 2 4 2 ǁ 3 = 5 3 3 3   3 5 |     
| ǁ               | | ǁ 5 = 6 2     2 3 3 |     
| ǁ       3   5 = 4 | ǁ 4   | 2 2     | ǁ |     
| ǁ       2   2 1 | | ǁ ǁ   | 3 2     | ǁ |     
| ǁ   3 5 - - - - 6 4 ǁ 5 = 6 = = 4 3 | ǁ |     
2 ǁ 2     3 = 4   ǁ | ǁ |   | 1 - 3 | | ǁ | 2   
| ǁ 1       2 ǁ   ǁ 2 ǁ |   |     | | | ǁ | ǁ   
2 ǁ   2       2   ǁ 3 ǁ 1   |     | 2 | ǁ | ǁ   
| ǁ 2 3 5 4 3     ǁ 2 ǁ     3 2 = 6 5 | 3 | ǁ   
| ǁ     2 2       ǁ   ǁ     3 - - 4 4 | | | ǁ   
| ǁ 1 4   5 - - - 7 = 6 = = = = = = = 6 5 | ǁ   
| ǁ   2 3 2 3 3 2 ǁ 1                 | ǁ | ǁ   
| ǁ   1 2 2 3 | ǁ ǁ |   3 - 5 = = = = 7 4 | ǁ   
4 7 = = = = = 6 8 6 4 - 3   | 2 = 5 = 4   | ǁ   
| | 1 2 2     | ǁ 2 2       | 2   3 = 4 = 6 8 4 
| |           | 6 3     2 = 6 6 3         | 3 ǁ 
| 4 = 3 5 2   | ǁ           ǁ 4 ǁ     2 = 3 | 2 
| 1 1 1 4 2   | 4 - - - - - 5 3 ǁ           1   
|         1   | 4 = = = = = 2   ǁ               
4 = 4 3 6 5   3 5     7         5 3 1           
4 3 6 4 4 2 2 1 2 1 3 3 1 1 - - 5 = = = = = 6 2 
2 3 5 5 4 1 4 - 5 = 4           2 1 2 = = = 6 2 
