24 24
2 1 0 0 0 0 0 0 0 0 0 0 0 0 0 4 0 0 4 1 0 3 0 3 
0 0 0 0 0 0 0 0 0 0 0 0 0 0 0 0 0 0 3 3 1 0 1 3 
3 4 0 0 0 0 0 0 0 0 0 0 0 0 0 6 0 0 0 0 0 5 1 0 
2 5 1 1 0 2 2 0 3 1 3 4 0 0 2 0 0 3 0 3 0 0 1 0 
1 3 1 0 0 0 3 1 0 1 0 0 0 0 0 0 0 0 0 2 0 0 0 0 
2 3 0 0 0 4 2 0 0 0 2 0 0 1 0 0 0 0 0 0 0 0 0 0 
0 0 1 0 0 0 1 0 0 3 0 5 1 0 0 0 0 3 0 3 0 5 2 0 
0 0 2 0 0 0 2 0 0 1 0 1 0 0 0 0 0 0 0 1 0 7 3 2 
0 3 0 0 0 0 0 0 0 0 2 0 0 5 0 0 0 1 1 0 0 3 4 2 
0 3 3 0 0 0 0 0 0 0 0 0 0 0 0 0 0 0 1 0 0 0 5 1 
0 0 1 0 0 3 3 0 5 0 0 0 0 6 4 0 0 0 0 0 0 0 0 1 
0 0 0 0 0 0 3 2 0 1 0 0 0 2 2 0 0 0 0 0 0 0 0 0 
5 0 0 0 0 6 0 0 6 0 0 0 0 0 0 4 0 0 0 0 0 0 4 0 
0 2 2 0 0 4 3 1 0 2 1 0 0 0 0 0 0 2 0 0 3 1 4 0 
0 0 0 0 0 0 1 0 0 5 5 0 0 0 0 5 0 0 0 0 4 0 6 4 
3 5 0 2 0 3 1 0 0 1 0 4 2 1 0 0 0 1 0 0 0 2 0 0 
0 1 0 1 0 4 1 0 0 1 2 0 0 0 0 0 2 3 0 0 0 3 1 1 
0 1 0 0 0 0 0 0 0 2 0 0 0 0 0 0 1 2 1 0 0 0 2 3 
0 3 0 0 0 5 0 0 6 5 1 5 0 5 0 5 0 0 0 0 0 4 3 5 
3 4 1 0 0 0 2 1 0 1 1 1 0 0 0 0 0 0 0 0 0 1 1 3 
0 4 2 2 2 1 3 0 5 0 3 1 0 0 1 5 0 0 0 0 0 0 4 3 
0 2 1 0 0 0 1 0 0 1 0 2 0 3 1 0 0 0 0 1 0 0 1 0 
2 0 0 0 4 0 0 0 6 2 1 2 0 0 0 6 0 0 4 4 1 0 0 0 
0 0 0 1 0 0 0 0 3 1 0 3 0 1 0 2 0 0 0 0 0 0 3 1 
200 21
7 21 7 19
7 21 7 22
7 21 6 21
7 21 8 21
12 0 12 5
12 0 5 0
12 0 15 0
14 23 14 22
14 23 10 23
14 23 16 23
14 23 14 22
18 23 18 22
18 23 17 23
18 23 19 23
22 19 22 18
22 19 22 20
22 19 21 19
22 19 22 18
7 21 7 22
7 21 6 21
7 21 8 21

2153

2 1                           4     4 1   3   3 
                                    3 3 1   1 3 
3 4                           6           5 1   
2 5 1 1   2 2   3 1 3 4     2     3   3     1   
1 3 1       3 1   1                   2         
2 3       4 2       2     1                     
|   1       1     3   5 1         3   3   5 2   
|   2       2     1   1               1 - 7 3 2 
| 3                 2     5       1 1     3 4 2 
| 3 3                               1       5 1 
|   1     3 3   5         6 4                 1 
|           3 2   1       2 2                 | 
5 - - - - 6     6             4             4 | 
| 2 2     4 3 1   2 1             2     3 1 4 | 
|           1     5 5         5         4   6 4 
3 5   2   3 1     1   4 2 1       1       2   | 
  1   1   4 1     1 2           2 3       3 1 1 
  1               2             1 2 1       2 3 
  3       5     6 5 1 5   5   5           4 3 5 
3 4 1       2 1   1 1 1                   1 1 3 
  4 2 2 2 1 3   5   3 1     1 5             4 3 
  2 1       1     1   2   3 1         1     1   
2       4       6 2 1 2       6     4 4 1       
      1         3 1   3   1   2             3 1 
