24 24
2 4 0 4 0 0 0 0 0 0 0 0 1 2 3 4 2 1 2 0 0 0 4 1 
3 4 1 0 2 0 4 3 3 0 0 0 0 0 4 3 3 5 0 0 0 3 4 3 
2 0 0 4 0 0 4 3 6 0 0 0 3 3 0 0 2 2 1 0 0 0 0 0 
3 1 0 0 0 0 2 1 4 0 0 4 3 3 0 0 0 0 0 0 0 0 0 1 
6 7 0 5 0 0 0 0 0 0 0 0 0 0 6 0 0 0 0 0 0 5 0 0 
0 0 1 0 3 3 0 0 4 0 3 1 3 1 0 3 0 0 4 0 0 4 0 0 
3 0 0 0 4 0 4 3 2 0 0 0 0 0 0 0 2 0 0 1 1 0 0 1 
0 0 3 6 0 0 0 0 0 0 7 0 4 0 0 0 0 0 0 0 0 0 0 0 
1 0 1 3 2 3 0 5 0 1 1 2 3 0 0 0 3 0 5 6 4 0 0 0 
3 5 0 0 0 0 0 8 4 2 4 0 5 0 0 0 2 1 0 0 0 0 3 3 
4 6 4 0 0 4 0 4 3 1 0 0 0 0 0 0 0 0 0 0 3 0 0 0 
1 6 0 0 0 0 0 0 0 0 0 0 5 2 0 0 0 0 0 0 2 0 0 1 
0 0 2 4 5 0 0 6 0 0 0 0 3 0 0 4 7 2 0 4 2 0 0 0 
0 0 0 2 0 0 0 0 0 0 0 0 0 0 0 0 2 0 0 2 2 0 0 0 
0 0 5 0 7 1 0 0 0 0 0 0 0 0 0 3 4 0 5 0 0 0 0 0 
2 0 0 0 0 0 0 0 0 0 0 0 0 0 0 3 5 0 3 0 0 0 0 2 
0 0 0 0 0 0 0 0 0 0 0 0 0 0 0 4 0 0 0 7 5 0 0 0 
0 0 0 0 0 0 0 0 0 0 0 0 0 0 0 0 3 0 4 0 4 0 0 0 
0 0 3 0 0 0 0 4 0 0 2 0 0 0 0 2 2 2 4 0 0 0 0 0 
0 0 1 0 0 0 0 0 0 0 0 0 0 0 0 1 2 1 0 0 0 0 0 0 
4 6 0 0 5 0 0 0 0 0 0 0 0 0 5 0 0 0 6 5 3 0 0 0 
4 5 1 0 2 2 0 4 0 3 2 0 0 0 0 1 0 0 5 0 0 5 3 3 
1 1 1 0 0 0 0 4 0 0 0 0 0 0 6 0 0 0 6 2 4 7 4 1 
1 2 0 0 0 0 0 3 0 0 0 0 1 1 4 0 1 2 5 3 3 3 4 1 
200 90
4 0 4 1
4 0 3 0
4 0 6 0
4 1 4 0
4 1 4 3
4 1 3 1
4 1 9 1
4 21 4 14
4 21 1 21
4 21 5 21
7 10 7 3
7 10 7 12
7 10 5 10
7 10 8 10
8 7 8 5
8 7 8 9
8 7 9 7
8 11 8 12
9 7 9 1
9 7 9 8
9 7 8 7
9 7 10 7
12 4 12 3
12 4 12 7
12 4 14 4
12 16 12 15
12 16 12 17
12 16 9 16
12 16 13 16
13 3 12 3
14 2 14 4
14 2 12 2
14 2 18 2
14 4 14 2
14 4 14 5
14 4 12 4
14 4 20 4
14 4 20 4
14 18 14 16
14 18 8 18
14 18 15 18
16 19 16 15
16 19 16 20
16 19 13 19
16 19 20 19
17 18 17 16
17 18 18 18
17 18 17 16
17 18 18 18
17 20 16 20
17 20 20 20
17 20 16 20
17 20 20 20
22 21 22 20
22 21 22 22
22 21 21 21
22 21 23 21
23 14 23 13
23 14 23 16
23 14 22 14
23 14 22 14
23 18 23 17
23 18 23 19
23 18 22 18
4 0 4 1
4 0 3 0
6 0 8 0
6 4 6 6
6 4 5 4
6 4 6 6
6 4 5 4
7 10 7 3
7 10 7 12
7 10 5 10
8 11 8 12
9 7 9 1
9 7 9 8
9 7 8 7
10 5 10 2
10 5 10 7
10 5 10 2
10 5 10 7
13 3 12 3
15 16 15 15
15 16 15 18
15 16 14 16
17 16 18 16
3 0 2 0
8 5 8 4
8 5 8 4

2074

2 4   4                 1 2 3 4 2 1 2       4 1 
3 4 1   2   4 3 3           4 3 3 5       3 4 3 
2     4     4 3 6       3 3     2 2 1     |     
3 1         2 1 4     4 3 3               |   1 
6 7 - 5                     6 - - - - - - 5     
| | 1   3 3     4   3 1 3 1   3     4     4     
3 |     4 = 4 3 2   ǁ           2     1 1     1 
| | 3 6 = = = = = = 7 = 4                       
1 | 1 3 2 3 - 5 - 1 1 2 3       3   5 6 4       
3 5 = = = = = 8 4 2 4   5       2 1 |       3 3 
4 6 4 = = 4 = 4 3 1             |   |   3       
1 6                     5 2     |   |   2     1 
    2 4 5 - - 6         3     4 7 2 | 4 2       
    | 2 ǁ                       2   | 2 2       
    5 = 7 1                   3 4 - 5 |         
2   |   ǁ                     3 5 - 3 |       2 
    |   ǁ                     4 - - - 7 5       
    |   ǁ                       3 = 4 | 4       
    3   ǁ     4     2         2 2 2 4 | ǁ       
    1   ǁ                     1 2 1   | ǁ       
4 6     5                   5       6 5 3       
4 5 1   2 2   4   3 2         1     5     5 3 3 
1 1 1         4             6       6 2 4 7 4 1 
1 2           3         1 1 4 - 1 2 5 3 3 3 4 1 
