24 24
2 0 1 0 0 0 0 1 0 0 0 0 0 0 0 0 0 1 0 0 4 0 1 2 
4 1 5 0 0 0 0 7 0 0 0 0 0 0 0 0 0 3 3 0 7 2 2 5 
0 1 4 3 5 3 0 0 0 3 0 0 0 0 0 0 0 5 6 2 0 2 0 2 
2 0 0 0 0 0 0 0 0 2 0 0 0 2 0 0 0 5 4 1 0 0 3 3 
0 3 0 0 4 4 0 6 0 0 0 0 0 0 0 0 0 0 0 0 5 4 0 4 
0 4 1 0 0 0 1 0 3 0 3 2 0 2 1 0 0 2 1 1 0 1 0 0 
0 3 2 0 3 0 0 0 0 0 0 0 0 0 0 0 0 0 0 0 0 3 4 3 
0 2 0 0 0 0 0 0 2 2 5 7 0 6 0 0 0 5 6 4 0 0 2 1 
0 0 0 0 0 0 0 0 0 0 0 3 0 0 2 0 2 0 0 0 0 0 0 0 
0 0 0 0 0 0 0 0 0 0 0 1 0 0 0 0 0 0 0 0 0 0 0 0 
0 0 0 0 0 0 4 6 4 3 0 3 0 6 3 0 0 0 0 1 0 0 1 0 
0 0 0 0 0 0 1 3 2 0 0 2 1 0 0 0 0 0 0 0 0 0 1 0 
0 0 0 0 0 4 0 0 0 0 7 0 0 3 0 0 0 0 0 0 0 0 0 0 
0 0 0 0 0 4 0 0 1 0 5 0 0 0 0 0 3 5 4 0 0 5 5 4 
0 0 0 0 0 3 0 0 0 0 0 0 0 0 1 1 0 3 0 0 0 0 5 5 
0 4 5 0 7 0 0 0 0 0 0 0 0 0 0 0 0 0 0 0 7 6 5 4 
0 2 5 2 0 0 0 2 0 0 0 0 0 5 0 3 2 4 3 2 0 2 3 4 
3 0 0 0 4 0 0 0 0 0 0 0 0 6 0 4 0 0 2 0 0 4 4 3 
4 0 0 0 4 0 1 0 0 0 0 0 0 2 0 0 0 3 3 0 0 2 0 1 
3 3 0 0 5 0 0 0 0 0 0 0 0 0 0 0 0 0 0 0 5 0 3 4 
3 0 0 0 4 1 1 0 0 3 0 0 0 0 3 0 0 0 3 1 0 2 5 4 
3 3 0 0 6 0 4 2 6 5 0 0 0 0 0 0 0 0 0 0 5 0 6 3 
4 7 4 2 4 4 5 1 6 0 0 0 0 0 0 0 0 0 0 0 6 2 4 3 
3 6 0 2 1 2 4 2 4 0 3 0 0 0 2 1 0 0 0 0 2 3 5 3 
200 61
0 20 0 17
0 20 0 22
0 20 1 20
0 20 1 20
0 23 1 23
0 23 1 23
1 7 1 2
1 7 1 17
1 7 0 7
1 7 4 7
1 20 1 18
1 20 1 21
1 20 4 20
2 4 2 3
2 4 2 5
2 4 4 4
7 11 7 10
7 11 7 13
7 11 5 11
7 11 8 11
10 6 10 7
10 6 5 6
10 6 11 6
10 6 10 7
12 10 12 5
12 10 12 13
12 10 7 10
12 10 13 10
14 23 14 22
14 23 13 23
14 23 15 23
15 4 15 2
15 4 15 20
15 4 6 4
15 4 17 4
16 13 16 7
16 13 16 15
16 13 17 13
21 8 21 7
21 8 21 9
21 8 22 8
21 8 21 7
21 8 21 9
21 8 22 8
22 1 22 0
22 1 22 2
22 1 21 1
22 1 23 1
23 1 23 0
23 1 23 3
23 1 22 1
23 22 23 21
23 22 23 23
23 22 22 22
1 7 1 2
1 7 1 17
1 7 4 7
16 7 16 13
23 1 23 0
23 1 23 3
23 0 22 0

2464

2   1         1                   1 - - 4 - 1 2 
4 1 5 = = = = 7 = = = = = = = = = 3 3 - 7 2 2 5 
  1 4 3 5 3   ǁ   3               5 6 2 | 2   2 
2       |     ǁ   2       2       5 4 1 |   3 3 
  3     4 4   6                         5 4   4 
  4 1       1   3   3 2   2 1     2 1 1   1     
  3 2   3   |         |                   3 4 3 
  2     |   |   2 2 5 7 - 6       5 6 4     2 1 
        |   |       | 3     2   2               
        |   |       | 1                         
        |   4 6 4 3 | 3   6 3         1     1   
        |   1 3 2   | 2 1                   1   
        | 4 - - - - 7 - - 3                     
        | 4     1   5           3 5 4     5 5 4 
        | 3                 1 1   3         5 5 
  4 5 - 7 - - - - - - - - - - - - - - - 7 6 5 4 
  2 5 2 |     2 = = = = = 5 - 3 2 4 3 2   2 3 4 
3       4                 6   4     2     4 4 3 
4       4   1             2       3 3     2   1 
3 3     5                               5   3 4 
3       4 1 1     3         3       3 1   2 5 4 
3 3     6   4 2 6 5                     5   6 3 
4 7 4 2 4 4 5 1 6                       6 2 4 3 
3 6 = 2 1 2 4 2 4   3       2 1         2 3 5 3 
