24 24
1 4 0 0 2 3 3 0 0 2 2 0 0 0 0 0 3 4 3 0 0 2 3 2 
2 4 0 0 0 3 1 0 0 0 4 4 0 3 1 0 0 2 3 3 4 0 0 1 
1 0 0 0 0 0 0 0 0 0 1 1 0 2 1 0 0 2 4 1 2 0 0 0 
2 4 0 0 0 0 0 0 0 4 0 0 0 0 0 0 5 0 0 0 0 4 5 2 
0 0 3 0 0 0 0 0 0 4 1 3 4 0 0 2 0 1 3 0 3 0 0 2 
0 0 1 1 1 0 3 0 0 0 0 3 0 4 2 0 0 0 2 1 0 0 5 5 
2 0 1 5 1 1 4 0 1 0 0 0 4 6 3 0 5 2 3 0 4 0 2 1 
0 0 1 0 0 1 1 0 0 0 0 0 1 2 3 0 4 2 4 2 0 0 2 1 
2 0 0 0 1 4 0 0 0 0 0 4 0 0 0 4 0 0 0 0 5 5 3 2 
0 0 0 0 0 0 0 1 0 0 0 0 0 0 0 0 2 0 5 3 0 0 0 1 
4 6 4 4 0 0 0 0 0 0 0 0 0 0 0 0 0 2 0 0 0 0 0 2 
0 0 0 0 0 0 0 0 0 0 0 0 0 0 0 0 3 3 0 0 0 0 0 0 
0 0 0 0 0 0 0 0 0 0 0 0 1 0 0 0 2 1 0 1 0 0 0 0 
0 3 0 0 0 0 0 0 0 0 0 0 0 0 0 0 0 0 0 2 0 0 0 0 
0 2 0 1 0 0 0 0 0 0 0 0 0 0 0 0 0 0 0 0 0 0 0 3 
0 3 0 0 0 0 2 5 0 1 0 0 0 0 0 0 0 0 0 0 0 0 0 0 
0 0 0 0 0 0 1 0 0 0 0 0 2 0 0 5 0 0 5 4 0 0 3 3 
0 3 4 2 0 0 2 5 0 0 0 3 2 0 0 5 3 2 0 3 0 0 1 1 
2 1 0 2 0 0 1 2 0 1 0 0 0 1 0 0 0 1 0 0 0 0 2 2 
1 0 5 3 0 3 0 0 2 1 0 0 3 5 0 4 0 1 5 6 0 0 1 0 
1 1 2 0 0 0 0 0 0 0 0 0 0 3 1 0 0 1 2 2 0 3 1 0 
0 0 0 0 0 0 0 0 0 0 0 2 2 2 0 4 0 0 0 0 0 2 2 2 
0 0 0 0 0 0 1 0 0 2 0 0 0 0 0 2 4 0 0 0 6 3 4 3 
2 0 0 0 4 0 0 0 0 0 0 0 0 0 0 0 0 0 0 0 5 1 1 1 
200 52
4 2 4 9
4 2 5 2
4 2 4 9
5 23 5 22
5 23 4 23
5 23 6 23
6 3 6 2
6 3 6 4
6 3 5 3
6 3 10 3
6 3 10 3
7 2 10 2
23 20 23 4
23 20 23 21
23 20 22 20
5 4 5 6
5 23 5 22
5 23 4 23
23 20 23 4
23 20 22 20
22 20 22 16
22 20 22 21
22 20 8 20
22 20 22 16
23 4 23 0
23 4 8 4
10 3 10 2
10 3 14 3
19 19 19 18
19 19 17 19
19 19 20 19
19 19 19 18
19 19 17 19
19 19 20 19
22 16 22 15
22 16 17 16
23 0 20 0
10 2 10 1
10 2 17 2
10 1 10 0
10 1 3 1
10 1 13 1
10 1 10 0
10 1 3 1
13 1 14 1
10 0 8 0
10 0 18 0
13 1 14 1
15 1 17 1
8 0 6 0
15 1 17 1
6 0 3 0

2901

1 4     2 3 3     2 2           3 4 3     2 3 2 
2 4       3 1       4 4   3 1     2 3 3 4     1 
1                   1 1   2 1     2 4 1 2       
2 4               4             5         4 5 2 
| ǁ 3 = = = = = = 4 1 3 4     2   1 3   3     2 
| ǁ 1 1 1 - 3         3   4 2       2 1     5 5 
2 ǁ 1 5 1 1 4   1       4 6 3   5 2 3   4   2 1 
| ǁ 1 ǁ   1 1           1 2 3   4 2 4 2     2 1 
2 ǁ | ǁ 1 4           4       4         5 5 3 2 
| ǁ | ǁ |     1                 2   5 3 |     1 
4 6 4 4 |                         2     |     2 
| | | | |                       3 3     |       
| | | | |               1       2 1   1 |       
| 3 | | |                             2 |       
| 2 | 1 |                               |     3 
| 3 |   |   2 5   1                     |       
| ǁ |   |   1           2     5     5 4 |   3 3 
| 3 4 2 |   2 5       3 2     5 3 2   3 |   1 1 
2 1   2 |   1 2   1       1     | 1   ǁ |   2 2 
1   5 3 | 3     2 1     3 5   4 | 1 5 6 |   1   
1 1 2   |                 3 1   | 1 2 2 | 3 1   
|       |             2 2 2   4 |       | 2 2 2 
|       |   1     2           2 4 = = = 6 3 4 3 
2 - - - 4 = = = = = = = = = = = = = = = 5 1 1 1 
