24 24
3 0 0 0 5 0 0 0 0 6 0 0 0 0 0 4 0 1 1 3 2 1 1 1 
0 1 0 0 0 1 0 4 1 0 2 0 3 0 0 4 0 0 0 5 0 0 6 3 
0 0 0 0 0 2 1 0 1 0 1 0 2 3 3 0 1 0 0 0 2 3 1 1 
0 0 0 0 0 3 0 5 2 0 2 0 2 0 2 0 3 0 0 4 0 4 2 0 
0 0 0 0 0 2 1 0 0 0 0 1 3 3 1 0 1 0 0 4 3 0 0 0 
0 2 0 0 5 0 0 5 3 0 0 1 3 2 1 0 2 0 2 0 1 0 0 0 
0 3 0 0 6 3 1 0 0 0 0 0 2 2 1 0 1 0 0 0 0 0 0 0 
0 2 3 2 0 2 1 0 0 0 2 0 0 0 0 5 0 0 5 4 2 0 0 0 
0 1 1 1 0 1 0 4 0 0 3 0 0 0 3 0 3 2 0 3 1 0 0 0 
0 0 0 0 0 3 2 0 0 0 4 2 0 2 0 0 0 0 0 0 0 0 0 0 
0 3 4 2 0 0 0 0 0 0 2 2 1 0 0 0 0 0 0 0 0 0 0 0 
0 0 2 1 0 0 0 0 0 5 0 0 0 7 2 0 0 0 0 0 0 0 0 0 
0 0 4 2 0 0 1 0 0 0 3 1 0 0 0 0 0 0 0 0 0 0 0 0 
0 0 0 0 0 0 0 0 0 0 0 1 0 0 0 0 0 0 0 0 0 0 0 0 
0 0 0 0 0 0 0 0 0 3 6 5 2 2 2 0 0 0 0 0 0 0 0 0 
3 4 5 2 6 4 0 0 0 3 4 3 1 1 0 0 0 0 0 0 0 0 0 0 
0 0 0 1 0 0 3 4 0 2 2 2 1 0 0 0 0 0 0 0 0 0 2 0 
3 0 0 1 0 0 1 1 2 0 0 0 0 3 0 0 0 0 0 0 0 0 0 0 
2 0 3 4 0 0 2 3 0 0 0 0 0 6 5 0 0 0 0 0 0 0 1 0 
1 0 1 2 0 0 1 3 0 0 0 2 0 0 0 0 0 0 0 0 0 0 1 0 
0 0 0 0 0 0 1 0 0 0 0 0 0 0 0 0 0 0 0 0 2 5 4 2 
3 2 3 0 3 0 0 2 0 0 0 0 0 3 1 0 0 0 0 0 0 0 2 2 
4 2 1 1 2 2 2 2 0 0 0 0 2 1 1 3 2 0 4 0 1 5 1 1 
1 0 0 0 3 0 0 0 0 0 0 0 0 0 0 0 0 0 5 5 1 4 3 1 
200 53
0 4 0 0
0 4 0 9
0 4 5 4
0 9 0 4
0 9 0 15
0 9 11 9
1 1 5 1
1 7 1 5
1 7 1 8
1 7 3 7
1 7 3 7
1 22 1 19
1 22 1 23
1 22 0 22
1 22 2 22
2 8 3 8
11 13 11 9
11 13 11 14
11 13 9 13
11 13 14 13
23 18 23 4
23 18 23 19
23 18 22 18
23 19 23 18
23 19 23 20
23 19 8 19
23 21 23 22
23 21 22 21
23 21 23 22
23 21 22 21
0 9 0 15
0 9 11 9
0 15 0 17
0 15 1 15
0 21 0 20
0 23 1 23
1 22 1 19
1 22 1 23
2 23 20 23
18 14 18 13
18 14 14 14
18 14 21 14
23 19 23 18
0 20 0 19
22 18 22 16
22 18 7 18
22 18 22 16
8 17 8 16
22 15 22 14
22 15 7 15
22 15 7 15
8 16 8 17
8 16 6 16

1994

3 - - - 5 = = = = 6 = = = = = 4 - 1 1 3 2 1 1 1 
  1     | 1 - 4 1 ǁ 2   3     4       5 = = 6 3 
  |     | 2 1 ǁ 1 ǁ 1   2 3 3   1       2 3 1 1 
  |     | 3   5 2 ǁ 2   2   2   3     4   4 2 | 
  |     | 2 1     ǁ   1 3 3 1   1     4 3     | 
  2     5     5 3 ǁ   1 3 2 1   2   2   1     | 
  3     6 3 1     ǁ     2 2 1   1             | 
  2 3 2   2 1     ǁ 2         5 |   5 4 2     | 
  1 1 1   1   4   ǁ 3       3 ǁ 3 2 | 3 1     | 
          3 2     ǁ 4 2   2   ǁ     | |       | 
  3 4 2           ǁ 2 2 1 |   ǁ     | |       | 
    2 1           5 - - - 7 2 ǁ     | |       | 
    4 2     1       3 1   |   ǁ     | |       | 
                      1   |   ǁ     | |       | 
                  3 6 5 2 2 2 ǁ     | |       | 
3 4 5 2 6 4       3 4 3 1 1 | ǁ     | |       | 
      1     3 4   2 2 2 1   | ǁ     | |     2 | 
3     1     1 1 2         3 | ǁ     | |       | 
2   3 4     2 3           6 5 ǁ     | |     1 | 
1   1 2     1 3       2     | ǁ     | |     1 | 
            1               | ǁ     | | 2 5 4 2 
3 2 3   3     2           3 1 ǁ     | |     2 2 
4 2 1 1 2 2 2 2         2 1 1 3 2 = 4 | 1 5 1 1 
1       3 - - - - - - - - - - - - - 5 5 1 4 3 1 
