24 24
0 3 0 0 4 0 0 3 0 3 0 3 2 3 0 0 0 0 0 0 2 1 4 2 
3 5 3 1 4 4 0 5 2 0 0 0 1 3 0 0 0 0 1 0 0 0 5 2 
3 0 2 0 0 0 0 0 0 0 0 0 0 3 0 0 0 0 4 2 0 0 0 1 
0 4 0 5 0 0 0 0 0 5 2 6 0 0 0 0 0 0 0 0 5 3 0 0 
0 2 0 0 0 0 0 1 1 4 2 3 3 4 0 0 0 2 1 0 0 0 0 2 
3 0 0 0 0 0 0 0 0 0 0 0 0 5 0 2 3 5 2 0 0 1 0 0 
5 0 5 0 0 5 4 0 0 0 0 0 0 0 2 2 2 0 0 0 0 0 0 0 
2 0 0 0 0 0 0 0 0 0 0 0 0 0 3 0 0 7 0 0 6 0 5 3 
1 0 0 0 0 0 0 0 0 0 0 0 0 0 3 2 0 0 4 4 0 3 6 3 
4 1 0 0 0 0 0 0 0 0 0 0 0 0 2 4 2 0 2 0 0 0 0 2 
0 0 0 0 0 0 3 0 0 0 0 0 0 0 0 0 0 0 2 0 0 0 0 0 
0 0 0 0 0 0 0 0 2 0 0 0 0 0 0 3 0 0 0 0 0 4 6 2 
3 0 5 0 0 4 0 0 0 0 0 0 0 0 0 0 0 0 0 0 0 5 7 5 
3 2 0 1 0 4 4 1 0 0 0 0 0 0 0 5 0 7 5 6 0 5 4 0 
4 0 6 0 0 0 0 0 7 0 0 2 0 0 0 3 2 0 2 2 0 0 0 0 
0 0 0 0 0 0 0 0 1 0 0 0 0 0 5 0 0 7 7 2 0 3 0 0 
3 0 0 0 0 0 0 0 0 0 0 0 0 0 0 1 3 3 5 3 0 1 0 0 
2 0 0 0 0 0 0 0 0 0 0 0 0 0 6 0 6 0 2 2 0 0 0 3 
3 0 0 0 0 0 0 0 0 0 0 0 0 0 4 2 1 0 0 0 0 0 0 0 
4 0 5 0 0 0 0 0 0 0 0 0 0 5 0 0 0 0 0 0 4 0 5 2 
3 2 0 2 0 0 3 0 5 3 0 4 2 0 2 5 0 4 5 2 0 0 4 1 
2 2 0 4 0 0 0 0 4 0 0 0 0 5 0 5 0 0 6 3 3 0 4 1 
4 0 6 7 1 3 5 0 0 0 0 0 0 6 2 3 4 0 4 2 3 0 3 0 
2 2 3 3 2 3 3 2 2 0 0 0 0 3 1 2 4 0 0 4 0 0 1 0 
200 58
6 0 6 2
6 0 5 0
6 0 7 0
7 17 7 14
7 17 7 20
7 17 5 17
7 17 13 17
8 18 8 19
8 18 9 18
8 18 8 19
8 18 9 18
9 0 9 1
9 0 8 0
9 0 12 0
9 0 12 0
10 18 13 18
12 21 12 22
12 21 11 21
12 21 13 21
12 23 12 22
12 23 11 23
12 23 17 23
14 8 14 2
14 8 14 11
14 8 11 8
14 8 15 8
15 14 15 17
15 14 9 14
15 14 17 14
15 18 15 17
15 18 15 19
15 18 14 18
15 18 16 18
20 8 20 6
20 8 20 9
20 8 21 8
22 3 22 2
22 3 22 4
22 3 21 3
22 3 23 3
10 18 13 18
13 15 13 17
13 15 11 15
13 15 14 15
14 8 14 2
14 8 14 11
14 8 11 8
20 11 20 9
20 11 20 12
22 3 22 2
22 3 21 3
22 3 23 3
9 16 9 15
20 11 20 9
20 11 20 12
9 16 9 15
20 8 20 6
20 8 21 8

4281

  3     4     3   3   3 2 3             2 1 4 2 
3 5 3 1 4 4   5 2       1 3         1       5 2 
3   2                     3         4 2       1 
  4   5           5 2 6                 5 3     
  2           1 1 4 2 3 3 4       2 1         2 
3                         5   2 3 5 2     1     
5 - 5     5 4               2 2 2 |             
2                           3 - - 7 - - 6   5 3 
1                           3 2   | 4 4   3 6 3 
4 1                         2 4 2 | 2         2 
ǁ           3               |     | 2           
ǁ               2           | 3   | ǁ     4 6 2 
3   5     4     ǁ           | |   | ǁ     5 7 5 
3 2   1   4 4 1 ǁ           | 5 - 7 5 6   5 4 | 
4   6 = = = = = 7 = = 2     | 3 2   2 2       | 
                1           5 - - 7 7 2   3   | 
3                           | 1 3 3 5 3   1   | 
2                           6   6   2 2       3 
3                           4 2 1               
4   5                     5             4   5 2 
3 2   2     3 = 5 3 = 4 2   2 5   4 5 2     4 1 
2 2   4         4         5   5     6 3 3   4 1 
4   6 7 1 3 5             6 2 3 4   4 2 3   3   
2 2 3 3 2 3 3 2 2         3 1 2 4     4     1   
