24 24
2 0 3 0 0 0 0 0 0 0 0 4 2 3 2 1 0 4 0 0 4 2 0 0 
1 3 0 0 0 0 0 0 0 0 0 5 0 0 0 0 0 4 1 1 1 0 0 0 
1 0 2 0 2 0 0 2 2 3 1 0 3 0 4 2 2 3 0 3 1 0 0 0 
0 0 0 0 0 0 0 0 0 0 0 0 2 0 5 2 0 0 1 2 1 0 0 0 
0 0 0 0 0 3 0 5 0 4 0 0 2 0 0 2 1 0 0 0 0 0 0 0 
0 0 0 0 0 2 0 2 1 0 0 0 0 0 0 3 2 0 0 0 0 0 0 0 
0 0 0 2 5 0 0 0 0 6 4 0 4 0 5 0 0 4 3 0 0 0 0 0 
2 0 2 0 0 2 0 2 0 0 0 0 0 0 0 1 0 3 0 0 0 0 2 0 
0 0 1 0 0 0 2 0 0 0 2 0 0 0 0 0 0 0 0 0 0 0 0 0 
2 0 0 1 0 0 0 1 0 0 3 0 1 0 0 0 0 0 1 0 0 0 0 0 
0 0 2 3 5 4 3 0 0 0 2 0 0 0 2 2 0 5 1 0 2 0 0 0 
0 0 0 0 2 2 0 0 0 0 0 0 0 0 1 0 0 3 2 0 0 0 0 0 
0 0 1 4 0 5 0 0 0 6 0 6 0 0 0 0 0 0 0 5 4 0 0 0 
0 0 0 2 3 2 3 3 2 0 1 0 0 0 0 0 0 0 0 0 0 0 0 0 
0 0 0 1 2 1 2 0 0 0 0 0 3 0 4 0 0 0 0 5 4 0 0 0 
3 5 0 0 0 0 0 5 7 4 4 0 3 0 0 1 0 2 0 1 0 0 0 0 
0 0 1 2 2 0 0 0 0 2 2 0 0 0 0 2 0 3 0 2 0 5 7 3 
0 0 0 0 0 0 0 0 5 2 0 0 2 0 5 4 1 0 0 0 0 0 2 0 
0 4 0 3 5 1 0 0 0 0 0 0 0 0 0 1 0 0 0 1 0 2 0 1 
0 1 1 1 2 1 0 0 4 0 0 0 0 0 4 1 0 0 0 0 0 0 1 0 
0 0 0 0 0 1 0 0 3 0 0 0 0 0 2 0 0 0 0 0 0 0 0 0 
4 0 4 2 3 4 0 3 4 0 0 7 0 0 0 0 4 3 1 0 0 0 0 0 
4 1 3 2 2 1 1 1 2 1 2 3 1 1 0 0 4 0 0 0 0 0 4 1 
2 2 4 4 2 1 2 0 3 0 2 0 0 0 0 0 2 1 1 0 0 0 4 1 
200 25
14 20 14 19
14 20 12 20
15 8 15 7
15 8 15 9
15 8 13 8
15 8 17 8
16 22 16 21
16 22 16 23
16 22 7 22
16 22 17 22
16 23 16 22
16 23 18 23
21 11 21 8
21 11 21 16
21 11 12 11
21 11 22 11
23 22 23 18
23 22 23 23
23 22 22 22
23 22 22 22
14 20 14 19
14 20 12 20
20 14 19 14
22 23 22 22
20 14 19 14

2085

2   3                 4 2 3 2 1   4     4 2     
1 3                   5           4 1 1 1       
1   2   2     2 2 3 1   3   4 2 2 3   3 1       
                        2   5 2     1 2 1       
          3   5   4     2     2 1               
          2   2 1             3 2               
      2 5         6 4   4   5     4 3           
2   2     2   2               1   3         2   
    1       2       2                       |   
2     1       1     3   1           1       |   
    2 3 5 4 3       2       2 2   5 1   2   |   
        2 2                 1     3 2       |   
    1 4   5       6   6               5 4   |   
      2 3 2 3 3 2   1 |                 ǁ   |   
      1 2 1 2   |     | 3   4         5 4   |   
3 5           5 7 4 4 | 3     1   2   1     |   
    1 2 2       | 2 2 |       2   3   2   5 7 3 
                5 2   | 2   5 4 1           2 | 
  4   3 5 1           |       1       1   2   1 
  1 1 1 2 1     4     |     4 1             1   
          1     3     |     2                   
4   4 2 3 4   3 4 - - 7 - - - - 4 3 1           
4 1 3 2 2 1 1 1 2 1 2 3 1 1     4           4 1 
2 2 4 4 2 1 2   3   2           2 1 1 - - - 4 1 
