24 24
0 1 0 0 0 0 2 0 0 0 0 0 2 0 4 2 4 1 4 0 0 0 3 1 
0 0 0 0 4 0 6 0 0 0 0 0 0 0 8 2 4 3 5 2 0 0 0 2 
0 0 0 0 2 0 1 1 0 0 0 0 0 0 0 2 0 2 2 0 0 0 0 0 
4 0 0 0 0 0 0 5 0 0 0 3 1 0 0 0 0 2 8 0 0 0 7 2 
0 0 0 0 0 1 0 5 0 0 0 0 0 0 8 6 0 2 0 2 4 0 0 0 
0 4 0 0 4 2 0 4 4 4 0 4 2 0 0 4 0 4 0 4 7 2 0 0 
0 0 0 0 3 0 1 0 2 0 0 0 0 0 0 2 0 0 0 3 0 0 0 0 
6 8 0 0 8 0 5 0 0 8 0 0 0 0 7 0 8 5 0 0 0 0 0 0 
2 2 2 0 4 1 4 4 2 0 2 4 2 0 0 2 0 0 0 0 0 0 0 0 
4 0 0 0 4 2 4 0 0 5 3 6 2 0 0 0 0 0 0 0 0 0 0 0 
0 0 2 0 6 2 0 2 0 4 0 0 0 0 0 0 0 0 0 0 0 0 0 0 
0 0 0 0 0 0 0 0 0 0 0 0 0 0 0 0 0 0 0 0 0 0 0 0 
0 4 0 0 0 0 0 0 0 8 0 8 2 0 0 5 3 3 0 1 0 0 0 2 
0 0 0 0 0 0 0 0 2 0 0 0 2 0 0 2 2 2 0 0 0 0 0 0 
0 5 0 1 0 0 0 0 0 0 0 0 0 0 0 2 6 0 8 0 5 2 0 0 
0 6 0 0 0 0 3 3 4 0 4 7 3 0 0 3 4 0 8 2 1 0 0 0 
0 4 0 0 0 0 2 0 0 0 2 4 2 0 0 2 1 0 4 0 5 2 0 0 
5 0 0 0 0 0 0 0 0 6 0 0 0 0 5 0 0 0 0 0 0 0 7 6 
0 1 2 0 0 0 0 0 0 5 0 0 0 0 2 1 2 1 0 0 0 0 0 2 
6 0 0 0 0 0 0 5 2 0 0 4 0 0 6 2 0 0 0 0 0 0 0 2 
0 2 0 5 4 2 2 3 2 0 2 6 2 0 3 0 4 3 0 0 0 0 5 5 
5 3 2 0 2 0 4 0 0 6 0 0 0 0 1 0 0 3 0 2 1 3 2 4 
3 3 0 6 0 8 0 0 0 5 0 0 0 0 0 0 5 0 0 0 0 4 1 5 
1 2 0 3 1 4 0 0 0 0 0 0 0 0 0 0 0 0 0 4 0 3 1 2 
200 241
1 4 1 6
1 4 2 4
1 14 1 6
1 14 1 15
1 14 0 14
1 14 4 14
3 0 3 7
3 0 7 0
3 18 3 17
3 18 3 22
3 18 2 18
3 18 14 18
4 14 4 7
4 14 4 15
4 14 1 14
4 14 7 14
4 20 4 19
4 20 5 20
5 1 5 4
5 1 7 1
5 1 5 4
5 1 7 1
7 0 7 1
7 0 3 0
7 0 8 0
7 1 7 0
7 1 7 4
7 1 8 1
7 4 7 1
7 4 7 6
7 4 6 4
7 4 8 4
7 9 7 6
7 9 7 14
7 9 5 9
7 9 9 9
7 16 7 14
7 16 7 17
7 16 1 16
7 16 12 16
12 9 12 1
12 9 12 11
12 9 10 9
12 9 17 9
12 11 12 9
12 11 12 12
12 11 9 11
12 11 15 11
13 8 15 8
14 1 14 3
14 1 12 1
14 1 15 1
14 18 14 16
14 18 14 20
14 18 3 18
14 18 15 18
15 1 15 6
15 1 14 1
15 1 16 1
15 10 15 11
15 10 16 10
15 10 15 11
15 10 16 10
15 18 15 16
15 18 15 19
15 18 14 18
15 18 16 18
17 0 17 9
17 0 9 0
17 0 19 0
17 22 17 14
17 22 17 23
17 22 3 22
17 22 20 22
17 23 17 22
17 23 12 23
17 23 18 23
19 0 19 7
19 0 17 0
19 0 21 0
20 3 20 1
20 3 20 4
20 3 22 3
20 11 20 10
20 11 20 12
20 11 19 11
20 23 20 22
20 23 19 23
20 23 21 23
21 2 21 1
22 5 22 3
22 5 22 9
22 5 20 5
22 5 23 5
22 16 22 9
22 16 22 21
22 16 20 16
22 23 22 22
22 23 21 23
22 23 23 23
23 19 23 5
23 19 23 21
23 19 23 5
23 19 23 21
0 1 0 6
1 4 1 6
1 4 2 4
1 14 1 6
1 14 1 15
1 14 0 14
2 15 4 15
3 0 3 7
3 12 3 11
3 18 3 17
3 18 3 22
3 18 2 18
4 14 4 7
4 14 4 15
4 14 7 14
4 17 5 17
4 20 4 19
4 20 5 20
5 11 5 9
5 11 5 12
5 11 5 9
5 11 5 12
5 15 4 15
5 15 6 15
5 15 4 15
5 15 6 15
5 19 5 20
5 19 6 19
5 19 5 20
5 19 6 19
6 19 12 19
7 0 7 1
7 4 7 6
7 4 6 4
7 4 8 4
7 9 7 6
7 9 7 14
7 9 5 9
7 9 9 9
7 16 7 14
7 16 7 17
7 16 1 16
7 16 12 16
8 8 8 7
10 4 10 2
10 4 10 5
10 4 9 4
10 4 10 2
10 4 10 5
10 4 9 4
12 9 12 1
12 9 10 9
12 9 17 9
12 11 12 12
12 11 9 11
12 11 15 11
12 15 12 16
12 15 8 15
12 15 13 15
13 8 15 8
14 1 12 1
14 18 14 16
14 18 14 20
15 1 15 6
15 1 16 1
15 8 15 7
15 18 15 16
15 18 15 19
15 18 16 18
16 1 16 6
16 20 16 18
16 20 16 21
16 20 15 20
17 23 17 22
17 23 12 23
18 1 18 2
18 2 18 9
18 23 19 23
19 0 19 7
19 0 21 0
20 11 20 10
20 11 20 12
20 11 19 11
20 23 20 22
20 23 21 23
21 2 21 1
21 4 20 4
21 6 21 9
21 6 20 6
21 6 21 9
21 6 20 6
22 5 22 3
22 5 22 9
22 5 20 5
22 5 23 5
22 23 21 23
22 23 23 23
23 4 23 3
23 22 23 21
1 18 1 17
1 18 1 19
1 18 0 18
2 15 4 15
2 17 1 17
3 11 3 7
4 17 5 17
5 8 5 7
5 8 6 8
5 17 7 17
7 14 17 14
8 8 8 7
8 15 12 15
12 15 13 15
13 12 15 12
15 8 15 7
16 1 16 6
21 4 20 4
22 21 22 16
22 21 21 21
22 21 21 21
2 17 1 17
3 11 3 7
5 8 5 7
5 8 6 8
5 17 7 17
7 17 12 17
12 17 13 17
13 12 15 12
15 6 15 7
20 4 20 3
1 16 0 16
1 16 0 16
1 18 1 19
1 18 0 18
12 17 13 17
13 16 14 16
13 16 14 16

2853

  1 - - - - 2           2   4 2 4 1 4       3 1 
        4 = 6 = = = = = = = 8 2 4 3 5 2       2 
        2   1 1             ǁ 2 ǁ 2 2           
4 = = = = = = 5 = = = 3 1   ǁ ǁ ǁ 2 8 = = = 7 2 
ǁ         1   5 = = = = = = 8 6 ǁ 2 ǁ 2 4   |   
ǁ 4 = = 4 2   4 4 4 = 4 2   ǁ 4 ǁ 4 ǁ 4 7 2 |   
ǁ ǁ     3   1   2 ǁ         ǁ 2 ǁ ǁ ǁ 3     |   
6 8 = = 8 = 5 = = 8 = = = = 7 = 8 5 ǁ |     |   
2 2 2   4 1 4 4 2 ǁ 2 4 2   | 2 ǁ | ǁ |     |   
4       4 2 4     5 3 6 2   | ǁ ǁ | ǁ |     |   
|   2 = 6 2   2   4   ǁ     | ǁ ǁ | ǁ |     |   
|                 ǁ   ǁ     | ǁ ǁ | ǁ |     |   
| 4 = = = = = = = 8 = 8 2   | 5 3 3 ǁ 1     | 2 
| ǁ             2 ǁ   ǁ 2   | 2 2 2 ǁ       | ǁ 
| 5 - 1         ǁ ǁ   ǁ ǁ   | 2 6 = 8 = 5 2 | ǁ 
| 6 = = = = 3 3 4 ǁ 4 7 3   | 3 4 = 8 2 1   | ǁ 
| 4 = = = = 2     ǁ 2 4 2   | 2 1   4 - 5 2 | ǁ 
5 - - - - - - - - 6         5 - - - - - - - 7 6 
ǁ 1 2 - - - - - - 5         2 1 2 1         | 2 
6 = = = = = = 5 2     4     6 2             | 2 
ǁ 2 - 5 4 2 2 3 2   2 6 2   3   4 3         5 5 
5 3 2 | 2 ǁ 4 = = 6         1   | 3   2 1 3 2 4 
3 3   6 = 8 = = = 5 - - - - - - 5 = = = = 4 1 5 
1 2   3 1 4 = = = = = = = = = = = = = 4 = 3 1 2 
