24 24
2 2 0 4 0 4 0 0 0 0 0 0 0 0 6 0 0 2 0 1 0 0 3 0 
0 2 3 2 1 0 1 0 0 0 0 3 1 1 0 0 0 0 0 0 0 1 0 0 
5 6 5 4 0 7 0 0 0 0 0 6 2 0 0 0 0 0 0 0 0 0 0 0 
0 2 1 2 3 6 0 0 0 2 1 4 4 3 0 0 0 0 0 0 0 0 0 0 
3 0 0 0 0 0 0 0 0 0 0 0 0 0 7 0 0 0 0 0 0 7 6 3 
0 1 3 2 1 1 3 0 0 0 3 4 0 3 0 1 3 0 4 2 0 0 1 0 
0 3 6 0 5 0 0 0 0 0 0 2 0 0 0 0 0 0 0 0 0 0 0 0 
0 0 0 0 0 0 1 0 0 0 0 2 6 3 0 0 3 3 0 0 0 0 3 0 
0 0 0 0 0 0 0 0 0 0 0 0 0 1 0 4 3 3 0 1 2 0 0 0 
0 1 0 2 5 0 0 0 0 0 6 0 8 4 0 0 1 0 0 0 0 0 0 0 
0 2 4 0 0 2 3 0 1 0 0 2 6 2 0 0 3 0 6 6 6 0 0 3 
0 1 0 4 0 3 6 0 0 0 5 0 6 4 0 0 0 0 0 3 3 2 0 0 
0 0 0 0 0 4 5 2 0 0 5 3 0 4 0 0 2 3 0 3 0 0 5 0 
0 0 0 0 0 4 3 0 0 0 5 0 4 4 0 0 2 0 0 1 0 0 0 0 
0 0 0 0 0 4 0 0 0 0 0 0 0 0 6 4 6 4 0 2 0 0 5 0 
0 0 0 0 0 0 3 1 0 2 0 0 0 0 5 0 0 0 6 0 3 3 0 0 
0 0 0 2 0 3 4 0 0 0 0 0 0 0 6 4 2 4 6 0 0 6 0 0 
0 0 0 0 0 2 2 0 1 0 0 0 0 0 0 2 0 3 2 0 0 2 0 0 
5 0 0 0 6 0 0 0 0 0 0 0 0 0 6 0 0 0 0 0 0 0 5 4 
0 0 3 4 0 0 1 0 0 0 0 0 4 0 5 2 1 4 0 0 0 0 6 3 
0 0 0 4 0 0 0 0 0 0 0 0 3 2 1 0 1 4 0 2 0 2 0 0 
4 0 2 4 6 0 0 0 0 0 0 0 0 0 0 5 0 0 0 0 0 4 3 3 
4 0 4 3 3 2 0 0 0 0 0 0 0 0 0 4 0 0 0 0 3 0 5 4 
2 1 5 4 3 1 0 1 0 0 0 0 0 0 0 3 1 0 0 0 3 2 3 1 
200 65
0 14 0 5
0 14 0 17
0 14 4 14
0 22 0 19
0 22 4 22
0 22 4 22
1 21 4 21
2 0 2 1
2 0 0 0
2 0 4 0
2 5 2 3
2 5 2 11
2 5 0 5
2 5 3 5
4 21 4 14
4 21 4 22
4 21 11 21
9 12 9 10
9 12 9 13
9 12 7 12
9 12 10 12
10 20 10 19
10 20 8 20
10 20 11 20
10 20 10 19
10 20 8 20
10 20 11 20
12 22 12 19
12 22 7 22
12 22 14 22
13 10 13 6
13 10 13 12
13 10 12 10
16 21 16 18
16 21 15 21
16 21 17 21
18 0 18 4
18 0 4 0
18 0 21 0
23 2 23 1
23 2 23 3
23 2 22 2
0 14 0 5
0 14 0 17
0 14 4 14
1 4 1 3
1 6 1 11
4 21 4 14
4 21 4 22
4 21 11 21
9 12 9 10
9 12 9 13
9 12 7 12
9 12 10 12
11 20 11 19
16 21 16 18
16 21 15 21
16 21 17 21
23 0 22 0
23 0 22 0
23 2 23 3
23 2 22 2
15 21 15 20
15 20 15 18
15 20 15 18

2572

2 2   4   4 = = = = = = = = 6 = = 2   1 - - 3   
| 2 3 2 1 | 1 - - - - 3 1 1 ǁ             1 ǁ   
5 6 5 4 - 7 - - - - - 6 2   ǁ             | ǁ   
| 2 1 2 3 6       2 1 4 4 3 ǁ             | ǁ   
3                           7 = = = = = = 7 6 3 
| 1 3 2 1 1 3       3 4   3   1 3   4 2   ǁ 1   
| 3 6   5             2                   ǁ     
|           1         2 6 3     3 3       ǁ 3   
|                       ǁ 1   4 3 3   1 2 ǁ |   
| 1   2 5           6 = 8 4     1       ǁ ǁ |   
| 2 4     2 3   1     2 6 2     3   6 6 6 ǁ | 3 
| 1   4   3 6       5   6 4           3 3 2 |   
|         4 5 2     5 3   4     2 3   3 - - 5   
|         4 3 - - - 5 - 4 4     2     1     |   
|         4                 6 4 6 4   2     5   
|           3 1   2         5       6 = 3 3     
|     2   3 4               6 4 2 4 6 = = 6     
|         2 2   1             2   3 2     2     
5 - - - 6                   6               5 4 
|   3 4     1           4   5 2 1 4         6 3 
|     4                 3 2 1   1 4   2   2     
4   2 4 6                     5           4 3 3 
4   4 3 3 2                   4         3   5 4 
2 1 5 4 3 1   1               3 1       3 2 3 1 
