24 24
3 0 6 0 0 0 0 4 0 0 1 2 0 0 3 1 0 2 0 0 0 0 2 0 
2 1 2 0 0 0 0 0 0 0 0 0 0 0 0 0 0 0 0 0 0 1 0 0 
1 0 0 0 0 0 0 4 0 0 0 5 0 0 3 0 0 0 0 0 0 0 0 0 
1 0 4 0 0 3 0 0 1 0 1 0 2 0 3 0 0 0 0 0 0 0 0 0 
2 0 4 3 1 0 0 0 3 0 4 0 0 0 0 0 0 0 0 1 0 0 0 0 
0 0 0 0 0 0 0 0 0 0 0 3 0 0 0 3 0 0 3 0 0 0 0 0 
0 0 0 0 0 0 0 0 1 0 4 2 1 0 0 1 0 0 0 0 0 0 0 0 
0 0 0 0 0 0 0 0 0 0 0 2 0 0 4 0 0 0 4 4 2 0 0 0 
0 0 0 0 0 0 0 0 2 0 4 0 3 4 0 1 1 2 1 3 1 0 0 0 
0 0 0 0 0 0 0 0 0 0 0 3 2 0 0 2 0 4 0 3 1 0 0 1 
0 0 0 0 0 1 0 0 1 0 0 4 1 0 0 0 0 0 1 1 0 0 0 0 
0 0 0 0 0 0 0 0 0 0 0 2 1 0 0 3 0 5 4 3 5 3 0 0 
3 0 0 0 0 0 0 4 0 0 4 0 4 3 0 0 0 0 1 0 0 3 0 0 
3 0 0 0 3 2 1 0 0 0 3 1 3 0 0 0 0 0 0 0 0 3 0 0 
0 4 2 0 0 2 2 0 1 0 5 0 6 0 0 3 1 0 2 0 5 2 0 0 
3 4 2 1 0 2 1 0 0 0 1 2 4 0 0 0 0 0 0 0 0 0 0 0 
3 3 0 0 4 2 0 5 0 0 0 0 0 0 4 0 0 5 0 0 0 0 6 4 
1 0 2 0 4 1 0 0 1 0 4 0 2 3 0 2 1 0 1 0 0 2 0 0 
1 0 0 0 0 0 0 5 0 0 6 2 1 0 0 3 0 4 0 3 1 0 0 0 
1 1 0 0 3 0 0 5 0 0 4 1 0 2 0 2 1 0 0 0 0 0 0 3 
3 4 2 0 4 3 4 4 3 0 6 3 0 2 0 2 0 3 2 2 1 0 0 2 
2 0 1 1 2 1 2 2 2 1 2 0 3 3 0 2 0 0 2 0 0 0 3 1 
5 5 0 0 0 0 0 0 0 0 0 0 0 0 4 0 0 0 0 0 0 5 2 0 
4 4 0 0 0 0 0 0 0 0 2 1 1 0 4 0 0 0 3 1 0 2 3 2 
200 15
0 2 0 0
0 2 0 7
0 2 1 2
22 0 22 1
22 0 21 0
22 0 23 0
23 0 23 1
23 0 22 0
0 2 0 0
0 2 0 7
0 2 1 2
1 21 11 21
9 23 16 23
23 0 23 1
0 0 1 0

2678

3 = 6 = = = = 4     1 2     3 1   2         2   
2 1 2                                     1     
1             4       5     3             |     
1   4     3     1   1   2   3             |     
2   4 3 1       3   4                 1   |     
                      3       3     3     |     
                1   4 2 1     1           |     
                      2     4       4 4 2 |     
                2   4   3 4   1 1 2 1 3 1 |     
                      3 2     2   4   3 1 |   1 
          1     1     4 1           1 1   |   | 
                      2 1     3   5 4 3 5 3   | 
3             4     4   4 3         1     3   | 
3       3 2 1       3 1 3                 3   | 
  4 2     2 2   1   5   6     3 1   2   5 2   | 
3 4 2 1   2 1       1 2 4                     | 
3 3     4 2   5             4     5         6 4 
1   2   4 1     1   4   2 3   2 1   1     2     
1             5     6 2 1     3   4   3 1       
1 1     3     5     4 1   2   2 1             3 
3 4 2   4 3 4 4 3   6 3   2   2   3 2 2 1     2 
2   1 1 2 1 2 2 2 1 2   3 3   2     2       3 1 
5 5                         4             5 2   
4 4                 2 1 1   4       3 1   2 3 2 
