24 24
4 0 5 0 0 0 0 0 0 0 0 0 0 0 0 0 0 2 2 4 0 0 3 1 
3 2 4 0 0 0 0 0 0 0 0 0 0 0 0 2 1 0 0 3 3 2 0 0 
3 0 4 0 0 5 0 0 0 0 0 0 0 0 0 5 3 0 0 3 0 0 5 4 
3 1 0 1 0 5 0 0 0 0 0 0 0 4 2 3 0 0 0 3 2 1 0 1 
3 0 5 0 0 0 0 0 0 3 3 4 2 0 2 2 3 0 6 0 0 0 6 3 
4 0 0 3 0 0 0 1 1 2 0 0 0 0 5 0 5 0 0 2 3 4 0 0 
3 0 0 3 0 0 0 0 0 0 5 4 0 6 5 3 4 0 6 7 4 3 0 0 
0 1 0 3 3 0 0 0 3 2 3 2 0 3 0 5 4 0 2 4 5 2 0 0 
4 0 0 0 0 0 0 0 0 0 0 0 0 0 0 0 0 5 0 0 0 0 5 0 
3 0 0 0 0 0 0 0 0 0 0 0 0 3 0 3 2 0 4 6 4 4 0 0 
4 0 0 0 0 0 0 0 0 0 0 0 2 0 0 4 5 0 3 0 3 5 0 0 
4 0 0 0 0 0 0 0 0 0 0 2 0 0 2 2 2 0 1 0 1 0 0 0 
5 0 0 0 0 0 0 0 0 0 0 0 0 0 0 0 0 6 0 7 0 3 0 0 
4 0 0 0 0 0 0 0 0 0 0 0 0 0 4 1 1 0 2 6 4 2 0 3 
0 0 0 0 0 0 0 0 0 0 2 0 0 0 0 1 3 0 1 4 5 3 0 0 
0 2 0 0 0 0 0 0 0 0 3 0 0 0 0 1 0 0 3 0 0 0 6 2 
0 0 0 0 0 0 0 0 0 0 0 0 0 0 0 0 0 0 4 3 5 0 4 1 
0 0 0 0 0 0 0 0 0 0 0 0 0 0 0 0 0 0 5 3 4 3 4 4 
0 4 0 0 0 0 0 0 0 0 0 0 0 0 5 4 3 0 3 0 0 3 4 3 
0 4 0 0 0 0 0 2 1 5 0 3 1 0 0 1 1 0 4 5 4 0 0 1 
3 2 2 3 0 0 0 0 0 4 0 0 0 0 5 6 5 0 2 2 2 0 3 4 
3 0 0 0 0 0 0 0 0 0 0 0 0 0 6 4 4 4 0 0 0 3 0 2 
4 0 0 0 0 4 0 0 0 0 0 0 0 0 0 0 0 0 0 0 0 7 5 2 
3 0 0 2 2 4 2 2 3 0 0 0 0 0 0 0 2 0 0 0 0 4 4 3 
200 94
0 0 0 2
0 0 1 0
0 0 0 2
0 0 1 0
2 5 2 2
2 5 2 15
2 5 3 5
2 23 2 22
2 23 0 23
2 23 3 23
2 23 2 22
6 19 6 18
6 19 6 20
6 19 5 19
6 19 7 19
8 22 8 17
8 22 4 22
8 22 15 22
9 19 9 18
9 19 9 20
9 19 12 19
9 19 9 18
9 19 9 20
9 19 12 19
9 20 9 21
9 20 10 20
9 21 10 21
12 0 12 17
12 0 11 0
12 0 13 0
12 19 12 17
12 19 12 21
12 19 13 19
17 18 17 19
17 18 16 18
17 18 18 18
19 9 19 8
19 9 19 11
19 9 20 9
21 14 21 0
21 14 21 15
21 14 20 14
21 14 21 0
21 14 21 15
21 14 20 14
21 15 21 16
21 15 20 15
22 21 22 5
22 21 22 22
22 21 21 21
22 21 23 21
4 2 4 0
4 2 4 9
4 2 2 2
7 1 7 3
7 20 7 19
7 20 7 21
7 20 6 20
9 18 9 16
9 18 10 18
9 21 10 21
11 20 10 20
12 17 12 0
12 17 12 19
12 17 21 17
12 17 21 17
19 7 19 1
20 15 20 14
20 15 20 16
20 15 19 15
21 16 21 17
21 16 20 16
21 16 21 17
3 3 3 5
9 21 10 21
10 20 10 21
10 21 12 21
19 7 19 1
19 12 19 11
20 15 20 14
20 15 20 16
20 16 19 16
19 1 18 1
19 1 20 1
19 11 19 9
18 1 18 14
18 1 15 1
18 1 18 14
19 9 20 9
20 9 20 3
20 9 20 14
15 1 15 10
20 3 20 2
20 3 20 2

2706

4 = 5                             2 2 4     3 1 
3 2 4                         2 1     3 3 2   | 
3   4 - - 5 - - - - - - - - - 5 3     3     5 4 
3 1 | 1 - 5               4 2 3       3 2 1   1 
3 - 5 - - - - - - 3 3 4 2   2 2 3   6       6 3 
4     3       1 1 2         5   5     2 3 4 |   
3     3             5 4   6 5 3 4   6 7 4 3 |   
  1 - 3 3       3 2 3 2   3   5 4   2 4 5 2 |   
4                                 5 - - - - 5   
3                         3   3 2 - 4 6 4 4 |   
4                       2     4 5   3 ǁ 3 5 |   
4                     2     2 2 2   1 ǁ 1 | |   
5 = = = = = = = = = = = = = = = = 6 = 7 - 3 |   
4                           4 1 1 ǁ 2 6 4 2 | 3 
                    2         1 3 ǁ 1 4 5 3 |   
  2 - - - - - - - - 3         1   ǁ 3       6 2 
  |                               ǁ 4 3 5   4 1 
  |                               ǁ 5 3 4 3 4 4 
  4 = = = = = = = = = = = = 5 4 3 ǁ 3     3 4 3 
  4 = = = = = 2 1 5 = 3 1     1 1 ǁ 4 5 4     1 
3 2 2 3 - - - - - 4 - - - - 5 6 5 ǁ 2 2 2   3 4 
3 = = = = = = = = = = = = = 6 4 4 4       3   2 
4         4 - - - - - - - - - - - - - - - 7 5 2 
3     2 2 4 2 2 3               2         4 4 3 
