24 24
2 0 0 3 2 3 0 2 3 0 0 4 0 0 0 0 0 0 0 0 0 0 0 2 
4 3 1 4 0 0 0 4 0 1 0 4 3 1 0 2 0 0 0 0 0 0 2 0 
2 0 1 0 0 0 0 0 0 0 0 1 2 2 0 0 0 1 2 0 5 0 4 0 
1 4 4 0 0 0 0 2 0 0 0 0 0 0 0 0 0 0 0 0 1 0 0 0 
0 0 2 0 0 0 0 0 2 2 0 0 0 6 0 0 0 6 0 0 0 0 4 2 
2 0 1 0 0 0 0 0 0 0 1 0 0 2 0 0 0 4 0 4 3 1 0 1 
0 3 0 5 0 0 0 0 0 0 0 0 0 0 0 0 0 0 0 0 0 0 5 4 
0 2 1 0 1 0 2 1 0 2 0 0 0 0 0 0 2 1 0 0 0 0 0 0 
0 3 0 6 0 0 3 5 0 5 0 0 0 0 0 0 0 0 0 1 0 0 0 0 
0 2 2 3 0 2 2 0 0 0 0 0 0 0 0 0 0 0 0 0 0 0 0 2 
0 3 3 2 1 3 4 0 0 0 0 0 0 0 0 0 0 0 0 0 0 0 0 1 
0 2 2 0 2 4 0 7 2 0 0 0 0 0 0 0 0 0 0 0 0 0 0 1 
0 1 2 0 1 2 0 3 1 0 0 0 0 0 0 0 0 0 0 0 0 0 0 0 
3 0 0 4 0 0 0 0 0 4 0 0 0 0 0 0 0 0 0 0 0 0 4 3 
0 3 4 1 2 0 3 1 0 0 2 0 0 2 0 3 1 2 4 0 2 0 0 1 
1 1 0 2 3 0 0 0 0 0 3 2 0 0 0 0 0 1 0 0 1 0 4 1 
1 0 5 0 0 0 5 0 0 4 0 0 0 0 0 5 0 0 6 0 6 2 0 0 
1 0 3 1 0 0 1 1 1 0 1 4 0 0 3 0 1 2 3 2 4 2 0 1 
1 0 4 0 0 0 3 4 2 0 2 3 0 0 0 0 0 1 0 1 1 1 0 0 
4 3 1 0 2 1 0 2 1 0 0 0 0 0 0 0 3 0 0 0 0 0 5 2 
0 5 0 0 3 0 0 0 0 0 0 0 0 0 0 3 0 0 1 0 0 0 0 1 
2 0 1 1 2 0 0 0 0 0 0 0 0 0 0 1 1 0 4 0 2 0 0 0 
0 0 2 0 3 0 4 0 0 4 0 0 0 0 3 1 0 0 0 0 1 0 4 2 
1 5 0 0 0 0 4 2 1 2 0 0 0 0 0 0 3 0 5 3 1 0 1 0 
200 32
2 20 2 18
2 20 2 22
2 20 3 20
11 7 11 5
11 7 11 8
11 7 8 7
11 7 12 7
20 1 20 4
20 1 19 1
20 1 23 1
23 1 23 0
23 1 23 6
23 1 20 1
23 1 23 6
23 6 23 7
23 6 22 6
23 18 23 16
23 18 23 19
23 18 21 18
2 20 2 18
2 20 2 22
2 22 1 22
2 22 4 22
10 6 10 5
10 6 9 6
10 6 10 5
10 6 9 6
21 0 19 0
1 22 1 15
21 0 19 0
19 0 19 1
19 0 18 0

2104

2     3 2 3   2 3     4                       2 
4 3 1 4       4   1   4 3 1   2 - - - - - - 2   
2   1                 1 2 2       1 2 = 5 = 4   
1 4 4         2                         1   |   
    2           2 2       6       6         4 2 
2   1               1     2       4   4 3 1   1 
  3   5                                     5 4 
  2 1   1   2 1   2             2 1             
  3   6     3 5   5                   1         
  2 2 3   2 2 |                               2 
  3 3 2 1 3 4 |                               1 
  2 2   2 4 - 7 2                             1 
  1 2   1 2   3 1                               
3     4           4                         4 3 
  3 4 1 2   3 1     2     2   3 1 2 4   2     1 
1 1   2 3           3 2           1     1   4 1 
1   5       5     4           5     6   6 2     
1   3 1     1 1 1   1 4     3   1 2 3 2 4 2   1 
1   4       3 4 2   2 3           1   1 1 1     
4 3 1   2 1   2 1               3           5 2 
ǁ 5 - - 3                     3     1         1 
2 ǁ 1 1 2                     1 1   4   2       
  ǁ 2   3   4     4         3 1     |   1   4 2 
1 5 = = = = 4 2 1 2             3 - 5 3 1   1   
