24 24
3 2 3 0 0 3 2 0 5 0 0 0 0 4 4 2 0 0 2 0 5 1 0 0 
0 0 2 1 0 0 0 0 2 0 0 0 0 0 2 0 0 0 4 0 7 0 4 0 
6 0 0 0 0 6 0 0 0 0 0 0 0 5 0 7 0 3 0 0 0 0 0 0 
0 0 0 0 0 0 3 3 0 0 1 0 0 0 3 7 2 3 6 2 0 0 5 3 
3 0 0 0 0 0 0 0 0 0 0 0 0 0 3 4 2 1 2 1 0 0 0 0 
0 0 0 0 0 0 4 7 0 0 0 0 0 6 0 0 0 0 0 0 4 3 2 0 
0 0 0 0 0 0 1 0 1 2 4 4 0 0 2 0 0 0 0 0 4 4 2 3 
0 0 0 0 0 0 3 5 0 4 0 3 0 0 4 2 1 0 0 0 3 2 2 0 
0 0 0 0 0 0 1 0 3 3 0 1 0 0 3 0 0 0 2 0 0 1 2 0 
0 0 0 0 0 0 1 0 4 0 6 0 0 6 0 0 0 0 0 0 7 0 7 3 
0 0 0 0 0 0 4 4 4 3 0 2 0 0 0 1 0 0 0 0 0 0 4 2 
0 0 0 0 0 0 4 0 0 2 0 5 3 0 2 3 0 0 0 0 5 0 6 4 
0 0 0 0 0 0 0 0 0 3 0 0 1 0 2 2 1 0 0 0 3 1 4 1 
0 0 0 0 0 0 4 0 4 5 0 0 0 0 0 3 0 4 3 0 2 0 0 0 
0 0 0 0 0 0 4 0 0 0 0 3 0 5 0 0 0 0 0 0 0 5 5 1 
0 0 0 1 0 5 3 0 0 0 0 4 2 0 0 3 3 1 2 0 0 6 4 0 
0 0 0 0 0 0 1 0 4 2 0 3 2 0 0 0 0 2 0 5 0 6 3 0 
0 0 0 0 0 0 0 0 0 0 0 4 0 7 0 7 6 5 3 0 4 6 4 0 
3 0 0 0 0 4 3 4 0 0 0 0 0 0 0 2 1 4 4 0 3 0 0 0 
2 0 3 2 0 3 0 0 0 0 0 0 0 4 0 2 2 0 0 0 0 0 0 2 
0 0 0 0 0 0 0 0 0 0 0 0 0 1 0 0 0 0 0 0 1 0 3 0 
0 0 0 0 0 0 0 0 0 0 0 4 0 0 0 0 4 0 0 0 0 0 2 0 
2 0 6 0 0 5 0 6 6 2 2 3 0 0 0 0 0 0 0 6 3 6 4 5 
1 0 2 2 0 5 3 3 1 0 0 1 0 0 0 0 0 0 0 1 3 6 3 3 
200 72
0 8 0 6
0 8 0 13
0 8 1 8
0 20 0 18
0 20 0 21
0 20 1 20
1 22 1 20
1 22 3 22
2 0 2 5
2 0 0 0
2 0 4 0
2 15 2 13
2 15 2 17
2 15 0 15
2 15 3 15
5 7 5 6
5 7 5 13
5 7 3 7
5 7 7 7
9 20 9 13
9 20 9 22
9 20 7 20
9 20 11 20
16 19 16 17
16 19 16 21
16 19 22 19
17 13 17 11
17 13 17 15
17 13 14 13
17 13 19 13
17 20 17 21
17 20 18 20
17 20 17 21
17 20 18 20
18 18 18 17
18 18 17 18
18 18 18 17
18 18 17 18
18 20 20 20
20 13 19 13
21 16 21 11
21 16 19 16
21 16 21 11
21 16 19 16
22 23 22 22
22 23 19 23
22 23 23 23
23 5 23 3
23 5 23 6
23 5 22 5
23 21 23 20
23 21 23 22
23 21 22 21
0 20 0 18
0 20 1 20
1 18 1 20
1 18 3 18
1 18 1 20
1 18 3 18
1 22 1 20
1 22 3 22
2 0 2 5
2 0 0 0
2 0 4 0
4 0 18 0
17 18 17 17
23 21 23 20
23 21 23 22
23 21 22 21
0 0 0 1
0 1 0 2
1 20 5 20

2133

3 2 3     3 2 - 5 - - - - 4 4 2     2 = 5 1     
ǁ   2 1         2           2 |     4 = 7 = 4   
6 = = = = 6               5 - 7 - 3 ǁ   |   ǁ   
ǁ           3 3     1       3 7 2 3 6 2 |   5 3 
3             |             3 4 2 1 2 1 |       
|           4 7 - - - - - 6             4 3 2   
|           1 | 1 2 4 4     2           4 4 2 3 
|           3 5   4   3     4 2 1       3 2 2   
|           1   3 3   1     3       2   | 1 2   
|           1   4   6     6 - - - - - - 7 - 7 3 
|           4 4 4 3   2       1         |   4 2 
|           4     2   5 3   2 3         5   6 4 
|                 3     1   2 2 1       3 1 4 1 
|           4   4 5           3   4 3   2       
|           4         3   5               5 5 1 
|     1   5 3         4 2 |   3 3 1 2     6 4   
|           1   4 2   3 2 |       2 - 5 - 6 3   
|                     4 - 7 - 7 6 5 3 | 4 6 4   
3         4 3 4           |   2 1 4 4 | 3       
2   3 2   3               4   2 2     | |     2 
                          1     ǁ     | 1   3 | 
                      4 = = = = 4     |     2 | 
2   6     5   6 6 2 2 3               6 3 6 4 5 
1   2 2 - 5 3 3 1     1               1 3 6 3 3 
