24 24
1 1 0 4 3 3 2 2 0 4 1 2 0 0 0 3 0 0 3 0 0 3 3 0 
4 0 0 5 0 0 0 0 0 7 0 0 0 0 0 0 0 0 5 5 0 2 0 0 
2 0 0 0 2 0 0 2 2 0 0 0 0 0 0 1 0 2 0 0 0 0 0 1 
3 1 0 0 1 0 0 0 3 0 2 0 0 4 0 0 0 3 0 0 0 0 0 0 
0 0 0 0 0 0 0 0 0 0 1 0 0 0 3 1 1 0 0 0 2 0 0 0 
5 0 0 7 0 0 0 6 4 0 3 0 0 8 5 1 0 0 0 0 0 0 0 0 
0 3 0 6 4 2 1 2 2 0 2 0 0 3 0 0 0 0 0 0 0 0 0 0 
0 5 0 5 0 0 6 0 0 7 0 0 0 0 0 0 5 3 0 0 4 1 2 0 
0 0 1 3 0 0 4 0 0 0 2 4 2 1 1 1 0 2 0 0 0 0 0 0 
0 0 0 0 0 0 0 0 0 0 2 0 2 0 5 2 0 1 0 4 0 0 0 0 
0 2 0 0 0 0 0 0 0 0 3 0 4 2 0 3 7 2 0 3 0 0 0 0 
3 0 5 2 0 0 0 0 0 0 0 0 0 0 0 1 2 0 0 1 0 0 0 0 
2 0 0 0 0 0 0 0 0 0 0 0 4 0 8 0 0 0 5 0 5 0 4 4 
0 0 0 0 0 0 0 0 0 0 0 0 0 0 0 3 2 0 0 0 0 2 4 2 
5 0 0 0 0 0 3 0 0 0 0 0 0 0 0 4 2 0 0 0 0 2 0 1 
0 0 0 0 0 0 0 0 0 0 0 0 0 2 0 0 1 0 0 2 7 6 4 4 
5 0 0 0 0 0 0 0 0 5 7 5 0 0 0 0 0 0 0 2 0 0 0 3 
0 3 0 4 0 0 0 4 0 0 6 4 0 0 0 0 0 0 0 3 0 0 0 1 
0 3 0 0 1 0 3 0 4 3 0 1 0 6 6 4 5 4 0 2 0 0 4 1 
0 5 0 3 0 2 4 3 4 2 0 0 0 2 0 3 0 3 0 0 0 0 2 0 
0 6 0 4 2 5 1 2 0 0 5 2 0 0 0 4 0 2 6 4 2 0 4 2 
0 2 0 0 1 5 0 3 0 0 2 0 7 2 3 0 0 0 0 4 0 4 3 0 
5 0 0 4 0 0 0 2 0 0 0 0 3 3 4 0 3 0 3 3 0 5 1 0 
4 0 0 0 0 0 0 0 0 0 0 0 0 0 0 4 3 2 0 0 0 1 0 0 
200 153
1 9 1 3
1 9 1 18
1 9 0 9
1 9 7 9
1 19 1 18
1 19 1 21
1 19 9 19
2 23 12 23
4 20 7 20
5 0 5 3
5 0 3 0
5 0 11 0
5 13 5 10
5 13 5 14
5 13 3 13
5 13 6 13
5 13 5 10
5 13 5 14
5 13 3 13
5 13 6 13
7 1 7 3
7 1 6 1
7 1 10 1
10 16 10 15
10 16 10 17
10 16 7 16
10 16 11 16
11 2 11 0
11 2 11 3
11 2 8 2
11 2 11 0
11 2 11 3
12 14 12 12
12 14 12 18
12 14 9 14
12 14 18 14
12 14 12 12
12 14 12 18
12 14 9 14
12 14 18 14
12 23 12 22
12 23 13 23
12 23 12 22
14 0 14 6
14 0 12 0
14 0 16 0
15 13 18 13
15 20 15 19
15 20 15 21
15 20 12 20
15 20 20 20
16 10 16 9
16 10 16 11
16 10 10 10
16 10 17 10
18 14 18 13
18 14 18 15
18 14 21 14
18 14 18 13
19 1 19 3
19 1 18 1
19 1 20 1
20 1 20 3
20 1 19 1
20 1 21 1
20 1 20 3
20 1 19 1
21 1 21 4
21 12 21 10
21 12 21 13
21 12 12 12
21 12 22 12
22 0 22 3
22 0 16 0
22 0 23 0
22 3 22 0
22 3 22 7
22 3 22 7
23 0 23 15
23 0 22 0
23 0 23 15
23 15 23 16
23 15 20 15
3 13 3 10
3 13 3 17
4 20 7 20
5 0 5 3
5 0 3 0
5 3 5 7
5 3 1 3
5 3 6 3
6 4 6 3
6 4 6 5
6 4 6 3
6 4 6 5
7 20 7 21
7 20 12 20
10 1 7 1
12 0 14 0
12 12 10 12
15 13 18 13
16 0 16 9
16 0 14 0
16 0 16 9
18 13 19 13
20 3 20 4
20 3 19 3
20 15 20 17
20 15 19 15
20 15 20 17
20 18 20 19
20 18 12 18
20 18 22 18
20 18 20 19
20 18 12 18
20 18 22 18
21 12 21 10
21 12 21 13
21 12 22 12
21 14 22 14
22 12 22 13
22 13 22 14
22 13 22 14
22 14 21 14
2 15 2 17
2 17 3 17
3 10 4 10
3 17 7 17
5 10 6 10
6 3 6 1
6 3 5 3
6 3 7 3
14 6 8 6
18 13 19 13
18 16 18 15
18 16 18 17
18 16 15 16
18 17 18 16
18 17 19 17
18 17 18 16
19 17 19 15
20 10 20 7
20 10 20 11
20 10 17 10
6 1 7 1
14 6 8 6
18 15 14 15
18 15 19 15
14 15 14 16
14 15 13 15
14 15 14 16
13 15 13 16
13 16 13 15

4828

1 1   4 3 3 2 2   4 1 2       3     3     3 3   
4     5 - - - - - 7 - - - - - - - - 5 5 - 2     
2     | 2     2 2 |           1 - 2   |       1 
3 1   | 1       3 | 2 - - 4 - - - 3   |       | 
ǁ     |           | 1     ǁ 3 1 1 |   | 2     | 
5 = = 7 - - - 6 4 | 3 = = 8 5 1   |   | ǁ     | 
| 3 - 6 4 2 1 2 2 | 2     3       |   | ǁ     | 
| 5 - 5     6     7             5 3   | 4 1 2 | 
| ǁ 1 3     4       2 4 2 1 1 1 | 2   | |     | 
| ǁ |       ǁ       2   2   5 2 | 1   4 |     | 
| 2 |       ǁ       3   4 2 ǁ 3 7 2   3 |     | 
3 = 5 2     ǁ       |   |   ǁ 1 2     1 |     | 
2           ǁ       |   4 = 8 = = = 5   5   4 4 
ǁ           ǁ       |   |   ǁ 3 2   ǁ   | 2 4 2 
5 - - - - - 3       |   |   ǁ 4 2   ǁ   | 2   1 
ǁ                   |   | 2 ǁ | 1   ǁ 2 7 6 4 4 
5 = = = = = = = = 5 7 5 | ǁ ǁ | |   ǁ 2 |     3 
| 3   4       4     6 4 | ǁ ǁ | |   ǁ 3 |     1 
| 3     1   3   4 3 | 1 | 6 6 4 5 4 ǁ 2 |   4 1 
| 5 - 3   2 4 3 4 2 |   | 2 | 3 - 3 ǁ   |   2   
| 6 = 4 2 5 1 2 - - 5 2 |   | 4 = 2 6 4 2   4 2 
| 2 - - 1 5   3     2 = 7 2 3 |     ǁ 4   4 3   
5 = = 4 = = = 2         3 3 4 | 3   3 3   5 1   
4 = = = = = = = = = = = = = = 4 3 2       1     
