24 24
2 0 0 0 0 0 0 0 0 3 0 0 0 0 0 0 0 0 0 3 0 0 4 2 
0 3 0 3 0 2 0 0 0 0 2 0 3 0 0 0 3 1 2 0 0 0 0 0 
0 3 1 0 0 1 0 0 0 0 1 0 0 1 1 0 6 4 4 0 0 0 0 0 
0 3 0 4 0 0 2 2 0 0 1 0 0 0 1 0 0 4 2 0 0 0 0 0 
0 6 2 0 0 0 0 0 0 0 0 2 6 2 0 0 0 2 1 0 0 0 0 2 
0 0 0 0 1 0 0 1 0 0 0 2 0 2 2 0 5 3 0 0 0 0 0 2 
0 0 0 0 0 2 1 0 0 0 0 0 0 5 2 1 0 0 0 0 0 0 0 1 
0 0 0 0 0 0 0 0 0 0 3 3 0 2 0 2 0 0 0 0 0 0 0 1 
0 0 0 0 0 0 0 0 0 0 0 0 0 0 0 0 0 0 0 0 0 0 0 0 
0 0 0 0 0 0 0 0 0 0 0 0 6 0 6 3 0 4 2 0 1 0 5 2 
0 5 0 4 3 0 0 0 0 0 0 2 6 1 1 0 0 3 2 0 3 0 3 1 
0 0 2 0 0 0 0 0 0 0 0 0 2 0 1 0 0 1 1 0 3 1 0 0 
0 0 0 0 0 0 0 0 0 0 4 0 0 0 0 0 5 0 0 6 0 0 5 3 
0 5 5 0 0 0 0 0 0 0 0 2 1 1 3 0 0 1 1 0 2 2 0 0 
0 0 0 0 2 0 1 0 0 3 0 5 0 0 6 0 4 4 2 0 1 0 0 0 
0 1 1 0 2 0 1 3 2 3 0 5 1 0 0 0 0 0 1 0 1 0 0 0 
0 0 0 0 0 0 0 3 0 2 0 2 0 0 0 0 0 3 2 0 4 5 0 0 
3 0 0 5 2 0 0 1 0 0 0 0 0 0 0 0 0 2 1 0 0 4 0 2 
0 2 2 3 1 0 3 0 5 0 4 2 2 1 2 2 2 3 0 0 0 4 0 0 
0 1 0 1 0 0 2 2 5 3 3 2 0 0 0 0 2 4 2 0 0 0 0 1 
0 0 0 0 0 3 0 0 0 0 0 0 0 4 0 0 0 0 0 6 5 3 0 2 
0 1 4 0 4 0 0 0 0 0 0 0 0 3 0 0 0 0 0 2 0 1 4 4 
1 1 2 0 3 0 0 0 4 3 1 1 0 5 0 0 1 2 4 0 5 1 3 3 
1 0 0 0 0 0 0 0 0 0 0 0 0 4 1 1 0 0 2 1 3 0 2 1 
200 42
4 1 4 2
4 1 3 1
4 1 10 1
4 1 4 2
4 1 3 1
4 1 10 1
9 12 9 14
9 12 4 12
9 12 10 12
9 12 9 14
9 12 4 12
9 12 10 12
9 14 9 15
9 14 6 14
9 14 10 14
9 14 9 15
10 12 10 11
10 12 10 13
10 12 11 12
10 12 10 11
13 1 13 2
13 1 10 1
13 1 15 1
16 21 16 20
16 21 13 21
16 21 17 21
23 13 23 0
23 13 23 14
23 13 22 13
23 13 22 13
4 12 4 11
4 12 4 13
4 12 1 12
4 12 4 11
6 13 6 14
6 13 5 13
6 13 7 13
7 13 6 13
13 1 13 2
13 1 10 1
6 13 5 13
10 1 10 3

1854

2                 3                   3     4 2 
  3   3   2         2   3       3 1 2           
  3 1     1         1   | 1 1   6 4 4           
  3   4     2 2     1   |   1     4 2           
  6 2                 2 6 2       2 1         2 
  ǁ     1     1       2 ǁ 2 2   5 3           2 
  ǁ       2 1           ǁ 5 2 1               1 
  ǁ                 3 3 ǁ 2 | 2               1 
  ǁ                     ǁ   |                   
  ǁ                     6 = 6 3   4 2   1   5 2 
  5 - 4 3             2 6 1 1     3 2   3   3 1 
  ǁ 2                   2   1     1 1   3 1     
  ǁ                 4           5     6     5 3 
  5 5                 2 1 1 3     1 1   2 2     
  |     2   1     3   5     6   4 4 2   1 |     
  1 1   2   1 3 2 3   5 1           1   1 |     
              3   2   2           3 2   4 5     
3     5 2     1                   2 1     4   2 
  2 2 3 1   3   5   4 2 2 1 2 2 2 3       4     
  1   1     2 2 5 3 3 2         2 4 2         1 
          3               4           6 5 3   2 
  1 4   4                 3           2   1 4 4 
1 1 2   3       4 3 1 1   5     1 2 4   5 1 3 3 
1 - - - - - - - - - - - - 4 1 1     2 1 3   2 1 
