24 24
0 1 0 0 0 1 0 0 0 3 0 0 0 1 3 0 3 2 1 2 0 0 2 0 
1 0 0 0 0 1 1 3 2 0 1 2 0 0 4 2 0 0 0 2 1 0 0 0 
0 0 0 0 0 0 0 0 1 0 1 4 0 0 0 0 5 0 0 0 0 0 4 2 
2 3 0 0 0 5 0 5 0 6 0 0 0 0 3 1 5 0 1 1 0 2 0 1 
0 0 0 2 0 4 1 0 2 0 2 0 5 3 0 0 0 1 1 0 0 3 0 1 
0 0 0 0 0 1 0 0 0 0 1 0 0 1 0 1 3 3 0 1 0 0 0 0 
2 0 0 0 0 0 0 0 3 0 4 0 5 1 0 0 2 3 0 0 0 0 0 2 
0 2 0 3 1 3 0 0 0 0 3 1 0 0 0 2 1 4 0 0 0 5 3 0 
0 2 0 0 0 0 0 0 0 0 3 2 0 0 0 0 1 2 2 2 2 0 2 3 
1 5 0 4 0 5 0 0 3 0 1 0 0 0 0 3 0 3 3 0 1 0 0 0 
2 8 2 0 2 2 0 3 0 5 2 0 0 0 0 1 0 0 0 0 0 0 1 0 
1 3 1 0 1 0 0 1 0 2 1 0 3 0 4 0 0 3 0 3 1 0 1 0 
4 0 0 5 0 0 0 0 0 0 0 0 0 0 5 0 0 0 0 0 0 5 4 3 
0 1 2 0 2 4 0 0 0 0 3 0 2 0 0 1 3 5 2 2 0 0 0 1 
0 0 0 0 0 0 2 3 0 0 0 0 0 0 6 3 2 0 0 0 0 0 0 0 
5 2 2 0 0 0 1 2 0 0 2 1 1 0 4 2 0 4 0 4 1 0 0 2 
2 0 0 0 3 5 0 0 0 0 0 0 0 0 0 0 0 0 0 0 0 4 0 0 
0 0 0 0 0 0 3 0 0 0 0 0 0 0 0 0 3 0 0 0 0 0 0 0 
0 0 0 0 0 0 1 0 2 0 0 0 0 0 0 0 0 0 0 0 0 0 0 0 
0 0 0 0 3 4 0 0 5 0 2 0 0 0 0 0 0 0 0 1 0 3 4 4 
0 0 0 0 2 0 1 0 0 0 0 0 0 0 0 0 0 0 0 1 0 0 0 0 
1 3 0 6 0 0 0 0 0 0 3 1 0 0 0 0 0 0 0 0 0 0 0 1 
1 2 1 6 0 0 0 0 0 0 0 0 0 0 0 0 6 1 1 4 0 0 5 1 
2 0 0 4 0 0 0 0 0 0 0 1 0 0 0 0 3 1 0 1 2 0 4 1 
200 17
4 12 4 10
4 12 4 13
4 12 6 12
10 1 10 0
10 1 10 2
10 1 9 1
10 1 11 1
10 1 10 0
10 1 10 2
10 1 9 1
10 1 11 1
15 0 15 1
15 0 12 0
15 0 16 0
19 8 19 5
19 8 19 10
19 8 18 8

1548

  1       1       3       1 3   3 2 1 2     2   
1         1 1 3 2   1 2     4 2       2 1       
                1   1 4         5           4 2 
2 3       5   5   6         3 1 5   1 1   2   1 
      2   4 1   2   2 - 5 3       1 1     3   1 
          1         1   | 1   1 3 3   1         
2               3   4   5 1     2 3           2 
  2   3 1 3         3 1       2 1 4       5 3   
  2                 3 2         1 2 2 2 2   2 3 
1 5   4   5     3   1         3   3 3   1       
2 8 2   2 2   3   5 2         1             1   
1 3 1   1     1   2 1   3   4     3   3 1   1   
4     5                     5             5 4 3 
| 1 2   2 4         3   2     1 3 5 2 2       1 
|           2 3             6 3 2               
5 2 2       1 2     2 1 1   4 2   4   4 1     2 
2       3 5                               4     
            3                   3               
            1   2                               
        3 4 - - 5 - 2                 1   3 4 4 
        2   1                         1         
1 3   6             3 1                       1 
1 2 1 6                         6 1 1 4     5 1 
2     4               1         3 1   1 2   4 1 
