24 24
2 0 2 0 0 0 0 0 4 2 4 2 2 0 4 2 2 1 2 2 1 3 0 3 
6 0 0 0 0 0 0 0 5 3 6 0 0 0 6 4 6 0 7 4 2 0 0 5 
0 1 1 0 0 0 0 0 4 2 4 0 2 0 0 4 8 2 0 0 0 2 2 0 
0 0 0 0 0 0 0 0 1 0 0 0 0 0 0 2 2 0 0 0 0 0 0 0 
0 5 7 0 0 0 0 0 0 0 0 0 0 0 6 0 0 0 7 0 0 4 6 6 
0 0 0 0 0 0 0 0 4 0 0 0 5 1 0 0 0 0 0 0 0 0 0 0 
0 3 0 0 0 2 0 0 0 0 0 0 0 0 0 0 0 0 0 0 0 0 0 0 
0 1 4 2 0 0 0 0 3 0 0 0 4 0 4 0 0 0 0 0 0 0 2 0 
0 2 0 0 0 5 0 0 0 0 3 0 0 0 6 0 2 0 0 1 2 0 3 0 
6 0 0 0 0 0 0 0 0 0 0 0 0 0 0 0 0 0 5 3 0 0 6 0 
0 2 5 0 0 0 6 0 0 0 0 3 2 5 1 3 5 4 0 2 2 0 4 0 
0 0 0 0 0 0 0 0 0 0 0 0 4 7 3 4 0 4 0 6 0 0 3 0 
0 0 0 0 0 0 0 0 0 0 0 0 2 0 2 2 0 2 0 3 2 1 0 0 
0 0 0 0 0 0 0 2 0 0 0 5 0 8 0 0 8 0 7 0 0 0 6 3 
0 0 5 2 0 2 4 3 2 0 0 0 2 0 3 1 0 2 0 0 0 0 0 2 
0 0 6 4 2 0 2 2 0 0 0 0 0 0 0 0 0 0 0 1 0 0 0 4 
0 4 4 4 4 0 2 6 0 0 0 6 4 0 4 0 6 3 0 0 2 4 0 0 
0 2 0 0 2 0 3 3 0 2 2 0 2 0 0 2 0 2 0 0 0 0 0 4 
0 4 0 8 0 6 0 0 0 4 4 7 5 2 0 0 0 4 0 5 0 6 0 0 
0 4 4 0 3 0 4 0 0 0 0 3 1 0 0 0 0 0 0 4 2 0 5 5 
0 0 2 0 4 2 4 0 0 0 0 0 2 0 3 4 7 4 0 1 0 4 0 2 
0 0 0 0 2 2 0 0 0 0 0 0 0 0 0 0 4 1 4 0 2 0 6 2 
5 0 0 7 0 0 0 0 0 0 0 0 0 0 0 0 0 0 0 0 0 5 4 2 
1 2 0 4 0 1 0 0 0 0 0 0 0 0 0 0 0 0 0 0 0 4 4 2 
200 198
1 0 1 8
1 0 0 0
1 0 9 0
1 18 1 16
1 18 1 19
1 18 0 18
1 18 4 18
1 23 1 20
1 23 0 23
1 23 4 23
2 16 2 15
2 16 2 17
2 16 1 16
2 16 3 16
4 1 4 2
4 1 2 1
4 1 6 1
4 2 4 1
4 2 4 14
4 2 2 2
4 2 7 2
4 23 4 22
4 23 1 23
4 23 13 23
5 8 5 12
5 8 7 8
5 8 5 12
5 8 7 8
6 5 8 5
9 0 9 18
9 0 1 0
9 0 22 0
9 22 9 19
9 22 8 22
9 22 10 22
10 2 10 1
10 2 10 6
10 2 14 2
10 6 10 2
10 6 10 11
10 6 14 6
10 13 10 12
10 13 10 14
10 13 11 13
10 16 10 15
10 16 10 17
10 16 13 16
13 13 13 11
13 13 13 16
13 13 11 13
13 13 18 13
13 16 13 13
13 16 13 18
13 16 10 16
13 16 16 16
15 2 15 3
15 2 14 2
15 2 16 2
18 3 18 1
18 3 18 5
18 3 16 3
18 3 22 3
18 11 18 10
18 11 18 12
18 11 16 11
18 11 19 11
18 21 18 19
18 21 16 21
18 21 20 21
19 2 19 1
19 2 20 2
19 2 19 1
19 2 20 2
19 22 19 23
19 22 13 22
19 22 21 22
20 16 20 15
20 16 20 17
20 16 16 16
20 16 21 16
22 0 22 3
22 0 9 0
22 0 23 0
22 0 22 3
23 1 23 3
1 0 1 8
1 0 0 0
2 16 2 15
2 16 2 17
2 16 1 16
2 16 3 16
4 1 4 2
4 23 4 22
4 23 13 23
5 13 5 12
6 1 7 1
6 5 8 5
7 3 7 2
7 8 7 12
8 1 8 5
8 14 8 10
8 14 8 16
8 14 7 14
8 14 8 10
8 14 8 16
8 14 7 14
9 0 9 18
9 22 9 19
9 22 8 22
9 22 10 22
10 6 10 11
10 6 14 6
12 12 11 12
13 13 13 11
13 13 11 13
13 13 18 13
13 16 13 18
13 16 16 16
13 18 13 22
13 18 9 18
13 18 21 18
14 17 16 17
15 2 15 3
15 2 14 2
15 2 16 2
15 19 18 19
15 23 14 23
15 23 17 23
15 23 14 23
15 23 17 23
16 20 16 21
17 23 19 23
18 3 18 1
18 3 18 5
18 3 16 3
18 3 22 3
18 12 18 11
18 12 17 12
18 12 19 12
18 17 17 17
18 17 20 17
18 17 17 17
18 17 20 17
18 21 18 19
18 21 16 21
18 21 20 21
19 1 18 1
23 1 23 3
0 2 0 8
5 12 7 12
7 3 7 2
8 1 8 5
8 5 8 10
11 17 10 17
11 17 12 17
11 17 10 17
11 17 12 17
11 19 11 22
11 19 10 19
11 19 12 19
11 19 11 22
11 19 10 19
11 19 12 19
12 12 11 12
12 19 12 20
12 20 12 21
13 23 13 22
14 17 16 17
16 17 16 16
16 20 16 21
17 23 19 23
18 12 18 11
18 19 19 19
19 1 18 1
0 2 0 8
5 12 7 12
7 2 4 2
7 12 7 14
10 17 10 16
10 20 10 22
17 1 16 1
17 12 16 12
18 19 19 19
4 14 4 18
4 14 1 14
4 14 7 14
10 15 11 15
10 20 10 22
11 22 13 22
13 22 13 18
13 22 19 22
17 1 16 1
3 8 2 8
3 15 2 15
4 14 4 18
4 14 1 14
10 15 11 15
3 15 2 15

2403

2   2 = = = = = 4 2 4 2 2   4 2 2 1 2 2 1 3   3 
6 = = = = = = = 5 3 6       6 4 6 - 7 4 2 - - 5 
ǁ 1 1           4 2 4   2   ǁ 4 8 2 |     2 2 ǁ 
ǁ | |           1           ǁ 2 2   |         ǁ 
ǁ 5 7 - - - - - - - - - - - 6 = = = 7     4 6 6 
ǁ | ǁ           4 = = = 5 1 |                 ǁ 
ǁ 3 ǁ     2     ǁ       ǁ   |                 ǁ 
ǁ 1 4 2   ǁ     3 - - - 4 - 4               2 ǁ 
ǁ 2 = = = 5 - - - - 3 = = = 6 = 2     1 2   3 ǁ 
6 = = = = = = = = = = = = = = = = = 5 3 = = 6 ǁ 
ǁ 2 5 = = = 6 = = = = 3 2 5 1 3 5 4 | 2 2 = 4 ǁ 
ǁ   |       ǁ           4 7 3 4 ǁ 4 | 6 = = 3 ǁ 
ǁ   |       ǁ           2 ǁ 2 2 ǁ 2 | 3 2 1 | ǁ 
ǁ   |       ǁ 2       5 = 8 = = 8 = 7 = = = 6 3 
ǁ   5 2   2 4 3 2       2 ǁ 3 1 ǁ 2 |       ǁ 2 
ǁ   6 4 2   2 2           ǁ     ǁ ǁ | 1     ǁ 4 
ǁ 4 4 4 4   2 6       6 4 ǁ 4   6 3 | | 2 4 ǁ ǁ 
ǁ 2   ǁ 2   3 3   2 2 | 2 ǁ   2 | 2 | |   ǁ ǁ 4 
ǁ 4 = 8 = 6       4 4 7 5 2     | 4 | 5 = 6 ǁ ǁ 
ǁ 4 4 ǁ 3   4         3 1       | ǁ | 4 2 ǁ 5 5 
ǁ   2 ǁ 4 2 4           2   3 4 7 4 | 1   4 | 2 
ǁ     ǁ 2 2                     4 1 4   2   6 2 
5 = = 7                                   5 4 2 
1 2 = 4   1                               4 4 2 
