24 24
4 0 0 0 0 0 0 0 0 0 0 0 0 0 0 0 4 3 2 0 2 1 1 2 
0 0 2 0 0 0 0 0 0 0 0 4 1 2 4 1 0 2 0 1 4 1 2 2 
0 2 0 3 0 0 0 0 0 0 0 7 5 2 4 0 4 0 3 0 4 1 0 1 
0 2 0 0 1 2 0 0 0 0 0 0 2 0 2 1 0 2 0 0 3 2 3 3 
0 0 1 0 3 7 1 3 4 3 2 0 1 0 0 0 0 3 2 1 0 0 0 3 
0 0 0 0 1 0 0 0 0 0 0 0 0 0 0 0 0 2 0 0 0 0 0 2 
0 0 0 0 3 5 0 5 0 3 2 0 3 3 5 3 0 2 1 0 0 1 0 0 
0 0 2 0 1 0 1 0 0 1 0 0 0 1 0 1 0 2 3 2 0 0 0 1 
0 0 0 0 4 6 3 0 0 0 0 0 3 3 0 0 0 0 3 2 0 0 0 0 
0 0 0 0 0 0 0 2 0 2 0 0 1 2 0 0 0 2 0 0 0 0 0 0 
3 0 2 0 0 0 3 0 0 0 0 0 2 0 6 3 0 0 0 0 0 0 0 0 
0 0 0 0 0 0 5 0 2 0 0 0 2 0 3 1 0 0 3 0 0 0 0 2 
2 3 2 0 0 0 1 0 0 0 0 0 0 0 0 0 0 0 2 0 0 0 0 0 
2 4 0 2 0 3 0 0 0 0 0 5 0 0 0 0 5 6 0 0 5 0 4 4 
1 0 1 1 0 1 3 0 0 0 0 4 0 1 3 0 3 0 1 1 0 2 2 0 
4 5 2 0 0 1 0 2 4 0 0 6 3 3 7 3 1 0 0 0 0 0 0 0 
0 3 2 2 0 0 3 0 0 0 1 1 1 0 4 4 1 0 3 2 0 0 0 0 
0 1 0 0 5 0 1 0 0 0 0 0 0 0 0 0 0 0 0 0 0 0 0 0 
0 0 2 0 2 4 0 0 0 0 0 0 0 0 0 0 0 5 5 3 0 0 3 4 
0 0 3 0 0 4 0 0 0 0 0 0 0 0 2 2 2 0 0 1 0 0 0 1 
0 0 0 1 0 2 0 0 0 0 0 0 0 0 1 1 0 2 0 0 0 0 0 0 
5 0 0 0 0 0 0 0 0 0 0 0 0 0 1 0 0 1 0 0 2 4 1 0 
4 0 2 0 0 0 0 2 0 0 0 0 0 0 0 0 4 0 5 0 0 3 3 3 
2 0 0 0 0 0 0 0 0 0 0 0 0 0 0 0 3 1 3 0 0 0 3 1 
200 52
0 0 0 16
0 0 10 0
0 0 0 16
0 0 10 0
0 16 0 17
0 16 2 16
2 11 2 3
2 11 2 12
2 11 1 11
2 11 13 11
4 5 4 4
4 5 4 6
4 5 3 5
4 5 6 5
11 6 11 8
11 6 10 6
11 6 12 6
15 14 15 13
15 14 15 15
15 14 14 14
15 14 16 14
21 0 21 14
21 0 15 0
21 0 22 0
4 5 4 4
4 5 3 5
4 5 6 5
11 6 11 8
11 6 10 6
15 8 15 7
15 8 15 11
15 8 15 7
15 8 15 11
15 11 15 12
15 11 14 11
15 11 16 11
15 11 15 12
16 10 16 6
21 0 15 0
21 0 22 0
22 0 22 2
22 0 23 0
22 2 22 7
22 7 22 16
23 0 23 16
4 8 4 7
4 8 4 9
4 8 4 7
4 8 4 9
15 0 15 1
15 0 14 0
4 7 6 7

2008

4 = = = = = = = = = = = = = = = 4 3 2   2 1 1 2 
ǁ   2                 4 1 2 4 1 | 2   1 4 1 2 2 
ǁ 2   3 - - - - - - - 7 5 2 4   4   3   4 1   1 
ǁ 2     1 2           | 2   2 1   2     3 2 3 3 
ǁ   1   3 7 1 3 4 3 2 | 1         3 2 1       3 
ǁ       1 ǁ   |       |           2           2 
ǁ       3 5   5   3 2 | 3 3 5 3   2 1     1     
ǁ   2   1   1     1   |   1   1   2 3 2       1 
ǁ       4 6 3         | 3 3         3 2         
ǁ             2   2   | 1 2       2             
3   2       3         | 2   6 3                 
            5 = 2     | 2   3 1     3         2 
2 3 2       1         |             2           
2 4   2   3           5         5 6     5   4 4 
1   1 1   1 3         4   1 3   3   1 1   2 2   
4 5 2     1   2 4 = = 6 3 3 7 3 1               
ǁ 3 2 2     3 - - - 1 1 1   4 4 1   3 2         
ǁ 1     5   1                                   
ǁ   2   2 4                       5 5 3     3 4 
ǁ   3     4                 2 2 2     1       1 
ǁ     1   2                 1 1   2             
5 - - - - - - - - - - - - - 1     1     2 4 1   
4 - 2 - - - - 2 - - - - - - - - 4   5     3 3 3 
2 - - - - - - - - - - - - - - - 3 1 3       3 1 
