24 24
4 2 2 4 3 0 0 0 0 0 0 0 0 0 0 5 1 1 2 5 0 4 1 2 
0 3 1 0 3 3 4 0 5 0 0 0 0 4 2 0 0 0 0 3 2 0 0 0 
0 0 2 0 2 2 4 4 5 1 1 4 2 0 0 3 2 6 0 0 0 5 3 3 
6 6 5 6 0 0 0 0 0 0 0 6 3 0 0 0 0 0 4 2 0 0 0 2 
4 0 0 4 0 0 0 0 4 2 0 0 4 0 4 0 2 8 7 2 0 0 5 6 
2 0 4 2 0 0 0 0 0 0 0 0 2 0 0 0 0 2 3 2 0 0 2 0 
4 5 2 2 0 0 0 0 0 0 0 8 0 6 4 3 0 0 0 0 0 8 4 0 
0 2 0 0 0 0 0 0 0 4 0 0 3 5 0 0 0 0 0 0 4 0 4 0 
4 3 0 0 5 0 1 2 3 0 0 0 1 0 0 0 0 2 0 0 0 0 2 0 
0 0 2 0 8 6 2 3 0 0 0 0 1 0 0 0 0 0 0 0 0 0 0 0 
0 0 2 0 4 2 0 2 0 0 0 0 0 0 0 0 0 0 0 0 0 0 0 0 
3 6 0 0 0 0 0 0 4 6 0 7 4 0 0 0 0 0 0 0 0 0 0 0 
1 0 3 2 2 0 0 0 0 0 2 0 2 0 0 0 0 0 0 0 0 0 1 0 
0 0 0 1 0 0 0 0 0 0 0 0 4 7 0 0 0 8 4 0 0 0 0 0 
0 0 4 0 6 0 0 0 0 8 4 0 0 0 0 0 0 2 0 0 0 0 3 4 
0 0 4 0 0 0 0 0 0 8 3 0 3 2 0 0 0 0 0 0 0 0 0 0 
0 0 0 2 0 4 4 2 0 0 1 0 0 0 0 0 0 0 4 1 0 0 0 0 
0 0 6 0 0 4 0 2 0 7 3 0 3 0 0 2 0 0 1 0 0 0 0 0 
0 0 4 0 0 4 6 2 0 1 1 0 0 0 0 0 0 0 0 0 0 0 0 0 
4 7 0 0 0 0 0 0 0 0 0 8 0 0 0 0 0 0 0 0 8 8 6 6 
3 0 1 0 5 0 0 2 0 0 0 0 1 0 0 0 5 0 2 2 4 4 2 2 
1 0 2 0 5 0 0 0 0 0 0 4 0 0 0 0 5 0 0 0 0 0 3 2 
2 7 0 0 0 0 0 0 0 0 0 0 0 0 0 0 4 2 3 0 0 0 6 3 
2 6 0 0 0 0 0 3 2 0 0 0 0 0 1 2 5 2 3 2 1 0 5 2 
200 235
0 0 0 1
0 0 3 0
0 15 0 4
0 15 0 16
0 15 2 15
0 19 0 18
0 19 0 21
0 19 1 19
1 8 1 6
1 8 1 13
1 8 2 8
3 0 3 1
3 0 0 0
3 0 4 0
4 17 4 16
4 17 4 18
4 17 2 17
4 17 5 17
4 23 4 22
4 23 3 23
4 23 14 23
6 11 6 3
6 11 6 13
6 11 3 11
6 11 11 11
6 21 6 15
6 21 6 22
6 21 2 21
6 21 19 21
7 9 7 1
7 9 11 9
7 9 7 1
7 9 11 9
7 20 7 13
7 20 19 20
7 20 7 13
7 20 19 20
7 22 6 22
7 22 8 22
7 22 6 22
7 22 8 22
8 4 8 1
8 4 8 6
8 4 9 4
9 4 9 2
9 4 9 5
9 4 8 4
9 4 10 4
9 5 9 4
9 5 9 6
9 5 10 5
12 22 14 22
13 13 13 12
13 13 13 17
13 13 7 13
13 13 15 13
13 17 13 13
13 17 13 18
13 17 8 17
13 17 14 17
14 9 14 4
14 9 14 10
14 9 11 9
14 9 15 9
15 9 15 2
15 9 15 10
15 9 14 9
15 9 17 9
16 3 16 5
17 2 17 5
17 2 15 2
17 2 18 2
17 9 17 7
17 9 17 10
17 9 15 9
17 9 18 9
18 6 18 5
18 6 18 7
18 6 16 6
18 10 17 10
19 1 19 0
19 1 19 11
19 1 11 1
19 1 22 1
19 11 19 1
19 11 19 20
19 11 11 11
19 11 21 11
19 20 19 11
19 20 19 21
19 20 20 20
19 21 19 20
19 21 19 22
19 21 6 21
19 21 20 21
19 23 19 22
19 23 14 23
19 23 20 23
20 4 20 2
20 4 20 7
20 4 21 4
20 12 20 16
20 16 20 18
20 16 21 16
20 16 20 18
20 16 21 16
21 2 21 4
23 1 23 0
23 1 23 7
23 1 22 1
23 16 23 15
23 16 23 17
23 16 22 16
23 22 23 20
23 22 23 23
23 22 22 22
0 0 0 1
0 15 0 4
0 15 2 15
1 1 1 2
1 1 3 1
1 1 3 1
1 20 1 19
2 7 2 6
2 7 2 8
2 7 2 6
2 7 2 8
3 0 3 1
3 0 4 0
4 17 4 16
4 17 4 18
4 17 2 17
4 17 5 17
4 18 4 19
4 18 3 18
4 18 5 18
4 23 4 22
4 23 3 23
4 23 14 23
5 12 4 12
6 1 6 0
6 1 6 2
6 1 3 1
6 11 6 3
6 11 6 13
6 11 3 11
6 11 11 11
6 21 6 15
6 21 6 22
6 21 2 21
8 17 13 17
9 4 9 2
9 4 9 5
12 10 14 10
13 3 12 3
13 17 13 18
13 17 14 17
13 18 16 18
14 4 14 2
14 4 14 9
14 4 12 4
14 9 14 10
14 9 11 9
15 9 15 2
15 9 15 10
16 3 16 5
16 19 16 18
17 2 17 5
17 2 15 2
17 2 18 2
17 9 17 7
17 9 17 10
18 2 18 5
18 6 18 5
18 6 18 7
18 6 16 6
19 11 11 11
19 11 21 11
19 20 19 21
19 23 19 22
19 23 14 23
19 23 20 23
21 2 21 4
23 1 23 0
23 1 23 7
23 1 22 1
23 22 23 23
23 22 22 22
0 2 0 3
0 2 0 3
1 20 1 19
4 0 5 0
5 12 4 12
5 22 4 22
8 4 8 1
12 10 14 10
13 18 16 18
14 2 14 4
14 2 12 2
14 2 12 2
14 4 12 4
14 22 19 22
15 10 16 10
16 7 16 6
16 18 17 18
17 15 17 12
18 2 18 5
0 19 0 18
0 19 0 21
4 0 5 0
5 22 4 22
6 0 6 1
6 0 8 0
12 3 12 2
14 22 19 22
16 7 16 6
17 5 16 5
17 15 17 12
0 17 2 17
4 22 2 22
6 0 6 1
6 2 5 2
10 2 10 4
10 2 10 4
10 4 10 5
10 7 9 7
16 5 17 5
17 12 15 12
3 1 3 2
9 5 9 6
10 7 9 7
9 7 8 7
8 7 8 8
8 8 11 8
8 8 11 8

2385

4 2 2 4 3 = = = = = = = = = = 5 1 1 2 5 = 4 1 2 
ǁ 3 1   3 3 4 - 5 - - - - 4 2 ǁ   |   3 2       
ǁ ǁ 2   2 2 4 4 5 1 1 4 2     3 2 6       5 3 3 
6 6 5 6               6 3         ǁ 4 2   ǁ | 2 
4 |   4         4 2   ǁ 4   4   2 8 7 2   ǁ 5 6 
2 | 4 2               ǁ 2         2 3 2   ǁ 2 ǁ 
4 5 2 2 = = = = = = = 8 = 6 4 3 = = = = = 8 4 ǁ 
| 2 = = = = = = = 4   ǁ 3 5 = = = = = = 4 ǁ 4 ǁ 
4 3 = = 5 - 1 2 3 ǁ   ǁ 1 |       2     ǁ ǁ 2 ǁ 
    2 = 8 6 2 3 ǁ ǁ   ǁ 1 |       ǁ     ǁ ǁ   ǁ 
    2 = 4 2   2 ǁ ǁ   ǁ   |       ǁ     ǁ ǁ   ǁ 
3 6             4 6   7 4 |       ǁ     ǁ ǁ   ǁ 
1 | 3 2 2         ǁ 2 ǁ 2 |       ǁ     ǁ ǁ 1 ǁ 
  | ǁ 1 ǁ         ǁ ǁ ǁ 4 7 = = = 8 4   ǁ ǁ | ǁ 
  | 4 = 6 = = = = 8 4 ǁ   |       2 ǁ   ǁ ǁ 3 4 
  | 4 = = = = = = 8 3 ǁ 3 2         ǁ   ǁ ǁ ǁ ǁ 
  | ǁ 2 = 4 4 2   ǁ 1 ǁ |           4 1 ǁ ǁ ǁ ǁ 
  | 6 = = 4 ǁ 2 = 7 3 ǁ 3 = = 2     1   ǁ ǁ ǁ ǁ 
  | 4 = = 4 6 2   1 1 ǁ                 ǁ ǁ ǁ ǁ 
4 7 = = = = = = = = = 8 = = = = = = = = 8 8 6 6 
3 | 1 - 5 - - 2       ǁ 1 - - - 5 = 2 2 4 4 2 2 
1 | 2 = 5             4         5           3 2 
2 7                             4 2 3       6 3 
2 6 = = = = = 3 2           1 2 5 2 3 2 1 - 5 2 
