24 24
2 0 2 4 0 0 0 0 0 0 0 0 0 0 0 3 3 0 0 3 2 1 2 1 
2 1 0 4 0 0 0 0 4 0 0 3 0 2 1 0 4 3 1 0 3 3 0 0 
3 0 5 0 0 0 0 0 0 0 0 0 0 0 0 4 0 0 0 6 4 3 7 3 
0 0 0 0 1 0 0 0 0 0 0 0 2 2 1 0 1 1 1 0 0 1 0 1 
0 0 0 1 0 0 0 0 0 0 0 0 5 3 0 0 3 4 0 0 0 0 0 1 
0 0 0 2 0 0 0 1 0 0 0 0 0 3 2 0 0 0 0 0 0 0 4 2 
0 0 0 0 0 0 0 0 0 0 0 0 0 0 2 0 0 0 0 0 0 0 1 1 
0 0 0 3 0 0 0 0 0 0 0 0 4 0 0 0 1 0 0 0 0 0 3 3 
0 0 0 0 1 0 4 0 1 1 3 1 0 5 3 0 0 0 0 0 0 0 0 0 
0 0 0 0 2 0 6 0 0 0 5 2 0 0 0 0 0 0 0 0 0 0 0 0 
0 2 0 0 1 0 0 1 3 1 0 1 0 0 0 0 0 0 2 0 0 0 0 0 
0 0 0 0 2 0 5 0 7 3 0 2 0 0 0 0 0 0 0 0 0 0 0 0 
4 3 0 0 1 1 2 1 2 1 0 0 0 0 0 0 0 0 0 0 0 0 0 0 
4 3 0 0 0 0 3 0 0 0 4 3 0 6 0 5 0 5 3 0 0 0 0 1 
1 1 0 4 0 4 0 0 0 0 0 0 0 0 1 0 0 0 2 0 0 0 0 0 
0 0 0 0 1 1 0 0 0 0 0 0 0 0 0 0 2 0 1 0 0 0 0 0 
0 0 0 4 3 1 0 0 0 0 0 0 0 0 2 0 0 0 1 0 0 0 0 0 
0 0 0 5 4 0 1 0 0 0 0 3 0 0 0 0 0 0 2 3 4 3 3 2 
0 0 0 1 2 0 0 0 0 0 0 2 0 0 0 0 0 0 1 2 2 2 3 2 
3 0 4 0 0 0 0 0 0 0 4 1 0 0 0 0 3 0 3 5 2 0 3 0 
0 1 0 1 0 3 0 2 3 2 0 1 0 3 2 0 0 0 1 0 1 0 2 0 
0 2 6 0 0 5 0 0 2 1 0 0 0 2 0 3 2 4 0 4 0 4 1 0 
1 1 4 2 1 2 2 1 1 0 5 3 3 0 0 0 0 3 2 3 1 3 1 2 
1 3 0 0 0 0 0 0 0 0 5 2 2 2 0 3 2 2 0 0 2 2 1 1 
200 26
2 22 2 21
2 22 2 23
2 22 0 22
2 22 5 22
8 6 8 4
8 6 8 8
8 6 9 6
8 6 9 6
11 8 11 6
11 8 11 9
11 8 10 8
11 8 12 8
17 3 17 4
17 3 16 3
17 3 18 3
23 10 23 1
23 10 23 11
23 10 22 10
1 8 1 3
1 8 1 11
3 4 3 12
17 3 17 4
17 3 16 3
1 8 1 3
1 8 1 11
1 11 1 13

2178

2   2 4                       3 3     3 2 1 2 1 
2 1   4 = = = = 4 = = 3 - 2 1   4 3 1   3 3 |   
3   5                         4       6 4 3 7 3 
        1 - - - - - - - 2 2 1   1 1 1     1 | 1 
      1                 5 3     3 4         | 1 
      2       1           3 2               4 2 
                            2               1 1 
      3                 4       1           3 3 
        1 - 4 - 1 1 3 1   5 3                   
        2   6       5 2                         
  2     1     1 3 1   1             2           
        2   5 - 7 3   2                         
4 3     1 1 2 1 2 1                             
4 3         3       4 3   6   5   5 3         1 
1 1   4   4                 1       2           
        1 1                     2   1           
      4 3 1                 2       1           
      5 4   1         3             2 3 4 3 3 2 
      1 2             2             1 2 2 2 3 2 
3   4               4 1         3   3 5 2   3   
  1   1   3   2 3 2   1   3 2       1   1   2   
  2 6     5     2 1       2   3 2 4   4   4 1   
1 1 4 2 1 2 2 1 1   5 3 3         3 2 3 1 3 1 2 
1 3 - - - - - - - - 5 2 2 2   3 2 2     2 2 1 1 
