24 24
2 4 0 4 0 0 0 0 0 0 0 0 1 2 3 4 2 1 2 0 0 0 4 1 
3 4 1 0 2 0 4 3 3 0 0 0 0 0 4 3 3 5 0 0 0 3 4 3 
2 0 0 4 0 0 4 3 6 0 0 0 3 3 0 0 4 4 1 0 0 0 0 0 
3 1 0 0 0 0 2 1 4 0 0 4 3 3 0 0 0 0 0 0 0 0 0 2 
6 6 0 5 0 0 0 0 0 0 0 0 0 0 6 0 0 0 0 0 0 4 0 0 
0 0 1 0 3 3 0 0 4 0 3 1 3 1 0 3 0 0 4 0 0 3 0 0 
3 0 0 0 4 0 4 3 2 0 0 0 0 0 0 0 2 0 0 1 1 0 0 2 
0 0 3 6 0 0 0 0 0 0 7 0 4 0 0 0 0 0 0 0 0 0 0 0 
1 0 1 3 2 3 0 5 0 3 3 2 3 0 0 0 3 0 5 6 4 0 0 0 
3 4 0 0 0 0 0 8 4 2 4 0 5 0 0 0 2 1 0 0 0 0 3 3 
4 6 4 0 0 4 0 4 3 1 0 0 0 0 0 0 0 0 0 0 3 0 0 0 
2 6 0 0 0 0 0 0 0 0 0 0 5 2 0 0 0 0 0 0 2 0 0 1 
0 0 2 4 5 0 0 6 0 0 0 0 3 0 0 4 6 2 0 4 2 0 0 0 
0 0 0 2 0 0 0 0 0 0 0 0 0 0 0 0 1 0 0 2 2 0 0 0 
0 0 5 0 7 1 0 0 0 0 0 0 0 0 0 3 4 0 5 0 0 0 0 0 
3 0 0 0 0 0 0 0 0 0 0 0 0 0 0 4 5 0 3 0 0 0 0 2 
0 0 0 0 0 0 0 0 0 0 0 0 0 0 0 5 0 0 0 7 5 0 0 0 
0 0 0 0 0 0 0 0 0 0 0 0 0 0 0 0 3 0 4 0 4 0 0 0 
0 0 3 0 0 0 0 4 0 0 2 0 0 0 0 2 2 2 4 0 0 0 0 0 
0 0 1 0 0 0 0 0 0 0 0 0 0 0 0 1 2 1 0 0 0 0 0 0 
4 6 0 0 5 0 0 0 0 0 0 0 0 0 5 0 0 0 6 5 3 0 0 0 
4 6 3 0 2 2 0 4 0 3 2 0 0 0 0 1 0 0 5 0 0 5 3 3 
2 2 2 0 0 0 0 4 0 0 0 0 0 0 6 0 0 0 6 2 4 7 4 2 
1 2 0 0 0 0 0 3 0 0 0 0 1 1 4 0 1 2 5 3 5 5 4 2 
200 223
4 0 4 1
4 0 3 0
4 0 6 0
4 0 4 1
4 0 3 0
4 0 6 0
4 1 4 3
4 1 3 1
4 1 9 1
4 1 4 3
6 0 8 0
7 10 7 3
7 10 7 12
7 10 5 10
7 10 8 10
8 7 8 5
8 7 8 9
8 7 9 7
9 7 9 1
9 7 9 8
9 7 8 7
9 7 10 7
9 7 9 1
9 7 9 8
9 7 8 7
9 8 9 9
9 8 10 8
12 4 12 3
12 4 12 7
12 4 14 4
13 3 12 3
14 2 14 4
14 2 12 2
14 2 18 2
14 4 14 2
14 4 14 5
14 4 12 4
14 4 20 4
14 4 20 4
14 18 14 16
14 18 8 18
14 18 15 18
16 15 16 19
16 15 15 15
16 15 18 15
16 20 16 19
16 20 13 20
16 20 17 20
18 2 14 2
18 2 19 2
22 21 22 20
22 21 22 22
22 21 21 21
22 21 23 21
23 14 23 13
23 14 23 16
23 14 22 14
23 14 22 14
23 18 23 17
23 18 23 19
23 18 22 18
23 20 23 19
23 20 23 21
23 20 22 20
3 0 2 0
6 4 6 6
6 4 5 4
6 4 6 6
6 4 5 4
6 6 6 7
6 6 3 6
8 5 8 4
9 1 9 0
10 1 10 0
10 1 10 2
10 1 11 1
10 1 10 0
10 1 10 2
10 1 11 1
10 2 10 5
10 2 12 2
10 5 10 7
11 1 11 0
11 1 20 1
11 1 11 0
11 1 20 1
11 12 11 13
11 12 9 12
11 12 12 12
12 3 12 4
12 3 13 3
12 7 12 12
12 7 10 7
12 7 18 7
12 7 12 12
12 7 10 7
15 0 20 0
15 16 15 15
15 16 15 18
15 16 14 16
18 7 18 10
18 7 21 7
18 7 18 10
20 1 20 0
20 1 20 4
20 1 21 1
20 1 20 0
20 4 21 4
20 14 20 18
20 14 4 14
20 14 22 14
21 1 21 0
21 1 21 2
21 1 22 1
21 1 21 0
21 1 21 2
21 10 21 9
21 15 21 18
22 14 22 7
22 14 22 18
22 14 20 14
22 18 22 19
22 18 21 18
22 18 23 18
22 18 22 19
23 12 23 7
23 17 23 18
23 19 23 20
4 14 4 21
4 14 1 14
4 14 20 14
4 14 4 21
4 14 1 14
4 21 1 21
4 21 5 21
5 5 5 4
8 5 8 4
9 0 10 0
9 0 10 0
10 8 10 9
15 0 20 0
20 4 21 4
20 18 20 19
20 18 18 18
20 18 21 18
20 18 20 19
20 18 18 18
21 0 22 0
21 0 22 0
21 2 22 2
21 5 21 7
21 5 21 7
21 7 21 9
21 9 21 10
21 18 21 21
21 18 21 21
22 7 22 2
22 7 23 7
22 7 23 7
22 20 22 21
22 20 23 20
23 0 23 1
23 1 22 1
23 21 23 22
23 21 22 21
2 16 2 17
2 16 1 16
2 16 2 17
2 16 1 16
2 17 2 18
2 17 1 17
5 2 7 2
18 18 18 17
18 18 17 18
23 21 23 22
23 22 23 23
23 22 22 22
23 23 22 23
17 18 17 16
17 18 17 20
17 18 17 16
17 20 16 20
17 20 20 20
20 19 20 20
20 20 20 19
16 19 16 15
16 19 16 20
16 19 13 19
16 19 13 19
17 16 18 16
12 19 12 20
12 19 8 19
12 19 12 20
12 19 8 19
8 19 8 18
8 19 8 20
8 19 6 19
8 19 8 18
8 20 6 20
8 20 10 20
8 20 10 20
10 20 11 20
11 20 11 23
15 23 21 23
5 21 5 18
6 16 8 16
15 23 21 23
5 21 5 18
6 16 8 16
5 18 5 15
5 18 8 18
5 15 12 15
5 15 12 15
12 15 12 16
12 15 14 15
12 16 12 17
12 16 9 16
12 16 13 16
12 16 12 17
12 16 9 16
8 16 8 18
14 18 14 16
14 18 15 18

3269

2 4   4                 1 2 3 4 2 1 2       4 1 
3 4 1   2   4 3 3           4 3 3 5       3 4 3 
2     4     4 3 6       3 3 ǁ   4 4 1     |     
3 1         2 1 4     4 3 3 ǁ             |   2 
6 6 = 5     |               6 = = = = = = 4     
ǁ | 1   3 3 |   4   3 1 3 1 ǁ 3 - - 4 = = 3     
3 | |   4 = 4 3 2   |       ǁ ǁ 2   | 1 1     2 
| | 3 6 - - - - - - 7 - 4   ǁ ǁ ǁ   | | |       
1 | 1 3 2 3 - 5 - 3 3 2 3   ǁ ǁ 3 - 5 6 4       
3 4 = = = = = 8 4 2 4   5   ǁ ǁ 2 1 | ǁ ǁ   3 3 
4 6 4 - - 4 - 4 3 1     |   ǁ ǁ ǁ   | ǁ 3       
2 6 |         ǁ         5 2 ǁ ǁ ǁ   | ǁ 2 - - 1 
  ǁ 2 4 5 - - 6 = = = = 3   ǁ 4 6 2 | 4 2       
  ǁ | 2 ǁ     |             ǁ | 1   | 2 2       
  ǁ 5 = 7 1   |             ǁ 3 4 = 5 ǁ |       
3 ǁ ǁ   ǁ     |             ǁ 4 5 - 3 ǁ |     2 
ǁ ǁ ǁ   ǁ     |             ǁ 5 = = = 7 5     ǁ 
ǁ ǁ ǁ   ǁ     |             ǁ | 3 = 4 - 4     ǁ 
ǁ ǁ 3   ǁ     4 = = 2       ǁ 2 2 2 4   |     ǁ 
ǁ ǁ 1   ǁ     |             ǁ 1 2 1 ǁ   |     ǁ 
4 6 - - 5     |             5 - - - 6 5 3     ǁ 
4 6 3   2 2 = 4 - 3 2       ǁ 1 - - 5 = = 5 3 3 
2 2 2 - - - - 4 - - - - - - 6 - - - 6 2 4 7 4 2 
1 2           3 - - - - 1 1 4 - 1 2 5 3 5 5 4 2 
