24 24
2 0 0 1 0 0 0 0 0 0 3 1 0 0 0 1 4 0 0 0 0 5 4 3 
3 0 0 0 0 3 0 0 0 0 6 0 0 0 0 4 4 0 0 3 2 0 4 3 
1 0 0 0 0 0 0 0 0 0 0 2 0 0 0 0 0 0 0 0 0 4 5 3 
0 0 0 0 0 1 0 0 0 0 0 2 0 3 0 0 0 0 0 2 0 0 2 0 
0 0 0 0 0 0 0 0 0 0 0 1 0 3 1 1 0 0 0 2 0 0 0 0 
3 0 0 0 0 0 0 0 0 0 6 0 0 0 0 0 0 0 0 0 0 5 6 2 
4 0 0 5 4 1 0 1 1 1 0 3 0 0 0 0 4 2 0 0 2 0 5 2 
0 0 1 0 4 0 0 4 4 3 0 0 0 0 0 0 0 2 0 0 3 0 0 1 
0 2 0 0 0 3 2 0 2 0 0 0 0 0 0 0 0 2 4 3 0 0 0 0 
0 0 0 0 0 3 0 0 4 4 0 0 0 0 0 0 0 0 5 5 0 0 0 0 
4 5 4 0 0 2 2 0 0 0 0 4 0 0 3 0 0 4 0 0 0 0 5 4 
0 1 0 0 0 0 1 0 0 0 0 4 0 0 4 0 0 0 0 0 0 0 0 0 
0 0 0 0 3 3 0 0 6 5 0 1 0 0 0 0 0 0 0 0 0 0 0 0 
2 4 3 0 0 0 1 0 0 3 0 4 0 0 0 0 6 6 5 7 4 0 6 4 
2 0 0 0 3 0 0 0 0 0 0 2 1 3 0 0 0 6 5 0 0 0 4 3 
0 0 3 0 3 4 6 1 0 3 0 0 0 4 0 0 4 3 1 0 0 0 0 0 
1 0 4 0 3 3 2 0 0 0 0 0 0 0 0 0 0 0 0 0 1 0 2 0 
0 0 3 7 0 0 0 0 6 3 0 0 0 0 0 0 0 0 0 0 2 0 0 0 
0 0 2 5 3 0 4 4 5 3 0 0 0 0 0 0 0 0 0 0 0 0 5 5 
2 5 0 0 0 0 0 0 0 0 5 0 0 0 0 0 5 5 0 4 6 0 0 0 
2 3 0 0 0 0 4 3 3 1 0 2 0 2 0 0 0 2 2 0 5 0 0 2 
0 0 0 0 0 1 0 1 0 0 0 0 0 4 0 0 7 5 2 1 2 0 0 0 
3 6 0 0 0 4 4 3 4 0 4 6 0 0 0 0 8 4 0 0 0 7 6 2 
0 2 0 0 2 0 2 2 2 1 4 6 4 0 3 1 4 0 0 4 4 4 2 1 
200 109
0 21 0 16
0 21 0 22
0 21 2 21
9 19 9 18
9 19 8 19
9 19 13 19
10 22 10 23
10 22 6 22
10 22 13 22
15 6 15 5
15 6 15 7
15 6 13 6
15 6 16 6
17 3 17 2
17 3 17 8
17 3 6 3
17 3 18 3
18 23 18 22
18 23 14 23
18 23 20 23
19 20 19 19
19 20 17 20
19 20 20 20
19 20 19 19
19 20 17 20
19 20 20 20
21 16 21 13
21 16 21 17
21 16 19 16
21 16 22 16
22 16 22 11
22 16 22 17
22 16 21 16
22 16 23 16
22 16 22 11
22 16 22 17
22 16 21 16
22 17 22 21
22 17 21 17
22 21 22 22
22 21 5 21
22 21 23 21
23 11 23 10
23 11 23 12
23 11 22 11
23 11 23 10
23 11 23 12
23 11 22 11
23 12 23 14
23 14 23 12
23 14 23 15
23 16 23 19
23 19 23 16
23 19 23 20
23 19 23 20
23 20 23 21
7 2 10 2
8 1 10 1
10 2 10 1
10 2 13 2
10 2 10 1
11 14 11 11
11 14 10 14
11 14 11 11
11 14 10 14
13 22 13 23
13 22 10 22
13 22 14 22
13 22 13 23
13 22 14 22
13 23 10 23
13 23 14 23
14 18 14 17
14 18 13 18
14 18 15 18
14 22 14 23
14 22 16 22
15 6 15 5
15 6 16 6
16 20 13 20
16 22 18 22
18 23 18 22
18 23 20 23
22 21 22 22
22 21 5 21
22 21 23 21
22 22 22 23
22 22 18 22
22 22 23 22
22 22 22 23
23 10 23 9
23 10 22 10
23 20 23 21
23 22 23 23
8 1 10 1
10 23 10 22
10 23 7 23
13 20 13 19
13 20 7 20
13 20 13 19
6 22 6 23
6 22 5 22
6 22 6 23
6 22 5 22
5 22 5 21
5 22 5 23
5 22 3 22
5 22 5 21
5 23 2 23

2253

2     1             3 1       1 4 - - - - 5 4 3 
3         3         6         4 4     3 2 | 4 3 
1                     2                   4 5 3 
          1           2   3           2     2 | 
                      1   3 1 1       2     | | 
3                   6                     5 6 2 
4     5 4 1   1 1 1   3         4 2     2 ǁ 5 2 
    1 | 4     4 4 3               2     3 ǁ | 1 
  2 | |   3 2   2                 2 4 3 | ǁ | | 
  ǁ | |   3     4 4                 5 5 | ǁ | | 
4 5 4 |   2 2         4     3     4   | | ǁ 5 4 
  1 | |     1         4 = = 4         | | ǁ ǁ | 
    | | 3 3     6 5   1               | | ǁ ǁ | 
2 4 3 |     1     3   4         6 6 5 7 4 ǁ 6 4 
2     | 3   |         2 1 3       6 5   | ǁ 4 3 
    3 | 3 4 6 1   3       4     4 3 1   | ǁ | | 
1   4 | 3 3 2                           1 ǁ 2 | 
    3 7 - - - - 6 3                     2 ǁ | | 
    2 5 3   4 4 5 3                     ǁ ǁ 5 5 
2 5                 5           5 5   4 6 ǁ | ǁ 
2 3         4 3 3 1   2   2     | 2 2   5 ǁ | 2 
          1   1           4 - - 7 5 2 1 2 ǁ |   
3 6       4 4 3 4   4 6 = = = = 8 4 - - - 7 6 2 
  2     2   2 2 2 1 4 6 4 = 3 1 4 = = 4 4 4 2 1 
