24 24
3 4 0 1 0 2 3 5 0 0 0 0 0 0 0 0 5 5 0 0 3 1 0 3 
3 0 1 2 0 0 4 7 3 0 0 1 0 0 3 0 2 5 0 4 3 2 4 4 
2 0 0 0 0 0 0 1 0 0 0 0 0 0 0 1 0 5 2 3 3 1 0 3 
4 6 0 5 0 6 0 0 0 0 0 0 0 0 6 0 0 0 0 0 0 0 7 6 
0 0 1 0 2 0 2 0 3 0 4 2 2 0 0 1 0 0 0 0 0 2 2 0 
3 0 0 0 0 0 0 1 0 0 6 4 3 1 0 0 0 4 3 1 0 0 2 0 
3 0 4 7 5 0 3 0 2 1 0 0 0 0 0 0 0 0 0 0 0 0 0 0 
0 0 3 5 3 0 2 0 0 2 0 0 0 0 0 0 0 3 0 0 0 0 0 2 
3 3 0 4 3 0 5 2 0 0 0 3 0 0 0 0 0 0 0 0 0 0 0 0 
0 3 2 1 0 0 4 2 0 0 0 0 0 0 0 0 0 0 0 0 0 0 0 0 
2 0 0 0 0 7 0 0 4 3 0 4 0 0 6 0 3 2 0 0 0 0 0 2 
1 2 0 5 1 0 0 1 0 2 0 0 0 0 1 0 0 0 0 0 0 0 0 0 
4 0 0 7 0 6 0 0 0 0 6 0 0 0 0 0 3 0 0 0 0 6 4 5 
2 3 2 0 2 0 2 0 0 0 0 4 0 4 2 0 2 0 0 0 0 0 0 3 
3 0 0 5 4 0 0 0 0 0 0 3 0 0 2 1 0 0 0 0 0 0 0 0 
0 3 0 3 1 0 0 0 0 0 0 3 0 6 0 0 7 0 0 4 0 5 0 0 
0 2 0 0 0 0 0 0 0 0 0 1 0 0 4 3 4 2 0 1 0 0 0 0 
5 0 0 6 5 0 0 0 0 0 0 0 0 0 2 0 1 0 0 0 0 0 0 0 
5 0 0 5 4 0 0 0 0 0 0 0 0 0 0 2 0 0 0 0 0 4 4 4 
0 0 0 2 2 0 5 0 0 0 6 0 0 4 0 0 0 0 0 0 1 3 6 4 
3 4 0 4 1 0 5 3 1 0 0 0 0 0 2 0 0 0 0 0 0 5 5 0 
0 0 0 0 0 0 4 0 0 0 0 0 0 0 3 0 0 2 0 0 0 0 0 0 
0 2 0 3 0 5 3 4 0 0 5 4 0 4 0 0 0 0 0 0 0 7 6 2 
0 0 2 0 0 6 4 4 0 2 2 3 1 2 0 0 0 0 0 0 0 5 4 1 
200 73
0 7 0 6
0 7 0 16
0 7 1 7
0 17 0 16
0 17 0 20
0 17 1 17
0 23 0 21
0 23 1 23
0 23 1 23
1 7 1 6
1 7 1 8
1 7 0 7
1 7 2 7
3 22 3 14
3 22 3 23
3 22 1 22
3 22 4 22
3 23 3 22
3 23 2 23
3 23 7 23
6 3 6 2
6 3 6 4
6 3 3 3
6 3 7 3
10 5 10 0
10 5 10 8
10 5 3 5
10 5 12 5
11 3 11 1
11 3 11 4
11 3 12 3
12 23 12 22
12 23 10 23
12 23 13 23
15 16 15 13
15 16 15 19
15 16 13 16
15 16 16 16
15 21 15 19
15 21 12 21
15 21 18 21
17 0 17 3
17 0 14 0
17 0 18 0
20 22 20 21
20 22 19 22
20 22 22 22
22 21 22 13
22 21 22 22
22 21 20 21
22 21 23 21
23 2 23 5
23 5 23 2
23 5 23 6
23 5 22 5
1 7 1 6
1 7 1 8
2 15 2 17
2 17 2 18
2 17 1 17
2 17 2 18
2 17 1 17
3 23 3 22
3 23 2 23
4 4 6 4
8 6 8 7
8 6 7 6
8 6 9 6
23 5 23 6
23 5 22 5
2 23 1 23
4 4 6 4
1 23 1 22

2494

3 4   1   2 3 5 - - - - - - - - 5 5 - - 3 1 - 3 
3   1 2     4 7 3     1     3   2 5   4 3 2 4 4 
2             1               1 - 5 2 3 3 1 | 3 
4 6   5   6                 6 - - - - - - - 7 6 
    1 | 2 | 2   3   4 2 2     1           2 2 | 
3     | ǁ |   1     6 4 3 1       4 3 1     2 | 
3   4 7 5 | 3   2 1                           | 
    3 5 3 | 2     2               3           2 
3 3   4 3 | 5 2       3                         
  3 2 1   | 4 2                                 
2 - - - - 7 - - 4 3   4     6   3 2           2 
1 2 - 5 1 |   1   2         1                 | 
4     7   6         6           3         6 4 5 
2 3 2   2   2         4   4 2   2         |   3 
3     5 4             3     2 1 |         |     
| 3   3 1             3   6 - - 7 - - 4 - 5     
| 2                   1     4 3 4 2   1   |     
5 - - 6 5                   2   1         |     
5     5 4                     2           4 4 4 
      2 2   5       6     4             1 3 6 4 
3 4   4 1   5 3 1           2             5 5   
            4               3     2       | |   
  2   3   5 3 4     5 4   4 - - - - - - - 7 6 2 
    2 = = 6 4 4   2 2 3 1 2               5 4 1 
