24 24
3 0 4 0 0 0 0 0 0 0 0 0 0 3 0 0 0 3 3 0 2 1 1 2 
0 0 0 0 0 0 1 0 0 1 1 2 0 2 3 4 2 0 3 1 0 0 0 0 
0 0 0 3 0 0 5 0 0 3 3 5 0 4 0 0 0 5 0 0 4 2 2 0 
0 0 0 0 2 0 4 2 1 0 2 1 1 2 1 0 0 4 3 1 0 0 0 3 
0 0 0 0 0 3 0 0 0 3 2 2 0 0 0 2 1 2 2 1 0 0 0 0 
0 2 0 1 0 3 1 2 1 0 1 2 0 0 0 4 0 0 0 0 5 0 5 3 
0 0 0 0 0 2 1 0 2 0 2 1 1 3 1 0 0 0 0 0 0 2 5 0 
3 4 0 1 0 5 0 6 4 0 0 0 0 0 0 0 0 0 0 0 0 1 3 0 
0 2 0 0 0 0 0 2 1 0 4 0 0 5 2 0 0 0 0 0 0 0 1 0 
0 1 1 0 0 0 0 0 0 0 0 0 0 0 1 0 0 0 0 0 0 0 1 0 
0 0 0 0 0 0 0 0 0 0 0 1 0 0 0 0 0 0 0 0 0 0 0 0 
0 2 0 0 0 5 0 3 0 0 1 0 0 0 2 0 1 0 0 0 6 5 2 0 
0 1 2 1 0 0 0 0 0 0 1 0 0 0 0 0 1 2 1 0 3 2 1 0 
0 0 0 0 2 0 0 0 0 0 2 4 0 5 4 0 2 4 0 0 4 0 0 3 
0 0 0 0 0 0 0 0 0 0 0 0 1 0 0 0 1 0 1 0 0 2 3 1 
0 1 6 4 3 0 0 0 0 0 0 0 3 4 0 0 0 0 0 0 1 1 0 1 
0 1 0 0 0 0 0 0 0 0 0 0 1 3 1 0 0 0 2 0 2 0 0 0 
0 0 0 0 0 0 0 1 0 0 0 0 2 7 2 0 0 1 2 0 5 0 5 2 
0 0 0 0 0 0 0 0 0 0 0 0 1 4 1 0 0 0 1 2 4 1 0 1 
0 3 3 0 0 5 0 0 0 6 0 7 0 0 0 6 0 0 0 0 0 0 4 2 
0 1 1 0 0 5 0 2 0 0 1 5 4 1 0 0 0 2 0 4 2 0 0 1 
3 0 0 0 2 1 0 0 0 0 0 3 3 1 0 4 0 0 0 4 3 0 0 0 
2 1 0 0 0 0 0 0 0 3 3 0 0 0 0 0 0 0 0 0 0 0 5 3 
1 0 0 0 0 1 0 0 0 0 4 0 0 0 0 2 0 0 0 0 0 0 3 2 
200 16
2 3 2 6
2 3 5 3
2 3 2 6
5 1 7 1
5 1 7 1
6 22 6 21
6 22 5 22
6 22 7 22
17 13 17 12
17 13 17 14
17 13 16 13
17 13 18 13
19 11 19 9
19 11 19 15
19 11 13 11
19 11 20 11

4758

3   4                     3       3 3   2 1 1 2 
            1     1 1 2   2 3 4 2   3 1         
      3 = = 5     3 3 5   4       5     4 2 2   
      | 2   4 2 1   2 1 1 2 1     4 3 1       3 
      |   3       3 2 2       2 1 2 2 1         
  2   1   3 1 2 1   1 2       4         5   5 3 
  ǁ       2 1   2   2 1 1 3 1             2 5   
3 4   1   5   6 4                         1 3   
  2           2 1   4     5 2               1   
  1 1                       1               1   
                      1                         
  2       5   3     1       2   1       6 5 2   
  1 2 1             1           1 2 1   3 2 1   
        2           2 4   5 4   2 4     4     3 
                      | 1       1   1     2 3 1 
  1 6 4 3             | 3 4             1 1   1 
  1                   | 1 3 1       2   2       
              1       | 2 7 2     1 2   5   5 2 
                      | 1 4 1       1 2 4 1   1 
  3 3     5       6 - 7 - - - 6             4 2 
  1 1     5   2     1 5 4 1       2   4 2     1 
3       2 1           3 3 1   4       4 3       
2 1               3 3                       5 3 
1         1         4         2             3 2 
