24 24
2 0 0 0 0 4 0 0 4 0 0 0 0 3 1 1 0 0 0 0 0 3 0 0 
2 0 0 1 0 2 1 1 3 0 0 1 0 0 0 0 0 0 0 1 0 0 0 0 
2 0 4 0 0 0 0 0 0 0 0 0 0 4 0 0 0 0 0 2 0 0 0 2 
2 3 0 0 0 0 0 1 0 0 3 3 2 0 1 1 0 0 0 3 0 6 2 0 
1 0 0 0 0 0 1 0 0 0 4 0 0 0 0 1 1 0 2 0 0 0 1 0 
0 0 0 0 0 0 0 0 0 0 0 0 0 0 0 0 0 0 0 0 0 0 0 0 
3 3 0 0 0 0 1 0 0 0 4 0 0 5 4 2 3 0 5 3 1 0 0 4 
0 1 0 2 0 0 0 0 0 4 2 1 0 0 0 1 4 2 0 1 1 0 0 0 
0 1 0 0 0 0 0 0 0 0 2 4 3 0 0 0 0 2 0 2 3 0 0 0 
0 0 0 0 0 0 0 0 0 0 0 0 2 0 3 2 3 4 0 0 1 0 0 0 
0 2 6 0 0 0 0 0 0 6 0 4 2 0 4 2 1 1 0 0 2 0 0 0 
0 1 4 1 0 0 0 0 0 3 0 2 1 0 1 0 0 0 0 0 0 0 4 3 
3 0 0 0 0 0 0 0 0 0 0 0 0 6 0 0 0 0 6 4 0 0 0 1 
0 1 0 0 0 3 2 2 4 0 0 2 1 0 3 0 2 0 0 0 0 0 0 2 
1 3 0 4 2 0 1 0 0 0 0 0 0 0 0 1 0 0 0 2 0 0 0 0 
0 0 4 4 1 0 0 0 3 2 0 0 0 0 4 2 0 0 0 1 0 0 0 0 
0 0 0 0 2 0 1 0 0 2 0 0 0 0 4 2 0 0 0 2 0 0 0 0 
0 0 3 0 4 4 0 0 0 5 2 0 0 0 0 0 0 0 0 0 0 0 0 0 
1 0 1 0 1 0 0 0 0 1 0 0 0 0 4 2 0 0 0 0 0 3 5 5 
0 0 1 4 0 4 0 0 0 0 0 4 4 0 1 0 0 1 4 2 0 0 1 0 
0 0 1 3 1 0 2 3 0 0 0 2 2 0 0 0 0 2 4 3 4 0 0 0 
0 0 1 2 0 5 0 0 0 0 0 0 0 6 0 0 3 0 0 0 0 4 2 2 
2 4 0 4 0 5 3 3 0 3 0 0 0 6 0 0 0 0 0 2 2 2 1 0 
1 2 1 4 1 1 1 3 1 1 1 0 0 5 0 3 0 0 2 1 2 1 0 0 
200 30
0 21 0 15
0 21 3 21
0 21 3 21
2 23 6 23
3 21 3 19
3 21 3 22
3 21 18 21
3 21 3 19
3 22 4 22
6 23 2 23
6 23 11 23
6 23 11 23
11 22 11 23
11 22 18 22
11 22 18 22
12 23 13 23
13 23 18 23
18 23 18 22
18 23 21 23
23 3 23 2
23 3 23 4
23 3 22 3
23 3 22 3
23 13 23 10
23 13 23 15
23 13 22 13
18 23 18 22
18 23 21 23
23 13 23 15
23 13 22 13

1489

2         4     4         3 1 1 - - - - - 3     
2     1   2 1 1 3     1               1   ǁ     
2   4                     4           2   ǁ   2 
2 3           1     3 3 2   1 1       3 = 6 2 ǁ 
1           1       4         1 1   2     | 1 ǁ 
                                          |   ǁ 
3 3         1       4     5 4 2 3   5 3 1 |   4 
  1   2           4 2 1       1 4 2   1 1 |   ǁ 
  1                 2 4 3         2   2 3 |   ǁ 
                        2   3 2 3 4     1 |   ǁ 
  2 6             6   4 2   4 2 1 1     2 |   ǁ 
  1 4 1           3   2 1   1             | 4 3 
3                         6         6 4   | ǁ 1 
  1       3 2 2 4     2 1   3   2         | ǁ 2 
1 3   4 2   1                 1       2   | ǁ | 
    4 4 1       3 2         4 2       1   | ǁ | 
        2   1     2         4 2       2   | ǁ | 
    3   4 4       5 2                     | ǁ | 
1   1   1         1         4 2           3 5 5 
    1 4   4           4 4   1     1 4 2     1 ǁ 
    1 3 1   2 3       2 2         2 4 3 4     ǁ 
    1 2   5               6     3         4 2 2 
2 4   4   5 3 3   3       6           2 2 2 1   
1 2 1 4 1 1 1 3 1 1 1 - - 5 = 3     2 1 2 1     
