24 24
4 6 0 0 0 0 0 3 3 2 1 0 0 0 0 3 2 4 0 0 0 3 4 4 
0 0 1 0 3 0 4 0 2 3 0 0 0 0 0 8 0 7 0 6 3 3 1 3 
0 5 0 0 3 1 0 5 0 0 0 0 6 2 0 0 0 0 1 4 2 2 0 1 
0 0 1 1 6 4 0 6 3 0 1 2 5 1 0 0 0 2 3 0 0 0 7 2 
0 0 0 1 3 2 0 4 0 0 0 0 2 0 0 0 0 2 0 0 4 0 0 0 
0 0 4 0 0 0 8 0 0 0 0 0 0 0 0 7 0 0 0 0 8 2 0 0 
0 0 0 2 0 3 0 2 2 4 0 0 0 0 4 0 2 6 2 2 6 2 0 0 
4 0 0 3 4 0 0 0 0 4 3 0 1 0 0 0 0 0 1 0 3 0 0 0 
0 0 0 1 0 0 0 0 5 0 0 0 0 0 4 0 0 0 2 2 0 0 0 0 
0 0 5 0 5 2 0 6 7 0 0 0 6 4 0 0 0 0 0 0 0 2 0 0 
0 0 4 0 4 2 0 2 1 0 2 0 4 2 0 0 0 0 6 4 0 0 0 1 
0 5 0 0 0 0 6 0 0 0 0 0 0 0 5 0 0 0 0 0 0 0 0 0 
0 2 2 3 2 0 0 0 0 0 0 0 0 0 0 0 0 0 0 0 0 0 0 0 
6 0 0 7 7 2 0 2 0 0 0 0 0 0 0 0 0 0 5 0 7 4 0 0 
0 2 0 0 0 0 0 0 0 2 0 0 0 0 0 5 0 6 0 1 0 2 0 0 
0 0 0 0 0 2 0 0 0 0 0 0 0 0 0 0 1 0 0 0 0 0 0 0 
0 4 2 0 0 0 0 0 0 0 0 0 0 0 0 4 3 0 5 3 0 0 0 0 
0 0 0 0 0 0 0 0 0 0 0 0 0 0 0 3 1 0 2 0 0 0 0 0 
0 0 4 6 5 4 0 5 0 6 0 0 0 0 8 7 2 4 0 0 6 6 0 0 
0 0 1 3 5 1 0 1 3 0 0 0 0 0 4 3 1 5 0 0 6 3 0 0 
0 0 2 0 6 2 0 1 4 0 4 2 0 2 0 4 1 3 2 0 6 2 0 0 
6 4 2 0 0 0 7 0 0 0 0 0 0 0 0 0 0 0 0 0 0 0 6 4 
2 4 6 0 0 0 4 2 5 0 0 5 0 0 0 0 0 0 0 0 0 0 0 5 
0 2 4 0 0 0 2 1 5 4 2 2 2 4 0 0 0 0 0 0 0 0 0 4 
200 314
0 0 0 1
0 0 7 0
0 0 0 1
0 0 7 0
0 1 0 7
0 1 2 1
0 23 0 22
0 23 1 23
0 23 0 22
0 23 1 23
1 15 1 9
1 15 1 17
1 15 0 15
1 15 5 15
1 15 1 9
1 15 1 17
1 15 0 15
1 15 5 15
1 17 1 19
1 17 0 17
1 17 3 17
1 19 1 17
1 19 1 20
1 19 2 19
2 12 2 7
2 12 2 13
2 12 3 12
2 12 2 7
2 12 2 13
2 12 3 12
3 22 3 18
3 22 3 23
3 22 1 22
3 22 21 22
4 20 4 17
4 20 5 20
4 20 4 17
4 20 5 20
5 6 5 2
5 6 5 15
5 6 1 6
5 6 11 6
5 6 5 2
5 6 5 15
5 6 1 6
5 6 11 6
5 20 5 15
5 20 5 21
5 20 6 20
6 17 6 16
6 17 6 18
6 17 14 17
6 17 6 16
6 17 6 18
6 17 14 17
7 0 7 3
7 0 13 0
7 4 7 3
7 4 9 4
7 4 7 3
7 4 9 4
8 3 12 3
8 8 8 14
8 8 6 8
8 8 9 8
9 2 10 2
9 7 9 8
9 7 6 7
9 7 10 7
9 7 9 8
9 7 6 7
9 7 10 7
9 8 9 12
9 8 8 8
9 8 10 8
9 12 9 8
9 12 9 13
9 12 10 12
9 12 9 13
9 12 10 12
9 13 10 13
10 2 9 2
10 2 12 2
10 2 9 2
10 18 10 19
10 18 8 18
10 18 13 18
10 18 10 19
10 18 8 18
10 18 13 18
10 19 8 19
10 19 14 19
11 1 12 1
11 6 11 14
11 6 21 6
11 6 11 14
11 6 21 6
13 3 13 0
13 3 13 4
13 3 12 3
13 3 18 3
13 7 18 7
13 18 16 18
14 1 16 1
14 17 14 15
14 17 18 17
15 16 16 16
16 19 16 18
18 14 18 9
18 14 18 15
18 14 11 14
18 14 19 14
18 14 18 9
18 14 18 15
18 14 11 14
18 14 19 14
18 15 18 16
18 15 17 15
18 15 19 15
18 21 18 20
18 21 14 21
18 21 19 21
18 21 18 20
18 21 14 21
18 21 19 21
19 14 19 8
19 14 19 15
20 4 20 2
20 4 20 5
20 4 19 4
20 4 20 2
20 4 20 5
20 4 19 4
20 20 20 18
20 20 20 21
20 20 19 20
20 20 20 18
20 20 20 21
20 20 19 20
21 0 21 1
21 0 13 0
21 0 22 0
21 0 21 1
21 0 13 0
21 0 22 0
21 6 21 2
21 6 21 22
21 6 22 6
21 22 21 6
21 22 21 23
21 22 3 22
21 22 21 23
21 23 10 23
21 23 22 23
22 8 22 7
22 8 22 11
22 8 23 8
22 23 22 11
22 23 23 23
23 8 23 7
23 8 23 9
23 8 22 8
23 9 23 8
23 9 23 10
23 9 23 10
23 13 23 12
23 13 23 23
23 13 23 12
23 13 23 23
23 23 22 23
0 1 0 7
0 1 2 1
0 22 0 21
0 22 0 21
1 6 1 4
1 6 1 8
1 19 1 20
1 19 2 19
1 23 2 23
2 1 2 4
2 7 3 7
2 19 2 18
2 19 2 20
3 7 3 8
3 7 2 7
3 7 4 7
3 7 3 8
3 7 2 7
3 8 3 10
3 11 3 12
3 13 3 12
3 22 3 18
3 22 3 23
4 7 4 12
5 2 3 2
5 20 5 15
5 20 5 21
5 20 6 20
6 3 6 5
6 14 6 9
6 14 8 14
6 14 6 9
6 14 8 14
6 20 6 19
6 20 6 21
6 20 7 20
6 20 6 19
6 21 9 21
7 9 7 10
7 9 6 9
7 9 7 10
7 9 6 9
7 10 7 12
7 18 7 20
7 20 13 20
8 14 8 8
9 13 10 13
9 21 13 21
10 10 10 12
10 12 10 10
11 1 12 1
12 2 12 3
13 0 13 3
13 3 13 4
13 3 18 3
13 4 13 5
13 4 12 4
13 4 18 4
13 7 18 7
13 18 16 18
13 20 13 21
13 20 18 20
13 20 13 21
13 20 18 20
13 20 13 21
14 1 16 1
14 9 18 9
14 17 14 15
14 17 18 17
16 1 16 2
16 1 21 1
16 2 18 2
16 19 16 18
17 18 16 18
18 2 18 3
18 2 19 2
18 2 18 3
19 20 19 17
19 20 19 21
19 20 18 20
19 20 19 17
20 10 20 8
20 10 20 11
20 10 20 8
20 10 20 11
20 13 20 15
20 15 20 13
20 15 20 16
20 15 19 15
20 17 19 17
21 1 21 2
21 6 22 6
22 1 22 2
22 1 23 1
22 1 22 2
22 1 23 1
22 2 22 6
22 2 23 2
22 23 22 11
23 2 23 6
23 2 22 2
23 2 23 6
23 11 22 11
23 11 22 11
0 7 0 8
1 2 1 4
1 4 2 4
2 1 2 4
2 5 3 5
3 4 3 3
3 4 3 5
3 4 4 4
3 4 3 5
3 4 4 4
3 5 3 4
3 11 3 12
3 18 3 17
4 3 4 4
4 7 4 12
5 15 14 15
6 3 6 5
6 5 9 5
14 9 18 9
14 15 16 15
18 9 18 7
18 15 18 16
18 15 17 15
18 17 18 20
18 17 19 17
19 16 19 17
20 8 20 7
20 8 19 8
22 2 22 6
22 7 22 8
1 17 0 17
14 15 16 15
16 15 16 16
16 15 17 15
16 16 17 16
18 7 18 9
18 7 19 7
0 17 0 16
0 17 0 21
0 16 0 15

1743

4 6 = = = = = 3 3 2 1         3 2 4 - - - 3 4 4 
ǁ ǁ 1 - 3 - 4 - 2 3 = = = = = 8 = 7 = 6 3 3 1 3 
ǁ 5 = = 3 1 ǁ 5 = = = = 6 2   ǁ   | 1 4 2 2 | 1 
ǁ   1 1 6 4 ǁ 6 3 - 1 2 5 1   ǁ   2 3 = = = 7 2 
ǁ   | 1 3 2 ǁ 4 = = = = 2     ǁ   2 = = 4   ǁ   
ǁ   4 = = = 8 = = = = = = = = 7 = = = = 8 2 ǁ   
ǁ     2 = 3 ǁ 2 2 4 = = = = 4 | 2 6 2 2 6 2 ǁ   
4 - - 3 4 | ǁ ǁ | 4 3 - 1   ǁ |   ǁ 1 - 3 | ǁ   
|     1 ǁ | ǁ ǁ 5 = = = = = 4 |   ǁ 2 2 | | ǁ   
|   5 | 5 2 ǁ 6 7 = = = 6 4   |   ǁ ǁ | | 2 ǁ   
|   4 | 4 2 ǁ 2 1   2 = 4 2   |   ǁ 6 4 | | ǁ 1 
| 5 | |     6 = = = = = = = 5 |   ǁ ǁ | | | ǁ | 
| 2 2 3 2   ǁ               ǁ |   ǁ ǁ | | | ǁ | 
6 = = 7 7 2 ǁ 2             ǁ |   ǁ 5 | 7 4 ǁ | 
ǁ 2   ǁ |   ǁ ǁ   2         ǁ 5 = 6 ǁ 1 ǁ 2 ǁ | 
ǁ ǁ   ǁ | 2 ǁ ǁ   ǁ         ǁ ǁ 1 ǁ ǁ   ǁ ǁ ǁ | 
ǁ 4 2 ǁ |   ǁ ǁ   ǁ         ǁ 4 3 ǁ 5 3 ǁ ǁ ǁ | 
ǁ | | ǁ |   ǁ ǁ   ǁ         ǁ 3 1 ǁ 2   ǁ ǁ ǁ | 
ǁ | 4 6 5 4 ǁ 5 = 6 = = = = 8 7 2 4 - - 6 6 ǁ | 
ǁ | 1 3 5 1 ǁ 1 3 - - - - - 4 3 1 5 = = 6 3 ǁ | 
ǁ | 2 = 6 2 ǁ 1 4 = 4 2   2 = 4 1 3 2 = 6 2 ǁ | 
6 4 2 - - - 7 = = = = = = = = = = = = = = = 6 4 
2 4 6 = = = 4 2 5 - - 5 = = = = = = = = = = = 5 
  2 4 = = = 2 1 5 4 2 2 2 4 = = = = = = = = = 4 
