24 24
3 0 4 0 0 0 0 0 0 4 0 0 0 0 0 0 0 4 0 0 0 4 3 2 
0 0 0 0 0 1 2 1 0 0 3 4 1 2 2 2 0 0 1 3 3 0 0 0 
0 0 0 0 0 0 2 0 0 0 0 2 0 0 3 4 0 0 0 1 0 0 0 0 
0 2 0 0 0 0 0 0 0 0 3 0 4 3 1 0 0 0 4 0 4 0 2 0 
0 0 0 0 0 0 0 0 0 0 3 2 0 0 0 0 0 0 2 1 0 0 1 0 
4 3 0 2 0 6 3 0 0 0 2 2 0 2 6 0 0 5 0 0 3 0 1 0 
3 1 0 2 2 0 0 0 0 0 1 0 4 0 6 4 1 0 2 1 0 0 0 0 
0 0 0 0 0 0 0 0 0 0 1 0 0 0 2 3 3 0 4 3 0 0 0 0 
3 0 4 0 4 5 2 0 0 4 0 0 0 0 4 2 4 0 0 1 0 0 0 0 
0 2 3 2 1 1 0 0 0 0 0 0 0 0 4 2 0 0 0 1 2 0 0 0 
1 3 3 1 0 0 0 0 0 0 0 2 0 0 4 2 0 0 0 0 0 0 0 0 
3 3 0 0 2 0 5 2 0 0 0 0 2 1 0 1 0 0 4 3 0 4 2 0 
0 2 0 0 0 0 1 0 0 0 0 2 4 0 0 0 0 0 0 1 0 4 2 0 
0 0 0 0 0 0 0 0 0 0 0 0 2 0 0 0 0 0 0 1 4 2 1 0 
0 0 0 4 0 0 0 0 0 5 0 0 0 0 4 3 0 0 0 2 0 2 1 0 
0 0 0 0 0 0 0 0 0 0 2 0 3 1 0 1 0 0 0 0 0 0 0 0 
0 0 0 2 0 2 0 0 0 5 0 0 2 1 2 1 3 0 0 0 0 4 0 4 
0 0 0 2 0 2 0 0 0 4 3 0 0 0 0 2 3 0 0 0 0 1 1 1 
4 0 5 0 0 0 0 0 0 0 0 0 0 0 0 0 0 3 0 4 4 2 4 1 
1 1 3 0 0 0 0 0 2 0 0 0 0 0 4 4 2 0 0 2 3 1 1 2 
3 0 0 4 0 0 0 0 0 0 1 1 0 0 4 3 3 0 0 3 3 3 1 0 
0 0 0 0 0 0 0 0 0 0 0 0 0 0 3 3 2 0 0 0 1 0 1 0 
1 2 0 5 0 0 0 0 0 0 0 0 0 0 0 0 0 4 0 0 0 0 0 0 
1 2 1 3 3 2 1 0 0 0 0 0 0 0 0 0 0 3 5 4 3 3 4 4 
200 7
23 18 23 17
23 18 23 19
23 18 11 18
23 23 23 22
23 23 19 23
23 23 23 22
23 23 19 23

1989

3   4             4               4       4 3 2 
          1 2 1     3 4 1 2 2 2     1 3 3       
            2         2     3 4       1         
  2                 3   4 3 1       4   4   2   
                    3 2             2 1     1   
4 3   2   6 3       2 2   2 6     5     3   1   
3 1   2 2           1   4   6 4 1   2 1         
                    1       2 3 3   4 3         
3   4   4 5 2     4         4 2 4     1         
  2 3 2 1 1                 4 2       1 2       
1 3 3 1               2     4 2                 
3 3     2   5 2         2 1   1     4 3   4 2   
  2         1         2 4           | 1   4 2   
                        2           | 1 4 2 1   
      4           5         4 3     | 2   2 1   
                    2   3 1   1     |           
      2   2       5     2 1 2 1 3   |     4   4 
      2   2       4 3         2 3   |     1 1 1 
4   5                             3 | 4 4 2 4 1 
1 1 3           2           4 4 2   | 2 3 1 1 2 
3     4             1 1     4 3 3   | 3 3 3 1 ǁ 
                            3 3 2   |   1   1 ǁ 
1 2   5                           4 |         ǁ 
1 2 1 3 3 2 1                     3 5 4 3 3 4 4 
