24 24
1 1 2 2 2 0 1 1 0 4 1 0 0 0 0 1 0 0 3 0 3 0 0 1 
0 0 1 0 0 0 0 0 0 0 0 0 0 0 0 0 0 0 0 0 0 1 0 3 
4 4 0 5 5 2 4 0 0 6 0 0 0 0 2 0 0 0 0 2 3 1 0 0 
0 0 1 0 1 0 0 1 0 0 0 0 1 0 0 0 0 0 0 2 0 3 1 0 
0 4 4 1 1 0 0 0 0 0 0 0 0 0 0 0 0 0 0 3 2 1 1 0 
0 2 4 3 2 0 4 3 1 0 4 0 6 0 0 0 0 0 4 0 2 3 0 0 
0 1 0 0 0 0 3 2 0 0 2 1 3 2 0 0 3 1 0 0 0 1 0 0 
0 1 4 1 0 0 3 0 0 4 0 0 0 0 0 0 3 2 0 0 0 0 0 0 
0 1 1 0 0 0 3 1 0 0 0 0 0 0 0 0 0 0 0 2 5 0 3 2 
0 3 0 0 0 6 0 0 0 6 0 0 0 0 0 0 0 0 4 1 0 1 2 2 
0 0 0 0 0 0 2 3 0 0 1 3 0 0 0 0 3 0 0 0 7 4 0 0 
0 0 3 0 0 4 0 4 1 0 0 0 0 0 1 0 0 1 4 2 0 0 0 1 
0 0 0 0 0 0 0 3 3 0 0 0 0 0 0 0 0 0 0 1 0 0 0 0 
0 0 0 1 0 0 0 0 2 0 0 1 1 0 5 0 4 0 6 4 0 3 4 3 
0 0 0 0 0 0 2 5 2 0 0 0 2 0 4 0 0 0 0 1 0 1 1 0 
0 0 4 2 0 3 3 1 0 0 0 0 1 0 1 0 0 0 0 0 0 1 0 1 
0 2 1 1 2 3 0 0 0 0 0 0 1 0 0 0 0 1 4 2 0 0 0 1 
0 3 2 0 0 0 1 0 0 0 1 0 4 0 0 0 4 0 2 1 0 2 0 3 
0 1 3 3 0 0 0 0 0 0 0 0 2 1 0 0 2 1 3 2 0 0 0 0 
4 0 0 0 0 0 0 0 0 6 0 0 0 0 0 0 0 0 0 0 6 6 4 3 
2 2 0 1 0 0 0 0 0 0 0 0 0 1 0 0 0 0 0 3 0 0 1 0 
3 0 0 0 0 0 0 0 0 4 0 0 0 0 0 0 0 0 0 3 1 3 0 0 
4 2 2 0 0 0 0 0 0 5 0 0 0 0 0 0 2 0 5 4 2 2 3 1 
2 0 0 0 3 0 0 0 0 4 0 0 0 0 0 0 2 1 4 2 3 0 2 0 
200 82
0 9 0 7
0 9 0 10
0 9 2 9
0 9 2 9
0 15 0 18
2 9 2 6
2 9 2 14
2 9 7 9
2 9 2 6
5 10 5 12
5 10 6 10
5 10 5 12
5 10 6 10
5 12 5 18
5 12 3 12
5 12 6 12
5 12 5 18
10 20 10 16
10 20 10 21
10 20 8 20
10 20 19 20
2 14 2 19
5 18 5 20
5 18 9 18
5 21 5 20
5 21 4 21
5 21 6 21
9 18 9 9
9 18 9 19
9 18 9 9
0 18 0 20
6 11 6 12
6 12 6 13
6 13 6 16
8 19 8 20
9 9 9 5
9 9 7 9
9 9 19 9
9 9 9 5
19 9 19 0
19 9 19 20
19 9 21 9
19 9 19 0
19 9 19 20
19 20 19 21
19 20 10 20
19 20 21 20
19 21 19 22
19 21 17 21
19 21 21 21
19 21 19 22
19 21 17 21
20 3 20 1
20 13 20 19
20 19 21 19
21 21 22 21
21 21 22 21
22 18 22 16
22 18 22 19
22 18 23 18
0 18 0 20
5 8 5 7
7 9 7 6
7 9 7 16
8 7 8 6
8 19 8 20
9 5 9 1
9 5 2 5
9 5 11 5
9 5 9 1
17 23 16 23
17 23 19 23
17 23 19 23
19 0 2 0
19 0 20 0
20 19 21 19
2 0 2 1
2 0 0 0
2 0 2 1
3 7 5 7
8 6 7 6
8 6 7 6

2035

1 1 2 2 2   1 1 - 4 1         1 - - 3 = 3     1 
|   1             ǁ                       1   3 
4 4   5 5 2 4 = = 6 - - - - 2 - - - - 2 3 1     
|   1   1 |   1   |     1             2   3 1   
| 4 4 1 1 |   |   |     |             3 2 1 1   
| 2 4 3 2 | 4 3 1 | 4 = 6 = = = = = 4 - 2 3     
| 1       | 3 2   | 2 1 3 2 - - 3 1 |     1     
| 1 4 1   | 3 - - 4 - - - - - - 3 2 |           
| 1 1     | 3 1   |                 | 2 5   3 2 
| 3 = = = 6 = = = 6 = = = = = = = = 4 1 | 1 2 2 
|         | 2 3   | 1 3         3 - - - 7 4     
|   3     4   4 1 |         1     1 4 2 ǁ     1 
|             3 3 |                   1 ǁ       
|     1         2 |   1 1   5   4   6 4 ǁ 3 4 3 
|           2 5 2 |     2   4         1 ǁ 1 1   
|   4 2   3 3 1   |     1   1           ǁ 1   1 
| 2 1 1 2 3       |     1         1 4 2 ǁ     1 
| 3 2       1     | 1   4       4   2 1 ǁ 2   3 
| 1 3 3           |     2 1     2 1 3 2 ǁ ǁ   ǁ 
4 = = = = = = = = 6 = = = = = = = = = = 6 6 4 3 
2 2 - 1           |       1 - - - - - 3 | | 1   
3                 4                   3 1 3     
4 2 2             5             2 - 5 4 2 2 3 1 
2       3         4             2 1 4 2 3   2   
