24 24
2 0 0 0 4 2 2 0 0 4 3 0 2 0 0 0 0 0 0 0 0 3 0 0 
0 0 0 0 0 0 0 0 0 0 0 1 0 0 0 4 0 0 0 0 0 4 0 0 
2 6 0 0 6 6 0 0 0 6 0 0 0 0 0 1 4 0 0 0 6 2 0 0 
2 6 3 1 0 4 2 0 0 0 0 0 2 0 0 0 4 0 0 0 0 0 0 0 
4 4 0 0 8 0 0 0 0 8 7 0 0 0 0 0 0 0 0 0 5 4 0 4 
0 4 2 0 0 1 0 5 2 0 0 0 2 0 0 0 0 0 0 0 0 0 2 0 
0 0 0 0 0 1 3 7 2 0 0 0 0 0 0 0 0 0 0 0 0 2 0 0 
0 0 0 0 0 0 2 0 2 0 0 0 0 0 0 0 0 0 0 0 0 2 4 0 
0 6 0 0 7 6 0 6 4 0 0 2 4 0 6 0 0 0 0 0 8 4 0 0 
0 5 4 3 0 0 1 3 2 0 0 0 2 0 0 0 0 1 0 0 0 2 0 0 
0 3 2 1 0 4 6 6 4 0 0 0 0 0 0 2 0 4 0 0 0 0 0 0 
0 2 2 0 0 1 2 2 2 0 0 0 4 0 7 2 0 0 0 0 4 6 0 0 
4 7 8 4 5 0 6 4 2 0 3 0 3 0 5 2 0 0 2 0 0 4 0 0 
0 0 2 0 0 0 2 1 2 0 0 0 2 0 1 0 0 0 0 0 0 0 0 0 
3 0 2 6 4 2 4 5 4 0 0 0 2 0 0 0 0 6 0 0 0 0 6 0 
2 0 0 2 0 0 0 4 2 0 0 0 2 0 2 0 0 0 4 0 4 1 0 0 
3 8 0 0 0 0 8 8 3 0 0 0 3 0 6 2 0 0 0 2 0 0 0 0 
1 4 0 0 0 2 2 0 1 0 0 0 0 0 0 0 0 0 0 0 0 0 0 0 
2 2 0 5 0 0 4 5 2 0 0 0 0 0 4 0 0 7 6 3 0 1 0 0 
0 0 0 3 2 2 0 2 1 0 0 0 2 0 4 1 3 2 5 2 0 0 0 0 
5 0 0 0 0 8 6 3 2 0 4 7 0 1 1 0 0 0 2 0 3 3 0 0 
0 0 0 0 0 2 3 2 0 0 1 4 0 0 0 0 5 0 0 0 3 2 0 0 
3 0 0 0 0 0 0 0 0 7 0 0 0 0 0 0 0 0 0 0 0 0 8 4 
1 0 0 0 0 0 0 0 0 3 0 0 0 0 3 0 0 0 4 0 2 2 6 2 
200 313
1 15 1 11
1 15 1 21
1 15 2 15
1 15 1 21
1 21 0 21
1 21 2 21
2 1 2 0
2 1 2 4
2 1 3 1
2 1 2 0
2 1 2 4
2 1 3 1
2 4 2 5
2 4 0 4
2 4 4 4
2 4 2 5
2 5 2 9
2 5 0 5
2 5 3 5
2 5 2 9
2 9 0 9
2 9 4 9
2 16 2 20
2 16 3 16
2 16 2 20
2 16 3 16
2 20 2 21
2 20 4 20
2 20 4 20
3 1 3 0
3 1 3 2
3 1 4 1
3 1 3 0
3 5 3 6
3 5 5 5
3 5 3 6
3 16 3 12
3 16 19 16
4 0 4 1
4 0 12 0
4 0 4 1
4 0 12 0
4 1 4 4
4 4 8 4
4 9 4 10
4 9 2 9
4 9 22 9
4 9 4 10
4 9 22 9
4 9 4 10
4 9 4 10
4 23 4 21
4 23 22 23
4 23 4 21
4 23 22 23
5 1 5 2
5 1 8 1
5 1 5 2
5 1 8 1
5 22 7 22
6 7 6 6
6 7 6 8
6 7 5 7
6 7 8 7
8 1 8 4
8 1 9 1
8 14 8 12
8 14 11 14
8 14 8 12
8 14 11 14
8 20 8 21
8 20 4 20
8 20 11 20
8 20 8 21
8 20 4 20
8 20 11 20
8 20 8 21
9 17 10 17
10 15 11 15
10 17 14 17
11 14 11 12
11 14 11 15
11 14 12 14
11 20 11 21
11 20 15 20
12 0 12 1
12 0 14 0
12 1 12 2
12 1 11 1
12 1 16 1
12 2 12 1
12 2 12 3
12 2 11 2
12 2 13 2
12 2 12 1
12 2 12 3
12 2 11 2
12 18 15 18
12 21 11 21
12 21 15 21
12 21 11 21
12 21 11 21
14 0 15 0
14 22 7 22
14 22 22 22
14 22 7 22
14 22 22 22
15 20 15 18
15 20 20 20
15 20 15 18
16 1 16 0
16 1 16 6
16 1 12 1
16 1 17 1
16 6 16 1
16 6 16 7
16 6 14 6
16 6 17 6
16 7 16 6
16 7 16 8
16 7 15 7
16 7 18 7
16 7 16 6
16 7 16 8
16 7 15 7
16 19 18 19
18 3 18 1
18 3 18 6
18 3 19 3
18 14 16 14
18 14 19 14
18 14 16 14
18 14 19 14
18 21 20 21
20 0 20 5
20 0 18 0
20 0 22 0
20 5 20 0
20 5 20 6
20 5 19 5
20 5 21 5
20 11 20 10
20 11 20 13
20 11 8 11
20 11 21 11
21 16 21 11
21 16 21 20
21 16 19 16
22 9 22 0
22 9 22 22
22 9 23 9
22 22 22 9
22 22 22 23
22 22 23 22
22 23 22 22
23 18 23 14
23 18 23 20
23 18 23 14
23 18 23 20
23 21 23 22
23 22 23 21
23 22 23 23
23 22 22 22
23 22 23 23
0 0 0 4
0 0 0 4
0 4 0 5
0 6 0 9
0 21 0 12
0 21 0 12
2 9 0 9
3 2 3 3
3 12 5 12
4 4 8 4
4 20 4 21
4 21 6 21
5 7 5 8
5 7 6 7
5 7 5 8
5 7 6 7
5 12 8 12
5 22 7 22
6 21 7 21
7 21 8 21
8 1 8 4
8 1 9 1
8 12 8 11
9 12 11 12
9 21 11 21
10 17 14 17
11 1 10 1
11 14 11 12
11 14 12 14
11 21 9 21
12 18 15 18
14 0 15 0
14 17 18 17
15 3 14 3
15 7 15 8
15 7 14 7
16 0 16 1
16 0 17 0
16 1 17 1
16 14 16 12
16 14 16 15
16 14 15 14
16 14 16 12
16 19 18 19
17 1 17 5
17 1 18 1
17 5 17 6
18 0 20 0
18 17 18 18
18 17 14 17
18 17 19 17
18 17 18 18
18 17 19 17
18 17 18 18
19 18 19 19
19 18 18 18
19 18 20 18
20 5 20 6
20 5 19 5
20 5 21 5
20 6 20 7
20 6 18 6
20 6 21 6
20 6 20 7
20 8 20 7
20 8 19 8
20 14 19 14
21 6 21 7
21 6 21 7
23 14 23 9
0 6 0 9
0 10 4 10
9 12 11 12
15 3 14 3
16 6 14 6
18 6 18 3
18 6 18 7
19 4 19 3
19 7 18 7
19 7 18 7
19 12 19 14
19 12 16 12
0 10 4 10
4 10 12 10
12 10 20 10
14 3 14 2
14 3 14 4
14 3 12 3
14 3 14 2
14 4 14 5
14 4 12 4
14 4 14 5
14 6 14 7
14 6 13 6
14 7 14 8
14 7 13 7
14 7 14 8
14 8 13 8
14 8 15 8
16 8 17 8
18 3 19 3
18 7 18 8
12 3 12 4
12 10 20 10
13 6 12 6
13 8 12 8
20 10 20 11
20 11 21 11
21 10 21 11
21 16 21 20
21 16 19 16
12 6 12 4
12 6 12 7
12 6 11 6
12 6 12 4
12 6 12 7
12 7 12 8
12 7 11 7
19 15 16 15
12 4 8 4
12 15 12 14
8 4 8 5
8 4 8 5
8 5 8 7
8 5 6 5
8 5 10 5
8 5 8 7
8 7 8 8
8 7 6 7
8 7 9 7
8 8 7 8
8 8 9 8
8 8 7 8
10 5 10 6
10 5 11 5
10 5 10 6
10 6 10 7
10 6 9 6
10 6 11 6
10 6 10 7
10 7 10 8
10 7 9 7
10 7 11 7
10 7 10 8
10 8 9 8
10 8 11 8
12 15 12 14
6 6 7 6
6 6 7 6

2615

2 = = = 4 2 2 = = 4 3   2 = = = = = = = = 3     
        | |       ǁ ǁ 1 - - - 4 = = = = = 4     
2 6 = = 6 6 = = = 6 ǁ         1 4 = = = 6 2     
2 6 3 1 | 4 2     ǁ ǁ   2 - - - 4       ǁ       
4 4 - - 8 |       8 7   |       |       5 4 = 4 
ǁ 4 2   ǁ 1   5 2 ǁ |   2       |       ǁ | 2 ǁ 
ǁ ǁ     ǁ 1 3 7 2 ǁ |   |       |       ǁ 2 ǁ ǁ 
ǁ ǁ     ǁ | 2 ǁ 2 ǁ |   |       |       ǁ 2 4 ǁ 
ǁ 6 = = 7 6 = 6 4 ǁ | 2 4 = 6   |       8 4 ǁ ǁ 
ǁ 5 4 3 | | 1 3 2 ǁ | | 2   ǁ   | 1     ǁ 2 ǁ ǁ 
ǁ 3 2 1 | 4 6 6 4 ǁ | | ǁ   ǁ 2 | 4     ǁ ǁ ǁ ǁ 
ǁ 2 2   | 1 2 2 2 ǁ | | 4 = 7 2 | ǁ     4 6 ǁ ǁ 
4 7 8 4 5 = 6 4 2 ǁ 3 | 3   5 2 | ǁ 2   | 4 ǁ ǁ 
| ǁ 2 | |   2 1 2 ǁ ǁ | 2   1   | ǁ ǁ   | | ǁ ǁ 
3 ǁ 2 6 4 2 4 5 4 ǁ ǁ | 2       | 6 ǁ   | | 6 ǁ 
2 ǁ   2     ǁ 4 2 ǁ ǁ | 2   2   | ǁ 4 = 4 1 ǁ ǁ 
3 8 = = = = 8 8 3 ǁ ǁ | 3 = 6 2 | ǁ   2 |   ǁ ǁ 
1 4 - - - 2 2 | 1 ǁ ǁ | |   ǁ | | ǁ   ǁ |   ǁ ǁ 
2 2 - 5 = = 4 5 2 ǁ ǁ | |   4 | | 7 6 3 | 1 ǁ ǁ 
ǁ     3 2 2 | 2 1 ǁ ǁ | 2 - 4 1 3 2 5 2 | | ǁ ǁ 
5 = = = = 8 6 3 2 ǁ 4 7 - 1 1   ǁ   2   3 3 ǁ ǁ 
|         2 3 2   ǁ 1 4 - - - - 5 = = = 3 2 ǁ ǁ 
3 - - - - - - - - 7 = = = = = = = = = = = = 8 4 
1                 3 - - - - 3 = = = 4 = 2 2 6 2 
