24 24
1 0 0 2 2 0 2 0 0 0 0 0 0 0 1 2 4 1 1 2 1 1 3 1 
1 0 0 3 0 0 2 0 0 0 0 0 4 0 0 0 4 0 0 4 3 0 0 1 
2 2 1 0 0 1 0 0 0 0 0 0 2 0 0 0 1 0 0 0 1 0 0 0 
4 0 0 3 0 0 0 0 0 0 0 0 0 0 0 0 0 0 0 0 2 5 5 4 
4 2 1 0 4 0 0 0 0 0 0 0 0 0 0 0 0 0 0 4 1 0 0 0 
2 3 2 0 0 1 0 3 0 4 0 0 0 0 0 0 4 0 0 0 1 0 0 0 
4 4 2 0 0 2 0 3 1 0 2 0 0 4 0 0 4 1 0 4 5 0 0 2 
0 1 1 0 0 1 1 3 2 3 0 0 0 0 0 0 4 0 0 1 0 0 0 0 
4 0 0 4 5 0 0 0 0 3 0 3 0 1 0 0 0 1 0 2 2 0 0 0 
0 1 0 0 0 1 2 1 2 3 1 3 0 2 0 0 0 0 0 0 2 0 0 0 
0 0 0 0 3 5 4 2 2 0 4 0 0 0 0 0 4 0 0 5 4 0 0 0 
0 3 2 0 0 0 0 0 3 1 0 1 0 0 0 0 5 3 1 0 0 0 0 2 
0 0 1 0 0 0 0 0 1 2 0 0 0 0 0 0 0 2 1 0 0 0 0 0 
3 3 1 0 0 1 0 0 1 4 0 0 0 0 0 0 0 0 0 0 0 0 0 0 
1 3 2 0 0 1 0 0 1 0 0 0 0 0 2 0 3 4 1 0 2 0 0 0 
0 0 1 0 0 0 0 0 0 0 0 0 0 0 1 2 1 1 0 0 0 0 0 0 
2 5 2 0 0 0 0 0 4 2 0 0 0 2 0 6 0 0 0 4 3 0 0 0 
0 2 0 0 3 4 1 0 0 0 0 0 0 2 0 6 1 2 0 2 0 0 0 0 
0 0 0 0 1 3 1 0 0 0 0 0 0 0 0 2 0 1 0 0 0 0 0 0 
2 0 0 5 0 0 0 4 5 2 0 0 0 0 0 1 0 0 0 0 0 0 0 0 
2 4 0 6 0 0 0 0 0 0 4 0 0 0 0 0 0 0 0 0 0 5 7 4 
1 3 2 0 2 0 0 3 0 0 2 1 0 0 0 0 0 0 4 0 2 1 4 1 
3 0 0 6 0 0 0 0 0 0 0 0 0 0 0 0 0 0 6 1 2 1 4 3 
2 1 0 4 0 0 0 0 0 0 0 0 1 1 0 0 0 0 3 0 1 2 3 1 
200 35
19 8 19 7
19 8 19 9
19 8 16 8
20 22 20 21
20 22 20 23
20 22 3 22
20 22 21 22
23 3 23 1
23 3 23 12
23 3 22 3
23 3 22 3
6 20 6 19
6 20 5 20
6 20 8 20
22 3 22 0
22 3 22 18
22 3 20 3
22 3 22 0
22 18 22 19
22 18 21 18
22 18 23 18
23 0 22 0
23 13 23 18
20 3 20 1
20 3 20 10
20 3 19 3
20 3 20 1
20 3 20 10
21 2 21 1
21 4 21 7
22 18 21 18
22 18 23 18
21 2 21 1
21 4 21 7
21 7 21 10

2068

1     2 2   2               1 2 4 1 1 2 1 1 3 1 
1     3     2           4       4     4 3     1 
2 2 1     1             2       1       1       
4     3                                 2 5 5 4 
4 2 1   4                             4 1   |   
2 3 2     1   3   4             4       1   |   
4 4 2     2   3 1   2     4     4 1   4 5   | 2 
  1 1     1 1 3 2 3             4     1 |   |   
4     4 5         3   3   1       1   2 2   |   
  1       1 2 1 2 3 1 3   2             2   |   
        3 5 4 2 2   4           4     5 4   |   
  3 2           3 1   1         5 3 1       | 2 
    1           1 2               2 1       |   
3 3 1     1     1 4                         |   
1 3 2     1     1           2   3 4 1   2   |   
    1                       1 2 1 1         |   
2 5 2           4 2       2   6       4 3   |   
  2     3 4 1   |         2   6 1 2   2     |   
        1 3 1   |             2   1         |   
2     5       4 5 2           1             |   
2 4 = 6 = = = = = = 4                     5 7 4 
1 3 2 | 2 = = 3 - - 2 1             4   2 1 4 1 
3 = = 6 - - - - - - - - - - - - - - 6 1 2 1 4 3 
2 1 - 4 - - - - - - - - 1 1 - - - - 3   1 2 3 1 
