24 24
2 0 0 4 2 0 4 0 0 0 0 0 0 0 2 2 4 1 1 2 1 1 4 2 
3 0 0 4 0 0 3 0 0 0 0 0 4 0 0 0 4 0 0 5 4 0 0 2 
6 3 1 0 0 1 0 0 0 0 0 0 2 0 0 0 1 0 0 0 1 0 0 0 
6 0 0 4 0 0 0 0 0 0 0 0 0 0 0 0 0 0 0 0 2 5 5 5 
5 3 2 0 4 0 0 0 0 0 0 0 0 0 0 0 0 0 0 4 1 0 0 0 
4 4 2 0 0 3 0 4 0 5 0 0 0 0 0 0 4 0 0 0 1 0 0 0 
5 5 2 0 0 4 0 4 1 0 2 0 0 4 0 0 6 1 0 4 5 0 0 2 
0 1 1 0 0 1 1 4 2 3 0 0 0 0 0 0 8 0 0 4 0 0 0 0 
5 0 0 5 6 0 0 0 0 3 0 4 0 1 0 0 0 1 0 5 4 0 0 0 
0 1 0 0 0 1 3 2 2 3 1 4 0 2 0 0 0 0 0 0 4 0 0 0 
0 0 0 0 4 6 5 3 2 0 4 0 0 0 0 0 5 0 0 7 4 0 0 0 
0 4 2 0 0 0 0 0 4 2 0 2 0 0 0 0 6 3 1 0 0 0 0 2 
0 0 1 0 0 0 0 0 1 2 0 0 0 0 0 0 0 3 3 0 0 0 0 0 
4 4 3 0 0 1 0 0 1 4 0 0 0 0 0 0 0 0 0 0 0 0 0 0 
2 5 4 0 0 1 0 0 2 0 0 0 0 0 2 0 4 6 3 0 2 0 0 0 
0 0 1 0 0 0 0 0 0 0 0 0 0 0 1 2 3 3 0 0 0 0 0 0 
2 6 2 0 0 0 0 0 5 2 0 0 0 2 0 6 0 0 0 7 4 0 0 0 
0 2 0 0 3 5 2 0 0 0 0 0 0 2 0 6 1 3 0 4 0 0 0 0 
0 0 0 0 1 3 1 0 0 0 0 0 0 0 0 2 0 1 0 0 0 0 0 0 
4 0 0 7 0 0 0 5 5 2 0 0 0 0 0 1 0 0 0 0 0 0 0 0 
5 5 0 8 0 0 0 0 0 0 5 0 0 0 0 0 0 0 0 0 0 5 7 5 
3 3 2 0 2 0 0 3 0 0 2 1 0 0 0 0 0 0 4 0 2 2 6 4 
5 0 0 8 0 0 0 0 0 0 0 0 0 0 0 0 0 0 6 1 2 1 4 4 
3 3 0 5 0 0 0 0 0 0 0 0 1 1 0 0 0 0 4 0 2 2 3 1 
200 94
2 0 2 1
2 0 1 0
2 0 3 0
3 0 3 3
3 0 2 0
3 0 4 0
3 23 3 22
3 23 1 23
3 23 6 23
5 9 5 7
5 9 5 16
5 9 7 9
6 0 6 1
6 0 5 0
6 0 8 0
7 16 7 9
7 16 7 19
7 16 6 16
7 16 10 16
9 20 8 20
9 20 10 20
9 20 8 20
9 20 10 20
10 5 10 4
10 5 10 6
10 5 9 5
10 5 13 5
10 19 10 16
10 19 10 20
10 19 8 19
10 19 16 19
19 3 19 0
19 3 19 7
19 3 8 3
19 3 20 3
19 8 19 7
19 8 19 9
19 8 16 8
20 0 20 1
20 0 19 0
20 0 21 0
20 3 20 1
20 3 20 10
20 3 19 3
20 3 22 3
20 22 20 21
20 22 20 23
20 22 3 22
20 22 21 22
21 2 21 1
21 4 21 7
22 0 22 3
22 0 21 0
22 0 23 0
22 3 22 0
22 3 22 18
22 3 20 3
22 3 23 3
23 3 23 1
23 3 23 12
23 3 22 3
23 13 23 18
2 0 2 1
2 0 1 0
2 1 2 2
3 0 3 3
3 0 4 0
6 10 6 13
6 20 6 19
6 20 5 20
6 20 8 20
7 16 7 9
7 16 7 19
7 16 6 16
7 16 10 16
8 17 8 19
10 5 10 4
10 5 10 6
17 1 16 1
20 3 20 1
20 3 20 10
21 2 21 1
21 4 21 7
21 7 21 10
22 3 22 18
23 3 23 1
5 9 5 7
5 9 5 16
6 10 6 13
6 13 6 16
17 1 16 1
23 1 23 0
6 13 6 16
23 0 22 0

2642

2     4 2   4               2 2 4 1 1 2 1 1 4 2 
3     4     3           4       4     5 4     2 
6 3 1     1             2       1       1     | 
6 = = 4                                 2 5 5 5 
5 3 2   4                             4 1   | | 
4 4 2     3   4 = 5 = = = = = = 4       1   | | 
5 5 2     4   4 1 | 2 = = 4 = = 6 1   4 5   | 2 
| 1 1     1 1 4 2 3 = = = = = = 8 = = 4 |   |   
5     5 6         3   4   1     ǁ 1 - 5 4   |   
  1   |   1 3 2 2 3 1 4   2     ǁ     | 4   |   
      | 4 6 5 3 2   4           5 - - 7 4   |   
  4 2 |   |     4 2   2         6 3 1 |     | 2 
    1 |   |     1 2               3 3 |     |   
4 4 3 |   1     1 4                   |     |   
2 5 4 |   1     2           2   4 6 3 | 2   |   
    1 |                     1 2 3 3   |     |   
2 6 2 |         5 2       2   6       7 4   |   
  2   | 3 5 2   |         2   6 1 3   4     |   
      | 1 3 1   |             2   1         |   
4 - - 7 - - - 5 5 2           1             |   
5 5 = 8 = = = = = = 5                     5 7 5 
3 3 2 ǁ 2 = = 3 - - 2 1             4   2 2 6 4 
5 = = 8 = = = = = = = = = = = = = = 6 1 2 1 4 4 
3 3 = 5 - - - - - - - - 1 1 - - - - 4   2 2 3 1 
