24 24
4 0 0 0 0 0 0 0 0 0 0 0 0 0 0 4 0 0 5 0 0 0 5 1 
0 2 4 2 5 4 3 6 0 4 0 0 2 0 0 0 2 1 0 2 0 0 0 1 
0 2 7 2 0 2 1 2 0 0 0 0 0 0 0 0 0 0 0 6 2 0 2 0 
0 2 0 4 7 0 0 0 0 8 0 0 6 2 0 0 6 3 0 0 2 0 0 4 
0 0 0 4 0 0 0 2 0 4 2 0 0 4 0 4 0 2 0 0 0 0 0 0 
5 6 0 2 0 0 0 2 0 0 0 0 0 0 0 3 0 0 0 0 0 0 0 0 
0 0 0 4 6 0 0 0 0 0 0 0 0 0 0 0 7 4 0 0 1 0 0 3 
1 2 0 3 0 4 3 0 0 5 5 4 0 0 0 0 0 1 0 6 5 0 3 0 
4 3 0 1 0 2 2 0 0 0 0 2 0 0 0 0 0 0 0 2 0 2 0 0 
0 1 0 2 4 0 3 0 0 0 1 0 0 0 0 0 0 0 0 0 4 4 4 0 
0 0 0 1 5 0 3 1 0 0 0 0 0 0 0 0 0 0 0 0 0 0 0 0 
6 0 5 0 7 4 2 2 0 8 0 0 0 0 0 0 7 4 0 0 0 0 0 0 
6 4 0 2 4 1 0 3 0 8 4 6 0 2 2 3 0 1 0 0 0 0 0 0 
2 2 0 2 4 0 0 0 0 6 0 6 0 0 3 3 0 0 0 0 0 0 0 0 
4 2 0 2 4 0 0 0 0 4 1 4 0 4 2 0 0 0 0 0 0 0 0 0 
6 0 7 0 0 0 0 0 0 0 0 0 0 0 0 0 6 0 6 0 0 0 3 0 
0 0 0 0 0 0 2 2 0 0 0 0 6 2 0 0 0 2 4 0 0 2 2 0 
0 0 0 3 0 0 8 0 0 0 5 0 7 0 0 0 7 8 0 0 0 0 6 0 
0 1 0 0 0 0 0 0 0 0 1 0 0 2 5 2 0 0 2 5 2 0 0 0 
2 0 0 0 0 0 2 2 0 0 0 0 5 3 0 2 0 0 1 0 0 0 0 0 
4 3 0 1 0 2 0 5 0 0 0 0 4 2 0 0 0 0 2 0 0 0 0 0 
5 2 0 0 0 0 0 3 0 2 0 0 0 0 0 0 0 6 4 0 0 0 0 0 
0 2 7 0 0 0 0 0 0 0 0 0 7 0 5 3 5 4 2 6 0 0 6 4 
3 0 5 0 0 0 0 3 0 0 2 0 2 0 4 2 3 0 1 4 2 2 3 2 
200 291
0 0 0 15
0 0 5 0
0 0 0 15
0 0 5 0
0 15 0 18
0 15 4 15
0 18 0 22
0 18 15 18
0 22 0 18
0 22 0 23
0 22 2 22
0 22 2 22
1 4 1 3
1 4 1 5
1 4 3 4
1 7 1 6
1 7 1 9
1 7 2 7
1 7 1 6
1 7 1 9
1 7 2 7
1 9 1 12
1 9 3 9
1 12 3 12
1 19 2 19
1 23 3 23
2 2 2 1
2 2 2 3
2 2 1 2
2 2 11 2
2 19 2 20
2 19 1 19
2 19 7 19
2 19 2 20
2 19 7 19
3 12 3 9
3 12 3 13
3 12 16 12
3 12 3 9
3 12 3 13
3 16 3 17
3 16 1 16
3 16 6 16
3 16 3 17
3 16 1 16
3 16 6 16
3 23 3 20
3 23 6 23
3 23 3 20
4 13 4 15
4 13 12 13
4 13 4 15
4 13 12 13
4 15 5 15
5 0 5 1
5 0 7 0
5 0 5 1
5 1 3 1
5 1 7 1
5 1 3 1
5 1 7 1
5 15 12 15
6 4 6 3
6 4 3 4
6 4 9 4
6 4 6 3
6 4 3 4
6 4 9 4
7 11 7 10
7 11 8 11
7 11 7 10
7 11 8 11
7 19 7 20
7 19 8 19
7 19 7 20
7 19 8 19
8 0 8 1
8 0 11 0
8 0 8 1
8 0 11 0
8 1 9 1
8 21 9 21
8 21 9 21
11 0 11 2
11 0 12 0
11 4 11 2
11 4 11 5
11 4 10 4
11 4 12 4
11 9 11 7
11 9 7 9
11 9 12 9
11 9 11 7
11 9 7 9
11 9 12 9
11 9 12 9
11 17 11 16
11 17 7 17
11 17 12 17
11 17 11 16
12 0 12 1
12 0 11 0
12 0 13 0
12 0 12 1
12 0 11 0
12 1 12 3
12 1 13 1
12 9 12 7
12 9 12 10
12 9 11 9
12 9 13 9
12 9 12 7
12 11 12 10
12 11 13 11
12 11 12 10
12 11 13 11
12 11 12 10
12 11 13 11
13 9 13 4
13 9 13 11
13 9 14 9
13 9 13 4
13 9 13 11
13 11 14 11
14 11 14 10
14 13 14 14
14 13 16 13
14 13 14 14
14 13 16 13
15 0 15 2
15 0 14 0
15 0 19 0
15 0 15 2
15 0 14 0
15 0 19 0
15 2 22 2
15 16 15 18
15 16 11 16
15 16 17 16
15 16 15 18
15 16 11 16
15 16 17 16
15 18 15 22
15 18 0 18
15 18 16 18
17 6 17 3
17 6 17 10
17 6 16 6
17 6 19 6
17 6 17 3
17 6 17 10
17 6 16 6
17 6 19 6
17 10 17 12
17 10 18 10
17 10 17 12
17 12 17 16
17 12 16 12
17 12 19 12
17 17 17 16
17 17 17 22
17 17 16 17
17 17 21 17
17 17 17 16
17 17 17 22
17 17 16 17
17 17 21 17
17 22 16 22
17 22 22 22
18 1 20 1
18 14 18 13
18 14 18 15
18 14 22 14
18 19 18 18
18 19 18 20
18 19 22 19
20 0 20 1
20 0 21 0
20 0 20 1
20 0 21 0
21 9 21 7
21 17 21 18
21 17 22 17
21 17 21 18
21 17 22 17
21 18 20 18
21 18 22 18
22 12 22 2
22 12 22 14
22 12 20 12
22 12 23 12
22 17 22 16
22 17 22 18
22 19 22 22
22 19 18 19
22 19 23 19
23 2 23 0
23 2 23 7
23 2 22 2
1 17 3 17
4 3 3 3
4 3 5 3
4 3 3 3
4 3 5 3
4 17 6 17
5 15 12 15
6 3 7 3
6 3 7 3
6 17 6 16
6 17 4 17
6 17 6 16
7 3 8 3
9 10 7 10
9 20 9 21
9 20 7 20
9 20 9 21
9 20 7 20
9 22 7 22
9 22 15 22
9 22 7 22
9 22 15 22
11 16 6 16
12 7 12 5
14 0 14 1
14 0 13 0
14 9 14 4
15 2 22 2
16 7 16 12
16 18 16 21
17 22 16 22
17 22 22 22
18 20 18 19
20 18 19 18
21 9 21 7
22 19 22 22
22 19 23 19
23 19 23 18
23 19 23 20
23 20 23 21
23 21 23 22
3 3 3 4
3 3 2 3
3 4 3 9
3 4 1 4
3 4 3 9
3 9 4 9
6 16 11 16
7 5 7 6
7 5 8 5
7 5 7 6
7 5 8 5
7 22 7 20
11 5 11 4
11 5 11 6
11 5 11 4
11 6 10 6
14 9 14 4
16 7 16 12
16 12 17 12
16 18 16 21
21 7 20 7
2 2 2 1
2 2 1 2
2 2 11 2
3 9 4 9
6 20 6 23
6 23 22 23
11 2 11 4
12 4 12 3
12 4 13 4
12 4 13 4
14 4 14 3
14 4 14 3
16 12 17 12
17 3 20 3
17 16 22 16
17 16 22 16
20 5 20 7
22 23 22 22
22 23 23 23
22 23 22 22
23 22 23 23
1 1 1 2
1 1 1 2
1 3 1 4
1 5 1 6
1 5 2 5
1 5 2 5
3 9 4 9
13 3 13 1
20 5 20 7

1859

4 = = = = = = = = = = = = = = 4 - - 5 = = = 5 1 
ǁ 2 4 2 5 4 3 6 = 4 - - 2     | 2 1 ǁ 2     ǁ 1 
ǁ 2 7 2 ǁ 2 1 2   |     |     | ǁ | ǁ 6 2   2 | 
ǁ 2 ǁ 4 7 = = = = 8 = = 6 2   | 6 3 ǁ ǁ 2 = = 4 
ǁ ǁ ǁ 4 ǁ     2   4 2   | 4 = 4 ǁ 2 ǁ ǁ       | 
5 6 ǁ 2 ǁ     2         | ǁ   3 ǁ ǁ ǁ ǁ       | 
| ǁ ǁ 4 6               | ǁ   ǁ 7 4 ǁ ǁ 1 - - 3 
1 2 ǁ 3 ǁ 4 3     5 5 4 | ǁ   ǁ ǁ 1 ǁ 6 5 - 3 | 
4 3 ǁ 1 ǁ 2 2     ǁ | 2 | ǁ   ǁ ǁ | ǁ 2 ǁ 2 ǁ | 
ǁ 1 ǁ 2 4   3     ǁ 1   | ǁ   ǁ ǁ | ǁ   4 4 4 | 
ǁ   ǁ 1 5   3 1   ǁ     | ǁ   ǁ ǁ | ǁ       ǁ | 
6 - 5 = 7 4 2 2 = 8     | ǁ   ǁ 7 4 ǁ       ǁ | 
6 4 - 2 4 1 - 3 = 8 4 6 | 2 2 3 ǁ 1 ǁ       ǁ | 
2 2 - 2 4 = = = = 6 = 6 |   3 3 ǁ   ǁ       ǁ | 
4 2   2 4 = = = = 4 1 4 | 4 2   ǁ   ǁ       ǁ | 
6 = 7                   | ǁ     6 = 6 - - - 3 | 
ǁ   ǁ       2 2 = = = = 6 2     ǁ 2 4 = = 2 2 | 
ǁ   ǁ 3 = = 8 = = = 5 = 7 - - - 7 8 = = = = 6 | 
ǁ 1 ǁ |     ǁ       1   | 2 5 2 ǁ ǁ 2 5 2   ǁ | 
2 | ǁ |     2 2         5 3 | 2 ǁ ǁ 1 ǁ     ǁ | 
4 3 ǁ 1   2 = 5         4 2 |   ǁ ǁ 2 ǁ     ǁ | 
5 2 ǁ         3 = 2     |   |   ǁ 6 4 ǁ     ǁ | 
  2 7 - - - - - - - - - 7 - 5 3 5 4 2 6 = = 6 4 
3 - 5 - - - - 3     2   2   4 2 3   1 4 2 2 3 2 
