24 24
4 0 0 4 3 0 0 0 0 2 1 0 0 0 0 2 3 2 3 4 3 2 1 1 
0 2 1 0 0 0 0 0 0 0 2 4 1 0 0 0 2 0 0 0 4 3 2 3 
0 3 1 0 0 0 0 0 0 0 1 4 0 0 0 4 0 3 0 0 0 0 0 0 
0 0 1 0 0 0 0 0 0 0 0 0 1 4 2 0 0 0 0 0 3 0 0 0 
0 0 0 0 5 2 0 0 0 0 0 0 1 4 0 5 2 0 0 0 0 0 2 0 
0 0 0 0 4 0 2 1 0 0 0 0 1 4 1 0 0 0 0 0 0 0 2 0 
0 0 0 0 0 0 0 0 0 0 0 3 2 2 1 0 0 0 1 0 3 4 4 3 
5 5 3 0 2 0 0 0 0 0 0 0 0 0 0 0 2 2 0 0 1 0 0 0 
3 2 0 0 0 0 0 0 0 0 0 0 0 0 0 0 0 0 0 0 0 0 0 0 
3 0 0 6 0 0 0 0 0 3 0 0 0 0 0 4 0 0 0 4 2 0 2 0 
3 3 2 0 2 3 3 2 1 2 0 0 0 0 0 0 0 0 0 0 0 3 1 0 
0 0 0 0 4 6 6 5 1 0 0 1 0 0 4 0 3 2 3 5 1 0 0 0 
0 0 2 0 0 0 1 4 1 0 0 1 0 0 5 1 0 2 3 0 1 0 3 3 
0 0 0 0 1 0 1 5 3 0 0 0 0 0 1 0 0 0 1 0 0 0 0 0 
0 0 0 0 2 3 0 0 0 4 0 0 0 0 0 0 5 0 0 5 3 0 0 0 
0 0 0 0 0 2 3 2 0 0 0 0 1 1 2 0 0 1 0 1 1 0 0 1 
0 0 0 0 2 0 5 4 0 0 1 0 4 0 4 1 0 3 0 4 4 0 0 0 
0 1 0 0 1 1 0 0 0 0 0 0 1 0 0 0 0 2 1 0 2 0 0 0 
3 3 3 0 0 0 0 0 0 0 0 0 0 0 0 2 6 0 0 5 1 0 0 0 
4 3 2 0 2 0 5 0 0 5 0 0 0 0 4 0 2 1 0 0 1 0 0 0 
1 4 4 0 1 2 4 1 2 4 1 3 0 0 0 0 0 0 0 3 3 0 0 1 
2 0 1 0 0 2 0 0 0 3 1 3 0 0 0 2 0 0 0 0 1 0 0 0 
0 3 0 4 0 0 0 0 0 0 0 0 0 0 0 0 0 0 0 0 0 4 0 0 
3 0 0 4 0 3 0 0 0 0 0 0 0 0 2 0 1 1 2 0 0 4 4 3 
200 51
0 0 0 3
0 0 7 0
0 0 0 3
0 0 7 0
0 3 0 4
0 3 9 3
4 4 4 5
4 4 0 4
4 4 5 4
9 3 9 0
9 3 9 9
9 3 22 3
9 3 9 0
9 3 9 9
12 14 12 11
12 14 12 15
12 14 11 14
12 14 13 14
12 14 11 14
23 23 23 22
23 23 20 23
23 23 23 22
23 22 23 21
23 22 12 22
15 23 12 23
23 21 23 18
23 21 22 21
23 21 23 18
22 21 22 3
22 21 10 21
22 21 22 3
23 17 23 16
22 3 22 1
23 3 23 0
23 3 23 5
23 3 23 0
23 3 23 5
23 5 23 14
22 1 20 1
22 1 20 1
23 0 21 0
21 0 20 0
21 2 20 2
19 0 19 1
19 0 18 0
19 0 19 1
19 0 18 0
20 1 20 2
20 1 19 1
20 2 19 2
20 2 19 2

2617

4 = = 4 3         2 1         2 3 2 3 4 3 2 1 1 
ǁ 2 1 | |           2 4 1       2       4 3 2 3 
ǁ 3 1 | |           1 4       4   3             
ǁ   1 | |               1 4 2           3       
ǁ     | 5 2             1 4   5 2           2   
ǁ     | 4   2 1         1 4 1               2   
ǁ     |               3 2 2 1       1   3 4 4 3 
5 5 3 | 2                       2 2     1       
3 2   |                                         
3 = = 6 = = = = = 3           4       4 2   2   
3 3 2 | 2 3 3 2 1 2                       3 1   
      | 4 6 6 5 1     1     4   3 2 3 5 1 |     
    2 |     1 4 1     1 - - 5 1   2 3   1 | 3 3 
      | 1   1 5 3           1       1     | | | 
      | 2 3       4             5     5 3 | | | 
      |   2 3 2         1 1 2     1   1 1 | | 1 
      | 2   5 4     1   4   4 1   3   4 4 | |   
  1   | 1 1             1         2 1   2 | |   
3 3 3 |                       2 6     5 1 | |   
4 3 2 | 2   5     5         4   2 1     1 | |   
1 4 4 | 1 2 4 1 2 4 1 3               3 3 | | 1 
2 ǁ 1 |   2       3 1 3       2         1 | | | 
| 3 - 4 = = = = = = = = = = = = = = = = = 4 | | 
3 = = 4 = 3 - - - - - - - - 2   1 1 2 = = 4 4 3 
