24 24
2 1 4 0 0 4 0 0 0 0 0 0 0 3 0 0 0 0 1 0 0 2 3 1 
0 0 2 0 0 0 0 0 1 0 2 2 1 1 1 0 0 3 2 3 2 0 1 0 
3 0 2 2 0 5 0 0 0 2 0 0 3 3 0 1 0 0 1 0 0 0 2 0 
2 1 0 2 1 0 0 1 0 2 0 0 0 0 0 0 0 0 0 0 0 0 0 0 
2 0 5 0 0 5 2 0 0 0 5 5 5 3 0 0 0 4 4 2 0 0 0 0 
1 0 0 0 0 0 0 2 1 0 0 1 5 0 4 1 0 0 0 0 0 0 5 2 
0 0 0 0 0 0 0 0 0 0 0 0 1 0 1 0 0 0 0 0 0 0 2 0 
2 0 0 2 1 0 3 3 0 0 6 0 0 0 0 0 0 4 0 0 0 3 1 0 
0 0 0 0 0 0 2 0 2 1 0 1 2 0 2 0 0 3 0 0 2 0 1 0 
0 0 0 0 0 0 2 3 3 0 5 0 0 0 0 0 0 5 4 3 3 1 3 0 
0 2 6 3 1 0 3 0 4 3 0 0 1 2 0 4 1 0 0 1 0 2 0 0 
0 3 6 2 1 0 2 1 2 2 0 0 0 3 2 0 0 0 0 1 0 0 0 0 
0 1 2 2 0 0 1 0 2 1 0 0 0 0 0 0 0 0 0 0 0 0 0 0 
0 0 1 3 0 5 0 0 0 0 4 0 2 4 0 5 3 2 0 0 0 0 0 0 
4 3 0 0 0 5 0 0 3 1 0 2 0 5 1 0 2 1 1 3 4 3 0 0 
1 2 0 0 0 3 3 2 3 2 0 3 0 4 1 0 1 1 0 2 2 1 0 0 
2 2 2 0 0 0 0 0 0 0 4 0 0 0 0 6 0 0 0 0 0 0 6 2 
0 0 0 2 0 0 0 0 4 0 7 0 0 2 2 4 3 0 0 0 0 1 0 0 
0 0 0 2 1 0 1 0 5 1 5 2 2 2 2 2 0 0 1 0 0 0 0 0 
0 0 0 0 0 0 2 0 4 1 3 0 0 0 0 1 0 0 0 0 0 0 0 0 
2 0 4 0 0 0 0 0 0 0 0 0 0 0 0 0 5 0 3 0 0 0 1 0 
4 0 0 0 0 0 0 2 0 0 0 0 0 0 0 0 0 0 1 0 0 0 0 0 
4 0 0 0 0 0 0 0 0 0 0 1 0 0 0 0 0 0 0 0 0 0 0 0 
3 1 0 0 0 0 0 0 0 0 0 0 0 0 0 0 0 0 0 0 0 0 0 0 
200 12
17 10 17 8
17 10 17 13
17 10 16 10
17 10 18 10
20 16 20 2
20 16 20 18
20 16 17 16
22 11 22 0
23 0 23 1
23 0 22 0
23 0 22 0
22 0 21 0

1920

2 1 4     4               3         1     2 3 1 
    2           1   2 2 1 1 1     3 2 3 2   1   
3   2 2   5       2     3 3   1     1       2   
2 1   2 1     1   2                             
2   5     5 2       5 5 5 3       4 4 2         
1             2 1     1 5   4 1             5 2 
                        1   1               2   
2     2 1   3 3     6             4       3 1   
            2   2 1   1 2   2     3     2   1   
            2 3 3   5             5 4 3 3 1 3   
  2 6 3 1   3   4 3     1 2   4 1     1   2     
  3 6 2 1   2 1 2 2       3 2         1         
  1 2 2     1   2 1                             
    1 3   5         4   2 4   5 3 2             
4 3       5     3 1   2   5 1   2 1 1 3 4 3     
1 2       3 3 2 3 2   3   4 1   1 1   2 2 1     
2 2 2               4         6             6 2 
      2         4 - 7 - - 2 2 4 3         1     
      2 1   1   5 1 5 2 2 2 2 2 |   1           
            2   4 1 3         1 |               
2   4 - - - - - - - - - - - - - 5 - 3       1   
4             2                     1           
4 - - - - - - - - - - 1                         
3 1                                             
