24 24
2 1 0 4 2 4 3 0 0 0 5 2 2 0 0 0 0 0 3 0 0 0 2 1 
0 0 0 0 0 0 0 0 0 0 0 0 0 0 0 0 0 0 0 0 0 0 0 0 
4 0 0 6 0 4 0 0 0 0 6 0 0 0 0 0 0 0 4 0 0 0 7 4 
5 0 0 4 0 0 2 5 2 1 0 3 0 4 1 1 0 0 4 3 0 3 0 0 
3 0 0 0 0 4 0 5 7 3 0 3 0 0 2 6 0 0 6 0 1 0 4 0 
3 0 0 4 1 3 0 1 0 0 0 0 0 0 3 4 2 0 0 0 0 0 0 0 
0 2 1 0 0 3 0 3 0 0 0 3 0 5 0 0 5 3 0 0 0 0 0 1 
0 4 0 5 0 4 6 3 0 0 0 1 0 0 0 0 0 0 0 0 0 0 0 0 
0 4 0 3 0 0 0 0 0 0 0 3 0 6 0 0 5 0 0 2 0 6 0 0 
0 3 0 2 0 0 2 0 0 2 0 0 0 0 2 0 0 3 0 0 0 0 0 0 
0 0 0 0 0 0 0 0 0 0 0 0 0 0 0 0 0 0 0 2 0 6 0 0 
0 0 0 0 0 0 4 0 8 5 0 5 1 0 0 0 0 0 0 2 0 0 0 0 
0 0 0 0 0 0 3 1 3 2 0 2 0 0 0 0 5 3 0 0 0 0 0 0 
0 0 0 0 0 0 0 0 0 0 0 0 0 0 0 0 2 0 0 0 0 0 0 0 
0 3 0 6 0 6 0 0 0 0 5 0 0 4 7 0 0 0 5 3 0 0 0 0 
0 1 0 0 1 0 1 0 0 0 0 3 4 0 2 2 2 0 3 0 0 7 8 2 
0 2 0 0 0 0 4 0 0 0 4 5 7 5 0 5 2 2 0 0 0 4 4 3 
0 0 3 7 3 0 0 2 2 1 0 0 4 0 1 0 0 0 3 1 0 0 1 3 
1 4 2 3 2 0 4 2 0 2 0 0 5 6 0 0 0 0 4 0 0 0 4 3 
1 0 1 0 1 0 4 2 0 0 0 2 2 0 4 0 0 0 5 2 0 0 0 2 
0 0 0 0 0 0 3 2 0 0 0 1 0 0 3 1 0 1 0 0 0 0 4 3 
4 6 0 4 0 5 0 0 5 3 0 0 0 0 0 0 0 0 0 0 0 0 0 0 
1 2 0 0 0 5 2 5 6 5 5 2 0 5 0 0 0 0 4 0 2 0 1 0 
0 3 3 0 0 3 2 6 4 2 4 0 0 0 0 0 0 0 0 2 1 0 0 0 
200 97
0 10 0 6
0 10 0 11
0 10 2 10
2 22 2 18
2 22 2 23
2 22 0 22
2 22 4 22
2 23 2 22
2 23 0 23
2 23 6 23
3 0 3 3
3 0 2 0
3 0 4 0
3 7 3 6
3 7 3 8
3 7 4 7
4 8 4 7
4 8 4 9
4 8 3 8
4 8 11 8
8 21 8 19
8 21 3 21
8 21 10 21
10 21 10 19
10 21 8 21
10 21 15 21
11 8 11 6
11 8 11 9
11 8 4 8
11 8 12 8
14 14 14 13
14 14 14 18
14 14 9 14
14 14 15 14
15 22 15 21
15 22 15 23
15 22 4 22
15 22 16 22
16 12 16 11
16 12 16 13
16 12 15 12
16 12 17 12
17 3 17 2
17 3 17 4
17 3 14 3
17 3 18 3
21 0 21 1
21 0 19 0
21 0 22 0
21 0 21 1
22 13 22 11
22 13 22 18
22 13 18 13
23 7 23 6
23 7 23 8
23 7 22 7
3 7 3 6
3 7 4 7
4 8 4 7
4 8 4 9
4 20 4 18
7 6 7 5
7 6 7 7
7 6 9 6
8 21 8 19
8 21 3 21
10 21 10 19
10 21 15 21
11 8 11 6
11 8 11 9
11 8 12 8
11 19 14 19
12 16 12 17
12 16 8 16
12 16 13 16
13 16 12 16
15 22 15 21
15 22 15 23
15 22 4 22
15 22 16 22
23 7 23 6
23 7 23 8
23 7 22 7
3 21 3 19
4 18 4 15
4 18 3 18
4 18 14 18
4 22 2 22
7 6 7 5
7 6 7 7
7 6 9 6
7 7 6 7
11 6 12 6
11 6 12 6
11 19 14 19
3 19 3 18
3 19 3 18

2151

2 1   4 2 4 3 - - - 5 2 2           3       2 1 
                    |                       | | 
4     6   4         6               4 - - - 7 4 
5 - - 4     2 5 2 1   3   4 1 1     4 3 - 3 ǁ | 
3         4   5 7 3   3     2 6 - - 6 - 1 ǁ 4 | 
3     4 1 3   1 ǁ           3 4 2   |     ǁ ǁ | 
  2 1     3   3 ǁ     3   5     5 3 |     ǁ ǁ 1 
  4   5   4 6 3 ǁ     1             |     ǁ ǁ   
  4   3     ǁ   ǁ     3   6     5   | 2 = 6 ǁ   
  3   2     2   ǁ 2         2   | 3 |     ǁ ǁ   
                ǁ           |   |   | 2 = 6 ǁ   
            4 = 8 5   5 1   |   |   | 2   ǁ ǁ   
            3 1 3 2   2     |   5 3 | ǁ   ǁ ǁ   
                            |   2   | ǁ   ǁ ǁ   
  3   6   6         5     4 7 - - - 5 3   ǁ ǁ   
  1   | 1   1         3 4   2 2 2   3     7 8 2 
  2   |     4       4 5 7 5   5 2 2       4 4 3 
    3 7 3     2 2 1     4   1       3 1     1 3 
1 4 2 3 2   4 2   2     5 6         4       4 3 
1   1   1   4 2       2 2 | 4       5 2       2 
|           3 2       1   | 3 1   1         4 3 
4 6   4   5     5 3       |                     
1 2       5 2 5 6 5 5 2 - 5 - - - - 4   2   1   
  3 3     3 2 6 4 2 4                 2 1       
