24 24
3 0 5 5 0 4 0 0 0 0 0 0 0 0 0 0 0 0 0 0 0 0 4 1 
3 0 5 8 4 0 4 0 0 4 0 0 5 4 0 3 0 2 1 2 0 0 0 1 
0 0 0 0 0 0 0 0 0 0 0 0 0 0 0 2 0 0 0 0 0 0 0 0 
0 0 0 0 0 0 4 0 0 4 1 0 0 6 0 0 0 6 4 4 2 0 0 0 
0 0 0 0 0 0 4 2 1 4 1 0 0 2 0 0 0 0 1 0 0 0 0 0 
0 0 0 0 0 0 3 0 0 6 0 0 8 0 0 0 0 6 0 5 5 1 0 0 
0 0 0 0 0 0 1 3 0 0 1 2 0 2 0 3 0 0 0 0 1 0 0 0 
0 0 0 0 0 0 0 0 3 6 6 4 0 1 0 0 0 0 0 3 2 0 0 0 
0 0 0 0 0 0 0 0 3 3 1 0 0 0 0 0 0 0 0 1 0 0 0 0 
0 0 0 0 3 0 2 6 0 0 0 0 7 0 5 5 2 0 2 3 0 0 5 3 
0 1 2 0 1 0 3 4 2 2 3 3 0 0 0 2 0 0 4 0 0 0 5 4 
0 0 0 0 0 0 3 0 0 5 1 0 0 0 0 0 0 0 0 0 0 0 0 0 
0 2 0 8 4 0 1 0 0 0 1 0 0 0 0 0 0 0 3 0 0 1 0 0 
0 1 0 4 3 0 0 0 0 0 0 0 0 4 6 4 0 0 0 0 0 0 0 0 
4 0 0 0 0 6 0 0 0 6 4 4 4 2 2 1 1 0 0 0 0 0 3 0 
0 2 3 4 1 0 1 0 0 3 2 4 5 0 5 1 0 0 0 0 0 0 0 2 
0 4 0 6 2 0 4 0 0 4 0 0 5 0 7 3 0 0 0 0 2 0 0 0 
3 4 1 0 2 0 4 1 0 0 0 0 2 0 0 0 0 0 0 0 0 0 0 0 
3 6 0 7 4 0 3 0 0 5 0 0 1 0 1 0 0 0 1 0 6 0 6 3 
3 0 2 5 2 0 5 2 0 0 0 0 0 0 0 0 0 0 2 2 2 0 0 0 
0 0 0 1 1 0 2 0 0 0 0 0 0 0 0 0 0 0 0 0 0 0 0 0 
4 6 0 0 0 7 0 0 0 6 0 0 0 0 0 0 0 6 5 6 0 0 5 2 
3 5 0 4 2 6 0 3 3 3 2 0 0 0 0 0 0 7 2 3 2 0 5 2 
3 4 2 3 1 3 0 0 0 0 0 0 0 3 0 3 2 3 1 3 0 1 0 0 
200 210
0 2 0 0
0 2 0 3
0 2 1 2
1 3 1 2
1 3 1 4
1 3 0 3
1 3 12 3
1 3 1 2
1 3 1 4
1 3 0 3
1 3 12 3
1 4 1 6
1 4 9 4
1 6 1 9
1 6 3 6
1 6 1 9
1 9 1 12
1 9 3 9
1 12 1 13
1 12 5 12
3 6 3 9
3 6 4 6
3 6 3 9
3 9 3 10
3 13 3 17
3 13 1 13
3 13 4 13
3 13 3 17
3 13 1 13
3 13 4 13
3 17 3 18
3 17 1 17
3 17 5 17
3 17 3 18
4 6 4 7
4 6 5 6
4 6 4 7
4 9 4 8
4 9 4 10
4 9 5 9
4 9 5 9
5 9 5 6
5 9 5 12
5 9 7 9
5 9 5 6
5 12 5 17
5 12 1 12
5 12 9 12
5 12 5 17
5 12 9 12
7 9 7 8
7 9 7 10
7 9 8 9
7 9 7 8
7 9 7 10
7 10 7 11
7 10 6 10
7 10 8 10
7 10 7 11
7 11 6 11
7 11 10 11
9 7 9 6
9 7 6 7
9 7 10 7
9 7 9 6
9 7 6 7
9 7 10 7
9 14 9 12
9 14 9 15
9 14 13 14
12 3 12 1
12 3 12 4
12 3 13 3
14 5 14 0
14 5 14 9
14 5 21 5
14 5 14 0
14 5 14 9
14 5 21 5
14 9 14 10
14 9 11 9
14 9 15 9
14 9 14 10
16 14 16 12
16 14 16 15
16 14 15 14
16 14 18 14
18 3 18 1
18 3 18 4
18 3 16 3
18 3 19 3
19 6 19 7
19 6 18 6
19 6 20 6
20 6 19 6
21 5 21 1
21 5 21 9
21 5 22 5
22 17 22 10
22 17 22 18
22 17 21 17
22 17 23 17
22 22 22 20
22 22 22 23
22 22 21 22
23 21 23 19
0 5 0 3
0 5 0 22
0 5 0 3
0 5 0 22
0 22 0 23
0 22 9 22
1 12 1 13
1 23 9 23
2 15 1 15
6 6 6 7
7 8 8 8
9 4 10 4
9 12 9 14
9 12 14 12
9 12 14 12
10 7 10 6
10 7 10 8
12 3 12 1
12 3 12 4
12 3 13 3
12 4 12 6
12 4 13 4
13 1 13 3
13 3 13 4
13 13 13 14
13 13 14 13
13 13 13 14
13 13 14 13
13 14 13 15
13 14 9 14
13 14 14 14
13 15 10 15
13 15 14 15
13 15 10 15
14 0 1 0
14 0 17 0
14 12 14 11
14 12 15 12
14 14 15 14
16 14 16 12
16 14 16 15
16 14 15 14
0 2 0 0
0 2 1 2
1 0 1 2
1 0 0 0
1 15 1 17
1 15 2 15
9 15 9 16
9 15 6 15
10 1 10 2
10 6 11 6
10 6 11 6
11 6 11 9
11 9 11 10
11 9 10 9
11 9 10 9
12 10 14 10
14 10 14 11
14 11 10 11
14 11 15 11
15 11 15 10
15 11 15 12
15 11 15 10
7 13 6 13
8 9 8 8
8 9 8 8
9 15 9 16
9 15 6 15
10 10 10 11
14 16 14 22
21 17 21 9
21 17 21 18
21 17 22 17
21 17 21 9
21 17 21 18
5 17 5 19
6 13 6 15
21 9 21 5
21 9 18 9
21 9 22 9
4 18 3 18
5 17 5 19
3 18 3 19
1 18 1 19
1 19 3 19
3 19 3 20
3 19 5 19
3 20 5 20
5 20 5 19
5 20 5 21
5 20 6 20
5 20 5 19
7 20 7 19
12 21 12 18
7 19 7 20
7 19 8 19
12 18 10 18
12 18 10 18
10 18 10 22
10 18 9 18
9 18 9 19
9 19 9 22
9 19 9 22

3055

3 = 5 5 = 4 = = = = = = = = = = = = = = = = 4 1 
3 - 5 8 4 - 4 = = 4 - - 5 4   3 - 2 1 2     | 1 
|     ǁ |   |     |     ǁ ǁ   2   |   |     | | 
|     ǁ |   4 = = 4 1   ǁ 6 = = = 6 4 4 2   | | 
|     ǁ |   4 2 1 4 1   ǁ 2       | 1 | |   | | 
|     ǁ |   3 = = 6 - - 8 = = = = 6 = 5 5 1 | | 
|     ǁ |   1 3   | 1 2 ǁ 2 - 3         1   | | 
|     ǁ |     ǁ 3 6 6 4 ǁ 1   ǁ       3 2   | | 
|     ǁ |     ǁ 3 3 1 | ǁ     ǁ       1     | | 
|     ǁ 3   2 6       | 7 = 5 5 2   2 3 = = 5 3 
| 1 2 ǁ 1   3 4 2 2 3 3 ǁ   ǁ 2     4 - - - 5 4 
|     ǁ     3 - - 5 1 | ǁ   ǁ ǁ     ǁ           
| 2 = 8 4 - 1     | 1 | ǁ   ǁ ǁ     3 - - 1     
| 1 - 4 3         | | | ǁ 4 6 4                 
4 = = = = 6 = = = 6 4 4 4 2 2 1 1 - - - - - 3   
| 2 3 4 1 ǁ 1     3 2 4 5   5 1               2 
| 4   6 2 ǁ 4     4     5 = 7 3         2       
3 4 1 | 2 ǁ 4 1         2   |                   
3 6 - 7 4 ǁ 3     5     1   1       1   6   6 3 
3   2 5 2 ǁ 5 2   |                 2 2 2       
      1 1 ǁ 2     |                             
4 6 - - - 7 = = = 6 = = = = = = = 6 5 6     5 2 
3 5   4 2 6   3 3 3 2 - - - - - - 7 2 3 2 - 5 2 
3 4 2 3 1 3               3   3 2 3 1 3 - 1     
