24 24
2 0 0 3 2 3 0 3 4 0 0 4 0 0 0 0 0 0 0 0 0 0 0 3 
4 3 3 4 0 0 0 4 0 2 0 4 3 3 0 3 0 0 0 0 0 0 2 0 
3 0 3 0 0 0 0 0 0 0 0 2 4 4 0 0 0 2 2 0 5 0 4 0 
3 4 4 0 0 0 0 2 0 0 0 0 0 0 0 0 0 0 0 0 1 0 0 0 
0 0 2 0 0 0 0 0 2 4 0 0 0 7 0 0 0 8 0 0 0 0 6 3 
3 0 1 0 0 0 0 0 0 0 2 0 0 3 0 0 0 4 0 4 3 1 0 1 
0 3 0 5 0 0 0 0 0 0 0 0 0 0 0 0 0 0 0 0 0 0 6 4 
0 3 2 0 1 0 2 3 0 5 0 0 0 0 0 0 2 1 0 0 0 0 0 0 
0 3 0 6 0 0 5 5 0 7 0 0 0 0 0 0 0 0 0 1 0 0 0 0 
0 2 3 4 0 4 6 0 0 0 0 0 0 0 0 0 0 0 0 0 0 0 0 3 
0 3 4 3 4 3 4 0 0 0 0 0 0 0 0 0 0 0 0 0 0 0 0 3 
0 3 4 0 4 5 0 8 2 0 0 0 0 0 0 0 0 0 0 0 0 0 0 2 
0 1 2 0 1 3 0 5 2 0 0 0 0 0 0 0 0 0 0 0 0 0 0 0 
3 0 0 5 0 0 0 0 0 7 0 0 0 0 0 0 0 0 0 0 0 0 6 5 
0 3 4 6 4 0 3 1 0 0 2 0 0 2 0 4 1 2 5 0 4 0 0 4 
2 1 0 4 3 0 0 0 0 0 3 2 0 0 0 0 0 1 0 0 4 0 6 4 
3 0 5 0 0 0 5 0 0 5 0 0 0 0 0 6 0 0 7 0 6 4 0 0 
3 0 3 1 0 0 1 2 1 0 1 5 0 0 3 0 3 4 4 4 5 5 0 1 
2 0 4 0 0 0 3 5 3 0 2 4 0 0 0 0 0 1 0 2 2 2 0 0 
4 3 1 0 2 1 0 2 2 0 0 0 0 0 0 0 3 0 0 0 0 0 6 3 
0 5 0 0 3 0 0 0 0 0 0 0 0 0 0 3 0 0 2 0 0 0 0 1 
3 0 2 2 3 0 0 0 0 0 0 0 0 0 0 2 1 0 5 0 4 0 0 0 
0 0 2 0 4 0 4 0 0 5 0 0 0 0 5 3 0 0 0 0 3 0 5 3 
2 5 0 0 0 0 4 3 3 3 0 0 0 0 0 0 3 0 5 3 1 0 1 0 
200 164
2 20 2 18
2 20 2 22
2 20 3 20
4 13 4 9
4 13 4 17
4 13 2 13
4 13 5 13
4 17 4 13
4 17 4 22
4 17 2 17
4 17 5 17
8 9 8 7
8 9 8 19
8 9 7 9
8 9 13 9
9 6 9 5
9 6 8 6
9 6 10 6
9 6 9 5
9 6 8 6
9 6 10 6
10 6 10 5
10 6 14 6
11 5 11 4
11 5 10 5
11 5 12 5
11 7 11 8
11 7 8 7
11 7 12 7
11 7 11 8
11 7 8 7
11 7 12 7
11 7 12 7
13 3 13 0
13 3 10 3
13 3 14 3
13 9 13 22
13 9 8 9
13 9 16 9
13 9 13 22
13 9 16 9
13 22 13 23
13 22 6 22
13 22 15 22
13 22 13 23
14 18 14 17
14 18 14 20
14 18 16 18
14 20 14 18
14 20 15 20
14 20 15 20
14 23 13 23
14 23 15 23
14 23 13 23
14 23 15 23
15 20 15 22
15 20 16 20
15 22 15 23
15 22 19 22
15 23 15 22
16 20 16 18
16 20 16 21
16 20 17 20
16 20 16 18
16 20 16 21
16 21 17 21
17 23 19 23
20 1 20 4
20 1 19 1
20 1 23 1
22 14 22 9
22 14 22 15
22 14 17 14
22 23 22 22
22 23 20 23
22 23 22 22
23 18 23 16
23 18 23 19
23 18 21 18
2 20 2 18
2 20 2 22
2 22 1 22
2 22 4 22
4 17 4 22
4 17 2 17
4 17 5 17
5 19 5 17
5 19 5 20
5 19 5 17
5 19 5 20
5 20 5 21
6 22 6 3
6 22 6 23
6 22 4 22
6 22 6 3
6 22 6 23
6 23 5 23
6 23 9 23
7 17 7 16
8 9 8 7
8 9 7 9
9 5 9 3
9 5 10 5
9 23 10 23
10 4 10 3
10 4 11 4
10 4 10 3
10 4 11 4
11 4 11 5
11 5 12 5
11 7 12 7
12 8 12 7
12 8 17 8
13 23 11 23
15 22 19 22
16 6 16 2
16 6 14 6
16 6 17 6
16 21 17 21
17 3 17 2
18 11 18 10
18 11 17 11
18 11 18 10
18 11 17 11
19 22 19 16
19 22 19 23
19 22 22 22
19 22 19 16
21 20 21 18
21 20 22 20
21 20 21 18
21 20 22 20
22 22 22 20
22 22 23 22
23 20 23 19
1 22 1 15
4 22 4 23
4 22 4 23
4 23 0 23
7 16 7 9
9 3 9 2
9 3 8 3
9 3 9 2
9 23 10 23
10 23 11 23
12 5 12 4
23 19 23 18
0 23 0 11
0 23 0 11
1 15 1 13
7 9 7 7
8 3 8 1
8 3 8 6
8 3 6 3
8 3 8 1
8 3 8 6
0 11 0 8
0 11 1 11
1 15 1 13
7 4 7 6
7 9 7 7
0 8 0 7
0 8 4 8
0 8 0 7

3359

2     3 2 3   3 4 - - 4 = = = = = = = = = = = 3 
4 3 3 4       4 | 2   4 3 3 = 3 - - - - - - 2 | 
3   3           |     2 4 4       2 2 = 5 = 4 | 
3 4 4         2 |         |       ǁ     1   | | 
    2           2 4 - - - 7 = = = 8 = = = = 6 3 
3   1               2     3       4 = 4 3 1 | 1 
  3   5 = = = = = = = = = = = = = = = = = = 6 4 
  3 2 | 1 - 2 3 = 5 - - - - - - 2 1         | | 
  3 = 6 = = 5 5 = 7 - - - - - - - - - 1     | | 
  2 3 4 - 4 6 ǁ   ǁ                         | 3 
  3 4 3 4 3 4 ǁ   ǁ                         | 3 
  3 4 | 4 5 | 8 2 ǁ                         | 2 
  1 2 | 1 3 | 5 2 ǁ                         | | 
3 - - 5     |   | 7 = = = = = = = = = = = = 6 5 
  3 4 6 4   3 1 | ǁ 2     2   4 1 2 5 = 4   | 4 
2 1   4 3   |   | ǁ 3 2           1 |   4 - 6 4 
3   5 - - - 5   | 5           6     7 = 6 4 ǁ   
3   3 1     1 2 1   1 5     3   3 4 4 4 5 5 ǁ 1 
2   4       3 5 3   2 4     |     1   2 2 2 ǁ | 
4 3 1   2 1   2 2           |   3 = = = = = 6 3 
  5 - - 3                   | 3     2       | 1 
3 | 2 2 3                   | 2 1   5 = 4   | | 
  | 2   4   4     5 - - - - 5 3     |   3 - 5 3 
2 5         4 3 3 3             3 - 5 3 1   1   
