24 24
2 0 4 1 2 0 3 2 3 2 0 0 0 0 0 0 0 0 1 0 0 0 1 0 
2 0 4 0 0 0 5 0 5 4 0 0 0 0 0 2 0 0 0 0 0 4 6 1 
4 2 0 1 2 1 0 1 0 0 0 1 0 0 0 3 1 0 0 0 0 0 3 1 
2 1 0 0 0 0 0 0 0 0 1 4 0 0 0 5 0 0 0 4 2 2 0 0 
1 0 4 5 3 0 0 0 0 0 0 0 0 0 0 0 0 2 0 2 1 0 1 0 
2 0 3 2 0 0 0 0 0 0 0 0 0 0 0 0 0 0 0 0 0 0 0 0 
1 0 0 0 0 1 4 2 0 4 2 0 0 0 0 0 0 0 0 0 3 0 0 0 
1 0 6 0 5 0 3 2 0 0 0 0 0 0 0 0 0 0 0 0 0 1 0 0 
1 2 5 2 0 0 1 1 0 2 1 0 0 0 0 1 0 0 0 1 0 0 0 0 
0 1 1 1 0 0 0 0 0 0 0 0 0 0 0 0 0 0 0 0 0 0 0 0 
2 0 0 0 4 0 0 0 6 0 0 6 0 0 0 0 0 5 0 0 5 0 4 1 
1 0 0 0 0 1 5 2 0 1 0 0 1 3 1 1 0 0 0 0 2 0 5 1 
0 0 0 0 0 1 0 2 0 2 0 4 0 4 0 3 0 4 0 1 0 0 3 1 
3 0 0 0 4 2 0 0 0 1 0 2 1 2 0 1 0 1 0 0 0 0 1 0 
2 3 1 0 5 0 7 3 0 0 2 0 0 0 5 0 0 0 0 0 0 0 2 2 
2 3 2 0 4 2 2 0 0 0 0 0 0 0 0 0 0 0 0 0 0 1 2 3 
5 0 0 0 4 0 0 0 4 0 0 0 0 0 5 0 0 0 2 0 0 0 0 0 
0 1 0 0 0 1 2 2 0 0 0 0 0 0 3 1 4 2 2 0 0 6 2 0 
1 0 0 0 0 0 0 1 0 0 0 2 0 0 7 1 0 0 2 0 0 0 1 0 
1 5 0 0 6 5 4 1 1 0 0 1 0 0 5 0 3 0 1 0 0 0 0 0 
0 0 2 4 2 2 2 0 0 0 0 0 0 0 0 0 0 0 0 0 0 4 4 1 
2 5 0 4 3 2 2 0 0 0 1 0 0 0 0 1 0 0 0 0 2 0 0 0 
1 4 0 0 0 0 4 0 0 0 0 0 0 0 0 3 0 0 0 0 3 2 3 1 
0 2 2 0 1 1 3 0 0 0 0 0 1 0 0 0 0 0 0 0 0 1 0 0 
200 25
1 22 1 21
1 22 1 23
1 22 0 22
1 22 2 22
14 6 14 4
14 6 14 7
14 6 11 6
14 6 15 6
16 0 16 4
16 0 15 0
16 0 18 0
18 14 18 11
18 14 18 15
18 14 17 14
18 14 19 14
19 14 19 11
19 14 19 16
19 14 18 14
1 22 1 21
1 22 2 22
16 0 16 4
16 0 15 0
18 14 18 11
18 14 17 14
19 14 19 16

2718

2   4 1 2   3 2 3 2                 1       1   
2   4       5   5 4           2           4 6 1 
4 2   1 2 1   1       1       3 1           3 1 
2 1                 1 4       5       4 2 2     
1   4 5 3                         2   2 1   1   
2   3 2                                         
1         1 4 2   4 2                   3       
1   6   5   3 2                           1     
1 2 5 2     1 1   2 1         1       1         
  1 1 1                                         
2       4       6     6           5     5   4 1 
1         1 5 2   1     1 3 1 1         2   5 1 
          1 | 2   2   4   4   3   4   1     3 1 
3       4 2 |     1   2 1 2   1   1         1   
2 3 1   5 - 7 3     2       5               2 2 
2 3 2   4 2 2                             1 2 3 
5 = = = 4       4           5       2           
| 1       1 2 2             3 1 4 2 2     6 2   
1             1       2 = = 7 1     2       1   
1 5     6 5 4 1 1     1 - - 5 = 3   1           
    2 4 2 2 2                             4 4 1 
2 5   4 3 2 2       1         1         2       
1 4         4                 3         3 2 3 1 
  2 2   1 1 3           1                 1     
