24 24
0 0 0 0 2 0 3 1 4 0 4 0 0 4 2 0 4 1 2 2 0 4 3 0 
0 0 0 0 0 0 0 0 3 1 0 1 0 5 0 0 6 0 3 1 0 0 2 0 
0 0 2 0 0 0 6 0 0 0 5 0 0 0 0 0 0 0 0 0 0 5 4 1 
2 4 0 2 3 2 0 3 3 0 5 0 2 1 1 0 4 4 5 2 0 0 3 0 
0 3 0 4 4 2 4 5 4 1 5 0 0 0 0 0 6 7 7 2 0 0 0 0 
0 3 2 0 1 0 4 3 5 0 3 2 4 0 0 0 5 4 1 0 0 0 0 3 
1 4 1 3 0 0 6 0 0 0 0 0 0 0 0 0 0 0 0 0 0 4 0 0 
0 0 2 5 4 0 0 0 2 0 2 0 5 0 0 0 0 3 2 2 3 0 0 0 
0 0 0 0 0 0 0 2 6 2 3 0 6 0 0 4 0 0 5 5 5 0 0 0 
0 0 0 0 0 0 0 0 0 0 0 0 0 0 0 0 0 0 1 0 0 0 4 5 
0 0 3 7 4 0 0 2 3 0 6 0 7 0 4 4 0 0 2 5 4 0 0 3 
0 0 1 4 1 0 0 1 0 0 2 0 0 0 0 0 0 0 1 0 0 0 0 0 
4 8 0 0 0 0 5 0 4 2 0 0 5 0 0 0 0 5 0 6 0 4 5 4 
0 0 0 0 0 1 0 0 0 0 0 0 0 0 1 0 0 0 2 0 1 0 2 2 
4 0 0 2 0 0 1 0 0 0 0 0 0 0 4 0 0 4 4 5 4 0 3 4 
2 0 0 0 0 0 0 0 0 0 0 0 0 0 3 0 0 0 0 0 0 0 0 0 
3 6 1 0 0 0 0 0 0 0 0 0 0 0 0 0 0 0 0 0 0 0 3 4 
1 5 0 7 2 0 0 0 0 0 0 0 0 0 0 0 0 0 0 0 0 0 3 0 
3 5 3 3 0 0 0 0 0 0 0 0 0 0 0 0 0 0 0 0 0 4 5 5 
2 0 0 0 0 0 0 0 0 0 0 0 0 0 3 0 0 4 2 5 5 0 0 0 
0 0 0 0 0 0 0 0 2 0 0 0 0 1 0 0 0 0 0 3 3 4 0 2 
0 0 0 0 0 0 0 0 0 0 0 0 0 0 0 0 0 0 1 0 3 3 0 1 
2 4 0 0 0 4 0 0 0 0 0 0 7 0 0 0 0 0 0 3 4 0 6 2 
1 3 2 1 0 3 0 0 0 2 2 1 2 0 0 0 0 0 0 1 4 4 6 2 
200 87
4 17 4 16
4 17 4 18
4 17 3 17
4 17 5 17
4 18 4 17
4 18 4 19
4 18 3 18
4 18 5 18
5 16 5 12
5 16 5 17
5 16 4 16
5 23 2 23
5 23 9 23
5 23 9 23
8 20 8 19
8 20 7 20
8 20 10 20
10 3 10 2
10 3 10 4
10 3 7 3
10 3 11 3
10 12 10 10
10 12 10 14
10 12 8 12
10 12 12 12
12 1 12 0
12 1 12 6
12 1 6 1
12 1 16 1
12 1 12 0
12 1 12 6
12 1 6 1
12 1 16 1
14 0 12 0
14 0 15 0
14 0 12 0
14 0 15 0
16 0 16 1
16 0 17 0
16 0 16 1
17 1 17 3
17 1 16 1
17 1 18 1
18 23 18 22
18 23 16 23
18 23 20 23
19 20 19 19
19 20 14 20
19 20 20 20
22 12 22 5
22 12 22 19
22 12 12 12
22 12 23 12
23 22 23 21
23 22 23 23
23 22 22 22
23 22 23 21
23 22 23 23
23 22 22 22
4 18 4 17
4 18 4 19
13 5 22 5
14 3 17 3
14 6 12 6
16 2 16 1
17 1 17 3
17 1 18 1
17 4 17 3
20 8 12 8
20 13 20 19
21 18 21 20
22 22 22 20
22 22 22 23
22 22 18 22
22 22 22 20
22 23 21 23
23 21 23 20
14 3 17 3
17 4 17 3
20 8 12 8
20 23 18 23
23 21 23 20
17 3 18 3
23 20 23 19
23 20 22 20
22 20 22 19
22 19 22 12

2673

        2   3 1 4   4     4 2   4 1 2 2   4 3   
                3 1   1   5     6   3 1     2   
    2       6       5                     5 4 1 
2 4   2 3 2   3 3   5   2 1 1   4 4 5 2     3 | 
  3   4 4 2 4 5 4 1 5           6 7 7 2       | 
  3 2   1   4 3 5   3 2 4 - - - 5 4 1         3 
1 4 1 3     6                             4   ǁ 
  ǁ 2 5 4       2   2   5         3 2 2 3     ǁ 
  ǁ   |       2 6 2 3   6     4     5 5 5     ǁ 
  ǁ   |                 |           1   |   4 5 
  ǁ 3 7 4     2 3   6 - 7 - 4 4     2 5 4     3 
  ǁ 1 4 1     1     2   |           1           
4 8 = = = = 5   4 2     5         5   6   4 5 4 
ǁ ǁ       1 |   ǁ       |   1       2   1   2 2 
4 ǁ   2   | 1   ǁ       |   4     4 4 5 4   3 4 
2 ǁ   ǁ   |     ǁ       |   3           |       
3 6 1 ǁ   |     ǁ       |               |   3 4 
1 5 = 7 2 |     ǁ       |               |   3 | 
3 5 3 3   |     ǁ       |               | 4 5 5 
2         |     ǁ       |   3     4 2 5 5   | ǁ 
          |     2       | 1 - - - - - 3 3 4 | 2 
          |             |           1 - 3 3 | 1 
2 4       4 - - - - - - 7 = = = = = = 3 4 = 6 2 
1 3 2 1   3       2 2 1 2             1 4 4 6 2 
