24 24
3 2 4 0 0 0 0 0 0 0 0 0 0 0 0 0 0 0 0 0 0 4 2 2 
2 0 3 0 0 2 0 0 0 1 0 1 0 0 0 3 0 0 3 0 0 0 3 0 
1 3 0 0 0 0 0 0 0 0 0 0 0 0 0 0 0 0 3 0 0 3 0 0 
0 0 0 0 0 0 0 0 0 2 2 1 0 0 0 3 2 3 0 0 0 0 3 4 
0 0 0 0 0 0 0 0 0 0 0 1 1 0 0 0 2 5 0 3 1 0 0 0 
3 5 0 0 0 0 0 0 0 6 5 4 5 0 0 5 0 0 0 0 0 0 5 5 
0 0 0 0 4 6 0 4 0 0 0 0 6 6 4 0 0 2 0 5 2 0 0 4 
0 0 2 0 4 5 0 4 0 0 0 3 2 0 4 0 1 5 2 0 1 0 0 4 
0 0 0 0 0 0 0 0 0 0 0 3 3 4 3 0 0 0 2 0 0 0 0 4 
0 0 5 0 5 0 0 0 0 3 0 0 0 5 2 0 0 2 0 0 0 0 0 0 
0 0 0 0 0 2 0 3 0 0 5 0 5 6 2 0 0 4 4 0 0 0 0 0 
0 0 0 0 0 3 1 2 1 0 0 1 0 0 0 0 1 4 0 6 5 0 0 0 
0 0 0 0 0 5 4 2 0 0 5 4 0 0 2 0 0 0 0 0 3 1 0 0 
3 0 0 0 0 0 0 3 4 1 0 2 0 6 3 0 0 0 0 0 0 0 0 0 
4 0 0 0 0 3 0 3 4 0 4 3 0 0 0 0 0 0 0 0 0 0 0 0 
0 0 3 0 0 2 0 0 3 0 3 5 0 2 0 0 2 3 1 0 0 0 0 0 
3 0 0 0 0 3 6 3 0 2 0 6 0 1 0 0 3 5 2 0 0 0 0 0 
0 0 0 0 0 2 0 1 6 0 0 5 0 4 0 5 0 5 1 0 0 0 0 0 
0 0 4 0 6 5 5 1 0 2 1 0 2 4 3 0 3 7 2 0 0 0 0 0 
0 0 5 0 6 4 2 2 6 2 1 0 3 0 3 0 0 3 2 0 0 0 0 0 
0 0 4 2 4 5 0 0 4 2 2 0 2 0 3 4 7 4 4 0 0 0 0 0 
5 7 0 0 0 0 0 0 0 0 0 5 0 5 0 0 5 2 1 0 0 0 0 0 
4 5 0 0 0 0 0 0 0 0 0 0 0 0 0 0 0 0 0 4 0 0 5 3 
2 5 0 0 0 0 0 0 0 0 0 3 0 2 0 0 0 1 0 2 1 1 3 1 
200 134
5 23 5 22
5 23 3 23
5 23 6 23
6 4 6 5
6 4 7 4
6 4 6 5
6 4 7 4
6 5 6 7
6 5 1 5
6 5 7 5
6 5 6 7
6 7 6 12
6 7 7 7
6 12 6 13
6 12 5 12
6 12 7 12
6 12 6 13
6 12 5 12
6 13 6 14
6 13 8 13
9 2 9 4
9 2 7 2
9 2 15 2
10 10 10 7
10 10 10 12
10 10 12 10
11 20 11 19
11 20 7 20
11 20 12 20
12 5 12 6
12 5 11 5
12 5 14 5
14 0 13 0
14 0 16 0
14 0 13 0
14 0 16 0
18 17 18 16
18 17 18 18
18 17 17 17
18 17 19 17
19 2 19 4
19 2 18 2
19 2 20 2
20 2 20 3
20 2 19 2
20 2 20 3
20 4 20 5
20 4 19 4
20 4 20 5
20 4 19 4
20 16 20 15
20 16 20 17
20 16 18 16
20 16 21 16
21 0 21 1
21 0 16 0
21 0 22 0
23 1 23 0
23 1 23 11
23 1 22 1
5 1 5 0
5 1 2 1
5 1 21 1
5 10 5 9
5 10 5 11
5 10 3 10
6 13 6 14
6 13 8 13
6 14 6 17
6 14 7 14
7 14 7 16
7 14 8 14
7 14 8 14
7 17 7 18
7 17 6 17
7 17 9 17
7 23 6 23
7 23 8 23
7 23 6 23
7 23 8 23
8 23 22 23
11 20 11 19
11 20 12 20
13 0 5 0
17 15 17 13
17 15 17 17
17 15 20 15
19 4 19 2
19 4 19 5
19 4 18 4
21 0 21 1
21 0 22 0
22 0 22 1
22 0 23 0
23 1 23 11
23 1 22 1
4 17 4 16
4 17 4 19
4 17 3 17
5 15 5 12
5 15 5 22
5 15 3 15
6 23 6 20
7 17 7 18
7 17 9 17
8 18 10 18
8 23 22 23
11 19 11 17
11 19 6 19
11 19 22 19
11 19 11 17
18 2 18 4
18 2 15 2
18 2 18 4
22 22 22 19
22 22 22 23
22 22 23 22
23 23 23 22
4 20 4 19
5 23 5 22
5 23 3 23
6 19 6 20
8 18 10 18
10 18 10 17
12 20 12 21
3 23 3 22
3 23 0 23
4 19 4 17
10 18 10 17
0 23 0 22
10 17 10 14
10 17 11 17
11 17 11 16
11 11 12 11

2853

3 2 4                                     4 2 2 
2   3     2       1   1       3     3       3 | 
1 3       |                         3     3   | 
  |       |       2 2 1       3 2 3         3 4 
  |       |         | 1 1     | 2 5 = 3 1     ǁ 
3 5       |       6 5 4 5 - - 5 - - - - - - 5 5 
| |     4 6 = 4 - - - - 6 6 4 - - 2   5 2 - - 4 
| | 2   4 5   4       3 2 ǁ 4 - 1 5 2 | 1     4 
| | |                 3 3 4 3     ǁ 2 | |     4 
| | 5 - 5         3       5 2     2 ǁ | |     ǁ 
| | |     2   3 - - 5 - 5 6 2 - - 4 4 | |     ǁ 
| | |     3 1 2 1   | 1         1 4 = 6 5     ǁ 
| | |     5 4 2     5 4     2         | 3 1   ǁ 
3 | |     |   3 4 1   2   6 3         |       ǁ 
4 | |     3   3 4   4 3               |       ǁ 
ǁ | 3     2     3   3 5   2     2 3 1 |       ǁ 
3 | |     3 6 3   2   6   1     3 5 2 |       ǁ 
| | |     2   1 6     5   4 - 5 - 5 1 |       ǁ 
| | 4 = 6 5 5 1   2 1   2 4 3 | 3 7 2 |       ǁ 
| | 5 = 6 4 2 2 6 2 1   3   3 | | 3 2 |       ǁ 
| | 4 2 4 5     4 2 2   2   3 4 7 4 4 |       ǁ 
5 7                   5   5     5 2 1 |       ǁ 
4 5                                   4 - - 5 3 
2 5 = = = = = = = = = 3   2       1   2 1 1 3 1 
