24 24
3 1 4 0 0 5 0 0 0 0 0 0 0 5 0 0 0 0 3 0 0 3 4 4 
0 0 2 0 0 0 0 0 1 0 5 4 1 3 1 0 0 3 3 4 2 0 2 0 
4 0 3 2 0 6 0 0 0 3 0 0 3 5 0 2 0 0 1 0 0 0 3 0 
4 1 0 2 1 0 0 1 0 3 0 0 0 0 0 0 0 0 0 0 0 0 0 0 
5 0 6 0 0 5 2 0 0 0 7 7 5 3 0 0 0 4 4 2 0 0 0 0 
2 0 0 0 0 0 0 2 1 0 0 2 6 0 4 1 0 0 0 0 0 0 5 4 
0 0 0 0 0 0 0 0 0 0 0 0 2 0 1 0 0 0 0 0 0 0 3 0 
2 0 0 2 2 0 3 3 0 0 6 0 0 0 0 0 0 6 0 0 0 4 3 0 
0 0 0 0 0 0 2 0 2 1 0 2 3 0 2 0 0 6 0 0 3 0 1 0 
0 0 0 0 0 0 2 3 3 0 6 0 0 0 0 0 0 5 4 3 3 1 3 0 
0 2 6 5 3 0 3 0 5 3 0 0 1 2 0 4 2 0 0 1 0 2 0 0 
0 4 6 5 2 0 3 3 4 2 0 0 0 3 2 0 0 0 0 1 0 0 0 0 
0 2 3 3 0 0 1 0 2 1 0 0 0 0 0 0 0 0 0 0 0 0 0 0 
0 0 2 4 0 7 0 0 0 0 6 0 3 5 0 6 5 2 0 0 0 0 0 0 
4 3 0 0 0 5 0 0 3 1 0 2 0 6 2 0 2 1 1 3 4 4 0 0 
4 5 0 0 0 4 3 2 3 2 0 4 0 5 1 0 1 2 0 3 3 3 0 0 
3 2 3 0 0 0 0 0 0 0 4 0 0 0 0 6 0 0 0 0 0 0 7 2 
0 0 0 4 0 0 0 0 5 0 7 0 0 2 2 4 4 0 0 0 0 2 0 0 
0 0 0 4 2 0 1 0 5 2 6 3 3 2 2 3 0 0 2 0 0 0 0 0 
0 0 0 0 0 0 2 0 4 2 4 0 0 0 0 2 0 0 0 0 0 0 0 0 
3 0 5 0 0 0 0 0 0 0 0 0 0 0 0 0 6 0 5 0 0 0 2 0 
5 0 0 0 0 0 0 3 0 0 0 0 0 0 0 0 0 0 2 0 0 0 0 0 
5 0 0 0 0 0 0 0 0 0 0 2 0 0 0 0 0 0 0 0 0 0 0 0 
3 1 0 0 0 0 0 0 0 0 0 0 0 0 0 0 0 0 0 0 0 0 0 0 
200 196
0 0 0 1
0 0 2 0
0 0 2 0
0 2 0 5
0 2 1 2
0 2 0 5
0 2 1 2
0 13 0 5
0 13 0 18
0 13 1 13
0 23 0 22
0 23 5 23
0 23 0 22
0 23 5 23
1 10 1 8
1 10 1 11
1 10 4 10
2 0 2 2
2 0 3 0
3 0 3 1
3 0 4 0
3 0 4 0
4 11 4 10
4 11 4 12
4 11 1 11
4 11 5 11
5 23 5 22
5 23 16 23
13 5 13 3
13 5 13 10
13 5 4 5
13 5 14 5
16 22 16 15
16 22 16 23
16 22 9 22
16 22 20 22
17 10 17 8
17 10 17 13
17 10 16 10
17 10 18 10
17 21 17 16
18 3 18 4
18 3 17 3
18 3 18 4
18 3 17 3
20 2 20 0
20 2 20 16
20 2 16 2
20 16 20 2
20 16 20 18
20 16 17 16
21 0 21 7
21 0 20 0
21 0 22 0
22 11 22 0
23 0 23 1
23 0 22 0
23 0 22 0
0 22 0 21
0 22 1 22
1 10 1 11
1 10 4 10
1 11 1 12
4 11 4 10
4 11 4 12
4 11 5 11
5 12 5 14
5 12 4 12
5 12 6 12
5 12 5 14
5 12 4 12
5 12 6 12
16 22 16 15
16 22 9 22
16 22 20 22
17 3 17 8
17 3 13 3
17 21 17 16
18 18 20 18
20 16 20 18
20 16 17 16
22 11 22 0
15 1 15 0
15 1 14 1
15 1 16 1
15 5 15 6
15 5 14 5
15 5 15 6
15 5 14 5
15 6 15 7
15 7 15 8
16 15 16 10
16 15 13 15
16 15 17 15
16 15 16 10
17 15 17 14
17 15 18 15
17 15 17 14
18 18 20 18
20 18 21 18
21 0 21 7
21 0 20 0
21 7 21 18
13 15 13 13
13 15 13 16
13 15 10 15
13 15 13 13
13 15 13 16
15 13 15 11
15 13 15 14
15 13 14 13
16 10 13 10
17 10 17 8
17 10 17 13
17 10 18 10
18 10 18 9
18 10 18 11
18 10 19 10
18 10 18 9
18 11 18 12
19 10 19 9
19 10 19 15
19 10 19 9
19 15 18 15
20 2 16 2
13 10 13 5
13 10 13 12
13 10 9 10
13 10 13 12
14 14 14 13
15 11 15 13
15 11 14 11
15 11 14 11
15 13 14 13
18 8 18 6
18 8 17 8
18 8 19 8
18 11 18 12
18 12 18 13
18 13 18 14
18 14 18 15
19 6 19 8
19 6 19 8
19 8 18 8
9 10 9 8
9 10 9 17
9 10 7 10
9 10 9 8
9 10 9 17
10 15 10 13
10 15 10 16
10 15 10 13
11 14 11 13
14 13 14 14
14 13 13 13
14 13 13 13
18 8 17 8
7 10 7 7
7 10 7 17
7 10 4 10
7 10 7 7
7 10 7 17
7 17 7 21
7 17 4 17
7 17 8 17
7 17 7 21
8 9 8 8
8 11 8 12
8 17 8 14
8 17 8 20
8 17 9 17
8 17 8 14
8 17 8 20
10 12 13 12
11 13 11 14
11 13 13 13
4 10 4 6
4 10 4 6
5 7 5 8
5 7 7 7
5 22 2 22
5 22 6 22
5 22 2 22
5 22 6 22
6 14 5 14
6 22 7 22
7 6 8 6
8 11 8 12
5 14 5 15
7 6 8 6
8 8 9 8
10 8 10 6
10 8 10 9
10 8 11 8
9 7 9 6
9 7 9 6

3153

3 1 4 = = 5 - - - - - - - 5 - - - - 3     3 4 4 
ǁ   2           1 - 5 4 1 3 1     3 3 4 2   2 ǁ 
4 - 3 2   6       3 ǁ | 3 5   2     1       3 ǁ 
4 1   2 1     1   3 ǁ |                     ǁ ǁ 
5   6     5 2 = = = 7 7 5 3       4 4 2     ǁ ǁ 
2         |   2 1   | 2 6 = 4 1   |         5 4 
          |   |     |   2   1     |         3 | 
2     2 2 | 3 3 = = 6 = = = = = = 6 = = = 4 3 | 
          | 2   2 1 | 2 3   2 = = 6 = = 3   1 | 
          | 2 3 3 = 6 = = = = = = 5 4 3 3 1 3 | 
  2 6 5 3 | 3 - 5 3 |   1 2 = 4 2     1   2 ǁ | 
  4 6 5 2 | 3 3 4 2 |   | 3 2 |       1     ǁ | 
  2 3 3   | 1   2 1 |   | |   |             ǁ | 
    2 4 - 7 = = = = 6 = 3 5 = 6 5 2         ǁ | 
4 3   |   5     3 1 | 2   6 2 | 2 1 1 3 4 4 ǁ | 
4 5   |   4 3 2 3 2 | 4 = 5 1 | 1 2   3 3 3 ǁ | 
3 2 3 |             4 = = = = 6 = = = = = = 7 2 
    ǁ 4 - - - - 5 = 7 = = 2 2 4 4 = = = = 2 ǁ   
    ǁ 4 2   1 - 5 2 6 3 3 2 2 3 ǁ   2       ǁ   
    ǁ       2 = 4 2 4 - - - - 2 ǁ   ǁ       ǁ   
3 - 5 = = = = = = = = = = = = = 6 = 5       2   
5 = = = = = = 3 - - - - - - - - - - 2           
5 = = = = = = = = = = 2                         
3 1                                             
