24 24
3 0 0 0 0 0 0 0 0 0 0 0 0 3 1 0 0 4 3 1 1 2 2 1 
2 0 3 0 0 0 0 0 0 0 0 0 0 6 0 0 0 5 0 0 4 4 3 0 
2 0 0 0 3 0 0 3 0 3 3 3 0 4 0 1 0 0 3 0 2 0 2 0 
2 1 3 0 5 2 0 0 0 1 0 0 0 0 0 0 0 0 2 0 0 0 0 0 
3 0 0 0 0 0 0 4 0 0 0 0 0 0 0 0 0 7 0 0 6 0 5 3 
0 0 1 0 0 2 0 0 0 0 2 0 3 0 0 3 1 0 1 3 3 1 2 0 
0 3 3 0 0 0 0 0 0 0 0 0 0 0 0 0 1 0 0 0 2 5 4 1 
0 4 0 0 0 0 0 0 0 0 1 0 0 0 0 0 0 0 0 0 1 0 0 0 
0 0 0 0 0 0 0 0 0 0 0 0 0 0 1 0 3 5 0 5 2 0 0 0 
0 4 5 0 0 3 2 0 0 0 0 0 0 0 0 0 0 0 2 0 1 0 0 0 
0 2 0 0 2 0 0 0 3 0 0 0 4 2 3 0 2 0 0 0 0 0 0 0 
0 0 0 0 0 0 0 0 3 0 0 0 4 2 0 0 2 0 0 0 0 0 0 0 
0 0 0 2 5 1 0 0 1 2 0 0 0 0 0 0 1 0 0 0 3 0 0 0 
0 3 3 1 0 1 0 0 0 0 0 0 0 0 0 0 1 5 5 0 0 0 0 0 
0 1 0 0 0 0 0 0 1 0 3 0 5 4 4 0 2 3 2 0 0 0 0 0 
2 2 5 0 5 4 4 0 0 0 1 0 0 0 2 0 3 3 2 0 0 0 0 0 
3 3 5 3 0 4 3 0 3 3 0 0 4 4 0 0 3 0 2 4 3 0 0 0 
1 0 2 1 0 2 0 0 2 1 0 0 2 4 1 0 1 0 1 3 1 0 0 0 
1 0 2 0 5 0 0 4 0 0 0 0 0 0 0 5 0 4 0 3 3 0 0 0 
0 0 0 0 0 3 1 0 1 0 0 3 0 3 2 0 1 0 2 3 0 0 0 0 
0 0 3 2 0 5 2 0 0 0 0 3 1 0 2 0 5 5 0 4 3 0 2 0 
0 0 0 0 0 0 0 0 0 0 0 3 2 0 0 0 2 1 0 2 1 0 0 0 
1 0 4 0 3 2 0 4 0 0 0 0 0 2 2 5 0 0 0 0 0 5 3 0 
0 0 1 2 3 1 0 3 0 0 0 0 0 0 0 0 0 2 3 2 0 2 1 0 
200 27
4 17 4 7
4 17 4 20
4 17 1 17
4 17 8 17
13 18 13 17
13 18 9 18
13 18 14 18
22 15 22 14
22 15 22 21
22 15 18 15
2 15 2 13
3 18 2 18
20 16 20 17
20 16 19 16
20 16 21 16
2 13 2 11
2 13 1 13
2 13 2 11
3 18 2 18
1 13 1 2
1 13 1 17
1 13 0 13
1 13 1 2
1 13 1 17
2 11 2 10
2 10 2 9
2 10 2 9

2644

3                         3 1     4 3 1 1 2 2 1 
2   3 = = = = = = = = = = 6 = = = 5     4 4 3   
2       3     3   3 3 3 = 4 - 1   | 3   2   2   
2 1 3   5 2       1               | 2           
3             4 - - - - - - - - - 7 - - 6   5 3 
    1     2         2   3     3 1 | 1 3 3 1 2   
  3 3                           1 |     2 5 4 1 
  4                 1             |     1       
                            1   3 5   5 2       
  4 5     3 2                       2   1       
  2     2       3       4 2 3   2   |           
                3       4 2     2   |           
      2 5 1     1 2             1   |   3       
  3 3 1   1                     1 5 5           
  1             1   3   5 4 4   2 3 2           
2 2 5   5 4 4       1       2   3 3 2           
3 3 5 3   4 3   3 3     4 4     3   2 4 3       
1   2 1   2     2 1     2 4 1   1   1 3 1       
1   2   5     4               5   4   3 3       
          3 1   1     3   3 2 | 1   2 3         
    3 2   5 2         3 1   2 | 5 5   4 3   2   
                      3 2     | 2 1   2 1       
1   4   3 2   4           2 2 5 - - - - - 5 3   
    1 2 3 1   3                   2 3 2   2 1   
