24 24
4 0 6 2 4 0 4 2 2 0 6 0 0 0 0 0 0 3 4 0 4 3 1 0 
0 2 4 2 0 0 0 3 0 3 0 0 0 0 0 1 0 0 2 0 0 0 0 0 
4 4 0 0 5 4 0 4 2 0 0 0 0 0 2 0 0 0 3 2 4 0 3 2 
2 0 0 0 1 2 0 0 2 0 0 0 0 0 0 0 2 0 0 0 0 0 0 0 
2 5 0 0 4 0 8 4 0 0 4 2 0 0 0 0 0 0 5 0 8 6 0 0 
0 0 0 0 0 0 0 0 0 0 1 4 0 0 4 0 0 0 0 0 0 2 0 0 
1 0 0 0 6 2 0 1 0 0 0 0 2 0 0 0 0 0 3 1 0 2 0 0 
0 0 0 0 5 3 0 0 0 0 0 0 3 4 0 5 4 0 0 0 0 0 0 2 
3 0 0 0 2 2 0 0 0 0 0 0 0 0 0 1 0 0 0 0 0 0 0 0 
0 0 6 6 0 0 7 7 6 5 0 5 0 7 0 0 0 6 0 0 8 5 0 0 
0 0 2 0 0 0 0 2 2 0 0 0 0 0 4 5 1 0 0 0 0 1 0 0 
0 0 1 6 2 0 0 2 0 0 2 3 0 0 2 0 0 0 2 4 4 1 0 0 
0 0 4 6 2 0 0 4 0 5 0 1 2 5 0 3 0 0 0 0 2 0 0 0 
0 0 2 4 4 0 0 0 0 1 0 0 0 0 0 0 0 0 0 0 0 0 0 0 
6 6 0 0 0 0 6 0 0 0 0 0 0 0 0 0 0 5 0 8 0 5 6 3 
2 0 0 0 2 0 7 6 0 2 0 0 0 0 0 0 0 0 0 2 2 5 6 2 
1 0 2 0 4 1 0 0 4 5 2 2 3 0 0 2 0 0 0 0 0 0 0 0 
0 4 0 0 7 5 0 0 2 0 0 0 0 0 0 0 0 0 0 0 0 0 0 0 
0 0 0 0 0 2 0 0 1 3 4 6 0 0 0 0 0 0 0 0 0 4 2 0 
0 0 0 0 4 2 0 0 0 0 0 4 3 0 0 0 0 0 0 0 0 0 0 0 
0 6 0 0 4 4 0 5 6 6 5 0 0 0 0 0 0 7 0 0 4 0 3 0 
0 4 0 0 2 2 0 2 2 2 1 0 2 2 0 2 0 6 0 3 3 1 0 0 
5 0 0 0 0 0 8 0 0 0 0 0 6 4 0 0 0 3 1 6 8 2 4 2 
2 1 0 0 0 0 3 0 0 0 0 0 4 0 0 0 4 4 2 1 2 0 0 0 
200 190
0 0 0 2
0 0 2 0
0 2 0 0
0 2 0 3
0 2 1 2
0 10 0 8
0 10 0 17
0 10 4 10
3 16 7 16
4 6 4 4
4 6 4 7
4 6 0 6
4 6 9 6
4 18 4 20
4 18 2 18
4 18 6 18
4 20 4 18
4 20 4 21
4 20 2 20
4 20 9 20
4 21 4 20
4 21 0 21
4 21 5 21
7 4 7 5
7 4 6 4
7 4 8 4
9 2 9 3
9 2 1 2
9 2 10 2
9 7 9 6
9 7 9 8
9 7 6 7
9 7 10 7
9 13 9 11
9 13 9 17
9 13 7 13
9 13 12 13
9 20 9 17
9 20 9 21
9 20 4 20
9 20 11 20
9 21 9 20
9 21 6 21
9 21 10 21
10 14 10 15
10 14 11 14
10 14 10 15
10 14 11 14
14 0 14 1
14 0 8 0
14 0 15 0
14 19 14 17
14 19 14 21
14 19 11 19
14 19 15 19
15 6 15 4
15 6 15 7
15 6 14 6
15 6 22 6
17 4 17 1
17 4 17 5
17 4 16 4
17 4 19 4
19 11 19 12
19 11 18 11
19 11 19 12
19 11 18 11
20 1 20 4
20 1 17 1
20 1 21 1
20 7 20 8
20 7 15 7
20 7 21 7
20 17 20 10
20 17 20 20
20 17 14 17
20 17 21 17
22 0 22 6
22 0 16 0
22 0 23 0
22 6 22 0
22 6 22 12
22 6 15 6
22 6 23 6
22 19 22 18
22 19 22 20
22 19 21 19
22 19 23 19
22 20 22 19
22 20 22 21
22 20 21 20
22 20 23 20
23 16 23 12
23 16 23 17
23 16 23 12
23 16 23 17
23 18 23 17
23 18 23 17
23 20 22 20
0 0 2 0
0 2 0 3
0 2 1 2
0 4 0 6
0 4 2 4
0 10 0 8
0 10 0 17
0 10 4 10
2 5 2 4
2 5 3 5
2 5 2 4
2 5 3 5
3 16 7 16
4 1 4 0
4 1 2 1
4 1 14 1
4 6 4 4
4 6 4 7
4 6 0 6
4 6 9 6
4 20 4 21
5 14 5 11
5 14 2 14
5 14 5 11
5 14 2 14
6 4 6 5
6 4 4 4
6 4 7 4
6 12 7 12
6 19 6 18
7 16 7 15
8 15 7 15
9 2 9 3
9 2 1 2
9 2 10 2
9 7 9 6
9 7 9 8
9 7 10 7
9 20 9 17
9 20 9 21
10 16 10 15
11 18 11 19
12 20 11 20
14 0 14 1
14 0 8 0
14 0 15 0
14 19 14 17
14 19 14 21
14 19 11 19
14 19 15 19
18 11 18 10
18 11 16 11
18 11 18 10
18 11 16 11
19 12 16 12
20 1 20 4
20 1 17 1
20 1 21 1
21 1 21 4
22 0 23 0
22 6 22 12
22 6 23 6
22 19 22 20
23 1 23 6
23 12 22 12
23 12 22 12
0 4 0 6
0 4 2 4
0 7 1 7
0 7 1 7
1 1 2 1
1 1 2 1
1 3 9 3
2 4 3 4
4 4 6 4
6 12 7 12
6 18 4 18
6 21 5 21
7 12 7 13
7 16 7 15
8 0 6 0
10 15 12 15
11 18 11 19
11 20 11 21
11 20 12 20
21 1 21 4
21 5 20 5
1 3 9 3
4 21 0 21
10 15 12 15
21 5 20 5

3734

4 = 6 2 4 = 4 2 2 = 6 = = = = = = 3 4   4 3 1   
ǁ 2 4 2 ǁ   ǁ 3   3 ǁ         1     2     ǁ     
4 4 ǁ ǁ 5 4 ǁ 4 2   ǁ       2       3 2 4 ǁ 3 2 
2 | ǁ ǁ 1 2 ǁ   2   ǁ       ǁ   2   |   | ǁ     
2 5 ǁ ǁ 4 = 8 4     4 2     ǁ   ǁ   5 = 8 6     
  | ǁ ǁ ǁ   ǁ       1 4 = = 4   ǁ   ǁ   ǁ 2     
1 | ǁ ǁ 6 2 ǁ 1         2       ǁ   3 1 ǁ 2     
| | ǁ ǁ 5 3 ǁ |         3 4   5 4       ǁ |   2 
3 | ǁ ǁ 2 2 ǁ |           |   1         ǁ |     
ǁ | 6 6     7 7 6 5   5 - 7 - - - 6 = = 8 5     
ǁ | 2         2 2         | 4 5 1       | 1     
ǁ | 1 6 2     2     2 3   | 2 ǁ     2 4 4 1     
ǁ | 4 6 2     4   5   1 2 5   3       ǁ 2       
ǁ | 2 4 4         1                   ǁ         
6 6         6                     5 = 8 = 5 6 3 
2       2 - 7 6   2               |   2 2 5 6 2 
1   2   4 1 ǁ | 4 5 2 2 3     2   |             
| 4 - - 7 5 ǁ | 2     ǁ |         |             
| ǁ     | 2 ǁ | 1 3 4 6 |         |       4 2   
| ǁ     4 2 ǁ |       4 3         |             
| 6 = = 4 4 ǁ 5 6 6 5 - - - - - - 7 - - 4   3   
| 4 = = 2 2 ǁ 2 2 2 1   2 2   2   6   3 3 1     
5 = = = = = 8 = = = = = 6 4       3 1 6 8 2 4 2 
2 1 - - - - 3           4 = = = 4 4 2 1 2       
