24 24
2 3 0 0 6 0 0 0 4 3 4 3 0 0 0 0 0 0 0 0 0 3 3 4 
6 6 2 1 0 0 0 0 2 1 0 4 2 2 0 0 0 0 0 4 0 4 0 3 
4 0 3 0 6 0 0 0 0 0 8 0 0 0 0 0 6 2 0 0 2 0 3 4 
0 0 0 0 0 0 0 0 2 0 0 2 0 0 0 0 0 0 0 0 4 0 0 0 
3 0 0 0 0 0 0 0 0 0 0 0 2 4 0 0 0 0 0 0 0 0 0 4 
0 0 4 2 0 0 0 0 0 0 0 0 0 0 2 0 0 0 0 0 0 0 0 0 
0 0 0 0 0 0 0 2 6 1 0 0 0 0 0 0 0 0 0 0 0 0 0 0 
0 0 0 0 0 2 0 0 2 0 0 4 0 7 6 5 5 1 0 0 3 4 0 0 
0 0 0 0 0 0 0 0 0 0 0 0 0 0 0 2 3 2 0 0 3 5 0 0 
0 6 2 0 0 6 0 7 0 0 8 0 0 6 0 0 8 5 0 0 2 0 0 0 
0 4 2 0 0 3 3 6 2 0 2 2 0 5 0 2 2 1 0 0 0 0 0 0 
4 0 0 0 7 0 0 0 0 0 0 0 0 0 0 0 0 0 0 6 0 5 0 0 
1 2 0 0 6 0 0 0 1 3 0 0 0 0 2 3 0 4 1 0 2 0 0 2 
1 4 5 0 5 0 0 0 0 4 0 0 0 0 2 1 0 0 0 0 5 5 0 2 
0 6 6 4 8 0 0 0 0 0 0 0 0 0 0 0 0 8 3 0 6 5 0 0 
0 2 4 4 4 0 3 0 1 0 2 0 0 0 0 0 0 6 2 0 2 1 0 0 
5 0 0 0 0 0 0 0 0 0 0 0 0 0 0 0 0 0 0 8 0 0 4 3 
0 2 0 3 0 0 5 0 0 6 2 2 2 5 0 0 0 4 1 0 2 4 2 2 
0 0 0 0 0 0 2 0 0 0 0 0 0 1 2 0 0 4 0 6 0 4 0 0 
5 0 0 0 0 0 0 0 0 7 0 5 2 4 0 0 0 0 0 6 0 0 8 4 
0 0 0 0 0 2 0 0 0 0 1 0 0 6 0 0 2 0 0 0 2 2 0 2 
5 0 0 0 2 0 0 0 0 6 4 3 1 1 4 0 0 0 0 7 5 3 0 0 
6 4 0 0 2 4 0 0 0 6 0 0 1 2 8 4 4 4 0 5 2 0 6 6 
4 0 0 0 0 2 0 0 0 1 2 0 0 0 5 0 0 1 0 1 1 2 3 2 
200 342
0 4 0 1
0 4 0 8
0 4 2 4
0 4 0 1
0 4 0 8
0 4 2 4
0 8 0 9
0 8 1 8
0 23 0 22
0 23 1 23
0 23 0 22
0 23 1 23
1 0 1 1
1 0 0 0
1 0 2 0
1 0 1 1
1 0 0 0
1 0 2 0
1 1 1 2
1 1 0 1
1 1 9 1
1 1 1 2
1 3 5 3
2 0 4 0
2 2 5 2
2 4 2 10
2 4 11 4
2 4 2 10
2 4 11 4
2 10 2 16
2 10 0 10
2 10 9 10
2 16 2 10
2 16 2 17
2 16 7 16
3 8 6 8
3 11 7 11
3 20 2 20
3 20 7 20
3 20 2 20
3 20 7 20
4 13 4 12
4 13 7 13
4 13 4 12
4 13 7 13
4 23 2 23
4 23 12 23
4 23 2 23
4 23 12 23
5 14 7 14
7 13 7 11
7 13 7 14
7 13 9 13
7 15 7 14
7 15 7 16
7 15 8 15
8 21 8 20
8 21 7 21
8 21 11 21
9 5 9 7
9 5 7 5
9 5 10 5
9 5 9 7
9 5 7 5
9 5 10 5
9 7 9 10
9 7 6 7
9 7 10 7
9 10 9 7
9 10 9 13
9 10 2 10
9 10 10 10
9 16 9 13
9 16 9 17
9 16 8 16
9 16 10 16
9 16 9 13
9 16 9 17
9 16 8 16
9 16 10 16
10 7 10 6
10 7 10 8
10 7 9 7
11 4 11 0
11 4 11 19
11 4 12 4
13 2 13 1
13 2 13 4
13 2 14 2
14 1 14 2
14 1 13 1
14 1 15 1
14 1 14 2
14 1 13 1
14 1 15 1
14 2 14 3
14 2 13 2
14 2 15 2
14 3 14 4
14 3 15 3
14 3 14 4
14 4 14 17
14 4 13 4
14 4 15 4
14 17 14 4
14 17 14 18
14 17 12 17
14 17 15 17
14 21 14 20
14 21 13 21
14 21 15 21
15 2 15 3
16 0 16 19
16 0 13 0
16 0 19 0
16 19 16 0
16 19 16 22
16 19 11 19
16 19 18 19
17 6 17 3
17 6 17 9
17 6 18 6
17 9 17 6
17 9 17 10
17 9 19 9
17 9 17 10
17 9 19 9
17 13 17 12
17 13 17 17
17 13 18 13
17 18 17 17
18 6 17 6
19 9 19 0
19 9 19 11
19 9 21 9
19 22 19 19
19 22 19 23
19 22 17 22
19 22 22 22
19 22 19 19
19 22 19 23
19 22 17 22
19 22 22 22
19 23 17 23
19 23 20 23
20 5 22 5
20 13 20 10
20 13 20 16
20 13 19 13
20 13 21 13
20 23 22 23
21 0 21 4
21 0 19 0
21 0 22 0
21 9 21 10
21 9 19 9
21 9 22 9
21 9 21 10
21 9 22 9
21 10 21 11
21 10 23 10
21 11 21 12
21 14 21 19
21 14 22 14
21 14 21 19
21 14 22 14
21 19 21 20
21 19 19 19
21 19 22 19
22 0 22 1
22 0 21 0
22 0 23 0
22 0 22 1
22 0 21 0
22 1 22 4
22 9 22 5
22 9 23 9
22 9 22 5
22 12 22 13
22 13 22 14
22 15 22 14
22 15 22 16
22 15 22 14
22 15 22 16
22 16 22 17
22 22 22 20
22 22 22 23
22 22 23 22
22 22 22 20
22 23 23 23
23 0 23 5
23 10 23 14
23 14 23 17
23 14 22 14
23 14 22 14
23 14 22 14
1 8 1 9
1 11 1 12
1 11 0 11
1 11 1 12
1 11 0 11
1 13 1 19
2 0 4 0
2 2 5 2
2 10 0 10
2 16 2 17
2 16 7 16
2 23 2 22
2 23 1 23
3 8 6 8
3 11 7 11
4 0 11 0
5 2 5 3
5 2 9 2
5 14 7 14
6 7 6 8
6 8 6 9
6 8 7 8
6 8 7 8
7 11 7 13
9 10 9 13
9 10 10 10
10 1 10 2
10 1 9 1
10 1 10 2
10 1 9 1
10 5 10 6
10 6 10 7
10 7 10 8
10 11 10 13
10 15 10 13
10 17 9 17
11 0 11 4
11 0 12 0
13 1 13 2
13 20 13 21
13 20 12 20
13 20 14 20
14 4 13 4
14 4 15 4
14 17 14 18
14 17 12 17
14 17 15 17
14 20 14 21
14 20 13 20
14 20 15 20
14 20 14 21
15 2 15 3
15 3 15 2
15 4 15 6
15 6 15 4
15 6 15 8
15 10 15 17
16 0 19 0
16 19 16 22
16 19 11 19
16 19 18 19
16 22 16 23
16 22 2 22
17 1 17 3
17 3 17 1
17 17 17 13
17 17 18 17
17 20 17 21
17 21 17 20
17 21 18 21
17 21 18 21
17 23 16 23
18 14 18 17
18 17 18 14
18 17 18 19
18 21 18 19
19 0 19 9
19 11 19 12
19 11 17 11
19 11 19 12
19 11 17 11
19 13 19 19
19 13 20 13
19 13 19 19
20 5 22 5
20 13 20 16
21 4 22 4
22 16 22 17
22 17 22 19
22 19 22 17
22 19 21 19
22 19 23 19
22 23 23 23
23 0 23 5
23 20 23 21
23 21 23 22
0 9 0 10
0 9 0 10
0 11 0 21
1 13 1 19
1 19 1 21
1 19 11 19
1 21 0 21
1 21 7 21
1 21 0 21
2 22 0 22
7 21 7 20
7 21 8 21
9 1 9 2
9 17 8 17
10 11 10 13
10 13 10 15
10 13 9 13
12 1 12 4
12 17 12 15
12 17 12 18
13 23 16 23
14 18 15 18
15 10 15 17
15 17 15 18
17 12 17 13
18 19 18 21
18 19 19 19
21 19 21 20
7 13 7 14
7 14 7 15
9 17 8 17
12 1 12 4
12 4 12 8
12 4 11 4
12 4 13 4
13 4 13 9
13 9 13 14
13 9 12 9
13 9 13 14
13 15 12 15
7 17 7 16
11 19 11 21
11 19 11 21
12 9 12 14
12 15 12 14
12 20 13 20
13 21 11 21
9 20 8 20
13 21 11 21
8 21 8 20

1969

2 3 = = 6 = = = 4 3 4 3 - - - - - - - - - 3 3 4 
6 6 2 1 ǁ       2 1 ǁ 4 2 2 = = = = = 4 - 4 | 3 
4 | 3 | 6 = = = = = 8 = = = = = 6 2   | 2 | 3 4 
ǁ | ǁ | ǁ       2   ǁ 2         ǁ     | 4 | | ǁ 
3 | ǁ | ǁ       ǁ   ǁ ǁ 2 4     ǁ     | ǁ | | 4 
| | 4 2 ǁ       ǁ   ǁ ǁ   ǁ 2   ǁ     | ǁ | | ǁ 
| | |   ǁ     2 6 1 ǁ ǁ   ǁ ǁ   ǁ     | ǁ | | ǁ 
| | |   ǁ 2   | 2   ǁ 4 = 7 6 5 5 1   | 3 4 | ǁ 
| | |   ǁ ǁ   |     ǁ     |   2 3 2   | 3 5 | ǁ 
| 6 2   ǁ 6 = 7 = = 8 = = 6 = = 8 5   | 2 | | ǁ 
| 4 2   ǁ 3 3 6 2   2 2 = 5 = 2 2 1   |   | | ǁ 
4 = = = 7 - - - - - - - - - - - - - - 6 = 5 | ǁ 
1 2 = = 6 - - - 1 3 - - - - 2 3 - 4 1 ǁ 2 ǁ | 2 
1 4 5 - 5 - - - - 4 = = = = 2 1   ǁ   ǁ 5 5 | 2 
| 6 6 4 8 = = = = = = = = = = = = 8 3 ǁ 6 5 | | 
| 2 4 4 4 = 3 - 1   2 = = = = = = 6 2 ǁ 2 1 | | 
5 = = = = = = = = = = = = = = = = = = 8 = = 4 3 
ǁ 2 = 3 - - 5 = = 6 2 2 2 5 = = = 4 1 ǁ 2 4 2 2 
ǁ           2     ǁ   ǁ   1 2 = = 4 - 6 = 4 ǁ | 
5 = = = = = = = = 7 - 5 2 4 = = = = = 6 = = 8 4 
|         2       ǁ 1 - - 6 = = 2     | 2 2 ǁ 2 
5 - - - 2 ǁ       6 4 3 1 1 4 = = = = 7 5 3 ǁ | 
6 4 - - 2 4 = = = 6 |   1 2 8 4 4 4 = 5 2 = 6 6 
4 = = = = 2       1 2 - - - 5 - - 1   1 1 2 3 2 
