24 24
1 5 2 4 0 0 4 2 0 0 6 0 0 5 0 0 0 0 0 0 0 4 1 1 
2 0 0 0 1 3 0 2 2 0 0 2 2 0 0 0 0 0 0 0 0 2 0 0 
0 0 0 0 2 6 0 0 5 0 5 6 4 0 0 0 3 0 0 0 0 0 4 0 
0 0 0 0 1 0 0 0 3 3 0 2 0 0 0 0 0 2 4 0 0 0 0 0 
0 0 0 0 5 6 6 6 0 2 0 0 0 0 2 0 7 0 4 0 0 0 0 0 
0 0 0 0 2 0 4 0 3 0 0 1 0 0 0 0 2 0 0 0 0 0 0 0 
4 6 0 8 0 8 0 0 0 0 0 0 0 6 0 0 0 0 0 0 0 0 5 4 
0 0 2 0 0 0 0 0 0 0 4 4 0 0 4 0 0 0 0 0 6 3 0 0 
3 0 0 0 1 0 0 0 2 0 0 2 0 0 0 0 0 0 0 0 0 0 0 0 
0 0 0 0 0 0 0 0 0 0 0 0 0 0 0 0 0 0 0 0 0 2 0 0 
0 0 0 0 2 0 0 0 0 0 0 0 0 0 0 0 0 0 0 0 0 2 0 0 
5 7 5 0 0 0 0 0 0 0 0 0 0 0 0 0 0 0 0 0 0 0 0 0 
2 0 1 0 0 0 3 0 8 0 8 3 0 0 5 2 0 3 2 0 0 3 0 4 
3 5 1 0 0 0 1 0 0 1 4 2 0 0 6 0 0 0 3 1 0 0 0 2 
3 3 0 0 0 0 0 0 0 0 0 0 0 0 2 0 0 0 0 0 0 0 0 2 
0 3 2 0 0 0 1 0 6 0 0 0 0 7 0 0 0 0 0 0 7 4 0 0 
4 0 0 6 4 0 2 0 3 2 4 4 0 0 2 0 5 3 0 0 0 1 0 0 
0 4 0 6 4 0 4 0 8 4 0 2 0 0 1 2 0 4 4 0 0 4 8 5 
2 0 2 2 2 0 0 0 0 2 7 0 0 7 0 5 6 3 3 2 0 0 0 0 
2 7 7 2 0 0 0 0 0 4 7 2 3 7 0 0 0 2 0 0 0 1 4 0 
1 3 4 2 0 0 0 0 0 0 2 2 1 0 2 0 0 0 0 0 0 0 0 0 
3 0 0 0 0 7 0 0 7 8 4 7 2 3 5 0 0 0 4 4 0 2 6 3 
1 2 4 0 0 7 5 2 4 6 0 5 0 0 2 2 0 0 0 0 7 1 4 5 
0 2 0 0 0 4 3 1 2 4 0 0 0 0 0 0 0 0 0 2 4 0 2 1 
200 223
0 1 0 0
0 1 0 2
0 1 6 1
0 10 0 7
0 10 0 13
0 10 2 10
1 0 6 0
3 18 3 17
3 18 4 18
4 4 4 5
4 4 3 4
4 4 5 4
4 16 4 14
4 16 4 18
4 16 2 16
4 16 5 16
6 3 6 1
6 3 6 5
6 3 0 3
6 3 16 3
6 5 6 3
6 5 6 13
6 5 4 5
6 5 21 5
7 2 11 2
7 10 7 11
7 10 12 10
7 10 7 11
7 10 12 10
7 20 7 14
7 20 7 21
7 20 15 20
8 4 10 4
8 8 12 8
10 4 16 4
11 0 11 1
11 0 8 0
11 0 12 0
11 2 11 1
11 2 7 2
11 2 12 2
11 2 11 1
12 8 12 6
12 8 12 10
12 8 8 8
12 8 15 8
12 10 12 8
12 10 12 11
12 10 13 10
15 13 15 8
15 13 15 20
15 13 6 13
15 13 18 13
16 11 16 10
16 11 17 11
16 11 16 10
16 11 17 11
16 16 16 14
16 16 16 17
16 16 18 16
17 8 17 6
17 8 17 9
17 8 16 8
17 8 21 8
17 22 17 21
17 22 17 23
17 22 6 22
17 22 19 22
18 10 18 9
18 10 18 13
18 10 16 10
18 10 19 10
18 16 18 15
18 16 18 17
18 16 16 16
19 1 19 0
19 1 19 2
19 1 17 1
19 1 20 1
19 13 19 12
19 13 19 17
19 13 18 13
19 13 21 13
20 14 21 14
21 9 21 8
21 9 21 10
21 9 19 9
21 9 22 9
21 11 21 10
21 11 21 12
21 11 20 11
21 11 22 11
22 5 22 2
22 5 22 6
22 5 21 5
22 5 23 5
22 20 22 15
22 20 22 21
22 20 15 20
22 20 23 20
22 23 22 22
22 23 21 23
22 23 23 23
0 1 0 2
0 1 6 1
0 3 0 6
0 3 6 3
0 3 0 6
0 10 0 7
0 10 0 13
0 10 2 10
1 0 6 0
3 17 3 18
3 18 4 18
4 4 4 5
4 4 5 4
4 7 4 6
4 7 4 9
4 7 1 7
4 7 4 6
4 7 4 9
4 7 1 7
4 18 4 16
5 6 5 8
5 6 4 6
5 6 5 8
5 6 4 6
5 8 5 11
5 16 4 16
6 3 6 1
6 3 16 3
6 5 6 13
6 5 4 5
6 5 21 5
7 11 8 11
7 20 7 14
7 20 7 21
7 20 15 20
12 8 12 6
12 8 15 8
12 10 12 11
12 10 13 10
12 14 12 15
12 14 7 14
12 14 13 14
12 23 6 23
12 23 13 23
12 23 6 23
12 23 13 23
13 9 13 10
13 10 13 11
13 11 12 11
13 14 13 18
13 14 12 14
13 14 14 14
13 19 13 18
14 14 13 14
14 23 17 23
17 8 17 6
17 8 17 9
17 8 16 8
17 8 21 8
17 18 17 17
17 18 18 18
17 18 17 17
17 18 18 18
17 22 17 21
17 22 17 23
17 22 6 22
17 22 19 22
18 16 18 15
18 16 18 17
20 14 21 14
21 9 21 8
21 9 21 10
21 9 19 9
21 9 22 9
21 19 21 18
21 19 18 19
21 19 21 18
21 19 18 19
22 20 22 15
22 20 15 20
22 20 23 20
22 23 22 22
22 23 21 23
0 6 4 6
0 6 4 6
1 5 1 4
1 5 2 5
1 5 2 5
1 8 2 8
2 4 2 5
2 4 2 5
2 5 4 5
4 5 2 5
7 11 8 11
12 6 13 6
14 23 17 23
17 23 21 23
21 22 21 21
21 22 19 22
21 22 22 22
1 8 2 8
21 22 21 21
21 22 19 22
21 22 22 22
23 22 23 20
23 22 23 20
19 21 17 21
23 19 23 9
17 21 16 21
23 19 23 9
15 21 15 20
15 21 12 21
15 21 15 20
15 21 12 21
12 21 10 21
15 13 15 8
15 13 6 13
15 13 18 13
10 21 9 21
9 21 7 21

2417

1 5 2 4 = = 4 2 = = 6 = = 5               4 1 1 
2 ǁ   ǁ 1 3 ǁ 2 2   ǁ 2 2                 2     
ǁ ǁ   ǁ 2 6 ǁ ǁ 5   5 6 4       3           4   
ǁ ǁ   ǁ 1 ǁ ǁ ǁ 3 3   2         | 2 4           
ǁ ǁ   ǁ 5 6 6 6 = 2         2 - 7 = 4           
ǁ ǁ   ǁ 2 ǁ 4 = 3 - - 1         2               
4 6 = 8 = 8 = = = = = = = 6                 5 4 
    2 ǁ   ǁ         4 4   ǁ 4 = = = = = 6 3 ǁ ǁ 
3   ǁ ǁ 1 ǁ     2   ǁ 2   ǁ |           ǁ | ǁ ǁ 
|   ǁ ǁ | ǁ     ǁ   ǁ     ǁ |           ǁ 2 ǁ ǁ 
|   ǁ ǁ 2 ǁ     ǁ   ǁ     ǁ |           ǁ 2 ǁ ǁ 
5 7 5 ǁ | ǁ     ǁ   ǁ     ǁ |           ǁ | ǁ ǁ 
2   1 ǁ | ǁ 3 = 8 = 8 3   ǁ 5 2   3 2   ǁ 3 ǁ 4 
3 5 1 ǁ | ǁ 1   ǁ 1 4 2   ǁ 6 - - - 3 1 ǁ ǁ ǁ 2 
3 3   ǁ | ǁ     ǁ         ǁ 2           ǁ ǁ ǁ 2 
  3 2 ǁ | ǁ 1   6 = = = = 7 - - - - - - 7 4 ǁ ǁ 
4     6 4 ǁ 2   3 2 4 4   ǁ 2 - 5 3     ǁ 1 ǁ ǁ 
  4   6 4 ǁ 4 = 8 4 | 2   ǁ 1 2 ǁ 4 4   ǁ 4 8 5 
2 | 2 2 2 ǁ     ǁ 2 7 - - 7   5 6 3 3 2 ǁ | ǁ | 
2 7 7 2   ǁ     ǁ 4 7 2 3 7 - - - 2   ǁ ǁ 1 4 | 
1 3 4 2   ǁ     ǁ ǁ 2 2 1 | 2         ǁ ǁ   ǁ | 
3         7     7 8 4 7 2 3 5       4 4 ǁ 2 6 3 
1 2 4 - - 7 5 2 4 6   5     2 2 = = = = 7 1 4 5 
  2       4 3 1 2 4 = = = = = = = = = 2 4 = 2 1 
