24 24
4 0 4 0 0 0 0 2 0 1 2 0 0 4 0 0 0 4 2 0 4 4 5 1 
3 2 0 3 0 4 3 0 0 0 0 0 0 0 0 0 6 7 4 1 0 0 0 0 
2 1 0 2 1 0 2 0 0 0 0 0 1 0 0 0 0 3 1 0 0 0 2 2 
4 0 6 0 0 6 0 0 2 0 0 0 0 0 0 0 0 2 0 0 0 0 2 0 
0 2 0 3 0 5 0 0 0 0 0 0 0 0 0 0 8 0 0 0 7 6 4 4 
0 3 0 0 0 0 0 0 0 0 0 3 0 2 2 0 0 0 0 0 0 0 0 0 
0 0 0 0 0 0 0 0 0 0 0 2 1 0 4 0 0 0 0 0 0 0 3 4 
0 0 0 0 0 0 0 0 0 0 0 0 0 0 0 0 0 0 0 0 0 5 2 3 
3 3 0 0 2 6 0 0 0 0 0 0 5 3 0 0 0 0 0 0 0 2 2 2 
4 4 0 5 0 0 0 0 0 0 0 0 0 0 7 2 0 3 0 0 5 3 6 2 
0 2 0 2 1 0 0 0 0 0 0 0 0 0 3 0 0 4 4 2 1 2 0 1 
4 0 8 0 0 0 0 0 0 0 0 0 0 0 0 0 5 0 0 0 0 0 5 4 
4 0 7 0 5 0 0 0 0 0 0 0 0 0 0 0 0 6 0 3 2 3 0 3 
0 2 0 1 0 0 4 0 0 4 2 0 3 0 0 3 3 0 4 6 5 6 0 3 
0 4 0 0 0 2 6 0 0 7 0 0 4 3 2 0 2 0 3 0 0 0 0 0 
0 0 0 0 0 4 0 6 2 0 0 0 0 0 0 0 0 0 3 0 5 4 0 0 
6 4 0 0 0 4 1 0 0 0 0 0 0 0 0 0 0 0 0 0 2 0 0 0 
6 4 0 0 0 5 0 7 2 0 0 0 0 0 0 0 0 0 5 7 0 0 6 6 
0 2 0 0 0 4 4 0 1 0 0 0 0 0 0 0 1 0 0 0 1 0 2 0 
2 2 0 0 0 0 0 0 0 0 0 0 0 0 0 0 0 0 2 5 3 2 0 0 
3 4 0 3 8 0 8 6 5 0 4 0 4 0 0 0 0 0 2 4 0 2 0 0 
5 0 6 3 8 2 0 1 2 0 2 0 0 0 0 0 0 0 4 0 0 0 0 6 
2 2 8 5 8 4 5 0 0 4 0 0 0 0 0 4 3 4 0 6 2 2 0 4 
1 0 5 2 2 2 4 0 0 0 0 0 0 0 0 0 4 0 0 6 0 0 2 0 
200 224
0 0 0 2
0 0 1 0
0 22 0 21
0 22 0 23
0 22 2 22
1 16 1 6
1 16 1 17
1 16 4 16
4 16 4 5
4 16 4 20
4 16 1 16
4 16 11 16
7 21 7 22
7 21 4 21
7 21 8 21
9 14 9 3
9 14 9 15
9 14 6 14
9 14 10 14
11 2 11 0
11 2 11 16
11 2 3 2
11 2 12 2
12 4 12 2
12 4 12 17
12 4 20 4
13 6 13 9
13 6 14 6
13 6 13 9
13 6 14 6
14 1 13 1
14 1 16 1
14 1 13 1
14 1 16 1
14 9 14 6
14 9 14 12
14 9 13 9
14 9 22 9
15 7 15 5
15 7 15 8
15 7 17 7
15 7 15 5
15 7 15 8
15 7 17 7
16 0 16 1
16 0 12 0
16 0 17 0
17 0 17 1
17 0 16 0
17 0 19 0
17 5 17 7
17 5 16 5
17 5 18 5
17 18 17 19
17 18 15 18
17 18 19 18
17 23 17 22
17 23 13 23
17 23 21 23
20 4 20 3
20 4 20 6
20 4 12 4
20 4 21 4
20 6 20 4
20 6 20 7
20 6 18 6
20 6 22 6
20 8 20 7
20 8 18 8
20 8 21 8
20 10 20 12
20 10 21 10
20 10 20 12
20 10 21 10
21 0 21 2
21 0 20 0
21 0 22 0
21 4 21 3
21 4 21 5
21 4 20 4
21 4 22 4
21 18 21 23
21 18 20 18
21 23 21 18
21 23 17 23
21 23 22 23
21 23 22 23
22 2 22 1
22 2 22 3
22 2 21 2
22 2 23 2
22 4 22 3
22 4 22 5
22 4 21 4
22 4 23 4
22 19 22 17
22 19 22 20
22 19 23 19
22 19 22 17
22 19 22 20
22 19 23 19
22 21 22 23
22 23 22 21
23 2 23 0
23 2 23 3
23 2 22 2
23 19 23 16
23 19 23 22
23 22 23 19
0 0 0 2
0 0 1 0
0 13 0 10
0 13 0 17
0 13 0 10
0 13 0 17
0 22 0 21
0 22 2 22
1 16 1 6
1 16 1 17
1 17 1 18
1 17 0 17
1 17 2 17
1 19 1 18
2 12 2 6
2 23 4 23
2 23 4 23
3 8 3 5
4 16 4 5
4 16 4 20
4 16 11 16
4 20 4 21
4 20 0 20
4 20 9 20
8 5 8 4
8 5 8 12
8 5 4 5
8 5 8 4
8 5 8 12
8 5 4 5
9 15 9 14
10 1 9 1
11 2 11 0
11 2 11 16
11 2 3 2
11 2 12 2
11 16 11 22
12 17 12 4
12 17 12 19
12 17 22 17
13 3 20 3
13 18 13 19
13 18 14 18
13 18 13 19
13 18 14 18
14 18 15 18
16 0 16 1
16 0 12 0
16 6 16 5
17 0 17 1
17 0 19 0
17 1 18 1
17 8 17 7
17 23 17 22
17 23 13 23
20 4 20 3
20 6 20 7
20 6 18 6
20 6 22 6
20 12 14 12
21 4 21 3
21 4 21 5
21 18 20 18
22 2 22 1
22 2 22 3
22 2 21 2
22 4 22 3
22 4 22 5
22 4 23 4
23 2 23 3
23 19 23 16
0 9 0 7
3 8 3 5
3 17 2 17
3 22 4 22
10 1 9 1
10 17 10 18
10 17 9 17
10 17 10 18
10 17 9 17
10 18 10 19
12 2 12 0
12 2 21 2
17 1 18 1
17 8 17 7
18 6 18 5
19 1 20 1
20 12 14 12
20 19 20 21
20 19 19 19
20 19 20 21
20 19 19 19
22 0 21 0
22 3 21 3
0 7 0 2
3 17 2 17
3 22 4 22
9 17 9 20
10 18 10 19
12 2 12 0
12 2 21 2
18 6 18 5
19 1 20 1
20 1 20 0
21 2 21 0
0 2 3 2
1 17 1 18
1 17 0 17
2 18 1 18
11 0 9 0
11 0 9 0
18 5 17 5
20 0 20 1
0 18 0 20
0 18 0 20

2948

4 = 4 - - - - 2 - 1 2 = = 4 = = = 4 2 = 4 4 5 1 
3 2 | 3   4 3 = = = = = = = = = 6 7 4 1 |   ǁ   
2 1 | 2 1   2 - - - - - 1       ǁ 3 1   |   2 2 
4   6     6 = = 2               ǁ 2     |   2 ǁ 
  2 ǁ 3   5 = = = = = = = = = = 8 = = = 7 6 4 4 
  3 ǁ     ǁ           3   2 2   ǁ       | |     
    ǁ     ǁ           2 1   4   ǁ       | | 3 4 
    ǁ     ǁ                 |   ǁ       | 5 2 3 
3 3 ǁ   2 6 = = = = = = 5 3 |   ǁ       | 2 2 2 
4 4 ǁ 5 - - - - - - - - - - 7 2 ǁ 3 - - 5 3 6 2 
ǁ 2 ǁ 2 1                   3   ǁ 4 4 2 1 2   1 
4 = 8 = = = = = = = = = = = = = 5 - - - - - 5 4 
4 = 7 - 5 = = = = = = = = = = = = 6 - 3 2 3   3 
ǁ 2 ǁ 1 ǁ   4 = = 4 2   3     3 3 | 4 6 5 6   3 
ǁ 4 ǁ | ǁ 2 6 - - 7 - - 4 3 2   2 | 3         ǁ 
ǁ ǁ ǁ | ǁ 4 = 6 2 |     ǁ         | 3   5 4   ǁ 
6 4 ǁ | ǁ 4 1 ǁ   |     ǁ         | |   2     ǁ 
6 4 ǁ | ǁ 5 - 7 2 |     ǁ         | 5 7     6 6 
ǁ 2 ǁ | ǁ 4 4   1 |     ǁ       1 | |   1   2 ǁ 
2 2 ǁ | ǁ   ǁ   | |     ǁ         | 2 5 3 2   ǁ 
3 4 ǁ 3 8 = 8 6 5 | 4 = 4         | 2 4 = 2   ǁ 
5 = 6 3 8 2 ǁ 1 2 | 2             | 4 = = = = 6 
2 2 8 5 8 4 5     4           4 3 4 = 6 2 2 = 4 
1 - 5 2 2 2 4                   4 = = 6 = = 2   
