24 24
4 5 0 0 0 0 0 0 3 0 0 0 0 0 0 0 0 0 0 0 0 2 2 2 
3 6 0 0 6 0 2 2 5 0 0 0 0 0 0 0 0 0 0 1 2 0 4 0 
2 3 0 2 2 1 0 0 3 2 1 1 0 4 0 0 0 0 0 4 0 0 0 0 
5 5 0 0 0 0 4 0 0 0 0 0 0 7 0 0 0 0 0 8 4 0 0 0 
4 0 4 0 0 0 0 2 3 0 0 2 0 0 2 0 3 0 0 5 3 5 0 0 
2 2 0 0 2 0 6 0 6 3 1 1 0 0 2 0 0 0 0 6 3 0 0 0 
1 0 7 0 0 0 7 0 0 0 0 0 0 7 0 0 0 0 0 0 0 7 8 4 
2 4 0 2 0 2 0 3 0 6 2 4 0 6 0 5 5 0 0 3 1 0 0 2 
1 0 0 0 0 4 0 1 2 0 3 7 3 4 0 3 4 4 0 5 4 0 2 0 
0 0 0 4 4 0 0 4 4 0 2 2 3 6 0 4 0 0 4 2 2 0 1 0 
0 0 0 0 0 0 0 5 0 7 0 0 0 0 0 0 0 0 0 0 0 7 6 5 
0 0 0 4 7 3 0 0 1 0 0 0 0 0 0 0 0 0 2 4 2 0 0 0 
0 0 0 2 0 2 0 0 3 5 0 0 0 0 0 0 0 0 7 6 2 0 0 0 
0 0 0 0 0 0 0 0 4 0 0 0 0 0 0 0 0 0 5 4 1 0 0 0 
0 0 0 0 0 0 0 0 0 0 0 0 0 0 0 0 0 0 3 3 0 0 0 0 
0 0 4 0 6 0 0 0 0 0 0 0 0 0 0 0 0 0 0 1 0 0 0 0 
0 0 4 0 8 4 0 2 5 0 0 0 0 0 0 0 0 0 8 5 4 0 0 0 
0 0 4 2 0 2 0 1 7 0 0 4 2 3 0 0 4 2 0 3 0 0 0 0 
0 0 1 0 4 3 0 2 7 0 1 2 2 1 0 0 0 0 0 2 0 0 0 3 
0 0 2 0 6 2 0 0 2 0 0 0 0 0 0 0 0 0 3 1 2 0 0 4 
0 0 3 0 7 0 7 0 0 0 0 0 0 0 0 0 6 4 2 2 0 0 0 0 
0 0 3 1 2 2 3 2 0 0 0 0 0 0 0 0 0 5 5 4 0 0 3 6 
4 7 0 0 0 0 0 0 0 0 0 0 0 0 0 0 0 8 0 0 0 8 2 4 
2 3 0 0 0 0 0 0 0 0 0 0 0 3 0 4 2 4 0 0 0 6 2 2 
200 323
0 0 0 1
0 0 1 0
0 0 0 1
0 0 1 0
1 4 1 1
1 4 1 6
1 4 2 4
1 4 1 1
1 4 1 6
1 4 2 4
3 0 3 1
3 0 2 0
3 0 4 0
3 13 3 6
3 13 3 19
3 13 2 13
3 13 6 13
3 19 3 13
3 19 3 20
3 19 2 19
3 19 4 19
4 21 4 20
4 21 0 21
4 21 6 21
6 2 6 0
6 2 6 6
6 2 4 2
6 2 15 2
6 22 6 21
6 22 6 23
6 22 1 22
6 22 8 22
6 22 6 21
6 22 6 23
6 22 1 22
6 22 8 22
6 23 0 23
6 23 7 23
7 1 7 0
7 1 22 1
7 1 7 0
7 1 22 1
7 15 7 13
7 15 7 16
7 15 8 15
7 23 10 23
8 0 22 0
8 11 8 10
8 11 8 12
8 11 7 11
8 11 9 11
10 7 10 9
10 7 9 7
10 7 16 7
10 21 10 9
10 21 10 22
10 21 6 21
10 21 22 21
10 23 10 22
10 23 18 23
11 4 11 3
11 4 11 5
11 4 9 4
11 4 15 4
12 9 12 8
12 9 12 18
12 9 10 9
15 4 15 2
15 4 11 4
15 4 16 4
15 4 15 2
15 4 16 4
16 4 16 2
16 4 16 5
16 4 18 4
16 18 16 8
16 18 16 19
16 18 14 18
16 18 19 18
16 18 16 8
16 18 16 19
16 18 14 18
16 18 19 18
17 8 17 7
17 8 17 11
17 8 16 8
17 8 18 8
18 8 18 7
18 8 18 10
18 8 17 8
18 8 19 8
19 23 18 23
19 23 21 23
19 23 18 23
19 23 21 23
20 4 20 2
20 4 20 6
20 4 19 4
20 4 21 4
21 2 21 3
21 2 20 2
21 2 20 2
21 18 21 17
21 18 21 19
21 18 20 18
21 19 21 18
21 19 20 19
21 19 21 18
21 23 21 22
21 23 22 23
22 0 22 1
22 0 23 0
22 0 22 1
22 17 22 1
22 17 22 21
22 17 21 17
22 17 23 17
22 17 22 1
22 17 22 21
22 17 21 17
22 17 23 17
22 21 22 22
22 21 10 21
22 21 23 21
23 0 23 1
23 15 23 13
23 15 23 16
23 15 23 13
23 15 23 16
23 17 23 21
23 17 23 21
23 21 23 22
23 21 22 21
0 23 0 22
1 1 1 0
1 1 0 1
1 1 2 1
1 1 0 1
1 7 1 8
1 22 0 22
2 3 2 1
2 5 2 8
3 19 3 20
3 19 2 19
3 19 4 19
3 20 1 20
3 20 4 20
5 4 5 6
6 2 6 6
6 2 4 2
6 2 15 2
6 6 6 13
6 6 5 6
6 6 20 6
7 9 7 7
7 9 7 10
7 9 10 9
7 9 7 7
7 9 7 10
7 9 10 9
7 11 7 13
7 11 8 11
7 11 7 13
7 13 7 15
7 13 6 13
7 13 8 13
8 5 7 5
8 5 11 5
8 5 7 5
8 5 11 5
8 17 8 16
8 17 8 19
8 17 8 16
8 17 8 19
9 4 9 3
9 4 11 4
9 4 9 3
9 8 9 7
9 8 8 8
9 8 9 7
9 8 8 8
9 13 9 12
9 13 9 15
9 13 8 13
9 13 9 12
9 13 9 15
9 13 8 13
9 15 9 18
9 15 8 15
9 18 9 19
9 22 10 22
10 22 10 21
10 22 10 23
10 22 21 22
11 4 11 3
11 8 12 8
12 3 11 3
12 5 16 5
16 2 16 4
16 2 17 2
16 2 17 2
16 4 16 5
16 4 18 4
16 5 12 5
17 2 17 3
17 2 18 2
17 5 18 5
17 8 17 11
17 8 16 8
17 11 17 12
17 11 18 11
18 4 18 5
18 4 19 4
18 8 18 7
18 8 19 8
18 11 18 12
19 2 19 4
19 2 19 4
20 4 20 6
20 4 19 4
20 4 21 4
20 16 20 6
20 16 20 17
20 16 17 16
20 16 20 6
20 16 20 17
20 16 17 16
21 5 21 6
21 23 21 22
21 23 22 23
22 1 23 1
22 21 22 22
22 23 23 23
22 23 23 23
23 1 23 13
23 21 23 22
0 1 0 8
1 7 1 8
1 20 1 19
2 3 2 1
2 19 2 13
2 19 2 13
4 2 4 0
4 2 4 7
4 7 4 8
5 1 5 0
5 4 5 6
5 8 5 6
5 8 5 9
5 8 4 8
5 8 5 6
5 8 5 9
5 8 4 8
5 9 5 10
5 11 4 11
6 13 6 6
6 13 6 21
6 13 3 13
6 13 6 21
7 3 9 3
7 7 8 7
8 13 8 12
8 16 8 15
8 16 7 16
9 3 7 3
9 7 10 7
9 18 9 19
9 20 8 20
11 3 12 3
17 5 18 5
17 16 17 13
17 16 17 17
17 17 20 17
19 4 19 5
20 17 20 18
20 19 19 19
21 5 21 6
21 17 21 7
21 17 21 7
2 0 3 0
2 13 2 11
3 1 3 0
3 1 3 6
3 1 3 6
3 6 3 13
4 0 5 0
5 6 6 6
5 19 5 14
5 19 5 20
5 19 4 19
5 19 5 14
5 19 5 20
5 19 4 19
5 20 4 20
7 15 7 16
7 16 7 19
9 20 8 20
17 13 17 12
17 13 18 13
18 19 17 19
19 20 16 20
20 6 21 6
2 10 2 9
4 14 4 16
4 16 4 14
4 16 4 19
4 21 0 21
4 21 6 21
7 16 7 19
8 20 8 19
8 20 7 20
10 21 10 9
18 19 17 19
19 20 16 20
0 8 1 8
0 8 1 8
1 8 2 8
2 8 2 9
7 19 8 19
16 20 16 19
16 20 13 20
17 19 16 19
16 19 15 19

1980

4 5 - - - - - - 3                         2 2 2 
3 6 = = 6 = 2 2 5                     1 2 ǁ 4 | 
2 3 = 2 2 1 - - 3 2 1 1 - 4 = = = = = 4 | ǁ ǁ | 
5 5 = = = = 4 = = = = = = 7 = = = = = 8 4 ǁ ǁ | 
4 - 4 - - - - 2 3     2   ǁ 2 = 3 - - 5 3 5 ǁ | 
2 2 ǁ   2 = 6 = 6 3 1 1   ǁ 2 = = = = 6 3 ǁ ǁ | 
1 - 7 = = = 7 = = = = = = 7 = = = = = = = 7 8 4 
2 4 ǁ 2   2 | 3 = 6 2 4 = 6 = 5 5 = = 3 1 | ǁ 2 
1 ǁ ǁ ǁ   4 | 1 2 ǁ 3 7 3 4   3 4 4 = 5 4 | 2 | 
| ǁ ǁ 4 4 ǁ | 4 4 ǁ 2 2 3 6 = 4 - - 4 2 2 | 1 | 
| ǁ ǁ   ǁ ǁ | 5 - 7 = = = = = = = = = = = 7 6 5 
| ǁ ǁ 4 7 3 | | 1 |                 2 4 2 ǁ | | 
| ǁ ǁ 2 ǁ 2 | | 3 5 - - - - - - - - 7 6 2 ǁ | | 
| ǁ ǁ   ǁ ǁ | | 4                   5 4 1 ǁ | | 
| ǁ ǁ   ǁ ǁ | |                     3 3 | ǁ | | 
| ǁ 4 = 6 ǁ | |                     ǁ 1 | ǁ | | 
| ǁ 4 = 8 4 | 2 5 = = = = = = = = = 8 5 4 ǁ | | 
| ǁ 4 2 ǁ 2 | 1 7 = = 4 2 3 - - 4 2 ǁ 3 ǁ ǁ | | 
| ǁ 1   4 3 | 2 7 - 1 2 2 1     ǁ | ǁ 2 ǁ ǁ | 3 
| ǁ 2 = 6 2 |   2               ǁ | 3 1 2 ǁ | 4 
| ǁ 3 - 7 = 7 = = = = = = = = = 6 4 2 2   ǁ | ǁ 
| ǁ 3 1 2 2 3 2 = = = = = = = = = 5 5 4   ǁ 3 6 
4 7 = = = = = = = = = = = = = = = 8 = = = 8 2 4 
2 3 - - - - - - - - - - - 3 = 4 2 4 = = = 6 2 2 
