24 24
3 0 3 1 2 4 0 4 0 1 0 3 0 0 0 0 5 6 4 4 0 4 1 1 
0 0 0 0 0 2 0 0 0 0 0 4 0 0 2 0 0 0 4 2 0 0 3 0 
0 2 0 4 6 0 0 6 0 0 0 0 0 0 0 0 6 0 0 0 0 0 0 0 
0 0 0 1 0 0 0 0 3 0 3 0 2 0 1 0 0 0 0 0 0 0 0 0 
2 0 0 0 0 0 0 0 4 0 6 0 4 0 0 0 0 0 0 0 0 0 0 0 
2 0 0 1 6 2 0 0 4 2 0 4 0 0 3 0 0 0 5 0 0 8 5 2 
5 6 0 0 2 0 0 0 1 0 0 0 0 0 0 0 0 0 1 0 0 0 1 0 
0 2 0 2 0 0 0 7 0 0 6 7 0 1 0 0 0 6 0 0 0 8 7 4 
0 0 0 2 0 0 0 7 2 2 4 3 0 0 0 0 0 3 1 3 4 0 0 0 
0 0 0 0 0 0 0 1 0 0 0 1 0 0 0 0 0 1 0 0 2 0 4 4 
3 0 7 0 0 0 0 0 0 0 0 0 0 0 0 0 7 0 6 5 4 0 1 2 
2 2 5 0 0 0 2 1 3 0 0 0 0 5 2 1 0 2 5 4 4 0 0 0 
5 0 0 0 0 0 0 0 0 0 0 0 0 8 0 0 7 0 0 0 0 8 4 5 
5 0 0 0 0 0 0 0 0 0 6 4 4 7 3 2 0 3 5 4 2 0 2 0 
6 0 0 0 0 0 4 0 0 0 0 0 0 0 3 1 0 0 0 4 2 0 0 0 
2 2 2 0 3 0 0 2 0 0 5 0 0 0 0 0 0 2 0 0 2 0 3 0 
2 6 0 0 5 0 6 0 1 3 0 0 0 0 0 0 0 0 0 0 0 0 0 0 
1 0 0 0 4 2 0 1 0 0 0 0 0 2 0 0 0 0 0 0 0 0 0 4 
0 0 3 2 0 2 0 0 0 0 2 4 2 2 7 0 8 0 8 6 4 0 0 4 
0 0 0 0 0 1 0 0 0 4 0 4 2 0 5 3 4 1 4 5 2 0 0 4 
0 0 0 0 3 0 7 0 0 0 0 0 0 0 0 0 0 0 3 4 2 0 0 0 
0 0 0 0 0 0 0 4 6 0 0 0 0 0 0 0 0 0 0 0 0 7 7 4 
2 0 7 0 0 0 8 4 3 1 3 0 0 0 0 0 0 0 0 0 0 6 6 2 
0 0 2 0 0 0 2 1 0 0 4 0 0 0 1 2 0 0 4 0 0 6 4 2 
200 251
0 16 0 11
0 16 0 17
0 16 2 16
0 17 0 16
0 17 0 18
0 17 7 17
2 16 2 7
2 16 0 16
2 16 10 16
5 18 5 21
5 18 1 18
5 18 6 18
5 21 5 18
5 21 5 22
5 21 0 21
5 21 7 21
6 0 6 1
6 0 5 0
6 0 10 0
7 7 7 3
7 7 7 10
7 7 2 7
7 7 8 7
7 11 7 10
7 11 7 13
7 11 5 11
7 11 8 11
7 17 7 21
7 17 0 17
7 17 8 17
7 21 7 17
7 21 7 22
7 21 5 21
7 21 12 21
7 22 7 21
7 22 7 23
7 22 6 22
7 22 9 22
8 7 8 3
8 7 8 8
8 7 7 7
8 7 9 7
8 20 8 19
8 20 9 20
10 2 10 0
10 2 10 16
10 2 0 2
10 2 11 2
11 13 11 8
11 13 11 14
11 13 12 13
12 0 12 13
12 0 11 0
12 0 13 0
12 13 12 0
12 13 12 16
12 13 11 13
12 13 13 13
12 21 12 16
12 21 12 22
12 21 7 21
12 21 21 21
12 23 12 22
12 23 10 23
12 23 17 23
13 10 13 0
13 10 13 11
13 10 15 10
13 10 13 0
13 10 13 11
13 10 15 10
13 18 13 17
13 18 13 19
13 18 18 18
14 0 14 6
14 0 13 0
14 0 15 0
16 1 16 0
16 1 16 4
16 1 15 1
18 14 18 13
18 14 18 16
18 14 14 14
18 14 19 14
18 16 18 14
18 16 18 18
18 16 12 16
18 16 19 16
18 18 18 16
18 18 18 19
18 18 13 18
18 18 19 18
18 23 17 23
18 23 19 23
18 23 17 23
18 23 19 23
19 23 21 23
20 6 20 4
20 6 20 18
20 6 16 6
20 6 22 6
21 7 21 8
21 7 22 7
21 7 21 8
21 7 22 7
21 8 21 21
21 8 22 8
21 8 21 21
21 8 22 8
21 22 21 21
21 22 21 23
21 22 15 22
21 22 22 22
22 2 22 0
22 2 22 6
22 2 18 2
22 2 23 2
22 6 22 2
22 6 22 7
22 6 20 6
22 6 23 6
23 10 23 7
23 10 23 14
23 10 22 10
23 10 22 10
23 15 23 18
23 21 23 18
23 21 23 22
23 21 22 21
0 17 0 18
1 14 1 11
2 1 6 1
2 16 2 7
2 16 10 16
4 12 4 10
4 12 3 12
4 12 4 10
4 12 3 12
5 18 1 18
5 21 5 22
5 21 0 21
6 4 5 4
6 8 5 8
7 1 6 1
7 11 7 10
7 11 5 11
7 11 8 11
7 17 8 17
7 22 7 23
7 22 9 22
8 7 8 3
8 7 8 8
8 9 8 10
8 20 8 19
8 20 9 20
9 11 8 11
10 20 10 19
10 20 11 20
10 20 10 19
10 20 11 20
11 18 11 17
11 18 11 19
11 18 10 18
11 20 11 19
12 13 12 16
12 13 11 13
12 21 12 16
12 21 12 22
12 21 21 21
13 13 13 12
13 13 13 14
13 13 17 13
14 0 14 6
14 0 13 0
14 0 15 0
14 6 16 6
15 17 13 17
16 1 16 0
16 1 16 4
16 1 15 1
17 23 12 23
18 16 12 16
18 16 19 16
18 18 18 19
18 18 19 18
19 5 18 5
19 9 19 11
19 9 16 9
19 9 19 11
19 9 16 9
19 23 21 23
22 6 22 7
22 6 23 6
22 8 22 9
22 10 22 21
23 2 22 2
23 15 23 18
23 18 23 21
23 21 23 22
23 21 22 21
1 14 1 11
2 1 6 1
3 14 5 14
5 14 5 11
6 4 5 4
7 1 6 1
8 9 8 10
8 10 7 10
11 8 11 7
11 14 11 15
11 20 11 19
12 0 11 0
12 16 10 16
13 13 13 12
13 13 13 14
13 13 17 13
14 6 16 6
15 2 15 4
15 17 13 17
16 9 16 8
17 7 15 7
5 14 5 11
6 1 6 0
8 10 7 10
10 16 10 2
10 16 10 18
10 16 10 18
11 1 11 2
11 6 11 2
11 17 11 18
13 18 13 19
15 2 15 4
15 4 16 4
15 7 15 10
15 10 18 10
16 6 16 4
16 6 20 6
16 6 16 4
5 9 5 8
9 17 8 17
11 1 11 2
11 6 11 2
15 10 18 10
5 9 5 8
10 2 10 0
10 2 0 2
5 8 4 8
6 0 5 0
4 0 0 0
4 0 0 0
0 0 0 2

2412

3 - 3 1 2 4   4   1   3 - - - - 5 6 4 4   4 1 1 
ǁ   ǁ     2           4 = = 2   ǁ ǁ 4 2   ǁ 3   
ǁ 2 ǁ 4 6     6 = = = = = = = = 6 ǁ ǁ     ǁ     
ǁ ǁ ǁ 1       | 3   3   2   1   ǁ ǁ ǁ     ǁ     
2 ǁ ǁ         | 4   6 = 4   |   ǁ ǁ ǁ     ǁ     
2 ǁ ǁ 1 6 2   | 4 2   4 = = 3   ǁ ǁ 5 = = 8 5 2 
5 6 ǁ   2     | 1     ǁ         ǁ ǁ 1     ǁ 1   
| 2 ǁ 2 - - - 7 - - 6 7 - 1     ǁ 6 = = = 8 7 4 
|   ǁ 2 = = = 7 2 2 4 3         ǁ 3 1 3 4 ǁ ǁ   
|   ǁ         1       1         ǁ 1     2 ǁ 4 4 
3 = 7 = = = = = = = = = = = = = 7 = 6 5 4 ǁ 1 2 
2 2 5 = = = 2 1 3 - - - - 5 2 1 | 2 5 4 4 ǁ   | 
5 = = = = = = = = = = = = 8 = = 7 = = = = 8 4 5 
5 = = = = = = = = = 6 4 4 7 3 2 ǁ 3 5 4 2 ǁ 2 ǁ 
6 = = = = = 4       ǁ     ǁ 3 1 ǁ ǁ ǁ 4 2 ǁ   ǁ 
2 2 2 = 3   ǁ 2 - - 5     ǁ |   ǁ 2 ǁ   2 ǁ 3 ǁ 
2 6 = = 5 = 6 | 1 3 ǁ     ǁ |   ǁ   ǁ     ǁ | ǁ 
1       4 2 ǁ 1   ǁ ǁ     2 |   ǁ   ǁ     ǁ | 4 
    3 2   2 ǁ     ǁ 2 4 2 2 7 = 8 = 8 6 4 ǁ | 4 
    |     1 ǁ     4 = 4 2   5 3 4 1 4 5 2 ǁ | 4 
    |   3 - 7 - - - - - - - - - - - 3 4 2 ǁ | ǁ 
    |       ǁ 4 6 = = = = = = = = = = = = 7 7 4 
2 - 7 = = = 8 4 3 1 3 - - - - - - - - - - 6 6 2 
    2       2 1 - - 4 - - - 1 2 = = 4 = = 6 4 2 
