24 24
1 3 0 4 3 2 0 0 0 0 0 0 0 0 0 0 2 2 0 0 0 0 3 1 
1 2 1 0 1 0 1 0 2 0 0 0 0 0 3 1 0 3 1 3 1 0 0 2 
0 3 0 5 0 4 0 0 0 0 0 0 0 0 4 2 0 0 0 0 0 0 0 0 
0 0 0 0 0 0 0 0 1 0 0 1 0 0 3 0 4 5 0 5 0 0 6 3 
0 0 0 0 0 0 2 0 4 0 0 0 0 0 3 3 3 0 1 0 3 0 5 1 
0 1 0 0 0 0 0 0 0 3 0 3 0 1 0 2 0 0 2 0 2 2 0 0 
0 0 0 0 0 0 1 0 0 0 0 0 0 0 0 0 0 0 0 0 0 1 0 0 
0 0 0 0 0 0 0 0 0 0 0 3 0 0 0 0 0 0 2 0 3 0 3 1 
0 0 0 0 0 0 0 0 0 0 0 0 0 0 0 0 0 0 0 0 4 3 0 0 
0 1 3 0 3 4 0 0 5 6 0 3 0 2 1 0 0 0 0 4 4 0 0 0 
0 1 0 0 3 0 1 2 0 3 0 0 0 0 0 5 1 0 0 3 2 3 0 0 
0 2 4 0 3 5 2 4 5 0 0 0 0 3 5 4 1 0 0 4 0 0 6 3 
0 1 0 0 1 5 4 3 0 0 0 0 0 0 3 2 0 0 0 2 3 0 0 2 
3 4 3 0 2 3 5 4 6 0 0 0 0 5 0 3 0 0 0 0 2 0 0 0 
0 0 2 0 2 0 4 3 3 0 0 0 0 0 0 1 0 0 0 0 0 0 0 0 
1 0 5 6 0 0 0 0 0 0 0 0 0 0 0 0 0 5 4 0 0 0 4 2 
1 0 0 0 2 3 0 4 0 3 1 0 0 0 0 0 0 0 0 2 3 3 3 1 
0 0 0 0 2 0 1 3 1 0 2 0 0 0 0 0 0 0 0 0 2 3 0 0 
0 0 3 0 0 0 0 3 4 0 0 0 0 0 0 0 0 0 3 4 5 0 3 2 
3 0 2 0 3 4 3 1 3 0 2 2 0 0 0 0 0 4 2 0 0 0 0 2 
0 0 2 0 4 0 0 1 0 0 3 0 0 0 0 0 0 4 0 0 7 5 0 3 
0 0 1 0 3 0 1 0 0 0 2 0 0 0 0 0 0 2 0 0 3 1 0 0 
0 3 0 5 0 0 0 0 0 5 0 0 0 0 0 0 0 0 0 0 0 0 5 4 
3 2 1 4 0 0 0 0 1 2 0 0 0 0 2 1 1 2 0 0 0 0 3 2 
200 11
13 13 13 8
13 13 13 15
13 13 11 13
20 20 20 17
20 20 20 21
20 20 18 20
20 20 21 20
23 3 23 2
23 3 23 8
23 3 22 3
23 3 22 3

2684

1 3   4 3 2                     2 2         3 1 
1 2 1   1   1   2           3 1   3 1 3 1     2 
  3   5   4                 4 2                 
                1     1     3   4 5   5     6 3 
            2   4           3 3 3   1   3   5 1 
  1               3   3   1   2     2   2 2     
            1                             1     
                      3             2   3   3 1 
                                        4 3     
  1 3   3 4     5 6   3   2 1         4 4       
  1     3   1 2   3           5 1     3 2 3     
  2 4   3 5 2 4 5         3 5 4 1     4     6 3 
  1     1 5 4 3           | 3 2       2 3     2 
3 4 3   2 3 5 4 6 - - - - 5 - 3         2       
    2   2   4 3 3             1                 
1   5 6                           5 4       4 2 
1       2 3   4   3 1                 2 3 3 3 1 
        2   1 3 1   2                   2 3     
    3         3 4                   3 4 5   3 2 
3   2   3 4 3 1 3   2 2           4 2   |     2 
    2   4     1     3             4 - - 7 5   3 
    1   3   1       2             2     3 1     
  3   5           5                         5 4 
3 2 1 4 - - - - 1 2         2 1 1 2         3 2 
