24 24
2 1 2 0 0 0 0 0 0 0 0 0 2 0 0 0 0 5 4 2 4 0 6 2 
0 1 6 0 0 0 0 0 0 0 0 0 0 0 0 0 0 7 4 0 3 3 0 2 
6 0 8 0 0 0 0 0 0 4 0 2 0 5 0 0 3 0 3 7 0 6 4 0 
4 2 2 0 0 0 0 0 0 2 0 1 0 5 2 0 0 0 2 0 3 0 4 4 
3 0 0 0 0 0 0 0 0 0 0 0 0 0 0 0 7 8 3 0 2 0 0 2 
5 0 0 0 0 0 0 0 0 0 0 3 2 2 3 0 0 0 0 0 3 0 6 4 
0 0 0 2 4 6 6 0 4 0 0 0 0 0 0 0 0 0 0 0 3 2 0 1 
5 6 2 0 2 0 2 0 0 0 0 0 0 0 0 0 0 4 1 0 0 0 0 0 
3 4 0 8 0 8 0 0 7 0 0 0 0 0 7 2 0 6 2 0 3 4 0 0 
0 0 0 0 0 2 2 0 5 2 1 0 0 0 3 0 0 3 1 0 0 0 0 0 
3 0 0 6 0 0 0 0 0 0 0 0 0 0 0 0 8 0 0 8 0 0 8 3 
1 2 2 0 0 0 0 0 0 0 0 0 0 3 4 1 0 2 1 0 2 0 6 2 
4 6 4 0 0 0 0 0 0 0 0 0 0 0 2 1 0 5 0 6 0 0 4 1 
3 0 1 0 0 0 0 0 0 0 0 0 0 0 1 0 0 0 2 0 0 2 0 2 
4 8 0 6 0 0 0 0 0 0 0 0 0 6 3 1 0 0 0 0 3 3 0 0 
1 0 2 0 2 0 5 5 4 0 0 0 0 0 0 0 0 6 4 0 0 0 0 0 
2 0 0 0 0 0 0 0 0 0 0 0 0 0 2 0 0 0 2 0 4 0 4 0 
4 0 0 0 0 0 0 0 4 0 0 0 0 4 0 0 0 0 4 6 0 4 2 0 
0 0 4 6 0 0 5 6 0 0 0 0 0 0 7 0 4 0 2 0 2 2 0 0 
0 0 1 7 2 0 0 3 0 0 0 0 3 2 0 0 0 0 0 0 0 0 0 0 
0 0 4 6 1 2 5 0 0 3 2 4 0 0 3 0 0 0 5 6 8 0 7 3 
0 0 2 2 0 0 0 0 0 0 1 3 0 1 0 0 0 0 2 2 3 4 6 3 
6 4 2 0 0 0 0 0 0 0 0 0 0 0 0 0 0 8 0 0 0 7 2 1 
4 0 0 0 0 3 0 0 0 0 0 0 0 0 0 2 1 4 0 2 0 2 0 0 
200 347
0 17 0 12
0 17 0 18
0 17 1 17
0 22 0 20
0 22 0 23
0 22 2 22
0 22 0 20
0 22 0 23
0 22 2 22
1 23 3 23
2 0 2 2
2 0 0 0
2 0 3 0
2 0 2 2
2 0 0 0
2 0 3 0
2 2 2 9
2 2 1 2
2 2 3 2
2 13 2 11
2 13 2 16
2 13 3 13
2 19 2 18
2 19 2 21
2 19 0 19
2 19 10 19
2 22 2 21
2 22 3 22
3 0 3 1
3 0 4 0
4 16 4 0
4 16 4 17
4 16 2 16
4 16 10 16
4 17 4 16
4 17 4 18
4 17 1 17
4 17 7 17
4 17 4 16
4 17 4 18
4 17 1 17
5 0 5 11
5 0 4 0
5 0 7 0
6 5 6 4
6 5 6 6
6 5 8 5
6 5 6 4
6 5 6 6
6 5 8 5
6 6 6 8
6 6 7 6
6 8 6 6
6 8 8 8
6 8 8 8
7 1 7 0
7 1 7 2
7 1 8 1
7 1 7 0
7 1 7 2
7 1 8 1
7 17 7 18
7 17 8 17
7 17 8 17
8 3 8 1
8 3 8 5
8 3 6 3
8 3 10 3
8 3 8 1
8 3 8 5
8 3 6 3
8 3 10 3
8 5 8 8
8 5 9 5
8 14 8 8
8 14 8 15
8 14 5 14
8 14 9 14
8 17 8 18
8 17 9 17
8 17 8 18
8 17 9 17
10 3 10 0
10 3 10 16
10 3 14 3
10 3 10 0
10 16 10 19
10 16 4 16
10 16 18 16
10 16 10 19
10 16 18 16
10 19 10 22
10 19 2 19
10 19 12 19
10 22 10 19
10 22 10 23
10 22 5 22
10 22 11 22
12 17 12 19
12 17 11 17
12 17 15 17
14 1 14 0
14 1 14 3
14 1 12 1
14 1 22 1
14 1 14 0
14 1 14 3
14 1 12 1
14 1 22 1
15 6 15 4
15 6 15 7
15 6 18 6
15 8 15 7
15 8 17 8
15 8 15 7
15 8 17 8
15 17 15 18
15 17 12 17
15 17 22 17
15 17 15 18
15 17 22 17
15 18 13 18
15 18 16 18
17 0 16 0
17 0 22 0
17 0 16 0
17 0 22 0
17 8 17 13
18 14 18 7
18 14 18 16
18 14 16 14
18 14 20 14
18 16 18 14
19 3 19 2
19 3 19 4
19 3 18 3
19 3 20 3
20 2 20 3
20 2 21 2
20 2 20 3
20 2 21 2
20 3 20 4
20 3 19 3
20 3 21 3
20 6 20 5
20 6 20 9
20 6 18 6
20 18 20 19
20 18 18 18
20 18 21 18
20 20 20 19
20 20 20 22
20 20 18 20
20 20 21 20
20 20 20 19
20 20 20 22
20 20 18 20
20 20 21 20
20 22 20 23
20 22 17 22
20 22 21 22
21 3 21 10
21 11 21 13
21 11 20 11
21 11 20 11
22 0 22 1
22 0 23 0
22 1 22 0
22 2 22 17
22 2 22 17
22 17 22 21
22 17 23 17
23 0 23 5
23 0 22 0
23 0 23 5
23 5 23 15
23 15 23 16
23 17 23 19
23 17 22 17
23 17 23 19
23 21 22 21
23 21 22 21
0 20 0 19
0 20 1 20
1 20 1 21
1 23 3 23
2 2 2 9
2 2 1 2
2 2 3 2
2 9 2 11
2 9 3 9
2 13 2 16
2 13 3 13
2 19 2 18
2 19 2 21
3 9 3 11
3 13 3 14
3 14 3 13
3 18 2 18
3 18 4 18
3 23 3 22
3 23 4 23
5 0 5 11
5 0 7 0
5 11 5 12
5 12 5 13
5 13 5 14
5 14 8 14
6 4 7 4
6 4 7 4
6 6 7 6
7 0 8 0
8 0 10 0
8 5 8 8
8 5 9 5
8 15 8 14
8 21 8 20
8 21 6 21
8 21 8 20
8 21 6 21
9 6 9 8
9 14 9 10
9 14 8 14
9 17 9 18
10 19 12 19
10 22 10 23
10 22 5 22
10 22 11 22
11 18 11 17
11 22 11 20
11 22 11 23
11 22 12 22
11 22 11 20
12 1 12 0
12 1 12 2
12 1 11 1
12 1 12 0
12 2 11 2
12 2 13 2
12 2 11 2
12 17 12 19
13 18 13 21
14 0 13 0
14 0 15 0
17 8 17 13
17 13 14 13
17 19 17 18
17 19 17 21
17 19 20 19
17 19 17 18
17 19 17 21
17 19 20 19
18 2 18 3
18 2 15 2
18 2 18 3
18 2 15 2
18 3 18 6
18 3 14 3
18 3 19 3
18 21 17 21
19 3 19 4
19 13 19 12
20 5 20 6
20 11 20 10
20 11 20 14
20 14 18 14
22 17 22 21
0 18 0 17
0 18 1 18
0 18 0 17
1 2 1 1
1 2 1 17
1 2 0 2
1 2 1 17
1 17 1 18
1 17 1 18
1 20 1 21
1 21 2 21
3 22 3 20
3 22 5 22
4 23 5 23
5 23 5 22
5 23 6 23
5 23 5 22
8 8 9 8
8 8 9 8
8 20 6 20
9 6 9 8
9 8 9 9
10 23 11 23
11 1 11 0
12 0 13 0
12 0 13 0
12 19 12 22
14 3 14 13
14 3 14 13
14 13 14 14
14 13 11 13
14 13 17 13
15 4 15 6
17 18 16 18
17 18 18 18
18 21 17 21
19 13 19 12
20 9 20 6
20 9 20 10
20 18 20 19
20 18 21 18
21 19 21 20
21 21 21 22
21 21 22 21
21 21 21 22
21 21 22 21
21 22 21 23
21 22 20 22
21 22 22 22
22 21 22 22
22 23 21 23
0 1 0 2
3 20 4 20
5 22 5 20
6 20 5 20
11 13 11 14
12 19 12 22
12 22 12 23
16 20 16 22
16 20 14 20
16 20 16 22
16 20 14 20
16 22 17 22
19 12 19 7
20 22 20 23
21 23 20 23
3 20 4 20
5 20 6 20
11 13 11 14
11 14 11 15
11 14 12 14
13 23 13 21
14 20 14 21
19 7 18 7
19 7 18 7
18 7 18 6
18 7 18 14
18 7 15 7
15 7 15 6
16 14 14 14

2370

2 1 2                   2 - - - - 5 4 2 4 = 6 2 
ǁ 1 6 = = = = = = = = = = = = = = 7 4 | 3 3 ǁ 2 
6 = 8 = = = = = = 4 - 2 - 5 = = 3 ǁ 3 7 = 6 4 ǁ 
4 2 2             2 - 1   5 2   | ǁ 2 ǁ 3 - 4 4 
3 - - - - - - - - - - - - - - - 7 8 3 ǁ 2   | 2 
5 = = = = = = = = = = 3 2 2 3   ǁ |   ǁ 3 - 6 4 
ǁ     2 4 6 6 = 4           ǁ   ǁ |   ǁ 3 2 ǁ 1 
5 6 2 ǁ 2 ǁ 2   ǁ           ǁ   ǁ 4 1 ǁ | ǁ ǁ   
3 4 = 8 = 8 = = 7 - - - - - 7 2 ǁ 6 2 ǁ 3 4 ǁ   
|     ǁ   2 2 = 5 2 1 - - - 3   ǁ 3 1 ǁ     ǁ   
3 = = 6 - - - - - - - - - - - - 8 = = 8 = = 8 3 
1 2 2 |                   3 4 1 ǁ 2 1 ǁ 2 = 6 2 
4 6 4 |                   | 2 1 ǁ 5 = 6 = = 4 1 
3 ǁ 1 |                   | 1   ǁ ǁ 2 - - 2 - 2 
4 8 = 6 = = = = = = = = = 6 3 1 ǁ ǁ |   3 3     
1 ǁ 2 | 2 = 5 5 4         ǁ |   ǁ 6 4   ǁ       
2 ǁ ǁ |     | | ǁ         ǁ 2   ǁ ǁ 2   4 = 4   
4 ǁ ǁ |     | | 4 = = = = 4 |   ǁ ǁ 4 6 = 4 2   
ǁ ǁ 4 6 - - 5 6 = = = = = = 7 = 4 ǁ 2 ǁ 2 2 |   
ǁ ǁ 1 7 2   | 3 - - - - 3 2 ǁ     ǁ | ǁ ǁ   |   
ǁ ǁ 4 6 1 2 5 = = 3 2 4 - - 3     ǁ 5 6 8 = 7 3 
ǁ ǁ 2 2 - - - - - - 1 3 - 1       ǁ 2 2 3 4 6 3 
6 4 2 = = = = = = = = = = = = = = 8 = = = 7 2 1 
4 = = = = 3 - - - - - - - - - 2 1 4 = 2   2     
