24 24
2 2 0 4 0 0 0 0 0 0 0 0 0 0 0 4 4 5 4 2 3 4 2 3 
2 0 0 4 0 0 0 0 0 0 0 0 5 4 2 0 0 4 6 0 2 0 3 5 
2 1 1 4 0 0 3 0 0 0 2 2 5 3 2 0 1 2 3 0 1 0 0 3 
0 1 0 4 0 0 5 4 0 2 1 0 2 2 0 0 0 2 2 0 0 0 0 2 
3 0 0 0 0 0 0 0 0 0 0 0 0 0 0 4 0 0 0 5 0 5 6 3 
4 0 0 4 3 4 0 0 4 0 0 3 0 0 0 0 1 0 0 0 0 0 0 2 
0 1 3 0 0 4 1 0 0 0 0 0 0 0 0 0 0 0 0 0 0 0 0 3 
0 1 0 0 0 2 0 0 0 0 0 0 0 0 0 0 3 0 0 2 0 0 0 0 
3 4 3 0 0 0 0 0 0 1 0 0 0 0 0 0 5 0 0 2 0 0 3 3 
0 3 2 0 0 0 0 0 0 0 0 1 0 0 0 0 0 0 0 0 0 0 3 0 
0 0 0 0 2 2 0 0 0 0 0 0 0 0 0 0 5 0 0 0 0 6 4 0 
0 2 0 0 0 0 0 0 0 0 0 0 0 0 0 0 5 3 1 3 0 3 0 0 
0 1 0 0 0 0 0 0 0 0 0 0 0 0 0 0 3 4 0 0 0 0 0 3 
0 1 0 0 0 0 0 0 0 0 0 0 0 0 0 0 1 0 2 2 0 0 0 0 
3 2 0 3 0 0 0 0 5 4 0 4 1 0 0 0 1 0 1 0 0 0 2 0 
0 1 0 0 0 0 0 1 0 0 2 4 0 0 0 0 0 0 0 2 0 0 0 0 
0 0 0 0 1 0 3 3 0 1 0 1 0 0 0 0 0 0 1 0 0 0 0 0 
4 3 0 2 3 1 0 2 0 0 0 0 0 0 0 0 0 0 0 3 0 0 4 0 
3 2 0 2 2 0 0 2 5 0 3 0 0 2 0 0 3 4 4 3 1 0 0 0 
3 2 0 2 0 0 4 0 4 0 2 1 1 2 0 0 2 3 3 0 1 0 0 0 
3 0 5 0 0 0 0 0 0 0 0 0 0 0 0 4 0 0 0 0 0 0 5 3 
4 1 0 1 3 0 0 0 0 0 0 0 0 0 0 5 0 3 4 3 2 0 0 2 
4 0 5 3 3 0 3 0 0 2 0 3 0 0 0 4 3 2 5 2 2 0 4 3 
3 0 0 0 0 0 0 3 0 1 0 3 3 1 0 1 3 1 2 3 0 0 4 3 
200 12
0 17 0 16
0 17 0 18
0 17 1 17
1 12 1 3
1 12 1 13
1 12 2 12
1 23 1 22
1 23 0 23
1 23 2 23
22 2 22 0
22 2 22 3
22 2 20 2

2089

2 2   4                       4 4 5 4 2 3 4 2 3 
2     4 - - - - - - - - 5 4 2     4 6   2   3 5 
2 1 1 4     3       2 2 5 3 2   1 2 3   1     3 
  1   4     5 4   2 1   2 2       2 2         2 
3                             4       5   5 6 3 
4     4 3 4     4     3         1             2 
  1 3     4 1                                 3 
  1       2                     3     2         
3 4 3             1             5     2     3 3 
  3 2                 1                     3   
        2 2                     5         6 4   
  2                             5 3 1 3   3     
  1                             3 4           3 
  1                             1   2 2         
3 2   3         5 4   4 1       1   1       2   
  1           1     2 4               2         
        1   3 3   1   1             1           
4 3   2 3 1   2                       3     4   
3 2   2 2     2 5   3     2     3 4 4 3 1       
3 2   2     4   4   2 1 1 2     2 3 3   1       
3   5                         4             5 3 
4 1 | 1 3                     5   3 4 3 2     2 
4 - 5 3 3   3     2   3       4 3 2 5 2 2   4 3 
3             3   1   3 3 1   1 3 1 2 3     4 3 
