24 24
2 0 0 0 0 1 0 2 0 0 3 0 3 2 3 1 1 0 2 3 0 0 4 3 
0 1 1 0 0 0 0 4 0 0 4 2 1 0 0 2 0 4 2 0 1 0 0 0 
0 0 0 1 0 0 0 0 0 0 0 5 4 2 5 3 1 0 0 0 3 2 2 0 
0 0 1 5 2 0 2 0 0 0 0 3 0 1 0 1 1 0 0 0 0 0 0 0 
0 0 1 0 0 0 2 2 0 0 0 1 0 0 0 0 0 0 0 0 0 0 0 0 
0 0 3 4 3 0 0 0 0 0 6 0 4 0 4 0 5 4 1 0 0 0 0 0 
4 3 3 0 2 2 3 0 4 0 6 2 0 1 0 0 0 0 0 0 0 3 2 3 
0 1 2 0 1 0 2 0 3 0 3 1 0 0 0 0 4 4 1 0 0 1 0 0 
4 0 0 3 3 4 0 0 0 0 0 0 5 2 0 0 1 1 0 0 0 0 0 1 
3 2 0 0 2 4 0 0 0 0 3 1 3 1 0 0 0 0 0 0 0 0 0 0 
1 3 0 6 0 0 0 0 0 0 0 0 0 0 5 0 0 0 0 5 4 0 6 3 
4 3 1 0 1 2 0 3 2 0 0 0 0 0 0 3 0 0 0 4 0 0 3 1 
3 1 0 4 0 0 0 3 4 2 0 0 0 0 0 3 3 0 0 2 2 3 2 0 
5 0 0 4 0 0 0 0 0 0 0 0 0 0 6 0 0 0 0 6 0 5 4 1 
0 1 0 0 0 0 0 0 0 0 0 0 0 0 0 1 0 0 0 0 0 2 2 0 
0 0 1 0 0 0 0 0 0 0 0 0 0 0 0 0 0 0 0 0 1 2 0 0 
0 0 0 0 0 0 0 0 0 0 0 0 0 0 0 4 0 0 0 6 0 4 3 2 
0 0 0 0 0 0 0 0 0 0 0 0 0 0 0 3 1 2 0 5 4 0 2 0 
0 0 0 0 0 0 0 0 0 0 0 0 0 0 0 1 0 2 0 2 3 0 1 0 
0 0 0 0 1 0 0 0 0 0 0 0 0 0 4 0 0 0 0 4 3 0 0 0 
0 0 0 0 2 0 3 1 2 3 0 0 0 0 3 3 0 0 0 0 0 7 3 2 
0 0 0 0 1 0 0 0 0 0 0 0 0 0 1 0 3 0 0 0 0 5 2 2 
4 2 4 5 0 0 5 0 6 5 1 3 0 0 0 2 3 0 0 1 0 1 3 3 
2 1 1 1 1 0 2 0 0 3 0 3 0 0 0 0 0 0 0 0 0 0 1 0 
200 13
13 0 13 3
13 0 12 0
13 0 22 0
20 21 20 15
20 21 20 22
20 21 16 21
20 21 21 21
22 8 22 6
22 8 22 9
22 8 20 8
22 8 22 6
22 8 22 9
22 8 20 8

2014

2         1   2     3   3 2 3 1 1   2 3     4 3 
  1 1         4     4 2 1     2   4 2   1       
      1               5 4 2 5 3 1       3 2 2   
    1 5 2   2         3   1   1 1               
    1       2 2       1                         
    3 4 3           6   4   4   5 4 1           
4 3 3   2 2 3   4   6 2   1               3 2 3 
  1 2   1   2   3   3 1         4 4 1     1     
4     3 3 4             5 2     1 1           1 
3 2     2 4         3 1 3 1                     
1 3   6                     5         5 4   6 3 
4 3 1   1 2   3 2             3       4     3 1 
3 1   4       3 4 2           3 3     2 2 3 2   
5 - - 4                     6         6   5 4 1 
| 1                           1           2 2   
|   1                                   1 2     
|                             4       6   4 3 2 
|                             3 1 2   5 4 | 2   
|                             1   2   2 3 | 1   
|       1                   4         4 3 |     
|       2   3 1 2 3         3 3 - - - - - 7 3 2 
|       1       ǁ           1   3         5 2 2 
4 2 4 5     5 = 6 5 1 3       2 3     1   1 3 3 
2 1 1 1 1   2     3   3                     1   
