24 24
0 0 2 2 2 0 0 0 0 0 0 0 0 2 0 0 0 3 3 1 2 1 0 3 
2 0 4 0 4 0 0 0 0 0 0 0 0 0 0 0 0 4 3 1 0 3 2 0 
2 0 0 1 7 0 0 3 2 0 2 0 0 0 0 0 2 0 2 4 5 5 1 0 
2 0 4 4 5 0 0 0 0 0 0 0 0 0 0 2 0 0 2 0 3 6 0 0 
4 0 4 4 0 3 3 0 0 0 0 0 0 0 0 4 2 0 1 0 1 3 0 0 
0 0 1 0 0 0 4 0 0 0 0 0 3 0 0 0 0 0 1 3 0 0 4 3 
0 0 0 0 0 3 2 0 0 0 0 0 0 0 0 0 0 0 2 0 0 2 0 1 
3 0 0 0 3 0 0 0 0 0 0 0 2 0 0 0 0 0 4 4 2 0 0 2 
0 0 0 0 2 0 0 3 0 2 0 0 0 0 0 0 0 0 1 2 2 0 0 0 
2 1 0 7 0 0 0 0 0 0 0 0 0 0 0 5 0 4 0 0 0 5 5 3 
0 0 0 0 1 1 1 2 3 2 0 0 0 0 0 0 0 0 0 1 1 0 0 2 
0 0 0 0 2 3 0 3 0 0 3 0 0 2 0 0 0 0 2 4 2 0 0 0 
0 0 0 0 0 0 0 0 0 0 0 0 0 0 0 0 0 0 0 2 1 0 3 3 
0 0 0 0 0 0 0 0 3 0 4 0 0 0 0 0 0 0 0 2 0 0 4 2 
0 0 0 0 0 0 0 0 4 2 0 0 0 0 0 0 0 0 0 1 0 0 3 1 
0 0 0 0 0 0 0 0 0 0 0 0 0 0 0 0 1 0 0 2 2 0 0 2 
3 0 0 6 0 0 0 4 6 3 0 0 0 1 0 0 0 0 0 0 0 0 0 0 
2 1 0 5 3 4 2 0 0 1 0 0 0 0 0 0 0 0 0 4 0 6 3 0 
5 0 0 5 3 3 0 0 2 3 3 0 0 0 0 4 2 0 0 2 1 0 3 3 
5 0 0 4 0 2 2 2 2 0 3 0 0 4 0 5 2 0 0 2 0 4 3 1 
4 1 0 0 2 0 0 0 0 0 0 0 0 0 0 3 1 0 0 2 0 5 4 3 
0 0 0 0 3 1 1 4 0 0 0 0 0 0 0 5 0 5 5 0 0 2 4 6 
3 2 0 0 2 1 0 4 0 2 0 1 0 0 0 4 1 1 5 0 5 3 4 3 
0 0 0 2 0 0 0 0 0 0 0 0 0 0 0 0 0 0 4 1 2 1 2 1 
200 41
0 23 0 21
0 23 5 23
0 23 5 23
2 4 2 3
2 4 2 7
2 4 1 4
2 4 3 4
3 21 3 20
3 21 2 21
3 21 4 21
3 21 3 20
3 21 2 21
3 21 4 21
9 3 9 1
9 3 9 15
9 3 4 3
9 3 16 3
18 0 18 3
18 0 17 0
18 0 19 0
21 23 21 22
21 23 20 23
21 23 22 23
21 23 21 22
21 23 20 23
21 23 22 23
22 15 22 11
22 15 22 16
22 15 21 15
22 15 21 15
2 4 2 7
2 4 1 4
2 4 3 4
5 2 4 2
9 3 9 15
9 3 4 3
9 3 16 3
16 3 16 0
16 3 16 7
16 3 17 3
16 3 16 0

2523

    2 2 2                 2       3 3 1 2 1 - 3 
2   4   4                         4 3 1   3 2 ǁ 
2     1 7 = = 3 2   2           2   2 4 5 5 1 ǁ 
2   4 4 5                     2     2   3 6   ǁ 
4   4 4   3 3                 4 2   1   1 3   ǁ 
    1 ǁ     4           3           1 3     4 3 
      ǁ   3 2                       2     2   1 
3     ǁ 3               2           4 4 2     2 
      ǁ 2     3   2                 1 2 2       
2 1 - 7 = = = = = = = = = = = 5   4       5 5 3 
      ǁ 1 1 1 2 3 2                   1 1     2 
      ǁ 2 3   3     3     2         2 4 2       
      ǁ                               2 1   3 3 
      ǁ         3   4                 2     4 2 
      ǁ         4 2                   1     3 1 
      ǁ                         1     2 2     2 
3 = = 6 - - - 4 6 3       1                     
2 1   5 3 4 2     1                   4   6 3   
5 - - 5 3 3     2 3 3         4 2     2 1   3 3 
5     4   2 2 2 2   3     4   5 2     2   4 3 1 
4 1     2                     3 1     2   5 4 3 
        3 1 1 4               5   5 5     2 4 6 
3 2     2 1   4   2   1 - - - 4 1 1 5   5 3 4 3 
      2                             4 1 2 1 2 1 
