24 24
2 3 0 0 0 0 0 0 3 0 0 0 2 2 0 0 3 2 2 0 3 0 3 1 
1 0 1 0 0 2 2 1 2 0 0 0 0 3 2 1 0 2 0 1 0 2 0 1 
2 5 0 0 0 5 4 0 4 4 0 0 0 0 0 0 6 5 6 3 0 0 0 0 
0 0 2 3 2 0 1 3 4 0 3 0 0 0 3 0 2 0 0 2 0 4 6 4 
2 4 4 2 1 0 0 0 2 0 4 0 3 1 3 1 1 2 7 5 0 1 2 2 
0 1 2 2 1 0 0 0 0 0 2 0 4 0 3 0 4 2 0 0 0 0 3 3 
0 3 0 0 0 5 2 0 0 0 3 2 0 2 4 1 0 0 2 1 0 0 3 3 
0 1 1 4 0 4 1 0 3 0 1 0 4 3 4 2 0 0 0 0 0 0 0 0 
0 1 0 4 2 3 1 0 2 0 0 0 1 3 4 1 0 4 0 0 5 0 5 5 
3 0 0 0 0 0 0 4 0 4 0 0 0 0 0 0 6 2 2 1 0 0 0 0 
0 2 3 0 1 3 1 0 0 0 0 1 0 0 0 0 0 0 0 0 0 0 0 0 
0 0 3 0 0 5 3 0 0 0 0 0 0 0 0 0 0 0 0 0 0 0 0 0 
0 0 0 2 0 5 4 0 0 0 0 5 0 0 0 0 4 0 0 0 0 0 0 0 
0 0 0 1 0 3 0 0 0 0 0 2 0 0 1 0 2 0 0 1 0 0 0 0 
0 0 0 2 0 4 0 0 0 0 0 0 0 0 0 0 0 0 0 0 0 0 0 0 
0 0 0 2 0 2 0 0 0 0 0 0 0 0 0 0 0 0 4 4 0 0 0 0 
0 0 0 5 0 0 4 0 3 5 0 0 0 0 0 0 3 0 0 0 0 0 0 0 
0 0 0 2 0 0 2 0 0 3 0 0 2 2 0 0 0 0 0 0 0 0 0 0 
0 2 0 0 0 0 1 0 0 3 1 0 0 0 0 0 0 0 0 2 0 0 0 0 
0 2 0 0 0 0 0 0 4 0 0 0 4 4 1 0 0 0 0 3 0 0 2 2 
0 0 0 0 0 0 0 0 3 0 0 0 0 1 0 0 0 0 0 4 0 0 3 2 
2 2 0 0 0 0 0 0 1 1 0 3 0 0 0 0 0 4 5 4 0 0 2 1 
2 0 5 0 0 0 0 3 0 0 2 2 2 3 0 0 0 2 2 1 0 0 0 0 
1 0 4 0 0 0 0 0 0 0 0 0 0 0 0 0 0 0 0 0 4 2 3 2 
200 10
4 18 4 17
4 18 4 19
4 18 2 18
4 18 6 18
8 23 8 22
8 23 6 23
8 23 19 23
16 3 16 6
16 3 15 3
16 3 17 3

1407

2 3             3       2 2     3 2 2   3   3 1 
1   1     2 2 1 2         3 2 1   2   1   2   1 
2 5       5 4   4 4             6 5 6 3         
    2 3 2   1 3 4   3       3   2   | 2   4 6 4 
2 4 4 2 1       2   4   3 1 3 1 1 2 7 5   1 2 2 
  1 2 2 1           2   4   3   4 2 |       3 3 
  3       5 2       3 2   2 4 1     2 1     3 3 
  1 1 4   4 1   3   1   4 3 4 2               | 
  1   4 2 3 1   2       1 3 4 1   4     5   5 5 
3             4   4             6 2 2 1       | 
  2 3   1 3 1         1                       | 
    3     5 3                                 | 
      2   5 4         5         4             | 
      1   3           2     1   2     1       | 
      2   4                                   | 
      2   2                         4 4       | 
      5 - - 4   3 5             3             | 
      2     2     3     2 2                   | 
  2         1     3 1                 2       | 
  2             4       4 4 1         3     2 2 
                3         1           4     3 2 
2 2             1 1   3           4 5 4     2 1 
2   5         3     2 2 2 3       2 2 1         
1   4                                   4 2 3 2 
