24 24
0 0 0 0 2 0 0 0 5 0 0 0 0 0 0 0 0 0 0 0 0 4 2 2 
0 0 0 0 0 0 0 0 0 1 0 1 0 0 2 0 1 1 0 0 0 0 2 3 
0 0 0 0 0 0 2 1 0 4 2 0 0 1 3 0 3 0 0 0 0 0 2 0 
0 0 0 0 0 0 0 0 0 3 0 0 0 0 3 1 0 0 0 0 0 0 2 0 
0 0 0 0 0 0 0 0 0 2 5 0 0 5 5 4 2 0 0 0 0 0 0 0 
0 0 0 0 1 0 3 0 3 0 0 1 0 0 0 0 0 0 0 0 0 0 2 0 
3 0 0 0 0 0 0 0 5 2 0 2 0 0 0 0 0 0 0 0 0 0 0 0 
0 0 0 0 2 0 0 0 1 1 0 0 1 0 2 4 0 5 0 0 0 5 5 3 
0 0 0 0 0 0 0 0 0 0 3 0 0 0 3 0 0 5 3 2 2 0 3 0 
0 0 2 0 5 0 0 0 0 0 4 2 0 0 4 1 1 2 4 5 3 0 3 0 
1 0 2 0 4 0 0 1 0 0 2 2 2 0 2 0 0 0 3 2 0 0 3 2 
0 0 0 0 3 4 3 1 2 0 0 0 0 5 0 0 0 4 0 4 3 0 0 1 
2 0 0 0 0 0 3 3 2 1 0 0 0 3 0 2 1 0 2 3 2 0 0 2 
0 2 0 0 0 0 0 0 0 0 0 0 0 0 0 0 0 6 6 3 2 0 0 0 
3 5 0 0 0 0 0 0 0 0 0 3 0 0 2 3 1 0 0 2 1 0 0 0 
0 0 0 1 0 2 0 0 5 0 0 5 0 0 3 4 2 0 5 4 2 0 3 0 
0 0 0 0 0 0 0 0 0 0 0 0 0 0 0 0 1 0 0 0 0 0 0 0 
3 5 0 4 3 3 1 0 0 0 0 0 0 0 0 2 1 0 0 0 0 0 0 4 
2 0 0 2 4 1 0 0 0 0 0 0 2 0 5 4 2 0 4 3 0 0 0 0 
0 3 0 2 5 6 0 0 4 0 0 0 4 0 4 4 1 0 3 2 0 0 0 0 
0 2 0 0 0 4 1 0 2 1 0 0 3 0 1 2 1 0 3 2 0 0 0 0 
3 0 0 0 0 0 0 0 0 0 0 6 0 0 0 0 0 6 0 0 0 3 4 0 
3 0 0 0 0 0 3 2 3 0 0 5 4 0 0 0 0 6 0 0 0 4 6 5 
2 0 1 0 1 0 2 3 5 1 0 2 4 2 0 1 0 3 1 2 0 4 1 1 
200 18
0 8 0 4
0 8 0 21
0 8 5 8
6 0 6 8
6 0 10 0
6 0 6 8
22 23 22 22
22 23 17 23
22 23 23 23
23 8 23 7
23 8 23 9
23 8 22 8
2 7 2 6
22 23 22 22
22 23 17 23
23 8 23 7
23 8 22 8
2 6 5 6

2138

        2 - - - 5 - - - - - - - - - - - - 4 2 2 
                | 1   1     2   1 1         2 3 
            2 1 | 4 2     1 3   3           2   
            |   | 3         3 1             2   
            |   | 2 5     5 5 4 2               
        1   3   3     1                     2   
3 = = = = = = = 5 2   2                         
|       2       1 1     1   2 4   5       5 5 3 
|                   3       3     5 3 2 2   3   
|   2   5           4 2     4 1 1 2 4 5 3   3   
1   2   4     1     2 2 2   2       3 2     3 2 
        3 4 3 1 2         5       4   4 3     1 
2           3 3 2 1       3   2 1   2 3 2     2 
  2                               6 6 3 2       
3 5                   3     2 3 1     2 1       
      1   2     5     5     3 4 2   5 4 2   3   
                                1               
3 5   4 3 3 1                 2 1             4 
2     2 4 1             2   5 4 2   4 3       ǁ 
  3   2 5 6     4       4   4 4 1   3 2       ǁ 
  2       4 1   2 1     3   1 2 1   3 2       ǁ 
3                     6           6       3 4 ǁ 
3           3 2 3     5 4         6       4 6 5 
2   1   1   2 3 5 1   2 4 2   1   3 1 2   4 1 1 
