24 24
1 3 0 0 0 0 2 1 0 0 2 0 0 3 0 0 0 0 0 0 0 2 1 2 
3 4 3 0 0 0 0 0 0 0 0 0 0 4 0 0 1 3 0 5 4 3 2 5 
0 4 4 1 0 3 0 3 0 0 0 3 1 0 1 2 0 4 1 0 0 0 0 2 
0 0 2 0 0 2 1 0 1 0 0 3 1 0 0 3 1 0 0 0 1 0 0 1 
0 2 4 0 0 0 0 6 0 0 0 0 0 4 4 5 1 0 0 4 4 4 0 0 
3 0 0 0 2 0 0 0 2 2 0 3 2 0 0 2 0 0 0 1 2 2 0 0 
0 2 3 2 0 2 0 4 4 0 0 4 0 0 0 3 1 0 0 2 4 0 4 2 
0 0 1 1 0 2 1 1 2 2 1 0 0 0 0 0 2 0 0 0 2 1 0 1 
0 4 0 0 5 0 0 0 0 0 0 4 3 0 0 0 0 0 3 0 0 0 4 0 
0 0 2 0 5 0 0 0 0 0 2 4 2 0 0 0 0 0 0 2 5 2 0 0 
0 5 2 1 2 2 3 0 0 0 5 4 1 0 3 4 5 0 0 1 0 1 3 0 
0 3 0 0 1 1 2 3 3 1 3 2 1 0 3 3 3 0 0 2 5 3 0 0 
4 0 0 0 0 0 0 0 0 0 0 0 0 6 5 5 2 0 0 0 0 0 0 0 
0 0 0 0 0 0 0 0 0 0 0 0 0 0 3 0 1 0 0 0 0 0 0 0 
0 0 0 0 0 0 0 0 0 0 0 0 0 0 3 0 0 0 0 0 0 0 0 0 
0 0 0 0 0 0 0 0 0 0 0 0 0 0 2 0 0 0 0 0 0 3 2 0 
0 1 0 0 0 0 0 0 0 0 0 0 0 0 1 0 0 0 0 0 0 1 1 0 
0 0 0 0 0 0 0 0 0 0 0 0 0 0 0 4 4 0 0 2 0 0 0 0 
0 4 0 0 0 0 0 0 0 0 0 0 0 6 3 1 4 3 0 3 0 2 3 0 
0 1 3 0 0 0 3 0 0 0 0 0 0 6 2 2 2 0 0 2 0 0 1 0 
0 1 4 1 2 0 0 0 0 0 0 4 0 5 0 4 2 0 0 0 0 0 2 0 
4 0 0 0 0 0 0 0 0 0 0 0 0 0 0 0 0 6 5 0 5 3 4 4 
3 0 0 2 0 0 0 0 0 0 0 0 2 2 0 0 0 3 4 0 4 0 1 0 
3 0 0 0 0 0 0 0 0 0 0 0 4 0 2 1 1 0 3 0 0 0 2 2 
200 26
1 19 1 17
1 19 1 20
1 19 4 19
1 23 1 22
1 23 0 23
1 23 2 23
10 1 10 2
10 1 8 1
10 1 11 1
18 1 18 13
18 1 16 1
18 1 19 1
18 1 18 13
20 1 20 2
20 2 20 3
20 2 19 2
20 2 19 2
20 4 20 11
11 1 11 4
11 1 10 1
19 2 19 6
19 6 19 13
20 4 20 11
20 11 20 13
19 6 19 13
20 11 20 13

2115

1 3         2 1     2     3               2 1 2 
3 4 3                     4     1 3 - 5 4 3 2 5 
  4 4 1   3   3       3 1   1 2   4 1 |       2 
    2     2 1   1     3 1     3 1     | 1     1 
  2 4         6           4 4 5 1     4 4 4     
3       2       2 2   3 2     2       1 2 2     
  2 3 2   2   4 4     4       3 1     2 4   4 2 
    1 1   2 1 1 2 2 1           2       2 1   1 
  4     5             4 3           3       4   
  | 2   5           2 4 2             2 5 2     
  5 2 1 2 2 3       5 4 1   3 4 5     1   1 3   
  3 - - 1 1 2 3 3 1 3 2 1   3 3 3     2 5 3     
4                         6 5 5 2               
                            3   1               
                            3                   
                            2             3 2   
  1                         1             1 1   
  |                           4 4     2         
  4 = = = = = = = = = = = 6 3 1 4 3   3   2 3   
  1 3 - - - 3 = = = = = = 6 2 2 2     2     1   
  1 4 1 2 = = = = = = 4 = 5   4 2           2   
4                                 6 5   5 3 4 4 
3     2                 2 2       3 4   4   1   
3                       4   2 1 1   3       2 2 
