24 24
2 3 0 0 0 0 3 1 2 2 2 0 0 0 0 2 0 0 0 0 3 3 1 1 
3 5 0 1 2 1 0 2 4 0 0 0 0 0 0 0 0 0 0 2 0 3 0 2 
3 5 0 0 4 1 0 2 3 0 0 0 0 0 0 0 2 1 0 0 0 1 0 0 
3 0 0 0 0 0 6 0 0 0 0 0 0 0 0 0 0 0 0 5 3 0 2 3 
2 0 0 2 2 1 0 2 0 1 0 0 0 0 0 1 0 0 0 6 0 2 2 0 
0 0 0 0 0 0 0 3 0 0 0 0 0 0 0 0 0 0 0 7 0 0 5 3 
3 0 0 0 0 0 6 0 0 0 0 0 0 0 0 0 0 5 2 0 0 0 0 1 
0 3 0 0 3 0 0 1 0 3 0 0 0 0 0 0 0 0 1 0 0 0 0 0 
0 0 0 0 0 0 0 1 0 0 0 0 0 0 0 0 0 0 0 0 3 0 6 3 
0 0 4 0 4 0 0 4 0 7 0 0 0 0 0 0 0 6 3 0 4 2 2 1 
0 0 2 0 1 0 0 2 0 3 1 1 0 3 0 0 0 4 2 0 2 0 2 1 
0 4 0 0 0 0 5 0 0 0 0 0 0 0 0 0 0 0 0 4 0 0 2 2 
0 0 2 0 3 1 0 3 0 0 0 0 0 4 0 0 0 0 0 5 2 1 2 4 
0 4 0 0 4 3 0 4 2 2 0 3 1 3 3 3 3 2 1 5 3 0 0 0 
0 0 2 1 1 0 0 3 0 1 0 0 2 3 1 0 1 1 0 2 0 0 2 5 
0 0 0 2 2 3 0 2 3 0 0 3 0 0 0 5 0 0 3 0 0 4 3 0 
0 0 0 1 0 2 0 2 0 2 0 0 0 0 0 3 1 0 0 0 2 0 4 5 
1 0 2 0 4 0 5 0 0 0 0 0 0 0 0 0 0 0 0 0 3 0 0 0 
2 3 3 0 5 2 5 0 0 0 0 0 4 0 0 0 1 0 0 0 0 0 0 3 
0 1 2 1 3 3 3 0 1 0 0 0 3 0 0 0 2 0 0 0 0 0 0 2 
4 2 0 0 0 0 0 0 0 0 0 0 0 0 0 0 0 0 0 0 5 5 3 0 
2 2 0 0 0 0 0 0 0 0 0 0 0 0 0 0 0 0 0 0 4 0 3 4 
3 5 0 0 0 0 0 0 2 0 0 0 0 0 0 1 0 0 0 0 4 1 2 3 
1 1 1 0 0 2 0 0 0 0 0 0 0 0 0 0 0 0 0 0 2 2 4 2 
200 18
5 19 5 7
5 19 5 22
5 19 4 19
5 19 11 19
6 17 6 6
6 17 6 18
6 17 9 17
9 2 9 4
9 2 10 2
9 2 9 4
9 2 10 2
9 9 9 7
9 9 9 17
9 9 7 9
9 9 10 9
14 23 14 22
14 23 12 23
14 23 16 23

1826

2 3         3 1 2 2 2         2         3 3 1 1 
3 5   1 2 1   2 4                     2   3   2 
3 5     4 1   2 3               2 1       1     
3           6                         5 3   2 3 
2     2 2 1   2   1           1       6   2 2   
              3 - - - - - - - - - - - 7 - - 5 3 
3           6 - - - - - - - - - - 5 2 |       1 
  3     3     1   3               | 1 |         
              1   |               |   | 3   6 3 
    4 = 4     4 - 7 - - - - - - - 6 3 | 4 2 2 1 
    2   1     2   3 1 1   3       4 2 | 2   2 1 
  4         5                         4     2 2 
    2   3 1   3           4           5 2 1 2 4 
  4     4 3   4 2 2   3 1 3 3 3 3 2 1 5 3     | 
    2 1 1     3   1     2 3 1   1 1   2     2 5 
      2 2 3   2 3     3       5     3     4 3 | 
      1   2   2   2           3 1       2   4 5 
1   2   4   5                           3       
2 3 3   5 2 5           4       1             3 
  1 2 1 3 3 3   1       3       2             2 
4 2                                     5 5 3   
2 2                                     4   3 4 
3 5             2             1         4 1 2 3 
1 1 1     2                             2 2 4 2 
