24 24
3 0 3 1 2 0 0 0 0 0 0 0 0 0 0 0 0 0 0 0 0 0 3 1 
3 0 4 0 0 0 0 0 0 0 0 0 0 0 0 0 0 0 3 2 0 2 0 1 
4 0 3 0 0 0 0 3 2 0 0 2 0 0 0 0 0 0 0 0 1 0 0 0 
3 3 0 4 2 0 0 3 0 0 0 6 0 1 0 0 0 0 0 3 3 0 0 0 
1 4 2 0 0 0 0 0 0 0 0 2 0 0 0 0 0 0 0 1 1 0 0 0 
1 0 0 4 0 0 0 0 0 0 0 0 0 0 0 0 0 0 5 0 0 4 5 3 
1 1 2 3 0 0 0 4 3 1 1 0 0 0 0 5 3 2 0 0 0 0 0 0 
0 2 5 5 0 0 0 3 2 0 0 3 3 1 0 0 1 0 0 0 0 0 0 0 
0 2 0 2 3 0 0 0 0 0 0 0 0 0 0 4 3 3 0 3 2 0 0 0 
0 0 0 0 0 1 2 0 0 0 0 0 0 0 0 2 3 2 0 0 0 0 0 1 
0 4 5 0 5 0 0 0 0 0 3 0 0 0 0 4 5 3 0 0 0 0 0 1 
0 0 0 2 5 2 1 4 3 2 3 0 0 2 1 0 2 2 0 3 0 4 4 5 
0 2 0 0 1 3 0 3 0 0 0 0 0 0 0 5 5 4 0 1 0 0 2 4 
0 0 0 2 0 3 0 0 0 1 0 0 0 0 0 2 4 3 0 1 0 4 6 4 
0 0 0 1 0 0 0 0 0 0 0 0 0 0 0 0 0 0 0 1 0 2 0 2 
3 0 4 0 0 0 0 0 0 0 0 0 0 0 0 0 0 0 4 0 0 4 0 2 
0 0 0 0 0 3 0 0 5 0 3 0 4 0 0 0 1 0 0 2 0 5 0 0 
0 1 4 0 0 2 0 0 2 1 2 0 0 0 0 0 0 0 0 2 0 3 0 0 
0 0 3 0 0 0 0 0 0 0 0 0 6 0 1 0 0 0 0 3 3 0 0 0 
3 0 0 0 3 2 0 0 0 1 0 0 0 0 0 0 0 0 0 2 3 0 0 0 
0 1 0 3 3 0 0 0 0 0 2 0 4 3 0 0 0 0 5 0 0 4 0 0 
4 0 0 6 0 5 1 0 0 0 0 1 3 0 2 0 3 0 0 2 1 0 4 3 
3 3 1 2 1 3 3 0 0 0 3 0 2 4 0 0 5 3 4 0 2 3 4 4 
1 2 0 0 0 3 0 0 0 0 0 0 0 5 0 0 2 0 3 4 4 1 2 3 
200 30
6 15 6 10
6 15 6 16
6 15 8 15
11 23 11 22
11 23 10 23
11 23 12 23
16 21 16 19
16 21 15 21
16 21 17 21
23 13 23 5
23 13 23 16
23 13 22 13
6 15 6 16
6 15 8 15
11 23 11 22
11 23 12 23
12 23 12 22
12 23 13 23
13 23 13 22
13 23 14 23
13 23 13 22
13 22 13 21
13 22 12 22
13 22 21 22
13 22 13 21
14 23 15 23
15 23 21 23
11 22 11 21
11 22 5 22
9 23 5 23

2300

3   3 1 2                                   3 1 
3   4                               3 2   2   1 
4   3         3 2     2                 1       
3 3   4 2     3       6   1           3 3       
1 4 2                 2               1 1       
1     4                             5     4 5 3 
1 1 2 3       4 3 1 1 - - - - 5 3 2         | | 
  2 5 5       3 2     3 3 1   ǁ 1           | | 
  2   2 3                     4 3 3   3 2   | | 
          1 2                 2 3 2         | 1 
  4 5   5           3         4 5 3         | 1 
      2 5 2 1 4 3 2 3     2 1   2 2   3   4 4 5 
  2     1 3   3               5 5 4   1     2 4 
      2   3       1           2 4 3   1   4 6 4 
      1                               1   2 | 2 
3   4                               4     4 | 2 
          3     5   3   4       1     2 - 5 | | 
  1 4     2     2 1 2                 2   3 | | 
    3                   6   1         3 3   | | 
3       3 2       1                   2 3   | | 
  1   3 3           2   4 3         5     4 | | 
4     6   5 1         1 3   2   3     2 1   4 3 
3 3 1 2 1 3 3       3   2 4     5 3 4   2 3 4 4 
1 2       3 - - - - - - - 5 - - 2   3 4 4 1 2 3 
