24 24
3 3 2 0 0 5 0 0 0 0 0 4 4 0 0 0 0 0 0 0 5 5 5 1 
3 5 0 5 2 0 1 0 0 0 0 3 4 4 0 5 0 0 0 0 7 5 4 2 
1 0 2 5 2 0 0 0 0 0 0 0 2 4 2 2 2 0 0 4 0 1 0 0 
4 7 0 0 0 7 0 0 0 0 0 0 0 0 0 0 0 0 0 6 6 0 6 3 
0 0 4 4 2 0 0 0 1 0 5 0 0 0 0 0 4 4 0 0 0 0 0 1 
0 4 7 4 2 0 0 0 2 0 0 1 3 0 4 0 0 6 2 0 0 1 0 0 
0 2 4 0 1 0 3 0 5 0 7 0 0 0 8 0 0 4 0 0 0 0 0 0 
0 4 4 0 0 0 2 0 2 0 0 0 0 0 0 2 0 4 0 0 0 3 8 3 
0 2 0 0 3 0 0 0 0 0 0 0 0 0 0 0 0 0 0 0 4 2 0 2 
0 0 0 0 0 0 0 0 3 0 0 0 2 0 8 0 0 4 0 0 0 3 0 0 
0 2 0 4 5 0 1 0 0 0 0 0 0 0 0 0 0 0 0 0 0 4 0 4 
0 0 0 0 4 0 0 0 0 0 0 0 0 0 2 0 0 0 0 0 0 3 0 0 
0 5 5 4 2 0 0 0 0 0 0 0 0 0 0 0 0 0 0 0 0 2 0 0 
0 1 0 4 2 0 3 0 6 0 6 0 0 0 0 0 0 0 0 4 0 0 0 0 
6 0 7 6 4 0 2 0 6 1 0 1 2 2 0 4 2 5 2 0 0 0 0 0 
0 1 0 4 0 0 0 0 2 2 2 3 6 0 0 6 5 6 0 6 0 0 0 0 
0 0 0 2 0 0 0 0 0 0 0 1 0 0 0 0 0 4 0 0 0 3 6 3 
6 5 0 4 4 0 0 0 0 4 0 0 3 0 0 0 0 3 0 5 0 0 0 2 
2 0 0 0 2 0 0 0 0 1 0 0 0 0 0 0 6 4 2 3 0 0 0 0 
2 4 3 0 0 0 0 0 0 0 0 0 0 0 0 0 4 0 0 0 0 1 0 4 
1 0 6 6 4 0 0 0 0 0 0 0 0 0 0 0 2 0 0 0 3 1 0 0 
3 0 8 0 0 8 0 0 0 0 0 0 0 0 0 5 0 4 0 3 3 2 7 3 
1 2 4 4 0 6 0 0 0 0 0 0 0 0 0 0 0 3 1 2 7 3 4 2 
2 0 0 6 0 4 0 0 0 4 0 0 0 0 0 0 0 3 3 0 3 3 4 2 
200 185
0 5 0 2
0 5 0 11
0 5 3 5
0 20 0 12
0 20 0 21
0 20 1 20
0 22 0 21
0 22 0 23
0 22 1 22
1 3 1 1
1 3 1 4
1 3 2 3
1 15 1 13
1 15 1 20
1 15 2 15
3 1 3 0
3 1 3 5
3 1 1 1
3 1 5 1
4 2 4 3
4 2 5 2
4 2 4 3
4 2 5 2
4 10 4 8
4 10 4 16
4 10 6 10
5 2 5 1
5 2 5 3
5 2 6 2
6 14 6 10
6 14 6 17
6 14 5 14
6 14 9 14
7 22 7 21
7 22 7 23
7 22 3 22
7 22 16 22
9 14 9 12
9 14 9 17
9 14 6 14
9 14 11 14
10 21 9 21
10 21 11 21
10 21 9 21
10 21 11 21
10 23 8 23
10 23 16 23
10 23 8 23
10 23 16 23
12 1 12 2
12 1 10 1
12 1 13 1
14 0 14 2
14 0 3 0
14 0 17 0
15 19 15 17
15 19 13 19
15 19 17 19
17 0 17 1
17 0 14 0
17 0 18 0
21 2 21 0
21 2 21 5
21 2 20 2
21 2 22 2
21 5 21 2
21 5 21 15
21 5 3 5
21 5 22 5
21 22 21 21
21 22 21 23
21 22 16 22
21 22 22 22
22 20 22 19
22 20 22 21
22 20 21 20
22 20 23 20
23 3 23 0
23 3 23 5
23 3 22 3
23 9 23 5
23 9 23 17
23 9 23 5
23 9 23 17
0 22 0 21
0 22 1 22
2 2 2 3
4 10 4 16
4 10 6 10
4 17 4 16
4 17 5 17
4 17 4 16
4 17 5 17
5 8 6 8
5 11 5 12
5 12 5 14
6 14 6 10
6 14 6 17
6 14 5 14
7 15 7 17
7 22 7 21
7 22 7 23
7 22 3 22
7 22 16 22
7 23 4 23
9 14 9 12
9 14 9 17
9 14 11 14
10 4 10 3
10 4 8 4
10 4 11 4
11 21 12 21
12 1 12 2
12 1 10 1
12 21 16 21
14 0 14 2
14 0 3 0
14 2 14 3
14 2 12 2
14 2 19 2
15 1 17 1
15 3 14 3
15 3 16 3
15 3 14 3
15 3 16 3
15 19 15 17
15 19 13 19
15 19 17 19
17 0 17 1
17 0 18 0
17 1 19 1
17 3 17 4
17 3 20 3
17 3 17 4
17 3 20 3
19 23 17 23
19 23 21 23
19 23 17 23
19 23 21 23
20 3 20 2
20 3 20 4
20 3 20 2
20 3 20 4
20 4 18 4
21 2 21 0
21 2 20 2
21 2 22 2
21 5 21 15
21 5 3 5
21 5 22 5
21 22 21 21
21 22 16 22
21 22 22 22
23 3 23 0
23 3 23 5
23 3 22 3
2 2 2 3
5 8 6 8
5 12 5 14
5 17 5 18
5 17 6 17
7 15 7 17
16 23 16 22
17 1 19 1
20 4 18 4
22 5 22 3
22 5 22 17
5 17 5 18
5 17 6 17
14 18 14 17
16 22 16 21
17 4 14 4
22 5 22 3
22 5 22 17
14 18 14 17
16 21 19 21
17 4 14 4
19 16 18 16
19 16 20 16
19 16 18 16
19 16 20 16
20 21 20 20
22 2 22 1
22 2 22 1
22 0 21 0

2280

3 3 2 - - 5 - - - - - 4 4 - - - - - - - 5 5 5 1 
3 5 - 5 2 | 1         3 4 4 - 5 - - - - 7 5 4 2 
1 | 2 5 2 |             2 4 2 2 2     4   1     
4 7 - - - 7                           6 6   6 3 
ǁ | 4 4 2 ǁ     1 - 5 = = = = = 4 4         ǁ 1 
ǁ 4 7 4 2 ǁ     2   ǁ 1 3 = 4     6 2     1 ǁ | 
ǁ 2 4   1 ǁ 3   5   7 = = = 8 = = 4         ǁ | 
ǁ 4 4     ǁ 2   2           ǁ 2 = 4       3 8 3 
ǁ 2     3 ǁ                 ǁ           4 2 ǁ 2 
ǁ       | ǁ     3       2 = 8 = = 4       3 ǁ ǁ 
ǁ 2   4 5 ǁ 1               ǁ             4 ǁ 4 
ǁ ǁ     4 ǁ                 2             3 ǁ ǁ 
ǁ 5 5 4 2 ǁ                               2 ǁ ǁ 
ǁ 1 | 4 2 ǁ 3   6   6                 4   | ǁ ǁ 
6 = 7 6 4 ǁ 2   6 1   1 2 2   4 2 5 2 ǁ   | ǁ ǁ 
ǁ 1 | 4 ǁ ǁ     2 2 2 3 6     6 5 6 = 6   | ǁ ǁ 
ǁ | | 2 ǁ ǁ           1           4   ǁ   3 6 3 
6 5 | 4 4 ǁ       4     3         3   5   | ǁ 2 
2 ǁ | ǁ 2 ǁ       1             6 4 2 3   | ǁ ǁ 
2 4 3 ǁ ǁ ǁ                     4         1 ǁ 4 
1   6 6 4 ǁ                     2       3 1 ǁ ǁ 
3 = 8 = = 8 = = = = = = = = = 5   4   3 3 2 7 3 
1 2 4 4 = 6 = = = = = = = = = = = 3 1 2 7 3 4 2 
2 = = 6 = 4 = = = 4 = = = = = = = 3 3   3 3 4 2 
