24 24
2 0 0 0 0 1 1 0 3 0 0 0 0 0 0 0 0 0 0 0 0 1 3 2 
3 0 0 0 0 0 0 0 5 2 3 0 2 0 1 1 2 0 2 2 0 2 0 3 
2 3 1 4 0 0 2 0 0 4 5 4 0 0 5 3 3 0 0 2 0 4 5 4 
0 3 0 5 2 0 0 0 0 2 0 0 0 0 0 0 0 2 4 2 1 0 2 0 
0 3 2 0 0 0 0 0 0 0 0 1 0 0 0 0 0 1 0 1 1 0 0 0 
0 5 7 6 4 1 0 0 0 0 0 0 0 0 0 0 0 0 0 0 0 0 2 0 
0 2 0 3 0 0 0 0 0 3 4 0 0 0 4 2 4 0 5 4 2 0 0 2 
0 1 0 1 0 0 0 0 0 1 0 0 1 0 3 0 4 2 0 1 0 0 0 0 
3 0 4 0 4 0 0 0 5 0 5 0 0 0 0 0 0 0 5 0 0 4 3 0 
2 2 0 1 0 3 2 1 0 0 0 4 4 0 0 1 0 0 0 2 2 0 2 0 
3 4 0 0 0 0 2 0 0 0 0 2 0 0 0 0 0 0 0 2 2 0 2 0 
0 2 0 4 5 7 4 3 0 0 0 3 5 0 0 0 0 0 2 0 0 0 2 0 
0 0 0 2 0 3 1 0 0 0 0 0 2 0 0 3 3 0 3 0 0 0 0 0 
0 1 0 0 0 4 4 0 0 1 0 3 0 0 0 0 0 0 5 5 2 0 0 0 
0 0 0 0 0 0 0 0 0 0 0 0 0 0 0 0 0 0 0 3 0 0 0 0 
3 0 4 3 0 0 0 0 0 0 0 0 0 0 0 0 0 0 1 3 0 5 3 0 
0 2 0 1 0 0 0 0 0 0 0 0 0 0 0 0 0 0 0 2 1 2 3 0 
2 4 0 1 0 0 4 2 0 0 0 0 0 0 0 3 0 0 0 0 0 0 8 5 
2 2 0 0 0 0 3 0 0 0 0 0 0 0 0 1 0 0 0 0 0 0 0 0 
0 0 0 0 0 0 1 0 0 3 5 5 0 0 0 0 0 0 0 0 0 0 4 0 
0 0 0 0 0 0 0 0 0 1 2 2 0 2 2 3 1 0 2 0 0 1 0 0 
0 0 0 3 5 5 3 0 4 0 4 0 0 0 0 5 0 0 7 0 0 4 0 4 
3 0 5 0 2 1 3 2 4 0 5 0 1 1 0 3 1 0 3 1 0 0 0 0 
2 0 3 0 1 1 3 1 1 1 3 0 0 0 0 0 0 0 0 0 0 1 0 0 
200 30
5 1 5 2
5 1 4 1
5 1 6 1
11 5 11 4
11 5 11 6
11 5 9 5
11 5 12 5
17 22 17 15
17 22 17 23
17 22 16 22
17 22 19 22
17 22 17 15
17 22 17 23
17 22 16 22
17 22 19 22
19 22 19 11
19 22 19 11
21 3 21 4
21 3 17 3
21 3 21 4
21 18 21 15
21 18 21 21
21 18 20 18
21 18 22 18
21 23 21 21
21 23 17 23
21 23 21 21
21 23 17 23
22 19 22 18
17 23 6 23

1782

2         1 1   3                         1 3 2 
3               5 2 3   2   1 1 2   2 2   2   3 
2 3 1 4     2     4 5 4     5 3 3     2   4 5 4 
  3   5 2         2               2 4 2 1   2   
  3 2                 1           1   1 1       
  5 7 6 4 1                                 2   
  2   3           3 4       4 2 4   5 4 2     2 
  1   1           1     1   3   4 2   1       | 
3   4   4       5   5               5     4 3 | 
2 2   1   3 2 1       4 4     1       2 2   2 | 
3 4       | 2         2               2 2   2 | 
  2   4 5 7 4 3       3 5           2       2 | 
      2   3 1           2     3 3   3         | 
  1       4 4     1   3             5 5 2     | 
                                      3       | 
3   4 3                             1 3   5 3 | 
  2   1                               2 1 2 3 | 
2 4   1     4 2               3 = = = = = = 8 5 
2 2   |     3                 1             ǁ ǁ 
      |     1     3 5 5 = = = = = = = = = = 4 ǁ 
      |           1 2 2   2 2 3 1   2     1   ǁ 
      3 5 5 3   4   4         5 - - 7 - - 4 = 4 
3   5   2 1 3 2 4   5   1 1   3 1   3 1         
2   3   1 1 3 1 1 1 3                     1     
