24 24
2 0 0 0 0 0 0 2 1 0 2 2 0 0 2 2 0 2 0 0 3 2 5 3 
0 2 2 3 5 3 0 4 0 2 3 5 0 0 0 0 0 0 0 0 6 0 4 4 
0 2 0 1 0 3 4 5 2 0 1 3 0 0 0 0 0 0 3 1 0 1 2 3 
0 4 5 0 6 0 0 0 0 5 0 0 0 0 0 0 0 0 0 0 7 2 0 2 
0 0 0 2 0 0 0 1 0 0 0 1 0 0 0 0 2 0 0 0 0 0 0 0 
0 3 0 0 0 0 1 0 0 0 0 0 0 0 1 0 0 0 0 0 0 2 0 0 
3 3 0 4 0 0 0 0 0 0 0 0 0 0 0 0 0 0 0 0 0 1 0 0 
3 2 0 0 0 2 4 0 0 0 0 0 0 0 0 0 0 0 0 0 0 0 0 0 
3 0 5 3 0 0 0 0 0 0 0 0 1 0 4 0 5 0 0 0 6 0 4 3 
3 1 0 2 6 5 5 4 1 0 0 0 0 0 2 1 2 1 2 1 4 1 2 0 
4 0 3 3 2 3 0 0 1 0 0 0 0 0 0 0 0 0 0 0 0 1 1 0 
4 0 0 1 0 0 4 6 2 0 1 0 3 0 0 0 4 0 6 0 6 3 2 0 
4 0 4 0 0 4 0 2 0 0 1 4 0 0 0 0 0 2 0 0 0 2 4 0 
3 1 1 1 0 0 0 0 0 0 1 0 0 0 0 0 0 0 3 1 0 2 0 1 
3 0 3 4 3 2 3 2 2 0 0 0 0 0 0 0 0 0 1 0 0 0 0 0 
2 0 0 1 2 0 3 3 3 0 0 4 4 0 0 2 0 0 2 0 4 2 0 0 
3 0 5 0 0 0 0 0 0 7 3 2 2 0 0 0 0 0 1 0 3 0 4 0 
0 0 2 4 0 0 0 0 0 7 0 0 0 0 0 0 0 4 0 0 3 0 2 2 
0 0 0 0 2 0 0 1 0 0 0 0 0 0 0 1 0 4 0 4 3 3 2 0 
0 0 0 4 5 0 0 2 0 0 0 0 0 0 0 0 0 0 0 4 0 0 0 0 
0 0 0 1 2 2 2 0 0 3 0 0 0 0 0 0 0 0 0 5 0 4 2 1 
2 0 5 0 0 0 0 0 0 0 2 0 0 0 0 0 0 1 0 0 0 1 1 0 
1 0 5 0 0 0 0 4 0 0 0 0 0 0 0 0 0 0 0 5 1 0 0 0 
0 0 3 3 0 2 0 3 0 0 0 0 0 0 0 1 0 0 0 2 0 0 2 0 
200 32
0 22 0 21
0 22 0 23
0 22 1 22
1 4 1 3
1 4 1 5
1 4 3 4
3 20 3 9
3 20 3 21
3 20 1 20
3 20 8 20
5 21 3 21
5 21 6 21
16 9 16 2
16 9 16 10
16 9 3 9
16 9 17 9
2 19 2 18
3 20 3 9
3 20 1 20
3 20 8 20
5 14 8 14
8 20 8 16
8 20 8 22
8 20 9 20
8 20 8 16
1 20 1 11
1 20 1 22
1 20 0 20
1 20 1 11
2 18 2 11
2 21 2 22
2 18 2 11

2078

2             2 1   2 2     2 2   2     3 2 5 3 
  2 2 3 5 3   4   2 3 5 = = = = = = = = 6 - 4 4 
  2   1 | 3 4 5 2   1 3 = = = = = = 3 1 ǁ 1 2 3 
  4 5   6         5 = = = = = = = = = = 7 2   2 
      2       1   |   1         2       ǁ |     
  3         1     |         1           ǁ 2     
3 3   4           |         |           ǁ 1     
3 2       2 4     |         |           ǁ       
3   5 3           |     1   4   5 = = = 6 - 4 3 
3 1   2 6 5 5 4 1 |         2 1 2 1 2 1 4 1 2   
4   3 3 2 3     1 |                       1 1   
4     1     4 6 2 | 1   3       4   6   6 3 2   
4   4     4   2   | 1 4           2       2 4   
3 1 1 1           | 1               3 1   2   1 
3   3 4 3 2 3 2 2 |                 1           
2     1 2   3 3 3 |   4 4     2     2   4 2     
3   5 - - - - - - 7 3 2 2           1   3   4   
    2 4           7               4     3   2 2 
        2     1               1   4   4 3 3 2   
      4 5     2                       4         
      1 2 2 2     3                   5   4 2 1 
2   5               2             1       1 1   
1   5         4                       5 1       
    3 3   2   3               1       2     2   
