24 24
3 0 4 0 0 0 2 1 0 0 0 0 4 0 3 0 3 2 1 4 0 1 2 1 
4 1 3 2 5 0 6 0 0 0 0 0 5 0 0 0 5 4 2 0 1 2 0 1 
3 2 2 2 0 1 0 1 0 0 3 1 0 0 0 0 0 0 0 0 0 0 0 0 
0 3 0 0 5 2 0 0 0 0 0 1 0 3 2 0 0 0 2 0 0 0 0 0 
4 0 0 0 0 0 4 0 0 0 3 2 0 0 0 0 0 2 0 0 0 2 4 4 
3 3 0 0 0 0 0 0 0 5 1 0 0 5 0 0 5 2 0 0 0 0 0 3 
0 1 0 0 0 0 0 0 0 0 0 0 0 0 0 0 2 3 2 0 0 0 0 0 
0 0 0 0 0 0 0 0 0 0 0 0 0 4 0 0 0 3 0 0 0 0 0 3 
0 0 0 0 0 0 0 0 0 0 0 0 0 3 0 0 3 0 0 0 0 0 0 0 
0 0 0 0 0 0 0 0 0 0 0 0 0 3 0 0 5 2 0 0 0 0 0 0 
3 0 0 0 0 0 0 0 0 6 0 0 4 0 0 0 0 0 0 5 0 5 5 3 
0 3 3 0 3 0 1 2 1 0 1 0 0 0 0 0 0 2 0 0 1 0 0 2 
0 2 3 2 0 3 4 4 2 0 0 1 0 0 0 0 0 0 1 0 3 4 0 0 
3 0 4 3 0 0 0 0 0 0 3 0 0 0 0 0 0 0 0 0 0 3 0 2 
0 1 2 1 0 0 0 0 0 0 0 0 0 0 0 1 0 4 0 0 0 0 0 0 
0 0 0 1 0 0 0 0 0 0 5 3 0 0 0 0 0 0 0 0 2 2 0 0 
4 5 4 0 0 1 0 0 0 0 0 2 0 0 0 0 0 0 0 0 3 2 0 0 
2 1 4 2 0 0 0 0 0 0 0 0 0 0 0 0 0 0 0 0 0 1 0 0 
3 1 3 1 0 0 2 0 0 6 6 3 0 0 0 0 0 0 0 0 5 0 6 5 
2 2 0 0 5 0 0 0 0 5 5 3 4 0 0 0 0 4 3 0 1 1 1 0 
2 0 0 0 4 0 0 2 2 4 0 0 4 4 0 3 0 3 0 5 0 5 2 2 
0 2 4 0 4 0 0 0 2 2 0 0 0 2 0 0 1 1 0 0 1 3 4 1 
3 4 4 2 2 0 0 0 0 0 2 1 3 3 0 3 0 0 0 4 0 0 3 1 
2 2 1 2 4 4 0 0 0 0 0 0 3 3 1 2 0 0 0 3 0 2 3 2 
200 34
0 19 0 18
0 19 0 21
0 19 10 19
0 19 10 19
1 4 1 3
1 4 1 6
1 4 3 4
5 9 5 1
5 9 5 10
5 9 10 9
5 13 5 16
5 13 3 13
5 13 7 13
18 23 18 22
18 23 13 23
18 23 20 23
5 9 5 1
5 9 10 9
10 9 10 0
10 9 10 12
10 9 18 9
10 9 10 0
15 10 15 11
15 10 13 10
15 10 18 10
18 9 18 6
18 9 18 10
18 9 19 9
18 9 18 6
18 9 18 10
18 10 18 11
18 10 15 10
18 10 19 10
6 1 5 1

1729

3   4       2 1         4   3   3 2 1 4 - 1 2 1 
4 1 3 2 5 - 6           5       5 4 2 ǁ 1 2   1 
3 2 2 2 | 1   1     3 1               ǁ         
  3     5 2           1   3 2       2 ǁ         
4           4       3 2   |       2   ǁ   2 4 4 
3 3 = = = = = = = 5 1     5 - - 5 2   ǁ       3 
  1               ǁ       |     2 3 2 ǁ         
                  ǁ       4       3   ǁ       3 
                  ǁ       3     3     ǁ         
                  ǁ       3     5 2   ǁ         
3 = = = = = = = = 6 - - 4             5   5 5 3 
  3 3   3   1 2 1 | 1             2     1     2 
  2 3 2   3 4 4 2 |   1             1   3 4     
3   4 3           | 3                     3   2 
  1 2 1           | |         1   4           | 
      1           | 5 3                 2 2   | 
4 5 4     1       | ǁ 2                 3 2   | 
2 1 4 2           | ǁ                     1   | 
3 1 3 1     2 = = 6 6 3                 5   6 5 
2 2     5         5 5 3 4         4 3   1 1 1 | 
2       4     2 2 4     4 4   3   3   5   5 2 2 
  2 4   4       2 2       2     1 1     1 3 4 1 
3 4 4 2 2           2 1 3 3   3       4     3 1 
2 2 1 2 4 4             3 3 1 2       3   2 3 2 
