24 24
1 0 0 0 3 4 3 0 0 2 2 0 2 0 0 0 0 0 0 0 0 2 0 0 
0 0 0 0 0 0 0 0 0 0 0 1 0 0 0 4 0 0 0 0 0 4 0 0 
2 4 0 0 3 3 0 0 0 3 0 0 0 0 0 1 2 0 0 0 4 4 0 0 
3 4 3 1 0 2 1 0 0 0 0 0 1 0 0 0 2 0 0 0 0 0 0 0 
4 5 0 0 6 0 0 0 0 6 4 0 0 0 0 0 0 0 0 0 4 4 0 3 
0 4 1 0 0 1 0 3 1 0 0 0 1 0 0 0 0 0 0 0 0 0 1 0 
0 0 0 0 0 1 2 4 3 0 0 0 0 0 0 0 0 0 0 0 0 2 0 0 
0 0 0 0 0 0 1 0 3 0 0 0 0 0 0 0 0 0 0 0 0 3 3 0 
0 3 0 0 4 5 0 4 2 0 0 2 3 0 4 0 0 0 0 0 4 2 0 0 
0 3 3 3 0 0 1 2 1 0 0 0 2 0 0 0 0 1 0 0 0 1 0 0 
0 5 2 1 0 4 5 4 2 0 0 0 0 0 0 1 0 3 0 0 0 0 0 0 
0 4 1 0 0 1 2 2 2 0 0 0 4 0 6 3 0 0 0 0 3 4 0 0 
3 6 4 2 3 0 5 5 4 0 2 0 5 0 6 2 0 0 2 0 0 3 0 0 
0 0 2 0 0 0 2 1 2 0 0 0 3 0 1 0 0 0 0 0 0 0 0 0 
2 0 2 4 2 1 4 3 4 0 0 0 3 0 0 0 0 5 0 0 0 0 3 0 
1 0 0 2 0 0 0 2 4 0 0 0 4 0 3 0 0 0 2 0 3 2 0 0 
2 6 0 0 0 0 7 5 3 0 0 0 3 0 4 1 0 0 0 1 0 0 0 0 
1 3 0 0 0 1 1 0 1 0 0 0 0 0 0 0 0 0 0 0 0 0 0 0 
1 2 0 4 0 0 3 3 3 0 0 0 0 0 3 0 0 4 4 3 0 2 0 0 
0 0 0 2 1 1 0 3 3 0 0 0 2 0 4 1 2 1 3 2 0 0 0 0 
3 0 0 0 0 4 4 5 2 0 3 6 0 1 1 0 0 0 1 0 2 2 0 0 
0 0 0 0 0 1 3 3 0 0 2 4 0 0 0 0 3 0 0 0 3 2 0 0 
3 0 0 0 0 0 0 0 0 6 0 0 0 0 0 0 0 0 0 0 0 0 4 3 
1 0 0 0 0 0 0 0 0 3 0 0 0 0 2 0 0 0 2 0 3 3 4 2 
200 45
1 15 1 11
1 15 1 21
1 15 2 15
1 15 1 21
1 21 0 21
1 21 2 21
2 21 2 20
2 21 4 21
2 21 2 20
10 1 10 2
10 1 9 1
10 1 11 1
16 6 16 1
16 6 16 7
16 6 14 6
16 6 17 6
0 21 0 12
2 20 2 16
2 20 4 20
16 6 16 1
16 6 16 7
16 6 14 6
0 12 0 10
2 16 3 16
16 1 16 0
16 1 12 1
16 1 17 1
16 1 16 0
12 1 12 0
12 1 12 2
12 1 11 1
12 1 12 0
12 1 12 2
14 0 12 0
14 0 15 0
15 3 14 3
4 0 4 1
4 0 3 0
4 0 4 1
4 0 3 0
11 1 11 2
11 1 10 1
12 2 12 3
12 2 13 2
15 3 14 3

3097

1       3 4 3     2 2 - 2 - - - - - - - - 2     
                      1 - - - 4 = = = = = 4     
2 4     3 3       3           1 2 - - - 4 4     
3 4 3 1   2 1           1       2       | |     
4 5     6         6 4                   4 4   3 
  4 1     1   3 1       1                   1   
          1 2 4 3                         2     
            1   3                         3 3   
  3     4 5   4 2     2 3   4           4 2     
  3 3 3     1 2 1       2         1       1     
  5 2 1   4 5 4 2             1   3             
  4 1     1 2 2 2       4   6 3         3 4     
3 6 4 2 3   5 5 4   2   5   6 2     2     3     
| | 2       2 1 2       3   1                   
2 | 2 4 2 1 4 3 4       3         5         3   
1 |   2     ǁ 2 4       4   3       2   3 2     
2 6 = = = = 7 5 3       3   4 1       1         
1 3       1 1   1                               
1 2   4     3 3 3           3     4 4 3   2     
      2 1 1   3 3       2   4 1 2 1 3 2         
3         4 4 5 2   3 6   1 1       1   2 2     
          1 3 3     2 4         3       3 2     
3                 6                         4 3 
1                 3         2       2   3 3 4 2 
