24 24
2 1 1 0 0 0 0 0 0 0 0 0 0 0 2 1 3 1 2 0 3 0 3 2 
3 0 3 0 0 3 0 0 0 0 0 0 0 0 6 0 6 0 0 0 0 0 5 3 
2 2 0 2 3 4 0 0 0 0 0 0 4 3 0 0 0 3 0 5 2 2 3 0 
3 4 0 0 0 0 1 0 0 0 0 0 0 0 0 0 0 0 0 4 2 1 0 2 
0 1 0 0 4 0 0 0 0 0 0 0 0 2 0 2 0 0 0 1 0 0 0 0 
2 0 2 0 3 0 3 0 1 0 0 0 0 0 0 0 0 3 0 0 0 0 4 3 
3 3 2 6 2 0 0 0 0 0 1 0 0 0 0 0 0 1 1 0 0 3 0 1 
1 0 1 0 3 3 0 0 0 0 0 0 0 0 0 3 4 2 0 0 0 5 0 1 
1 0 2 0 0 0 0 0 0 0 0 0 0 0 0 2 5 0 0 0 0 0 0 0 
0 0 3 0 3 1 0 0 0 0 0 0 0 0 0 0 0 1 0 0 0 0 0 0 
0 0 0 0 2 1 0 0 0 0 0 0 0 2 0 0 0 0 0 0 0 0 0 0 
0 0 3 5 0 0 4 0 0 0 6 2 0 0 0 0 0 0 0 0 0 0 0 3 
0 0 0 0 2 0 0 0 0 1 0 0 0 0 0 0 0 0 0 0 0 0 0 0 
0 0 0 0 4 0 4 0 0 2 2 0 0 0 0 1 5 0 0 0 0 5 4 4 
0 0 0 0 0 1 3 1 2 0 1 0 0 0 0 0 0 0 0 0 0 0 3 1 
0 0 0 0 3 3 3 0 4 3 2 0 5 3 0 0 3 0 0 0 0 0 0 2 
0 0 1 0 3 0 5 0 1 1 1 1 5 1 0 0 2 0 0 0 0 0 0 0 
0 0 0 0 3 1 3 1 0 1 0 0 3 0 0 0 2 0 1 0 0 0 0 0 
4 5 0 4 0 0 0 0 0 0 0 0 0 0 5 0 0 0 0 0 0 2 0 0 
0 3 2 0 2 0 0 3 0 3 3 0 3 2 0 1 0 3 0 0 0 2 3 3 
0 2 1 0 2 0 0 4 2 0 0 0 2 2 0 2 0 4 0 1 0 0 2 2 
0 3 0 6 0 0 0 0 0 5 2 1 0 0 5 0 0 0 0 0 0 4 3 0 
3 3 4 7 4 1 1 0 0 2 2 0 0 0 7 0 0 0 3 2 2 5 4 2 
3 4 3 2 4 0 0 0 0 0 0 0 3 3 5 1 0 0 1 1 2 4 2 0 
200 18
2 19 2 17
2 19 2 20
2 19 3 19
8 16 8 15
8 16 7 16
8 16 13 16
22 3 22 2
22 3 22 4
22 3 21 3
22 3 23 3
22 14 22 10
22 14 22 18
22 14 21 14
22 14 23 14
23 14 23 13
23 14 23 15
23 14 22 14
23 14 23 13

1467

2 1 1                       2 1 3 1 2   3   3 2 
3   3     3                 6   6           5 3 
2 2   2 3 4             4 3       3 - 5 2 2 3   
3 4         1                         4 2 1   2 
  1     4                 2   2       1         
2   2   3   3   1                 3         4 3 
3 3 2 6 2           1             1 1     3   1 
1   1   3 3                   3 4 2       5   1 
1   2                         2 5               
    3   3 1                     | 1             
        2 1               2     |               
    3 5     4       6 2         |             3 
        2         1             |               
        4   4     2 2         1 5         5 4 4 
          1 3 1 2   1                       3 1 
        3 3 3   4 3 2   5 3     3             2 
    1   3   5   1 1 1 1 5 1     2               
        3 1 3 1   1     3       2   1           
4 5   4                     5             2     
  3 2   2     3   3 3   3 2   1   3       2 3 3 
  2 1   2     4 2       2 2   2   4   1     2 2 
  3   6           5 2 1     5             4 3   
3 3 4 7 4 1 1     2 2 - - - 7 - - - 3 2 2 5 4 2 
3 4 3 2 4               3 3 5 1     1 1 2 4 2   
