24 24
1 1 0 3 0 4 0 0 0 0 0 0 0 0 6 0 0 2 0 1 0 0 2 0 
0 2 2 2 1 0 1 0 0 0 0 3 1 1 0 0 0 0 0 0 0 1 0 0 
4 6 3 3 0 7 0 0 0 0 0 6 2 0 0 0 0 0 0 0 0 0 0 0 
0 2 1 1 1 5 0 0 0 2 1 4 3 2 0 0 0 0 0 0 0 0 0 0 
3 0 0 0 0 0 0 0 0 0 0 0 0 0 6 0 0 0 0 0 0 5 4 3 
0 1 3 2 1 1 3 0 0 0 2 4 0 3 0 1 2 0 4 2 0 0 1 0 
0 3 5 0 3 0 0 0 0 0 0 2 0 0 0 0 0 0 0 0 0 0 0 0 
0 0 0 0 0 0 1 0 0 0 0 1 4 3 0 0 2 1 0 0 0 0 2 0 
0 0 0 0 0 0 0 0 0 0 0 0 0 1 0 4 3 1 0 1 2 0 0 0 
0 1 0 2 4 0 0 0 0 0 4 0 4 4 0 0 1 0 0 0 0 0 0 0 
0 2 4 0 0 2 3 0 1 0 0 1 3 2 0 0 3 0 5 5 3 0 0 3 
0 1 0 3 0 3 6 0 0 0 5 0 5 2 0 0 0 0 0 3 1 1 0 0 
0 0 0 0 0 4 5 2 0 0 3 1 0 3 0 0 2 2 0 3 0 0 3 0 
0 0 0 0 0 4 2 0 0 0 4 0 3 3 0 0 2 0 0 1 0 0 0 0 
0 0 0 0 0 3 0 0 0 0 0 0 0 0 4 3 4 2 0 2 0 0 4 0 
0 0 0 0 0 0 3 1 0 1 0 0 0 0 4 0 0 0 4 0 2 3 0 0 
0 0 0 1 0 2 4 0 0 0 0 0 0 0 5 4 2 3 5 0 0 5 0 0 
0 0 0 0 0 1 2 0 1 0 0 0 0 0 0 2 0 2 1 0 0 1 0 0 
4 0 0 0 6 0 0 0 0 0 0 0 0 0 4 0 0 0 0 0 0 0 4 3 
0 0 3 4 0 0 1 0 0 0 0 0 3 0 3 2 1 3 0 0 0 0 4 2 
0 0 0 4 0 0 0 0 0 0 0 0 2 1 1 0 1 3 0 1 0 2 0 0 
3 0 2 4 5 0 0 0 0 0 0 0 0 0 0 4 0 0 0 0 0 3 2 3 
4 0 3 3 3 2 0 0 0 0 0 0 0 0 0 4 0 0 0 0 3 0 5 4 
2 1 4 3 2 1 0 1 0 0 0 0 0 0 0 3 1 0 0 0 2 1 3 1 
200 89
0 14 0 5
0 14 0 17
0 14 4 14
0 14 0 5
0 14 0 17
0 14 4 14
1 21 4 21
2 5 2 3
2 5 2 11
2 5 0 5
2 5 3 5
4 14 4 0
4 14 4 21
4 14 14 14
4 14 4 0
4 21 4 22
4 21 11 21
4 21 4 22
16 21 16 18
16 21 15 21
16 21 17 21
0 5 0 3
0 19 0 22
0 22 4 22
1 4 1 3
1 6 1 11
2 5 2 3
2 5 2 11
2 5 3 5
2 11 2 12
2 11 1 11
2 11 3 11
2 11 2 12
3 11 3 10
3 11 3 12
3 11 3 12
3 12 3 13
3 13 1 13
4 22 4 23
4 23 10 23
4 23 10 23
5 22 7 22
7 22 12 22
10 23 18 23
16 21 16 18
16 21 15 21
0 3 0 1
0 3 1 3
1 11 1 12
3 9 3 5
15 21 15 20
0 0 2 0
2 0 2 1
2 0 4 0
2 0 2 1
2 1 2 2
2 1 1 1
2 1 3 1
2 1 2 2
3 1 3 2
3 5 3 4
3 5 3 9
18 0 18 4
18 0 21 0
18 0 18 4
18 0 21 0
18 4 18 14
18 4 9 4
18 4 21 4
18 4 18 14
19 3 19 2
19 3 20 3
19 3 19 2
19 3 20 3
19 6 19 12
20 3 21 3
1 1 1 2
1 2 2 2
2 3 3 3
10 2 10 1
10 2 6 2
10 2 10 1
10 2 6 2
11 1 11 3
16 3 11 3
19 2 21 2
20 3 21 3
9 1 6 1
11 3 9 3

3038

1 1 - 3 - 4 = = = = = = = = 6 = = 2   1 - - 2   
| 2 2 2 1 | 1 - - - - 3 1 1 ǁ             1 |   
4 6 3 3 = 7 = = = = = 6 2 | ǁ             | |   
| 2 1 1 1 5 = = = 2 1 4 3 2 ǁ             | |   
3 = = = = = = = = = = = = = 6 - - - - - - 5 4 3 
  1 3 2 1 1 3       2 4   3 | 1 2   4 2   | 1 ǁ 
  3 5   3             2     |             | | ǁ 
  | ǁ       1         1 4 3 |   2 1       | 2 ǁ 
  | ǁ                     1 | 4 3 1   1 2 | | ǁ 
  1 ǁ 2 4           4   4 4 |   1         | | ǁ 
  2 4 | | 2 3   1     1 3 2 |   3   5 5 3 | | 3 
  1 - 3 | 3 6       5   5 2 |         3 1 1 | | 
      | | 4 5 2     3 1   3 |   2 2   3     3 | 
      | | 4 2       4   3 3 |   2     1       | 
      | | 3                 4 3 4 2   2     4 | 
      | |   3 1   1         4       4   2 3   | 
      1 | 2 4               5 4 2 3 5 = = 5   | 
        | 1 2   1             2   2 1     1   | 
4 = = = 6 = = = = = = = = = 4               4 3 
ǁ   3 4 |   1 - - - - - 3   3 2 1 3         4 2 
ǁ   | 4 |               2 1 1   1 3   1   2     
3   2 4 5                     4           3 2 3 
4   3 3 3 2                   4         3   5 4 
2 1 4 3 2 1   1               3 1       2 1 3 1 
