24 24
3 4 0 4 0 0 0 0 0 0 0 0 0 0 0 2 3 0 0 4 1 0 0 2 
0 0 1 0 3 0 0 0 5 2 1 1 3 1 2 0 0 1 2 3 0 0 2 0 
2 0 0 0 4 4 0 0 6 0 4 0 7 5 4 0 0 1 5 0 4 4 0 0 
0 0 0 0 2 3 0 0 4 0 3 1 0 3 3 0 0 1 0 0 0 3 0 0 
1 4 2 0 0 0 0 0 1 0 0 0 0 0 0 0 0 0 0 0 0 0 0 0 
0 2 0 6 0 0 0 0 0 0 0 0 6 2 2 0 0 2 3 0 0 4 3 0 
3 0 0 4 0 0 0 0 3 1 3 0 5 2 2 0 3 0 0 4 3 0 0 0 
0 1 0 0 0 0 0 0 1 0 1 0 2 1 0 0 3 2 0 0 1 0 0 0 
0 4 0 6 0 0 0 0 0 0 0 0 0 0 0 5 0 0 0 5 0 4 4 3 
0 2 1 3 0 0 0 0 0 3 0 0 2 0 0 0 0 1 0 4 1 0 0 0 
0 3 0 0 0 0 0 0 0 0 0 0 0 0 0 6 0 0 0 4 5 3 0 0 
0 3 2 1 2 0 0 3 0 0 2 2 0 0 0 0 2 1 0 1 0 0 0 0 
0 2 0 0 0 0 0 5 3 0 2 0 0 0 0 0 2 0 0 3 0 0 0 0 
0 0 0 0 0 2 0 5 0 0 0 6 2 0 0 0 0 0 0 0 0 0 0 0 
0 0 0 0 0 0 0 2 0 0 0 3 1 0 0 0 0 0 0 0 0 0 0 0 
0 4 0 0 0 0 0 0 0 0 0 0 0 0 0 7 0 0 0 4 0 2 0 2 
0 0 0 1 0 1 0 0 2 0 0 2 0 0 0 0 2 3 1 2 0 2 0 2 
2 0 0 3 0 4 1 0 2 0 0 0 0 0 0 0 1 0 0 1 0 2 0 0 
3 0 0 1 0 0 0 0 1 0 0 0 0 0 0 0 1 3 0 0 3 0 0 0 
4 5 0 0 3 5 2 2 0 0 0 5 0 0 0 7 0 0 4 0 0 3 0 0 
0 4 1 0 0 0 2 4 0 0 0 5 2 0 0 0 0 0 2 2 2 3 2 3 
0 2 0 0 0 0 3 3 0 0 0 2 5 3 0 0 0 0 0 0 1 2 2 2 
2 4 0 0 1 2 1 0 0 0 0 0 4 3 2 5 0 0 0 5 0 0 6 4 
0 4 0 0 0 0 0 0 0 0 0 0 4 1 0 2 2 2 2 3 0 0 2 1 
200 19
1 8 1 4
1 8 1 9
1 8 2 8
2 12 2 10
2 12 2 13
2 12 1 12
2 12 5 12
2 21 2 20
2 21 3 21
15 15 15 1
15 15 15 19
15 15 10 15
15 15 19 15
23 1 23 12
23 1 22 1
2 21 2 20
2 21 3 21
23 1 23 12
23 1 22 1

2022

3 4   4                       2 3     4 1     2 
    1   3 - - - 5 2 1 1 3 1 2     1 2 3     2   
2       4 4     6   4 - 7 5 4     1 5   4 4     
        2 3     4   3 1 | 3 3     1       3     
1 4 2           1       |                       
  2   6                 6 2 2     2 3     4 3   
3     4         3 1 3   5 2 2   3     4 3       
  1             1   1   2 1     3 2     1       
  4   6                       5       5   4 4 3 
  2 1 3           3     2         1   4 1       
  3                           6       4 5 3     
  3 2 1 2     3     2 2       | 2 1   1         
  2           5 3   2         | 2     3         
          2   5       6 2     |                 
              2       3 1     |                 
  4 - - - - - - - - - - - - - 7 - - - 4   2   2 
      1   1     2     2       | 2 3 1 2   2   2 
2     3   4 1   2             | 1     1   2     
3     1         1             | 1 3     3       
4 5     3 5 2 2       5       7     4     3     
  4 1       2 4       5 2           2 2 2 3 2 3 
  2         3 3       2 5 3             1 2 2 2 
2 4     1 2 1           4 3 2 5       5     6 4 
  4 = = = = = = = = = = 4 1   2 2 2 2 3     2 1 
