24 24
4 2 3 0 3 2 0 0 0 0 3 3 0 3 0 1 2 4 0 0 0 0 3 1 
0 0 1 0 0 1 0 0 0 0 0 4 1 0 0 0 0 0 4 0 4 1 0 0 
4 0 0 0 4 0 0 0 0 0 4 0 0 0 0 0 0 0 4 0 4 3 0 0 
1 1 1 0 0 0 0 0 0 0 0 0 0 2 0 0 0 2 0 1 4 2 0 0 
2 4 0 0 0 0 0 0 0 0 2 0 0 0 0 0 0 0 0 0 3 2 0 0 
0 2 0 0 0 0 0 0 0 0 1 0 0 0 0 0 0 0 0 0 0 0 0 0 
4 0 4 0 4 0 0 0 0 0 0 3 0 0 0 0 0 0 4 0 4 0 0 0 
0 1 0 1 0 1 2 0 3 1 0 0 3 2 3 0 6 0 3 0 0 0 0 0 
0 3 5 2 0 3 4 0 4 0 0 0 4 0 0 0 4 0 3 1 0 0 0 1 
4 2 3 1 0 0 3 2 0 2 0 0 5 2 2 0 0 0 0 0 3 5 0 0 
3 2 0 0 0 0 2 2 0 2 0 0 3 0 3 0 0 0 0 0 3 4 0 0 
3 0 6 0 5 0 0 0 4 0 0 0 0 0 0 0 0 0 0 0 0 0 4 3 
4 3 0 1 0 2 0 0 0 2 3 0 2 2 2 0 0 3 1 0 1 0 0 2 
3 2 0 0 0 0 2 1 0 2 2 0 0 1 0 0 0 0 0 0 0 0 0 2 
2 0 0 0 0 0 0 0 0 2 0 0 4 0 0 0 0 5 0 0 6 1 0 0 
4 0 6 0 0 0 0 0 0 4 1 0 0 2 3 4 2 0 0 0 3 0 0 0 
0 1 0 0 0 0 0 0 0 4 2 1 0 0 0 0 0 0 0 0 0 0 0 0 
0 2 0 0 0 0 2 0 0 0 0 0 0 4 5 0 0 0 0 0 0 0 0 0 
2 0 0 0 0 0 0 0 0 0 0 0 0 0 0 0 0 0 2 0 4 0 5 3 
3 2 0 3 5 5 4 1 0 0 0 0 0 0 0 3 0 1 3 0 1 0 0 0 
4 0 7 5 5 3 3 0 0 2 0 0 0 1 0 2 0 0 0 0 0 2 0 1 
0 2 4 0 0 2 3 1 0 1 0 0 0 0 0 0 0 0 0 0 0 0 0 0 
4 4 3 2 2 1 0 0 5 0 0 0 6 0 6 0 0 0 4 0 1 3 2 0 
3 5 4 1 2 0 0 0 3 0 1 1 4 2 5 3 1 0 1 0 0 0 0 0 
200 34
0 0 0 1
0 0 2 0
0 0 0 1
0 0 2 0
0 2 0 4
0 2 1 2
0 2 0 4
2 0 2 4
2 0 3 0
9 21 9 20
9 21 4 21
9 21 10 21
14 20 14 17
14 20 14 21
14 20 12 20
14 20 15 20
17 14 17 13
17 14 15 14
17 14 22 14
20 2 20 0
20 2 20 3
20 2 15 2
20 2 21 2
23 1 23 0
23 1 23 2
23 1 22 1
23 14 23 13
23 14 23 15
23 14 22 14
10 21 10 20
10 21 9 21
10 21 10 20
14 20 14 17
14 20 15 20

3357

4 2 3 = 3 2         3 3   3   1 2 4         3 1 
ǁ   1     1           4 1           4   4 1     
4 - - - 4           4               4   4 3     
1 1 1                     2       2   1 4 2     
2 4                 2                   3 2     
  2                 1                     |     
4   4   4             3             4   4 |     
  1   1   1 2   3 1     3 2 3   6   3     |     
  3 5 2   3 4   4       4       4   3 1   |   1 
4 2 3 1     3 2   2     5 2 2           3 5     
3 2         2 2   2     3   3           3 4     
3   6   5       4                           4 3 
4 3   1   2       2 3   2 2 2     3 1   1     2 
3 2         2 1   2 2     1             |     2 
2                 2     4         5 = = 6 1     
4   6             4 1     2 3 4 2       3       
  1 |             4 2 1     |                   
  2 |       2             4 5                   
2   |                       |       2   4   5 3 
3 2 | 3 5 5 4 1             | 3   1 3   1       
4 - 7 5 5 3 3     2       1 | 2           2   1 
  2 4     2 3 1   1         |                   
4 4 3 2 2 1     5       6   6       4   1 3 2   
3 5 4 1 2       3   1 1 4 2 5 3 1   1           
