24 24
3 2 4 4 3 0 4 0 0 5 0 2 3 5 0 2 0 5 0 0 0 3 3 3 
5 0 4 0 0 0 2 0 0 0 1 0 0 6 0 3 1 0 1 0 0 4 0 1 
0 0 2 0 0 0 0 1 0 0 0 0 0 2 0 1 0 0 0 0 0 2 0 2 
5 0 0 0 0 0 0 0 0 5 0 0 0 0 0 0 0 6 0 0 0 0 4 4 
0 0 0 0 0 0 0 0 0 0 0 0 1 1 1 1 0 0 4 0 4 3 0 1 
0 0 0 0 0 0 0 0 0 0 0 0 0 0 0 0 0 0 3 2 0 0 0 1 
0 1 2 0 0 0 0 0 0 0 3 0 5 4 4 4 2 0 1 0 3 3 0 0 
0 1 0 0 0 0 0 0 0 0 0 0 0 1 0 2 2 0 0 0 1 0 0 0 
0 4 5 0 0 0 0 1 0 0 0 0 0 2 5 3 0 0 3 0 0 0 0 0 
0 3 0 0 0 1 0 0 0 0 0 0 0 1 1 1 0 0 0 0 0 0 0 0 
0 0 0 0 0 0 0 0 0 0 0 0 0 2 3 0 0 5 4 0 0 0 0 0 
0 0 0 1 0 3 0 0 0 0 2 0 0 0 0 0 0 0 2 4 0 0 5 3 
0 2 0 0 0 0 0 0 0 0 1 0 0 1 0 2 0 5 3 0 2 1 0 0 
0 0 0 0 0 0 0 0 0 0 0 0 0 1 0 0 0 0 2 0 2 0 0 0 
0 4 6 0 0 6 0 0 0 5 0 0 5 2 0 1 1 0 2 0 0 0 0 0 
0 5 2 3 0 5 2 1 0 0 2 2 0 1 4 3 0 0 0 0 0 0 0 0 
0 3 2 0 2 5 0 0 0 5 5 2 0 0 0 3 0 0 2 0 0 0 0 0 
5 0 3 3 4 0 0 0 0 0 4 0 5 2 0 0 0 0 0 0 0 1 0 0 
3 3 4 2 0 3 1 0 0 0 2 0 3 1 3 3 0 0 0 0 0 0 0 0 
2 0 0 0 6 0 0 0 0 5 0 0 0 0 3 2 0 0 0 0 0 0 0 2 
2 3 0 0 5 3 0 2 3 5 2 4 0 0 0 4 3 3 3 3 5 3 0 0 
0 1 0 0 0 0 2 4 1 1 0 0 0 0 0 3 3 1 1 0 2 0 6 3 
3 0 0 0 3 2 1 3 0 0 0 4 0 0 0 0 0 0 0 4 0 2 4 2 
2 1 0 0 3 2 1 1 1 0 0 0 0 0 0 0 0 0 0 3 2 0 3 2 
200 59
0 9 0 6
0 9 0 11
0 9 3 9
0 13 0 12
0 13 0 15
0 13 1 13
0 17 0 15
0 17 0 21
0 17 3 17
0 23 0 22
0 23 1 23
0 23 0 22
1 0 1 2
1 0 0 0
1 0 3 0
15 1 15 2
15 1 14 1
15 1 16 1
17 0 17 2
17 0 3 0
17 0 18 0
0 13 0 12
0 13 1 13
0 17 0 21
0 17 3 17
1 13 1 10
1 13 1 15
1 13 2 13
1 13 1 15
3 17 3 9
3 17 3 22
3 17 10 17
3 17 3 9
4 18 4 20
4 18 5 18
4 18 4 20
4 18 5 18
4 20 4 21
4 20 6 20
0 12 0 11
1 16 1 15
1 18 1 21
1 21 0 21
1 21 2 21
1 21 2 21
2 13 2 15
2 23 3 23
2 23 3 23
3 23 3 22
3 23 4 23
4 21 6 21
5 23 11 23
0 9 0 6
0 9 3 9
0 22 3 22
3 22 11 22
4 21 6 21
0 6 0 4
0 6 1 6

2262

3 2 4 4 3 - 4 = = 5 - 2 3 5 - 2 - 5 = = = 3 3 3 
5 - 4       2     ǁ 1 - - 6 = 3 1 ǁ 1 - - 4 | 1 
|   2         1   ǁ       2 - 1   ǁ       2 | 2 
5                 5 = = = = = = = 6 - - - - 4 4 
|                       1 1 1 1   | 4 = 4 3 | 1 
|                                 | 3 2 | ǁ | 1 
| 1 2               3   5 4 4 4 2 | 1   3 3 | | 
| 1                       1   2 2 |     1   | | 
| 4 5         1           2 5 3   | 3       | | 
| 3       1               1 1 1   |         | | 
|                         2 3     5 4       | | 
|     1   3         2               2 4     5 3 
| 2                 1     1   2   5 3   2 1     
|                         1         2   2       
| 4 6     6       5     5 2   1 1   2           
| 5 2 3   5 2 1     2 2   1 4 3                 
| 3 2   2 5       5 5 2       3     2           
5 - 3 3 4           4   5 2               1     
3 3 4 2   3 1       2   3 1 3 3                 
2       6         5         3 2               2 
2 3     5 3   2 3 5 2 4       4 3 3 3 3 5 3     
  1         2 4 1 1           3 3 1 1   2   6 3 
3       3 2 1 3       4               4   2 4 2 
2 1     3 2 1 1 1                     3 2   3 2 
