24 24
1 2 0 0 0 0 0 0 0 0 0 0 0 0 0 0 0 0 2 2 0 0 3 1 
0 1 2 1 0 0 0 0 0 0 3 0 4 4 0 0 1 0 0 3 2 2 0 1 
3 0 6 0 0 0 0 0 0 0 3 2 3 2 0 0 0 0 0 4 4 1 0 0 
4 1 0 0 0 0 0 0 0 0 0 1 0 0 0 0 0 0 0 3 6 2 0 0 
4 0 5 0 0 0 0 0 0 0 0 0 0 0 0 0 0 0 4 0 0 0 4 3 
0 1 0 2 0 3 2 0 3 0 0 3 1 0 1 1 2 1 0 3 6 3 5 4 
0 0 0 2 0 5 0 0 0 0 0 5 0 0 3 3 4 3 0 1 0 0 4 2 
0 0 0 0 1 0 0 0 0 1 0 0 3 0 0 5 0 0 0 3 5 4 5 2 
0 0 0 0 0 4 3 0 0 4 1 0 2 0 0 0 0 2 0 0 0 0 3 0 
0 0 0 4 3 0 0 0 0 1 0 0 3 0 3 3 0 0 0 0 0 0 0 0 
0 2 0 0 3 0 0 0 0 0 0 0 3 2 0 0 0 0 0 0 0 3 4 2 
0 0 0 0 0 0 0 0 0 0 0 0 2 0 0 0 0 0 0 0 0 2 0 0 
0 0 0 0 4 5 2 2 0 0 0 5 4 4 6 2 0 3 0 0 0 0 0 0 
0 0 0 4 2 0 0 0 0 0 0 0 1 0 0 0 0 0 0 0 0 0 0 0 
3 2 0 4 2 3 0 3 1 0 0 0 0 0 0 0 0 0 0 4 0 3 4 1 
3 1 0 2 0 3 0 0 0 2 0 0 0 0 0 0 0 0 0 4 0 0 1 0 
4 0 8 0 0 0 0 0 0 0 0 6 0 0 5 0 3 3 0 2 0 0 0 0 
0 1 0 1 0 0 0 0 0 0 0 0 0 0 0 3 0 0 4 0 4 3 2 1 
0 5 6 0 0 0 0 0 0 0 0 0 0 3 1 0 0 0 0 1 0 3 2 1 
0 0 0 2 0 4 0 0 4 2 2 0 0 2 1 0 0 0 0 0 0 2 0 0 
0 2 0 2 0 0 0 0 3 2 0 0 0 0 0 0 1 0 3 4 4 0 5 4 
0 1 0 3 2 0 0 0 0 0 0 0 1 0 0 3 3 0 0 3 3 1 0 0 
2 0 2 1 1 3 0 0 0 0 4 0 0 0 0 0 4 0 0 3 3 3 4 3 
1 3 0 0 0 0 0 0 0 0 4 2 0 2 0 0 3 2 2 3 2 3 3 1 
200 36
16 2 16 0
16 2 16 11
16 2 4 2
16 2 18 2
16 2 16 0
16 2 16 11
16 2 4 2
16 2 18 2
16 11 16 14
16 11 12 11
16 11 23 11
16 11 16 14
17 1 18 1
17 3 19 3
18 1 18 2
18 1 20 1
21 12 21 15
13 12 12 12
16 0 15 0
16 0 22 0
18 1 18 2
18 1 20 1
18 2 22 2
21 1 23 1
22 0 23 0
23 1 23 10
23 1 23 10
23 10 23 11
23 10 22 10
23 13 23 16
18 2 22 2
22 10 22 5
22 10 19 10
22 10 22 5
23 13 23 16
19 10 19 9

3050

1 2                                 2 2     3 1 
  1 2 1             3   4 4     1     3 2 2   1 
3   6               3 2 3 2           4 4 1     
4 1                   1               3 6 2     
4   5                               4       4 3 
  1 ǁ 2   3 2   3     3 1   1 1 2 1   3 6 3 5 4 
    ǁ 2   5           5     3 3 4 3   1     4 2 
    ǁ   1         1     3     5       3 5 4 5 2 
    ǁ     4 3     4 1   2         2         3   
    ǁ 4 3         1     3   3 3                 
  2 ǁ   3               3 2               3 4 2 
    ǁ                   2                 2     
    ǁ   4 5 2 2       5 4 4 6 2   3             
    ǁ 4 2             | 1                       
3 2 ǁ 4 2 3   3 1     |               4   3 4 1 
3 1 ǁ 2   3       2   |               4     1   
4 = 8 = = = = = = = = 6 = = 5   3 3   2         
| 1 ǁ 1               |       3     4   4 3 2 1 
| 5 6 |               |   3 1         1   3 2 1 
| ǁ ǁ 2   4     4 2 2 |   2 1             2     
| 2 ǁ 2         3 2 | |         1   3 4 4   5 4 
| 1 ǁ 3 2           | | 1 - - 3 3     3 3 1     
2 | 2 1 1 3 = = = = 4 |         4     3 3 3 4 3 
1 3 = = = = = = = = 4 2   2 = = 3 2 2 3 2 3 3 1 
