24 24
2 3 4 2 1 1 0 2 0 0 0 0 0 0 0 0 2 1 2 2 3 4 2 2 
2 0 5 0 0 0 0 0 0 0 0 0 0 0 0 0 5 2 4 4 4 0 1 0 
4 2 0 4 0 0 5 0 5 0 0 0 0 0 0 0 4 2 0 0 0 0 0 0 
0 0 0 3 2 1 2 1 0 1 2 0 3 0 2 2 2 2 3 0 3 4 2 0 
3 0 4 0 0 0 0 0 4 0 0 0 3 1 2 2 0 2 0 2 2 3 4 2 
2 1 0 2 3 0 0 0 5 0 0 3 0 0 0 0 4 3 0 1 0 1 0 1 
0 0 0 1 1 1 0 0 3 0 0 0 2 3 3 1 2 2 0 0 0 0 0 0 
4 0 5 0 0 0 0 0 0 0 0 0 0 0 0 0 0 0 4 0 5 0 5 2 
2 2 0 0 0 0 0 0 2 1 0 0 0 3 0 0 4 0 4 4 6 2 4 2 
3 3 0 0 0 0 0 0 3 0 0 0 0 3 2 0 3 1 4 4 3 1 4 0 
4 0 4 0 0 0 0 0 0 0 0 0 0 0 0 0 0 0 0 0 5 0 7 3 
0 2 4 0 0 0 0 2 0 0 0 0 0 0 0 0 0 1 2 2 0 1 0 0 
0 1 2 0 0 0 0 0 0 0 0 0 0 0 0 0 0 0 2 0 0 0 0 0 
4 0 0 0 0 0 0 0 4 0 3 0 0 0 2 1 2 0 0 0 0 0 0 0 
0 1 3 4 5 0 0 0 6 0 0 0 0 0 4 3 0 0 0 0 0 0 0 0 
0 0 0 3 4 3 0 0 6 0 0 0 0 2 3 4 4 1 0 0 0 0 0 0 
0 3 5 0 0 0 0 0 0 0 0 0 0 0 0 0 0 0 0 3 0 0 0 0 
0 2 4 0 0 0 0 0 0 0 0 0 0 2 0 0 0 1 0 0 0 3 0 0 
0 1 4 0 0 0 0 0 2 0 0 1 0 3 0 2 0 0 0 2 0 0 0 2 
2 0 0 0 0 0 0 0 0 0 0 0 0 3 0 0 0 0 1 0 0 0 0 0 
3 0 3 0 0 0 0 0 0 0 0 0 0 0 0 0 0 0 0 0 6 5 3 4 
5 0 4 0 0 0 2 0 0 0 0 0 0 0 0 0 3 2 0 0 0 3 2 3 
2 1 4 0 0 0 0 1 0 0 0 1 0 3 0 0 0 0 0 0 5 4 4 5 
0 0 2 1 2 0 0 0 0 0 0 0 0 4 1 0 0 2 0 0 3 2 3 3 
200 13
2 6 2 3
2 6 2 8
2 6 3 6
10 22 10 20
10 22 10 23
10 22 9 22
10 22 20 22
21 0 21 2
21 0 20 0
21 0 22 0
22 23 22 22
22 23 21 23
22 23 23 23

1606

2 3 4 2 1 1   2                 2 1 2 2 3 4 2 2 
2   5                           5 2 4 4 4   1   
4 2   4 - - 5 - 5               4 2             
      3 2 1 2 1   1 2   3   2 2 2 2 3   3 4 2   
3   4           4       3 1 2 2   2   2 2 3 4 2 
2 1   2 3       5     3         4 3   1   1   1 
      1 1 1     3       2 3 3 1 2 2             
4   5                               4   5   5 2 
2 2             2 1       3     4   4 4 6 2 4 2 
3 3             3         3 2   3 1 4 4 3 1 4   
4   4                                   5 - 7 3 
  2 4         2                   1 2 2   1 |   
  1 2                               2       |   
4               4   3       2 1 2           |   
  1 3 4 5       6           4 3             |   
      3 4 3     6         2 3 4 4 1         |   
  3 5                                 3     |   
  2 4                     2       1       3 |   
  1 4           2     1   3   2       2     | 2 
2                         3         1       |   
3   3                                   6 5 3 4 
5 - 4       2                   3 2       3 2 3 
2 1 4         1       1   3             5 4 4 5 
    2 1 2                 4 1     2     3 2 3 3 
