24 24
2 0 4 2 6 0 6 0 0 0 6 0 2 3 0 4 2 4 0 0 0 3 2 1 
4 4 0 3 6 2 2 2 2 1 0 0 0 2 0 0 0 2 0 0 0 0 0 0 
2 0 0 1 2 0 0 7 0 0 8 0 0 0 0 5 0 0 0 0 4 3 0 0 
2 7 8 0 0 0 2 4 4 4 0 2 2 0 6 0 0 0 0 5 4 0 0 0 
2 0 5 0 0 0 3 4 2 2 0 0 2 1 0 3 2 0 0 0 0 0 0 0 
0 0 2 2 0 0 0 5 4 3 0 0 0 2 0 0 0 0 0 0 0 0 0 0 
4 0 4 0 0 0 0 5 2 2 0 0 2 0 0 0 0 0 0 0 0 0 0 0 
0 0 0 0 0 2 0 5 2 0 0 0 0 0 0 3 0 0 0 3 0 0 0 0 
0 0 5 0 0 0 0 0 0 0 8 4 0 5 6 3 0 2 4 4 0 0 0 0 
0 0 0 0 2 3 1 2 4 0 5 1 0 0 1 2 0 0 2 0 0 0 0 0 
0 0 0 0 0 0 2 0 0 0 0 0 6 7 0 0 0 6 0 6 0 0 0 0 
0 0 0 1 0 0 0 2 0 4 4 2 0 0 2 0 0 6 2 0 0 0 0 0 
0 0 0 0 4 0 0 3 2 0 0 0 0 0 4 0 4 5 1 0 0 2 0 0 
0 0 0 0 0 0 0 0 0 0 0 2 0 0 0 0 2 0 0 0 0 0 0 0 
0 0 0 3 0 0 0 5 0 6 0 0 0 0 0 2 8 2 0 0 4 3 0 0 
0 0 0 0 0 0 0 4 2 0 0 0 0 6 6 2 0 1 0 5 0 2 0 0 
6 6 5 6 0 0 4 0 0 5 7 4 0 6 0 0 7 0 2 0 1 4 0 0 
2 0 4 8 4 0 6 4 4 0 6 2 0 4 2 2 3 3 0 4 0 0 0 0 
1 0 2 4 2 0 2 2 4 2 2 1 0 1 3 2 0 1 0 0 0 0 0 0 
5 7 0 0 0 5 0 0 0 0 0 0 5 0 0 0 0 0 0 0 0 8 3 0 
0 6 0 0 0 0 0 0 0 0 0 0 0 3 0 0 0 0 0 0 1 0 4 2 
0 4 0 0 0 0 0 0 0 0 0 0 0 0 0 0 1 2 0 0 0 7 3 0 
4 3 0 0 0 0 0 2 1 0 0 0 0 0 0 0 0 0 0 0 0 7 2 0 
2 1 0 0 0 0 0 0 0 0 0 0 0 3 0 0 0 0 0 0 0 6 4 2 
200 218
0 4 0 3
0 4 0 6
0 4 1 4
0 6 0 4
0 6 0 10
0 6 1 6
0 10 0 6
0 10 0 12
0 10 2 10
2 7 2 4
2 7 2 10
2 7 1 7
2 7 3 7
2 10 2 7
2 10 2 15
2 10 0 10
2 10 8 10
3 1 3 0
3 1 3 2
3 1 1 1
3 1 16 1
3 2 3 1
3 2 3 6
3 2 0 2
3 2 4 2
3 9 3 8
3 9 4 9
3 9 3 8
3 9 4 9
3 14 3 12
3 14 3 19
3 14 8 14
6 0 4 0
6 0 16 0
6 0 4 0
6 0 16 0
8 2 8 10
8 2 6 2
8 2 16 2
8 10 8 2
8 10 8 11
8 10 2 10
8 10 9 10
10 13 10 12
10 13 10 17
10 13 8 13
10 13 15 13
10 19 10 17
10 19 8 19
10 19 15 19
14 9 14 7
14 9 11 9
14 9 16 9
14 9 14 7
14 9 11 9
14 9 16 9
14 16 14 15
14 16 14 17
14 16 13 16
14 16 16 16
15 13 15 14
15 13 10 13
15 13 16 13
16 0 16 1
16 0 17 0
16 10 16 9
16 10 16 11
16 10 11 10
16 10 17 10
17 3 17 2
17 3 17 4
17 3 16 3
17 3 18 3
17 19 17 17
17 19 15 19
19 0 19 1
19 0 18 0
19 0 22 0
19 5 19 1
19 5 19 12
19 5 9 5
19 21 19 12
19 21 19 22
19 21 16 21
19 21 21 21
20 1 20 13
20 1 19 1
20 1 21 1
20 20 20 13
22 21 22 8
22 21 22 22
22 21 21 21
22 21 23 21
23 21 23 13
23 21 23 22
23 21 22 21
0 4 0 3
0 4 1 4
0 6 1 6
0 10 0 12
1 5 1 4
1 9 1 8
2 10 2 15
3 2 3 1
3 2 3 6
3 2 0 2
3 14 3 12
3 14 3 19
3 14 8 14
4 2 4 6
4 2 5 2
4 2 4 6
4 2 5 2
4 6 4 7
4 16 4 15
5 3 5 7
7 5 7 7
8 10 8 11
8 10 9 10
10 19 10 17
10 19 8 19
10 19 15 19
11 3 14 3
12 4 9 4
12 4 17 4
12 4 9 4
12 4 17 4
14 3 16 3
14 16 14 15
14 16 14 17
14 16 13 16
14 16 16 16
16 0 16 1
16 0 17 0
16 16 16 13
16 16 16 18
16 16 17 16
17 3 17 2
17 3 17 4
17 3 16 3
17 3 18 3
17 6 17 7
17 6 16 6
17 6 18 6
17 6 17 7
17 6 16 6
17 6 18 6
17 19 17 17
17 19 15 19
18 4 18 3
19 0 19 1
19 0 22 0
19 21 19 12
19 21 19 22
19 21 16 21
19 21 21 21
20 1 20 13
20 1 19 1
20 1 21 1
22 7 22 1
22 21 22 22
22 21 21 21
23 21 23 13
23 21 23 22
23 22 23 23
23 22 23 23
0 2 0 0
0 2 0 0
1 0 1 1
1 0 2 0
1 5 1 4
1 8 1 7
2 7 2 4
2 7 3 7
3 11 8 11
4 16 4 15
5 3 5 7
7 5 7 7
12 16 12 14
12 16 12 17
12 16 12 14
12 16 12 17
12 17 12 18
12 17 11 17
12 17 11 17
14 3 16 3
15 14 15 13
15 14 15 15
15 14 12 14
15 15 15 14
15 17 15 19
16 3 16 2
16 18 16 16
18 4 18 3
22 7 22 1
23 13 23 1
1 0 1 1
1 0 2 0
1 1 3 1
1 4 1 3
1 4 1 3
2 3 1 3
3 11 8 11
4 15 7 15
11 18 11 17
16 3 16 2
18 2 17 2
18 2 17 2
23 0 22 0
23 0 22 0
11 18 11 17
22 1 21 1
21 1 21 16
21 17 21 21
21 17 21 21
21 21 21 22
21 22 20 22
21 22 20 22

3110

2 = 4 2 6 = 6 = = = 6 = 2 3   4 2 4       3 2 1 
4 4 ǁ 3 6 2 2 2 2 1 ǁ     2       2             
2 ǁ ǁ 1 2 = = 7 = = 8 = = = = 5         4 3     
2 7 8 = = = 2 4 4 4 ǁ 2 2 = 6 = = = = 5 4       
2 | 5 = = = 3 4 2 2 ǁ ǁ 2 1 ǁ 3 2               
ǁ | 2 2 = = = 5 4 3 ǁ ǁ   2 ǁ |                 
4 | 4         5 2 2 ǁ ǁ 2   ǁ |                 
ǁ | |     2 = 5 2   ǁ ǁ     ǁ 3       3         
ǁ | 5 = = = = = = = 8 4   5 6 3   2 4 4         
ǁ | |   2 3 1 2 4   5 1   | 1 2     2 ǁ         
ǁ | |   ǁ | 2           6 7 - - - 6 = 6         
ǁ | | 1 ǁ |   2   4 4 2   ǁ 2     6 2 ǁ         
ǁ | | | 4 |   3 2 ǁ |     ǁ 4 = 4 5 1 ǁ   2     
ǁ | | | ǁ |       ǁ | 2   ǁ |   2     ǁ         
ǁ | | 3 ǁ |   5 = 6 |     ǁ | 2 8 2   ǁ 4 3     
ǁ | | ǁ ǁ |   4 2 ǁ |     6 6 2 ǁ 1 - 5   2     
6 6 5 6 ǁ | 4     5 7 4   6 - - 7 = 2 ǁ 1 4     
2   4 8 4 | 6 4 4   6 2   4 2 2 3 3 = 4   ǁ     
1   2 4 2 | 2 2 4 2 2 1   1 3 2   1       ǁ     
5 7 - - - 5 - - - - - - 5 = = = = = = = = 8 3   
ǁ 6 = = = = = = = = = = = 3 - - - - - - 1 ǁ 4 2 
ǁ 4 - - - - - - - - - - - - - - 1 2 = = = 7 3   
4 3 = = = = = 2 1 - - - - - - - - - - - - 7 2   
2 1 - - - - - - - - - - - 3 = = = = = = = 6 4 2 
