24 24
2 2 6 0 0 6 0 0 0 0 0 0 0 0 0 0 0 0 0 0 0 0 3 1 
0 2 6 4 0 5 1 2 4 1 1 4 4 3 2 4 0 0 0 0 0 0 6 4 
5 0 0 0 0 0 0 0 7 3 0 2 0 0 2 0 2 0 6 0 0 0 3 0 
0 2 0 4 0 0 0 0 5 2 0 0 0 0 0 0 4 2 0 3 4 0 2 1 
5 0 0 0 0 0 0 0 0 0 7 0 7 6 3 0 5 0 6 3 0 0 3 4 
0 4 4 2 1 0 3 2 0 0 6 2 0 4 2 0 2 0 2 1 0 4 6 6 
0 0 4 0 0 0 7 0 0 0 0 0 6 0 0 7 0 0 4 2 0 2 0 0 
0 0 5 3 0 0 0 1 0 4 1 0 0 1 2 7 4 4 4 3 5 0 7 5 
0 0 4 3 2 1 0 2 6 8 4 0 0 5 6 8 0 0 6 3 0 3 0 0 
0 0 6 0 0 0 7 4 0 2 2 0 0 0 4 4 0 0 2 1 0 0 0 0 
0 0 0 0 0 0 1 0 0 0 0 0 0 6 0 0 0 0 0 0 0 5 0 0 
0 0 4 0 0 0 2 0 0 0 0 0 0 6 0 4 4 0 1 0 0 0 0 0 
0 0 0 0 0 0 0 2 0 0 0 0 0 2 0 0 6 0 0 2 0 0 0 1 
0 0 0 0 0 0 0 0 0 0 0 0 0 0 0 0 4 2 0 0 0 0 0 2 
0 4 0 0 0 0 0 0 6 0 0 0 7 0 0 6 0 0 0 0 0 4 5 6 
0 0 2 1 2 0 0 0 0 0 2 0 0 2 2 0 0 0 0 0 0 0 0 2 
0 0 0 0 0 2 0 0 0 0 0 0 0 0 0 0 0 0 0 0 0 0 3 2 
0 0 0 5 4 0 0 0 0 1 5 0 6 6 4 0 3 0 1 0 0 0 2 0 
0 3 4 0 2 6 0 0 5 2 3 2 3 2 1 0 0 0 0 0 0 0 0 0 
6 5 4 6 0 0 0 0 0 0 0 0 0 0 0 6 4 0 0 0 0 5 8 2 
0 0 2 2 0 0 0 0 0 0 0 0 2 0 0 8 0 0 4 0 0 3 0 0 
0 3 3 0 0 0 0 0 0 0 0 0 0 0 0 6 0 2 2 0 0 0 0 0 
2 2 4 0 2 0 0 2 0 0 0 0 0 0 4 0 0 0 7 0 0 3 3 1 
0 0 1 0 0 0 0 0 0 0 0 0 0 0 1 0 0 0 3 0 0 0 1 0 
200 233
0 2 0 1
0 2 0 5
0 2 1 2
0 5 0 2
0 5 0 22
0 5 1 5
1 23 1 22
1 23 0 23
1 23 3 23
1 23 1 22
2 0 2 8
2 0 0 0
2 0 4 0
2 18 2 16
2 18 2 22
2 18 4 18
4 10 4 0
4 10 4 12
4 10 1 10
4 10 5 10
4 23 4 22
4 23 5 23
5 1 5 2
5 1 14 1
5 1 5 2
5 1 14 1
5 23 5 22
5 23 4 23
5 23 7 23
6 6 6 2
6 6 6 12
6 6 5 6
6 6 9 6
6 15 6 12
6 15 6 18
6 15 1 15
6 15 7 15
7 2 7 3
7 2 6 2
7 2 8 2
7 20 7 19
7 20 7 22
7 20 3 20
7 23 7 22
7 23 5 23
7 23 12 23
7 23 7 22
8 8 8 7
8 8 8 9
8 8 14 8
8 8 8 7
8 8 8 9
8 8 14 8
8 9 8 10
8 9 7 9
8 9 9 9
8 15 8 14
8 15 8 18
8 15 7 15
8 15 9 15
9 2 9 6
9 2 8 2
9 2 11 2
9 6 9 2
9 6 9 7
9 6 6 6
9 6 10 6
9 6 9 7
9 7 12 7
10 13 10 21
10 13 8 13
10 13 11 13
10 13 10 21
10 13 8 13
10 13 11 13
11 6 11 2
11 13 11 15
11 13 12 13
11 13 11 15
11 13 12 13
12 16 12 19
12 16 11 16
12 16 13 16
12 19 12 16
14 12 14 8
14 12 14 15
14 12 6 12
14 12 17 12
14 23 14 22
14 23 13 23
14 23 15 23
16 5 18 5
17 3 17 4
17 3 15 3
17 3 19 3
18 5 18 4
18 5 18 8
18 5 16 5
19 0 19 1
19 0 4 0
19 0 22 0
19 22 19 21
19 22 19 23
19 22 17 22
19 22 22 22
20 15 20 12
20 15 20 18
20 15 19 15
20 15 21 15
21 15 21 2
21 15 21 17
21 15 20 15
22 18 22 14
22 18 22 21
22 18 21 18
22 18 23 18
0 2 0 1
0 2 1 2
0 5 0 22
0 5 1 5
0 22 1 22
1 1 1 2
1 3 1 2
1 3 1 5
1 3 1 2
1 3 1 5
1 5 1 6
1 7 1 8
1 11 1 12
1 11 2 11
2 18 2 16
2 18 2 22
2 18 4 18
3 1 3 3
3 8 3 3
3 8 3 9
3 8 2 8
3 16 3 17
3 16 4 16
3 16 3 17
3 16 4 16
4 10 4 0
4 10 4 12
4 10 5 10
4 12 4 13
4 12 1 12
4 12 6 12
4 23 4 22
5 10 5 7
5 10 5 11
5 10 5 7
5 10 5 11
5 13 5 14
5 13 4 13
5 13 5 14
5 13 4 13
5 21 5 22
5 21 6 21
5 21 5 22
5 21 6 21
5 23 5 22
7 7 7 9
7 16 7 15
7 16 7 17
7 16 7 15
7 16 7 17
7 17 7 18
8 5 8 4
8 9 8 10
8 9 7 9
8 9 9 9
8 15 8 14
8 15 8 18
8 15 7 15
8 15 9 15
9 2 8 2
9 2 11 2
9 7 12 7
9 10 8 10
9 14 9 15
9 14 8 14
9 14 9 15
9 14 8 14
11 6 11 2
11 18 11 16
12 16 11 16
12 16 13 16
14 23 14 22
14 23 13 23
14 23 15 23
15 2 18 2
15 2 18 2
17 3 17 4
17 3 19 3
18 5 18 4
18 5 18 8
19 0 19 1
19 0 4 0
19 0 22 0
19 22 19 21
19 22 19 23
19 22 17 22
19 22 22 22
20 15 20 12
20 15 20 18
20 15 19 15
21 15 21 2
21 15 21 17
22 23 22 22
23 22 23 18
0 0 2 0
1 1 1 2
1 7 1 8
1 11 1 12
1 11 2 11
2 0 2 8
3 1 3 3
3 3 3 8
7 9 7 10
7 17 7 18
8 4 8 3
8 10 9 10
11 16 11 15
13 17 13 16
16 23 16 22
16 23 16 22
17 4 15 4
11 15 14 15
13 17 13 16
16 22 14 22
17 4 15 4
15 10 17 10
15 10 17 10

2303

2 2 6 = = 6 = = = = = = = = = = = = = = = = 3 1 
ǁ 2 6 4 = 5 1 2 4 1 1 4 4 3 2 4             6 4 
5 = = = = = = = 7 3 | 2 |   2 | 2 = 6 = = = 3 | 
| 2 = 4 = = = = 5 2 |   |     | 4 2 ǁ 3 4   2 1 
5 = = = = = = = = = 7 = 7 6 3 | 5   6 3 |   3 4 
ǁ 4 4 2 1   3 2 = = 6 2 | 4 2 | 2   2 1 | 4 6 6 
ǁ ǁ 4 - - - 7 - - - - - 6 - - 7 - - 4 2 | 2   ǁ 
ǁ ǁ 5 3     ǁ 1 - 4 1   | 1 2 7 4 4 4 3 5 - 7 5 
ǁ ǁ 4 3 2 1 ǁ 2 6 8 4   | 5 6 8 = = 6 3   3   | 
ǁ ǁ 6 = = = 7 4 ǁ 2 2   | ǁ 4 4     2 1       | 
ǁ ǁ ǁ       1 ǁ ǁ       | 6 = = = = = = = 5   | 
ǁ ǁ 4 = = = 2 ǁ ǁ       | 6 = 4 4 - 1         | 
ǁ ǁ           2 ǁ       | 2   | 6 = = 2       1 
ǁ ǁ             ǁ       |     | 4 2           2 
ǁ 4             6 - - - 7 - - 6           4 5 6 
ǁ   2 1 2           2   | 2 2               | 2 
ǁ   ǁ | ǁ 2         ǁ   |                   3 2 
ǁ   ǁ 5 4 ǁ       1 5   6 6 4   3   1       2   
ǁ 3 4 ǁ 2 6 = = 5 2 3 2 3 2 1               ǁ   
6 5 4 6                       6 4         5 8 2 
ǁ   2 2                 2 = = 8 = = 4     3 ǁ   
ǁ 3 3 = = = = = = = = = = = = 6 = 2 2       ǁ   
2 2 4   2     2             4 - - - 7 - - 3 3 1 
    1                       1       3 - - - 1   
