24 24
0 1 0 2 2 3 3 3 0 0 0 0 0 0 0 0 0 0 0 0 0 0 0 3 
0 0 0 0 3 0 2 2 4 0 0 4 4 0 0 0 0 0 0 0 0 6 0 5 
2 3 0 5 0 0 0 0 2 0 0 0 2 0 0 2 0 0 0 0 0 4 2 0 
0 3 1 0 4 6 0 0 0 0 0 7 0 0 0 0 0 0 0 0 0 0 5 0 
0 3 2 0 2 6 0 4 4 4 2 0 2 3 0 1 1 0 0 0 5 2 0 0 
6 0 0 8 0 0 0 0 0 7 5 0 0 0 0 0 0 4 2 0 0 0 0 0 
0 2 0 0 2 0 0 4 2 3 0 0 3 0 0 0 0 4 0 0 7 0 5 0 
4 0 0 0 0 0 0 0 4 0 0 0 2 0 0 0 0 0 0 0 1 0 0 0 
4 0 0 0 3 0 0 5 0 0 2 0 0 0 0 0 0 0 0 0 0 0 0 0 
0 0 0 0 0 2 1 4 4 0 1 0 2 5 0 0 0 0 0 0 0 0 6 0 
4 4 0 0 0 0 1 2 0 7 0 8 0 0 0 6 0 0 0 6 4 2 0 0 
3 0 0 0 0 2 0 2 0 4 1 0 2 0 0 8 4 0 0 0 0 0 0 0 
2 0 0 0 5 0 0 0 0 0 0 6 4 0 0 0 0 0 0 0 0 0 0 0 
4 6 4 0 3 1 2 4 0 0 0 1 2 0 0 0 0 2 0 6 3 4 0 0 
4 0 2 0 1 3 0 6 0 0 0 0 0 0 0 4 5 4 4 6 4 3 0 0 
2 0 0 0 2 0 0 0 0 0 0 0 0 0 0 0 5 0 0 2 0 0 0 0 
3 6 0 6 0 0 0 0 0 0 0 0 0 0 0 0 0 0 0 0 0 0 6 4 
3 4 2 0 2 0 0 5 0 3 0 0 3 1 0 0 2 0 4 0 5 4 0 0 
4 3 4 0 4 5 0 8 0 0 0 0 0 0 0 0 0 0 0 0 5 2 0 0 
2 0 2 0 2 3 2 0 0 0 2 2 0 0 0 0 6 0 0 0 6 4 0 2 
3 0 0 6 0 0 0 8 0 0 7 0 0 1 0 0 0 2 0 0 4 3 0 2 
0 1 0 7 4 3 0 0 2 0 7 0 0 0 0 0 7 0 0 0 5 2 0 0 
4 2 2 2 1 4 0 6 2 1 5 2 0 0 0 0 4 4 0 0 3 0 7 4 
2 0 6 0 4 0 0 0 0 0 0 0 0 0 0 0 0 0 0 0 0 0 6 2 
200 309
1 21 1 12
1 21 1 23
1 21 2 21
1 21 1 12
1 21 1 23
1 21 2 21
3 11 3 5
3 11 3 22
3 11 1 11
3 11 10 11
4 20 4 16
4 20 4 21
4 20 6 20
5 0 5 3
5 0 2 0
5 0 7 0
5 0 5 3
5 0 2 0
5 0 7 0
5 3 5 9
5 3 2 3
5 3 16 3
5 10 5 9
5 10 4 10
5 10 8 10
5 17 5 18
5 17 6 17
5 17 5 18
5 17 6 17
6 1 10 1
6 20 6 17
6 20 6 22
6 20 4 20
6 20 7 20
7 0 8 0
7 8 6 8
7 8 9 8
7 8 6 8
7 8 9 8
8 0 7 0
8 0 10 0
8 0 10 0
8 7 8 4
8 7 6 7
8 7 9 7
9 22 9 13
9 22 6 22
9 22 16 22
9 22 9 13
9 22 6 22
9 22 16 22
10 0 10 1
10 0 11 0
10 1 6 1
10 1 13 1
10 9 10 7
10 9 10 11
10 9 6 9
10 9 11 9
10 11 10 9
10 11 10 15
10 11 3 11
10 11 12 11
10 15 10 11
10 15 10 19
10 15 11 15
10 15 10 19
10 15 11 15
10 19 10 20
10 19 13 19
11 0 12 0
11 15 11 12
11 15 11 16
11 15 14 15
11 16 11 15
11 16 14 16
11 16 11 15
12 4 12 11
12 4 8 4
12 4 13 4
13 1 13 0
13 1 13 2
13 1 16 1
13 1 13 0
13 1 13 2
13 2 14 2
14 0 13 0
14 0 15 0
14 0 13 0
14 0 15 0
16 1 16 0
16 1 16 3
16 1 17 1
16 1 16 0
16 1 16 3
16 3 16 22
16 3 5 3
16 3 20 3
17 7 17 4
17 7 17 9
17 7 18 7
17 18 17 16
17 18 17 20
17 18 17 16
17 18 17 20
17 21 17 20
17 21 18 21
17 21 17 20
17 21 18 21
18 5 18 4
18 5 18 7
18 5 19 5
18 7 18 5
18 7 18 20
18 7 17 7
18 7 20 7
19 6 19 5
19 16 19 11
19 16 19 20
19 16 21 16
19 16 19 11
19 16 19 20
19 16 21 16
19 20 19 21
19 20 18 20
19 20 20 20
19 20 19 21
19 21 19 23
19 21 20 21
20 3 20 0
20 3 20 7
20 3 21 3
20 3 20 0
20 3 20 7
20 7 20 10
20 7 18 7
20 7 22 7
20 10 20 7
20 10 20 13
20 10 19 10
20 10 21 10
21 3 21 1
21 3 21 4
21 3 22 3
21 3 21 4
21 3 22 3
21 3 21 4
21 4 21 5
21 5 22 5
21 16 21 10
21 16 21 20
21 16 22 16
22 7 22 5
22 7 22 8
22 7 20 7
22 10 22 9
22 10 22 11
22 10 21 10
22 17 22 16
22 17 22 20
22 17 22 16
22 17 22 20
23 2 23 0
23 2 23 4
23 2 22 2
23 2 23 0
23 2 23 4
23 2 22 2
23 4 23 22
23 4 22 4
1 12 1 11
1 12 2 12
2 12 2 15
2 15 2 21
2 21 2 22
2 22 3 22
3 22 3 11
3 22 6 22
3 22 6 22
4 5 4 4
4 5 4 7
4 5 3 5
4 5 4 4
4 5 4 7
4 5 3 5
4 7 4 8
4 8 4 7
4 8 4 9
4 8 4 9
4 9 4 10
4 9 5 9
4 15 4 13
4 20 4 21
5 3 5 9
5 3 2 3
5 9 5 10
5 9 6 9
6 7 6 4
6 7 8 7
6 7 6 4
6 17 6 12
9 8 9 7
9 10 8 10
9 13 9 12
10 11 12 11
10 19 10 20
10 19 13 19
10 20 10 21
10 20 13 20
10 21 13 21
11 0 12 0
11 10 11 9
12 11 12 4
12 11 12 12
12 11 13 11
12 12 11 12
12 12 13 12
12 12 13 12
13 2 14 2
13 7 13 6
13 7 14 7
13 7 13 6
13 7 14 7
13 19 13 17
13 19 13 20
13 19 14 19
13 19 13 17
13 21 13 20
13 21 14 21
13 21 14 21
14 7 14 5
14 7 14 15
14 7 14 5
14 7 14 15
14 15 14 16
14 17 14 16
14 17 14 18
14 17 14 16
14 17 14 18
14 18 14 19
14 19 14 18
14 19 14 20
14 19 15 19
14 19 14 20
14 20 14 21
15 16 15 4
15 16 15 19
15 16 14 16
15 16 15 4
16 0 17 0
16 22 16 23
17 13 17 12
17 20 18 20
18 7 18 20
19 6 19 5
19 10 20 10
20 10 21 10
20 17 20 20
21 5 22 5
22 0 22 1
22 0 20 0
22 0 22 1
22 5 22 7
22 7 22 8
22 10 22 11
22 10 21 10
22 16 21 16
1 11 1 8
1 11 3 11
3 4 3 5
3 4 1 4
3 4 3 5
3 4 1 4
3 5 0 5
4 13 4 12
5 9 5 10
6 9 10 9
9 8 9 7
9 13 9 12
11 9 11 7
11 9 10 9
16 22 16 23
17 12 17 9
18 5 18 4
19 4 18 4
20 17 20 20
20 20 20 21
21 8 21 10
1 4 0 4
1 8 1 7
1 8 2 8
1 8 1 7
4 13 4 12
6 12 7 12
7 12 6 12
16 22 16 23
16 23 1 23
17 12 17 9
18 4 17 4
19 23 20 23
21 8 21 10
21 16 21 20
1 6 0 6
1 23 0 23
1 23 0 23
0 23 0 7
1 6 0 6
0 5 0 4
0 5 0 6

2042

  1   2 2 3 3 3 - - - - - - - - - - - - - - - 3 
        3 | 2 2 4 - - 4 4 = = = = = = = = 6 = 5 
2 3   5 ǁ |     2     ǁ 2 - - 2 - - - - - 4 2 | 
ǁ 3 1 ǁ 4 6 - - - - - 7 = = = = = = = = = = 5 | 
ǁ 3 2 ǁ 2 6 = 4 4 4 2 ǁ 2 3 - 1 1 - - - 5 2 ǁ | 
6 = = 8 = = = = = 7 5 ǁ           4 2   ǁ   ǁ | 
ǁ 2   ǁ 2 = = 4 2 3 | ǁ 3 - - - - 4 - - 7 - 5 | 
4 ǁ   ǁ       ǁ 4 ǁ | ǁ 2               1   ǁ | 
4 ǁ   ǁ 3 - - 5 ǁ ǁ 2 ǁ                     ǁ | 
ǁ ǁ   ǁ | 2 1 4 4 ǁ 1 ǁ 2 5 = = = = = = = = 6 | 
4 4   ǁ |   1 2 - 7 = 8 = = = 6 = = = 6 4 2 ǁ | 
3 |   ǁ | 2   2 - 4 1 ǁ 2 - - 8 4     ǁ | | ǁ | 
2 |   ǁ 5 = = = = = = 6 4     | |     ǁ | | ǁ | 
4 6 4 ǁ 3 1 2 4       1 2     | | 2 = 6 3 4 ǁ | 
4 | 2 ǁ 1 3 = 6 = = = = = = = 4 5 4 4 6 4 3 ǁ | 
2 |   ǁ 2 = = = = = = = = = = = 5 - - 2     ǁ | 
3 6 = 6 - - - - - - - - - - - - - - - - - - 6 4 
3 4 2 | 2 - - 5 - 3 = = 3 1     2 = 4 = 5 4     
4 3 4 | 4 5 = 8 = = = = = = = = = = = = 5 2     
2   2 | 2 3 2 ǁ     2 2 = = = = 6 = = = 6 4 - 2 
3 = = 6 = = = 8 = = 7 - - 1     ǁ 2 = = 4 3   2 
| 1 - 7 4 3   ǁ 2 = 7 - - - - - 7 = = = 5 2     
4 2 2 2 1 4 = 6 2 1 5 2         4 4 = = 3   7 4 
2 = 6 = 4 - - - - - - - - - - - - - - - - - 6 2 
