24 24
4 0 4 2 4 0 0 0 0 1 1 2 0 5 2 0 0 0 0 0 0 0 1 2 
4 0 7 0 5 1 4 2 0 1 3 0 0 5 0 0 0 0 0 0 0 0 6 6 
2 0 5 1 0 2 0 2 0 4 0 0 0 0 2 0 0 6 2 0 2 0 3 0 
4 0 0 0 8 7 7 0 4 0 4 2 0 0 4 0 0 7 0 0 4 0 1 2 
0 4 6 2 0 0 2 2 5 0 3 0 0 0 0 2 0 0 0 0 0 2 2 0 
0 0 0 0 0 4 0 0 3 0 0 2 0 0 0 0 0 0 0 0 0 0 0 0 
0 0 0 0 0 0 0 0 0 0 0 0 0 0 0 0 0 0 0 0 0 0 0 0 
4 0 6 4 0 0 0 0 3 6 5 0 0 0 0 4 0 5 0 0 0 5 0 0 
3 5 6 4 0 3 0 3 0 2 4 4 0 0 6 4 4 4 2 0 0 0 3 0 
2 0 4 2 0 0 0 1 0 0 0 0 0 0 4 2 2 3 0 2 0 0 0 0 
5 6 0 0 6 0 0 0 0 0 0 0 0 5 0 0 0 0 0 0 0 8 3 1 
2 0 3 2 0 3 5 0 0 0 0 0 0 0 0 0 0 0 0 0 3 0 2 0 
1 0 4 0 0 5 7 0 0 0 0 0 0 0 0 0 0 0 3 1 0 0 0 0 
0 0 0 0 0 0 0 2 0 0 0 0 0 0 0 0 0 0 2 0 0 4 3 0 
5 8 7 5 0 0 0 1 0 0 0 0 0 0 0 0 0 0 4 3 0 1 2 0 
2 0 1 4 0 0 4 0 0 0 0 0 0 0 0 0 0 0 8 2 0 0 0 0 
2 7 4 0 0 6 0 2 0 0 0 0 0 1 0 0 0 0 6 1 0 0 0 0 
2 1 3 3 0 4 2 0 0 0 0 0 0 0 0 0 0 0 4 2 0 0 0 0 
6 0 0 0 8 0 0 0 0 0 0 0 0 0 0 0 0 0 0 0 6 0 6 4 
5 5 1 0 0 0 0 2 0 5 0 1 1 3 2 4 0 0 0 0 0 1 3 0 
5 4 2 0 6 0 0 0 0 8 0 3 0 5 2 4 0 0 0 0 7 0 4 1 
3 4 0 0 0 0 0 0 0 6 2 0 0 0 0 0 0 0 0 0 8 2 0 0 
4 7 0 0 0 2 2 0 0 5 0 0 0 0 0 3 2 0 0 0 8 0 3 1 
2 4 0 2 0 0 0 0 0 2 0 0 4 0 0 4 0 0 2 0 6 2 0 0 
200 223
0 0 0 2
0 0 1 0
0 13 0 11
0 13 0 14
0 13 1 13
1 2 1 0
1 2 1 4
1 2 0 2
1 2 2 2
1 23 1 22
1 23 0 23
1 23 3 23
2 17 2 14
2 17 2 18
2 17 3 17
3 4 3 0
3 4 3 5
3 4 1 4
3 4 10 4
3 6 3 5
3 6 3 8
3 6 1 6
3 6 4 6
4 1 4 2
4 1 8 1
4 2 4 1
4 2 4 3
4 2 7 2
7 0 3 0
7 0 8 0
7 0 3 0
7 0 8 0
7 2 7 3
7 2 4 2
7 2 8 2
7 21 7 17
7 21 4 21
7 21 10 21
10 0 10 1
10 0 9 0
10 0 11 0
10 21 10 13
10 21 10 22
10 21 7 21
10 21 13 21
12 6 12 5
12 6 12 18
12 6 11 6
12 6 15 6
14 0 14 1
14 0 12 0
14 0 15 0
14 1 14 0
14 1 14 2
14 1 10 1
14 1 16 1
14 2 14 1
14 2 14 3
14 2 12 2
14 2 15 2
15 18 15 6
15 18 15 19
15 18 14 18
15 18 16 18
16 1 16 0
16 1 16 2
16 1 14 1
16 1 17 1
16 18 16 13
16 18 16 19
16 18 15 18
16 18 17 18
17 19 17 18
17 19 17 18
18 0 18 4
18 0 17 0
18 0 19 0
18 4 18 0
18 4 18 20
18 4 10 4
18 4 20 4
18 23 18 22
18 23 10 23
18 23 20 23
18 23 18 22
19 1 19 0
19 1 19 2
19 1 20 1
19 7 19 9
20 0 20 1
20 0 19 0
20 0 21 0
20 4 20 2
20 4 20 9
20 4 18 4
20 9 20 4
20 9 20 11
20 9 19 9
20 9 21 9
20 13 20 11
20 13 20 14
20 13 19 13
20 20 20 15
20 20 20 22
20 20 18 20
20 20 21 20
21 20 21 10
21 20 21 21
21 20 20 20
21 20 22 20
22 1 22 0
22 1 22 5
22 1 21 1
22 1 23 1
22 20 22 16
22 20 22 22
22 20 21 20
22 20 23 20
22 23 22 22
23 12 23 9
23 12 23 15
23 12 23 9
23 12 23 15
23 20 23 18
23 20 23 21
23 20 22 20
23 21 23 20
0 0 0 2
0 0 1 0
1 23 1 22
1 23 0 23
1 23 3 23
2 3 2 2
2 17 2 14
2 17 2 18
2 17 3 17
3 4 3 0
3 4 3 5
3 4 1 4
3 4 10 4
3 17 3 14
3 17 3 20
3 17 7 17
4 1 4 2
4 3 7 3
8 18 8 17
9 19 9 17
10 21 10 13
10 21 10 22
10 21 13 21
11 0 10 0
14 0 14 1
14 2 14 3
14 2 12 2
15 0 16 0
15 3 14 3
15 3 17 3
15 3 14 3
15 3 17 3
15 18 15 6
15 18 15 19
15 18 14 18
16 1 16 2
16 5 16 7
16 5 12 5
16 5 17 5
16 5 16 7
16 5 12 5
16 5 17 5
16 18 17 18
17 0 18 0
17 3 17 2
17 5 17 6
17 6 17 5
18 0 19 0
18 4 18 20
18 4 10 4
19 1 19 0
19 1 20 1
19 7 19 9
19 15 19 14
19 15 20 15
19 15 19 14
19 15 20 15
20 0 20 1
20 0 21 0
20 2 20 4
20 9 20 11
20 9 19 9
20 9 21 9
20 13 20 14
20 13 19 13
20 15 20 20
21 20 21 10
21 20 21 21
22 9 22 6
22 9 22 15
22 9 21 9
22 20 22 16
22 20 22 22
23 3 23 1
23 20 23 18
8 18 8 17
9 19 9 17
12 2 11 2
14 3 11 3
15 6 12 6
16 1 16 2
16 2 17 2
19 9 19 11
19 12 19 13
20 22 20 20
20 22 19 22
20 22 19 22
21 9 21 1
21 9 22 9
23 3 23 1
23 15 22 15
23 15 22 15
12 2 11 2
21 9 21 1
22 9 22 6
22 5 22 1

2857

4 = 4 2 4         1 1 2 - 5 2               1 2 
4 - 7 - 5 1 4 2   1 3     5                 6 6 
2   5 1 ǁ 2 | 2   4         2 = = 6 2   2   3 ǁ 
4 = = = 8 7 7 - 4   4 2     4 - - 7 - - 4   1 2 
ǁ 4 6 2 ǁ   2 2 5   3         2   |       2 2   
ǁ | ǁ | ǁ 4     3     2           |       |     
ǁ | ǁ | ǁ                         |       |     
4 | 6 4 ǁ       3 6 5         4   5 - - - 5     
3 5 6 4 ǁ 3   3   2 4 4     6 4 4 4 2     ǁ 3   
2   4 2 ǁ     1             4 2 2 3 = 2   ǁ     
5 6     6                 5 = = = = = = = 8 3 1 
2 | 3 2 ǁ 3 5                           3 ǁ 2 | 
1 | 4 | ǁ 5 7 - - - - - - - - - - - 3 1   ǁ   | 
| | ǁ | ǁ ǁ ǁ 2                     2     4 3 | 
5 8 7 5 ǁ ǁ ǁ 1                     4 3   1 2 | 
2 ǁ 1 4 ǁ ǁ 4 = = = = = = = = = = = 8 2       | 
2 7 4 ǁ ǁ 6 = 2           1 - - - - 6 1       | 
2 1 3 3 ǁ 4 2                       4 2       | 
6 = = = 8 = = = = = = = = = = = = = = = 6   6 4 
5 5 1   ǁ     2 = 5 - 1 1 3 2 4         | 1 3 | 
5 4 2 = 6 = = = = 8 = 3 - 5 2 4 = = = = 7 = 4 1 
3 4 = = = = = = = 6 2 = = = = = = = = = 8 2     
4 7 = = = 2 2 = = 5 - - - - - 3 2 = = = 8 = 3 1 
2 4 = 2           2 = = 4 = = 4     2 = 6 2     
