24 24
4 0 5 0 0 0 0 0 0 6 0 0 0 0 0 0 0 5 0 0 0 5 6 3 
0 0 0 0 0 2 3 1 0 0 4 4 2 3 4 2 0 0 1 4 4 0 0 0 
0 0 0 0 0 0 3 0 0 0 0 2 0 0 4 4 0 0 0 2 0 0 0 0 
0 2 0 0 0 0 0 0 0 0 6 0 8 5 1 0 0 0 4 0 6 0 3 0 
0 0 0 0 0 0 0 0 0 0 5 3 0 0 0 0 0 0 2 1 0 0 1 0 
5 3 0 4 0 8 3 0 0 0 3 3 0 3 6 0 0 7 0 0 5 0 2 0 
6 2 0 4 4 0 0 0 0 0 2 0 6 0 6 5 2 0 2 1 0 0 0 0 
0 0 0 0 0 0 0 0 0 0 2 0 0 0 3 4 4 0 6 4 0 0 0 0 
6 0 6 0 5 6 2 0 0 7 0 0 0 0 5 3 6 0 0 1 0 0 0 0 
0 2 4 2 1 2 0 0 0 0 0 0 0 0 4 2 0 0 0 2 3 0 0 0 
2 3 3 2 0 0 0 0 0 0 0 2 0 0 4 2 0 0 0 0 0 0 0 0 
4 4 0 0 2 0 6 2 0 0 0 0 3 2 0 1 0 0 5 5 0 5 4 0 
0 2 0 0 0 0 2 0 0 0 0 3 5 0 0 0 0 0 0 2 0 4 2 0 
0 0 0 0 0 0 0 0 0 0 0 0 2 0 0 0 0 0 0 2 8 4 2 0 
0 0 0 5 0 0 0 0 0 7 0 0 0 0 5 5 0 0 0 2 0 3 2 0 
0 0 0 0 0 0 0 0 0 0 2 0 5 2 0 2 0 0 0 0 0 0 0 0 
0 0 0 3 0 2 0 0 0 6 0 0 3 1 3 2 4 0 0 0 0 5 0 4 
0 0 0 4 0 4 0 0 0 6 5 0 0 0 0 3 3 0 0 0 0 2 1 1 
5 0 7 0 0 0 0 0 0 0 0 0 0 0 0 0 0 6 0 5 8 4 7 2 
1 1 3 0 0 0 0 0 2 0 0 0 0 0 4 4 2 0 0 3 5 1 2 2 
4 0 0 5 0 0 0 0 0 0 2 2 0 0 5 3 4 0 0 4 4 5 1 0 
0 0 0 0 0 0 0 0 0 0 0 0 0 0 3 4 4 0 0 0 2 0 1 0 
2 4 0 7 0 0 0 0 0 0 0 0 0 0 0 0 0 5 0 0 0 0 0 0 
2 4 2 6 4 2 1 0 0 0 0 0 0 0 0 0 0 4 6 5 5 5 4 4 
200 344
0 0 0 2
0 0 5 0
0 0 0 2
0 0 5 0
0 9 0 2
0 9 0 17
0 9 8 9
0 9 0 2
0 9 0 17
0 9 8 9
0 21 0 17
0 21 0 22
0 21 11 21
0 22 0 21
0 22 0 23
0 22 3 22
0 22 0 21
0 22 0 23
0 23 16 23
1 10 1 11
1 10 3 10
1 10 1 11
1 10 3 10
1 11 1 12
1 11 2 11
1 20 1 19
1 20 3 20
1 20 1 19
1 20 3 20
3 1 5 1
3 10 3 12
3 10 4 10
3 10 3 12
3 10 4 10
3 12 3 13
3 12 1 12
3 12 6 12
3 20 3 18
3 20 5 20
3 20 3 18
3 20 5 20
3 22 4 22
5 5 5 3
5 5 5 6
5 5 1 5
5 5 8 5
5 5 5 3
5 5 5 6
5 5 1 5
5 5 8 5
5 17 5 14
5 17 5 20
5 17 0 17
5 17 18 17
5 22 11 22
6 0 6 1
6 0 5 0
6 0 8 0
6 0 6 1
6 0 5 0
6 0 8 0
6 4 6 3
6 4 8 4
6 4 6 3
6 4 8 4
6 15 6 14
6 15 6 16
6 15 7 15
7 18 7 19
7 18 6 18
7 18 11 18
7 18 7 19
7 18 6 18
7 18 11 18
7 19 6 19
7 19 8 19
8 0 8 2
8 0 10 0
8 5 8 4
8 5 8 6
8 5 9 5
8 5 8 4
8 9 8 6
8 9 8 14
8 9 14 9
8 16 8 15
8 16 7 16
8 16 16 16
8 16 8 15
8 16 7 16
8 16 16 16
11 6 11 4
11 6 11 7
11 6 12 6
11 6 11 4
11 6 11 7
11 6 12 6
12 12 12 11
12 12 11 12
12 12 13 12
13 20 13 19
13 20 13 21
13 20 9 20
13 20 18 20
13 20 13 19
13 20 13 21
13 20 9 20
13 20 18 20
14 3 14 9
14 3 10 3
14 3 16 3
14 15 14 14
14 15 11 15
14 15 15 15
14 19 18 19
16 16 16 15
16 16 17 16
16 21 16 23
16 21 14 21
16 21 17 21
16 23 16 21
16 23 17 23
17 9 17 5
17 9 17 10
17 9 16 9
17 9 17 5
17 9 17 10
17 9 16 9
18 0 18 2
18 0 11 0
18 0 19 0
18 20 18 19
18 20 18 21
18 20 19 20
18 22 18 21
18 22 18 23
18 22 17 22
18 22 19 22
20 0 20 3
20 0 22 0
20 0 20 3
20 0 22 0
22 1 22 3
22 1 23 1
22 1 22 3
22 1 23 1
22 3 22 17
22 3 20 3
22 3 23 3
23 0 23 1
23 0 23 1
23 2 23 3
23 3 23 2
23 3 23 4
23 3 22 3
23 4 23 3
23 4 23 5
23 4 23 5
23 6 23 17
23 17 23 18
23 17 22 17
23 17 23 18
23 18 23 19
23 18 11 18
23 20 23 19
23 20 23 21
23 20 21 20
23 23 23 22
23 23 19 23
23 23 23 22
23 23 19 23
0 2 8 2
0 17 5 17
1 6 1 7
1 6 2 6
1 6 2 6
1 19 1 18
1 19 2 19
2 6 5 6
2 15 2 14
2 15 1 15
2 15 2 14
2 15 1 15
3 1 5 1
3 18 4 18
4 19 4 18
5 0 5 1
5 3 6 3
5 22 11 22
6 3 5 3
6 12 6 10
6 12 6 14
6 12 3 12
6 12 6 10
6 12 6 14
6 14 6 15
6 14 5 14
6 14 7 14
7 10 7 14
7 16 7 15
7 16 6 16
8 0 8 2
8 0 10 0
8 9 8 14
8 9 14 9
9 5 9 4
11 0 11 1
11 0 18 0
11 0 11 1
11 1 10 1
11 1 12 1
11 19 11 18
11 19 9 19
11 19 12 19
11 21 11 22
11 21 12 21
11 21 11 22
11 21 12 21
12 19 11 19
12 21 12 22
12 21 13 21
12 22 13 22
13 21 13 22
14 19 18 19
14 22 14 21
16 9 16 5
16 9 16 12
16 9 14 9
16 9 16 5
17 5 17 3
18 0 18 2
18 2 18 17
18 2 10 2
18 2 19 2
18 17 18 2
18 17 5 17
18 17 22 17
18 17 22 17
18 20 18 19
18 20 18 21
18 20 19 20
18 22 18 21
18 22 18 23
18 22 19 22
19 1 19 2
21 16 21 15
21 16 20 16
21 16 21 15
21 16 20 16
22 17 22 3
23 18 23 19
23 18 11 18
23 22 23 21
23 22 21 22
1 14 1 13
1 14 2 14
1 14 1 13
1 14 2 14
3 12 3 13
5 14 5 13
5 14 5 17
5 14 3 14
5 14 5 13
5 20 9 20
6 15 7 15
7 10 7 14
7 15 8 15
8 4 8 2
8 14 9 14
9 19 11 19
14 9 14 3
14 9 14 14
14 9 14 14
14 22 14 21
15 10 15 12
16 21 17 21
17 3 17 5
17 3 16 3
17 3 16 3
17 10 17 15
17 16 17 15
18 19 19 19
20 3 20 10
20 16 20 15
20 16 19 16
20 22 20 21
21 15 21 14
21 15 20 15
23 21 23 20
23 21 20 21
1 13 3 13
3 12 3 13
3 13 5 13
8 2 9 2
8 2 9 2
8 14 9 14
11 13 11 12
13 12 12 12
14 3 10 3
15 10 15 12
17 10 17 15
19 16 19 15
20 3 20 10
20 11 20 14
21 14 20 14
21 14 20 14
23 21 23 20
8 14 9 14
9 3 9 2
9 3 9 2
9 14 9 15
9 15 10 15
10 15 10 14
11 13 11 12
12 12 12 11
19 15 19 14
19 15 20 15
19 15 19 14
20 11 20 14
20 14 19 14
20 21 20 20
20 21 19 21
20 21 20 20
21 20 20 20
23 19 20 19
23 19 20 19
9 1 10 1
9 1 10 1
10 2 18 2
10 14 10 11
10 14 14 14
10 14 10 11
14 15 14 14
14 15 15 15
16 15 16 14
19 2 19 8
19 8 19 14
20 19 20 20
20 19 19 19
16 14 16 13
19 19 19 20
15 13 15 12
16 12 15 12
16 12 15 12

1952

4 = 5 = = = = = = 6 = = = = = = = 5 - - - 5 6 3 
ǁ   |     2 3 1   ǁ 4 4 2 3 4 2   ǁ 1 4 4 | | | 
ǁ   |     ǁ 3     ǁ ǁ 2 | | 4 4   ǁ   2 ǁ | | | 
ǁ 2 |     ǁ |     ǁ 6 = 8 5 1     ǁ 4 = 6 | 3 | 
ǁ ǁ |     ǁ |     ǁ 5 3 ǁ | |     ǁ 2 1 ǁ | 1 | 
5 3 | 4 = 8 3     ǁ 3 3 ǁ 3 6 = = 7 - - 5 | 2 | 
6 2 | 4 4 ǁ       ǁ 2 = 6 = 6 5 2 ǁ 2 1 | | ǁ | 
ǁ   |   ǁ ǁ       ǁ 2 = = = 3 4 4 ǁ 6 4 | | ǁ | 
6 = 6 - 5 6 2 - - 7 = = = = 5 3 6 ǁ ǁ 1 | | ǁ | 
ǁ 2 4 2 1 2       ǁ         4 2 ǁ ǁ ǁ 2 3 | ǁ | 
2 3 3 2           ǁ   2 = = 4 2 ǁ ǁ ǁ ǁ ǁ | ǁ | 
4 4 ǁ ǁ 2 = 6 2   ǁ     3 2 | 1 ǁ ǁ 5 5 ǁ 5 4 | 
ǁ 2 ǁ ǁ     2     ǁ   3 5   | | ǁ ǁ ǁ 2 ǁ 4 2 | 
ǁ   ǁ ǁ           ǁ     2   | | ǁ ǁ ǁ 2 8 4 2 | 
ǁ   ǁ 5 = = = = = 7 = = = = 5 5 ǁ ǁ ǁ 2 ǁ 3 2 | 
ǁ   ǁ |           | 2 = 5 2   2 ǁ ǁ ǁ ǁ ǁ |   | 
ǁ   ǁ 3   2 = = = 6 - - 3 1 3 2 4 ǁ ǁ ǁ ǁ 5 = 4 
ǁ   ǁ 4 = 4 = = = 6 5 = = = = 3 3 ǁ ǁ ǁ ǁ 2 1 1 
5 = 7 = = = = = = = = = = = = = = 6 ǁ 5 8 4 7 2 
1 1 3 - - - - - 2 - - - - - 4 4 2 ǁ ǁ 3 5 1 2 2 
4 = = 5 = = = = = = 2 2 = = 5 3 4 ǁ ǁ 4 4 5 1 ǁ 
ǁ     |                     3 4 4 ǁ ǁ ǁ 2 | 1 ǁ 
2 4 = 7 = = = = = = = = = = = = = 5 ǁ ǁ | | | ǁ 
2 4 2 6 4 2 1 - - - - - - - - - - 4 6 5 5 5 4 4 
