24 24
2 3 0 0 0 4 0 0 0 0 0 4 0 0 0 0 0 0 0 5 6 0 4 2 
3 0 0 2 0 0 3 0 0 3 0 0 0 0 0 4 2 0 0 0 0 0 0 0 
0 0 0 0 0 0 0 0 0 0 0 0 3 0 0 6 0 0 0 5 0 0 6 6 
0 0 0 0 0 0 0 2 0 0 0 0 0 3 4 0 2 2 0 0 0 0 0 0 
0 0 0 1 0 0 0 0 3 4 2 0 0 1 0 1 0 0 0 0 0 0 0 2 
0 0 0 0 0 0 0 0 2 0 0 0 6 0 8 6 5 4 0 0 0 0 5 4 
0 0 0 0 0 0 0 0 0 0 0 0 4 2 2 2 1 0 0 0 0 0 1 2 
4 0 0 0 0 7 6 4 4 0 0 7 0 0 0 0 7 5 1 0 0 1 0 0 
0 0 0 4 4 0 0 2 0 0 0 0 0 0 0 0 0 2 0 0 0 0 2 1 
5 0 0 8 4 0 5 6 0 0 0 0 2 0 4 0 2 2 0 0 0 0 0 0 
0 2 4 8 4 0 0 3 0 0 0 0 0 0 0 0 0 0 0 0 0 5 5 0 
2 4 2 0 3 0 6 3 0 0 0 0 4 0 8 0 0 8 3 0 0 0 0 0 
2 0 2 4 1 0 4 2 0 0 0 0 2 0 4 2 0 0 0 0 0 2 0 0 
0 0 0 0 0 0 4 2 0 1 0 0 1 0 0 5 2 0 0 0 0 0 0 0 
6 8 0 0 0 8 7 2 0 0 0 0 0 0 0 0 0 0 0 0 0 0 0 0 
0 0 0 0 0 0 2 1 0 5 0 7 0 0 0 5 4 7 0 5 6 0 6 5 
0 0 0 0 0 0 1 0 0 0 1 6 2 0 0 0 2 0 0 0 0 1 0 0 
0 3 0 3 2 0 4 0 6 0 4 4 0 1 0 0 2 0 2 6 0 0 0 0 
0 4 6 4 0 0 4 2 3 0 5 1 2 0 0 0 0 0 2 6 4 0 0 2 
0 0 2 0 0 0 4 4 0 0 4 2 3 3 0 0 3 4 4 2 5 4 0 2 
2 6 0 5 0 6 0 4 0 0 1 0 0 0 0 2 2 0 2 1 2 1 0 0 
4 4 1 3 0 3 0 0 0 0 2 0 0 0 0 0 7 0 0 0 0 0 4 3 
2 0 1 0 0 0 0 0 0 5 0 5 4 4 5 0 5 0 0 0 0 0 5 2 
0 0 0 0 0 0 0 0 0 0 0 3 0 0 5 0 5 0 0 0 0 0 5 1 
200 333
0 19 0 11
0 19 0 20
0 19 2 19
0 20 0 19
0 20 0 22
0 20 15 20
0 20 0 19
0 20 0 22
0 22 0 23
0 22 2 22
0 23 2 23
2 19 2 15
2 19 15 19
2 19 2 15
2 19 15 19
5 14 5 12
5 14 5 15
5 14 3 14
5 14 6 14
5 14 5 12
5 14 5 15
5 14 3 14
5 14 6 14
5 15 5 16
5 15 4 15
5 15 6 15
5 15 5 16
5 22 5 23
5 22 2 22
5 22 6 22
7 5 7 0
7 5 7 6
7 5 0 5
7 5 14 5
7 11 7 8
7 11 7 16
7 11 0 11
7 11 15 11
7 16 7 11
7 16 7 17
7 16 6 16
7 16 9 16
7 21 10 21
8 3 8 4
8 3 9 3
8 3 8 4
8 3 9 3
8 4 9 4
9 0 9 3
9 0 7 0
9 0 11 0
9 3 9 0
9 3 9 4
9 3 10 3
9 6 9 7
9 6 7 6
9 6 11 6
9 7 9 6
9 7 8 7
9 7 10 7
9 7 9 6
9 7 8 7
10 3 10 2
10 3 10 4
10 3 9 3
10 3 12 3
10 3 10 2
10 3 10 4
10 3 9 3
10 4 9 4
10 4 11 4
10 7 11 7
10 21 10 22
10 21 12 21
10 21 10 22
10 21 12 21
11 4 12 4
11 14 11 12
11 14 11 17
11 14 9 14
11 14 12 14
11 14 11 12
11 14 11 17
11 14 9 14
11 14 12 14
11 17 11 18
11 17 9 17
11 17 15 17
12 3 12 2
12 3 17 3
12 3 12 2
14 0 14 1
14 0 12 0
14 0 20 0
14 0 14 1
14 0 12 0
14 0 20 0
14 1 11 1
14 1 17 1
14 1 11 1
14 1 17 1
14 5 14 6
14 5 7 5
14 5 20 5
14 5 14 6
14 5 20 5
14 5 14 6
14 5 14 6
15 20 15 19
15 20 15 22
15 20 18 20
15 20 15 19
15 20 15 22
15 22 15 23
15 22 10 22
15 22 21 22
15 22 15 23
15 23 8 23
15 23 18 23
15 23 18 23
16 21 19 21
17 4 17 3
17 19 17 18
17 19 15 19
17 19 18 19
18 2 18 1
18 2 18 3
18 2 19 2
18 2 18 1
18 2 18 3
18 2 19 2
18 3 17 3
18 3 20 3
18 20 18 19
18 20 19 20
18 20 18 19
19 6 19 7
19 6 18 6
19 6 19 7
19 6 18 6
19 21 19 20
19 21 20 21
19 21 19 20
19 23 21 23
20 1 20 3
20 1 18 1
20 1 21 1
20 1 20 3
20 1 18 1
20 1 21 1
20 5 20 3
20 5 20 7
20 5 21 5
20 5 20 3
20 7 20 10
20 7 19 7
20 7 19 7
21 0 21 1
21 0 22 0
21 0 21 1
21 0 22 0
21 3 21 2
21 3 21 5
21 3 21 5
21 10 21 16
21 10 21 16
21 16 21 22
21 16 20 16
21 16 22 16
22 2 22 9
22 9 22 11
22 9 22 11
22 12 22 11
22 12 22 13
22 12 22 11
22 12 22 13
22 13 22 14
23 14 23 11
23 14 23 16
23 14 22 14
23 22 23 16
23 22 23 23
23 22 22 22
0 11 0 5
0 11 7 11
1 15 1 16
1 15 2 15
1 15 1 16
1 15 2 15
2 15 2 12
2 15 2 12
2 22 2 23
2 22 5 22
2 22 2 23
2 22 2 23
2 23 4 23
2 23 4 23
3 7 7 7
3 14 3 13
3 14 3 16
4 3 1 3
4 10 4 9
4 13 3 13
5 12 2 12
5 12 6 12
5 12 6 12
5 12 6 12
5 22 5 23
5 23 6 23
5 23 6 23
6 12 6 13
7 6 7 5
7 6 7 7
7 6 1 6
7 6 7 5
7 7 7 8
7 7 3 7
7 16 7 17
7 16 9 16
8 4 9 4
8 22 10 22
9 14 9 12
9 14 9 12
10 2 10 1
10 2 11 2
10 7 11 7
10 22 8 22
11 2 11 1
11 12 12 12
11 17 11 18
11 17 9 17
11 17 15 17
12 14 12 12
12 14 12 15
12 15 13 15
15 9 15 7
15 9 15 11
15 9 13 9
15 9 15 11
17 8 17 6
17 8 17 10
17 8 18 8
17 8 17 6
17 8 17 10
17 8 18 8
18 6 18 7
18 6 17 6
18 7 18 8
18 10 18 11
18 10 17 10
18 10 19 10
18 19 18 18
18 19 17 19
18 19 19 19
19 10 19 11
19 10 18 10
19 10 19 11
19 23 21 23
22 11 23 11
22 13 22 14
23 11 23 14
23 22 23 16
23 22 22 22
0 5 0 1
0 5 0 1
1 3 1 0
1 6 1 9
4 10 4 9
7 0 1 0
7 0 9 0
7 8 7 11
7 8 5 8
8 17 7 17
10 1 11 1
15 11 15 15
15 11 16 11
17 6 16 6
17 19 17 18
18 10 17 10
0 0 0 1
0 0 1 0
1 6 1 9
1 9 4 9
4 9 4 8
5 8 4 8
8 17 7 17
11 18 7 18
13 12 13 15
15 6 14 6
15 6 14 6
15 11 15 15
15 11 16 11
16 10 16 11
17 11 17 13
17 11 16 11
17 11 16 11
17 11 16 11
7 17 5 17
16 12 16 16
20 15 20 16
21 16 21 22
21 16 22 16
21 22 21 23
22 23 22 22
22 23 22 22
5 17 5 16
5 17 3 17
5 17 5 16
16 12 16 16
17 16 19 16
17 16 19 16
18 12 19 12
18 18 19 18
22 22 22 16
3 17 3 16
18 12 19 12
19 12 19 13
19 13 19 16
19 17 19 18
19 17 15 17
19 17 19 18
19 17 15 17
19 18 19 19
19 20 20 20
19 20 20 20
20 18 20 19
15 17 15 16
15 17 15 16
15 17 15 16
15 16 15 15
13 16 13 15
15 15 13 15
13 16 13 15

2638

2 3 = = = 4 - - - - - 4 - - - - - - - 5 6 = 4 2 
3 - - 2   | 3 = = 3   ǁ       4 2     | |   | | 
|     |   | |     |   ǁ 3 = = 6 = = = 5 |   6 6 
|     |   | | 2   |   ǁ | 3 4 - 2 2   ǁ |   ǁ ǁ 
|     1   | | ǁ 3 4 2 ǁ | 1 ǁ 1   |   ǁ |   ǁ 2 
|         | | ǁ 2     ǁ 6 = 8 6 5 4   ǁ |   5 4 
|         | | ǁ |     ǁ 4 2 2 2 1 |   ǁ |   1 2 
4 - - - - 7 6 4 4 = = 7 = = = = 7 5 1 ǁ | 1     
ǁ     4 4 ǁ | 2       |         ǁ 2 | ǁ | | 2 1 
5 = = 8 4 ǁ 5 6       | 2 = 4   2 2 | ǁ | | ǁ | 
| 2 4 8 4 ǁ | 3       |     ǁ     ǁ | ǁ | 5 5 | 
2 4 2 | 3 ǁ 6 3       | 4 = 8 = = 8 3 ǁ | ǁ | | 
2 ǁ 2 4 1 ǁ 4 2       | 2 - 4 2   ǁ   ǁ | 2 | | 
ǁ ǁ   |   ǁ 4 2   1   | 1 - - 5 2 ǁ   ǁ |   | | 
6 8   |   8 7 2   |   |       |   ǁ   ǁ |   | | 
ǁ ǁ   |   ǁ 2 1 - 5 = 7 = = = 5 4 7   5 6 = 6 5 
ǁ ǁ   |   ǁ 1       1 6 2 = = = 2 ǁ   | | 1 | ǁ 
ǁ 3   3 2 ǁ 4 = 6 = 4 4 - 1     2 ǁ 2 6 | | | ǁ 
ǁ 4 6 4   ǁ 4 2 3   5 1 2       ǁ ǁ 2 6 4 | | 2 
ǁ ǁ 2 |   ǁ 4 4     4 2 3 3 - - 3 4 4 2 5 4 | 2 
2 6 = 5 = 6 - 4 - - 1         2 2   2 1 2 1 | ǁ 
4 4 1 3 = 3         2 = = = = = 7 = = = = = 4 3 
2   1 - - - - - - 5 = 5 4 4 5   5 - - - - - 5 2 
                      3 = = 5 - 5 = = = = = 5 1 
