24 24
2 0 4 0 0 0 0 0 0 3 1 0 4 0 0 0 6 3 1 2 0 0 4 2 
0 0 0 1 0 0 4 4 1 0 0 0 0 0 0 0 0 3 0 0 0 0 3 0 
5 0 6 0 1 0 0 4 3 0 2 0 6 0 3 1 0 0 2 4 2 3 0 4 
2 0 3 0 0 0 6 0 0 8 0 3 1 0 0 0 0 6 2 0 0 0 0 0 
3 0 0 0 0 0 2 0 0 0 0 1 0 0 0 0 0 0 2 8 7 4 4 5 
6 0 0 0 0 0 0 0 0 6 0 0 0 0 0 0 7 8 4 0 0 2 0 2 
0 4 0 0 0 0 0 3 3 0 2 2 4 3 0 0 0 4 4 0 0 0 0 2 
0 3 4 4 0 0 0 0 2 0 0 3 0 1 1 0 0 0 0 0 0 0 0 0 
0 0 2 0 2 5 0 2 0 0 0 2 0 0 0 0 0 2 2 0 5 4 0 0 
0 0 0 0 0 0 0 0 0 0 0 0 0 0 0 0 0 0 0 0 2 0 0 0 
0 0 2 6 0 6 0 0 0 7 8 0 5 4 7 0 8 0 0 8 0 0 8 4 
0 0 2 0 2 0 0 0 0 0 0 1 3 0 0 0 0 4 0 7 3 2 0 2 
0 0 4 6 3 0 0 0 0 0 0 4 5 2 0 0 0 6 2 0 0 0 0 0 
0 0 0 2 2 6 0 1 0 0 0 2 0 0 0 0 0 4 2 0 0 4 0 0 
0 0 2 0 0 7 2 4 2 0 4 0 6 0 0 0 0 2 0 0 0 0 0 4 
0 0 0 0 0 0 2 8 2 0 2 2 6 3 2 0 0 0 0 0 0 0 0 0 
0 0 0 2 0 8 2 0 0 0 6 0 0 4 0 0 0 0 0 0 5 5 0 0 
0 0 3 0 0 8 2 0 0 0 0 2 0 4 0 0 0 4 0 0 2 2 0 0 
0 0 3 0 0 6 2 0 0 0 0 0 0 0 0 0 0 0 0 0 4 0 8 4 
3 5 0 0 0 3 0 5 2 0 0 0 0 0 0 0 0 0 0 0 4 2 0 1 
1 3 0 0 0 0 0 4 2 0 0 0 0 0 0 0 0 6 0 6 0 3 0 0 
5 0 0 0 0 0 0 0 0 5 4 0 0 0 0 0 7 6 3 0 0 2 5 4 
2 0 0 0 0 0 0 0 0 1 5 2 0 1 0 0 6 2 3 3 2 0 4 2 
0 0 0 0 0 0 0 0 1 0 5 0 0 2 0 0 2 0 0 0 0 3 3 1 
200 337
0 16 0 12
0 16 0 17
0 16 5 16
0 16 0 12
0 16 0 17
0 16 5 16
2 0 2 2
2 0 0 0
2 0 3 0
2 15 2 14
3 9 3 6
3 9 3 11
3 9 0 9
3 9 5 9
3 9 3 6
3 9 3 11
3 9 0 9
3 9 5 9
3 17 3 18
3 17 1 17
3 17 5 17
3 17 3 18
3 17 1 17
3 17 5 17
4 19 4 18
4 19 4 20
4 19 2 19
4 19 10 19
4 19 4 18
4 19 4 20
4 19 2 19
4 19 10 19
4 20 4 21
4 20 2 20
4 20 8 20
4 23 4 22
4 23 2 23
4 23 5 23
5 0 5 9
5 0 4 0
5 0 19 0
5 0 5 9
5 0 4 0
5 0 19 0
5 16 5 9
5 16 5 17
5 16 10 16
5 17 5 16
5 17 5 18
5 17 6 17
5 18 5 17
5 18 6 18
5 18 5 17
6 1 6 7
6 1 7 1
6 1 6 7
6 1 7 1
6 17 6 18
6 17 8 17
6 17 6 18
6 18 8 18
8 5 8 4
8 5 8 7
8 5 10 5
10 9 10 5
10 9 10 10
10 9 5 9
10 9 21 9
10 10 10 9
10 10 10 12
10 10 6 10
10 10 14 10
10 10 10 9
10 10 10 12
10 10 6 10
10 14 10 13
10 14 10 16
10 14 7 14
10 14 15 14
10 16 10 14
10 16 10 19
10 16 5 16
10 16 21 16
10 19 10 16
10 19 10 22
10 19 11 19
10 22 10 19
10 22 10 23
10 22 4 22
10 22 18 22
11 17 11 19
11 17 12 17
11 17 11 19
11 17 12 17
12 17 12 18
12 17 13 17
12 17 12 18
12 17 13 17
13 17 13 18
13 17 14 17
14 5 14 2
14 5 14 6
14 5 13 5
14 5 16 5
14 10 14 12
14 10 15 10
14 10 14 12
14 12 12 12
14 12 15 12
14 12 12 12
14 12 15 12
14 17 17 17
14 23 11 23
14 23 18 23
14 23 11 23
14 23 18 23
15 7 15 6
15 7 15 8
15 7 14 7
15 7 19 7
15 7 15 6
15 7 15 8
15 7 14 7
15 7 19 7
15 12 15 11
15 12 15 13
16 3 16 5
16 5 16 3
16 5 16 6
16 5 14 5
16 5 17 5
16 10 16 13
16 10 15 10
16 10 21 10
16 10 16 13
16 10 21 10
16 13 15 13
16 13 17 13
16 20 16 21
16 20 11 20
16 20 17 20
17 5 17 2
17 5 17 6
17 5 16 5
17 5 18 5
17 5 17 2
17 5 17 6
17 5 16 5
17 13 17 11
17 13 22 13
17 13 17 11
17 17 17 20
17 17 20 17
17 17 20 17
18 5 18 2
18 5 18 6
18 5 19 5
18 5 18 2
18 5 18 6
18 20 18 22
18 20 19 20
18 20 18 22
18 20 19 20
18 22 18 23
18 22 10 22
18 22 21 22
18 23 18 22
19 20 19 21
19 20 22 20
19 21 20 21
19 23 21 23
20 17 20 19
20 17 21 17
20 17 20 19
20 17 21 17
20 19 22 19
20 21 21 21
21 0 21 9
21 0 20 0
21 0 22 0
21 10 21 9
21 10 22 10
21 16 21 17
21 16 10 16
21 16 22 16
21 16 21 17
21 16 22 16
21 17 21 16
21 17 21 18
21 18 22 18
21 23 21 22
21 23 22 23
21 23 21 22
22 11 22 10
22 11 22 10
22 16 22 17
22 16 23 16
22 16 22 17
22 16 23 16
23 8 23 10
23 10 23 13
23 10 22 10
23 10 23 13
23 10 22 10
0 12 0 10
0 12 2 12
1 3 1 6
1 6 1 7
1 6 3 6
1 6 1 7
1 7 1 8
1 7 2 7
2 4 2 2
2 7 2 8
2 8 2 7
2 10 2 12
2 12 2 10
2 12 2 14
2 12 3 12
2 12 2 14
3 11 4 11
8 11 7 11
8 17 8 18
8 21 8 20
8 21 5 21
8 21 8 20
8 21 5 21
9 20 8 20
10 14 10 13
10 14 15 14
10 19 11 19
10 22 10 23
10 22 4 22
10 23 6 23
10 23 6 23
11 19 11 20
13 11 12 11
13 21 11 21
13 21 16 21
13 21 11 21
13 21 16 21
14 8 14 7
15 11 15 12
15 12 15 13
17 21 16 21
18 2 17 2
18 22 21 22
19 0 19 1
20 19 22 19
20 21 21 21
21 0 21 9
21 0 22 0
21 18 22 18
21 22 22 22
22 9 21 9
22 18 22 19
22 20 22 22
22 22 22 23
22 22 23 22
23 21 23 22
23 23 23 22
0 9 0 2
2 2 2 0
2 2 0 2
2 2 3 2
2 2 0 2
2 7 2 8
5 23 4 23
8 11 7 11
9 20 8 20
10 9 10 5
11 19 11 20
13 11 12 11
14 8 14 7
16 20 16 21
0 2 0 0
2 0 3 0
3 2 3 6
4 0 4 6
4 6 3 6
4 20 4 21
4 20 2 20
4 21 4 22
4 21 2 21
4 23 2 23
10 5 10 3
10 5 8 5
10 5 13 5
12 11 12 12
12 11 11 11
13 5 13 4
13 5 13 7
13 5 14 5
14 6 14 5
2 19 2 18
2 19 0 19
2 21 2 23
2 21 2 23
3 2 3 6
10 3 10 2
10 3 7 3
10 3 12 3
10 3 10 2
10 3 7 3
11 2 12 2
11 4 12 4
12 3 12 2
12 3 12 4
12 3 13 3
12 3 12 2
12 3 12 4
13 3 13 4
14 2 12 2
0 23 0 22
0 23 0 22
1 17 0 17
1 22 0 22
2 18 0 18
7 3 7 2
7 3 7 8
7 8 6 8
8 2 7 2
8 4 8 5
0 19 0 22
6 7 6 8
7 2 7 1
7 2 8 2
19 1 19 5
19 1 20 1
19 1 19 5
19 1 20 1
20 1 20 7
20 7 20 8
20 7 19 7
20 7 20 8
19 7 19 8
19 7 19 8

2062

2 - 4 - - - - - - 3 1 - 4 = = = 6 3 1 2 - - 4 2 
|   ǁ 1 - - 4 4 1 ǁ     |       ǁ 3 | |     3   
5 = 6 - 1   | 4 3 ǁ 2 = 6 = 3 1 ǁ ǁ 2 4 2 3 = 4 
2   3 = = = 6 = = 8 = 3 1       ǁ 6 2 ǁ ǁ |   ǁ 
3 - - - - - 2     ǁ   1         ǁ ǁ 2 8 7 4 4 5 
6 = = = = = = = = 6 - - - - - - 7 8 4 ǁ | 2 ǁ 2 
ǁ 4 = = = = = 3 3 | 2 2 4 3     ǁ 4 4 ǁ | ǁ ǁ 2 
ǁ 3 4 4 - - - - 2 | ǁ 3   1 1   ǁ | | ǁ | ǁ ǁ ǁ 
ǁ   2 ǁ 2 5 - 2   | ǁ 2     |   ǁ 2 2 ǁ 5 4 ǁ ǁ 
ǁ     ǁ   ǁ       | ǁ       |   ǁ     ǁ 2   ǁ ǁ 
ǁ   2 6 - 6 = = = 7 8 = 5 4 7 = 8 = = 8 = = 8 4 
ǁ   2 | 2 |       | | 1 3   ǁ   ǁ 4 = 7 3 2 ǁ 2 
ǁ   4 6 3 |       | | 4 5 2 ǁ   ǁ 6 2   | ǁ ǁ ǁ 
ǁ   | 2 2 6 - 1   | | 2 ǁ   ǁ   ǁ 4 2   | 4 ǁ ǁ 
ǁ   2 - - 7 2 4 2 | 4 = 6   ǁ   ǁ 2     | ǁ ǁ 4 
ǁ         ǁ 2 8 2 | 2 2 6 3 2   ǁ |     | ǁ ǁ ǁ 
ǁ     2 = 8 2 ǁ   | 6 = = 4     ǁ |     5 5 ǁ ǁ 
ǁ   3 = = 8 2 ǁ   | ǁ 2 = 4     ǁ 4 - - 2 2 ǁ ǁ 
ǁ   3 = = 6 2 ǁ   | ǁ     |     ǁ ǁ     4 = 8 4 
3 5 = = = 3   5 2 | ǁ     |     ǁ ǁ     4 2 ǁ 1 
1 3 - - - - - 4 2 | ǁ     |     ǁ 6 = 6 | 3 ǁ | 
5 = = = = = = = = 5 4     |     7 6 3 ǁ | 2 5 4 
2                 1 5 2   1     6 2 3 3 2 - 4 2 
                1 - 5 = = 2     2         3 3 1 
