24 24
2 1 0 4 2 5 4 0 0 0 6 2 2 0 0 0 0 0 3 0 0 0 2 1 
0 0 0 0 0 0 0 0 0 0 0 0 0 0 0 0 0 0 0 0 0 0 0 0 
4 0 0 5 0 5 0 0 0 0 7 0 0 0 0 0 0 0 5 0 0 0 6 5 
4 0 0 2 0 0 2 5 3 2 0 3 0 5 2 2 0 0 2 1 0 3 0 0 
4 0 0 0 0 6 0 5 8 4 0 2 0 0 2 7 0 0 7 0 1 0 2 0 
4 0 0 4 1 4 0 2 0 0 0 0 0 0 3 4 2 0 0 0 0 0 0 0 
0 3 2 0 0 4 0 4 0 0 0 3 0 5 0 0 6 4 0 0 0 0 0 2 
0 3 0 5 0 4 6 2 0 0 0 2 0 0 0 0 0 0 0 0 0 0 0 0 
0 2 0 3 0 0 0 0 0 0 0 3 0 6 0 0 5 0 0 2 0 6 0 0 
0 1 0 3 0 0 2 0 0 2 0 0 0 0 2 0 0 4 0 0 0 0 0 0 
0 0 0 0 0 0 0 0 0 0 0 0 0 0 0 0 0 0 0 2 0 6 0 0 
0 0 0 0 0 0 4 0 8 6 0 6 2 0 0 0 0 0 0 2 0 0 0 0 
0 0 0 0 0 0 4 2 2 2 0 2 0 0 0 0 5 4 0 0 0 0 0 0 
0 0 0 0 0 0 0 0 0 0 0 0 0 0 0 0 2 0 0 0 0 0 0 0 
0 3 0 8 0 7 0 0 0 0 8 0 0 5 7 0 0 0 7 4 0 0 0 0 
0 1 0 0 2 0 2 0 0 0 0 3 2 0 2 2 2 0 3 0 0 7 8 2 
0 2 0 0 0 0 5 0 0 0 5 6 2 5 0 5 2 2 0 0 0 4 4 4 
0 0 3 7 5 0 0 2 4 1 0 0 2 0 1 0 0 0 4 1 0 0 1 2 
2 4 3 3 3 0 6 2 0 2 0 0 6 8 0 0 0 0 6 0 0 0 4 1 
1 0 2 0 1 0 5 1 0 0 0 4 4 0 4 0 0 0 5 2 0 0 0 2 
0 0 0 0 0 0 4 2 0 0 0 2 0 0 4 2 0 1 0 0 0 0 5 4 
5 6 0 5 0 7 0 0 7 4 0 0 0 0 0 0 0 0 0 0 0 0 0 0 
2 3 0 0 0 6 3 6 8 4 3 4 0 6 0 0 0 0 4 0 2 0 1 0 
0 3 2 0 0 2 2 4 2 1 4 0 0 0 0 0 0 0 0 3 2 0 0 0 
200 326
0 5 0 4
0 5 0 6
0 5 2 5
0 10 0 6
0 10 0 11
0 10 2 10
0 10 0 6
0 10 0 11
0 10 2 10
2 10 2 5
2 10 2 18
2 10 14 10
2 23 2 22
2 23 0 23
2 23 6 23
3 7 3 6
3 7 3 8
3 7 4 7
3 13 3 11
3 13 3 14
3 13 6 13
3 21 3 19
3 21 8 21
3 21 8 21
4 8 4 7
4 8 4 9
4 8 3 8
4 8 11 8
4 8 4 7
4 8 4 9
4 8 3 8
4 8 11 8
4 9 3 9
4 9 9 9
4 15 4 14
4 15 4 18
4 15 3 15
4 15 5 15
4 18 4 15
4 18 4 20
4 18 3 18
4 18 14 18
6 17 6 16
6 17 9 17
6 17 6 16
6 17 9 17
8 16 8 13
8 16 6 16
8 16 12 16
8 21 8 19
8 21 10 21
9 9 11 9
9 14 14 14
9 17 12 17
10 21 10 19
10 21 8 21
10 21 15 21
11 8 11 6
11 8 11 9
11 8 12 8
11 9 11 8
11 9 12 9
11 9 11 8
11 9 12 9
11 11 11 12
11 11 8 11
11 11 12 11
11 11 11 12
11 11 8 11
11 11 12 11
14 3 14 1
14 3 14 5
14 3 9 3
14 3 17 3
14 3 14 1
14 3 14 5
14 3 9 3
14 3 17 3
14 5 14 10
14 5 7 5
14 5 21 5
14 10 14 5
14 10 14 13
14 10 2 10
14 10 16 10
15 4 17 4
15 6 16 6
15 22 15 21
15 22 15 23
15 22 4 22
15 22 16 22
15 22 15 21
15 22 15 23
15 22 4 22
15 22 16 22
16 23 16 22
16 23 17 23
16 23 16 22
16 23 17 23
17 3 17 2
17 3 17 4
17 3 18 3
18 6 18 7
18 6 16 6
18 6 19 6
18 6 18 7
18 6 16 6
18 6 19 6
18 13 18 12
18 13 18 18
18 13 16 13
18 13 22 13
18 13 18 12
18 13 18 18
18 13 16 13
18 13 22 13
18 18 18 22
18 18 17 18
18 18 19 18
18 18 18 22
19 12 19 11
19 12 18 12
19 12 19 11
19 12 18 12
19 14 19 18
19 14 20 14
19 14 19 18
19 14 20 14
20 14 20 15
20 23 20 22
20 23 19 23
20 23 20 22
20 23 19 23
21 0 21 1
21 0 19 0
21 0 22 0
21 3 21 1
21 3 21 5
21 3 18 3
21 8 21 5
21 8 21 9
21 8 17 8
21 8 22 8
22 7 22 6
22 7 22 8
22 7 23 7
22 7 22 6
22 7 22 8
22 7 23 7
22 8 22 9
22 8 21 8
22 8 23 8
22 13 22 11
22 13 22 18
23 7 23 6
23 7 23 8
0 6 0 5
0 12 0 18
2 22 2 18
2 22 2 23
2 22 0 22
2 22 2 18
2 22 2 23
3 7 3 6
3 7 4 7
4 18 3 18
4 18 14 18
6 16 6 13
6 16 5 16
6 16 8 16
7 6 7 5
7 6 7 7
7 6 9 6
7 6 7 5
7 6 7 7
7 6 9 6
8 21 8 19
9 14 14 14
9 17 12 17
10 21 10 19
10 21 15 21
11 6 11 8
11 6 12 6
11 6 12 6
11 19 14 19
12 6 12 7
12 8 12 7
12 17 12 16
12 17 16 17
14 10 14 13
14 10 16 10
15 4 17 4
15 6 16 6
16 6 16 10
16 15 16 13
16 15 16 16
16 15 15 15
16 21 16 17
16 21 15 21
16 21 15 21
17 7 17 8
17 14 17 18
17 18 17 19
17 22 18 22
18 22 18 23
19 2 18 2
19 4 18 4
19 11 16 11
19 11 20 11
20 6 20 7
20 6 19 6
20 6 20 7
20 6 19 6
20 11 22 11
20 14 20 15
20 17 20 22
20 22 22 22
21 0 21 1
21 0 22 0
21 1 21 3
21 1 18 1
21 1 22 1
22 11 22 10
22 11 22 13
22 13 22 18
22 18 22 20
0 12 0 18
0 22 0 18
2 18 2 10
5 16 5 15
6 7 6 5
6 7 5 7
6 7 6 5
6 7 5 7
11 19 14 19
14 19 14 18
16 11 16 10
16 11 16 12
16 11 15 11
16 11 16 10
16 11 16 12
16 21 15 21
17 7 17 8
17 8 17 9
17 12 18 12
18 9 21 9
18 12 17 12
19 2 18 2
19 6 19 7
19 18 19 19
19 19 19 18
21 8 21 5
21 8 21 9
21 9 18 9
22 8 22 9
22 18 22 20
23 20 23 19
23 20 23 19
4 7 4 5
5 15 5 14
5 15 4 15
14 18 14 19
14 18 15 18
14 18 15 18
14 18 15 18
15 11 15 12
22 8 22 9
22 9 22 10
22 10 23 10
23 9 23 10
23 10 23 19
4 5 4 0
4 5 2 5
4 5 5 5
4 5 4 0
4 5 2 5
5 5 5 4
5 5 6 5
5 5 6 5
5 14 4 14
6 2 6 1
7 5 7 3
14 5 21 5
15 11 15 12
4 0 3 0
4 0 5 0
4 15 3 15
5 0 5 3
5 0 18 0
5 0 5 3
5 3 7 3
6 2 6 1
18 0 18 1
18 1 18 2
18 1 16 1
3 0 3 3
3 0 2 0
3 0 3 3
3 14 3 13
5 3 7 3
6 1 7 1
16 1 15 1
17 2 17 3
2 0 2 3
2 0 0 0
2 0 2 3
14 1 9 1
17 2 17 3
17 4 18 4
0 0 0 1
0 3 0 4
0 3 2 3
0 3 2 3
0 5 2 5
9 3 8 3
17 4 18 4
18 3 21 3
21 5 22 5
21 5 22 5
22 5 22 1
22 5 22 6
22 5 23 5
22 5 22 1
23 1 23 2
23 6 23 5
23 1 23 2

2590

2 1   4 2 5 4 = = = 6 2 2 = = = = = 3 - - - 2 1 
|     ǁ   ǁ         ǁ                       | | 
4 = = 5   5 - - - - 7 = = = = = = = 5 = = = 6 5 
4 = = 2   ǁ 2 5 3 2 ǁ 3 - 5 2 2     2 1 - 3   | 
4 = = = = 6 - 5 8 4 ǁ 2   | 2 7 = = 7 - 1 ǁ 2 | 
4 = = 4 1 4   2 ǁ | ǁ     | 3 4 2   ǁ     ǁ ǁ | 
| 3 2 ǁ   4 = 4 ǁ | ǁ 3   5 - - 6 4 ǁ     ǁ ǁ 2 
| 3   5 - 4 6 2 ǁ | ǁ 2         ǁ ǁ ǁ     ǁ ǁ   
| 2   3   | ǁ   ǁ | ǁ 3   6 - - 5 ǁ ǁ 2 = 6 ǁ   
| 1   3   | 2   ǁ 2 ǁ ǁ     2   | 4 ǁ     ǁ ǁ   
| |   ǁ   |     ǁ | ǁ ǁ     ǁ   | ǁ ǁ 2 = 6 ǁ   
| |   ǁ   | 4 = 8 6 ǁ 6 2   ǁ   | ǁ ǁ 2   ǁ ǁ   
| |   ǁ   | 4 2 2 2 ǁ 2     ǁ   5 4 ǁ ǁ   ǁ ǁ   
| |   ǁ   |         ǁ       ǁ   2 | ǁ ǁ   ǁ ǁ   
| 3 = 8 = 7 = = = = 8 = = 5 7     | 7 4   ǁ ǁ   
| 1   ǁ 2 ǁ 2       ǁ 3 2   2 2 2 | 3     7 8 2 
| 2   ǁ ǁ ǁ 5 - - - 5 6 2 5 - 5 2 2 - - - 4 4 4 
| | 3 7 5 ǁ ǁ 2 4 1   | 2 ǁ 1 - - - 4 1     1 2 
2 4 3 3 3 ǁ 6 2 | 2   | 6 8 = = = = 6 = = = 4 1 
1 | 2 ǁ 1 ǁ 5 1 | ǁ   4 4 ǁ 4 = = = 5 2       2 
| |   ǁ   ǁ 4 2 | ǁ   2   ǁ 4 2   1 - - - - 5 4 
5 6 = 5 - 7 = = 7 4   |   ǁ                 |   
2 3 = = = 6 3 6 8 4 3 4 = 6 = = = = 4 = 2   1   
  3 2     2 2 4 2 1 4 - - - - - - - - 3 2       
