24 24
4 5 0 4 0 0 0 0 0 0 0 0 0 0 0 3 3 0 0 2 1 0 0 2 
0 0 1 0 2 0 0 0 6 2 1 1 3 1 2 0 0 2 4 1 0 0 2 0 
2 0 0 0 2 5 0 0 7 0 6 0 8 4 3 0 0 2 8 0 4 2 0 0 
0 0 0 0 1 2 0 0 6 0 6 2 0 4 4 0 0 1 0 0 0 2 0 0 
1 4 3 0 0 0 0 0 2 0 0 0 0 0 0 0 0 0 0 0 0 0 0 0 
0 2 0 6 0 0 0 0 0 0 0 0 7 3 4 0 0 3 6 0 0 7 4 0 
4 0 0 4 0 0 0 0 4 1 3 0 8 4 4 0 5 0 0 6 4 0 0 0 
0 2 0 0 0 0 0 0 2 0 1 0 4 2 0 0 4 2 0 0 2 0 0 0 
0 5 0 8 0 0 0 0 0 0 0 0 0 0 0 7 0 0 0 7 0 7 8 5 
0 2 1 4 0 0 0 0 0 4 0 0 2 0 0 0 0 2 0 5 2 0 0 0 
0 4 0 0 0 0 0 0 0 0 0 0 0 0 0 7 0 0 0 2 4 4 0 0 
0 4 2 2 3 0 0 5 0 0 4 2 0 0 0 0 3 2 0 1 0 0 0 0 
0 3 0 0 0 0 0 8 4 0 4 0 0 0 0 0 2 0 0 4 0 0 0 0 
0 0 0 0 0 2 0 8 0 0 0 8 3 0 0 0 0 0 0 0 0 0 0 0 
0 0 0 0 0 0 0 3 0 0 0 3 1 0 0 0 0 0 0 0 0 0 0 0 
0 4 0 0 0 0 0 0 0 0 0 0 0 0 0 7 0 0 0 5 0 3 0 4 
0 0 0 2 0 2 0 0 2 0 0 2 0 0 0 0 3 6 2 3 0 4 0 4 
3 0 0 5 0 8 2 0 2 0 0 0 0 0 0 0 1 0 0 2 0 4 0 0 
3 0 0 1 0 0 0 0 1 0 0 0 0 0 0 0 1 4 0 0 3 0 0 0 
4 5 0 0 5 8 2 2 0 0 0 7 0 0 0 7 0 0 5 0 0 5 0 0 
0 6 2 0 0 0 3 6 0 0 0 8 4 0 0 0 0 0 2 2 3 4 3 5 
0 2 0 0 0 0 1 2 0 0 0 2 5 2 0 0 0 0 0 0 2 1 2 4 
2 1 0 0 2 2 2 0 0 0 0 0 7 3 3 8 0 0 0 8 0 0 8 6 
0 2 0 0 0 0 0 0 0 0 0 0 6 2 0 3 2 3 2 2 0 0 2 2 
200 221
0 0 0 1
0 0 2 0
1 8 1 4
1 8 1 9
1 8 2 8
2 5 2 4
2 5 2 8
2 5 3 5
2 12 2 10
2 12 2 13
2 12 1 12
2 12 5 12
2 18 2 17
2 18 2 20
2 18 1 18
2 18 5 18
5 21 5 18
5 21 5 22
5 21 3 21
5 21 8 21
6 12 6 10
6 12 6 13
6 12 5 12
6 12 7 12
6 19 6 16
6 19 6 20
6 19 8 19
6 19 6 16
6 19 6 20
6 19 8 19
6 20 7 20
8 1 8 3
8 1 7 1
8 1 9 1
8 3 8 1
8 3 8 15
8 3 6 3
8 3 9 3
8 19 8 15
8 19 8 21
8 19 9 19
8 22 8 21
8 22 8 23
8 22 5 22
8 22 20 22
9 9 9 3
9 9 9 12
9 9 9 3
9 9 9 12
10 15 10 1
10 15 10 19
10 15 8 15
10 15 15 15
11 7 11 4
11 7 11 10
11 7 12 7
12 7 12 1
12 7 12 8
12 7 11 7
12 7 13 7
12 10 12 8
12 10 11 10
12 10 12 8
12 10 11 10
13 7 13 5
13 7 13 11
13 7 12 7
13 7 14 7
13 11 13 7
13 11 13 12
13 11 11 11
13 11 14 11
13 12 13 11
13 12 14 12
15 23 8 23
15 23 16 23
15 23 8 23
15 23 16 23
16 23 20 23
17 5 17 3
17 5 17 6
17 5 16 5
17 5 19 5
19 4 19 1
19 4 19 5
19 4 22 4
19 5 19 4
19 5 19 6
19 5 17 5
19 5 22 5
19 11 19 7
19 11 19 15
19 11 16 11
19 11 20 11
19 21 19 18
19 21 17 21
19 21 20 21
20 1 20 2
20 1 19 1
20 1 21 1
20 2 20 1
20 11 20 7
20 11 20 12
20 11 19 11
20 11 21 11
22 12 22 6
22 12 22 13
22 12 21 12
22 12 23 12
22 15 22 14
22 15 22 19
22 15 19 15
22 15 23 15
22 19 22 15
22 19 22 22
22 19 20 19
22 19 23 19
22 22 22 19
22 22 22 23
22 22 21 22
22 22 23 22
22 23 22 22
22 23 21 23
22 23 23 23
23 12 23 1
23 12 23 13
23 12 22 12
0 0 0 1
0 0 2 0
1 8 1 4
1 8 1 9
1 8 2 8
2 12 2 10
2 12 2 13
2 12 1 12
2 12 5 12
2 18 2 17
2 18 2 20
2 18 1 18
2 18 5 18
3 11 3 10
6 12 6 10
6 12 6 13
6 12 5 12
6 12 7 12
6 20 7 20
7 17 7 16
8 3 8 15
8 3 6 3
8 3 9 3
8 22 8 21
8 22 8 23
8 22 5 22
8 22 20 22
8 23 0 23
9 2 9 1
9 17 9 19
10 1 10 15
10 1 11 1
10 1 11 1
12 7 12 1
12 7 12 8
13 7 13 5
13 7 14 7
13 11 11 11
13 11 14 11
16 23 20 23
17 5 17 3
17 5 17 6
17 5 16 5
18 8 17 8
19 5 19 4
19 5 19 6
20 1 19 1
20 1 21 1
20 11 20 7
20 11 20 12
20 11 19 11
20 12 21 12
22 15 22 14
22 15 19 15
22 15 23 15
22 19 20 19
22 19 23 19
22 22 22 23
22 22 21 22
23 12 23 1
23 12 23 13
23 15 23 16
23 16 23 17
23 17 23 18
23 18 23 17
23 22 23 23
0 23 0 20
1 2 4 2
2 20 2 21
3 11 3 10
7 17 7 16
8 1 7 1
9 17 9 19
11 10 11 7
16 3 17 3
17 8 16 8
20 12 21 12
20 18 19 18
21 23 20 23
21 23 22 23
21 23 20 23
22 14 22 13
2 20 2 21
3 21 5 21
11 4 11 3
16 3 17 3
16 8 16 11
20 18 19 18
20 23 20 22
11 4 11 3
14 11 14 7
11 2 11 1
11 2 11 1
12 1 15 1

2345

4 5   4                       3 3     2 1 - - 2 
ǁ   1   2 = = = 6 2 1 1 3 1 2     2 4 1     2 | 
2   |   2 5 - - 7   6 = 8 4 3     2 8 = 4 2   | 
    |   1 2     6   6 2 ǁ 4 4     1 ǁ     2   | 
1 4 3           2       ǁ           ǁ     ǁ   | 
  2   6                 7 3 4     3 6 - - 7 4 | 
4     4         4 1 3 = 8 4 4   5 = = 6 4 | ǁ | 
  2   ǁ         2   1   4 2     4 2   ǁ 2 | ǁ | 
  5 = 8 = = = = = = = = = = = 7 - - - 7 - 7 8 5 
  2 1 4 = = = = = 4 = = 2     |   2 = 5 2   ǁ ǁ 
  4 = = = = = = = = = = = = = 7 - - - 2 4 4 ǁ ǁ 
  4 2 2 3 - - 5 = = 4 2       | 3 2   1     ǁ ǁ 
  3 = = = = = 8 4 = 4 ǁ       | 2     4     ǁ ǁ 
  |       2 = 8 = = = 8 3     |             ǁ ǁ 
  |           3 - - - 3 1     |             ǁ ǁ 
  4                           7       5   3 ǁ 4 
      2   2     2 - - 2         3 6 2 3   4 ǁ 4 
3     5 = 8 2   2     |         1     2   4 ǁ ǁ 
3     1   ǁ     1     |         1 4     3 | ǁ ǁ 
4 5 - - 5 8 2 2 - - - 7 - - - 7     5 - - 5 ǁ ǁ 
  6 2   | | 3 6 = = = 8 4     ǁ     2 2 3 4 3 5 
  2     | | 1 2       2 5 2   ǁ       ǁ 2 1 2 4 
2 1     2 2 2 - - - - - 7 3 3 8 = = = 8 = = 8 6 
  2 = = = = = = = = = = 6 2   3 2 3 2 2     2 2 
