24 24
4 0 0 0 6 0 0 3 3 4 1 0 0 0 2 3 0 4 4 0 5 0 5 1 
0 1 0 0 0 2 1 0 0 2 2 0 6 2 0 0 2 4 4 2 0 2 8 2 
0 0 0 0 0 5 0 0 0 0 0 0 7 0 6 7 0 0 0 0 7 0 5 2 
0 0 0 0 0 0 4 0 2 0 0 0 0 2 0 1 1 0 3 2 0 2 2 4 
0 0 0 0 0 0 4 0 0 0 0 0 4 4 6 0 0 0 5 4 0 5 0 5 
0 2 5 2 0 6 0 0 0 4 2 0 3 2 0 2 0 0 0 0 0 0 2 0 
0 2 0 0 0 4 0 3 1 4 2 0 0 0 0 0 0 0 0 0 0 2 4 4 
0 0 6 0 8 0 0 0 0 0 0 0 6 3 0 0 0 0 0 0 0 1 0 0 
0 5 8 3 0 4 0 0 0 4 2 2 6 2 0 0 0 0 0 0 0 4 8 4 
0 0 0 0 0 0 4 0 0 0 0 0 7 4 0 0 0 0 0 0 3 0 0 1 
0 0 0 0 0 0 4 0 0 0 0 0 3 0 0 4 0 0 4 0 3 0 0 0 
0 0 0 0 0 0 0 0 0 0 0 0 0 0 0 0 0 0 0 0 2 0 0 0 
0 0 0 0 0 6 0 0 0 0 0 0 0 0 7 0 0 0 0 8 0 5 6 3 
0 2 6 3 0 0 2 5 0 0 0 0 2 1 0 1 0 0 2 5 1 0 4 2 
0 1 4 2 0 0 2 5 3 0 2 0 0 0 0 0 0 0 0 6 2 0 2 0 
0 4 0 0 7 7 0 0 0 0 0 0 4 5 0 0 0 0 0 2 0 0 3 4 
0 6 2 0 0 0 0 0 0 0 0 0 2 2 0 4 0 0 6 0 0 4 0 2 
0 6 0 0 5 0 1 0 0 0 0 0 5 1 0 3 0 0 0 0 0 0 0 0 
2 0 3 6 4 0 0 0 0 0 0 2 0 3 0 0 1 3 2 0 0 0 0 0 
2 0 3 6 0 5 0 0 0 0 0 3 0 0 0 1 0 0 0 0 0 0 0 0 
0 0 4 5 0 0 0 0 0 0 3 0 4 3 0 1 0 5 0 0 0 5 7 4 
0 0 3 5 0 0 0 0 0 0 0 0 0 0 7 0 0 0 0 0 2 2 8 4 
5 6 2 3 0 0 3 0 0 3 0 0 0 0 2 2 3 0 0 0 1 0 6 3 
2 4 0 0 0 0 0 0 0 0 0 0 4 0 0 0 4 0 1 0 0 0 2 0 
200 237
0 0 0 4
0 0 18 0
0 4 0 0
0 4 0 7
0 4 7 4
0 20 0 18
0 20 0 22
0 20 2 20
0 22 0 20
0 22 0 23
0 22 1 22
0 22 1 22
1 1 5 1
1 12 1 10
1 12 1 13
1 12 2 12
1 22 1 21
1 22 1 23
1 22 2 22
2 5 2 12
2 5 1 5
2 5 5 5
2 15 2 14
2 15 2 20
2 15 0 15
2 15 3 15
3 6 3 8
3 6 4 6
3 6 3 8
3 6 4 6
4 23 4 21
4 23 3 23
4 23 6 23
5 2 5 1
5 2 5 3
5 2 7 2
5 5 5 9
5 5 2 5
5 5 6 5
6 1 8 1
7 2 7 4
7 2 5 2
7 2 8 2
7 4 7 2
7 4 7 12
7 4 0 4
7 4 15 4
8 2 8 1
8 2 8 3
8 2 7 2
8 2 13 2
8 5 8 9
8 5 12 5
8 5 8 9
8 5 12 5
8 22 8 21
8 22 8 23
8 22 6 22
8 22 12 22
9 6 9 12
9 6 10 6
9 6 9 12
9 6 10 6
9 12 9 13
9 12 8 12
9 12 10 12
12 5 12 14
12 5 15 5
12 19 12 14
12 19 12 21
12 19 4 19
12 19 13 19
13 7 13 6
13 7 13 12
13 7 14 7
16 1 16 2
16 1 15 1
16 1 17 1
17 1 17 4
17 1 16 1
17 1 22 1
18 3 18 2
18 3 18 4
18 3 19 3
18 3 18 2
18 3 18 4
18 3 19 3
19 5 19 3
19 5 19 11
19 5 15 5
20 17 20 15
20 17 20 21
20 17 18 17
20 22 20 21
20 22 20 23
20 22 15 22
20 22 21 22
21 14 21 3
21 14 21 20
21 14 12 14
21 14 22 14
21 22 21 21
21 22 21 23
21 22 20 22
21 22 22 22
22 0 22 1
22 0 19 0
22 0 23 0
23 12 23 1
23 12 23 16
23 12 23 1
23 12 23 16
0 0 18 0
0 4 0 7
0 7 0 8
0 8 0 9
1 12 1 10
1 12 1 13
1 12 2 12
1 16 1 17
1 19 1 18
1 22 1 21
1 22 1 23
1 22 2 22
2 15 2 14
2 15 2 20
2 15 0 15
3 13 4 13
3 13 4 13
3 16 3 18
4 6 4 12
5 2 5 3
5 22 6 22
6 1 8 1
7 4 7 12
7 4 15 4
8 2 8 1
8 2 8 3
8 2 13 2
8 3 13 3
8 9 8 10
8 22 8 21
8 22 8 23
8 22 6 22
8 22 12 22
10 6 10 12
10 18 10 15
10 18 4 18
10 18 10 15
10 18 4 18
11 20 10 20
12 5 12 14
12 5 15 5
12 19 12 14
12 19 12 21
12 19 4 19
12 19 13 19
14 10 14 8
14 19 14 20
14 19 13 19
14 19 15 19
14 19 14 20
14 19 13 19
14 19 15 19
15 4 15 1
15 4 15 5
15 4 17 4
15 13 15 12
15 13 13 13
15 13 16 13
16 1 16 2
16 1 15 1
17 1 17 4
17 1 22 1
18 2 19 2
18 4 17 4
18 16 18 17
19 0 22 0
19 15 17 15
20 17 20 21
20 17 18 17
21 22 21 21
21 22 21 23
21 22 20 22
22 22 22 20
22 22 22 23
22 22 23 22
0 8 0 9
1 16 1 17
1 19 1 18
4 6 4 12
5 22 6 22
6 23 4 23
6 23 8 23
6 23 8 23
8 1 13 1
8 9 8 10
8 11 8 12
9 23 12 23
10 6 10 12
10 15 5 15
11 20 10 20
14 10 14 8
17 15 16 15
18 4 17 4
18 18 16 18
21 20 21 14
22 22 22 23
22 22 23 22
22 23 21 23
23 18 23 16
8 11 8 12
9 12 9 13
9 12 8 12
9 13 8 13
10 15 5 15
10 20 9 20
14 8 14 7
15 4 15 1
15 4 15 5
17 15 16 15
18 18 16 18
21 23 20 23
23 16 22 16
9 13 8 13
9 20 2 20
14 7 14 6
14 7 13 7
22 16 22 15
8 12 7 12
8 12 7 12
9 20 2 20
14 7 14 6
17 6 17 12
22 16 22 15
13 6 13 7
13 12 15 12

3810

4 = = = 6 = = 3 3 4 1       2 3   4 4 - 5 = 5 1 
ǁ 1     ǁ 2 1     2 2 = 6 2   ǁ 2 4 4 2 | 2 8 2 
ǁ |     ǁ 5 - - - - - - 7   6 7 = = = = 7   5 2 
ǁ |     ǁ ǁ 4 = 2         2   1 1 - 3 2 ǁ 2 2 4 
ǁ |     ǁ ǁ 4 = = = = = 4 4 6       5 4 ǁ 5 - 5 
ǁ 2 5 2 ǁ 6 - - - 4 2   3 2   2     ǁ ǁ ǁ   2 ǁ 
ǁ 2 ǁ   ǁ 4   3 1 4 2         ǁ     ǁ ǁ ǁ 2 4 4 
ǁ ǁ 6 = 8 = = = = = = = 6 3   ǁ     ǁ ǁ ǁ 1 ǁ ǁ 
ǁ 5 8 3 ǁ 4 = = = 4 2 2 6 2   ǁ     ǁ ǁ ǁ 4 8 4 
ǁ | ǁ | ǁ ǁ 4 = = = = = 7 4   ǁ     ǁ ǁ 3   ǁ 1 
ǁ | ǁ | ǁ ǁ 4 = = = = = 3     4 = = 4 ǁ 3   ǁ | 
ǁ | ǁ | ǁ ǁ                           ǁ 2   ǁ | 
ǁ | ǁ | ǁ 6 = = = = = = = = 7 = = = = 8 = 5 6 3 
ǁ 2 6 3 ǁ ǁ 2 5 - - - - 2 1 | 1     2 5 1   4 2 
ǁ 1 4 2 ǁ ǁ 2 5 3 = 2   | | |         6 2   2   
ǁ 4 = = 7 7             4 5 |         2     3 4 
ǁ 6 2   | |             2 2 | 4     6     4 | 2 
ǁ 6 = = 5 | 1 - - - - - 5 1 | 3     ǁ       |   
2 ǁ 3 6 4 |           2   3 | | 1 3 2       |   
2 ǁ 3 6 - 5 - - - - - 3     | 1   ǁ         |   
ǁ ǁ 4 5             3   4 3 | 1 - 5 = = = 5 7 4 
ǁ ǁ 3 5 - - - - - - - - - - 7 = = = = = 2 2 8 4 
5 6 2 3     3     3         2 2 3       1 - 6 3 
2 4 = = = = = = = = = = 4 = = = 4 - 1       2   
