24 24
4 0 0 4 4 0 0 4 4 0 0 3 3 0 3 3 4 0 0 0 3 1 2 0 
0 0 0 0 4 5 4 0 3 1 0 0 3 2 0 2 2 1 4 2 0 0 3 2 
0 0 0 0 0 0 2 0 2 0 0 5 0 0 5 0 0 0 5 0 6 3 0 0 
0 0 0 0 3 4 2 0 5 3 2 0 1 3 0 0 6 5 5 2 5 0 7 4 
0 0 0 0 2 4 4 0 3 4 4 0 0 2 0 4 0 4 0 0 1 0 0 0 
0 3 0 7 0 0 0 7 0 0 0 7 0 0 0 6 0 2 0 0 4 0 5 1 
0 0 2 0 2 5 3 0 1 0 0 7 0 3 1 2 0 0 0 0 2 1 2 2 
0 0 4 0 2 0 2 0 1 0 0 5 0 0 2 0 0 0 0 0 0 0 0 0 
0 0 0 0 0 3 0 7 0 0 0 0 0 0 0 0 8 0 7 0 0 0 5 3 
3 0 0 0 6 5 2 0 2 5 4 0 6 0 4 0 0 2 0 2 0 0 6 4 
0 0 0 0 2 0 1 0 0 0 0 0 0 0 0 0 0 0 0 4 0 0 4 0 
3 2 5 0 0 0 0 0 1 5 0 0 6 0 4 0 0 0 0 4 2 1 3 0 
3 3 4 0 0 0 0 0 0 0 0 0 0 0 0 0 0 0 0 0 0 0 0 0 
2 0 2 0 0 0 0 0 0 0 0 0 0 0 0 0 0 0 0 0 5 6 4 0 
3 7 0 7 0 3 2 0 2 7 0 0 0 0 0 0 8 6 0 0 2 0 1 0 
1 0 0 0 1 5 2 0 0 0 0 2 0 0 0 0 0 0 0 6 0 8 3 0 
0 0 1 7 4 0 0 0 0 0 0 6 0 0 0 0 7 5 0 0 0 0 0 0 
0 0 0 2 4 0 0 0 0 0 0 2 0 0 0 2 0 4 0 0 0 0 0 0 
0 0 0 0 2 0 0 0 0 0 0 0 0 0 0 0 0 4 0 0 0 0 0 0 
0 5 0 0 0 3 0 0 2 8 0 0 0 4 3 4 0 4 5 4 0 0 0 0 
0 4 0 0 0 0 0 0 2 8 0 0 0 3 0 0 0 3 3 0 0 0 1 4 
0 2 0 0 0 0 0 0 2 4 1 0 0 0 0 0 6 2 2 4 0 0 0 0 
0 2 0 0 0 0 0 8 0 0 0 0 0 4 4 2 3 0 1 0 0 0 0 2 
3 0 0 0 0 0 0 6 0 0 0 0 0 0 0 0 0 0 0 0 0 6 4 2 
200 234
0 0 0 3
0 0 9 0
1 5 1 4
1 5 1 6
1 5 3 5
3 22 3 20
3 22 3 23
3 22 1 22
3 22 5 22
5 3 5 1
5 3 5 7
5 3 0 3
5 3 14 3
5 11 5 7
5 11 5 15
5 11 2 11
5 11 6 11
6 2 7 2
6 5 6 4
6 5 6 6
6 5 8 5
6 11 6 8
6 11 6 13
6 11 5 11
6 11 7 11
8 7 8 5
8 7 8 16
8 7 5 7
8 7 22 7
8 16 8 7
8 16 8 18
8 16 3 16
8 16 14 16
9 4 9 5
9 4 7 4
9 4 10 4
9 4 9 5
9 4 7 4
9 4 10 4
9 9 9 8
9 9 9 10
9 9 11 9
9 12 9 10
9 12 9 14
9 12 11 12
9 12 9 10
9 12 9 14
9 12 11 12
9 14 11 14
11 2 11 1
11 2 7 2
11 2 12 2
11 12 11 9
11 12 11 14
13 20 13 21
13 20 11 20
13 20 14 20
14 1 14 0
14 1 14 3
14 1 12 1
14 1 19 1
14 9 14 8
14 9 14 16
14 9 11 9
14 9 19 9
14 16 14 9
14 16 14 17
14 16 8 16
14 16 16 16
15 11 16 11
15 19 15 21
15 19 11 19
15 19 19 19
15 19 15 21
15 19 11 19
15 19 19 19
15 21 15 22
15 21 13 21
15 21 23 21
16 2 16 3
16 3 16 4
16 3 14 3
16 3 17 3
16 11 16 16
16 11 15 11
16 11 17 11
16 17 16 16
16 17 14 17
16 17 17 17
18 4 17 4
18 17 17 17
18 17 19 17
18 17 17 17
18 17 19 17
19 9 19 8
19 9 19 13
19 9 14 9
19 9 20 9
20 1 19 1
20 1 21 1
20 1 19 1
20 1 21 1
20 9 20 8
20 9 20 13
20 9 19 9
20 9 21 9
21 19 21 18
21 19 19 19
22 1 22 7
22 1 22 7
22 7 22 13
22 7 8 7
22 7 23 7
23 0 23 7
23 0 15 0
23 0 23 7
23 7 23 21
23 7 22 7
23 21 23 7
23 21 23 22
23 21 15 21
23 21 23 22
0 0 0 3
0 0 9 0
2 14 2 11
2 14 2 18
2 14 0 14
3 12 3 13
3 16 3 13
3 16 3 17
3 16 8 16
4 10 4 9
4 10 3 10
4 10 4 9
4 10 3 10
4 15 4 13
4 15 5 15
4 15 4 13
4 15 5 15
6 2 7 2
6 4 6 5
6 11 6 13
6 11 5 11
6 13 6 14
6 15 5 15
7 2 11 2
7 6 6 6
7 8 7 11
7 11 7 14
7 14 7 11
8 16 8 18
8 18 8 22
8 18 3 18
8 18 19 18
9 0 11 0
9 10 9 9
9 14 11 14
9 17 14 17
11 12 11 9
11 12 11 14
13 2 12 2
14 16 14 17
14 16 16 16
14 20 13 20
15 21 15 22
15 21 13 21
16 3 16 4
16 3 14 3
16 3 17 3
18 4 17 4
19 9 19 8
19 9 19 13
20 9 20 8
20 9 20 13
20 9 21 9
21 8 21 9
21 19 21 18
21 19 19 19
22 7 22 13
22 18 22 16
1 13 1 12
3 13 3 16
3 16 3 17
4 17 3 17
4 17 5 17
4 17 3 17
4 17 5 17
6 15 5 15
7 6 6 6
9 17 14 17
13 2 12 2
14 17 16 17
17 4 16 4
21 8 21 9
21 10 21 16
21 16 21 17
21 16 16 16
21 16 22 16
22 13 22 14
1 13 1 12
3 17 3 18
5 15 5 11
6 5 8 5
8 7 5 7
17 4 16 4
17 17 16 17
19 15 19 14
19 15 17 15
19 15 19 14
19 15 17 15
20 13 19 13
22 13 22 14
22 14 22 15
5 7 5 3
5 7 0 7
5 7 0 7
15 4 15 5
16 16 16 11
16 16 21 16
17 11 16 11
19 13 19 14
22 14 22 15
22 16 21 16
3 8 3 9
3 8 2 8
3 8 4 8
4 6 4 5
4 6 3 6
4 6 4 5
4 6 3 6
21 17 20 17
2 6 1 6
2 6 1 6
1 6 1 5

2368

4 = = 4 4     4 4     3 3   3 3 4       3 1 2   
ǁ     | 4 5 4 ǁ 3 1     3 2 | 2 2 1 4 2     3 2 
ǁ     |   | 2 ǁ 2     5 - - 5 - - - 5   6 3 |   
ǁ     | 3 4 2 ǁ 5 3 2 | 1 3 = = 6 5 5 2 5 - 7 4 
ǁ     | 2 4 4 ǁ 3 4 4 |   2 = 4 ǁ 4 |   1   |   
ǁ 3 - 7 = = = 7 - - - 7 = = = 6 ǁ 2 |   4   5 1 
ǁ   2 | 2 5 3 ǁ 1 - - 7 = 3 1 2 ǁ   |   2 1 2 2 
ǁ   4 | 2 ǁ 2 ǁ 1 - - 5 = = 2   ǁ   |           
ǁ   ǁ | ǁ 3 - 7 = = = = = = = = 8 = 7 - - - 5 3 
3   ǁ | 6 5 2 ǁ 2 5 4 = 6 = 4   ǁ 2 | 2     6 4 
|   ǁ | 2   1 ǁ   |     ǁ   ǁ   ǁ ǁ | 4     4   
3 2 5 |       ǁ 1 5 = = 6 = 4   ǁ ǁ | 4 2 1 3   
3 3 4 |       ǁ   |             ǁ ǁ | ǁ |       
2 | 2 |       ǁ   |             ǁ ǁ | ǁ 5 6 4   
3 7 - 7   3 2 ǁ 2 7 = = = = = = 8 6 | ǁ 2 ǁ 1   
1 |   ǁ 1 5 2 ǁ   ǁ   2         ǁ ǁ | 6 = 8 3   
| | 1 7 4     ǁ   ǁ   6 = = = = 7 5 | ǁ   ǁ     
| |   2 4     ǁ   ǁ   2       2 ǁ 4 | ǁ   ǁ     
| |     2     ǁ   ǁ           ǁ ǁ 4 | ǁ   ǁ     
| 5       3   ǁ 2 8 = = = 4 3 4 ǁ 4 5 4   ǁ     
| 4           ǁ 2 8 = = = 3     ǁ 3 3 ǁ   ǁ 1 4 
| 2           ǁ 2 4 1 - - - - - 6 2 2 4   ǁ     
| 2 = = = = = 8 = = = = = 4 4 2 3 - 1     ǁ   2 
3 = = = = = = 6 = = = = = = = = = = = = = 6 4 2 
