24 24
2 2 0 0 0 0 0 0 0 0 0 0 0 0 0 4 0 0 4 1 0 4 0 3 
0 0 0 0 0 0 0 0 0 0 0 0 0 0 0 0 0 0 3 4 2 0 2 5 
3 7 0 0 0 0 0 0 0 0 0 0 0 0 0 7 0 0 0 0 0 8 2 0 
2 7 2 1 0 3 3 0 5 2 3 4 0 0 3 0 0 4 0 3 0 0 2 0 
1 4 2 0 0 0 5 1 0 2 0 0 0 0 0 0 0 0 0 2 0 0 0 0 
2 4 0 0 0 8 4 0 0 0 2 0 0 2 0 0 0 0 0 0 0 0 0 0 
0 0 1 0 0 0 1 0 0 6 0 8 2 0 0 0 0 6 0 4 0 7 4 0 
0 0 3 0 0 0 3 0 0 2 0 2 0 0 0 0 0 0 0 1 0 7 4 4 
0 3 0 0 0 0 0 0 0 0 2 0 0 6 0 0 0 2 2 0 0 4 4 2 
0 3 4 0 0 0 0 0 0 0 0 0 0 0 0 0 0 0 2 0 0 0 6 1 
0 0 2 0 0 5 6 0 8 0 0 0 0 7 6 0 0 0 0 0 0 0 0 1 
0 0 0 0 0 0 4 2 0 1 0 0 0 2 2 0 0 0 0 0 0 0 0 0 
6 0 0 0 0 7 0 0 7 0 0 0 0 0 0 6 0 0 0 0 0 0 5 0 
0 3 3 0 0 8 5 1 0 2 2 0 0 0 0 0 0 2 0 0 3 2 6 0 
0 0 0 0 0 0 2 0 0 6 6 0 0 0 0 7 0 0 0 0 5 0 7 5 
5 8 0 2 0 5 2 0 0 2 0 4 2 2 0 0 0 1 0 0 0 3 0 0 
0 2 0 1 0 4 1 0 0 2 3 0 0 0 0 0 4 6 0 0 0 6 1 2 
0 1 0 0 0 0 0 0 0 2 0 0 0 0 0 0 2 4 2 0 0 0 4 4 
0 3 0 0 0 7 0 0 8 6 1 6 0 8 0 8 0 0 0 0 0 8 5 5 
4 6 2 0 0 0 4 2 0 1 1 2 0 0 0 0 0 0 0 0 0 2 2 4 
0 4 3 4 3 2 6 0 8 0 4 1 0 0 2 7 0 0 0 0 0 0 5 4 
0 2 1 0 0 0 2 0 0 1 0 3 0 5 1 0 0 0 0 1 0 0 1 0 
3 0 0 0 5 0 0 0 8 3 1 2 0 0 0 7 0 0 4 5 2 0 0 0 
0 0 0 1 0 0 0 0 3 2 0 4 0 1 0 3 0 0 0 0 0 0 3 1 
200 261
1 23 1 22
1 23 0 23
1 23 7 23
2 1 2 0
2 1 2 15
2 1 0 1
2 1 3 1
2 21 2 15
2 21 2 22
2 21 0 21
2 21 6 21
3 8 3 6
3 8 3 9
3 8 10 8
5 5 5 1
5 5 5 6
5 5 3 5
5 5 10 5
6 2 7 2
6 9 6 11
6 9 4 9
6 9 7 9
6 9 6 11
6 9 4 9
6 9 7 9
6 11 6 12
6 11 3 11
6 11 7 11
7 2 9 2
7 21 7 19
7 21 7 22
7 21 6 21
7 21 8 21
10 8 10 6
10 8 10 13
10 8 3 8
10 8 12 8
12 0 12 5
12 0 5 0
12 0 15 0
12 22 12 15
12 22 9 22
12 22 13 22
13 5 13 2
13 5 13 6
13 5 12 5
13 5 15 5
13 22 13 21
13 22 12 22
13 22 14 22
14 15 14 10
14 15 14 20
14 15 12 15
14 15 18 15
14 22 14 20
14 22 14 23
14 22 13 22
14 22 16 22
14 23 14 22
14 23 10 23
14 23 16 23
15 1 15 0
15 1 15 3
15 1 13 1
15 1 16 1
16 16 16 17
16 16 17 16
16 16 16 17
16 16 17 16
16 21 16 17
16 21 15 21
16 21 18 21
17 17 17 18
17 17 16 17
17 22 17 23
17 22 18 22
17 22 17 23
17 22 18 22
18 5 18 1
18 5 18 8
18 5 16 5
18 5 20 5
18 8 18 5
18 8 18 9
18 8 12 8
18 8 20 8
18 9 18 8
18 9 18 10
18 9 17 9
18 9 19 9
18 11 18 13
18 11 15 11
18 11 19 11
18 13 18 11
18 13 18 15
18 13 15 13
18 13 21 13
18 15 18 13
18 15 18 21
18 15 14 15
18 15 20 15
18 21 18 15
18 21 18 22
18 21 16 21
18 21 19 21
18 23 18 22
18 23 17 23
18 23 19 23
19 6 19 7
19 6 20 6
19 6 19 7
19 6 20 6
20 8 20 6
20 8 20 10
20 8 18 8
20 8 22 8
22 4 22 0
22 4 22 8
22 4 20 4
22 8 22 4
22 8 22 9
22 8 20 8
22 8 23 8
22 15 22 11
22 15 22 18
22 15 20 15
22 15 23 15
22 19 22 18
22 19 22 20
22 19 21 19
22 20 22 19
23 3 23 8
1 20 1 19
2 21 2 15
2 21 2 22
2 21 0 21
2 21 6 21
3 22 6 22
4 6 4 7
4 6 3 6
4 6 5 6
5 5 5 1
5 5 5 6
5 5 3 5
5 5 10 5
5 10 3 10
5 13 8 13
6 11 6 12
6 11 3 11
6 11 7 11
6 17 6 19
6 17 3 17
6 17 8 17
6 17 6 19
6 17 3 17
6 17 8 17
7 2 9 2
7 21 7 22
7 21 6 21
7 21 8 21
8 10 8 13
8 13 8 10
8 13 5 13
8 13 10 13
8 13 10 13
10 8 10 6
10 8 10 13
10 8 12 8
10 14 10 13
10 14 3 14
10 14 11 14
10 14 10 13
10 14 3 14
10 14 11 14
12 0 12 5
12 0 5 0
12 0 15 0
13 5 13 2
13 5 13 6
13 5 12 5
13 5 15 5
13 17 13 20
13 22 13 21
14 9 14 10
14 9 13 9
14 9 15 9
14 9 14 10
14 9 13 9
14 9 15 9
14 22 14 20
14 23 16 23
15 1 15 0
15 1 15 3
15 1 13 1
15 1 16 1
16 3 16 5
16 21 16 17
16 21 15 21
17 1 18 1
17 17 17 18
17 17 16 17
17 23 18 23
18 8 18 9
18 11 15 11
18 11 19 11
18 13 15 13
18 13 21 13
18 15 20 15
18 21 18 22
18 21 19 21
18 23 19 23
19 10 20 10
20 3 20 2
20 3 20 4
20 3 20 2
20 3 20 4
20 8 20 6
20 8 20 10
21 6 20 6
22 4 22 0
22 8 22 9
22 8 23 8
22 19 22 18
1 20 1 19
1 22 1 23
3 22 6 22
5 10 3 10
10 13 11 13
11 9 11 13
12 8 12 5
12 8 12 15
13 1 13 2
13 7 13 6
13 10 14 10
13 17 13 20
13 20 14 20
14 20 14 15
15 0 19 0
15 11 15 12
15 12 15 11
15 17 15 21
17 9 16 9
21 6 20 6
22 0 19 0
22 18 22 15
11 6 11 7
11 6 10 6
11 6 11 7
11 6 10 6
12 8 12 5
12 8 12 15
13 6 14 6
13 10 14 10
16 9 16 10
16 10 14 10
19 0 19 1
19 0 19 1
20 5 18 5
12 5 10 5
13 6 14 6
14 15 12 15

2872

2 2                           4     4 1   4   3 
  |                                 3 4 2 ǁ 2 5 
3 7 - - - - - - - - - - - - - 7 = = = = = 8 2 | 
2 7 2 1   3 3 - 5 2 3 4     3     4   3   ǁ 2 | 
1 4 2     ǁ 5 1 ǁ 2 ǁ ǁ     ǁ     ǁ   2   ǁ ǁ | 
2 4 = = = 8 4   ǁ ǁ 2 ǁ   2 ǁ     ǁ       ǁ ǁ | 
ǁ   1     ǁ 1   ǁ 6 = 8 2 ǁ ǁ     6 = 4   7 4 | 
ǁ   3     ǁ 3   ǁ 2   2   ǁ ǁ     ǁ   1 - 7 4 4 
ǁ 3 ǁ     ǁ     ǁ   2 = = 6 ǁ     2 2     4 4 2 
ǁ 3 4     ǁ     ǁ         ǁ ǁ       2       6 1 
ǁ   2     5 6 = 8 = = = = 7 6               | 1 
ǁ         | 4 2 ǁ 1 - - - 2 2               | | 
6 = = = = 7 = = 7 = = = = = = 6 - - - - - - 5 | 
ǁ 3 3 = = 8 5 1 | 2 2         ǁ   2 = = 3 2 6 | 
ǁ ǁ       ǁ 2   | 6 6 - - - - 7 = = = = 5 = 7 5 
5 8 = 2   5 2   | 2 | 4 2 2   ǁ   1 - - - 3 | ǁ 
| 2   1 - 4 1   | 2 3 ǁ   ǁ   ǁ 4 6 = = = 6 1 2 
| 1       |     | 2   ǁ   ǁ   ǁ 2 4 2     ǁ 4 4 
| 3 - - - 7 = = 8 6 1 6 = 8 = 8 = = = = = 8 5 5 
4 6 2     ǁ 4 2 ǁ 1 1 2   ǁ   ǁ           2 2 4 
| 4 3 4 3 2 6 = 8 = 4 1   ǁ 2 7             5 4 
| 2 1   |   2   ǁ 1   3   5 1 |       1     1   
3 = = = 5 = = = 8 3 1 2 - - - 7 = = 4 5 2       
      1 - - - - 3 2   4   1   3             3 1 
