24 24
3 0 3 4 0 4 3 0 0 0 6 0 0 0 6 2 2 1 3 0 0 2 0 4 
0 0 0 4 2 0 3 2 1 0 0 0 4 2 0 2 0 0 0 0 0 0 0 0 
5 0 7 0 0 8 3 0 2 0 0 4 7 4 0 0 0 0 0 0 0 0 0 0 
0 2 0 2 0 0 0 0 0 0 0 0 0 2 0 0 6 0 6 0 0 0 3 5 
3 5 0 0 0 0 0 0 0 0 0 0 1 0 0 0 2 0 0 0 3 0 2 1 
1 2 0 0 0 0 0 0 0 0 0 0 0 0 0 5 0 0 5 0 7 1 0 2 
3 1 0 0 0 4 0 4 0 0 0 0 0 0 0 4 2 0 0 2 6 2 0 0 
0 0 0 6 0 0 0 4 0 0 0 6 3 0 6 0 0 0 6 0 0 0 5 6 
0 0 0 0 0 2 0 0 0 0 0 4 3 1 0 1 2 0 0 4 2 2 0 0 
0 0 0 0 0 3 0 0 0 0 6 0 2 0 0 0 0 2 0 6 4 4 3 0 
0 0 0 6 0 0 0 0 0 0 6 1 1 0 6 2 0 0 0 0 1 0 5 0 
0 0 0 4 0 0 0 2 2 0 6 0 4 2 4 0 4 3 0 0 2 0 6 0 
6 0 6 0 0 0 0 0 0 0 0 0 0 0 0 0 0 0 6 8 0 0 6 2 
0 3 6 0 0 0 0 0 4 0 0 0 2 2 0 6 4 2 0 0 4 3 0 2 
0 2 0 4 0 4 2 3 0 0 0 0 0 0 0 6 2 0 0 0 0 0 0 0 
0 3 5 5 0 0 0 7 0 0 0 4 2 0 0 1 2 0 0 0 0 3 0 0 
0 0 0 0 0 0 0 2 0 2 0 0 0 0 0 0 0 0 0 0 0 2 0 0 
0 2 3 0 0 0 0 0 0 0 0 0 0 0 0 0 0 0 0 6 7 3 0 0 
0 1 2 0 0 2 0 0 0 6 0 5 7 0 0 0 5 0 0 0 6 4 0 0 
0 2 0 4 0 0 0 0 0 0 0 3 0 2 0 5 4 0 0 6 4 1 0 0 
0 4 3 3 0 0 3 0 0 0 0 2 5 0 0 5 1 0 0 3 3 5 0 0 
0 0 1 0 0 0 2 0 0 0 0 0 3 4 0 5 1 0 0 4 4 4 0 0 
6 6 4 5 0 0 0 0 0 0 0 0 0 0 0 0 0 0 5 4 2 4 6 6 
3 0 2 0 0 0 0 0 0 0 0 3 0 0 0 0 4 2 3 0 0 0 2 2 
200 207
0 10 0 6
0 10 0 14
0 10 9 10
0 14 0 10
0 14 0 15
0 14 7 14
0 23 0 21
0 23 3 23
1 12 1 13
1 12 2 12
1 12 1 13
1 12 2 12
2 0 2 2
2 0 0 0
2 0 4 0
2 5 2 2
2 5 2 6
2 5 0 5
2 5 6 5
2 11 2 12
2 11 7 11
2 11 2 12
2 11 7 11
2 12 2 13
2 12 4 12
2 12 2 13
2 13 3 13
2 13 3 13
3 16 3 18
3 16 0 16
3 16 4 16
3 16 3 18
3 16 0 16
3 16 4 16
3 23 3 22
3 23 0 23
3 23 4 23
3 23 3 22
4 1 4 0
4 1 3 1
4 1 5 1
5 15 5 18
5 15 1 15
5 15 6 15
5 20 5 18
5 20 5 21
5 20 4 20
5 20 6 20
5 23 7 23
5 23 7 23
7 3 7 7
7 3 3 3
7 3 10 3
7 11 7 12
7 11 8 11
7 11 7 12
7 11 8 11
7 23 7 22
7 23 12 23
8 5 9 5
10 3 10 10
10 3 7 3
10 3 11 3
10 22 10 20
10 22 9 22
10 22 11 22
11 10 11 8
11 10 11 12
11 10 10 10
11 22 11 20
11 22 10 22
11 22 12 22
12 0 12 2
12 0 6 0
12 0 22 0
12 19 12 18
12 19 12 22
12 19 9 19
12 19 17 19
13 20 13 21
13 20 17 20
13 20 13 21
13 20 17 20
15 7 15 3
15 7 15 11
15 7 14 7
15 7 16 7
17 20 17 19
17 20 17 21
17 20 18 20
18 9 18 5
18 9 18 11
18 9 16 9
18 12 18 11
18 12 18 16
18 12 15 12
18 12 20 12
19 15 19 13
19 15 19 16
19 15 20 15
20 21 20 20
20 21 19 21
20 21 21 21
21 15 21 13
21 15 21 16
21 15 20 15
22 0 22 1
22 0 12 0
22 0 23 0
22 1 22 0
22 1 22 2
22 1 20 1
22 3 22 2
22 3 22 18
22 3 20 3
22 23 22 22
22 23 13 23
22 23 23 23
23 16 23 11
23 16 23 17
0 10 0 6
0 10 9 10
0 14 0 15
0 14 7 14
0 17 0 18
0 23 0 21
1 3 1 4
1 3 0 3
1 3 1 4
1 3 0 3
1 15 5 15
2 5 2 2
2 5 2 6
2 5 0 5
2 5 6 5
5 20 5 18
5 20 4 20
5 20 6 20
6 5 6 7
7 3 7 7
7 3 3 3
7 7 6 7
7 23 7 22
7 23 12 23
8 5 9 5
9 5 9 10
10 3 10 10
10 3 11 3
10 22 9 22
11 10 11 8
11 10 11 12
11 10 10 10
11 20 11 22
11 22 12 22
12 0 12 2
12 0 6 0
12 19 12 18
12 19 12 22
12 19 9 19
12 19 17 19
12 22 22 22
12 22 22 22
13 8 13 2
13 8 13 12
13 21 15 21
13 23 22 23
14 5 14 3
14 5 14 6
14 5 14 3
14 5 14 6
15 21 16 21
18 9 18 5
18 9 18 11
18 9 16 9
18 21 18 20
18 21 17 21
20 21 20 20
20 21 21 21
21 15 21 13
21 15 20 15
22 0 22 1
22 23 22 22
22 23 23 23
23 0 23 2
23 0 23 2
23 11 23 16
23 16 23 17
0 18 3 18
0 18 3 18
3 1 4 1
4 20 4 22
6 5 6 7
7 7 6 7
11 3 11 7
11 7 11 3
13 8 13 2
13 8 13 12
15 21 16 21
16 7 15 7
18 21 18 20
18 21 17 21
17 20 17 19
17 20 18 20
17 19 19 19
18 20 19 20
17 19 19 19
18 20 19 20

3496

3   3 4   4 3 = = = 6 = = = 6 2 2 1 3     2 = 4 
|     4 2 ǁ 3 2 1   ǁ   4 2 ǁ 2 ǁ   ǁ         ǁ 
5 - 7 = = 8 3   2   ǁ 4 7 4 ǁ ǁ ǁ   ǁ         ǁ 
| 2   2   ǁ         ǁ ǁ | 2 ǁ ǁ 6 = 6       3 5 
3 5   ǁ   ǁ         ǁ ǁ 1   ǁ ǁ 2       3 - 2 1 
1 2   ǁ   ǁ         ǁ ǁ     ǁ 5 - - 5 = 7 1   2 
3 1   ǁ   4 = 4     ǁ ǁ     ǁ 4 2     2 6 2   ǁ 
ǁ     6 = = = 4     ǁ 6 3   6       6       5 6 
ǁ     ǁ   2         ǁ 4 3 1   1 2     4 2 2   ǁ 
ǁ     ǁ   3 - - - - 6   2         2   6 4 4 3 ǁ 
ǁ     6 = = = = = = 6 1 1   6 2       ǁ 1 - 5 ǁ 
ǁ     4 = = = 2 2 = 6 = 4 2 4   4 3   ǁ 2 = 6 ǁ 
6 = 6                               6 8 = = 6 2 
ǁ 3 6 = = = = = 4 = = = 2 2   6 4 2   ǁ 4 3 ǁ 2 
ǁ 2   4 = 4 2 3               6 2     ǁ ǁ | ǁ ǁ 
ǁ 3 5 5 - - - 7 - - - 4 2     1 2     ǁ ǁ 3 ǁ ǁ 
ǁ             2   2     |             ǁ ǁ 2 ǁ ǁ 
ǁ 2 3             ǁ     |             6 7 3 ǁ ǁ 
ǁ 1 2     2 = = = 6 = 5 7 - - - 5     ǁ 6 4 ǁ ǁ 
ǁ 2   4               3 | 2 - 5 4     6 4 1 ǁ ǁ 
ǁ 4 3 3     3         2 5     5 1     3 3 5 ǁ ǁ 
ǁ | 1 |     2           3 4 = 5 1     4 4 4 ǁ ǁ 
6 6 4 5 - - - - - - - - - - - - - - 5 4 2 4 6 6 
3 = 2                 3 = = = = 4 2 3       2 2 
