24 24
3 0 0 0 0 5 3 1 2 5 0 4 4 2 2 0 2 0 6 4 0 2 0 4 
0 2 2 0 0 8 0 0 0 5 0 0 0 0 6 0 0 0 5 3 2 4 1 0 
0 0 1 0 0 0 2 4 2 0 2 0 6 4 0 2 0 0 5 3 1 0 0 0 
0 6 6 0 0 7 0 6 6 0 3 4 0 2 0 2 2 2 6 0 0 6 5 0 
0 0 0 4 0 8 0 2 0 0 0 2 0 0 0 5 6 3 0 0 0 0 0 0 
0 0 0 0 0 0 2 3 0 0 0 0 0 0 0 2 0 0 0 0 0 1 0 0 
0 4 0 0 2 0 0 3 0 0 0 2 7 0 5 0 7 4 0 3 0 3 0 0 
0 0 0 0 0 0 0 3 0 0 0 0 0 1 0 3 6 0 0 2 0 0 4 0 
0 2 0 2 0 0 0 0 4 0 2 0 7 3 0 0 0 3 7 0 0 6 0 0 
0 2 0 2 0 0 0 4 0 0 0 0 0 2 0 0 0 1 0 0 0 0 2 0 
0 4 0 0 0 0 0 0 0 0 0 0 0 0 2 0 0 0 0 0 0 0 1 0 
0 0 0 6 5 0 0 0 4 0 0 0 0 0 0 0 0 0 0 0 0 0 5 6 
6 6 0 2 0 0 0 0 0 0 0 0 0 0 0 0 0 0 0 0 0 0 0 4 
2 0 0 0 0 6 4 4 3 0 2 0 7 7 2 0 0 2 0 0 0 0 0 0 
0 4 0 2 0 4 0 0 0 0 0 0 1 0 1 0 0 0 0 0 0 0 0 0 
0 0 0 0 0 2 0 0 0 0 1 0 0 4 3 0 6 4 0 0 0 0 0 2 
0 0 0 0 0 0 0 0 0 0 0 0 0 0 0 0 6 4 0 0 0 0 0 0 
0 0 0 4 7 0 0 0 0 5 0 0 0 0 0 6 5 3 0 0 0 0 0 2 
0 0 5 2 0 3 0 3 0 0 3 0 0 0 0 6 3 2 0 0 0 0 0 0 
0 0 0 0 0 0 1 3 2 0 3 0 0 1 2 8 5 4 0 2 0 6 0 0 
1 4 0 0 0 0 0 0 0 0 1 0 1 0 0 5 2 2 0 0 0 2 0 0 
2 3 0 4 7 5 4 0 0 7 0 0 0 0 0 0 0 0 7 0 0 0 6 4 
0 0 2 1 2 4 4 1 2 7 0 0 0 0 3 2 1 0 6 4 0 0 5 4 
0 0 0 0 1 3 3 2 0 6 4 0 2 0 0 0 2 0 4 4 2 0 4 4 
200 231
0 5 0 0
0 5 0 6
0 5 1 5
0 9 0 8
0 9 0 11
0 9 1 9
0 18 0 16
0 18 0 19
0 18 1 18
0 23 0 21
0 23 11 23
1 5 1 2
1 5 1 9
1 5 0 5
1 5 3 5
3 1 3 2
3 1 1 1
3 1 6 1
3 22 3 21
3 22 1 22
3 22 7 22
4 3 4 5
4 3 8 3
4 5 4 3
4 5 4 7
4 5 3 5
4 5 13 5
6 4 11 4
6 12 6 11
6 12 6 14
6 12 2 12
6 12 8 12
6 16 6 14
6 16 6 17
6 16 4 16
6 16 7 16
8 18 8 17
8 18 8 21
8 18 3 18
8 18 21 18
8 21 8 18
8 21 6 21
8 21 19 21
10 1 9 1
10 1 12 1
10 1 9 1
10 1 12 1
11 3 11 4
11 3 9 3
11 3 12 3
11 8 8 8
11 8 13 8
11 8 8 8
11 8 13 8
11 22 11 23
11 22 10 22
11 22 21 22
11 23 11 22
11 23 0 23
11 23 12 23
12 0 12 1
12 0 0 0
12 0 13 0
13 12 13 10
13 12 13 13
13 12 8 12
13 12 14 12
16 16 16 17
16 16 15 16
16 16 17 16
17 4 17 3
17 4 17 9
17 4 11 4
17 4 21 4
18 2 18 3
18 2 3 2
18 2 22 2
19 15 19 14
19 15 19 16
19 15 18 15
19 15 20 15
19 21 19 19
19 21 8 21
19 21 20 21
20 21 19 21
21 9 21 6
21 9 21 18
21 9 17 9
21 9 22 9
23 9 23 7
23 9 23 10
23 9 22 9
23 23 23 22
23 23 22 23
0 18 0 16
0 18 0 19
0 18 1 18
0 23 0 21
1 5 1 2
1 5 1 9
1 5 0 5
1 21 1 20
1 21 3 21
2 2 3 2
2 6 2 7
3 1 3 2
3 1 1 1
3 1 6 1
3 5 3 2
3 5 3 7
3 5 4 5
3 22 3 21
3 22 7 22
4 3 8 3
4 5 4 7
4 5 3 5
4 15 4 16
4 15 3 15
4 15 5 15
5 15 4 15
6 1 8 1
6 4 11 4
7 16 7 15
7 16 6 16
7 16 15 16
7 19 6 19
7 22 9 22
8 1 6 1
8 21 6 21
9 3 11 3
9 7 7 7
9 7 13 7
9 7 7 7
9 7 13 7
9 22 7 22
11 3 11 4
11 3 12 3
11 23 11 22
12 0 12 1
12 0 0 0
12 0 13 0
12 1 14 1
12 23 15 23
13 12 13 10
13 12 13 13
13 12 8 12
13 13 13 14
13 13 9 13
13 13 15 13
14 3 17 3
14 5 13 5
14 5 15 5
14 5 13 5
14 5 15 5
16 16 16 17
16 16 15 16
16 16 17 16
17 4 17 3
17 4 17 9
17 4 21 4
19 8 19 7
19 15 19 14
19 15 19 16
19 15 18 15
19 15 20 15
19 21 19 19
21 4 21 3
21 4 21 5
21 4 22 4
21 22 21 18
21 22 21 23
21 22 22 22
23 9 23 7
23 9 23 10
23 9 22 9
23 10 23 12
23 23 23 22
23 23 22 23
0 6 0 7
0 8 0 9
0 19 1 19
0 19 1 19
1 21 1 20
1 21 3 21
2 6 2 7
2 20 2 19
3 7 3 5
3 7 3 8
3 7 2 7
7 7 6 7
7 19 6 19
12 1 14 1
12 23 15 23
13 5 13 6
13 8 13 7
14 1 20 1
14 3 17 3
17 23 21 23
19 8 19 7
23 10 23 12
3 2 18 2
3 7 3 8
3 7 2 7
13 5 13 6
13 7 13 6
14 1 20 1
17 23 21 23
13 5 13 6
5 6 5 7
5 6 5 7
5 7 6 7
6 7 6 11
6 12 6 14
6 12 2 12
6 12 8 12
8 8 8 10
3 8 3 10
3 8 2 8
3 8 3 10
3 8 2 8
4 11 3 11
8 8 8 10
8 12 8 13
4 11 3 11
8 12 8 13
8 12 8 13
9 13 13 13
7 13 7 15
10 14 13 14
13 13 15 13
14 14 15 14

2427

3 - - - - 5 3 1 2 5 - 4 4 2 2   2 = 6 4   2 = 4 
ǁ 2 2 = = 8 = = = 5         6       5 3 2 4 1 ǁ 
ǁ ǁ 1     | 2 4 2   2   6 4   2     5 3 1 ǁ | ǁ 
ǁ 6 6 - - 7 = 6 6 = 3 4 ǁ 2   2 2 2 6     6 5 ǁ 
ǁ ǁ ǁ 4 = 8 = 2       2 ǁ     5 6 3 |       ǁ ǁ 
ǁ ǁ ǁ ǁ   | 2 3         ǁ     2 |   |     1 ǁ ǁ 
ǁ 4 ǁ ǁ 2 |   3 - - - 2 7 = 5 - 7 4 | 3   3 ǁ ǁ 
ǁ ǁ ǁ ǁ ǁ |   3         ǁ 1 - 3 6   | 2   ǁ 4 ǁ 
ǁ 2 ǁ 2 ǁ |   ǁ 4 = 2   7 3     | 3 7 = = 6 ǁ ǁ 
ǁ 2 ǁ 2 ǁ |   4 ǁ       ǁ 2     | 1 |     ǁ 2 ǁ 
ǁ 4 ǁ ǁ ǁ |   ǁ ǁ       ǁ ǁ 2   |   |     ǁ 1 ǁ 
ǁ ǁ ǁ 6 5 |   ǁ 4       ǁ ǁ |   |   |     ǁ 5 6 
6 6 ǁ 2 | |   ǁ ǁ       ǁ ǁ |   |   |     ǁ | 4 
2 ǁ ǁ   | 6 4 4 3   2 = 7 7 2   | 2 |     ǁ | ǁ 
  4 ǁ 2 | 4             1 ǁ 1   |   |     ǁ | ǁ 
  ǁ ǁ ǁ | 2         1     4 3   6 4 |     ǁ | 2 
  ǁ ǁ ǁ |                       6 4 |     ǁ |   
  ǁ ǁ 4 7 = = = = 5           6 5 3 |     ǁ | 2 
  ǁ 5 2 ǁ 3   3   | 3         6 3 2 |     ǁ | ǁ 
  ǁ |   ǁ   1 3 2 | 3     1 2 8 5 4 | 2 = 6 | ǁ 
1 4 |   ǁ         | 1   1     5 2 2 |     2 | ǁ 
2 3 | 4 7 5 4 - - 7 - - - - - - - - 7 - - - 6 4 
    2 1 2 4 4 1 2 7         3 2 1   6 4     5 4 
        1 3 3 2 = 6 4 = 2       2   4 4 2   4 4 
