24 24
2 0 6 5 0 5 0 0 0 0 0 0 0 0 0 0 0 0 0 0 0 0 6 2 
3 0 7 8 4 0 4 0 0 4 0 0 3 2 0 4 0 3 1 2 0 0 0 2 
0 0 0 0 0 0 0 0 0 0 0 0 0 0 0 2 0 0 0 0 0 0 0 0 
0 0 0 0 0 0 6 0 0 4 1 0 0 6 0 0 0 6 5 4 2 0 0 0 
0 0 0 0 0 0 4 2 1 4 1 0 0 2 0 0 0 0 2 0 0 0 0 0 
0 0 0 0 0 0 2 0 0 8 0 0 8 0 0 0 0 7 0 7 6 1 0 0 
0 0 0 0 0 0 2 4 0 0 2 2 0 3 0 4 0 0 0 0 2 0 0 0 
0 0 0 0 0 0 0 0 4 8 7 4 0 1 0 0 0 0 0 4 2 0 0 0 
0 0 0 0 0 0 0 0 4 4 1 0 0 0 0 0 0 0 0 1 0 0 0 0 
0 0 0 0 3 0 3 7 0 0 0 0 7 0 5 6 4 0 2 5 0 0 8 4 
0 1 2 0 1 0 3 4 2 3 3 2 0 0 0 2 0 0 4 0 0 0 6 2 
0 0 0 0 0 0 4 0 0 6 1 0 0 0 0 0 0 0 0 0 0 0 0 0 
0 2 0 8 2 0 2 0 0 0 1 0 0 0 0 0 0 0 3 0 0 1 0 0 
0 1 0 4 1 0 0 0 0 0 0 0 0 4 6 5 0 0 0 0 0 0 0 0 
4 0 0 0 0 6 0 0 0 6 4 1 4 2 2 2 2 0 0 0 0 0 2 0 
0 4 4 4 2 0 1 0 0 3 1 1 3 0 3 2 0 0 0 0 0 0 0 1 
0 3 0 6 3 0 4 0 0 6 0 0 6 0 7 4 0 0 0 0 2 0 0 0 
4 3 1 0 2 0 3 1 0 0 0 0 2 0 0 0 0 0 0 0 0 0 0 0 
3 6 0 8 5 0 3 0 0 7 0 0 1 0 1 0 0 0 1 0 6 0 7 4 
3 0 2 6 2 0 5 2 0 0 0 0 0 0 0 0 0 0 2 2 2 0 0 0 
0 0 0 2 1 0 2 0 0 0 0 0 0 0 0 0 0 0 0 0 0 0 0 0 
4 8 0 0 0 8 0 0 0 8 0 0 0 0 0 0 0 8 6 7 0 0 6 3 
3 8 0 5 2 6 0 2 2 4 2 0 0 0 0 0 0 7 2 4 2 0 5 2 
3 4 1 3 1 4 0 0 0 0 0 0 0 4 0 4 2 2 1 3 0 1 0 0 
200 331
0 2 0 0
0 2 0 3
0 2 1 2
0 2 0 0
0 2 0 3
0 2 1 2
0 5 0 3
0 5 0 22
0 5 14 5
0 22 0 5
0 22 0 23
0 22 9 22
1 2 1 0
1 2 1 3
1 2 10 2
1 3 1 2
1 3 1 4
1 3 0 3
1 3 12 3
1 3 1 2
1 3 1 4
1 3 0 3
1 4 9 4
1 6 1 9
1 6 3 6
1 6 1 9
1 6 3 6
1 9 1 12
1 9 3 9
3 6 3 9
3 6 4 6
5 9 5 6
5 9 5 12
5 9 4 9
5 9 7 9
5 9 5 6
5 9 5 12
5 9 4 9
5 9 7 9
5 12 5 17
5 12 1 12
5 12 9 12
5 19 5 17
5 19 5 20
5 19 3 19
5 19 7 19
6 7 6 6
6 7 9 7
6 7 6 6
6 7 9 7
6 15 6 13
6 15 9 15
6 15 6 13
6 15 9 15
7 8 7 9
7 8 8 8
7 8 7 9
7 8 8 8
7 9 7 10
7 9 8 9
7 10 7 9
7 10 7 11
7 10 6 10
7 10 8 10
8 8 8 9
8 8 10 8
8 9 7 9
8 9 10 9
9 4 1 4
9 4 10 4
9 12 9 14
9 12 5 12
9 12 14 12
9 12 9 14
9 12 14 12
9 15 9 14
9 15 9 16
9 15 10 15
9 15 9 14
9 16 9 18
9 16 14 16
9 16 9 18
9 19 9 22
9 19 8 19
9 19 19 19
9 22 9 19
9 22 9 23
9 22 0 22
9 22 10 22
10 15 13 15
10 18 12 18
10 22 10 23
10 22 9 22
10 22 14 22
10 22 10 23
10 22 9 22
12 21 23 21
13 13 13 14
13 13 14 13
13 13 13 14
13 13 14 13
13 14 13 15
13 14 9 14
13 14 14 14
13 14 13 15
13 15 14 15
13 15 14 15
14 12 14 11
14 12 15 12
14 14 15 14
14 16 23 16
14 22 18 22
15 23 18 23
16 14 16 12
16 14 16 15
16 14 15 14
16 14 18 14
16 20 18 20
18 3 18 1
18 3 18 4
18 3 16 3
18 3 19 3
18 3 18 1
18 3 18 4
18 3 16 3
18 3 19 3
18 9 18 6
18 9 18 12
18 9 16 9
18 9 21 9
18 22 18 23
18 22 21 22
18 22 18 23
18 22 21 22
18 22 18 23
19 3 19 2
19 3 19 4
19 3 20 3
19 3 19 2
21 1 21 0
21 1 21 5
21 1 18 1
21 1 22 1
21 1 21 0
21 1 21 5
21 1 18 1
21 1 22 1
21 5 21 9
21 5 14 5
21 5 22 5
21 9 21 5
21 9 18 9
21 9 22 9
21 9 22 9
21 17 21 18
21 17 22 17
21 22 21 23
21 22 22 22
21 22 21 23
21 22 22 22
21 23 22 23
22 1 22 0
22 1 22 3
22 1 23 1
22 10 22 9
22 17 22 18
22 17 21 17
22 17 23 17
22 17 22 18
22 17 21 17
22 17 23 17
22 22 22 23
23 13 23 5
23 13 23 15
23 13 23 5
23 13 23 15
23 15 23 16
23 15 16 15
23 18 23 19
23 19 22 19
23 19 22 19
0 5 14 5
0 22 0 23
1 0 14 0
1 0 14 0
1 23 9 23
2 15 1 15
3 6 3 9
3 6 4 6
3 9 3 10
3 13 3 17
3 13 1 13
3 13 4 13
3 13 3 17
3 13 1 13
3 13 4 13
3 17 3 18
3 17 1 17
3 17 5 17
3 17 3 18
4 6 4 7
4 6 4 7
4 8 4 9
4 9 4 10
4 18 3 18
5 12 5 17
5 12 1 12
5 17 5 19
5 21 5 20
6 13 7 13
7 10 7 11
7 10 6 10
7 11 6 11
7 11 10 11
7 19 7 20
7 19 5 19
7 19 7 20
9 19 19 19
9 23 1 23
10 11 10 10
10 18 12 18
12 18 18 18
14 0 14 5
14 0 17 0
14 10 14 9
14 10 12 10
14 10 15 10
14 10 14 9
15 1 15 2
15 1 16 1
15 1 15 2
15 1 16 1
15 2 15 3
15 2 17 2
15 3 15 4
15 3 16 3
15 3 15 4
15 11 15 12
16 1 17 1
16 3 16 4
16 14 16 12
16 14 16 15
16 14 15 14
16 15 15 15
16 20 18 20
17 0 17 1
17 0 18 0
17 0 17 1
17 12 16 12
18 1 18 0
18 1 18 0
18 9 18 6
18 9 16 9
18 20 19 20
19 0 21 0
19 6 19 7
19 6 18 6
19 6 20 6
19 7 19 6
19 18 21 18
20 3 20 4
20 6 19 6
21 0 19 0
21 5 14 5
21 5 22 5
21 9 22 9
21 17 21 18
21 18 21 17
21 18 21 19
21 18 19 18
21 19 22 19
22 1 22 0
22 1 22 3
22 1 23 1
22 5 22 4
22 5 22 7
22 5 23 5
22 5 22 4
22 7 22 8
22 19 22 20
22 20 19 20
23 1 23 0
23 1 23 2
23 3 23 4
23 3 22 3
23 3 22 3
1 15 1 17
1 15 2 15
1 15 1 17
4 18 3 18
5 20 5 19
5 20 3 20
5 20 6 20
5 20 3 20
10 2 10 1
14 5 14 9
15 12 16 12
16 3 16 4
16 9 16 6
16 9 16 12
16 9 15 9
16 9 16 6
16 12 17 12
17 7 17 6
19 4 18 4
22 0 23 0
3 19 3 18
3 19 1 19
3 19 1 19
12 6 11 6
16 3 16 4
16 6 15 6
16 6 17 6
17 4 18 4
18 4 17 4
12 6 11 6
15 9 14 9
15 9 14 9
11 6 11 9
11 6 10 6
11 9 11 10
11 9 10 9
11 9 14 9
11 9 10 9
10 8 10 7
10 7 10 6
10 7 9 7
10 7 10 6
9 6 9 7
9 7 9 6
9 7 9 6

3800

2 = 6 5 - 5 = = = = = = = = = = = = = = = = 6 2 
3 - 7 8 4 ǁ 4 = = 4 - - 3 2   4 = 3 1 2     ǁ 2 
ǁ   | | ǁ ǁ ǁ     |     ǁ ǁ   2   |   ǁ     ǁ ǁ 
ǁ   | | ǁ ǁ 6 = = 4 1   ǁ 6 = = = 6 5 4 2   ǁ ǁ 
ǁ   | | ǁ ǁ 4 2 1 4 1   ǁ 2       | 2 | ǁ   ǁ ǁ 
ǁ   | | ǁ ǁ 2 = = 8 = = 8 = = = = 7 = 7 6 1 ǁ ǁ 
ǁ   | | ǁ ǁ 2 4   ǁ 2 2 ǁ 3 = 4       ǁ 2   ǁ ǁ 
ǁ   | | ǁ ǁ   ǁ 4 8 7 4 ǁ 1   ǁ       4 2   ǁ ǁ 
ǁ   | | ǁ ǁ   ǁ 4 4 1 | ǁ     ǁ       1     ǁ ǁ 
ǁ   | | 3 ǁ 3 7 | |   | 7 = 5 6 4 = 2 5 = = 8 4 
ǁ 1 2 | 1 ǁ 3 4 2 3 3 2 ǁ   | 2 |   4 ǁ     6 2 
ǁ     |   ǁ 4 - - 6 1   ǁ   | | |   ǁ ǁ     |   
ǁ 2   8 2 ǁ 2     | 1   ǁ   | | |   3 ǁ   1 |   
ǁ 1   4 1 ǁ       | |   ǁ 4 6 5 |   | ǁ   | |   
4 - - - - 6 - - - 6 4 1 4 2 2 2 2   | ǁ   | 2   
| 4 4 4 2 ǁ 1     3 1 1 3   3 2 |   | ǁ   | | 1 
| 3 | 6 3 ǁ 4 = = 6 - - 6 = 7 4 |   | ǁ 2 | | | 
4 3 1 ǁ 2 ǁ 3 1   ǁ     2   | | |   | ǁ ǁ | | | 
3 6 = 8 5 ǁ 3 = = 7 - - 1   1 | |   1 ǁ 6 | 7 4 
3 ǁ 2 6 2 ǁ 5 2   ǁ           | |   2 2 2 | ǁ   
ǁ ǁ   2 1 ǁ 2     ǁ           | |   ǁ   | | ǁ   
4 8 = = = 8 = = = 8           | | 8 6 7 | | 6 3 
3 8 = 5 2 6 - 2 2 4 2         | | 7 2 4 2 | 5 2 
3 4 1 3 1 4 = = = = = = = 4 = 4 2 2 1 3   1     
