24 24
2 0 0 0 0 0 0 3 1 0 3 3 0 0 2 2 0 4 0 0 6 4 4 2 
0 4 4 4 4 2 0 7 0 4 6 6 0 0 0 0 0 0 0 0 7 0 5 6 
0 2 0 2 0 3 2 4 2 0 2 3 0 0 0 0 0 0 3 1 0 2 4 3 
0 3 7 0 7 0 0 0 0 6 0 0 0 0 0 0 0 0 0 0 8 4 0 3 
0 0 0 2 0 0 0 1 0 0 0 1 0 0 0 0 3 0 0 0 0 0 0 0 
0 2 0 0 0 0 2 0 0 0 0 0 0 0 2 0 0 0 0 0 0 4 0 0 
4 1 0 4 0 0 0 0 0 0 0 0 0 0 0 0 0 0 0 0 0 2 0 0 
3 1 0 0 0 2 5 0 0 0 0 0 0 0 0 0 0 0 0 0 0 0 0 0 
3 0 6 3 0 0 0 0 0 0 0 0 1 0 7 0 8 0 0 0 6 0 5 5 
3 1 0 3 7 5 8 7 2 0 0 0 0 0 4 2 3 1 3 1 5 2 3 0 
1 0 5 6 4 2 0 0 2 0 0 0 0 0 0 0 0 0 0 0 0 2 2 0 
2 0 0 2 0 0 4 6 4 0 2 0 4 0 0 0 4 0 8 0 7 3 2 0 
4 0 7 0 0 5 0 2 0 0 2 5 0 0 0 0 0 2 0 0 0 4 6 0 
3 1 2 2 0 0 0 0 0 0 2 0 0 0 0 0 0 0 6 2 0 2 0 2 
5 0 5 5 1 1 5 4 4 0 0 0 0 0 0 0 0 0 2 0 0 0 0 0 
3 0 0 1 2 0 4 1 2 0 0 4 5 0 0 2 0 0 4 0 8 2 0 0 
3 0 7 0 0 0 0 0 0 7 4 2 3 0 0 0 0 0 2 0 4 0 4 0 
0 0 2 4 0 0 0 0 0 8 0 0 0 0 0 0 0 7 0 0 4 0 4 3 
0 0 0 0 2 0 0 2 0 0 0 0 0 0 0 1 0 6 0 5 4 5 2 0 
0 0 0 6 8 0 0 4 0 0 0 0 0 0 0 0 0 0 0 4 0 0 0 0 
0 0 0 2 4 4 4 0 0 4 0 0 0 0 0 0 0 0 0 5 0 6 2 1 
1 0 5 0 0 0 0 0 0 0 2 0 0 0 0 0 0 2 0 0 0 2 1 0 
2 0 7 0 0 0 0 5 0 0 0 0 0 0 0 0 0 0 0 6 1 0 0 0 
0 0 4 4 0 2 0 3 0 0 0 0 0 0 0 1 0 0 0 4 0 0 3 0 
200 204
0 20 0 17
0 20 0 21
0 20 1 20
1 1 1 2
1 1 2 1
1 7 1 5
1 7 1 9
1 7 0 7
1 7 2 7
1 23 1 22
1 23 0 23
1 23 2 23
3 2 3 1
3 2 3 4
3 2 1 2
3 2 8 2
3 20 3 9
3 20 3 21
3 20 1 20
3 20 8 20
4 16 4 11
4 16 8 16
4 16 8 16
5 21 3 21
5 21 6 21
5 21 3 21
5 21 6 21
6 3 4 3
6 3 8 3
6 3 4 3
6 3 8 3
7 6 7 5
7 6 5 6
7 6 9 6
8 14 8 12
8 14 8 16
8 14 5 14
8 14 9 14
8 16 8 14
8 16 8 20
8 16 9 16
8 23 8 22
8 23 3 23
8 23 13 23
9 4 9 3
9 4 9 5
9 4 3 4
9 4 10 4
9 6 9 5
9 6 9 7
9 6 7 6
9 6 11 6
9 7 9 6
9 7 9 8
9 7 4 7
9 7 11 7
11 18 11 16
11 18 11 20
11 18 9 18
11 18 13 18
12 2 12 0
12 2 12 5
12 2 10 2
12 2 13 2
12 11 12 10
12 11 12 17
12 11 15 11
12 22 12 21
12 22 11 22
12 22 16 22
13 18 13 19
13 18 11 18
13 18 14 18
14 0 14 2
14 0 13 0
14 0 15 0
15 12 15 11
15 12 15 15
15 12 16 12
15 20 15 18
15 20 15 21
15 20 11 20
15 20 16 20
16 2 16 0
16 2 16 9
16 2 14 2
16 2 17 2
17 9 17 3
17 9 17 17
17 9 16 9
17 9 20 9
18 19 18 17
18 19 18 20
18 19 19 19
19 3 19 4
19 3 17 3
19 3 20 3
19 4 19 3
19 4 19 7
19 4 18 4
19 4 20 4
20 6 20 5
20 6 20 9
20 6 20 5
20 6 20 9
22 2 22 0
22 2 22 7
22 2 21 2
22 2 23 2
23 2 23 3
23 2 22 2
23 22 23 19
23 22 21 22
23 22 23 19
0 20 0 17
0 20 0 21
0 20 1 20
1 1 1 2
1 1 2 1
1 23 1 22
1 23 0 23
1 23 2 23
2 19 2 18
3 20 3 9
3 20 3 21
3 20 1 20
3 20 8 20
5 14 8 14
8 14 9 14
8 16 8 20
8 16 9 16
9 6 9 5
9 6 9 7
11 12 11 10
11 12 11 16
11 12 11 10
11 12 11 16
11 18 11 16
11 18 11 20
11 18 9 18
12 22 12 21
12 22 11 22
12 22 16 22
13 19 13 18
15 20 15 18
15 20 15 21
15 20 11 20
15 20 16 20
17 9 17 3
17 9 17 17
17 9 16 9
17 9 20 9
17 17 17 20
17 17 12 17
17 17 18 17
18 21 18 20
18 21 18 22
18 21 20 21
19 3 19 4
19 3 17 3
20 3 20 4
20 5 20 4
20 19 20 21
20 19 19 19
20 19 22 19
21 21 20 21
22 20 22 19
23 2 23 3
23 3 23 5
0 17 0 15
0 22 0 21
0 22 1 22
2 18 2 11
12 11 12 10
12 11 15 11
13 18 14 18
13 21 12 21
15 15 15 12
15 18 16 18
17 17 17 20
17 17 18 17
20 5 20 4
21 21 20 21
23 3 23 5
23 7 23 15
23 7 22 7
23 7 22 7
23 19 22 19
23 19 22 19
0 17 0 15
0 22 0 21
0 22 1 22
2 18 2 11
2 21 2 22
13 21 12 21
15 18 16 18
18 15 18 17
19 4 19 7
19 4 18 4
19 7 18 7
0 14 0 11
2 21 2 22
18 7 19 7
0 14 0 11

2766

2             3 1   3 3 = = 2 2 = 4 = = 6 4 4 2 
  4 4 4 4 2 - 7 - 4 6 6                 7   5 6 
  2 | 2   3 2 4 2   2 3 = = = = = = 3 1 ǁ 2 4 3 
  3 7 - 7         6 = = = = = = = = = = 8 4   3 
    | 2 |     1       1 - - - - 3       ǁ ǁ   | 
  2 | ǁ |   2 |             2   ǁ       ǁ 4   | 
4 1 | 4 |   | |             ǁ   ǁ       ǁ 2   | 
3 1 | ǁ | 2 5 |             ǁ   ǁ       ǁ     | 
3   6 3 |   ǁ |         1 - 7 = 8 = = = 6   5 5 
3 1   3 7 5 8 7 2           4 2 3 1 3 1 5 2 3 | 
1   5 6 4 2 | | 2                   ǁ     2 2 | 
2   | 2     4 6 4   2 = 4 = = = 4 = 8 = 7 3 2 | 
4 - 7 - - 5   2     2 5 - - - - - 2 ǁ   ǁ 4 6 | 
3 1 2 2             2 ǁ           | 6 2 ǁ 2 ǁ 2 
5 - 5 5 1 1 5 4 4     ǁ           | 2   ǁ   ǁ   
3   | 1 2   4 1 2     4 5 = = 2   | 4 = 8 2 ǁ   
3 - 7 - - - - - - 7 4 2 3         | 2   4   4   
    2 4 = = = = = 8 = = = = = = = 7 = = 4   4 3 
      ǁ 2     2   ǁ           1 - 6 - 5 4 5 2   
      6 8 = = 4   ǁ                   4   |     
      2 4 4 4 = = 4                   5 - 6 2 1 
1   5               2             2   |   2 1   
2 - 7 - - - - 5                       6 1   |   
    4 4 = 2   3 - - - - - - - 1       4 = = 3   
