24 24
3 0 0 0 0 4 0 0 0 0 0 0 0 0 0 0 0 0 4 0 0 4 5 2 
3 0 0 4 2 0 0 2 0 0 3 0 0 2 4 4 4 2 0 0 0 0 5 3 
4 4 0 0 0 7 0 0 0 0 0 0 0 5 5 3 0 0 0 1 2 0 2 0 
6 5 0 0 0 7 0 0 0 0 0 0 0 6 2 0 0 0 0 0 0 0 0 0 
0 4 5 1 0 0 2 4 3 5 0 5 3 0 2 0 0 0 6 6 3 0 3 0 
0 4 8 4 0 0 0 6 2 5 4 0 0 0 0 0 0 0 0 4 2 0 0 0 
0 3 0 0 0 0 3 0 0 0 0 0 0 0 3 2 0 0 0 0 0 0 0 0 
0 4 5 0 0 0 0 0 0 0 2 0 3 0 0 0 0 0 2 0 0 0 0 1 
6 6 0 5 3 0 5 8 4 0 0 0 2 0 0 0 0 0 0 0 0 0 0 2 
0 0 0 0 0 0 0 0 0 4 2 4 1 0 4 0 5 5 0 0 0 8 8 6 
0 0 0 0 0 0 0 0 0 4 3 0 0 0 1 1 0 0 2 6 2 0 0 0 
0 4 0 0 0 0 0 0 0 0 0 0 0 0 1 0 0 0 2 0 2 0 0 0 
0 4 0 2 0 0 0 0 6 0 0 7 0 7 4 5 0 0 0 4 0 0 0 0 
2 0 0 0 2 0 2 0 5 6 4 4 2 0 2 4 0 0 0 0 0 0 4 0 
1 4 0 0 0 0 1 0 2 3 3 5 3 0 0 0 0 0 0 0 4 0 0 3 
3 2 0 0 0 0 4 8 0 0 0 0 0 7 7 6 0 0 0 0 0 0 4 3 
0 0 0 0 0 0 1 2 2 0 0 0 0 3 2 3 0 0 0 0 0 0 0 0 
4 0 6 0 0 7 0 0 0 0 0 0 0 0 0 0 5 0 0 0 0 0 0 3 
4 0 4 4 1 0 2 0 0 0 0 0 0 0 1 2 0 0 0 0 0 0 0 0 
0 3 0 7 2 0 0 0 0 0 0 0 0 0 0 0 0 0 0 0 0 0 3 5 
0 1 1 5 2 0 0 0 0 0 0 0 0 0 0 0 0 5 7 5 0 0 2 0 
0 2 4 3 4 6 5 0 0 0 0 0 0 0 4 4 0 2 2 2 0 0 3 2 
4 0 5 1 0 4 3 0 3 2 2 0 0 0 0 0 8 0 0 4 6 6 8 3 
2 0 0 0 5 0 0 0 0 0 0 0 0 0 0 0 5 2 1 0 2 1 4 3 
200 337
0 22 0 21
0 22 0 23
0 22 1 22
2 5 2 1
2 5 2 13
2 5 0 5
2 5 3 5
3 0 3 1
3 0 2 0
3 0 8 0
3 0 3 1
3 0 2 0
3 0 8 0
4 2 4 1
4 2 4 3
4 2 5 2
4 9 4 8
4 9 4 11
4 9 5 9
5 2 5 1
5 2 5 3
5 2 4 2
5 2 7 2
5 2 5 1
5 2 5 3
5 2 4 2
5 3 5 7
5 3 8 3
5 7 5 8
5 7 4 7
5 7 8 7
5 7 5 8
5 7 4 7
6 6 8 6
7 2 7 1
7 2 17 2
7 2 7 1
7 2 17 2
8 0 8 1
8 0 13 0
8 1 8 0
8 1 7 1
8 1 11 1
8 1 8 0
8 1 7 1
8 3 8 4
8 3 12 3
8 3 8 4
8 3 12 3
9 21 9 17
9 21 9 22
9 21 0 21
9 21 22 21
9 21 9 17
9 21 9 22
9 21 0 21
9 21 22 21
9 22 9 23
9 22 4 22
9 22 13 22
9 23 9 22
9 23 8 23
9 23 14 23
9 23 9 22
9 23 8 23
10 19 10 18
10 19 10 20
10 19 12 19
10 19 10 18
10 19 10 20
10 19 12 19
11 1 12 1
11 1 12 1
11 20 14 20
12 1 11 1
12 1 14 1
12 8 12 11
12 8 8 8
12 8 13 8
12 8 12 11
12 8 8 8
12 8 13 8
12 11 12 13
12 11 9 11
12 11 13 11
12 19 12 15
12 19 20 19
13 0 14 0
13 9 13 8
13 9 13 10
13 9 14 9
13 9 13 8
13 9 13 10
13 9 14 9
13 10 13 11
13 10 14 10
13 22 9 22
13 22 15 22
13 22 15 22
14 1 15 1
14 1 15 1
14 11 14 10
14 11 14 12
14 11 13 11
14 20 11 20
14 20 22 20
14 20 22 20
14 23 15 23
15 0 17 0
15 7 15 6
15 7 15 13
15 7 8 7
15 7 16 7
15 7 15 6
15 7 15 13
15 7 8 7
15 7 16 7
15 13 15 14
15 13 12 13
15 13 16 13
15 15 15 14
15 15 13 15
15 15 16 15
15 15 15 14
15 15 13 15
15 15 16 15
15 22 15 23
15 22 19 22
17 2 17 0
17 2 17 5
17 2 18 2
17 2 17 0
17 5 17 16
17 5 21 5
17 5 17 16
17 5 21 5
17 16 22 16
19 1 19 3
19 1 20 1
19 1 19 3
19 3 19 4
19 3 18 3
19 3 20 3
19 23 19 22
19 23 17 23
19 23 21 23
20 19 20 18
20 19 21 19
20 19 20 18
20 19 21 19
21 1 21 2
21 1 21 2
21 5 21 4
21 5 21 6
21 5 22 5
21 5 21 4
21 15 21 14
21 15 18 15
21 15 21 14
21 15 18 15
22 2 22 0
22 2 22 3
22 2 21 2
22 5 22 6
22 16 22 10
22 16 22 19
22 16 17 16
22 16 23 16
22 19 22 16
22 19 22 20
22 19 22 20
22 21 22 20
22 21 22 22
22 21 23 21
22 21 22 20
23 4 23 0
23 4 23 16
23 4 21 4
23 20 23 18
23 22 23 23
23 22 22 22
23 22 23 23
23 22 22 22
23 23 22 23
0 21 0 18
0 22 0 23
0 22 1 22
1 3 1 0
1 3 1 4
1 3 1 0
1 3 1 4
1 7 1 10
1 23 1 22
1 23 7 23
1 23 1 22
2 0 2 1
2 0 1 0
2 1 2 5
2 1 3 1
3 5 3 1
3 5 3 13
3 5 2 5
3 5 3 1
3 5 3 13
3 5 2 5
3 13 3 14
3 13 2 13
3 13 12 13
3 13 3 14
4 1 5 1
4 6 4 7
4 7 4 6
4 8 4 9
4 22 2 22
5 1 4 1
5 10 5 9
5 10 7 10
5 10 5 9
5 10 7 10
5 19 5 20
5 19 4 19
5 19 5 20
5 19 4 19
6 6 8 6
7 18 4 18
8 8 8 7
8 8 8 12
9 9 9 10
9 9 10 9
9 9 9 10
9 9 10 9
9 11 9 12
9 11 12 11
9 16 9 14
9 16 9 17
9 16 1 16
10 9 10 10
10 10 10 9
11 18 11 14
12 13 12 11
12 13 12 14
12 13 15 13
12 13 12 14
12 14 12 15
12 14 13 14
12 15 13 15
12 15 13 15
13 8 14 8
13 11 13 12
13 12 14 12
13 14 15 14
14 8 14 9
14 10 14 11
14 11 14 12
14 23 15 23
15 0 17 0
15 6 14 6
15 6 16 6
15 14 15 13
15 14 16 14
15 14 16 14
16 8 16 13
16 13 16 8
17 23 19 23
18 0 18 2
18 0 22 0
18 0 18 2
18 0 22 0
18 2 18 3
18 3 18 4
18 3 19 3
21 14 21 6
21 14 18 14
22 0 22 2
22 2 21 2
22 5 22 6
22 16 22 10
22 16 23 16
23 0 23 4
23 17 23 16
0 0 0 5
0 5 0 0
0 5 0 18
0 18 4 18
0 18 4 18
1 7 1 10
1 10 1 13
1 22 2 22
2 14 2 13
2 14 2 15
2 14 1 14
4 8 4 9
4 11 4 12
4 11 4 12
4 14 6 14
4 19 4 18
4 19 4 20
4 19 2 19
4 19 4 18
4 20 2 20
7 18 4 18
8 7 8 6
8 12 7 12
10 15 10 14
18 6 21 6
20 2 20 3
21 6 18 6
21 6 22 6
22 8 22 9
22 9 22 8
23 17 23 16
2 20 4 20
4 11 4 12
4 14 6 14
8 7 8 6
9 14 9 16
9 14 6 14
23 4 21 4
6 15 2 15
8 7 8 6
13 6 13 4
21 3 20 3
6 15 2 15
8 4 13 4
21 3 20 3
1 15 1 14
1 15 1 16
1 15 1 14
1 15 1 16
1 16 1 17
1 17 9 17
2 14 2 13
2 14 1 14
9 16 9 17
20 4 20 3
20 4 19 4
1 13 2 13

1818

3 = = = = 4 - - - - - - - - - - - - 4 - - 4 5 2 
3 = = 4 2 |   2 = = 3 - - 2 4 4 4 2 ǁ     ǁ 5 3 
4 4 = = = 7 - - - - - - - 5 5 3 | | ǁ 1 2 ǁ 2 | 
6 5 = = = 7 = = = = = = = 6 2 ǁ | | ǁ | ǁ ǁ | | 
ǁ 4 5 1     2 4 3 5 - 5 3 | 2 ǁ | | 6 6 3 ǁ 3 | 
ǁ 4 8 4 - - - 6 2 5 4     | ǁ ǁ | | ǁ 4 2 ǁ | | 
ǁ 3 | |     3 |     ǁ     | 3 2 | | ǁ     ǁ | | 
ǁ 4 5 |     ǁ |     2   3 | |   | | 2     ǁ | 1 
6 6 ǁ 5 3   5 8 4 - - - 2 | |   | |       ǁ | 2 
| | ǁ ǁ |     ǁ ǁ 4 2 4 1 | 4 = 5 5 = = = 8 8 6 
| | ǁ ǁ |     ǁ ǁ 4 3 ǁ   | 1 1     2 6 2 ǁ ǁ | 
| 4 ǁ ǁ |     ǁ ǁ     ǁ   | 1 - - - 2 ǁ 2 ǁ ǁ | 
| 4 ǁ 2 |     ǁ 6 = = 7 = 7 4 5 - - - 4 ǁ ǁ ǁ | 
2 | ǁ   2 - 2 ǁ 5 6 4 4 2 ǁ 2 4       | ǁ ǁ 4 | 
1 4 ǁ       1 ǁ 2 3 3 5 3 ǁ | ǁ       | 4 ǁ ǁ 3 
3 2 ǁ       4 8 = = = = = 7 7 6       | ǁ ǁ 4 3 
ǁ   ǁ       1 2 2 = = = = 3 2 3       | ǁ ǁ |   
4 = 6 - - 7 = = = = = = = = = = 5     | ǁ ǁ | 3 
4 = 4 4 1 ǁ 2               1 2 ǁ     | ǁ ǁ | ǁ 
ǁ 3 = 7 2 ǁ ǁ               | ǁ ǁ     | ǁ ǁ 3 5 
ǁ 1 1 5 2 ǁ ǁ               | ǁ ǁ 5 7 5 ǁ ǁ 2 | 
ǁ 2 4 3 4 6 5 - - - - - - - 4 4 ǁ 2 2 2 ǁ ǁ 3 2 
4 = 5 1 ǁ 4 3   3 2 2 = = = = = 8 = = 4 6 6 8 3 
2 = = = 5 - - - - - - - - - - - 5 2 1 - 2 1 4 3 
