24 24
4 6 0 0 0 0 0 0 4 0 0 0 2 1 0 0 4 4 3 0 4 0 5 2 
2 0 2 0 0 4 2 2 3 0 0 0 0 3 3 2 0 2 0 1 0 2 0 2 
4 8 0 0 0 7 4 0 2 4 0 0 0 0 0 0 6 4 6 3 0 0 0 0 
0 0 4 4 3 0 1 5 3 0 4 0 0 0 6 0 3 0 0 2 0 5 7 5 
4 5 5 1 1 0 0 0 4 0 4 0 2 1 4 1 2 2 6 6 0 2 2 1 
0 2 2 3 2 0 0 0 0 0 4 0 5 0 6 0 6 2 0 0 0 0 2 2 
0 4 0 0 0 6 3 0 0 0 4 2 0 1 5 1 0 0 2 2 0 0 4 4 
0 2 2 6 0 7 2 0 4 0 1 0 6 5 4 2 0 0 0 0 0 0 0 0 
0 1 0 5 2 4 2 0 2 0 0 0 2 4 4 2 0 4 0 0 8 0 8 6 
5 0 0 0 0 0 0 6 0 5 0 0 0 0 0 0 7 4 3 1 0 0 0 0 
0 4 4 0 1 3 1 0 0 0 0 2 0 0 0 0 0 0 0 0 0 0 0 0 
0 0 5 0 0 7 3 0 0 0 0 0 0 0 0 0 0 0 0 0 0 0 0 0 
0 0 0 2 0 5 3 0 0 0 0 6 0 0 0 0 4 0 0 0 0 0 0 0 
0 0 0 2 0 5 0 0 0 0 0 2 0 0 2 0 3 0 0 2 0 0 0 0 
0 0 0 2 0 6 0 0 0 0 0 0 0 0 0 0 0 0 0 0 0 0 0 0 
0 0 0 2 0 2 0 0 0 0 0 0 0 0 0 0 0 0 5 6 0 0 0 0 
0 0 0 6 0 0 5 0 3 7 0 0 0 0 0 0 3 0 0 0 0 0 0 0 
0 0 0 2 0 0 4 0 0 4 0 0 2 1 0 0 0 0 0 0 0 0 0 0 
0 2 0 0 0 0 2 0 0 4 2 0 0 0 0 0 0 0 0 4 0 0 0 0 
0 2 0 0 0 0 0 0 5 0 0 0 6 5 2 0 0 0 0 2 0 0 3 4 
0 0 0 0 0 0 0 0 4 0 0 0 0 2 0 0 0 0 0 2 0 0 2 3 
4 4 0 0 0 0 0 0 1 2 0 5 0 0 0 0 0 8 7 4 0 0 1 1 
2 0 7 0 0 0 0 5 0 0 2 1 2 4 0 0 0 4 4 2 0 0 0 0 
1 0 5 0 0 0 0 0 0 0 0 0 0 0 0 0 0 0 0 0 5 3 5 3 
200 176
0 0 0 1
0 0 1 0
0 1 0 0
0 1 0 8
0 1 2 1
0 22 0 20
0 22 0 23
0 22 3 22
2 1 2 0
2 1 2 5
2 1 0 1
2 1 4 1
3 2 3 3
3 2 4 2
3 2 3 3
3 2 4 2
3 23 3 22
3 23 1 23
3 23 4 23
7 5 7 3
7 5 7 6
7 5 6 5
7 5 8 5
8 20 8 17
8 20 8 22
8 20 0 20
8 20 23 20
8 22 8 20
8 22 8 23
8 22 6 22
8 22 19 22
8 23 8 22
8 23 6 23
8 23 19 23
9 0 9 7
9 0 4 0
9 0 21 0
9 16 9 9
9 16 9 17
9 16 5 16
9 16 12 16
10 1 10 2
10 1 18 1
10 1 10 2
10 1 18 1
11 2 11 5
11 2 10 2
11 2 22 2
14 5 14 3
14 5 13 5
14 5 15 5
15 19 15 18
15 19 13 19
15 19 18 19
16 3 16 6
16 3 15 3
16 3 17 3
16 9 16 8
16 9 16 16
16 9 9 9
16 9 17 9
19 1 21 1
19 8 19 12
19 8 16 8
19 8 20 8
21 11 21 9
21 11 21 17
21 11 22 11
21 17 21 11
21 17 21 18
21 17 9 17
21 17 22 17
22 7 22 2
22 7 22 10
22 7 9 7
22 10 22 7
22 12 22 13
23 2 23 0
23 2 23 20
23 2 22 2
23 22 23 21
23 22 23 23
23 22 21 22
23 23 23 22
23 23 21 23
0 0 0 1
1 0 2 0
1 2 1 5
1 21 3 21
2 1 2 0
2 1 2 5
2 1 4 1
2 5 2 6
2 5 1 5
2 5 6 5
3 23 3 22
3 23 1 23
4 19 4 18
4 19 3 19
4 19 6 19
4 19 4 18
4 19 3 19
4 19 6 19
6 18 4 18
8 3 8 1
8 3 8 4
8 3 7 3
8 20 8 17
8 20 0 20
8 20 23 20
8 22 8 23
8 22 6 22
10 11 12 11
12 11 12 16
12 11 10 11
12 11 13 11
14 5 14 3
14 5 13 5
14 5 15 5
15 3 16 3
15 19 15 18
15 19 13 19
15 19 18 19
16 3 16 6
16 3 17 3
17 6 16 6
17 6 18 6
17 6 16 6
17 6 18 6
18 9 18 10
18 9 17 9
18 9 18 10
18 9 17 9
18 19 19 19
19 1 21 1
19 12 19 8
19 12 19 13
19 12 17 12
19 14 19 13
21 1 21 0
21 11 21 9
21 17 21 18
21 17 9 17
21 17 22 17
21 18 21 19
21 18 15 18
21 18 22 18
22 12 22 13
22 13 22 17
23 2 23 20
23 2 22 2
23 20 23 21
23 21 23 22
0 23 0 22
1 2 1 5
1 21 3 21
2 0 4 0
2 19 2 18
2 19 1 19
2 19 2 18
6 18 4 18
9 19 9 18
16 6 12 6
18 19 19 19
19 14 19 13
20 19 21 19
21 1 21 0
21 8 20 8
22 13 22 17
22 18 22 19
22 18 21 18
20 19 21 19
22 18 22 19
21 19 21 18
15 18 9 18
15 18 9 18

3166

4 6 - - - - - - 4       2 1     4 4 3   4 - 5 2 
2 ǁ 2 = = 4 2 2 3         3 3 2   2   1 ǁ 2 | 2 
4 8 = = = 7 4   2 4             6 4 6 3 ǁ ǁ | ǁ 
| ǁ 4 4 3 | 1 5 3   4       6   3     2 ǁ 5 7 5 
4 5 5 1 1 |     4   4   2 1 4 1 2 2 6 6 ǁ 2 2 1 
| 2 2 3 2 |         4   5   6   6 2 ǁ ǁ ǁ   2 2 
| 4       6 3       4 2   1 5 1 |   2 2 ǁ   4 4 
| 2 2 6 - 7 2   4   1   6 5 4 2 |       ǁ   ǁ | 
| 1 - 5 2 4 2   2       2 4 4 2 | 4 = = 8 = 8 6 
5 - - - - - - 6   5 - - - - - - 7 4 3 1 ǁ   | | 
| 4 4   1 3 1 |   |   2         | ǁ ǁ   ǁ   | | 
| ǁ 5 - - 7 3 |   |   ǁ         | ǁ ǁ   ǁ   | | 
| ǁ | 2   5 3 |   |   6 - - - - 4 ǁ ǁ   ǁ   | | 
| ǁ | 2   5 | |   |   2     2   3 ǁ ǁ 2 ǁ   | | 
| ǁ | 2 = 6 | |   |               ǁ ǁ ǁ ǁ   | | 
| ǁ | 2   2 | |   |               ǁ 5 6 ǁ   | | 
| ǁ | 6 = = 5 | 3 7 - - - - - - 3 ǁ | ǁ ǁ   | | 
| ǁ | 2     4 | | 4     2 1       ǁ | ǁ ǁ   | | 
| 2 |       2 | | 4 2   |         ǁ | 4 ǁ   | | 
| 2 |         | 5 = = = 6 5 2     ǁ | 2 ǁ   3 4 
| ǁ |         | 4         2       ǁ | 2 ǁ   2 3 
4 4 |         | 1 2 = 5 = = = = = 8 7 4 ǁ   1 1 
2   7 - - - - 5 = = 2 1 2 4 = = = 4 4 2 ǁ   | | 
1 - 5 = = = = = = = = = = = = = = = = = 5 3 5 3 
