24 24
4 6 4 4 0 0 0 0 0 0 0 0 0 0 0 0 0 0 0 0 0 6 3 2 
4 0 0 0 3 3 2 3 4 0 2 0 2 0 0 6 0 0 4 3 2 0 4 5 
2 0 0 0 5 0 0 6 0 0 0 0 0 0 0 8 0 4 4 4 1 0 2 0 
2 0 0 0 4 6 2 0 0 0 0 0 0 0 0 0 0 0 0 0 0 0 2 0 
5 5 0 0 3 5 3 0 0 0 0 0 0 0 0 0 0 0 3 0 0 0 3 0 
0 0 0 0 6 4 3 0 0 0 0 0 0 1 0 7 4 0 2 0 0 0 0 0 
0 0 0 0 2 0 2 0 0 0 0 0 1 0 0 0 2 0 4 6 0 0 0 0 
0 0 0 0 0 0 1 0 0 0 0 0 0 0 0 3 1 0 0 2 0 0 0 0 
0 0 0 0 3 6 2 0 2 0 0 0 7 0 0 0 0 7 3 1 0 0 0 0 
0 0 0 0 0 2 1 0 2 0 0 0 4 2 0 0 0 6 0 2 0 0 0 0 
0 0 0 0 5 0 0 8 0 0 0 0 0 0 0 0 0 0 0 0 0 6 0 4 
3 0 0 0 5 4 2 0 2 4 2 1 0 0 0 0 0 0 5 4 2 0 0 0 
0 0 2 0 0 4 0 7 0 6 5 4 4 4 0 0 6 4 0 0 0 0 0 0 
0 0 2 0 3 6 3 5 3 5 3 0 2 0 4 0 4 5 7 8 5 0 0 0 
0 0 0 3 1 5 4 2 0 5 2 0 0 0 0 4 0 5 0 0 0 0 0 0 
0 0 4 3 0 0 0 0 6 0 0 7 0 4 6 7 1 0 0 0 0 0 0 0 
0 0 0 2 1 0 0 0 5 2 2 1 1 0 3 0 0 0 0 0 0 0 0 0 
2 0 0 4 0 0 0 0 0 0 7 0 0 0 0 8 5 2 0 4 4 0 0 0 
2 0 0 0 0 2 0 0 0 0 6 0 2 0 0 2 4 2 0 0 1 0 0 0 
3 0 0 5 0 0 0 0 0 0 0 0 0 0 0 0 0 0 8 0 0 6 0 0 
0 0 3 3 2 4 0 0 0 0 0 0 0 0 0 0 0 0 5 2 1 0 0 0 
4 7 0 0 0 0 0 0 0 4 0 0 0 4 0 0 0 0 0 0 0 4 5 4 
4 7 0 0 0 0 3 2 0 5 4 0 0 7 1 2 0 0 4 0 0 0 6 3 
3 5 0 3 2 1 3 0 0 0 0 4 4 6 0 0 3 1 1 2 0 0 5 2 
200 335
0 0 0 1
0 0 1 0
0 0 0 1
0 0 1 0
0 1 0 2
0 1 4 1
0 21 0 3
0 21 0 22
0 21 10 21
0 21 0 3
0 21 0 22
0 21 10 21
1 0 2 0
1 15 1 12
1 15 1 18
1 15 2 15
1 15 1 12
1 15 1 18
1 15 2 15
1 18 1 19
1 18 2 18
1 23 1 22
1 23 0 23
1 23 10 23
2 4 2 7
2 4 1 4
2 4 3 4
2 15 2 7
2 15 2 17
2 15 5 15
3 5 3 4
3 5 3 6
3 5 4 5
3 5 3 4
3 5 3 6
3 5 4 5
4 0 4 1
4 0 3 0
4 0 11 0
5 4 5 5
5 4 4 4
5 4 6 4
5 4 5 5
5 4 4 4
5 4 6 4
5 15 5 13
5 15 5 16
5 15 2 15
5 15 7 15
6 19 6 18
6 19 2 19
6 19 7 19
6 19 6 18
6 19 2 19
6 19 7 19
8 12 8 8
8 12 8 17
8 12 6 12
8 12 9 12
10 4 10 7
10 4 8 4
10 4 11 4
10 7 10 4
10 7 10 21
10 7 2 7
10 7 12 7
10 21 10 7
10 21 10 23
10 21 19 21
10 23 1 23
10 23 21 23
11 18 11 11
11 18 11 19
11 18 13 18
12 16 12 13
12 16 12 17
12 16 13 16
12 16 12 13
12 16 12 17
12 16 13 16
12 17 13 17
13 19 13 18
13 19 13 20
13 19 11 19
13 19 17 19
13 19 13 18
13 19 13 20
13 19 11 19
13 19 17 19
14 17 14 15
14 17 13 17
14 17 17 17
15 11 15 8
15 11 15 13
15 11 12 11
15 11 16 11
15 15 15 14
15 15 15 16
15 15 14 15
15 15 17 15
16 8 16 4
16 8 16 9
16 8 15 8
17 10 17 3
17 10 17 15
17 10 16 10
17 10 18 10
17 15 17 10
17 15 17 16
17 15 15 15
17 15 18 15
19 18 19 3
19 18 19 21
19 18 13 18
19 18 20 18
19 18 19 3
19 18 19 21
19 18 13 18
19 18 20 18
19 21 21 21
20 20 20 19
21 1 21 0
21 1 21 9
21 1 4 1
21 1 22 1
21 22 21 21
21 22 21 23
21 22 22 22
21 23 21 22
21 23 22 23
22 9 22 7
22 9 22 10
22 9 21 9
22 10 22 9
22 10 22 13
22 10 22 9
22 13 22 14
22 13 21 13
22 13 23 13
22 13 21 13
22 13 23 13
22 15 22 18
23 1 23 0
23 1 23 3
23 1 22 1
23 11 23 6
23 11 23 12
23 11 23 6
23 11 23 12
23 12 23 13
23 13 23 12
23 13 23 16
23 13 22 13
23 16 23 17
23 22 23 19
23 22 23 23
23 22 22 22
0 1 0 2
0 1 4 1
0 2 0 3
0 2 12 2
0 3 14 3
1 0 2 0
1 8 1 7
1 8 1 10
1 8 1 7
1 8 1 10
2 15 2 7
2 15 2 17
2 17 2 18
2 17 8 17
2 18 2 19
2 18 4 18
2 19 2 20
3 0 4 0
3 4 2 4
4 4 4 5
4 18 5 18
4 22 3 22
5 15 5 16
5 15 7 15
5 16 6 16
6 18 5 18
6 18 8 18
7 15 7 16
8 12 8 8
8 12 8 17
8 12 9 12
8 17 8 18
8 17 9 17
9 8 9 12
9 12 9 8
9 13 9 17
9 17 9 13
9 17 9 19
9 17 8 17
9 17 9 19
10 7 2 7
10 7 12 7
11 19 11 18
11 20 13 20
12 2 13 2
12 7 12 5
12 7 12 9
12 7 13 7
12 13 12 12
12 13 15 13
12 17 13 17
13 2 15 2
13 12 12 12
13 14 13 16
13 14 15 14
13 14 13 16
13 14 15 14
14 5 14 4
14 5 14 6
14 5 13 5
14 9 14 7
14 9 14 10
14 9 13 9
14 15 14 17
14 15 15 15
15 2 15 3
15 2 20 2
15 2 15 3
15 8 15 3
15 8 15 11
15 8 16 8
15 8 16 8
15 11 15 13
15 11 12 11
15 13 15 14
15 15 15 14
16 3 17 3
16 3 17 3
16 9 16 10
16 12 16 14
16 14 15 14
17 3 17 10
17 10 18 10
17 15 17 16
17 15 18 15
17 19 17 20
18 5 18 10
18 12 18 10
18 16 18 17
18 16 17 16
18 16 18 17
18 16 17 16
18 20 17 20
19 3 20 3
19 21 21 21
20 2 20 3
20 2 20 3
20 4 20 5
20 5 20 4
20 5 20 18
20 5 20 18
21 9 21 1
21 9 21 13
21 13 21 21
21 22 22 22
22 7 22 6
22 15 22 18
22 18 22 22
22 18 23 18
23 19 23 22
1 19 1 20
1 19 1 20
4 22 3 22
5 16 6 16
8 17 8 18
11 6 11 5
11 8 11 9
11 18 13 18
11 20 13 20
12 11 12 10
12 11 12 12
12 12 13 12
13 17 13 18
13 17 14 17
13 20 17 20
17 16 17 17
17 19 17 20
18 5 18 10
18 10 18 12
20 18 20 19
2 22 1 22
11 6 11 5
11 8 11 9
11 9 11 10
11 9 12 9
11 10 12 10
12 9 12 7
12 9 12 10
12 9 13 9
12 9 12 10
12 10 13 10
2 22 1 22
11 5 11 4
11 5 12 5
12 5 12 7
12 5 13 5
13 5 13 4
13 5 13 6
13 5 14 5
13 5 13 4
14 5 14 6
14 6 14 7
14 6 13 6
1 22 1 23
13 4 11 4
13 6 13 7
13 7 13 8
0 22 0 23
11 4 10 4
13 7 13 8
8 4 8 5
8 4 8 5
8 5 8 6
8 5 5 5
8 5 9 5
8 5 8 6
9 5 9 6
13 7 13 8
13 9 13 10
13 9 14 9
5 5 5 6
7 6 6 6
13 9 13 10
14 9 14 10
4 5 4 6
4 5 4 6
4 6 5 6
5 6 6 6

2182

4 6 4 4 = = = = = = = = = = = = = = = = = 6 3 2 
4 ǁ | | 3 3 2 3 4 = 2   2 = = 6 = = 4 3 2 ǁ 4 5 
2 ǁ | | 5 - - 6 = = = = = = = 8 = 4 4 4 1 ǁ 2 ǁ 
2 ǁ | | 4 6 2 ǁ               ǁ   | | ǁ   ǁ 2 ǁ 
5 5 | | 3 5 3 ǁ               ǁ   | 3 ǁ   ǁ 3 ǁ 
| | | | 6 4 3 ǁ           1 - 7 4 | 2 ǁ   ǁ   ǁ 
| | | | 2 | 2 ǁ         1     ǁ 2 | 4 6   ǁ   ǁ 
| | | |   | 1 ǁ         |     3 1 | | 2   ǁ   ǁ 
| | | | 3 6 2 ǁ 2 = = = 7 = = = = 7 3 1   ǁ   ǁ 
| | | | | 2 1 ǁ 2 = = = 4 2 = = = 6 = 2   ǁ   ǁ 
| | | | 5 = = 8 = = = = = = = = = = = = = 6 - 4 
3 | | | 5 4 2 ǁ 2 4 2 1 - - - - - - 5 4 2 |   | 
  | 2 | | 4 = 7 = 6 5 4 4 4 = = 6 4 ǁ ǁ ǁ |   | 
  | 2 | 3 6 3 5 3 5 3 ǁ 2 | 4 = 4 5 7 8 5 |   | 
  | | 3 1 5 4 2 - 5 2 ǁ   | ǁ 4 = 5 ǁ ǁ | |   | 
  | 4 3 - - - - 6 = = 7 = 4 6 7 1 | ǁ ǁ | |   | 
  | | 2 1 - - - 5 2 2 1 1 - 3 ǁ   | ǁ ǁ | |   | 
2 | | 4 = = = = = = 7 = = = = 8 5 2 ǁ 4 4 |   | 
2 | |     2 = = = = 6 = 2     2 4 2 ǁ   1 |   | 
3 | | 5 = = = = = = = = = = = = = = 8 = = 6   | 
  | 3 3 2 4 = = = = = = = = = = = = 5 2 1 ǁ   | 
4 7 = = = = = = = 4 - - - 4 - - - - - - - 4 5 4 
4 7         3 2 - 5 4 - - 7 1 2 = = 4 - - - 6 3 
3 5 - 3 2 1 3 = = = = 4 4 6 - - 3 1 1 2 = = 5 2 
