24 24
2 0 0 4 4 0 6 0 0 0 0 0 0 0 2 2 5 2 1 2 1 2 4 2 
3 0 0 4 0 0 4 0 0 0 0 0 5 0 0 0 6 0 0 7 4 0 0 2 
6 3 1 0 0 2 0 0 0 0 0 0 3 0 0 0 1 0 0 0 1 0 0 0 
6 0 0 4 0 0 0 0 0 0 0 0 0 0 0 0 0 0 0 0 2 6 6 6 
5 3 2 0 6 0 0 0 0 0 0 0 0 0 0 0 0 0 0 7 2 0 0 0 
4 4 2 0 0 3 0 4 0 5 0 0 0 0 0 0 4 0 0 0 1 0 0 0 
5 6 3 0 0 4 0 4 2 0 2 0 0 4 0 0 6 2 0 5 5 0 0 2 
0 1 1 0 0 1 2 6 4 3 0 0 0 0 0 0 8 0 0 4 0 0 0 0 
6 0 0 6 6 0 0 0 0 3 0 4 0 1 0 0 0 2 0 6 4 0 0 0 
0 2 0 0 0 1 4 3 2 3 1 4 0 2 0 0 0 0 0 0 4 0 0 0 
0 0 0 0 5 7 6 3 3 0 4 0 0 0 0 0 6 0 0 7 4 0 0 0 
0 5 2 0 0 0 0 0 6 2 0 2 0 0 0 0 7 3 1 0 0 0 0 2 
0 0 1 0 0 0 0 0 2 2 0 0 0 0 0 0 0 3 3 0 0 0 0 0 
4 4 3 0 0 2 0 0 2 5 0 0 0 0 0 0 0 0 0 0 0 0 0 0 
2 5 4 0 0 1 0 0 2 0 0 0 0 0 3 0 5 8 4 0 2 0 0 0 
0 0 2 0 0 0 0 0 0 0 0 0 0 0 1 3 4 4 0 0 0 0 0 0 
2 6 3 0 0 0 0 0 5 2 0 0 0 2 0 7 0 0 0 8 4 0 0 0 
0 2 0 0 4 5 3 0 0 0 0 0 0 2 0 6 1 4 0 4 0 0 0 0 
0 0 0 0 1 3 1 0 0 0 0 0 0 0 0 2 0 2 0 0 0 0 0 0 
4 0 0 7 0 0 0 6 6 2 0 0 0 0 0 1 0 0 0 0 0 0 0 0 
5 5 0 8 0 0 0 0 0 0 7 0 0 0 0 0 0 0 0 0 0 7 8 5 
3 3 2 0 2 0 0 3 0 0 3 2 0 0 0 0 0 0 6 0 4 3 8 4 
5 0 0 8 0 0 0 0 0 0 0 0 0 0 0 0 0 0 8 2 4 2 6 4 
3 3 0 5 0 0 0 0 0 0 0 0 1 2 0 0 0 0 6 0 2 2 4 1 
200 236
0 6 0 4
0 6 0 14
0 6 1 6
0 16 0 15
0 16 0 17
0 16 1 16
1 12 1 6
1 12 1 16
1 12 2 12
1 19 1 16
1 19 1 20
1 19 0 19
1 19 4 19
2 0 2 1
2 0 1 0
2 0 3 0
3 0 3 3
3 0 2 0
3 0 4 0
3 23 3 22
3 23 1 23
3 23 6 23
5 9 5 7
5 9 5 16
5 9 7 9
6 0 6 1
6 0 5 0
6 0 8 0
7 16 7 9
7 16 7 19
7 16 6 16
7 16 10 16
8 0 8 3
8 0 6 0
8 0 13 0
9 20 8 20
9 20 10 20
9 20 8 20
9 20 10 20
10 4 10 5
10 4 8 4
10 4 17 4
10 5 10 4
10 5 10 6
10 5 9 5
10 5 13 5
10 19 10 16
10 19 10 20
10 19 8 19
10 19 16 19
11 1 11 2
11 1 9 1
11 1 13 1
11 8 11 9
11 8 10 8
11 8 12 8
11 8 11 9
11 8 10 8
11 8 12 8
11 16 11 11
11 16 11 17
11 16 10 16
11 16 14 16
12 9 13 9
14 17 14 16
14 17 14 18
14 17 12 17
14 17 15 17
16 8 16 9
16 8 14 8
16 8 19 8
16 15 16 13
16 15 16 19
16 15 15 15
16 15 17 15
16 19 16 15
16 19 16 20
16 19 10 19
16 19 17 19
19 3 19 0
19 3 19 7
19 3 8 3
19 3 20 3
19 8 19 7
19 8 19 9
19 8 16 8
20 0 20 1
20 0 19 0
20 0 21 0
20 3 20 1
20 3 20 10
20 3 19 3
20 3 22 3
20 21 20 10
20 21 20 22
20 21 3 21
20 21 21 21
20 22 20 21
20 22 20 23
20 22 3 22
20 22 21 22
21 2 21 1
21 4 21 7
21 18 21 11
21 18 21 20
21 18 22 18
21 18 21 11
21 18 21 20
21 18 22 18
21 22 21 21
21 22 21 23
21 22 20 22
21 22 22 22
22 0 22 3
22 0 21 0
22 0 23 0
22 3 22 0
22 3 22 18
22 3 20 3
22 3 23 3
22 18 22 3
22 18 22 19
22 18 23 18
23 3 23 1
23 3 23 12
23 3 22 3
23 3 23 1
23 13 23 18
23 18 23 13
23 18 23 20
23 18 22 18
0 6 0 4
0 6 0 14
0 6 1 6
0 15 0 16
2 0 2 1
2 0 1 0
2 1 2 2
3 0 3 3
3 0 4 0
3 23 3 22
3 23 1 23
3 23 6 23
6 10 6 13
6 20 6 19
6 20 5 20
6 20 8 20
7 16 7 9
7 16 7 19
7 16 6 16
7 16 10 16
8 0 8 3
8 0 13 0
8 17 8 19
9 1 11 1
10 5 10 4
10 5 10 6
11 23 20 23
12 9 13 9
14 17 14 16
14 17 14 18
14 17 12 17
14 17 15 17
14 18 12 18
15 17 15 16
16 19 16 20
16 19 17 19
16 20 14 20
17 1 16 1
17 19 17 17
19 8 19 7
19 8 19 9
19 15 18 15
20 3 20 1
20 3 20 10
20 22 20 21
20 22 20 23
21 2 21 1
21 4 21 7
21 7 21 10
21 10 20 10
21 10 20 10
21 22 21 21
21 22 21 23
21 22 22 22
22 18 22 19
23 1 23 0
23 18 23 20
0 23 0 22
0 23 0 22
1 20 1 19
1 20 0 20
1 20 2 20
5 9 5 7
5 9 5 16
6 10 6 13
6 13 6 16
8 4 8 3
8 4 8 9
8 4 4 4
8 17 8 19
9 6 9 7
9 6 10 6
9 6 9 7
9 6 10 6
11 23 20 23
14 18 12 18
15 17 15 16
16 20 14 20
17 1 16 1
17 19 17 17
20 23 21 23
21 20 22 20
21 23 22 23
22 20 22 21
22 20 21 20
22 20 22 21
22 22 22 23
22 22 23 22
22 23 22 22
22 23 23 23
23 0 22 0
23 21 23 22
23 21 23 22
23 22 22 22
6 13 6 16
7 7 7 6
7 7 7 8
7 7 6 7
7 7 7 6
7 7 7 8
7 7 6 7
7 8 6 8
10 20 10 19
7 5 6 5
7 8 6 8

3484

2     4 4 = 6 = = = = = = = 2 2 5 2 1 2 1 2 4 2 
3     4     4 - - - - - 5 - - - 6 - - 7 4     2 
6 3 1     2             3       1     | 1     ǁ 
6 = = 4                               | 2 6 6 6 
5 3 2   6                             7 2 | | ǁ 
4 4 2   | 3   4 = 5 = = = = = = 4       1 | | ǁ 
5 6 3   | 4   4 2 | 2 = = 4 = = 6 2   5 5 | | 2 
ǁ 1 1   | 1 2 6 4 3 = = = = = = 8 = = 4 | | |   
6 = = 6 6 - - - - 3   4   1     ǁ 2 = 6 4 | |   
ǁ 2   | | 1 4 3 2 3 1 4   2     ǁ     | 4 | |   
ǁ ǁ   | 5 7 6 3 3   4           6 - - 7 4 | |   
ǁ 5 2 | | |     6 2   2 - - - - 7 3 1 ǁ   | | 2 
ǁ | 1 | | |     2 2             | 3 3 ǁ   | | ǁ 
4 4 3 | | 2     2 5             | ǁ ǁ ǁ   | | ǁ 
2 5 4 | | 1     2           3   5 8 4 ǁ 2 | | ǁ 
    2 | |       |           1 3 4 4   ǁ ǁ | | ǁ 
2 6 3 | |       5 2       2 - 7 = = = 8 4 | | ǁ 
  2   | 4 5 3   ǁ         2   6 1 4 = 4   | | ǁ 
      | 1 3 1   ǁ             2   2       | | ǁ 
4 - - 7 - - - 6 6 2           1           | | ǁ 
5 5 = 8 = = = = = = 7 - - - - - - - - - - 7 8 5 
3 3 2 ǁ 2 = = 3 - - 3 2 = = = = = = 6 = 4 3 8 4 
5 = = 8 = = = = = = = = = = = = = = 8 2 4 2 6 4 
3 3 = 5 - - - - - - - - 1 2 = = = = 6 = 2 2 4 1 
