24 24
3 0 0 4 0 2 0 0 0 0 0 1 4 0 0 0 5 0 0 0 4 4 5 1 
4 3 1 0 2 5 0 0 0 0 0 0 7 3 4 0 7 0 3 2 0 4 0 2 
2 1 0 0 2 5 0 0 2 2 0 0 5 2 3 2 4 4 4 3 0 0 0 0 
4 0 0 6 0 0 0 0 0 0 0 0 0 0 0 0 0 0 0 0 6 7 4 4 
6 5 1 0 0 1 0 0 5 5 0 0 0 0 0 0 5 0 4 4 0 2 2 0 
5 4 2 0 0 0 2 0 0 0 0 0 0 0 0 0 0 0 0 0 0 4 5 3 
3 3 3 0 0 0 0 0 0 3 0 0 3 0 0 0 4 0 0 0 0 0 5 6 
0 2 1 0 0 0 0 0 0 0 0 0 0 0 0 0 0 0 0 2 0 0 4 0 
5 0 0 8 0 0 6 0 6 0 0 0 2 0 0 0 0 0 1 0 0 0 4 0 
0 0 0 0 3 0 7 2 3 0 0 0 0 0 0 0 0 2 1 0 0 0 0 0 
0 0 0 0 3 2 3 0 1 2 0 0 0 3 0 0 0 0 0 0 5 7 7 4 
0 0 0 0 3 0 5 0 0 0 0 0 0 0 0 0 4 0 3 1 0 0 5 4 
0 0 0 0 2 0 0 0 0 2 4 0 0 5 0 0 4 3 0 0 0 0 0 0 
0 4 0 8 0 0 8 0 0 4 2 0 0 0 0 0 0 0 0 0 0 0 4 0 
0 6 4 6 3 2 7 0 0 0 0 0 0 6 0 0 3 6 7 5 0 0 3 3 
0 4 0 3 4 2 2 0 0 0 0 0 0 3 0 2 0 3 4 4 0 0 2 2 
0 2 0 4 0 0 0 0 0 0 0 0 0 0 0 0 0 0 0 0 6 0 0 4 
3 2 4 6 3 0 0 0 2 0 0 0 1 4 0 5 0 0 0 0 6 0 0 0 
0 0 0 2 4 0 0 0 0 0 0 0 0 6 2 1 0 0 4 2 2 0 0 0 
0 3 5 4 4 0 0 0 6 0 0 0 3 0 0 0 1 0 5 0 0 8 7 6 
0 2 1 2 3 0 4 2 0 0 0 0 0 0 0 0 0 0 0 0 0 0 0 2 
5 0 0 0 0 0 0 0 5 3 0 0 0 6 0 0 0 0 0 0 0 6 5 4 
6 0 0 0 0 0 0 0 2 1 0 0 0 4 0 4 0 2 0 0 0 4 4 2 
4 0 0 0 0 0 0 0 0 0 0 0 0 0 0 4 0 0 0 0 0 4 2 0 
200 333
0 16 0 12
0 16 0 20
0 16 1 16
0 22 0 21
0 22 0 23
0 22 3 22
1 12 1 5
1 12 1 13
1 12 0 12
1 12 2 12
1 23 3 23
3 21 3 20
3 21 3 22
3 21 1 21
3 21 4 21
4 0 4 1
4 0 3 0
4 0 5 0
4 0 4 1
4 0 3 0
4 0 5 0
6 23 6 22
6 23 5 23
6 23 10 23
6 23 6 22
6 23 5 23
6 23 10 23
8 0 8 3
8 0 6 0
8 0 17 0
8 3 8 0
8 3 8 6
8 3 3 3
8 3 13 3
9 6 9 4
9 6 9 7
9 6 8 6
9 6 10 6
10 21 10 20
10 21 10 22
10 21 5 21
10 21 19 21
10 23 10 22
10 23 11 23
11 22 11 23
11 22 10 22
11 22 13 22
11 23 11 22
11 23 14 23
13 1 13 3
13 1 14 1
13 1 13 3
13 1 14 1
13 3 13 6
13 3 8 3
13 3 14 3
13 6 13 3
13 6 13 9
13 6 11 6
13 6 14 6
13 22 11 22
13 22 14 22
13 22 14 22
14 1 14 2
14 1 15 1
14 18 14 17
14 18 14 19
14 18 11 18
14 18 15 18
16 20 16 3
16 20 10 20
16 20 17 20
16 20 16 3
16 20 10 20
16 20 17 20
16 23 15 23
16 23 19 23
16 23 15 23
16 23 19 23
17 15 17 13
17 15 17 20
17 15 18 15
17 20 17 15
17 20 18 20
17 20 18 20
18 14 18 13
18 18 18 19
18 18 19 18
18 18 18 19
18 18 19 18
19 18 19 16
19 18 19 21
19 18 19 21
19 21 19 22
19 21 10 21
19 21 21 21
19 23 19 22
19 23 20 23
20 6 20 4
20 6 20 7
20 6 20 4
20 6 20 7
21 0 21 8
21 0 17 0
21 0 22 0
22 0 22 8
22 0 21 0
22 0 23 0
22 0 22 8
22 0 21 0
23 0 23 15
0 22 0 21
0 22 3 22
1 23 3 23
3 0 3 3
3 0 2 0
3 3 3 20
3 3 0 3
3 3 8 3
3 3 3 20
3 20 3 21
3 20 0 20
3 20 10 20
3 23 3 22
3 23 5 23
4 5 4 8
4 8 4 9
4 8 8 8
4 8 4 9
4 8 8 8
4 16 4 9
4 16 4 18
4 16 6 16
4 19 4 18
4 19 7 19
4 19 4 18
4 19 7 19
5 6 8 6
5 22 5 21
5 22 4 22
5 22 6 22
7 22 6 22
7 22 8 22
7 22 6 22
7 22 8 22
8 3 8 6
8 6 8 8
8 6 5 6
8 22 10 22
9 6 9 4
9 6 9 7
9 6 10 6
12 4 11 4
13 3 14 3
13 6 13 9
13 6 11 6
13 6 14 6
13 9 13 10
13 9 12 9
13 10 12 10
14 1 14 2
14 1 15 1
14 2 14 3
14 2 17 2
14 6 14 5
14 6 14 13
14 6 15 6
14 23 14 22
15 1 16 1
15 19 15 18
15 19 14 19
15 19 15 18
15 19 14 19
15 22 19 22
16 3 15 3
16 3 17 3
17 3 17 2
17 3 17 4
17 3 18 3
17 3 17 2
17 3 17 4
17 15 17 13
18 14 18 13
19 12 19 8
19 12 17 12
19 12 19 8
19 21 19 22
19 21 21 21
19 23 19 22
19 23 20 23
21 8 21 9
21 8 19 8
21 21 21 13
21 21 21 22
21 21 22 21
21 21 21 13
21 23 21 22
21 23 22 23
21 23 21 22
21 23 22 23
23 0 23 15
23 15 23 21
23 15 22 15
23 21 23 22
23 21 22 21
23 21 23 22
0 3 0 0
0 3 0 5
0 3 0 0
0 20 0 16
0 20 0 21
0 21 1 21
1 2 1 1
1 21 3 21
2 5 2 4
2 5 2 8
2 5 1 5
2 17 2 16
2 17 2 18
2 17 2 16
2 17 2 18
2 18 2 19
2 18 1 18
2 19 1 19
3 21 4 21
4 18 4 16
4 22 5 22
5 21 5 22
5 21 10 21
8 22 10 22
9 4 10 4
10 22 10 21
12 4 11 4
12 10 12 9
12 10 12 13
12 10 12 13
15 1 16 1
15 18 15 17
15 22 19 22
17 2 17 1
17 13 18 13
19 2 19 1
19 2 19 3
19 2 20 2
19 8 19 4
19 8 17 8
19 8 21 8
19 22 21 22
20 1 19 1
20 1 19 1
21 8 21 9
21 13 21 9
21 13 18 13
21 13 22 13
21 13 18 13
21 22 22 22
22 9 22 13
22 13 22 15
22 13 22 15
22 15 22 17
22 17 22 21
22 21 22 22
0 0 1 0
1 0 1 1
1 0 2 0
1 0 1 1
2 16 2 15
2 16 1 16
2 19 1 19
10 20 10 13
14 18 14 17
14 18 14 19
14 18 11 18
14 19 11 19
17 1 17 0
17 8 17 4
17 13 18 13
18 4 18 3
18 4 19 4
18 4 19 4
18 4 19 4
19 2 19 3
19 3 19 2
19 3 20 3
20 3 20 4
1 16 1 14
1 16 1 18
1 16 0 16
1 18 1 16
2 15 2 14
6 16 6 12
6 16 4 16
6 16 6 12
8 0 6 0
11 18 11 16
14 17 14 16
14 17 12 17
14 17 15 17
14 17 14 16
15 17 15 15
0 12 0 11
0 12 1 12
1 16 1 14
4 9 6 9
11 16 11 6
11 16 12 16
11 16 11 6
12 17 12 16
15 15 15 13
0 5 1 5
1 14 1 13
1 14 2 14
2 14 2 13
4 9 6 9
10 13 10 9
12 17 12 16
10 13 10 9
12 16 12 13
14 16 14 13
6 9 6 12
12 13 14 13
14 13 14 6
14 13 12 13
14 13 15 13
15 13 15 6
14 6 14 5
15 5 15 4
15 5 15 4
15 4 15 3
15 4 14 4
14 4 14 3
15 3 14 3
14 3 14 4

2157

3 = = 4 - 2           1 4 - - - 5 = = = 4 4 5 1 
4 3 1 | 2 5 - - - - - - 7 3 4 = 7 = 3 2 | 4 ǁ 2 
2 1   | 2 5 - - 2 2     5 2 3 2 4 4 4 3 | ǁ ǁ ǁ 
4 - - 6 = = = = = = = = = = = = = = = = 6 7 4 4 
6 5 1 ǁ   1 - - 5 5 - - - - - - 5 = 4 4 | 2 2 | 
5 4 2 ǁ     2   ǁ ǁ             ǁ     ǁ | 4 5 3 
3 3 3 ǁ     ǁ   ǁ 3 - - 3 = = = 4     ǁ | ǁ 5 6 
ǁ 2 1 ǁ     ǁ   ǁ                     2 | ǁ 4 ǁ 
5 = = 8 = = 6 - 6       2           1   | ǁ 4 ǁ 
|     ǁ 3 = 7 2 3                 2 1   | ǁ ǁ ǁ 
|     ǁ 3 2 3   1 2 = = = 3 - - - - - - 5 7 7 4 
|     ǁ 3   5 = = = = = = = = = 4 - 3 1 ǁ ǁ 5 4 
|     ǁ 2   ǁ     2 4 = = 5 - - 4 3 ǁ | ǁ ǁ ǁ | 
| 4 = 8 = = 8 = = 4 2     ǁ       | ǁ | ǁ ǁ 4 | 
| 6 4 6 3 2 7 = = = = = = 6 - - 3 6 7 5 ǁ ǁ 3 3 
| 4 | 3 4 2 2 - - - - - - 3 - 2 - 3 4 4 ǁ ǁ 2 2 
| 2 | 4 = = = = = = = = = = = = = = = = 6 ǁ ǁ 4 
3 2 4 6 3 - - - 2       1 4 = 5 = = = = 6 ǁ ǁ ǁ 
|     2 4       |       | 6 2 1     4 2 2 ǁ ǁ ǁ 
| 3 5 4 4 - - - 6 = = = 3 ǁ     1 - 5 = = 8 7 6 
| 2 1 2 3 = 4 2 ǁ         ǁ               ǁ | 2 
5 - - - - - - - 5 3 - - - 6 = = = = = = = 6 5 4 
6 = = = = = = = 2 1 - - - 4 = 4 - 2 - - - 4 4 2 
4 = = = = = = = = = = = = = = 4 - - - - - 4 2   
