24 24
2 3 6 0 0 0 0 0 0 0 0 0 0 0 6 0 4 2 2 0 4 2 2 2 
6 5 0 3 2 1 0 0 2 0 0 0 0 0 0 4 6 0 0 0 5 0 0 0 
0 0 0 2 0 0 0 0 0 0 0 0 0 0 0 0 0 0 1 0 0 0 0 0 
0 6 4 0 0 3 0 0 6 0 0 0 3 0 0 4 5 0 6 1 0 0 0 0 
5 6 0 0 0 2 1 0 0 0 0 0 2 0 0 2 1 0 2 0 0 0 0 0 
0 0 3 0 6 0 0 0 7 0 0 0 0 0 7 0 0 0 0 0 7 8 6 6 
0 0 0 0 0 0 0 0 0 0 1 0 0 0 0 2 0 5 2 3 0 0 3 5 
0 0 0 0 0 0 0 0 0 0 0 0 0 0 0 2 0 6 1 3 0 6 7 5 
0 0 0 0 0 0 0 0 0 0 0 0 0 0 0 3 2 0 0 0 0 4 3 0 
0 3 5 0 7 0 1 0 0 0 0 0 0 0 0 5 3 0 0 3 7 0 4 0 
0 0 1 0 0 0 0 0 0 0 0 0 0 0 0 0 1 0 0 2 0 2 4 0 
0 0 0 0 2 0 0 0 0 0 0 0 0 0 0 0 0 0 0 0 0 3 5 3 
0 0 0 0 0 0 0 0 4 0 3 0 0 0 0 6 0 8 5 4 0 1 0 1 
0 0 0 0 0 0 0 0 0 0 0 0 0 0 0 2 0 0 2 0 6 0 7 5 
5 6 0 0 0 0 0 0 0 0 0 0 0 0 7 0 0 6 2 0 0 0 3 0 
0 0 2 2 0 4 2 4 0 0 2 0 3 2 0 0 0 0 4 0 4 0 5 5 
2 0 5 0 0 6 1 0 0 0 0 0 0 0 0 0 0 0 5 0 6 2 0 2 
2 0 5 2 0 0 2 7 0 0 0 0 5 0 0 0 0 0 1 2 6 2 0 2 
0 0 1 0 0 0 0 2 0 0 0 0 0 0 0 0 0 3 1 0 2 0 0 0 
5 5 0 0 0 7 0 0 0 0 0 0 5 4 0 2 0 5 3 0 0 0 0 0 
2 0 3 4 2 0 2 0 4 0 6 0 6 3 0 4 0 5 4 0 2 0 7 4 
2 8 4 0 2 8 0 0 4 2 0 2 5 2 0 4 4 4 2 0 2 0 6 2 
3 7 0 7 2 2 2 0 0 0 7 0 0 0 6 0 0 0 0 6 4 0 4 0 
1 2 1 4 0 0 0 0 0 0 4 0 2 1 2 0 0 0 0 2 0 3 4 0 
200 236
0 2 0 1
0 2 0 14
0 2 3 2
0 14 0 2
0 14 0 16
0 14 5 14
1 0 1 1
1 0 0 0
1 0 4 0
1 15 1 16
1 15 3 15
1 15 1 16
1 15 3 15
1 20 1 16
1 20 0 20
1 20 5 20
2 18 3 18
3 1 3 2
3 1 1 1
3 1 4 1
3 18 3 16
3 18 3 19
3 18 4 18
5 8 5 4
5 8 5 14
5 8 3 8
5 8 12 8
5 21 5 20
5 21 5 22
5 21 0 21
5 21 7 21
5 23 5 22
5 23 0 23
5 23 6 23
6 17 6 15
6 17 6 18
6 17 7 17
7 22 7 21
7 22 7 23
7 22 6 22
7 22 8 22
9 4 9 2
9 4 9 6
9 4 5 4
9 4 11 4
9 15 9 16
9 15 8 15
9 15 12 15
9 20 9 19
9 20 9 22
9 20 5 20
9 20 13 20
12 17 12 15
12 17 12 18
12 17 7 17
12 17 14 17
13 22 13 20
13 22 13 23
13 22 11 22
13 22 14 22
13 23 13 22
13 23 12 23
13 23 15 23
14 0 14 1
14 0 4 0
14 0 16 0
14 14 14 1
14 14 14 17
14 14 5 14
14 14 22 14
16 18 16 20
16 18 15 18
16 18 17 18
17 7 17 6
17 7 17 12
17 7 15 7
17 7 18 7
19 0 19 1
19 0 17 0
19 0 20 0
19 5 19 1
19 5 19 12
19 5 16 5
19 5 21 5
20 10 20 8
20 10 20 12
20 10 22 10
20 10 20 8
20 10 20 12
20 10 22 10
20 22 20 20
20 22 20 23
20 22 15 22
20 22 21 22
21 1 21 0
21 1 21 2
21 1 19 1
21 1 22 1
21 5 21 4
21 5 21 8
21 5 19 5
21 5 22 5
21 9 21 8
21 11 21 12
21 15 21 16
21 15 20 15
21 15 21 16
21 15 20 15
21 16 21 17
22 3 22 1
22 3 22 4
22 3 20 3
22 3 23 3
22 10 22 6
22 10 22 14
22 10 23 10
23 22 23 21
23 22 22 22
0 2 0 1
0 2 3 2
0 14 0 16
0 14 5 14
1 0 1 1
1 0 0 0
1 0 4 0
2 3 1 3
3 1 3 2
3 1 1 1
3 1 4 1
3 18 3 16
3 18 4 18
4 6 4 5
4 12 3 12
5 21 5 20
5 21 5 22
5 21 0 21
5 21 7 21
5 23 5 22
5 23 0 23
5 23 6 23
6 10 12 10
8 21 8 22
8 21 7 21
8 21 8 22
8 21 7 21
9 4 9 2
9 4 5 4
9 4 11 4
9 22 9 20
9 22 10 22
9 22 10 22
10 2 9 2
10 16 9 16
12 10 12 8
12 17 12 15
12 17 12 18
12 17 7 17
12 17 14 17
12 19 12 18
12 19 10 19
12 19 12 18
12 19 10 19
12 21 11 21
13 15 12 15
13 23 13 22
15 23 15 22
15 23 16 23
18 2 17 2
18 7 17 7
20 6 20 8
21 1 21 0
21 1 21 2
21 1 19 1
21 1 22 1
21 2 20 2
21 5 21 4
21 5 21 8
21 5 22 5
21 9 21 8
21 11 21 12
21 16 21 17
22 0 22 1
22 0 23 0
22 0 22 1
22 4 22 3
22 6 22 10
23 22 23 21
23 22 22 22
0 1 1 1
0 20 0 18
0 20 1 20
0 22 5 22
0 22 5 22
2 3 1 3
4 12 3 12
7 21 7 22
7 22 7 23
7 22 6 22
12 10 12 8
13 15 12 15
15 23 15 22
15 23 16 23
17 23 20 23
20 0 19 0
20 4 20 3
20 6 20 8
21 2 20 2
23 21 23 19
0 20 0 18
1 3 1 4
3 12 3 8
6 22 6 23
6 23 7 23
6 23 7 23
7 23 11 23
11 23 11 22
11 23 11 22
12 8 5 8
12 15 9 15
17 23 20 23
20 2 20 3
20 4 20 3
22 3 22 1
22 3 23 3
0 17 0 16
22 1 23 1
23 1 23 2
23 3 23 10
23 3 23 10
0 17 0 16
1 16 1 20
1 16 3 16
1 16 3 16
5 20 5 14
5 20 9 20
5 20 5 14

2363

2 3 6 = = = = = = = = = = = 6 = 4 2 2 = 4 2 2 2 
6 5 ǁ 3 2 1     2           ǁ 4 6 = = = 5 ǁ ǁ ǁ 
ǁ ǁ ǁ 2                     ǁ ǁ ǁ   1   | ǁ ǁ ǁ 
ǁ 6 4     3     6 - - - 3   ǁ 4 5 = 6 1 | ǁ ǁ ǁ 
5 6       2 1   |       2   ǁ 2 1   2   | ǁ ǁ ǁ 
|   3   6 - - - 7 - - - - - 7 = = = = = 7 8 6 6 
|       ǁ       ǁ   1       | 2 - 5 2 3 ǁ ǁ 3 5 
|       ǁ       ǁ   |       | 2   6 1 3 ǁ 6 7 5 
|       ǁ       ǁ   |       | 3 2 ǁ     ǁ 4 3 | 
| 3 5 = 7 - 1   ǁ   |       | 5 3 ǁ   3 7 = 4 | 
|   1   ǁ       ǁ   |       | ǁ 1 ǁ   2 | 2 4 | 
|       2       ǁ   |       | ǁ   ǁ   ǁ | 3 5 3 
|               4 = 3       | 6 = 8 5 4 | 1 | 1 
|                           | 2   ǁ 2   6 - 7 5 
5 6 - - - - - - - - - - - - 7 - - 6 2       3 | 
|   2 2   4 2 4     2   3 2 |       4   4   5 5 
2   5     6 1 |             |       5 - 6 2 | 2 
2   5 2   | 2 7 - - - - 5   |       1 2 6 2 | 2 
|   1     |   2             |     3 1   2   | ǁ 
5 5 - - - 7 - - - - - - 5 4 | 2   5 3       | ǁ 
2 ǁ 3 4 2 ǁ 2 = 4 = 6 = 6 3 | 4   5 4   2 - 7 4 
2 8 4 | 2 8 = = 4 2 ǁ 2 5 2 | 4 4 4 2   2   6 2 
3 7 = 7 2 2 2 = = = 7 - - - 6         6 4   4   
1 2 1 4 = = = = = = 4   2 1 2         2 - 3 4   
