24 24
0 0 0 0 2 0 3 2 5 0 4 0 0 4 2 0 4 2 4 2 0 4 2 0 
0 0 0 0 0 0 0 0 3 1 0 2 0 6 0 0 6 0 4 1 0 0 1 0 
0 0 2 0 0 0 6 0 0 0 5 0 0 0 0 0 0 0 0 0 0 6 3 1 
2 4 0 3 3 2 0 3 4 0 7 0 4 2 2 0 5 4 5 2 0 0 2 0 
0 4 0 5 5 3 4 5 4 1 5 0 0 0 0 0 8 8 8 2 0 0 0 0 
0 4 2 0 1 0 3 3 6 0 3 2 4 0 0 0 6 4 2 0 0 0 0 3 
1 5 2 4 0 0 7 0 0 0 0 0 0 0 0 0 0 0 0 0 0 5 0 0 
0 0 4 6 2 0 0 0 2 0 2 0 6 0 0 0 0 4 2 2 3 0 0 0 
0 0 0 0 0 0 0 2 6 2 3 0 7 0 0 4 0 0 5 6 5 0 0 0 
0 0 0 0 0 0 0 0 0 0 0 0 0 0 0 0 0 0 1 0 0 0 5 4 
0 0 4 7 2 0 0 4 5 0 6 0 7 0 4 4 0 0 3 7 4 0 0 2 
0 0 1 4 1 0 0 2 0 0 2 0 0 0 0 0 0 0 1 0 0 0 0 0 
4 8 0 0 0 0 7 0 6 2 0 0 5 0 0 0 0 6 0 6 0 5 6 4 
0 0 0 0 0 2 0 0 0 0 0 0 0 0 2 0 0 0 2 0 2 0 3 1 
4 0 0 2 0 0 2 0 0 0 0 0 0 0 6 0 0 5 5 7 5 0 3 4 
2 0 0 0 0 0 0 0 0 0 0 0 0 0 3 0 0 0 0 0 0 0 0 0 
4 6 1 0 0 0 0 0 0 0 0 0 0 0 0 0 0 0 0 0 0 0 4 6 
2 5 0 7 2 0 0 0 0 0 0 0 0 0 0 0 0 0 0 0 0 0 3 0 
3 6 1 1 0 0 0 0 0 0 0 0 0 0 0 0 0 0 0 0 0 4 5 5 
2 0 0 0 0 0 0 0 0 0 0 0 0 0 3 0 0 4 3 6 4 0 0 0 
0 0 0 0 0 0 0 0 2 0 0 0 0 2 0 0 0 0 0 4 4 4 0 2 
0 0 0 0 0 0 0 0 0 0 0 0 0 0 0 0 0 0 2 0 4 2 0 2 
2 7 0 0 0 7 0 0 0 0 0 0 8 0 0 0 0 0 0 3 4 0 6 3 
1 4 2 2 0 4 0 0 0 2 2 1 2 0 0 0 0 0 0 1 4 4 6 2 
200 150
0 8 0 7
0 8 0 10
0 8 1 8
3 10 3 8
3 10 3 12
3 10 2 10
3 10 4 10
4 16 4 10
4 16 4 17
4 16 3 16
4 16 5 16
4 17 4 16
4 17 4 18
4 17 3 17
4 17 5 17
4 18 4 17
4 18 4 19
4 18 3 18
4 18 5 18
5 16 5 12
5 16 5 17
5 16 4 16
6 6 6 3
6 6 6 21
6 6 5 6
6 6 12 6
7 12 7 10
7 12 7 17
7 12 8 12
7 12 7 10
7 12 7 17
7 12 8 12
8 12 8 10
8 12 8 15
8 12 10 12
8 20 8 19
8 20 7 20
8 20 10 20
9 22 9 23
9 22 3 22
9 22 12 22
10 3 10 2
10 3 10 4
10 3 7 3
10 3 11 3
10 19 10 18
10 19 10 20
10 19 8 19
10 19 12 19
12 1 12 0
12 1 12 6
12 1 6 1
12 1 16 1
14 0 12 0
14 0 15 0
14 0 12 0
14 0 15 0
14 19 14 18
14 19 14 20
14 19 12 19
14 19 19 19
16 0 16 1
16 0 17 0
16 23 16 22
16 23 14 23
16 23 18 23
17 3 17 1
17 3 17 4
17 3 14 3
17 3 18 3
17 4 17 3
22 1 22 0
22 1 22 5
22 1 18 1
22 1 23 1
22 12 22 5
22 12 22 19
22 12 12 12
22 12 23 12
23 22 23 21
23 22 23 23
23 22 22 22
4 16 4 10
4 16 4 17
4 18 4 17
4 18 4 19
4 18 3 18
5 8 5 7
5 8 5 10
5 8 4 8
5 8 5 7
5 8 5 10
5 8 4 8
5 16 5 12
5 16 5 17
5 17 5 18
7 8 8 8
12 1 12 0
12 1 12 6
12 1 6 1
12 1 16 1
13 5 22 5
14 3 17 3
14 6 12 6
14 14 14 17
14 14 13 14
14 14 15 14
14 14 14 17
14 14 13 14
14 14 15 14
15 14 19 14
16 0 16 1
16 0 17 0
16 2 16 1
16 23 16 22
16 23 14 23
16 23 18 23
17 3 17 1
18 2 18 1
19 14 19 17
20 8 12 8
20 13 20 19
21 18 21 20
22 12 22 5
22 12 22 19
22 12 12 12
22 12 23 12
23 11 23 10
23 22 23 21
23 22 23 23
23 22 22 22
5 12 5 11
7 8 8 8
10 14 10 12
10 14 10 15
10 14 10 12
10 14 10 15
13 5 22 5
14 6 12 6
16 1 17 1
17 1 18 1
17 1 18 1
19 14 19 17
20 8 12 8
20 13 20 19
21 18 21 20
23 10 23 9
5 12 5 11
23 9 23 5
5 10 4 10

2572

        2   3 2 5 - 4     4 2   4 2 4 2   4 2   
                3 1   2   6     6   4 1     1   
    2       6       5                     6 3 1 
2 4   3 3 2   3 4 - 7 - 4 2 2   5 4 5 2     2   
  4   5 5 3 4 5 4 1 5 = = = = = 8 8 8 2     |   
  4 2   1   3 3 6 = 3 2 4 = = = 6 4 2       | 3 
1 5 2 4 - - 7 - - - - - - - - - - - - - - 5 |   
  ǁ 4 6 2   |   2   2 = 6 = = = = 4 2 2 3   |   
  ǁ   |     | 2 6 2 3 - 7 - - 4     5 6 5   |   
  ǁ   |     |           |           1 | |   5 4 
  ǁ 4 7 2   | 4 5   6   7 = 4 4     3 7 4   | 2 
  ǁ 1 4 1   | 2     2               1 |     |   
4 8 = = = = 7   6 2     5         6   6   5 6 4 
ǁ ǁ       2 ǁ   ǁ       ǁ   2       2 | 2   3 1 
4 ǁ   2   ǁ 2   ǁ       ǁ   6 = = 5 5 7 5   3 4 
2 ǁ   ǁ   ǁ     ǁ       ǁ   3         |       ǁ 
4 6 1 ǁ   ǁ     ǁ       ǁ   |         |     4 6 
2 5 = 7 2 ǁ     ǁ       ǁ   |         |     3 ǁ 
3 6 1 1   ǁ     ǁ       ǁ   |         |   4 5 5 
2 |       ǁ     ǁ       ǁ   3 = = 4 3 6 4       
  |       ǁ     2       ǁ 2 = = = = = 4 4 4   2 
  |       ǁ             ǁ           2 = 4 2   2 
2 7 - - - 7 = = = = = = 8 = = = = = = 3 4   6 3 
1 4 2 2   4 - - - 2 2 1 2             1 4 4 6 2 
