24 24
4 0 0 0 0 4 0 0 0 4 0 1 0 0 2 2 0 3 2 2 0 0 4 2 
0 3 0 5 2 0 1 0 0 6 2 2 0 0 0 0 2 0 0 0 0 2 0 0 
0 0 4 7 0 5 0 4 1 3 0 6 0 0 8 0 8 3 0 0 0 0 0 0 
0 6 6 3 1 0 2 2 0 1 0 0 3 1 0 0 0 0 3 0 0 5 5 4 
0 4 3 5 3 0 4 0 0 0 0 6 6 0 0 2 4 0 0 0 0 0 4 3 
0 4 0 4 0 0 2 0 0 0 0 3 2 0 0 0 0 0 0 0 0 0 0 1 
0 3 0 8 0 7 0 0 0 0 0 0 0 0 7 0 0 0 0 0 0 6 6 2 
0 3 2 5 1 0 2 3 4 2 0 0 0 0 0 0 0 0 3 0 0 3 1 1 
0 5 0 5 0 8 6 2 0 0 0 0 0 0 0 0 0 0 3 2 0 2 0 0 
0 6 5 8 4 0 4 0 6 0 0 0 0 0 7 0 0 0 0 0 0 8 4 0 
0 0 0 0 0 0 0 0 0 0 0 0 0 0 0 1 0 4 4 3 2 4 3 0 
0 0 4 5 0 0 0 0 0 4 0 0 5 1 0 3 0 7 2 1 0 0 1 0 
0 0 0 2 0 0 0 0 0 0 4 2 2 0 0 3 3 0 4 0 8 0 5 3 
0 0 0 2 2 0 0 0 0 0 5 0 4 0 0 0 0 0 0 0 0 0 3 1 
0 4 0 0 0 0 0 0 0 0 1 0 0 0 0 0 1 0 2 0 0 0 0 0 
0 0 0 0 0 0 0 0 3 6 2 0 0 0 0 0 0 0 0 0 0 0 0 0 
0 2 2 0 0 0 2 0 0 0 0 0 6 0 7 0 0 7 0 0 7 0 5 3 
0 0 0 0 0 0 2 3 0 0 0 4 0 4 7 6 4 0 0 4 3 1 5 6 
5 0 0 3 0 0 0 0 0 0 0 0 4 2 0 0 6 6 0 5 0 0 5 5 
2 1 4 0 0 7 0 0 0 0 0 4 3 0 3 0 3 4 0 5 0 0 2 1 
0 0 0 0 0 0 2 0 6 3 3 0 0 4 3 0 2 0 0 2 0 0 0 0 
0 0 4 0 0 7 0 0 5 1 0 0 0 0 2 0 0 0 0 0 0 0 0 0 
0 0 0 0 0 2 0 0 0 0 0 0 0 4 0 8 5 0 0 2 0 0 0 0 
2 4 0 0 0 0 0 0 0 0 0 0 0 0 0 5 0 2 0 0 0 0 0 0 
200 316
0 0 0 5
0 0 18 0
0 0 0 5
0 0 18 0
0 5 0 9
0 5 2 5
0 9 0 11
0 9 1 9
0 9 1 9
1 3 1 1
1 3 1 4
1 3 2 3
1 9 1 6
1 9 1 10
1 9 2 9
1 9 1 10
2 2 2 3
2 2 3 2
2 2 2 3
2 2 3 2
2 14 2 11
2 14 2 16
2 14 0 14
2 14 6 14
2 14 2 11
2 14 2 16
2 14 0 14
2 14 6 14
2 16 2 17
2 16 1 16
2 16 4 16
3 1 3 2
3 1 1 1
3 1 4 1
3 1 3 2
3 1 1 1
3 1 4 1
4 1 4 2
4 1 5 1
4 12 4 11
4 12 3 12
4 12 5 12
4 12 4 11
4 12 3 12
4 12 5 12
5 1 5 3
5 1 6 1
5 1 5 3
6 3 6 1
6 3 6 5
6 3 5 3
6 3 7 3
6 3 6 1
6 3 6 5
6 3 5 3
6 3 7 3
6 5 6 14
6 5 2 5
6 5 8 5
8 1 8 3
8 1 7 1
8 1 9 1
8 5 8 3
8 5 8 6
8 5 6 5
8 5 19 5
9 1 9 2
9 1 8 1
9 1 14 1
9 1 9 2
9 1 8 1
9 3 9 2
9 3 9 4
9 3 8 3
9 3 11 3
9 3 9 2
9 3 9 4
9 3 8 3
9 3 11 3
9 4 13 4
9 14 9 8
9 14 9 21
9 14 6 14
9 14 16 14
9 21 9 14
9 21 9 22
9 21 8 21
9 21 10 21
11 9 11 12
11 9 15 9
11 9 11 12
11 9 15 9
11 12 11 13
11 12 12 12
11 12 12 12
11 17 11 15
11 17 11 18
11 17 10 17
11 17 16 17
12 10 12 11
12 10 13 10
12 10 12 11
12 10 13 10
12 20 12 18
12 20 12 22
12 20 10 20
12 20 16 20
12 20 12 18
12 20 12 22
12 20 10 20
12 20 16 20
13 12 13 10
13 12 16 12
13 12 13 10
13 12 16 12
14 1 16 1
14 1 16 1
14 18 12 18
15 9 15 8
15 9 15 10
15 9 20 9
15 9 15 8
16 12 16 14
16 12 18 12
16 12 16 14
16 12 18 12
16 20 16 17
16 20 16 22
16 20 17 20
17 11 19 11
17 13 17 14
17 13 18 13
17 13 17 14
17 13 18 13
17 14 17 15
17 14 16 14
17 14 19 14
17 23 17 22
17 23 16 23
17 23 18 23
17 23 17 22
17 23 16 23
17 23 18 23
18 12 19 12
18 16 18 17
18 16 17 16
18 16 19 16
18 16 18 17
18 16 17 16
18 16 19 16
18 17 18 19
18 17 16 17
18 17 19 17
18 17 18 19
18 23 18 22
18 23 19 23
18 23 18 22
19 5 19 2
19 5 8 5
19 5 21 5
19 5 19 2
19 5 21 5
19 11 19 12
19 11 17 11
19 11 19 12
21 2 21 5
21 2 19 2
21 2 21 5
21 2 19 2
21 8 21 5
21 8 21 9
21 8 20 8
21 14 20 14
21 14 20 14
22 15 22 13
22 15 22 16
22 15 17 15
22 15 23 15
22 15 22 13
22 15 22 16
22 15 17 15
22 15 23 15
0 15 0 17
1 3 1 4
1 3 2 3
1 11 2 11
2 11 2 9
2 11 1 11
2 11 4 11
2 16 2 17
2 16 1 16
2 16 4 16
2 17 0 17
3 12 3 13
4 3 4 2
4 3 4 4
4 3 3 3
4 15 4 16
4 16 4 15
7 1 7 2
7 1 7 2
7 3 7 4
7 3 8 3
7 9 7 8
8 5 8 6
9 2 11 2
9 4 13 4
9 21 9 22
9 21 8 21
9 21 10 21
9 22 7 22
9 22 10 22
10 21 10 22
11 2 11 3
11 2 16 2
11 2 11 3
11 3 12 3
12 3 13 3
12 18 11 18
13 3 18 3
13 10 14 10
15 10 20 10
16 17 16 14
16 17 16 20
16 17 11 17
16 17 16 14
17 16 17 15
17 19 17 20
17 19 18 19
17 19 17 20
17 19 18 19
17 21 17 22
18 3 18 0
21 8 21 5
21 8 20 8
22 13 22 5
22 13 20 13
0 15 0 17
1 21 3 21
1 21 3 21
6 22 6 21
6 22 6 23
6 22 4 22
6 22 6 21
6 22 6 23
6 22 4 22
7 9 7 8
7 23 12 23
8 5 8 6
8 6 8 7
8 6 7 6
8 6 9 6
9 6 9 8
9 6 16 6
9 6 9 8
9 8 9 14
9 8 7 8
9 8 15 8
10 18 10 17
10 18 10 19
10 18 10 17
10 18 10 19
10 19 11 19
10 21 10 22
11 17 11 15
11 17 10 17
11 22 12 22
14 16 12 16
16 6 17 6
16 20 16 22
17 7 17 6
17 16 17 15
18 3 18 0
20 6 20 8
20 6 20 8
20 8 20 9
20 8 20 9
20 10 20 13
20 10 20 13
20 13 20 14
21 5 22 5
4 22 4 23
4 22 3 22
5 23 4 23
6 21 6 14
6 21 3 21
6 21 7 21
6 21 6 14
7 6 7 7
7 7 7 8
7 7 8 7
7 21 7 18
7 21 7 18
8 19 8 18
10 15 11 15
12 15 12 16
12 16 12 15
17 15 17 14
18 0 19 0
19 14 17 14
4 23 3 23
7 18 8 18
8 18 8 19
16 14 9 14
3 23 3 22
3 23 0 23
3 23 3 22
6 14 6 5
0 23 0 22
0 22 0 19
0 22 3 22
0 22 0 19
3 22 3 21
0 18 3 18
0 18 3 18
3 18 3 21

3164

4 = = = = 4 - - - 4 - 1     2 2 = 3 2 2 = = 4 2 
ǁ 3 - 5 2 | 1 - - 6 2 2     ǁ   2 | ǁ     2 | | 
ǁ ǁ 4 7   5   4 1 3 - 6 = = 8 = 8 3 ǁ     ǁ | | 
ǁ 6 6 3 1 | 2 2   1   | 3 1 ǁ   ǁ   3 - - 5 5 4 
ǁ 4 3 5 3 | 4         6 6   ǁ 2 4         | 4 3 
ǁ 4 = 4   | 2         3 2   ǁ             | ǁ 1 
ǁ 3 = 8 = 7 = = = = = = = = 7 = = = = = = 6 6 2 
ǁ 3 2 5 1 ǁ 2 3 4 2         |       3 = = 3 1 1 
ǁ 5 - 5 - 8 6 2 |           |       3 2   2 | | 
ǁ 6 5 8 4 ǁ 4 = 6 = = = = = 7 = = = = = = 8 4 | 
ǁ | | ǁ ǁ ǁ |   |           ǁ 1   4 4 3 2 4 3 | 
ǁ | 4 5 ǁ ǁ |   | 4 = = 5 1 ǁ 3 = 7 2 1 ǁ   1 | 
ǁ | | 2 ǁ ǁ |   | ǁ 4 2 2   ǁ 3 3 ǁ 4 = 8 = 5 3 
ǁ | | 2 2 ǁ |   | ǁ 5 = 4   ǁ   | ǁ |   ǁ   3 1 
ǁ 4 | |   ǁ |   | ǁ 1   ǁ   ǁ   1 ǁ 2   ǁ       
ǁ ǁ | |   ǁ |   3 6 2   ǁ   ǁ     ǁ     ǁ       
ǁ 2 2 |   ǁ 2     | |   6 = 7 = = 7 = = 7 = 5 3 
ǁ     |   ǁ 2 3   | | 4 ǁ 4 7 6 4 |   4 3 1 5 6 
5 = = 3   ǁ       | | ǁ 4 2 ǁ ǁ 6 6 = 5     5 5 
2 1 4 = = 7       | | 4 3   3 ǁ 3 4   5     2 1 
    ǁ     ǁ 2 = 6 3 3 = = 4 3 ǁ 2     2         
    4 = = 7 = = 5 1       | 2 ǁ                 
          2 - - - - - - - 4 = 8 5     2         
2 4                           5   2             
