24 24
2 4 2 4 0 0 5 0 0 0 0 0 0 0 0 0 5 0 0 0 0 3 4 3 
2 4 0 5 3 2 0 4 0 0 0 4 0 1 1 2 0 2 1 0 4 4 6 3 
0 4 2 0 0 0 0 0 0 0 0 0 3 3 4 0 0 5 0 0 8 4 2 0 
0 3 0 7 5 3 3 0 0 0 0 0 0 1 4 4 0 0 4 4 0 6 4 2 
0 3 2 0 4 2 1 0 0 2 0 7 8 4 2 0 0 5 6 5 0 3 3 0 
3 3 3 0 5 4 2 0 0 0 0 4 6 0 2 0 0 4 2 1 0 2 3 0 
0 0 0 0 6 0 0 8 0 0 0 0 0 0 0 0 7 0 0 0 8 5 2 0 
0 0 0 0 4 3 3 0 2 2 0 4 0 2 2 4 0 2 4 0 5 2 0 0 
0 0 0 0 2 0 0 0 0 4 0 6 2 6 0 6 0 3 0 0 0 3 0 0 
0 0 3 0 0 0 2 0 0 5 4 0 3 0 3 0 0 0 0 0 0 0 0 0 
0 0 2 0 0 0 1 0 0 1 2 0 1 0 0 0 0 0 0 0 0 0 0 0 
2 4 0 8 0 6 0 6 8 0 0 8 2 0 0 0 0 0 0 0 0 0 3 0 
0 0 1 0 1 2 2 0 5 5 4 0 0 0 0 0 0 0 0 0 0 0 4 0 
0 4 4 0 4 0 6 0 4 0 0 0 0 0 0 0 0 0 0 0 0 0 0 0 
0 6 6 0 0 1 0 4 3 0 2 0 0 0 0 0 0 0 0 0 0 0 0 0 
0 5 6 0 4 5 0 0 2 0 0 0 0 0 0 0 0 0 0 0 0 0 0 0 
0 4 4 0 4 3 0 3 0 0 0 0 0 0 0 0 0 0 4 0 0 5 0 0 
0 0 0 0 4 2 0 4 4 0 0 2 0 0 0 0 0 0 0 0 0 0 0 0 
0 3 0 6 0 0 4 4 2 0 0 0 0 0 0 0 0 0 6 2 0 2 0 0 
0 3 0 7 0 0 0 0 0 5 0 0 0 0 6 4 0 0 2 0 0 0 0 0 
0 5 4 4 3 0 3 2 2 0 4 0 0 0 8 4 0 0 0 0 0 0 0 0 
0 2 4 5 3 1 0 0 0 0 0 0 0 0 3 2 0 0 0 0 0 0 0 0 
4 0 0 0 0 0 0 0 0 0 0 0 0 0 0 0 3 4 0 0 0 0 8 4 
4 0 0 0 0 0 0 0 0 0 0 0 0 0 0 3 0 0 0 2 0 0 5 2 
200 204
0 6 0 3
0 6 0 16
0 6 3 6
1 7 1 11
1 7 6 7
1 7 1 11
1 7 6 7
2 20 2 17
2 20 2 21
2 20 1 20
2 20 6 20
3 3 3 1
3 3 3 4
3 3 1 3
3 3 11 3
3 19 3 18
3 19 4 19
3 19 3 18
3 19 4 19
3 21 3 22
3 21 2 21
3 21 4 21
3 21 3 22
3 21 2 21
3 21 4 21
4 11 4 9
4 11 4 12
4 11 1 11
4 11 5 11
4 12 4 11
4 12 4 13
4 12 2 12
4 12 5 12
5 4 5 5
5 4 4 4
5 4 6 4
6 4 6 7
6 4 5 4
6 4 7 4
6 7 6 4
6 7 6 16
6 7 11 7
6 20 6 16
6 20 6 21
6 20 2 20
6 20 7 20
8 13 8 12
8 13 8 15
8 13 7 13
9 9 9 10
9 9 8 9
9 9 10 9
11 3 11 1
11 3 11 5
11 3 3 3
11 3 18 3
11 8 11 7
11 8 11 11
11 8 7 8
11 8 12 8
11 11 11 8
11 11 11 12
11 11 8 11
11 11 17 11
12 2 13 2
12 9 12 8
12 9 12 10
12 9 19 9
12 22 11 22
12 22 22 22
12 22 11 22
12 22 22 22
14 1 14 2
14 1 13 1
14 1 15 1
14 2 14 1
14 2 13 2
14 2 15 2
15 2 15 1
15 2 14 2
15 2 16 2
16 21 16 18
16 21 8 21
16 21 18 21
17 11 11 11
18 18 18 19
18 18 16 18
18 18 19 18
18 18 18 19
18 18 16 18
18 18 19 18
18 21 16 21
19 3 19 1
19 3 19 9
19 3 18 3
19 3 20 3
20 1 20 2
20 1 19 1
20 1 21 1
20 14 20 10
20 14 20 15
20 14 19 14
20 14 21 14
21 3 21 2
21 3 21 4
21 3 20 3
22 22 22 17
22 22 22 23
22 22 23 22
23 0 23 15
23 0 22 0
2 20 2 17
2 20 2 21
2 20 1 20
4 9 4 11
4 12 4 11
4 12 4 13
4 12 2 12
5 11 5 12
5 12 5 11
5 12 5 14
5 12 5 11
5 12 5 14
5 17 5 18
5 17 4 17
5 17 5 18
5 17 4 17
5 19 4 19
6 4 5 4
6 7 6 16
6 7 11 7
6 20 6 16
6 20 6 21
6 20 7 20
8 4 7 4
8 13 8 12
8 13 8 15
8 13 7 13
10 2 9 2
10 10 9 10
11 3 11 1
11 3 11 5
11 3 18 3
11 8 11 7
11 8 7 8
11 8 12 8
11 11 11 12
11 11 8 11
11 22 6 22
14 1 14 2
14 1 13 1
15 1 15 2
15 1 16 1
17 4 17 5
17 4 16 4
17 4 17 5
17 4 16 4
20 14 20 10
20 14 20 15
20 14 19 14
20 14 21 14
22 22 22 17
22 22 22 23
22 22 23 22
23 0 23 15
23 0 22 0
1 11 1 13
2 12 2 13
4 18 4 17
4 18 4 19
4 18 3 18
4 19 4 18
7 11 7 9
7 11 8 11
7 11 7 9
7 11 8 11
7 14 7 15
8 4 7 4
8 11 8 9
8 11 8 9
10 2 9 2
10 10 9 10
10 12 9 12
13 2 13 1
15 1 15 2
16 2 16 1
4 18 4 17
4 18 3 18
7 4 7 5
7 14 7 15
8 9 9 9
9 2 5 2
9 9 9 10
9 12 9 14
13 2 13 1
16 2 16 1
3 15 3 14
3 15 1 15
3 15 3 14
3 15 1 15
9 12 9 14
9 14 19 14
16 2 16 1
1 14 2 14

2440

2 4 2 4 - - 5 - - - - - - - - - 5         3 4 3 
2 4   5 3 2 | 4 = = = 4 - 1 1 2   2 1   4 4 6 3 
  4 2 |     | ǁ       | 3 3 4 ǁ   5 = = 8 4 2   
  3 - 7 5 3 3 ǁ       | ǁ 1 4 4     4 4 ǁ 6 4 2 
  3 2 ǁ 4 2 1 ǁ   2 = 7 8 4 2     5 6 5 ǁ 3 3   
3 3 3 ǁ 5 4 2 ǁ       4 6 = 2     4 2 1 ǁ 2 3   
    | ǁ 6 = = 8 = = = = = = = = 7 = = = 8 5 2   
    | ǁ 4 3 3 ǁ 2 2 = 4   2 2 4   2 4   5 2 |   
    | ǁ 2     ǁ ǁ 4 = 6 2 6 = 6   3       3 |   
    3 ǁ     2 ǁ ǁ 5 4 ǁ 3 = 3             | |   
    2 ǁ     1 ǁ ǁ 1 2 ǁ 1   |             | |   
2 4 = 8 = 6   6 8 = = 8 2   |             | 3   
    1 ǁ 1 2 2   5 5 4 ǁ     |             | 4   
  4 4 ǁ 4   6   4 |   ǁ     |             | ǁ   
  6 6 ǁ   1   4 3 | 2 ǁ     |             | ǁ   
  5 6 ǁ 4 5     2 |   ǁ     |             | ǁ   
  4 4 ǁ 4 3   3   |   ǁ     |       4 - - 5 ǁ   
      ǁ 4 2   4 4 |   2     |       ǁ     ǁ ǁ   
  3   6     4 4 2 |         |       6 2   2 ǁ   
  3 - 7 - - - - - 5         6 4     2       ǁ   
  5 4 4 3   3 2 2   4 = = = 8 4             ǁ   
  2 4 5 3 1                 3 2             ǁ   
4                               3 4 = = = = 8 4 
4 = = = = = = = = = = = = = = 3       2     5 2 
