24 24
1 0 5 0 0 0 0 0 0 0 0 0 0 0 0 0 0 0 0 0 4 1 0 2 
1 0 0 0 1 4 2 2 3 0 0 0 0 1 0 0 0 0 2 1 0 3 0 5 
4 1 0 0 0 6 0 3 0 0 0 0 0 0 0 0 0 0 0 3 4 2 0 0 
0 0 0 4 5 0 2 0 8 0 0 0 0 5 0 0 3 0 5 2 2 4 0 6 
0 0 0 4 0 0 3 5 8 0 0 2 1 0 3 0 3 0 0 0 0 6 2 0 
0 0 0 2 0 0 2 0 3 1 0 0 0 0 6 2 0 0 0 0 0 0 1 0 
6 0 7 0 7 6 3 8 0 0 0 0 7 6 8 2 0 0 0 2 0 4 2 0 
0 1 0 1 0 4 3 0 4 5 0 4 0 0 0 0 0 0 0 0 0 0 0 0 
0 0 0 0 0 0 0 0 5 3 0 0 0 2 6 3 0 0 0 0 0 0 0 0 
5 4 0 0 0 0 2 0 5 4 0 0 0 2 0 0 0 4 0 0 0 0 5 0 
4 4 0 0 0 0 0 0 2 4 2 0 0 0 4 0 0 0 0 0 0 0 0 0 
2 0 5 5 0 6 0 7 0 0 0 6 0 0 4 1 0 0 0 0 0 0 0 0 
3 3 4 5 0 0 0 0 0 4 0 4 0 0 0 0 0 0 2 0 0 0 0 0 
0 4 0 3 0 5 2 0 4 7 0 0 7 5 6 2 0 3 0 0 0 0 0 0 
0 2 0 2 0 1 0 0 2 3 1 0 4 2 0 0 0 1 0 0 0 0 0 0 
6 0 7 0 8 0 0 5 0 0 0 0 0 0 0 0 5 0 6 0 0 0 7 4 
0 2 0 2 5 0 0 0 0 0 0 0 0 0 0 0 0 0 0 4 3 1 6 1 
4 4 0 0 3 3 5 3 3 0 0 0 1 0 0 0 0 3 0 0 3 2 5 3 
1 0 0 5 0 0 7 4 0 0 0 0 0 0 0 0 0 0 0 0 0 0 2 0 
0 0 0 3 1 0 0 2 0 0 0 0 0 0 0 0 0 0 0 0 0 0 2 2 
3 0 7 0 0 0 4 0 6 0 0 0 0 1 0 0 0 0 0 0 0 0 0 0 
4 2 0 0 0 0 1 0 5 0 0 0 0 0 0 4 2 8 0 7 0 6 5 0 
5 0 6 0 0 0 0 0 0 0 0 0 0 0 0 4 2 7 3 6 4 5 3 0 
4 0 6 0 0 0 0 0 0 0 0 0 4 0 2 3 0 4 2 2 2 3 1 0 
200 235
0 2 0 0
0 2 0 20
0 2 6 2
1 0 2 0
1 23 1 21
1 23 0 23
1 23 3 23
2 0 2 1
2 0 6 0
2 0 6 0
2 5 2 7
2 5 1 5
2 5 6 5
2 5 2 7
2 5 1 5
2 5 6 5
3 3 3 4
3 3 4 3
3 8 3 6
3 8 3 13
3 8 1 8
3 8 4 8
3 23 3 21
3 23 1 23
3 23 15 23
4 7 4 6
4 7 4 8
4 7 6 7
4 8 4 7
4 8 4 11
4 8 3 8
4 8 5 8
6 0 6 2
6 0 9 0
6 4 6 2
6 4 6 5
6 4 3 4
6 4 15 4
6 7 6 6
6 7 6 12
6 7 4 7
6 7 11 7
6 12 6 7
6 12 6 13
6 12 4 12
6 12 13 12
6 14 6 13
6 14 6 15
6 14 5 14
6 14 8 14
7 8 7 9
7 8 8 8
7 8 7 9
7 8 8 8
7 11 7 9
7 11 11 11
7 11 7 9
7 11 11 11
9 8 9 9
9 8 8 8
9 8 10 8
9 22 9 17
9 22 6 22
9 22 15 22
10 14 8 14
10 14 11 14
10 14 8 14
10 14 11 14
11 3 11 2
11 3 7 3
11 3 12 3
11 5 11 7
11 5 7 5
11 5 13 5
11 5 11 7
11 5 7 5
11 5 13 5
11 11 11 7
11 11 12 11
11 11 11 7
11 11 12 11
12 9 12 11
12 9 13 9
12 9 12 11
12 9 13 9
12 18 15 18
13 9 13 8
13 9 13 12
13 9 14 9
15 0 15 2
15 0 12 0
15 0 17 0
15 4 15 2
15 4 15 7
15 4 6 4
15 4 16 4
16 22 16 21
16 22 16 23
16 22 15 22
16 22 17 22
17 6 17 5
17 6 17 7
17 6 18 6
19 3 19 4
19 3 18 3
19 3 18 3
20 2 20 0
20 2 20 6
20 2 15 2
20 2 22 2
21 1 21 0
21 8 21 6
21 8 21 15
21 8 20 8
21 17 21 16
21 17 21 19
21 17 17 17
21 17 22 17
21 22 21 21
21 22 19 22
21 22 22 22
22 0 22 2
22 0 21 0
22 0 23 0
23 0 23 2
23 0 22 0
23 2 23 0
23 2 23 12
23 2 22 2
0 2 0 20
0 2 6 2
2 7 1 7
3 3 3 4
3 3 4 3
3 8 3 6
3 8 3 13
3 8 1 8
3 18 3 16
3 18 3 19
3 18 1 18
3 23 3 21
3 23 15 23
4 3 5 3
4 6 5 6
4 8 4 11
4 8 5 8
5 3 4 3
5 8 5 9
5 14 5 15
5 14 4 14
5 14 6 14
6 0 6 2
6 0 9 0
6 7 6 6
6 7 11 7
6 12 6 13
6 12 13 12
6 14 6 13
6 14 6 15
6 14 5 14
7 1 9 1
7 9 8 9
8 15 8 14
8 15 11 15
8 15 8 14
9 6 7 6
10 10 10 9
11 7 15 7
11 14 13 14
12 18 15 18
13 6 13 5
13 14 13 13
13 14 13 15
13 14 11 14
14 5 13 5
15 0 15 2
15 0 12 0
15 0 17 0
15 4 15 2
15 4 15 7
15 4 16 4
15 18 15 16
15 18 15 22
15 18 15 16
15 18 15 22
15 23 15 22
15 23 15 22
16 1 17 1
16 22 15 22
16 22 17 22
19 7 18 7
21 1 21 0
21 8 21 15
21 8 20 8
21 17 21 16
21 17 21 19
21 17 17 17
21 17 22 17
21 19 21 21
21 19 16 19
21 19 22 19
22 17 22 16
22 17 22 18
22 17 23 17
23 2 23 12
23 2 22 2
23 12 23 14
4 6 5 6
8 14 8 13
9 6 7 6
9 22 9 17
9 22 6 22
10 10 10 9
13 5 13 6
16 1 17 1
17 1 17 0
17 17 17 12
19 7 18 7
20 13 20 8
21 15 22 15
23 12 23 14
6 21 6 19
6 21 4 21
6 21 6 19
6 21 4 21
9 17 13 17
17 1 17 0
18 0 20 0
21 15 22 15
5 15 5 14
5 22 4 22
9 17 13 17
4 14 4 16
4 14 4 16
4 22 4 21

2257

1 - 5 = = = = = = = = = = = = = = = = = 4 1   2 
1   ǁ   1 4 2 2 3         1         2 1   3 - 5 
4 1 ǁ     6 = 3 ǁ                   | 3 4 2   ǁ 
ǁ   ǁ 4 5 ǁ 2 = 8 = = = = 5     3 - 5 2 2 4 = 6 
ǁ   ǁ 4 | ǁ 3 5 8 = = 2 1   3 = 3         6 2 ǁ 
ǁ   ǁ 2 | ǁ 2 ǁ 3 1     |   6 2           ǁ 1 ǁ 
6 = 7 - 7 6 3 8 = = = = 7 6 8 2       2 = 4 2 ǁ 
ǁ 1   1 ǁ 4 3 ǁ 4 5 = 4 ǁ   |               ǁ ǁ 
ǁ |   | ǁ ǁ ǁ ǁ 5 3   ǁ ǁ 2 6 3             ǁ ǁ 
5 4   | ǁ ǁ 2 ǁ 5 4   ǁ ǁ 2 ǁ |   4 = = = = 5 ǁ 
4 4   | ǁ ǁ   ǁ 2 4 2 ǁ ǁ   4 |   ǁ         | ǁ 
2   5 5 ǁ 6 = 7 = = = 6 ǁ   4 1   ǁ         | ǁ 
3 3 4 5 ǁ ǁ   |   4 = 4 ǁ   ǁ     ǁ 2       | ǁ 
ǁ 4   3 ǁ 5 2 | 4 7 - - 7 5 6 2   3 ǁ       | ǁ 
ǁ 2   2 ǁ 1   | 2 3 1   4 2       1 ǁ       | ǁ 
6 = 7 = 8 = = 5                 5 = 6 = = = 7 4 
ǁ 2 | 2 5                             4 3 1 6 1 
4 4 |   3 3 5 3 3       1 - - - - 3   | 3 2 5 3 
1   | 5     7 4                   ǁ   |     2   
|   | 3 1     2                   ǁ   |     2 2 
3 - 7 - - - 4   6 - - - - 1       ǁ   |     |   
4 2 |       1 - 5 = = = = = = 4 2 8 = 7 - 6 5   
5 - 6                         4 2 7 3 6 4 5 3   
4 = 6 = = = = = = = = = 4 = 2 3   4 2 2 2 3 1   
