24 24
3 0 0 0 0 0 0 4 4 2 2 4 2 0 0 0 0 0 0 0 5 0 3 2 
0 4 0 6 0 5 0 0 0 0 0 6 0 0 0 0 0 0 0 0 7 3 0 0 
0 0 2 7 2 0 2 5 2 0 2 0 1 2 0 4 1 0 4 5 7 4 0 4 
0 6 0 6 4 6 0 7 7 4 6 0 4 0 0 8 0 0 8 6 6 6 0 0 
0 5 3 1 3 6 2 2 6 5 5 0 3 3 2 0 4 4 6 6 3 2 0 0 
0 2 4 2 3 6 2 1 2 3 3 0 3 2 0 0 2 0 2 2 0 2 0 0 
4 0 0 0 0 0 0 0 0 0 0 6 0 0 0 7 0 4 0 0 5 3 0 0 
0 3 0 0 0 0 2 0 0 0 0 0 2 4 4 8 4 4 0 4 7 2 0 0 
0 3 0 0 0 0 0 0 0 0 0 7 0 6 0 0 2 0 3 3 0 2 0 0 
0 3 0 0 0 0 0 0 0 0 0 8 2 4 0 0 2 0 4 4 0 0 0 0 
0 0 1 3 0 5 0 0 0 0 0 5 2 2 4 0 0 0 3 8 8 6 0 0 
0 1 2 0 0 4 0 0 0 0 2 0 0 0 4 0 0 0 0 0 5 3 0 0 
0 2 0 5 0 0 0 0 0 0 0 0 0 0 0 4 4 0 0 0 3 1 0 0 
0 4 0 7 0 4 4 5 0 0 0 0 0 0 0 0 4 0 0 0 4 0 8 5 
0 2 0 2 1 2 3 4 0 1 0 0 1 0 0 0 3 0 0 0 0 1 0 0 
5 0 0 0 0 0 0 0 0 0 0 0 0 0 0 0 0 5 0 3 0 0 0 0 
0 0 0 0 0 0 0 0 0 0 0 0 0 0 0 0 0 0 3 2 0 0 0 3 
0 0 0 0 0 0 0 0 0 0 0 0 0 0 0 0 0 0 5 4 0 0 0 2 
0 0 0 0 0 0 0 0 0 0 0 0 0 0 0 0 0 0 0 3 4 0 4 3 
0 0 0 0 0 0 0 0 0 0 0 0 0 0 0 0 0 0 4 0 4 2 1 3 
0 0 0 0 0 0 2 0 0 0 0 0 0 0 0 0 0 5 0 0 0 0 5 4 
0 0 0 0 0 0 0 0 0 0 0 1 0 0 0 0 0 0 2 1 0 2 1 0 
6 0 0 0 0 0 0 0 0 0 0 0 0 0 0 0 6 0 6 0 0 4 2 4 
3 0 0 0 2 1 0 0 0 0 0 0 2 0 0 0 6 2 3 4 2 3 3 2 
200 348
0 20 0 12
0 20 0 22
0 20 1 20
1 1 1 3
1 1 3 1
1 1 1 3
1 1 3 1
1 3 1 5
1 3 2 3
2 19 2 18
2 19 2 20
2 19 3 19
3 1 3 3
3 1 4 1
3 7 3 5
3 7 3 8
3 7 2 7
3 7 4 7
3 15 3 12
3 15 3 18
3 15 2 15
3 15 6 15
3 15 3 12
3 15 3 18
3 15 2 15
3 15 6 15
3 18 3 19
3 18 2 18
3 18 4 18
3 21 3 20
3 21 2 21
3 21 4 21
3 21 3 20
3 21 2 21
3 21 4 21
4 16 4 17
4 16 5 16
4 16 4 17
4 16 5 16
4 17 4 18
4 17 6 17
4 18 4 19
4 18 3 18
4 18 5 18
4 18 4 19
4 19 4 20
4 19 3 19
4 19 5 19
4 19 4 20
6 15 6 11
6 15 6 17
6 15 7 15
7 15 7 14
7 15 7 16
7 15 6 15
7 15 12 15
7 15 7 14
7 15 7 16
7 15 6 15
7 16 7 17
7 16 8 16
7 20 7 19
7 20 7 21
7 20 6 20
7 20 10 20
8 11 8 1
8 11 8 13
8 11 6 11
8 11 9 11
8 13 8 11
8 13 7 13
8 13 9 13
8 13 7 13
8 13 9 13
9 11 9 1
9 11 9 12
9 11 8 11
9 11 10 11
9 11 9 1
9 11 9 12
9 11 8 11
9 13 10 13
10 5 10 3
10 5 10 11
10 5 11 5
10 19 10 18
10 19 10 20
10 19 9 19
10 19 15 19
10 19 10 18
10 19 10 20
10 19 9 19
10 19 15 19
10 20 10 21
10 20 7 20
10 20 11 20
10 21 10 20
10 21 8 21
10 21 11 21
10 21 10 20
10 21 8 21
11 14 11 10
11 14 10 14
11 14 11 10
11 14 10 14
11 20 11 21
11 20 12 20
11 20 11 21
11 20 12 20
12 15 12 3
12 15 12 16
12 15 12 3
12 16 9 16
12 16 13 16
12 16 9 16
13 3 13 1
13 3 13 5
13 3 12 3
13 3 14 3
13 7 13 6
13 7 13 16
13 7 14 7
13 16 13 7
13 16 14 16
13 22 13 20
13 22 13 23
13 22 0 22
13 22 18 22
13 22 13 20
13 22 13 23
13 22 0 22
13 22 18 22
14 21 19 21
15 0 15 17
15 0 6 0
15 0 22 0
17 18 17 19
17 18 16 18
17 18 19 18
18 22 18 23
18 22 19 22
20 6 20 17
20 22 20 17
20 22 20 23
20 22 21 22
21 11 21 18
22 0 22 16
22 0 15 0
22 0 23 0
22 16 22 0
22 16 22 18
22 16 23 16
22 16 22 18
22 16 23 16
22 18 22 21
22 18 21 18
22 18 23 18
22 18 22 21
23 16 23 12
23 16 23 17
23 16 23 12
23 16 23 17
23 18 23 19
23 18 23 19
23 19 23 20
0 20 0 12
0 20 1 20
0 23 2 23
0 23 2 23
1 3 1 5
1 3 2 3
1 20 1 11
1 20 1 21
1 20 2 20
2 2 2 3
2 15 2 13
2 15 2 16
2 18 2 19
2 18 3 18
2 21 2 20
2 21 1 21
2 23 13 23
3 1 3 3
3 1 4 1
3 3 3 4
3 3 2 3
3 3 4 3
3 3 3 4
3 18 3 19
3 20 3 19
3 20 2 20
3 20 4 20
3 20 3 19
4 14 4 13
5 5 5 4
5 5 5 6
5 5 4 5
5 5 5 4
5 5 5 6
5 5 4 5
6 11 6 0
6 11 1 11
6 17 6 20
6 17 7 17
6 20 6 21
6 20 7 20
7 6 7 1
7 12 7 13
7 13 7 12
7 14 10 14
7 17 7 19
7 17 15 17
7 19 7 20
7 19 8 19
7 21 6 21
9 13 10 13
9 19 9 18
9 19 8 19
10 12 10 11
10 14 7 14
11 5 11 2
11 5 10 5
11 5 11 2
12 21 12 20
13 20 18 20
14 16 14 12
19 18 19 20
19 18 17 18
19 18 19 20
19 20 19 21
19 20 18 20
20 6 20 17
20 22 20 17
20 22 20 23
20 23 19 23
20 23 22 23
21 19 21 21
21 21 22 21
22 0 23 0
22 21 22 22
22 23 22 22
22 23 23 23
22 23 23 23
23 0 23 4
23 4 23 5
23 19 23 20
23 21 23 22
23 22 23 21
0 11 0 10
0 11 1 11
0 11 0 10
0 11 1 11
1 11 1 5
1 11 1 20
1 21 1 20
2 2 2 3
2 3 2 4
2 3 2 4
2 6 2 7
2 13 2 12
2 19 2 20
2 23 13 23
3 4 3 5
3 4 4 4
3 5 3 7
3 5 1 5
3 5 4 5
3 5 1 5
3 10 3 9
3 10 2 10
3 10 4 10
3 10 3 9
3 10 2 10
3 10 4 10
3 12 4 12
4 14 4 13
5 18 5 19
5 21 6 21
6 11 6 0
7 6 7 1
8 1 7 1
8 1 9 1
8 19 8 18
9 18 8 18
9 18 10 18
9 18 8 18
10 2 10 3
10 3 10 5
10 11 10 12
11 1 12 1
13 20 18 20
13 23 16 23
14 9 14 7
15 17 15 0
15 17 15 19
15 17 20 17
16 23 17 23
18 20 18 19
19 23 18 23
19 23 18 23
23 21 23 22
0 7 0 0
0 7 0 8
0 7 0 0
0 7 0 8
0 8 0 9
0 9 0 8
2 6 2 7
3 9 3 8
3 9 4 9
3 12 4 12
6 0 0 0
14 7 14 6
14 7 13 7
16 23 17 23
18 19 17 19
3 8 3 7
3 8 2 8
3 8 4 8
13 6 13 5
13 6 14 6
13 6 13 5
14 6 14 5
18 19 17 19
2 7 2 8
2 7 3 7
3 8 4 8
13 5 13 3
14 5 14 4
17 19 17 18
3 8 4 8
4 8 4 7
4 8 4 9
4 8 5 8
5 7 5 8
16 18 16 19
16 18 16 19
4 6 4 5
4 6 4 5
4 4 4 5
4 4 5 4
5 3 5 2
5 3 5 2
5 2 5 1
5 2 4 2
4 2 4 1
5 1 4 1
4 1 4 2

3614

3 = = = = = = 4 4 2 2 4 2 = = = = = = = 5 - 3 2 
| 4 = 6 = 5 - - - - - 6 = = = = = = = = 7 3 ǁ ǁ 
| ǁ 2 7 2 ǁ 2 5 2   2 | 1 2 - 4 1   4 5 7 4 ǁ 4 
| 6 = 6 4 6 = 7 7 4 6 | 4 = = 8 = = 8 6 6 6 ǁ ǁ 
| 5 3 1 3 6 2 2 6 5 5 | 3 3 2 ǁ 4 4 6 6 3 2 ǁ ǁ 
| 2 4 2 3 6 2 1 2 3 3 | 3 2   ǁ 2 | 2 2   2 ǁ ǁ 
4 = = = = = = = = = = 6 - - - 7 - 4 - - 5 3 ǁ ǁ 
| 3 = = = = 2         | 2 4 4 8 4 4 - 4 7 2 ǁ ǁ 
| 3 - - - - - - - - - 7 = 6 ǁ | 2 | 3 3 ǁ 2 ǁ ǁ 
| 3 = = = = = = = = = 8 2 4 ǁ | 2 | 4 4 ǁ ǁ ǁ ǁ 
|   1 3 = 5 - - - - - 5 2 2 4 | ǁ | 3 8 8 6 ǁ ǁ 
| 1 2 = = 4         2 = = = 4 | ǁ |   ǁ 5 3 ǁ ǁ 
| 2   5 = = = = = = = = = = = 4 4 |   ǁ 3 1 ǁ ǁ 
| 4 - 7 = 4 4 5 = = = = = = = = 4 |   ǁ 4 = 8 5 
| 2   2 1 2 3 4 - 1     1 - - - 3 |   ǁ ǁ 1 ǁ | 
5 = = = = = = = = = = = = = = = = 5 - 3 ǁ | ǁ | 
ǁ                                 | 3 2 ǁ | ǁ 3 
ǁ                                 | 5 4 ǁ | ǁ 2 
ǁ                                 | ǁ 3 4 | 4 3 
ǁ                                 | 4 = 4 2 1 3 
ǁ           2 = = = = = = = = = = 5 = = = = 5 4 
ǁ                     1 - - - - - - 2 1 - 2 1 | 
6 = = = = = = = = = = = = = = = 6 = 6 = = 4 2 4 
3 - - - 2 1             2 = = = 6 2 3 4 2 3 3 2 
