24 24
3 5 0 0 4 4 0 0 5 2 0 0 0 0 0 0 0 0 0 3 4 0 5 3 
0 4 3 1 0 0 0 0 0 0 0 0 0 0 0 0 0 0 0 0 4 2 0 0 
3 0 2 0 0 0 4 0 6 0 0 0 0 0 0 0 0 0 0 7 2 0 0 2 
0 4 5 2 0 0 0 0 0 0 0 0 0 2 1 0 0 0 0 0 2 0 0 0 
0 0 0 0 0 0 4 0 0 0 0 0 0 0 0 0 3 0 0 6 4 0 0 2 
0 0 0 0 0 2 4 1 0 0 0 0 0 0 0 0 0 0 0 1 0 0 0 0 
0 0 0 0 0 0 1 0 0 2 0 0 0 7 4 0 3 0 0 0 0 0 0 0 
0 0 0 0 0 0 0 0 0 0 0 0 0 0 0 0 0 0 0 0 0 0 0 0 
5 7 0 0 8 0 0 0 7 0 0 0 0 7 0 0 0 0 0 0 0 0 7 3 
0 0 2 4 0 2 3 3 0 1 0 3 0 0 3 0 0 0 0 4 3 0 0 2 
0 0 4 5 0 0 0 2 0 2 0 0 0 0 2 0 0 0 0 0 2 0 0 0 
0 0 0 0 0 6 8 2 0 4 0 5 0 5 0 0 0 0 0 7 6 0 8 4 
0 0 0 0 0 0 0 0 0 2 0 3 0 5 5 3 4 0 0 6 4 4 0 1 
0 0 0 0 0 2 0 2 0 2 6 0 0 4 2 3 3 0 0 0 4 4 4 3 
0 0 0 0 0 0 0 0 0 2 6 0 0 2 0 0 1 0 0 0 4 0 4 1 
2 0 0 0 0 0 0 0 0 3 0 0 0 0 0 8 0 0 0 6 0 0 4 3 
1 4 6 5 5 0 7 3 0 0 1 4 0 0 0 7 0 3 4 0 2 0 3 0 
1 5 0 5 4 1 2 0 0 3 0 3 0 0 0 4 0 5 6 0 4 0 5 2 
2 4 2 2 3 3 2 0 0 0 0 0 0 0 0 0 0 1 2 0 0 2 5 2 
4 0 8 0 0 0 0 0 7 0 0 0 0 0 0 0 0 0 0 5 5 0 3 2 
0 0 4 3 3 0 0 0 7 3 2 0 6 0 0 0 0 6 0 7 0 6 7 6 
0 2 0 0 5 3 3 0 4 6 4 0 6 0 2 0 0 4 2 0 2 4 0 2 
6 2 2 0 6 0 0 0 0 5 0 0 0 0 0 0 0 0 0 5 0 3 3 2 
4 0 0 0 0 0 0 2 0 1 0 0 0 0 0 0 0 0 0 3 2 3 1 0 
200 195
0 1 0 0
0 1 0 4
0 1 1 1
0 8 0 5
0 8 0 9
0 8 2 8
0 22 0 20
0 22 0 23
0 22 8 22
2 19 2 8
2 19 2 20
2 19 0 19
2 19 4 19
6 13 6 9
6 13 6 14
6 13 3 13
6 13 8 13
8 0 8 1
8 0 2 0
8 0 15 0
8 4 8 1
8 4 8 8
8 4 0 4
8 4 16 4
9 3 9 2
9 3 10 3
9 3 9 2
9 3 10 3
10 2 10 3
10 2 16 2
11 5 11 6
11 5 9 5
11 5 13 5
11 6 11 5
11 6 11 7
11 6 9 6
11 6 16 6
11 19 11 13
11 19 11 20
11 19 9 19
11 19 12 19
11 22 11 20
11 22 11 23
11 22 8 22
11 22 13 22
12 14 12 13
12 14 12 15
12 14 13 14
12 21 12 20
12 21 13 21
12 21 12 20
12 21 13 21
13 10 13 9
13 10 13 13
13 10 14 10
15 15 15 9
15 15 15 19
15 15 13 15
15 15 16 15
19 2 19 0
19 2 19 8
19 2 18 2
19 2 20 2
20 8 20 4
20 8 20 9
20 8 19 8
20 8 21 8
20 12 20 10
20 12 20 17
20 12 21 12
20 19 20 17
20 19 20 21
20 19 19 19
20 19 22 19
20 22 20 21
20 22 20 23
20 22 19 22
20 22 22 22
20 23 20 22
20 23 19 23
20 23 21 23
21 12 21 10
21 12 21 14
21 12 20 12
21 18 21 17
22 0 22 1
22 0 19 0
22 0 23 0
22 4 22 2
22 4 22 9
22 4 21 4
23 0 23 7
23 0 22 0
1 21 1 20
2 6 2 8
2 6 4 6
2 6 2 8
2 6 4 6
3 2 3 1
3 2 3 3
3 2 2 2
4 6 5 6
5 7 5 6
8 4 8 1
8 4 8 8
8 4 0 4
8 4 16 4
8 8 8 13
8 8 2 8
8 8 19 8
10 2 10 3
10 2 16 2
10 3 16 3
11 5 11 6
11 5 9 5
11 22 11 20
11 22 11 23
11 22 8 22
11 22 13 22
13 5 17 5
13 10 13 9
13 10 13 13
13 10 14 10
14 10 14 9
14 10 14 13
14 10 14 9
14 10 14 13
15 15 15 9
15 15 15 19
15 15 13 15
15 15 16 15
16 6 16 7
16 6 11 6
16 6 17 6
16 6 16 7
16 6 17 6
16 6 16 7
16 15 16 11
16 15 16 17
16 15 17 15
18 6 18 5
19 2 19 0
19 2 19 8
19 2 18 2
19 2 20 2
19 20 19 19
19 20 19 22
19 20 17 20
20 12 20 10
20 12 20 17
20 23 20 22
20 23 19 23
21 10 21 9
21 10 21 12
21 10 21 9
21 12 21 14
21 17 21 18
21 17 20 17
21 17 20 17
21 23 22 23
22 0 22 1
22 0 19 0
22 4 22 2
22 4 22 9
22 4 21 4
22 23 22 22
23 0 23 7
1 21 1 20
4 6 5 6
6 6 5 6
6 9 6 13
13 7 11 7
15 9 17 9
16 2 16 1
16 2 16 3
16 10 16 11
18 1 18 0
18 1 17 1
18 1 18 0
18 1 17 1
18 6 18 5
20 2 20 3
20 2 20 3
20 3 20 4
21 1 21 4
5 5 0 5
10 7 9 7
11 6 9 6
16 2 16 1
16 2 16 3
18 5 18 4
21 1 21 4
5 5 0 5
9 6 9 7
9 7 10 7

2753

3 5 - - 4 4 - - 5 2                   3 4 - 5 3 
  4 3 1 ǁ ǁ     |                     | 4 2 |   
3   2   ǁ ǁ 4 = 6 - - - - - - - - - - 7 2   | 2 
| 4 5 2 ǁ ǁ ǁ   |         2 1         | 2   |   
|       ǁ ǁ 4   |         |     3     6 4   | 2 
|       ǁ 2 4 1 |         |           1     |   
|       ǁ   1   | 2 = = = 7 4   3           |   
|       ǁ       |         |                 |   
5 7 = = 8 = = = 7 - - - - 7                 7 3 
|   2 4 ǁ 2 3 3 | 1   3     3         4 3   ǁ 2 
|   4 5 ǁ ǁ ǁ 2 | 2         2         | 2   ǁ   
|   ǁ | ǁ 6 8 2 | 4   5   5 - - - - - 7 6 = 8 4 
|   ǁ | ǁ | ǁ | | 2   3   5 5 3 4     6 4 4 ǁ 1 
|   ǁ | ǁ 2 ǁ 2 | 2 6 = = 4 2 3 3       4 4 4 3 
|   ǁ | ǁ | ǁ   | 2 6 = = 2   ǁ 1       4   4 1 
2   ǁ | ǁ | ǁ   | 3 = = = = = 8 = = = 6     4 3 
1 4 6 5 5 | 7 3 | | 1 4 - - - 7 - 3 4   2   3   
1 5   5 4 1 2   | 3   3       4   5 6   4   5 2 
2 4 2 2 3 3 2   |                 1 2   | 2 5 2 
4 = 8 = = = = = 7                     5 5 - 3 2 
ǁ   4 3 3 - - - 7 3 2 = 6 = = = = 6 - 7 - 6 7 6 
ǁ 2 = = 5 3 3   4 6 4 = 6 = 2     4 2 | 2 4 | 2 
6 2 2 = 6 = = = = 5                   5   3 3 2 
4 = = = = = = 2   1                   3 2 3 1   
