24 24
4 5 0 0 4 6 4 0 0 5 5 0 0 0 0 0 5 4 5 0 0 4 4 2 
5 5 0 0 0 3 1 0 0 0 4 5 0 6 2 0 0 2 6 4 4 0 0 1 
2 0 0 0 0 0 0 0 0 0 1 2 0 4 1 0 0 2 6 2 2 0 0 0 
3 5 0 0 0 0 0 0 0 5 0 0 0 0 0 0 6 0 0 0 0 7 7 2 
0 0 4 0 0 0 0 0 0 5 2 4 6 0 0 3 0 1 4 0 3 0 0 2 
0 0 2 2 2 0 5 0 0 0 0 5 0 4 2 0 0 0 4 2 0 0 6 6 
3 0 3 7 1 2 6 0 1 0 0 0 6 7 4 0 6 3 3 0 4 0 4 2 
0 0 2 0 0 1 2 0 0 0 0 0 2 3 4 0 4 2 4 2 0 0 5 3 
3 0 0 0 1 4 0 0 0 0 0 5 0 0 0 7 0 0 0 0 7 7 7 4 
0 0 0 0 0 0 0 1 0 0 0 0 0 0 0 0 3 0 6 3 0 0 0 1 
6 7 5 5 0 0 0 0 0 0 0 0 0 0 0 0 0 2 0 0 0 0 0 2 
0 0 0 0 0 0 0 0 0 0 0 0 0 0 0 0 4 4 0 0 0 0 0 0 
0 0 0 0 0 0 0 0 0 0 0 0 2 0 0 0 3 2 0 3 0 0 0 0 
0 3 0 0 0 0 0 0 0 0 0 0 0 0 0 0 0 0 0 4 0 0 0 0 
0 3 0 2 0 0 0 0 0 0 0 0 0 0 0 0 0 0 0 0 0 0 0 3 
0 4 0 0 0 0 3 6 0 2 0 0 0 0 0 0 0 0 0 0 0 0 0 0 
0 0 0 0 0 0 2 0 0 0 0 0 3 0 0 7 0 0 7 6 0 0 6 4 
0 4 6 2 0 0 3 6 0 0 0 3 4 0 0 6 4 4 0 4 0 0 2 1 
3 1 0 2 0 0 1 3 0 2 0 0 0 1 0 0 0 2 0 0 0 0 3 4 
2 0 7 3 0 4 0 0 4 2 0 0 5 6 0 5 0 1 5 6 0 0 1 0 
3 4 3 0 0 0 0 0 0 0 0 0 0 3 1 0 0 1 2 2 0 6 2 0 
0 0 0 0 0 0 0 0 0 0 0 3 4 2 0 5 0 0 0 0 0 5 4 4 
0 0 0 0 0 0 2 0 0 4 0 0 0 0 0 4 4 0 0 0 8 5 6 4 
3 0 0 0 5 0 0 0 0 0 0 0 0 0 0 0 0 0 0 0 6 2 2 2 
200 358
0 0 0 1
0 0 1 0
0 0 0 1
0 0 1 0
0 5 0 4
0 5 0 6
0 5 1 5
0 5 0 4
0 5 0 6
0 5 1 5
0 6 0 9
0 6 1 6
0 9 0 10
0 9 3 9
0 16 0 10
0 16 0 17
0 16 3 16
0 18 0 17
0 18 0 21
0 18 1 18
1 11 1 10
1 11 1 13
1 11 2 11
1 13 1 11
1 13 1 14
1 13 2 13
3 21 3 16
3 21 3 22
3 21 0 21
3 21 8 21
4 2 4 9
4 2 5 2
4 2 4 9
4 2 5 2
4 12 4 11
4 12 4 15
4 12 6 12
4 12 4 11
4 12 4 15
4 12 6 12
5 6 5 4
5 6 5 11
5 6 6 6
5 13 5 14
5 13 6 13
5 13 5 14
5 13 6 13
5 22 5 23
5 22 3 22
5 22 6 22
5 22 5 23
5 22 3 22
5 22 6 22
5 23 4 23
5 23 6 23
5 23 4 23
5 23 6 23
6 3 6 2
6 3 6 4
6 3 5 3
6 3 10 3
6 12 6 8
6 12 6 13
6 12 7 12
6 12 6 13
6 22 7 22
8 11 8 5
8 11 8 15
8 11 17 11
8 20 8 15
8 20 8 21
8 20 6 20
8 20 22 20
8 22 8 21
8 22 8 23
8 22 7 22
8 22 16 22
9 7 15 7
9 18 9 16
9 18 9 19
9 18 16 18
9 18 9 16
9 18 9 19
9 18 16 18
9 19 12 19
10 0 10 1
10 0 8 0
10 0 18 0
10 0 10 1
10 0 8 0
10 0 18 0
10 1 10 2
10 1 3 1
10 1 13 1
10 17 11 17
12 19 13 19
13 19 12 19
13 19 16 19
13 19 16 19
15 7 15 6
15 7 15 9
15 7 17 7
15 7 15 6
15 7 15 9
16 15 16 12
16 15 16 18
16 15 8 15
16 15 17 15
16 19 16 18
16 19 17 19
16 19 16 18
16 19 17 19
16 22 16 23
16 22 8 22
16 22 17 22
16 22 16 23
16 22 17 22
16 23 14 23
16 23 17 23
17 7 17 6
17 7 17 11
17 7 18 7
17 7 17 6
17 7 17 11
17 19 17 17
17 19 19 19
18 23 18 22
18 23 21 23
18 23 18 22
18 23 21 23
19 2 19 0
19 2 19 3
19 2 17 2
19 2 20 2
19 8 19 5
19 8 19 9
19 8 19 5
19 8 19 9
19 12 19 13
19 12 17 12
19 12 21 12
19 18 19 17
19 18 19 19
19 18 20 18
19 19 19 18
19 19 20 19
19 19 19 18
19 19 20 19
20 1 20 0
20 1 20 2
20 1 20 0
20 1 20 2
20 18 20 17
20 21 20 22
20 21 8 21
20 21 21 21
20 21 20 22
20 21 8 21
20 21 21 21
21 11 21 12
21 15 21 13
21 15 19 15
21 15 22 15
21 23 21 22
21 23 22 23
22 6 22 9
22 9 22 6
22 9 22 15
22 9 22 15
22 15 22 16
22 16 22 20
22 16 17 16
22 16 22 20
22 20 22 21
22 20 8 20
22 20 23 20
22 23 22 22
22 23 23 23
22 23 22 22
23 4 23 0
23 4 23 20
23 4 8 4
23 20 23 4
23 20 23 21
23 20 22 20
23 23 23 22
0 4 0 1
0 9 0 10
0 9 3 9
1 5 1 1
1 13 1 14
1 13 2 13
1 20 1 19
1 20 2 20
1 20 1 19
1 20 2 20
2 13 2 11
2 13 2 14
2 18 2 17
2 18 2 19
2 18 1 18
2 18 2 17
2 18 2 19
2 18 1 18
4 11 4 10
4 11 5 11
5 11 5 6
6 3 6 2
6 3 5 3
6 3 10 3
6 6 6 5
6 6 5 6
6 6 7 6
6 6 6 5
6 6 7 6
6 22 7 22
7 5 8 5
7 12 7 13
8 0 6 0
8 5 8 11
8 5 19 5
8 11 8 15
9 16 11 16
10 17 11 17
11 16 11 17
11 16 12 16
11 16 11 17
12 12 16 12
12 16 12 17
12 17 12 16
14 23 10 23
15 1 14 1
15 1 17 1
15 1 14 1
15 1 17 1
15 6 16 6
16 6 17 6
16 18 16 15
17 1 17 2
17 1 18 1
17 2 17 3
17 2 10 2
17 2 19 2
17 2 17 3
17 16 17 15
17 16 17 17
17 16 17 15
17 17 18 17
18 0 19 0
18 3 19 3
18 6 18 7
18 7 18 9
18 13 19 13
18 17 17 17
18 22 19 22
19 2 19 3
19 13 19 12
19 13 19 15
19 13 20 13
19 13 19 12
19 15 17 15
19 15 21 15
19 15 17 15
20 0 23 0
20 13 20 14
20 13 21 13
21 11 21 12
21 12 21 11
21 22 21 21
21 22 22 22
21 22 21 21
22 20 22 21
23 0 23 4
23 20 23 21
23 22 22 22
0 4 0 1
1 11 1 10
1 18 1 17
1 18 1 19
1 18 0 18
6 0 3 0
6 2 7 2
7 2 10 2
12 12 16 12
14 1 13 1
14 3 10 3
14 23 10 23
16 15 8 15
16 15 17 15
21 21 22 21
22 21 22 22
22 21 22 22
0 1 1 1
1 10 0 10
1 10 2 10
1 17 0 17
4 10 4 9
6 0 3 0
9 23 8 23
13 1 10 1
14 3 10 3
0 10 0 16
0 17 0 16
0 18 0 21
0 21 0 22
0 22 0 23
0 22 3 22
0 22 0 23
1 23 3 23
3 16 3 9
3 16 3 21
3 16 6 16
3 16 3 9
3 21 3 22
3 21 8 21
3 22 3 23
4 9 3 9
4 15 8 15
6 14 6 13
6 14 7 14
6 14 6 13
6 14 7 14
7 14 7 13
7 16 7 17
7 16 6 16
7 16 7 17
7 16 6 16
7 18 7 19
7 18 6 18
7 18 7 19
7 18 6 18
8 15 8 20
8 23 8 22
8 23 7 23
10 2 10 1
10 2 10 3
3 1 3 0
3 1 1 1
3 1 1 1
5 19 5 18
6 13 7 13
6 16 6 17
7 23 7 22
7 23 7 22
8 22 8 21
1 1 1 0
2 0 1 0
5 19 5 18
6 16 6 17
8 20 6 20
1 0 2 0
5 18 4 18
5 18 6 18
6 16 6 17
6 20 4 20
4 17 4 18
4 18 4 20
6 20 4 20

2544

4 5 = = 4 6 4 - - 5 5 = = = = = 5 4 5 = = 4 4 2 
5 5 - - - 3 1     ǁ 4 5 = 6 2   | 2 6 4 4 | | 1 
2 ǁ               ǁ 1 2 - 4 1   | 2 6 2 2 | | | 
3 5               5 = = = = = = 6 = = = = 7 7 2 
ǁ | 4 = = = = = = 5 2 4 6 = = 3 | 1 4 - 3 ǁ ǁ 2 
ǁ | 2 2 2 - 5 = = = = 5 ǁ 4 2 | |   4 2 ǁ ǁ 6 6 
3 | 3 7 1 2 6   1 - - - 6 7 4 | 6 3 3   4 ǁ 4 2 
| | 2 ǁ   1 2           2 3 4 | 4 2 4 2 ǁ ǁ 5 3 
3 | | ǁ 1 4 = = = = = 5 = = = 7 = = = = 7 7 7 4 
ǁ | | ǁ | |   1       |       ǁ 3 = 6 3 ǁ ǁ ǁ 1 
6 7 5 5 | |   |       |       ǁ | 2 ǁ | ǁ ǁ ǁ 2 
ǁ ǁ | ǁ | |   |       |       ǁ 4 4 ǁ | ǁ ǁ ǁ ǁ 
ǁ ǁ | ǁ | |   |       | 2     ǁ 3 2 ǁ 3 ǁ ǁ ǁ ǁ 
ǁ 3 | ǁ | |   |       | ǁ     ǁ     ǁ 4 ǁ ǁ ǁ ǁ 
ǁ 3 | 2 | |   |       | ǁ     ǁ     ǁ ǁ ǁ ǁ ǁ 3 
ǁ 4 |   | | 3 6 = 2   | ǁ     ǁ     ǁ ǁ ǁ ǁ ǁ | 
ǁ ǁ |   | | 2 |       | 3 - - 7 = = 7 6 ǁ ǁ 6 4 
ǁ 4 6 2 | | 3 6 = = = 3 4     6 4 4 - 4 ǁ ǁ 2 1 
3 1 ǁ 2 | | 1 3 - 2     | 1   ǁ | 2   | ǁ ǁ 3 4 
2 - 7 3 | 4 = = 4 2     5 6 - 5 | 1 5 6 ǁ ǁ 1 ǁ 
3 4 3   |               | 3 1 ǁ | 1 2 2 ǁ 6 2 ǁ 
|       |             3 4 2 - 5 |       ǁ 5 4 4 
|       |   2 = = 4 = = = = = 4 4 = = = 8 5 6 4 
3 = = = 5 = = = = = = = = = = = = = = = 6 2 2 2 
