24 24
2 0 0 6 0 5 0 0 5 0 0 0 0 0 5 0 0 0 0 0 0 2 2 2 
4 0 0 4 1 6 1 3 6 0 0 0 3 0 0 3 4 0 0 0 5 4 4 5 
5 0 0 3 4 6 3 3 4 0 2 0 2 0 0 4 3 4 4 2 0 2 0 4 
0 2 0 5 0 0 0 0 0 0 0 0 0 0 5 2 0 7 0 0 7 0 7 5 
0 0 0 0 3 0 0 0 0 0 0 2 3 0 8 4 1 6 4 2 0 1 0 0 
0 0 0 0 0 2 0 0 0 0 0 0 5 2 4 5 1 4 2 0 0 3 0 0 
0 0 0 0 4 0 0 0 0 0 0 0 0 0 0 0 0 0 0 0 6 0 0 0 
0 0 0 0 3 0 0 0 0 0 0 0 0 0 0 0 0 2 0 0 2 0 0 0 
6 0 0 7 0 0 0 0 0 0 0 0 0 0 0 0 0 0 0 0 0 6 3 0 
0 1 1 0 3 0 5 2 0 0 4 0 0 0 0 0 0 0 4 2 2 0 0 0 
0 0 3 6 5 1 0 1 0 0 5 0 0 0 0 2 0 0 0 0 0 0 0 0 
0 3 0 0 0 0 7 0 0 0 0 0 0 0 0 0 0 0 8 8 6 0 0 0 
0 0 2 2 0 0 6 0 0 0 0 0 0 0 4 3 0 2 0 0 0 0 0 0 
4 0 3 0 0 0 4 0 0 0 0 0 6 6 0 0 6 3 0 0 0 0 0 1 
0 0 3 0 2 0 0 2 2 1 2 2 0 0 4 0 6 2 0 0 0 0 4 1 
4 0 0 3 0 0 6 8 6 3 0 0 0 0 5 0 4 1 0 0 0 0 0 2 
3 0 0 4 4 0 4 4 2 0 0 0 0 0 0 3 7 2 0 0 0 0 4 0 
3 5 2 3 0 0 0 0 0 0 5 3 0 4 0 0 0 0 0 0 0 0 4 0 
3 6 3 0 1 2 0 0 0 0 5 3 0 2 0 0 0 0 0 0 0 0 5 4 
3 4 2 0 0 0 0 0 0 0 3 3 0 2 0 0 0 0 0 4 0 0 0 2 
2 0 0 7 0 0 0 0 0 0 0 0 8 4 0 0 0 0 0 2 3 0 0 0 
2 5 1 0 0 0 0 0 2 0 0 0 6 0 6 4 4 2 0 0 1 0 0 0 
3 6 0 6 0 0 0 0 0 0 0 0 0 0 0 0 0 0 5 0 0 7 5 6 
4 6 2 3 0 0 0 0 0 0 0 0 0 0 0 0 2 0 0 1 2 5 3 4 
200 237
0 3 0 0
0 3 0 5
0 3 1 3
0 8 0 5
0 8 0 14
0 8 1 8
1 5 1 4
1 5 1 6
1 5 0 5
1 5 2 5
1 20 1 16
1 20 1 21
1 20 3 20
1 23 1 22
1 23 0 23
1 23 2 23
2 0 2 3
2 0 1 0
2 0 8 0
3 17 3 15
3 17 3 20
3 17 2 17
3 17 4 17
3 22 3 20
3 22 3 23
3 22 1 22
3 22 8 22
3 23 3 22
3 23 2 23
3 23 13 23
4 14 4 12
4 14 4 15
4 14 3 14
4 14 5 14
6 20 6 4
6 20 3 20
6 20 7 20
8 0 8 3
8 0 2 0
8 0 13 0
9 6 9 4
9 6 9 7
9 6 11 6
11 18 11 6
11 18 11 19
11 18 9 18
11 18 22 18
11 19 11 18
11 19 11 20
11 19 9 19
11 19 19 19
11 20 11 19
11 20 9 20
11 20 20 20
13 12 13 6
13 12 13 13
13 12 20 12
13 12 13 6
13 12 13 13
13 12 20 12
13 13 13 16
13 13 17 13
13 13 13 16
13 13 17 13
13 16 13 17
13 16 14 16
13 16 13 17
13 16 14 16
14 14 14 16
14 14 15 14
14 14 14 16
14 14 15 14
15 7 15 6
15 7 15 8
15 7 14 7
15 7 16 7
16 16 16 15
16 16 16 17
16 16 15 16
16 16 21 16
16 22 14 22
16 22 17 22
16 22 14 22
16 22 17 22
17 13 18 13
17 22 18 22
20 3 20 0
20 3 20 12
20 3 17 3
20 3 22 3
20 12 20 3
20 12 20 13
20 12 21 12
21 1 21 0
21 1 21 2
21 1 22 1
21 8 21 12
21 12 21 8
21 12 21 14
21 12 20 12
21 14 21 12
21 14 21 15
21 14 15 14
22 21 22 18
22 21 22 22
22 21 8 21
22 21 23 21
22 23 22 22
22 23 19 23
22 23 23 23
23 0 23 1
23 0 22 0
23 1 23 0
23 1 23 2
23 1 22 1
23 23 23 22
23 23 22 23
0 3 0 0
0 3 0 5
0 3 1 3
1 0 1 3
1 0 2 0
1 0 1 3
1 5 0 5
1 5 2 5
2 18 2 17
2 18 2 19
2 18 2 17
2 18 2 19
2 21 1 21
3 1 3 3
3 23 3 22
4 14 4 12
4 14 4 15
4 14 3 14
4 14 5 14
4 19 4 18
4 21 5 21
5 12 5 5
5 12 5 13
5 12 4 12
5 15 5 14
5 15 5 16
5 15 4 15
5 17 5 18
5 17 4 17
5 17 5 18
5 17 4 17
5 21 8 21
6 20 6 4
6 20 3 20
6 20 7 20
7 17 7 4
8 0 8 3
8 0 13 0
8 3 8 21
8 3 3 3
8 3 10 3
10 10 10 7
10 10 10 15
10 10 9 10
10 15 10 10
11 18 11 6
11 18 11 19
11 18 9 18
11 20 11 19
11 20 9 20
12 14 12 6
12 14 12 15
12 14 12 6
12 14 12 15
12 15 12 17
12 17 13 17
15 7 15 6
15 7 15 8
15 7 14 7
15 7 16 7
17 13 18 13
17 22 18 22
19 13 20 13
19 19 20 19
20 12 20 13
20 13 19 13
21 14 21 15
21 14 15 14
21 20 20 20
22 18 22 3
22 18 22 21
22 18 22 3
22 23 22 22
22 23 19 23
23 0 23 1
23 23 23 22
0 8 0 14
0 8 1 8
2 21 1 21
2 23 1 23
3 1 3 3
4 11 4 4
4 19 4 18
5 5 5 12
5 12 5 13
5 14 5 15
5 15 4 15
5 21 8 21
7 17 7 4
9 19 9 18
10 10 9 10
15 14 15 16
18 23 18 22
18 23 15 23
19 19 20 19
2 5 2 4
2 5 2 6
2 5 2 4
2 5 2 6
2 6 2 7
2 23 1 23
4 11 4 4
4 16 4 17
4 18 4 17
7 4 6 4
9 18 9 10
18 23 18 22
18 23 15 23
0 23 0 22
4 18 4 17
6 4 4 4
9 10 9 7
14 23 14 22
18 22 22 22
2 4 2 3
2 4 2 3
3 17 3 15
3 17 3 20
3 17 2 17
14 22 8 22

2678

2 = = 6 = 5 - - 5 = = = = = 5             2 2 2 
4 = = 4 1 6 1 3 6       3     3 4 - - - 5 4 4 5 
5 - - 3 4 6 3 3 4   2   2     4 3 4 4 2 | 2 | 4 
ǁ 2 = 5                     5 2 = 7 = = 7 - 7 5 
ǁ     | 3 = = = = = = 2 3 = 8 4 1 6 4 2 ǁ 1 | | 
ǁ     | | 2 = = = = = = 5 2 4 5 1 4 2   ǁ 3 | | 
ǁ     | 4 = = = = = = = = = = = = = = = 6 ǁ | | 
ǁ     | 3 = = = = = = = = = = = = 2     2 ǁ | | 
6 = = 7 - - - - - - - - - - - - - - - - - 6 3 | 
ǁ 1 1 | 3 - 5 2 - - 4 - - - - - - - 4 2 2 | | | 
ǁ   3 6 5 1 | 1 - - 5 = = = = 2     ǁ | ǁ | | | 
ǁ 3         7 = = = = = = = = = = = 8 8 6 | | | 
ǁ   2 2     6 = = = = = = = 4 3 - 2 | | | | | | 
4   3       4 = = = = = 6 6 = = 6 3 | | | | | 1 
    3   2     2 2 1 2 2 ǁ ǁ 4 = 6 2 | | | | 4 1 
4     3     6 8 6 3     ǁ ǁ 5 - 4 1 | | | | ǁ 2 
3     4 4   4 4 2       ǁ ǁ ǁ 3 7 2 | | | | 4 ǁ 
3 5 2 3             5 3 ǁ 4 ǁ   |   | | | | 4 ǁ 
3 6 3 | 1 2         5 3 ǁ 2 ǁ   |   | | | | 5 4 
3 4 2 |             3 3 ǁ 2 ǁ   |   | 4 | | | 2 
2 - - 7 = = = = = = = = 8 4 ǁ   |   | 2 3 | | ǁ 
2 5 1 |         2 = = = 6 = 6 4 4 2 |   1 | | ǁ 
3 6   6 = = = = = = = = = = = = = = 5 = = 7 5 6 
4 6 2 3                         2     1 2 5 3 4 
