24 24
4 0 4 0 0 0 3 3 0 0 0 0 0 5 4 0 0 0 0 0 6 4 2 2 
0 1 0 0 0 0 0 6 4 2 1 2 0 7 0 0 0 2 3 0 8 7 5 6 
0 5 4 0 0 0 0 6 0 0 0 3 0 0 2 0 4 3 4 1 0 4 1 0 
0 0 0 2 0 0 0 2 3 0 3 3 0 0 3 2 0 0 1 0 0 2 0 0 
0 0 0 0 0 0 0 2 5 0 0 6 2 0 3 0 6 0 0 0 7 0 4 0 
0 0 4 7 2 0 0 2 6 2 0 4 0 0 2 0 0 1 3 2 0 3 5 0 
0 0 0 0 1 0 0 0 0 0 0 0 0 0 0 0 0 0 0 0 0 2 0 0 
0 0 0 0 0 0 0 1 0 0 0 6 3 0 0 0 0 0 0 0 0 0 0 0 
0 0 0 0 0 0 0 0 0 2 6 0 0 0 0 0 0 0 0 0 0 2 5 0 
0 0 1 0 0 0 0 0 0 0 0 0 0 0 3 0 7 0 7 4 0 0 0 0 
0 0 0 0 0 0 0 1 0 0 0 0 0 0 2 2 7 4 7 4 0 0 3 0 
0 0 0 0 0 0 0 0 0 0 0 0 0 0 3 0 6 4 0 4 0 0 0 0 
0 5 0 5 7 4 0 0 6 0 5 0 1 0 2 0 2 4 7 4 0 0 0 0 
0 0 0 0 0 0 0 0 0 1 0 0 0 0 0 0 0 0 1 0 0 0 0 0 
0 0 0 0 0 0 0 0 0 3 0 6 0 7 0 0 0 0 0 0 4 0 5 0 
0 0 2 0 4 4 0 0 0 0 0 0 2 0 2 0 6 0 0 0 6 4 5 6 
4 0 0 0 0 4 0 0 6 4 0 3 3 0 2 0 7 0 5 2 0 4 0 2 
2 0 0 0 0 2 0 0 4 2 0 0 0 0 0 0 2 0 2 0 0 4 0 0 
2 0 3 0 0 0 5 7 0 0 6 0 0 7 0 0 0 0 0 0 6 4 0 2 
3 0 0 0 0 0 0 0 2 2 0 2 0 6 4 3 4 0 0 0 5 2 0 0 
0 0 3 0 0 0 0 4 6 3 0 2 3 0 6 0 8 0 0 0 6 2 3 4 
0 0 1 0 0 0 0 1 4 2 0 1 0 0 4 1 0 2 0 0 0 0 4 1 
3 7 0 0 0 0 5 0 0 0 4 0 0 0 0 0 7 0 0 0 0 0 8 4 
2 3 1 0 0 0 3 1 2 0 5 0 3 3 0 0 6 4 0 0 4 0 4 1 
200 331
0 0 0 2
0 0 16 0
0 0 0 2
0 0 16 0
0 2 0 6
0 2 2 2
0 13 0 7
0 13 0 14
0 13 1 13
0 20 0 14
0 20 0 21
0 20 1 20
0 20 0 14
0 20 0 21
0 20 1 20
0 21 0 22
0 21 1 21
1 1 2 1
1 7 1 8
1 7 0 7
1 7 2 7
1 7 1 8
1 7 0 7
1 7 2 7
1 8 1 9
1 8 3 8
1 20 1 18
1 20 1 21
1 20 4 20
1 21 1 20
1 21 1 22
1 21 2 21
1 23 1 22
1 23 0 23
1 23 15 23
1 23 1 22
1 23 0 23
1 23 15 23
2 1 2 2
2 1 12 1
2 7 2 2
2 7 3 7
2 7 2 2
2 7 3 7
3 3 5 3
3 3 5 3
5 2 5 3
5 2 9 2
5 2 5 3
5 2 5 3
5 22 5 21
5 22 4 22
5 22 8 22
9 16 9 14
9 16 9 18
9 16 4 16
9 16 10 16
10 18 10 17
10 18 10 19
10 18 9 18
10 18 12 18
11 19 10 19
11 19 12 19
11 19 10 19
11 19 12 19
12 3 12 1
12 3 12 4
12 3 5 3
12 4 12 3
12 4 12 5
12 4 6 4
12 4 15 4
12 18 12 17
12 18 12 19
12 18 10 18
12 18 13 18
12 19 12 18
14 13 14 11
14 13 14 20
14 13 1 13
14 13 18 13
14 22 14 20
14 22 10 22
14 22 15 22
15 16 15 14
15 16 15 20
15 16 16 16
15 16 15 14
15 16 15 20
15 16 16 16
15 20 15 21
15 20 14 20
15 20 18 20
15 20 15 21
15 21 15 22
15 21 16 21
15 23 15 22
15 23 16 23
16 0 16 5
16 0 17 0
16 16 16 14
16 16 16 18
16 16 17 16
16 19 16 18
16 21 16 23
16 21 17 21
16 21 17 21
17 21 18 21
18 6 18 2
18 6 18 7
18 6 22 6
18 7 18 6
18 7 18 10
18 7 10 7
18 7 20 7
18 20 18 13
18 20 18 21
18 20 19 20
18 20 18 13
18 20 18 21
20 16 20 14
20 16 20 20
20 16 19 16
20 16 22 16
20 16 20 14
20 16 20 20
20 16 19 16
20 16 22 16
20 20 20 21
20 20 19 20
20 20 23 20
20 20 20 21
21 14 21 11
21 14 21 15
21 14 20 14
21 14 20 14
21 17 23 17
22 22 22 23
22 22 21 22
22 22 23 22
22 22 22 23
22 22 21 22
22 22 23 22
22 23 22 22
22 23 21 23
23 10 23 8
23 10 23 12
23 10 22 10
23 16 23 13
23 16 23 17
23 16 22 16
23 16 23 13
23 16 23 17
23 16 22 16
23 17 23 20
23 20 23 22
23 20 23 22
0 13 0 14
0 13 1 13
0 22 1 22
1 20 1 18
1 20 1 21
2 1 12 1
4 20 4 16
4 20 4 22
4 20 14 20
5 17 5 18
8 10 8 9
8 10 3 10
8 10 12 10
8 10 8 9
8 10 3 10
8 10 12 10
10 19 10 18
12 1 12 3
12 4 12 5
12 4 15 4
12 5 15 5
12 8 12 10
12 8 5 8
12 8 16 8
12 8 12 10
12 8 5 8
12 8 16 8
12 18 12 17
13 9 14 9
14 13 14 11
14 13 1 13
14 13 18 13
14 22 10 22
14 22 15 22
15 2 15 4
15 4 15 2
15 5 12 5
15 5 16 5
15 5 16 5
15 12 16 12
15 22 15 23
16 5 17 5
16 8 16 9
16 8 17 8
16 8 16 9
16 8 17 8
16 14 16 16
16 19 16 18
17 5 17 0
17 8 17 9
17 21 18 21
18 7 18 6
18 7 18 10
18 10 18 13
18 10 12 10
18 10 22 10
18 10 18 13
18 13 19 13
18 23 20 23
18 23 20 23
19 16 19 15
19 16 19 20
19 20 19 21
19 20 19 21
20 7 20 8
20 7 21 7
20 7 20 8
20 8 20 9
20 8 19 8
20 8 21 8
20 8 20 9
20 23 20 22
20 23 20 22
21 8 21 9
21 8 23 8
21 8 21 9
21 22 20 22
21 22 22 22
22 6 22 1
22 6 23 6
22 6 22 1
22 6 23 6
22 10 22 16
22 10 23 10
23 7 23 6
23 10 23 12
23 12 23 13
2 19 2 18
3 21 2 21
4 8 4 7
4 8 3 8
4 8 5 8
4 11 4 12
4 11 3 11
4 11 5 11
4 11 4 12
4 11 3 11
4 11 5 11
5 3 5 4
5 4 5 7
5 8 5 7
5 8 5 9
5 8 4 8
5 9 1 9
5 11 7 11
7 11 7 12
7 11 5 11
7 11 14 11
7 11 7 12
7 11 14 11
7 12 12 12
9 19 9 18
9 19 5 19
9 19 9 18
9 19 5 19
10 22 8 22
12 17 12 16
12 17 11 17
14 9 16 9
14 11 16 11
15 12 16 12
16 9 14 9
16 11 16 12
16 11 14 11
17 8 17 9
19 8 19 9
19 9 20 9
19 15 19 14
21 2 20 2
23 2 23 1
3 8 4 8
3 21 2 21
5 18 9 18
8 22 8 21
8 22 5 22
8 22 8 21
11 17 11 16
11 17 10 17
11 17 11 16
19 15 19 14
20 2 18 2
2 21 2 22
4 22 4 20
4 22 5 22
5 18 9 18
5 21 6 21
6 21 5 21
10 17 10 16
10 17 10 18
11 16 11 14
11 16 10 16
11 16 12 16
11 16 11 14
12 14 11 14
19 14 19 13
19 14 20 14
20 2 18 2
20 14 20 12
1 21 1 22
4 20 4 16
9 18 9 16
10 16 10 15
10 16 9 16
10 16 10 15
10 16 9 16
18 0 19 0
18 0 19 0
19 0 22 0
19 13 19 11
19 13 19 11
20 11 20 12
20 12 20 11
10 14 9 14
10 14 9 14

2610

4 = 4 - - - 3 3 - - - - - 5 4 = = = = = 6 4 2 2 
ǁ 1 |         6 4 2 1 2   7       2 3 = 8 7 5 6 
ǁ 5 4 = = = = 6 | |   3   ǁ 2   4 3 4 1 | 4 1 ǁ 
ǁ ǁ   2       2 3 | 3 3   ǁ 3 2     1   | 2   ǁ 
ǁ ǁ   ǁ       2 5 | ǁ 6 2 ǁ 3   6 = = = 7 = 4 ǁ 
ǁ ǁ 4 7 2 - - 2 6 2 ǁ 4   ǁ 2   | 1 3 2 | 3 5 ǁ 
ǁ ǁ | | 1       ǁ   ǁ ǁ   ǁ     |   ǁ ǁ | 2 ǁ ǁ 
ǁ ǁ | | |     1 ǁ   ǁ 6 3 ǁ     |   ǁ ǁ |   ǁ ǁ 
ǁ ǁ | | |       ǁ 2 6 ǁ | ǁ     |   ǁ ǁ | 2 5 ǁ 
ǁ ǁ 1 | |       ǁ   ǁ ǁ | ǁ 3 - 7 = 7 4 |   | ǁ 
ǁ ǁ   | |     1 ǁ   ǁ ǁ | ǁ 2 2 7 4 7 4 |   3 ǁ 
ǁ ǁ   | |     | ǁ   ǁ ǁ | ǁ 3 = 6 4 ǁ 4 |   ǁ ǁ 
ǁ 5 = 5 7 4   | 6 = 5 ǁ 1 ǁ 2   2 4 7 4 |   ǁ ǁ 
ǁ       ǁ ǁ   | ǁ 1 | ǁ   ǁ         1   |   ǁ ǁ 
ǁ       ǁ ǁ   | ǁ 3 | 6 = 7 - - - - - - 4 - 5 ǁ 
ǁ   2 = 4 4   | ǁ ǁ | ǁ 2 ǁ 2 = 6 = = = 6 4 5 6 
4 - - - - 4   | 6 4 | 3 3 ǁ 2 = 7 - 5 2 | 4 - 2 
2 - - - - 2   | 4 2 |     ǁ     2   2   | 4     
2   3 - - - 5 7 = = 6 = = 7 = = = = = = 6 4   2 
3   ǁ       | | 2 2 | 2 = 6 4 3 4 - - - 5 2   ǁ 
|   3       | 4 6 3 | 2 3 - 6 = 8 = = = 6 2 3 4 
|   1       | 1 4 2 | 1 - - 4 1 ǁ 2     |   4 1 
3 7 = = = = 5   |   4 - - - - - 7 |     |   8 4 
2 3 1       3 1 2 - 5 = 3 3 = = 6 4 - - 4 = 4 1 
