24 24
3 6 0 6 0 0 0 0 0 0 0 0 0 5 0 0 0 0 0 0 0 0 5 4 
0 0 1 0 3 0 1 2 0 0 0 0 0 4 0 0 0 1 0 3 4 2 0 0 
0 0 0 0 6 0 0 0 0 0 0 0 0 0 0 0 0 0 0 8 7 1 2 0 
3 0 0 0 0 2 4 4 4 6 0 2 3 0 4 2 2 0 4 0 2 2 1 0 
0 0 2 0 0 0 0 2 2 0 0 0 1 0 0 0 4 2 0 0 2 0 0 0 
3 0 0 0 0 5 5 0 0 7 0 0 0 0 7 7 4 2 0 0 6 6 3 0 
1 0 0 0 0 2 0 0 2 0 0 0 2 0 0 0 2 0 0 0 2 0 0 0 
2 0 0 0 0 1 0 3 6 0 2 0 7 1 3 0 4 3 0 5 0 8 4 0 
3 0 3 0 0 2 0 0 0 0 0 0 0 0 2 0 0 0 0 0 1 0 2 0 
0 0 0 0 0 0 0 1 0 0 4 0 6 4 0 3 0 0 0 0 0 0 0 0 
0 0 0 0 0 0 0 2 0 0 4 2 0 2 2 3 0 0 0 5 5 0 0 0 
2 0 0 0 0 0 0 5 3 0 3 0 5 0 0 4 0 0 0 2 0 6 6 0 
0 0 3 0 0 0 0 0 1 0 0 0 0 0 2 0 0 0 0 0 3 0 2 0 
0 0 0 0 0 0 0 0 0 0 0 0 0 0 0 0 0 0 0 0 1 4 2 0 
0 0 0 0 0 0 0 0 0 0 0 0 0 0 0 0 0 0 0 0 0 0 0 0 
0 0 0 0 0 5 7 6 3 0 2 2 7 3 3 0 2 0 6 0 0 0 0 3 
5 6 3 0 0 2 3 3 2 0 2 0 6 2 0 0 3 2 3 3 0 2 0 2 
0 3 0 7 8 0 0 0 0 8 0 0 0 0 0 8 7 4 0 2 0 0 0 0 
0 0 0 0 0 0 0 1 0 7 0 0 0 5 2 0 0 2 0 0 0 0 0 0 
0 0 1 5 0 4 0 3 0 7 4 4 0 7 2 2 2 2 7 0 0 6 2 0 
0 4 2 2 0 2 0 0 0 2 2 2 2 6 0 0 0 2 4 2 2 4 2 0 
4 1 4 0 8 0 0 0 0 0 0 0 0 0 0 0 0 0 0 0 0 0 6 5 
5 2 6 2 3 0 0 1 0 2 0 0 0 0 0 0 0 0 0 0 0 0 0 6 
3 1 4 0 0 0 0 0 0 0 0 0 0 0 0 0 4 0 0 0 2 2 0 4 
200 254
0 1 0 0
0 1 0 3
0 1 16 1
0 3 0 1
0 3 0 13
0 3 17 3
0 22 0 13
0 22 0 23
0 22 2 22
0 23 0 22
0 23 15 23
1 2 4 2
2 4 2 19
2 4 1 4
2 4 17 4
2 19 2 4
2 19 2 20
2 19 1 19
2 19 7 19
2 20 2 19
2 20 2 21
2 20 1 20
2 20 3 20
3 9 3 8
3 9 3 11
3 9 5 9
3 18 3 16
3 18 15 18
3 18 3 16
3 18 15 18
4 2 8 2
5 5 5 6
5 5 3 5
5 5 6 5
5 14 5 9
5 14 5 15
5 14 3 14
5 14 7 14
5 20 5 21
5 20 4 20
5 20 6 20
5 20 5 21
5 20 4 20
5 20 6 20
7 12 7 10
7 12 7 13
7 12 6 12
7 12 9 12
7 21 7 19
7 21 7 22
7 21 5 21
7 21 11 21
8 2 12 2
8 20 10 20
10 19 10 20
10 19 7 19
10 19 11 19
10 20 10 19
10 20 12 20
11 7 11 8
11 7 10 7
11 7 15 7
11 21 11 22
11 21 7 21
11 21 13 21
11 22 11 21
11 22 8 22
11 22 12 22
15 5 15 6
15 5 8 5
15 5 16 5
15 12 15 11
15 12 15 13
15 12 11 12
15 12 16 12
16 0 16 1
16 0 11 0
16 0 21 0
17 4 17 3
17 4 17 9
17 4 2 4
17 4 21 4
17 9 17 4
17 9 17 15
17 9 5 9
17 9 18 9
17 15 17 9
17 15 17 16
17 15 11 15
17 15 19 15
18 9 18 7
18 9 18 13
18 9 17 9
18 9 19 9
19 3 19 2
19 3 17 3
19 3 20 3
19 5 19 7
19 5 20 5
19 5 19 7
19 5 20 5
19 13 19 11
19 13 19 14
19 13 18 13
19 13 20 13
19 18 19 17
19 18 19 21
19 18 16 18
19 18 20 18
20 13 20 12
20 13 20 17
20 13 19 13
21 4 21 2
21 4 21 22
21 4 17 4
21 4 22 4
21 22 21 4
21 22 21 23
21 22 20 22
22 0 22 1
22 0 21 0
22 0 23 0
22 23 22 9
22 23 21 23
22 23 23 23
23 0 23 1
23 0 22 0
23 2 23 16
23 2 22 2
23 23 23 21
23 23 22 23
0 1 0 0
0 1 16 1
0 3 0 13
0 3 17 3
0 23 0 22
1 21 1 20
1 21 1 20
2 4 1 4
2 19 2 20
2 19 1 19
2 22 3 22
3 9 3 8
3 9 3 11
3 9 5 9
3 12 3 14
3 12 4 12
3 12 3 14
4 16 4 17
4 16 5 16
4 16 4 17
4 16 5 16
6 12 7 12
7 8 7 7
7 8 6 8
7 8 11 8
7 8 7 7
7 8 6 8
7 8 11 8
7 12 7 10
7 12 9 12
7 21 7 19
7 21 7 22
7 21 5 21
8 2 12 2
9 10 9 12
9 10 10 10
9 10 9 12
9 10 10 10
10 20 10 19
11 19 16 19
11 22 11 21
11 22 8 22
12 2 16 2
12 8 15 8
12 20 13 20
12 22 13 22
15 18 15 16
15 18 16 18
15 18 15 16
15 18 16 18
15 23 16 23
16 2 16 1
16 12 16 10
16 12 16 13
16 12 15 12
17 4 17 3
17 9 5 9
17 15 17 16
17 15 11 15
17 15 19 15
17 16 17 17
17 16 16 16
17 16 19 16
17 19 16 19
18 9 18 13
18 9 19 9
19 7 19 9
19 9 19 10
19 9 20 9
19 18 19 17
19 18 19 21
19 18 20 18
20 13 20 12
20 13 20 17
20 18 20 19
20 18 20 19
20 20 20 21
21 4 21 2
21 4 22 4
21 22 21 23
21 22 20 22
22 23 22 9
22 23 21 23
23 2 23 16
23 2 22 2
23 16 23 20
23 23 23 21
0 0 3 0
0 13 1 13
0 13 1 13
1 4 1 6
1 7 1 13
3 0 5 0
7 22 5 22
7 22 5 22
15 23 16 23
16 2 16 1
17 19 16 19
18 17 17 17
19 9 19 10
19 9 20 9
19 16 17 16
20 20 20 21
20 21 19 21
22 7 22 4
23 16 23 20
1 7 1 13
1 17 1 19
1 20 2 20
3 0 5 0
3 20 3 21
3 21 5 21
5 0 6 0
5 21 5 22
7 0 8 0
18 17 17 17
20 21 19 21
22 3 22 2
7 0 8 0
8 0 11 0
16 0 16 1
16 0 21 0
22 3 22 2

2304

3 6 = 6 = = = = = = = = = 5 - - - - - - - - 5 4 
| ǁ 1 ǁ 3 - 1 2 = = = = = 4       1 - 3 4 2 | | 
| ǁ | ǁ 6 = = = = = = = = = = = = = = 8 7 1 2 | 
3 ǁ | ǁ ǁ 2 4 4 4 6 = 2 3 = 4 2 2 = 4 | 2 2 1 | 
ǁ ǁ 2 ǁ ǁ |   2 2 ǁ     1   |   4 2 ǁ | 2 |   | 
3 ǁ | ǁ ǁ 5 5     7 - - - - 7 7 4 2 ǁ | 6 6 3 | 
1 ǁ | ǁ ǁ 2     2 ǁ     2   |   2   ǁ | 2 ǁ ǁ | 
2 ǁ | ǁ ǁ 1   3 6 ǁ 2 = 7 1 3   4 3 ǁ 5 = 8 4 | 
3 ǁ 3 ǁ ǁ 2     ǁ ǁ     ǁ   2       ǁ | 1 ǁ 2 | 
| ǁ ǁ ǁ ǁ |   1 ǁ ǁ 4 = 6 4   3     ǁ | | ǁ ǁ | 
| ǁ ǁ ǁ ǁ |   2 ǁ ǁ 4 2   2 2 3     ǁ 5 5 ǁ ǁ | 
2 ǁ ǁ ǁ ǁ |   5 3 ǁ 3   5     4     ǁ 2 | 6 6 | 
| ǁ 3 ǁ ǁ |   | 1 ǁ     |   2 ǁ     ǁ | 3 | 2 | 
| ǁ | ǁ ǁ |   | | ǁ     |     ǁ     ǁ | 1 4 2 | 
| ǁ | ǁ ǁ |   | | ǁ     |     ǁ     ǁ |       | 
| ǁ | ǁ ǁ 5 7 6 3 ǁ 2 2 7 3 3 ǁ 2 = 6 |       3 
5 6 3 ǁ ǁ 2 3 3 2 ǁ 2 - 6 2   ǁ 3 2 3 3   2   2 
ǁ 3   7 8 = = = = 8 = = = = = 8 7 4 | 2         
ǁ     | ǁ     1 - 7 = = = 5 2 ǁ ǁ 2 |           
ǁ   1 5 ǁ 4 = 3 - 7 4 4 - 7 2 2 2 2 7 = = 6 2   
ǁ 4 2 2 ǁ 2       2 2 2 2 6 = = = 2 4 2 2 4 2   
4 1 4 = 8 = = = = = = = = = = = = = = = = = 6 5 
5 2 6 2 3 - - 1   2 = = = = = = = = = = = = = 6 
3 1 4 = = = = = = = = = = = = = 4 = = = 2 2 = 4 
