24 24
3 0 6 0 0 0 0 0 0 0 0 0 0 5 0 0 0 4 3 0 3 2 3 2 
0 0 0 0 0 0 1 0 0 2 2 2 0 3 4 4 2 0 3 1 0 0 0 0 
0 0 0 4 0 0 7 0 0 5 6 6 0 5 0 0 0 6 0 0 6 3 3 0 
0 0 0 0 2 0 5 3 2 0 4 3 1 3 1 0 0 5 5 2 0 0 0 3 
0 0 0 0 0 3 0 0 0 3 4 6 0 0 0 2 1 4 5 1 0 0 0 0 
0 2 0 2 0 4 4 4 2 0 3 6 0 0 0 5 0 0 0 0 6 0 7 5 
0 0 0 0 0 4 4 0 2 0 2 2 3 4 2 0 0 0 0 0 0 2 6 0 
3 4 0 1 0 7 0 7 4 0 0 0 0 0 0 0 0 0 0 0 0 1 3 0 
0 3 0 0 0 0 0 5 2 0 5 0 0 8 4 0 0 0 0 0 0 0 1 0 
0 4 4 0 0 0 0 0 0 0 0 0 0 0 2 0 0 0 0 0 0 0 1 0 
0 0 0 0 0 0 0 0 0 0 0 1 0 0 0 0 0 0 0 0 0 0 0 0 
0 4 0 0 0 7 0 5 0 0 3 0 0 0 3 0 4 0 0 0 8 6 3 0 
0 4 2 2 0 0 0 0 0 0 3 0 0 0 0 0 4 3 2 0 6 3 2 0 
0 0 0 0 2 0 0 0 0 0 3 6 0 6 5 0 4 6 0 0 7 0 0 4 
0 0 0 0 0 0 0 0 0 0 0 0 1 0 0 0 2 0 2 0 0 4 5 2 
0 5 7 5 3 0 0 0 0 0 0 0 3 5 0 0 0 0 0 0 3 4 0 1 
0 3 0 0 0 0 0 0 0 0 0 0 4 6 2 0 0 0 4 0 3 0 0 0 
0 0 0 0 0 0 0 1 0 0 0 0 4 8 2 0 0 1 3 0 7 0 6 3 
0 0 0 0 0 0 0 0 0 0 0 0 2 6 2 0 0 0 1 2 6 2 0 2 
0 4 5 0 0 7 0 0 0 7 0 8 0 0 0 7 0 0 0 0 0 0 7 4 
0 2 2 0 0 6 0 2 0 0 2 5 4 3 0 0 0 2 0 4 2 0 0 2 
4 0 0 0 2 1 0 0 0 0 0 3 3 3 0 5 0 0 0 5 3 0 0 0 
3 2 0 0 0 0 0 0 0 4 6 0 0 0 0 0 0 0 0 0 0 0 7 6 
1 0 0 0 0 2 0 0 0 0 6 0 0 0 0 2 0 0 0 0 0 0 3 4 
200 168
0 2 0 0
0 2 0 13
0 2 9 2
2 3 2 6
2 3 5 3
2 6 2 3
2 6 2 9
2 6 1 6
2 6 3 6
5 1 7 1
5 22 5 20
5 22 5 23
5 22 2 22
5 22 6 22
6 22 6 21
6 22 5 22
6 22 7 22
7 5 7 3
7 5 7 7
7 5 6 5
7 5 11 5
8 7 8 8
8 7 7 7
8 7 11 7
8 13 8 10
8 13 8 14
8 13 6 13
8 13 13 13
10 11 13 11
11 20 11 16
11 20 11 21
11 20 5 20
11 20 12 20
13 11 13 10
13 11 13 13
13 11 19 11
13 20 13 17
13 20 13 23
13 20 12 20
13 20 15 20
14 21 14 22
14 21 15 21
14 21 14 22
14 21 15 21
15 1 15 2
15 1 12 1
15 1 16 1
15 3 15 2
15 3 15 4
15 3 12 3
17 13 17 12
17 13 17 14
17 13 16 13
17 13 18 13
17 20 17 18
17 20 17 22
17 20 16 20
17 20 18 20
19 5 19 2
19 5 19 9
19 5 11 5
19 5 20 5
19 11 19 9
19 11 19 15
19 11 13 11
19 11 20 11
19 22 19 15
19 22 19 23
19 22 17 22
19 22 22 22
21 19 21 15
21 19 21 20
21 19 20 19
22 23 22 22
22 23 20 23
22 23 23 23
23 10 23 5
23 10 23 15
23 10 22 10
23 23 23 22
23 23 22 23
0 2 0 0
0 2 0 13
0 2 9 2
2 3 5 3
2 6 2 9
2 6 3 6
3 4 3 6
4 18 4 17
4 18 4 19
4 18 3 18
5 1 7 1
6 22 6 21
6 22 5 22
7 5 7 7
7 5 6 5
7 5 11 5
7 22 7 21
7 22 8 22
8 13 8 10
8 13 8 14
8 13 6 13
8 13 13 13
9 22 11 22
11 20 11 16
11 20 11 21
11 20 5 20
11 20 12 20
11 21 11 22
11 21 12 21
13 4 15 4
17 7 11 7
17 13 17 12
17 13 17 14
17 13 16 13
17 13 18 13
18 13 18 12
18 13 18 14
18 13 18 12
18 13 18 14
18 20 18 19
18 20 18 21
18 20 17 20
18 21 18 20
19 11 19 9
19 11 19 15
19 11 20 11
22 23 22 22
22 23 20 23
23 10 23 5
23 10 23 15
23 10 22 10
23 23 23 22
0 0 7 0
3 4 3 6
11 21 11 22
11 21 12 21
12 22 12 21
13 4 15 4
15 3 15 2
15 3 12 3
17 12 16 12
19 23 19 22
19 23 18 23
23 0 22 0
23 22 22 22
12 20 12 18
12 20 13 20
17 12 16 12
19 23 19 22
22 22 22 10
22 22 19 22
22 22 22 10
12 20 12 18
18 23 17 23
19 15 5 15
19 15 21 15
20 17 20 19
13 14 13 13
13 14 11 14
13 14 16 14
14 12 15 12
15 13 15 12
15 13 13 13
15 13 16 13
19 15 5 15
19 15 21 15
20 17 20 19

3114

3 = 6 = = = = = = = = = = 5       4 3   3 2 3 2 
|   ǁ       1     2 2 2   3 4 4 2   3 1         
|   ǁ 4 = = 7 = = 5 6 6   5       6     6 3 3   
|   ǁ ǁ 2 = 5 3 2   4 3 1 3 1     5 5 2     | 3 
|   ǁ ǁ   3       3 4 6       2 1 4 5 1     |   
| 2 ǁ 2   4 4 4 2   3 6       5         6 - 7 5 
| ǁ ǁ     4 4   2   2 2 3 4 2 ǁ         ǁ 2 6   
3 4 ǁ 1 - 7 = 7 4         ǁ   ǁ         ǁ 1 3   
  3 ǁ     ǁ   5 2   5 = = 8 4 ǁ         ǁ   1   
  4 4     ǁ   |           ǁ 2 ǁ         ǁ   1   
          ǁ   |       1   ǁ   ǁ         ǁ   |   
  4       7   5     3 |   ǁ 3 ǁ 4 = = = 8 6 3   
  4 2 2   |   |     3 |   ǁ | ǁ 4 3 2 = 6 3 2   
  |   ǁ 2 |   |     3 6 - 6 5 ǁ 4 6 - - 7 - - 4 
  |   ǁ ǁ |   |       ǁ 1 | | ǁ 2   2   | 4 5 2 
  5 7 5 3 |   |       ǁ 3 5 | ǁ         3 4   1 
  3       |   |       ǁ 4 6 2 ǁ     4   3       
          |   1       ǁ 4 8 2 ǁ   1 3 - 7 - 6 3 
          |           ǁ 2 6 2 ǁ     1 2 6 2 | 2 
  4 5 - - 7 - - - 7 = 8 = = = 7 - - - - - - 7 4 
  2 2     6   2     2 5 4 3   ǁ   2 = 4 2   ǁ 2 
4       2 1           3 3 3   5 - - - 5 3   ǁ ǁ 
3 2               4 6 = = = = = = = = = = = 7 6 
1         2 = = = = 6 = = = = 2             3 4 
