24 24
4 0 6 0 0 0 4 4 4 1 2 0 0 0 0 3 0 3 3 6 0 0 3 2 
0 3 6 0 4 0 8 5 0 0 0 2 4 0 0 6 2 0 2 6 4 2 0 0 
2 0 4 0 0 0 0 4 6 0 7 0 0 0 0 0 0 7 0 6 5 0 6 4 
0 0 5 0 7 2 0 2 7 2 6 0 0 0 0 3 1 0 0 1 5 3 0 1 
0 0 0 0 4 0 0 0 3 3 5 0 0 0 0 1 0 0 2 0 6 3 0 0 
0 0 4 2 8 0 8 0 0 0 0 0 0 0 0 0 0 7 0 0 0 0 7 5 
0 0 2 0 2 0 0 0 0 0 0 0 0 0 2 1 2 0 1 0 2 1 0 2 
0 5 0 0 0 0 7 0 0 0 0 0 0 0 5 2 5 0 2 0 7 5 0 2 
2 6 1 1 0 3 0 0 3 0 0 0 4 0 0 0 4 0 3 2 0 4 0 0 
2 0 0 2 0 0 0 0 5 0 0 2 0 0 0 0 0 0 0 2 0 0 0 0 
0 0 4 6 2 0 0 0 0 0 0 0 0 0 0 0 0 0 0 0 0 0 0 4 
4 5 0 2 0 0 0 1 0 0 0 0 2 0 0 1 4 0 0 0 0 0 0 0 
0 0 4 0 6 4 0 0 0 0 0 0 0 0 0 0 0 0 4 5 0 0 0 0 
0 0 3 2 0 0 0 0 0 1 0 0 0 0 4 6 4 0 0 3 0 0 0 0 
2 0 1 0 5 0 0 0 0 0 0 0 0 0 0 3 1 0 0 1 0 0 0 0 
0 0 0 0 0 0 0 2 4 0 0 0 0 0 0 0 0 7 6 4 0 0 0 0 
0 0 0 0 0 0 4 0 0 0 0 0 0 3 0 5 2 0 0 2 0 4 0 0 
0 0 0 0 0 5 0 6 0 0 0 0 5 2 0 2 0 0 0 0 0 0 0 0 
0 0 0 0 0 2 1 0 0 0 2 0 4 0 1 0 0 0 0 0 0 0 0 0 
0 3 0 0 7 0 0 8 0 0 0 0 0 0 0 0 0 7 0 0 4 3 0 0 
4 0 6 4 3 0 0 0 0 3 2 2 0 3 0 0 0 7 4 4 0 0 6 3 
3 0 8 0 0 0 0 7 0 6 0 0 0 0 4 3 1 0 5 7 4 2 3 3 
5 4 4 0 0 0 0 4 1 1 1 3 0 4 0 0 0 5 4 4 4 3 0 2 
2 4 0 0 0 4 0 0 0 0 0 0 0 0 0 0 0 0 0 3 2 0 0 0 
200 207
0 0 0 2
0 0 2 0
0 2 0 0
0 2 0 6
0 2 1 2
0 19 0 18
0 19 0 22
0 19 1 19
1 6 1 4
1 6 1 7
1 6 0 6
1 6 5 6
2 10 2 8
2 10 2 17
2 10 0 10
2 10 3 10
3 2 3 4
3 2 2 2
3 2 5 2
3 8 3 7
3 8 3 9
3 8 2 8
3 8 4 8
4 4 3 4
4 4 5 4
4 4 3 4
4 4 5 4
5 4 5 3
5 4 5 6
5 4 6 4
5 6 5 4
5 6 5 17
5 6 1 6
5 6 7 6
5 22 5 17
5 22 5 23
5 22 2 22
5 22 20 22
5 23 5 22
5 23 3 23
5 23 6 23
7 1 7 6
7 1 1 1
7 1 8 1
7 20 7 18
7 20 7 21
7 20 6 20
7 20 19 20
8 21 7 21
8 21 16 21
8 21 7 21
8 21 16 21
10 23 7 23
10 23 20 23
10 23 7 23
10 23 20 23
12 19 12 18
12 19 9 19
12 19 13 19
15 17 15 8
15 17 15 18
15 17 5 17
15 17 19 17
16 15 16 13
16 15 16 16
16 15 17 15
16 21 19 21
17 5 17 7
17 5 12 5
17 5 18 5
17 12 17 7
17 12 17 13
17 12 18 12
19 4 19 1
19 4 19 7
19 4 14 4
19 4 20 4
19 7 19 4
19 7 19 17
19 7 17 7
19 7 21 7
20 2 20 0
20 2 20 3
20 2 21 2
20 2 20 0
20 2 20 3
20 2 21 2
20 3 20 4
20 17 20 13
20 17 20 18
20 17 19 17
20 17 22 17
21 2 21 0
21 2 21 7
21 2 22 2
21 14 21 9
21 14 21 15
21 14 21 9
21 14 21 15
21 15 21 16
21 18 21 19
21 18 20 18
21 18 22 18
22 0 22 1
22 0 21 0
22 0 23 0
22 13 22 11
22 13 22 17
22 13 22 11
22 13 22 17
23 5 23 1
23 5 23 19
23 5 23 1
23 5 23 19
0 0 2 0
0 2 0 6
0 2 1 2
0 19 0 18
0 19 0 22
0 19 1 19
1 6 1 4
1 6 1 7
1 6 0 6
1 11 1 12
1 15 1 12
1 15 1 16
1 15 0 15
1 15 1 12
1 15 1 16
1 15 0 15
2 23 2 22
2 23 0 23
3 5 3 4
4 10 4 9
4 10 4 15
4 10 3 10
4 20 4 18
4 20 4 21
4 20 3 20
4 20 4 18
4 20 4 21
4 20 3 20
4 21 3 21
5 4 5 3
5 4 6 4
5 6 5 17
5 6 7 6
5 23 5 22
6 2 5 2
7 16 7 15
7 16 6 16
7 16 8 16
9 11 9 8
13 9 13 14
16 6 16 13
16 6 7 6
16 6 16 13
16 6 7 6
16 16 16 15
16 21 19 21
18 6 18 5
18 10 18 12
18 14 18 12
19 7 19 17
19 7 17 7
19 7 21 7
20 3 20 4
21 2 21 0
21 2 21 7
21 2 22 2
22 0 22 1
22 0 23 0
22 11 22 10
23 1 22 1
23 1 22 1
0 7 0 8
0 7 1 7
1 11 1 12
2 23 2 22
2 23 0 23
3 5 3 4
5 2 3 2
5 2 6 2
9 11 9 8
16 15 17 15
17 5 17 7
17 5 12 5
17 7 17 12
17 13 17 12
18 10 18 12
19 4 19 1
19 4 14 4
20 0 14 0
20 0 14 0
22 2 22 7
22 2 22 7
0 7 0 8
0 7 1 7
0 22 2 22
1 7 2 7
11 0 11 1
11 0 9 0
19 1 11 1
11 0 11 1
11 0 9 0
8 0 8 1
8 0 8 1

2795

4 = 6 = = = 4 4 4 1 2         3   3 3 6 = = 3 2 
ǁ 3 6   4 = 8 5     | 2 4 = = 6 2   2 6 4 2 | ǁ 
2 | 4       ǁ 4 6 - 7 - - - - - - 7   6 5   6 4 
  | 5 - 7 2 ǁ 2 7 2 6         3 1     1 5 3 | 1 
  | ǁ   4   ǁ   3 3 5 - - - - 1     2 = 6 3 | | 
  | 4 2 8 = 8 = = = = = = = = = = 7 - - - - 7 5 
  | 2   2   ǁ               2 1 2 | 1   2 1 | 2 
  5 - - - - 7               5 2 5 | 2 - 7 5 | 2 
2 6 1 1   3 ǁ   3       4       4 | 3 2 | 4 | ǁ 
2     2     ǁ   5 = = 2           |   2 | ǁ | ǁ 
ǁ   4 6 2   ǁ                     |   | | ǁ | 4 
4 5   2     ǁ 1         2     1 4 |   | | ǁ | ǁ 
  | 4   6 4 ǁ                     | 4 5 | ǁ | ǁ 
  | 3 2   ǁ ǁ     1 - - - - 4 6 4 |   3 | ǁ | ǁ 
2 | 1   5 ǁ ǁ                 3 1 |   1 | ǁ | ǁ 
ǁ |     ǁ ǁ ǁ 2 4 - - - - - - - - 7 6 4 | ǁ | ǁ 
ǁ |     ǁ ǁ 4 = = = = = = 3 - 5 2 |   2 | 4 | ǁ 
ǁ |     ǁ 5 = 6 = = = = 5 2   2   |     | ǁ | ǁ 
ǁ |     ǁ 2 1 ǁ     2 = 4 - 1     |     | ǁ | ǁ 
ǁ 3 = = 7 = = 8 = = = = = = = = = 7     4 3 | ǁ 
4 = 6 4 3     ǁ   3 2 2   3 - - - 7 4 4     6 3 
3 = 8 = = = = 7   6 = = = = 4 3 1 | 5 7 4 2 3 3 
5 4 4 = = = = 4 1 1 1 3 = 4 = = = 5 4 4 4 3   2 
2 4 = = = 4 = = = = = = = = = = = = = 3 2       
