24 24
1 0 0 0 5 0 4 4 2 2 0 5 0 3 4 6 2 1 0 0 0 2 1 2 
3 4 0 0 5 0 0 0 0 0 0 7 0 0 0 7 0 5 0 0 0 7 7 6 
0 0 2 0 0 0 0 0 0 0 2 0 2 0 5 5 2 3 0 0 3 0 0 4 
0 0 6 2 0 1 5 0 0 0 5 0 3 2 0 0 0 0 0 0 0 0 0 0 
0 0 0 2 0 0 3 3 0 0 0 0 0 2 0 0 0 0 0 0 0 0 0 0 
0 2 0 0 0 0 0 0 0 0 0 0 0 0 0 0 0 0 0 0 0 0 6 5 
4 2 0 0 0 1 0 6 0 0 4 0 0 0 0 0 0 0 0 0 0 0 3 0 
2 2 0 0 0 2 0 7 3 2 0 0 5 4 0 0 0 0 0 0 0 0 0 0 
0 4 0 0 0 2 3 7 3 0 0 0 0 0 0 0 0 0 0 0 0 0 0 0 
0 0 0 0 0 0 1 0 1 0 0 0 0 3 0 3 2 0 0 0 0 0 0 0 
6 7 6 4 0 0 0 0 0 0 0 0 0 1 0 3 0 8 2 0 0 0 0 0 
0 0 3 1 0 6 0 7 5 3 0 0 0 2 0 1 0 0 2 0 0 0 0 0 
0 5 6 2 0 4 3 0 2 2 0 0 0 0 0 3 0 5 3 0 0 0 0 3 
0 3 1 0 0 0 1 0 0 0 0 0 0 0 0 0 0 0 0 0 0 0 0 0 
6 0 0 0 7 0 0 7 0 5 4 0 0 0 0 1 0 0 0 0 0 0 1 0 
0 3 6 2 0 2 5 6 3 0 0 7 4 3 0 0 0 0 0 0 0 4 1 0 
6 6 7 2 0 1 0 5 4 1 0 0 4 2 0 0 0 0 0 0 0 0 0 0 
2 4 3 0 0 0 0 5 0 0 0 7 7 2 0 0 0 0 0 0 0 3 2 0 
0 3 3 1 0 0 0 2 0 0 0 1 2 1 0 0 0 0 0 0 0 1 0 2 
4 0 6 0 8 0 7 0 0 0 0 0 0 0 7 0 0 0 0 0 5 0 4 2 
4 2 3 1 0 2 0 4 4 0 0 0 6 0 7 0 0 0 0 0 0 4 4 6 
4 0 0 0 8 5 3 4 2 2 0 0 6 2 4 0 0 0 0 6 0 5 5 6 
4 0 2 0 5 5 7 0 0 0 0 0 0 0 3 4 0 0 0 4 2 3 0 0 
3 0 2 0 2 2 3 0 0 0 0 0 0 0 0 0 0 0 0 0 0 0 5 4 
200 213
0 4 0 0
0 4 0 6
0 4 1 4
0 11 0 9
0 11 0 13
0 11 1 11
0 15 0 14
0 15 0 16
0 15 1 15
1 21 1 17
1 21 1 22
1 21 0 21
1 21 15 21
1 22 1 21
1 22 1 23
1 22 0 22
1 22 5 22
1 23 1 22
1 23 0 23
1 23 2 23
3 2 3 3
3 2 2 2
3 2 10 2
5 22 5 23
5 22 1 22
5 22 6 22
7 7 7 5
7 7 7 8
7 7 6 7
7 7 8 7
8 1 7 1
8 1 10 1
8 1 7 1
8 1 10 1
10 0 10 1
10 0 7 0
10 0 14 0
10 17 10 15
10 17 10 18
10 17 2 17
10 17 12 17
11 7 11 5
11 7 11 8
11 7 8 7
11 7 14 7
12 1 12 2
12 1 10 1
12 1 13 1
14 0 14 4
14 0 10 0
14 0 16 0
15 2 15 1
15 2 15 3
15 2 16 2
15 2 15 1
15 2 15 3
15 2 16 2
15 11 15 8
15 11 15 12
15 11 1 11
15 11 17 11
16 0 16 1
16 0 14 0
16 0 17 0
16 2 16 1
16 2 16 3
16 2 17 2
17 11 17 7
17 11 17 12
17 11 15 11
17 11 18 11
19 4 19 2
19 4 19 6
19 4 14 4
19 4 21 4
19 14 19 6
19 14 19 20
19 14 2 14
19 14 20 14
20 3 20 2
20 12 20 8
20 12 20 14
20 12 21 12
20 12 20 8
20 12 20 14
20 12 21 12
20 23 20 22
20 23 19 23
20 23 21 23
21 4 21 0
21 4 21 5
21 4 19 4
21 4 22 4
21 12 21 9
21 12 21 13
21 19 21 14
21 19 21 21
21 19 22 19
21 23 21 22
21 23 20 23
21 23 23 23
22 6 22 5
22 6 22 14
22 6 21 6
22 6 23 6
22 15 22 14
22 15 22 19
22 15 22 14
22 15 22 19
23 22 23 6
23 22 23 23
23 22 21 22
23 23 23 22
23 23 21 23
0 4 0 6
0 4 1 4
0 15 0 14
0 15 0 16
0 15 1 15
0 23 1 23
1 15 1 11
1 15 1 17
1 15 2 15
1 23 2 23
2 23 5 23
3 2 3 3
3 2 2 2
3 2 10 2
3 10 3 6
3 10 2 10
3 10 6 10
7 12 7 13
7 12 3 12
7 12 15 12
9 6 8 6
10 0 10 1
10 0 7 0
10 17 10 15
10 17 10 18
10 17 2 17
10 17 12 17
11 18 12 18
14 0 14 4
14 9 14 7
14 9 14 10
14 9 12 9
14 15 12 15
15 1 16 1
16 0 16 1
16 0 17 0
16 9 16 8
17 11 17 7
17 11 17 12
17 12 17 13
17 12 16 12
17 12 18 12
18 7 17 7
19 0 19 2
19 0 20 0
19 4 19 2
19 4 19 6
19 4 14 4
20 23 20 22
20 23 19 23
21 4 21 0
21 4 21 5
21 4 22 4
21 12 21 9
21 12 21 13
21 14 21 19
21 14 20 14
21 14 20 14
21 19 21 21
21 19 22 19
21 23 21 22
22 6 22 5
22 6 21 6
22 6 23 6
22 20 22 21
23 22 21 22
0 7 0 6
0 7 0 8
0 7 0 6
0 7 0 8
0 9 0 11
0 14 0 13
2 10 3 10
2 23 5 23
3 6 3 5
3 6 3 10
3 6 4 6
3 6 4 6
6 0 6 1
6 0 1 0
11 18 12 18
12 18 12 17
18 7 17 7
19 0 19 2
19 0 20 0
22 20 22 21
22 21 21 21
0 14 0 13
6 0 6 1
6 0 1 0
12 17 12 15
12 17 12 15
17 7 16 7
0 11 1 11
1 0 1 1
5 1 1 1
11 15 10 15
5 1 1 1
1 1 1 4

2249

1 - - - 5 = 4 4 2 2 = 5 - 3 4 6 2 1       2 1 2 
3 4 - - 5             7 - - - 7 - 5 - - - 7 7 6 
ǁ ǁ 2               2 | 2   5 5 2 3     3 | ǁ 4 
ǁ ǁ 6 2   1 5 = = = 5 | 3 2 |     ǁ       | ǁ ǁ 
ǁ ǁ ǁ 2     3 3     | | | 2 |     ǁ       | ǁ ǁ 
ǁ 2 ǁ               | | |   |     ǁ       | 6 5 
4 2 ǁ     1   6     4 | |   |     ǁ       | 3   
2 2 ǁ     2 - 7 3 2   | 5 4 |     ǁ       |     
ǁ 4 ǁ     2 3 7 3     | |   |     ǁ       |     
ǁ ǁ ǁ       1 | 1     | | 3 | 3 2 ǁ       |     
6 7 6 4       |       | | 1 | 3 = 8 2     |     
ǁ | 3 1   6 - 7 5 3   | | 2 | 1   ǁ 2     |     
ǁ 5 6 2   4 3 | 2 2   | |   | 3 = 5 3     |   3 
ǁ 3 1       1 |   |   | |   | |           |     
6 = = = 7     7 - 5 4 | |   | 1           | 1   
ǁ 3 6 2 ǁ 2 5 6 3 - - 7 4 3 |             4 1   
6 6 7 2 ǁ 1   5 4 1   ǁ 4 2 |                   
2 4 3   ǁ     5 = = = 7 7 2 |             3 2   
  3 3 1 ǁ     2       1 2 1 |             1   2 
4 = 6 = 8 = 7 - - - - - - - 7 - - - - - 5   4 2 
4 2 3 1 ǁ 2   4 4 = = = 6 = 7             4 4 6 
4 = = = 8 5 3 4 2 2 = = 6 2 4 = = = = 6 = 5 5 6 
4   2   5 5 7 - - - - - - - 3 4 = = = 4 2 3 ǁ ǁ 
3   2   2 2 3 - - - - - - - - - - - - - - - 5 4 
