24 24
2 1 3 2 0 4 3 0 6 2 2 4 2 0 0 6 0 0 0 0 0 0 0 3 
5 0 6 0 0 6 5 0 7 5 0 8 4 2 3 5 4 0 0 2 4 0 3 0 
4 2 0 0 0 4 6 2 0 4 4 4 2 1 0 3 3 0 0 0 2 0 0 0 
3 0 6 0 0 0 0 0 8 0 0 0 0 0 6 0 0 0 0 7 5 1 0 0 
0 2 0 4 3 4 0 4 0 2 0 3 0 0 5 1 1 0 0 3 2 0 0 0 
5 5 0 0 0 6 3 0 0 0 0 0 2 0 7 0 0 0 0 0 0 0 4 0 
3 4 0 2 0 6 4 0 0 0 4 0 0 0 8 0 0 0 0 0 5 3 0 0 
5 4 0 0 0 2 0 0 0 0 0 0 0 0 0 0 0 0 0 0 0 0 0 0 
0 0 0 0 0 0 0 0 0 0 0 0 0 0 6 0 0 0 0 2 0 0 0 0 
6 0 8 0 7 0 5 4 0 0 0 0 0 0 0 0 0 0 0 0 0 1 0 0 
0 2 0 2 0 0 0 1 0 1 0 0 0 0 0 0 0 0 0 0 0 0 0 0 
0 0 0 0 0 2 6 4 0 0 0 0 0 0 0 0 0 0 0 0 0 0 0 0 
0 0 4 3 0 1 5 5 0 0 2 0 0 0 2 0 0 0 0 0 0 0 0 0 
4 7 6 2 3 0 5 4 0 0 0 0 0 0 0 0 0 0 0 0 1 0 0 0 
2 2 1 0 0 0 0 0 0 0 0 0 0 0 0 0 0 0 0 0 0 0 0 0 
0 1 0 0 0 0 0 0 0 0 0 0 0 0 0 0 0 0 0 0 0 0 0 0 
4 0 0 0 0 0 0 0 6 0 0 0 0 0 0 0 0 0 0 0 0 0 7 2 
0 2 3 2 3 1 4 2 0 3 0 0 0 0 0 0 2 2 0 4 3 4 0 2 
0 0 2 0 5 0 6 0 6 5 0 0 0 0 0 0 0 0 0 8 4 3 5 6 
0 6 0 0 6 0 0 0 6 0 2 0 0 0 3 3 5 3 2 0 3 3 1 0 
4 7 5 4 7 0 1 2 6 0 5 0 2 0 0 2 0 0 0 0 0 2 0 0 
1 3 5 0 6 0 3 1 2 0 2 0 0 0 0 0 0 0 0 0 0 2 0 6 
4 0 0 0 0 0 0 0 0 6 0 0 0 0 8 0 6 4 4 6 4 2 2 2 
4 2 2 0 0 0 0 0 0 5 4 2 1 0 4 1 1 4 0 0 0 5 4 1 
200 353
0 8 0 6
0 8 0 9
0 8 1 8
0 8 0 6
0 8 0 9
0 8 1 8
0 15 0 12
0 15 0 23
0 15 1 15
0 15 0 12
0 15 0 23
0 15 1 15
0 23 16 23
1 0 1 2
1 0 0 0
1 0 2 0
1 8 1 6
1 8 1 9
1 8 3 8
1 11 1 9
1 11 1 12
1 11 0 11
1 11 2 11
1 11 1 9
1 11 1 12
1 11 0 11
1 11 2 11
1 12 1 13
1 12 2 12
3 8 3 2
3 8 3 14
3 8 1 8
3 8 16 8
3 19 3 14
3 19 3 20
3 19 1 19
3 19 4 19
4 7 4 5
4 7 9 7
4 7 4 5
4 7 9 7
5 0 5 1
5 0 3 0
5 0 6 0
5 14 5 12
5 14 5 22
5 14 4 14
5 14 6 14
6 10 6 14
6 10 12 10
6 10 6 14
6 10 12 10
6 14 6 20
6 14 5 14
6 14 8 14
7 0 7 1
7 0 6 0
7 0 9 0
8 14 8 19
8 14 6 14
8 14 12 14
8 14 8 19
8 14 12 14
9 0 9 2
9 0 7 0
9 0 13 0
9 2 9 0
9 2 9 4
9 2 3 2
9 2 12 2
9 7 9 6
9 7 10 7
10 1 13 1
10 3 12 3
11 7 11 6
11 7 12 7
11 7 11 6
11 7 12 7
16 22 16 8
16 22 16 23
16 22 5 22
16 22 18 22
17 21 17 20
17 21 18 21
17 21 17 20
17 21 18 21
17 23 18 23
18 19 18 9
18 19 18 20
18 19 17 19
18 19 22 19
18 19 18 9
18 19 18 20
18 19 17 19
18 19 22 19
18 23 18 22
18 23 17 23
18 23 21 23
19 1 19 4
19 1 17 1
19 1 20 1
19 1 19 4
19 1 17 1
19 1 20 1
19 4 19 8
19 4 18 4
19 4 20 4
19 4 19 8
19 8 19 10
19 8 18 8
19 8 20 8
19 8 19 10
19 16 19 15
19 16 19 17
19 16 22 16
20 1 20 0
20 1 20 2
20 1 21 1
20 3 20 2
20 3 20 4
20 3 20 2
20 3 20 4
20 4 20 6
20 4 21 4
20 4 21 4
20 4 21 4
20 8 20 7
20 8 20 10
20 8 21 8
20 8 20 7
20 8 20 10
21 6 21 4
21 6 21 7
21 6 21 4
21 8 21 10
21 23 21 21
21 23 18 23
21 23 22 23
21 23 21 21
21 23 22 23
22 9 22 0
22 9 22 14
22 9 23 9
22 9 22 0
22 9 22 14
22 9 23 9
22 14 22 16
22 14 19 14
22 14 23 14
22 19 22 18
22 19 22 20
23 0 23 1
23 0 22 0
23 0 23 1
23 0 22 0
23 2 23 9
23 10 23 9
23 10 23 11
23 10 23 9
23 10 23 11
23 12 23 14
23 14 23 15
23 14 22 14
23 21 23 17
23 21 23 22
23 21 22 21
23 23 23 22
0 10 0 11
0 11 0 10
2 6 2 5
2 6 2 7
2 6 1 6
2 6 2 5
2 6 2 7
2 6 1 6
2 9 2 10
2 9 1 9
2 9 2 10
2 9 1 9
2 10 2 11
2 11 2 10
2 12 2 13
3 8 3 2
3 8 3 14
3 8 16 8
3 14 3 19
3 14 1 14
3 14 4 14
3 21 3 20
4 3 4 4
4 3 6 3
4 3 4 4
4 3 6 3
4 5 4 4
4 5 5 5
5 12 5 14
6 5 6 6
6 5 5 5
6 5 7 5
6 5 6 6
6 5 5 5
6 5 7 5
6 6 5 6
6 6 9 6
6 14 6 20
7 1 7 0
7 1 6 1
7 1 6 1
9 0 13 0
9 2 9 4
9 2 3 2
9 2 12 2
9 21 6 21
10 1 13 1
10 3 12 3
10 9 4 9
11 6 11 5
11 6 9 6
11 6 12 6
11 6 11 5
12 2 12 3
12 2 13 2
13 0 13 1
13 0 14 0
13 1 13 2
13 1 14 1
13 2 13 1
13 2 13 3
13 2 14 2
13 20 6 20
15 1 14 1
16 8 16 0
16 8 16 22
16 8 18 8
16 22 5 22
16 22 18 22
17 7 17 6
17 19 17 17
17 19 17 20
18 6 18 4
18 6 18 8
18 6 17 6
18 6 18 4
18 6 18 8
18 6 17 6
18 8 18 9
18 8 18 9
18 9 17 9
18 20 18 21
18 20 19 20
18 22 18 23
18 22 19 22
20 12 20 10
20 15 19 15
20 21 19 21
21 2 21 1
21 2 21 4
21 2 20 2
21 10 20 10
22 14 22 16
22 14 19 14
22 16 22 17
22 16 19 16
22 16 23 16
22 19 22 18
22 19 22 20
22 20 22 21
22 20 19 20
22 22 23 22
23 17 23 21
23 17 22 17
23 17 22 17
23 21 23 22
1 8 1 6
1 13 1 14
1 14 1 15
2 5 2 1
2 5 1 5
3 2 3 0
4 1 5 1
4 9 4 11
4 11 4 14
5 5 5 6
5 6 5 5
5 22 5 14
6 1 6 0
6 1 5 1
6 20 6 21
6 21 6 20
9 6 9 4
9 6 9 4
12 5 12 6
13 1 13 2
13 3 13 4
13 6 13 4
13 6 13 7
13 6 12 6
13 7 13 6
13 7 12 7
13 7 13 6
14 0 16 0
16 0 20 0
16 0 20 0
17 6 17 5
17 9 17 16
17 17 17 16
19 14 19 15
19 16 19 17
19 20 19 21
19 21 20 21
20 0 20 1
20 10 20 12
21 0 21 1
21 2 20 2
22 17 22 18
22 18 19 18
1 2 1 0
1 2 1 5
1 2 0 2
1 2 1 5
1 2 0 2
1 22 1 20
2 0 2 1
2 0 1 0
2 0 3 0
4 1 5 1
4 11 4 14
4 14 4 15
4 16 4 19
5 0 5 1
9 4 13 4
12 6 12 7
12 6 12 7
19 17 19 18
0 0 0 1
0 2 0 3
0 3 0 5
0 5 0 6
0 5 1 5
0 5 1 5
1 5 1 6
1 22 1 20
1 20 1 19
1 20 2 20
2 20 3 20
3 19 3 20
3 19 4 19
3 20 4 20
1 16 1 15
1 16 2 16
1 16 1 15
1 16 2 16
2 15 2 16

2364

2 1 3 2 - 4 3 = 6 2 2 4 2 = = 6 = = = = = = = 3 
5 = 6 = = 6 5 = 7 5 = 8 4 2 3 5 4     2 4 = 3 | 
4 2 - - - 4 6 2 ǁ 4 4 4 2 1 | 3 3     | 2     | 
3 - 6 = = = = = 8 = = = = = 6 = = = = 7 5 1   | 
| 2 ǁ 4 3 4 = 4 ǁ 2 - 3 = = 5 1 1 - - 3 2     | 
5 5 ǁ ǁ   6 3 ǁ ǁ |     2 = 7 = = = = = = = 4 | 
3 4 ǁ 2   6 4 ǁ ǁ | 4 = = = 8 = = = = = 5 3 ǁ | 
5 4 ǁ     2 | ǁ ǁ | ǁ       ǁ           | | ǁ | 
ǁ   ǁ       | ǁ ǁ | ǁ       6 = = = = 2 | | ǁ | 
6 = 8 = 7 = 5 4 ǁ | ǁ       ǁ           | 1 ǁ | 
ǁ 2 ǁ 2 |   | 1 ǁ 1 ǁ       ǁ           |   ǁ | 
ǁ ǁ ǁ ǁ | 2 6 4 ǁ   ǁ       ǁ           |   ǁ | 
ǁ ǁ 4 3 | 1 5 5 ǁ   2       2           |   ǁ | 
4 7 6 2 3 - 5 4 ǁ                       1   ǁ | 
2 2 1           ǁ                           ǁ | 
| 1             ǁ                           ǁ | 
4 - - - - - - - 6 = = = = = = = = = = = = = 7 2 
ǁ 2 3 2 3 1 4 2 | 3 - - - - - - 2 2 - 4 3 4 ǁ 2 
ǁ ǁ 2   5 = 6 = 6 5 = = = = = = = = = 8 4 3 5 6 
ǁ 6 = = 6 = = = 6 = 2       3 3 5 3 2 ǁ 3 3 1 ǁ 
4 7 5 4 7 - 1 2 6 = 5 = 2   ǁ 2 ǁ   | ǁ | 2   ǁ 
1 3 5 - 6 = 3 1 2 - 2       ǁ   ǁ   | ǁ | 2 = 6 
4 = = = = = = = = 6 = = = = 8 = 6 4 4 6 4 2 2 2 
4 2 2 - - - - - - 5 4 2 1 - 4 1 1 4 = = = 5 4 1 
