24 24
3 3 2 3 0 4 0 4 0 0 0 4 0 3 2 0 0 3 0 4 0 0 2 2 
2 0 0 0 0 0 0 1 0 0 0 0 0 0 0 0 0 0 2 0 2 1 0 0 
4 8 0 0 0 8 0 0 0 0 0 0 0 4 5 0 0 0 0 0 4 0 5 3 
2 0 2 4 2 0 2 2 5 0 0 0 0 6 4 0 0 1 0 0 2 0 0 2 
2 0 0 4 0 0 0 2 2 0 0 0 0 0 0 0 0 0 0 3 0 0 0 3 
0 2 0 0 0 0 4 4 0 0 0 0 0 0 0 0 0 0 0 2 0 0 0 0 
5 5 4 0 0 0 0 3 6 0 0 0 0 6 0 0 0 0 6 0 3 0 0 0 
4 8 0 8 0 8 5 0 0 2 0 0 0 6 0 0 0 0 0 0 0 0 6 5 
4 8 2 0 0 0 4 4 0 0 0 3 0 3 4 6 0 6 0 3 1 0 0 0 
0 0 0 0 0 0 1 4 0 4 0 4 2 0 0 0 0 0 2 0 0 0 0 0 
0 0 0 0 2 5 4 4 0 4 2 0 0 0 0 0 0 0 0 0 0 0 0 0 
0 0 0 0 0 5 8 5 0 0 0 3 6 0 0 0 0 2 0 0 0 0 0 0 
0 3 0 0 3 0 4 4 0 0 0 0 4 3 3 0 0 2 0 0 1 0 0 0 
0 3 2 0 6 6 5 2 0 2 0 7 0 0 0 8 0 7 4 0 0 0 0 0 
0 1 1 0 2 1 2 0 0 0 0 2 0 0 0 0 2 5 0 2 0 0 0 0 
4 0 0 6 0 0 0 0 7 0 0 0 0 0 0 5 0 0 0 6 6 1 0 0 
0 1 0 0 2 3 0 0 8 6 4 3 0 4 1 2 1 0 0 5 2 0 0 0 
0 0 0 0 3 0 0 0 4 4 4 1 0 0 0 4 0 0 4 2 0 0 0 0 
0 4 0 6 0 0 0 0 0 0 0 0 0 8 6 0 0 0 6 0 2 0 0 0 
4 6 2 4 4 0 0 0 0 0 5 3 3 0 4 0 0 0 1 0 0 0 0 2 
5 0 0 0 0 0 0 0 0 0 6 2 1 0 2 0 0 0 0 0 0 0 0 2 
5 0 0 0 3 1 3 0 0 0 0 0 0 6 0 0 0 0 0 0 0 0 7 4 
2 3 6 0 7 0 0 0 0 0 4 0 0 0 2 2 0 0 4 0 0 0 6 2 
1 3 5 0 4 0 0 0 0 0 0 0 0 0 0 0 0 0 0 0 3 4 3 1 
200 258
2 1 2 0
2 1 2 5
2 1 0 1
2 1 5 1
2 5 2 1
2 5 2 13
2 5 0 5
2 5 7 5
3 8 3 7
3 8 3 13
3 8 4 8
4 3 3 3
4 3 7 3
4 3 3 3
4 3 7 3
6 0 6 1
6 0 4 0
6 0 7 0
7 1 7 0
7 1 7 3
7 1 6 1
7 1 8 1
7 3 7 1
7 3 7 5
7 3 15 3
7 5 7 3
7 5 7 6
7 5 2 5
7 5 10 5
7 23 7 22
7 23 4 23
7 23 19 23
8 1 8 0
8 1 8 2
8 1 7 1
8 1 12 1
8 15 8 14
8 15 8 17
8 15 13 15
11 5 11 6
11 5 10 5
11 5 13 5
11 6 11 5
11 6 11 7
11 6 10 6
11 6 12 6
11 12 11 11
11 12 9 12
11 12 12 12
11 12 11 11
11 12 9 12
11 12 12 12
13 4 13 5
13 4 12 4
13 4 14 4
13 4 13 5
13 4 12 4
13 4 14 4
13 11 13 9
13 11 13 15
13 11 11 11
13 11 14 11
13 15 13 11
13 15 13 17
13 15 8 15
13 15 15 15
14 17 14 16
14 17 14 19
14 17 13 17
15 8 15 3
15 8 15 15
15 8 6 8
15 8 16 8
15 20 15 19
15 20 15 21
15 20 12 20
15 20 16 20
16 8 16 5
16 8 16 9
16 8 15 8
16 8 17 8
16 9 16 8
16 9 16 10
16 9 17 9
18 13 18 3
18 13 18 14
18 13 16 13
18 13 21 13
19 10 19 4
19 10 19 11
19 10 20 10
20 0 20 10
20 0 19 0
20 0 21 0
21 13 21 6
21 13 21 22
21 13 18 13
22 2 22 1
22 2 22 4
22 2 23 2
22 2 22 1
22 2 22 4
22 2 23 2
22 4 22 10
22 4 21 4
22 4 23 4
22 18 22 15
22 18 22 22
22 18 22 15
22 18 22 22
23 21 23 20
23 21 23 22
0 11 0 7
0 11 0 13
0 11 0 7
0 11 0 13
1 21 1 20
2 1 2 0
2 1 0 1
2 1 5 1
2 5 2 13
2 5 0 5
3 4 3 3
6 2 6 1
6 2 3 2
6 2 6 1
6 2 3 2
7 1 7 0
7 1 6 1
7 3 15 3
7 5 7 6
7 5 10 5
8 1 8 0
8 1 8 2
8 1 12 1
8 15 8 14
8 15 8 17
9 11 9 9
9 11 8 11
10 10 10 9
11 6 11 5
11 6 11 7
11 6 10 6
12 1 13 1
12 4 10 4
12 12 12 13
13 5 13 6
13 5 14 5
13 5 13 6
13 11 13 9
13 11 14 11
13 15 13 17
13 15 15 15
13 18 13 17
13 18 9 18
13 18 13 17
13 18 9 18
14 6 13 6
15 20 15 19
15 20 16 20
16 8 16 5
16 8 16 9
16 19 16 16
16 19 15 19
16 19 17 19
17 15 17 18
17 15 16 15
17 15 17 18
17 15 16 15
18 13 18 3
18 13 18 14
18 13 16 13
18 20 18 18
19 1 19 0
19 1 19 2
19 1 18 1
19 1 19 0
19 1 19 2
19 1 18 1
19 3 19 4
19 3 18 3
21 13 21 6
21 13 21 22
21 22 21 23
21 22 7 22
21 22 22 22
22 14 22 10
23 21 23 20
23 21 23 22
3 3 3 4
6 0 4 0
6 0 7 0
6 18 6 13
6 18 6 20
6 18 1 18
8 0 15 0
8 0 15 0
8 17 8 19
8 17 11 17
8 17 8 19
8 17 11 17
9 11 9 9
9 11 8 11
10 4 10 5
10 5 10 6
10 10 10 9
12 12 12 13
12 17 13 17
14 6 13 6
14 16 14 17
16 5 16 4
16 19 15 19
16 19 17 19
17 18 18 18
18 20 18 18
19 3 19 4
19 3 18 3
19 4 19 10
20 14 19 14
21 6 21 5
22 14 22 10
23 20 23 4
2 14 2 13
2 14 0 14
2 14 3 14
3 0 2 0
5 19 4 19
6 18 6 13
6 18 6 20
6 18 1 18
8 11 8 13
10 9 9 9
12 17 13 17
14 17 14 19
15 19 15 15
15 19 15 15
17 18 18 18
20 14 19 14
22 10 22 4
1 7 0 7
1 20 2 20
3 0 2 0
5 19 4 19
8 19 8 20
10 9 9 9
15 8 15 3
15 8 6 8
0 7 0 5
1 0 0 0
6 20 3 20
7 9 7 13
0 5 0 3
1 0 0 0
4 19 0 19
7 9 7 13
0 0 0 1
0 2 0 3
0 3 0 2

4457

3 3 2 3 - 4 - 4 = = = 4 = 3 2     3   4     2 2 
2 ǁ       ǁ   1             |       2 | 2 1     
4 8 = = = 8 = = = = = = = 4 5       ǁ | 4   5 3 
2 ǁ 2 4 2 ǁ 2 2 5 - - - - 6 4     1 ǁ | 2     2 
2 ǁ ǁ 4   ǁ   2 2                   ǁ 3 |     3 
ǁ 2 ǁ ǁ   ǁ 4 4                     ǁ 2 |     | 
5 5 4 ǁ   ǁ   3 6         6 = = = = 6 = 3     | 
4 8 = 8 = 8 5   ǁ 2 = = = 6                 6 5 
4 8 2 ǁ   ǁ 4 4 ǁ     3 - 3 4 6 = 6 = 3 1   | | 
ǁ ǁ   ǁ   ǁ 1 4 ǁ 4 = 4 2     ǁ   ǁ 2       | | 
ǁ ǁ   ǁ 2 5 4 4 ǁ 4 2   ǁ     ǁ   ǁ ǁ       | | 
ǁ ǁ   ǁ | 5 8 5 ǁ     3 6     ǁ   2 ǁ       | | 
ǁ 3   ǁ 3 | 4 4 ǁ     | 4 3 3 ǁ   2 ǁ   1   | | 
ǁ 3 2 ǁ 6 6 5 2 ǁ 2 = 7 = = = 8 = 7 4   |   | | 
ǁ 1 1 ǁ 2 1 2   ǁ     2       ǁ 2 5 = 2 |   | | 
4     6 = = = = 7 - - - - - - 5 = = = 6 6 1 | | 
  1     2 3 = = 8 6 4 3   4 1 2 1 - - 5 2   | | 
        3       4 4 4 1   ǁ   4 = = 4 2     | | 
  4   6 = = = = = = = = = 8 6       6 = 2   | | 
4 6 2 4 4 = = = = = 5 3 3 ǁ 4       1       | 2 
5 - - - - - - - - - 6 2 1 ǁ 2               | 2 
5       3 1 3 = = = = = = 6 = = = = = = = = 7 4 
2 3 6 = 7 = = = = = 4 = = = 2 2 = = 4 = = = 6 2 
1 3 5   4 - - - - - - - - - - - - - - - 3 4 3 1 
