24 24
4 5 0 0 0 4 0 0 0 0 0 0 0 0 4 1 0 3 0 0 0 0 5 4 
0 0 4 3 0 4 2 2 0 5 0 0 3 2 1 0 0 1 4 0 5 1 0 3 
0 0 0 4 0 4 3 5 0 7 0 0 0 0 6 0 0 0 8 2 4 1 0 1 
0 0 0 4 2 0 1 4 2 3 3 0 4 0 5 0 3 2 0 2 3 0 0 2 
0 0 5 0 0 4 0 0 0 0 0 0 0 0 0 0 0 0 6 0 0 0 6 6 
0 0 0 0 1 0 0 0 1 0 4 0 0 4 2 0 3 3 0 3 2 0 0 2 
0 0 0 3 3 0 0 0 0 0 0 3 2 0 3 0 5 3 0 0 0 0 0 0 
0 0 0 0 0 0 0 0 0 0 0 0 1 0 2 3 0 0 0 0 0 0 0 2 
0 0 0 0 0 0 0 0 0 0 0 4 0 7 4 0 0 3 0 0 0 0 0 0 
0 0 0 0 0 0 0 0 0 0 0 0 0 3 5 0 0 0 0 0 0 0 0 0 
0 0 0 2 0 4 0 0 0 0 7 0 0 5 5 3 5 3 0 3 0 0 8 4 
0 0 4 3 5 0 0 0 0 0 8 0 2 1 0 0 0 0 0 4 0 0 8 4 
0 0 5 0 3 0 0 0 0 0 0 0 0 0 2 0 0 1 0 0 0 0 0 4 
2 0 5 0 0 0 3 2 2 0 8 2 0 0 0 0 0 0 0 0 0 0 0 0 
2 0 2 0 0 0 0 0 0 0 2 0 0 0 0 0 0 0 0 0 4 0 6 3 
6 6 0 0 0 0 0 0 0 0 0 0 0 0 0 7 6 5 0 0 0 0 0 0 
0 0 3 3 3 0 0 0 0 0 0 0 0 6 0 8 6 5 0 0 0 4 5 0 
3 0 6 7 7 0 0 0 4 0 0 2 0 0 1 0 4 1 0 0 0 0 0 0 
2 0 2 0 4 0 0 5 0 0 0 3 0 6 4 3 2 0 0 2 4 0 0 0 
3 0 0 0 1 0 0 4 0 4 4 4 0 5 0 2 0 0 0 0 0 0 0 0 
5 7 0 6 0 0 0 0 0 0 0 0 0 0 0 0 0 0 6 0 6 8 6 2 
5 6 4 5 1 2 0 0 5 0 0 2 0 0 4 0 2 2 0 2 0 2 0 0 
4 0 0 0 0 0 0 0 5 0 0 0 0 0 5 0 3 3 2 6 7 4 0 0 
3 0 4 2 0 1 0 0 4 0 0 0 0 0 0 0 0 3 1 2 2 3 1 0 
200 203
0 0 0 1
0 0 13 0
0 14 0 5
0 14 0 15
0 14 1 14
0 14 0 5
0 17 0 22
0 17 1 17
0 17 0 22
0 23 0 22
0 23 1 23
1 2 1 3
1 2 4 2
1 9 1 7
1 9 1 12
1 9 2 9
1 18 1 20
1 18 2 18
1 20 1 18
1 20 1 21
1 20 2 20
1 20 2 20
1 23 0 23
1 23 2 23
2 14 2 9
2 14 2 18
2 14 3 14
2 18 2 14
2 18 2 19
2 18 1 18
2 18 4 18
4 23 4 22
4 23 3 23
4 23 5 23
8 13 8 11
8 13 8 14
8 13 5 13
8 13 9 13
9 14 9 13
9 14 8 14
9 14 10 14
10 10 10 5
10 10 10 13
10 10 5 10
10 10 11 10
10 22 10 19
10 22 10 23
10 22 4 22
10 22 11 22
11 10 11 4
11 10 11 12
11 10 10 10
11 10 13 10
11 22 11 19
11 22 11 23
11 22 10 22
11 22 14 22
12 2 12 4
12 2 11 2
12 2 13 2
12 23 11 23
12 23 14 23
12 23 11 23
12 23 14 23
13 10 13 8
13 10 13 11
13 10 11 10
13 10 14 10
15 0 15 1
15 0 14 0
15 0 17 0
15 15 15 1
15 15 15 16
15 15 10 15
15 15 16 15
15 17 15 16
15 17 12 17
15 17 16 17
16 13 16 4
16 13 16 15
16 13 18 13
16 13 16 4
16 13 16 15
16 13 18 13
16 15 16 16
16 15 15 15
16 15 18 15
16 22 16 21
16 22 14 22
16 22 20 22
17 3 17 2
17 3 17 4
17 3 16 3
17 3 20 3
17 14 18 14
18 7 18 4
18 7 18 11
18 7 19 7
19 9 19 7
19 9 19 10
19 9 19 7
19 9 19 10
19 10 19 11
19 13 19 11
19 13 19 15
19 13 18 13
20 0 20 1
20 0 19 0
20 0 21 0
20 21 20 20
20 21 20 22
20 21 16 21
20 21 21 21
21 1 21 0
21 1 21 2
21 1 20 1
21 8 21 5
21 8 21 11
21 8 22 8
22 14 22 8
22 14 22 16
22 14 21 14
22 20 22 19
22 20 22 21
22 20 20 20
22 20 23 20
0 0 0 1
0 0 13 0
0 23 0 22
1 2 1 3
1 2 4 2
1 13 1 12
2 14 2 9
2 14 3 14
2 18 2 19
2 18 4 18
2 21 2 20
4 23 4 22
4 23 3 23
4 23 5 23
7 12 6 12
7 23 10 23
10 22 10 19
10 22 10 23
10 22 4 22
11 10 11 4
11 10 11 12
11 13 10 13
11 22 11 19
11 22 11 23
11 22 14 22
12 14 10 14
13 10 13 8
13 10 13 11
13 10 14 10
14 20 14 22
14 20 18 20
14 20 14 22
14 20 18 20
15 0 15 1
15 0 14 0
15 0 17 0
15 17 15 16
15 17 16 17
16 15 16 16
16 15 15 15
17 8 17 4
17 8 17 11
17 8 17 4
17 8 17 11
19 10 19 11
20 21 20 20
20 21 20 22
20 21 16 21
20 21 21 21
21 1 21 0
21 1 21 2
21 1 20 1
22 21 22 20
22 21 23 21
0 22 4 22
1 13 1 12
2 20 3 20
4 22 4 18
5 20 5 19
7 23 10 23
12 14 10 14
13 7 13 6
14 2 13 2
16 21 16 22
22 21 22 20
1 9 1 7
1 9 2 9
2 7 2 6
2 7 2 9
2 7 3 7
3 19 3 20
3 20 3 19
5 20 5 19
13 7 13 6
14 2 13 2
13 6 13 2
13 2 12 2

2298

4 5       4 = = = = = = = = 4 1   3 = = = = 5 4 
ǁ   4 3   4 2 2 = 5 - - 3 2 1     1 4 = 5 1 | 3 
ǁ   ǁ 4   4 3 5 - 7 = = = = 6 = = = 8 2 4 1 | 1 
ǁ   ǁ 4 2   1 4 2 3 3   4   5   3 2 ǁ 2 3   | 2 
ǁ   5     4                         6 - - - 6 6 
ǁ       1       1   4     4 2   3 3   3 2   ǁ 2 
ǁ     3 3           | 3 2 | 3   5 3         ǁ   
ǁ                   |   1 | 2 3             ǁ 2 
ǁ                   | 4 - 7 4     3         ǁ ǁ 
ǁ                   |     3 5               ǁ ǁ 
ǁ     2   4 - - - - 7 - - 5 5 3 5 3   3 = = 8 4 
ǁ   4 3 5 = = = = = 8 = 2 1 ǁ |       4 = = 8 4 
ǁ   5 - 3           ǁ       2 |   1         ǁ 4 
2   5 - - - 3 2 2 = 8 2       |   |         ǁ ǁ 
2   2               2         |   |     4 = 6 3 
6 6 - - - - - - - - - - - - - 7 6 5     ǁ   |   
ǁ   3 3 3 = = = = = = = = 6 = 8 6 5     ǁ 4 5   
3   6 7 7 = = = 4 = = 2   ǁ 1 | 4 1     ǁ ǁ |   
2   2 | 4 - - 5 - - - 3   6 4 3 2     2 4 ǁ |   
3     | 1     4 = 4 4 4 - 5 - 2           ǁ |   
5 7   6                             6   6 8 6 2 
5 6 4 5 1 2 - - 5 - - 2     4   2 2   2 | 2     
4               5 - - - - - 5 - 3 3 2 6 7 4     
3   4 2   1     4                 3 1 2 2 3 1   
