24 24
3 4 0 3 0 0 4 0 0 0 0 0 0 0 3 3 3 4 0 6 6 3 3 2 
4 7 0 0 0 0 0 0 0 0 0 0 0 0 0 0 3 4 2 0 4 4 5 6 
1 0 1 4 0 0 3 0 0 0 0 0 0 0 0 0 0 0 0 7 4 6 0 4 
1 0 0 0 2 0 3 0 2 0 0 0 0 0 6 0 2 0 0 0 2 2 1 0 
0 0 4 5 3 0 6 0 0 0 0 0 0 0 8 0 0 0 0 7 7 4 2 0 
3 0 1 2 0 0 6 5 1 0 0 0 0 0 0 0 1 0 0 0 6 6 4 3 
0 0 0 1 0 0 0 3 0 0 0 0 0 0 0 0 3 0 0 0 0 4 0 2 
0 0 2 0 5 1 0 0 0 0 0 0 0 0 4 0 0 0 0 0 0 0 0 0 
0 0 0 0 0 0 2 0 0 0 0 1 0 0 5 1 0 0 0 0 0 3 0 4 
0 0 0 0 2 0 0 5 0 0 0 0 0 0 5 0 4 0 0 0 0 1 0 0 
5 7 0 0 0 0 0 0 0 0 0 0 0 0 0 0 0 0 0 8 6 0 5 6 
3 0 3 0 5 0 4 2 4 0 0 4 4 4 0 4 0 6 4 0 1 0 3 2 
0 0 2 0 3 1 3 0 4 4 0 0 0 0 0 2 0 0 3 0 3 0 7 2 
1 0 0 0 0 0 0 5 2 4 1 0 6 5 0 1 0 0 0 0 4 1 0 1 
0 0 0 0 0 0 0 0 0 0 0 0 0 0 0 0 0 0 0 0 3 3 0 0 
4 6 0 0 0 0 5 7 0 4 5 7 8 0 0 0 0 5 0 0 2 3 0 0 
0 1 1 3 0 0 3 3 3 2 2 0 2 3 0 0 3 0 4 6 0 0 8 5 
6 0 0 0 0 0 0 0 0 0 0 5 2 2 0 0 0 0 2 0 0 0 0 0 
6 0 0 0 0 0 0 0 0 0 0 0 0 0 0 0 7 5 3 0 0 0 0 0 
6 2 2 0 0 0 0 2 0 0 0 0 0 0 0 5 3 0 2 0 0 0 0 0 
4 2 4 0 0 0 0 0 0 0 0 0 0 0 0 8 0 5 5 0 2 1 0 4 
0 0 0 0 3 0 0 0 0 5 0 3 0 3 0 4 0 1 2 0 0 0 0 4 
2 0 0 0 6 0 0 0 0 6 0 0 0 0 0 0 0 0 0 7 5 5 8 4 
0 0 0 0 3 0 0 3 0 3 0 0 1 0 0 0 0 0 0 5 3 2 4 2 
200 208
0 19 0 17
0 19 0 20
0 19 2 19
0 20 0 19
0 20 0 21
0 20 1 20
1 1 1 0
1 1 1 16
1 1 0 1
1 1 10 1
1 23 1 22
1 23 0 23
1 23 2 23
3 14 3 8
3 14 3 16
3 14 4 14
3 14 3 8
3 14 3 16
3 14 4 14
4 2 4 3
4 2 2 2
4 2 5 2
4 2 4 3
4 14 4 6
4 14 4 19
4 14 7 14
4 20 4 19
4 20 4 21
4 20 3 20
4 20 5 20
5 7 5 6
5 7 5 8
5 7 6 7
9 14 9 7
9 14 9 16
9 14 8 14
10 0 10 1
10 0 5 0
10 0 11 0
10 19 10 1
10 19 10 20
10 19 4 19
10 19 16 19
10 23 10 22
10 23 8 23
10 23 11 23
11 4 11 2
11 4 11 6
11 4 12 4
11 17 11 15
11 17 11 18
11 17 15 17
11 17 11 15
11 17 11 18
11 17 15 17
11 18 12 18
12 22 12 20
12 22 12 23
12 22 11 22
12 22 16 22
15 7 15 6
15 7 15 9
15 7 13 7
15 7 16 7
15 11 15 10
15 11 15 12
15 11 11 11
15 11 17 11
15 12 15 11
15 12 15 17
15 12 13 12
15 12 16 12
16 22 16 19
16 22 16 23
16 22 12 22
16 22 22 22
16 23 16 22
16 23 13 23
16 23 20 23
17 0 17 11
17 0 15 0
17 0 18 0
18 0 18 16
18 0 17 0
18 0 19 0
19 0 19 1
19 0 18 0
19 0 20 0
19 15 19 7
19 15 19 16
19 15 20 15
20 15 20 2
20 15 20 17
20 15 19 15
20 15 21 15
21 9 21 4
21 9 21 11
21 9 22 9
21 23 20 23
21 23 22 23
21 23 20 23
21 23 22 23
22 19 22 9
22 19 22 20
22 19 16 19
22 19 23 19
22 22 22 21
22 22 22 23
22 22 16 22
22 22 23 22
23 19 23 12
23 19 23 20
23 19 22 19
0 6 0 3
0 6 0 14
0 6 0 3
0 6 0 14
0 14 0 15
0 15 0 16
0 19 0 17
0 19 0 20
1 18 1 17
1 23 1 22
1 23 0 23
1 23 2 23
2 3 2 6
2 3 4 3
2 3 2 6
2 3 4 3
2 19 2 6
2 19 2 20
2 19 4 19
4 14 4 6
4 14 4 19
4 14 7 14
5 7 5 6
5 7 6 7
5 16 6 16
5 20 5 21
5 20 4 20
5 20 10 20
6 16 9 16
7 2 7 4
8 15 8 14
9 21 8 21
10 19 10 1
10 19 10 20
10 19 4 19
10 19 16 19
10 23 10 22
10 23 8 23
10 23 11 23
11 18 12 18
12 9 12 8
12 9 13 9
12 9 12 8
12 9 13 9
12 18 16 18
12 23 12 22
13 12 13 13
13 12 11 12
13 12 15 12
15 12 15 11
15 12 15 17
15 17 18 17
16 22 16 19
16 23 20 23
17 0 17 11
17 0 15 0
18 0 18 16
18 16 18 17
18 16 16 16
18 16 19 16
19 0 19 1
19 0 20 0
20 15 20 2
20 15 20 17
20 15 19 15
20 18 20 17
20 18 19 18
20 18 21 18
21 15 21 13
21 15 21 17
21 15 21 13
21 18 20 18
22 22 22 21
22 22 22 23
22 22 23 22
23 19 23 20
23 23 23 22
23 23 23 22
0 3 0 1
0 15 0 16
1 18 1 17
6 16 9 16
7 2 7 4
9 16 9 14
19 7 19 2
21 13 21 11
19 2 20 2
20 2 20 1
21 11 21 9
20 1 20 0
20 0 22 0
22 0 22 4
22 4 22 9
22 4 21 4
22 4 23 4

2421

3 4 - 3 = = 4 = = = = = = = 3 3 3 4 = 6 6 3 3 2 
4 7 - - - - - - - - - - - - - - 3 4 2 | 4 4 5 6 
1 | 1 4 = = 3 - - - - - - - - - - - - 7 4 6   4 
1 | | ǁ 2   3   2 = = = = = 6 = 2     | 2 2 1   
  | 4 5 3   6 = = = = = = = 8 = = = = 7 7 4 2   
3 | 1 2     6 5 1           ǁ   1     ǁ 6 6 4 3 
| |   1       3             ǁ   3     ǁ | 4   2 
| | 2 = 5 1                 4   ǁ     ǁ |       
| |         2         1     5 1 ǁ     ǁ | 3   4 
| |     2     5 - - - - - - 5 = 4     ǁ | 1   ǁ 
5 7 = = = = = = = = = = = = = = = = = 8 6   5 6 
3   3 - 5 - 4 2 4     4 4 4   4 = 6 4 ǁ 1   3 2 
    2   3 1 3   4 4   | |     2   ǁ 3 ǁ 3 - 7 2 
1             5 2 4 1 | 6 5   1   ǁ | ǁ 4 1 ǁ 1 
              |       | ǁ         ǁ | ǁ 3 3 ǁ | 
4 6         5 7 - 4 5 7 8 = = = = 5 | ǁ 2 3 ǁ | 
ǁ 1 1 3     3 3 3 2 2 | 2 3     3 | 4 6 = = 8 5 
6 = = = = = = = = = = 5 2 2     | | 2 |     ǁ ǁ 
6 = = = = = = = = = = = = = = = 7 5 3 |     ǁ ǁ 
6 2 2 - - - - 2 - - - - - - - 5 3   2 |     ǁ ǁ 
4 2 4 = = = = = = = = = = = = 8 = 5 5 | 2 1 ǁ 4 
|       3 - - - - 5 = 3 - 3 = 4 - 1 2 |     ǁ 4 
2 - - - 6 - - - - 6 - - - - - - - - - 7 5 5 8 4 
        3     3   3     1 - - - - - - 5 3 2 4 2 
