24 24
4 3 4 3 0 5 0 0 0 0 5 0 0 0 0 0 0 0 0 0 0 3 2 1 
4 6 5 4 2 0 2 0 4 1 0 1 5 3 2 0 3 2 2 2 0 8 7 2 
2 0 0 0 2 0 4 2 0 0 0 1 6 5 0 0 6 5 6 1 0 0 6 3 
0 0 0 0 0 0 0 0 0 0 0 1 0 4 0 2 2 1 0 4 0 8 6 5 
0 0 5 7 5 2 2 0 0 0 0 5 7 0 0 4 4 3 0 3 1 0 2 0 
0 0 2 0 2 3 3 0 0 0 0 2 0 2 4 0 0 0 7 0 0 7 4 0 
0 0 2 5 0 0 0 0 7 0 6 0 7 0 0 0 2 0 0 3 4 5 1 4 
4 5 0 0 4 0 0 0 5 0 3 1 0 0 0 0 0 0 0 0 2 2 0 0 
0 0 4 6 0 0 0 0 5 0 0 0 7 0 0 0 0 0 7 8 0 0 6 3 
0 0 0 2 0 0 0 0 0 2 0 0 0 0 0 0 2 0 3 4 4 2 0 0 
0 0 4 0 2 0 0 0 0 3 2 0 0 0 0 0 3 2 2 3 2 0 0 2 
0 0 1 0 0 0 0 0 0 0 0 0 0 0 0 0 2 0 0 0 0 2 0 0 
0 3 4 0 0 2 0 0 0 0 0 0 0 1 0 0 0 6 0 8 4 0 4 0 
0 2 0 0 0 0 1 0 0 3 0 0 0 1 2 0 0 0 0 5 4 4 0 0 
0 0 0 0 0 0 0 0 0 0 0 0 0 0 0 0 0 0 0 0 4 2 4 0 
0 0 0 0 0 0 0 0 0 0 0 0 0 0 6 0 0 7 0 2 5 0 5 0 
4 0 5 0 0 0 2 0 0 0 0 0 0 3 6 2 0 0 2 0 5 1 0 0 
0 0 1 1 3 0 0 0 0 5 5 0 6 0 0 0 0 8 0 0 4 4 0 0 
0 0 0 0 0 0 0 0 0 0 0 0 0 0 0 1 0 5 2 0 2 0 0 0 
5 0 0 0 4 0 0 0 0 0 0 4 6 0 0 0 0 0 0 0 6 6 7 6 
6 0 0 0 2 0 0 0 0 2 2 0 0 0 0 0 0 0 0 0 0 0 6 4 
2 0 0 0 0 0 0 0 0 2 2 3 0 0 0 0 0 0 0 0 4 6 4 0 
4 0 0 0 0 0 0 0 7 6 3 3 5 0 0 0 0 0 0 3 4 2 2 0 
2 0 0 0 0 0 0 0 4 0 0 0 0 0 0 0 0 0 0 0 0 0 4 0 
200 177
0 0 0 1
0 0 1 0
0 5 0 3
0 5 0 10
0 5 4 5
1 12 1 11
1 12 1 13
1 12 2 12
1 21 1 19
1 21 1 22
1 21 0 21
1 21 3 21
2 22 2 23
2 22 1 22
2 22 3 22
2 22 2 23
2 22 1 22
2 22 3 22
3 21 3 19
3 21 3 22
3 21 1 21
3 21 5 21
3 23 3 22
3 23 2 23
3 23 6 23
4 2 4 3
4 2 1 2
4 2 5 2
4 12 4 11
4 12 4 15
4 12 2 12
4 12 6 12
5 18 5 14
5 18 5 21
5 18 2 18
5 18 8 18
6 8 6 3
6 8 6 10
6 8 1 8
6 8 7 8
8 12 8 8
8 12 8 18
8 12 6 12
8 12 17 12
8 19 8 18
8 19 8 22
8 19 6 19
8 19 9 19
12 5 12 2
12 19 12 17
12 19 12 20
12 19 10 19
12 19 13 19
15 14 15 17
15 14 13 14
15 14 16 14
15 22 15 20
15 22 14 22
15 22 19 22
16 14 16 13
16 14 16 15
16 14 15 14
17 17 17 12
17 17 17 20
17 17 15 17
17 17 18 17
18 15 18 17
18 17 18 18
18 17 17 17
19 0 19 4
19 0 16 0
19 0 20 0
19 23 19 22
19 23 10 23
19 23 20 23
20 0 20 4
20 0 19 0
20 0 21 0
20 23 20 22
20 23 19 23
22 8 22 0
22 8 22 9
22 8 8 8
22 8 23 8
22 9 22 8
22 9 22 10
22 9 21 9
22 12 22 11
22 12 22 19
22 12 19 12
23 22 23 8
23 22 22 22
0 0 0 1
0 0 1 0
1 9 1 8
1 12 1 13
1 12 2 12
1 21 1 19
1 21 1 22
1 21 0 21
2 7 2 6
3 13 3 15
3 13 2 13
3 13 3 15
3 13 2 13
3 21 3 19
3 21 3 22
3 21 5 21
3 23 3 22
3 23 6 23
4 20 4 19
4 22 5 22
5 13 5 14
6 16 6 12
8 19 8 18
8 19 8 22
8 19 6 19
8 19 9 19
9 3 8 3
9 9 10 9
11 16 10 16
12 5 12 2
12 19 12 17
12 19 12 20
12 19 10 19
12 19 13 19
15 14 15 17
15 14 13 14
16 14 16 13
16 14 16 15
16 18 16 20
17 9 17 10
17 9 13 9
17 9 20 9
17 17 17 12
17 17 17 20
17 17 15 17
18 17 18 18
19 11 19 12
19 11 21 11
19 11 19 12
19 11 21 11
19 23 19 22
19 23 10 23
20 0 20 4
20 0 19 0
20 22 20 23
20 22 19 22
20 22 21 22
21 0 22 0
22 9 22 8
22 9 22 10
23 22 23 8
23 22 22 22
2 7 2 6
4 19 3 19
4 22 5 22
5 13 5 14
5 14 5 18
6 16 6 12
6 19 6 20
9 3 8 3
9 9 10 9
11 16 10 16
16 13 13 13
16 18 16 20
19 4 17 4
21 22 21 21
21 22 20 22
4 19 3 19
12 13 12 17
19 4 17 4
21 22 21 21
2 19 2 18
17 4 17 3
20 22 19 22
17 2 16 2

4060

4 3 4 3 - 5 - - - - 5                     3 2 1 
4 6 5 4 2 | 2   4 1   1 5 3 2   3 2 2 2 = 8 7 2 
2   |   2 | 4 2 |     1 6 5     6 5 6 1   ǁ 6 3 
    |     |     |     1 | 4 = 2 2 1 | 4 = 8 6 5 
    5 7 5 2 2   |     5 7 - - 4 4 3 | 3 1 ǁ 2 ǁ 
    2   2 3 3   |     2 | 2 4 = = = 7 - - 7 4 ǁ 
    2 5 - - - - 7 - 6   7 = = = 2   | 3 4 5 1 4 
4 5     4       5   3 1 |           | ǁ 2 2     
    4 6         5 - - - 7 - - - - - 7 8 = = 6 3 
      2         | 2     |       2   3 4 4 2     
    4   2       | 3 2   |       3 2 2 3 2     2 
    1           |       |       2     ǁ   2   ǁ 
  3 4 = = 2     |       | 1 - - - 6 = 8 4   4 ǁ 
  2         1   | 3     | 1 2         5 4 4   ǁ 
                | |     | | ǁ           4 2 4 ǁ 
                | |     | | 6 = = 7   2 5 - 5 ǁ 
4   5       2   | |     | 3 6 2   ǁ 2 = 5 1 | ǁ 
|   1 1 3       | 5 5   6 = = = = 8 = = 4 4 | ǁ 
|       ǁ       | |           1 - 5 2   2   | ǁ 
5 - - - 4       | |   4 6               6 6 7 6 
6 = = = 2       | 2 2 ǁ |                   6 4 
2               | 2 2 3 |               4 6 4   
4 - - - - - - - 7 6 3 3 5 - - - - - - 3 4 2 2   
2               4 = = = = = = = = = = = = = 4   
