24 24
3 5 0 0 4 4 0 0 5 2 0 0 0 0 0 0 0 0 0 2 4 0 5 3 
0 4 3 1 0 0 0 0 0 0 0 0 0 0 0 0 0 0 0 0 4 2 0 0 
3 0 2 0 0 0 4 0 6 0 0 0 0 0 0 0 0 0 0 6 2 0 0 2 
0 4 5 2 0 0 0 0 0 0 0 0 0 2 1 0 0 0 0 0 2 0 0 0 
0 0 0 0 0 0 4 0 0 0 0 0 0 0 0 0 3 0 0 6 4 0 0 2 
0 0 0 0 0 4 6 1 0 0 0 0 0 0 0 0 0 0 0 1 0 0 0 0 
0 0 0 0 0 0 1 0 0 2 0 0 0 7 4 0 3 0 0 0 0 0 0 0 
0 0 0 0 0 0 0 0 0 0 0 0 0 0 0 0 0 0 0 0 0 0 0 0 
5 7 0 0 8 0 0 0 6 0 0 0 0 7 0 0 0 0 0 0 0 0 7 3 
0 0 2 4 0 2 3 3 0 1 0 3 0 0 3 0 0 0 0 3 3 0 0 2 
0 0 4 5 0 0 0 4 0 2 0 0 0 0 2 0 0 0 0 0 2 0 0 0 
0 0 0 0 0 6 8 4 0 4 0 5 0 5 0 0 0 0 0 6 6 0 8 4 
0 0 0 0 0 0 0 0 0 4 0 3 0 5 5 3 4 0 0 6 4 4 0 1 
0 0 0 0 0 2 0 2 0 4 6 0 0 4 2 3 3 0 0 0 4 4 5 3 
0 0 0 0 0 0 0 0 0 2 6 0 0 2 0 0 1 0 0 0 4 0 5 1 
2 0 0 0 0 0 0 0 0 3 0 0 0 0 0 8 0 0 0 6 0 0 4 3 
1 4 6 7 7 0 7 3 0 0 1 4 0 0 0 7 0 3 4 0 2 0 3 0 
1 5 0 6 5 1 4 0 0 3 0 3 0 0 0 4 0 5 6 0 4 0 5 2 
2 4 2 2 3 3 4 0 0 0 0 0 0 0 0 0 0 1 2 0 0 2 5 2 
4 0 8 0 0 0 0 0 6 0 0 0 0 0 0 0 0 0 0 5 5 0 3 2 
0 0 3 2 3 0 0 0 7 3 2 0 6 0 0 0 0 6 0 7 0 6 7 5 
0 2 0 0 4 3 3 0 4 6 4 0 6 0 3 0 0 5 2 0 2 4 0 3 
6 3 2 0 6 0 0 0 0 5 0 0 0 0 0 0 0 0 0 5 0 3 3 4 
4 0 0 0 0 0 0 2 0 1 0 0 0 0 0 0 0 0 0 3 2 3 1 0 
200 317
0 1 0 0
0 1 0 4
0 1 1 1
0 8 0 5
0 8 0 9
0 8 2 8
0 22 0 20
0 22 0 23
0 22 8 22
5 6 5 5
5 6 5 7
5 6 4 6
5 6 6 6
6 13 6 9
6 13 6 14
6 13 3 13
6 13 8 13
8 0 8 1
8 0 2 0
8 0 15 0
8 4 8 1
8 4 8 8
8 4 0 4
8 4 16 4
8 4 8 1
8 4 8 8
8 4 0 4
8 4 16 4
8 8 8 13
8 8 2 8
8 8 19 8
8 8 8 13
9 3 9 2
9 3 10 3
9 3 9 2
9 3 10 3
10 2 10 3
10 2 16 2
10 2 10 3
10 2 16 2
10 3 16 3
10 7 9 7
10 7 11 7
10 7 9 7
10 7 11 7
11 5 11 6
11 5 9 5
11 5 13 5
11 5 11 6
11 5 9 5
11 5 13 5
11 6 11 7
11 6 9 6
11 6 16 6
11 7 11 6
11 22 11 20
11 22 11 23
11 22 8 22
11 22 13 22
11 22 11 20
11 22 11 23
11 22 8 22
11 22 13 22
11 23 9 23
11 23 12 23
12 21 12 20
12 21 13 21
12 21 12 20
12 21 13 21
13 7 16 7
13 10 13 9
13 10 13 13
13 10 14 10
13 10 13 9
13 10 13 13
13 10 14 10
13 23 13 22
13 23 14 23
13 23 13 22
14 10 14 9
14 10 14 13
14 10 16 10
14 10 14 9
14 22 14 20
14 22 13 22
14 22 15 22
15 9 17 9
15 15 15 19
15 15 13 15
15 15 16 15
15 15 15 19
15 15 13 15
15 15 16 15
15 15 16 15
15 19 15 22
15 19 12 19
15 19 19 19
15 19 15 22
16 2 16 1
16 2 16 3
16 2 18 2
16 2 16 1
16 4 16 3
16 4 16 6
16 4 17 4
16 11 16 15
16 11 17 11
16 11 16 15
16 11 17 11
16 18 16 17
16 18 17 18
16 18 16 17
16 18 17 18
17 1 17 0
17 1 16 1
17 1 18 1
17 3 17 4
17 3 16 3
17 3 18 3
17 3 17 4
17 3 16 3
17 3 18 3
17 18 17 17
17 18 18 18
17 18 17 17
17 18 18 18
19 2 19 0
19 2 19 8
19 2 18 2
19 2 20 2
19 8 19 2
19 8 19 19
19 8 20 8
19 8 19 19
20 8 20 4
20 8 20 9
20 8 21 8
20 12 20 10
20 12 20 17
20 12 21 12
20 12 20 10
20 12 20 17
20 12 21 12
20 17 20 19
20 17 21 17
20 17 20 19
20 17 21 17
20 19 20 21
20 19 19 19
20 19 22 19
20 22 20 21
20 22 20 23
20 22 19 22
20 22 22 22
21 10 21 9
21 10 21 12
21 10 21 9
21 10 21 12
21 12 21 14
21 12 21 14
21 14 21 17
21 17 21 18
21 17 21 18
22 0 22 1
22 0 19 0
22 0 23 0
22 0 22 1
22 0 19 0
22 0 23 0
22 4 22 2
22 4 22 9
22 4 21 4
22 4 22 2
22 4 22 9
22 4 21 4
22 23 22 22
22 23 21 23
22 23 22 22
22 23 21 23
23 0 23 7
23 0 23 7
23 22 23 21
0 4 0 1
0 5 0 8
0 5 5 5
0 5 5 5
1 21 1 20
2 6 2 8
2 6 4 6
2 6 2 8
2 6 4 6
3 2 3 1
3 2 3 3
3 2 2 2
4 6 5 6
5 5 5 6
9 7 9 6
9 23 8 23
11 6 9 6
11 6 16 6
11 20 11 19
11 20 10 20
11 20 12 20
11 20 11 19
12 19 12 16
12 19 12 20
12 19 11 19
12 19 12 16
12 19 11 19
13 7 16 7
13 9 12 9
13 20 13 21
13 20 14 20
13 20 13 21
13 20 14 20
14 13 13 13
14 16 13 16
14 20 14 22
14 22 15 22
15 9 17 9
15 15 16 15
15 23 17 23
16 3 16 4
16 7 16 6
17 9 17 11
17 15 17 17
17 15 16 15
17 15 17 17
18 1 18 0
18 1 17 1
18 1 18 0
18 6 18 5
18 6 17 6
18 6 18 5
18 6 17 6
18 17 17 17
19 0 19 2
19 2 20 2
19 20 19 19
19 20 19 22
19 20 17 20
20 8 20 4
20 8 20 9
20 8 21 8
20 9 21 9
20 19 20 21
20 19 22 19
20 22 20 21
20 22 20 23
20 22 19 22
21 8 21 6
21 8 21 9
21 9 22 9
21 9 22 9
21 23 20 23
22 1 21 1
1 21 1 20
13 9 12 9
13 13 13 14
15 23 17 23
16 3 16 4
16 6 17 6
17 1 16 1
17 6 17 5
17 22 17 20
17 22 16 22
17 22 18 22
18 5 18 4
18 21 18 22
19 2 20 2
19 20 17 20
20 3 20 4
20 21 21 21
20 23 19 23
20 23 19 23
21 1 21 4
21 4 21 5
21 5 21 6
21 6 21 5
1 20 0 20
1 20 2 20
8 1 8 0
8 1 3 1
8 1 8 0
8 1 3 1
12 9 12 11
12 9 11 9
12 13 12 11
12 13 12 14
12 13 11 13
15 0 16 0
17 4 18 4
17 4 18 4
17 20 17 22
18 21 18 22
18 23 18 22
18 23 18 22
20 21 21 21
21 21 21 20
21 21 22 21
0 20 0 19
0 20 0 22
3 1 3 2
11 9 11 11
11 9 10 9
11 9 11 11
16 20 16 22
17 22 16 22
21 20 23 20
22 21 23 21
1 1 1 2
1 1 0 1
1 1 1 2
22 21 23 21
23 20 23 19
0 0 2 0
0 0 2 0

2155

3 5 = = 4 4 = = 5 2                   2 4 = 5 3 
ǁ 4 3 1 ǁ ǁ     |                       4 2 |   
3   2   ǁ ǁ 4 = 6                     6 2   | 2 
| 4 5 2 ǁ ǁ ǁ   |         2 1           2   |   
| ǁ     ǁ ǁ 4   |         |     3     6 4   | 2 
| ǁ     ǁ 4 6 1 |         |           1     |   
| ǁ     ǁ   1   | 2 - - - 7 4   3           |   
| ǁ     ǁ       |         |                 |   
5 7 = = 8 = = = 6 = = = = 7                 7 3 
|   2 4 ǁ 2 3 3 | 1   3     3         3 3   ǁ 2 
|   4 5 ǁ ǁ ǁ 4 | 2         2           2   ǁ | 
|   ǁ | ǁ 6 8 4 | 4 = 5   5           6 6 = 8 4 
|   ǁ | ǁ ǁ ǁ   | 4 - 3 - 5 5 3 4 = = 6 4 4 ǁ 1 
|   ǁ | ǁ 2 ǁ 2 | 4 6 = = 4 2 3 3     | 4 4 5 3 
|   ǁ | ǁ   ǁ ǁ | 2 6 - - 2   ǁ 1     | 4 = 5 1 
2   ǁ | ǁ   ǁ ǁ | 3 |         8 = = = 6 = = 4 3 
1 4 6 7 7 - 7 3 | ǁ 1 4 = = = 7   3 4 | 2 - 3 ǁ 
1 5 | 6 5 1 4   | 3 - 3       4 = 5 6 | 4 = 5 2 
2 4 2 2 3 3 4   |                 1 2 | ǁ 2 5 2 
4 = 8 = = = = = 6 = = = = = = = = = = 5 5 - 3 2 
ǁ   3 2 3 = = = 7 3 2 = 6 = = = = 6 = 7 = 6 7 5 
ǁ 2 - - 4 3 3 - 4 6 4 = 6 = 3 - - 5 2 ǁ 2 4 | 3 
6 3 2 = 6 = = = = 5                   5 | 3 3 4 
4 = = = = = = 2   1                   3 2 3 1   
