24 24
4 0 0 0 6 0 0 3 3 4 1 0 0 0 2 3 0 4 4 0 5 0 4 2 
0 1 0 0 0 2 2 0 0 3 2 0 6 2 0 0 2 4 4 2 0 2 6 3 
0 0 0 0 0 5 0 0 0 0 0 0 7 0 6 7 0 0 0 0 7 0 4 3 
0 0 0 0 0 0 4 0 2 0 0 0 0 2 0 3 3 0 2 2 0 4 4 5 
0 0 0 0 0 0 4 0 0 0 0 0 5 3 5 0 0 0 4 4 0 5 0 5 
0 2 4 1 0 6 0 0 0 4 4 0 4 1 0 2 0 0 0 0 0 0 2 0 
0 2 0 0 0 4 0 3 1 4 4 0 0 0 0 0 0 0 0 0 0 2 4 4 
0 0 6 0 8 0 0 0 0 0 0 0 6 4 0 0 0 0 0 0 0 1 0 0 
0 5 8 3 0 4 0 0 0 4 2 2 6 4 0 0 0 0 0 0 0 4 8 5 
0 0 0 0 0 0 4 0 0 0 0 0 7 4 0 0 0 0 0 0 3 0 0 2 
0 0 0 0 0 0 4 0 0 0 0 0 3 0 0 4 0 0 4 0 3 0 0 0 
0 0 0 0 0 0 0 0 0 0 0 0 0 0 0 0 0 0 0 0 2 0 0 0 
0 0 0 0 0 5 0 0 0 0 0 0 0 0 6 0 0 0 0 7 0 5 6 3 
0 2 6 3 0 0 4 5 0 0 0 0 2 1 0 2 0 0 2 4 2 0 5 4 
0 1 4 2 0 0 4 5 3 0 2 0 0 0 0 0 0 0 0 6 3 0 1 0 
0 4 0 0 7 6 0 0 0 0 0 0 5 4 0 0 0 0 0 2 0 0 3 6 
0 6 2 0 0 0 0 0 0 0 0 0 6 4 0 5 0 0 6 0 0 4 0 4 
0 6 0 0 5 0 1 0 0 0 0 0 5 1 0 3 0 0 0 0 0 0 0 0 
2 0 3 6 4 0 0 0 0 0 0 2 0 3 0 0 1 5 4 0 0 0 0 0 
2 0 4 5 0 5 0 0 0 0 0 3 0 0 0 3 0 0 0 0 0 0 0 0 
0 0 6 5 0 0 0 0 0 0 3 0 4 3 0 3 0 5 0 0 0 5 7 4 
0 0 3 4 0 0 0 0 0 0 0 0 0 0 6 0 0 0 0 0 2 2 8 4 
5 6 4 4 0 0 3 0 0 3 0 0 0 0 2 2 3 0 0 0 1 0 6 3 
2 4 0 0 0 0 0 0 0 0 0 0 4 0 0 0 4 0 1 0 0 0 2 0 
200 200
0 0 0 4
0 0 18 0
0 4 0 0
0 4 0 7
0 4 7 4
0 20 0 18
0 20 0 22
0 20 2 20
1 1 5 1
1 12 1 10
1 12 1 13
1 12 2 12
2 5 2 12
2 5 1 5
2 5 5 5
2 15 2 14
2 15 2 20
2 15 0 15
2 15 3 15
3 6 3 8
3 6 4 6
3 6 3 8
3 6 4 6
3 23 3 22
3 23 2 23
3 23 4 23
5 5 5 9
5 5 2 5
5 5 6 5
7 2 7 4
7 2 5 2
7 2 8 2
7 4 7 2
7 4 7 12
7 4 0 4
7 4 15 4
8 1 8 2
8 1 6 1
8 1 13 1
8 2 8 1
8 2 8 3
8 2 7 2
8 2 13 2
8 5 8 9
8 5 12 5
8 5 8 9
8 5 12 5
8 22 8 21
8 22 8 23
8 22 6 22
8 22 12 22
9 6 9 12
9 6 10 6
9 6 9 12
9 6 10 6
9 12 9 13
9 12 8 12
9 12 10 12
12 19 12 14
12 19 12 21
12 19 4 19
12 19 13 19
13 7 13 6
13 7 13 12
13 7 14 7
15 23 15 22
15 23 13 23
15 23 16 23
16 1 16 2
16 1 15 1
16 1 17 1
17 1 17 4
17 1 16 1
17 1 22 1
18 3 18 2
18 3 18 4
18 3 19 3
18 3 18 2
18 3 18 4
18 3 19 3
18 17 18 16
18 17 18 18
18 17 20 17
19 5 19 3
19 5 19 11
19 5 15 5
20 2 20 3
20 2 19 2
20 2 21 2
20 22 20 21
20 22 20 23
20 22 15 22
20 22 21 22
21 22 21 21
21 22 21 23
21 22 20 22
21 22 22 22
22 0 22 1
22 0 19 0
22 0 23 0
0 0 18 0
0 4 0 7
0 7 0 8
0 8 0 9
1 12 1 10
1 12 1 13
1 12 2 12
1 16 1 17
1 19 1 18
4 6 4 12
5 3 5 2
6 10 6 9
6 10 5 10
6 10 6 9
6 10 5 10
7 2 5 2
7 4 7 12
7 4 15 4
8 2 8 1
8 2 8 3
8 3 13 3
8 9 8 10
8 22 8 21
8 22 8 23
8 22 6 22
8 22 12 22
10 18 10 15
10 18 4 18
10 18 10 15
10 18 4 18
11 20 10 20
13 2 13 1
13 2 13 3
13 2 14 2
15 4 15 1
15 4 15 5
15 4 17 4
15 23 15 22
15 23 13 23
15 23 16 23
16 1 16 2
16 1 15 1
16 12 16 13
16 12 15 12
16 12 17 12
16 12 16 13
16 12 15 12
16 12 17 12
16 23 20 23
17 1 17 4
17 1 22 1
18 2 19 2
18 4 17 4
19 0 22 0
20 2 20 3
20 2 19 2
20 2 21 2
20 22 20 21
20 22 20 23
21 22 21 21
21 22 21 23
21 22 22 22
0 8 0 9
1 16 1 17
1 19 1 18
4 6 4 12
5 2 5 1
8 9 8 10
8 11 8 12
11 20 10 20
13 2 13 3
13 2 14 2
14 3 14 2
16 23 20 23
18 4 17 4
19 2 19 3
21 23 22 23
21 23 22 23
22 23 22 22
8 11 8 12
10 20 9 20
14 3 14 2
15 4 15 1
15 4 15 5
22 22 22 20
22 22 23 22
22 22 23 22
9 20 2 20
4 21 4 23
4 21 3 21
4 21 6 21
5 22 6 22
9 20 2 20
5 22 6 22
6 23 4 23
6 23 8 23
6 23 4 23
6 23 8 23
8 23 9 23
9 23 12 23

2436

4 = = = 6 = = 3 3 4 1       2 3   4 4 - 5 - 4 2 
ǁ 1     ǁ 2 2     3 2 = 6 2   | 2 4 4 2 | 2 6 3 
ǁ |     ǁ 5 - - - - - - 7   6 7 - - - - 7   4 3 
ǁ |     ǁ ǁ 4 = 2         2   3 3   2 2 ǁ 4 4 5 
ǁ |     ǁ ǁ 4 = = = = = 5 3 5       4 4 ǁ 5 - 5 
ǁ 2 4 1 ǁ 6 - - - 4 4   4 1   2     ǁ | ǁ | 2 ǁ 
ǁ 2 ǁ   ǁ 4   3 1 4 4               ǁ | ǁ 2 4 4 
ǁ | 6 = 8 = = = = = = = 6 4         ǁ | ǁ 1 ǁ ǁ 
ǁ 5 8 3 ǁ 4 = = = 4 2 2 6 4         ǁ | ǁ 4 8 5 
ǁ | | | ǁ ǁ 4 = = = = = 7 4         ǁ | 3   ǁ 2 
ǁ | | | ǁ ǁ 4           3     4 = = 4 | 3   ǁ | 
ǁ | | | ǁ ǁ                           | 2   ǁ | 
ǁ | | | ǁ 5                 6 - - - - 7 - 5 6 3 
ǁ 2 6 3 ǁ   4 5 - - - - 2 1   2     2 4 2   5 4 
ǁ 1 4 2 ǁ   4 5 3   2                 6 3   1 ǁ 
ǁ 4 = = 7 6             5 4           2     3 6 
ǁ 6 2   | |             6 4   5     6     4 | 4 
ǁ 6 = = 5 | 1           5 1   3             | ǁ 
2 ǁ 3 6 4 |           2   3     1 5 4       | ǁ 
2 ǁ 4 5 - 5 - - - - - 3       3   |         | ǁ 
ǁ ǁ 6 5             3   4 3   3   5       5 7 4 
ǁ ǁ 3 4                     6           2 2 8 4 
5 6 4 4     3     3         2 2 3       1 - 6 3 
2 4                     4       4   1       2   
