24 24
1 0 0 1 0 0 3 3 4 2 4 4 0 0 0 0 5 2 0 4 0 0 0 3 
2 0 0 0 0 0 4 0 0 0 6 1 2 3 6 2 0 0 0 2 0 0 0 0 
3 0 3 2 5 2 0 3 1 1 0 2 0 1 0 0 0 0 0 0 0 0 0 0 
4 2 0 0 0 1 0 0 0 0 0 5 8 2 4 0 6 0 0 0 0 0 0 4 
0 0 0 0 0 0 0 5 0 4 0 2 0 2 5 0 8 0 0 3 0 0 1 0 
2 2 0 0 0 0 0 0 1 0 0 0 0 0 0 0 2 1 0 5 0 0 4 0 
0 0 0 0 0 0 0 5 4 0 3 0 0 0 1 2 0 6 0 6 1 0 0 0 
3 0 7 0 5 2 0 5 3 0 3 0 0 0 0 0 0 2 0 2 1 0 0 0 
4 3 0 2 4 0 0 2 0 0 0 4 7 0 0 0 0 0 0 0 0 0 5 0 
6 4 0 0 0 0 0 0 0 0 0 3 0 0 4 0 0 0 0 0 5 2 0 0 
4 0 7 0 0 0 7 0 0 8 7 4 0 0 0 0 2 0 0 4 0 0 0 0 
5 2 0 2 6 4 0 2 1 0 4 4 0 1 7 0 0 2 0 4 0 3 0 0 
4 0 4 4 6 4 0 0 0 0 2 2 0 0 2 0 0 0 0 0 0 0 0 0 
4 0 6 2 0 0 0 0 0 0 0 0 0 0 0 0 0 0 0 0 0 0 0 0 
2 0 6 0 7 6 0 3 0 8 5 0 7 0 0 0 0 0 0 7 6 4 0 0 
3 0 7 2 0 4 0 2 0 5 3 4 3 2 0 0 0 0 0 5 2 0 0 0 
3 5 6 1 0 6 8 0 0 0 0 0 0 0 0 0 0 0 0 0 0 0 6 0 
0 2 0 0 0 4 0 1 0 0 0 0 5 0 0 0 0 0 0 0 4 1 0 0 
5 0 7 2 0 6 7 0 0 0 0 0 5 0 0 0 0 0 0 2 4 2 0 0 
5 2 0 2 0 2 6 5 3 6 4 2 5 0 0 5 0 0 2 0 0 0 0 0 
0 0 0 0 0 0 2 4 0 6 0 0 4 0 0 4 0 0 3 0 0 0 0 0 
0 0 0 4 6 0 0 0 0 0 0 0 0 0 0 0 0 0 0 0 0 0 7 6 
3 0 6 0 0 6 0 0 0 0 0 0 0 0 0 0 0 0 0 0 0 0 5 6 
2 0 5 1 0 4 0 0 0 0 0 0 4 0 0 0 0 3 0 0 0 0 0 3 
200 227
0 16 0 11
0 16 0 17
0 16 3 16
1 14 1 13
1 14 1 15
1 14 3 14
2 4 2 3
2 4 2 5
2 4 7 4
3 12 3 11
3 12 3 13
3 12 1 12
3 12 8 12
4 7 4 9
4 7 2 7
4 7 6 7
4 16 4 14
4 16 4 19
4 16 3 16
4 16 5 16
5 8 6 8
7 2 7 0
7 2 7 4
7 2 2 2
7 2 10 2
8 22 8 12
8 22 5 22
8 22 16 22
9 0 9 1
9 0 8 0
9 0 10 0
9 20 9 14
9 20 9 21
9 20 14 20
10 6 10 2
10 6 10 9
10 6 1 6
10 6 16 6
10 9 10 6
10 9 10 10
10 9 4 9
10 9 14 9
10 19 10 16
10 19 11 19
10 19 10 16
10 19 11 19
11 0 11 1
11 0 10 0
11 0 12 0
11 4 11 3
11 4 11 5
11 4 12 4
11 4 11 3
11 4 11 5
11 4 12 4
11 5 12 5
11 14 11 13
11 14 11 17
11 14 9 14
11 14 12 14
14 4 14 2
14 4 14 5
14 4 12 4
14 4 21 4
14 5 14 4
14 5 12 5
14 5 15 5
14 9 14 7
14 9 14 10
14 9 10 9
14 9 15 9
14 12 14 10
14 12 14 19
14 12 8 12
14 12 15 12
15 2 15 0
15 2 15 3
15 2 14 2
15 2 16 2
16 1 16 0
16 1 16 2
16 1 17 1
16 5 16 6
16 5 15 5
16 5 17 5
16 5 16 6
16 5 15 5
16 5 17 5
16 6 16 22
16 6 10 6
16 6 18 6
16 22 16 6
16 22 8 22
16 22 21 22
16 22 21 22
17 5 18 5
17 12 17 7
17 12 17 20
17 12 18 12
18 0 18 2
18 0 16 0
18 0 19 0
18 5 18 6
18 5 17 5
18 5 19 5
19 7 19 6
19 7 19 8
19 7 20 7
19 9 19 8
19 9 19 10
19 9 20 9
19 9 19 8
19 9 19 10
19 9 20 9
19 10 19 11
19 15 19 12
19 15 19 18
19 15 20 15
20 9 20 7
20 9 20 12
21 4 21 3
21 4 21 22
21 4 14 4
21 23 21 22
21 23 3 23
21 23 22 23
22 5 22 2
22 5 22 22
22 5 23 5
22 5 22 2
22 5 22 22
22 5 23 5
22 23 22 22
22 23 21 23
22 23 23 23
23 2 23 0
23 2 23 3
23 2 22 2
23 5 23 12
23 5 23 12
23 12 23 17
1 14 1 13
1 14 1 15
1 14 3 14
3 12 3 11
3 12 3 13
3 12 1 12
3 12 8 12
4 13 4 14
4 16 4 14
4 16 4 19
4 16 3 16
4 16 5 16
7 7 7 8
7 7 6 7
7 7 8 7
8 3 8 4
8 7 7 7
9 0 9 1
9 0 8 0
9 0 10 0
10 9 10 10
10 9 4 9
10 10 10 11
10 10 7 10
10 10 11 10
11 5 12 5
11 8 11 7
11 14 11 17
11 14 9 14
11 14 12 14
11 19 14 19
14 9 14 7
14 9 14 10
14 9 15 9
14 21 14 20
14 21 11 21
14 21 14 20
14 21 11 21
15 5 14 5
15 11 15 10
15 11 15 12
15 11 15 10
15 11 15 12
15 13 15 19
15 13 15 19
16 6 18 6
17 1 16 1
19 7 19 6
19 7 20 7
19 10 19 11
20 9 20 7
20 9 20 12
21 4 21 3
21 4 21 22
21 23 21 22
21 23 3 23
22 23 22 22
22 23 23 23
23 2 23 0
23 2 22 2
23 12 23 17
23 17 23 23
1 13 2 13
4 13 4 14
8 3 8 4
8 4 7 4
9 14 9 20
11 7 14 7
11 19 14 19
11 21 9 21
14 12 14 10
14 12 14 19
14 12 8 12
15 7 15 9
20 6 19 6
20 6 19 6
21 3 19 3
21 22 22 22
8 4 7 4
9 20 14 20
15 7 15 9
15 9 15 10
21 3 19 3
14 10 12 10
19 1 19 0
19 1 19 0

2461

1     1     3 3 4 2 4 4 - - - - 5 2   4       3 
2           4       6 1 2 3 6 2 |     2         
3   3 2 5 2 | 3 1 1   2 ǁ 1 ǁ   |               
4 2 |   | 1 | |       5 8 2 4   6             4 
    |   |   | 5 - 4   2 ǁ 2 5 = 8 = = 3     1 ǁ 
2 2 |   |   | | 1 ǁ     ǁ       2 1   5     4 ǁ 
    |   |   | 5 4 ǁ 3   ǁ   1 2   6   6 1   | ǁ 
3 - 7 - 5 2 | 5 3 ǁ 3   ǁ         2   2 1   | ǁ 
4 3 | 2 4   | 2   ǁ | 4 7 - - - - - - - - - 5 ǁ 
6 4 |       |     ǁ | 3 ǁ   4 = = = = = 5 2 ǁ ǁ 
4   7 - - - 7 = = 8 7 4 ǁ   ǁ   2 = = 4 ǁ | ǁ ǁ 
5 2   2 6 4 ǁ 2 1 ǁ 4 4 ǁ 1 7 = = 2   4 ǁ 3 ǁ ǁ 
4   4 4 6 4 ǁ |   ǁ 2 2 ǁ   2         ǁ ǁ ǁ ǁ ǁ 
4   6 2 | | ǁ |   ǁ |   ǁ             ǁ ǁ ǁ ǁ ǁ 
2   6 - 7 6 ǁ 3 = 8 5 = 7 = = = = = = 7 6 4 ǁ ǁ 
3 - 7 2 ǁ 4 ǁ 2 = 5 3 4 3 2 = = = = = 5 2   ǁ ǁ 
3 5 6 1 ǁ 6 8 = = = = = = = = = = = = = = = 6 ǁ 
| 2     ǁ 4 ǁ 1 - - - - 5 - - - - - - - 4 1 ǁ ǁ 
5 - 7 2 ǁ 6 7           5             2 4 2 ǁ ǁ 
5 2   2 ǁ 2 6 5 3 6 4 2 5 - - 5 - - 2       ǁ ǁ 
      ǁ ǁ   2 4 = 6 = = 4     4     3       ǁ ǁ 
      4 6 = = = = = = = = = = = = = = = = = 7 6 
3   6 = = 6 = = = = = = = = = = = = = = = = 5 6 
2 = 5 1   4 = = = = = = 4 = = = = 3 - - - - - 3 
