24 24
2 2 0 0 4 2 6 0 0 0 0 0 0 0 4 2 2 4 0 0 1 2 2 2 
4 0 0 0 8 0 8 0 0 0 0 0 0 0 0 0 0 8 0 0 7 6 0 0 
2 2 0 0 7 2 0 1 4 0 0 5 0 4 0 0 2 4 0 0 4 2 0 0 
0 0 0 0 3 2 0 0 4 2 0 0 0 4 0 2 4 5 1 0 2 0 0 0 
3 0 0 0 0 0 7 0 0 0 0 8 0 0 0 0 0 0 0 0 0 0 8 6 
2 3 5 0 2 0 0 3 0 4 1 0 3 0 1 2 6 2 1 0 3 0 0 0 
0 0 0 0 0 0 0 3 2 0 0 0 6 0 0 0 8 0 4 0 4 2 0 0 
0 0 6 4 2 0 0 4 4 0 2 4 2 2 0 4 0 2 2 3 2 0 0 0 
3 0 4 2 0 0 0 4 0 6 0 0 0 0 0 8 8 4 4 0 3 4 0 0 
2 0 0 0 0 0 0 4 2 2 0 0 0 3 2 0 3 1 0 0 0 1 0 0 
4 6 0 0 0 0 7 0 0 0 0 0 0 0 0 6 0 0 7 6 2 0 0 0 
0 0 2 6 2 2 0 0 0 0 0 0 0 0 1 0 0 0 0 2 0 0 0 0 
2 0 0 0 1 0 0 0 0 3 0 0 0 0 5 0 0 0 2 3 4 5 0 0 
0 0 0 0 0 3 0 0 0 0 2 0 0 2 0 0 2 0 4 0 1 0 0 0 
2 0 1 0 0 0 0 0 0 1 4 0 0 8 6 0 3 0 6 0 0 0 0 0 
0 0 0 5 5 2 0 0 0 0 0 0 0 0 2 0 1 0 0 0 0 0 0 0 
0 0 0 0 4 2 0 2 0 0 0 0 0 6 0 7 0 0 4 0 0 0 0 2 
6 5 5 6 6 2 0 1 0 0 0 0 0 3 1 0 0 0 0 0 0 2 0 2 
2 0 2 1 4 2 0 2 0 0 0 0 0 0 0 6 2 0 0 0 0 0 0 0 
1 0 2 0 0 0 0 0 0 0 0 0 0 0 0 0 0 0 0 0 4 0 7 6 
4 5 6 0 0 0 8 0 0 0 0 0 0 0 0 0 0 0 0 6 4 2 0 3 
1 2 5 3 4 2 4 0 0 0 0 0 2 0 0 0 0 0 0 4 2 0 0 1 
2 0 8 0 0 0 0 0 0 0 0 0 4 0 2 0 0 0 0 0 0 0 1 0 
1 0 4 0 0 0 0 2 0 0 0 0 0 0 0 0 0 0 0 0 0 1 0 0 
200 250
0 6 0 5
0 6 0 14
0 6 1 6
1 4 1 0
1 4 1 6
1 4 0 4
1 4 2 4
1 6 1 4
1 6 1 17
1 6 0 6
1 6 4 6
1 17 1 6
1 17 1 20
1 17 0 17
1 17 2 17
1 20 1 17
1 20 1 21
1 20 0 20
1 20 2 20
1 21 1 20
1 21 0 21
1 21 2 21
2 11 2 8
2 11 2 13
2 11 4 11
4 11 4 6
4 11 4 22
4 11 2 11
4 11 7 11
4 22 4 11
4 22 4 23
4 22 0 22
4 22 19 22
4 23 4 22
4 23 0 23
4 23 16 23
5 2 5 1
5 2 5 4
5 2 7 2
5 16 5 15
5 16 5 17
5 16 6 16
5 16 5 15
5 16 5 17
5 16 6 16
6 12 6 16
6 12 5 12
6 12 7 12
6 12 6 16
6 12 5 12
6 12 7 12
6 16 6 18
6 16 8 16
7 2 7 3
7 2 5 2
7 2 8 2
7 11 7 10
7 11 4 11
7 11 7 10
7 15 7 13
7 15 8 15
7 15 7 13
7 15 8 15
8 15 8 9
8 15 8 16
8 15 10 15
8 16 8 15
8 16 8 17
8 16 6 16
8 16 9 16
10 6 10 1
10 6 10 15
10 6 4 6
10 6 20 6
10 18 10 15
10 18 10 19
10 18 8 18
10 18 12 18
11 3 11 2
11 3 11 4
11 3 15 3
11 3 11 2
11 3 11 4
11 3 15 3
11 5 13 5
11 14 12 14
12 4 15 4
12 21 12 20
12 21 9 21
12 21 17 21
14 13 14 10
14 13 14 14
14 13 13 13
14 13 16 13
14 18 14 16
14 18 13 18
14 18 16 18
16 15 16 13
16 15 16 18
16 15 10 15
16 15 18 15
17 0 17 1
17 0 14 0
17 0 18 0
18 15 18 7
18 15 18 16
18 15 16 15
18 16 18 15
19 22 19 20
19 22 19 23
19 22 4 22
19 22 22 22
19 23 19 22
19 23 17 23
19 23 20 23
20 0 20 1
20 0 19 0
20 0 21 0
20 0 20 1
20 6 20 2
20 6 20 19
20 6 10 6
20 6 21 6
21 4 21 3
21 4 21 5
21 4 21 3
21 4 21 5
21 6 21 12
21 6 20 6
21 23 20 23
22 2 22 0
22 2 22 12
22 2 21 2
22 2 23 2
22 14 22 12
0 6 0 5
0 6 0 14
0 14 0 15
0 17 0 16
0 17 1 17
1 4 1 0
1 4 0 4
1 4 2 4
1 6 4 6
1 17 0 17
1 20 1 21
2 4 2 1
2 4 2 5
2 4 3 4
2 7 2 8
3 8 3 9
3 8 2 8
3 8 3 9
3 8 2 8
3 13 3 15
3 13 2 13
3 13 3 15
3 13 2 13
3 16 3 17
3 16 2 16
3 16 3 17
3 16 2 16
4 11 4 6
4 22 4 23
5 10 5 9
5 12 5 14
6 16 6 18
7 2 7 3
7 2 8 2
8 15 8 9
8 15 8 16
8 21 8 20
8 21 6 21
9 7 9 8
9 7 8 7
9 7 9 8
9 7 8 7
9 14 9 13
11 5 13 5
12 14 12 9
12 14 14 14
12 14 12 9
12 14 14 14
12 21 12 20
12 21 17 21
13 5 15 5
14 13 14 10
14 13 14 14
14 13 13 13
14 13 16 13
14 14 15 14
14 18 14 16
14 18 13 18
14 18 16 18
15 14 14 14
15 16 14 16
16 18 16 15
17 0 17 1
17 0 14 0
17 0 18 0
17 14 17 13
18 15 18 7
19 22 19 20
19 23 17 23
19 23 20 23
20 6 20 2
20 6 20 19
21 3 21 2
21 6 21 12
21 19 21 20
21 19 20 19
22 2 22 0
22 2 22 12
22 2 21 2
22 2 23 2
22 12 22 14
23 0 23 2
23 2 23 7
23 7 23 21
0 4 0 1
0 4 0 1
0 14 0 15
2 11 2 13
7 8 7 7
7 8 6 8
8 21 8 20
8 21 6 21
9 14 9 13
12 0 10 0
12 9 14 9
13 10 14 10
13 16 13 18
14 2 17 2
14 10 13 10
16 23 4 23
20 21 20 20
21 19 21 20
21 19 20 19
0 0 1 0
0 0 1 0
0 23 0 22
7 8 7 7
7 8 6 8
9 13 9 9
12 0 10 0
13 16 13 18
20 21 20 20
0 21 1 21
2 21 2 20
9 9 8 9

2789

2 2 = = 4 2 6 = = = = = = = 4 2 2 4     1 2 2 2 
4 = = = 8 = 8 = = = = = = = = = = 8 = = 7 6 | | 
2 2 - - 7 2 ǁ 1 4 - - 5 = 4     2 4     4 2 | | 
        3 2 ǁ   4 2   ǁ   4 = 2 4 5 1   2   | | 
3           7 = = = = 8 = = = = = = = = = = 8 6 
2 3 5 - 2   | 3   4 1 ǁ 3 - 1 2 6 2 1   3   ǁ ǁ 
    ǁ       | 3 2     ǁ 6 = = = 8 = 4   4 2 ǁ ǁ 
    6 4 2   | 4 4   2 4 2 2 = 4 ǁ 2 2 3 2 ǁ ǁ ǁ 
3   4 2     | 4   6 = = = = = 8 8 4 4   3 4 ǁ ǁ 
2           | 4 2 2 - - - 3 2 | 3 1 |     1 ǁ ǁ 
4 6 - - - - 7 - - - - - - - - 6 - - 7 6 2 | ǁ ǁ 
ǁ   2 6 2 2 ǁ               1 |     | 2   | ǁ ǁ 
2     ǁ 1 ǁ ǁ     3 = = = = 5 |     2 3 4 5 ǁ ǁ 
      ǁ | 3 ǁ     | 2     2 ǁ | 2 = 4   1 ǁ ǁ ǁ 
2   1 ǁ | | ǁ     1 4 = = 8 6 | 3 = 6     ǁ ǁ ǁ 
ǁ   | 5 5 2 ǁ             ǁ 2 | 1   ǁ     ǁ ǁ ǁ 
ǁ   |   4 2 ǁ 2           6 - 7 = = 4     ǁ ǁ 2 
6 5 5 6 6 2 ǁ 1           3 1 ǁ           2 ǁ 2 
2   2 1 4 2 ǁ 2 = = = = = = = 6 2           ǁ ǁ 
1   2       ǁ                           4 = 7 6 
4 5 6 = = = 8 = = = = = = = = = = = = 6 4 2 | 3 
1 2 5 3 4 2 4 = = = = = 2             4 2   | 1 
2 = 8 = = = = = = = = = 4 = 2               1   
1 - 4 - - - - 2 - - - - - - - - - - - - - 1     
