24 24
2 0 0 5 0 0 0 0 6 0 0 0 0 0 0 0 0 0 0 6 4 0 3 0 
4 0 0 5 0 0 0 0 8 0 0 0 5 4 4 0 0 1 2 0 0 0 0 0 
4 2 0 0 0 0 6 4 0 2 4 4 4 3 0 2 5 0 4 0 1 0 0 0 
5 0 0 0 0 0 5 3 0 0 0 0 6 4 0 2 4 1 0 0 0 0 0 0 
0 0 2 0 0 0 4 2 0 0 4 5 6 0 7 4 3 0 5 0 0 0 0 0 
0 0 1 0 0 0 0 0 0 0 0 5 4 2 0 2 0 4 0 0 4 0 6 0 
0 0 0 0 0 0 0 0 0 0 0 4 4 2 0 0 0 0 0 0 0 0 0 0 
0 0 0 0 0 0 0 0 0 6 8 0 0 0 7 0 0 4 3 0 6 0 5 0 
0 0 0 0 0 0 0 0 0 2 0 2 0 4 3 2 3 6 2 0 3 0 0 0 
5 0 0 0 0 0 0 0 4 0 5 0 0 6 4 3 0 0 2 0 1 0 0 0 
5 0 0 0 0 0 0 0 0 0 0 0 0 0 0 0 6 8 6 0 4 0 7 2 
5 0 0 0 0 0 0 0 0 0 5 0 0 0 6 2 0 5 4 0 2 2 0 2 
0 3 0 0 0 0 5 1 0 0 0 3 2 0 0 0 0 4 2 0 0 0 0 0 
0 0 4 0 4 2 0 2 4 0 7 6 5 2 0 0 0 5 0 8 0 6 0 0 
0 1 0 0 0 2 0 0 0 0 0 0 0 0 0 0 0 0 2 0 3 6 7 5 
0 0 0 0 0 0 0 0 0 0 5 1 3 0 6 2 0 0 3 0 2 0 3 0 
4 0 6 0 4 3 0 0 0 1 0 0 3 0 0 3 0 0 0 0 3 4 3 2 
0 0 5 4 4 0 0 0 0 0 0 0 0 0 0 3 0 5 5 0 4 0 0 1 
5 0 4 0 0 0 0 0 4 4 0 0 4 0 5 6 5 0 4 0 4 0 0 0 
0 1 1 0 0 0 0 0 3 5 3 0 2 0 0 2 0 0 3 0 0 0 2 0 
4 3 0 0 0 0 0 0 0 2 2 0 0 0 0 0 3 0 5 8 4 0 0 0 
2 0 0 0 0 0 6 0 0 0 0 0 0 0 0 0 0 7 6 3 3 0 0 0 
3 0 4 0 5 0 3 0 0 0 0 0 0 0 0 4 2 2 4 0 4 4 6 1 
0 0 0 0 2 0 1 0 0 0 0 0 0 0 0 5 3 0 0 0 0 1 1 0 
200 369
0 3 0 0
0 3 0 8
0 3 1 3
0 8 0 3
0 8 0 19
0 8 1 8
0 19 0 8
0 19 0 20
0 19 13 19
1 8 1 3
1 8 1 12
1 8 0 8
1 8 9 8
2 6 2 1
2 6 2 7
2 6 3 6
2 6 2 1
2 6 2 7
2 6 3 6
2 7 3 7
2 16 2 15
2 16 2 18
2 16 3 16
3 0 3 6
3 0 2 0
3 0 9 0
3 12 3 13
3 12 2 12
3 12 4 12
3 12 3 13
3 12 2 12
3 12 4 12
4 12 4 11
4 12 4 14
4 12 5 12
4 12 4 11
4 14 4 15
4 14 1 14
4 14 7 14
4 18 4 16
4 18 2 18
4 18 7 18
5 11 5 12
5 11 4 11
5 11 6 11
5 17 5 15
5 17 7 17
5 17 5 15
5 17 7 17
5 22 5 20
5 22 0 22
5 22 7 22
5 22 5 20
5 22 0 22
5 22 7 22
7 9 7 10
7 9 2 9
7 9 8 9
7 9 7 10
7 9 2 9
7 9 8 9
7 10 7 14
7 10 4 10
7 10 9 10
7 20 7 22
7 20 5 20
7 20 8 20
7 20 7 22
7 20 5 20
7 20 8 20
7 22 10 22
8 20 9 20
10 0 10 16
10 0 9 0
10 0 11 0
10 17 10 16
10 17 10 18
10 17 8 17
10 17 11 17
10 17 10 16
10 17 10 18
10 17 8 17
10 17 11 17
10 18 9 18
10 18 11 18
10 18 9 18
10 18 11 18
10 20 10 22
10 20 11 20
10 20 10 22
10 20 11 20
10 22 10 23
10 22 14 22
11 10 11 0
11 10 11 14
11 10 13 10
11 14 11 10
11 14 11 15
11 14 15 14
11 14 11 15
11 14 15 14
11 18 11 17
11 18 12 18
11 21 13 21
12 1 12 6
12 1 14 1
12 1 12 6
13 2 13 4
13 2 16 2
13 2 13 4
13 2 16 2
13 4 13 5
13 4 16 4
13 13 13 12
13 17 13 19
13 17 12 17
13 17 17 17
13 19 13 17
13 19 13 21
13 19 0 19
13 19 20 19
13 21 13 19
13 21 11 21
13 21 14 21
13 21 14 21
14 18 15 18
14 21 14 20
14 21 14 22
14 21 16 21
14 21 14 20
14 22 14 23
14 22 10 22
14 22 15 22
15 10 15 11
15 10 13 10
15 10 19 10
15 14 15 12
15 14 15 15
15 14 18 14
15 14 15 12
15 15 16 15
16 2 16 0
16 2 16 4
16 2 17 2
16 2 16 0
16 4 16 5
16 4 17 4
16 15 17 15
17 2 17 3
17 2 18 2
17 3 17 2
17 3 17 4
17 3 17 2
17 4 22 4
17 18 17 17
17 18 15 18
17 18 18 18
18 0 18 2
18 0 16 0
18 0 20 0
18 2 18 0
18 2 19 2
18 14 18 12
18 14 18 15
18 20 17 20
18 20 20 20
18 20 17 20
18 20 20 20
19 1 20 1
20 1 20 0
20 19 20 18
20 19 20 20
20 19 13 19
20 19 21 19
20 20 20 19
21 6 21 17
21 6 12 6
21 6 22 6
21 6 21 17
21 6 12 6
21 6 22 6
21 17 21 18
21 17 17 17
21 17 22 17
22 2 22 0
22 2 22 4
22 2 22 0
22 2 22 4
22 22 22 21
22 22 22 23
22 22 19 22
22 22 23 22
23 15 23 6
23 15 23 16
23 15 22 15
0 19 0 20
0 20 0 22
0 20 2 20
1 8 1 3
1 8 1 12
1 8 9 8
2 0 1 0
2 0 3 0
2 0 1 0
2 7 3 7
2 10 2 11
2 10 4 10
2 10 2 11
2 10 4 10
2 11 2 12
2 11 4 11
2 12 2 13
3 13 2 13
3 17 3 16
4 10 4 11
4 14 4 15
4 14 1 14
4 14 7 14
4 15 4 16
4 15 3 15
5 2 4 2
6 11 6 12
6 11 5 11
6 11 6 12
6 12 6 13
6 12 5 12
6 13 5 13
8 11 8 13
8 17 8 16
8 17 8 18
8 17 7 17
8 17 8 16
8 18 7 18
9 8 9 0
9 8 9 10
9 13 9 10
9 13 9 14
9 13 8 13
9 13 9 10
9 13 9 14
9 13 8 13
9 14 9 15
9 14 8 14
9 15 8 15
10 16 10 0
10 16 8 16
10 16 18 16
10 22 10 23
11 0 11 10
11 0 10 0
11 0 16 0
11 17 12 17
11 17 12 17
11 23 14 23
12 6 12 7
12 17 12 18
13 5 14 5
13 7 13 8
13 10 13 8
13 10 13 11
13 10 15 10
13 11 13 10
13 11 13 12
13 11 12 11
13 11 13 10
13 11 13 12
13 13 13 12
13 17 17 17
14 5 16 5
14 18 15 18
14 20 15 20
14 22 14 23
14 22 15 22
15 10 19 10
15 20 16 20
15 22 16 22
16 9 18 9
16 15 17 15
17 4 22 4
17 15 18 15
17 20 17 23
17 20 16 20
18 0 20 0
18 9 18 8
18 9 19 9
18 9 18 8
18 14 18 12
18 14 18 15
18 16 18 15
18 16 20 16
18 16 18 15
18 16 20 16
18 18 17 18
18 18 19 18
18 18 17 18
19 18 20 18
19 22 22 22
20 0 20 1
20 16 20 10
20 19 20 18
20 19 21 19
21 0 22 0
22 22 22 21
23 4 22 4
23 15 23 16
23 15 22 15
1 0 1 3
1 0 0 0
1 3 0 3
1 12 1 13
1 14 1 13
1 14 1 17
1 18 2 18
1 18 2 18
2 16 2 15
2 16 3 16
3 13 2 13
3 15 3 16
4 2 4 6
4 6 4 7
4 6 3 6
4 6 4 7
4 16 4 18
4 18 7 18
5 11 5 12
7 17 7 14
8 11 8 13
9 0 3 0
9 10 7 10
9 15 8 15
11 23 14 23
12 11 12 12
13 7 13 8
13 8 18 8
14 23 16 23
16 20 16 21
16 21 16 22
16 23 16 22
17 17 21 17
18 8 19 8
18 12 16 12
18 12 19 12
18 15 19 15
19 8 19 9
19 15 19 12
19 18 20 18
20 18 21 18
21 18 21 17
21 18 21 19
21 18 22 18
21 18 22 18
21 20 22 20
22 6 22 15
22 15 22 16
22 18 22 17
22 18 22 20
22 20 22 21
22 20 21 20
22 21 23 21
23 16 22 16
1 12 1 13
1 13 1 12
3 6 3 7
7 10 7 14
7 14 8 14
7 14 8 14
12 11 12 12
13 12 15 12
19 8 19 9

1927

2 - - 5 = = = = 6 = = = = = = = = = = 6 4 - 3   
4 - - 5 = = = = 8 = = = 5 4 4 - - 1 2 ǁ |   ǁ   
4 2 = = = = 6 4 ǁ 2 4 4 4 3 ǁ 2 5 - 4 ǁ 1   ǁ   
5 - - - - - 5 3 ǁ ǁ ǁ | 6 4 ǁ 2 4 1 | ǁ     ǁ   
ǁ   2 - - - 4 2 ǁ ǁ 4 5 6 - 7 4 3 = 5 ǁ     ǁ   
ǁ   1           ǁ ǁ | 5 4 2 ǁ 2 = 4 ǁ ǁ 4 = 6   
ǁ               ǁ ǁ | 4 4 2 ǁ     ǁ ǁ ǁ ǁ   ǁ   
ǁ               ǁ 6 8 = = = 7 - - 4 3 ǁ 6 = 5   
ǁ               ǁ 2 ǁ 2 = 4 3 2 3 6 2 ǁ 3   |   
5 - - - - - - - 4 - 5 = = 6 4 3 | ǁ 2 ǁ 1   |   
5 = = = = = = = = = = = = = = = 6 8 6 ǁ 4 = 7 2 
5 = = = = = = = = = 5 = = = 6 2 | 5 4 ǁ 2 2 ǁ 2 
| 3 = = = = 5 1     | 3 2   ǁ   | 4 2 ǁ   ǁ ǁ ǁ 
| | 4 = 4 2 ǁ 2 4 - 7 6 5 2 ǁ   | 5 = 8 = 6 ǁ ǁ 
| 1 ǁ   | 2 ǁ   |   ǁ   |   ǁ   | ǁ 2 ǁ 3 6 7 5 
|   ǁ   | | ǁ   |   5 1 3 = 6 2 | ǁ 3 ǁ 2 | 3 | 
4 = 6 - 4 3 ǁ   | 1 ǁ   3   | 3 | ǁ | ǁ 3 4 3 2 
|   5 4 4   ǁ   | | ǁ   |   | 3 | 5 5 ǁ 4 - - 1 
5 = 4   ǁ   ǁ   4 4 ǁ   4 = 5 6 5 ǁ 4 ǁ 4       
ǁ 1 1   ǁ   ǁ   3 5 3   2 - - 2 ǁ ǁ 3 ǁ ǁ   2   
4 3     ǁ   ǁ     2 2 - - - - - 3 ǁ 5 8 4   ǁ   
2       ǁ   6 = = = = = = = = = = 7 6 3 3   ǁ   
3 = 4 = 5   3 - - - - - - - - 4 2 2 4 - 4 4 6 1 
        2   1 - - - - - - - - 5 3         1 1   
