24 24
2 0 0 0 0 0 0 4 0 0 0 0 4 4 4 4 0 6 0 4 4 3 4 1 
0 1 4 0 4 0 0 0 2 3 0 0 0 0 5 0 1 0 0 2 2 0 0 0 
0 3 5 2 7 0 0 7 0 0 0 6 3 1 0 5 2 0 2 8 0 6 8 3 
0 0 0 2 4 2 1 0 0 2 0 7 0 0 5 5 2 0 0 3 1 0 4 1 
0 1 4 0 0 0 0 7 0 0 0 6 0 0 0 0 0 5 0 0 0 5 5 4 
0 4 4 1 0 5 3 0 2 0 0 0 1 0 0 3 2 0 0 0 0 0 4 6 
0 5 6 0 0 5 5 0 4 0 0 6 0 0 0 7 6 0 0 0 0 0 0 4 
0 2 0 3 0 2 3 0 2 0 4 0 0 0 0 0 0 0 3 0 0 5 5 0 
0 0 0 0 0 3 4 0 0 0 0 0 0 0 0 0 2 0 2 1 1 5 4 0 
0 0 0 6 0 3 0 0 2 3 0 0 0 0 0 0 0 0 4 2 0 0 0 0 
4 0 5 0 2 0 4 0 1 0 0 0 0 0 0 0 0 0 6 0 0 6 4 0 
3 4 3 4 0 0 0 0 0 0 0 0 0 0 0 0 0 0 3 1 0 0 3 0 
4 5 2 0 0 0 0 0 5 5 0 2 2 0 0 8 2 0 0 0 0 0 0 0 
0 0 0 0 0 0 0 0 0 0 0 3 0 0 2 2 0 0 0 0 0 0 0 0 
3 5 0 7 0 0 0 5 3 6 6 0 0 0 0 0 0 6 0 0 0 7 7 4 
4 6 2 0 2 1 0 0 0 0 0 0 0 0 0 0 0 0 2 3 0 0 3 3 
6 5 0 5 0 0 0 0 0 0 0 2 0 0 0 0 0 0 5 6 0 7 3 0 
0 3 4 4 5 5 2 0 0 0 2 0 0 0 0 0 0 0 4 5 3 0 0 0 
0 0 0 0 0 0 0 2 1 2 1 6 0 0 0 0 0 7 0 6 0 0 2 0 
0 0 3 0 0 0 0 0 0 0 3 0 4 4 0 0 0 0 1 0 0 0 0 0 
2 0 0 0 0 0 0 0 0 0 0 0 0 0 0 0 0 0 3 4 0 0 0 4 
0 0 0 0 0 0 0 0 0 0 0 2 3 7 0 0 0 6 4 5 0 5 3 4 
0 0 0 0 0 0 0 0 0 0 4 0 0 8 4 0 0 6 0 4 2 4 0 0 
0 0 0 0 0 0 0 0 0 0 0 0 0 3 0 0 0 0 0 0 0 3 0 0 
200 184
0 17 0 15
0 17 0 19
0 17 4 17
2 4 2 3
2 4 2 7
2 4 1 4
2 4 3 4
2 11 2 7
2 11 2 12
2 11 3 11
2 19 2 18
2 19 2 21
2 19 1 19
2 19 3 19
2 22 2 21
2 22 2 23
2 22 0 22
2 22 3 22
4 7 4 2
4 7 4 11
4 7 2 7
4 7 14 7
5 5 5 3
5 5 5 6
5 5 6 5
5 23 5 22
5 23 4 23
5 23 6 23
6 1 6 2
6 1 5 1
6 1 7 1
6 6 6 5
6 6 5 6
6 6 7 6
6 15 6 11
6 15 6 16
6 15 5 15
6 15 12 15
7 10 7 8
7 10 14 10
7 10 7 8
7 10 14 10
7 22 7 21
7 22 5 22
7 22 8 22
9 3 9 5
9 3 7 3
9 3 11 3
10 2 10 0
10 2 6 2
10 2 11 2
10 18 10 21
10 18 9 18
10 18 11 18
10 18 10 21
10 18 9 18
10 18 11 18
12 8 12 9
12 8 10 8
12 8 14 8
12 15 12 12
12 15 12 16
12 15 6 15
12 15 13 15
14 3 14 1
14 3 14 7
14 3 11 3
14 3 16 3
14 21 14 17
14 21 14 22
14 21 10 21
14 21 16 21
16 0 16 1
16 0 15 0
16 0 20 0
17 4 17 3
17 4 17 5
17 4 15 4
17 5 17 4
17 5 17 6
17 5 15 5
18 17 18 11
18 17 18 19
18 17 14 17
18 17 21 17
19 13 19 12
19 13 21 13
19 13 19 12
19 13 21 13
19 18 20 18
20 0 16 0
21 13 21 12
21 13 21 17
21 13 22 13
21 23 21 22
21 23 20 23
22 10 22 13
22 10 19 10
22 13 22 10
22 13 22 14
22 13 21 13
22 13 23 13
22 17 22 14
22 17 22 19
22 17 21 17
0 17 0 15
0 17 0 19
0 17 4 17
2 11 2 7
2 11 2 12
2 11 3 11
2 19 2 18
2 19 2 21
2 19 1 19
2 19 3 19
2 22 2 21
2 22 2 23
2 22 0 22
2 22 3 22
3 6 3 5
3 9 3 11
3 14 3 11
3 14 3 15
3 14 1 14
5 23 5 22
5 23 4 23
5 23 6 23
6 8 6 11
6 8 5 8
6 8 6 11
6 8 5 8
6 16 6 15
6 16 5 16
6 16 8 16
6 23 14 23
7 1 6 1
9 3 9 5
9 3 7 3
9 3 11 3
9 5 8 5
9 8 9 9
10 4 10 6
11 18 11 19
12 15 12 12
12 15 12 16
12 15 13 15
13 14 13 11
15 4 17 4
16 0 16 1
16 0 15 0
16 18 16 19
16 18 15 18
16 18 17 18
17 5 17 6
21 23 21 22
21 23 20 23
22 10 19 10
22 13 22 14
22 13 21 13
22 14 22 17
22 17 22 19
22 17 21 17
23 13 23 21
23 13 23 21
23 21 22 21
0 19 0 20
0 19 0 20
1 20 0 20
2 15 2 16
2 15 0 15
2 15 3 15
3 5 3 4
3 9 3 11
5 12 5 15
6 23 14 23
7 3 7 5
9 8 9 9
9 9 12 9
10 4 10 6
10 6 8 6
13 14 13 11
1 16 2 16
1 20 0 20
10 6 8 6

2327

2             4         4 4 4 4 = 6 = 4 4 3 4 1 
  1 4   4       2 3         5 | 1 ǁ   2 2   ǁ   
  3 5 2 7 - - 7 = = = 6 3 1 | 5 2 ǁ 2 8 = 6 8 3 
      2 4 2 1 |   2 = 7 - - 5 5 2 ǁ   3 1   4 1 
  1 4 - - - - 7 - - - 6           5       5 5 4 
  4 4 1 - 5 3 | 2       1 - - 3 2           4 6 
  5 6     5 5 | 4 = = 6 - - - 7 6           | 4 
  2 | 3 - 2 3 | 2 = 4         ǁ |   3     5 5 ǁ 
    | ǁ   3 4 |     ǁ         ǁ 2   2 1 1 5 4 ǁ 
    | 6 = 3 ǁ | 2 3 ǁ         ǁ     4 2       ǁ 
4 - 5 ǁ 2 = 4 | 1 | ǁ         ǁ     6 = = 6 4 ǁ 
3 4 3 4       | | | ǁ         ǁ     3 1   | 3 ǁ 
4 5 2 |       | 5 5 ǁ 2 2 = = 8 2         |   ǁ 
      |       | |   ǁ 3 = = 2 2           |   ǁ 
3 5 - 7 - - - 5 3 6 6             6 - - - 7 7 4 
4 6 2 | 2 1                       | 2 3   | 3 3 
6 5   5 ǁ |           2           | 5 6   7 3   
ǁ 3 4 4 5 5 2       2             | 4 5 3       
ǁ             2 1 2 1 6 - - - - - 7 - 6     2   
ǁ   3               3   4 4       | 1           
2                   ǁ     ǁ       | 3 4       4 
                    ǁ 2 3 7 - - - 6 4 5   5 3 4 
                    4 = = 8 4 = = 6 = 4 2 4     
                          3 = = = = = = = 3     
