7 9
2 0 0 2 0 2 0 
0 0 3 0 1 0 1 
0 0 0 4 0 4 0 
5 0 5 0 1 0 3 
0 0 0 2 0 1 0 
0 0 2 0 0 0 0 
3 0 0 0 3 0 6 
0 0 3 0 0 2 0 
2 0 0 0 2 0 3 
23 30
1 2 1 4
1 2 3 2
1 2 3 2
1 6 3 6
2 3 2 5
2 3 4 3
2 3 2 5
2 3 4 3
3 0 3 2
3 0 0 0
3 0 6 0
6 6 6 4
6 6 3 6
6 6 8 6
7 5 7 2
3 0 3 2
3 0 0 0
3 2 5 2
4 5 2 5
5 2 7 2
6 0 8 0
7 2 7 5
0 3 0 5
0 5 0 3
3 4 6 4
3 6 6 6
6 0 8 0
6 4 6 6
6 6 8 6
8 4 8 6

270

2     2 = 2   
ǁ   3 - 1   1 
ǁ   ǁ 4 = 4 | 
5 = 5 ǁ 1 | 3 
|   | 2 | 1 ǁ 
|   2   |   ǁ 
3   |   3 = 6 
ǁ   3 = = 2 ǁ 
2       2 - 3 
