7 9
0 2 0 0 3 0 0 
2 0 0 0 0 0 1 
0 3 0 1 0 0 0 
3 0 0 0 6 0 3 
0 6 0 3 0 0 0 
0 0 1 0 6 0 3 
2 0 0 0 0 0 0 
0 3 0 1 0 0 2 
2 0 2 0 3 0 0 
21 29
4 1 4 3
4 1 2 1
4 1 7 1
7 1 7 3
7 1 4 1
7 6 5 6
7 6 5 6
3 4 3 6
3 4 0 4
3 4 5 4
3 4 3 6
3 4 0 4
3 4 5 4
4 1 4 3
4 1 2 1
4 3 2 3
5 2 5 4
5 4 5 6
5 4 8 4
5 4 8 4
8 4 8 2
0 1 0 4
0 1 2 1
1 0 3 0
1 6 3 6
8 2 8 0
1 0 3 0
3 0 6 0
6 0 8 0

246

  2 - - 3     
2 |     ǁ   1 
ǁ 3   1 ǁ   | 
3 ǁ   | 6 = 3 
| 6 = 3 ǁ     
| ǁ 1 - 6 - 3 
2 ǁ     ǁ   ǁ 
| 3 - 1 ǁ   2 
2 - 2 - 3     
