7 9
2 0 2 0 0 2 0 
0 2 0 0 3 0 1 
5 0 0 2 0 0 0 
0 0 0 0 0 2 0 
6 0 4 0 3 0 2 
0 1 0 0 0 1 0 
3 0 1 0 0 0 0 
0 3 0 0 4 0 2 
2 0 2 0 0 1 0 
23 28
2 0 2 3
2 0 0 0
2 0 4 0
2 3 2 0
4 0 4 2
4 0 2 0
4 0 6 0
0 0 0 2
0 2 0 5
0 5 3 5
1 1 1 4
1 6 4 6
3 5 5 5
4 6 7 6
5 1 7 1
7 1 7 4
7 6 7 4
8 5 8 2
1 1 1 4
1 4 4 4
6 2 4 2
7 1 7 4
7 4 4 4
8 2 8 0
4 4 4 2
8 0 6 0
4 2 4 0
6 0 4 0

2 - 2 - - 2   
| 2 = = 3 | 1 
5 = = 2 | | | 
ǁ       | 2 | 
6 = 4 - 3 | 2 
ǁ 1 |   | 1 | 
3 | 1   |   | 
| 3 = = 4 - 2 
2 - 2 - - 1   
