7 9
2 0 3 0 4 0 2 
0 0 0 0 0 0 0 
4 0 0 5 0 3 0 
0 0 0 0 0 0 1 
5 0 3 0 0 1 0 
0 2 0 4 0 0 5 
2 0 2 0 0 1 0 
0 4 0 0 4 0 4 
2 0 0 3 0 2 0 
23 34
2 3 2 0
2 3 2 5
2 3 5 3
4 0 4 2
4 0 2 0
4 0 6 0
5 6 5 3
5 6 3 6
5 6 7 6
7 1 7 4
7 1 5 1
7 1 7 4
7 1 5 1
7 4 7 6
7 6 7 4
7 6 5 6
8 5 8 3
0 4 0 2
0 4 0 6
0 4 0 2
0 4 0 6
4 5 2 5
5 3 5 6
5 3 2 3
6 5 6 2
8 5 8 3
0 2 0 0
2 5 2 3
6 2 4 2
8 0 8 3
8 0 6 0
0 0 2 0
2 0 4 0
4 0 4 2

2 - 3 = 4 = 2 
|             
4 - - 5 = 3   
ǁ     ǁ   | 1 
5 = 3 ǁ   1 | 
| 2 | 4 = = 5 
2 ǁ 2 - - 1 ǁ 
| 4 = = 4 = 4 
2 - - 3 = 2   
