7 9
2 0 2 0 1 0 0 
0 2 0 5 0 0 2 
4 0 1 0 0 2 0 
0 0 0 0 0 0 2 
5 0 0 8 0 5 0 
0 1 0 0 2 0 0 
1 0 0 2 0 0 2 
0 0 0 0 0 1 0 
0 3 0 0 6 0 3 
22 31
1 3 1 1
1 3 1 6
1 3 4 3
2 2 2 0
2 5 4 5
4 0 4 3
4 0 2 0
4 0 6 0
4 3 4 0
4 3 4 5
4 3 1 3
4 3 6 3
4 5 4 3
4 5 2 5
4 5 7 5
5 1 8 1
5 4 8 4
6 3 4 3
8 1 8 4
8 1 8 4
8 4 8 6
8 4 5 4
8 4 8 6
8 6 6 6
0 4 0 2
1 1 1 3
1 6 3 6
2 0 0 0
2 0 4 0
3 6 6 6
0 0 0 2

255

2 - 2 - 1     
| 2 = 5 - - 2 
4 - 1 ǁ   2 | 
ǁ     ǁ   ǁ 2 
5 = = 8 = 5 | 
| 1   ǁ 2 | | 
1 |   2 ǁ | 2 
  |     ǁ 1 | 
  3 = = 6 = 3 
