7 9
2 0 3 0 0 1 0 
0 0 0 0 0 0 0 
5 0 8 0 4 0 3 
0 1 0 0 0 0 0 
2 0 3 0 1 0 3 
0 0 0 0 0 0 0 
0 2 0 3 0 0 6 
2 0 3 0 2 0 0 
0 1 0 2 0 0 3 
21 28
0 5 0 2
2 0 2 2
2 0 0 0
2 0 4 0
2 2 2 0
2 2 2 4
2 2 0 2
2 2 4 2
3 1 6 1
6 6 6 3
6 6 4 6
6 6 8 6
6 6 6 3
6 6 4 6
6 6 8 6
7 4 7 2
8 3 8 1
8 3 8 6
2 2 2 4
2 2 0 2
2 2 4 2
2 4 2 6
2 4 4 4
2 6 4 6
4 2 7 2
7 0 7 2
7 0 4 0
0 0 2 0

2   3 - - 1   
ǁ   ǁ         
5 = 8 = 4 - 3 
| 1 ǁ   |   | 
2 | 3   1   3 
| | |       ǁ 
| 2 | 3 = = 6 
2 - 3 - 2   ǁ 
  1 - 2 - - 3 
