7 9
2 0 4 0 2 0 1 
0 0 0 3 0 1 0 
0 0 1 0 1 0 3 
4 0 0 8 0 2 0 
0 1 0 0 2 0 4 
2 0 0 0 0 0 0 
0 2 0 4 0 0 3 
2 0 2 0 0 1 0 
0 1 0 2 0 0 2 
25 29
1 3 1 5
1 3 3 3
1 3 3 3
3 3 3 0
3 3 3 5
3 3 6 3
4 1 6 1
4 4 4 6
7 5 7 2
2 2 0 2
2 4 2 6
3 3 3 0
3 3 3 5
3 3 6 3
4 4 4 6
4 6 2 6
4 6 6 6
6 3 6 1
6 3 6 6
6 6 8 6
7 2 7 0
8 1 8 3
8 3 8 6
0 2 0 0
0 2 0 4
0 2 0 0
0 4 0 6
3 0 5 0
3 0 5 0

283

2 = 4 - 2 - 1 
    | 3 - 1   
    1 ǁ 1 - 3 
4 = = 8 = 2 | 
ǁ 1   ǁ 2 = 4 
2 |   ǁ     | 
  2 - 4 - - 3 
2 - 2 - - 1 | 
  1 - 2 - - 2 
