8 10
2 0 2 0 4 0 4 0 
0 0 0 0 0 0 0 1 
0 3 0 0 4 0 4 0 
2 0 0 0 0 1 0 2 
0 5 0 2 0 0 2 0 
2 0 2 0 3 0 0 2 
0 0 0 2 0 3 0 0 
0 2 0 0 2 0 1 0 
0 0 0 3 0 6 0 3 
3 0 6 0 3 0 1 0 
30 32
0 6 0 4
0 6 2 6
1 7 3 7
4 1 4 3
4 1 2 1
4 1 7 1
8 5 8 3
8 5 8 7
8 5 6 5
9 2 9 0
9 2 9 4
9 2 5 2
9 6 9 4
0 6 0 4
0 6 2 6
7 1 4 1
7 4 5 4
7 6 4 6
8 5 8 3
8 5 8 7
8 5 6 5
8 7 5 7
9 4 9 2
4 1 4 3
4 6 2 6
5 7 3 7
6 3 8 3
6 5 3 5
7 4 5 4
2 1 2 4
2 1 2 4
2 6 2 4

283

2   2   4 = 4   
            ǁ 1 
  3 = = 4 - 4 | 
2 |       1 | 2 
  5 = 2   | 2 | 
2 ǁ 2   3 | | 2 
  ǁ | 2 ǁ 3 | | 
  2 | | 2 ǁ 1 | 
    | 3 = 6 = 3 
3 - 6 = 3 - 1   
