8 10
4 0 3 0 4 0 0 2 
0 1 0 3 0 0 0 0 
0 0 0 0 4 0 2 0 
5 0 0 6 0 0 0 2 
0 0 2 0 5 0 6 0 
0 1 0 0 0 2 0 3 
3 0 0 2 0 0 3 0 
0 0 4 0 3 0 0 4 
2 0 0 0 0 0 1 0 
0 2 0 3 0 5 0 3 
29 41
0 0 0 2
0 0 3 0
0 0 0 2
0 0 3 0
1 3 1 1
1 3 3 3
1 3 3 3
3 3 3 0
3 3 3 7
3 3 6 3
3 3 3 0
4 2 7 2
4 6 4 4
4 6 6 6
4 6 4 4
4 6 6 6
5 1 9 1
5 5 9 5
6 3 9 3
6 6 8 6
7 2 4 2
7 4 4 4
7 7 5 7
7 7 9 7
7 7 5 7
7 7 9 7
8 0 6 0
9 1 9 3
9 3 9 5
9 5 9 7
9 5 5 5
0 2 0 4
0 4 0 7
0 4 2 4
0 4 0 7
2 4 2 6
2 6 2 4
3 0 6 0
3 7 5 7
4 4 7 4
6 0 8 0

315

4 = 3 - 4 = = 2 
ǁ 1 - 3 |       
ǁ     ǁ 4 = 2   
5 = = 6 - - - 2 
|   2 | 5 = 6 | 
| 1 ǁ | ǁ 2 ǁ 3 
3 | ǁ 2 ǁ ǁ 3 ǁ 
ǁ | 4 | 3 ǁ | 4 
2 |   |   ǁ 1 ǁ 
  2 - 3 - 5 - 3 
