8 10
0 2 0 2 0 3 0 3 
1 0 0 0 2 0 0 0 
0 5 0 3 0 0 1 0 
2 0 0 0 0 1 0 4 
0 4 0 0 8 0 4 0 
2 0 2 0 0 1 0 0 
0 2 0 0 0 0 0 3 
2 0 3 0 3 0 2 0 
0 2 0 2 0 2 0 1 
2 0 2 0 2 0 2 0 
32 39
2 1 2 3
2 1 0 1
2 1 4 1
4 4 4 1
4 4 4 6
4 4 1 4
4 4 7 4
4 4 4 1
4 4 4 6
4 4 1 4
4 4 7 4
4 6 2 6
4 6 7 6
5 5 8 5
7 6 9 6
8 5 8 3
8 7 6 7
9 6 9 4
1 0 3 0
3 0 5 0
3 5 0 5
3 7 0 7
3 7 6 7
3 7 0 7
3 7 6 7
4 1 2 1
6 1 8 1
7 4 7 2
8 3 8 1
9 4 9 2
0 7 0 5
7 2 5 2
9 2 9 0
0 5 0 3
2 3 2 1
2 3 0 3
7 0 5 0
7 0 9 0
7 2 5 2

435

  2   2 - 3 - 3 
1 |   | 2 |   ǁ 
| 5 = 3 ǁ | 1 ǁ 
2 ǁ     ǁ 1 | 4 
| 4 = = 8 = 4 ǁ 
2   2   ǁ 1 | ǁ 
| 2 ǁ   ǁ | | 3 
2 | 3 - 3 | 2 | 
| 2 - 2 - 2 | 1 
2 - 2 - 2 - 2   
