8 10
0 3 0 0 6 0 3 0 
1 0 1 0 0 0 0 2 
0 3 0 0 0 0 1 0 
2 0 3 0 6 0 0 5 
0 4 0 2 0 0 1 0 
2 0 0 0 0 0 0 0 
0 0 3 0 0 6 0 5 
2 0 0 0 0 0 1 0 
0 1 0 1 0 3 0 2 
2 0 3 0 2 0 2 0 
29 35
0 4 0 1
0 4 0 6
0 4 3 4
0 4 0 1
0 4 0 6
0 4 3 4
0 6 2 6
1 7 3 7
3 4 3 2
3 4 3 7
3 4 9 4
3 4 3 2
4 6 7 6
6 5 8 5
6 5 8 5
8 5 8 7
8 7 6 7
9 6 9 4
0 1 2 1
1 0 3 0
1 2 3 2
1 7 3 7
2 1 4 1
2 1 4 1
3 0 5 0
3 7 6 7
4 1 4 3
4 1 8 1
4 3 8 3
5 0 7 0
6 2 9 2
6 7 3 7
7 0 9 0
9 0 9 2
9 2 6 2

  3 = = 6 = 3   
1 | 1   ǁ   | 2 
| 3 |   ǁ   1 ǁ 
2 ǁ 3 = 6 - - 5 
| 4 - 2 |   1 ǁ 
2 |   | |   | ǁ 
| | 3 | | 6 | 5 
2 | ǁ | | ǁ 1 | 
| 1 ǁ 1 | 3 - 2 
2 - 3   2 - 2   
