8 10
0 1 0 3 0 4 0 3 
3 0 6 0 3 0 1 0 
0 0 0 1 0 2 0 3 
0 0 3 0 2 0 3 0 
4 0 0 3 0 3 0 2 
0 0 0 0 0 0 2 0 
6 0 2 0 0 0 0 0 
0 2 0 7 0 6 0 3 
0 0 0 0 0 0 0 0 
2 0 0 3 0 0 1 0 
28 28
1 2 1 0
1 2 1 4
1 2 3 2
6 0 6 2
6 0 4 0
6 0 9 0
7 1 7 3
7 3 7 1
7 3 7 5
7 3 4 3
7 3 9 3
7 5 7 3
7 5 7 7
7 5 4 5
9 6 9 3
0 1 0 3
0 3 0 5
1 2 1 0
1 2 1 4
1 2 3 2
5 6 3 6
7 5 7 7
7 5 4 5
7 7 4 7
0 3 0 5
1 0 4 0
4 7 2 7
5 6 3 6

372

  1 - 3 = 4   3 
3 = 6 = 3   1   
|   ǁ 1   2   3 
|   3   2   3 | 
4     3   3 ǁ 2 
|     |   ǁ 2 | 
6 - 2 |   ǁ   | 
| 2 = 7 = 6 = 3 
|     |         
2     3 - - 1   
