8 10
1 0 2 0 5 0 1 0 
0 0 0 0 0 1 0 2 
4 0 5 0 8 0 2 0 
0 0 0 0 0 2 0 4 
3 0 4 0 8 0 4 0 
0 0 0 1 0 1 0 2 
0 0 1 0 3 0 3 0 
4 0 0 2 0 2 0 2 
0 0 2 0 3 0 1 0 
2 0 0 2 0 3 0 2 
33 28
0 4 0 2
0 4 0 6
0 4 2 4
2 4 2 2
2 4 2 2
2 4 2 6
2 4 2 6
2 4 0 4
2 4 0 4
2 4 4 4
2 4 4 4
4 6 4 4
4 6 4 4
4 6 6 6
4 6 6 6
1 5 1 7
1 7 3 7
2 2 2 0
2 2 0 2
2 2 4 2
3 5 3 7
3 7 3 5
3 7 3 5
3 7 5 7
3 7 5 7
0 0 2 0
2 0 4 0
2 0 4 0

1   2 - 5 - 1   
|   |   ? 1 - 2 
4 - 5 =   = 2 | 
ǁ   |   ǁ   |   
3   4   8 = 4 ǁ 
      1   1 ǁ 2 
    1   3   3   
4     2   2   2 
    2   3   1   
2     2   3   2 
