29 29
4 2 1 0 0 2 0 0 4 3 3 1 1 3 0 0 0 4 0 0 0 0 0 0 0 3 1 2 0 
6 0 0 0 0 0 0 0 6 0 0 0 0 0 0 0 0 0 4 0 0 0 0 0 0 5 1 0 0 
0 4 0 5 0 0 0 0 4 0 1 1 4 2 0 1 0 0 0 4 6 0 0 4 4 0 2 0 2 
0 0 1 0 3 0 6 2 0 2 0 0 4 4 0 7 3 3 0 0 2 1 0 5 5 0 0 0 0 
0 0 0 0 4 1 0 1 0 4 2 0 0 2 1 3 3 3 0 5 0 0 3 5 2 0 5 6 4 
0 5 3 0 4 0 6 2 0 3 2 0 0 0 0 0 4 0 0 0 0 0 0 0 0 0 0 2 2 
0 4 5 0 3 2 0 2 6 0 0 0 5 0 0 0 6 3 0 0 0 0 0 0 0 0 0 1 0 
0 2 2 0 3 0 6 2 1 4 0 0 0 0 3 4 3 0 0 0 2 0 0 0 0 0 0 1 0 
4 6 2 0 3 2 0 3 0 6 0 4 2 1 0 4 2 0 0 0 0 0 0 0 0 0 0 0 0 
3 0 0 0 4 2 0 6 2 0 2 0 0 0 0 2 0 3 0 0 6 0 5 0 2 0 0 4 6 
2 0 0 0 4 1 0 2 0 0 4 4 6 2 0 1 0 0 0 0 0 0 2 0 0 0 0 0 2 
2 0 0 0 0 0 0 3 4 0 0 2 6 2 0 0 0 0 0 0 2 0 0 4 6 0 0 0 1 
0 0 0 0 0 0 0 0 0 0 0 0 2 3 5 4 2 0 0 0 0 0 0 1 2 0 0 4 2 
0 0 1 0 0 0 0 0 2 0 0 0 0 0 3 0 2 0 0 6 0 0 0 0 0 5 0 0 1 
0 0 2 0 0 0 0 0 0 0 3 0 0 0 0 0 0 0 2 2 1 5 2 3 2 0 0 0 2 
0 5 3 0 0 0 0 4 0 5 0 0 0 5 0 0 0 0 0 0 0 6 0 3 0 0 0 0 0 
0 0 2 0 0 0 0 2 0 0 2 4 4 0 0 0 0 0 0 0 0 0 1 0 4 0 0 0 0 
0 5 4 0 0 0 0 3 1 0 0 1 0 0 0 0 0 0 0 0 0 0 0 0 2 0 0 0 0 
0 4 4 0 0 1 0 3 0 5 4 5 5 0 0 0 0 0 0 0 0 0 0 0 0 0 0 0 3 
0 2 3 0 0 0 0 2 2 2 0 2 2 0 0 0 0 0 0 0 2 0 0 0 0 0 0 0 0 
0 3 3 0 0 0 0 1 0 0 0 0 0 0 0 0 0 0 0 0 0 0 0 0 0 0 0 0 0 
5 0 0 7 4 2 0 2 0 2 5 1 3 7 5 0 0 0 4 3 4 0 0 0 0 0 0 0 0 
0 2 4 0 2 2 0 0 0 1 4 2 0 3 5 0 2 0 1 0 0 0 0 0 0 0 0 0 0 
4 2 5 0 0 1 0 4 4 0 0 0 0 0 0 0 0 0 0 0 0 5 0 0 0 4 0 0 0 
0 1 0 4 0 0 4 0 0 0 0 0 0 0 0 0 0 0 0 0 0 5 3 1 0 0 0 0 0 
6 4 0 0 3 2 0 0 0 0 0 3 0 0 0 4 0 0 0 0 0 0 0 0 0 7 5 5 3 
2 1 0 0 2 1 0 0 2 1 0 2 1 2 1 3 0 0 0 0 0 0 3 2 1 2 0 2 1 
2 0 4 5 0 0 0 0 6 0 0 0 0 2 2 4 0 0 0 0 0 0 0 0 0 0 7 5 2 
3 2 1 3 0 0 3 2 3 1 2 0 0 0 0 5 0 0 0 0 0 0 2 1 3 0 4 4 2 
300 272
0 0 0 1
0 0 1 0
0 0 0 1
0 0 1 0
1 0 1 8
1 0 8 0
2 1 2 3
2 1 5 1
2 1 2 3
2 1 5 1
2 20 2 19
2 20 2 23
2 20 3 20
2 20 2 19
2 20 2 23
2 20 3 20
2 23 2 24
2 23 3 23
2 24 2 26
2 24 3 24
2 24 2 26
2 28 4 28
2 28 4 28
3 6 3 4
3 6 3 7
3 6 5 6
3 6 3 4
3 6 3 7
3 6 5 6
3 15 3 13
3 15 3 16
3 15 2 15
3 15 4 15
3 24 3 23
3 24 4 24
4 26 4 24
4 26 4 27
4 26 25 26
4 28 4 27
4 28 5 28
5 6 5 4
5 6 5 7
5 6 7 6
5 6 5 4
7 6 7 4
7 6 7 7
7 6 24 6
7 6 7 4
7 6 7 7
9 7 9 8
9 7 8 7
9 7 10 7
9 7 9 8
9 7 8 7
9 7 10 7
9 28 9 27
9 28 5 28
9 28 10 28
11 24 11 23
11 24 9 24
11 24 12 24
11 24 11 23
11 24 9 24
11 24 12 24
15 1 15 2
15 1 8 1
15 1 17 1
18 12 18 11
18 12 16 12
18 12 19 12
21 0 21 3
21 0 11 0
21 0 23 0
21 13 21 12
21 13 21 14
21 13 15 13
21 13 22 13
21 20 21 19
21 20 19 20
21 20 21 19
21 20 19 20
24 21 24 6
24 21 24 22
24 21 23 21
25 0 25 1
25 0 23 0
25 0 26 0
25 0 25 1
25 0 23 0
25 0 26 0
25 25 25 15
25 25 25 26
25 25 23 25
25 25 26 25
27 26 27 15
27 26 27 27
27 26 25 26
27 26 28 26
28 15 28 10
28 15 28 22
28 15 27 15
0 2 0 5
0 5 0 8
0 8 0 9
0 8 1 8
0 8 0 9
0 10 0 9
0 10 0 11
0 10 2 10
1 0 1 8
1 0 8 0
1 8 2 8
1 18 1 25
1 18 14 18
1 18 1 25
1 18 14 18
2 19 4 19
2 19 4 19
3 15 3 13
3 15 3 16
3 15 4 15
3 24 3 23
4 5 4 4
4 23 4 22
4 23 3 23
4 23 11 23
4 26 4 27
4 26 25 26
6 5 6 4
7 20 9 20
8 0 8 1
8 0 9 0
8 1 8 2
8 1 7 1
8 1 15 1
8 1 8 2
8 7 8 9
8 9 8 11
8 9 7 9
8 9 15 9
8 9 8 11
8 9 7 9
9 0 10 0
9 20 9 22
9 20 7 20
9 20 11 20
9 20 9 22
9 20 11 20
11 8 11 7
11 8 13 8
11 8 11 7
11 8 13 8
11 23 4 23
12 23 14 23
13 2 14 2
13 25 23 25
14 2 15 2
14 21 14 20
14 21 14 22
14 21 15 21
17 24 16 24
22 14 22 13
22 14 22 16
22 14 21 14
23 0 23 1
23 7 23 8
23 7 21 7
23 7 23 8
23 7 21 7
23 8 23 21
23 8 19 8
1 8 2 8
3 21 3 23
4 4 3 4
4 4 5 4
4 4 5 4
4 23 4 22
6 5 6 4
9 0 10 0
11 0 21 0
11 7 15 7
13 25 23 25
15 7 15 9
15 7 16 7
15 7 15 9
17 24 16 24
20 7 19 7
21 0 21 3
21 3 21 4
21 3 2 3
21 3 24 3
22 2 22 1
22 2 23 2
22 2 22 1
22 2 23 2
23 25 23 21
24 23 24 22
25 25 25 15
25 25 25 26
25 25 26 25
25 27 25 28
25 27 12 27
25 27 26 27
26 24 26 23
27 26 27 15
27 26 27 27
27 26 28 26
28 26 28 24
28 26 28 27
28 27 28 28
28 27 27 27
28 27 28 28
1 8 2 8
2 8 2 3
3 2 5 2
6 2 6 1
6 2 5 2
6 2 7 2
6 4 7 4
6 8 6 7
6 8 6 12
6 8 7 8
6 8 6 7
6 8 6 12
7 9 7 14
8 11 8 12
8 11 10 11
9 10 10 10
16 24 16 22
16 24 14 24
24 22 24 21
25 15 25 11
25 15 26 15
26 23 26 22
28 24 28 23
2 3 21 3
2 11 2 12
7 9 7 14
9 10 10 10
10 10 10 11
10 10 14 10
10 11 10 12
10 11 11 11
10 12 10 13
10 12 8 12
10 12 11 12
10 12 10 13
10 12 11 12
11 12 11 11
11 12 11 13
11 12 12 12
11 12 11 13
14 10 16 10
14 24 14 23
15 9 18 9
16 7 17 7
26 22 26 15
28 22 28 15
8 13 8 15
12 14 12 13
12 14 12 15
12 14 13 14
14 10 16 10
15 9 18 9
16 11 16 12
16 11 17 11
16 11 16 12
16 11 16 12
26 22 26 15
27 15 27 14
28 15 28 10
12 12 12 13

4262

4 2 1 - - 2 - - 4 3 3 1 1 3       4               3 1 2   
6 = = = = = = = 6   |               4 = = = = = = 5 1     
ǁ 4 = 5 - - - - 4   1 1 4 2   1     ǁ 4 6 = = 4 4 = 2   2 
ǁ ǁ 1 ǁ 3 = 6 2   2     4 4 = 7 3 3 ǁ ǁ 2 1 - 5 5       ǁ 
ǁ ǁ | ǁ 4 1 ǁ 1   4 2     2 1 3 3 3 ǁ 5     3 5 2 - 5 6 4 
ǁ 5 3 ǁ 4 = 6 2   3 2           4   ǁ         ǁ     ǁ 2 2 
ǁ 4 5 ǁ 3 2 | 2 6 = = = 5       6 3 ǁ         ǁ     ǁ 1 | 
ǁ 2 2 ǁ 3 = 6 2 1 4 = = = = 3 4 3   ǁ   2     ǁ     ǁ 1 | 
4 6 2 ǁ 3 2 | 3 - 6 = 4 2 1 - 4 2   ǁ   ǁ     ǁ     ǁ   | 
3 ǁ   ǁ 4 2 | 6 2 | 2 | |     2   3 ǁ   6 = 5 ǁ 2   ǁ 4 6 
2 ǁ   ǁ 4 1 | 2   | 4 4 6 2   1     ǁ   ǁ   2 ǁ ǁ   ǁ   2 
2 ǁ   ǁ     | 3 4 | | 2 6 2         ǁ   2     4 6   ǁ   1 
ǁ ǁ   ǁ     | | ǁ | |   2 3 5 4 2   ǁ         1 2   ǁ 4 2 
ǁ ǁ 1 ǁ     | | 2 | |       3   2   ǁ 6       |   5 ǁ | 1 
ǁ ǁ 2 ǁ     | |   | 3               2 2 1 5 2 3 2 ǁ ǁ | 2 
ǁ 5 3 ǁ     | 4 = 5 ǁ     5               6   3 | ǁ ǁ |   
ǁ | 2 ǁ     | 2   ǁ 2 4 4 |                 1 - 4 ǁ ǁ |   
ǁ 5 4 ǁ     | 3 1 ǁ   1 | |                     2 ǁ ǁ |   
ǁ 4 4 ǁ   1 | 3   5 4 5 5 |                       ǁ ǁ | 3 
ǁ 2 3 ǁ     | 2 2 2   2 2 |             2         ǁ ǁ |   
ǁ 3 3 ǁ     | 1 |         |             ǁ         ǁ ǁ |   
5 = = 7 4 2 | 2 | 2 5 1 3 7 5       4 3 4         ǁ ǁ |   
| 2 4 | 2 2 | ǁ | 1 4 2   3 5 - 2   1             ǁ ǁ |   
4 2 5 |   1 | 4 4 - - - - - - - - - - - - 5 - - - 4 ǁ |   
ǁ 1   4     4 - - - - - - - - - - - - - - 5 3 1   | ǁ |   
6 4     3 2           3 - - - 4 = = = = = = = = = 7 5 5 3 
2 1     2 1     2 1   2 1 2 1 3 = = = = = = 3 2 1 2 | 2 1 
2   4 5         6         2 2 4 = = = = = = = = = = 7 5 2 
3 2 1 3     3 2 3 1 2 = = = = 5 = = = = = = 2 1 3 - 4 4 2 
