29 29
2 3 0 0 0 0 0 0 0 0 0 0 0 0 0 0 0 3 2 4 0 0 2 1 0 3 0 1 2 
3 0 0 0 0 0 0 0 0 0 0 0 0 1 3 4 2 0 0 0 2 4 3 4 1 0 2 0 0 
0 1 0 0 5 0 0 0 0 0 0 0 0 0 5 0 0 5 4 4 1 0 2 0 1 0 0 0 0 
0 1 2 0 5 0 0 0 0 1 2 2 1 3 0 3 1 0 4 0 0 8 4 0 0 0 0 0 0 
0 2 0 0 0 0 0 0 0 3 0 0 1 0 0 3 2 0 0 2 1 0 2 0 0 0 3 0 5 
0 3 5 6 0 4 2 5 3 0 1 0 4 5 0 0 3 0 3 0 0 0 1 0 0 0 2 1 0 
0 0 0 0 1 2 1 0 1 0 0 0 0 0 0 0 0 0 2 4 2 0 0 0 0 0 0 0 0 
0 0 0 0 4 5 6 3 1 0 0 0 0 0 2 0 2 0 3 0 0 5 2 3 4 2 5 0 5 
0 3 0 3 0 1 0 1 0 0 0 0 4 0 0 0 0 0 0 4 2 0 2 3 0 0 0 2 0 
0 0 0 0 0 0 2 2 0 0 0 0 2 0 0 0 0 0 5 6 1 0 2 3 0 0 3 3 0 
0 0 0 1 0 0 0 0 0 0 0 0 2 0 0 0 0 0 0 0 0 0 1 0 0 0 4 2 0 
0 1 0 0 0 0 2 0 0 0 0 0 0 0 0 0 0 0 0 0 0 0 1 5 7 5 6 3 0 
0 0 0 0 0 0 0 0 0 0 2 4 4 0 0 0 0 0 0 0 0 0 0 0 0 3 1 1 0 
6 0 6 0 5 0 6 6 4 0 3 0 0 0 0 0 0 0 0 0 2 0 0 0 0 0 0 0 0 
0 3 5 0 6 3 1 0 2 0 0 0 0 0 2 0 0 0 0 0 0 0 0 0 0 0 0 0 0 
0 2 0 0 0 0 0 0 0 0 0 0 1 0 0 0 0 0 2 0 0 0 0 0 1 5 0 0 3 
0 2 0 0 2 5 2 4 1 0 2 0 0 0 1 0 0 0 1 0 0 0 0 0 0 0 4 2 0 
0 0 0 0 0 2 0 3 2 0 0 0 0 0 0 0 3 0 0 0 0 0 0 0 0 0 0 0 0 
0 6 7 0 0 0 0 0 0 7 0 4 0 5 2 0 0 0 0 0 0 0 0 0 0 0 0 0 0 
0 4 0 2 0 0 0 5 1 0 1 3 0 4 2 0 0 0 2 5 5 0 0 0 3 8 5 2 0 
0 2 0 1 0 0 0 5 0 7 3 0 0 0 0 5 5 0 1 1 0 0 0 0 1 2 0 0 0 
0 2 5 0 0 0 4 4 2 0 4 0 5 2 0 1 2 0 3 0 5 0 0 0 4 0 3 0 0 
0 0 0 0 1 1 1 2 1 0 0 0 2 1 2 0 3 0 1 0 2 0 0 0 4 2 0 0 0 
0 0 5 0 5 4 0 0 2 0 3 0 0 0 0 0 0 4 0 0 0 5 0 6 0 0 0 4 0 
0 0 0 0 1 1 0 0 0 0 3 5 0 5 0 0 0 6 0 3 1 0 1 5 2 2 0 5 2 
0 0 6 0 0 0 7 5 5 0 3 3 1 3 1 0 0 6 2 3 2 0 0 3 0 3 1 0 2 
0 0 4 4 4 2 4 2 1 0 1 1 0 5 3 1 1 4 0 4 2 0 0 2 0 6 3 0 0 
4 5 0 0 0 0 0 0 0 6 0 0 0 0 0 0 0 0 0 0 0 2 0 2 1 0 1 0 0 
1 2 0 0 1 2 0 3 0 4 0 0 0 0 0 0 0 0 0 0 0 0 4 0 0 5 0 4 3 
300 175
2 4 2 1
2 4 2 14
2 4 3 4
3 21 3 18
3 21 3 22
3 21 1 21
3 21 7 21
3 21 3 18
3 21 3 22
3 21 1 21
3 21 7 21
3 22 2 22
3 22 4 22
4 28 4 26
4 28 0 28
4 28 7 28
5 3 5 2
5 3 5 5
5 3 8 3
5 3 5 2
5 3 5 5
5 3 8 3
5 5 5 6
5 5 6 5
5 7 5 6
5 7 5 8
5 7 7 7
11 24 11 23
11 24 11 25
11 24 7 24
11 24 15 24
13 0 13 2
13 0 1 0
13 0 27 0
13 0 13 2
13 0 1 0
13 0 27 0
13 2 13 4
13 2 5 2
13 2 14 2
13 2 13 4
15 25 15 28
15 25 12 25
15 25 19 25
16 26 16 27
16 26 19 26
16 26 16 27
16 26 19 26
18 1 18 2
18 1 16 1
18 1 19 1
18 1 18 2
18 1 16 1
18 1 19 1
18 2 18 9
18 2 14 2
18 2 21 2
19 1 20 1
19 7 19 3
19 7 19 8
19 7 20 7
19 25 19 24
19 25 19 26
19 25 15 25
19 25 20 25
20 9 20 7
20 9 20 10
20 9 18 9
20 9 27 9
23 2 23 4
23 2 21 2
23 2 25 2
25 2 25 6
25 2 23 2
25 2 26 2
25 6 25 2
25 6 25 7
25 6 22 6
25 6 26 6
25 8 25 7
25 8 23 8
25 8 26 8
26 2 26 3
26 2 25 2
26 2 26 3
26 3 26 4
26 13 26 11
26 13 26 14
26 13 25 13
27 0 27 1
27 0 28 0
28 25 28 22
28 25 28 27
28 25 26 25
1 21 1 20
1 21 1 22
2 4 2 14
2 4 3 4
5 7 5 8
5 7 7 7
11 1 8 1
11 24 11 23
11 24 11 25
11 24 7 24
15 1 14 1
19 1 20 1
19 25 19 24
19 25 19 26
19 25 20 25
21 6 21 2
21 6 21 7
21 6 21 2
21 6 21 7
25 6 25 7
25 6 26 6
26 3 26 4
26 4 26 5
26 4 28 4
26 6 26 5
26 6 26 7
26 10 25 10
26 13 26 14
26 13 25 13
27 1 21 1
27 1 28 1
27 1 21 1
27 1 28 1
27 9 27 21
27 9 20 9
27 9 28 9
27 9 27 21
27 9 28 9
27 26 26 26
28 5 28 7
28 5 28 7
28 9 28 7
28 9 28 22
28 22 28 25
28 22 24 22
8 1 5 1
15 1 14 1
23 21 23 17
23 21 23 23
23 21 7 21
24 23 24 24
24 23 23 23
24 23 25 23
26 7 25 7
8 1 5 1
14 1 14 2
19 20 19 19
19 20 13 20
19 20 21 20
19 24 20 24
21 24 21 26
21 24 22 24
21 24 21 26
21 24 22 24
22 24 22 25
22 24 24 24
22 25 24 25
23 23 23 21
23 23 11 23
23 23 24 23
23 23 11 23
23 27 19 27
23 27 24 27
23 27 19 27
23 27 24 27
24 23 25 23
25 8 25 7
25 8 23 8
27 24 27 23
19 26 21 26
27 23 26 23

3071

2 3                               3 2 4     2 1   3   1 2 
3                         1 3 4 2       2 4 3 4 1   2   | 
ǁ 1 - - 5 = = = = = = = = = 5     5 4 4 1 ǁ 2   1       | 
ǁ 1 2   5         1 2 2 1 3   3 1   4 = = 8 4           | 
ǁ 2               3     1     3 2     2 1 ǁ 2       3 - 5 
ǁ 3 5 6 = 4 2 5 3   1   4 5     3   3     ǁ 1       2 1 | 
ǁ ǁ | ǁ 1 2 1 ǁ 1                   2 4 2 ǁ             | 
ǁ ǁ | ǁ 4 5 6 3 1           2   2   3     5 2 3 4 2 5   5 
ǁ 3 | 3   1   1         4             4 2 | 2 3 ǁ     2   
ǁ | |       2 2         2           5 6 1 | 2 3 ǁ   3 3   
ǁ | | 1                 2                 | 1   ǁ   4 2   
ǁ 1 |       2                             | 1 5 7 5 6 3   
ǁ   |               2 4 4                 |   ǁ | 3 1 1   
6 = 6 = 5   6 6 4   3                   2 |   ǁ | |       
ǁ 3 5   6 3 1   2           2           | |   ǁ | |       
ǁ 2 |                   1           2   | |   ǁ 1 5 - - 3 
ǁ 2 |   2 5 2 4 1   2       1       1   | |   ǁ   ǁ 4 2   
ǁ ǁ |     2   3 2               3       | |   ǁ   ǁ ǁ     
ǁ 6 7 - - - - - - 7   4   5 2           | |   ǁ   ǁ ǁ     
ǁ 4 | 2 - - - 5 1 | 1 3   4 2       2 5 5 |   ǁ 3 8 5 2   
ǁ 2 | 1       5 - 7 3         5 5   1 1 | |   ǁ 1 2 | ǁ   
ǁ 2 5 = = = 4 4 2 ǁ 4   5 2   1 2   3   5 |   ǁ 4 = 3 ǁ   
ǁ ǁ |   1 1 1 2 1 ǁ     2 1 2   3   1   2 |   ǁ 4 2   ǁ   
ǁ ǁ 5 - 5 4 |   2 ǁ 3             4 - - - 5 = 6 | |   4   
ǁ ǁ ǁ   1 1 |   ǁ ǁ 3 5   5       6   3 1   1 5 2 2   5 2 
ǁ ǁ 6 = = = 7 5 5 ǁ 3 3 1 3 1     6 2 3 2   | 3   3 1   2 
ǁ ǁ 4 4 4 2 4 2 1 ǁ 1 1 - 5 3 1 1 4   4 2   | 2   6 3     
4 5     |         6 = = = = = = = = = = = 2 | 2 1 | 1     
1 2     1 2 = 3 - 4 - - - - - - - - - - - - 4 = = 5 - 4 3 
