29 29
3 5 0 0 0 0 0 0 0 0 0 0 0 0 0 0 0 0 0 0 4 2 1 2 2 0 0 3 1 
0 0 3 2 4 3 1 5 0 0 0 0 0 0 3 1 1 0 4 3 0 1 0 1 4 0 4 4 2 
0 0 2 0 2 0 0 4 3 0 1 0 0 0 0 0 1 0 0 2 0 0 0 0 2 0 0 0 2 
0 0 4 5 0 4 0 0 0 0 0 0 0 0 5 2 4 0 7 0 7 0 4 0 0 0 3 0 0 
0 0 2 0 2 0 2 0 0 0 3 3 2 0 0 1 5 4 0 0 0 2 0 0 0 5 0 3 3 
2 0 2 0 0 0 0 1 0 0 0 0 3 1 0 0 0 0 0 1 0 1 0 2 0 0 2 4 2 
0 0 0 2 3 0 0 5 0 0 5 0 0 0 0 0 3 6 0 0 0 0 0 0 0 0 2 5 3 
0 0 5 1 2 0 0 2 0 0 0 0 4 2 0 2 2 3 0 0 0 0 0 0 0 0 1 0 1 
0 0 0 1 0 0 0 0 0 0 1 0 0 3 0 0 0 0 0 0 0 0 0 0 0 0 0 0 0 
0 0 0 0 0 0 0 0 0 0 0 0 0 0 0 0 3 1 0 0 0 4 0 7 2 0 2 0 2 
0 0 4 4 0 0 4 0 0 0 0 5 4 6 0 0 0 0 0 0 0 0 0 0 0 0 0 0 0 
0 0 3 0 4 0 0 0 0 0 0 0 1 2 0 5 7 0 6 2 0 3 0 0 0 0 0 0 0 
0 0 2 0 0 0 0 1 0 0 0 0 3 0 0 2 1 0 0 1 0 0 0 0 0 0 0 0 0 
3 5 0 7 5 0 0 0 0 0 0 0 0 0 0 0 0 0 0 0 0 0 0 2 1 0 0 0 0 
3 5 3 4 2 0 0 5 0 0 0 6 5 1 0 0 2 0 5 0 0 0 0 0 0 0 0 0 0 
1 0 2 2 1 0 0 2 0 0 0 1 0 0 0 0 1 0 3 2 0 0 0 0 0 0 0 0 0 
0 0 3 6 0 4 4 0 0 0 0 0 0 0 6 0 0 0 0 0 5 6 0 0 0 6 6 5 5 
3 4 0 0 2 2 0 1 0 0 2 2 6 2 0 2 0 3 3 2 0 0 3 3 0 0 0 0 0 
1 0 3 2 4 0 8 0 0 0 3 2 6 0 6 0 0 5 6 1 0 0 0 3 1 0 1 0 0 
0 0 2 0 4 2 0 0 0 2 0 0 0 1 0 2 1 0 5 2 1 0 6 0 0 6 1 0 4 
3 5 0 3 1 0 3 0 0 3 0 0 4 2 5 5 5 3 5 4 2 0 0 0 0 0 2 0 3 
3 0 0 0 0 0 3 1 3 0 0 0 6 2 1 1 3 2 3 1 0 0 0 0 0 0 0 0 0 
3 0 0 0 0 0 7 0 0 0 0 0 0 0 0 0 0 0 0 0 0 4 0 0 0 0 4 6 3 
0 1 4 4 2 0 0 1 4 0 0 0 0 0 3 0 0 0 0 0 0 0 0 0 0 0 3 0 0 
0 0 0 0 0 0 0 0 4 0 0 0 2 0 0 0 0 0 0 0 0 0 0 0 0 4 3 6 1 
3 2 5 0 0 0 6 6 0 0 0 0 3 1 0 0 0 0 0 0 0 0 0 1 0 5 0 3 0 
0 2 0 0 3 0 3 0 0 1 0 0 0 0 5 0 0 0 0 0 0 0 7 0 0 6 2 3 1 
4 3 3 2 1 0 0 4 0 0 0 0 3 1 3 0 0 0 4 1 3 0 5 4 0 5 0 5 2 
2 0 0 0 0 0 0 0 0 0 0 0 0 0 0 3 3 0 5 5 3 1 2 3 1 3 0 4 2 
300 190
0 1 0 0
0 1 0 20
0 1 13 1
1 7 1 6
1 7 1 14
1 7 2 7
3 18 3 16
3 18 3 20
3 18 1 18
3 18 11 18
4 17 4 16
4 17 6 17
4 17 4 16
4 17 6 17
4 25 4 21
4 25 4 27
4 25 16 25
6 17 6 16
6 17 7 17
6 17 6 16
6 17 7 17
7 2 7 3
7 2 5 2
7 2 10 2
9 23 9 21
9 23 9 24
9 23 5 23
9 23 13 23
10 13 10 12
10 13 8 13
10 13 11 13
10 13 10 12
10 13 8 13
10 13 11 13
11 15 11 16
11 15 7 15
11 15 12 15
11 16 11 15
11 16 11 18
11 16 9 16
11 16 12 16
13 3 13 1
13 3 13 4
13 3 10 3
13 3 14 3
14 18 14 16
14 18 11 18
14 18 15 18
16 28 16 27
16 28 9 28
16 28 19 28
18 6 18 4
18 6 18 10
18 6 16 6
18 6 20 6
18 6 18 4
18 6 18 10
18 6 16 6
18 6 20 6
19 5 19 4
22 6 22 0
22 6 22 21
22 6 21 6
22 6 25 6
24 8 24 12
24 8 23 8
24 8 24 12
24 8 23 8
26 22 26 14
26 22 26 25
26 22 19 22
26 22 27 22
28 18 28 16
28 18 28 19
28 18 27 18
28 19 28 18
28 19 28 20
28 19 27 19
1 7 1 14
1 7 2 7
7 2 5 2
7 2 10 2
10 2 10 3
10 2 11 2
11 2 12 2
11 16 11 15
11 16 11 18
11 18 11 19
11 18 3 18
12 2 11 2
14 18 14 16
14 18 15 18
19 5 19 4
20 1 20 0
20 1 20 3
20 1 17 1
21 12 21 8
21 12 21 13
21 12 20 12
21 12 21 8
21 12 21 13
21 12 20 12
22 21 22 6
22 21 16 21
22 21 16 21
23 8 23 7
23 8 23 14
23 14 26 14
25 7 25 6
25 7 25 12
25 7 27 7
25 7 25 6
25 7 25 12
25 7 27 7
26 9 26 14
27 7 27 4
27 7 27 12
27 12 27 13
27 18 27 14
27 18 28 18
27 18 27 14
28 16 28 15
28 19 28 20
16 21 16 20
16 21 16 25
16 21 11 21
16 21 16 20
16 25 16 26
16 25 4 25
16 25 19 25
16 25 16 26
16 26 16 27
16 26 9 26
16 26 18 26
16 26 16 27
18 24 18 23
19 22 19 25
19 22 17 22
19 22 26 22
19 22 19 25
19 22 17 22
19 25 19 26
19 25 24 25
19 25 24 25
19 28 16 28
19 28 20 28
19 28 20 28
21 8 21 7
23 14 26 14
24 25 24 26
24 25 25 25
25 6 25 2
25 6 22 6
25 6 26 6
25 12 25 13
25 23 25 25
26 6 26 4
27 3 27 2
27 14 26 14
28 16 28 15
17 22 17 23
17 23 18 23
18 23 17 23
23 3 23 2
23 3 23 4
23 3 23 2
23 3 23 4
26 6 26 4
26 22 26 25
26 22 27 22
26 25 26 26
26 25 25 25
26 25 27 25
26 25 26 26
27 3 27 2
28 15 28 0
23 2 23 1
23 2 25 2
25 25 25 27
25 25 25 27
26 4 26 1
27 2 27 1
28 0 27 0
25 2 25 1
27 0 27 1
27 0 25 0
27 0 27 1
25 2 25 1
25 0 22 0
25 0 22 0

4737

3 5 - - - - - - - - - - - - - - - - - - 4 2 1 2 2     3 1 
  | 3 2 4 3 1 5 = = = = = = 3 1 1   4 3   1   1 4   4 4 2 
  | 2   2     4 3   1           1   | 2         2       2 
  | 4 5   4                 5 2 4 - 7 - 7   4       3     
  | 2   2   2       3 3 2     1 5 4 ǁ     2 - - - 5 - 3 3 
2 | 2         1         3 1       ǁ ǁ 1   1   2   ǁ 2 4 2 
  | ǁ 2 3     5     5           3 6 ǁ         |   ǁ 2 5 3 
  | 5 1 2     2         4 2   2 2 3 ǁ         |   ǁ 1   1 
  | ǁ 1             1     3   |     ǁ         |   ǁ       
  | ǁ                     ǁ   | 3 1 ǁ     4 - 7 2 ǁ 2   2 
  | 4 4     4         5 4 6   | |   ǁ         |   ǁ |   | 
  | 3 | 4               1 2   5 7 = 6 2   3   |   ǁ |   | 
  | 2 |       1         3     2 1   | 1   |   |   ǁ |   | 
3 5 - 7 5                           |     |   2 1 ǁ |   | 
3 5 3 4 2     5       6 5 1     2 = 5     |       ǁ |   | 
1   2 2 1     2       1         1   3 2   |       ǁ |   | 
    3 6   4 4               6           5 6 - - - 6 6 5 5 
3 4     2 2 ǁ 1     2 2 6 2   2   3 3 2   ǁ 3 3   | |   ǁ 
1 | 3 2 4 = 8 = = = 3 2 6   6     5 6 1   ǁ ǁ 3 1 | 1   ǁ 
  | 2   4 2 ǁ     2       1   2 1   5 2 1 ǁ 6 = = 6 1   4 
3 5 - 3 1   3     3     4 2 5 5 5 3 5 4 2 ǁ ǁ     ǁ 2   3 
3           3 1 3 = = = 6 2 1 1 3 2 3 1   ǁ ǁ     ǁ       
3 - - - - - 7 = = = = = = = = = = = = = = 4 ǁ     ǁ 4 6 3 
ǁ 1 4 4 2   ǁ 1 4 - - - - - 3               ǁ     ǁ 3     
ǁ   |       ǁ   4 = = = 2   ǁ               ǁ     4 3 6 1 
3 2 5 - - - 6 6 = = = = 3 1 ǁ               ǁ 1 - 5 = 3   
| 2 - - 3 = 3 ǁ   1 - - - - 5 - - - - - - - 7 = = 6 2 3 1 
4 3 3 2 1 - - 4 - - - - 3 1 3 = = = 4 1 3   5 4   5   5 2 
2 - - - - - - - - - - - - - - 3 3 - 5 5 3 1 2 3 1 3   4 2 
