29 29
1 0 0 3 2 0 3 4 3 0 0 0 1 2 0 0 4 0 0 4 0 0 0 0 0 4 5 4 0 
2 3 0 0 3 2 0 2 0 0 0 0 0 0 0 0 0 0 0 0 1 3 0 0 1 4 2 4 2 
4 4 0 5 0 0 5 0 4 0 0 0 0 0 0 0 0 0 0 5 1 0 1 0 5 4 0 2 0 
3 4 2 0 2 2 0 4 5 0 4 4 0 6 0 3 0 0 2 0 0 0 0 0 0 0 0 0 0 
4 4 0 6 7 4 0 4 0 1 0 0 0 0 0 3 1 0 0 0 0 0 3 0 6 3 0 4 4 
2 4 2 0 0 1 0 3 0 0 0 0 0 0 0 1 0 0 0 5 2 0 4 2 0 3 3 0 0 
3 6 4 4 0 2 0 2 5 5 5 0 0 6 0 0 0 0 7 3 0 0 0 0 0 2 0 2 3 
2 0 4 0 0 4 0 1 3 0 0 0 0 0 0 0 0 0 0 0 0 0 0 0 0 3 5 0 2 
2 5 4 0 0 0 0 0 0 0 0 0 0 5 0 2 2 0 6 2 0 0 0 0 0 0 1 0 0 
1 0 3 2 4 3 0 2 0 4 4 0 4 2 0 0 0 0 0 0 0 0 0 0 0 0 1 2 0 
1 0 4 0 5 2 0 0 0 0 2 3 4 0 0 0 0 0 0 0 0 0 0 0 0 0 0 0 0 
4 5 0 0 0 0 5 0 0 0 0 0 0 0 0 0 0 0 0 0 0 6 0 0 4 0 0 0 0 
0 0 4 0 5 2 0 2 0 3 4 4 0 0 0 0 3 1 0 0 0 0 0 0 0 0 0 0 0 
3 0 4 2 0 0 0 0 3 3 2 0 0 0 2 0 0 0 0 0 0 3 3 0 3 0 0 0 0 
2 0 3 0 7 4 0 0 4 1 0 0 0 0 6 0 7 5 0 0 0 3 4 3 1 0 0 0 0 
3 0 0 1 0 0 0 0 0 0 0 0 0 0 4 0 4 3 0 0 0 0 0 3 0 0 0 0 0 
3 0 3 5 0 0 0 0 4 0 0 5 0 0 0 0 0 0 0 0 0 0 0 0 0 3 4 6 5 
0 0 2 2 0 0 0 0 0 2 1 0 2 0 0 0 0 0 0 0 0 3 2 2 0 0 5 0 2 
0 0 5 1 0 0 0 3 6 6 2 0 1 0 0 0 0 0 0 0 0 0 0 1 0 0 2 0 2 
0 0 0 0 0 0 0 0 3 3 0 0 0 0 0 0 0 0 0 0 0 0 4 0 0 0 0 5 4 
0 0 0 0 0 3 0 0 3 2 1 0 0 0 0 0 0 0 0 0 0 0 5 0 4 0 1 0 1 
0 0 0 0 0 2 0 4 0 2 1 0 0 0 0 0 0 0 0 0 0 0 3 2 6 5 4 0 2 
2 6 4 0 0 1 0 4 0 3 1 0 0 0 0 0 0 0 0 0 0 0 2 2 1 2 0 0 0 
1 0 4 0 6 0 4 0 0 0 0 5 0 0 0 0 0 0 0 0 0 7 0 0 0 0 5 0 0 
0 3 5 0 5 1 0 3 0 0 0 6 0 3 2 2 4 2 0 1 0 0 2 0 0 3 2 0 3 
3 4 2 1 2 1 0 3 0 3 4 6 0 0 0 0 6 3 1 0 0 5 0 0 0 4 2 0 0 
2 7 0 0 0 0 6 0 0 0 0 0 0 0 0 0 0 0 0 0 0 0 0 0 0 0 0 4 2 
1 7 3 3 0 0 6 0 0 0 0 0 0 0 0 0 5 1 0 1 0 0 0 0 0 0 0 5 1 
2 5 1 1 1 0 3 0 0 0 0 0 2 2 2 0 4 0 0 0 0 0 3 0 0 3 1 4 2 
300 283
0 26 0 25
0 26 0 27
0 26 1 26
0 27 0 26
0 27 1 27
0 27 0 26
4 4 4 3
4 4 4 5
4 4 3 4
4 4 9 4
6 18 6 13
6 18 6 19
6 18 3 18
6 18 8 18
8 13 8 15
8 13 6 13
8 13 9 13
14 4 14 2
14 4 14 5
14 4 12 4
14 4 23 4
14 16 14 14
14 16 14 17
14 16 12 16
14 16 15 16
16 3 16 2
16 3 15 3
16 3 17 3
16 28 16 27
16 28 7 28
16 28 17 28
18 2 18 3
18 2 17 2
18 2 22 2
23 21 23 11
23 21 23 26
23 21 17 21
23 21 25 21
25 11 25 10
25 11 25 16
25 11 24 11
25 11 25 10
25 11 25 16
25 11 24 11
25 16 25 17
25 16 24 16
25 16 27 16
25 16 25 17
25 21 25 18
25 21 25 25
25 21 23 21
25 21 25 25
26 1 26 0
26 1 26 6
26 1 25 1
26 1 27 1
26 6 26 1
26 6 23 6
26 6 27 6
26 6 23 6
26 6 27 6
27 1 27 0
27 1 27 2
27 1 26 1
27 1 28 1
27 6 27 3
27 6 27 16
27 6 28 6
27 6 27 3
27 16 27 17
27 16 28 16
27 16 28 16
27 19 27 27
28 0 28 1
28 0 28 1
28 1 28 2
28 1 27 1
28 16 28 14
28 16 28 22
28 22 28 25
28 25 28 22
28 25 28 26
28 27 28 28
28 27 27 27
28 27 28 28
28 27 27 27
0 25 0 19
0 25 1 25
0 25 0 19
5 19 5 20
5 19 2 19
5 19 6 19
8 18 8 16
8 18 8 19
8 18 6 18
8 18 8 16
8 18 8 19
15 14 15 16
15 14 14 14
15 14 15 16
15 14 14 14
15 16 15 17
18 2 17 2
18 2 22 2
20 22 20 24
20 22 19 22
20 22 21 22
22 2 22 1
22 2 23 2
24 11 24 7
24 11 24 13
24 11 23 11
24 11 24 7
24 13 24 14
24 16 24 15
24 16 24 17
24 16 24 15
24 19 24 17
24 22 24 25
25 10 25 9
25 25 25 26
25 25 24 25
25 26 24 26
27 1 27 2
27 2 27 3
28 3 28 4
28 6 28 12
28 6 28 12
28 13 28 14
0 19 0 16
0 19 2 19
8 15 8 13
14 14 14 9
14 14 14 16
14 14 13 14
14 16 14 17
14 16 12 16
16 11 16 8
16 11 16 25
16 11 23 11
17 3 16 3
18 12 17 12
22 1 22 0
22 1 11 1
22 1 24 1
22 1 22 0
22 1 11 1
23 0 25 0
23 2 23 4
23 2 24 2
23 2 23 4
23 4 23 6
23 4 14 4
23 4 24 4
23 6 23 11
24 7 25 7
24 13 24 14
24 22 24 25
25 7 25 9
25 10 25 9
0 16 0 13
0 16 4 16
0 16 0 13
3 13 3 11
3 13 3 15
3 13 6 13
3 13 3 11
3 13 3 15
3 13 6 13
3 15 4 15
3 18 6 18
4 15 5 15
6 13 6 10
6 13 6 18
8 13 9 13
9 12 9 10
9 12 10 12
9 12 9 10
9 12 10 12
10 12 10 11
11 6 11 1
11 6 11 21
11 6 2 6
12 2 12 4
12 2 13 2
12 2 12 4
12 2 13 2
12 11 12 10
12 11 12 16
12 11 12 10
12 11 12 10
12 17 14 17
13 2 13 3
13 2 14 2
13 14 13 10
16 0 15 0
16 2 16 3
16 2 14 2
17 12 17 21
0 12 0 8
3 11 3 10
7 5 6 5
7 5 9 5
7 5 6 5
7 5 9 5
10 4 10 2
10 4 10 5
10 4 9 4
10 12 10 11
12 10 12 9
13 10 13 9
14 4 14 5
14 4 12 4
16 0 15 0
3 11 3 10
5 5 4 5
10 11 10 10
12 4 12 5
16 0 15 0
3 10 3 8
3 10 6 10
4 5 4 4
4 5 3 5
10 10 9 10
14 0 13 0
9 10 9 9
14 0 13 0
6 10 6 9
9 9 9 7
9 9 6 9
9 9 9 7
13 0 11 0
6 10 6 9
11 0 11 1
11 0 10 0
11 0 11 1
11 6 11 21
11 6 2 6
11 21 11 24
11 21 1 21
11 21 13 21
11 21 11 24
11 24 4 24
11 24 13 24
1 21 1 20
1 21 1 24
1 25 1 26
1 25 2 25
1 25 2 25
1 27 1 28
1 27 2 27
1 27 1 28
2 24 2 22
2 24 2 25
2 24 4 24
4 24 4 22
4 24 4 25
4 24 2 24
4 24 4 22
4 28 4 27
4 28 6 28
4 28 4 27
4 28 6 28
5 22 5 23
5 22 4 22
5 22 5 23
6 10 6 9
6 19 5 19
8 1 8 0
8 1 8 2
8 1 6 1
10 2 10 4
10 2 9 2
10 2 9 2
2 24 2 25
2 27 4 27
4 27 4 25
7 2 6 2
7 2 8 2
7 2 6 2
7 2 8 2
8 2 8 1
4 25 5 25

5653

1     3 2   3 4 3 - - - 1 2 = = 4 - - 4 = = = = = 4 5 4   
2 3     3 2   2                 |     | 1 3 - - 1 4 2 4 2 
4 4   5     5   4               |     5 1 | 1 - 5 4   2   
3 4 2   2 2 ǁ 4 5 - 4 4 = 6 = 3 |   2 |   |     ǁ     |   
4 4   6 7 4 ǁ 4   1 |     ǁ   3 1   ǁ |   | 3 = 6 3 - 4 4 
2 4 2   | 1 ǁ 3     |     ǁ   1     ǁ 5 2 | 4 2 | 3 3   ǁ 
3 6 4 4 | 2 ǁ 2 5 5 5 - - 6 = = = = 7 3   |     | 2   2 3 
2 | 4   | 4 ǁ 1 3 |       |         ǁ     |     | 3 5   2 
2 5 4   | ǁ ǁ     |       5 = 2 2 = 6 2   |     |   1   | 
1   3 2 4 3 ǁ 2 = 4 4 = 4 2               |     |   1 2 | 
1   4 = 5 2 ǁ       2 3 4                 |     |       | 
4 5 - - - - 5 = = = = = = = = = = = = = = 6 = = 4       | 
| ǁ 4 = 5 2   2   3 4 4 - - - - 3 1       |     |       | 
3 ǁ 4 2 ǁ       3 3 2 - - - 2   ǁ |       3 3   3       | 
2 ǁ 3 - 7 4     4 1 - - - - 6 = 7 5       3 4 3 1       | 
3 ǁ | 1 ǁ                   4 = 4 3           3         | 
3 ǁ 3 5 ǁ       4 - - 5 - - - - - - - - - - - - - 3 4 6 5 
  ǁ 2 2 ǁ         2 1 | 2 - - - - - - - - 3 2 2     5   2 
  ǁ 5 1 ǁ     3 6 6 2 | 1                 |   1     2   2 
  ǁ ǁ   ǁ       3 3   |                   | 4         5 4 
  ǁ ǁ   ǁ 3     3 2 1 |                   | 5 - 4   1   1 
  ǁ ǁ   ǁ 2   4   2 1 |                   | 3 2 6 5 4   2 
2 6 4   ǁ 1   4   3 1 |                   | 2 2 1 2       
1 | 4 = 6 - 4 - - - - 5 - - - - - - - - - 7 - - - - 5     
| 3 5   5 1 ǁ 3 = = = 6 - 3 2 2 4 2 - 1   ǁ 2 = = 3 2   3 
3 4 2 1 2 1 ǁ 3 - 3 4 6 = = = = 6 3 1 - - 5 = = = 4 2     
2 7 = = = = 6                   |                     4 2 
1 7 3 3 = = 6 - - - - - - - - - 5 1   1 - - - - - - - 5 1 
2 5 1 1 1   3 = = = = = 2 2 2 - 4 - - - - - 3 = = 3 1 4 2 
