29 29
2 0 0 0 0 0 4 0 0 0 4 0 0 2 1 2 1 2 0 2 0 0 0 0 0 3 3 5 1 
0 2 0 0 3 1 0 1 0 0 3 0 1 1 0 0 0 0 0 2 1 0 1 1 0 0 0 0 2 
0 0 2 0 5 0 7 0 0 0 0 0 0 0 4 4 2 0 0 0 0 0 0 0 0 0 1 0 3 
0 3 2 1 3 2 0 1 0 0 0 5 0 0 4 0 0 7 0 0 0 0 5 4 1 0 0 0 0 
0 2 1 0 4 4 0 0 0 2 0 4 0 0 0 0 0 0 0 0 0 2 0 0 0 6 0 8 5 
0 2 6 0 4 4 0 2 0 4 0 0 0 0 7 2 0 0 0 0 0 3 0 2 0 0 0 2 2 
0 1 3 0 0 2 0 0 0 0 0 0 0 0 4 2 0 0 0 0 0 0 0 0 0 0 0 1 1 
0 3 0 0 6 0 5 0 0 0 0 0 0 0 0 0 0 6 0 0 0 0 0 0 0 7 0 4 2 
0 3 2 2 5 0 0 2 3 0 5 0 0 5 1 0 0 0 2 0 3 0 5 0 0 4 1 4 2 
0 2 3 0 3 1 0 0 5 2 0 0 0 4 0 0 0 0 1 0 0 0 3 3 0 0 3 0 1 
0 2 0 4 0 0 7 6 3 2 0 2 0 4 0 0 0 0 0 0 0 0 0 2 0 0 0 0 0 
0 2 3 0 0 0 0 2 2 0 7 0 0 0 0 0 0 6 0 0 0 0 0 0 0 0 6 3 2 
0 1 0 0 0 0 0 4 3 1 0 0 0 0 0 0 0 0 2 0 0 6 2 1 0 3 3 1 1 
0 3 3 0 2 0 0 0 0 0 0 3 0 0 0 3 0 0 3 0 0 7 3 1 0 0 1 2 0 
0 2 2 0 0 0 0 3 0 0 0 0 2 0 0 0 0 0 0 0 2 0 0 0 0 0 0 0 0 
0 1 2 0 0 0 0 0 0 0 0 0 0 0 0 0 0 0 5 3 3 0 3 0 0 7 0 5 0 
0 2 0 6 4 0 0 0 0 0 0 0 5 0 3 0 0 0 0 0 0 0 0 0 0 0 0 0 0 
0 1 0 0 0 0 0 0 0 0 0 0 4 2 0 4 0 0 3 1 0 0 4 1 0 0 0 2 0 
0 0 0 2 0 0 0 0 0 0 2 4 3 2 0 2 0 0 0 0 0 0 1 0 0 0 2 5 2 
0 0 0 0 0 0 0 5 0 0 0 0 0 0 8 0 0 6 0 0 0 5 0 0 0 6 0 6 2 
0 0 0 0 0 0 0 0 0 2 0 2 3 3 0 4 0 6 5 4 2 0 1 3 1 0 2 0 0 
0 0 0 0 0 0 0 4 2 0 0 0 1 0 2 2 0 0 0 3 0 6 4 3 2 6 3 0 0 
4 0 0 4 2 0 0 2 1 3 2 8 0 4 0 0 0 4 0 1 1 0 3 2 0 5 1 0 0 
3 1 2 1 0 0 5 3 1 0 0 6 0 0 2 0 0 2 0 2 0 0 2 1 0 2 0 0 0 
3 0 0 0 0 0 0 0 0 0 0 4 2 0 2 0 0 3 0 0 0 0 0 0 0 0 0 0 0 
0 0 3 0 0 0 5 0 0 6 1 2 0 0 0 0 5 1 0 5 3 5 5 0 2 0 0 0 0 
2 0 4 2 1 0 4 1 0 4 0 2 0 0 1 0 0 0 0 2 0 1 4 0 0 0 0 6 2 
1 0 3 0 0 0 4 0 0 0 0 1 0 0 0 0 4 0 7 0 3 1 2 2 0 3 0 3 0 
2 5 0 0 0 0 0 0 0 0 0 0 0 0 0 0 0 0 6 0 0 0 2 1 0 2 0 4 2 
300 338
0 27 0 26
0 27 0 28
0 27 4 27
1 28 2 28
2 6 2 4
2 6 2 14
2 6 0 6
2 6 7 6
3 11 3 7
3 11 3 14
3 11 4 11
3 17 3 14
3 17 3 22
3 17 0 17
3 17 7 17
4 27 4 25
4 27 4 28
4 27 0 27
4 27 5 27
5 14 5 9
5 14 5 15
5 14 3 14
5 14 6 14
7 25 7 17
7 25 7 27
7 25 4 25
7 25 8 25
8 10 8 8
8 10 8 13
8 10 11 10
8 22 8 20
8 22 8 25
8 22 9 22
10 6 10 3
10 6 10 7
10 6 7 6
10 6 23 6
12 21 12 18
12 21 12 22
12 21 13 21
12 21 12 18
12 21 12 22
12 21 13 21
13 21 13 18
13 21 13 22
13 21 19 21
15 18 15 19
15 18 13 18
15 18 17 18
15 25 15 22
15 25 15 27
15 25 12 25
15 25 19 25
16 12 16 14
16 12 14 12
16 12 17 12
19 7 19 14
19 7 14 7
19 7 21 7
19 14 19 7
19 14 19 17
19 14 16 14
19 14 21 14
20 15 20 17
20 15 21 15
20 15 20 17
20 15 21 15
20 17 20 18
20 17 19 17
20 17 22 17
20 17 20 18
22 11 22 10
22 11 22 13
22 11 20 11
22 11 23 11
22 11 22 10
22 11 22 13
22 11 20 11
22 11 23 11
22 13 22 17
22 13 20 13
22 17 22 19
22 17 23 17
23 11 23 8
23 11 23 14
23 11 24 11
23 11 23 14
25 9 25 6
25 9 25 10
25 9 26 9
25 9 25 6
25 9 26 9
25 9 26 9
25 16 25 11
25 16 25 17
25 16 27 16
25 19 25 20
25 19 23 19
25 19 26 19
26 9 26 7
26 14 26 11
28 1 28 0
28 1 28 18
28 1 23 1
28 18 28 1
28 18 28 22
28 18 27 18
0 27 0 26
1 5 1 4
1 7 1 10
1 28 2 28
2 26 0 26
2 28 4 28
3 11 3 14
3 11 4 11
3 17 3 22
3 17 0 17
3 17 7 17
3 24 3 23
4 11 4 9
4 27 4 25
4 27 4 28
4 27 5 27
4 28 5 28
4 28 5 28
5 14 5 9
5 14 5 15
5 14 6 14
6 14 6 15
6 14 8 14
6 15 13 15
8 4 8 3
8 4 7 4
8 4 9 4
8 13 8 10
8 13 9 13
8 13 9 13
9 8 9 9
9 8 8 8
9 8 10 8
9 13 8 13
9 13 10 13
10 13 10 11
11 10 11 8
11 10 8 10
11 10 18 10
11 10 11 8
11 10 18 10
11 17 11 26
11 17 7 17
11 17 19 17
11 17 11 26
11 17 7 17
11 17 19 17
11 26 11 27
11 26 9 26
11 26 12 26
11 26 11 27
12 9 12 8
14 12 16 12
14 20 15 20
17 1 16 1
17 15 13 15
17 15 18 15
17 15 13 15
17 15 18 15
18 11 18 12
18 11 13 11
18 11 18 12
18 11 13 11
19 14 19 17
19 14 16 14
19 14 21 14
19 17 19 21
20 9 22 9
20 13 20 12
20 18 20 19
21 12 20 12
22 9 22 8
22 9 20 9
24 11 24 12
24 11 25 11
24 11 24 12
24 14 24 17
24 17 24 14
24 17 23 17
25 16 27 16
26 11 27 11
27 6 27 2
27 6 26 6
27 6 27 2
27 6 26 6
27 16 27 18
27 16 27 18
27 18 27 20
27 18 28 18
27 18 27 20
27 18 28 18
28 1 28 0
4 11 4 9
4 25 4 21
4 25 0 25
4 25 7 25
5 9 5 7
5 23 5 21
7 17 7 25
10 13 10 11
10 23 9 23
12 8 12 7
14 20 15 20
15 20 15 19
16 12 17 12
17 12 17 13
17 12 18 12
17 13 18 13
20 12 20 13
20 18 20 19
21 8 21 7
26 6 26 4
26 6 25 6
27 0 26 0
27 2 26 2
0 25 0 19
0 25 0 19
1 19 1 20
3 23 3 22
3 23 1 23
3 23 3 22
4 21 5 21
5 9 5 7
5 21 5 23
10 23 9 23
12 8 12 7
20 18 20 19
20 19 20 20
21 8 21 7
21 19 21 21
26 0 24 0
26 2 26 3
26 2 25 2
26 2 26 3
1 22 3 22
12 7 11 7
12 7 14 7
14 7 19 7
20 20 20 22
21 7 22 7
21 19 21 21
21 21 21 22
21 21 25 21
21 21 21 22
21 21 25 21
21 22 21 23
21 22 22 22
22 7 23 7
22 20 25 20
23 7 23 6
23 19 25 19
24 0 23 0
11 7 10 7
18 22 17 22
23 7 23 6
24 0 23 0
10 7 10 6
10 7 10 8
10 7 8 7
10 7 10 6
10 9 10 8
10 9 9 9
17 22 17 23
17 22 15 22
17 22 15 22
20 23 20 24
20 23 21 23
20 23 21 23
23 0 22 0
8 7 8 8
13 22 13 21
13 22 13 23
15 25 15 27
15 25 12 25
15 25 19 25
19 25 19 21
19 25 19 27
19 25 21 25
19 25 19 21
19 27 19 28
19 27 18 27
19 27 26 27
19 27 19 28
19 27 18 27
20 26 21 26
21 25 21 24
21 25 21 26
21 25 22 25
21 25 21 24
21 25 21 26
22 0 22 3
22 0 0 0
22 0 22 3
22 26 22 25
25 24 25 22
25 24 25 22
26 27 26 22
26 27 26 28
26 27 27 27
26 27 26 22
26 27 26 28
28 28 28 27
28 28 28 27
0 0 0 6
0 6 0 10
0 6 2 6
0 10 0 13
0 10 1 10
0 10 0 13
1 10 1 12
12 23 12 25
12 26 12 27
12 26 13 26
13 27 15 27
13 27 15 27
15 27 17 27
17 27 18 27
18 26 18 27
18 28 18 27
18 28 12 28
19 21 13 21
28 27 28 25
28 27 27 27
11 28 11 27
11 28 9 28
13 18 15 18
17 18 17 19
17 18 15 18
27 27 27 25
9 26 9 23
9 26 8 26

4816

2 - - - - - 4 - - - 4 = = 2 1 2 1 2   2 = = = = = 3 3 5 1 
| 2     3 1 ǁ 1 - - 3 - 1 1       ǁ   2 1   1 1   | | ǁ 2 
|   2   5 - 7 - - - - - - - 4 4 2 ǁ         | |   | 1 ǁ 3 
| 3 2 1 3 2 | 1 - - - 5 = = 4 - - 7 = = = = 5 4 1 |   ǁ | 
| 2 1   4 4 |     2 = 4     |     ǁ       2 - - - 6 = 8 5 
| 2 6   4 4 | 2 = 4 = = = = 7 2   ǁ       3 = 2   ǁ   2 2 
| 1 3     2 |               4 2   ǁ               ǁ   1 1 
| 3     6   5               | |   6 = = = = = = = 7 - 4 2 
| 3 2 2 5   | 2 3 - 5 = = 5 1 |   ǁ 2   3 - 5 - - 4 1 4 2 
| 2 3   3 1 | | 5 2 ǁ     4   |   ǁ 1       3 3 - - 3   1 
| 2   4 - - 7 6 3 2 ǁ 2 = 4   |   ǁ           2     |   | 
| 2 3       | 2 2 = 7         |   6 = = = = = = = = 6 3 2 
| 1         | 4 3 1 ǁ         |   ǁ 2 = = 6 2 1 - 3 3 1 1 
| 3 3   2   | |     ǁ 3       3   ǁ 3 - - 7 3 1   ǁ 1 2 | 
| 2 2       | 3     ǁ ǁ 2     ǁ   ǁ ǁ   2 ǁ       ǁ   ǁ | 
| 1 2       | ǁ     ǁ ǁ ǁ     ǁ   ǁ 5 3 3 ǁ 3 - - 7 = 5 | 
| 2   6 4   | ǁ     ǁ ǁ 5 - 3 ǁ   ǁ ǁ     ǁ ǁ     ǁ   | | 
| 1         | ǁ     ǁ ǁ 4 2 ǁ 4   ǁ 3 1   ǁ 4 1   ǁ   2 | 
|     2     | ǁ     2 4 3 2 ǁ 2   ǁ       ǁ 1     ǁ 2 5 2 
|           | 5 = = = = = = 8 = = 6 - - - 5 = = = 6 - 6 2 
|           | |   2   2 3 3 ǁ 4 = 6 5 4 2 - 1 3 1 | 2 |   
|           | 4 2 ǁ   ǁ 1 | 2 2   |   3 = 6 4 3 2 6 3 |   
4 = = 4 2   | 2 1 3 2 8 = 4 - - - 4 - 1 1 ǁ 3 2   5 1 |   
3 1 2 1     5 3 1 - - 6 = = 2     2   2 | ǁ 2 1   2   |   
3 |                   4 2   2 = = 3   ǁ | ǁ           |   
| | 3       5 = = 6 1 2 - - - - 5 1   5 3 5 5 = 2     |   
2 | 4 2 1 - 4 1 - 4   2 - - 1   ǁ     2   1 4 = = = = 6 2 
1 | 3 = = = 4         1         4 = 7 = 3 1 2 2   3 - 3   
2 5 = = = = = = = = = = = = = = = = 6 - - - 2 1   2 - 4 2 
