29 29
1 4 0 0 4 0 0 0 0 0 1 1 5 0 4 2 3 0 0 0 0 0 0 0 0 0 0 0 3 
2 0 4 3 0 3 0 4 0 0 0 0 6 2 0 1 2 1 1 0 2 0 2 1 0 5 5 1 0 
4 0 0 1 0 4 2 2 0 6 0 0 4 0 5 0 0 0 0 0 0 0 6 0 0 8 5 1 0 
0 0 0 2 0 1 2 0 0 4 1 0 4 2 0 1 0 0 0 0 1 0 4 2 5 4 1 0 0 
0 6 4 0 0 4 0 0 5 0 0 0 0 0 6 3 0 0 0 0 0 0 4 2 2 0 0 5 5 
0 4 4 4 0 4 3 1 2 1 0 0 0 0 0 3 0 0 0 0 0 0 0 0 3 1 0 0 3 
5 0 0 0 7 0 0 0 0 0 0 0 0 0 6 3 0 0 0 0 0 0 0 0 0 0 0 5 2 
3 2 1 0 0 1 4 0 0 0 0 3 1 1 0 2 0 0 0 0 0 1 2 2 1 3 2 0 2 
2 2 0 0 0 3 5 0 0 0 0 0 0 3 0 0 4 0 5 0 4 4 6 3 3 5 1 0 3 
0 0 0 0 0 0 0 0 0 0 0 2 0 0 0 0 0 0 0 0 2 1 2 0 0 6 2 0 0 
4 6 5 2 0 0 3 0 0 0 1 0 0 0 0 0 0 0 0 0 0 0 0 0 0 3 1 0 0 
0 1 0 0 0 0 0 1 0 0 0 4 0 0 0 0 0 0 0 2 0 0 0 4 5 4 3 0 0 
0 0 0 0 0 0 3 2 0 2 2 0 1 0 0 0 0 0 0 0 0 0 0 0 4 3 2 0 0 
0 0 0 0 0 3 0 0 0 4 0 0 0 0 0 0 0 0 0 3 1 0 0 0 3 1 0 7 3 
0 0 0 0 0 3 0 0 0 5 4 0 0 0 0 0 0 0 0 1 0 0 0 0 0 3 1 0 1 
4 0 0 0 6 0 0 4 0 0 0 2 0 0 0 0 0 0 0 2 0 5 2 0 4 3 2 6 4 
0 1 3 0 0 0 0 5 0 0 0 2 0 0 0 0 0 0 0 3 2 0 0 0 0 0 0 0 0 
0 1 0 0 0 1 0 5 0 2 2 3 0 0 0 0 6 2 0 0 0 0 0 0 2 2 1 0 0 
0 3 6 0 6 0 0 7 2 1 0 0 0 0 0 0 5 1 6 0 0 4 0 0 3 0 0 4 2 
0 2 1 1 5 2 2 5 0 0 0 3 2 0 0 0 4 2 0 0 0 0 0 0 1 0 0 0 0 
0 3 0 0 0 0 0 0 0 0 0 0 0 6 8 6 0 0 6 0 0 0 0 5 0 0 0 3 1 
0 4 0 0 0 0 0 0 3 2 0 0 0 0 2 0 2 0 4 1 2 0 0 5 0 0 0 2 0 
2 0 0 0 0 0 0 0 0 0 0 0 0 0 1 5 0 0 0 0 0 0 0 5 0 0 0 4 4 
2 0 0 0 0 0 0 0 0 1 0 0 0 0 0 2 3 0 3 0 4 0 0 0 3 4 5 3 2 
1 0 0 0 0 0 0 0 0 0 0 0 0 0 0 1 3 1 3 2 0 0 2 0 3 0 2 0 0 
2 6 0 0 0 0 0 0 0 0 0 0 0 7 5 0 0 0 0 0 6 0 0 0 0 8 2 0 0 
4 6 0 0 0 0 0 0 0 0 0 4 2 0 0 2 5 2 1 0 0 2 0 0 0 5 0 5 2 
4 6 1 0 0 2 0 0 0 0 0 0 0 3 4 1 0 2 7 0 4 1 0 0 0 1 2 6 4 
1 4 0 0 0 0 0 0 0 0 0 0 0 0 4 0 3 1 4 0 0 0 0 0 0 4 2 2 2 
300 323
0 12 0 11
0 12 0 14
0 12 1 12
1 25 1 23
1 25 1 26
1 25 2 25
1 26 1 25
1 26 1 27
1 26 2 26
2 9 2 7
2 9 2 12
2 9 3 9
2 9 2 7
2 9 2 12
2 9 3 9
2 25 2 22
2 25 2 26
2 25 1 25
2 25 3 25
3 24 3 23
3 24 3 25
3 24 4 24
4 1 4 2
4 1 0 1
4 1 5 1
4 1 4 2
4 1 0 1
4 1 5 1
4 8 4 5
4 8 4 14
4 8 5 8
4 28 4 27
4 28 0 28
4 28 5 28
5 1 5 2
5 1 7 1
13 27 13 25
13 27 13 28
13 27 6 27
13 27 15 27
18 7 18 4
18 7 18 8
18 7 17 7
18 7 19 7
19 4 19 3
19 4 19 5
19 4 18 4
20 14 20 13
20 14 20 15
20 14 6 14
20 14 21 14
20 14 20 13
20 14 20 15
20 14 6 14
20 14 21 14
20 15 20 18
20 15 7 15
20 15 22 15
20 15 20 18
20 18 20 23
20 18 18 18
20 18 21 18
20 18 20 23
22 23 22 15
22 23 22 27
22 23 21 23
23 26 23 25
23 26 23 27
23 26 24 26
25 13 25 1
25 13 25 14
25 13 20 13
25 13 27 13
25 25 25 20
25 25 25 26
25 25 23 25
25 25 26 25
25 25 25 20
25 25 25 26
25 25 23 25
25 25 26 25
26 11 26 1
26 11 26 12
26 11 26 1
26 11 26 12
27 18 27 17
27 18 27 20
27 18 26 18
27 18 28 18
0 1 0 0
0 1 0 4
0 4 0 10
0 4 6 4
0 4 6 4
0 12 0 14
0 12 1 12
0 14 0 15
0 14 2 14
1 0 2 0
1 2 1 3
1 2 4 2
1 2 1 3
1 2 4 2
1 3 2 3
1 7 1 5
1 7 1 12
1 7 1 5
1 7 1 12
1 26 2 26
2 0 1 0
2 0 6 0
2 0 6 0
2 25 2 22
2 25 2 26
2 25 3 25
3 3 5 3
3 9 3 6
3 9 3 10
3 12 3 13
3 12 2 12
3 12 3 13
3 12 2 12
5 2 5 3
5 2 7 2
5 2 5 3
5 3 3 3
6 0 7 0
6 14 6 4
6 14 6 15
6 14 4 14
6 14 6 4
10 2 10 1
10 2 10 3
10 2 16 2
13 27 13 28
13 27 6 27
13 27 15 27
15 0 10 0
15 0 22 0
15 0 10 0
15 0 22 0
15 4 15 7
15 4 6 4
15 4 18 4
15 4 15 7
15 4 6 4
15 4 18 4
15 27 15 26
15 27 15 28
15 27 18 27
15 27 15 26
15 28 14 28
15 28 18 28
15 28 18 28
16 7 16 11
16 7 15 7
16 7 17 7
17 5 17 7
17 16 17 17
17 16 8 16
17 16 18 16
17 16 17 17
17 16 8 16
17 16 18 16
17 26 17 25
18 4 18 2
18 4 18 7
18 18 18 17
18 18 18 21
18 18 8 18
18 27 18 24
18 27 20 27
18 27 18 24
19 4 19 5
19 6 19 7
19 16 19 17
19 16 18 16
19 16 19 17
19 16 18 16
19 24 18 24
20 13 20 1
20 13 8 13
20 13 25 13
21 16 21 18
21 18 21 16
21 18 21 19
21 20 21 23
23 0 23 9
23 0 24 0
23 25 23 24
24 26 23 26
25 1 25 0
25 1 25 13
25 1 26 1
25 1 25 0
25 1 26 1
25 20 25 14
25 20 23 20
25 20 27 20
25 20 25 14
26 0 26 1
26 0 27 0
26 0 26 1
26 0 27 0
26 16 26 15
26 16 26 17
26 16 28 16
27 0 27 1
27 0 28 0
27 18 27 17
27 18 27 20
27 18 28 18
27 20 27 21
28 1 28 14
28 1 27 1
28 1 28 14
28 1 27 1
28 14 28 16
28 14 27 14
28 18 28 17
28 18 28 25
28 25 28 26
28 25 27 25
28 25 28 26
1 5 2 5
1 12 1 13
1 12 1 13
2 5 2 6
2 5 3 5
2 5 2 6
2 14 2 22
2 14 4 14
2 22 2 14
2 22 1 22
2 22 3 22
4 5 4 8
4 5 5 5
4 5 5 5
4 14 4 8
4 14 4 15
4 14 2 14
5 5 5 6
5 6 5 5
5 6 5 7
5 8 5 9
6 0 7 0
8 16 8 18
10 0 10 1
10 0 8 0
10 1 10 2
10 1 8 1
10 1 11 1
10 3 10 2
13 28 8 28
14 9 14 5
14 9 14 10
14 9 13 9
14 10 14 9
14 10 12 10
14 10 14 9
14 26 14 25
15 7 15 11
18 2 18 1
18 2 16 2
18 2 19 2
18 18 18 21
18 18 8 18
18 21 15 21
19 6 19 7
21 1 21 8
21 1 20 1
21 1 21 8
21 1 20 1
21 8 21 9
21 20 21 23
23 20 23 18
23 20 23 24
23 20 23 18
23 24 24 24
23 26 23 27
24 19 24 18
24 22 24 24
24 24 24 22
26 17 26 16
26 21 26 25
27 1 27 2
27 5 27 13
27 26 27 27
27 26 27 27
27 27 27 28
27 27 26 27
27 27 28 27
27 27 27 28
27 28 26 28
27 28 28 28
28 16 26 16
28 27 28 28
1 20 1 18
1 20 1 22
6 0 7 0
7 1 8 1
8 16 8 18
8 18 8 20
8 28 7 28
13 9 13 5
13 9 12 9
13 9 13 5
14 5 13 5
18 2 18 1
18 2 16 2
18 21 15 21
19 1 18 1
24 19 24 18
26 15 27 15
26 21 26 25
26 25 26 27
27 5 27 13
27 14 25 14
1 17 1 16
8 28 7 28
16 1 17 1
25 13 25 14
22 14 22 15

2984

1 4 - - 4 - - - - - 1 1 5 = 4 2 3                       3 
2 ǁ 4 3 ǁ 3 = 4 = = = = 6 2 | 1 2 1 1 - 2 - 2 1 - 5 5 1 | 
4 ǁ ǁ 1 ǁ 4 2 2 = 6 = = 4   5 = = = = = = = 6 = = 8 5 1 | 
ǁ ǁ ǁ 2 ǁ 1 2 - - 4 1   4 2 ǁ 1         1   4 2 5 4 1   | 
ǁ 6 4 ǁ ǁ 4 = = 5 = = = = = 6 3             4 2 2     5 5 
ǁ 4 4 4 ǁ 4 3 1 2 1         | 3                 3 1     3 
5 | |   7 = = = = = = = = = 6 3                       5 2 
3 2 1   ǁ 1 4         3 1 1 ǁ 2           1 2 2 1 3 2 ǁ 2 
2 2     ǁ 3 5             3 ǁ | 4 = 5 - 4 4 6 3 3 5 1 ǁ 3 
| |     ǁ             2   | ǁ | ǁ   ǁ   2 1 2     6 2 ǁ | 
4 6 5 2 ǁ   3       1     | ǁ | ǁ   ǁ             3 1 ǁ | 
ǁ 1 |   ǁ     1       4   | ǁ | ǁ   ǁ 2       4 5 4 3 ǁ | 
ǁ   |   ǁ   3 2   2 2   1 | ǁ | ǁ   ǁ           4 3 2 ǁ | 
ǁ   |   ǁ 3 = = = 4 |     | ǁ | ǁ   ǁ 3 1       3 1 - 7 3 
ǁ   |   ǁ 3 - - - 5 4     | ǁ | ǁ   ǁ 1           3 1 ǁ 1 
4   |   6 = = 4 - - - 2   | ǁ | ǁ   ǁ 2   5 2   4 3 2 6 4 
ǁ 1 3   ǁ     5 - - - 2   | ǁ | ǁ   ǁ 3 2 ǁ           | ǁ 
ǁ 1 ǁ   ǁ 1 - 5   2 2 3   | ǁ | 6 2 ǁ     ǁ     2 2 1 | ǁ 
ǁ 3 6 - 6 = = 7 2 1       | ǁ | 5 1 6 = = 4     3 = = 4 2 
ǁ 2 1 1 5 2 2 5       3 2 | ǁ | 4 2 |           1     |   
ǁ 3 - - - - - - - - - - - 6 8 6 = = 6 = = = = 5       3 1 
ǁ 4 = = = = = = 3 2       ǁ 2 | 2 = 4 1 2 = = 5       2   
2                         ǁ 1 5 - - - - - - - 5 - - - 4 4 
2 - - - - - - - - 1       ǁ   2 3   3 = 4 - - - 3 4 5 3 2 
1                         ǁ   1 3 1 3 2 |   2 = 3 ǁ 2     
2 6 = = = = = = = = = = = 7 5 = = = = = 6 = = = = 8 2     
4 6 = = = = = = = = = 4 2 | | 2 5 2 1   | 2 = = = 5 - 5 2 
4 6 1     2 = = = = = = = 3 4 1 ǁ 2 7 = 4 1       1 2 6 4 
1 4 = = = = = = = = = = = = 4 - 3 1 4 - - - - - - 4 2 2 2 
