29 29
3 3 2 0 6 2 2 0 0 0 0 0 4 0 0 0 0 0 6 0 0 0 0 3 3 0 5 3 1 
4 5 5 0 6 0 0 0 0 0 0 0 0 0 0 0 0 0 8 0 0 0 0 0 0 0 5 5 3 
0 1 3 1 0 0 2 0 0 2 0 0 4 2 2 0 2 1 0 2 4 0 0 4 2 4 5 0 2 
5 0 6 0 7 6 6 0 0 0 5 0 7 4 2 2 0 0 0 2 7 4 3 0 0 4 0 0 0 
0 2 5 3 3 0 3 2 2 0 4 0 0 2 0 0 0 0 0 2 2 3 4 0 0 2 0 0 0 
0 4 0 7 0 7 0 0 0 0 0 0 8 0 6 4 0 0 0 6 0 0 0 6 0 0 4 0 0 
0 6 0 7 3 0 1 4 0 0 4 4 0 3 0 0 6 3 0 4 0 2 0 0 0 0 0 0 0 
0 0 0 3 0 0 0 0 2 4 0 0 0 3 6 2 0 0 0 4 1 1 0 0 0 0 1 0 4 
0 0 1 4 3 0 0 0 0 0 0 0 0 3 5 2 0 0 0 2 0 0 0 0 0 0 0 0 0 
0 0 0 0 1 0 0 0 2 0 0 0 0 6 0 0 4 0 7 0 0 0 0 8 0 0 0 6 4 
0 0 4 8 0 6 0 3 0 0 0 0 0 5 4 0 0 0 6 0 0 3 0 0 2 0 3 0 0 
0 0 4 0 2 0 0 0 0 0 0 4 0 5 3 3 4 3 0 1 0 4 2 0 0 0 0 0 0 
0 0 2 0 0 0 3 0 3 0 0 0 0 6 3 0 0 1 0 5 0 4 2 0 0 0 0 0 0 
0 0 1 0 4 0 0 1 0 0 0 0 0 0 4 6 0 0 6 6 0 6 4 0 2 2 0 0 2 
0 2 0 0 0 0 0 0 0 0 0 0 0 0 4 5 6 2 0 0 0 1 2 0 0 0 0 0 0 
0 2 0 0 5 6 6 3 0 0 0 0 0 0 0 0 0 0 0 0 0 1 0 0 0 0 0 0 0 
2 6 3 0 4 0 0 0 0 0 0 0 0 0 0 0 2 0 0 4 4 7 4 0 0 0 0 0 0 
1 0 0 0 4 0 5 7 6 4 0 4 0 0 1 0 1 0 5 3 0 4 1 0 0 0 0 0 0 
0 0 0 0 0 0 0 0 0 0 0 4 0 0 0 5 0 0 4 0 7 3 0 0 0 0 0 0 0 
4 6 0 7 5 0 0 0 0 0 0 0 0 0 2 5 1 0 0 0 3 1 0 0 0 0 0 0 0 
3 0 2 0 1 0 0 0 5 0 5 4 0 6 0 0 0 0 0 0 0 0 0 8 0 5 4 0 0 
0 0 4 7 4 0 0 0 3 0 0 3 0 0 0 0 0 2 0 0 6 3 1 0 4 0 0 3 0 
0 0 2 0 4 4 4 0 1 0 0 4 0 0 0 0 0 0 0 0 0 1 0 0 6 0 0 4 0 
0 0 5 5 5 2 0 4 0 0 7 4 0 5 0 0 0 0 0 0 6 5 4 0 6 6 2 0 0 
0 5 5 2 2 0 2 0 3 0 3 1 0 3 0 0 0 0 0 0 2 4 4 0 2 2 0 0 0 
0 3 3 2 0 4 0 0 0 0 0 0 7 0 0 0 0 0 0 0 0 0 0 8 0 0 0 7 6 
5 0 0 0 0 0 0 0 0 0 0 0 5 3 0 0 0 0 0 0 0 0 0 7 0 4 2 2 4 
5 0 0 0 0 0 0 4 1 4 0 0 0 0 0 0 0 0 0 0 0 0 0 5 4 8 0 4 5 
3 0 0 0 3 4 0 6 0 6 0 0 0 0 0 0 3 0 0 2 0 0 0 3 4 6 0 2 1 
300 543
0 4 0 2
0 4 0 5
0 4 1 4
0 4 0 2
0 4 0 5
0 4 1 4
0 18 0 12
0 18 0 23
0 18 1 18
0 18 0 12
0 18 0 23
0 18 1 18
0 26 0 24
0 26 0 27
0 26 1 26
1 2 1 1
1 2 1 4
1 2 2 2
1 4 1 2
1 4 1 18
1 4 3 4
3 0 3 2
3 0 1 0
3 0 16 0
3 4 3 2
3 4 3 5
3 4 4 4
3 5 3 4
3 5 3 6
3 5 5 5
3 5 3 4
3 5 3 6
3 6 3 10
3 6 2 6
3 6 4 6
3 6 3 10
3 12 3 10
3 12 3 13
3 12 2 12
3 12 5 12
3 20 3 19
3 20 3 21
3 20 2 20
3 20 4 20
5 3 5 1
5 3 5 5
5 3 4 3
5 3 6 3
5 5 5 3
5 5 5 12
5 5 10 5
5 12 5 5
5 12 5 14
5 12 3 12
5 12 25 12
6 1 6 3
6 1 5 1
6 1 14 1
6 1 6 3
6 1 5 1
6 1 14 1
6 11 6 10
6 11 11 11
6 11 6 10
6 11 11 11
7 9 7 8
7 9 17 9
7 9 7 8
7 9 17 9
9 8 12 8
9 13 9 16
9 13 8 13
9 13 10 13
9 13 9 16
9 13 8 13
9 13 10 13
9 18 9 16
9 18 9 23
9 18 1 18
9 18 10 18
9 23 9 18
9 23 9 27
9 23 5 23
9 23 20 23
10 3 10 2
10 3 10 5
10 3 8 3
10 3 19 3
10 3 10 2
10 3 10 5
10 3 8 3
10 3 19 3
10 5 10 7
10 5 5 5
10 5 15 5
11 2 10 2
11 2 12 2
11 2 10 2
11 2 12 2
11 4 13 4
11 11 17 11
11 13 11 14
11 13 10 13
11 13 12 13
12 13 12 14
12 13 11 13
12 13 20 13
12 13 12 14
12 13 11 13
13 2 16 2
13 4 11 4
13 4 15 4
13 4 15 4
15 1 16 1
15 5 15 4
15 5 15 6
15 5 22 5
15 5 15 4
15 5 15 6
15 6 15 7
15 6 12 6
15 6 17 6
15 6 15 7
16 4 15 4
16 4 17 4
16 4 17 4
16 4 17 4
16 21 16 20
16 21 16 22
16 21 15 21
16 21 17 21
17 4 19 4
17 6 17 7
17 6 22 6
17 6 17 7
17 6 22 6
17 7 17 8
17 7 15 7
17 7 23 7
18 11 17 11
18 11 20 11
18 11 17 11
18 11 20 11
18 15 18 18
18 15 14 15
18 15 19 15
18 20 18 18
18 20 18 21
18 20 16 20
18 20 19 20
19 3 19 1
19 3 19 4
19 3 21 3
19 15 19 14
19 15 19 16
19 15 18 15
20 8 20 10
20 8 17 8
20 8 21 8
20 11 20 10
20 11 21 11
20 23 20 13
20 23 20 25
20 23 9 23
20 23 25 23
21 17 21 20
21 20 21 17
21 20 21 21
21 20 23 20
21 20 21 21
21 20 23 20
21 24 21 27
21 24 22 24
21 24 21 27
21 24 22 24
22 6 22 5
22 6 24 6
22 24 22 27
22 24 23 24
22 24 22 27
22 24 23 24
22 27 21 27
22 27 25 27
23 2 23 3
23 2 22 2
23 2 24 2
23 10 23 7
23 10 23 11
23 10 20 10
23 10 24 10
23 13 23 20
23 13 20 13
23 13 24 13
23 20 23 13
23 20 23 21
23 20 24 20
23 24 23 25
23 24 24 24
23 24 23 25
23 24 24 24
23 25 23 26
23 25 24 25
23 25 23 26
23 25 24 25
24 1 24 2
24 1 19 1
24 1 25 1
24 22 24 21
24 22 23 22
24 22 24 21
24 22 23 22
25 23 25 12
25 23 25 27
25 23 20 23
25 23 26 23
25 27 25 23
25 27 25 28
25 27 26 27
25 28 25 27
25 28 13 28
25 28 26 28
25 28 25 27
25 28 13 28
26 0 26 12
26 0 20 0
26 0 27 0
26 28 26 27
26 28 27 28
26 28 27 28
27 25 27 24
27 25 27 27
27 25 26 25
27 25 28 25
27 25 27 24
27 25 27 27
27 25 26 25
27 25 28 25
27 27 27 28
27 27 28 27
27 28 28 28
28 5 28 4
28 5 28 7
28 5 28 4
28 5 28 7
28 7 28 9
28 7 27 7
28 9 28 7
28 9 28 16
28 9 27 9
28 25 28 24
28 25 28 27
28 25 28 24
0 6 0 12
0 12 0 6
1 18 1 26
1 18 9 18
1 18 1 26
2 3 2 2
2 6 2 9
2 9 2 12
2 12 2 13
2 12 3 12
4 2 4 1
4 2 4 3
4 2 3 2
4 4 4 3
4 4 3 4
4 6 4 7
4 10 4 8
4 10 3 10
4 10 4 8
4 10 3 10
4 13 3 13
5 1 5 3
5 3 6 3
5 12 5 14
5 12 25 12
5 14 5 15
5 14 3 14
5 14 7 14
5 14 5 15
5 15 3 15
5 15 7 15
5 19 5 23
5 19 4 19
5 19 6 19
5 19 5 23
5 19 4 19
5 19 6 19
5 23 5 26
5 23 2 23
5 23 9 23
5 26 2 26
5 26 7 26
5 26 2 26
6 6 6 7
6 7 6 10
6 7 10 7
6 7 6 10
6 13 7 13
6 16 6 17
6 16 2 16
6 16 9 16
6 16 6 17
6 16 2 16
6 16 6 17
6 19 6 21
6 19 7 19
6 21 7 21
7 14 7 13
7 14 7 15
7 14 8 14
7 14 7 13
7 14 8 14
7 19 7 20
7 19 8 19
7 19 8 19
7 28 2 28
7 28 9 28
7 28 2 28
7 28 9 28
8 2 8 3
8 3 8 4
8 13 8 14
8 14 8 15
8 15 8 14
9 4 8 4
9 8 12 8
9 18 10 18
9 23 9 27
9 27 9 28
9 27 1 27
9 28 9 27
10 7 13 7
10 13 10 14
10 18 10 14
10 18 10 21
10 18 13 18
10 18 10 14
10 21 11 21
11 11 17 11
12 8 17 8
12 19 12 21
12 19 11 19
12 19 13 19
13 18 13 15
13 18 13 19
13 18 17 18
13 18 13 15
13 18 13 19
13 19 13 21
13 19 12 19
13 19 16 19
13 21 13 22
13 21 12 21
13 21 14 21
14 16 14 15
14 16 14 17
14 16 16 16
14 16 14 15
14 16 14 17
14 16 16 16
15 1 16 1
16 1 16 0
16 1 16 2
16 1 19 1
16 1 16 2
16 19 16 20
16 19 17 19
16 19 16 20
17 0 19 0
17 7 17 8
17 7 23 7
17 9 17 8
17 16 17 18
17 19 17 18
18 20 18 18
18 20 18 21
18 20 19 20
19 0 19 1
19 0 20 0
19 0 19 1
19 15 19 14
19 20 19 21
20 0 26 0
20 2 21 2
20 10 20 8
20 10 23 10
20 23 20 13
20 23 20 25
20 26 20 25
20 26 10 26
20 26 20 25
20 26 10 26
21 8 20 8
21 8 22 8
21 11 22 11
22 5 22 4
22 5 23 5
22 11 21 11
22 11 23 11
22 11 23 11
23 7 23 10
23 11 23 10
23 22 23 21
23 22 21 22
24 11 24 10
24 13 24 20
24 13 23 13
24 21 23 21
24 21 23 21
25 23 25 12
25 23 26 23
26 23 26 13
26 23 26 25
26 23 27 23
26 25 26 23
27 24 27 23
27 24 28 24
28 4 28 0
28 7 27 7
28 9 28 16
28 9 27 9
28 16 28 19
28 19 28 23
28 24 28 23
0 23 0 24
0 24 0 26
1 28 1 27
1 28 0 28
1 28 1 27
2 14 2 13
2 14 3 14
2 23 2 20
2 23 2 24
2 23 2 20
2 24 2 25
2 25 2 26
2 25 3 25
2 25 2 26
2 26 1 26
3 0 3 2
3 0 1 0
3 12 3 13
3 13 4 13
3 25 4 25
4 1 4 2
4 2 3 2
4 6 4 7
4 22 4 21
4 22 3 22
4 22 4 21
4 22 3 22
4 25 3 25
7 3 6 3
8 4 6 4
9 27 1 27
10 13 10 14
10 21 11 21
10 26 10 24
11 16 11 15
11 16 11 17
11 16 11 15
11 16 11 17
11 17 12 17
11 21 11 22
11 21 12 21
11 22 12 22
12 19 12 21
12 22 13 22
13 15 13 14
13 15 11 15
13 15 14 15
13 15 13 14
13 21 13 22
13 22 13 21
14 22 16 22
14 22 16 22
16 22 16 21
17 8 17 9
17 14 14 14
17 18 17 19
17 18 18 18
17 22 17 21
18 15 14 15
18 21 17 21
20 2 21 2
20 25 13 25
21 2 21 3
21 2 22 2
21 3 21 4
21 3 19 3
21 3 23 3
21 21 22 21
22 4 21 4
22 4 23 4
22 4 21 4
23 2 23 3
23 2 24 2
24 10 24 8
27 7 27 0
27 7 27 8
27 9 27 23
28 0 27 0
28 0 27 0
28 23 27 23
0 27 0 26
0 27 1 27
1 0 1 1
1 0 0 0
2 19 2 20
2 19 3 19
3 2 2 2
3 22 3 21
6 4 6 3
7 3 6 3
10 24 13 24
11 14 12 14
13 14 14 14
13 24 13 25
14 14 13 14
16 21 17 21
21 3 21 4
21 3 23 3
24 8 24 6
27 0 26 0
27 9 27 23
0 0 0 1
0 0 0 1
0 1 1 1
1 1 1 2
1 1 2 1
3 21 3 20
3 21 4 21
4 20 3 20
20 4 19 4
26 12 26 13
26 12 25 12
26 23 26 13
19 4 19 3
26 12 25 12
19 1 24 1
26 12 25 12

3137

3 3 2 = 6 2 2 = = = = = 4 = = = = = 6 = = = = 3 3 = 5 3 1 
4 5 5 = 6 - - - - - - - - - - - - - 8 = = = = = = = 5 5 3 
ǁ 1 3 1 |   2 - - 2 - - 4 2 2   2 1 ǁ 2 4 = = 4 2 4 5 ǁ 2 
5 = 6 - 7 6 6 = = = 5 - 7 4 2 2 ǁ   ǁ 2 7 4 3 |   4 ǁ ǁ ǁ 
| 2 5 3 3 | 3 2 2 = 4   ǁ 2 | | ǁ   ǁ 2 2 3 4 |   2 ǁ ǁ ǁ 
| 4 = 7 = 7 = = = = = = 8 = 6 4 ǁ   ǁ 6 = = = 6 - - 4 ǁ ǁ 
| 6 = 7 3 ǁ 1 4 = = 4 4 ǁ 3 | | 6 3 ǁ 4 - 2   ǁ     | ǁ ǁ 
| ǁ   3 | ǁ   | 2 4   ǁ ǁ 3 6 2 |   ǁ 4 1 1   ǁ     1 ǁ 4 
| ǁ 1 4 3 ǁ   |   ǁ   ǁ ǁ 3 5 2 |   ǁ 2       ǁ       ǁ ǁ 
| ǁ   ǁ 1 ǁ   | 2 ǁ   ǁ ǁ 6 = = 4 - 7 = = = = 8 = = = 6 4 
| ǁ 4 8 = 6 - 3 ǁ ǁ   ǁ ǁ 5 4 = = = 6 - - 3   ǁ 2 - 3     
| ǁ 4 ǁ 2 |   | ǁ ǁ   4 ǁ 5 3 3 4 3 | 1   4 2 ǁ |   ǁ     
| ǁ 2 ǁ ǁ | 3 | 3 ǁ   ǁ ǁ 6 3 |   1 | 5 = 4 2 ǁ |   ǁ     
| ǁ 1 ǁ 4 | | 1 | ǁ   ǁ ǁ | 4 6 = = 6 6 - 6 4 ǁ 2 2 ǁ   2 
| 2 | ǁ ǁ | |   | ǁ   ǁ ǁ | 4 5 6 2 | |   1 2 ǁ   | ǁ   ǁ 
| 2 | ǁ 5 6 6 3 | ǁ   ǁ ǁ | | ǁ ǁ   | |   1 ǁ ǁ   | ǁ   ǁ 
2 6 3 ǁ 4 | | | | ǁ   ǁ ǁ | | ǁ 2   | 4 4 7 4 ǁ   | ǁ   ǁ 
1 |   ǁ 4 | 5 7 6 4   4 ǁ | 1 ǁ 1 - 5 3 | 4 1 ǁ   | ǁ   ǁ 
| |   ǁ | | ǁ ǁ |     4 ǁ |   5 - - 4 = 7 3   ǁ   | ǁ   ǁ 
4 6 - 7 5 | ǁ ǁ |     ǁ ǁ | 2 5 1       3 1   ǁ   | ǁ   ǁ 
3 ǁ 2 ǁ 1 | ǁ ǁ 5 = 5 4 ǁ 6 = = = = = = = = = 8 = 5 4   ǁ 
ǁ ǁ 4 7 4 | ǁ ǁ 3   ǁ 3 ǁ |       2 = = 6 3 1 ǁ 4 = = 3 ǁ 
ǁ ǁ 2 ǁ 4 4 4 ǁ 1   ǁ 4 ǁ |             ǁ 1 | ǁ 6 = = 4 ǁ 
ǁ ǁ 5 5 5 2 | 4 = = 7 4 ǁ 5 = = = = = = 6 5 4 ǁ 6 6 2 | ǁ 
ǁ 5 5 2 2   2 - 3 - 3 1 ǁ 3 - - - - - - 2 4 4 ǁ 2 2   | ǁ 
ǁ 3 3 2   4             7 = = = = = = = = = = 8 = = = 7 6 
5 - - - - - - - - - - - 5 3 = = = = = = = = = 7 = 4 2 2 4 
5 - - - - - - 4 1 4 = = = = = = = = = = = = = 5 4 8 = 4 5 
3 - - - 3 4 = 6 = 6 = = = = = = 3 - - 2 - - - 3 4 6 - 2 1 
