29 29
4 5 0 0 0 0 3 0 0 0 0 0 0 0 0 0 0 5 0 0 0 0 0 0 2 1 2 4 2 
0 0 1 2 2 0 5 2 2 4 0 0 5 0 0 2 4 7 2 2 0 0 3 2 3 0 1 0 0 
0 0 1 0 2 1 0 1 2 1 2 0 0 0 0 0 2 1 2 0 0 0 0 1 1 0 1 0 0 
0 0 2 0 3 0 6 2 7 0 7 0 6 0 0 0 0 0 5 0 0 0 5 0 0 5 3 0 0 
0 0 0 0 3 2 0 2 6 2 3 1 3 0 1 2 4 0 4 0 1 0 0 2 0 4 1 0 0 
0 0 4 6 0 0 7 0 0 0 0 0 0 0 0 0 0 0 0 0 0 0 7 0 0 0 0 5 1 
0 0 0 0 0 0 0 2 0 0 0 0 0 0 0 0 0 2 3 0 1 1 0 0 0 0 0 0 0 
0 0 0 0 0 0 0 0 0 2 0 0 3 1 4 2 1 0 0 4 5 3 0 0 0 0 0 0 0 
0 0 0 0 1 0 0 3 0 0 0 0 0 1 5 0 6 3 3 2 0 1 0 0 0 0 0 0 0 
0 0 4 0 0 0 0 2 0 0 0 0 0 0 0 0 0 1 0 2 0 0 0 0 0 0 0 0 0 
0 0 0 0 0 0 0 0 0 1 0 0 0 0 0 0 0 2 0 0 0 3 0 0 0 0 0 0 0 
0 0 2 0 0 0 0 0 0 0 0 0 0 0 0 0 0 0 0 0 0 0 0 0 0 0 0 0 0 
0 0 0 0 4 0 5 0 0 0 0 0 4 0 0 0 6 3 3 5 5 6 0 1 0 0 0 4 2 
0 0 4 4 0 0 0 0 0 0 0 0 0 1 0 0 5 1 0 0 0 0 0 3 2 4 2 0 0 
0 0 0 1 4 2 0 0 0 0 0 0 0 0 0 0 0 2 0 2 0 0 0 5 2 0 0 0 0 
0 0 5 0 2 0 0 2 0 0 0 0 4 0 2 1 0 0 0 0 0 0 0 0 3 6 3 0 0 
2 0 4 0 1 0 1 5 2 2 1 2 6 6 2 0 5 4 0 0 0 2 0 0 0 2 2 0 0 
2 0 4 0 2 0 0 4 0 5 2 0 1 3 3 2 2 0 0 0 0 1 0 4 6 0 0 4 0 
6 7 0 0 0 0 0 0 0 0 0 0 0 0 0 0 0 0 5 0 5 3 0 0 0 0 1 0 0 
0 0 2 0 3 2 0 0 0 0 0 0 0 0 0 0 6 0 7 5 2 1 0 0 0 1 0 1 0 
0 0 4 2 0 2 6 0 0 0 0 0 0 2 0 0 0 2 0 0 2 2 0 0 0 0 2 3 0 
3 0 6 0 6 0 6 4 2 2 4 0 0 0 0 0 6 4 0 4 5 3 0 3 1 0 0 0 0 
2 0 6 4 0 1 4 0 0 0 2 0 0 3 4 2 1 1 2 5 3 1 0 3 0 0 0 0 3 
1 0 2 2 0 2 4 0 0 0 3 2 1 0 0 0 0 0 0 3 3 3 0 1 0 0 2 5 0 
3 6 0 0 7 0 0 0 0 0 0 0 0 0 0 0 0 0 0 0 0 0 7 0 0 6 2 0 2 
3 2 3 3 0 4 0 0 0 0 0 0 0 3 0 1 0 3 2 0 0 0 0 0 1 2 1 0 0 
0 1 0 2 3 5 0 0 0 2 1 2 0 5 0 0 3 3 3 0 0 0 6 0 5 0 0 4 0 
4 0 0 0 4 3 0 0 0 0 0 0 0 0 1 2 0 0 0 0 0 0 6 2 3 2 1 5 1 
3 0 0 0 0 0 0 0 0 0 0 3 0 0 1 3 0 0 2 0 0 0 4 2 1 1 0 3 2 
300 208
0 0 0 1
0 0 16 0
0 0 0 1
0 0 16 0
0 17 0 6
0 17 0 24
0 17 1 17
1 12 1 9
1 12 1 15
1 12 3 12
1 17 1 16
1 17 1 18
1 17 0 17
1 17 2 17
3 8 3 7
3 8 3 10
3 8 2 8
3 8 4 8
5 6 5 3
5 6 5 22
5 6 3 6
5 6 12 6
8 4 12 4
9 2 5 2
9 2 11 2
9 2 5 2
9 2 11 2
12 4 12 6
12 4 14 4
12 4 12 6
13 2 13 3
13 2 15 2
13 2 13 3
13 2 15 2
13 3 5 3
13 3 14 3
14 4 14 5
14 4 15 4
14 4 14 5
18 0 18 1
18 0 17 0
18 0 21 0
18 0 18 1
18 0 17 0
18 0 21 0
18 1 18 18
18 1 0 1
18 1 24 1
19 16 19 5
19 16 19 18
19 16 21 16
19 16 19 5
19 16 19 18
19 16 21 16
19 18 19 19
19 18 18 18
19 18 22 18
20 6 20 5
20 6 20 13
20 6 21 6
20 6 20 5
20 6 20 13
20 6 21 6
20 17 21 17
21 0 22 0
21 2 21 4
21 2 20 2
21 2 22 2
21 2 21 4
21 2 20 2
21 2 22 2
21 4 21 6
21 4 19 4
21 4 24 4
21 4 21 6
21 7 21 6
21 7 21 8
21 7 21 6
21 7 21 8
21 16 21 10
21 16 21 17
21 16 22 16
21 16 21 10
21 17 20 17
21 17 22 17
22 0 23 0
22 2 22 3
22 2 23 2
22 2 22 3
22 2 23 2
22 3 23 3
23 27 23 26
23 27 20 27
23 27 26 27
24 4 24 1
24 4 24 22
24 4 26 4
25 5 25 13
25 5 26 5
25 5 25 13
25 5 26 5
26 13 26 11
26 13 26 16
26 13 25 13
1 17 1 16
1 17 1 18
1 19 1 22
4 8 4 7
4 8 4 9
4 8 3 8
4 8 4 7
4 8 4 9
5 2 5 3
5 2 3 2
5 3 5 6
5 3 1 3
5 3 1 3
17 2 17 4
17 2 16 2
17 2 17 4
17 2 16 2
17 7 17 9
17 7 16 7
17 7 17 9
17 7 16 7
19 4 19 2
20 2 20 3
20 2 19 2
21 9 21 10
21 10 21 9
22 3 23 3
22 14 22 13
22 14 22 15
22 14 22 13
22 14 22 15
24 4 24 1
24 4 24 22
24 4 26 4
24 22 24 25
24 22 5 22
24 22 26 22
25 15 25 17
26 13 26 11
26 13 26 16
26 16 26 17
28 11 28 0
28 11 28 14
28 11 28 0
1 2 2 2
1 16 1 15
1 16 2 16
1 19 1 22
2 16 4 16
3 12 3 10
3 12 1 12
3 12 4 12
3 12 3 10
3 12 4 12
3 18 3 22
3 18 2 18
3 18 4 18
4 16 4 15
4 16 4 18
4 16 4 15
4 18 4 20
4 18 3 18
12 21 12 20
12 21 10 21
12 21 16 21
12 21 12 20
12 21 10 21
12 21 16 21
14 23 14 24
14 23 13 23
14 23 17 23
16 2 16 4
16 2 15 2
16 17 16 16
16 17 14 17
16 17 16 16
16 17 14 17
22 13 22 10
24 1 24 0
24 1 18 1
24 1 25 1
26 10 26 9
28 0 27 0
1 12 1 9
4 14 4 12
15 2 15 4
24 0 25 0
24 0 25 0
26 9 26 5
27 0 27 4
27 0 25 0
27 0 27 4
27 4 27 5
27 4 26 4
1 9 1 8
1 9 2 9
2 10 3 10
4 11 4 10
26 5 27 5
26 5 27 5
27 14 27 15
2 10 3 10
4 10 3 10
4 10 3 10

3235

4 5         3 - - - - - - - - - - 5 - - - - - - 2 1 2 4 2 
ǁ | 1 2 2   5 2 2 4 = = 5 - - 2 4 7 2 2 = = 3 2 3   1     
ǁ | 1 ǁ 2 1   1 2 1 2   ǁ       2 1 2         1 1   1     
ǁ | 2 ǁ 3   6 2 7 - 7 = 6       |   5 - - - 5     5 3     
ǁ | | ǁ 3 2 | 2 6 2 3 1 3 - 1 2 4 - 4 - 1     2   4 1     
ǁ | 4 6 = = 7 - - - - - - - - - - - - - - - 7         5 1 
ǁ | ǁ |     | 2                   2 3   1 1 |             
ǁ | ǁ |     |     2     3 1 4 2 1     4 5 3 |             
ǁ | ǁ | 1   | 3           1 5   6 3 3 2   1 |             
ǁ | 4 | |   | 2                   1   2     |             
ǁ | ǁ | |   |     1               2       3 |             
ǁ | 2 | |   |                             ǁ |             
ǁ |   | 4 = 5           4       6 3 3 5 5 6 | 1       4 2 
ǁ | 4 4 |                 1     5 1       ǁ | 3 2 4 2     
ǁ | ǁ 1 4 2                       2   2   ǁ | 5 2         
ǁ | 5 - 2     2         4   2 1   ǁ       ǁ | | 3 6 3     
2 | 4 - 1   1 5 2 2 1 2 6 6 2   5 4       2 | |   2 2     
2 | 4 = 2     4 = 5 2   1 3 3 2 2         1 | 4 6     4   
6 7 - - - - - - - - - - - - - - - - 5   5 3 |       1     
ǁ ǁ 2 - 3 2 = = = = = = = = = = 6 = 7 5 2 1 |     1   1   
ǁ ǁ 4 2 | 2 6 = = = = = = 2     ǁ 2 |   2 2 |       2 3   
3 ǁ 6 = 6 = 6 4 2 2 4 = = = = = 6 4 | 4 5 3 | 3 1     |   
2 ǁ 6 4 | 1 4       2 - - 3 4 2 1 1 2 5 3 1 | 3       | 3 
1 ǁ 2 2 | 2 4       3 2 1             3 3 3 | 1     2 5   
3 6 = = 7 = = = = = = = = = = = = = = = = = 7 - - 6 2 | 2 
3 2 3 3 ǁ 4 = = = = = = = 3   1 - 3 2       |   1 2 1 |   
| 1   2 3 5 - - - 2 1 2 = 5 = = 3 3 3       6   5     4   
4 = = = 4 3                 1 2             6 2 3 2 1 5 1 
3 = = = = = = = = = = 3 - - 1 3     2       4 2 1 1   3 2 
