29 29
3 2 1 3 0 0 0 0 0 0 0 0 0 0 0 0 0 0 5 0 0 0 0 0 2 2 0 4 1 
5 0 0 0 0 0 0 0 0 0 0 0 0 0 0 0 0 0 7 0 5 0 0 0 0 0 0 7 4 
0 3 0 0 0 0 5 6 0 4 1 3 4 0 5 0 3 0 0 0 0 4 0 0 4 0 0 0 0 
0 0 1 5 2 0 2 3 1 0 0 0 0 2 6 1 3 2 0 0 0 0 3 0 6 3 0 0 0 
0 0 2 6 0 0 0 0 0 8 6 5 0 1 0 0 0 0 0 0 0 0 4 1 1 2 0 0 0 
0 6 0 0 0 0 0 0 3 0 1 2 0 0 0 0 5 6 0 0 0 0 0 0 1 0 0 0 0 
0 0 2 6 3 4 3 4 0 0 2 0 5 3 0 0 0 0 0 0 0 6 6 2 0 0 0 0 0 
0 4 0 8 0 7 0 6 4 0 4 4 0 0 0 0 0 0 0 0 0 0 4 0 0 4 2 0 0 
6 0 5 6 2 0 2 0 1 0 0 2 0 0 0 0 0 0 0 0 0 0 2 0 0 0 2 0 0 
0 2 0 0 0 0 0 0 0 0 0 0 0 0 5 2 0 0 0 0 0 4 0 5 4 7 6 0 0 
0 0 0 0 0 0 0 3 4 0 5 0 7 4 0 0 0 0 0 0 0 4 4 0 4 0 0 0 4 
5 5 0 0 2 0 3 4 4 0 3 2 0 0 0 0 0 0 0 0 0 0 0 0 3 0 0 0 0 
3 0 0 0 0 0 4 6 3 0 0 0 0 0 0 0 0 4 0 0 0 0 4 0 0 0 0 0 4 
4 0 0 2 4 0 0 0 0 0 0 0 0 0 0 0 0 0 0 0 0 3 0 0 0 0 0 0 0 
0 0 0 3 3 0 0 0 0 0 0 0 0 0 0 0 0 0 0 0 0 0 0 0 0 0 4 0 3 
0 0 0 4 2 0 0 0 0 0 0 0 0 0 0 0 0 0 0 4 6 5 6 0 0 0 0 0 0 
0 3 0 0 2 0 6 0 0 7 0 0 5 0 3 0 0 0 0 0 0 0 3 0 3 7 6 0 0 
0 2 0 0 0 0 0 1 3 0 1 0 0 0 0 0 0 0 0 0 0 3 4 0 3 0 3 0 0 
3 0 4 0 0 0 4 2 5 0 0 0 0 0 0 0 0 0 0 4 0 3 4 0 2 0 4 6 2 
3 0 5 5 5 0 0 2 0 0 0 0 0 0 0 0 0 0 0 3 0 0 0 0 0 0 0 0 0 
5 4 0 1 0 0 4 4 4 0 3 0 6 0 0 0 7 4 0 4 7 6 4 0 0 0 1 0 0 
3 6 0 0 0 0 4 3 2 0 3 2 4 0 2 0 3 2 0 4 4 2 2 0 0 0 1 0 2 
3 4 0 0 0 0 4 0 0 7 0 0 0 0 0 0 0 0 6 0 0 0 0 6 0 8 5 0 0 
4 4 0 0 1 0 5 5 4 0 3 0 0 2 4 4 4 2 0 3 0 2 2 0 2 0 4 0 0 
0 2 0 0 0 0 4 5 3 0 4 3 1 0 2 0 0 2 0 4 2 0 3 4 6 0 4 0 0 
3 0 8 0 0 6 0 0 0 6 0 0 0 4 0 6 5 3 0 3 3 0 0 2 5 0 0 0 0 
4 0 6 2 0 0 2 6 4 8 5 0 0 0 0 0 0 0 8 0 0 5 4 6 6 0 0 5 5 
5 6 0 0 0 6 0 7 2 2 3 0 0 0 0 0 6 6 7 3 3 5 2 1 2 2 0 3 3 
1 2 1 0 0 4 3 6 0 0 0 0 0 0 0 0 4 2 2 0 0 0 0 0 0 0 5 5 4 
300 529
0 18 0 3
0 18 0 24
0 18 1 18
1 0 1 18
1 0 0 0
1 0 8 0
1 20 1 18
1 20 1 27
1 20 15 20
2 6 2 1
2 6 2 7
2 6 3 6
2 7 2 6
2 7 2 9
2 7 3 7
2 7 2 6
2 7 2 9
2 9 2 10
2 9 4 9
2 14 2 12
2 14 2 16
2 14 3 14
2 21 2 24
2 21 6 21
2 21 2 24
2 21 6 21
2 24 3 24
3 3 3 2
3 3 3 4
3 3 4 3
4 10 4 9
4 10 4 11
4 10 5 10
4 10 4 9
4 10 4 11
5 1 5 8
5 1 2 1
5 1 7 1
5 1 5 8
5 1 2 1
5 1 7 1
5 17 5 16
5 17 3 17
5 17 12 17
5 17 5 16
5 17 3 17
5 17 12 17
6 3 6 2
6 3 6 4
6 3 7 3
6 3 6 2
6 3 6 4
6 3 7 3
6 21 6 22
6 21 9 21
6 21 6 22
6 21 9 21
6 22 6 23
6 22 4 22
6 22 7 22
6 22 6 23
7 1 7 3
7 1 9 1
7 5 7 3
7 5 7 7
7 5 6 5
7 5 25 5
7 22 7 25
7 22 8 22
7 22 7 25
8 0 1 0
8 0 11 0
8 0 11 0
9 1 11 1
9 14 9 15
9 14 3 14
9 14 16 14
9 21 9 23
9 21 10 21
9 23 9 24
9 23 22 23
9 25 9 24
9 25 9 26
9 25 7 25
9 25 16 25
9 26 9 25
9 26 8 26
9 26 14 26
9 26 9 25
9 26 8 26
10 12 10 10
10 12 10 13
10 12 6 12
10 12 16 12
10 21 10 22
10 21 13 21
10 21 10 22
10 22 12 22
10 24 9 24
10 24 11 24
10 24 9 24
10 24 11 24
10 28 1 28
10 28 12 28
10 28 1 28
10 28 12 28
11 24 16 24
12 17 20 17
12 22 10 22
12 22 15 22
12 22 15 22
12 28 14 28
13 21 15 21
14 26 14 28
14 26 16 26
14 26 14 28
15 19 15 20
15 19 18 19
15 19 15 20
15 19 18 19
15 20 15 21
15 20 1 20
15 20 20 20
15 22 15 21
15 22 16 22
16 6 16 9
16 6 12 6
16 6 18 6
16 6 16 9
16 6 12 6
16 6 18 6
16 9 16 12
16 9 4 9
16 9 22 9
17 10 20 10
18 6 18 7
18 6 20 6
18 8 18 7
18 8 17 8
18 8 20 8
18 19 19 19
18 27 18 26
18 27 18 28
18 27 26 27
18 27 18 26
18 27 18 28
18 27 26 27
19 4 19 3
19 4 16 4
19 4 23 4
19 7 20 7
20 0 20 1
20 0 19 0
20 0 21 0
20 6 20 7
20 6 21 6
20 6 20 7
20 16 20 12
20 16 20 17
20 16 5 16
20 16 21 16
20 20 20 19
20 20 20 21
20 20 21 20
21 1 21 0
21 1 20 1
21 1 22 1
21 1 21 0
21 1 20 1
21 1 22 1
21 6 21 7
21 6 22 6
21 6 21 7
21 28 26 28
22 1 22 0
22 1 23 1
22 6 22 9
22 6 23 6
22 6 22 9
22 25 22 23
22 25 22 26
22 25 16 25
22 25 27 25
22 25 22 23
22 25 22 26
22 25 16 25
22 25 27 25
22 26 21 26
22 26 23 26
22 26 23 26
23 1 23 0
23 1 24 1
23 1 23 0
23 6 23 7
23 6 24 6
23 6 23 7
23 6 24 6
23 26 24 26
24 1 27 1
24 6 24 7
24 6 26 6
24 24 24 23
24 24 23 24
24 24 25 24
24 24 24 23
24 24 23 24
24 24 25 24
24 26 23 26
24 26 28 26
24 26 28 26
25 2 25 5
25 2 19 2
25 2 26 2
25 2 25 5
25 2 19 2
25 2 26 2
25 2 26 2
25 9 25 13
25 9 22 9
25 9 26 9
25 9 25 13
25 9 22 9
25 9 26 9
25 13 25 15
25 13 23 13
26 0 25 0
26 0 27 0
26 0 25 0
26 0 27 0
26 2 26 3
26 2 25 2
26 2 28 2
26 3 26 6
26 7 26 8
26 7 24 7
26 7 27 7
26 7 26 8
26 7 24 7
26 7 27 7
26 9 26 8
26 9 26 10
26 9 27 9
26 18 26 10
26 18 26 21
26 18 22 18
26 18 27 18
26 18 26 10
26 18 26 21
26 18 22 18
26 18 27 18
26 24 26 23
26 24 25 24
26 24 27 24
26 24 26 23
26 24 25 24
26 24 27 24
27 0 27 1
27 0 28 0
27 0 27 1
27 1 28 1
27 7 27 5
27 7 27 8
27 7 28 7
27 16 27 10
27 16 27 17
27 16 28 16
27 16 27 10
27 16 27 17
27 16 28 16
27 17 27 18
27 17 28 17
27 17 27 18
27 17 28 17
27 21 27 20
27 21 27 22
27 21 26 21
28 1 27 1
28 5 28 6
28 5 27 5
28 5 28 6
28 5 27 5
28 6 28 7
28 7 28 16
28 7 27 7
28 7 28 16
28 7 27 7
28 27 28 26
28 27 28 28
28 27 27 27
28 28 28 27
28 28 27 28
28 28 28 27
1 27 1 20
1 27 1 28
1 27 0 27
1 27 1 28
1 27 0 27
1 27 0 27
2 24 3 24
3 7 3 6
3 7 3 8
3 24 3 22
3 24 3 25
3 24 4 24
3 24 3 22
3 25 4 25
4 2 4 3
4 3 4 2
4 3 4 9
4 3 3 3
4 3 4 9
4 22 4 23
4 22 3 22
5 8 7 8
6 4 6 5
6 5 6 6
6 5 7 5
6 6 6 7
6 7 6 6
6 7 7 7
6 7 7 7
7 3 7 5
7 3 8 3
7 3 8 3
7 3 8 3
7 7 7 5
7 7 7 8
7 7 10 7
7 8 8 8
7 26 7 25
8 3 8 2
8 3 8 4
8 3 13 3
8 4 11 4
8 6 11 6
8 11 7 11
9 23 22 23
9 25 16 25
10 8 10 7
10 8 11 8
10 8 10 7
10 8 11 8
10 13 10 12
10 13 6 13
10 13 10 12
11 1 11 0
11 1 16 1
11 1 11 0
11 1 16 1
11 4 13 4
11 8 11 7
11 8 12 8
11 11 11 10
12 6 12 7
12 6 11 6
12 7 12 8
12 7 11 7
12 8 12 7
12 17 20 17
13 0 12 0
13 0 18 0
13 0 12 0
13 0 18 0
13 4 13 3
13 4 14 4
13 4 14 4
13 21 15 21
15 22 15 21
15 22 16 22
16 22 17 22
17 1 16 1
17 1 20 1
17 7 17 8
17 8 18 8
17 22 17 21
17 22 18 22
17 22 17 21
18 0 19 0
18 2 8 2
18 2 19 2
18 2 8 2
18 2 19 2
18 8 20 8
18 19 19 19
18 22 18 21
18 22 20 22
18 22 18 21
18 24 17 24
18 26 17 26
18 26 20 26
19 0 20 0
19 2 19 3
19 7 20 7
19 19 20 19
20 3 19 3
20 8 21 8
20 20 20 19
20 20 20 21
20 20 21 20
20 21 20 22
20 21 18 21
20 21 21 21
20 21 20 22
20 22 21 22
21 7 21 8
21 28 26 28
22 0 23 0
22 0 23 0
22 18 22 9
22 18 22 23
22 18 1 18
22 18 22 9
22 23 24 23
23 8 23 7
23 8 24 8
23 8 23 7
23 8 24 8
24 7 24 8
24 7 23 7
24 10 24 11
24 10 23 10
24 10 24 11
24 10 23 10
24 11 24 12
24 23 24 22
25 16 25 15
25 16 25 17
25 16 23 16
25 24 25 23
26 8 26 9
26 9 26 10
26 9 27 9
26 10 27 10
26 23 26 22
26 23 25 23
26 23 27 23
26 23 26 22
28 26 28 18
28 26 28 18
0 25 0 24
0 25 0 27
3 3 3 4
3 25 4 25
8 6 11 6
8 11 7 11
11 0 12 0
11 7 12 7
11 11 11 10
12 7 11 7
16 9 16 12
16 9 4 9
17 26 16 26
18 24 17 24
20 17 20 16
20 19 21 19
21 17 21 16
21 19 21 20
21 20 21 19
21 21 21 22
23 10 23 13
23 14 23 15
23 14 24 14
23 14 23 15
23 14 24 14
23 15 23 16
23 15 25 15
23 16 23 17
23 16 25 16
23 17 24 17
24 17 25 17
25 15 25 16
27 18 27 19
0 18 0 3
0 18 1 18
1 18 1 0
4 9 4 10
7 11 7 10
7 11 5 11
11 10 10 10
16 26 16 25
16 26 17 26
16 26 16 25
16 26 16 25
17 24 16 24
21 17 21 16
27 18 27 19
0 0 0 1
0 0 0 1
0 2 0 3
5 11 4 11
6 10 7 10
7 10 6 10
7 10 10 10
10 10 10 12
20 16 20 12
20 16 5 16
21 14 21 12
27 18 27 19
27 20 27 21
5 16 3 16
6 12 6 13
6 12 2 12
6 12 6 13
6 12 2 12
20 12 20 10
20 12 16 12
20 12 21 12
20 12 20 10
21 10 21 11
21 12 21 11
21 12 21 14
27 20 27 21
27 22 26 22
2 12 2 11
2 14 2 16
2 14 3 14
2 16 3 16
3 14 3 13
3 14 3 15
3 14 9 14
4 11 2 11
4 13 3 13
9 15 9 14
16 12 16 14
26 22 26 21
2 11 4 11
26 21 23 21
24 22 23 22
24 22 23 22

2726

3 2 1 3 = = = = = = = = = = = = = = 5 - - - - - 2 2 - 4 1 
5 = = = = = = = = = = = = = = = = = 7 - 5 = = = = = = 7 4 
ǁ 3 - - - - 5 6 = 4 1 3 4 - 5 = 3   |   ǁ 4 = = 4       ǁ 
ǁ ǁ 1 5 2   2 3 1 |   ǁ ǁ 2 6 1 3 2 |   ǁ ǁ 3 = 6 3     ǁ 
ǁ ǁ 2 6 = = = = = 8 6 5 ǁ 1 ǁ   | ǁ |   ǁ ǁ 4 1 1 2     ǁ 
ǁ 6 = = = = = = 3 ǁ 1 2 ǁ   ǁ   5 6 |   ǁ ǁ |   1       ǁ 
ǁ ǁ 2 6 3 4 3 4 | ǁ 2 | 5 3 ǁ   ǁ ǁ |   ǁ 6 6 2         ǁ 
ǁ 4 - 8 = 7 = 6 4 ǁ 4 4 | | ǁ   ǁ ǁ |   ǁ ǁ 4 = = 4 2   ǁ 
6 | 5 6 2 | 2 | 1 ǁ | 2 | | ǁ   ǁ ǁ |   ǁ ǁ 2     | 2   ǁ 
ǁ 2 ǁ | | | ǁ |   ǁ |   | | 5 2 ǁ ǁ |   ǁ 4 - 5 4 7 6   ǁ 
ǁ | ǁ | | | ǁ 3 4 ǁ 5 = 7 4 |   ǁ ǁ |   ǁ 4 4 ǁ 4 ǁ |   4 
5 5 ǁ | 2 | 3 4 4 ǁ 3 2 |   |   ǁ ǁ |   ǁ | ǁ ǁ 3 ǁ |   ǁ 
3 ǁ ǁ | | | 4 6 3 ǁ     |   |   ǁ 4 |   ǁ | 4 ǁ | ǁ |   4 
4 ǁ ǁ 2 4 | ǁ     ǁ     |   |   ǁ ǁ |   ǁ 3 ǁ ǁ | ǁ |   | 
ǁ ǁ ǁ 3 3 | ǁ     ǁ     |   |   ǁ ǁ |   ǁ ǁ ǁ ǁ | ǁ 4 = 3 
ǁ ǁ ǁ 4 2 | ǁ     ǁ     |   |   ǁ ǁ | 4 6 5 6 ǁ | ǁ |     
ǁ 3 ǁ   2 | 6 = = 7 = = 5 - 3   ǁ ǁ | ǁ |   3 ǁ 3 7 6     
ǁ 2 ǁ   | | ǁ 1 3 | 1   |       ǁ ǁ | ǁ | 3 4 ǁ 3 ǁ 3     
3 | 4   | | 4 2 5 | |   |       ǁ ǁ | 4 | 3 4 ǁ 2 ǁ 4 6 2 
3 | 5 5 5 | | 2 ǁ | |   |       ǁ ǁ | 3 | | | ǁ   ǁ | ǁ   
5 4 ǁ 1 | | 4 4 4 | 3 = 6 = = = 7 4 | 4 7 6 4 ǁ   ǁ 1 ǁ   
3 6 ǁ   | | 4 3 2 | 3 2 4 = 2   3 2 | 4 4 2 2 ǁ   ǁ 1 ǁ 2 
3 4 ǁ   | | 4 = = 7 = = = = = = = = 6 - - - - 6 = 8 5 ǁ ǁ 
4 4 ǁ   1 | 5 5 4 ǁ 3 - - 2 4 4 4 2 ǁ 3   2 2 | 2 ǁ 4 ǁ ǁ 
  2 ǁ     | 4 5 3 ǁ 4 3 1 | 2 | ǁ 2 ǁ 4 2 | 3 4 6 ǁ 4 ǁ ǁ 
3 | 8 = = 6 | ǁ   6 = = = 4 - 6 5 3 ǁ 3 3 |   2 5 ǁ ǁ ǁ ǁ 
4 | 6 2 - - 2 6 4 8 5 = = = = = = = 8 = = 5 4 6 6 ǁ ǁ 5 5 
5 6 |     6 - 7 2 2 3 = = = = = 6 6 7 3 3 5 2 1 2 2 ǁ 3 3 
1 2 1     4 3 6 = = = = = = = = 4 2 2 = = = = = = = 5 5 4 
