29 29
2 3 1 0 0 2 0 4 4 0 0 0 0 0 0 0 4 4 4 1 1 2 2 2 0 4 2 2 2 
1 5 0 0 0 0 0 6 0 0 0 0 0 0 0 0 0 0 8 6 4 0 0 3 2 0 0 0 1 
0 0 3 0 3 1 2 0 0 0 0 1 2 0 0 0 0 0 4 1 5 4 0 0 2 0 6 5 1 
0 0 3 1 0 0 0 0 0 1 0 4 0 0 0 0 0 0 0 0 3 0 5 7 5 0 0 4 2 
0 0 2 0 6 4 5 6 0 0 0 0 0 0 0 0 0 0 0 0 0 6 4 0 3 0 0 1 0 
0 0 3 3 0 5 4 0 2 3 0 0 0 4 0 1 0 0 0 0 0 0 3 0 3 6 6 2 0 
0 0 1 2 0 4 0 4 0 3 0 3 0 6 0 0 3 0 0 2 0 0 3 0 3 0 0 0 1 
0 0 0 0 0 1 2 3 0 0 0 0 0 2 0 0 0 0 0 0 0 0 1 0 0 0 0 0 0 
0 0 2 0 7 0 0 0 5 0 0 0 0 0 0 0 0 0 0 0 0 7 0 5 4 0 2 1 0 
0 0 2 3 0 1 3 2 0 1 3 0 0 4 0 0 0 0 0 0 0 6 3 0 0 0 1 0 0 
0 0 0 0 0 3 4 1 0 4 4 4 2 4 5 3 4 3 2 0 0 5 0 0 0 0 1 0 0 
0 0 0 0 0 0 2 1 0 2 2 0 2 3 1 0 0 4 0 6 3 0 1 0 0 0 3 3 0 
0 0 0 0 0 4 0 0 6 0 0 7 0 0 0 0 7 4 0 6 2 0 2 0 0 0 0 0 0 
0 0 2 0 0 0 1 3 0 3 1 0 0 0 0 0 0 5 2 2 2 0 4 0 0 0 0 3 0 
0 0 0 0 0 3 4 4 0 0 0 0 0 0 0 0 0 4 0 2 1 0 0 0 3 0 0 0 0 
3 6 5 2 0 2 0 1 0 0 0 0 1 0 0 0 0 3 0 0 0 6 3 0 3 0 0 2 0 
0 3 0 0 5 5 4 0 0 0 0 0 0 0 0 0 0 5 4 0 0 5 1 0 1 0 0 1 0 
4 7 3 2 0 0 0 0 0 0 0 0 0 0 0 0 0 1 1 0 0 0 0 5 0 5 4 4 0 
2 6 4 5 0 2 2 0 0 0 0 0 0 1 0 0 7 0 0 0 0 2 0 0 0 0 1 0 0 
0 0 2 3 0 2 2 0 0 0 0 0 0 0 0 0 6 3 1 0 0 2 0 0 4 5 1 0 0 
5 6 3 2 4 7 7 4 0 0 1 4 0 0 0 0 4 0 2 0 0 0 0 0 0 0 1 0 0 
0 0 1 0 2 3 0 0 0 4 0 4 0 0 0 0 0 0 0 0 0 0 0 0 3 1 0 0 0 
2 0 2 4 0 3 4 0 0 0 0 1 0 0 0 0 0 0 0 0 0 0 0 0 2 4 2 4 5 
0 0 0 1 0 2 5 3 0 0 0 0 0 0 0 0 1 0 0 0 0 5 0 7 0 6 0 2 0 
3 7 0 0 0 0 0 0 6 0 0 2 0 0 0 0 0 0 0 0 0 0 1 4 1 2 1 0 3 
0 2 3 0 0 0 0 0 0 0 0 0 2 0 0 0 0 0 0 0 0 6 0 0 6 8 5 4 0 
0 3 5 0 0 0 0 0 4 0 0 0 0 0 0 0 0 0 0 2 1 0 0 0 4 0 2 3 0 
1 4 4 2 1 0 0 0 2 0 0 1 0 0 0 0 0 0 0 0 0 5 3 0 3 4 4 1 0 
0 0 0 3 0 0 0 0 0 0 0 0 0 0 0 0 0 0 0 0 0 5 3 0 0 1 2 0 0 
300 194
1 18 1 7
1 18 1 19
1 18 0 18
1 18 2 18
1 18 1 7
1 18 1 19
1 18 0 18
1 18 2 18
1 19 1 20
1 19 0 19
1 19 2 19
1 19 1 20
2 18 2 12
2 18 10 18
2 20 2 21
2 20 1 20
2 20 3 20
3 23 3 22
3 23 3 24
3 23 1 23
3 23 8 23
4 7 4 6
4 7 1 7
4 7 6 7
4 7 4 6
4 7 1 7
4 7 6 7
4 21 4 22
4 21 2 21
4 21 8 21
4 21 4 22
4 21 2 21
4 21 8 21
4 22 3 22
4 22 5 22
5 22 6 22
6 19 11 19
6 22 5 22
6 22 7 22
8 4 8 2
8 4 8 8
8 4 4 4
8 4 16 4
9 21 9 22
9 21 8 21
9 21 10 21
9 21 9 22
9 21 8 21
9 21 10 21
10 14 10 13
10 14 10 15
10 14 11 14
12 11 12 8
12 11 12 16
12 11 10 11
12 11 20 11
13 17 13 18
13 17 12 17
13 17 14 17
16 17 16 18
16 17 15 17
16 17 17 17
17 1 17 0
17 1 17 2
17 1 16 1
17 1 18 1
18 13 18 16
18 16 18 21
18 16 12 16
18 16 19 16
19 16 19 17
19 16 18 16
19 16 20 16
19 16 19 17
19 16 18 16
19 17 19 18
20 0 20 1
20 0 18 0
20 0 22 0
20 5 20 4
20 5 20 6
20 5 19 5
20 5 21 5
22 28 22 27
22 28 6 28
22 28 24 28
23 6 23 5
23 6 23 7
23 6 22 6
23 23 23 21
23 23 23 25
23 23 17 23
23 23 24 23
24 1 24 0
24 1 24 8
24 1 20 1
24 1 25 1
24 23 24 22
24 23 24 24
24 23 23 23
24 28 24 26
24 28 22 28
25 24 25 21
25 24 25 25
25 24 26 24
25 24 25 21
25 24 25 25
25 24 26 24
25 25 25 26
25 25 24 25
25 25 27 25
25 27 25 26
25 27 26 27
25 27 25 26
25 27 26 27
26 24 26 20
26 24 27 24
27 21 27 11
27 21 27 22
27 21 28 21
0 8 0 7
0 8 0 16
0 8 0 7
0 8 0 16
0 16 0 17
0 17 0 16
0 17 0 18
0 17 0 18
2 21 2 20
5 5 5 6
5 5 4 5
5 5 6 5
6 19 11 19
8 21 8 23
10 14 10 13
10 14 10 15
11 19 11 17
11 19 11 20
11 19 12 19
11 19 11 17
12 19 12 17
12 19 12 20
12 19 13 19
12 19 12 17
12 19 12 20
15 12 25 12
20 16 20 18
20 16 23 16
20 16 20 18
22 28 22 27
25 21 25 12
25 21 23 21
25 21 23 21
25 25 25 26
25 25 24 25
25 25 27 25
25 26 26 26
26 19 26 8
0 7 0 5
0 7 1 7
1 7 1 1
8 21 8 23
10 18 10 17
11 17 10 17
11 17 12 17
12 16 12 11
12 16 10 16
12 16 18 16
12 16 10 16
23 25 23 23
23 25 23 27
23 25 22 25
26 19 26 8
0 5 0 2
10 17 10 16
23 25 23 27
23 25 22 25
10 16 10 15
22 27 22 26
22 27 17 27
5 15 5 13
6 16 6 13
17 27 17 26
17 27 16 27
17 27 17 26
5 13 5 9
5 13 6 13
5 13 5 9
6 13 6 11
6 13 6 16
6 13 7 13
6 13 6 11
2 12 2 11
3 11 3 9

3246

2 3 1 - - 2 - 4 4 = = = = = = = 4 4 4 1 1 2 2 2   4 2 2 2 
1 5 - - - - - 6 = = = = = = = = = = 8 6 4     3 2       1 
    3   3 1 2 ǁ       1 2 - - - - - 4 1 5 4   | 2   6 5 1 
    3 1       ǁ   1 - 4             |   3 ǁ 5 7 5     4 2 
    2   6 4 5 6                     |     6 4 | 3     1   
    3 3 | 5 4 ǁ 2 3 = = = 4 - 1     |     ǁ 3 | 3 6 6 2   
    1 2 | 4   4   3   3 = 6 = = 3   | 2   ǁ 3 | 3       1 
        | 1 2 3           2         | ǁ   ǁ 1 |         | 
    2 - 7 - - - 5                   | ǁ   7 = 5 4   2 1 | 
    2 3 | 1 3 2   1 3     4         | ǁ   6 3       1   | 
        | 3 4 1   4 4 4 2 4 5 3 4 3 2 ǁ   5         1   | 
        |   2 1   2 2 | 2 3 1   ǁ 4 = 6 3   1       3 3 | 
        | 4     6 - - 7 = = = = 7 4 = 6 2   2           | 
    2   |   1 3   3 1 |         ǁ 5 2 2 2   4         3 | 
        | 3 4 4       |         ǁ 4   2 1       3       | 
3 6 5 2 | 2   1       | 1       ǁ 3       6 3   3     2 | 
  3     5 5 4         | |       ǁ 5 4     5 1   1     1 | 
4 7 3 2               | |       ǁ 1 1         5   5 4 4 | 
2 6 4 5   2 2         | | 1 - - 7 - - - - 2   |     1 | | 
|   2 3   2 2         | |       6 3 1     2   | 4 5 1 | | 
5 6 3 2 4 7 7 4     1 4 |       4 = 2         |     1 | | 
| | 1   2 3       4   4 |       |             | 3 1   | | 
2 | 2 4   3 4         1 |       |             | 2 4 2 4 5 
  |   1   2 5 3         |       1         5 - 7 = 6 = 2 ǁ 
3 7 - - - - - - 6     2 |                 ǁ 1 4 1 2 1 - 3 
  2 3                   2 - - - - - - - - 6 = = 6 8 5 4   
  3 5           4 = = = = = = = = = = 2 1 - - - 4 ǁ 2 3   
1 4 4 2 1       2     1 - - - - - - - - - 5 3   3 4 4 1   
      3                                   5 3     1 2     
