29 29
3 0 0 0 5 0 0 0 5 1 3 5 0 4 0 0 4 1 4 0 0 0 0 0 0 0 0 0 2 
4 2 0 0 7 5 4 1 0 4 4 4 2 0 1 0 5 2 4 0 4 0 2 0 0 0 0 0 0 
0 1 3 0 3 3 4 1 0 2 1 4 4 0 1 0 0 0 0 0 0 0 0 0 0 0 0 0 3 
6 0 0 0 0 0 0 0 7 0 0 0 0 5 0 0 0 0 0 0 0 0 0 0 0 0 5 3 0 
4 0 0 0 0 5 5 2 0 1 2 3 0 5 0 0 3 1 2 0 3 2 4 4 2 0 0 2 2 
3 0 0 2 1 4 2 1 5 5 0 5 0 3 0 0 0 0 0 0 5 0 7 8 4 0 0 0 0 
0 2 3 0 0 3 0 0 4 2 2 5 0 0 0 0 3 0 3 1 2 1 1 2 2 0 0 0 3 
0 2 0 0 0 0 0 0 5 0 0 0 0 0 0 0 0 0 0 0 0 0 0 0 0 0 4 0 0 
3 1 2 0 0 1 0 0 0 1 0 5 2 2 0 0 4 2 1 0 0 3 2 2 1 2 0 0 0 
0 0 0 0 0 0 0 0 0 2 0 4 4 7 4 2 0 3 4 0 3 0 0 0 3 5 0 0 0 
0 0 2 0 0 0 0 0 0 0 1 0 0 3 2 0 5 4 1 2 0 0 0 0 0 2 0 4 3 
0 0 0 0 0 0 0 0 0 3 2 0 0 1 1 0 0 3 2 0 0 0 4 4 5 2 0 0 2 
0 0 0 0 0 0 0 0 0 5 2 0 4 0 0 0 6 0 0 5 3 0 3 0 5 2 0 0 0 
0 0 0 0 0 0 0 0 0 0 0 0 3 0 4 2 0 0 0 0 0 0 2 0 2 1 0 0 0 
0 0 0 0 0 0 0 0 0 4 0 4 0 0 0 0 7 0 0 0 0 7 0 7 0 0 6 5 3 
0 4 7 0 0 0 0 0 6 0 0 0 0 0 4 4 0 3 0 4 2 0 1 0 1 1 0 3 3 
0 0 0 1 0 0 0 2 0 4 0 0 3 2 0 0 0 0 1 1 0 0 0 0 0 0 0 1 1 
0 0 5 2 3 1 0 0 0 0 1 1 4 4 0 2 0 0 5 0 0 4 4 7 5 2 0 5 4 
0 0 3 2 0 2 0 0 4 5 4 2 0 0 4 1 0 0 0 0 0 0 0 0 0 2 0 3 0 
0 0 2 1 0 0 0 0 0 0 6 0 4 0 6 1 0 0 4 1 0 0 1 0 0 0 0 1 0 
0 0 5 0 8 4 0 0 0 0 0 0 0 0 0 2 0 0 0 2 0 0 1 0 0 0 0 2 4 
0 0 0 0 0 0 0 0 0 0 0 0 0 0 0 0 0 0 0 0 0 0 0 0 0 0 0 1 0 
0 0 0 0 0 0 0 0 0 0 3 0 0 0 0 0 0 0 2 4 0 0 0 0 0 3 6 5 4 
0 0 0 0 2 0 0 0 0 2 0 0 0 0 0 0 0 0 0 2 1 0 0 0 5 2 0 0 0 
0 0 0 0 0 0 0 0 5 2 0 0 0 0 0 0 0 5 0 0 0 4 4 2 4 2 0 0 0 
0 0 0 0 0 0 0 0 2 2 7 0 0 0 7 6 0 4 1 1 0 0 2 1 2 0 2 0 2 
0 1 0 0 0 0 0 0 2 0 4 0 0 0 1 2 0 3 0 0 0 1 0 0 1 4 1 0 2 
0 1 3 0 0 0 0 4 0 0 0 0 0 0 0 0 5 0 0 0 0 0 0 5 1 3 0 7 4 
4 4 0 0 0 0 0 4 0 0 0 0 0 0 0 0 0 0 0 0 3 2 1 2 0 2 0 4 1 
300 234
0 4 0 0
0 4 0 8
0 4 1 4
0 8 0 4
0 8 0 9
0 8 3 8
0 8 3 8
0 11 0 10
0 11 0 13
0 11 1 11
1 5 1 4
1 5 1 6
1 5 2 5
1 9 1 10
1 9 2 9
1 9 1 10
1 9 2 9
3 0 3 8
3 0 1 0
3 0 4 0
3 0 3 8
3 0 1 0
3 0 4 0
3 26 3 13
3 26 3 27
3 26 7 26
4 0 4 5
4 0 5 0
4 5 4 6
4 5 5 5
4 5 4 6
4 5 5 5
5 22 5 20
5 22 5 23
5 22 4 22
5 22 6 22
5 23 5 22
5 23 5 24
5 23 4 23
5 23 6 23
5 23 5 22
5 23 5 24
5 23 4 23
5 24 4 24
5 24 6 24
9 13 9 12
9 13 9 14
9 13 8 13
9 13 10 13
9 25 9 24
9 25 8 25
9 25 10 25
12 9 12 10
12 9 11 9
12 9 14 9
14 16 14 11
14 16 14 21
14 16 12 16
14 16 27 16
14 23 14 21
14 23 14 26
14 23 11 23
14 23 17 23
15 1 15 2
15 1 8 1
15 1 26 1
15 1 15 2
15 2 15 8
15 2 10 2
15 2 17 2
15 15 15 14
15 15 17 15
15 15 15 14
15 15 17 15
17 13 17 12
17 13 16 13
17 13 17 12
17 13 16 13
17 18 17 21
17 18 16 18
17 18 19 18
20 2 20 4
20 2 19 2
20 2 27 2
20 4 20 2
20 4 20 5
20 4 17 4
20 4 23 4
24 8 24 9
24 8 18 8
24 8 25 8
24 17 24 21
24 17 15 17
24 17 25 17
25 10 25 9
25 10 25 14
25 10 22 10
25 10 26 10
25 14 25 10
25 14 25 15
25 14 19 14
25 14 26 14
25 15 25 14
25 15 20 15
25 15 26 15
25 15 25 14
25 15 20 15
26 10 26 8
26 10 25 10
26 10 26 8
27 27 27 25
27 27 27 28
27 27 22 27
27 27 28 27
28 0 28 1
28 0 8 0
28 0 28 1
28 0 8 0
28 1 28 7
28 1 27 1
28 7 28 20
28 7 27 7
28 7 28 20
28 20 28 21
1 0 1 1
1 0 0 0
1 16 1 14
1 16 1 17
1 16 0 16
1 20 1 18
1 20 1 22
1 20 1 18
1 20 1 22
4 23 4 22
4 23 4 24
8 0 5 0
12 19 12 16
12 19 12 20
12 19 10 19
12 24 12 25
12 24 11 24
12 24 13 24
13 22 12 22
15 14 15 8
15 14 18 14
16 19 15 19
19 10 19 12
19 10 18 10
19 10 22 10
19 10 19 12
19 10 18 10
19 10 22 10
19 12 19 14
19 12 17 12
19 14 19 15
19 14 18 14
19 14 18 14
19 14 18 14
20 4 20 5
20 4 17 4
20 4 23 4
20 5 18 5
25 10 25 9
0 0 0 4
1 4 1 1
1 4 1 5
1 4 2 4
1 18 1 17
1 18 0 18
2 1 2 2
2 2 2 4
4 22 4 21
4 22 5 22
5 0 5 3
5 3 5 4
5 5 5 6
5 5 6 5
13 22 12 22
14 9 14 11
14 9 12 9
14 9 14 11
14 11 14 16
15 8 15 2
15 8 7 8
15 8 18 8
15 8 7 8
15 19 15 17
15 19 15 20
15 19 15 17
15 20 15 22
16 9 16 12
16 9 18 9
16 9 16 12
16 9 18 9
16 12 17 12
20 5 18 5
25 8 24 8
0 18 0 17
0 18 0 28
0 18 0 28
1 4 1 5
1 4 2 4
1 6 1 7
1 6 2 6
1 6 2 6
1 16 0 16
2 5 2 6
2 6 2 5
2 28 2 14
2 28 4 28
2 28 4 28
4 21 4 20
6 28 10 28
14 21 14 16
14 21 14 23
14 21 8 21
14 21 8 21
17 5 17 4
18 8 18 9
18 8 24 8
24 9 23 9
0 16 0 13
0 16 1 16
6 28 10 28
12 22 11 22
23 9 18 9
0 13 0 11
0 13 3 13
11 22 11 23
11 22 8 22
11 22 11 23
18 9 18 10
18 10 18 11
18 11 17 11

3277

3 = = = 5 = = = 5 1 3 5 = 4 - - 4 1 4 = = = = = = = = = 2 
4 2 - - 7 5 4 1 ǁ 4 4 4 2 | 1 - 5 2 4 = 4 = 2             
ǁ 1 3 - 3 3 4 1 ǁ 2 1 4 4 | 1 - - - - - - - - - - - - - 3 
6 = = = = = = = 7         5 - - - - - - - - - - - - 5 3 ǁ 
4 - - - - 5 5 2   1 2 3   5     3 1 2   3 2 4 4 2   | 2 2 
3 - - 2 1 4 2 1 5 5   5   3             5 - 7 8 4   |     
| 2 3     3     4 2 2 5         3   3 1 2 1 1 2 2   |   3 
| 2             5                                   4   ǁ 
3 1 2     1     ǁ 1   5 2 2     4 2 1     3 2 2 1 2     ǁ 
ǁ |             ǁ 2   4 4 7 4 2   3 4   3 ǁ |   3 5     ǁ 
ǁ | 2           ǁ   1     3 2   5 4 1 2   ǁ |     2   4 3 
ǁ | |           ǁ 3 2     1 1     3 2 |   ǁ 4 4 5 2     2 
ǁ | |           ǁ 5 2   4       6 - - 5 3 ǁ 3 | 5 2       
ǁ | |           ǁ ǁ     3   4 2 |         ǁ 2 | 2 1       
ǁ | |           ǁ 4 = 4 = = = = 7 = = = = 7 = 7 - - 6 5 3 
ǁ 4 7 = = = = = 6 - - - - - 4 4 | 3 = 4 2 - 1 | 1 1   3 3 
ǁ | | 1       2 | 4 = = 3 2 | ǁ | | 1 1       |       1 1 
ǁ | 5 2 3 1     | ǁ 1 1 4 4 | 2 | | 5 - - 4 4 7 5 2   5 4 
ǁ | 3 2 ǁ 2     4 5 4 2 |   4 1 | | |             2   3   
ǁ | 2 1 ǁ ǁ     ǁ | 6 = 4 - 6 1 | | 4 1     1         1   
ǁ | 5 = 8 4     ǁ | ǁ       | 2 | |   2     1         2 4 
ǁ | |   ǁ       ǁ | ǁ       | ǁ | |                   1   
ǁ | |   ǁ       ǁ | 3       | ǁ | | 2 4           3 6 5 4 
ǁ | |   2       ǁ 2 |       | ǁ | |   2 1       5 2   |   
ǁ | |           5 2 |       | ǁ | 5 - - - 4 4 2 4 2   |   
ǁ | |           2 2 7 = = = 7 6 | 4 1 1     2 1 2   2 | 2 
ǁ 1 |           2 = 4       1 2 | 3       1     1 4 1 | 2 
ǁ 1 3         4                 5             5 1 3 - 7 4 
4 4 - - - - - 4 = = = = = = = = = = = = 3 2 1 2   2   4 1 
