29 29
3 0 0 0 0 3 0 0 0 6 4 4 4 0 0 0 0 5 2 1 4 5 3 2 2 0 0 4 1 
6 0 0 0 0 0 0 4 0 5 0 3 3 0 1 0 0 0 1 0 0 0 0 5 5 0 0 6 4 
0 4 5 0 0 0 0 0 0 0 0 0 0 0 0 0 0 6 0 3 0 5 5 5 0 4 3 0 0 
0 4 2 0 0 0 4 0 5 0 0 0 0 0 0 5 2 0 2 2 3 0 2 4 0 5 5 0 0 
0 4 0 0 0 0 5 0 4 0 4 2 0 0 0 0 1 0 0 0 0 0 0 3 0 0 2 0 0 
6 0 0 0 0 0 0 0 0 0 0 0 0 0 0 7 3 0 6 6 0 4 0 4 8 6 1 0 0 
0 4 5 0 0 0 0 0 0 0 4 2 2 2 3 0 4 5 0 0 2 0 0 2 0 0 1 0 0 
0 2 0 4 4 0 0 0 0 0 0 0 5 0 2 0 0 3 0 0 0 0 0 0 0 0 3 0 4 
0 1 0 2 0 0 0 0 0 0 0 0 0 0 0 0 0 2 0 2 3 0 0 0 0 4 0 0 0 
0 4 7 0 0 0 0 0 0 0 0 0 7 7 2 0 0 3 0 2 0 0 0 0 0 3 0 0 0 
0 1 0 0 0 0 0 0 0 0 0 0 0 6 3 0 0 0 0 6 5 0 0 0 0 0 0 0 0 
6 2 0 2 0 5 0 0 0 0 0 0 7 4 2 0 0 0 0 4 0 0 0 0 0 4 4 0 0 
4 1 0 0 0 1 0 0 0 0 0 0 0 0 1 0 4 0 4 0 0 0 0 0 0 2 0 0 0 
5 4 0 0 0 0 0 0 2 0 0 0 6 3 2 0 0 0 3 0 0 0 0 0 0 2 0 0 4 
0 2 0 0 2 0 0 0 0 0 0 0 5 3 2 0 0 0 1 0 0 0 0 4 7 4 0 0 0 
5 0 8 0 0 0 0 0 0 0 0 0 0 0 0 7 8 8 0 7 6 0 0 3 4 1 0 0 0 
0 0 0 3 5 4 0 0 0 4 0 6 5 1 0 0 4 7 4 0 4 0 5 0 0 0 6 5 6 
0 1 0 4 6 0 0 0 0 0 0 6 0 2 2 0 0 3 4 4 6 0 0 2 3 0 0 0 0 
0 0 0 0 2 0 0 0 0 1 0 0 0 0 0 0 4 2 0 1 4 0 0 3 0 2 0 0 4 
0 0 0 5 0 0 0 0 0 0 0 7 7 7 4 0 6 0 8 5 4 0 0 6 5 0 0 0 0 
5 4 0 0 0 1 0 3 0 0 0 4 4 6 3 0 4 2 2 3 2 0 0 2 0 0 0 0 4 
0 1 0 6 0 0 0 0 0 0 0 0 0 0 0 6 0 0 0 0 0 4 7 0 3 0 0 0 0 
2 1 0 5 0 0 0 0 0 2 2 3 2 6 4 0 1 0 3 2 0 5 0 2 4 0 0 0 4 
2 0 0 0 0 0 0 0 0 3 0 6 0 6 4 0 3 2 6 6 4 0 0 0 0 0 0 0 0 
5 4 0 6 0 0 0 0 0 0 5 4 0 5 3 0 0 0 0 6 6 0 3 0 6 5 0 0 0 
0 3 0 5 0 0 0 0 0 2 2 0 1 3 2 0 0 0 0 3 4 8 0 0 3 0 0 0 0 
0 1 0 2 3 0 3 0 3 0 0 0 3 0 0 4 4 2 0 2 0 6 0 5 5 2 0 0 0 
5 0 5 0 0 0 0 0 0 0 0 0 0 0 0 0 0 0 5 0 0 6 0 5 2 0 2 3 4 
3 3 5 0 0 0 0 0 0 0 0 0 0 0 0 0 0 0 3 1 0 5 2 4 0 0 0 2 0 
300 502
0 9 0 5
0 9 0 10
0 9 1 9
0 9 0 5
0 9 0 10
0 9 1 9
0 10 0 11
0 10 4 10
0 11 0 12
0 11 1 11
0 11 0 12
0 12 0 17
0 12 1 12
0 17 0 18
0 17 2 17
0 21 0 20
0 21 0 22
0 21 2 21
1 0 1 7
1 0 0 0
1 0 5 0
1 0 1 7
1 0 0 0
1 0 5 0
1 7 1 9
1 7 20 7
1 9 16 9
1 23 1 24
1 23 0 23
1 23 2 23
2 1 2 2
2 1 3 1
2 1 2 2
2 1 3 1
2 2 3 2
2 17 2 19
2 17 0 17
2 17 6 17
2 17 2 19
2 17 6 17
3 1 3 2
3 1 4 1
3 6 4 6
3 6 4 6
3 8 4 8
3 26 3 25
3 26 2 26
3 26 4 26
4 1 4 6
4 1 6 1
4 1 4 6
4 8 3 8
4 8 13 8
4 8 3 8
4 10 4 11
4 10 6 10
4 10 4 11
5 0 11 0
5 0 11 0
5 18 5 19
5 18 3 18
5 18 12 18
5 18 5 19
5 18 3 18
5 18 12 18
5 19 5 21
5 19 3 19
5 19 8 19
5 19 5 21
5 24 5 23
5 24 5 25
5 24 1 24
5 24 14 24
5 24 5 23
5 24 5 25
5 24 1 24
5 24 14 24
5 25 5 26
5 25 3 25
5 25 8 25
5 25 3 25
6 1 6 2
6 1 7 1
6 1 6 2
6 2 9 2
6 10 6 11
6 10 22 10
6 10 6 11
6 26 7 26
7 1 8 1
7 3 7 4
7 3 8 3
7 3 7 4
7 3 8 3
7 4 14 4
7 12 7 14
7 12 6 12
7 12 9 12
8 25 9 25
9 1 9 2
9 1 10 1
9 1 9 2
9 1 9 2
9 12 9 13
9 12 7 12
9 12 11 12
9 12 9 13
9 12 11 12
9 12 9 13
9 13 9 14
9 13 10 13
9 13 9 14
9 13 10 13
10 13 10 14
10 13 11 13
10 13 10 14
10 13 11 13
10 14 11 14
10 19 10 20
10 19 9 19
10 19 11 19
10 19 10 20
10 19 9 19
10 19 11 19
11 0 11 1
11 0 12 0
11 5 12 5
11 19 15 19
12 18 12 16
12 18 13 18
13 0 13 1
13 0 12 0
13 0 15 0
13 8 26 8
13 12 13 13
13 12 11 12
13 12 14 12
13 12 13 13
13 12 11 12
13 12 14 12
14 24 14 23
14 24 14 25
14 24 15 24
15 2 15 0
15 2 9 2
15 2 27 2
15 2 15 0
15 2 9 2
15 2 27 2
15 16 15 15
15 16 15 17
15 16 12 16
15 16 16 16
15 16 15 15
15 16 15 17
15 16 12 16
15 16 16 16
15 17 15 19
15 17 16 17
15 17 15 19
15 17 16 17
15 17 16 17
15 17 16 17
16 5 16 4
16 5 20 5
16 5 16 4
16 5 16 4
16 9 1 9
16 9 18 9
16 11 16 12
16 11 17 11
16 11 16 12
16 11 17 11
16 11 16 12
16 11 17 11
16 28 16 27
16 28 13 28
16 28 18 28
16 28 16 27
16 28 13 28
16 28 18 28
17 1 20 1
17 4 17 3
17 4 16 4
17 4 18 4
17 4 17 3
17 4 16 4
17 4 18 4
18 28 18 25
18 28 20 28
19 12 19 11
19 12 19 13
19 12 16 12
19 12 20 12
19 18 19 16
19 18 19 19
19 18 17 18
19 18 20 18
19 18 19 16
19 18 19 19
19 18 17 18
19 18 20 18
19 24 19 23
19 24 17 24
19 24 21 24
20 0 20 1
20 0 15 0
20 0 22 0
20 1 20 0
20 1 21 1
20 28 22 28
21 15 21 21
21 15 15 15
21 15 26 15
21 15 21 21
21 15 15 15
21 15 26 15
21 22 21 21
21 22 21 24
21 22 16 22
21 22 24 22
22 21 22 19
22 21 21 21
22 21 25 21
23 20 23 19
23 20 24 20
23 20 23 19
23 20 24 20
24 0 24 1
24 0 23 0
24 0 27 0
24 10 24 11
24 10 22 10
24 10 25 10
24 19 24 20
24 19 23 19
24 19 25 19
24 19 24 20
24 19 23 19
24 19 25 19
24 20 25 20
24 25 24 24
24 25 18 25
24 25 26 25
25 21 25 20
25 21 25 24
25 21 22 21
25 21 26 21
26 15 26 12
26 15 26 16
26 16 26 17
26 16 23 16
26 16 26 17
26 23 26 21
26 23 26 24
26 23 27 23
27 28 27 27
27 28 22 28
27 28 27 27
27 28 22 28
28 2 28 1
28 2 28 18
28 2 27 2
28 21 28 19
28 21 28 22
28 21 27 21
0 0 0 5
0 17 0 18
1 11 1 12
2 25 2 26
2 25 3 25
2 25 2 26
2 25 3 25
3 6 4 6
3 26 4 26
5 21 5 23
5 21 2 21
5 23 4 23
6 2 9 2
7 4 14 4
8 19 8 20
8 25 9 25
9 17 8 17
11 0 11 1
11 0 12 0
11 3 16 3
11 12 11 13
11 19 15 19
12 0 12 1
12 16 12 14
13 0 13 1
13 0 15 0
13 1 14 1
13 18 14 18
13 28 13 25
13 28 7 28
14 1 13 1
16 16 16 17
16 16 18 16
16 27 16 26
17 3 16 3
17 3 19 3
17 11 19 11
17 20 17 19
17 20 16 20
17 20 18 20
17 20 17 19
17 20 16 20
17 20 18 20
18 16 18 17
18 16 19 16
18 16 18 17
18 20 18 19
18 20 19 20
19 3 21 3
19 3 21 3
19 11 19 12
19 11 17 11
19 11 20 11
19 16 20 16
19 20 19 19
19 20 20 20
19 20 19 19
19 23 19 24
19 23 18 23
19 23 20 23
19 23 19 24
19 23 18 23
20 0 22 0
20 16 20 17
20 16 19 16
20 16 20 17
20 20 20 19
20 28 22 28
21 3 22 3
21 22 21 24
21 22 16 22
21 22 24 22
22 1 24 1
22 3 21 3
22 3 24 3
22 3 21 3
22 3 24 3
22 9 23 9
22 21 22 19
22 23 22 24
22 24 22 23
22 24 24 24
22 24 24 24
23 0 24 0
23 11 23 13
23 11 22 11
23 11 24 11
23 11 23 13
23 11 22 11
23 11 24 11
23 13 23 14
23 13 22 13
23 13 24 13
23 13 23 14
23 14 22 14
23 14 24 14
23 19 23 18
23 19 23 18
24 1 24 0
24 1 25 1
24 3 25 3
24 10 24 11
24 10 25 10
24 13 24 14
24 13 25 13
24 20 25 20
24 22 24 24
24 25 24 24
24 25 26 25
25 1 26 1
25 3 24 3
25 3 26 3
25 3 24 3
25 3 26 3
25 9 23 9
25 20 25 19
26 4 26 6
26 19 26 21
26 19 26 21
26 21 26 23
26 21 25 21
27 0 27 2
27 0 28 0
27 21 27 18
27 21 27 23
27 21 28 21
27 21 27 18
27 21 27 23
28 21 28 22
28 23 28 27
28 23 27 23
28 23 28 27
28 23 27 23
1 11 1 12
1 14 6 14
1 27 1 24
1 27 1 28
1 27 0 27
1 27 1 24
1 27 1 28
1 27 0 27
1 28 0 28
1 28 7 28
4 23 3 23
7 28 7 26
7 28 7 26
8 25 9 25
9 17 8 17
11 3 16 3
11 12 11 13
11 25 11 26
11 25 12 25
11 25 11 26
11 25 12 25
13 25 14 25
14 25 14 24
14 25 15 25
16 27 16 26
17 19 17 18
17 19 15 19
18 23 17 23
19 19 20 19
22 9 23 9
22 13 22 12
22 13 22 14
22 13 20 13
22 13 22 12
22 13 22 14
22 14 20 14
22 18 22 16
22 18 23 18
22 18 23 18
23 16 23 17
24 13 24 14
24 13 25 13
24 24 25 24
25 14 25 13
25 21 25 24
26 4 26 6
26 6 26 8
26 8 26 12
26 12 25 12
26 23 26 24
26 24 27 24
27 0 27 2
27 0 28 0
27 26 27 24
27 26 27 27
28 0 28 1
28 1 28 2
28 2 28 18
28 18 27 18
0 27 0 24
0 27 0 24
4 23 3 23
15 19 15 20
15 19 15 20
15 20 15 23
15 20 10 20
15 20 16 20
15 20 15 23
16 18 16 17
16 18 17 18
16 18 16 17
16 20 16 22
16 22 16 26
16 27 16 26
17 23 17 24
20 13 20 12
20 13 20 14
20 13 19 13
20 13 20 12
20 13 20 14
22 11 20 11
23 16 23 17
23 18 27 18
23 18 27 18
3 23 3 22
3 23 2 23
10 20 8 20
10 20 8 20
15 24 15 23
15 24 14 24
16 22 16 26
19 13 19 12
19 13 19 14
19 13 17 13
19 14 19 13
19 14 17 14
19 14 19 13
20 11 20 12
20 11 19 11
3 22 2 22
6 20 6 23
14 23 6 23
19 11 19 12

2670

3 - - - - 3 = = = 6 4 4 4 - - - - 5 2 1 4 5 3 2 2 = = 4 1 
6 = = = = = = 4 - 5 | 3 3   1     ǁ 1     |   5 5 = = 6 4 
ǁ 4 5         |   ǁ |       |     6 = 3   5 5 5 ǁ 4 3   | 
ǁ 4 2       4 | 5 ǁ |       | 5 2 ǁ 2 2 3 | 2 4 ǁ 5 5   | 
ǁ 4 = = = = 5 | 4 ǁ 4 2     |   1 ǁ ǁ |   |   3 ǁ ǁ 2   | 
6 |           | | ǁ |       | 7 3 ǁ 6 6 = 4 - 4 8 6 1   | 
ǁ 4 5         | | ǁ 4 2 2 2 3   4 5 ǁ | 2 - - 2 ǁ | 1   | 
ǁ 2 ǁ 4 4     | | ǁ |   5 - 2     3 ǁ |       | ǁ | 3 = 4 
ǁ 1 ǁ 2 ǁ     | | ǁ |   ǁ         2 ǁ 2 3     | ǁ 4     | 
ǁ 4 7   ǁ     | | ǁ |   7 7 2     3 ǁ 2 ǁ     | ǁ 3     | 
ǁ 1 ǁ   ǁ     | | ǁ |   ǁ 6 3       ǁ 6 5     | ǁ       | 
6 2 ǁ 2 ǁ 5   | | ǁ |   7 4 2       ǁ 4 |     | ǁ 4 4   | 
4 1 ǁ ǁ ǁ 1   | | ǁ |   ǁ   1 - 4 - 4 ǁ |     | ǁ 2     | 
5 4 ǁ ǁ ǁ     | 2 ǁ |   6 3 2   ǁ   3 ǁ |     | ǁ 2 - - 4 
ǁ 2 ǁ ǁ 2     | | ǁ |   5 3 2   ǁ   1 ǁ |     4 7 4     ǁ 
5 = 8 ǁ       | | ǁ |         7 8 8 = 7 6 = = 3 4 1     ǁ 
|   ǁ 3 5 4   | | 4 | 6 5 1   ǁ 4 7 4 | 4 - 5 = = = 6 5 6 
| 1 ǁ 4 6 |   | | | | 6 | 2 2 ǁ | 3 4 4 6   ǁ 2 3       ǁ 
| | ǁ | 2 |   | | 1 | ǁ | | | ǁ 4 2 ǁ 1 4   ǁ 3 | 2 - - 4 
| | ǁ 5   |   | |   | 7 7 7 4 ǁ 6 = 8 5 4   ǁ 6 5 |     | 
5 4 ǁ ǁ   1   3 |   | 4 4 6 3 ǁ 4 2 2 3 2   ǁ 2 | |     4 
ǁ 1 ǁ 6         |   | |   | | 6 = = = = = 4 7 = 3 |     ǁ 
2 1 ǁ 5         | 2 2 3 2 6 4 ǁ 1 - 3 2 = 5 ǁ 2 4 |     4 
2 | ǁ ǁ         | 3 | 6 = 6 4 ǁ 3 2 6 6 4 ǁ ǁ   ǁ |     ǁ 
5 4 ǁ 6         | | 5 4   5 3 ǁ |   ǁ 6 6 ǁ 3 - 6 5     ǁ 
| 3 ǁ 5         | 2 2   1 3 2 ǁ |   ǁ 3 4 8 = = 3 ǁ     ǁ 
| 1 ǁ 2 3 = 3 - 3 - - - 3 - - 4 4 2 ǁ 2 = 6 = 5 5 2     ǁ 
5 = 5                               5 = = 6 = 5 2 - 2 3 4 
3 3 5 = = = = = = = = = = = = = = = 3 1 - 5 2 4 = = = 2   
