29 29
4 0 0 0 0 0 0 0 0 5 2 1 2 6 0 0 0 0 0 2 2 4 0 0 0 4 1 4 2 
0 3 0 5 0 0 0 4 0 5 0 0 0 7 0 0 0 0 0 0 0 0 0 0 0 6 3 6 4 
0 2 1 0 2 0 1 0 1 0 2 0 3 0 1 2 0 2 1 2 2 0 0 3 1 0 0 0 0 
0 3 1 0 3 0 3 0 0 0 3 2 0 0 0 3 2 0 2 5 0 0 0 5 4 0 0 0 0 
0 0 1 0 0 0 0 0 0 0 2 0 0 0 2 4 0 6 3 0 0 0 0 3 0 0 0 0 0 
0 0 0 0 0 0 0 0 0 0 3 5 0 0 0 4 0 0 0 0 0 0 0 0 1 0 0 0 0 
0 0 0 0 1 3 0 0 0 0 2 0 0 0 0 4 2 0 3 0 0 0 0 0 0 0 0 0 0 
0 0 0 0 0 0 0 0 2 0 4 6 0 0 0 3 0 4 2 0 0 0 0 2 0 0 0 0 0 
0 0 0 0 0 0 0 0 0 0 2 0 0 0 0 0 1 0 0 0 0 0 0 0 0 0 0 0 0 
0 0 0 0 0 0 0 0 5 6 0 7 4 0 0 0 0 0 0 0 0 0 0 0 0 0 0 0 0 
0 0 0 0 1 5 0 0 0 0 2 0 2 0 0 0 0 0 0 0 0 0 0 0 0 0 0 0 0 
0 0 0 0 0 0 0 0 2 0 0 0 0 0 0 2 2 5 0 6 0 0 0 0 0 3 3 0 0 
6 6 4 0 3 8 4 0 1 0 4 3 5 0 0 0 0 3 2 2 1 2 0 0 3 1 2 0 0 
3 0 0 0 0 0 0 0 0 0 0 1 2 0 2 0 6 0 0 0 0 0 0 0 5 3 2 0 2 
1 0 3 0 1 0 1 0 0 0 0 0 0 0 2 0 5 3 2 0 0 0 0 0 0 1 0 0 2 
1 0 0 0 0 0 0 0 3 0 5 0 0 6 0 0 0 0 0 0 0 0 0 0 4 0 3 0 0 
0 0 1 0 0 0 2 0 0 0 1 2 1 0 2 4 0 0 2 1 0 3 1 0 4 0 0 7 3 
0 2 1 0 0 0 0 0 5 4 0 6 2 0 0 0 2 0 7 0 0 6 0 0 4 1 1 3 1 
4 1 1 0 0 0 0 0 3 0 1 0 2 0 1 5 0 0 5 1 1 0 2 1 4 2 0 2 2 
0 4 3 0 0 0 0 0 1 0 0 0 4 0 0 0 1 0 6 4 3 0 4 0 0 0 4 0 0 
0 4 0 5 0 6 3 0 2 0 0 0 0 0 0 0 0 0 0 0 0 0 3 2 2 1 0 0 0 
0 3 0 0 0 6 2 0 4 0 3 3 4 0 0 0 0 0 4 2 0 0 3 0 6 0 5 0 3 
0 1 0 0 0 1 0 0 0 0 0 0 2 0 0 4 0 0 2 0 0 0 5 4 5 2 0 0 0 
6 0 0 0 0 0 0 5 4 1 0 2 3 0 0 1 0 0 0 0 0 0 2 2 2 1 0 0 0 
0 1 1 4 1 1 0 0 0 0 4 0 0 5 0 0 0 0 0 0 0 6 0 0 0 0 6 6 2 
6 3 3 8 0 0 0 0 0 0 0 0 0 6 0 0 0 0 3 4 2 0 2 0 5 2 0 5 3 
2 2 1 0 2 3 1 0 3 2 0 0 0 4 0 0 3 2 2 0 0 5 1 1 4 1 1 0 0 
3 7 0 6 0 2 1 0 7 0 0 0 0 0 0 0 0 0 0 0 0 6 3 1 0 2 0 4 3 
1 2 1 1 2 3 0 0 5 0 0 0 0 2 2 0 0 0 0 3 0 3 2 0 3 1 2 0 4 
300 203
0 0 0 9
0 0 12 0
0 0 0 9
0 0 12 0
0 13 0 12
0 13 0 19
0 13 1 13
0 13 0 12
0 13 0 19
0 13 1 13
1 3 1 1
1 3 1 7
1 3 20 3
1 13 1 9
1 13 1 25
1 13 15 13
3 24 3 23
3 24 2 24
3 24 5 24
3 24 3 23
5 11 5 10
5 11 3 11
5 11 7 11
5 15 4 15
5 15 6 15
5 15 4 15
5 15 6 15
6 15 6 16
6 15 7 15
7 11 7 10
7 11 5 11
7 11 9 11
7 11 7 10
7 11 9 11
9 8 9 9
9 8 7 8
9 8 11 8
9 11 9 9
9 11 9 12
9 11 12 11
10 5 10 4
10 5 6 5
10 5 12 5
10 10 12 10
12 0 12 1
12 0 13 0
12 5 12 4
12 5 12 6
12 5 10 5
12 5 20 5
12 12 12 11
12 12 10 12
12 12 13 12
16 27 16 24
16 27 16 28
16 27 1 27
16 27 17 27
17 8 17 9
17 8 15 8
17 8 18 8
17 18 17 16
17 18 17 21
17 18 16 18
17 18 18 18
18 0 18 1
18 0 15 0
18 0 23 0
18 0 23 0
19 1 19 2
19 1 20 1
19 1 19 2
19 1 20 1
20 1 20 3
20 1 21 1
23 0 23 7
23 0 25 0
25 0 25 1
25 0 23 0
25 0 26 0
25 3 25 2
25 3 25 13
25 3 24 3
25 3 27 3
25 3 25 2
25 3 25 13
25 3 24 3
25 3 27 3
25 13 25 18
25 13 24 13
25 13 26 13
25 13 25 18
27 1 27 0
27 1 27 3
27 1 26 1
27 1 28 1
27 3 27 1
27 3 27 5
27 3 28 3
27 8 27 6
27 8 27 21
27 8 26 8
27 8 28 8
28 2 28 1
28 4 28 5
28 28 28 26
28 28 27 28
28 28 28 26
28 28 27 28
0 11 0 10
0 20 0 21
0 21 0 20
0 21 0 25
0 21 0 25
0 25 0 26
0 25 1 25
0 27 0 28
0 27 1 27
0 27 0 28
0 27 1 27
1 25 1 13
1 25 1 26
1 25 11 25
1 25 1 26
1 27 1 26
1 27 1 28
1 27 16 27
1 28 13 28
8 10 7 10
10 5 6 5
10 10 12 10
12 0 12 1
12 0 13 0
12 1 12 2
12 1 3 1
12 1 17 1
12 1 12 2
12 2 4 2
12 2 14 2
12 5 12 4
12 5 12 6
12 5 20 5
13 0 14 0
14 2 16 2
14 4 12 4
17 1 17 2
18 2 19 2
20 5 20 3
20 5 20 6
20 5 21 5
20 5 20 3
21 5 21 1
21 5 21 6
21 5 22 5
21 5 21 1
21 5 21 6
23 0 23 7
24 3 24 2
24 3 24 4
24 5 24 10
24 10 24 13
24 10 21 10
24 10 24 13
25 0 25 1
25 0 26 0
26 4 26 5
26 13 26 9
26 13 26 16
26 13 26 9
26 16 26 17
27 0 27 1
27 0 28 0
27 1 26 1
27 8 27 21
27 8 26 8
27 8 28 8
27 21 27 22
27 21 26 21
27 21 28 21
27 21 27 22
28 4 28 5
0 10 0 9
1 28 13 28
8 10 7 10
14 28 16 28
20 3 1 3
24 1 25 1
25 2 26 2
26 4 26 5
26 8 26 6
26 16 26 17
0 9 1 9
0 9 1 9
14 28 16 28
16 27 16 24
16 27 17 27
26 5 27 5
28 5 28 8
28 8 28 13
28 8 28 13
28 14 28 19
28 14 28 19
28 19 28 21
28 21 28 22

3434

4 = = = = = = = = 5 2 1 2 6 = = = = = 2 2 4 = = = 4 1 4 2 
ǁ 3 - 5 - - - 4   5 - - - 7 = = = = = = = = = = = 6 3 6 4 
ǁ 2 1 ǁ 2   1   1   2   3 | 1 2   2 1 2 2     3 1 |   ǁ ǁ 
ǁ 3 1 ǁ 3   3       3 2   |   3 2   2 5       5 4 |   ǁ ǁ 
ǁ | 1 ǁ             2 |   | 2 4   6 3         3 | |   ǁ ǁ 
ǁ | | ǁ             3 5   |   4                 1 |   ǁ ǁ 
ǁ | | ǁ 1 3         2 ǁ   |   4 2   3             |   ǁ ǁ 
ǁ | | ǁ   ǁ     2   4 6   |   3   4 2         2   |   ǁ ǁ 
ǁ | | ǁ   ǁ     |   2 ǁ   |     1                 |   ǁ ǁ 
ǁ | | ǁ   ǁ     5 6 - 7 4 |                       |   ǁ ǁ 
ǁ | | ǁ 1 5     |   2 | 2 |                       |   ǁ ǁ 
ǁ | | ǁ   ǁ     2   ǁ | | |   2 2 5   6           3 3 ǁ ǁ 
6 6 4 ǁ 3 8 4   1   4 3 5 |       3 2 2 1 2     3 1 2 ǁ ǁ 
3 | | ǁ | ǁ           1 2 | 2   6               5 3 2 ǁ 2 
1 | 3 ǁ 1 ǁ 1             | 2   5 3 2             1   ǁ 2 
1 | | ǁ   ǁ     3   5     6                     4   3 ǁ ǁ 
| | 1 ǁ   ǁ 2   |   1 2 1   2 4     2 1   3 1   4 = = 7 3 
| 2 1 ǁ   ǁ     5 4   6 2       2 - 7 - - 6     4 1 1 3 1 
4 1 1 ǁ   ǁ     3   1   2   1 5     5 1 1   2 1 4 2   2 2 
ǁ 4 3 ǁ   ǁ     1       4       1   6 4 3   4       4     
ǁ 4 - 5 = 6 3   2                           3 2 2 1       
ǁ 3 = = = 6 2   4   3 3 4           4 2     3   6   5   3 
ǁ 1       1         |   2     4     2       5 4 5 2       
6 = = = = = = 5 4 1 | 2 3     1             2 2 2 1       
ǁ 1 1 4 1 1 - - - - 4 = = 5               6         6 6 2 
6 3 3 8 = = = = = = = = = 6 = = = = 3 4 2   2   5 2   5 3 
2 2 1 ǁ 2 3 1 - 3 2 = = = 4 - - 3 2 2     5 1 1 4 1 1     
3 7 = 6 - 2 1 - 7 = = = = = = = = = = = = 6 3 1   2   4 3 
1 2 1 1 2 3 - - 5 = = = = 2 2 = = = = 3 - 3 2   3 1 2 = 4 
