29 29
4 0 4 0 0 0 0 0 0 0 0 0 0 0 0 0 0 0 0 0 0 0 3 2 2 0 4 1 2 
0 0 0 1 2 0 0 0 0 0 0 0 0 0 0 0 0 0 0 2 2 0 3 1 0 0 5 4 4 
0 0 0 3 0 0 0 0 0 5 0 0 0 0 0 0 0 0 0 5 0 0 5 2 2 3 0 1 3 
0 0 0 0 3 0 4 1 0 0 0 0 0 0 0 0 0 1 0 0 2 2 6 3 2 0 0 4 6 
0 0 0 0 4 0 5 3 2 0 0 0 0 0 0 0 0 0 0 0 0 1 0 2 0 3 0 2 0 
0 0 0 0 3 0 0 0 0 0 0 0 0 0 0 0 0 0 0 0 0 2 0 1 0 0 0 2 0 
0 0 0 0 1 0 0 0 0 0 0 0 0 0 0 0 0 0 0 0 0 0 6 3 5 4 0 0 0 
6 2 0 5 0 0 4 5 4 0 0 0 0 0 0 0 0 0 1 0 0 0 2 0 2 0 0 0 0 
4 2 0 4 4 1 2 1 0 0 0 0 0 0 0 0 0 0 0 0 0 5 0 0 0 6 2 0 0 
2 0 0 0 2 2 6 0 0 7 0 0 0 0 0 0 0 3 0 0 0 2 0 3 2 0 0 0 0 
5 3 0 3 4 2 0 2 0 6 0 0 0 0 0 3 1 3 0 0 6 0 0 0 0 6 0 3 0 
0 1 0 3 0 0 5 2 2 6 2 0 2 0 0 5 0 5 3 0 4 1 3 3 2 0 3 4 0 
0 0 0 3 2 0 4 2 2 5 4 0 0 0 0 2 0 1 0 0 3 2 0 3 2 0 3 6 0 
2 0 5 0 0 0 0 0 0 0 0 0 0 0 0 0 0 0 0 4 0 0 5 5 1 0 0 0 0 
1 2 6 0 0 0 0 3 0 0 0 0 2 3 4 0 5 2 1 0 1 0 2 4 2 0 0 0 0 
4 0 0 0 0 0 0 0 0 0 0 0 0 0 0 0 7 0 0 6 0 0 0 0 0 8 0 7 3 
4 0 0 0 0 0 0 0 0 0 0 0 0 3 3 2 5 2 0 0 2 0 5 3 2 0 1 6 3 
0 3 0 5 0 4 0 5 0 0 5 1 2 5 4 1 1 3 2 0 0 0 0 4 5 0 2 3 3 
0 3 0 1 0 1 2 6 1 0 0 3 0 0 0 0 0 5 3 0 0 0 0 0 2 0 0 3 3 
0 2 0 0 0 0 0 3 4 2 0 0 1 3 0 3 0 0 0 0 0 0 0 0 1 0 0 1 0 
4 0 0 0 0 0 0 0 0 0 4 0 0 0 0 2 0 0 2 0 4 2 0 0 0 0 0 0 2 
0 1 3 0 1 0 0 0 0 0 1 4 4 4 0 1 0 0 1 0 3 2 0 0 0 0 0 0 0 
0 1 5 0 3 0 0 0 0 0 0 0 0 0 0 0 0 4 0 4 0 0 5 4 2 0 4 0 0 
0 2 3 3 0 0 0 6 0 0 0 0 0 0 0 0 0 0 0 6 3 2 4 4 3 0 0 4 3 
0 0 0 2 0 1 0 4 0 0 0 0 3 0 0 0 0 4 3 2 3 3 1 3 2 0 0 0 0 
5 0 0 0 0 0 0 0 0 0 0 0 0 0 0 0 0 5 3 1 2 3 2 4 2 0 0 0 1 
2 1 0 0 3 0 0 0 0 0 4 0 0 0 0 0 0 0 0 0 0 0 0 0 0 6 4 0 0 
4 0 0 0 0 0 0 2 4 0 7 2 2 0 5 0 0 0 0 0 0 0 0 0 0 6 0 7 4 
3 1 0 2 0 0 0 4 5 2 4 2 1 1 4 1 0 0 0 0 0 0 0 2 0 3 2 3 1 
300 271
0 0 0 2
0 0 7 0
0 0 0 2
0 0 7 0
0 2 0 22
0 2 13 2
2 9 2 3
2 9 2 19
2 9 9 9
3 28 3 27
3 28 2 28
3 28 15 28
3 28 3 27
3 28 2 28
3 28 15 28
6 22 6 23
6 22 3 22
6 22 7 22
6 22 6 23
6 22 3 22
6 22 7 22
7 0 7 1
7 0 8 0
7 3 7 6
7 3 2 3
7 3 8 3
7 18 11 18
8 21 8 25
8 21 5 21
8 21 9 21
10 0 10 1
10 0 9 0
10 0 13 0
10 20 10 25
10 20 3 20
10 20 11 20
10 20 10 25
10 20 3 20
10 20 11 20
10 25 10 27
10 25 8 25
10 25 15 25
10 25 10 27
12 27 12 26
12 27 11 27
12 27 15 27
12 27 12 26
12 27 11 27
12 27 15 27
15 16 15 0
15 16 15 19
15 16 14 16
15 16 16 16
15 27 15 25
15 27 15 28
15 27 16 27
17 3 17 1
17 3 17 5
17 3 18 3
17 7 17 5
17 7 17 10
17 7 18 7
25 0 25 17
25 0 20 0
25 0 26 0
27 10 27 8
27 10 27 11
27 10 26 10
27 10 28 10
27 14 27 12
27 14 27 25
27 14 28 14
27 27 27 25
27 27 27 28
27 27 23 27
27 27 28 27
27 28 27 27
27 28 25 28
27 28 28 28
28 0 28 1
28 0 27 0
28 0 27 0
28 3 28 7
28 8 28 7
28 8 28 9
28 8 27 8
28 14 28 13
28 14 28 15
28 14 27 14
28 23 28 25
3 17 9 17
3 22 3 21
3 22 3 23
3 22 2 22
3 22 3 21
4 21 5 21
6 4 5 4
7 0 7 1
7 0 8 0
7 24 6 24
8 0 8 1
8 0 9 0
8 1 10 1
8 25 8 21
8 25 8 26
8 25 6 25
8 25 8 26
9 24 9 23
10 0 10 1
10 0 13 0
11 1 14 1
11 27 11 26
11 27 10 27
12 9 12 8
12 9 12 10
12 9 11 9
12 26 11 26
13 2 13 19
13 2 14 2
14 2 14 1
14 2 14 7
14 2 13 2
14 2 14 7
14 2 13 2
14 7 14 12
14 12 14 13
14 13 14 14
14 14 14 13
14 14 14 16
14 14 14 16
15 25 15 19
15 25 15 27
15 25 26 25
15 25 15 19
15 25 26 25
15 27 16 27
16 22 16 20
16 22 16 23
16 22 22 22
16 27 16 26
16 27 16 28
16 27 17 27
16 27 16 28
16 28 17 28
17 24 17 23
17 24 16 24
17 24 18 24
22 26 17 26
22 26 26 26
22 26 17 26
22 26 26 26
26 25 26 10
26 25 26 26
26 25 27 25
26 25 26 10
27 0 27 7
27 0 26 0
27 25 27 14
27 25 27 27
27 25 28 25
28 3 28 7
28 7 28 8
28 23 28 25
28 26 28 27
1 26 1 23
1 26 1 27
1 26 0 26
5 4 4 4
6 25 6 24
6 25 4 25
6 25 6 24
7 24 6 24
8 21 9 21
9 23 9 24
14 0 15 0
15 0 15 16
15 0 16 0
15 19 15 16
15 19 13 19
15 19 22 19
16 0 16 13
16 0 20 0
16 0 16 13
20 0 20 10
20 0 25 0
23 7 23 3
23 7 23 19
23 7 24 7
23 7 23 3
23 7 23 19
23 7 24 7
23 19 23 20
23 19 22 19
23 19 24 19
23 19 23 20
24 3 24 5
24 3 23 3
24 7 24 12
25 0 25 17
26 1 26 4
26 4 26 10
27 7 27 8
27 8 27 10
27 10 27 11
27 10 28 10
27 12 28 12
28 8 28 9
28 10 28 11
28 10 28 11
28 26 28 27
1 26 1 27
1 26 0 26
5 4 4 4
5 27 4 27
13 19 13 22
13 19 2 19
14 18 14 17
14 20 14 22
22 19 22 17
22 19 22 22
24 7 24 12
24 12 24 17
24 17 24 18
24 17 25 17
24 17 24 18
25 17 25 18
25 17 25 18
27 27 23 27
0 26 0 24
0 26 0 27
0 28 1 28
0 28 1 28
1 27 1 28
1 27 2 27
1 28 2 28
3 27 3 24
3 27 4 27
4 4 4 6
4 4 3 4
4 25 4 23
6 24 6 23
11 18 11 17
11 20 11 21
11 20 12 20
12 20 12 21
14 16 14 17
14 16 15 16
22 17 22 4
22 17 18 17
22 17 22 4
23 27 23 28
23 27 19 27
23 28 20 28
23 28 20 28
0 24 0 23
2 25 2 24
3 4 3 6
4 25 4 23
11 18 11 17
12 20 12 21
21 18 20 18
0 23 0 22
2 25 2 24
3 4 3 6
3 6 3 7
3 6 4 6
3 24 3 23
20 18 18 18
0 22 1 22
3 23 2 23
2 23 2 22

6137

4 = 4 - - - - - - - - - - - - - - - - - - - 3 2 2 - 4 1 2 
ǁ   | 1 2                             2 2   3 1 - - 5 4 4 
ǁ   | 3 - - - - - 5 - - - - - - - - - 5     5 2 2 3   1 3 
ǁ   | | 3 = 4 1   |               1   | 2 2 6 3 2 - - 4 6 
ǁ   | | 4 - 5 3 2 |               |   | ǁ 1 ǁ 2 = 3   2 ǁ 
ǁ   | | 3         |               |   | ǁ 2 ǁ 1   |   2 ǁ 
ǁ   | | 1         |               |   | ǁ | 6 3 5 4     ǁ 
6 2 | 5 - - 4 5 4 |               | 1 | ǁ | 2   2 |     ǁ 
4 2 | 4 4 1 2 1   |               | | | ǁ 5 = = = 6 2   ǁ 
2 | |   2 2 6     7               3 | | ǁ 2   3 2 |     ǁ 
5 3 | 3 4 2   2   6           3 1 3 | | 6 = = = = 6 = 3 ǁ 
ǁ 1 | 3     5 2 2 6 2   2     5   5 3 | 4 1 3 3 2 | 3 4 ǁ 
ǁ | | 3 2   4 2 2 5 4         2   1   | 3 2   3 2 | 3 6 ǁ 
2 | 5 - - - - - - - - - - - - - - - - 4 - - 5 5 1 |   ǁ ǁ 
1 2 6 = = = = 3 - - - - 2 3 4 = 5 2 1 | 1 - 2 4 2 |   ǁ ǁ 
4 = = = = = = = = = = = = = = = 7 = = 6 = = = = = 8 = 7 3 
4 = = = = = = = = = = = = 3 3 2 5 2   | 2 - 5 3 2 ǁ 1 6 3 
| 3 - 5 - 4 - 5 - - 5 1 2 5 4 1 1 3 2 |     | 4 5 ǁ 2 3 3 
| 3   1   1 2 6 1     3           5 3 |     |   2 ǁ ǁ 3 3 
| 2           3 4 2     1 3   3   | | |     |   1 ǁ ǁ 1   
4 - - - - - - - - - 4         2   | 2 | 4 2 |     ǁ ǁ | 2 
ǁ 1 3   1           1 4 4 4   1   | 1 | 3 2 |     ǁ ǁ | ǁ 
ǁ 1 5   3 = = = = = = = = = = = = 4 - 4 - - 5 4 2 ǁ 4 | ǁ 
ǁ 2 3 3 = = = 6 = = = = = = = = = = = 6 3 2 4 4 3 ǁ ǁ 4 3 
ǁ     2 - 1   4 = = = = 3 - - - - 4 3 2 3 3 1 3 2 ǁ ǁ ǁ   
5 = = = = = = = = = = = = = = = = 5 3 1 2 3 2 4 2 ǁ ǁ ǁ 1 
2 1 - - 3 - - - - - 4 = = = = = = = = = = = = = = 6 4 ǁ | 
4 - - - - - - 2 4 = 7 2 2 - 5 = = = = = = = = = = 6 = 7 4 
3 1   2 = = = 4 5 2 4 2 1 1 4 1               2 = 3 2 3 1 
