29 29
3 0 5 0 0 0 0 0 0 0 0 0 0 0 0 0 0 0 6 0 0 0 0 0 0 0 6 5 2 
4 1 0 1 1 0 4 0 0 2 0 0 0 0 0 0 3 1 0 1 3 0 0 0 1 2 0 0 1 
0 0 0 5 5 0 5 0 4 0 0 0 0 3 1 0 0 1 0 4 5 4 0 4 3 4 0 3 1 
0 0 0 4 5 2 0 1 0 0 0 0 0 0 0 0 0 3 0 3 0 0 1 0 3 1 0 2 0 
0 0 0 3 1 0 5 3 0 0 0 0 0 1 0 0 0 0 0 0 0 0 3 2 0 2 0 3 0 
3 3 0 0 0 0 3 2 0 0 0 0 0 0 0 0 0 0 0 0 0 0 0 1 0 0 3 4 4 
1 0 0 6 0 0 0 0 7 0 0 0 0 0 0 0 5 0 0 0 0 0 4 0 7 7 0 5 4 
2 2 0 0 1 0 0 0 5 0 0 0 0 3 0 0 0 0 0 3 0 0 1 2 0 0 0 0 1 
0 0 0 4 0 5 0 0 6 0 0 3 2 2 0 0 0 0 0 0 0 0 1 0 0 0 3 5 2 
0 0 0 1 2 5 2 0 0 0 0 0 2 0 0 0 0 0 0 0 0 0 0 0 0 0 0 3 2 
4 0 5 0 0 0 0 0 0 0 0 0 0 0 0 0 7 5 0 0 0 0 3 5 0 0 3 3 2 
5 3 0 3 0 6 0 0 4 0 0 0 0 0 2 1 0 0 0 0 0 0 0 0 0 0 0 0 0 
4 2 0 5 0 7 0 0 0 0 0 0 0 0 3 0 0 0 0 0 0 0 0 0 0 0 0 0 0 
3 2 0 0 2 5 1 1 0 2 0 3 1 1 5 3 0 0 0 4 0 3 0 2 0 0 1 0 0 
4 0 7 8 0 0 0 0 0 0 0 6 0 0 2 2 0 1 0 2 0 3 0 2 0 1 0 0 0 
4 1 4 0 1 0 4 4 4 2 1 0 1 3 2 1 0 2 0 0 0 1 0 0 0 1 0 0 0 
4 0 3 4 4 0 6 3 0 0 0 3 0 4 5 2 2 6 8 0 6 0 3 4 0 5 3 0 0 
4 4 0 5 0 0 0 0 4 0 3 1 0 2 0 0 0 4 0 2 5 0 1 1 0 0 1 0 0 
0 3 0 4 0 0 0 0 0 0 0 0 0 0 0 0 0 0 6 0 0 0 0 0 7 5 3 0 2 
0 0 0 0 0 0 0 2 2 4 0 0 1 1 3 0 4 1 0 2 0 0 3 2 0 0 0 0 0 
0 4 0 0 0 0 0 0 0 0 0 0 0 0 0 1 4 4 0 1 0 0 0 0 0 2 1 0 0 
0 3 2 0 0 1 0 6 0 7 0 0 6 2 0 0 0 0 0 4 0 0 7 4 0 3 2 0 0 
0 2 1 0 0 0 0 0 1 0 0 0 0 4 6 5 7 6 0 0 0 0 0 2 4 1 3 0 0 
0 0 0 0 0 0 0 0 0 0 0 0 0 0 0 2 0 3 0 0 0 0 0 1 4 1 0 0 0 
0 0 0 0 1 0 0 4 4 5 2 1 0 2 0 4 5 4 0 0 2 0 7 0 5 0 5 0 0 
0 0 0 0 0 0 0 2 4 2 0 0 0 1 0 4 5 5 0 6 4 0 3 1 0 0 2 0 0 
0 4 0 5 0 0 0 0 0 0 0 0 4 2 0 2 5 4 0 4 3 0 0 0 0 0 0 0 0 
3 2 1 2 2 0 0 4 0 3 0 0 0 0 6 0 0 0 5 0 0 0 0 0 5 0 0 6 2 
2 0 0 0 0 0 0 0 0 3 0 0 0 0 3 3 0 0 3 0 0 0 0 0 3 0 0 4 1 
300 346
0 2 0 0
0 2 0 18
0 2 10 2
0 18 0 2
0 18 0 26
0 18 16 18
0 26 0 18
0 26 0 27
0 26 5 26
2 3 2 4
2 3 1 3
2 3 3 3
6 3 6 8
6 3 4 3
6 3 8 3
6 3 6 8
6 3 4 3
6 3 8 3
6 8 6 16
6 8 2 8
6 8 7 8
6 24 6 22
6 24 6 25
6 24 3 24
6 24 18 24
6 25 6 24
6 25 6 27
6 25 4 25
6 25 14 25
8 3 8 5
8 3 9 3
8 5 8 8
8 5 9 5
8 5 8 8
8 5 9 5
8 8 8 11
8 8 7 8
8 8 11 8
8 8 8 11
10 17 10 16
10 17 3 17
10 17 14 17
10 23 10 22
10 23 7 23
10 23 13 23
11 0 11 1
11 0 10 0
11 0 12 0
12 5 12 3
12 5 12 14
12 5 11 5
12 5 13 5
14 2 14 0
14 2 14 3
14 2 10 2
14 2 15 2
14 3 14 2
14 3 14 11
14 3 12 3
14 3 16 3
14 3 14 2
14 3 14 11
14 3 12 3
14 11 14 14
14 11 13 11
14 11 16 11
14 11 14 14
15 21 14 21
15 25 16 25
16 6 16 4
16 6 16 7
16 6 15 6
16 6 16 4
16 6 16 7
16 6 15 6
16 18 16 17
16 18 16 20
16 18 0 18
16 18 18 18
16 25 16 26
16 25 18 25
16 25 16 26
16 25 18 25
21 9 21 7
21 9 21 12
21 9 19 9
21 9 24 9
21 22 21 19
21 22 21 23
21 22 19 22
21 22 24 22
22 16 22 15
22 16 22 17
22 16 20 16
22 16 24 16
22 17 22 16
22 17 20 17
22 17 23 17
22 17 22 16
22 17 20 17
23 17 24 17
24 26 24 24
24 26 22 26
24 26 25 26
26 16 26 15
26 16 26 17
26 16 25 16
0 26 0 27
0 26 5 26
2 3 2 4
2 3 3 3
3 3 3 4
3 3 4 3
4 13 2 13
5 23 4 23
5 26 5 27
6 25 6 24
6 25 6 27
7 4 7 8
8 11 8 12
9 4 9 5
9 6 9 5
9 12 8 12
10 16 10 17
10 16 6 16
10 16 16 16
10 16 10 17
10 16 6 16
10 16 16 16
11 8 11 5
11 8 11 14
11 8 11 5
13 4 13 5
13 14 13 13
13 14 13 15
13 14 12 14
15 6 15 4
15 6 15 7
15 7 15 8
15 7 16 7
15 7 15 8
15 8 15 9
15 8 17 8
15 17 16 17
16 4 16 3
16 4 24 4
16 17 16 18
16 17 15 17
16 17 17 17
16 18 16 17
16 18 16 20
16 20 16 22
16 20 2 20
16 20 17 20
16 20 16 22
17 3 17 1
17 3 16 3
17 3 18 3
17 8 17 10
17 8 19 8
17 8 17 10
17 17 17 13
17 17 19 17
17 17 17 13
17 20 17 19
17 20 17 22
17 20 17 19
19 16 19 14
19 16 20 16
19 16 19 14
19 16 20 16
20 1 18 1
20 1 21 1
20 1 18 1
20 1 21 1
20 17 20 16
20 17 20 19
21 2 21 1
21 2 22 2
21 5 21 7
21 7 21 9
21 7 19 7
21 7 24 7
21 7 19 7
21 19 21 22
21 19 25 19
21 19 25 19
22 1 26 1
22 1 26 1
22 8 24 8
23 17 24 17
24 7 24 8
24 7 25 7
24 7 24 8
24 8 24 9
24 17 24 16
24 17 25 17
25 8 25 7
25 8 25 9
25 8 25 9
25 19 25 17
25 19 25 20
25 19 26 19
25 19 25 17
26 1 26 3
26 1 27 1
26 19 26 17
26 19 26 20
26 19 26 17
26 20 25 20
26 20 25 20
27 7 27 4
27 7 27 9
27 7 27 4
27 7 27 9
27 18 27 14
27 18 27 24
27 18 28 18
3 17 2 17
4 25 3 25
8 13 7 13
9 4 9 5
11 5 11 3
11 5 12 5
13 4 13 5
13 12 13 11
13 14 13 15
13 14 12 14
13 19 7 19
13 19 14 19
13 19 7 19
13 19 14 19
14 15 13 15
14 15 15 15
15 9 15 10
16 3 16 2
16 14 16 13
16 14 16 15
16 14 15 14
16 15 16 14
17 10 17 11
18 18 18 24
19 8 19 9
19 9 19 12
19 9 21 9
19 19 19 22
19 19 19 22
19 23 21 23
20 15 22 15
21 12 21 9
21 12 21 13
21 12 26 12
21 22 21 23
21 22 24 22
24 9 24 10
24 11 24 10
24 22 24 20
24 22 24 24
24 22 25 22
25 20 25 22
26 17 26 16
1 17 1 16
2 14 2 13
2 25 2 24
2 25 1 25
2 25 2 24
2 25 1 25
7 19 3 19
8 13 7 13
11 5 11 3
11 14 11 15
12 5 12 3
12 5 13 5
13 5 13 6
13 7 13 9
13 9 13 11
15 12 15 13
16 11 16 13
16 11 16 13
16 13 16 14
17 23 16 23
18 18 18 24
19 23 21 23
21 12 21 13
21 12 26 12
22 13 22 14
22 13 24 13
22 13 22 14
22 13 24 13
22 14 22 15
22 14 19 14
22 14 27 14
22 14 22 15
24 20 24 22
25 13 26 13
25 17 25 16
25 17 25 16
26 12 26 3
26 12 26 13
27 14 27 9
27 14 27 18
27 14 28 14
27 14 28 14
2 13 2 8
3 19 2 19
7 13 7 8
11 3 12 3
15 13 15 14
16 23 16 22
16 23 14 23
16 23 14 23
2 8 2 6
2 8 6 8
3 19 2 19
7 8 6 8
14 21 13 21
2 19 2 20
2 19 1 19
6 16 1 16
14 21 13 21
1 20 1 24
1 20 2 20
1 20 2 20
2 20 2 21
2 21 2 23
2 21 13 21
2 21 2 23
2 23 2 24
2 23 4 23
3 22 4 22
3 24 6 24
4 22 6 22
6 16 1 16
6 22 4 22
6 22 7 22
7 23 10 23
8 22 10 22
10 22 10 23
18 24 18 25
18 24 22 24
1 9 1 6
18 24 18 25
18 24 22 24
1 9 1 6
1 6 1 4
1 6 2 6

6767

3 - 5 = = = = = = = = = = = = = = = 6 = = = = = = = 6 5 2 
4 1 | 1 1 - 4 = = 2             3 1 ǁ 1 3 - - - 1 2 ǁ   1 
    | 5 5   5 - 4 - - - - 3 1   ǁ 1 ǁ 4 5 4 = 4 3 4 ǁ 3 1 
    | 4 5 2   1 ǁ         |     ǁ 3 ǁ 3 | | 1 | 3 1 ǁ 2   
    | 3 1   5 3 ǁ         1     ǁ | ǁ | | | 3 2 ǁ 2 ǁ 3   
3 3 | ǁ     3 2 ǁ               ǁ | ǁ | | | ǁ 1 ǁ | 3 4 4 
1   | 6 = = = = 7 - - - - - - - 5 | ǁ | | | 4 - 7 7 = 5 4 
2 2 | ǁ 1 - - - 5 - - - - 3     ǁ | ǁ 3 | | 1 2 | |     1 
    | 4 - 5 = = 6 = = 3 2 2     ǁ | ǁ ǁ | | 1 ǁ | | 3 5 2 
    | 1 2 5 2   |       2       ǁ | ǁ ǁ | | | ǁ | |   3 2 
4   5           |               7 5 ǁ ǁ | | 3 5 | | 3 3 2 
5 3 | 3 = 6 = = 4 - - - - - 2 1 ǁ | ǁ ǁ | |   | | |       
4 2 | 5 = 7 - - - - - - - - 3   ǁ | ǁ ǁ | |   | | |       
3 2 | ǁ 2 5 1 1 - 2 - 3 1 1 5 3 ǁ | ǁ 4 | 3   2 | | 1     
4 - 7 8 = = = = = = = 6 = = 2 2 ǁ 1 ǁ 2 | 3   2 | 1       
4 1 4 | 1 - 4 4 4 2 1 | 1 3 2 1 ǁ 2 ǁ   | 1   ǁ | 1       
4   3 4 4 = 6 3 |     3 = 4 5 2 2 6 8 = 6 = 3 4 | 5 3     
4 4 - 5 |       4 = 3 1   2 = = = 4 | 2 5 - 1 1 | ǁ 1     
  3   4 |       |                 | 6 = = = = = 7 5 3   2 
  ǁ     |     2 2 4 - - 1 1 3 = 4 1   2 = = 3 2 ǁ         
  4     |     ǁ   ǁ         | 1 4 4 - 1     | ǁ ǁ 2 1     
  3 2   | 1 - 6 = 7 = = 6 2 | | | ǁ   4 = = 7 4 ǁ 3 2     
  2 1   |     | 1 |     ǁ 4 6 5 7 6   ǁ     ǁ 2 4 1 3     
  ǁ     |     | | |     ǁ ǁ | 2 | 3   ǁ     ǁ 1 4 1 |     
  ǁ     1     4 4 5 2 1 ǁ 2 | 4 5 4   ǁ 2 = 7 - 5 - 5     
  ǁ           2 4 2     ǁ 1 | 4 5 5 = 6 4 - 3 1     2     
  4 - 5 - - - - - - - - 4 2 | 2 5 4 = 4 3                 
3 2 1 2 2 = = 4 = 3 - - - - 6 = = = 5 - - - - - 5     6 2 
2                 3         3 3     3           3     4 1 
