29 29
4 0 3 1 2 1 2 2 2 6 0 4 0 0 0 0 0 4 2 2 0 6 0 0 0 0 0 6 2 
6 4 0 0 2 1 0 0 1 0 0 0 0 0 0 2 3 4 0 3 1 5 1 2 0 4 2 0 1 
2 2 0 0 0 2 5 0 0 0 0 0 0 0 0 0 2 1 1 2 0 1 2 0 1 0 0 0 0 
2 0 4 4 0 1 0 0 0 0 0 0 0 2 0 7 0 0 4 0 0 0 6 0 0 0 0 0 0 
0 0 0 2 0 0 0 3 4 8 2 0 1 4 0 4 0 0 3 2 2 0 0 0 0 0 0 0 0 
0 0 0 0 0 0 0 0 0 3 2 0 0 0 3 4 0 0 2 1 0 0 0 0 0 1 0 0 0 
0 1 5 0 4 2 0 0 0 0 1 0 0 0 3 0 0 0 0 0 0 0 0 0 0 0 2 0 0 
0 4 5 0 0 0 5 0 4 1 0 0 2 5 1 4 0 0 0 0 4 0 5 6 3 2 0 0 0 
0 2 1 0 0 0 2 0 4 2 0 0 0 1 0 2 0 0 0 0 4 3 0 4 2 0 0 0 0 
0 4 4 0 0 0 0 5 0 0 0 6 0 0 0 0 0 0 4 0 2 0 0 2 2 0 0 0 0 
0 4 3 2 3 0 3 3 3 1 0 0 3 0 0 0 3 0 4 0 1 1 0 0 0 0 4 8 5 
0 2 2 1 4 1 0 3 5 4 2 0 1 1 2 0 3 0 4 4 2 0 0 0 0 0 1 0 0 
0 2 7 0 0 0 5 0 0 0 0 7 0 0 0 0 0 0 0 0 0 0 7 6 4 0 0 0 0 
0 2 0 0 0 0 0 3 0 0 3 0 0 0 0 0 0 0 0 0 0 0 0 4 0 7 3 0 0 
0 0 0 3 5 1 0 2 1 1 0 0 0 0 0 0 0 0 0 0 0 0 0 0 2 0 0 0 0 
0 0 0 1 0 2 0 3 0 3 0 0 0 0 3 0 0 0 0 0 5 2 0 6 4 0 0 0 3 
0 0 0 2 0 0 0 0 2 0 3 0 0 0 0 1 0 0 0 0 0 0 0 4 2 0 0 0 1 
0 3 0 0 5 4 0 4 3 0 0 0 3 0 2 0 1 2 0 0 0 0 0 2 1 0 0 0 0 
0 0 0 0 0 0 0 1 0 0 0 0 2 1 0 0 0 0 0 0 0 0 0 0 0 0 3 0 2 
0 0 0 0 0 0 0 2 0 7 4 0 1 5 0 6 0 7 0 0 7 0 7 8 3 0 0 0 0 
0 0 0 0 0 0 4 2 1 0 1 0 2 0 1 0 0 4 2 0 0 1 2 0 2 0 3 0 3 
0 2 6 5 5 2 3 0 0 3 0 0 0 0 0 1 1 0 0 0 4 1 0 3 5 0 3 0 0 
0 2 6 0 0 0 0 0 4 5 2 0 4 5 3 3 0 0 0 0 0 0 0 0 4 0 2 0 0 
0 1 4 0 4 2 1 0 2 4 2 0 1 2 1 1 0 0 0 0 0 0 0 0 0 0 0 0 0 
4 0 0 0 0 0 0 0 0 0 0 5 0 0 0 0 0 0 0 0 0 0 0 0 0 7 0 7 5 
3 0 0 0 3 0 0 0 0 3 1 0 0 0 0 0 1 0 0 0 0 0 0 4 2 0 1 2 0 
3 0 0 0 0 0 0 0 0 0 0 6 0 0 0 0 0 0 0 0 0 0 0 2 3 5 0 1 2 
2 1 1 0 0 0 0 0 0 0 0 5 0 0 0 0 0 0 0 0 2 0 4 1 3 0 0 5 2 
2 0 0 0 0 0 3 0 0 0 0 3 0 0 0 0 0 0 0 3 2 1 5 3 3 2 1 4 2 
300 274
0 0 0 2
0 0 1 0
0 0 0 2
0 0 1 0
0 9 0 8
0 9 0 11
0 9 4 9
0 9 0 8
0 9 0 11
0 9 4 9
0 11 0 17
0 11 9 11
0 17 0 18
0 17 1 17
0 17 0 18
0 21 0 19
0 21 0 27
0 21 1 21
0 21 0 19
0 21 0 27
0 21 1 21
0 27 0 28
0 27 10 27
1 0 1 1
1 0 2 0
1 21 1 20
1 21 1 22
1 21 2 21
2 6 2 5
2 6 0 6
2 6 7 6
3 15 3 13
3 15 3 18
3 15 1 15
3 15 4 15
3 22 3 18
3 22 2 22
3 22 7 22
3 22 3 18
3 22 2 22
3 22 7 22
4 9 4 8
4 9 4 10
4 9 5 9
9 11 9 7
9 11 9 18
9 11 12 11
9 11 9 7
9 11 9 18
10 27 10 26
10 27 10 28
10 27 0 27
10 27 24 27
10 28 10 27
10 28 1 28
10 28 15 28
12 2 12 1
12 2 12 6
12 2 11 2
12 2 21 2
12 11 12 6
12 11 12 22
12 11 24 11
13 25 13 23
13 25 13 26
13 25 7 25
13 25 24 25
14 4 14 3
14 4 14 5
14 4 17 4
14 24 15 24
15 20 15 14
15 20 15 21
15 20 19 20
15 28 10 28
15 28 16 28
16 15 19 15
18 28 20 28
19 9 19 7
19 9 19 10
19 9 15 9
19 9 21 9
19 15 19 13
19 15 19 17
19 15 21 15
19 22 19 20
19 22 19 23
19 22 12 22
19 22 20 22
19 23 19 22
19 23 19 24
19 23 17 23
19 23 21 23
19 23 19 22
19 23 19 24
19 23 17 23
20 17 20 18
20 17 19 17
20 17 20 18
20 17 19 17
21 3 21 2
21 3 21 4
21 3 16 3
21 24 21 23
21 24 20 24
21 24 22 24
24 28 24 27
24 28 20 28
24 28 26 28
28 22 28 21
28 22 28 23
28 22 27 22
0 27 0 28
1 0 1 1
1 0 2 0
1 1 1 4
1 1 2 1
1 8 4 8
2 24 7 24
4 9 4 8
4 9 4 10
4 9 5 9
5 10 5 9
5 10 6 10
10 27 10 26
10 27 24 27
11 8 11 7
11 8 11 9
11 8 10 8
11 10 11 9
12 11 12 6
12 11 12 22
12 11 24 11
12 24 12 23
12 24 9 24
12 24 12 23
12 24 9 24
14 24 15 24
15 21 15 20
15 23 15 24
15 23 13 23
15 23 16 23
15 23 15 24
15 23 13 23
15 23 16 23
16 23 16 24
17 16 17 17
17 17 19 17
18 28 20 28
19 15 19 13
19 15 19 17
19 17 19 20
19 17 19 20
24 28 24 27
24 28 26 28
28 22 28 23
28 22 27 22
0 2 0 3
0 4 0 5
0 4 1 4
1 5 2 5
2 1 6 1
3 0 24 0
3 2 3 3
3 2 6 2
3 2 3 3
3 2 6 2
3 3 3 5
3 3 4 3
4 3 10 3
4 8 4 7
6 2 7 2
6 4 6 5
6 4 10 4
6 4 6 5
6 4 10 4
7 1 7 2
7 1 8 1
7 1 7 2
7 1 8 1
9 1 9 2
9 1 10 1
9 1 9 2
9 1 10 1
9 2 8 2
9 2 10 2
10 1 10 2
10 1 11 1
10 26 6 26
10 26 11 26
11 10 11 9
12 23 12 22
12 23 9 23
12 23 13 23
12 23 12 22
13 25 13 26
13 25 7 25
13 25 24 25
13 26 18 26
16 23 16 24
17 24 19 24
18 26 20 26
20 24 21 24
24 25 24 11
24 25 24 27
24 25 26 25
27 22 27 20
27 22 27 23
28 23 28 24
3 0 24 0
5 25 1 25
6 2 7 2
6 26 1 26
7 2 6 2
11 9 11 8
18 26 20 26
20 26 21 26
21 16 21 20
21 20 21 21
21 20 19 20
21 20 19 20
21 23 21 24
21 26 22 26
22 24 22 15
22 26 21 26
24 0 24 11
24 0 25 0
1 25 1 23
1 25 1 26
1 25 1 23
7 23 7 22
7 23 7 24
7 23 8 23
7 23 7 22
7 23 7 24
7 23 8 23
8 24 8 23
8 24 8 23
9 23 9 20
10 9 10 8
10 21 10 20
11 20 11 19
12 22 19 22
19 20 15 20
20 21 20 22
22 24 22 15
7 22 7 20
8 21 8 20
8 21 8 20
11 20 11 19
15 14 17 14
8 21 8 20
11 19 11 18
11 19 5 19
15 14 17 14
17 12 18 12
7 20 4 20
7 20 8 20
7 20 4 20
9 18 5 18
9 18 10 18
10 18 10 16
10 18 11 18
10 18 10 16
11 18 11 16
17 12 18 12
18 13 19 13
4 19 4 18
11 18 11 16
4 19 4 18
11 14 11 13
11 14 11 16
10 16 10 12
11 12 10 12

3865

4 = 3 1 2 1 2 2 2 6 = 4 - - - - - 4 2 2 = 6 = = = = = 6 2 
6 4 - - 2 1 |   1 ǁ   |       2 3 4   3 1 5 1 2 = 4 2 ǁ 1 
2 2       2 5   | ǁ   |       | 2 1 1 2   1 2   1 | | ǁ | 
2 | 4 4 - 1 |   | ǁ   |   2 - 7 - - 4 = = = 6   | | | ǁ | 
ǁ | ǁ 2     | 3 4 8 2 | 1 4   4     3 2 2   ǁ   | | | ǁ | 
ǁ | ǁ |     |     3 2 |     3 4     2 1 ǁ   ǁ   | 1 | ǁ | 
ǁ 1 5 | 4 2 |       1 |     3       | | ǁ   ǁ   |   2 ǁ | 
ǁ 4 5 | ǁ   5   4 1   | 2 5 1 4     | | 4 - 5 6 3 2 | ǁ | 
ǁ 2 1 | ǁ   2   4 2   |   1   2     | | 4 3   4 2 ǁ | ǁ | 
ǁ 4 4 | ǁ     5 = = = 6 = = = = = = 4 | 2 - - 2 2 ǁ | ǁ | 
ǁ 4 3 2 3   3 3 3 1   | 3 - - - 3 = 4 | 1 1   | ǁ ǁ 4 8 5 
ǁ 2 2 1 4 1   3 5 4 2 | 1 1 2 - 3 = 4 4 2     | ǁ ǁ 1 ǁ ǁ 
ǁ 2 7 - - - 5 = = = = 7 = = = = = = = = = = 7 6 4 ǁ   ǁ ǁ 
ǁ 2 |         3     3 ǁ                     ǁ 4 - 7 3 ǁ ǁ 
ǁ   | 3 5 1   2 1 1   ǁ                     ǁ ǁ 2 ǁ | ǁ ǁ 
ǁ   | 1 | 2   3   3   ǁ     3 - - - - - 5 2 ǁ 6 4 ǁ | ǁ 3 
ǁ   | 2 |       2 | 3 ǁ     ǁ 1         ǁ   ǁ 4 2 ǁ | ǁ 1 
ǁ 3 | | 5 4   4 3 |   ǁ 3   2 | 1 2     ǁ   ǁ 2 1 ǁ | ǁ   
ǁ   | |       1   |   ǁ 2 1   |   |     ǁ   ǁ ǁ | ǁ 3 ǁ 2 
ǁ   | |       2 - 7 4 ǁ 1 5 = 6 = 7 = = 7 - 7 8 3 ǁ ǁ ǁ ǁ 
ǁ   | |     4 2 1 | 1 ǁ 2   1 |   4 2   ǁ 1 2 | 2 ǁ 3 ǁ 3 
ǁ 2 6 5 5 2 3     3   ǁ       1 1 - - - 4 1   3 5 ǁ 3 ǁ | 
ǁ 2 6           4 5 2 ǁ 4 5 3 3 = = = = = = = = 4 ǁ 2 ǁ | 
ǁ 1 4   4 2 1   2 4 2 ǁ 1 2 1 1                   ǁ   ǁ | 
4 - - - - - - - - - - 5 - - - - - - - - - - - - - 7 - 7 5 
3       3         3 1           1             4 2 | 1 2 ǁ 
3                     6                       2 3 5   1 2 
2 1 1                 5                 2 - 4 1 3     5 2 
2           3         3               3 2 1 5 3 3 2 1 4 2 
