29 29
2 5 3 3 2 2 4 0 0 0 0 0 4 3 0 0 0 0 0 0 0 2 1 4 0 5 1 2 2 
1 0 4 0 2 0 3 1 0 0 0 0 0 0 0 0 0 3 0 0 1 0 0 2 0 0 2 4 3 
0 0 0 0 3 2 0 0 0 0 0 0 0 0 0 0 0 0 0 0 0 0 0 0 0 0 0 0 0 
0 0 3 0 4 0 6 5 0 0 0 0 5 0 2 0 0 6 0 0 0 6 0 0 0 7 4 4 4 
0 0 1 0 4 2 0 3 3 0 4 2 0 0 0 0 2 0 0 0 0 5 0 1 0 0 2 1 0 
4 8 0 7 0 0 6 0 0 0 0 0 6 7 0 0 0 0 0 0 0 0 0 0 0 7 4 4 6 
0 0 2 7 3 2 0 2 2 3 1 2 0 0 0 0 0 2 0 0 4 0 0 0 0 0 1 2 0 
0 0 1 5 1 0 0 0 0 0 1 0 0 0 0 2 0 0 0 0 0 0 0 0 0 0 0 1 0 
0 0 2 4 4 2 0 4 8 8 4 0 0 0 2 0 2 0 0 0 5 0 0 0 0 6 2 0 0 
0 0 0 0 0 0 0 0 0 0 0 0 0 0 0 5 0 1 0 0 0 0 0 0 0 0 2 0 0 
0 0 4 0 0 0 6 0 5 0 0 0 0 0 0 0 1 0 0 0 0 2 0 0 4 0 0 0 0 
0 0 1 2 3 2 0 2 0 0 0 0 0 0 0 0 0 0 0 0 0 0 0 0 0 0 6 5 0 
1 0 4 0 5 4 0 0 0 0 0 0 0 0 5 6 5 2 0 6 0 0 0 0 6 2 0 0 0 
2 0 2 0 0 0 0 4 0 0 2 0 0 0 2 0 2 0 0 4 0 0 2 0 0 2 4 0 0 
5 7 0 0 7 5 0 0 0 0 0 0 0 5 0 5 0 0 0 0 0 0 0 0 6 2 0 0 0 
0 0 0 0 0 0 5 3 0 0 3 0 0 0 4 0 5 0 0 0 0 3 0 0 0 0 0 8 4 
0 0 0 0 0 2 4 2 0 0 2 0 0 0 4 2 2 3 2 4 0 6 0 0 4 0 0 0 2 
0 4 2 0 0 1 2 2 0 4 2 0 0 6 0 0 0 4 1 4 2 0 0 0 2 0 0 0 0 
4 2 0 0 8 0 6 4 0 2 0 0 0 0 2 0 6 0 0 0 0 7 0 0 0 0 0 7 4 
0 2 2 0 4 2 0 1 0 1 0 0 0 0 2 0 5 4 6 0 0 8 0 0 0 5 2 0 2 
0 0 4 0 6 5 0 0 0 3 3 0 0 0 2 0 1 0 0 1 1 0 3 2 0 0 1 0 0 
0 0 5 2 0 1 4 4 0 0 0 0 0 2 0 0 0 2 0 0 0 0 3 6 0 7 5 0 0 
0 0 3 2 0 2 0 4 4 7 4 4 0 1 0 0 0 0 5 2 2 7 2 0 0 0 2 0 3 
6 4 1 0 7 0 0 0 0 8 5 2 0 0 0 0 4 0 8 0 2 2 0 0 2 0 2 0 0 
2 4 0 0 8 0 3 1 0 0 2 3 0 0 0 0 2 0 2 0 0 0 0 0 0 0 0 0 0 
1 4 4 0 5 0 3 2 0 4 2 2 0 4 8 0 0 0 0 0 0 0 0 4 6 8 6 0 0 
0 2 2 0 2 0 6 4 0 4 6 2 0 1 4 0 2 0 0 0 0 0 0 0 2 2 2 0 0 
3 0 0 0 0 0 0 0 0 0 0 0 8 0 0 0 0 0 0 0 0 0 0 0 0 0 0 8 3 
1 0 0 0 0 0 0 0 0 0 0 0 4 0 0 0 0 0 1 2 4 0 0 0 0 0 0 6 2 
300 479
0 1 0 0
0 1 0 2
0 1 5 1
0 25 0 23
0 25 0 26
0 25 3 25
5 0 5 1
5 0 1 0
5 0 12 0
5 0 5 1
5 1 5 3
5 1 0 1
5 1 14 1
5 13 5 12
5 13 5 25
5 13 0 13
5 13 14 13
5 28 5 27
5 28 3 28
5 28 15 28
5 28 5 27
5 28 3 28
5 28 15 28
6 3 6 2
6 3 6 4
6 3 5 3
6 3 7 3
8 8 8 7
8 8 8 9
8 8 6 8
8 8 10 8
8 8 8 7
8 8 8 9
8 8 6 8
8 8 10 8
8 9 8 10
8 9 6 9
8 9 17 9
9 15 9 17
9 15 7 15
9 15 12 15
10 24 10 21
10 24 12 24
10 24 10 21
10 24 12 24
11 26 11 27
11 26 9 26
11 26 13 26
11 26 11 27
11 26 9 26
11 26 13 26
11 27 7 27
11 27 15 27
11 27 15 27
12 14 12 15
12 14 8 14
12 14 13 14
12 19 12 17
12 19 12 24
12 19 13 19
12 19 12 17
12 19 12 24
12 19 13 19
13 0 14 0
13 26 13 25
13 26 19 26
14 4 14 1
14 4 14 5
14 4 12 4
14 4 18 4
15 6 15 7
15 6 10 6
15 6 16 6
15 27 15 28
15 27 18 27
15 27 15 28
15 27 18 27
16 28 18 28
18 4 18 1
18 4 18 6
18 4 14 4
18 4 19 4
19 21 19 18
19 21 19 25
19 21 18 21
19 21 22 21
19 21 19 18
19 21 19 25
19 21 18 21
19 21 22 21
21 2 21 3
21 2 20 2
21 2 22 2
21 25 21 23
21 25 21 26
21 25 19 25
21 25 25 25
21 26 21 25
21 26 20 26
21 26 22 26
22 9 22 8
22 9 22 10
22 9 20 9
22 9 23 9
22 21 22 20
22 21 22 22
22 21 23 21
23 0 23 1
23 0 18 0
23 0 24 0
23 0 23 1
23 0 18 0
23 0 24 0
23 4 23 2
23 4 23 9
23 4 20 4
23 4 24 4
23 9 23 4
23 9 23 10
23 9 22 9
23 9 25 9
23 18 23 16
23 18 23 20
23 18 22 18
23 18 24 18
23 18 23 16
23 18 23 20
23 18 22 18
23 18 24 18
24 4 24 1
24 4 24 6
24 4 23 4
24 4 25 4
24 4 24 1
24 4 24 6
24 4 23 4
25 14 25 13
25 14 25 23
25 14 20 14
25 14 26 14
25 14 25 13
25 14 25 23
25 14 20 14
25 14 26 14
25 23 25 24
25 23 21 23
25 24 25 25
25 24 23 24
25 24 26 24
25 24 25 25
25 24 23 24
25 25 25 26
25 25 21 25
25 25 26 25
25 26 25 25
25 26 23 26
25 26 26 26
25 26 25 25
25 26 23 26
26 6 26 4
26 6 26 7
26 6 25 6
26 6 26 4
26 6 26 7
26 6 25 6
26 7 26 9
26 7 25 7
26 9 26 10
26 9 25 9
26 9 26 10
26 10 26 11
26 10 25 10
26 10 26 11
26 10 25 10
26 14 26 13
26 14 26 16
26 16 26 24
26 25 26 26
27 12 27 0
27 12 27 27
27 12 5 12
27 12 28 12
27 12 27 0
27 12 27 27
27 12 5 12
27 12 28 12
27 27 27 28
27 27 18 27
27 27 28 27
28 12 28 0
28 12 28 18
28 19 28 20
28 20 28 19
28 20 28 27
28 20 28 27
28 27 28 28
28 27 27 27
0 0 0 1
0 25 0 23
0 25 3 25
3 12 3 7
3 12 0 12
3 12 5 12
3 14 3 17
3 17 3 14
3 17 3 21
3 17 1 17
3 17 3 21
3 17 1 17
3 21 3 25
3 21 0 21
3 21 4 21
3 21 3 25
3 28 3 27
3 28 1 28
4 16 4 21
5 1 5 3
5 1 14 1
5 12 5 6
5 12 5 13
6 9 6 10
6 9 8 9
6 11 22 11
6 17 6 20
7 10 8 10
7 15 9 15
8 9 8 10
8 9 17 9
8 10 13 10
8 14 12 14
8 16 8 20
9 15 12 15
10 16 12 16
12 15 12 14
12 15 12 16
12 15 14 15
12 16 13 16
13 0 14 0
13 2 12 2
13 7 11 7
13 7 15 7
13 7 11 7
13 7 15 7
13 10 15 10
13 14 15 14
14 13 5 13
14 13 17 13
14 13 17 13
14 15 14 24
14 15 16 15
14 15 14 24
14 15 16 15
14 24 14 25
14 24 12 24
14 24 16 24
14 24 14 25
15 6 10 6
15 6 16 6
15 10 16 10
15 14 16 14
16 14 15 14
16 14 18 14
16 14 15 14
16 24 16 21
16 24 17 24
16 24 16 21
16 28 18 28
17 2 17 1
17 13 21 13
17 24 17 20
18 0 18 1
18 0 14 0
18 21 18 16
18 27 18 28
18 27 27 27
18 27 18 28
19 18 19 17
19 18 22 18
19 18 19 17
19 18 22 18
19 25 19 26
19 25 21 25
19 28 22 28
20 4 20 2
20 4 20 5
20 4 19 4
20 4 20 2
20 4 20 5
21 17 19 17
21 23 21 22
21 23 20 23
21 26 22 26
22 18 22 19
23 1 19 1
23 1 24 1
23 9 23 10
23 9 22 9
23 16 20 16
23 16 24 16
23 21 22 21
24 1 25 1
25 4 25 2
25 4 25 6
25 4 25 2
25 9 25 7
25 11 24 11
25 13 22 13
27 0 25 0
27 27 27 28
28 27 28 28
0 23 0 22
0 23 1 23
1 17 1 20
4 10 4 8
4 10 4 11
4 10 4 8
4 10 4 11
4 16 4 21
4 21 4 23
5 6 5 3
5 6 3 6
5 6 10 6
5 6 5 3
5 6 3 6
6 7 8 7
6 11 22 11
6 17 6 20
6 20 6 26
6 20 8 20
6 27 5 27
6 27 5 27
8 7 6 7
8 16 8 20
8 20 8 25
8 25 8 20
8 25 8 26
8 25 12 25
8 25 8 26
8 25 12 25
12 16 13 16
13 2 12 2
13 19 13 22
13 22 13 19
14 0 14 1
14 0 14 1
15 10 16 10
16 21 16 19
16 21 15 21
16 21 16 19
16 21 15 21
17 1 17 2
17 1 14 1
17 1 14 1
17 13 21 13
17 17 17 18
17 17 16 17
17 17 16 17
17 17 16 17
17 19 17 20
17 19 16 19
17 19 16 19
18 21 18 16
19 1 19 2
19 16 19 14
19 16 19 17
19 16 18 16
19 28 22 28
20 2 19 2
21 2 21 3
21 2 22 2
21 23 21 22
21 23 20 23
22 2 22 3
22 11 22 10
22 11 23 11
22 28 27 28
24 6 24 7
25 1 25 2
25 1 26 1
25 1 25 2
25 11 24 11
26 1 26 2
0 21 0 13
3 6 3 4
3 6 3 7
3 6 1 6
3 6 3 4
4 5 4 4
4 8 4 7
5 25 5 13
5 25 5 26
5 25 3 25
5 25 5 26
5 25 3 25
5 25 5 26
5 26 4 26
12 2 12 4
12 2 11 2
14 4 14 5
14 4 12 4
15 21 15 16
18 16 18 14
18 16 16 16
18 16 19 16
19 4 19 5
19 4 18 4
19 14 19 16
20 22 21 22
22 22 22 21
0 13 0 12
3 25 3 26
4 5 4 4
4 7 3 7
10 2 10 6
10 2 8 2
10 2 10 6
10 2 8 2
10 6 10 8
10 8 22 8
11 3 11 4
15 16 16 16
17 9 17 10
17 9 18 9
17 10 20 10
18 4 18 6
18 6 18 7
18 6 17 6
18 6 21 6
18 6 18 7
18 7 17 7
18 7 19 7
18 9 19 9
19 5 20 5
20 5 21 5
21 6 21 7
21 7 21 6
21 7 22 7
21 7 21 6
22 5 22 7
22 7 22 5
22 7 22 8
22 8 22 9
22 10 20 10
22 10 23 10
0 12 0 6
0 12 3 12
3 12 3 7
4 4 4 2
4 4 3 4
4 7 3 7
5 3 6 3
8 3 8 4
8 3 7 3
8 3 8 4
8 3 7 3
8 4 8 5
8 4 7 4
8 5 6 5
11 3 11 4
20 9 20 10
0 6 0 5
0 6 1 6
0 6 0 5
1 7 1 6
2 5 2 4
3 4 3 2
5 3 6 3
6 4 6 3
6 4 6 5
7 3 7 2
2 5 2 4
3 2 1 2
3 2 1 2
1 2 1 4
1 2 0 2
2 4 1 4
0 2 0 3
0 3 0 4
0 4 0 3

3424

2 5 3 3 2 2 4 - - - - - 4 3 - - - - - - - 2 1 4 = 5 1 2 2 
1 ǁ 4 - 2   3 1         ǁ |       3 - - 1 |   2   ǁ 2 4 3 
| ǁ ǁ   3 2 |           ǁ |       ǁ       |       ǁ     | 
| ǁ 3 - 4 = 6 5 = = = = 5 | 2 = = 6 = = = 6 = = = 7 4 4 4 
| ǁ 1 - 4 2 ǁ 3 3 = 4 2 | |     2 = = = = 5 - 1   ǁ 2 1 ǁ 
4 8 = 7 = = 6 - - - - - 6 7 = = = = = = = = = = = 7 4 4 6 
| ǁ 2 7 3 2 | 2 2 3 1 2 ǁ ǁ       2 = = 4 - - - - - 1 2 ǁ 
| ǁ 1 5 1 | | ǁ ǁ ǁ 1 ǁ ǁ ǁ   2         |             1 ǁ 
| ǁ 2 4 4 2 | 4 8 8 4 ǁ ǁ ǁ 2 ǁ 2 = = = 5 = = = = 6 2 | ǁ 
| ǁ ǁ       |   ǁ ǁ | ǁ ǁ ǁ ǁ 5 - 1               ǁ 2 | ǁ 
| ǁ 4 = = = 6 - 5 ǁ | ǁ ǁ ǁ ǁ ǁ 1         2 = = 4 ǁ ǁ | ǁ 
| ǁ 1 2 3 2 ǁ 2 | ǁ | ǁ ǁ ǁ ǁ ǁ |               ǁ ǁ 6 5 ǁ 
1 ǁ 4 - 5 4 ǁ ǁ | ǁ | ǁ ǁ ǁ 5 6 5 2 = 6 = = = = 6 2 ǁ ǁ ǁ 
2 ǁ 2   ǁ   ǁ 4 | ǁ 2 ǁ ǁ ǁ 2 | 2     4 = = 2   | 2 4 ǁ ǁ 
5 7 - - 7 5 ǁ ǁ | ǁ | ǁ ǁ 5 | 5 = = = = = = = = 6 2 | ǁ ǁ 
| ǁ     ǁ   5 3 | ǁ 3 ǁ ǁ ǁ 4 ǁ 5 - - - - 3     |   | 8 4 
| ǁ     ǁ 2 4 2 | ǁ 2 ǁ ǁ ǁ 4 2 2 3 2 4 = 6 = = 4   | ǁ 2 
| 4 2   ǁ 1 2 2 | 4 2 ǁ ǁ 6 |   | 4 1 4 2 - - - 2   | ǁ ǁ 
4 2 - - 8 = 6 4 | 2 | ǁ ǁ ǁ 2 - 6 = = = = 7         | 7 4 
ǁ 2 2   4 2 | 1 | 1 | ǁ ǁ ǁ 2 = 5 4 6 = = 8 = = = 5 2 ǁ 2 
ǁ | 4 = 6 5 |   | 3 3 ǁ ǁ ǁ 2   1 | ǁ 1 1 ǁ 3 2   ǁ 1 ǁ ǁ 
ǁ | 5 2 | 1 4 4 | | | ǁ ǁ 2 ǁ   | 2 ǁ     ǁ 3 6 - 7 5 ǁ ǁ 
ǁ | 3 2 | 2 = 4 4 7 4 4 ǁ 1 ǁ   |   5 2 2 7 2 |   ǁ 2 ǁ 3 
6 4 1 - 7 = = = = 8 5 2 ǁ | ǁ   4 = 8 = 2 2   | 2 ǁ 2 ǁ | 
2 4 = = 8 = 3 1   | 2 3 ǁ | ǁ   2   2         | ǁ ǁ ǁ ǁ | 
1 4 4 = 5 - 3 2 - 4 2 2 ǁ 4 8 = = = = = = = = 4 6 8 6 ǁ | 
| 2 2   2 = 6 4 - 4 6 2 ǁ 1 4 - 2 - - - - - - - 2 2 2 ǁ | 
3 = = = = = = = = = = = 8 = = = = = = = = = = = = = = 8 3 
1 - - - - - - - - - - - 4 - - - - - 1 2 4 = = = = = = 6 2 
