29 29
2 3 1 2 0 4 3 0 0 0 0 0 0 0 0 0 0 0 0 0 0 4 4 2 0 1 0 5 2 
0 5 0 0 0 6 0 4 0 3 0 0 0 0 0 0 0 0 0 0 0 0 0 0 0 0 0 7 4 
0 0 0 0 0 0 0 3 1 1 0 0 4 0 0 0 0 0 2 2 0 3 0 4 0 4 3 0 0 
0 1 0 0 0 0 3 0 0 0 0 0 4 0 0 0 0 0 0 0 0 0 0 5 2 0 1 0 4 
0 0 0 0 0 0 1 2 4 0 1 2 0 3 0 0 0 0 2 0 2 0 0 0 0 2 0 0 2 
6 0 0 0 0 7 0 0 6 0 4 6 0 0 0 0 0 0 0 0 0 0 0 0 0 1 0 0 1 
2 1 0 4 1 0 1 0 6 0 3 4 0 0 0 1 0 0 0 0 5 0 0 7 6 2 0 0 0 
1 3 1 0 0 0 0 0 2 0 1 2 0 4 0 0 0 0 0 0 3 2 0 3 1 3 2 0 0 
3 6 0 8 0 7 0 0 0 0 0 0 6 0 0 0 0 0 0 0 0 0 0 0 0 0 0 7 5 
3 5 4 0 1 0 3 3 3 0 4 1 0 0 0 0 0 0 0 0 0 0 0 0 0 0 0 0 4 
2 2 2 0 0 0 1 0 1 0 0 1 0 2 0 0 0 0 0 0 0 3 0 0 0 0 0 0 2 
2 5 0 6 3 0 2 0 0 0 0 0 0 2 0 4 0 5 3 0 0 0 0 0 0 0 0 0 1 
1 4 1 3 2 0 0 0 1 0 5 3 0 0 0 2 1 0 1 0 0 0 0 0 0 0 0 0 2 
1 3 0 2 1 0 0 5 2 0 0 0 0 0 0 3 1 0 0 0 0 0 0 0 0 0 0 0 0 
3 0 3 0 0 7 6 0 0 0 0 0 0 5 0 7 0 5 0 0 0 4 0 0 0 2 0 0 0 
4 4 0 5 2 0 0 0 0 0 0 0 0 4 2 0 0 3 0 2 1 4 0 4 2 1 0 0 0 
2 4 2 0 0 0 0 0 0 0 0 0 0 3 0 6 0 0 0 5 0 5 0 0 0 0 0 6 5 
0 0 0 3 0 4 0 0 0 0 0 0 0 0 0 0 2 0 2 0 0 0 3 2 1 0 2 0 3 
2 0 0 4 0 2 0 0 0 0 0 0 0 0 2 0 0 0 0 0 1 0 2 0 1 2 0 0 1 
1 0 0 0 0 0 6 5 0 0 6 3 0 0 0 2 6 2 0 0 0 0 3 6 0 5 6 4 3 
2 1 0 0 0 0 0 0 0 0 0 0 0 0 0 1 4 2 0 0 0 0 0 0 0 0 2 0 0 
4 5 0 0 2 0 0 2 0 1 2 0 0 0 0 0 0 0 0 0 0 0 0 0 1 0 2 3 3 
0 0 0 0 0 0 2 2 3 0 2 2 0 4 4 2 2 0 0 6 3 0 0 0 0 0 5 5 0 
3 0 0 0 0 0 0 0 2 1 0 0 0 1 1 0 0 0 0 6 4 0 0 6 4 0 2 0 0 
0 0 1 0 0 0 0 3 0 0 0 0 5 0 0 7 0 5 0 6 6 0 2 6 4 4 0 4 0 
4 6 0 0 0 0 0 5 0 0 0 0 5 2 1 2 2 5 4 2 2 0 1 3 1 0 1 0 0 
0 0 0 0 1 0 0 0 1 0 4 0 0 0 0 0 0 0 0 0 0 4 0 0 0 4 4 0 0 
3 5 1 0 2 0 0 4 1 0 2 2 5 0 0 0 0 0 0 0 0 6 0 0 4 5 3 4 2 
2 3 3 0 0 2 0 3 0 0 2 1 3 0 0 0 0 0 0 0 1 2 2 0 4 5 0 4 1 
300 273
0 27 0 25
0 27 0 28
0 27 1 27
1 1 1 5
1 1 0 1
1 1 3 1
2 26 2 25
2 26 3 26
2 26 2 25
3 28 1 28
3 28 4 28
3 28 1 28
3 28 4 28
5 0 5 5
5 0 0 0
5 0 6 0
5 0 5 5
5 0 0 0
5 0 6 0
5 5 5 8
5 5 1 5
5 5 8 5
6 23 6 20
6 23 6 24
6 23 3 23
6 23 7 23
8 3 8 1
8 3 8 5
8 3 6 3
8 3 11 3
8 3 8 1
8 3 8 5
8 3 6 3
8 3 11 3
8 27 8 12
8 27 8 28
8 27 1 27
8 27 16 27
8 28 8 27
8 28 5 28
8 28 9 28
9 2 9 1
9 2 10 2
9 2 9 1
9 2 10 2
9 28 8 28
9 28 10 28
9 28 10 28
11 3 11 1
11 3 11 4
11 3 12 3
11 3 11 1
11 17 11 15
11 17 11 18
11 17 14 17
11 28 12 28
12 28 16 28
14 5 14 2
14 5 14 6
14 5 8 5
14 5 17 5
14 15 14 13
14 15 14 17
14 15 13 15
14 15 16 15
15 3 15 1
15 3 15 4
15 3 17 3
16 28 16 27
16 28 17 28
22 27 22 26
22 27 21 27
22 27 24 27
24 15 24 12
24 15 24 17
24 15 22 15
24 15 25 15
25 17 25 16
25 17 25 18
25 17 24 17
28 25 28 24
28 25 28 27
28 25 27 25
0 1 0 2
0 1 1 1
0 3 0 5
0 22 0 21
0 22 0 23
0 22 0 21
0 22 0 23
0 27 0 28
0 27 1 27
1 1 1 5
1 5 1 7
1 5 0 5
1 5 5 5
1 7 1 9
1 7 2 7
1 7 1 9
1 28 1 27
1 28 1 27
2 25 2 23
2 25 4 25
4 25 5 25
5 11 5 10
5 11 4 11
5 11 6 11
5 11 5 10
5 11 4 11
5 11 6 11
6 3 6 1
6 3 6 4
7 2 7 1
7 26 7 25
8 1 8 0
8 1 7 1
8 1 9 1
8 1 8 0
9 4 11 4
11 4 12 4
13 7 13 8
13 7 9 7
13 7 19 7
14 6 14 5
14 6 11 6
14 6 19 6
14 6 14 5
14 6 11 6
16 28 16 27
16 28 17 28
19 6 19 0
19 6 19 7
19 6 22 6
23 19 23 20
23 19 22 19
23 19 24 19
23 19 23 20
23 19 22 19
23 19 24 19
24 19 24 17
24 19 24 20
24 19 25 19
24 19 24 17
24 20 24 22
24 20 23 20
24 20 25 20
24 20 24 22
24 20 23 20
24 23 24 24
24 23 23 23
24 23 25 23
24 23 24 24
24 23 23 23
24 23 25 23
25 18 25 17
25 18 25 19
25 18 25 17
0 3 0 5
0 5 0 6
0 6 0 21
0 21 0 6
2 23 2 21
2 23 3 23
2 23 2 21
7 1 7 0
7 26 7 25
8 0 9 0
10 6 9 6
15 4 15 3
16 2 16 1
16 21 16 19
16 21 16 27
16 21 15 21
16 27 16 21
16 27 8 27
19 6 19 7
19 6 22 6
22 19 22 16
22 19 22 20
22 19 16 19
22 19 22 16
23 23 23 24
23 23 19 23
24 17 24 15
25 16 25 15
1 27 1 9
1 27 8 27
2 21 2 19
8 12 8 5
8 12 3 12
8 12 24 12
8 12 8 5
8 12 3 12
9 6 9 7
15 23 15 21
15 23 15 24
15 23 15 21
15 23 15 24
15 25 14 25
16 2 16 1
22 20 18 20
23 23 23 24
23 23 19 23
24 15 24 12
24 15 22 15
25 14 25 13
2 19 2 18
6 6 6 8
6 8 6 10
6 8 5 8
6 8 7 8
6 8 6 10
6 8 5 8
6 11 6 10
6 11 7 11
6 15 6 20
7 8 7 10
7 13 7 20
7 13 4 13
7 13 7 20
7 13 4 13
9 6 9 7
14 25 14 21
16 1 16 0
16 1 15 1
19 23 19 22
19 23 19 25
19 23 17 23
19 23 19 22
25 13 25 12
4 13 4 18
5 8 5 5
5 8 5 10
5 8 4 8
5 10 4 10
8 5 14 5
17 5 17 3
17 5 18 5
17 5 17 3
18 3 18 0
18 3 18 5
18 3 18 0
19 22 18 22
4 8 4 7
4 8 2 8
4 8 4 7
15 3 15 1
16 0 15 0
18 22 17 22
2 9 2 12
2 12 2 18
2 12 3 12
2 12 3 12
3 6 4 6
3 23 3 24
3 23 6 23
3 23 3 24
4 18 4 20
4 20 6 20
6 24 6 23
6 24 6 25
6 24 7 24
6 24 6 23
6 24 6 25
7 23 7 21
15 0 15 1
15 0 14 0
15 0 14 0
17 22 17 23
6 20 7 20
7 21 7 23
14 2 14 0
14 2 12 2

3409

2 3 1 2 = 4 3 = = = = = = = = = = = = = = 4 4 2   1 - 5 2 
ǁ 5 = = = 6 - 4 = 3 - - - - - - - - - - - - - - - - - 7 4 
ǁ |       ǁ   3 1 1 - - 4 - - - - - 2 2 - 3 = 4 - 4 3 ǁ ǁ 
ǁ 1       ǁ 3   |       4                     5 2 | 1 ǁ 4 
ǁ         ǁ 1 2 4   1 2 ǁ 3 - - - - 2 - 2     ǁ   2   ǁ 2 
6 = = = = 7 = = 6 - 4 6 ǁ ǁ             |     ǁ   1   ǁ 1 
2 1 - 4 1 | 1 - 6 = 3 4 ǁ ǁ   1 - - - - 5 - - 7 6 2   ǁ | 
1 3 1 ǁ   |     2 - 1 2 ǁ 4 = = = = = = 3 2 = 3 1 3 2 ǁ | 
3 6 = 8 = 7 = = = = = = 6 - - - - - - - - - - - - - - 7 5 
3 5 4 ǁ 1 ǁ 3 3 3   4 1 |                             ǁ 4 
2 2 2 ǁ | ǁ 1 | 1     1 | 2               3           ǁ 2 
2 5 = 6 3 ǁ 2 |         | 2   4 - 5 3                 ǁ 1 
1 4 1 3 2 ǁ ǁ | 1   5 3 |     2 1 | 1                 ǁ 2 
1 3 | 2 1 ǁ ǁ 5 2       |     3 1 |                   ǁ | 
3 - 3 - - 7 6 |         | 5 - 7 - 5       4 - - - 2   ǁ | 
4 4 = 5 2 | | |         | 4 2 |   3   2 1 4 = 4 2 1   ǁ | 
2 4 2 |   | | |         | 3   6       5 - 5 = = = = = 6 5 
      3 = 4 | |         |       2   2 |     3 2 1   2   3 
2 = = 4 - 2 | |         |   2         | 1   2 | 1 2     1 
1 - - - - - 6 5     6 3 |     2 6 2   | |   3 6 - 5 6 4 3 
2 1         ǁ           |     1 4 2   | |     ǁ     2     
4 5     2   ǁ 2   1 2   |             | |     ǁ 1   2 3 3 
            2 2 3   2 2 | 4 4 2 2 = = 6 3     ǁ     5 5   
3               2 1     | 1 1 ǁ       6 4     6 4   2 |   
    1         3         5 = = 7 = 5 = 6 6 = 2 6 4 4   4   
4 6           5         5 2 1 2 2 5 4 2 2   1 3 1   1     
        1       1   4                     4       4 4     
3 5 1   2     4 1   2 2 5                 6     4 5 3 4 2 
2 3 3     2   3     2 1 3               1 2 2   4 5 - 4 1 
