29 29
1 1 0 4 0 3 3 0 5 0 0 0 4 3 0 0 0 0 0 0 0 0 0 0 4 0 0 5 4 
0 0 0 2 0 0 4 0 6 2 0 0 0 4 0 0 3 0 0 0 0 3 4 2 0 3 2 3 0 
4 0 0 0 0 6 0 0 0 0 0 0 7 0 0 0 0 0 0 0 0 0 0 0 5 4 0 7 4 
0 2 0 6 4 0 4 4 0 5 6 4 0 1 2 0 6 6 3 5 4 4 4 2 0 0 0 0 0 
0 3 0 8 4 0 5 4 0 5 5 2 0 4 0 4 0 2 0 2 0 2 0 0 0 0 0 0 0 
0 3 2 0 1 0 0 0 0 0 0 2 0 0 1 0 5 0 0 0 6 0 5 0 0 0 0 0 0 
0 0 0 0 0 0 0 0 0 0 0 0 0 0 2 0 5 5 3 3 6 3 0 0 0 0 0 0 0 
0 0 0 0 0 0 0 0 0 0 0 0 0 0 0 0 2 3 3 1 3 3 0 0 0 0 0 0 0 
0 0 0 0 2 0 6 6 3 0 0 0 0 0 5 8 0 0 0 0 0 0 7 6 0 0 0 0 0 
0 0 0 4 0 0 2 3 2 0 0 0 0 0 0 0 0 0 0 1 2 0 0 0 0 0 0 0 0 
0 0 0 0 0 0 1 2 0 0 0 0 0 0 2 0 0 0 2 0 0 0 0 0 0 0 2 3 0 
0 5 6 8 5 0 0 0 0 0 0 0 0 0 1 0 1 0 0 2 0 2 0 0 0 0 5 3 0 
0 0 0 4 4 0 0 0 0 0 0 0 0 0 2 0 0 0 0 0 0 0 0 0 0 0 0 0 0 
0 4 0 0 0 0 5 0 0 7 7 6 0 0 0 0 4 0 7 4 0 0 0 0 0 0 0 0 0 
0 2 0 0 4 0 0 0 0 0 0 4 0 0 3 0 0 0 0 0 0 0 0 0 0 0 0 0 0 
0 0 0 0 0 0 2 0 0 0 0 4 0 0 0 0 1 0 0 0 0 0 0 0 0 0 3 0 0 
6 0 7 8 6 0 1 0 0 0 0 0 0 2 3 0 0 0 0 4 8 5 0 0 0 0 3 0 0 
0 1 4 0 0 0 5 6 2 0 3 5 0 4 0 7 0 0 7 3 4 0 0 0 0 0 0 0 0 
0 0 0 0 0 0 0 0 0 0 2 5 0 0 2 0 4 6 6 3 2 1 0 4 0 0 3 0 0 
0 0 4 0 2 0 0 0 0 0 2 3 0 4 4 0 4 0 3 4 2 0 0 2 0 0 0 0 0 
4 0 4 0 2 0 0 0 0 0 0 0 0 3 1 0 4 5 0 0 0 0 6 0 6 6 7 4 0 
0 0 4 0 4 0 0 0 0 0 0 0 0 5 0 4 4 4 3 4 5 3 0 2 0 0 0 2 0 
4 0 0 3 0 0 0 0 0 0 0 0 0 2 3 3 1 0 2 0 2 0 0 5 5 0 0 3 0 
4 0 4 4 3 0 3 5 0 6 0 0 8 0 0 0 0 6 0 4 3 2 0 4 0 0 0 5 3 
5 6 0 0 0 8 0 0 0 0 3 1 0 0 1 0 0 5 2 3 4 1 0 4 0 0 0 3 0 
4 8 4 2 3 8 4 0 0 0 0 0 6 0 0 0 0 0 0 5 5 3 0 4 5 0 5 4 4 
1 0 3 0 4 3 1 2 4 0 0 0 7 0 2 3 3 0 4 5 2 1 0 3 4 0 4 2 0 
0 0 2 0 4 0 4 4 3 2 0 0 6 0 0 6 2 1 0 0 0 0 7 6 2 6 0 5 5 
3 6 0 5 0 0 0 0 0 0 0 0 0 0 0 0 0 0 0 0 0 0 4 4 2 4 2 3 4 
300 506
0 8 0 6
0 8 0 12
0 8 1 8
0 27 0 24
0 27 0 28
0 27 1 27
0 28 0 27
0 28 2 28
0 28 0 27
2 12 2 5
2 12 2 24
2 12 0 12
2 12 23 12
2 27 2 25
2 27 2 28
2 27 1 27
2 27 10 27
2 28 2 27
2 28 23 28
3 9 3 7
3 9 3 10
3 9 4 9
3 10 3 9
3 10 3 11
3 10 4 10
3 10 3 9
3 10 3 11
3 11 4 11
3 16 3 14
3 16 3 17
3 16 5 16
3 16 3 14
3 16 3 17
3 16 5 16
3 17 3 18
3 17 4 17
3 19 3 18
3 19 3 20
3 19 4 19
4 3 4 1
4 3 4 4
4 3 3 3
4 3 9 3
4 3 4 1
4 3 4 4
4 3 3 3
4 3 9 3
4 15 4 13
4 15 8 15
4 15 4 13
4 15 8 15
5 14 6 14
5 22 5 20
5 22 3 22
5 22 8 22
6 14 8 14
6 16 6 17
6 16 5 16
6 16 7 16
8 14 8 15
8 14 10 14
8 14 8 15
8 14 10 14
8 15 8 22
8 15 17 15
8 23 8 22
8 23 3 23
8 23 18 23
8 23 8 22
8 23 3 23
8 23 18 23
9 3 9 6
9 3 11 3
10 18 13 18
11 1 11 2
11 1 5 1
11 1 13 1
11 14 12 14
11 16 13 16
11 26 11 27
11 26 10 26
11 26 15 26
12 14 14 14
13 9 13 6
13 9 13 10
13 9 4 9
13 9 23 9
13 11 13 10
13 11 5 11
13 11 14 11
13 11 13 10
13 11 5 11
13 11 14 11
13 16 13 18
13 16 15 16
13 16 13 18
14 11 15 11
14 14 16 14
15 11 14 11
15 11 17 11
15 11 17 11
16 0 16 2
16 0 2 0
16 0 20 0
16 0 16 2
16 0 2 0
16 0 20 0
16 2 16 3
16 2 11 2
16 2 17 2
16 3 16 2
16 3 16 4
16 3 12 3
16 3 22 3
16 3 16 2
16 3 16 4
16 3 12 3
16 4 16 6
16 4 14 4
16 4 19 4
16 4 14 4
16 20 16 19
16 20 16 21
16 20 9 20
16 20 17 20
16 20 16 19
16 20 16 21
16 20 9 20
16 20 17 20
17 2 17 1
17 2 19 2
17 2 19 2
17 7 17 6
17 7 17 8
17 7 23 7
17 7 17 6
17 7 17 8
17 7 23 7
17 18 17 15
17 18 17 19
17 18 13 18
17 18 18 18
17 20 17 19
17 20 18 20
18 11 18 10
18 11 17 11
18 11 19 11
18 17 18 16
18 17 18 18
18 17 20 17
18 17 18 16
18 17 18 18
18 17 20 17
18 18 18 19
18 18 17 18
18 18 19 18
19 2 20 2
19 4 20 4
20 0 20 2
20 0 22 0
20 2 19 2
20 2 21 2
20 4 21 4
20 26 20 25
20 26 20 27
20 26 18 26
20 26 25 26
21 2 23 2
21 4 23 4
21 13 21 15
21 13 20 13
21 13 22 13
22 0 23 0
22 3 23 3
22 24 22 23
22 24 20 24
22 24 25 24
23 12 23 9
23 12 23 17
23 12 2 12
23 12 25 12
23 27 23 28
23 27 22 27
23 27 24 27
24 0 24 1
24 0 23 0
24 0 25 0
24 1 24 0
24 1 24 5
24 1 25 1
24 1 24 0
24 1 24 5
24 5 24 10
24 5 25 5
24 5 24 10
24 5 25 5
24 5 25 5
24 5 25 5
24 10 24 11
25 0 25 1
25 0 26 0
25 0 25 1
26 12 26 8
26 12 26 14
26 12 25 12
26 12 27 12
26 19 26 18
26 19 26 20
26 19 25 19
27 12 27 9
27 12 27 15
27 12 26 12
27 12 27 9
27 12 27 15
27 15 27 16
27 15 26 15
27 22 27 17
27 22 27 23
27 22 20 22
27 22 28 22
27 28 27 27
27 28 25 28
27 28 28 28
28 0 28 1
28 1 28 0
28 1 28 3
28 1 25 1
28 1 28 0
28 1 28 3
28 28 28 27
28 28 27 28
28 28 28 27
0 24 0 13
0 24 2 24
0 24 0 13
1 8 1 6
1 8 1 9
1 8 0 8
1 8 1 6
1 8 1 9
1 13 1 16
1 13 0 13
1 13 1 16
1 16 1 21
1 21 1 22
1 22 1 21
1 22 1 23
1 22 1 23
2 0 2 5
2 0 0 0
2 5 2 12
2 5 0 5
2 5 0 5
3 3 3 1
3 3 3 4
3 3 3 1
3 3 3 4
3 4 3 6
3 4 4 4
3 6 3 7
3 6 4 6
3 6 3 7
3 7 4 7
3 11 4 11
3 13 4 13
3 17 3 18
3 17 4 17
3 19 3 20
3 19 4 19
3 20 3 21
3 20 5 20
3 21 3 22
3 21 4 21
3 21 3 22
3 22 5 22
4 1 5 1
4 4 4 6
4 10 4 9
4 10 13 10
4 13 16 13
5 4 8 4
5 20 5 16
5 20 5 22
5 20 6 20
5 20 5 16
6 20 6 19
6 20 6 21
6 20 7 20
6 20 6 19
6 20 6 21
6 21 7 21
7 21 7 20
8 4 8 6
8 6 8 7
8 6 4 6
8 6 9 6
8 6 8 7
8 6 4 6
8 7 8 8
8 7 4 7
8 7 9 7
8 7 8 8
8 8 9 8
8 15 8 22
8 15 17 15
8 22 20 22
8 22 20 22
9 8 9 7
9 19 11 19
10 7 10 6
10 7 9 7
10 18 13 18
11 2 11 1
11 2 11 3
11 2 5 2
11 2 11 1
11 19 13 19
11 21 16 21
12 3 12 4
12 3 11 3
12 4 11 4
12 4 14 4
12 4 11 4
13 1 14 1
13 6 13 9
13 6 15 6
13 6 15 6
13 19 13 18
13 19 16 19
13 19 13 18
14 1 13 1
14 14 16 14
16 19 17 19
16 21 11 21
16 21 18 21
17 6 23 6
17 18 17 15
18 16 18 14
18 16 19 16
18 23 18 26
18 23 19 23
19 16 19 14
19 16 20 16
19 16 19 14
19 23 21 23
20 25 20 24
20 25 20 26
20 25 27 25
20 25 20 24
20 25 20 26
21 2 23 2
21 4 23 4
21 23 22 23
22 0 23 0
22 3 23 3
23 0 23 2
23 2 23 3
23 3 23 4
23 9 23 7
23 9 23 12
23 9 13 9
23 9 23 7
23 12 23 17
23 12 25 12
23 17 23 19
23 17 21 17
23 17 24 17
23 17 23 19
23 23 22 23
23 23 24 23
23 23 22 23
23 23 24 23
24 17 24 14
24 17 24 18
24 17 24 18
24 23 25 23
25 1 25 2
25 12 25 6
25 12 25 19
25 12 26 12
26 18 26 16
26 18 26 19
26 18 26 16
27 15 27 16
27 15 26 15
27 22 27 23
27 22 20 22
27 22 28 22
27 23 27 24
27 23 26 23
27 23 28 23
27 23 27 24
28 22 28 3
28 22 28 23
28 23 28 24
28 23 28 24
28 25 28 26
28 25 27 25
28 25 28 26
28 25 27 25
28 27 27 27
0 1 0 3
0 3 0 5
0 3 1 3
0 3 1 3
0 12 0 8
0 12 2 12
1 6 0 6
2 24 2 25
4 6 4 7
4 7 4 9
4 10 4 9
4 10 13 10
5 1 5 2
7 21 7 20
11 3 11 4
11 4 11 3
13 9 13 10
13 10 17 10
17 6 23 6
17 15 17 13
18 14 19 14
19 14 19 13
20 22 20 17
20 24 22 24
21 20 21 19
21 20 21 21
21 20 22 20
22 23 22 24
23 6 23 7
24 23 25 23
25 1 25 2
25 6 25 5
25 6 26 6
25 6 25 5
25 23 25 24
25 23 26 23
25 24 26 24
26 16 26 15
26 23 26 24
26 24 25 24
26 26 26 27
26 26 25 26
26 26 26 27
26 26 25 26
27 6 27 4
27 6 27 7
27 6 27 4
27 6 27 7
27 7 27 8
27 7 26 7
27 8 26 8
27 8 26 8
27 25 27 27
27 27 27 25
27 27 27 28
28 3 25 3
28 3 25 3
0 6 1 6
2 24 2 25
11 3 11 4
16 14 16 13
17 13 17 15
17 13 19 13
17 13 19 13
19 13 20 13
19 18 19 19
20 22 20 17
25 1 25 2
25 2 25 1
25 24 26 24
25 28 25 27
25 28 23 28
25 28 25 27
26 2 27 2
26 7 26 8
26 12 26 14
27 2 26 2
27 4 26 4
2 24 2 25
2 27 1 27
2 27 10 27
19 18 19 19
19 19 19 20
19 19 18 19
19 20 18 20
25 27 25 26
25 27 24 27
27 4 26 4
1 25 1 26
1 26 1 25
24 27 23 27
25 26 20 26
26 4 26 5
26 4 25 4
26 5 25 5
26 5 25 5
18 26 16 26
20 27 11 27
20 27 21 27
20 27 11 27
21 27 22 27
22 27 23 27
10 27 10 26
11 26 15 26
15 26 16 26

3524

1 1 - 4 - 3 3 - 5 = = = 4 3 = = = = = = = = = = 4 - - 5 4 
|     2   ǁ 4 = 6 2     ǁ 4 = = 3 - - - - 3 4 2 | 3 2 3 | 
4 - - - - 6 = = = = = = 7 - - - - - - - - - - - 5 4 - 7 4 
ǁ 2 = 6 4 - 4 4 - 5 6 4 ǁ 1 2 = 6 6 3 5 4 4 4 2       ǁ | 
ǁ 3 = 8 4 - 5 4 - 5 5 2 ǁ 4 = 4 ǁ 2   2 | 2 ǁ ǁ       ǁ | 
ǁ 3 2 ǁ 1   ǁ |   | ǁ 2 ǁ | 1 ǁ 5 = = = 6 = 5 ǁ       ǁ | 
ǁ | | ǁ |   ǁ |   | ǁ ǁ ǁ | 2 ǁ 5 5 3 3 6 3 | ǁ       ǁ | 
ǁ | | ǁ |   ǁ |   | ǁ ǁ ǁ | | ǁ 2 3 3 1 3 3 | ǁ       ǁ | 
ǁ | | ǁ 2 - 6 6 3 | ǁ ǁ ǁ | 5 8 = = = = = = 7 6       ǁ | 
ǁ | | 4 - - 2 3 2 | ǁ ǁ ǁ | ǁ ǁ       1 2   ǁ ǁ       ǁ | 
ǁ | | |     1 2   | ǁ ǁ ǁ | 2 ǁ     2 | ǁ   ǁ ǁ     2 3 | 
ǁ 5 6 8 5         | ǁ ǁ ǁ | 1 ǁ 1   ǁ 2 ǁ 2 ǁ ǁ     5 3 | 
ǁ | | 4 4         | ǁ ǁ ǁ | 2 ǁ |   ǁ | ǁ ǁ ǁ ǁ     ǁ ǁ | 
ǁ 4 | ǁ |   5 = = 7 7 6 ǁ | | ǁ 4 = 7 4 ǁ ǁ ǁ ǁ     ǁ ǁ | 
ǁ 2 | ǁ 4   ǁ     ǁ | 4 ǁ | 3 ǁ |   | | ǁ ǁ ǁ ǁ     ǁ ǁ | 
ǁ   | ǁ ǁ   2     ǁ | 4 ǁ | ǁ ǁ 1   | | ǁ ǁ ǁ ǁ     3 ǁ | 
6 = 7 8 6 - 1     ǁ | ǁ ǁ 2 3 ǁ     | 4 8 5 ǁ ǁ     3 ǁ | 
ǁ 1 4 | |   5 6 2 ǁ 3 5 ǁ 4 = 7 = = 7 3 4 | ǁ ǁ     | ǁ | 
ǁ   ǁ | |   ǁ ǁ   ǁ 2 5 ǁ ǁ 2 - 4 6 6 3 2 1 ǁ 4 - - 3 ǁ | 
ǁ   4 | 2   ǁ ǁ   ǁ 2 3 ǁ 4 4 = 4 ǁ 3 4 2   ǁ 2     | ǁ | 
4 - 4 | 2   ǁ ǁ   ǁ     ǁ 3 1   4 5 = = = = 6 | 6 6 7 4 | 
|   4 | 4   ǁ ǁ   ǁ     ǁ 5 - 4 4 4 3 4 5 3 ǁ 2 ǁ | ǁ 2 | 
4   ǁ 3 ǁ   ǁ ǁ   ǁ     ǁ 2 3 3 1 | 2   2   ǁ 5 5 | ǁ 3 | 
4 - 4 4 3   3 5 = 6 = = 8 = = = = 6 = 4 3 2 ǁ 4 | | ǁ 5 3 
5 6 = = = 8 = = = = 3 1 ǁ   1 - - 5 2 3 4 1 ǁ 4 | | ǁ 3 | 
4 8 4 2 3 8 4 - - - - - 6 - - - - - - 5 5 3 ǁ 4 5 | 5 4 4 
1 | 3 ǁ 4 3 1 2 4 - - - 7 = 2 3 3 = 4 5 2 1 ǁ 3 4 | 4 2 | 
  | 2 ǁ 4 = 4 4 3 2 = = 6 = = 6 2 1 - - - - 7 6 2 6 = 5 5 
3 6 = 5 - - - - - - - - - - - - - - - - - - 4 4 2 4 2 3 4 
