29 29
1 4 5 0 0 0 0 0 0 0 0 0 0 0 0 0 0 0 0 0 0 0 5 0 0 0 3 3 2 
0 2 4 0 0 0 0 0 2 2 0 0 0 0 0 4 0 0 0 0 6 0 8 3 2 0 6 4 2 
3 4 0 0 0 0 0 0 0 0 0 0 0 0 0 0 0 4 3 2 0 2 0 0 0 0 0 1 0 
0 0 4 0 0 0 0 4 2 3 0 5 0 0 0 4 4 0 4 0 5 5 0 4 0 0 8 7 2 
0 0 0 0 0 0 0 0 0 6 2 4 1 5 6 2 2 0 4 2 1 4 0 0 0 2 0 2 2 
0 0 0 0 0 0 0 0 0 2 0 0 0 0 2 0 0 0 0 2 0 4 0 0 4 4 0 2 0 
0 0 5 0 0 0 0 0 0 0 0 7 0 7 0 0 0 8 0 0 0 0 5 0 0 0 0 0 3 
0 0 2 0 1 0 0 2 0 0 0 0 3 5 0 3 2 0 2 4 6 2 0 0 0 0 4 4 0 
0 0 0 0 0 0 0 0 0 0 0 0 2 2 1 2 0 0 0 2 0 2 0 0 0 1 3 2 0 
0 0 2 0 0 0 0 7 0 0 0 7 0 3 2 4 4 0 5 0 6 6 0 0 0 0 0 0 0 
0 4 3 0 1 2 0 8 2 2 0 7 0 0 0 8 2 0 0 0 0 2 0 0 6 0 4 3 0 
0 3 0 0 0 0 0 7 4 2 0 2 2 0 0 6 3 7 3 0 0 0 0 1 0 0 0 0 0 
0 2 2 0 4 0 0 6 0 0 0 0 0 2 0 2 1 3 2 0 0 0 0 2 0 0 0 0 0 
6 0 0 0 0 0 0 0 0 0 0 0 0 0 0 0 0 0 0 0 0 0 6 5 0 0 0 0 0 
0 4 0 3 3 5 0 0 6 0 0 0 0 0 6 3 1 3 1 2 5 4 0 1 0 0 0 0 0 
0 2 0 0 0 0 2 2 0 4 4 4 0 0 0 3 0 7 5 2 0 4 0 3 7 0 0 5 0 
0 3 1 0 2 0 0 0 0 0 0 2 0 0 0 3 2 0 2 1 0 2 0 1 3 2 0 0 0 
0 0 0 0 2 8 6 5 0 5 0 0 0 0 5 0 0 6 0 0 6 0 5 0 0 0 0 6 2 
0 0 0 0 0 3 2 5 0 2 0 0 0 0 0 3 2 0 4 2 0 2 0 3 0 0 4 0 0 
0 0 0 0 0 1 0 2 0 0 0 0 0 0 0 0 2 0 6 4 0 0 0 1 0 0 0 0 0 
0 0 0 3 0 0 0 0 6 4 0 0 0 0 7 6 3 0 0 2 0 0 0 2 0 0 6 0 1 
0 3 0 3 2 2 2 0 0 0 2 3 0 0 0 4 2 0 4 0 7 6 0 2 0 2 0 0 0 
0 4 0 8 4 6 8 2 0 4 0 3 0 0 0 2 0 6 5 2 0 2 0 6 0 5 0 0 0 
0 0 0 0 1 2 0 0 3 0 1 1 3 0 8 4 2 3 2 0 0 2 0 4 2 0 0 6 4 
0 0 0 0 0 0 0 0 0 0 1 0 0 0 5 4 0 3 2 0 0 0 0 2 0 0 0 0 0 
0 5 2 0 3 0 5 0 0 0 0 0 0 0 0 0 5 0 0 0 8 4 0 0 0 0 0 0 0 
0 1 0 0 2 4 0 0 0 0 0 0 0 0 0 0 0 0 0 0 4 2 6 6 2 0 5 3 0 
4 0 0 7 0 0 0 0 0 0 0 0 0 0 0 0 0 0 0 0 0 0 0 0 0 4 4 2 1 
2 1 1 5 0 2 0 0 0 0 0 0 0 0 0 0 0 2 0 0 0 0 0 3 0 3 0 3 2 
300 487
0 2 0 1
0 2 0 22
0 2 1 2
1 20 1 15
1 20 1 22
1 20 3 20
1 20 1 15
1 20 1 22
1 20 3 20
1 22 1 23
1 22 0 22
1 22 6 22
2 21 3 21
3 11 3 9
3 11 3 15
3 11 4 11
3 26 3 23
3 26 3 27
3 26 1 26
3 26 7 26
3 26 3 23
3 26 3 27
3 26 1 26
3 26 7 26
3 27 3 28
3 27 2 27
3 27 4 27
3 27 3 28
3 27 4 27
4 9 4 10
4 9 3 9
4 9 5 9
4 9 4 10
4 9 3 9
4 9 5 9
4 13 4 12
4 13 4 14
4 13 6 13
4 14 4 13
4 14 4 15
4 14 5 14
4 14 4 13
4 14 4 15
4 25 5 25
4 28 6 28
4 28 6 28
5 24 5 25
5 24 10 24
5 24 5 25
5 24 10 24
5 25 4 25
5 27 7 27
6 2 6 11
6 2 3 2
6 2 7 2
6 13 6 11
6 13 6 17
6 13 7 13
6 17 6 13
6 17 6 22
6 17 2 17
6 17 11 17
6 28 17 28
7 20 7 19
7 20 7 21
7 20 9 20
7 20 7 19
7 20 7 21
7 20 9 20
7 26 7 27
7 26 8 26
7 27 5 27
7 27 8 27
8 21 9 21
9 7 9 2
9 7 9 11
9 7 7 7
9 7 10 7
9 18 9 20
9 18 7 18
9 18 11 18
9 20 9 18
9 20 9 21
9 20 14 20
9 21 8 21
9 21 10 21
9 21 10 21
10 7 10 5
10 7 10 8
10 7 9 7
10 7 11 7
10 7 10 5
10 7 10 8
10 7 9 7
10 11 10 9
10 11 10 15
10 11 9 11
10 11 11 11
10 15 10 11
10 15 10 16
10 15 9 15
10 15 11 15
10 24 10 26
10 24 15 24
11 7 11 1
11 7 11 8
11 7 12 7
13 0 2 0
13 0 27 0
13 0 2 0
13 0 27 0
13 22 13 23
13 22 6 22
13 22 17 22
13 22 13 23
13 22 6 22
13 22 17 22
13 23 12 23
13 23 14 23
13 23 12 23
14 5 14 4
14 5 14 8
14 5 17 5
14 14 14 8
14 14 14 15
14 14 17 14
14 14 14 8
14 14 14 15
14 14 17 14
14 21 14 20
14 21 15 21
14 21 14 20
14 21 15 21
15 11 15 10
15 11 16 11
15 11 15 10
15 11 16 11
15 17 15 15
15 17 15 18
15 17 14 17
15 17 17 17
15 21 15 19
15 21 16 21
15 27 15 24
15 27 10 27
15 27 17 27
17 5 17 4
17 5 17 6
17 5 14 5
17 5 18 5
17 20 17 17
17 20 17 22
17 20 21 20
17 20 17 17
17 20 17 22
17 20 21 20
18 26 18 23
18 26 20 26
18 26 18 23
18 26 20 26
20 14 20 9
20 14 20 15
20 14 17 14
20 14 23 14
20 26 20 23
20 26 20 28
20 26 26 26
20 26 20 23
21 20 21 18
21 20 21 21
21 20 25 20
22 3 22 1
22 3 22 4
22 3 21 3
22 3 27 3
22 3 22 1
22 3 22 4
22 3 21 3
22 3 27 3
22 6 22 5
22 6 22 7
22 6 21 6
22 6 25 6
22 6 22 5
22 6 22 7
22 6 21 6
22 6 25 6
22 9 22 11
22 9 20 9
22 9 22 11
22 9 20 9
22 19 22 18
22 25 22 23
22 25 21 25
22 25 27 25
23 14 23 12
23 14 23 15
23 14 20 14
23 14 24 14
23 28 23 27
23 28 27 28
23 28 23 27
23 28 23 27
24 14 24 10
24 14 24 15
24 14 23 14
25 1 25 2
25 1 22 1
25 1 26 1
25 1 25 2
25 1 22 1
25 16 25 6
25 16 25 20
25 16 23 16
25 20 25 16
25 20 25 21
25 20 21 20
25 20 26 20
26 22 26 21
26 22 26 23
26 22 17 22
26 26 26 27
26 26 27 26
26 26 26 27
26 26 27 26
27 0 27 3
27 0 28 0
27 3 27 25
27 3 28 3
27 26 27 25
27 26 27 27
28 0 28 1
28 2 28 3
28 3 28 5
28 3 27 3
28 28 28 27
28 28 28 27
1 15 1 9
1 15 3 15
1 22 1 23
1 22 0 22
1 22 6 22
1 26 1 24
1 26 1 27
1 26 0 26
1 26 1 24
1 27 1 28
1 27 0 27
1 27 1 28
2 17 2 18
2 17 6 17
2 17 2 18
2 21 3 21
3 7 3 2
3 7 3 8
3 7 3 2
3 7 3 8
3 11 3 15
3 11 4 11
3 15 3 16
3 16 4 16
3 23 1 23
3 23 11 23
4 11 6 11
4 11 6 11
4 16 3 16
4 18 4 19
4 18 3 18
4 18 4 19
4 18 3 18
5 19 5 21
5 21 5 19
5 21 4 21
5 21 4 21
6 13 6 11
6 13 7 13
6 17 11 17
7 19 7 18
7 19 8 19
8 25 8 26
9 18 11 18
10 4 10 2
10 15 10 16
10 15 9 15
10 15 11 15
10 24 10 26
10 24 15 24
10 26 10 27
10 26 8 26
11 7 11 1
11 7 11 8
11 7 12 7
11 8 11 9
11 8 14 8
11 15 11 12
11 15 11 16
11 15 12 15
11 15 11 12
11 17 11 16
11 17 11 18
11 17 12 17
12 7 12 4
12 13 12 15
14 20 14 19
15 10 15 9
16 21 16 19
16 25 16 24
17 5 17 4
17 5 17 6
17 5 18 5
17 6 17 7
17 6 15 6
17 6 18 6
17 6 17 7
17 17 17 14
17 17 15 17
17 17 22 17
17 27 17 28
17 27 15 27
18 18 18 19
18 18 19 18
18 18 18 19
18 18 19 18
18 21 21 21
19 18 19 19
19 18 21 18
19 18 19 19
19 18 21 18
19 19 20 19
19 23 18 23
20 19 19 19
21 10 21 11
21 11 21 10
21 11 22 11
21 18 21 20
21 21 18 21
21 21 22 21
21 21 22 21
22 5 22 4
22 5 21 5
22 5 23 5
22 5 22 4
22 17 22 15
22 17 22 18
22 17 23 17
22 17 22 15
22 17 22 18
22 19 22 18
22 23 22 25
22 23 21 23
22 23 23 23
22 23 21 23
22 23 23 23
23 14 23 12
23 14 23 15
23 15 23 16
23 15 24 15
23 21 25 21
23 23 23 24
23 23 24 23
23 24 26 24
23 27 26 27
24 14 24 15
24 23 26 23
25 16 25 6
25 20 25 21
25 20 26 20
25 21 23 21
26 20 26 5
26 20 26 21
26 22 26 23
26 24 26 23
27 3 27 25
27 27 28 27
28 3 28 5
28 17 28 23
28 25 28 23
0 28 0 27
0 28 0 27
1 9 1 8
2 19 2 18
3 2 1 2
3 18 3 20
4 21 4 20
4 21 3 21
6 2 6 11
6 2 7 2
6 11 9 11
7 4 7 7
8 27 10 27
9 11 9 7
9 11 9 13
9 11 10 11
9 16 9 15
9 16 7 16
9 16 9 15
9 16 7 16
11 17 11 16
11 17 12 17
12 7 12 4
12 18 12 17
12 18 14 18
14 17 14 16
14 17 15 17
14 20 14 19
15 6 15 7
15 10 15 9
15 19 15 18
15 27 15 24
16 16 16 15
16 18 15 18
16 25 16 24
21 4 21 3
21 4 21 5
21 15 21 16
21 15 20 15
21 15 21 16
21 15 20 15
21 25 22 25
22 18 23 18
23 12 23 11
25 6 25 4
26 5 26 4
26 22 26 23
26 23 26 22
28 17 28 23
0 26 0 22
0 26 0 22
1 8 1 2
3 18 3 20
3 20 3 21
9 2 10 2
9 11 9 13
9 14 9 13
9 14 8 14
10 2 10 1
12 4 12 2
12 4 14 4
14 15 15 15
15 9 15 7
15 9 17 9
15 18 15 17
15 18 16 18
16 4 16 2
16 4 14 4
16 15 16 16
16 15 15 15
20 3 20 8
20 8 20 3
20 8 20 9
20 8 23 8
20 8 23 8
20 14 20 15
20 14 17 14
21 1 16 1
23 5 23 4
23 8 23 10
25 4 26 4
0 2 0 1
0 2 1 2
8 15 7 15
10 1 2 1
10 1 11 1
10 1 2 1
12 2 12 1
14 3 14 1
14 5 14 8
17 9 17 7
17 9 18 9
21 1 16 1
0 1 0 0
0 1 1 1
1 1 2 1
2 0 2 1
8 15 7 15
12 1 14 1
14 1 14 3
14 1 15 1
15 1 16 1
17 9 17 7
17 9 18 9
18 7 18 6
18 7 17 7
18 7 19 7
18 7 19 7
19 5 18 5
7 15 7 13

2794

1 4 5 - - - - - - - - - - - - - - - - - - - 5 = = = 3 3 2 
  2 4 - - - - - 2 2 - - - - - 4 = = = = 6 = 8 3 2 = 6 4 2 
3 4 |                         |   4 3 2 ǁ 2 ǁ |     ǁ 1   
ǁ ǁ 4 = = = = 4 2 3 - 5 = = = 4 4 ǁ 4 = 5 5 ǁ 4 = = 8 7 2 
ǁ ǁ |             6 2 4 1 5 6 2 2 ǁ 4 2 1 4 ǁ |   2 ǁ 2 2 
ǁ ǁ |             2   ǁ   | 2     ǁ   2 = 4 ǁ | 4 4 ǁ 2 ǁ 
ǁ ǁ 5 = = = = = = = = 7 = 7 = = = 8 - - - - 5 | ǁ   ǁ ǁ 3 
ǁ ǁ 2   1 - - 2       | 3 5 - 3 2 ǁ 2 4 6 2 ǁ | ǁ   4 4 | 
ǁ ǁ           |       | 2 2 1 2 ǁ ǁ | 2 ǁ 2 ǁ | ǁ 1 3 2 | 
ǁ ǁ 2 - - - - 7 = = = 7 = 3 2 4 4 ǁ 5 = 6 6 ǁ | ǁ   | | | 
ǁ 4 3 - 1 2 = 8 2 2 - 7 = = = 8 2 ǁ ǁ   | 2 ǁ | 6 = 4 3 | 
ǁ 3 = = = = = 7 4 2   2 2 = = 6 3 7 3   |   ǁ 1 ǁ     | | 
ǁ 2 2 - 4 = = 6 |         2 - 2 1 3 2   |   ǁ 2 ǁ     | | 
6 |     |       |                   |   |   6 5 ǁ     | | 
ǁ 4 = 3 3 5 = = 6 = = = = = 6 3 1 3 1 2 5 4 ǁ 1 ǁ     | | 
ǁ 2     | ǁ 2 2 - 4 4 4     ǁ 3 - 7 5 2 - 4 ǁ 3 7 = = 5 | 
ǁ 3 1 - 2 ǁ |     |   2     ǁ 3 2 ǁ 2 1 - 2 ǁ 1 3 2   ǁ | 
ǁ ǁ     2 8 6 5 = 5         5 - - 6 = = 6 = 5         6 2 
ǁ ǁ       3 2 5   2         ǁ 3 2 | 4 2 ǁ 2 | 3 = = 4     
ǁ ǁ       1   2             ǁ   2 | 6 4 ǁ ǁ | 1     ǁ     
ǁ ǁ   3 = = = = 6 4 - - - - 7 6 3 | ǁ 2 ǁ ǁ | 2 = = 6 - 1 
ǁ 3   3 2 2 2   ǁ ǁ 2 3     ǁ 4 2 | 4 = 7 6 | 2   2 |     
ǁ 4 = 8 4 6 8 2 ǁ 4 = 3     ǁ 2 = 6 5 2 ǁ 2 | 6 = 5 |     
ǁ ǁ   ǁ 1 2 ǁ   3 - 1 1 3 = 8 4 2 3 2   ǁ 2 | 4 2 | | 6 4 
ǁ ǁ   ǁ     ǁ       1 - - - 5 4 | 3 2   ǁ ǁ | 2 | | | | | 
ǁ 5 2 ǁ 3 - 5 = = = = = = = = = 5 = = = 8 4 | | | | | | | 
ǁ 1   ǁ 2 4 - - - - - - - - - - - - - - 4 2 6 6 2 | 5 3 | 
4 - - 7 = = = = = = = = = = = = = = = = = = = = = 4 4 2 1 
2 1 1 5 = 2                       2 = = = = = 3 - 3   3 2 
