29 29
0 2 0 0 0 6 6 4 3 1 0 1 0 5 0 0 0 0 0 0 0 0 0 0 0 4 2 3 1 
2 0 0 0 0 4 5 7 7 0 0 0 0 7 0 0 0 0 0 0 0 0 0 0 0 0 0 7 2 
3 3 3 0 0 0 0 0 0 3 0 5 3 7 4 5 0 0 5 0 0 0 0 0 0 6 2 4 1 
3 1 0 0 0 0 0 0 0 2 1 0 0 4 2 4 2 0 0 0 0 0 0 0 0 4 0 7 2 
4 0 6 0 0 5 0 0 0 4 0 6 0 0 0 0 0 0 7 0 0 0 0 0 0 0 2 0 1 
3 4 5 1 2 0 0 0 0 6 2 2 1 0 3 0 0 0 0 3 5 0 0 0 0 0 0 7 3 
0 0 2 3 4 0 1 0 0 4 0 0 0 0 0 0 0 0 0 1 1 0 0 0 0 0 0 0 0 
4 6 0 0 0 6 1 0 0 3 0 0 0 0 6 0 0 0 7 0 0 0 0 0 0 0 0 4 4 
2 6 2 4 2 0 0 0 0 2 1 2 6 0 5 4 4 2 0 1 0 3 0 0 0 6 4 0 0 
4 5 0 6 0 8 5 0 0 5 7 4 4 4 0 4 0 0 0 0 0 0 0 0 0 0 3 0 0 
4 6 0 7 4 0 4 0 0 3 0 2 0 2 2 0 0 3 0 0 0 0 0 0 0 0 0 0 0 
0 0 0 0 0 0 0 0 0 0 0 0 0 0 1 0 0 0 0 0 0 0 0 0 0 0 0 0 0 
1 0 2 0 0 0 4 0 0 6 7 0 0 0 0 7 7 5 0 0 0 0 0 0 0 0 0 0 0 
0 0 0 0 0 0 0 0 0 2 3 0 0 2 0 0 3 3 0 0 0 0 0 0 0 0 0 0 4 
0 0 0 2 0 0 0 0 6 0 0 0 0 0 0 8 2 1 0 0 0 0 0 0 0 0 3 0 0 
4 5 5 5 4 0 0 0 4 0 2 0 0 0 0 3 1 0 0 0 0 0 0 0 0 0 0 0 0 
4 0 3 0 0 0 4 5 0 0 0 0 0 0 0 0 0 0 7 0 0 0 0 0 0 6 4 0 0 
4 4 0 0 1 0 3 0 2 4 0 5 0 0 0 5 5 2 0 2 1 0 0 0 0 2 1 0 0 
4 6 4 0 0 0 2 0 0 3 2 4 4 2 0 0 2 0 0 2 0 0 0 0 0 0 0 4 5 
3 0 0 7 0 7 0 7 0 0 0 0 0 0 0 5 4 0 8 0 0 0 0 0 0 0 5 4 3 
3 3 3 6 3 0 2 0 2 0 5 0 0 2 0 0 3 0 4 1 2 3 2 4 3 0 0 4 5 
6 6 0 3 2 0 0 0 3 0 5 0 0 0 0 5 0 0 0 0 8 6 0 0 0 0 1 0 0 
3 0 3 0 0 7 4 0 3 3 6 0 0 3 4 6 0 0 3 2 5 6 6 4 4 0 3 0 0 
4 0 4 0 0 8 3 0 0 0 4 2 0 0 2 4 0 0 0 0 5 3 0 0 2 0 0 0 4 
0 1 3 0 0 5 2 5 0 0 0 0 0 3 0 0 0 0 0 0 0 0 6 0 0 0 5 0 0 
0 5 8 2 0 0 0 4 0 0 0 0 0 0 0 0 6 0 0 6 4 0 0 0 0 0 0 0 3 
4 4 2 0 0 0 0 0 0 0 0 0 4 0 2 0 0 2 0 5 0 0 0 2 0 0 4 0 0 
3 1 1 0 0 5 5 6 0 1 0 0 4 0 0 0 6 0 0 3 4 0 6 3 1 0 0 0 0 
4 0 0 0 0 6 4 4 0 0 0 0 0 0 0 0 0 0 0 0 0 0 0 0 0 0 0 4 2 
300 551
0 5 0 1
0 5 0 6
0 5 1 5
0 5 0 1
0 5 0 6
0 5 1 5
0 6 0 7
0 6 1 6
0 13 0 11
0 13 0 25
0 13 1 13
1 7 1 6
1 7 1 8
1 7 0 7
1 7 16 7
1 27 1 13
1 27 1 28
1 27 0 27
1 27 2 27
2 11 2 9
2 11 2 12
2 11 4 11
2 13 2 12
2 13 2 14
2 13 1 13
2 13 3 13
2 15 2 14
2 15 2 18
2 15 3 15
2 25 2 18
2 25 2 26
2 25 3 25
2 25 2 18
2 25 2 26
2 25 3 25
3 27 3 25
3 27 3 28
3 27 2 27
3 27 5 27
4 5 4 2
4 5 1 5
4 5 7 5
4 18 4 11
4 18 4 26
4 18 2 18
4 18 7 18
5 9 5 10
5 9 4 9
5 9 6 9
5 9 5 10
5 9 4 9
5 9 6 9
5 20 5 19
5 20 5 27
5 20 6 20
6 9 7 9
8 25 8 21
8 25 8 26
8 25 16 25
8 25 8 21
8 25 8 26
8 25 16 25
8 26 9 26
9 5 9 3
9 5 9 6
9 5 7 5
9 5 19 5
9 5 9 3
9 5 9 6
9 5 7 5
9 5 19 5
9 9 9 10
9 9 8 9
9 9 10 9
9 10 9 9
9 10 9 11
9 10 8 10
9 10 12 10
10 3 10 1
10 3 10 4
10 3 9 3
10 3 14 3
10 4 10 3
10 4 15 4
10 4 10 3
10 6 9 6
10 6 12 6
10 6 9 6
10 6 12 6
12 6 16 6
12 9 12 10
12 9 10 9
12 9 13 9
12 9 12 10
12 9 10 9
12 9 13 9
12 15 12 10
12 15 12 16
12 15 9 15
12 15 14 15
12 17 12 16
12 17 10 17
12 17 13 17
13 28 7 28
13 28 18 28
13 28 7 28
13 28 18 28
14 8 14 15
14 8 1 8
14 8 15 8
14 8 14 15
14 8 1 8
14 8 15 8
14 15 14 16
14 15 12 15
14 15 15 15
15 4 15 3
15 4 17 4
15 4 15 3
15 8 15 10
15 8 17 8
16 25 16 18
16 25 16 26
16 25 17 25
16 25 16 18
16 26 14 26
16 26 17 26
16 26 14 26
17 11 17 9
17 11 17 15
17 11 18 11
17 25 17 20
19 3 19 0
19 3 19 5
19 3 15 3
19 3 20 3
19 7 19 5
19 7 19 15
19 7 16 7
19 7 24 7
19 18 19 16
19 18 19 26
19 18 16 18
19 18 20 18
19 18 19 16
19 18 19 26
19 18 16 18
19 18 20 18
19 26 19 27
19 26 21 26
19 26 19 27
20 10 20 8
20 10 20 13
20 10 21 10
20 28 20 27
20 28 19 28
20 28 23 28
21 0 21 1
21 0 20 0
21 0 22 0
21 0 21 1
21 0 20 0
21 0 22 0
21 1 21 3
21 1 20 1
21 1 24 1
21 1 21 3
21 20 21 15
21 20 21 21
21 20 20 20
21 20 22 20
21 20 21 15
21 20 21 21
21 20 20 20
21 20 22 20
21 21 20 21
21 21 22 21
22 0 23 0
22 5 22 2
22 5 22 6
22 5 19 5
22 5 23 5
23 0 26 0
23 5 23 2
23 5 23 6
23 5 22 5
23 5 24 5
23 5 23 2
23 5 23 6
23 5 22 5
23 10 23 11
23 10 22 10
23 10 23 11
23 10 22 10
24 26 24 22
24 26 22 26
24 26 26 26
25 2 25 1
25 2 25 3
25 2 24 2
25 2 26 2
25 2 25 1
25 2 25 3
25 2 24 2
25 2 26 2
25 16 25 7
25 16 25 19
25 16 27 16
25 16 25 7
25 16 25 19
25 16 27 16
25 19 25 20
25 19 22 19
25 19 26 19
25 19 25 20
25 20 23 20
25 20 27 20
26 12 26 14
26 12 27 12
26 12 26 14
26 12 27 12
26 17 26 19
26 26 26 23
26 26 24 26
26 26 26 23
27 12 27 9
27 12 27 16
27 16 27 19
27 20 27 19
27 20 27 22
27 20 27 19
27 23 27 22
27 23 27 24
27 23 27 22
28 0 28 5
28 0 27 0
28 0 28 5
28 0 27 0
28 5 28 6
28 5 27 5
0 6 0 7
0 6 1 6
0 7 0 8
0 13 0 25
0 13 1 13
0 25 0 26
1 7 1 6
1 7 1 8
1 7 16 7
3 10 3 9
3 13 3 14
3 13 2 13
3 13 3 14
3 15 3 16
3 15 2 15
3 15 3 16
3 25 3 27
4 9 4 11
4 9 3 9
4 11 4 18
4 11 2 11
4 11 5 11
4 26 4 18
5 20 5 19
5 20 5 27
6 9 7 9
7 5 7 1
7 5 7 6
7 5 4 5
7 28 7 27
7 28 5 28
8 4 8 3
8 21 8 19
8 26 9 26
9 3 9 1
9 3 8 3
9 3 10 3
9 10 9 9
9 10 9 11
9 26 14 26
10 1 10 0
10 1 9 1
10 1 15 1
10 1 10 0
10 1 9 1
11 14 10 14
12 2 15 2
12 6 16 6
12 10 12 15
12 10 13 10
12 10 13 10
13 10 13 13
14 3 15 3
14 15 14 16
14 15 15 15
15 10 15 15
15 16 17 16
16 6 16 7
16 6 17 6
16 7 19 7
16 18 7 18
17 6 18 6
17 8 17 9
17 9 17 11
17 9 18 9
17 19 18 19
18 1 18 0
18 1 18 2
18 1 17 1
18 1 18 0
18 1 18 2
18 1 17 1
18 2 16 2
18 6 17 6
18 9 18 10
18 12 18 11
18 12 18 13
18 12 18 11
18 12 18 13
20 6 22 6
20 18 20 16
20 18 20 19
21 21 20 21
21 21 22 21
22 10 22 9
22 10 22 13
22 10 21 10
22 10 22 9
22 21 22 20
22 21 22 22
22 21 23 21
22 21 22 20
22 22 22 23
22 22 20 22
22 22 24 22
22 22 22 23
22 22 20 22
22 23 22 24
22 23 20 23
23 0 26 0
23 2 22 2
23 2 24 2
23 15 23 14
23 15 22 15
23 15 23 14
23 15 22 15
23 20 23 21
23 20 22 20
23 20 23 21
23 24 22 24
23 28 20 28
23 28 25 28
23 28 25 28
24 5 24 6
24 5 27 5
24 22 24 26
24 22 27 22
24 22 27 22
25 1 26 1
25 7 24 7
25 7 27 7
25 28 28 28
26 0 26 1
26 0 27 0
26 1 25 1
26 1 27 1
26 17 26 19
27 2 27 5
28 5 28 6
28 5 27 5
28 6 28 7
28 6 27 6
28 7 28 27
28 7 27 7
28 7 28 27
28 27 28 28
28 27 20 27
0 25 0 26
0 27 0 28
0 27 1 27
2 9 2 11
2 9 0 9
2 12 2 13
2 14 2 13
2 14 2 15
2 18 4 18
5 19 6 19
6 4 6 3
6 4 5 4
6 4 6 3
6 4 5 4
6 6 1 6
7 1 7 0
7 1 5 1
7 1 8 1
7 1 7 0
7 1 5 1
7 18 7 14
7 18 7 27
7 18 16 18
8 1 8 0
8 1 8 2
8 1 9 1
8 1 8 0
8 1 8 2
8 3 8 4
8 9 7 9
9 0 9 1
9 0 10 0
9 0 10 0
12 0 15 0
12 2 15 2
15 0 15 1
15 0 16 0
15 0 15 1
16 0 16 2
16 0 17 0
16 0 16 2
17 0 17 1
17 0 18 0
17 0 17 1
17 19 18 19
18 0 19 0
18 9 18 10
18 11 17 11
20 6 22 6
20 23 20 24
20 27 20 28
20 27 19 27
22 2 22 5
22 6 23 6
22 9 22 8
22 14 22 13
22 14 22 15
22 14 22 13
22 14 22 15
22 19 22 18
22 26 22 24
22 26 22 24
24 5 24 6
24 5 27 5
24 7 24 13
24 7 19 7
24 7 24 13
27 6 27 7
27 7 27 6
0 8 1 8
0 8 1 8
1 5 1 0
1 13 1 27
4 5 4 2
7 0 5 0
7 0 5 0
7 14 7 18
7 14 5 14
7 14 8 14
7 18 7 27
7 27 5 27
15 1 15 2
15 2 15 1
15 2 15 3
17 15 17 16
17 15 19 15
18 27 18 28
18 27 19 27
18 27 18 28
19 3 19 0
19 3 19 5
19 3 20 3
19 5 19 7
19 28 18 28
20 0 20 1
20 1 20 2
20 2 20 3
20 3 20 2
20 3 20 4
20 3 21 3
20 4 21 4
20 23 20 24
20 24 20 23
21 4 20 4
22 8 21 8
22 18 22 15
27 6 27 7
27 7 27 6
1 0 2 0
4 2 4 0
4 2 2 2
4 2 5 2
4 2 4 0
5 1 5 0
5 1 5 2
5 2 5 3
5 2 6 2
5 2 6 2
5 27 5 28
5 27 3 27
5 27 5 28
7 14 5 14
7 14 8 14
17 15 17 16
17 15 19 15
22 8 21 8
22 18 22 15
2 2 2 1
4 0 3 0
4 0 3 0
4 28 3 28
5 14 5 12
8 12 8 11
8 12 8 14
8 12 9 12
8 12 8 11
8 12 8 14
8 12 9 12
9 11 9 12
9 11 10 11
9 12 9 13
9 13 9 15
9 13 10 13
9 13 9 15
9 15 8 15
10 11 10 13
12 15 12 16
2 2 2 1
3 27 2 27
8 14 8 15
8 15 8 16
2 0 2 1
2 0 3 0
2 27 2 28
8 15 8 16
8 16 8 17
8 16 12 16
8 17 10 17
10 17 12 17
12 16 12 17
12 16 13 16
12 16 13 16
13 16 13 17
13 17 14 17
17 17 17 16
1 27 1 28
17 17 17 16
18 16 19 16
20 16 20 13
20 16 19 16
21 15 21 10
21 15 21 10
20 10 20 8
20 10 21 10

2929

  2 = = = 6 6 4 3 1   1 - 5 = = = = = = = = = = = 4 2 3 1 
2 - - - - 4 5 7 7 |       7 = = = = = = = = = = = = = 7 2 
3 3 3     | | ǁ ǁ 3 = 5 3 7 4 5 - - 5 = = = = = = 6 2 4 1 
3 1 |     | | ǁ ǁ 2 1 ǁ   4 2 4 2   ǁ             4 = 7 2 
4 = 6 = = 5 | ǁ ǁ 4 - 6 = = = = = = 7 = = = = = = = 2 ǁ 1 
3 4 5 1 2 ǁ | ǁ ǁ 6 2 2 1 - 3       | 3 5 = = = = = = 7 3 
ǁ ǁ 2 3 4 ǁ 1 ǁ ǁ 4         ǁ       | 1 1             | | 
4 6 - - - 6 1 ǁ ǁ 3         6 = = = 7 = = = = = = = = 4 4 
2 6 2 4 2 ǁ   ǁ ǁ 2 1 2 6 = 5 4 4 2 ǁ 1 - 3 = = = 6 4   ǁ 
4 5 - 6 = 8 5 ǁ ǁ 5 7 4 4 4 = 4 | | ǁ             ǁ 3   ǁ 
4 6 - 7 4 ǁ 4 ǁ ǁ 3 | 2 - 2 2 | | 3 ǁ             ǁ |   ǁ 
  |   | | ǁ ǁ ǁ ǁ ǁ |       1 | | ǁ ǁ             ǁ |   ǁ 
1 | 2 | | ǁ 4 ǁ ǁ 6 7 = = = = 7 7 5 ǁ             ǁ |   ǁ 
| | ǁ | | ǁ ǁ ǁ ǁ 2 3 - - 2   ǁ 3 3 ǁ             ǁ |   4 
| | ǁ 2 | ǁ ǁ ǁ 6 = = = = = = 8 2 1 ǁ             ǁ 3   ǁ 
4 5 5 5 4 ǁ ǁ ǁ 4 - 2 - - - - 3 1   ǁ             ǁ ǁ   ǁ 
4 = 3 | | ǁ 4 5 |               |   7 = = = = = = 6 4   ǁ 
4 4 | | 1 ǁ 3 ǁ 2 4 = 5 - - - 5 5 2 ǁ 2 1 - - - - 2 1   ǁ 
4 6 4 |   ǁ 2 ǁ   3 2 4 4 2   ǁ 2   ǁ 2               4 5 
3 = = 7 = 7 = 7 - - - - - - - 5 4 = 8 = = = = = = = 5 4 3 
3 3 3 6 3 | 2 ǁ 2 = 5 - - 2 - - 3 - 4 1 2 3 2 4 3   | 4 5 
6 6 = 3 2 | ǁ ǁ 3   5 = = = = 5 = = = = 8 6 ǁ |     1 | ǁ 
3 | 3 = = 7 4 ǁ 3 3 6 - - 3 4 6 = = 3 2 5 6 6 4 4 = 3 | ǁ 
4 | 4 = = 8 3 ǁ     4 2     2 4       | 5 3 |   2   | | 4 
ǁ 1 3     5 2 5 = = = = = 3           | |   6 = = = 5 | ǁ 
ǁ 5 8 2   ǁ   4 = = = = = = = = 6 = = 6 4   ǁ       ǁ | 3 
4 4 2     ǁ   |         4 = 2   ǁ 2 = 5 |   ǁ 2 = = 4 | | 
3 1 1 - - 5 5 6   1 - - 4 - - - 6 - - 3 4 - 6 3 1     | | 
4 = = = = 6 4 4 = = = = = = = = = = = = = = = = = = = 4 2 
