29 29
3 0 0 0 0 0 3 0 0 0 0 0 0 3 2 1 0 0 0 0 3 2 0 0 4 2 3 1 1 
3 0 0 0 0 0 0 0 0 0 0 0 0 0 0 0 0 0 0 0 6 3 4 0 7 0 6 7 4 
0 2 2 6 0 6 0 0 0 0 0 0 0 0 0 0 0 3 2 1 0 0 0 2 0 0 0 0 0 
0 4 0 5 1 3 1 3 3 0 0 0 0 0 4 0 0 4 5 1 0 0 4 4 0 0 0 0 1 
0 2 3 0 0 3 1 0 0 0 1 0 4 2 0 3 4 0 6 2 0 0 0 0 0 0 0 0 2 
5 0 0 0 0 0 0 4 0 0 0 0 0 3 0 0 0 0 2 2 0 0 0 0 0 0 0 0 3 
6 0 0 0 0 4 0 0 0 0 0 0 0 0 0 0 0 0 2 0 0 0 0 0 0 0 0 0 0 
3 0 0 0 0 0 0 0 0 0 0 0 0 0 0 0 2 0 0 0 0 0 0 0 0 0 0 0 0 
1 0 0 0 0 2 0 0 3 2 0 0 0 4 1 0 0 0 4 5 0 0 0 2 0 0 0 5 3 
0 0 0 0 0 0 0 0 0 0 0 0 0 0 1 0 0 0 0 2 0 0 0 1 0 0 0 2 1 
4 0 0 0 0 0 0 0 0 0 0 0 7 7 5 0 0 0 0 0 0 0 0 1 0 0 0 1 0 
0 3 0 0 0 0 0 4 0 4 2 1 0 0 0 0 0 0 4 2 0 0 0 0 0 2 0 1 0 
0 6 4 3 0 1 0 0 1 0 1 0 0 1 2 0 0 0 0 0 0 0 0 0 0 0 0 5 4 
0 3 3 0 0 0 0 5 4 0 3 4 0 0 0 0 0 0 0 0 0 0 4 3 5 4 0 0 1 
0 1 4 0 2 1 0 2 2 0 2 0 0 2 0 6 0 6 5 1 0 3 3 2 0 0 0 0 2 
5 2 0 0 0 0 0 0 0 7 0 5 0 3 2 0 2 0 0 0 0 3 3 2 0 0 0 0 0 
0 4 0 0 3 0 0 0 0 0 0 0 0 0 1 3 3 0 3 0 0 0 0 0 3 1 0 0 0 
0 0 0 0 3 0 0 0 0 0 4 3 5 5 0 4 2 0 3 3 0 1 0 0 1 0 0 0 0 
0 0 0 0 2 0 0 0 0 0 2 1 3 2 1 1 0 0 1 2 0 0 0 0 0 0 0 0 0 
0 5 0 0 0 0 0 0 0 6 0 0 0 0 0 0 0 7 0 0 7 0 0 0 0 0 7 7 5 
0 4 2 0 3 2 3 2 3 0 3 0 3 3 2 2 0 0 2 2 0 1 0 0 0 0 0 0 0 
0 4 3 1 0 0 2 0 2 0 2 0 0 2 0 6 1 0 1 0 0 0 1 0 0 0 3 0 0 
4 4 0 0 3 3 0 5 0 5 0 0 7 0 2 0 0 0 3 3 6 5 0 0 0 0 1 2 0 
2 0 1 2 2 3 2 3 1 0 1 2 6 0 4 6 4 0 3 0 0 0 1 0 0 4 2 0 0 
1 0 0 0 2 0 6 0 0 4 0 3 0 1 0 2 2 0 1 0 0 3 0 6 2 4 1 0 0 
0 0 2 5 0 0 7 0 3 4 1 1 4 0 0 4 4 0 0 0 6 4 2 6 2 0 2 0 0 
0 0 1 3 0 0 5 1 1 3 0 0 2 0 0 1 2 0 0 0 2 2 0 1 1 0 0 1 1 
2 5 0 0 0 0 0 0 0 0 0 0 0 0 0 0 0 5 0 3 0 0 0 0 0 6 5 2 1 
1 4 0 0 0 0 0 2 1 0 3 0 0 0 0 0 0 6 0 0 0 0 0 2 0 4 0 4 3 
300 322
1 24 1 22
1 24 1 26
1 24 0 24
1 24 13 24
1 27 1 26
1 27 1 28
1 27 0 27
1 27 8 27
1 28 1 27
1 28 0 28
1 28 3 28
2 3 2 2
2 3 2 5
2 3 3 3
2 3 2 2
2 3 2 5
2 3 3 3
2 5 2 17
2 5 3 5
4 28 5 28
5 0 5 7
5 0 1 0
5 0 6 0
6 0 6 5
6 0 5 0
6 0 7 0
6 0 6 5
6 0 5 0
6 5 6 18
6 5 8 5
7 0 8 0
7 16 15 16
10 0 10 12
10 0 15 0
10 0 10 12
10 0 15 0
10 13 10 12
10 13 10 14
10 13 8 13
10 13 12 13
12 1 12 2
12 1 11 1
12 1 13 1
12 1 12 2
12 1 11 1
12 1 13 1
12 2 12 3
12 2 13 2
12 3 12 5
12 3 21 3
12 27 12 28
12 27 11 27
12 27 19 27
12 28 12 27
12 28 9 28
12 28 13 28
13 7 13 8
13 7 11 7
13 7 14 7
14 28 19 28
16 1 15 1
16 1 19 1
16 1 15 1
16 1 19 1
19 1 20 1
19 9 19 17
19 9 15 9
19 9 22 9
19 9 19 17
19 9 15 9
19 9 22 9
19 17 19 20
19 17 14 17
19 17 27 17
19 26 19 20
19 26 19 27
19 26 1 26
19 26 21 26
19 28 19 27
19 28 14 28
19 28 26 28
19 28 19 27
22 12 22 9
22 12 22 14
22 12 20 12
22 12 23 12
24 23 24 21
24 23 24 24
24 23 25 23
24 23 24 21
24 23 24 24
24 23 25 23
25 6 25 3
25 6 25 8
25 6 24 6
25 6 26 6
25 20 25 21
25 20 22 20
25 20 26 20
25 20 25 21
25 20 22 20
25 20 26 20
25 23 25 22
25 23 25 24
25 23 26 23
25 23 25 22
26 6 26 3
26 6 26 7
26 6 25 6
26 21 25 21
26 21 25 21
27 26 27 25
27 26 27 27
27 26 25 26
28 17 28 10
28 17 28 23
28 17 27 17
28 17 28 10
28 17 28 23
28 17 27 17
28 25 28 27
28 25 27 25
28 25 28 27
28 25 27 25
28 27 28 28
28 27 27 27
28 28 27 28
1 27 1 26
1 27 8 27
2 1 3 1
2 1 3 1
2 5 2 17
2 5 3 5
3 1 3 3
3 1 4 1
3 3 3 4
3 14 3 8
3 14 3 17
3 14 3 8
3 14 3 17
3 17 3 18
3 17 2 17
4 1 4 2
4 2 4 5
4 12 4 10
4 12 4 13
4 12 4 13
4 15 4 16
4 16 4 15
4 16 4 18
4 16 4 15
4 18 4 19
4 18 3 18
4 18 5 18
4 18 4 19
4 18 3 18
4 28 5 28
5 7 5 13
5 7 3 7
5 7 5 13
5 13 5 18
5 19 8 19
5 28 8 28
6 18 8 18
7 16 15 16
8 5 8 8
8 8 8 9
8 18 8 19
8 18 11 18
8 18 8 19
8 28 8 27
8 28 8 27
9 27 8 27
9 27 10 27
10 12 10 13
10 12 17 12
10 12 10 13
10 12 17 12
11 1 11 7
11 7 11 9
11 7 13 7
11 9 11 10
11 9 15 9
11 9 11 10
11 11 13 11
11 18 11 19
11 18 14 18
11 18 11 19
11 25 13 25
12 8 13 8
12 10 13 10
12 27 19 27
13 8 13 7
13 8 14 8
13 11 13 10
13 11 15 11
13 11 13 10
14 10 17 10
15 0 22 0
15 11 17 11
19 1 20 1
21 10 20 10
22 20 22 19
22 20 22 21
22 20 19 20
22 20 22 19
22 21 22 26
22 21 20 21
22 21 24 21
23 22 23 25
23 25 23 26
23 25 24 25
23 25 23 26
24 18 23 18
24 25 24 26
24 25 27 25
24 25 27 25
25 24 26 24
25 26 27 26
26 6 26 3
26 27 22 27
27 26 27 25
1 26 1 24
1 26 0 26
3 7 3 6
3 7 3 8
4 2 4 5
4 6 4 5
5 19 8 19
8 8 8 9
8 13 8 14
8 13 10 13
9 14 10 14
9 19 9 23
9 19 8 19
10 14 12 14
10 14 12 14
10 23 13 23
11 25 13 25
13 22 13 23
13 22 14 22
13 22 13 23
13 22 14 22
13 25 13 24
13 25 16 25
14 10 17 10
15 0 22 0
15 11 17 11
17 10 17 11
17 10 18 10
18 10 18 11
19 1 20 1
19 20 19 17
19 20 19 26
19 26 19 27
19 26 21 26
19 27 22 27
20 1 20 2
21 1 21 2
21 1 22 1
21 1 21 2
21 1 22 1
21 10 20 10
21 22 21 26
22 0 22 1
22 0 23 0
22 1 22 4
23 18 22 18
27 1 27 0
27 1 27 17
27 1 28 1
28 10 28 8
0 26 0 25
0 26 0 25
1 20 1 0
1 20 1 21
1 20 0 20
1 20 1 0
1 20 1 21
1 20 0 20
8 23 3 23
13 24 1 24
13 24 16 24
13 24 16 24
20 10 20 12
21 2 20 2
23 18 22 18
28 7 28 1
28 7 28 1
0 0 0 6
0 24 0 21
0 24 1 24
0 24 0 21
1 21 1 22
1 22 3 22
1 22 3 22
2 23 3 23
3 22 3 19
3 22 3 23
3 23 2 23
14 2 14 1
14 2 13 2
14 2 13 2
28 1 28 0
0 0 0 6
0 6 0 13
0 13 0 14
0 20 0 15
2 19 2 18
3 18 2 18
27 1 27 0
27 1 27 17
27 19 22 19
0 13 0 14
19 17 14 17
20 19 20 18
22 18 21 18
14 17 14 18
20 18 20 19
14 17 14 18
14 17 14 18
14 17 14 18

3633

3 = = = = = 3 - - - - - - 3 2 1 - - - - 3 2 = = 4 2 3 1 1 
3 = = = = = = = = = = = = = = = = = = = 6 3 4 - 7 = 6 7 4 
| 2 2 6 = 6 = = = = = = = = = = = 3 2 1     ǁ 2 ǁ   | ǁ | 
| 4 - 5 1 3 1 3 3 = = = = = 4 = = 4 5 1 - - 4 4 ǁ   | ǁ 1 
| 2 3 = = 3 1 |     1 - 4 2   3 4 - 6 2       | ǁ   | ǁ 2 
5 - - - - - - 4 = = = = = 3 - - - - 2 2       | ǁ   | ǁ 3 
6 = = = = 4 - - - - - - - - - - - - 2 ǁ       | ǁ   | ǁ | 
3         |                     2   | ǁ       | ǁ   | ǁ | 
1         2 - - 3 2       4 1   ǁ   4 5       2 ǁ   | 5 3 
                          ǁ 1   ǁ   | 2 - - - 1 ǁ   | 2 1 
4 = = = = = = = = = = = 7 7 5   ǁ   |         1 ǁ   | 1 | 
ǁ 3 - - - - - 4 - 4 2 1 ǁ | ǁ   ǁ   4 2       | ǁ 2 | 1 | 
ǁ 6 4 3 - 1   ǁ 1 | 1 | ǁ 1 2   ǁ   |         | ǁ ǁ | 5 4 
ǁ 3 3 |       5 4 | 3 4 ǁ       ǁ   |       4 3 5 4 | ǁ 1 
ǁ 1 4 | 2 1   2 2 | 2 | ǁ 2   6 ǁ 6 5 1   3 3 2 ǁ | | ǁ 2 
5 2   |           7 ǁ 5 ǁ 3 2   2 ǁ       3 3 2 ǁ | | ǁ ǁ 
ǁ 4   | 3         ǁ ǁ ǁ ǁ   1 3 3 ǁ 3           3 1 | ǁ ǁ 
ǁ ǁ   | 3         ǁ 4 3 5 5   4 2 ǁ 3 3   1     1   | ǁ ǁ 
ǁ ǁ   | 2         ǁ 2 1 3 2 1 1   ǁ 1 2             | ǁ ǁ 
ǁ 5   |           6 = = = = = = = 7 = = 7 = = = = = 7 7 5 
ǁ 4 2 | 3 2 3 2 3 ǁ 3 - 3 3 2 2   | 2 2 | 1         ǁ | | 
ǁ 4 3 1     2   2 ǁ 2   | 2   6 1 | 1   | | 1 - - - 3 | | 
4 4 - - 3 3   5   5 - - 7 - 2     | 3 3 6 5 - - - - 1 2 | 
2   1 2 2 3 2 3 1   1 2 6   4 6 4 | 3 | ǁ | 1 - - 4 2 | | 
1       2   6     4   3   1   2 2 | 1 | ǁ 3 = 6 2 4 1 | | 
    2 5 - - 7 - 3 4 1 1 4     4 4 |   | 6 4 2 6 2 ǁ 2 | | 
    1 3 = = 5 1 1 3     2     1 2 |   | 2 2   1 1 ǁ ǁ 1 1 
2 5 = = = = = = = = = = = = = = = 5   3           6 5 2 1 
1 4 = = = = = 2 1 - 3 = = = = = = 6 = = = = = 2   4 = 4 3 
