29 29
3 3 0 3 4 5 0 0 2 2 2 3 1 3 5 0 0 0 4 0 0 1 0 0 4 3 2 4 1 
4 1 0 0 2 2 0 0 0 1 0 0 0 1 2 1 0 0 0 0 0 3 2 0 0 1 0 0 0 
3 0 0 4 0 0 0 0 6 0 5 6 0 0 0 0 0 0 6 0 0 4 0 0 5 0 0 5 4 
5 5 1 0 1 0 0 0 0 2 0 0 4 0 4 1 1 0 0 0 0 0 0 0 0 0 1 0 0 
0 3 1 0 2 4 2 2 0 0 0 0 2 0 0 0 0 0 0 4 0 5 1 1 0 3 4 0 0 
5 3 1 0 0 0 0 0 0 0 0 0 4 0 6 5 6 2 0 0 0 0 0 0 0 0 0 0 0 
0 3 4 6 5 4 1 0 0 0 0 0 5 2 0 0 0 0 0 0 2 0 0 0 0 0 0 0 0 
1 4 0 7 6 2 0 0 0 0 0 0 5 2 0 0 3 3 5 0 0 0 0 0 0 4 5 0 0 
2 3 0 0 2 0 0 3 4 3 0 4 3 1 0 0 0 0 0 0 0 0 0 0 0 0 0 0 0 
1 0 0 7 0 0 6 0 4 3 0 0 0 0 0 0 0 2 4 3 0 0 0 0 0 0 0 0 0 
1 0 0 0 4 2 0 2 3 0 0 6 6 4 0 0 0 0 3 1 0 3 2 4 0 0 0 0 0 
0 3 0 6 6 2 0 4 0 3 0 5 5 3 0 1 3 0 0 0 0 1 0 0 0 0 0 0 0 
0 2 2 2 2 1 0 2 0 0 0 2 1 0 0 0 1 0 0 0 0 0 0 0 0 0 0 0 0 
3 0 0 0 0 0 6 0 0 0 6 0 0 0 6 0 0 0 4 0 7 1 0 3 0 0 0 0 0 
0 3 0 4 2 0 0 4 2 0 0 0 0 0 0 0 0 0 0 0 3 0 0 1 0 0 0 2 0 
3 0 0 3 4 0 0 0 3 1 0 0 0 0 0 1 0 0 0 0 6 0 0 0 7 4 0 3 0 
2 0 0 0 3 1 0 0 0 2 0 0 0 0 0 0 0 0 1 0 3 0 0 0 2 3 0 0 0 
2 8 0 0 0 0 6 4 3 0 0 2 0 0 7 0 0 0 0 0 0 0 0 0 0 0 4 4 0 
3 7 4 3 4 0 7 0 4 3 0 3 0 0 5 1 2 0 4 0 0 0 0 0 0 0 2 2 0 
0 1 0 4 0 0 5 1 3 1 0 2 2 2 4 2 0 0 0 0 0 0 0 0 0 0 0 0 0 
4 2 0 0 0 2 0 0 0 0 6 0 0 0 0 0 0 0 7 0 0 0 0 0 0 0 4 2 0 
3 5 7 3 0 0 3 3 3 2 0 0 1 1 0 0 0 0 6 0 0 0 0 0 0 0 1 1 0 
2 0 4 3 0 0 0 1 0 1 0 0 5 0 0 4 4 1 0 0 0 0 0 0 0 0 0 0 2 
3 4 0 0 0 5 4 0 6 1 0 1 3 0 0 0 0 1 6 0 0 0 0 0 0 3 0 5 2 
1 0 0 1 0 5 2 2 4 0 6 0 0 0 0 5 4 0 3 0 0 0 0 0 5 0 1 0 0 
4 5 0 0 0 0 0 0 0 1 3 0 0 2 2 3 0 0 2 2 4 0 2 0 4 0 0 3 0 
5 7 0 0 0 0 0 4 3 0 0 0 0 0 0 0 0 0 0 0 7 0 0 5 3 2 0 0 0 
3 2 2 0 0 0 0 6 0 0 0 0 0 0 3 0 0 0 0 0 6 0 0 1 0 1 0 0 0 
2 0 0 0 0 0 0 2 0 0 0 1 0 0 0 0 0 0 0 0 2 0 0 0 0 0 0 0 0 
300 401
0 5 0 4
0 5 0 8
0 5 1 5
0 14 0 13
0 14 0 18
0 14 1 14
3 0 3 1
3 0 2 0
3 0 5 0
5 0 5 1
5 0 3 0
5 0 7 0
5 0 5 1
7 3 7 1
7 3 7 4
7 3 6 3
7 3 9 3
7 26 7 25
7 26 4 26
7 26 17 26
9 3 9 0
9 3 9 6
9 3 7 3
9 3 11 3
10 0 13 0
10 4 10 5
10 4 11 4
10 4 10 5
10 4 11 4
11 4 11 3
11 4 11 5
11 4 12 4
11 4 11 3
13 20 13 18
13 20 13 21
13 20 6 20
13 20 14 20
13 23 10 23
13 23 14 23
13 23 10 23
15 24 15 20
15 24 15 25
15 24 2 24
15 24 16 24
17 1 17 0
17 1 17 6
17 1 14 1
17 1 18 1
17 1 17 0
17 1 17 6
17 1 14 1
17 1 18 1
17 6 17 7
17 6 13 6
17 6 18 6
17 6 17 7
17 14 17 11
17 14 17 26
17 14 13 14
17 14 18 14
18 1 18 0
18 1 18 2
18 1 19 1
18 4 18 3
18 4 18 6
18 4 18 3
18 4 18 6
18 6 18 8
18 6 19 6
20 18 20 10
20 18 20 26
20 18 18 18
20 18 21 18
21 2 21 1
21 2 21 3
21 2 18 2
21 2 22 2
21 18 21 13
21 18 21 26
21 18 20 18
21 18 23 18
24 5 24 3
24 5 24 6
24 5 23 5
24 24 24 18
24 24 24 26
24 24 25 24
26 0 26 1
26 0 25 0
26 0 27 0
26 20 26 8
26 20 26 23
26 20 25 20
26 20 27 20
26 23 26 20
26 23 26 24
26 23 27 23
26 23 26 24
26 25 26 24
26 25 27 25
27 20 27 14
27 20 26 20
27 20 28 20
27 20 27 14
27 20 26 20
28 20 28 11
7 18 7 17
7 18 2 18
7 18 9 18
8 0 8 1
8 0 8 1
8 1 7 1
9 3 9 6
9 3 11 3
9 6 9 8
9 6 6 6
9 6 13 6
9 6 9 8
10 23 10 22
10 23 4 23
11 5 12 5
11 21 10 21
13 6 13 0
13 6 13 10
13 20 13 18
13 20 6 20
13 20 14 20
14 1 14 3
14 3 14 4
14 3 15 3
14 3 14 4
14 7 14 8
14 7 17 7
14 7 14 8
14 7 17 7
14 20 15 20
15 3 15 4
15 4 15 3
15 4 16 4
15 4 16 4
15 20 15 15
15 20 15 24
15 20 16 20
15 20 16 20
16 0 15 0
16 4 16 5
16 18 16 20
18 1 18 0
18 1 18 2
18 2 18 3
18 6 18 8
18 6 19 6
19 3 19 6
19 3 21 3
19 3 19 6
19 3 21 3
21 18 20 18
22 3 22 2
22 3 22 7
22 3 22 2
23 18 23 17
23 18 23 25
23 18 24 18
24 5 24 6
24 5 23 5
25 20 25 19
25 20 25 22
25 20 25 19
25 22 25 24
25 24 25 27
25 24 24 24
25 27 23 27
25 27 23 27
27 14 27 7
4 19 4 21
4 19 9 19
4 19 4 21
4 19 9 19
6 12 6 13
6 12 5 12
6 12 7 12
7 1 7 3
7 1 6 1
8 4 7 4
12 4 12 3
13 6 13 0
13 6 13 10
13 10 13 14
13 10 2 10
13 10 20 10
13 10 13 14
13 14 13 18
13 14 5 14
13 14 17 14
13 18 10 18
15 0 16 0
18 0 20 0
20 0 20 1
20 0 21 0
20 0 20 1
20 5 20 10
20 10 20 5
20 10 20 18
20 10 24 10
20 26 20 27
20 26 18 26
20 26 20 27
21 6 21 7
21 12 22 12
21 27 23 27
22 12 22 15
22 12 23 12
22 12 22 15
22 12 23 12
22 15 22 16
22 15 24 15
22 16 22 17
22 16 24 16
22 16 24 16
23 6 23 5
23 6 23 8
23 6 23 5
23 6 23 8
23 8 23 9
23 8 21 8
23 8 24 8
23 8 21 8
23 11 23 12
23 18 23 25
23 18 24 18
23 25 23 27
23 27 23 28
23 28 22 28
24 10 24 8
24 10 24 15
24 10 25 10
24 10 24 8
24 10 24 15
24 16 24 15
24 16 24 15
25 18 25 15
25 18 25 15
27 7 27 2
27 7 26 7
27 7 28 7
27 7 27 2
27 7 26 7
28 7 28 0
5 14 5 12
5 14 5 15
5 14 3 14
5 14 5 12
5 14 5 15
8 4 7 4
10 11 10 12
10 11 8 11
10 11 11 11
10 11 10 12
10 11 8 11
10 11 11 11
10 12 10 13
10 12 8 12
10 12 11 12
10 12 10 13
10 13 8 13
10 13 11 13
11 13 11 12
12 7 11 7
12 16 11 16
18 18 18 16
18 18 18 26
18 18 18 16
18 27 17 27
18 27 17 27
19 6 19 7
21 6 21 7
21 9 21 8
21 9 22 9
22 2 22 0
22 28 2 28
23 5 23 1
24 8 24 7
25 15 25 14
26 8 26 7
26 8 26 7
28 0 27 0
2 28 2 27
2 28 0 28
2 28 2 27
5 12 4 12
6 12 6 13
6 12 7 12
7 4 7 3
7 4 7 5
7 4 6 4
7 5 6 5
7 13 7 12
8 11 8 12
8 11 2 11
8 12 7 12
11 13 11 12
12 7 11 7
17 27 17 26
17 27 15 27
21 1 21 0
21 1 21 2
21 1 21 0
21 1 21 2
21 6 21 7
22 0 23 0
23 1 23 0
23 1 25 1
23 1 23 0
24 0 25 0
25 0 25 1
25 0 26 0
25 1 25 9
25 1 26 1
25 1 26 1
25 10 25 13
25 10 25 13
26 1 26 0
26 1 27 1
26 1 27 1
0 27 0 26
0 27 2 27
0 27 0 26
0 27 2 27
2 11 2 10
2 11 2 18
2 11 0 11
2 11 2 10
2 11 2 18
2 18 2 21
2 18 0 18
2 18 7 18
3 12 3 14
3 12 4 12
3 12 3 14
3 14 3 15
3 16 5 16
3 26 4 26
4 26 4 25
4 26 7 26
5 15 5 16
5 15 11 15
5 15 5 16
6 3 6 2
6 3 6 4
6 3 2 3
6 3 6 2
6 3 6 4
6 5 6 4
6 5 4 5
6 5 6 4
7 12 7 13
11 7 11 9
11 7 10 7
11 9 9 9
11 16 7 16
15 27 14 27
17 26 17 14
0 18 0 14
0 18 0 21
0 24 0 25
0 24 2 24
0 24 0 25
0 24 2 24
0 25 1 25
1 15 1 14
4 25 7 25
6 2 6 1
6 2 5 2
7 26 7 25
10 7 10 8
10 8 9 8
11 9 9 9
11 16 7 16
15 27 14 27
0 14 0 13
1 13 0 13
2 27 2 24
4 25 7 25
6 1 5 1
10 8 9 8
15 25 15 24
15 25 16 25
15 25 15 24
16 24 16 25
0 12 0 11
2 24 2 21
4 1 4 2
4 1 3 1
4 1 3 1
9 9 8 9
0 11 0 10
1 22 1 21
2 21 1 21
2 21 4 21
3 2 3 1
1 21 1 22

8967

3 3   3 4 5 - - 2 2 2 3 1 3 5 = = = 4 - - 1     4 3 2 4 1 
4 1     2 2       1   |   1 2 1     |     3 2   ǁ 1   ǁ | 
3     4         6   5 6 = = = = = = 6 - - 4 - - 5 - - 5 4 
5 5 1 | 1         2 | | 4 = 4 1 1   ǁ     |     |   1   | 
ǁ 3 1 | 2 4 2 2     | | 2   |   |   ǁ 4 = 5 1 1 | 3 4   | 
5 3 1 |   |         | | 4 = 6 5 6 2 ǁ ǁ       | | ǁ ǁ   | 
| 3 4 6 5 4 1       | | 5 2 | |     ǁ ǁ 2     | | ǁ ǁ   | 
1 4 = 7 6 2 |       | | 5 2 | | 3 3 5 ǁ ǁ     | | 4 5   | 
2 3   ǁ 2   | 3 4 3 | 4 3 1 | | ǁ   | ǁ ǁ     | |   |   | 
1 - - 7 = = 6 = 4 3 | ǁ | | | | ǁ 2 4 3 ǁ     | |   |   | 
1     ǁ 4 2 | 2 3 ǁ | 6 6 4 | | ǁ   3 1 ǁ 3 2 4 |   |   | 
| 3   6 6 2 | 4 - 3 | 5 5 3 | 1 3   |   ǁ 1   ǁ |   |   | 
| 2 2 2 2 1 | 2     | 2 1   |   1   |   ǁ     ǁ |   |   | 
3 = = = = = 6 = = = 6 = = = 6 - - - 4 = 7 1   3 |   |   | 
  3 - 4 2   | 4 2   |       ǁ           3     1 |   | 2 | 
3 ǁ   3 4   | ǁ 3 1 |       ǁ 1 - - - - 6 = = = 7 4 | 3 | 
2 ǁ     3 1 | ǁ   2 |       ǁ       1 - 3       2 3 | | | 
2 8 = = = = 6 4 3   | 2 - - 7 = = = = = = = = = = = 4 4 | 
3 7 4 3 4 = 7 = 4 3 | 3     5 1 2 = 4 - - - - - - - 2 2 | 
| 1 | 4 = = 5 1 3 1 | 2 2 2 4 2     |               |   | 
4 2 | ǁ   2 = = = = 6 = = = = = = = 7 - - - - - - - 4 2 | 
3 5 7 3     3 3 3 2 |   1 1 - - - - 6 - - - - - - - 1 1 | 
2 - 4 3 - - - 1 ǁ 1 |   5 = = 4 4 1 |                 | 2 
3 4 - - - 5 4 = 6 1 | 1 3     | ǁ 1 6 = = = = = = 3 - 5 2 
1 |   1 - 5 2 2 4 = 6 = = = = 5 4   3 - - - - - 5 - 1 ǁ   
4 5 - - - - - - - 1 3 = = 2 2 3 = = 2 2 4 - 2 - 4 - - 3   
5 7           4 3 - - - - - - - - - - - 7 = = 5 3 2       
3 2 2 = = = = 6 - - - - - - 3 = = = = = 6     1   1       
2 - - - - - - 2       1 - - - - - - - - 2                 
