29 29
2 0 0 0 0 0 4 0 0 0 6 0 0 4 1 4 4 2 0 2 0 0 0 0 0 3 3 5 1 
0 3 0 0 4 2 0 1 0 0 4 0 1 2 0 0 0 0 0 3 2 0 2 1 0 0 0 0 2 
0 0 2 0 5 0 7 0 0 0 0 0 0 0 4 5 4 0 0 0 0 0 0 0 0 0 1 0 4 
0 4 3 2 3 2 0 1 0 0 0 5 0 0 6 0 0 8 0 0 0 0 6 5 2 0 0 0 0 
0 4 2 0 6 6 0 0 0 2 0 4 0 0 0 0 0 0 0 0 0 2 0 0 0 6 0 8 6 
0 6 8 0 7 6 0 2 0 4 0 0 0 0 8 2 0 0 0 0 0 3 0 2 0 0 0 3 3 
0 3 3 0 0 2 0 0 0 0 0 0 0 0 4 2 0 0 0 0 0 0 0 0 0 0 0 1 2 
0 3 0 0 6 0 6 0 0 0 0 0 0 0 0 0 0 7 0 0 0 0 0 0 0 7 0 4 3 
0 3 4 4 6 0 0 2 3 0 5 0 0 5 1 0 0 0 2 0 3 0 5 0 0 4 1 5 2 
0 2 4 0 6 2 0 0 5 2 0 0 0 4 0 0 0 0 1 0 0 0 3 3 0 0 3 0 1 
0 2 0 4 0 0 8 6 5 2 0 2 0 4 0 0 0 0 0 0 0 0 0 2 0 0 0 0 0 
0 5 4 0 0 0 0 2 6 0 7 0 0 0 0 0 0 7 0 0 0 0 0 0 0 0 6 5 5 
0 4 0 0 0 0 0 4 6 2 0 0 0 0 0 0 0 0 2 0 0 6 5 2 0 5 6 2 4 
0 4 5 0 2 0 0 0 0 0 0 3 0 0 0 3 0 0 3 0 0 7 6 1 0 0 2 2 0 
0 2 4 0 0 0 0 3 0 0 0 0 2 0 0 0 0 0 0 0 2 0 0 0 0 0 0 0 0 
0 1 2 0 0 0 0 0 0 0 0 0 0 0 0 0 0 0 5 4 3 0 5 0 0 8 0 5 0 
0 2 0 6 6 0 0 0 0 0 0 0 6 0 4 0 0 0 0 0 0 0 0 0 0 0 0 0 0 
0 1 0 0 0 0 0 0 0 0 0 0 6 2 0 4 0 0 4 3 0 0 4 1 0 0 0 2 0 
0 0 0 2 0 0 0 0 0 0 2 4 5 2 0 2 0 0 0 0 0 0 1 0 0 0 2 5 4 
0 0 0 0 0 0 0 5 0 0 0 0 0 0 8 0 0 6 0 0 0 6 0 0 0 7 0 8 4 
0 0 0 0 0 0 0 0 0 4 0 4 3 4 0 4 0 6 5 5 2 0 2 3 1 0 2 0 0 
0 0 0 0 0 0 0 5 3 0 0 0 1 0 4 4 0 0 0 4 0 7 5 3 3 6 5 0 0 
4 0 0 6 4 0 0 2 1 5 4 8 0 6 0 0 0 5 0 2 2 0 3 2 0 5 3 0 0 
5 3 3 4 0 0 5 3 1 0 0 6 0 0 2 0 0 3 0 2 0 0 3 1 0 2 0 0 0 
3 0 0 0 0 0 0 0 0 0 0 6 4 0 4 0 0 6 0 0 0 0 0 0 0 0 0 0 0 
0 0 5 0 0 0 5 0 0 7 3 7 0 0 0 0 6 4 0 5 3 6 7 0 3 0 0 0 0 
2 0 6 2 1 0 4 2 0 5 0 4 0 0 1 0 0 0 0 2 0 4 7 0 0 0 0 7 3 
1 0 4 0 0 0 5 0 0 0 0 1 0 0 0 0 4 0 7 0 3 3 6 3 0 3 0 3 0 
2 5 0 0 0 0 0 0 0 0 0 0 0 0 0 0 0 0 6 0 0 0 3 1 0 3 0 5 3 
300 479
0 10 0 6
0 10 0 13
0 10 1 10
0 10 0 6
0 10 0 13
0 10 1 10
0 13 0 14
0 13 1 13
0 15 0 16
0 15 2 15
0 15 0 16
0 15 2 15
0 16 0 17
0 16 2 16
0 27 0 26
0 27 0 28
0 27 4 27
1 28 2 28
2 6 2 4
2 6 2 14
2 6 0 6
2 6 7 6
2 28 1 28
2 28 4 28
2 28 4 28
3 11 3 7
3 11 3 14
3 11 4 11
3 17 3 14
3 17 3 22
3 17 0 17
3 17 7 17
4 5 4 4
4 5 3 5
4 5 5 5
4 5 4 4
4 5 3 5
4 5 5 5
4 27 4 25
4 27 4 28
4 27 0 27
4 27 5 27
4 28 4 27
4 28 5 28
5 1 5 2
5 1 4 1
5 1 6 1
5 1 5 2
5 1 4 1
5 1 6 1
5 2 5 4
5 2 4 2
5 2 6 2
5 5 5 4
5 5 6 5
5 5 5 4
5 5 6 5
5 14 5 9
5 14 5 15
5 14 3 14
5 14 6 14
5 14 5 9
5 14 5 15
5 14 3 14
5 14 6 14
6 14 6 15
6 14 8 14
6 15 13 15
7 6 7 4
7 6 2 6
7 6 10 6
7 6 7 4
7 6 10 6
7 17 7 25
7 17 3 17
7 17 11 17
7 17 7 25
7 17 11 17
7 25 7 27
7 25 4 25
7 25 8 25
8 4 8 3
8 4 7 4
8 4 9 4
8 4 8 3
8 4 7 4
8 4 9 4
8 10 8 8
8 10 8 13
8 10 11 10
8 13 8 10
8 13 9 13
8 13 9 13
8 13 9 13
8 22 8 20
8 22 8 25
8 22 9 22
9 4 9 2
9 4 9 5
9 4 13 4
9 4 9 2
9 8 9 9
9 8 8 8
9 8 10 8
9 13 10 13
10 3 10 1
10 3 16 3
10 3 10 1
10 3 16 3
10 6 10 7
10 6 23 6
10 6 10 7
10 6 23 6
10 6 10 7
10 6 10 7
10 7 10 8
10 7 8 7
10 13 10 11
10 13 17 13
10 13 10 11
11 2 11 1
11 2 13 2
11 2 11 1
11 2 13 2
11 10 11 8
11 10 8 10
11 10 18 10
11 10 11 8
11 10 18 10
11 28 11 27
11 28 9 28
11 28 12 28
12 1 11 1
12 1 13 1
12 1 11 1
12 1 13 1
12 21 12 18
12 21 12 22
12 21 13 21
12 21 12 18
12 21 12 22
12 21 13 21
13 1 13 2
13 1 14 1
13 2 14 2
13 4 16 4
13 11 18 11
13 21 13 18
13 21 13 22
13 21 19 21
14 12 16 12
14 20 15 20
15 18 15 19
15 18 13 18
15 18 17 18
15 22 15 25
15 22 13 22
15 22 17 22
15 25 15 22
15 25 15 27
15 25 12 25
15 25 19 25
16 3 16 1
16 3 16 4
16 3 18 3
16 3 16 1
16 4 22 4
16 4 22 4
16 14 19 14
16 14 19 14
17 1 23 1
17 12 17 13
17 12 16 12
17 12 18 12
17 12 16 12
17 12 18 12
17 22 17 23
17 22 15 22
17 22 18 22
18 3 22 3
19 7 19 14
19 7 14 7
19 7 21 7
19 14 19 7
19 14 19 17
19 14 21 14
19 27 19 25
19 27 19 28
19 27 18 27
19 27 26 27
19 27 19 25
19 27 19 28
19 27 18 27
19 27 26 27
19 28 18 28
19 28 26 28
20 9 20 11
20 9 22 9
20 9 20 11
20 9 22 9
20 11 20 12
20 11 22 11
20 13 20 12
20 13 22 13
20 13 20 12
20 13 22 13
20 15 20 17
20 15 21 15
20 15 20 17
20 15 21 15
20 17 20 18
20 17 19 17
20 17 22 17
20 17 20 18
21 12 24 12
21 15 21 14
21 21 21 19
21 21 21 22
21 21 19 21
21 21 25 21
21 26 21 25
21 26 20 26
21 26 22 26
22 0 0 0
22 0 23 0
22 0 0 0
22 0 23 0
22 4 22 3
22 4 26 4
22 13 22 17
22 13 22 17
23 11 23 8
23 11 22 11
23 11 24 11
23 11 22 11
23 11 24 11
24 11 24 12
24 11 23 11
24 11 25 11
24 11 24 12
24 12 24 14
24 17 24 14
24 17 23 17
24 17 25 17
24 17 24 14
24 17 23 17
24 17 25 17
25 6 25 9
25 6 23 6
25 6 26 6
25 9 25 6
25 9 25 10
25 9 26 9
25 9 25 10
25 9 26 9
25 11 25 10
25 11 25 16
25 11 26 11
25 16 25 11
25 16 25 17
25 16 27 16
25 16 25 17
25 16 27 16
25 19 25 20
25 19 23 19
25 19 26 19
25 22 25 21
25 22 25 24
25 22 23 22
25 22 26 22
26 14 26 11
26 27 26 22
26 27 26 28
26 27 27 27
27 6 27 2
27 6 27 11
27 6 26 6
27 16 27 18
27 16 27 18
27 18 27 20
27 18 20 18
27 18 28 18
28 1 28 0
28 1 28 18
28 1 23 1
28 18 28 1
28 18 28 22
28 18 27 18
28 27 28 25
28 27 28 28
28 27 27 27
0 6 2 6
0 27 0 26
1 5 1 4
1 7 1 10
1 10 1 12
2 16 2 15
2 26 0 26
3 11 3 14
3 11 4 11
3 22 3 17
3 22 3 23
3 22 1 22
3 22 3 23
3 22 1 22
3 24 3 23
4 1 4 2
4 1 3 1
4 4 3 4
4 4 5 4
4 11 4 9
4 27 4 25
4 27 4 28
5 9 5 7
5 9 4 9
8 3 8 2
9 2 9 1
9 2 8 2
11 8 11 7
11 8 10 8
11 8 12 8
11 8 11 7
11 28 11 27
11 28 12 28
12 7 12 8
12 7 14 7
12 7 12 8
12 7 14 7
12 8 12 9
12 9 12 8
12 28 12 27
12 28 18 28
13 2 14 2
13 11 18 11
13 22 13 21
13 22 13 23
13 22 12 22
14 2 14 1
14 2 15 2
14 12 16 12
14 20 15 20
15 1 15 2
15 25 15 27
15 25 12 25
15 25 19 25
16 12 17 12
18 11 18 12
18 13 18 12
18 15 17 15
18 26 18 27
18 28 18 27
18 28 18 27
19 7 21 7
19 14 19 17
19 14 21 14
21 14 21 15
22 3 23 3
22 3 23 3
22 10 22 9
22 10 22 11
22 10 22 9
22 10 22 11
22 17 23 17
23 14 24 14
25 9 26 9
25 11 26 11
26 2 26 3
26 2 25 2
26 2 27 2
26 2 26 3
26 2 25 2
26 2 27 2
26 11 26 9
27 2 27 6
27 6 26 6
28 18 28 22
1 5 1 4
1 20 1 19
1 23 3 23
2 16 2 15
3 1 3 2
3 1 1 1
3 1 3 2
3 17 3 14
3 24 3 23
4 4 3 4
4 4 5 4
4 25 4 21
4 25 0 25
4 25 7 25
5 7 8 7
5 23 5 21
8 3 8 2
8 8 9 8
9 1 8 1
13 22 13 21
17 27 15 27
18 11 18 12
18 15 17 15
19 21 19 17
19 21 19 25
19 21 21 21
19 21 19 17
19 25 21 25
19 25 21 25
20 19 20 18
20 19 20 20
20 19 21 19
20 20 20 19
20 26 21 26
21 25 21 24
21 25 21 26
21 25 22 25
22 3 23 3
22 3 23 3
22 9 22 8
22 26 22 25
22 26 22 25
25 2 23 2
26 6 26 7
26 7 26 9
0 25 0 19
0 25 0 19
1 1 1 4
1 1 1 4
1 19 1 20
2 14 2 6
2 14 2 15
3 3 3 2
3 3 3 4
4 21 5 21
5 21 5 23
8 2 8 1
15 20 15 19
17 15 17 18
17 15 13 15
17 18 17 19
17 18 15 18
17 19 15 19
17 27 15 27
21 8 21 7
25 2 23 2
25 6 23 6
2 2 2 4
2 2 2 4
8 1 7 1
11 17 11 26
12 22 12 23
13 15 13 18
15 18 15 19
15 27 13 27
21 8 21 7
23 2 23 1
23 6 23 7
23 7 22 7
28 1 28 0
10 23 9 23
11 17 11 26
11 26 11 27
11 26 9 26
11 26 12 26
11 26 11 27
12 22 12 23
12 25 12 26
12 26 12 25
12 26 12 27
12 26 13 26
12 26 12 25
13 26 13 27
21 8 21 7
22 7 23 7
23 0 24 0
27 0 26 0
10 23 9 23
11 27 8 27
23 0 24 0
26 0 24 0
9 26 9 23
9 26 8 26

3197

2           4 = = = 6 = = 4 1 4 4 2   2 = = = = = 3 3 5 1 
ǁ 3 = = 4 2 ǁ 1 - - 4 - 1 2   ǁ | |   3 2   2 1   | | ǁ 2 
ǁ | 2 = 5 - 7 = = = = = = = 4 5 4 |         ǁ |   | 1 ǁ 4 
ǁ 4 3 2 3 2 ǁ 1 - - - 5 = = 6 = = 8 = = = = 6 5 2 |   ǁ ǁ 
ǁ 4 2   6 6 ǁ     2 - 4     ǁ     ǁ       2 - - - 6 = 8 6 
ǁ 6 8 - 7 6 ǁ 2 - 4 = = = = 8 2   ǁ       3 = 2   ǁ   3 3 
ǁ 3 3     2 ǁ |             4 2   ǁ               ǁ   1 2 
ǁ 3     6 = 6 |             | |   7 = = = = = = = 7 - 4 3 
ǁ 3 4 4 6   ǁ 2 3 - 5 = = 5 1 |   ǁ 2   3 - 5 - - 4 1 5 2 
ǁ 2 4 = 6 2 ǁ | 5 2 ǁ     4   |   ǁ 1       3 3 - - 3 | 1 
ǁ 2 = 4 |   8 6 5 2 ǁ 2 = 4   |   ǁ           2     | | | 
ǁ 5 4 ǁ |   ǁ 2 6 = 7     |   |   7 = = = = = = = = 6 5 5 
ǁ 4 ǁ ǁ |   ǁ 4 6 2 ǁ     |   |     2 = = 6 5 2   5 6 2 4 
ǁ 4 5 ǁ 2   ǁ ǁ     ǁ 3   |   3 - - 3 - - 7 6 1   ǁ 2 2 | 
ǁ 2 4 ǁ |   ǁ 3     ǁ ǁ 2 |   |     |   2 | |     ǁ   | | 
ǁ 1 2 ǁ |   ǁ |     ǁ ǁ ǁ |   |     5 4 3 | 5 = = 8 = 5 | 
ǁ 2 = 6 6   ǁ |     ǁ ǁ 6 | 4 |     ǁ |   | ǁ     ǁ   ǁ | 
ǁ 1   | ǁ   ǁ |     ǁ ǁ 6 2 ǁ 4 - - 4 3   | 4 1   ǁ   2 | 
ǁ |   2 ǁ   ǁ |     2 4 5 2 ǁ 2           | 1     ǁ 2 5 4 
ǁ |   | ǁ   ǁ 5 = = = = = = 8 = = 6 = = = 6 - - - 7 = 8 4 
ǁ |   | ǁ   ǁ ǁ   4 = 4 3 4 ǁ 4 = 6 5 5 2 ǁ 2 3 1 ǁ 2 ǁ | 
ǁ |   | ǁ   ǁ 5 3 ǁ   | 1 ǁ 4 4   | | 4 - 7 5 3 3 6 5 ǁ | 
4 |   6 4   ǁ 2 1 5 4 8 | 6 = = = 5 | 2 2 | 3 2   5 3 ǁ | 
5 3 3 4 |   5 3 1 - - 6 |   2     3 | 2   | 3 1   2   ǁ | 
3 | ǁ   |   ǁ         6 4 - 4 = = 6 | |   | |         ǁ | 
| | 5   |   5 = = 7 3 7 = = = = 6 4 | 5 3 6 7 - 3     ǁ | 
2 | 6 2 1   4 2 - 5 - 4 - - 1   ǁ   | 2   4 7 - - - - 7 3 
1 | 4 = = = 5 - - - - 1         4 = 7 - 3 3 6 3   3   3   
2 5 = = = = = = = = = = = = = = = = 6 = = = 3 1   3 - 5 3 
