29 29
4 0 4 3 0 0 0 0 4 0 0 0 0 0 0 0 0 0 0 0 3 0 0 0 0 1 0 2 1 
2 0 0 2 2 0 0 4 0 2 6 0 4 2 0 0 2 0 0 0 2 0 0 0 0 3 0 0 0 
2 0 5 1 3 2 0 0 0 0 0 1 0 4 0 0 5 0 0 0 0 0 0 0 0 4 2 0 0 
3 2 0 0 2 0 0 5 0 0 6 3 0 2 2 1 0 2 0 0 2 0 2 0 4 3 0 6 2 
4 0 6 3 0 3 2 0 0 0 2 0 0 1 2 0 0 1 0 0 0 0 0 0 0 1 0 0 1 
0 0 0 4 0 0 0 6 0 0 0 0 0 0 0 0 0 0 0 0 0 0 0 0 0 0 0 0 0 
0 0 0 0 1 0 3 0 5 0 0 0 6 4 4 0 5 0 0 0 6 0 0 0 4 0 0 3 2 
0 0 0 4 2 0 6 0 0 1 0 0 0 2 2 2 7 0 2 0 0 1 0 0 3 2 0 3 0 
0 0 0 2 1 2 0 0 0 0 0 0 0 0 1 0 3 1 0 0 0 2 0 0 6 1 0 0 2 
0 0 0 2 4 6 0 0 2 4 0 0 5 0 0 0 0 0 0 0 4 0 1 0 0 2 0 0 0 
0 0 0 0 1 0 0 0 1 0 2 0 0 2 3 0 0 2 0 0 5 0 0 0 5 4 1 0 0 
0 0 0 6 0 7 4 0 0 0 5 0 6 0 0 0 0 0 0 0 6 0 1 2 5 0 0 3 3 
3 2 0 0 1 0 0 0 3 2 3 2 0 4 0 4 1 1 0 2 0 1 3 1 0 3 0 5 4 
3 4 0 0 0 0 0 0 0 1 0 1 0 6 3 0 1 3 0 0 5 0 6 2 0 0 0 0 3 
0 0 0 0 0 0 2 0 6 0 7 2 0 4 3 0 2 7 2 0 0 2 5 2 0 0 0 0 0 
0 2 0 3 2 0 1 0 4 2 4 2 0 2 2 0 1 0 0 0 5 0 4 0 0 2 0 0 0 
0 0 0 2 0 6 0 6 0 0 0 0 5 0 0 3 0 5 2 0 4 2 4 4 0 1 0 0 0 
3 0 6 0 0 0 0 6 0 0 5 3 0 3 0 0 0 0 0 6 0 0 2 2 0 0 0 0 0 
1 1 4 2 5 4 2 7 3 2 4 1 0 4 0 0 3 1 0 0 3 0 0 0 7 3 1 0 0 
0 0 2 0 2 2 0 1 1 2 5 2 0 0 0 0 0 0 0 0 2 1 0 0 2 0 0 0 0 
4 3 0 5 0 0 0 0 0 0 0 0 6 0 0 0 0 0 0 6 0 0 0 0 0 0 0 5 4 
2 0 1 0 0 0 0 0 0 0 0 0 0 3 4 0 0 0 0 7 2 0 0 0 3 1 2 2 0 
1 0 0 0 0 0 0 0 0 0 2 0 3 1 2 0 0 0 0 6 0 0 0 0 6 3 5 1 0 
0 2 2 0 0 0 0 0 0 0 1 0 1 0 1 0 0 0 0 1 1 3 0 0 3 2 0 0 0 
0 4 2 0 0 0 0 0 0 0 0 1 0 0 0 0 0 0 0 3 0 3 2 0 4 4 0 0 0 
4 7 0 4 0 0 0 0 0 0 0 0 0 0 0 0 0 0 0 1 0 0 1 0 0 2 0 0 0 
1 0 3 5 0 0 0 0 0 0 0 0 0 0 0 0 0 0 0 0 0 0 0 0 6 0 5 1 0 
2 4 3 2 0 1 0 0 0 0 0 0 0 0 0 0 0 0 0 0 0 0 0 0 3 2 3 3 3 
0 0 1 0 0 0 0 0 0 0 0 0 0 0 0 0 0 0 0 0 0 0 0 0 4 0 2 2 0 
300 210
0 0 0 2
0 0 1 0
0 0 0 2
0 0 1 0
0 2 0 3
0 2 2 2
1 10 1 9
1 10 1 12
1 10 3 10
1 10 1 9
1 10 1 12
1 10 3 10
1 12 1 13
1 12 6 12
2 11 3 11
3 10 3 7
3 10 3 11
3 10 4 10
3 10 3 7
3 11 12 11
5 7 5 3
5 7 3 7
5 7 16 7
5 7 5 3
5 7 3 7
5 7 16 7
6 8 9 8
7 6 7 4
7 6 6 6
7 6 11 6
7 6 7 4
7 6 6 6
7 6 11 6
7 9 9 9
7 16 7 15
7 16 7 18
7 16 6 16
7 16 8 16
9 5 9 4
9 5 8 5
9 5 11 5
9 5 9 4
9 5 8 5
9 5 11 5
9 9 9 8
9 9 12 9
9 9 12 9
9 12 9 20
9 12 6 12
9 12 11 12
10 8 12 8
11 3 11 5
11 3 9 3
11 3 15 3
11 3 11 5
11 3 9 3
11 3 15 3
11 6 11 5
11 6 14 6
11 12 11 20
11 12 9 12
11 12 16 12
11 12 11 20
11 12 16 12
11 20 11 22
11 20 10 20
11 20 13 20
11 20 10 20
12 4 15 4
12 8 14 8
12 13 12 15
12 13 13 13
12 13 12 15
12 13 13 13
12 15 12 16
12 15 16 15
13 13 13 14
13 13 14 13
13 13 13 14
13 13 14 13
13 14 14 14
14 6 15 6
14 8 14 10
14 8 12 8
14 8 15 8
14 8 14 10
14 8 15 8
14 10 14 11
14 10 12 10
14 10 15 10
14 13 14 14
14 13 15 13
14 14 15 14
14 17 14 16
14 17 14 18
14 17 13 17
14 17 16 17
15 8 15 9
15 8 18 8
15 20 15 22
15 20 13 20
15 20 16 20
16 7 16 5
16 7 17 7
16 7 16 5
16 7 17 7
17 7 17 2
17 7 18 7
17 7 17 2
17 7 18 7
17 10 17 11
17 10 15 10
17 10 18 10
18 4 18 3
18 4 18 5
18 4 19 4
18 7 18 6
18 7 18 8
18 7 19 7
18 7 18 6
18 7 18 8
18 24 18 20
18 24 18 25
18 24 11 24
18 24 19 24
19 8 19 9
21 19 21 14
21 19 21 20
21 19 20 19
21 19 22 19
25 0 25 1
25 0 22 0
25 0 26 0
25 0 25 1
25 1 25 3
25 1 24 1
25 1 27 1
27 0 27 1
27 0 27 1
27 1 27 2
0 8 0 3
0 8 0 20
0 8 0 3
0 8 0 20
1 7 1 4
1 7 3 7
1 7 1 4
4 6 4 5
4 10 10 10
5 3 4 3
5 3 7 3
6 4 6 6
6 12 6 13
6 12 9 12
6 12 6 13
6 12 6 13
7 3 8 3
9 4 8 4
9 4 10 4
10 10 11 10
10 13 10 14
11 5 16 5
11 5 16 5
11 10 12 10
15 4 15 3
16 3 16 5
16 5 16 3
17 2 17 0
17 2 4 2
17 2 18 2
17 2 17 0
18 5 18 4
18 5 19 5
18 5 18 4
25 1 25 3
25 1 24 1
1 3 2 3
2 2 2 0
2 2 4 2
3 4 2 4
4 2 4 0
4 2 4 3
4 2 2 2
4 2 4 0
4 3 4 5
4 6 4 5
7 3 8 3
10 13 10 14
10 14 10 17
10 17 10 20
11 10 12 10
12 11 13 11
14 10 14 11
14 10 15 10
15 1 13 1
24 1 24 2
24 1 23 1
2 2 2 0
2 5 2 4
3 1 3 0
3 4 2 4
4 0 3 0
4 0 12 0
15 1 13 1
3 0 3 1
13 1 13 0
13 1 12 1
12 1 12 0
13 0 12 0
13 0 17 0

3659

4 = 4 3 = = = = 4 = = = = = = = = = = = 3         1   2 1 
2   | 2 2 = = 4   2 6 = 4 2     2       2         3       
2 = 5 1 3 2   |     ǁ 1 | 4     5                 4 2     
3 2 ǁ   2     5 = = 6 3 | 2 2 1   2     2   2   4 3   6 2 
4 = 6 3 - 3 2 ǁ     2 | | 1 2     1               1     1 
|   | 4 = = = 6     | | |                                 
|   | | 1 - 3 ǁ 5   | | 6 4 4   5       6       4     3 2 
|   | 4 2 = 6 ǁ | 1 | | ǁ 2 2 2 7 - 2     1     3 2   3   
|   | 2 1 2 ǁ ǁ | | | | ǁ   1   3 1       2     6 1     2 
|   | 2 4 6 ǁ ǁ 2 4 | | 5 - - - - - - - 4   1     2       
|   | ǁ 1 ǁ ǁ ǁ 1 ǁ 2 | ǁ 2 3 - - 2 - - 5       5 4 1     
|   | 6 = 7 4 ǁ | ǁ 5 | 6 = = = = = = = 6 - 1 2 5     3 3 
3 2 | ǁ 1 ǁ | ǁ 3 2 3 2 ǁ 4 = 4 1 1   2 | 1 3 1 | 3   5 4 
3 4 | ǁ | ǁ | ǁ ǁ 1 | 1 ǁ 6 3 | 1 3     5   6 2 |       3 
| ǁ | ǁ | ǁ 2 ǁ 6 = 7 2 ǁ 4 3 | 2 7 2   | 2 5 2 |         
| 2 | 3 2 ǁ 1 ǁ 4 2 4 2 ǁ 2 2 | 1 |     5 - 4   | 2       
|   | 2 = 6 = 6 |   |   5     3   5 2   4 2 4 4 | 1       
3 = 6 = = = = 6 |   5 3   3           6     2 2 |         
1 1 4 2 5 4 2 7 3 2 4 1   4     3 1     3 - - - 7 3 1     
    2   2 2   1 1 2 5 2                 2 1     2         
4 3   5                 6             6               5 4 
2   1                     3 4 - - - - 7 2       3 1 2 2   
1                   2   3 1 2         6         6 3 5 1   
| 2 2               1   1   1         1 1 3     3 2       
| 4 2                 1               3   3 2   4 4       
4 7 = 4                               1     1     2       
1 | 3 5                                         6   5 1   
2 4 3 2   1                                     3 2 3 3 3 
    1                                           4   2 2   
