29 29
0 1 2 4 1 0 3 0 0 0 0 0 0 0 0 0 2 0 0 0 2 0 1 1 5 0 4 2 3 
2 6 2 0 2 1 1 3 2 0 0 0 0 0 0 0 0 0 0 0 0 0 0 0 2 0 0 0 0 
0 0 0 0 4 5 0 6 0 0 0 0 0 0 0 0 6 0 0 0 6 0 0 0 0 0 5 1 3 
0 0 0 0 1 2 0 5 2 2 4 0 0 0 0 4 0 2 4 1 3 0 2 0 0 0 0 1 0 
0 0 0 0 3 0 0 4 0 1 2 0 1 1 0 0 0 0 3 1 0 0 0 0 0 0 5 3 0 
1 4 0 7 0 0 0 0 4 0 0 0 3 3 1 0 0 0 0 0 1 0 4 0 2 1 3 1 0 
0 0 2 0 3 0 0 0 0 0 0 0 0 0 0 6 5 0 4 3 0 0 6 0 0 0 0 4 2 
1 5 5 0 2 2 0 4 3 0 4 0 1 0 0 0 0 2 1 3 2 0 0 3 4 3 1 0 0 
1 2 0 0 2 3 0 0 1 0 0 0 1 0 2 0 0 3 3 4 2 0 0 1 0 0 0 0 0 
0 1 0 0 3 4 1 0 2 0 3 0 0 0 0 0 0 0 1 0 0 0 0 0 0 0 0 0 0 
0 0 2 0 0 0 0 0 0 0 0 0 0 0 0 0 5 4 0 6 4 3 6 0 7 3 0 0 0 
0 2 0 0 0 0 0 0 0 0 0 0 4 0 4 0 0 2 0 0 0 1 0 1 5 2 0 0 0 
0 0 0 0 0 0 2 4 0 0 0 0 0 0 0 0 0 0 0 0 0 2 0 0 0 0 0 0 0 
0 4 1 0 4 0 2 0 0 0 0 0 2 2 0 0 3 5 2 0 0 0 0 0 0 0 0 0 0 
0 0 2 0 0 0 4 3 0 0 0 0 0 0 0 0 4 4 3 0 0 0 0 0 0 0 0 0 0 
0 0 0 0 2 0 1 0 0 0 5 0 0 6 0 0 0 0 2 2 0 0 0 0 0 0 0 0 0 
0 6 4 0 0 0 0 0 0 0 2 0 0 2 0 0 2 0 0 0 3 4 0 0 0 0 0 0 2 
0 0 0 0 3 6 0 5 6 0 0 0 0 6 3 0 0 0 0 0 1 1 0 0 0 0 0 0 0 
0 0 0 0 2 5 2 0 6 2 0 0 0 4 2 0 2 6 0 0 0 0 3 0 0 3 2 0 0 
0 0 0 0 2 5 1 0 4 0 0 0 0 2 0 0 2 5 0 0 0 0 2 0 3 3 1 0 0 
4 4 0 5 0 0 0 6 0 0 0 0 0 0 0 5 0 0 0 0 0 0 0 0 0 0 0 5 5 
2 2 0 3 2 3 1 0 3 0 1 4 0 2 0 0 3 0 3 0 2 0 0 0 0 0 0 0 0 
2 0 0 0 1 0 0 0 0 2 4 5 0 3 1 0 4 2 0 0 0 0 0 0 0 0 0 0 0 
0 0 0 0 3 4 0 6 6 0 2 4 2 0 0 0 1 0 0 2 8 0 0 0 0 4 2 0 1 
0 0 0 0 2 2 1 1 3 4 0 0 0 5 1 0 0 0 0 0 0 1 2 1 4 1 0 0 2 
6 3 0 5 0 0 0 0 0 0 0 0 0 0 0 7 0 0 5 0 6 0 5 1 0 0 0 0 0 
0 1 1 0 3 4 2 3 0 0 0 0 0 0 0 7 6 2 3 2 2 1 1 0 0 0 0 0 0 
6 3 2 4 3 0 0 2 4 0 0 0 0 0 0 4 4 2 4 0 0 0 0 2 4 0 0 6 3 
3 1 2 3 2 1 2 0 4 2 4 0 0 0 0 4 0 0 5 0 0 0 0 0 0 4 2 4 2 
300 249
0 24 0 23
0 24 0 26
0 24 1 24
5 3 5 1
5 3 5 8
5 3 0 3
5 3 20 3
6 2 7 2
10 16 10 17
10 16 6 16
10 16 13 16
10 24 10 22
10 24 10 25
10 24 7 24
10 24 11 24
16 1 16 2
16 1 13 1
16 1 20 1
16 1 16 2
16 1 13 1
16 1 20 1
16 2 14 2
16 2 26 2
20 1 20 0
20 1 21 1
20 28 20 27
20 28 16 28
20 28 23 28
23 20 23 19
23 20 23 25
23 20 21 20
23 20 25 20
23 20 23 19
23 20 23 25
23 20 21 20
23 20 25 20
24 13 24 9
24 13 24 14
24 13 22 13
25 0 25 1
25 0 22 0
25 0 27 0
25 0 25 1
25 0 22 0
25 0 27 0
25 3 25 15
25 3 21 3
25 3 27 3
25 20 25 18
25 20 25 22
25 20 26 20
25 20 25 18
25 22 25 23
25 22 24 22
25 22 26 22
25 22 24 22
26 15 26 7
26 15 26 16
26 15 25 15
26 15 27 15
26 21 26 20
27 0 27 1
27 0 28 0
28 0 28 1
28 0 27 0
28 10 28 9
28 10 28 15
28 10 28 9
28 10 28 15
28 15 28 18
28 15 27 15
28 18 28 25
28 18 27 18
0 24 0 26
0 24 1 24
0 26 0 27
0 26 2 26
6 2 7 2
13 1 13 2
13 1 11 1
20 0 8 0
20 0 21 0
20 0 21 0
20 28 20 27
20 28 16 28
21 1 25 1
24 13 24 9
24 13 22 13
24 23 24 24
24 24 24 25
24 24 27 24
24 24 27 24
24 28 27 28
24 28 27 28
26 1 27 1
26 19 26 18
26 19 26 18
27 0 27 1
27 24 27 23
27 24 27 27
27 27 27 28
27 27 20 27
27 27 28 27
27 27 20 27
27 27 28 27
28 8 28 6
28 8 27 8
28 8 28 6
28 8 27 8
28 18 28 25
28 18 27 18
28 25 28 26
28 25 28 26
28 27 28 28
28 27 28 28
10 2 7 2
11 1 9 1
23 25 23 26
23 25 19 25
23 26 19 26
24 9 24 8
24 9 22 9
27 8 27 7
27 8 27 15
27 15 27 16
27 16 27 17
27 16 26 16
27 16 27 17
27 18 27 23
27 18 26 18
8 1 7 1
10 2 7 2
20 15 20 7
20 15 6 15
20 15 25 15
20 27 6 27
22 14 22 13
23 8 23 7
23 8 21 8
23 8 24 8
23 8 23 7
23 8 21 8
23 8 24 8
23 12 23 11
26 15 26 7
26 15 26 16
26 15 25 15
26 16 26 17
26 16 23 16
26 16 26 17
7 2 7 1
8 1 7 1
15 13 15 10
15 13 13 13
15 13 16 13
15 13 15 10
15 13 13 13
15 13 16 13
16 10 15 10
17 13 17 8
17 13 17 14
17 13 18 13
17 13 17 8
17 13 17 14
17 13 18 13
21 13 21 11
22 9 22 10
22 11 22 10
22 11 21 11
22 11 23 11
22 16 22 17
22 16 21 16
22 16 22 17
22 16 21 16
23 7 23 5
23 7 20 7
23 7 24 7
23 7 23 5
23 12 23 11
24 6 24 5
25 18 21 18
16 10 15 10
17 8 17 7
17 8 9 8
17 8 18 8
17 8 17 7
18 8 18 6
18 8 18 9
18 8 19 8
18 8 18 6
18 8 18 9
18 13 18 14
18 13 19 13
18 14 17 14
19 8 19 6
19 8 19 13
19 17 19 16
19 17 19 22
19 17 18 17
20 7 20 3
20 7 20 15
20 7 20 3
21 6 21 5
21 8 21 10
21 11 21 13
21 11 22 11
22 10 22 11
22 10 23 10
23 10 23 11
25 18 21 18
11 14 11 12
11 14 8 14
11 14 11 12
11 14 8 14
13 12 11 12
15 10 9 10
18 5 18 4
18 5 17 5
18 5 19 5
19 5 19 4
19 5 18 5
19 5 19 4
19 5 18 5
21 18 21 16
11 12 8 12
17 5 17 4
17 5 17 7
17 5 9 5
17 5 17 4
17 5 17 7
17 7 14 7
18 4 17 4
13 4 9 4
13 4 15 4
13 4 9 4
13 4 15 4
15 6 14 6
14 6 14 7
14 6 13 6
14 6 14 7
12 7 12 6
12 7 7 7
12 7 12 6
12 7 7 7
7 7 7 5
7 7 7 8
9 6 9 5
9 5 9 4
9 5 8 5

4645

  1 2 4 1   3                   2       2   1 1 5 = 4 2 3 
2 6 2 | 2 1 1 3 2                               2   |     
      | 4 5   6                 6       6           5 1 3 
      | 1 2   5 2 2 4         4   2 4 1 3   2         1   
      | 3     4   1 2   1 1         3 1             5 3   
1 4 - 7 - - - - 4       3 3 1           1   4   2 1 3 1   
    2 | 3                     6 5   4 3     6         4 2 
1 5 5 | 2 2 - 4 3   4   1     | | 2 1 3 2     3 4 3 1 |   
1 2 ǁ | 2 3   ǁ 1       1   2 | | 3 3 4 2     1 |     |   
| 1 ǁ | 3 4 1 ǁ 2   3   |   ǁ | |   1           |     |   
| | 2 | ǁ |   ǁ |   |   |   ǁ | 5 4   6 4 3 6 - 7 3   |   
| 2   | ǁ |   ǁ |   |   4 = 4 | | 2       1   1 5 2   |   
| |   | ǁ | 2 4 |   |   |     | |         2           |   
| 4 1 | 4 | 2   |   |   2 2   | 3 5 2                 |   
| ǁ 2 | ǁ | 4 3 |   |     ǁ   | 4 4 3                 |   
| ǁ | | 2 | 1 | |   5 = = 6   |     2 2               |   
| 6 4 |   |   | |   2     2   | 2       3 4           | 2 
| ǁ | | 3 6 = 5 6 = = = = 6 3 |         1 1           | ǁ 
| ǁ | | 2 5 2 = 6 2       4 2 | 2 6         3     3 2 | ǁ 
| ǁ | | 2 5 1 - 4 - - - - 2   | 2 5 - - - - 2   3 3 1 | ǁ 
4 4 | 5 = = = 6 = = = = = = = 5                   | | 5 5 
2 2 | 3 2 3 1 | 3 - 1 4 = 2   | 3 - 3   2         | | ǁ | 
2 | | | 1     | ǁ 2 4 5   3 1 | 4 2 ǁ   ǁ         | | ǁ | 
ǁ | | | 3 4 = 6 6 | 2 4 2 ǁ   | 1   ǁ 2 8 = = = = 4 2 ǁ 1 
ǁ | | | 2 2 1 1 3 4 = = = 5 1 | |   ǁ   ǁ 1 2 1 4 1   ǁ 2 
6 3 | 5 - - - - - - - - - - - 7 |   5 = 6 - 5 1 ǁ     ǁ ǁ 
ǁ 1 1 | 3 4 2 3 = = = = = = = 7 6 2 3 2 2 1 1   ǁ     ǁ ǁ 
6 3 2 4 3     2 4 - - - - - - 4 4 2 4 - - - - 2 4 - - 6 3 
3 1 2 3 2 1 2 = 4 2 4 = = = = 4 - - 5 = = = = = = 4 2 4 2 
