29 29
4 0 0 0 0 3 1 2 0 2 2 3 0 0 0 0 0 0 0 5 3 4 0 0 0 0 2 2 2 
2 1 0 0 0 5 0 5 3 0 4 0 0 4 2 2 2 3 2 0 3 0 2 2 0 4 1 5 5 
1 3 0 1 0 0 0 2 1 0 3 3 1 0 0 0 1 0 1 0 2 0 0 1 4 7 1 0 3 
3 7 0 0 0 6 0 0 0 5 0 0 0 7 4 3 0 5 0 5 3 7 5 0 0 0 0 0 1 
1 4 0 3 1 0 2 4 0 5 2 1 0 3 1 2 0 5 1 0 2 6 0 0 0 4 0 4 1 
4 0 0 0 0 7 0 0 0 0 0 0 0 0 0 0 0 0 0 6 0 7 4 0 0 4 1 0 2 
0 3 0 4 3 0 0 0 0 0 0 0 0 0 0 1 0 0 0 0 1 0 2 0 3 6 2 0 3 
0 0 0 0 0 0 0 0 0 0 0 0 0 0 0 0 0 0 0 0 0 0 0 0 2 3 1 0 0 
0 0 0 0 3 0 4 0 0 0 5 0 0 0 0 5 0 0 0 6 4 0 4 0 4 0 0 6 5 
0 0 0 0 0 0 5 0 2 0 6 0 0 4 2 0 0 0 0 0 0 0 0 0 2 0 0 0 0 
0 0 0 0 0 0 0 0 0 0 0 0 0 0 0 0 0 0 0 0 0 0 0 0 0 0 0 0 0 
0 0 0 0 0 0 0 0 0 0 1 0 0 0 0 0 3 4 2 0 2 0 4 0 0 0 0 0 4 
0 0 1 0 0 0 0 0 0 0 0 0 0 0 0 0 0 3 0 0 0 0 0 0 1 0 0 0 2 
0 0 0 0 0 0 5 0 0 0 0 0 0 0 0 5 4 4 3 0 2 6 4 0 0 0 0 0 1 
0 4 2 0 0 0 4 3 4 0 0 4 0 0 0 8 0 3 1 0 3 0 2 0 0 0 0 0 0 
0 3 0 0 2 0 1 2 2 0 0 0 0 0 0 3 0 2 0 3 2 0 1 0 0 0 0 0 0 
0 0 0 0 3 0 2 0 0 0 0 0 0 0 0 0 0 0 0 0 0 5 3 0 0 0 0 0 0 
0 0 0 0 2 0 3 0 0 0 0 0 0 3 0 1 0 0 2 0 0 0 3 0 0 0 0 0 0 
0 4 0 7 0 7 0 0 0 0 0 0 0 0 0 0 0 0 0 0 0 0 0 5 0 0 0 5 4 
0 0 0 0 2 0 1 2 0 4 0 0 0 0 0 5 4 0 1 0 2 4 2 0 2 1 2 3 1 
0 0 1 0 0 0 3 0 0 5 0 0 3 1 0 0 2 0 0 0 0 0 1 0 0 0 1 0 2 
0 3 0 0 3 0 4 1 0 4 0 0 0 0 0 8 0 0 0 0 6 6 2 0 5 6 0 3 0 
0 3 2 0 0 0 4 3 0 0 2 1 3 1 0 0 1 0 5 2 0 0 1 0 0 3 2 0 0 
0 1 0 6 3 0 0 0 0 0 0 0 0 0 0 0 1 0 5 0 4 4 3 0 3 3 0 4 2 
0 3 0 5 2 0 0 3 0 4 5 0 2 0 0 0 2 0 3 2 4 4 2 0 2 3 2 0 2 
0 4 2 5 2 0 0 3 0 3 3 2 0 0 0 0 1 0 0 1 2 1 0 0 0 2 3 0 0 
0 2 2 0 0 5 2 3 0 0 0 0 0 0 0 7 0 0 0 0 0 0 0 6 0 0 0 6 4 
5 0 0 0 0 0 0 0 3 1 2 4 0 4 0 6 2 2 1 0 0 0 0 4 0 2 2 6 2 
3 0 0 0 0 0 0 0 0 0 0 0 0 0 0 0 0 6 0 2 2 0 0 4 2 3 0 3 1 
300 337
0 0 0 5
0 0 1 0
0 0 0 5
0 0 1 0
0 19 0 11
0 19 0 20
0 19 3 19
1 28 1 27
1 28 0 28
1 28 2 28
2 25 2 24
2 25 2 26
2 25 1 25
2 25 4 25
2 28 1 28
2 28 3 28
3 1 3 0
3 1 3 5
3 1 2 1
3 1 4 1
3 13 3 9
3 13 3 14
3 13 1 13
3 13 4 13
3 21 3 20
3 21 3 22
3 21 0 21
3 21 4 21
5 5 5 0
5 5 5 19
5 5 3 5
5 5 18 5
5 21 5 19
5 21 5 22
5 21 4 21
5 21 13 21
8 6 8 10
8 6 9 6
8 6 8 10
8 6 9 6
8 28 8 27
8 28 6 28
8 28 11 28
9 14 9 13
12 2 14 2
13 6 13 15
13 6 9 6
13 6 14 6
14 15 14 11
14 15 14 17
14 15 13 15
14 15 15 15
14 15 14 11
14 15 14 17
14 15 13 15
14 15 15 15
18 3 18 1
18 3 18 5
18 3 6 3
18 3 23 3
18 28 18 27
18 28 13 28
18 28 19 28
18 28 18 27
20 2 22 2
21 15 21 9
21 15 21 20
21 15 19 15
21 15 26 15
21 15 21 9
21 15 21 20
21 15 19 15
21 15 26 15
21 20 21 21
21 20 19 20
21 20 23 20
21 20 21 21
21 21 21 22
21 21 19 21
21 21 23 21
21 21 21 22
21 24 21 25
21 24 19 24
21 24 23 24
22 18 22 16
22 18 22 19
22 18 23 18
22 22 23 22
25 3 25 2
25 3 25 4
25 3 24 3
26 5 26 2
26 5 26 6
26 5 18 5
26 15 26 7
26 15 26 23
26 15 27 15
27 0 27 8
27 0 5 0
27 0 28 0
27 11 27 10
27 11 27 13
27 11 27 10
27 11 27 13
27 13 27 15
27 15 27 13
27 15 27 16
27 15 26 15
28 17 28 0
28 17 28 19
28 17 27 17
28 17 28 0
28 17 28 19
28 17 27 17
28 20 28 23
2 12 2 11
2 25 2 24
2 25 1 25
2 25 4 25
4 4 4 3
4 9 4 7
4 9 4 10
4 9 3 9
4 17 4 15
4 17 4 18
4 17 3 17
9 13 9 10
9 13 9 14
9 13 9 10
14 2 14 1
14 11 14 8
17 4 16 4
19 4 21 4
20 16 19 16
20 22 19 22
22 13 22 12
27 0 27 8
27 0 5 0
27 8 27 9
27 15 27 16
27 18 27 23
28 20 28 23
28 23 28 24
28 23 27 23
1 25 1 23
1 25 1 26
2 24 2 23
2 24 6 24
4 3 4 1
4 21 4 20
4 21 3 21
4 21 5 21
4 21 4 20
4 25 4 27
4 25 5 25
5 0 5 5
5 25 5 26
5 25 6 25
5 25 6 25
6 25 6 24
6 25 6 26
6 25 7 25
6 25 6 24
9 10 9 8
9 10 8 10
9 10 11 10
9 10 9 8
14 1 6 1
14 1 15 1
14 1 6 1
14 11 14 8
15 1 18 1
17 4 16 4
18 23 18 5
18 23 18 27
18 23 26 23
19 4 21 4
19 21 19 20
19 21 19 22
20 13 20 12
20 16 19 16
21 4 23 4
27 23 27 25
27 23 26 23
28 24 28 25
1 23 1 22
4 3 4 1
6 1 6 3
6 3 6 4
6 3 18 3
6 4 8 4
8 10 8 15
9 6 13 6
14 8 14 7
14 8 15 8
15 1 18 1
16 4 15 4
16 21 16 6
16 21 16 22
16 21 13 21
18 1 18 3
19 16 19 15
19 16 19 18
20 12 20 9
21 1 22 1
26 23 26 15
26 23 26 27
26 23 18 23
26 27 26 28
26 27 23 27
26 27 27 27
26 27 26 28
26 27 23 27
26 28 24 28
26 28 27 28
27 27 27 26
27 27 27 28
27 27 28 27
27 27 27 26
27 27 28 27
28 25 28 27
28 25 27 25
1 22 3 22
4 1 4 0
6 4 8 4
8 4 15 4
8 10 8 15
19 15 19 9
20 12 20 9
21 1 22 1
24 28 23 28
3 0 3 1
3 0 2 0
3 1 3 5
3 1 2 1
3 5 3 9
3 5 1 5
3 5 5 5
4 6 4 7
4 7 4 6
4 7 4 9
19 15 19 9
20 28 20 26
20 28 23 28
21 1 22 1
22 2 25 2
23 1 24 1
23 3 23 4
23 3 18 3
23 3 24 3
23 3 23 4
23 3 24 3
23 27 23 25
23 27 21 27
24 1 25 1
25 1 24 1
25 1 26 1
25 1 26 1
25 3 25 4
25 3 24 3
26 2 26 5
2 3 2 1
18 5 18 23
18 5 5 5
18 5 26 5
19 9 19 7
19 9 20 9
21 27 21 25
22 26 22 25
24 3 24 4
1 1 1 5
5 19 5 21
5 19 3 19
5 19 8 19
5 19 3 19
6 15 8 15
6 20 8 20
8 19 8 15
8 19 8 20
8 19 15 19
8 19 8 15
8 19 8 20
8 20 11 20
11 20 13 20
21 27 21 25
22 26 22 25
21 25 21 24
21 25 19 25
21 25 22 25
19 24 21 24
19 26 19 27
19 26 19 27
19 27 18 27
18 27 8 27
8 27 8 24
8 27 8 28
8 27 4 27
8 27 8 24
11 22 8 22
11 22 13 22
11 22 8 22
11 22 13 22
11 28 8 28
11 28 12 28
11 28 12 28
12 24 9 24
13 22 13 21
13 22 14 22
14 22 15 22
4 27 4 28
4 27 1 27
5 28 6 28
5 28 6 28
6 26 7 26
7 25 7 24
8 22 8 24
8 22 6 22
8 24 7 24
13 21 13 20
13 21 5 21
13 21 16 21
14 20 15 20
1 27 1 28
1 27 0 27
1 27 0 27
5 22 3 22
5 22 6 22
5 22 3 22
14 20 15 20
15 19 15 17
0 26 0 21
0 26 0 21
3 22 3 21
15 19 15 17
0 21 0 20
3 21 3 20
15 15 15 8

4347

4 = = = = 3 1 2   2 2 3 - - - - - - - 5 3 4 = = = = 2 2 2 
2 1 - - - 5   5 3   4     4 2 2 2 3 2 | 3 | 2 2 - 4 1 5 5 
1 3 - 1   |   2 1   3 3 1 |     1   1 | 2 | | 1 4 7 1 | 3 
3 7 = = = 6 - - - 5 - - - 7 4 3   5   5 3 7 5   | ǁ   | 1 
1 4 = 3 1 ǁ 2 4 = 5 2 1   3 1 2 - 5 1 ǁ 2 6 ǁ   | 4 - 4 1 
4 = = = = 7 - - - - - - - - - - - - - 6 = 7 4   | 4 1 | 2 
ǁ 3 - 4 3 ǁ                   1       | 1 ǁ 2   3 6 2 | 3 
ǁ ǁ   ǁ ǁ ǁ                   |       | | ǁ |   2 3 1 | | 
ǁ ǁ   ǁ 3 ǁ 4 = = = 5 = = = = 5 = = = 6 4 ǁ 4 - 4 = = 6 5 
ǁ ǁ   ǁ | ǁ 5   2 = 6 = = 4 2         | | ǁ ǁ   2     | ǁ 
ǁ ǁ   ǁ | ǁ ǁ       |                 | | ǁ ǁ   |     | ǁ 
ǁ ǁ   ǁ | ǁ ǁ       1           3 4 2 | 2 ǁ 4   |     | 4 
ǁ ǁ 1 ǁ | ǁ ǁ                     3   | | ǁ ǁ   1     | 2 
ǁ ǁ | ǁ | ǁ 5 - - - - - - - - 5 4 4 3 | 2 6 4         | 1 
ǁ 4 2 ǁ | ǁ 4 3 4 = = 4 = = = 8 = 3 1 | 3 ǁ 2         | | 
ǁ 3   ǁ 2 ǁ 1 2 2 - - - - - - 3   2 = 3 2 ǁ 1         | | 
ǁ ǁ   ǁ 3 ǁ 2 - - - - - - - - - - - - - - 5 3         | | 
ǁ ǁ   ǁ 2 ǁ 3             3   1     2       3         | | 
ǁ 4 = 7 - 7 = = = = = = = = = = = = = = = = = 5 - - - 5 4 
ǁ     ǁ 2 ǁ 1 2 - 4 = = = = = 5 4 - 1   2 4 2 ǁ 2 1 2 3 1 
ǁ   1 ǁ ǁ ǁ 3     5 = = 3 1   ǁ 2       | | 1 ǁ ǁ | 1 - 2 
ǁ 3 | ǁ 3 ǁ 4 1   4 = = = = = 8 = = = = 6 6 2 ǁ 5 6 = 3 | 
ǁ 3 2 ǁ | ǁ 4 3     2 1 3 1   ǁ 1 - 5 2 | | 1 ǁ | 3 2 | | 
ǁ 1 | 6 3 ǁ                   ǁ 1   5   4 4 3 ǁ 3 3 - 4 2 
ǁ 3 | 5 2 ǁ   3   4 5   2     ǁ 2   3 2 4 4 2 ǁ 2 3 2 ǁ 2 
ǁ 4 2 5 2 ǁ   3   3 3 2       ǁ 1     1 2 1   ǁ   2 3 ǁ | 
ǁ 2 2 = = 5 2 3 - - - - - - - 7 = = = = = = = 6 - - - 6 4 
5 = = = = = = = 3 1 2 4 = 4 = 6 2 2 1 - - - - 4 - 2 2 6 2 
3 = = = = = = = = = = = = = = = = 6 = 2 2 = = 4 2 3 - 3 1 
