29 29
2 3 2 0 0 0 0 0 0 3 1 2 3 0 0 0 0 0 0 0 0 0 0 0 0 0 2 1 1 
3 6 0 0 0 0 0 0 0 4 4 4 0 1 0 3 2 0 3 0 0 0 0 0 2 2 2 0 0 
1 0 1 0 0 0 0 2 2 4 2 0 6 0 0 5 0 0 0 0 0 2 3 2 0 0 0 0 2 
4 5 0 0 0 0 0 6 0 4 2 1 0 4 0 4 0 0 0 0 0 0 0 0 5 8 4 0 0 
0 2 4 0 0 4 1 0 2 4 2 2 0 2 0 0 2 0 0 2 1 0 0 0 0 3 2 0 3 
6 0 0 0 0 6 2 0 0 0 5 4 0 3 0 5 5 1 0 0 0 0 0 0 0 2 3 0 0 
0 1 2 0 0 4 1 0 0 0 5 2 0 3 2 0 0 0 0 0 0 0 0 0 0 3 1 0 0 
0 0 3 2 0 0 0 0 0 0 0 0 0 4 4 0 0 0 0 0 0 0 0 0 0 5 0 5 4 
0 3 0 0 0 6 2 3 1 0 0 0 0 2 0 3 0 0 0 0 0 0 0 0 0 5 4 0 1 
0 4 0 4 1 3 2 6 2 0 1 0 0 2 0 0 4 0 0 0 0 0 0 0 0 2 2 0 2 
0 2 1 4 1 2 1 3 2 0 0 0 0 0 0 0 0 0 0 0 0 0 0 0 0 2 1 0 0 
5 0 0 0 0 0 0 0 0 6 0 0 7 0 0 0 0 0 0 0 0 0 0 0 6 0 0 5 3 
0 2 4 0 2 1 3 3 1 0 1 2 0 0 2 0 0 6 0 0 0 2 0 0 0 3 0 4 3 
0 1 0 1 2 1 0 0 0 0 2 5 0 0 0 2 0 0 0 0 0 1 0 0 0 4 3 0 0 
0 4 6 5 0 0 7 6 1 0 2 0 0 2 0 8 0 5 0 0 1 0 0 0 0 0 2 0 0 
0 2 0 0 0 0 0 0 0 0 0 0 0 1 0 3 0 0 0 0 0 0 0 0 0 0 0 0 0 
0 0 0 0 0 0 2 0 0 0 0 0 4 0 0 0 0 6 0 0 5 3 0 0 0 0 2 0 0 
0 1 0 0 0 0 0 0 0 0 4 5 2 2 0 1 0 0 0 1 2 0 0 0 0 0 0 0 2 
0 0 0 0 0 1 0 0 0 0 0 2 0 4 0 0 0 7 0 6 2 4 2 1 0 6 6 0 2 
0 0 0 0 0 0 2 2 0 0 0 0 0 3 0 2 0 3 1 3 0 0 3 2 0 2 2 0 0 
0 0 0 0 3 4 0 0 0 0 5 0 5 0 0 0 0 0 0 0 0 0 0 0 5 0 0 6 6 
0 4 4 0 2 0 0 0 0 0 0 2 0 4 0 2 0 2 1 0 0 0 0 0 4 1 1 0 2 
0 0 3 7 0 7 5 2 0 0 3 4 5 5 0 0 0 5 0 0 3 2 0 0 3 2 0 0 1 
0 0 1 0 0 2 0 0 0 0 0 1 5 0 0 0 0 0 0 0 0 0 0 0 5 5 3 4 0 
0 0 0 0 0 0 0 0 0 0 3 3 6 0 0 0 0 0 4 0 3 0 1 0 2 4 2 2 0 
5 5 2 0 0 0 0 0 0 0 1 1 1 1 0 2 0 0 3 0 0 0 0 0 0 1 2 4 0 
1 2 0 4 0 0 0 0 0 5 0 0 0 0 0 0 0 0 0 0 0 0 0 0 0 0 0 5 5 
2 6 2 2 0 1 2 4 1 5 0 0 0 0 0 0 0 0 0 0 0 0 4 1 3 0 0 0 5 
1 3 0 0 0 0 0 2 2 4 1 0 2 0 0 0 0 0 0 0 0 0 6 3 1 1 0 0 2 
300 215
3 25 3 24
3 25 3 26
3 25 1 25
3 25 4 25
3 25 3 24
3 25 3 26
3 25 1 25
3 25 4 25
3 26 1 26
3 26 4 26
5 0 5 5
5 0 3 0
5 0 11 0
5 0 5 5
5 0 3 0
5 0 11 0
5 5 5 6
5 5 4 5
5 5 6 5
5 5 5 6
5 10 5 11
5 10 4 10
5 10 6 10
11 12 11 9
11 12 11 24
11 12 2 12
11 12 16 12
12 14 12 17
12 17 12 14
12 17 12 21
12 17 14 17
12 17 12 21
12 17 14 17
13 11 13 10
13 11 12 11
13 11 17 11
13 15 14 15
14 6 14 3
14 6 14 7
14 6 12 6
14 6 16 6
14 15 14 13
14 15 14 17
14 15 13 15
14 15 15 15
18 17 18 13
18 17 18 19
18 17 16 17
18 17 19 17
20 28 20 27
20 28 18 28
20 28 21 28
20 28 20 27
20 28 18 28
20 28 21 28
22 3 22 2
22 3 22 5
22 3 14 3
22 3 26 3
22 17 22 13
22 17 22 20
22 17 21 17
25 0 25 1
25 0 11 0
25 0 26 0
26 27 26 9
26 27 26 28
26 27 25 27
26 28 26 27
26 28 22 28
26 28 27 28
28 22 28 12
28 22 28 23
28 22 27 22
28 22 28 12
28 22 28 23
28 22 27 22
1 26 0 26
2 23 2 22
3 0 3 1
3 0 2 0
4 5 4 2
4 5 4 6
4 5 4 2
14 15 14 13
14 15 14 17
14 15 15 15
18 26 18 25
18 26 16 26
18 26 19 26
18 26 18 25
18 26 16 26
18 26 19 26
20 27 20 24
20 27 12 27
20 27 23 27
20 27 20 24
23 27 23 26
23 27 24 27
23 27 23 26
25 0 25 1
25 0 11 0
26 28 26 27
27 22 27 9
27 22 27 23
27 28 27 24
27 28 28 28
28 10 28 9
28 23 28 24
28 25 28 28
2 23 2 22
4 2 4 1
4 2 2 2
11 0 11 9
11 9 11 12
11 9 4 9
11 9 26 9
11 9 4 9
17 28 12 28
18 5 20 5
18 25 18 23
18 25 13 25
18 25 19 25
18 25 13 25
19 25 19 23
20 5 20 4
20 5 22 5
20 5 20 4
20 10 20 12
20 10 17 10
20 10 22 10
21 4 20 4
22 5 22 3
22 5 22 6
22 5 23 5
25 27 25 26
25 27 24 27
25 27 25 26
27 24 27 28
28 9 28 8
28 9 27 9
28 9 28 8
2 22 2 21
3 1 1 1
3 1 4 1
3 1 1 1
3 7 3 9
3 7 2 7
3 7 8 7
3 7 3 9
3 7 2 7
3 7 8 7
9 10 6 10
11 24 11 12
11 24 11 27
11 24 3 24
11 24 11 27
11 24 3 24
14 26 13 26
17 28 12 28
19 23 19 22
22 5 22 6
22 5 23 5
27 9 27 8
27 9 26 9
27 9 26 9
1 1 1 0
1 1 1 9
1 1 0 1
1 1 1 0
2 8 2 9
2 21 2 15
4 20 4 19
5 17 5 16
7 14 7 13
7 14 6 14
7 14 7 13
7 14 6 14
7 25 7 27
7 25 6 25
7 25 8 25
9 16 9 13
9 16 5 16
9 16 9 13
9 16 5 16
14 26 13 26
26 9 26 3
27 7 27 6
27 7 28 7
27 7 27 6
27 7 28 7
28 1 28 0
28 1 27 1
28 1 27 1
1 0 0 0
2 8 2 9
4 19 4 16
7 13 6 13
7 13 8 13
8 13 8 15
8 15 5 15
13 26 13 25
27 0 27 1
27 0 27 1
27 5 27 3
0 0 0 1
0 1 0 2
0 2 0 9
6 13 5 13
8 15 5 15
13 25 13 21
6 13 5 13
12 25 12 27
12 25 12 27
12 27 12 28

3969

2 3 2 - - - - - - 3 1 2 3                           2 1 1 
3 6 - - - - - - - 4 4 4   1   3 2   3           2 2 2     
1 ǁ 1         2 2 4 2   6     5 - - - - - 2 3 2   ǁ |   2 
4 5 |         6 = 4 2 1 | 4   4                 5 8 4     
ǁ 2 4 = = 4 1 ǁ 2 4 2 2 | 2     2 - - 2 1       ǁ 3 2   3 
6 = = = = 6 2 ǁ   ǁ 5 4 | 3   5 5 1             ǁ 2 3     
ǁ 1 2     4 1 ǁ   ǁ 5 2 | 3 2 ǁ ǁ               ǁ 3 1     
ǁ   3 2       ǁ   ǁ |   | 4 4 ǁ ǁ               ǁ 5 - 5 4 
ǁ 3       6 2 3 1 ǁ |   | 2 - 3 ǁ               ǁ 5 4   1 
ǁ 4   4 1 3 2 6 2 ǁ 1   | 2 = = 4               ǁ 2 2   2 
ǁ 2 1 4 1 2 1 3 2 ǁ     |                       ǁ 2 1     
5 - - - - - - - - 6 = = 7 = = = = = = = = = = = 6 = = 5 3 
ǁ 2 4   2 1 3 3 1 | 1 2 |   2 = = 6 = = = 2       3 = 4 3 
ǁ 1   1 2 1 |     | 2 5 |     2   ǁ       1 - - - 4 3 | ǁ 
ǁ 4 6 5 - - 7 6 1 | 2 | | 2 = 8 = 5     1         ǁ 2 | ǁ 
ǁ 2   |     |     |   | | 1   3                   ǁ   | ǁ 
ǁ     |     2     |   | 4         6     5 3       ǁ 2 | ǁ 
ǁ 1   |           | 4 5 2 2   1   |   1 2         ǁ ǁ | 2 
ǁ     |   1       | | 2   4 - - - 7 - 6 2 4 2 1 - 6 6 | 2 
ǁ     |   | 2 2   | |     3   2   3 1 3     3 2 - 2 2 | ǁ 
ǁ     | 3 4       | 5 - 5                       5 = = 6 6 
ǁ 4 4 | 2 |       | | 2   4   2   2 1           4 1 1 | 2 
ǁ   3 7 = 7 5 2   | 3 4 5 5 - - - 5 - - 3 2     3 2   | 1 
ǁ   1 |   2       |   1 5                       5 5 3 4 | 
ǁ     |           | 3 3 6           4   3   1   2 4 2 2 | 
5 5 2 |           | 1 1 1 1   2     3             1 2 4 | 
1 2   4 - - - - - 5 - - - - - - - - - - - - - - - - - 5 5 
2 6 2 2 - 1 2 4 1 5 - - - - - - - - - - - - 4 1 3 = = = 5 
1 3           2 2 4 1   2 = = = = = = = = = 6 3 1 1 - - 2 
