29 29
1 0 4 1 1 1 0 0 0 0 3 0 0 0 0 0 0 0 0 0 0 0 0 3 0 3 0 0 2 
1 0 6 0 5 1 2 2 0 3 0 0 0 0 0 0 0 4 1 3 0 0 0 5 1 4 1 2 0 
3 2 0 2 0 2 4 0 1 0 1 0 0 0 0 0 0 3 2 3 2 3 2 0 0 3 1 0 0 
0 0 0 0 0 0 1 3 4 4 0 0 0 0 0 0 0 0 0 0 6 0 0 7 0 0 0 3 2 
0 0 0 4 3 0 0 2 2 1 0 0 0 4 0 0 0 5 2 0 0 4 4 0 2 0 0 3 0 
0 0 0 3 0 7 0 0 0 4 2 2 1 0 2 0 0 0 0 0 0 2 0 0 0 0 0 0 0 
0 0 0 0 2 0 0 0 1 0 0 1 0 0 5 3 0 0 3 2 0 0 0 4 3 1 0 0 0 
0 0 0 0 0 0 0 0 0 0 3 0 4 0 1 0 0 0 0 0 0 2 0 2 0 0 0 4 3 
0 0 0 1 0 0 0 0 0 0 2 1 0 0 1 0 1 0 0 0 0 0 0 3 2 0 0 0 1 
0 0 0 1 5 8 0 4 4 0 4 0 6 0 0 0 0 0 0 0 0 4 7 0 0 0 0 5 2 
0 3 0 0 1 2 0 0 0 0 0 2 0 0 3 5 3 0 0 0 0 0 0 1 0 0 0 0 0 
0 0 0 0 0 0 0 0 3 0 0 4 0 0 0 0 2 0 0 0 0 0 0 3 0 1 0 0 0 
0 2 0 0 0 0 0 0 2 0 0 0 0 0 0 0 0 0 0 0 0 0 0 0 0 0 0 0 0 
0 0 0 4 0 0 0 0 0 5 0 0 0 0 0 0 0 0 0 1 0 0 6 7 0 2 0 0 0 
0 0 0 3 1 2 0 3 1 0 6 6 0 0 0 0 0 0 0 0 0 0 3 6 2 2 1 0 0 
6 0 5 0 0 0 0 4 4 0 0 4 0 0 0 0 0 0 0 0 0 0 0 0 1 0 0 0 1 
0 2 0 1 5 2 2 0 4 0 0 2 0 0 0 0 0 0 0 0 0 0 2 2 4 4 1 0 1 
0 4 0 1 0 2 0 0 0 0 5 2 0 0 3 0 6 7 6 3 0 0 2 1 0 1 0 0 3 
0 0 0 0 0 0 0 0 4 0 0 0 0 0 2 0 3 4 2 0 0 3 0 0 4 6 1 0 0 
0 0 0 0 0 0 0 0 3 0 4 1 0 0 0 0 1 2 2 1 0 1 2 0 0 5 1 0 0 
5 4 0 3 6 6 4 4 3 0 5 1 0 4 0 4 0 0 0 0 6 0 0 0 0 0 0 6 5 
3 1 0 0 0 3 0 1 1 0 3 1 0 0 2 4 0 4 3 2 0 4 0 0 0 0 0 5 2 
3 4 0 5 6 0 0 0 0 8 0 0 5 5 0 0 5 6 6 2 0 3 1 0 1 0 0 2 2 
1 2 0 3 4 0 4 3 1 0 1 0 2 3 1 1 3 1 2 0 0 1 2 0 0 0 0 0 5 
4 0 4 0 0 0 0 0 0 6 0 0 0 0 0 0 0 0 0 0 7 0 0 0 0 0 0 2 0 
6 2 3 0 0 0 0 3 2 3 0 0 0 0 0 0 3 3 4 2 0 2 0 0 0 0 0 5 3 
0 2 0 1 3 0 5 0 0 0 3 0 0 0 0 0 0 0 0 0 6 0 0 0 0 0 0 5 4 
5 3 1 2 4 0 5 0 0 0 0 0 0 0 0 0 0 0 1 2 7 0 0 0 0 0 0 2 2 
2 2 0 0 0 0 4 0 0 0 0 0 0 0 0 0 0 0 0 1 3 0 0 0 0 3 2 2 1 
300 258
0 2 0 0
0 2 0 3
0 2 1 2
0 2 1 2
1 2 1 0
1 2 1 4
1 2 15 2
1 2 1 4
3 23 3 20
3 23 3 27
3 23 1 23
3 23 6 23
4 22 4 21
4 22 9 22
4 22 4 21
4 22 9 22
5 5 5 3
5 5 5 9
5 5 2 5
5 5 9 5
6 4 9 4
9 5 9 4
9 5 9 7
9 5 5 5
9 5 10 5
9 22 9 21
9 22 9 27
9 22 13 22
10 23 11 23
13 23 13 22
13 23 13 25
13 23 11 23
13 23 14 23
15 0 15 2
15 0 2 0
15 0 20 0
15 0 15 2
15 0 2 0
15 0 20 0
17 17 17 16
17 17 17 18
17 17 4 17
17 17 18 17
18 25 18 24
18 25 18 26
18 25 17 25
18 25 19 25
20 28 20 27
20 28 17 28
20 28 21 28
22 9 22 4
22 9 22 12
22 9 13 9
22 9 24 9
22 9 22 4
22 9 22 12
22 9 13 9
22 9 24 9
23 28 23 22
23 28 22 28
23 28 25 28
24 9 24 2
24 9 24 20
24 9 25 9
24 9 24 2
24 20 24 27
24 20 20 20
24 20 26 20
25 0 25 1
25 0 24 0
25 0 27 0
25 0 25 1
25 0 24 0
25 0 27 0
25 21 25 27
26 6 26 4
26 6 26 10
26 6 27 6
27 20 27 19
27 20 27 27
27 20 26 20
27 20 28 20
2 0 2 1
2 1 10 1
2 22 2 21
4 21 4 18
4 21 5 21
5 21 7 21
6 4 9 4
6 25 6 24
7 21 9 21
9 5 9 4
9 5 9 7
9 5 10 5
9 7 9 8
9 7 14 7
9 12 9 10
9 12 7 12
9 12 22 12
9 12 9 10
9 12 7 12
9 12 22 12
9 21 9 22
9 21 18 21
10 1 12 1
10 11 11 11
12 1 10 1
13 3 9 3
13 3 14 3
13 3 14 3
13 3 14 3
13 9 5 9
13 22 13 23
13 22 9 22
13 22 14 22
13 22 13 23
14 10 14 11
14 10 9 10
14 10 17 10
14 10 14 11
14 10 9 10
14 10 17 10
14 11 11 11
14 11 15 11
14 11 11 11
14 11 15 11
15 11 16 11
17 28 16 28
17 28 20 28
18 8 16 8
18 8 19 8
18 8 16 8
18 8 19 8
18 25 18 24
18 25 19 25
19 8 20 8
19 26 19 25
20 10 20 11
20 10 19 10
20 10 21 10
20 20 20 15
20 20 20 27
20 20 24 20
20 20 20 15
20 20 20 27
20 27 20 28
20 27 9 27
20 27 21 27
21 11 21 10
21 21 21 27
21 21 22 21
21 21 21 27
21 21 22 21
22 4 22 3
22 4 20 4
22 4 23 4
22 4 22 3
22 16 22 13
22 16 22 17
22 16 23 16
23 4 23 3
23 4 23 6
23 4 23 3
23 6 23 7
23 8 23 7
23 10 23 12
24 0 24 2
24 0 23 0
24 2 15 2
24 20 24 27
24 20 26 20
25 2 25 7
25 2 27 2
25 2 25 7
25 7 25 8
25 8 25 9
25 9 25 16
25 16 25 17
25 21 25 27
26 1 27 1
26 20 26 10
26 20 26 27
26 20 27 20
2 22 2 21
3 20 3 9
3 20 3 23
3 20 2 20
3 20 3 9
3 20 2 20
6 8 9 8
8 3 5 3
9 4 10 4
9 8 11 8
10 11 11 11
13 9 5 9
15 2 15 7
15 11 16 11
15 28 9 28
16 1 17 1
16 4 16 3
16 4 16 5
16 4 20 4
16 8 16 6
16 8 15 8
17 1 16 1
17 1 20 1
17 1 20 1
17 3 20 3
18 24 18 21
18 24 16 24
19 25 19 22
20 1 20 0
20 1 21 1
20 4 20 3
20 4 20 5
20 4 16 4
20 4 20 3
20 5 20 6
20 5 17 5
20 5 21 5
20 5 20 6
20 5 17 5
20 6 20 7
20 6 16 6
20 7 20 8
20 7 21 7
20 7 20 8
21 10 20 10
22 1 22 0
22 1 23 1
22 1 22 0
22 1 23 1
22 3 23 3
23 6 23 7
25 16 25 17
25 17 25 18
25 18 25 19
25 19 25 18
26 1 27 1
26 10 26 6
9 8 11 8
11 8 12 8
12 8 14 8
14 4 14 5
14 5 14 7
14 7 15 7
15 7 15 8
15 8 15 7
16 4 16 5
19 25 19 22
20 0 21 0
20 0 21 0
20 10 19 10
21 0 22 0
19 10 19 11
19 10 17 10
17 10 17 11
17 11 17 10

4518

1 - 4 1 1 1         3                         3   3     2 
1 - 6 = 5 1 2 2   3               4 1 3       5 1 4 1 2   
3 2 | 2   2 4   1   1             3 2 3 2 3 2 |   3 1     
ǁ | |     | 1 3 4 4 = = = = = = = = = = 6 = = 7 - - - 3 2 
ǁ | | 4 3 |   2 2 1       4       5 2 - - 4 4 | 2     3   
ǁ | | 3 - 7 - - - 4 2 2 1   2     |       2 ǁ |           
ǁ | | | 2 ǁ     1 ǁ   1     5 3   | 3 2   | ǁ 4 3 1       
ǁ | | | ǁ ǁ     | ǁ 3   4   1     |       2 ǁ 2       4 3 
ǁ | | 1 ǁ ǁ     | ǁ 2 1 ǁ   1   1 |       | ǁ 3 2       1 
ǁ | | 1 5 8 = 4 4 ǁ 4 = 6         |       4 7 - - - - 5 2 
ǁ 3 | | 1 2   | ǁ ǁ ǁ 2 ǁ   3 5 3 |       | ǁ 1       | | 
ǁ ǁ | |       | 3 ǁ ǁ 4 ǁ       2 |       | ǁ 3   1   | | 
ǁ 2 | |       | 2 ǁ ǁ ǁ ǁ         |       | ǁ |       | | 
ǁ   | 4       | | 5 ǁ ǁ ǁ         |   1   | 6 7 - 2   | | 
ǁ   | 3 1 2 - 3 1 ǁ 6 6 ǁ         |       | 3 6 2 2 1 | | 
6 = 5 - - - - 4 4 ǁ ǁ 4 ǁ         |       |     1     | 1 
ǁ 2 | 1 5 2 2 - 4 ǁ ǁ 2 ǁ         |       | 2 2 4 4 1 | 1 
ǁ 4 | 1 ǁ 2 |   ǁ ǁ 5 2 ǁ   3   6 7 6 3   | 2 1 | 1   | 3 
ǁ ǁ | | ǁ ǁ |   4 ǁ |   ǁ   2   3 4 2     3 - - 4 6 1 | ǁ 
ǁ ǁ | | ǁ ǁ |   3 ǁ 4 1 ǁ       1 2 2 1   1 2 = = 5 1 | ǁ 
5 4 | 3 6 6 4 4 3 ǁ 5 1 ǁ 4   4 = = = = 6 = = = = = = 6 5 
3 1 |   | 3   1 1 ǁ 3 1 ǁ   2 4   4 3 2 ǁ 4 = = = = = 5 2 
3 4 | 5 6 = = = = 8 = = 5 5 - - 5 6 6 2 ǁ 3 1   1     2 2 
1 2 | 3 4 - 4 3 1 ǁ 1 - 2 3 1 1 3 1 2   ǁ 1 2 - - - - - 5 
4 - 4 = = = = = = 6 - - - - - - - - - - 7 = = = = = = 2 | 
6 2 3 = = = = 3 2 3 - - - - - - 3 3 4 2 ǁ 2 = = = = = 5 3 
ǁ 2 | 1 3 - 5 = = = 3 - - - - - - - - - 6 - - - - - - 5 4 
5 3 1 2 4   5                       1 2 7 - - - - - - 2 2 
2 2         4                         1 3         3 2 2 1 
