29 29
4 5 0 0 0 0 3 0 0 0 0 0 0 0 0 0 0 6 0 0 0 0 0 0 4 2 3 6 2 
0 0 1 3 2 0 5 2 2 5 0 0 5 0 0 2 4 8 2 2 0 0 3 2 5 0 1 0 0 
0 0 1 0 3 2 0 2 4 2 2 0 0 0 0 0 2 2 2 0 0 0 0 1 2 0 1 0 0 
0 0 3 0 4 0 6 2 8 0 7 0 7 0 0 0 0 0 7 0 0 0 7 0 0 8 4 0 0 
0 0 0 0 4 2 0 2 6 2 4 2 4 0 2 2 4 0 5 0 2 0 0 2 0 4 1 0 0 
0 0 6 8 0 0 7 0 0 0 0 0 0 0 0 0 0 0 0 0 0 0 8 0 0 0 0 7 1 
0 0 0 0 0 0 0 3 0 0 0 0 0 0 0 0 0 2 4 0 2 1 0 0 0 0 0 0 0 
0 0 0 0 0 0 0 0 0 4 0 0 5 2 4 2 2 0 0 4 6 3 0 0 0 0 0 0 0 
0 0 0 0 1 0 0 4 0 0 0 0 0 2 6 0 7 4 4 2 0 2 0 0 0 0 0 0 0 
0 0 4 0 0 0 0 2 0 0 0 0 0 0 0 0 0 2 0 2 0 0 0 0 0 0 0 0 0 
0 0 0 0 0 0 0 0 0 2 0 0 0 0 0 0 0 2 0 0 0 4 0 0 0 0 0 0 0 
0 0 2 0 0 0 0 0 0 0 0 0 0 0 0 0 0 0 0 0 0 0 0 0 0 0 0 0 0 
0 0 0 0 5 0 6 0 0 0 0 0 6 0 0 0 8 4 5 5 6 6 0 2 0 0 0 6 2 
0 0 4 4 0 0 0 0 0 0 0 0 0 2 0 0 7 2 0 0 0 0 0 3 2 4 2 0 0 
0 0 0 1 5 2 0 0 0 0 0 0 0 0 0 0 0 2 0 2 0 0 0 5 2 0 0 0 0 
0 0 5 0 2 0 0 3 0 0 0 0 5 0 2 1 0 0 0 0 0 0 0 0 3 7 4 0 0 
2 0 4 0 1 0 1 6 2 3 1 2 8 6 2 0 5 4 0 0 0 2 0 0 0 2 2 0 0 
2 0 4 0 2 0 0 4 0 6 2 0 2 3 3 2 2 0 0 0 0 2 0 4 6 0 0 4 0 
6 7 0 0 0 0 0 0 0 0 0 0 0 0 0 0 0 0 6 0 6 5 0 0 0 0 1 0 0 
0 0 2 0 3 2 0 0 0 0 0 0 0 0 0 0 6 0 7 6 2 1 0 0 0 1 0 1 0 
0 0 4 2 0 2 6 0 0 0 0 0 0 2 0 0 0 2 0 0 2 2 0 0 0 0 3 4 0 
3 0 6 0 6 0 6 4 2 2 4 0 0 0 0 0 7 5 0 5 6 4 0 3 1 0 0 0 0 
2 0 6 4 0 1 5 0 0 0 3 0 0 3 4 2 1 1 2 5 3 2 0 3 0 0 0 0 3 
1 0 2 2 0 2 4 0 0 0 3 2 2 0 0 0 0 0 0 4 3 4 0 1 0 0 2 5 0 
4 8 0 0 7 0 0 0 0 0 0 0 0 0 0 0 0 0 0 0 0 0 8 0 0 7 2 0 2 
4 3 3 4 0 4 0 0 0 0 0 0 0 4 0 2 0 4 2 0 0 0 0 0 1 3 1 0 0 
0 1 0 3 3 5 0 0 0 2 1 2 0 6 0 0 4 4 4 0 0 0 7 0 6 0 0 4 0 
5 0 0 0 4 4 0 0 0 0 0 0 0 0 2 4 0 0 0 0 0 0 7 2 6 3 2 6 1 
3 0 0 0 0 0 0 0 0 0 0 4 0 0 2 4 0 0 2 0 0 0 4 2 2 1 0 3 2 
300 489
0 0 0 1
0 0 16 0
0 0 0 1
0 0 16 0
0 17 0 6
0 17 0 24
0 17 1 17
0 17 0 6
0 17 0 24
0 17 1 17
0 24 0 25
0 24 1 24
0 27 0 26
0 27 0 28
0 27 5 27
0 27 0 26
0 27 0 28
0 27 5 27
1 9 1 8
1 9 1 12
1 9 2 9
1 17 1 16
1 17 1 18
1 17 2 17
3 8 3 7
3 8 3 10
3 8 2 8
3 8 4 8
3 8 3 7
3 8 3 10
3 8 2 8
3 8 4 8
3 10 3 12
3 10 2 10
3 10 4 10
3 18 3 12
3 18 3 22
3 18 2 18
3 18 4 18
3 25 3 22
3 25 3 26
3 25 0 25
3 25 4 25
3 26 3 25
3 26 2 26
3 26 4 26
4 8 4 7
4 8 4 9
4 8 16 8
4 8 4 7
5 2 5 3
5 2 3 2
5 2 9 2
5 2 5 3
5 2 3 2
5 2 9 2
5 3 5 6
5 3 1 3
5 3 13 3
5 6 5 3
5 6 3 6
5 6 12 6
5 6 3 6
5 6 12 6
5 22 5 27
5 22 3 22
5 22 24 22
5 22 5 27
5 22 3 22
5 22 24 22
5 27 5 28
5 27 12 27
5 27 12 27
6 7 8 7
8 4 12 4
8 7 6 7
8 7 9 7
8 7 9 7
8 16 8 14
8 16 8 17
8 16 7 16
8 16 12 16
9 2 11 2
12 4 12 6
12 4 14 4
12 12 12 16
12 12 7 12
12 12 15 12
12 12 12 16
12 12 7 12
12 12 15 12
12 16 12 17
12 16 8 16
12 16 13 16
12 21 12 20
12 21 10 21
12 21 16 21
12 21 12 20
12 21 10 21
12 21 16 21
12 27 12 23
12 27 12 28
12 27 17 27
12 27 12 23
12 28 22 28
14 23 14 24
14 23 13 23
14 23 17 23
15 2 15 4
15 2 13 2
15 2 16 2
15 25 15 24
15 25 15 26
15 25 13 25
15 25 16 25
16 12 16 11
16 12 16 13
16 12 15 12
16 12 17 12
16 12 16 11
16 12 16 13
16 12 15 12
16 12 17 12
16 13 16 14
16 13 13 13
16 13 17 13
16 13 16 14
16 16 16 17
16 16 13 16
16 16 17 16
17 27 17 24
17 27 19 27
17 27 17 24
18 0 18 1
18 0 17 0
18 0 21 0
18 0 18 1
18 0 17 0
18 0 21 0
18 1 18 18
18 1 0 1
18 1 24 1
18 21 18 20
18 21 17 21
18 21 19 21
18 26 20 26
19 16 19 5
19 16 19 18
19 16 21 16
19 16 19 5
19 16 19 18
19 16 21 16
19 18 19 19
19 18 18 18
19 18 22 18
19 25 24 25
20 6 20 5
20 6 20 13
20 6 21 6
20 6 20 5
20 6 20 13
20 6 21 6
20 17 21 17
20 27 20 26
20 27 23 27
20 27 20 26
20 27 23 27
21 0 22 0
21 2 21 4
21 2 20 2
21 2 22 2
21 2 21 4
21 2 20 2
21 2 22 2
21 4 21 6
21 4 19 4
21 4 24 4
21 4 21 6
21 7 21 6
21 7 21 8
21 7 21 6
21 7 21 8
21 16 21 10
21 16 21 17
21 16 22 16
21 19 21 20
21 19 19 19
21 19 22 19
22 0 23 0
22 2 22 3
22 2 23 2
22 2 22 3
22 2 23 2
22 3 23 3
22 6 22 5
22 6 22 10
22 6 23 6
22 28 24 28
23 21 23 20
23 21 22 21
23 21 23 20
23 21 22 21
24 0 24 1
24 0 25 0
24 0 24 1
24 0 25 0
24 1 24 4
24 1 18 1
24 1 25 1
24 4 24 1
24 4 24 22
24 4 26 4
24 22 24 4
24 22 24 25
24 22 26 22
24 25 24 22
24 25 24 26
24 25 25 25
25 0 25 1
25 0 27 0
25 3 25 2
25 3 26 3
25 3 25 2
25 3 26 3
25 5 25 13
25 5 26 5
25 5 25 13
25 5 26 5
25 13 25 15
25 13 26 13
26 16 26 13
26 16 26 17
26 16 26 13
26 16 26 17
26 17 26 18
26 17 25 17
27 0 27 4
27 0 28 0
27 22 27 15
27 22 27 23
27 22 26 22
27 22 28 22
0 1 0 6
0 1 18 1
0 26 1 26
1 6 1 4
1 6 1 7
1 6 3 6
1 17 1 16
1 17 1 18
1 17 2 17
1 19 1 22
1 24 1 23
1 24 2 24
1 24 1 23
1 24 2 24
2 23 2 18
3 2 2 2
3 6 3 4
3 6 1 6
3 6 3 4
3 18 3 12
3 18 3 22
3 18 4 18
3 22 3 25
3 25 4 25
4 4 4 5
4 4 3 4
4 4 4 5
4 4 3 4
4 23 4 25
4 25 4 23
5 3 1 3
5 3 13 3
8 14 8 13
8 14 8 16
8 14 7 14
8 14 8 13
8 14 7 14
9 2 11 2
10 21 10 17
10 21 8 21
12 4 12 6
12 4 14 4
12 6 16 6
12 16 12 17
12 16 13 16
12 18 12 17
12 18 12 19
12 18 18 18
12 20 12 19
12 20 18 20
12 20 12 19
12 20 18 20
13 2 13 3
13 2 15 2
13 2 13 3
13 13 13 16
13 16 13 17
13 16 16 16
13 16 13 17
14 3 14 4
14 5 14 4
14 17 16 17
15 7 16 7
15 14 15 15
16 7 16 8
16 7 15 7
16 7 17 7
16 17 16 16
16 17 14 17
17 2 17 4
17 2 16 2
17 2 17 4
17 2 16 2
17 7 17 9
17 7 16 7
17 7 17 9
17 9 17 10
17 9 16 9
17 9 17 10
17 9 16 9
17 13 17 14
17 16 17 15
17 21 18 21
17 24 17 23
17 24 15 24
17 24 21 24
17 24 17 23
18 18 18 20
18 18 12 18
18 18 19 18
18 21 18 20
19 4 19 2
19 19 19 18
19 19 19 20
19 19 21 19
19 19 19 20
20 2 20 3
20 2 19 2
20 17 21 17
21 9 21 10
21 16 21 10
21 16 21 17
21 17 22 17
21 21 21 20
21 21 20 21
21 21 21 20
21 21 20 21
22 3 23 3
22 6 22 10
22 6 23 6
22 14 22 13
22 14 22 15
22 14 22 13
22 14 22 15
22 18 22 19
22 28 24 28
23 5 23 6
23 6 23 5
23 23 22 23
24 1 25 1
24 4 26 4
24 22 26 22
24 25 24 26
24 25 25 25
25 15 25 17
25 17 25 18
26 1 26 3
26 13 26 11
26 18 26 22
26 18 25 18
26 18 26 22
27 0 27 4
27 0 28 0
27 4 27 5
27 4 26 4
27 5 27 14
27 5 26 5
27 5 27 14
27 15 27 22
27 15 28 15
27 15 28 15
28 0 28 11
28 11 28 14
28 15 28 14
28 15 28 18
28 18 28 22
28 22 28 23
28 22 27 22
1 2 1 3
1 16 1 15
1 16 2 16
1 19 1 22
2 5 2 4
2 16 2 10
3 10 3 12
3 10 4 10
3 12 4 12
7 20 7 19
7 20 7 21
7 20 6 20
7 20 7 19
7 20 7 21
7 20 6 20
12 17 12 18
12 19 14 19
14 5 14 4
14 19 12 19
15 7 16 7
16 2 16 4
17 13 17 14
17 14 17 15
17 23 14 23
20 20 21 20
21 9 21 10
21 20 21 19
21 20 20 20
21 23 22 23
22 13 22 10
22 23 21 23
23 10 23 11
23 10 23 11
23 12 23 19
23 12 23 19
23 19 23 20
23 19 22 19
23 26 23 27
26 5 26 9
26 5 26 9
26 10 26 11
1 12 1 9
1 12 1 15
2 4 2 5
2 4 1 4
3 12 4 12
4 20 4 18
6 21 7 21
7 19 7 16
7 19 8 19
8 16 8 17
8 17 8 18
8 17 9 17
8 18 8 19
9 19 9 17
15 2 15 4
22 19 22 20
22 19 22 20
23 26 23 27
23 27 26 27
26 27 26 24
26 27 27 27
26 27 26 24
27 27 27 26
27 27 27 28
27 27 28 27
28 28 28 27
28 28 28 27
1 6 1 7
2 7 2 8
3 12 4 12
4 16 4 15
4 16 4 18
4 16 4 15
4 16 4 18
6 17 6 18
6 18 6 17
7 15 7 14
25 26 25 25
26 24 26 22
26 24 25 24
26 24 27 24
26 24 26 22
27 22 27 23
27 27 27 26
28 23 28 24
2 7 2 8
2 9 1 9
4 14 4 12
4 14 7 14
7 13 7 12
7 13 7 12
4 11 4 10
4 11 4 10
7 12 7 9
16 10 16 9
4 9 7 9
7 9 10 9
7 9 10 9

3163

4 5 - - - - 3 = = = = = = = = = = 6 = = = = = = 4 2 3 6 2 
ǁ ǁ 1 3 2 - 5 2 2 5 = = 5 - - 2 4 8 2 2 = = 3 2 5 | 1 ǁ   
ǁ ǁ 1 ǁ 3 2 ǁ 2 4 2 2 - - - - - 2 2 2 - - - - 1 2 | 1 ǁ   
ǁ ǁ 3 ǁ 4 = 6 2 8 = 7 = 7 = = = = = 7 = = = 7 = = 8 4 ǁ   
ǁ ǁ ǁ ǁ 4 2 ǁ 2 6 2 4 2 4 - 2 2 4 = 5 - 2   ǁ 2 = 4 1 ǁ   
ǁ ǁ 6 8 = = 7   | |         |               8 = = = = 7 1 
ǁ ǁ ǁ ǁ     ǁ 3 | |         |     2 4   2 1 ǁ         ǁ   
ǁ ǁ ǁ ǁ     ǁ ǁ | 4 - - 5 2 4 2 2 - - 4 6 3 ǁ         ǁ   
ǁ ǁ ǁ ǁ 1   ǁ 4 | ǁ     ǁ 2 6 = 7 4 4 2   2 ǁ         ǁ   
ǁ ǁ 4 ǁ |   ǁ 2 | ǁ     ǁ       ǁ 2 - 2   | ǁ         ǁ   
ǁ ǁ ǁ ǁ |   ǁ   | 2     ǁ       ǁ 2 - - - 4 ǁ         ǁ   
ǁ ǁ 2 ǁ |   ǁ   |       ǁ       ǁ         ǁ ǁ         ǁ   
ǁ ǁ   ǁ 5 = 6   |       6 = = = 8 4 5 5 6 6 ǁ 2 = = = 6 2 
ǁ ǁ 4 4 ǁ   |   |       ǁ 2 - - 7 2 ǁ ǁ ǁ ǁ ǁ 3 2 4 2 | | 
ǁ ǁ ǁ 1 5 2 |   |       ǁ |     ǁ 2 ǁ 2 ǁ ǁ ǁ 5 2 |   | | 
ǁ ǁ 5 = 2   | 3 |       5 | 2 1 ǁ ǁ ǁ   ǁ ǁ ǁ ǁ 3 7 4 | | 
2 ǁ 4 - 1   1 6 2 3 1 2 8 6 2   5 4 ǁ   ǁ 2 ǁ ǁ | 2 2 | | 
2 ǁ 4 = 2     4 = 6 2   2 3 3 2 2   ǁ   ǁ 2 ǁ 4 6 = = 4 | 
6 7 - - - - - - - - - - - - - - - - 6 - 6 5 ǁ   |   1 | | 
ǁ ǁ 2 - 3 2 = = = = = = = = = = 6 = 7 6 2 1 ǁ   | 1 | 1 | 
ǁ ǁ 4 2 | 2 6 = = = = = = 2     ǁ 2 | ǁ 2 2 ǁ   | | 3 4 | 
3 ǁ 6 = 6 = 6 4 2 2 4 = = = = = 7 5 | 5 6 4 ǁ 3 1 |   ǁ | 
2 ǁ 6 4 | 1 5 = = = 3 - - 3 4 2 1 1 2 5 3 2 ǁ 3   |   ǁ 3 
1 ǁ 2 2 | 2 4       3 2 2 = = = = = = 4 3 4 ǁ 1   | 2 5 ǁ 
4 8 = = 7 = = = = = = = = = = = = = = = = = 8 = = 7 2 | 2 
4 3 3 4 ǁ 4 = = = = = = = 4 - 2 - 4 2       ǁ   1 3 1 |   
| 1 - 3 3 5 = = = 2 1 2 - 6 = = 4 4 4 = = = 7 = 6 = = 4   
5 = = = 4 4 = = = = = = = = 2 4 = = = = = = 7 2 6 3 2 6 1 
3 - - - - - - - - - - 4 - - 2 4 - - 2 - - - 4 2 2 1   3 2 
