29 29
3 5 0 0 0 0 5 0 0 0 0 0 3 2 0 1 0 0 0 0 0 0 0 0 0 3 2 4 3 
0 6 2 2 0 0 0 1 0 0 0 0 0 0 0 3 0 3 0 3 0 5 0 6 0 7 6 0 3 
4 6 3 0 0 0 0 0 0 0 2 0 0 0 0 3 0 0 0 0 0 3 2 0 2 0 0 0 0 
0 4 6 7 0 0 8 0 0 0 0 0 0 0 0 0 0 5 0 0 0 0 3 0 0 0 0 0 0 
1 0 4 5 5 3 0 0 3 5 3 0 0 0 0 0 0 0 2 6 0 0 6 0 3 0 3 0 3 
0 0 0 0 4 1 0 0 0 0 0 0 1 0 0 0 0 0 2 5 3 4 0 0 0 0 1 0 0 
2 4 0 6 4 0 0 0 0 0 0 0 0 0 0 0 0 0 0 0 0 2 0 3 4 0 0 0 0 
1 0 0 0 0 0 0 0 0 2 0 0 0 0 0 1 0 3 0 0 0 0 7 2 4 0 0 0 0 
4 0 0 7 0 0 5 0 5 2 0 2 6 0 0 2 0 0 0 0 0 0 6 4 3 0 0 0 0 
4 0 0 5 1 0 0 2 6 2 0 0 3 0 3 0 0 0 0 0 0 0 6 4 0 0 0 0 0 
4 0 0 0 0 0 6 0 0 0 7 0 0 0 0 0 0 0 0 0 0 0 0 0 0 6 0 7 3 
0 3 6 0 4 2 0 2 6 2 0 2 0 0 4 2 0 6 3 0 4 0 0 6 2 0 3 5 0 
0 0 2 2 6 0 0 3 6 0 7 0 0 0 5 0 0 4 3 2 0 0 2 6 2 0 0 0 0 
5 6 0 0 6 6 0 0 0 2 7 0 0 0 0 0 0 0 0 0 5 0 5 4 0 0 0 0 0 
2 6 0 0 4 4 0 3 2 2 7 0 0 0 0 0 0 0 0 0 6 4 0 0 0 4 0 0 1 
1 2 0 0 0 0 0 3 0 0 5 0 0 0 0 0 0 0 0 0 0 0 3 2 0 4 0 0 0 
5 0 0 0 0 0 6 0 0 0 0 0 0 0 0 0 0 0 0 0 0 4 5 4 2 0 0 2 0 
0 3 0 4 0 0 3 0 0 3 2 2 0 4 0 3 0 6 3 4 1 0 2 0 0 0 0 0 0 
0 0 0 3 1 2 5 0 0 0 0 0 0 7 0 0 0 7 3 6 0 8 0 0 0 6 0 0 0 
5 4 0 0 0 0 5 0 2 0 1 0 0 0 3 4 1 0 4 0 0 0 3 2 0 0 0 0 0 
0 0 2 5 2 2 4 0 6 0 7 4 0 0 0 0 0 0 0 0 1 6 6 4 1 0 0 3 4 
0 4 0 5 0 0 0 0 7 2 0 6 2 0 0 0 0 0 0 0 2 2 4 5 0 5 0 3 0 
0 5 3 3 3 1 0 2 4 1 0 0 1 0 0 0 0 0 0 0 0 0 1 4 0 0 0 2 0 
0 0 4 0 0 0 0 6 6 5 7 7 3 0 6 8 0 8 5 5 7 0 0 4 0 0 0 0 0 
0 3 3 0 0 0 0 0 6 4 2 2 0 0 4 5 1 5 2 4 2 4 5 0 0 5 0 0 0 
0 1 0 0 0 0 0 0 0 0 0 0 0 0 0 2 0 6 2 4 0 6 6 0 0 4 0 0 0 
5 0 0 0 0 0 0 0 0 0 0 0 0 8 0 0 0 0 0 0 0 0 0 0 0 0 6 5 4 
4 0 2 1 1 0 3 0 0 0 0 0 0 6 0 3 0 3 2 2 0 0 0 0 0 0 4 5 4 
2 1 2 0 3 0 0 0 0 0 0 0 0 0 0 0 0 0 0 0 0 0 0 0 0 0 4 5 4 
300 469
0 1 0 0
0 1 0 6
0 1 1 1
1 1 1 2
1 1 0 1
1 1 2 1
1 1 1 2
1 1 0 1
1 21 1 19
1 21 1 23
1 21 2 21
1 23 1 21
1 23 1 25
1 23 6 23
2 1 2 0
2 1 2 2
2 1 3 1
2 1 2 0
2 1 2 2
2 24 4 24
3 1 3 2
3 1 6 1
3 1 3 2
3 2 3 3
3 2 2 2
3 2 4 2
3 2 3 3
3 3 3 6
3 3 1 3
3 3 4 3
3 6 3 3
3 6 3 17
3 6 0 6
3 6 8 6
4 2 4 3
4 2 11 2
4 2 4 3
4 4 4 3
4 4 4 5
4 4 5 4
4 9 4 8
4 9 4 10
4 9 7 9
4 22 4 19
4 22 3 22
4 22 7 22
4 22 4 19
4 22 3 22
4 22 7 22
5 21 5 20
5 21 6 21
5 21 5 20
5 21 6 21
6 1 6 0
6 1 11 1
6 1 6 0
6 3 6 4
6 3 4 3
6 3 8 3
6 3 6 4
6 3 8 3
6 3 6 4
6 4 5 4
7 0 8 0
7 22 7 17
7 22 7 23
7 22 8 22
8 0 9 0
9 0 8 0
9 0 10 0
9 0 8 0
9 3 9 4
9 3 8 3
9 3 12 3
10 0 13 0
10 6 10 10
10 6 8 6
10 6 16 6
10 6 10 10
10 6 8 6
10 6 16 6
10 10 10 25
10 10 4 10
10 10 12 10
10 27 10 25
10 27 10 28
10 27 0 27
10 27 11 27
11 4 11 5
11 4 12 4
11 4 11 5
11 4 12 4
11 8 11 7
11 8 11 9
11 8 12 8
11 8 11 7
11 8 11 9
11 8 12 8
11 17 11 15
11 17 11 18
11 17 12 17
11 17 11 15
11 17 11 18
11 17 12 17
11 23 11 20
11 23 11 24
11 23 12 23
11 23 11 20
11 23 11 24
11 23 12 23
12 4 12 3
12 4 13 4
12 4 13 4
12 4 13 4
12 8 12 7
12 8 12 10
12 8 14 8
12 8 12 7
12 10 12 14
12 10 10 10
12 10 13 10
12 23 12 22
12 23 12 24
12 23 13 23
12 23 12 22
12 24 16 24
13 4 13 1
13 4 13 5
13 4 14 4
13 5 14 5
13 22 13 20
13 22 13 23
13 22 15 22
13 23 13 22
13 23 15 23
14 10 14 9
14 10 14 20
14 10 13 10
14 10 15 10
14 21 14 20
14 21 16 21
14 21 14 20
14 21 16 21
15 25 14 25
15 25 18 25
15 25 14 25
15 25 18 25
16 0 16 6
16 0 15 0
16 0 19 0
16 6 16 0
16 6 16 21
16 6 17 6
16 21 16 22
17 17 17 15
17 17 17 18
17 17 18 17
17 17 17 15
17 17 17 18
17 17 18 17
18 13 18 6
18 13 18 17
18 13 17 13
18 13 26 13
18 25 18 21
18 25 21 25
20 10 20 8
20 10 20 11
20 10 19 10
20 10 23 10
20 11 20 10
20 11 21 11
20 11 20 10
20 24 20 23
21 8 21 3
21 8 21 9
21 8 20 8
21 8 22 8
22 1 22 2
22 1 21 1
22 1 24 1
23 7 23 2
23 7 23 8
23 7 22 7
23 7 23 2
23 7 23 8
23 7 22 7
23 8 23 9
23 8 22 8
23 8 24 8
23 8 23 9
23 11 23 10
23 11 23 12
23 11 21 11
23 11 24 11
23 14 23 15
23 14 19 14
23 14 24 14
23 14 23 15
23 14 19 14
23 14 24 14
23 15 23 17
23 15 19 15
23 15 24 15
23 17 23 15
23 17 23 18
23 17 18 17
23 17 24 17
23 20 23 19
23 20 23 23
23 20 21 20
23 20 24 20
23 23 23 20
23 23 22 23
23 23 22 23
24 14 24 15
24 22 24 21
24 22 24 25
24 22 25 22
25 21 25 19
25 21 25 22
25 21 24 21
25 21 25 19
25 21 25 22
25 21 24 21
25 22 25 25
25 22 24 22
25 25 25 22
25 25 24 25
25 25 24 25
26 0 26 13
26 0 19 0
26 0 27 0
26 13 26 0
26 13 26 26
26 13 18 13
26 13 27 13
27 13 27 6
27 13 27 15
27 13 26 13
27 13 27 6
27 13 27 15
27 15 27 17
27 17 27 18
28 27 28 26
28 27 28 28
28 27 27 27
28 28 28 27
28 28 27 28
28 28 28 27
0 0 2 0
0 0 2 0
0 6 0 12
0 6 3 6
0 6 0 12
0 12 0 13
0 13 0 15
1 3 3 3
1 7 1 15
1 23 1 25
1 23 6 23
1 25 1 26
1 25 0 25
1 25 10 25
1 26 1 25
1 26 0 26
1 26 4 26
1 26 1 25
1 26 0 26
2 10 2 15
2 24 4 24
3 6 3 17
3 6 8 6
4 4 4 5
4 4 5 4
4 5 5 5
4 19 4 18
4 19 1 19
4 19 5 19
4 19 4 18
4 24 6 24
4 26 5 26
5 19 5 18
5 19 5 20
5 19 5 18
6 24 6 23
6 24 7 24
6 24 7 24
7 24 7 23
7 24 8 24
8 3 8 6
8 3 9 3
8 3 9 3
8 8 8 9
8 8 4 8
8 8 9 8
8 11 8 12
8 24 8 23
9 7 9 8
9 8 9 7
9 8 9 9
9 8 8 8
9 8 9 9
9 22 9 14
9 22 9 23
9 22 8 22
9 22 9 14
9 22 9 23
9 22 8 22
9 23 8 23
10 0 13 0
10 25 10 10
10 25 10 27
10 25 14 25
11 11 11 14
11 14 11 11
11 14 12 14
11 14 12 14
11 20 11 18
11 20 13 20
12 2 11 2
12 7 14 7
12 10 12 14
12 10 13 10
12 14 12 17
12 17 12 18
12 18 12 19
12 19 12 18
13 1 13 0
13 1 11 1
13 1 14 1
13 1 13 0
13 1 11 1
13 5 14 5
14 1 14 0
14 1 14 4
14 1 15 1
14 1 14 0
14 1 14 4
14 4 14 5
14 5 13 5
14 25 14 28
15 10 15 7
15 10 14 10
15 10 15 7
15 10 14 10
16 0 19 0
16 24 16 23
16 27 20 27
17 15 17 13
18 25 18 21
18 25 21 25
19 14 19 15
19 15 19 16
19 15 23 15
20 28 20 27
20 28 26 28
20 28 20 27
20 28 26 28
21 11 21 12
21 11 23 11
21 11 21 12
22 5 22 4
22 8 22 9
22 8 21 8
22 12 23 12
23 2 22 2
23 2 24 2
23 12 23 11
23 15 24 15
23 17 23 18
23 17 18 17
23 17 24 17
24 14 24 15
24 21 24 20
24 22 24 25
24 25 21 25
25 1 24 1
25 17 25 15
25 17 25 18
25 17 24 17
25 17 25 15
25 17 25 18
25 17 24 17
25 19 24 19
26 13 26 26
26 26 26 27
26 26 27 26
26 26 26 27
26 26 27 26
26 28 26 27
26 28 27 28
27 6 27 4
27 17 27 18
27 19 27 26
27 28 27 27
27 28 27 27
28 26 28 4
28 26 27 26
28 26 28 4
0 27 0 28
0 27 10 27
0 27 0 28
0 28 1 28
1 28 4 28
2 10 2 15
2 15 1 15
3 22 2 22
4 10 4 9
5 12 8 12
7 22 7 17
7 22 8 22
8 11 8 12
8 24 8 23
9 14 9 12
9 23 8 23
11 2 12 2
11 26 11 27
14 7 14 8
14 7 15 7
16 23 16 22
16 23 15 23
16 23 16 22
17 13 17 11
17 13 18 13
21 9 21 8
22 4 22 3
22 23 22 22
22 23 21 23
23 20 23 19
23 20 21 20
24 15 24 16
24 17 24 18
25 19 24 19
27 3 27 2
27 27 26 27
27 27 26 27
28 4 28 2
1 15 1 17
1 28 4 28
2 21 2 22
2 21 1 21
4 28 10 28
8 22 8 15
8 22 8 15
9 12 8 12
10 28 10 27
11 26 11 27
11 27 11 26
17 11 17 10
22 4 22 3
22 27 21 27
24 19 24 18
24 19 23 19
1 19 1 17
7 15 7 17
8 12 9 12
17 10 17 9
22 27 21 27
1 17 3 17
17 9 17 6
21 27 21 25
17 9 17 6
21 25 21 23
17 3 17 1
17 3 18 3
17 3 17 1
17 3 18 3
17 1 19 1

3591

3 5 - - - - 5 = = = = = 3 2 - 1                   3 2 4 3 
ǁ 6 2 2     ǁ 1 - - - - - - - 3 - 3 - 3 - 5 = 6 = 7 6 ǁ 3 
4 6 3 ǁ     ǁ       2 = = = = 3   |   |   3 2 ǁ 2 | | ǁ ǁ 
  4 6 7 = = 8 = = = = = = = = = = 5   |     3 ǁ ǁ | | ǁ ǁ 
1 | 4 5 5 3 ǁ   3 5 3               2 6 = = 6 ǁ 3 | 3 ǁ 3 
  | | | 4 1 ǁ   | | |   1           2 5 3 4 ǁ ǁ | | 1 ǁ | 
2 4 | 6 4   ǁ   | | |   |                 2 ǁ 3 4 |   ǁ | 
1 | | ǁ     ǁ   | 2 |   |     1 - 3 = = = = 7 2 4 |   ǁ | 
4 | | 7 - - 5   5 2 | 2 6     2 = = = = = = 6 4 3 |   ǁ | 
4 | | 5 1   ǁ 2 6 2 |   3 - 3 = = = = = = = 6 4   |   ǁ | 
4 | | |     6 = = = 7 = = = = = = = = = = = = = = 6 = 7 3 
ǁ 3 6 | 4 2 ǁ 2 6 2 ǁ 2 = = 4 2 = 6 3 - 4 = = 6 2 | 3 5   
ǁ ǁ 2 2 6   ǁ 3 6 - 7 = = = 5 - - 4 3 2 |   2 6 2 |       
5 6 - - 6 6 ǁ | | 2 7                   5 - 5 4 | |       
2 6 = = 4 4 ǁ 3 2 2 7 - - - - - - - - - 6 4 | | | 4 - - 1 
1 2         ǁ 3 = = 5                     ǁ 3 2 | 4       
5 = = = = = 6 - - - - - - - - - - - - - - 4 5 4 2 ǁ   2   
ǁ 3 = 4     3 = = 3 2 2 - 4 - 3 = 6 3 4 1   2     ǁ   |   
ǁ |   3 1 2 5 - - - - - - 7 - - - 7 3 6   8 = = = 6   |   
5 4         5   2   1     ǁ 3 4 1 ǁ 4       3 2   ǁ   |   
|   2 5 2 2 4   6 - 7 4   ǁ ǁ ǁ   ǁ     1 6 6 4 1 ǁ   3 4 
| 4   5 - - - - 7 2 | 6 2 ǁ ǁ ǁ   ǁ     2 2 4 5 - 5 - 3 ǁ 
| 5 3 3 3 1   2 4 1 | ǁ 1 ǁ ǁ ǁ   ǁ     ǁ   1 4   |   2 ǁ 
| | 4 = = = = 6 6 5 7 7 3 ǁ 6 8 = 8 5 5 7 = = 4   |     ǁ 
| 3 3           6 4 2 2   ǁ 4 5 1 5 2 4 2 4 5 = = 5     ǁ 
| 1                       ǁ   2 = 6 2 4 = 6 6 = = 4     ǁ 
5 = = = = = = = = = = = = 8 = = = = = = = = = = = = 6 5 4 
4   2 1 1 - 3 = = = = = = 6 = 3 - 3 2 2 - - - - - - 4 5 4 
2 1 2 - 3 = = = = = = = = = = = = = = = = = = = = = 4 5 4 
