29 29
2 3 0 1 0 0 1 0 0 0 3 0 0 0 4 0 0 0 6 4 2 2 0 0 0 3 4 4 2 
6 8 0 0 0 0 0 0 0 0 0 0 0 0 0 0 0 0 8 7 5 0 3 4 4 0 4 6 5 
0 0 4 0 4 0 0 0 3 3 0 0 4 0 0 0 5 3 0 3 5 5 7 4 2 0 0 0 1 
0 0 4 0 0 0 0 0 0 2 1 0 4 0 2 1 0 1 0 2 0 0 5 5 2 0 0 0 2 
0 0 6 0 0 0 0 0 5 0 0 0 0 0 0 0 6 0 7 0 0 0 0 0 0 5 6 7 5 
0 0 0 2 2 0 5 3 0 1 2 1 0 0 0 3 0 0 0 3 4 2 5 3 2 0 0 0 0 
0 0 2 3 0 0 5 3 0 4 7 6 0 0 0 6 0 0 0 3 5 0 6 7 6 0 0 0 0 
0 0 0 0 0 0 0 0 0 4 0 4 4 6 2 0 0 0 0 0 0 0 0 4 6 0 0 0 0 
0 0 0 0 0 0 0 0 0 5 7 0 0 6 1 0 0 0 0 0 0 0 4 2 0 0 0 0 0 
0 4 0 0 0 0 3 3 0 2 3 1 0 0 1 0 0 0 0 1 0 0 1 1 0 0 0 0 0 
0 0 2 0 5 3 2 0 0 3 0 0 0 4 3 0 0 2 0 1 0 0 0 1 0 0 0 0 0 
0 4 0 0 5 4 0 4 0 0 1 4 3 0 1 0 0 0 0 0 0 0 0 0 0 0 0 0 3 
0 4 3 3 6 4 0 0 0 0 0 0 0 0 2 0 4 4 0 4 7 0 0 7 6 0 0 0 0 
5 0 0 0 6 4 0 0 0 5 0 8 5 0 0 0 0 2 0 0 0 1 0 0 4 0 0 0 3 
3 0 0 5 0 0 8 5 0 0 0 2 3 0 0 0 0 0 0 0 0 3 1 6 6 0 0 0 0 
0 0 0 6 0 0 4 0 0 0 0 0 2 0 4 0 0 0 0 3 0 0 0 2 2 0 0 0 0 
0 0 0 2 0 0 0 1 0 5 2 0 0 0 0 0 3 6 0 3 0 0 0 3 0 5 0 0 0 
0 0 0 0 0 0 0 0 0 2 0 0 0 0 0 0 4 4 0 0 0 6 4 0 2 0 0 0 0 
5 0 0 0 0 0 0 0 6 0 0 0 0 6 6 0 0 2 0 0 0 0 3 0 0 0 0 0 0 
4 0 2 2 4 0 0 0 0 1 4 0 4 0 2 0 0 0 0 3 0 0 0 0 0 0 0 0 0 
3 3 3 0 6 0 0 0 8 4 7 2 0 5 0 7 7 4 0 2 0 0 0 0 0 0 0 0 0 
0 4 6 0 5 0 4 2 4 1 4 2 0 3 4 6 5 1 0 0 0 0 0 0 0 0 0 4 0 
0 2 0 4 0 0 0 0 4 0 0 0 6 0 0 0 0 0 6 0 4 4 3 3 0 0 0 5 6 
0 1 0 4 0 4 2 0 1 2 0 0 6 0 0 0 4 2 0 1 0 0 0 4 0 0 1 0 4 
5 0 0 0 0 0 0 0 0 0 0 0 0 0 0 0 0 0 8 0 0 0 0 5 4 0 2 0 0 
0 0 1 0 5 5 0 3 0 0 4 0 0 0 0 0 0 0 6 0 0 2 2 0 0 7 7 7 6 
0 1 4 2 0 2 2 0 4 0 0 5 0 0 0 0 0 0 0 0 0 0 0 0 0 8 6 0 3 
4 0 3 2 4 0 0 0 0 0 0 4 0 0 0 0 0 0 4 4 0 4 0 3 3 6 8 8 3 
4 0 0 0 0 0 0 0 0 0 0 0 0 0 4 0 0 0 0 0 0 4 1 3 4 2 2 3 1 
300 517
0 18 0 14
0 18 0 19
0 18 1 18
0 18 0 14
0 18 0 19
0 18 1 18
0 19 0 20
0 19 1 19
1 0 1 1
1 0 0 0
1 0 13 0
1 0 1 1
1 0 0 0
1 0 13 0
1 1 1 18
1 1 0 1
1 1 9 1
1 18 1 1
1 18 1 19
1 18 4 18
1 19 1 18
1 19 1 20
1 19 2 19
1 28 1 27
1 28 0 28
1 28 2 28
2 2 2 4
2 2 3 2
2 2 2 4
2 2 3 2
2 4 2 8
2 4 5 4
2 16 2 12
2 16 2 17
2 16 4 16
2 22 2 21
2 22 2 23
2 22 1 22
2 22 3 22
3 2 4 2
4 2 3 2
4 2 6 2
4 2 6 2
4 8 4 16
4 8 2 8
4 8 18 8
4 27 4 26
4 27 4 28
4 27 1 27
4 27 21 27
5 6 5 4
5 6 5 7
5 6 6 6
6 10 6 9
6 10 6 11
6 10 5 10
6 10 8 10
6 23 6 22
6 23 6 24
6 23 5 23
6 23 7 23
6 24 6 23
6 24 5 24
6 24 7 24
6 24 6 23
6 24 5 24
7 9 6 9
7 9 8 9
7 9 6 9
7 9 8 9
7 13 7 12
7 13 7 14
7 13 8 13
7 13 7 12
7 13 7 14
7 13 8 13
8 13 8 10
8 13 8 14
8 13 10 13
8 13 8 10
10 4 10 2
10 4 10 5
10 4 11 4
12 20 12 19
12 20 12 23
12 20 6 20
12 20 22 20
12 23 12 20
12 23 12 24
12 23 10 23
12 23 14 23
12 24 12 23
12 24 7 24
12 24 13 24
12 24 12 23
12 24 7 24
13 9 13 11
13 9 10 9
13 9 16 9
13 11 13 9
13 11 13 12
13 11 11 11
13 11 14 11
13 21 14 21
13 24 14 24
14 6 14 3
14 6 14 7
14 6 10 6
14 6 15 6
14 6 14 3
14 6 14 7
14 6 10 6
14 6 15 6
14 23 14 22
14 23 14 24
14 23 15 23
14 24 14 23
14 24 13 24
14 24 15 24
14 24 14 23
15 3 15 6
15 3 14 3
15 3 16 3
15 3 15 6
15 3 14 3
15 3 16 3
16 25 16 23
16 25 4 25
16 25 25 25
17 21 17 22
17 21 14 21
17 21 22 21
17 21 17 22
17 21 14 21
17 21 22 21
17 22 17 24
17 22 18 22
17 24 24 24
18 0 18 8
18 0 14 0
18 0 19 0
18 22 22 22
20 8 20 4
20 8 20 9
20 8 18 8
20 8 21 8
20 8 20 4
20 8 20 9
20 8 18 8
20 8 21 8
20 10 20 9
20 10 20 11
20 10 19 10
20 10 21 10
20 15 20 13
20 15 20 16
20 15 6 15
20 15 21 15
21 15 21 14
21 15 21 16
21 15 20 15
21 15 21 14
21 15 21 16
21 27 4 27
21 27 22 27
21 27 22 27
22 28 22 27
22 28 13 28
22 28 23 28
22 28 22 27
22 28 13 28
22 28 23 28
23 12 23 9
23 12 23 16
23 12 22 12
23 12 23 9
23 12 23 16
23 12 22 12
23 16 23 17
23 16 21 16
23 28 23 26
23 28 25 28
24 0 24 18
24 0 20 0
24 0 27 0
24 18 24 0
24 18 24 23
24 18 22 18
24 18 25 18
24 24 24 23
24 24 27 24
24 24 24 23
24 26 25 26
25 4 25 2
25 4 25 5
25 4 27 4
25 10 25 7
25 10 25 18
25 10 25 7
25 10 25 18
25 18 25 21
25 18 24 18
25 18 27 18
25 22 25 21
25 22 28 22
25 25 25 26
25 25 16 25
25 25 26 25
25 25 25 26
25 25 26 25
26 1 26 2
26 2 26 3
26 2 27 2
26 2 26 3
26 8 26 6
26 8 26 11
26 8 26 6
26 8 26 11
26 11 27 11
26 25 26 26
26 25 25 25
26 25 27 25
27 18 27 11
27 18 27 19
27 18 27 11
27 19 27 21
27 19 27 21
27 21 28 21
27 26 27 25
27 26 27 27
27 26 26 26
27 26 28 26
27 26 27 25
27 26 27 27
27 26 26 26
27 26 28 26
27 27 27 28
27 27 25 27
27 27 28 27
28 0 28 14
28 0 27 0
28 0 28 14
28 0 27 0
28 14 28 21
28 21 28 14
28 21 27 21
28 27 28 28
28 27 27 27
0 1 0 3
0 1 1 1
0 6 0 10
0 10 0 14
0 14 0 10
1 1 9 1
1 18 1 19
1 28 1 27
1 28 0 28
3 15 3 14
3 28 4 28
4 18 4 16
4 18 4 25
4 18 22 18
4 26 4 25
4 26 4 27
4 26 1 26
4 26 4 25
4 26 4 27
4 28 3 28
4 28 11 28
4 28 11 28
5 3 6 3
5 22 5 21
5 22 5 23
5 22 6 22
6 9 6 10
6 15 6 11
6 15 5 15
6 15 20 15
6 15 6 11
6 15 5 15
7 11 7 12
7 11 6 11
7 11 7 12
7 11 6 11
7 24 7 23
9 1 9 6
9 1 11 1
9 14 10 14
10 17 12 17
11 1 11 4
11 1 12 1
11 1 11 4
11 7 9 7
11 7 14 7
11 7 9 7
11 7 14 7
11 28 13 28
12 1 12 2
13 4 13 0
13 4 13 5
13 4 12 4
13 4 13 0
13 4 13 5
13 4 12 4
13 5 12 5
13 11 13 12
13 11 11 11
13 11 14 11
14 3 14 0
14 7 16 7
15 24 15 23
16 17 16 16
16 17 13 17
16 17 17 17
16 17 16 16
16 17 13 17
16 17 17 17
16 23 16 25
17 17 17 16
17 17 18 17
18 8 18 0
18 8 18 13
18 13 18 14
18 13 10 13
18 13 20 13
18 13 18 14
18 13 10 13
18 14 15 14
18 14 19 14
18 14 15 14
18 14 19 14
18 17 20 17
18 22 22 22
19 4 19 3
19 4 20 4
19 4 19 3
19 4 20 4
19 12 19 10
19 12 22 12
19 12 19 10
19 12 22 12
20 17 20 16
20 17 21 17
20 17 20 16
21 2 21 1
21 2 21 4
21 2 20 2
21 2 21 1
21 2 21 4
21 2 20 2
21 14 21 13
21 16 20 16
21 16 20 16
22 12 22 8
22 18 22 20
22 18 4 18
22 18 24 18
22 18 22 20
22 20 22 21
22 21 22 22
22 23 23 23
23 5 23 3
23 5 23 6
23 5 23 3
23 5 23 6
23 8 22 8
23 19 23 23
23 23 22 23
23 23 24 23
24 18 24 23
24 26 25 26
25 7 25 5
25 27 25 26
25 27 25 28
25 27 27 27
25 27 25 26
25 27 25 28
26 5 25 5
26 11 27 11
27 0 27 2
27 2 27 3
27 3 27 4
27 4 25 4
27 25 27 24
27 25 26 25
27 25 28 25
27 27 27 28
27 28 26 28
28 25 28 24
0 27 0 26
0 27 1 27
0 27 0 26
0 27 1 27
1 27 1 26
2 20 2 19
2 20 2 21
2 20 1 20
3 14 3 12
3 17 2 17
3 23 3 22
3 23 3 24
3 23 2 23
4 18 4 16
4 18 4 25
5 3 6 3
5 9 5 10
5 15 5 11
6 3 6 6
6 10 6 11
6 10 8 10
7 24 7 23
10 2 10 4
10 13 10 9
10 14 11 14
10 17 12 17
11 10 11 11
11 11 11 12
11 12 13 12
12 1 12 2
12 4 12 3
12 4 12 5
12 4 11 4
12 4 12 3
12 5 11 5
12 5 13 5
12 14 15 14
12 17 12 16
12 20 12 19
12 20 6 20
13 0 14 0
15 12 14 12
15 14 12 14
16 10 16 9
17 9 16 9
17 16 16 16
17 16 20 16
17 16 20 16
18 0 19 0
19 0 19 2
19 0 20 0
19 2 20 2
19 10 19 9
20 4 21 4
20 4 21 4
20 9 20 10
20 10 20 11
20 10 21 10
20 15 20 13
20 19 19 19
21 1 20 1
21 1 22 1
21 4 21 6
21 6 21 7
21 10 21 9
21 10 21 11
21 14 21 13
22 12 22 8
23 3 23 1
23 3 22 3
24 0 20 0
25 4 25 5
25 5 26 5
26 25 26 26
26 26 26 25
26 26 25 26
26 28 25 28
28 24 28 23
28 24 27 24
28 24 28 23
0 26 0 25
0 26 1 26
1 26 1 24
2 17 2 16
3 12 3 10
3 12 2 12
3 12 2 12
4 16 4 8
4 16 2 16
7 24 7 23
9 11 9 10
11 5 11 4
11 5 10 5
11 5 10 5
11 12 13 12
12 1 12 2
12 16 12 17
12 19 10 19
12 19 15 19
13 12 14 12
14 12 15 12
15 19 16 19
16 10 16 9
17 9 16 9
20 13 21 13
20 19 19 19
21 6 21 7
21 8 22 8
22 1 22 3
25 27 25 28
25 28 26 28
27 23 28 23
0 25 0 21
0 25 0 21
1 24 1 23
1 24 2 24
1 24 1 23
2 12 2 9
3 9 2 9
4 8 2 8
9 19 6 19
13 9 10 9
15 19 16 19
16 19 19 19
0 20 1 20
1 23 1 22
1 23 2 23
2 9 3 9

3267

2 3 - 1     1 - - - 3 = = = 4 = = = 6 4 2 2 = = = 3 4 4 2 
6 8 = = = = = = = = = = = = = = = = 8 7 5   3 4 4 - 4 6 5 
ǁ ǁ 4 = 4 - - - 3 3 - - 4 - - - 5 3 | 3 5 5 7 4 2   | | 1 
ǁ ǁ 4   |       ǁ 2 1 - 4 - 2 1 ǁ 1 | 2     5 5 2   | | 2 
ǁ ǁ 6   |       5 = = = = = = = 6 = 7 = = = = = = 5 6 7 5 
ǁ ǁ ǁ 2 2 - 5 3 | 1 2 1 - - - 3     ǁ 3 4 2 5 3 2 |   ǁ ǁ 
ǁ ǁ 2 3 - - 5 3 | 4 7 6 = = = 6     ǁ 3 5   6 7 6 |   ǁ ǁ 
ǁ ǁ             | 4 ǁ 4 4 6 2 ǁ     ǁ | ǁ     4 6 |   ǁ ǁ 
ǁ ǁ             | 5 7 = = 6 1 ǁ     ǁ | ǁ   4 2 ǁ |   ǁ ǁ 
ǁ 4 - - - - 3 3 | 2 3 1   | 1 ǁ     ǁ 1 ǁ   1 1 ǁ |   ǁ ǁ 
ǁ | 2 = 5 3 2 ǁ | 3 - - - 4 3 ǁ   2 ǁ 1 ǁ     1 ǁ |   ǁ ǁ 
ǁ 4 = = 5 4 ǁ 4 | ǁ 1 4 3 ǁ 1 ǁ   ǁ ǁ | ǁ     | ǁ |   ǁ 3 
ǁ 4 3 3 6 4 ǁ ǁ | ǁ   ǁ ǁ ǁ 2 ǁ 4 4 ǁ 4 7 = = 7 6 |   ǁ | 
5 = = = 6 4 ǁ ǁ | 5 = 8 5 ǁ ǁ ǁ   2 ǁ | | 1   | 4 |   ǁ 3 
3 - - 5 = = 8 5 | |   2 3 ǁ ǁ ǁ   ǁ ǁ | | 3 1 6 6 |   ǁ ǁ 
|     6 = = 4 | | |     2 ǁ 4 ǁ   ǁ ǁ 3 | ǁ   2 2 |   ǁ ǁ 
|     2       1 | 5 2     ǁ ǁ ǁ 3 6 ǁ 3 | ǁ   3 = 5   ǁ ǁ 
|               | 2       ǁ ǁ ǁ 4 4 ǁ | | 6 4 - 2 ǁ   ǁ ǁ 
5 = = = = = = = 6 - - - - 6 6 ǁ ǁ 2 ǁ | | ǁ 3   | ǁ   ǁ ǁ 
4 - 2 2 4       ǁ 1 4 = 4 | 2 ǁ ǁ | ǁ 3 | ǁ ǁ   | ǁ   ǁ ǁ 
3 3 3   6 = = = 8 4 7 2 ǁ 5 = 7 7 4 ǁ 2 | ǁ ǁ   | ǁ   ǁ ǁ 
ǁ 4 6 = 5 - 4 2 4 1 4 2 ǁ 3 4 6 5 1 ǁ   | ǁ ǁ   | ǁ   4 ǁ 
ǁ 2 - 4         4 = = = 6       |   6 = 4 4 3 3 | ǁ   5 6 
ǁ 1 - 4 = 4 2   1 2 = = 6 = = = 4 2 ǁ 1 - - - 4 | ǁ 1 - 4 
5 = = = = = = = = = = = = = = = = = 8 = = = = 5 4 ǁ 2   | 
|   1 - 5 5 - 3 = = 4 = = = = = = = 6 - - 2 2   | 7 7 7 6 
| 1 4 2 ǁ 2 2 = 4 = = 5             |       |   | 8 6 ǁ 3 
4 - 3 2 4             4 = = = = = = 4 4 = 4 | 3 3 6 8 8 3 
4 = = = = = = = = = = = = = 4 = = = = = = 4 1 3 4 2 2 3 1 
