29 29
2 0 0 0 0 0 0 0 0 0 0 1 0 0 0 0 0 0 0 0 3 0 1 1 0 0 0 0 3 
5 0 0 0 0 0 0 0 0 0 0 0 0 0 0 0 0 0 0 0 4 2 4 0 0 0 0 0 4 
0 1 2 0 1 0 0 0 0 0 0 0 0 0 0 3 0 0 0 0 0 0 0 0 0 0 0 3 0 
0 3 6 0 0 0 0 0 3 0 0 0 0 0 0 0 4 0 0 0 0 0 0 0 0 0 4 0 0 
0 0 0 3 0 4 0 0 6 0 0 0 0 0 0 0 6 0 0 2 2 3 0 0 4 1 0 0 0 
0 2 0 0 2 0 1 2 0 2 1 1 0 1 2 1 0 2 0 4 0 3 0 0 0 1 0 0 0 
0 1 0 0 4 3 1 0 0 0 0 0 2 2 0 1 0 5 0 4 1 0 0 0 0 0 0 0 0 
0 2 6 0 0 1 1 0 0 3 0 4 0 0 0 0 0 2 0 1 0 6 0 0 5 0 0 0 0 
0 1 2 0 0 0 0 0 0 2 1 0 0 0 0 0 0 2 4 0 0 6 3 2 0 0 0 0 0 
0 5 0 7 6 0 3 4 7 0 0 7 7 0 6 4 0 4 6 0 0 6 2 1 0 0 0 0 0 
0 0 0 0 3 2 2 2 0 0 0 0 0 0 0 1 0 0 4 1 1 3 1 0 0 0 0 0 0 
0 0 1 0 0 2 0 1 0 0 0 0 4 0 0 0 0 0 2 0 2 0 1 0 0 5 6 4 3 
0 0 0 0 0 0 0 0 0 3 0 4 3 0 4 1 0 5 0 0 0 3 0 0 0 3 0 1 0 
0 2 3 7 0 3 4 0 6 1 0 0 1 0 4 1 0 1 0 0 0 3 3 0 0 1 0 2 1 
0 1 0 4 0 0 1 0 4 2 0 0 0 0 1 0 0 0 0 0 0 0 0 0 0 2 0 0 1 
3 0 0 0 0 0 0 0 0 0 0 0 0 0 0 0 6 0 0 0 0 0 0 0 5 4 5 4 2 
0 4 0 4 0 0 0 0 0 0 0 0 0 0 0 0 6 0 0 0 0 0 5 3 0 0 0 3 2 
0 4 1 0 2 3 2 0 4 1 0 0 0 3 0 0 0 2 0 0 1 2 0 0 0 0 0 0 2 
0 0 0 0 2 6 0 0 6 0 0 0 0 4 3 3 0 0 2 0 7 4 0 3 0 0 0 0 1 
0 0 0 0 3 5 2 0 0 0 1 0 0 2 0 1 0 4 2 1 0 0 0 4 0 0 5 6 1 
0 1 0 0 0 0 4 0 5 0 0 5 0 0 7 3 0 0 0 0 0 0 0 2 0 0 0 1 1 
0 0 0 0 2 0 5 2 0 1 0 0 2 2 0 0 0 4 5 5 7 0 6 2 0 0 1 4 4 
0 0 0 0 0 0 2 3 0 0 0 0 1 0 2 0 0 1 0 2 0 1 0 1 0 0 2 0 1 
0 0 0 0 0 2 1 2 0 2 0 7 4 4 0 2 0 0 0 2 4 2 6 2 0 0 3 0 1 
0 2 0 4 0 4 5 4 0 3 3 5 0 0 4 2 0 0 0 4 0 0 7 2 0 0 0 0 0 
0 1 0 0 2 3 1 2 0 0 2 3 2 1 0 0 5 3 0 2 0 0 3 2 0 0 0 0 0 
1 1 0 4 0 2 0 0 0 3 0 0 0 0 0 0 0 0 5 0 0 0 0 0 6 6 6 5 2 
0 3 0 0 0 4 0 0 5 0 0 0 0 0 0 0 0 0 7 0 0 5 4 1 2 2 4 3 3 
0 1 0 0 2 0 0 0 0 0 0 0 0 0 0 0 0 0 4 2 0 4 4 0 0 0 4 2 2 
300 330
0 28 0 23
0 28 1 28
0 28 1 28
1 0 1 20
1 0 0 0
1 0 15 0
1 28 1 22
1 28 11 28
3 26 3 16
3 26 11 26
3 26 3 16
3 26 11 26
7 24 7 21
7 24 4 24
7 24 15 24
9 1 9 3
9 1 8 1
9 1 13 1
9 8 9 7
9 8 9 11
9 8 4 8
9 8 13 8
9 12 9 11
9 12 9 14
9 12 6 12
9 12 11 12
11 25 11 26
11 25 5 25
11 25 12 25
11 26 11 25
11 26 11 27
11 26 15 26
12 25 11 25
12 25 13 25
13 3 13 2
13 3 13 5
13 3 9 3
13 3 14 3
14 25 15 25
17 1 17 2
17 1 16 1
17 1 20 1
17 1 16 1
18 20 18 18
18 20 18 21
18 20 17 20
18 20 21 20
19 27 19 26
19 27 19 28
19 27 16 27
19 27 20 27
20 14 20 11
20 14 20 15
20 14 18 14
20 14 22 14
20 28 21 28
21 28 21 27
21 28 22 28
21 28 21 27
23 11 23 9
23 11 23 12
23 11 20 11
23 11 24 11
24 22 24 19
24 22 24 23
24 22 23 22
24 22 25 22
25 16 25 13
25 16 25 17
25 16 16 16
27 8 27 5
27 8 27 18
27 8 20 8
27 21 27 18
27 21 27 22
27 21 28 21
1 22 1 21
1 22 0 22
1 22 1 21
3 16 3 8
3 16 4 16
4 16 4 8
4 16 4 19
4 16 15 16
4 16 4 8
4 16 4 19
4 25 4 24
6 17 6 19
6 17 5 17
6 17 7 17
8 2 7 2
9 1 9 3
9 1 13 1
11 2 13 2
11 12 9 12
11 12 12 12
11 12 12 12
12 17 12 21
12 17 9 17
12 17 13 17
13 2 13 3
14 25 15 25
15 16 15 0
15 16 15 24
15 16 16 16
15 16 15 0
15 16 15 24
16 1 16 3
16 16 16 3
16 16 16 22
16 16 25 16
16 16 16 3
16 22 16 23
16 22 21 22
16 22 16 23
16 22 21 22
17 17 19 17
17 21 18 21
18 20 18 18
18 20 18 21
18 20 21 20
18 21 17 21
18 28 17 28
19 27 19 26
19 27 16 27
21 20 21 19
21 20 21 22
21 20 23 20
21 22 21 20
21 22 21 23
21 22 23 22
21 27 21 26
21 27 26 27
22 21 23 21
23 22 23 21
23 22 23 23
23 22 24 22
23 22 23 23
23 28 26 28
25 16 25 17
26 0 26 1
26 3 26 5
26 3 24 3
26 3 26 5
26 3 24 3
27 1 27 5
27 1 28 1
27 1 27 5
27 5 27 8
28 4 28 18
0 20 0 11
0 20 1 20
0 20 1 20
1 0 1 20
1 0 0 0
4 8 4 5
4 8 3 8
4 8 9 8
4 24 4 21
4 24 7 24
8 2 7 2
14 1 14 3
14 3 14 6
14 3 13 3
14 8 14 9
14 8 13 8
14 8 14 9
14 8 13 8
14 14 13 14
16 1 16 3
17 17 19 17
17 28 16 28
19 17 19 18
19 17 21 17
21 17 21 18
21 17 22 17
21 17 21 18
23 20 23 19
23 20 21 20
23 20 23 19
24 3 24 1
24 3 24 5
24 19 24 22
24 19 25 19
24 19 25 19
25 1 24 1
25 4 25 5
28 4 28 18
28 18 28 19
28 18 27 18
28 19 28 21
28 21 28 22
28 21 27 21
28 22 28 26
28 22 27 22
28 22 28 26
28 26 28 27
28 26 27 26
3 8 3 2
4 5 4 3
4 5 6 5
4 5 4 3
7 2 7 1
7 2 7 5
7 2 3 2
7 2 7 1
9 3 9 4
9 3 13 3
9 3 9 4
9 3 9 4
13 8 13 6
13 8 13 9
13 8 9 8
22 19 21 19
25 4 25 5
27 18 27 8
27 18 27 21
27 18 26 18
27 18 26 18
27 22 27 23
27 22 25 22
3 2 3 1
3 2 2 2
5 4 6 4
6 1 5 1
6 4 6 5
6 4 5 4
6 4 6 5
12 9 12 11
13 6 13 5
13 6 10 6
13 6 13 5
22 19 21 19
25 23 25 22
25 23 24 23
26 24 26 25
26 24 15 24
26 24 27 24
26 24 26 25
26 24 15 24
26 24 27 24
26 25 26 26
26 25 15 25
26 25 27 25
26 25 26 26
26 26 26 27
26 26 23 26
26 26 27 26
26 26 26 27
27 25 27 26
27 26 27 27
3 2 3 1
3 2 2 2
5 1 3 1
7 24 7 21
11 5 10 5
11 7 10 7
12 9 12 11
12 11 12 12
12 11 9 11
13 12 13 14
13 14 13 15
13 14 12 14
15 25 15 26
16 23 18 23
18 23 19 23
19 23 18 23
19 23 20 23
19 23 20 23
19 26 15 26
21 23 22 23
22 26 23 26
23 26 22 26
2 4 2 15
2 15 2 27
7 21 7 19
7 21 5 21
7 21 8 21
7 21 5 21
8 21 8 18
8 21 8 22
8 21 9 21
8 21 8 18
8 21 8 22
8 23 8 22
8 23 9 23
9 11 9 8
9 11 9 12
9 11 7 11
9 21 9 18
9 21 9 22
9 21 10 21
9 21 9 18
9 21 9 22
11 5 10 5
12 14 12 15
12 14 9 14
12 14 9 14
19 26 15 26
2 15 2 27
2 27 11 27
8 18 8 17
8 18 9 18
9 11 9 12
10 4 9 4
10 15 9 15
11 27 11 28
11 27 12 27
11 28 13 28
13 27 15 27
14 28 15 28
15 26 15 27
6 12 6 13
7 11 7 9
7 11 5 11
7 11 7 9
8 9 8 10
8 9 7 9
9 15 9 14
9 15 6 15
9 15 9 14
10 4 9 4
13 27 15 27
15 27 15 28
16 27 16 28
5 9 5 10
5 15 5 14
6 13 5 13
9 14 5 14
10 4 9 4

3745

2                     1 - - - - - - - - 3   1 1 - - - - 3 
5 = = = = = = = = = = = = = = = = = = = 4 2 4 - - - - - 4 
| 1 2   1 - - - - - - - - - - 3 = = = = = = = = = = = 3 | 
| 3 6 - - - - - 3 - - - - - - - 4 = = = = = = = = = 4 | | 
| | | 3 = 4 - - 6 = = = = = = = 6 = = 2 2 3 - - 4 1 ǁ | | 
| 2 |   2 | 1 2 ǁ 2 1 1   1 2 1 | 2   4   3     ǁ 1 ǁ | | 
| 1 |   4 3 1   ǁ     | 2 2 | 1 | 5 - 4 1 ǁ     ǁ | ǁ | | 
| 2 6 - - 1 1   ǁ 3 = 4 |   | | | 2   1 - 6 = = 5 | ǁ | | 
| 1 2           ǁ 2 1 | |   | | | 2 4 = = 6 3 2 | | ǁ | | 
| 5 = 7 6   3 4 7 = = 7 7 - 6 4 | 4 6 = = 6 2 1 | | ǁ | | 
| ǁ   ǁ 3 2 2 2 ǁ     | ǁ   ǁ 1 | | 4 1 1 3 1   | | ǁ | | 
| ǁ 1 ǁ   2 | 1 ǁ     | 4   ǁ   | | 2   2   1   | 5 6 4 3 
| ǁ | ǁ     |   ǁ 3 = 4 3   4 1 | 5 - - - 3     | 3 | 1 | 
| 2 3 7 - 3 4 - 6 1     1 - 4 1 | 1       3 3   | 1 | 2 1 
| 1 - 4 - - 1   4 2         1   |               | 2 | ǁ 1 
3 = = = = = = = = = = = = = = = 6 = = = = = = = 5 4 5 4 2 
  4 = 4 = = = = = = = = = = = = 6 - - - - - 5 3 ǁ | ǁ 3 2 
  4 1   2 3 2   4 1       3     ǁ 2     1 2 ǁ | ǁ | ǁ ǁ 2 
  |     2 6     6         4 3 3 ǁ ǁ 2 = 7 4 ǁ 3 ǁ | ǁ ǁ 1 
  |     3 5 2       1     2 | 1 ǁ 4 2 1 ǁ   ǁ 4 ǁ | 5 6 1 
  1         4   5     5 - - 7 3 ǁ |     ǁ   ǁ 2 ǁ |   1 1 
        2   5 2 | 1   | 2 2 |   ǁ 4 5 5 7 = 6 2 ǁ | 1 4 4 
            2 3 |     | 1   2   ǁ 1   2 ǁ 1 | 1 ǁ | 2 | 1 
          2 1 2 | 2 - 7 4 4   2 ǁ     2 4 2 6 2 ǁ | 3 | 1 
  2 - 4 - 4 5 4 | 3 3 5     4 2 ǁ     4 = = 7 2 ǁ | | | | 
  1   ǁ 2 3 1 2 |   2 3 2 1 - - 5 3   2     3 2 ǁ | | | | 
1 1   4 = 2     | 3                 5       |   6 6 6 5 2 
  3 = = = 4 = = 5 = = = = = = = = = 7 = = 5 4 1 2 2 4 3 3 
  1     2 = = = = = = = = = = = = = 4 2 - 4 4 = = = 4 2 2 
