29 29
2 0 0 0 0 0 0 0 0 0 0 0 0 0 0 3 2 4 0 0 0 0 0 0 6 0 0 4 4 
4 5 0 0 0 6 0 0 0 0 0 0 0 0 0 7 3 5 0 4 3 0 4 0 0 4 5 4 0 
4 3 2 3 0 5 0 0 2 2 0 4 6 5 3 0 1 2 1 5 3 0 0 0 0 2 0 2 0 
6 0 0 0 0 0 0 0 0 0 0 7 6 0 2 0 5 6 0 6 0 0 0 0 0 2 0 0 0 
0 0 0 0 0 0 0 0 0 0 0 0 0 0 0 0 4 0 3 4 0 0 0 0 0 0 0 0 2 
0 0 0 0 0 0 2 0 0 0 0 5 4 0 0 0 2 0 5 6 7 0 4 0 0 3 0 1 2 
0 0 0 0 0 0 0 0 0 0 0 3 4 0 0 0 0 0 2 0 3 4 1 0 0 0 0 0 4 
5 0 0 0 0 0 0 0 0 0 0 0 0 6 0 6 0 7 0 6 0 4 6 2 0 0 0 3 0 
6 5 0 0 6 0 4 4 0 6 2 0 0 0 2 0 1 0 0 0 0 1 4 0 0 0 0 0 0 
0 4 4 3 0 0 4 4 0 0 0 0 0 0 0 0 0 0 2 7 2 0 0 0 0 0 4 8 5 
6 7 6 6 6 0 0 0 0 5 1 2 0 8 6 5 2 0 2 8 0 5 4 0 0 0 1 0 0 
2 0 2 3 0 2 0 0 0 0 0 0 0 5 3 4 2 0 2 6 4 4 4 2 0 0 0 0 0 
3 7 0 0 8 0 0 0 0 0 0 0 0 0 0 0 0 6 0 0 0 0 0 0 6 4 0 5 0 
0 0 2 3 0 1 0 2 0 0 0 0 0 0 0 0 0 0 3 0 6 0 0 4 1 0 0 0 0 
0 0 0 2 0 2 1 0 0 0 0 0 0 0 0 0 0 0 3 0 6 2 0 0 2 0 0 0 0 
0 0 5 0 6 5 5 6 0 0 0 0 0 0 0 0 0 7 0 0 0 0 0 8 4 0 0 0 0 
0 0 0 1 0 2 0 6 0 0 2 1 0 2 0 0 0 0 4 5 0 5 2 0 2 0 0 0 0 
0 0 0 2 0 2 0 7 1 2 4 0 0 6 3 0 0 0 0 0 2 5 2 0 0 0 0 0 0 
0 0 0 0 0 0 0 4 2 0 0 0 0 0 0 0 0 0 5 5 0 0 0 6 6 0 1 2 0 
4 3 0 4 4 0 0 0 0 4 0 0 0 0 3 0 0 0 0 0 2 4 4 0 0 0 0 0 0 
0 0 0 4 1 2 1 0 0 0 0 0 0 0 2 0 0 0 3 0 0 2 4 0 4 0 0 1 0 
0 0 0 4 5 4 0 0 0 0 0 0 0 4 3 0 0 0 2 0 0 2 3 0 4 0 0 0 0 
5 3 0 2 0 0 0 0 0 0 0 0 0 1 0 0 0 0 1 0 0 0 2 0 3 0 0 2 0 
0 0 0 0 6 6 7 0 0 0 8 0 0 0 0 0 0 6 3 6 6 6 3 0 3 7 3 0 0 
0 0 0 0 0 2 6 0 4 1 6 5 1 3 0 0 0 6 3 2 5 7 2 0 2 0 0 0 2 
0 0 0 0 0 4 4 0 3 0 2 3 1 3 2 0 0 0 0 0 4 4 0 0 0 0 0 0 2 
5 0 8 4 4 0 0 0 0 0 0 0 0 0 0 0 0 0 0 0 0 0 0 5 4 6 0 6 3 
3 0 6 0 0 0 0 0 0 0 5 0 2 0 0 2 0 2 2 0 0 0 0 8 4 5 4 6 3 
2 0 4 0 1 2 0 4 0 0 5 0 0 0 0 0 0 4 0 2 0 0 0 4 0 4 4 3 2 
300 545
0 24 0 17
0 24 0 27
0 24 12 24
0 24 0 17
0 24 0 27
0 24 12 24
0 27 0 28
0 27 1 27
0 28 4 28
1 1 1 0
1 1 1 5
1 1 2 1
1 5 1 1
1 5 1 15
1 5 2 5
1 22 1 20
1 22 5 22
1 22 1 20
1 22 5 22
1 25 1 26
1 25 2 25
1 25 1 26
1 25 2 25
1 27 1 26
1 27 2 27
1 27 1 26
2 12 2 11
2 12 2 13
2 12 3 12
2 12 2 11
2 12 2 13
2 12 3 12
2 27 5 27
3 0 3 11
3 0 2 0
3 0 7 0
3 0 3 11
3 0 2 0
3 0 7 0
3 11 3 12
3 11 2 11
3 11 5 11
3 12 3 11
3 12 3 14
3 12 5 12
3 19 3 17
3 19 2 19
3 19 4 19
3 19 3 17
3 19 2 19
3 19 4 19
3 25 5 25
4 19 4 18
4 19 5 19
5 19 5 18
5 19 5 20
5 19 7 19
5 19 5 18
5 19 5 20
5 20 5 22
5 20 2 20
5 20 6 20
5 22 5 20
6 28 5 28
6 28 9 28
6 28 5 28
6 28 9 28
7 13 7 0
7 13 7 15
7 13 10 13
7 13 7 0
7 13 7 15
7 13 10 13
7 15 7 17
7 15 1 15
7 15 10 15
7 15 7 17
7 17 7 19
7 17 3 17
7 17 12 17
7 19 7 17
7 19 7 21
7 19 9 19
7 19 7 21
7 27 9 27
8 0 8 1
8 0 7 0
8 0 10 0
8 4 8 1
8 4 8 6
8 4 10 4
8 4 8 1
8 4 8 6
8 4 10 4
8 6 8 7
8 6 9 6
8 7 8 9
8 7 9 7
8 7 8 9
8 9 8 10
8 9 10 9
8 9 8 10
8 9 10 9
8 14 10 14
8 16 10 16
9 6 9 7
9 6 14 6
9 6 9 7
9 7 13 7
9 19 9 18
9 19 9 20
9 19 10 19
9 27 9 26
9 27 9 28
9 27 7 27
9 27 12 27
10 0 10 1
10 0 8 0
10 0 11 0
10 4 10 3
10 4 12 4
10 4 10 3
10 4 12 4
10 13 10 11
10 13 10 14
10 13 11 13
10 19 10 18
10 19 10 21
10 19 9 19
10 19 11 19
10 19 10 18
10 19 10 21
10 19 9 19
11 5 13 5
11 19 11 18
11 19 11 20
11 19 16 19
11 19 11 18
11 19 11 20
11 20 11 21
11 20 13 20
12 1 12 0
12 1 12 4
12 1 10 1
12 1 19 1
12 4 12 1
12 4 15 4
12 4 15 4
12 24 12 25
12 24 13 24
12 24 12 25
12 24 12 25
14 5 15 5
14 20 14 21
14 20 13 20
14 20 17 20
14 20 14 21
14 20 13 20
14 20 17 20
14 24 15 24
14 24 15 24
15 2 15 4
15 2 13 2
15 2 26 2
15 4 15 2
15 4 15 5
15 4 19 4
15 6 15 5
15 6 15 7
15 6 20 6
15 23 15 24
15 23 13 23
15 23 18 23
15 23 15 24
15 23 13 23
15 23 18 23
16 3 17 3
16 7 16 10
16 7 15 7
16 7 17 7
16 7 16 10
16 7 15 7
16 7 17 7
16 19 16 18
16 19 18 19
16 19 16 18
16 19 18 19
16 24 18 24
17 3 19 3
17 7 17 8
17 7 18 7
17 7 18 7
17 21 17 22
17 21 16 21
17 21 19 21
18 23 18 24
18 23 26 23
18 23 18 24
18 23 26 23
18 24 18 26
18 24 16 24
18 24 20 24
19 3 19 4
19 3 20 3
19 3 19 4
19 4 20 4
20 3 21 3
20 24 20 27
20 24 21 24
20 24 21 24
21 4 21 3
21 4 21 5
21 4 23 4
21 24 22 24
22 0 22 1
22 0 19 0
22 0 26 0
23 4 23 5
23 4 21 4
23 4 26 4
23 10 23 6
23 10 23 17
23 10 17 10
23 10 24 10
23 10 23 6
23 10 23 17
23 10 17 10
23 10 24 10
23 17 23 18
23 17 15 17
23 17 24 17
23 17 23 18
24 10 24 9
24 10 24 11
24 10 25 10
24 10 24 11
24 17 24 13
24 17 24 18
24 17 27 17
24 17 24 13
24 17 24 18
24 21 24 20
24 21 24 22
24 21 23 21
24 21 25 21
25 14 25 13
25 20 25 21
25 20 24 20
25 20 25 21
25 20 24 20
25 21 24 21
26 2 26 0
26 2 26 3
26 2 15 2
26 2 27 2
27 23 27 18
27 23 27 24
27 23 26 23
27 23 28 23
27 23 27 18
27 23 27 24
27 23 26 23
27 23 28 23
27 24 27 25
27 24 26 24
28 7 28 5
28 7 28 10
28 7 28 5
28 7 28 10
28 23 28 19
28 23 28 25
28 25 28 26
28 25 27 25
28 25 28 26
28 26 28 27
28 26 27 26
0 17 0 16
0 17 1 17
0 28 4 28
1 5 1 15
1 5 2 5
1 15 1 16
1 15 0 15
1 26 9 26
2 0 2 1
2 0 1 0
2 11 2 9
2 13 2 14
3 11 5 11
3 14 2 14
3 16 3 17
3 16 2 16
3 16 4 16
3 17 3 16
3 17 2 17
3 25 5 25
4 16 3 16
4 16 5 16
4 16 5 16
4 18 5 18
5 6 5 11
5 12 5 11
5 12 6 12
5 12 5 11
5 25 12 25
6 11 6 12
6 12 6 11
6 18 5 18
7 17 12 17
8 0 8 1
8 14 10 14
9 18 9 19
9 26 9 27
9 26 10 26
9 27 9 28
9 27 12 27
9 28 24 28
10 0 10 1
10 0 11 0
10 3 10 2
10 3 9 3
10 3 11 3
10 3 10 2
10 9 10 10
10 13 10 11
10 13 10 14
10 13 11 13
11 3 11 2
11 21 11 22
11 21 10 21
11 21 11 22
12 17 15 17
12 27 18 27
13 2 13 3
13 3 14 3
13 7 15 7
13 18 14 18
13 20 13 23
13 23 13 20
14 3 13 3
14 5 15 5
15 6 15 5
15 6 15 7
15 7 15 17
15 17 12 17
16 5 17 5
16 11 16 13
16 13 17 13
16 18 14 18
16 18 18 18
16 21 16 22
16 21 17 21
16 21 16 22
16 21 17 21
17 7 18 7
17 7 18 7
17 10 17 9
17 10 17 13
17 13 17 14
17 13 21 13
17 22 19 22
18 18 18 19
18 18 20 18
18 18 18 19
18 18 20 18
18 19 23 19
18 27 12 27
19 9 17 9
19 22 19 21
19 22 20 22
19 22 19 21
20 3 21 3
20 18 21 18
20 22 20 21
20 22 21 22
20 22 20 21
21 18 22 18
21 24 22 24
22 13 21 13
23 4 23 5
23 4 26 4
23 5 23 6
23 5 21 5
23 5 24 5
23 5 23 6
23 6 24 6
23 19 23 18
23 19 23 20
23 19 24 19
23 19 23 20
23 19 24 19
23 20 23 21
23 20 19 20
23 20 24 20
23 20 23 21
23 21 23 22
23 21 21 21
23 21 24 21
24 8 24 6
24 8 25 8
24 8 24 6
24 8 25 8
24 20 24 21
24 22 23 22
25 5 25 6
25 5 24 5
25 5 25 6
25 14 25 13
26 2 26 0
26 2 26 3
26 2 27 2
26 3 26 4
26 3 22 3
26 4 28 4
26 23 26 24
26 24 26 25
26 24 24 24
26 25 26 27
26 25 23 25
26 25 27 25
26 25 26 27
26 25 23 25
26 27 26 28
26 27 22 27
26 27 27 27
26 27 26 28
27 2 27 0
27 2 28 2
27 2 27 0
27 2 28 2
27 10 27 12
27 10 25 10
27 10 28 10
27 15 27 12
27 15 27 17
27 25 27 26
27 25 27 26
27 26 27 27
27 27 27 28
27 27 28 27
28 2 28 0
28 2 28 0
28 17 28 10
28 17 28 19
28 17 28 10
1 0 1 1
1 0 0 0
1 15 1 16
1 15 0 15
2 1 2 2
2 2 2 3
2 3 2 5
2 9 2 8
2 13 2 14
4 18 5 18
6 11 6 12
8 0 8 1
9 1 9 2
9 1 10 1
9 1 9 2
9 1 10 1
9 2 9 3
9 2 10 2
11 3 11 2
11 13 11 14
11 22 11 23
11 22 10 22
11 23 7 23
13 18 14 18
16 5 17 5
17 13 17 14
17 13 21 13
17 14 19 14
19 14 20 14
19 20 19 21
20 3 21 3
20 5 21 5
20 5 21 5
21 13 21 14
21 14 20 14
21 21 21 22
21 22 22 22
22 22 23 22
22 27 22 24
23 6 24 6
23 26 23 25
24 6 23 6
24 6 25 6
24 24 23 24
24 28 25 28
25 5 25 6
25 11 25 12
25 11 24 11
25 11 24 11
25 13 24 13
25 28 26 28
27 0 26 0
27 27 27 28
27 27 28 27
27 28 28 28
0 0 0 15
0 16 1 16
1 17 1 19
1 17 2 17
1 17 1 19
1 19 1 20
1 19 2 19
2 3 2 5
2 5 2 8
2 18 2 19
2 19 2 20
2 20 5 20
6 20 6 21
7 23 7 22
10 2 10 1
10 22 10 21
10 22 8 22
10 22 10 21
11 13 11 14
23 24 23 25
23 26 23 25
24 11 24 12
26 0 22 0
6 20 6 21
6 21 6 22
6 21 7 21
7 21 7 22
7 22 8 22
8 21 8 22
8 22 7 22
10 2 10 1
11 13 11 14
11 15 11 16
11 15 10 15
11 15 11 16
11 15 10 15
12 1 12 0
12 1 19 1
19 0 19 1
19 0 12 0
19 0 22 0
23 24 23 25
23 25 23 26
10 14 10 15
10 14 10 15

2879

2 - - - - - - - - - - - - - - 3 2 4 = = = = = = 6 = = 4 4 
4 5 = = = 6 = = = = = = = = = 7 3 5 = 4 3 = 4   ǁ 4 5 4 ǁ 
4 3 2 3 = 5 - - 2 2 - 4 6 5 3 | 1 2 1 5 3   ǁ   ǁ 2 | 2 ǁ 
6 = = = = = = = = = = 7 6 - 2 | 5 6 = 6 ǁ   ǁ   ǁ 2 | | ǁ 
ǁ                     ǁ |     | 4 | 3 4 ǁ   ǁ   ǁ ǁ | | 2 
ǁ           2 - - - - 5 4     | 2 | 5 6 7 = 4   ǁ 3 | 1 2 
ǁ                     3 4     |   | 2 | 3 4 1   ǁ | |   4 
5 = = = = = = = = = = = = 6 = 6 = 7 = 6 = 4 6 2 ǁ | | 3 ǁ 
6 5 = = 6 = 4 4 = 6 2     ǁ 2 | 1 ǁ   |   1 4 | ǁ | | ǁ ǁ 
ǁ 4 4 3 ǁ   4 4   ǁ       ǁ ǁ | | ǁ 2 7 2   | | ǁ | 4 8 5 
6 7 6 6 6   | |   5 1 2 = 8 6 5 2 ǁ 2 8 = 5 4 | ǁ | 1 ǁ | 
2 | 2 3 ǁ 2 | |           5 3 4 2 ǁ 2 6 4 4 4 2 ǁ |   ǁ | 
3 7 = = 8 | | |                   6   | |       6 4   5 | 
| ǁ 2 3 ǁ 1 | 2                   ǁ 3 | 6 = = 4 1     ǁ | 
| ǁ | 2 ǁ 2 1 |                   ǁ 3 | 6 2   ǁ 2     ǁ | 
| ǁ 5 = 6 5 5 6 - - - - - - - - - 7 | | ǁ     8 4     ǁ | 
| ǁ ǁ 1 | 2 | 6 = = 2 1 - 2       | 4 5 ǁ 5 2 ǁ 2     ǁ | 
| ǁ ǁ 2 | 2 | 7 1 2 4 - - 6 3     | | ǁ 2 5 2 ǁ ǁ     ǁ | 
| ǁ ǁ | |   | 4 2 | ǁ     ǁ |     | 5 5   | | 6 6 - 1 2 | 
4 3 ǁ 4 4   |     4 ǁ     ǁ 3     | ǁ | 2 4 4 ǁ |       | 
ǁ   ǁ 4 1 2 1       ǁ     ǁ 2     | 3 | | 2 4 ǁ 4 - - 1 | 
ǁ   ǁ 4 5 4         ǁ     4 3     | 2 | | 2 3 ǁ 4       | 
5 3 ǁ 2 ǁ |         ǁ     1       | 1 | | | 2 ǁ 3 - - 2 | 
ǁ   ǁ | 6 6 7 = = = 8 = = = = = = 6 3 6 6 6 3 ǁ 3 7 3 | | 
ǁ   ǁ | ǁ 2 6 = 4 1 6 5 1 3 = = = 6 3 2 5 7 2 ǁ 2 ǁ   | 2 
ǁ   ǁ | ǁ 4 4   3   2 3 1 3 2     |     4 4   ǁ | ǁ   | 2 
5 = 8 4 4           |             |           5 4 6 = 6 3 
3 = 6   |           5 - 2 - - 2 - 2 2 = = = = 8 4 5 4 6 3 
2 = 4   1 2 = 4 = = 5 = = = = = = 4 - 2 - - - 4 - 4 4 3 2 
