29 29
1 0 5 2 2 4 2 0 3 1 5 0 0 0 5 0 0 5 0 0 0 0 4 1 2 0 0 0 4 
4 0 8 0 0 6 1 2 0 0 0 0 0 0 5 4 1 0 2 0 0 0 0 2 0 0 0 0 5 
0 2 0 2 4 1 3 4 0 0 0 0 0 0 2 2 2 0 0 0 0 0 0 5 0 2 2 1 0 
6 4 0 2 0 0 0 1 0 0 0 1 0 2 0 0 0 0 0 0 0 0 0 6 2 0 0 0 0 
4 2 0 4 8 0 6 2 0 0 0 0 0 0 0 5 4 0 0 0 0 0 0 6 0 0 8 3 0 
4 0 8 2 0 0 0 0 0 0 0 0 0 0 1 0 0 0 0 0 0 0 0 3 3 2 2 0 0 
3 2 0 0 0 0 0 0 0 2 0 0 0 0 0 0 0 0 6 0 0 0 7 0 0 0 0 0 5 
2 3 0 0 0 0 0 0 0 0 0 0 0 0 0 0 0 0 2 3 4 2 0 2 1 0 0 3 0 
1 3 0 0 0 0 0 0 0 4 6 0 0 6 3 0 2 8 2 4 0 2 0 5 0 0 0 5 0 
2 0 0 0 0 0 0 0 0 0 3 0 0 4 1 5 2 2 0 3 0 0 0 4 4 2 2 0 0 
0 0 0 0 0 0 0 0 0 0 2 1 1 0 0 2 0 0 0 1 0 0 0 2 6 0 0 0 0 
0 0 0 2 7 0 0 0 6 0 0 0 0 0 0 0 0 0 0 0 7 6 0 3 4 0 4 0 0 
0 0 0 2 0 0 2 0 8 2 2 0 0 0 0 0 0 5 6 4 0 0 0 1 0 0 0 0 0 
0 0 0 4 0 2 0 3 0 4 0 0 4 2 0 0 0 0 2 0 0 2 0 3 0 8 6 0 0 
0 0 0 0 0 3 2 0 2 0 0 0 0 0 0 0 0 0 2 4 0 1 0 0 0 0 2 0 0 
0 0 0 6 4 5 0 7 2 0 0 0 0 0 0 0 0 0 0 2 0 0 0 0 0 0 0 0 0 
0 0 0 0 0 0 0 0 1 5 0 0 0 0 0 0 0 6 7 3 0 0 0 0 2 0 2 0 0 
0 0 0 0 2 0 2 0 0 0 0 0 0 0 0 0 0 2 2 2 0 0 0 0 0 2 0 0 0 
0 0 0 0 0 0 0 0 4 5 0 0 0 0 0 0 0 0 0 0 7 5 0 0 4 2 0 0 0 
0 0 0 4 6 8 4 0 2 0 2 0 6 2 2 0 2 0 1 0 0 4 0 0 0 0 0 0 0 
0 0 0 2 3 4 4 0 4 7 0 0 6 0 6 0 6 2 0 0 0 2 4 7 8 5 4 0 0 
0 0 0 0 1 0 2 0 2 4 0 0 0 0 0 0 0 0 3 0 0 2 0 4 3 1 1 0 0 
0 4 6 0 0 0 0 7 0 0 0 0 0 0 0 0 0 0 0 0 6 0 0 0 0 0 0 7 6 
0 3 0 0 0 0 0 8 0 0 0 0 0 0 0 0 5 0 5 2 0 2 4 0 0 4 2 4 2 
0 3 3 0 6 4 0 0 2 0 4 2 6 4 1 0 0 1 3 1 0 0 4 4 2 0 0 0 2 
0 2 0 0 2 2 0 4 0 0 6 0 4 1 0 0 0 2 0 0 8 8 0 0 0 5 3 0 0 
6 0 4 0 0 0 0 0 0 0 0 0 0 0 0 0 3 0 0 3 2 6 0 0 0 4 1 6 4 
5 2 2 0 5 0 5 0 0 0 0 0 0 0 0 0 0 0 0 8 2 6 0 3 2 7 3 3 1 
1 2 3 0 3 2 6 0 2 1 3 0 0 0 0 0 0 0 0 6 2 4 2 3 2 2 2 3 2 
300 459
0 2 0 0
0 2 0 3
0 2 1 2
0 10 0 9
0 10 0 14
0 10 8 10
0 17 0 14
0 17 0 22
0 17 8 17
0 28 0 24
0 28 1 28
0 28 0 24
0 28 1 28
1 0 1 2
1 0 3 0
1 0 1 2
1 0 3 0
1 2 1 5
1 2 0 2
1 2 5 2
1 5 1 2
1 5 1 6
1 5 0 5
1 5 2 5
1 5 0 5
1 7 2 7
1 14 1 15
1 14 0 14
1 14 2 14
2 1 3 1
2 4 2 3
2 4 4 4
2 4 2 3
2 4 4 4
2 23 2 25
2 23 1 23
2 23 3 23
3 0 3 1
3 0 4 0
3 3 4 3
3 23 3 24
3 23 2 23
3 23 4 23
3 23 3 24
3 23 2 23
4 4 4 3
4 4 4 6
4 4 11 4
4 15 4 16
4 15 2 15
4 15 9 15
4 26 4 23
4 26 4 27
4 26 2 26
4 26 5 26
4 26 4 23
4 26 4 27
4 26 2 26
4 26 5 26
5 2 5 0
5 2 5 3
5 2 1 2
5 2 22 2
6 9 8 9
6 18 6 22
6 18 1 18
6 18 7 18
6 18 6 22
6 18 1 18
6 18 7 18
6 22 6 28
6 22 0 22
6 22 20 22
8 17 8 16
8 17 8 18
8 17 0 17
8 17 9 17
8 17 8 16
8 17 8 18
8 17 9 17
8 23 8 27
8 23 7 23
8 23 9 23
10 24 10 23
10 24 9 24
10 24 11 24
10 24 10 23
10 24 9 24
10 24 11 24
11 20 11 8
11 20 11 21
11 20 7 20
11 20 18 20
11 21 11 20
11 21 8 21
11 21 13 21
11 21 11 20
11 21 8 21
12 8 12 6
12 8 12 9
12 8 11 8
12 8 14 8
12 8 12 6
12 8 12 9
12 8 11 8
12 8 14 8
12 17 12 10
12 17 12 18
12 17 16 17
12 18 12 17
12 18 12 19
12 18 13 18
12 18 12 17
12 18 12 19
12 19 14 19
13 9 13 12
13 9 16 9
13 9 13 12
13 9 16 9
13 12 13 13
13 12 19 12
13 13 19 13
13 18 14 18
13 21 14 21
13 25 13 23
13 25 13 26
13 25 9 25
13 25 17 25
13 25 13 23
13 25 13 26
13 25 9 25
13 25 17 25
13 26 11 26
13 26 14 26
15 3 15 4
15 3 13 3
15 3 19 3
15 3 15 4
15 3 13 3
15 3 19 3
15 7 15 5
15 7 15 8
15 7 13 7
15 7 22 7
16 18 16 17
16 18 16 19
16 18 14 18
16 18 17 18
16 24 18 24
18 9 18 8
18 9 16 9
18 9 20 9
18 20 18 21
18 20 11 20
18 20 22 20
18 20 18 21
18 20 22 20
18 20 18 21
18 21 19 21
19 3 19 4
19 3 20 3
19 4 19 5
19 4 17 4
19 4 20 4
19 4 19 5
19 4 17 4
19 5 19 6
19 5 15 5
19 5 20 5
19 12 19 10
19 12 19 13
19 12 20 12
19 12 19 10
19 12 20 12
19 21 18 21
19 21 20 21
19 21 20 21
20 3 20 4
20 12 20 9
20 12 20 14
20 12 24 12
20 12 20 9
20 14 20 16
20 14 19 14
20 14 24 14
20 23 20 22
20 23 20 24
20 23 13 23
20 23 21 23
20 24 20 23
20 24 20 25
20 24 18 24
20 24 21 24
20 24 20 23
20 24 20 25
20 24 18 24
22 7 22 2
22 7 15 7
22 7 23 7
22 7 22 2
22 7 23 7
22 7 23 7
22 20 22 27
22 20 25 20
22 20 22 27
22 20 25 20
22 27 22 28
22 27 8 27
22 27 23 27
22 28 22 27
22 28 6 28
22 28 23 28
22 28 22 27
22 28 6 28
23 16 23 18
23 16 20 16
23 16 26 16
24 4 24 2
24 4 24 5
24 4 25 4
24 4 24 2
24 4 24 5
24 4 25 4
24 5 24 8
24 5 25 5
24 12 24 11
24 12 24 13
24 12 25 12
24 12 24 11
24 12 24 13
24 13 25 13
25 7 25 5
25 7 25 10
25 7 25 10
25 10 25 12
25 10 24 10
25 10 28 10
25 10 25 12
25 20 25 17
25 20 25 21
25 20 26 20
25 21 25 20
25 21 25 25
25 21 23 21
25 21 26 21
25 21 25 20
25 21 25 25
25 21 23 21
26 0 26 2
26 0 9 0
26 0 27 0
26 0 26 2
26 0 9 0
26 0 27 0
26 2 24 2
26 2 27 2
26 21 26 20
26 21 26 25
26 21 27 21
26 21 26 25
26 21 27 21
27 0 27 1
27 0 28 0
27 0 27 1
27 4 27 2
27 4 27 6
27 4 28 4
27 6 27 4
27 6 28 6
27 6 28 6
27 6 28 6
27 19 27 20
27 19 26 19
27 19 28 19
27 19 27 20
27 19 26 19
27 19 28 19
27 21 27 23
27 21 28 21
27 25 27 24
27 25 27 26
27 25 26 25
27 25 28 25
28 1 28 2
28 1 28 2
28 2 28 4
28 19 28 10
28 19 28 20
28 19 27 19
28 19 28 10
28 20 28 21
28 21 28 22
28 21 27 21
28 22 28 23
0 2 0 3
0 4 0 5
0 5 0 4
0 6 0 8
0 6 0 8
0 8 11 8
0 10 0 14
0 10 8 10
1 7 2 7
2 1 3 1
2 7 2 6
2 7 3 7
2 27 4 27
3 0 3 1
3 0 4 0
3 3 4 3
4 0 4 1
4 0 5 0
4 3 4 4
4 4 4 6
4 4 11 4
4 6 4 7
4 6 2 6
4 6 4 7
4 6 2 6
4 16 4 15
4 16 2 16
4 16 4 15
4 23 5 23
5 0 5 2
5 0 6 0
5 2 5 3
5 2 22 2
5 25 5 24
6 9 8 9
7 20 7 19
7 20 7 21
7 20 7 19
8 9 8 10
8 10 8 9
8 10 8 13
8 10 9 10
8 13 8 14
8 13 3 13
8 13 9 13
8 13 8 14
8 13 3 13
8 19 7 19
8 19 9 19
8 19 9 19
8 19 9 19
8 27 8 23
8 27 7 27
8 27 7 27
9 13 9 10
9 13 9 14
9 13 9 10
9 15 9 16
9 15 10 15
9 15 9 16
9 15 10 15
9 23 9 24
9 23 8 23
9 23 9 24
9 26 11 26
9 26 11 26
10 10 10 11
11 4 11 3
11 4 11 8
11 4 15 4
11 8 11 4
11 24 11 23
11 26 13 26
12 19 14 19
12 23 11 23
13 3 12 3
13 26 14 26
14 6 14 5
14 19 15 19
15 4 15 5
16 17 16 18
16 17 17 17
16 17 16 18
16 17 17 17
16 24 18 24
16 26 20 26
17 6 19 6
18 25 20 25
18 25 20 25
19 5 19 6
19 5 15 5
19 5 20 5
19 6 17 6
20 5 20 4
20 5 20 6
20 6 21 6
20 14 20 16
20 14 19 14
20 16 20 17
20 16 19 16
20 16 23 16
20 22 20 23
20 22 6 22
20 26 20 25
20 26 16 26
20 26 21 26
21 4 21 6
21 9 21 8
21 9 20 9
21 9 21 8
21 9 20 9
21 21 21 23
21 23 21 21
21 23 21 24
21 24 21 25
22 2 22 1
22 2 22 1
23 7 23 1
23 22 23 25
23 22 24 22
23 22 23 25
23 22 24 22
23 25 23 26
23 25 25 25
24 8 24 10
24 22 24 23
24 23 24 22
24 23 24 24
24 23 24 24
25 1 24 1
25 20 25 17
26 16 26 19
26 16 23 16
27 4 28 4
27 21 27 23
28 5 28 6
28 5 28 6
28 6 28 8
28 8 28 9
4 23 5 23
5 24 5 23
5 24 5 25
7 23 7 24
8 14 5 14
11 4 11 3
11 23 11 24
12 3 13 3
14 6 14 5
14 19 15 19
19 16 19 18
20 8 20 9
20 8 19 8
20 8 20 9
20 8 19 8
21 18 23 18
22 1 8 1
22 1 23 1
23 7 23 1
24 1 25 1
24 17 24 18
18 8 18 9
18 8 16 8
18 8 18 9
21 18 23 18
15 8 15 7

3550

1 - 5 2 2 4 2 = 3 1 5 = = = 5 - - 5 - - - - 4 1 2 = = = 4 
4 = 8 = = 6 1 2 |   ǁ       5 4 1 ǁ 2       | 2         5 
ǁ 2 ǁ 2 4 1 3 4 |   ǁ       2 2 2 ǁ ǁ       | 5 - 2 2 1   
6 4 ǁ 2 ǁ   ǁ 1 |   ǁ 1   2   | | ǁ ǁ       | 6 2   ǁ |   
4 2 ǁ 4 8 = 6 2 |   ǁ     ǁ   5 4 ǁ ǁ       | 6 = = 8 3   
4 = 8 2 ǁ       |   ǁ     ǁ 1 |   ǁ ǁ       | 3 3 2 2     
3 2 ǁ   ǁ       | 2 ǁ     ǁ | |   ǁ 6 = = = 7 - - - - - 5 
2 3 ǁ   ǁ       | ǁ ǁ     ǁ | |   ǁ 2 3 4 2 ǁ 2 1     3 ǁ 
1 3 ǁ   ǁ       | 4 6 - - 6 3 | 2 8 2 4 | 2 ǁ 5 = = = 5 ǁ 
2 | ǁ   ǁ       |   3 = = 4 1 5 2 2   3 | ǁ ǁ 4 4 2 2 | ǁ 
ǁ | ǁ   ǁ       |   2 1 1     2       1 | ǁ ǁ 2 6 ǁ ǁ | ǁ 
ǁ | ǁ 2 7 = = = 6 - - - - - - - - - - - 7 6 ǁ 3 4 ǁ 4 | ǁ 
ǁ | ǁ 2 |   2 = 8 2 2 - - - - - - 5 6 4 ǁ | ǁ 1   ǁ ǁ | ǁ 
ǁ | ǁ 4 | 2   3 ǁ 4 = = 4 2       | 2 ǁ ǁ 2 ǁ 3 = 8 6 | ǁ 
ǁ | ǁ ǁ | 3 2 | 2 ǁ     | |       | 2 4 ǁ 1 ǁ |   ǁ 2 | ǁ 
ǁ | ǁ 6 4 5 - 7 2 ǁ     | |       | | 2 ǁ   ǁ |   ǁ   | ǁ 
ǁ | ǁ ǁ   ǁ   ǁ 1 5     | |       6 7 3 ǁ   ǁ | 2 ǁ 2 | ǁ 
ǁ | ǁ ǁ 2 ǁ 2 ǁ | |     | |       2 2 2 ǁ   ǁ | ǁ 2 ǁ | ǁ 
ǁ | ǁ ǁ ǁ ǁ ǁ ǁ 4 5     | |             7 5 ǁ | 4 2 ǁ | ǁ 
ǁ | ǁ 4 6 8 4 ǁ 2 | 2 = 6 2 2   2 - 1   ǁ 4 ǁ | ǁ ǁ ǁ | ǁ 
ǁ | ǁ 2 3 4 4 ǁ 4 7 = = 6 - 6 = 6 2     ǁ 2 4 7 8 5 4 | ǁ 
ǁ | ǁ   1 - 2 ǁ 2 4     |   |   ǁ   3   ǁ 2 = 4 3 1 1 | ǁ 
ǁ 4 6 = = = = 7         |   |   ǁ   ǁ   6 = = = = = = 7 6 
ǁ 3 = = = = = 8         |   |   5 - 5 2 ǁ 2 4 = = 4 2 4 2 
ǁ 3 3 = 6 4 - - 2 - 4 2 6 4 1   ǁ 1 3 1 ǁ ǁ 4 4 2 |     2 
ǁ 2 |   2 2 - 4 = = 6 = 4 1     ǁ 2 = = 8 8 = = = 5 3     
6 = 4               |           3 - - 3 2 6 = = = 4 1 6 4 
5 2 2 - 5 = 5       |                 8 2 6 = 3 2 7 3 3 1 
1 2 3 - 3 2 6 - 2 1 3 = = = = = = = = 6 2 4 2 3 2 2 2 3 2 
