29 29
1 0 5 5 5 3 2 0 5 6 3 3 4 0 4 0 0 0 0 3 0 0 0 0 2 0 0 3 1 
2 3 0 2 2 3 2 1 0 2 3 0 2 2 0 2 0 0 0 5 0 0 0 0 0 0 0 0 0 
1 0 0 2 0 4 3 3 0 1 4 1 0 0 0 2 1 1 0 4 0 0 0 0 0 1 0 0 0 
3 7 8 0 0 0 0 0 7 0 0 0 2 0 0 0 2 0 0 0 0 0 0 0 0 0 0 6 4 
0 0 5 0 0 0 2 1 0 1 4 2 1 0 0 5 0 0 0 0 0 2 0 1 0 0 0 0 1 
0 0 5 4 0 4 0 0 7 0 4 3 2 0 0 0 2 3 0 0 0 0 0 4 1 0 0 0 1 
0 0 2 1 0 3 2 1 3 1 0 0 0 4 5 5 0 0 3 0 3 2 0 0 0 0 0 0 0 
0 0 4 0 0 0 0 0 0 0 0 3 2 0 0 1 0 0 0 0 0 0 0 0 4 0 0 5 2 
0 0 0 0 0 0 0 0 0 0 0 2 0 0 0 0 0 0 0 0 0 0 0 0 0 1 2 0 0 
0 0 5 0 0 0 0 0 0 0 0 0 7 3 0 0 0 0 0 0 0 0 0 0 3 3 0 0 0 
0 0 0 4 3 0 4 1 2 0 0 3 0 1 0 0 0 0 0 0 0 0 0 0 2 7 6 0 0 
0 0 0 0 3 0 8 2 2 3 1 0 4 3 0 0 0 0 1 0 0 0 0 0 2 4 2 0 0 
0 0 0 0 2 1 0 3 2 0 0 0 2 1 0 0 0 0 0 0 0 0 0 0 0 0 0 0 0 
2 0 0 5 2 0 0 5 0 4 0 6 0 0 8 0 0 0 0 0 0 0 0 5 0 0 0 5 1 
3 0 0 5 2 0 0 4 2 2 1 0 1 1 0 3 0 0 0 0 6 2 1 0 1 5 4 0 1 
2 0 0 4 2 0 0 5 0 0 0 7 5 3 0 0 2 6 0 0 7 0 5 0 1 0 0 0 0 
1 0 0 0 0 0 0 2 1 0 0 0 1 0 0 0 0 3 0 0 0 1 0 0 0 0 5 6 4 
0 0 0 4 0 0 0 0 0 0 0 0 1 0 0 0 2 4 0 0 5 4 0 0 2 5 0 1 0 
0 0 0 0 0 0 0 0 0 0 0 0 0 0 0 0 0 0 1 0 0 0 0 0 1 0 1 0 0 
5 7 5 4 5 1 0 0 0 0 0 0 0 1 0 0 0 0 0 0 2 0 0 0 0 0 0 0 0 
2 0 0 2 4 2 0 0 0 0 0 0 0 1 0 0 0 0 0 0 0 0 0 0 2 6 0 2 0 
2 0 4 4 3 0 0 3 0 0 0 4 0 0 0 2 0 0 3 0 0 4 0 0 1 0 2 1 0 
0 0 3 0 3 1 0 3 2 2 0 5 4 2 0 1 0 0 0 0 0 0 0 2 2 0 0 0 0 
5 7 0 0 0 0 6 0 0 0 0 0 0 0 6 0 0 0 0 0 0 0 8 0 0 7 4 0 0 
0 5 0 0 0 0 0 0 0 0 0 0 0 0 0 0 6 0 0 0 3 2 0 1 0 4 3 4 0 
0 0 1 0 0 0 0 0 0 3 0 0 0 0 1 2 6 2 1 2 2 1 0 0 0 2 0 1 0 
2 3 0 0 0 0 0 0 0 5 0 0 0 0 0 0 0 0 0 5 8 4 6 0 0 0 6 1 0 
3 5 3 2 2 5 0 3 1 3 1 2 0 0 3 4 3 3 2 1 2 4 6 4 2 2 6 4 4 
3 5 0 0 0 5 0 0 0 0 0 0 0 0 3 3 0 0 0 0 0 3 3 0 0 0 0 1 1 
300 330
0 2 0 0
0 2 0 3
0 2 3 2
0 4 0 3
0 4 0 5
0 4 1 4
0 8 0 6
0 8 0 9
0 8 3 8
0 9 0 8
0 9 0 10
0 9 1 9
0 9 0 8
0 9 0 10
1 19 1 15
1 19 0 19
1 19 2 19
3 1 3 0
3 1 3 2
3 1 1 1
3 1 19 1
3 2 3 1
3 2 3 8
3 2 0 2
3 2 4 2
3 8 3 2
3 8 3 12
3 8 5 8
3 28 3 27
3 28 0 28
3 28 4 28
3 28 3 27
5 2 5 3
5 2 4 2
5 2 6 2
9 2 9 12
9 2 7 2
9 2 19 2
10 3 10 4
10 3 13 3
10 3 10 4
10 3 13 3
10 25 10 24
10 25 10 26
10 25 9 25
10 25 11 25
10 26 10 25
10 26 8 26
10 26 11 26
10 26 10 25
10 26 8 26
11 6 11 4
11 6 11 7
11 6 10 6
11 6 23 6
11 6 11 4
11 6 11 7
11 6 10 6
11 6 23 6
13 7 13 9
13 7 12 7
13 7 14 7
13 14 13 11
13 14 13 23
13 14 6 14
13 14 23 14
13 14 13 11
13 14 13 23
13 14 6 14
13 14 23 14
14 3 14 4
14 3 13 3
14 3 15 3
14 20 14 15
14 20 14 21
14 20 15 20
14 20 14 15
14 20 14 21
14 20 15 20
15 7 15 11
15 7 14 7
15 7 16 7
15 17 15 16
15 17 15 20
15 17 16 17
15 17 15 16
15 17 15 20
15 17 16 17
17 3 15 3
17 3 19 3
17 3 15 3
17 3 19 3
19 0 19 1
19 0 16 0
19 0 20 0
23 0 23 1
23 0 21 0
23 0 26 0
23 6 23 1
23 6 23 14
23 14 23 6
23 14 23 22
23 14 25 14
23 25 23 22
23 25 23 26
23 25 20 25
23 25 24 25
24 27 24 26
24 27 21 27
24 27 25 27
24 27 24 26
26 20 26 19
26 20 26 21
26 20 25 20
26 20 27 20
26 20 26 19
26 20 26 21
26 20 25 20
26 20 27 20
27 5 27 4
27 5 27 7
27 5 28 5
27 26 27 25
27 26 27 27
27 26 26 26
27 26 27 25
27 26 27 27
27 26 26 26
28 1 28 0
28 1 28 5
28 1 27 1
0 2 0 3
3 2 3 1
3 8 3 12
3 8 5 8
3 27 3 16
3 27 0 27
3 27 7 27
3 27 3 16
4 2 4 6
4 2 5 2
5 8 5 5
5 8 5 10
5 8 6 8
5 28 7 28
8 11 7 11
8 25 9 25
10 6 10 4
10 6 10 7
11 4 12 4
13 11 13 9
13 11 10 11
13 11 15 11
13 11 13 9
14 10 14 9
14 15 21 15
15 0 14 0
15 3 15 4
15 11 15 7
15 11 15 12
15 11 21 11
17 16 17 17
19 0 19 1
19 0 20 0
19 20 17 20
22 11 22 9
22 11 22 12
22 11 21 11
23 6 23 1
23 22 23 25
23 22 15 22
23 22 26 22
23 22 15 22
23 22 26 22
25 25 24 25
26 22 26 21
26 22 26 26
26 22 27 22
26 22 26 21
26 26 26 27
26 26 24 26
27 21 27 22
27 21 28 21
27 21 27 22
27 21 28 21
27 23 27 22
27 23 27 24
27 23 27 22
27 23 27 24
27 27 27 28
27 27 28 27
27 28 16 28
27 28 28 28
27 28 16 28
0 27 0 24
0 27 0 24
2 25 2 19
4 2 4 6
4 9 4 10
4 10 4 11
4 10 5 10
4 10 4 11
5 10 5 8
5 10 5 11
8 11 7 11
11 10 11 9
15 0 14 0
15 11 15 12
15 11 21 11
16 26 16 27
16 26 14 26
16 26 18 26
16 28 16 27
16 28 14 28
17 16 17 17
17 17 17 20
17 17 16 17
17 25 17 24
17 25 14 25
17 25 20 25
18 18 21 18
19 20 17 20
21 11 21 7
21 21 21 18
21 21 17 21
21 21 21 18
21 21 17 21
21 26 23 26
22 15 21 15
23 26 23 25
23 26 21 26
24 23 24 25
24 25 23 25
25 21 24 21
27 22 28 22
28 22 28 21
2 19 2 17
2 19 1 19
14 0 13 0
16 8 16 7
16 21 17 21
16 27 16 26
16 27 13 27
16 27 17 27
17 21 17 20
20 25 20 24
20 25 20 27
20 25 17 25
20 25 20 24
21 7 22 7
21 24 22 24
22 24 22 23
24 21 24 20
2 16 2 15
13 0 3 0
15 7 14 7
16 27 16 26
17 20 15 20
18 24 17 24
21 7 22 7
22 7 22 8
22 8 22 9
22 11 22 12
22 23 13 23
24 20 24 16
14 7 14 8
14 8 14 9
14 22 15 22
14 26 14 25
14 26 11 26
14 26 14 25
15 20 15 22
15 20 15 22
15 24 14 24
17 25 14 25
22 11 22 12
22 12 22 13
22 13 20 13
24 20 24 16
13 9 13 7
13 23 5 23
13 27 13 28
13 27 7 27
13 27 7 27
14 25 11 25
17 12 16 12
19 13 15 13
24 16 25 16
7 15 6 15
7 28 7 27
11 9 11 8
11 18 6 18
11 25 11 24
11 25 10 25
13 7 12 7
13 23 5 23
15 12 15 13
15 12 14 12
15 12 15 13
24 16 25 16
7 27 7 24
9 25 9 24
11 9 11 8
11 24 10 24
12 7 12 8
24 16 25 16
7 24 5 24
7 24 9 24
7 24 9 24
10 8 10 11
24 16 25 16
25 16 25 15
25 16 25 17
5 23 5 17
5 23 4 23
6 21 6 20
10 8 10 11
25 15 27 15
26 9 26 1
26 9 25 9
26 9 27 9
4 21 4 15
5 17 5 16
6 21 6 20
25 2 25 9
25 9 26 9
4 21 4 15
5 17 5 16
6 20 6 18
6 18 6 15

5254

1 - 5 5 5 3 2 - 5 6 3 3 4   4         3         2 = = 3 1 
2 3 ǁ 2 2 3 2 1 | 2 3   2 2   2 - - - 5               | | 
1 | ǁ 2   4 3 3 | 1 4 1       2 1 1 - 4 - - - - - 1   | | 
3 7 8 = = = = = 7 = = = 2       2 = = = = = = = = = = 6 4 
| | 5 = = = 2 1 ǁ 1 4 2 1     5 = = = = = 2   1       | 1 
| | 5 4   4 - - 7 = 4 3 2       2 3 - - - - - 4 1     | 1 
| | 2 1   3 2 1 3 1       4 5 5 - - 3 - 3 2   ǁ |     | | 
| | 4                 3 2   ǁ 1     |         ǁ 4 - - 5 2 
| | |                 2     ǁ       |         ǁ ǁ 1 2 ǁ   
| | 5 - - - - - - - - - 7 3 ǁ       |         ǁ 3 3 ǁ ǁ   
| | | 4 3 - 4 1 2 = = 3   1 ǁ       |         ǁ 2 7 6 ǁ   
| | | ǁ 3 = 8 2 2 3 1 | 4 3 ǁ       1         ǁ 2 4 2 ǁ   
| | | ǁ 2 1 ǁ 3 2     | 2 1 ǁ                 ǁ   | | ǁ   
2 | | 5 2   ǁ 5 = 4 = 6 = = 8 = = = = = = = = 5   | | 5 1 
3 | | 5 2   ǁ 4 2 2 1 | 1 1 ǁ 3 = = = = 6 2 1 | 1 5 4 | 1 
2 | | 4 2   ǁ 5 = = = 7 5 3 ǁ | 2 6 = = 7 = 5 | 1 ǁ | | | 
1 | | ǁ     ǁ 2 1     ǁ 1 | ǁ |   3     | 1 ǁ |   ǁ 5 6 4 
| | | 4     ǁ         ǁ 1 | ǁ | 2 4 - - 5 4 ǁ | 2 5 | 1 ǁ 
| | | ǁ     ǁ         ǁ   | ǁ |     1   ǁ ǁ ǁ | 1 ǁ 1   ǁ 
5 7 5 4 5 1 ǁ         ǁ   1 ǁ |     |   2 ǁ ǁ |   ǁ     ǁ 
2     2 4 2 ǁ         ǁ   1 ǁ |     |     ǁ ǁ | 2 6 - 2 ǁ 
2   4 4 3   ǁ 3 - - - 4   | ǁ 2     3 = = 4 ǁ | 1 | 2 1 ǁ 
|   3   3 1 ǁ 3 2 2 - 5 4 2 ǁ 1             ǁ 2 2 | ǁ | ǁ 
5 7 = = = = 6 = = = = = = = 6 - - - - - - - 8 = = 7 4 | ǁ 
| 5                         |   6 = = = 3 2 ǁ 1 - 4 3 4 ǁ 
|   1 - - - - - - 3         1 2 6 2 1 2 2 1 ǁ     2 | 1 ǁ 
2 3 - - - - - - - 5           |       5 8 4 6 - - - 6 1 ǁ 
3 5 3 2 2 5 - 3 1 3 1 2     3 4 3 3 2 1 2 4 6 4 2 2 6 4 4 
3 5 - - - 5                 3 3           3 3         1 1 
