29 29
4 3 2 0 3 1 0 4 0 3 2 0 0 3 0 0 0 0 0 0 0 0 2 2 0 0 0 4 1 
2 0 0 0 0 0 0 0 0 2 2 1 0 0 0 0 0 0 0 0 0 0 3 0 2 0 0 0 0 
1 5 0 0 4 0 0 6 0 0 0 0 0 6 0 0 0 0 0 0 0 0 5 0 0 0 0 7 4 
1 5 2 0 3 2 1 0 2 5 2 2 1 0 2 0 5 0 3 2 3 0 2 0 2 3 3 0 0 
2 3 0 0 3 0 0 0 1 0 0 0 0 0 3 0 8 0 0 0 7 0 0 0 6 4 3 0 0 
3 0 0 0 0 4 5 5 0 6 0 6 4 0 4 2 0 0 2 0 2 0 1 0 4 2 2 0 0 
0 2 4 0 0 0 2 4 1 4 2 0 0 0 3 2 0 0 0 0 0 0 0 0 0 0 0 0 0 
0 0 0 0 0 0 2 5 0 5 4 0 0 0 0 0 0 0 0 0 2 0 5 0 0 0 4 0 0 
0 2 7 0 0 7 0 4 1 0 0 0 0 0 2 0 6 0 4 3 0 0 4 3 0 0 0 0 0 
0 0 0 2 1 4 0 0 0 0 0 0 2 0 3 2 0 0 0 4 3 1 1 0 0 0 0 4 0 
0 1 0 0 0 0 0 0 0 0 0 0 0 0 2 0 5 0 0 0 0 0 3 3 0 0 0 4 0 
0 0 0 4 0 4 0 0 0 0 0 0 2 0 0 1 0 3 3 0 2 0 1 0 0 0 0 0 0 
0 0 0 1 0 0 0 0 0 0 2 4 0 0 0 0 0 3 0 1 5 0 4 0 0 0 3 3 0 
0 4 4 0 0 0 0 0 0 0 0 0 0 0 0 0 0 0 0 4 3 0 0 2 0 0 0 0 0 
0 0 0 0 0 0 0 0 0 3 1 0 0 0 5 5 0 2 0 2 0 0 0 0 1 0 0 0 0 
0 2 0 0 0 0 0 0 0 0 0 5 3 0 3 2 0 2 0 0 0 0 0 0 0 0 0 0 2 
0 0 0 0 0 0 0 0 0 0 0 2 0 0 2 1 0 1 0 0 0 0 0 0 0 0 0 0 0 
0 3 6 0 0 7 0 4 0 0 0 0 0 6 0 0 5 0 5 0 0 0 0 5 3 1 0 0 0 
0 0 4 4 0 0 1 0 1 0 0 0 0 0 2 1 0 1 4 3 2 4 0 5 0 0 5 5 2 
0 0 2 2 0 0 0 0 3 0 0 0 0 5 4 1 4 0 0 3 3 6 0 0 2 1 0 0 0 
0 0 4 0 0 6 4 0 0 1 2 4 1 0 0 2 0 0 0 2 0 4 0 5 4 3 0 2 0 
0 0 0 0 0 1 0 0 4 3 1 0 0 0 0 3 7 0 0 0 0 0 0 8 2 1 0 1 0 
4 3 2 2 0 0 4 0 4 3 1 0 1 0 3 2 0 0 0 0 0 0 0 0 1 0 2 3 0 
3 0 1 1 3 4 3 0 3 5 2 0 0 0 0 2 0 0 0 0 0 0 0 3 4 5 2 0 1 
0 0 0 0 1 0 2 0 3 3 0 0 0 0 4 5 0 0 0 0 0 0 0 0 0 0 0 0 1 
4 0 3 0 0 5 0 5 0 0 0 5 3 0 1 2 0 0 0 0 0 0 0 0 0 0 0 2 0 
0 2 0 0 0 0 0 7 4 4 4 7 2 0 0 0 0 0 0 0 0 0 2 0 2 0 0 6 3 
4 3 5 0 0 0 0 7 2 2 3 4 2 3 2 0 5 0 1 0 0 0 0 0 2 0 0 3 0 
3 2 3 0 2 0 0 3 0 2 3 3 2 5 0 0 0 0 0 0 0 0 6 0 0 0 0 2 0 
300 131
0 0 0 1
0 0 1 0
0 0 0 1
0 0 1 0
2 27 2 22
2 27 2 28
2 27 0 27
2 27 9 27
3 16 3 14
3 16 3 18
3 16 4 16
4 16 4 14
4 16 4 20
4 16 3 16
4 16 8 16
4 16 4 14
4 16 4 20
4 16 3 16
4 20 4 24
4 20 3 20
4 20 5 20
8 2 8 1
8 2 8 5
8 2 6 2
8 2 13 2
8 16 8 14
8 16 8 18
8 16 10 16
8 16 8 14
8 16 8 18
17 5 17 2
17 5 17 7
17 5 11 5
17 5 20 5
18 3 18 2
18 3 19 3
18 3 18 2
18 3 19 3
21 16 21 15
21 16 21 23
21 16 19 16
21 16 27 16
21 23 21 16
21 23 21 24
21 23 20 23
21 23 23 23
23 25 23 24
23 25 23 26
23 25 21 25
24 15 24 14
24 15 23 15
24 15 25 15
25 5 25 2
25 5 25 7
25 5 23 5
26 7 26 1
26 7 26 8
26 7 25 7
26 7 27 7
26 11 26 10
26 11 26 12
26 11 25 11
26 11 27 11
26 28 26 27
26 28 24 28
26 28 26 27
27 2 27 1
27 2 27 7
27 2 28 2
27 16 27 14
27 16 27 18
27 16 21 16
27 16 27 14
28 13 28 12
28 13 28 22
28 13 27 13
28 22 28 13
28 22 28 27
28 22 26 22
28 22 28 27
28 22 26 22
1 24 1 22
3 18 3 19
12 3 11 3
15 11 15 12
15 11 12 11
15 11 16 11
18 2 17 2
18 2 19 2
19 2 20 2
20 2 20 5
20 2 22 2
20 2 20 5
20 5 20 6
20 5 17 5
20 5 21 5
21 23 21 24
21 23 20 23
21 23 23 23
22 24 23 24
23 23 23 24
23 24 23 25
23 25 23 26
23 28 18 28
24 4 23 4
26 27 26 24
26 27 25 27
26 27 27 27
26 27 26 24
27 24 27 27
27 24 27 27
1 24 1 22
3 18 3 19
11 3 11 5
11 3 9 3
11 3 11 5
14 14 14 15
14 14 10 14
14 14 15 14
17 2 17 1
17 2 17 5
17 2 13 2
17 2 17 1
25 27 22 27
9 3 9 4
13 2 13 1
13 2 8 2
13 1 10 1
13 1 15 1
13 1 15 1
17 1 22 1

2999

4 3 2   3 1   4   3 2     3                 2 2       4 1 
2                 2 2 1                     3 = 2     |   
1 5     4     6           6                 5 - - - - 7 4 
1 5 2   3 2 1   2 5 2 2 1   2 - 5 - 3 2 3   2   2 3 3 |   
2 3     3       1           3 = 8 = = = 7 - - - 6 4 3 |   
3         4 5 5   6   6 4   4 2 |   2   2   1   4 2 2 |   
  2 4       2 4 1 4 2       3 2 |                     |   
    |       2 5   5 4           |       2   5       4 |   
  2 7 - - 7   4 1           2 = 6 = 4 3     4 3       |   
    ǁ 2 1 4             2   3 2 |     4 3 1 1         4   
  1 ǁ |                     2   5           3 3       4   
  | ǁ 4 = 4             2   | 1   3 3   2   1             
  | ǁ 1   |         2 4     |     3   1 5   4       3 3   
  4 4     |           |     |         4 3     2           
  ǁ |     |       3 1 |     5 5   2   2         1         
  2 |     |           5 3   3 2   2                     2 
    |     |           2     2 1   1                       
  3 6 = = 7 - 4           6     5   5         5 3 1       
  | 4 4   ǁ 1   1           2 1   1 4 3 2 4   5     5 5 2 
  | 2 2   ǁ     3         5 4 1 4     3 3 6     2 1     | 
  | 4 = = 6 4     1 2 4 1     2 |     2   4   5 4 3   2 | 
  | |     1     4 3 1         3 7 = = = = = = 8 2 1   1 | 
4 3 2 2     4   4 3 1   1   3 2 ǁ             ǁ 1 | 2 3 | 
3   1 1 3 4 3   3 5 2         2 ǁ             3 4 5 2 | 1 
        1 | 2   3 3         4 5 ǁ                     | 1 
4   3 - - 5 - 5       5 3   1 2 ǁ                     2 | 
  2 - - - - - 7 4 4 4 7 2       ǁ           2   2 = = 6 3 
4 3 5 - - - - 7 2 2 3 4 2 3 2 = 5 - 1       ǁ   2 = = 3   
3 2 3   2     3   2 3 3 2 5 = = = = = = = = 6 = = = = 2   
