29 29
4 0 4 2 0 0 3 4 0 0 0 0 0 3 2 4 4 5 4 2 1 4 5 5 1 2 6 5 4 
5 3 6 5 3 1 0 1 0 0 0 0 0 0 0 0 0 0 0 0 0 2 0 4 4 2 0 3 0 
0 3 0 0 0 0 7 0 0 0 0 0 0 5 0 5 0 5 4 6 2 4 7 0 0 0 7 4 0 
0 0 2 3 3 3 0 2 0 4 1 0 0 0 0 0 2 0 2 0 0 0 4 0 0 0 0 3 0 
4 0 0 0 2 3 0 3 3 3 0 0 0 3 0 0 0 0 0 0 0 0 0 0 0 0 0 4 6 
0 0 0 0 0 0 0 0 0 0 2 0 0 0 0 0 4 5 5 0 0 0 6 0 0 0 8 2 0 
0 0 6 7 7 4 0 0 0 0 0 0 0 0 0 0 3 5 4 0 0 0 4 5 3 0 0 2 0 
0 0 0 6 6 0 0 0 4 6 5 0 1 0 0 0 3 3 1 0 2 0 0 0 0 0 0 4 0 
0 3 0 0 5 6 0 0 0 0 1 2 0 0 0 0 5 4 0 0 0 0 2 8 6 2 0 0 0 
0 4 0 0 0 4 0 0 0 0 2 0 0 0 0 0 3 0 0 0 5 6 2 0 0 0 0 0 0 
0 0 0 0 0 0 0 0 0 0 0 0 0 0 0 0 3 0 0 0 2 2 1 0 0 0 0 0 0 
0 0 0 5 6 4 0 0 0 3 7 4 0 0 0 0 0 0 0 0 2 0 0 6 0 0 8 6 5 
0 0 0 1 0 0 0 0 0 0 2 0 0 0 0 0 4 5 0 5 0 0 0 0 0 3 0 2 0 
0 0 0 0 1 0 0 5 0 0 0 0 0 0 7 5 0 4 0 0 3 0 0 2 0 0 0 1 0 
0 0 0 0 0 0 0 3 0 0 0 3 3 2 0 0 2 0 0 0 0 2 5 0 4 0 0 2 0 
0 4 6 0 0 0 8 0 0 0 0 0 0 0 6 0 0 0 0 0 0 0 0 0 0 0 0 3 0 
6 0 4 0 4 3 0 3 0 5 0 0 4 2 0 0 0 0 0 0 4 5 7 2 0 0 0 0 0 
0 2 0 2 0 0 0 0 2 0 3 0 6 3 0 0 0 0 0 0 0 3 0 0 0 0 0 0 0 
0 0 0 3 2 0 0 0 0 0 2 0 0 2 0 0 0 0 1 0 0 0 0 0 3 0 5 4 4 
5 3 0 0 0 0 0 4 3 0 0 0 0 5 6 0 0 0 0 0 0 0 0 0 0 0 0 6 4 
0 1 0 0 0 3 0 2 0 5 1 0 0 2 0 0 0 0 0 0 0 0 4 0 5 0 0 4 3 
0 3 0 5 6 4 0 0 0 4 0 0 0 0 0 0 0 0 0 0 4 6 2 0 0 0 0 4 5 
0 0 0 0 0 0 0 3 0 6 0 0 8 0 6 0 6 7 3 0 0 0 3 1 0 0 0 3 0 
0 0 0 2 0 3 0 0 2 3 6 0 8 4 7 4 0 0 1 0 0 0 0 0 0 0 0 3 0 
0 0 0 1 0 4 0 0 0 0 0 0 0 2 2 2 0 0 0 0 4 0 7 0 5 0 0 3 0 
4 5 0 0 5 3 0 6 7 0 6 0 8 6 0 0 4 5 5 0 2 3 5 4 0 3 0 0 0 
1 2 0 2 5 2 0 2 3 4 0 0 6 0 3 0 0 4 3 0 1 4 2 2 0 3 0 5 5 
2 0 5 0 0 0 8 0 0 0 0 0 0 0 0 0 0 0 0 5 0 0 0 0 6 2 0 0 3 
3 2 2 1 2 0 5 0 0 2 2 0 3 0 0 3 0 0 3 0 0 0 0 0 5 0 5 5 4 
300 484
0 0 0 2
0 0 1 0
0 0 0 2
0 0 1 0
0 2 0 3
0 2 1 2
0 17 0 16
0 17 0 18
0 17 2 17
0 22 0 21
0 22 0 23
0 22 2 22
0 23 0 22
0 23 0 24
0 23 1 23
0 26 0 25
0 26 0 27
0 26 2 26
0 26 0 25
0 26 0 27
0 26 2 26
0 28 0 27
0 28 4 28
0 28 0 27
0 28 4 28
1 2 1 1
1 2 1 3
1 2 3 2
1 2 1 1
1 2 1 3
2 26 2 22
2 26 2 27
2 26 5 26
4 28 4 27
4 28 11 28
5 26 5 22
5 26 5 27
5 26 2 26
5 26 11 26
6 2 6 3
6 2 3 2
6 2 15 2
6 4 6 3
6 4 6 5
6 4 4 4
6 4 7 4
6 23 6 22
6 23 6 24
6 23 8 23
7 3 7 4
7 3 6 3
7 3 11 3
7 3 7 4
7 3 6 3
7 3 11 3
7 4 7 8
7 4 6 4
7 4 8 4
7 27 6 27
7 27 11 27
7 27 6 27
7 27 11 27
8 4 8 5
8 4 11 4
8 4 8 5
8 4 11 4
8 5 8 10
8 5 9 5
8 5 9 5
8 5 9 5
8 23 8 22
8 23 8 24
8 23 6 23
8 23 11 23
9 1 8 1
9 1 15 1
9 1 8 1
9 1 15 1
9 5 9 10
11 3 11 4
11 3 12 3
11 3 11 4
11 10 11 9
11 10 11 11
11 10 9 10
11 10 12 10
11 26 11 23
11 26 11 27
11 26 5 26
11 26 18 26
11 27 11 26
11 27 11 28
11 27 12 27
11 28 4 28
11 28 18 28
11 28 18 28
12 27 13 27
13 7 13 4
13 7 13 14
13 7 14 7
14 24 14 22
14 24 18 24
14 24 14 22
14 24 18 24
14 27 15 27
15 1 15 2
15 1 17 1
15 2 15 6
15 2 6 2
15 2 16 2
15 2 15 6
15 6 15 14
15 6 27 6
15 6 15 14
15 6 27 6
15 14 13 14
15 14 19 14
15 14 13 14
15 14 19 14
16 0 4 0
16 0 19 0
16 0 4 0
16 0 19 0
16 2 16 4
16 2 27 2
16 2 16 4
16 4 16 5
16 4 18 4
16 5 20 5
16 9 16 7
16 9 16 12
16 9 20 9
16 22 16 21
16 22 16 23
16 22 14 22
16 22 20 22
17 1 19 1
17 3 18 3
17 8 19 8
18 28 18 27
18 28 19 28
19 13 19 14
19 13 18 13
19 13 20 13
19 27 19 28
19 27 18 27
19 27 20 27
19 27 19 28
19 27 18 27
19 27 20 27
19 28 20 28
21 3 21 4
21 3 18 3
21 3 23 3
21 28 21 27
21 28 20 28
21 28 26 28
22 12 22 9
22 12 22 14
22 12 17 12
22 12 23 12
22 12 22 9
22 12 22 14
22 12 17 12
22 12 23 12
22 14 22 16
22 14 19 14
22 14 23 14
22 14 22 16
22 16 22 17
22 16 14 16
22 16 25 16
22 16 22 17
22 17 22 18
22 17 13 17
22 17 25 17
23 10 23 9
23 10 23 12
23 10 25 10
23 10 23 9
23 10 23 12
23 10 25 10
23 12 23 13
23 12 25 12
23 14 23 13
23 14 23 15
23 14 24 14
23 15 23 14
23 15 24 15
23 15 23 14
24 22 24 20
24 22 24 24
24 22 22 22
24 22 25 22
25 1 25 0
25 1 21 1
25 1 26 1
25 4 25 5
25 4 21 4
25 4 26 4
25 7 25 8
25 7 22 7
25 7 26 7
25 7 25 8
25 7 22 7
25 7 26 7
25 8 25 10
25 8 23 8
25 8 26 8
25 10 25 8
25 10 25 12
25 10 28 10
25 12 25 13
25 12 23 12
25 12 26 12
25 12 25 13
25 12 26 12
25 13 25 12
25 13 25 16
25 13 24 13
25 16 25 13
25 16 25 17
26 9 26 8
26 9 28 9
26 9 26 8
26 9 28 9
26 12 26 14
26 12 28 12
26 12 26 14
26 12 28 12
26 14 26 17
26 17 26 18
26 17 25 17
26 17 26 18
27 6 27 2
27 6 28 6
27 6 27 2
27 6 28 6
27 6 28 6
27 6 28 6
28 4 28 3
28 4 28 6
28 10 28 12
28 15 28 18
28 24 28 18
28 24 28 26
28 24 27 24
28 27 28 26
28 27 28 28
28 27 26 27
28 28 28 27
28 28 27 28
28 28 28 27
0 23 0 22
0 27 1 27
1 23 1 24
1 24 1 23
1 24 1 25
1 24 1 23
1 27 2 27
2 22 2 21
2 22 2 26
2 22 3 22
2 27 1 27
2 27 3 27
3 27 4 27
4 0 1 0
4 28 4 27
5 26 5 22
5 26 5 27
6 2 6 3
7 8 7 9
7 8 4 8
7 8 7 9
7 9 7 10
7 9 4 9
7 9 7 10
7 9 4 9
7 10 7 12
7 10 5 10
7 10 5 10
8 1 2 1
8 23 8 22
8 23 8 24
8 23 11 23
8 24 8 25
8 24 6 24
8 24 8 25
8 24 6 24
11 4 11 5
11 4 11 5
11 5 11 9
11 10 11 9
11 10 11 11
11 10 12 10
11 11 11 20
11 11 8 11
11 23 11 20
11 23 11 26
11 23 13 23
11 26 18 26
12 16 12 17
12 16 14 16
12 16 12 17
12 16 12 17
12 25 25 25
13 14 13 7
13 14 13 15
13 14 13 15
13 14 13 15
13 23 13 20
14 13 14 12
14 27 15 27
15 27 18 27
16 5 20 5
17 3 18 3
17 8 19 8
17 12 17 10
17 12 17 13
17 12 16 12
17 12 17 10
18 4 21 4
18 10 17 10
18 10 20 10
18 18 22 18
18 24 20 24
18 26 28 26
19 14 19 13
20 5 21 5
20 13 19 13
20 24 20 22
20 24 24 24
20 24 20 22
20 24 24 24
20 27 20 28
20 27 21 27
21 4 21 3
21 4 21 5
21 4 25 4
21 5 23 5
21 9 20 9
21 9 22 9
21 9 20 9
21 9 22 9
21 21 21 20
21 21 21 22
21 21 17 21
21 21 21 20
21 21 21 22
21 21 17 21
21 27 21 28
21 27 22 27
21 28 26 28
22 9 22 7
22 9 23 9
22 23 22 22
22 27 23 27
23 8 25 8
23 12 23 13
23 13 23 14
24 5 23 5
24 5 25 5
24 5 23 5
24 5 25 5
24 13 24 14
25 4 26 4
26 5 26 4
26 27 26 28
26 27 24 27
26 27 26 28
26 27 24 27
26 28 27 28
28 15 28 18
28 24 28 26
28 24 27 24
28 26 18 26
0 21 0 20
0 21 1 21
0 21 1 21
1 0 1 1
1 0 4 0
2 15 2 13
2 15 2 17
2 15 0 15
2 19 2 18
2 19 2 20
2 19 0 19
2 19 2 18
2 19 2 20
2 19 0 19
2 21 2 22
2 21 9 21
2 21 2 22
3 22 5 22
3 27 4 27
5 18 5 17
5 18 3 18
5 18 6 18
6 2 6 3
6 5 6 4
6 5 4 5
6 5 6 4
6 22 6 23
6 22 5 22
6 22 5 22
8 11 8 16
8 17 8 16
8 17 7 17
8 17 8 16
8 17 7 17
9 21 9 20
9 21 9 22
9 21 10 21
9 21 9 20
9 21 9 22
10 22 10 21
12 25 25 25
13 7 14 7
14 7 14 11
14 11 14 12
14 13 14 12
16 12 16 9
16 12 16 13
16 13 17 13
16 23 16 22
17 13 18 13
17 21 16 21
19 8 19 7
20 22 16 22
21 3 23 3
21 20 16 20
21 20 24 20
22 22 24 22
22 27 23 27
23 27 24 27
24 3 26 3
24 20 24 22
24 20 25 20
26 3 26 4
26 4 26 5
27 24 27 19
27 24 27 25
27 24 24 24
27 24 27 19
27 25 26 25
0 16 0 15
0 16 0 17
0 16 0 15
0 18 0 17
0 18 2 18
0 18 2 18
2 17 2 15
2 17 5 17
2 17 5 17
3 18 5 18
3 22 5 22
6 3 3 3
16 20 16 21
16 20 13 20
16 20 16 21
19 7 16 7
19 7 20 7
19 7 16 7
20 7 20 9
20 9 16 9
24 24 24 22
25 23 25 22
25 23 26 23
25 23 25 22
25 23 26 23
25 25 26 25
27 19 12 19
0 15 0 14
2 15 2 13
12 19 12 17
12 19 27 19
12 19 12 17
13 17 22 17
25 18 25 17
25 18 23 18
25 18 26 18
25 18 25 17
0 14 0 13
22 17 22 18

2792

4 = 4 2     3 4           3 2 4 4 5 4 2 1 4 5 5 1 2 6 5 4 
5 3 6 5 3 1   1               |   | ǁ ǁ   2 | 4 4 2 ǁ 3 ǁ 
ǁ 3 |       7             5 = 5 = 5 4 6 2 4 7 = = = 7 4 ǁ 
ǁ | 2 3 3 3   2   4 1           2 ǁ 2     | 4       ǁ 3 ǁ 
4 | | | 2 3   3 3 3       3       ǁ ǁ     | ǁ       ǁ 4 6 
ǁ | | | | |     | ǁ 2           4 5 5     | 6 = = = 8 2 ǁ 
ǁ | 6 7 7 4     | ǁ ǁ           3 5 4     | 4 5 3   ǁ 2 ǁ 
ǁ | ǁ 6 6 - - - 4 6 5 - 1       3 3 1   2 |   ǁ ǁ   ǁ 4 ǁ 
ǁ 3 ǁ ǁ 5 6 - - - - 1 2 - - - - 5 4       | 2 8 6 2 ǁ ǁ ǁ 
ǁ 4 ǁ ǁ ǁ 4 - - - - 2 |         3       5 6 2 ǁ     ǁ ǁ ǁ 
ǁ ǁ ǁ ǁ ǁ           | |         3       2 2 1 ǁ     ǁ ǁ ǁ 
ǁ ǁ ǁ 5 6 4 - - - 3 7 4 - - - - - - - - 2 - - 6 = = 8 6 5 
ǁ ǁ ǁ 1             2           4 5 = 5       |   3 ǁ 2 ǁ 
ǁ ǁ ǁ   1 - - 5 = = = = = = 7 5 | 4   ǁ 3 - - 2   ǁ ǁ 1 ǁ 
ǁ ǁ ǁ         3 - - - 3 3 2 ǁ   2 ǁ   ǁ | 2 5 = 4 ǁ ǁ 2 ǁ 
ǁ 4 6 = = = 8 = = = = = = = 6   | ǁ   ǁ |   |   ǁ ǁ ǁ 3 ǁ 
6 | 4 = 4 3 ǁ 3 - 5 = = 4 2 ǁ   | ǁ   ǁ 4 5 7 2 ǁ ǁ ǁ | ǁ 
ǁ 2 | 2 | ǁ ǁ ǁ 2 ǁ 3 = 6 3 ǁ   | ǁ   ǁ | 3 ǁ   ǁ ǁ ǁ | ǁ 
ǁ | | 3 2 ǁ ǁ ǁ ǁ ǁ 2   ǁ 2 ǁ   | ǁ 1 ǁ | ǁ ǁ   3 ǁ 5 4 4 
5 3 | | | ǁ ǁ 4 3 ǁ |   ǁ 5 6   | ǁ | ǁ | ǁ ǁ   | ǁ ǁ 6 4 
  1 | | | 3 ǁ 2 - 5 1   ǁ 2 |   | ǁ | ǁ | ǁ 4 = 5 ǁ ǁ 4 3 
  3 | 5 6 4 ǁ     4     ǁ   |   | ǁ | ǁ 4 6 2   ǁ ǁ ǁ 4 5 
  | | ǁ ǁ | ǁ 3 - 6 = = 8 = 6 = 6 7 3 ǁ |   3 1 ǁ ǁ ǁ 3 ǁ 
  | | 2 ǁ 3 ǁ ǁ 2 3 6 = 8 4 7 4 | | 1 ǁ |   ǁ   ǁ ǁ ǁ 3 ǁ 
  | | 1 ǁ 4 ǁ ǁ ǁ   ǁ   ǁ 2 2 2 | | | ǁ 4 = 7 = 5 ǁ ǁ 3 ǁ 
4 5 | | 5 3 ǁ 6 7 = 6 - 8 6 = = 4 5 5 ǁ 2 3 5 4 | 3 ǁ ǁ ǁ 
1 2 | 2 5 2 ǁ 2 3 4 |   6 = 3 - - 4 3 ǁ 1 4 2 2 | 3 ǁ 5 5 
2   5 = = = 8     ǁ |   ǁ             5 = = = = 6 2 ǁ | 3 
3 2 2 1 2 - 5     2 2 - 3     3 = = 3 - - - - - 5 = 5 5 4 
