29 29
2 5 0 0 4 4 3 0 0 0 0 0 0 0 0 0 0 0 0 0 5 3 4 0 0 0 5 3 3 
2 6 4 2 0 2 0 0 0 0 1 0 0 0 0 0 4 0 0 1 0 0 0 2 0 4 3 0 1 
0 6 0 0 7 0 6 0 0 0 0 0 0 0 0 0 6 3 6 4 0 1 3 0 0 5 5 4 0 
0 0 2 0 0 0 0 1 4 2 4 0 0 0 4 2 4 2 0 2 0 1 0 2 0 8 5 0 0 
0 0 5 1 0 0 0 3 7 0 5 0 0 0 0 0 0 0 7 3 0 3 0 0 0 2 0 0 0 
0 0 0 0 0 2 0 0 6 2 0 1 4 5 2 4 0 0 6 1 0 0 0 0 0 0 5 5 0 
0 0 6 4 0 0 0 0 2 0 0 0 0 0 0 4 0 0 7 2 0 0 0 0 0 0 2 2 0 
0 0 0 0 0 4 0 0 2 0 0 0 0 0 0 0 2 0 5 3 0 0 0 0 0 0 0 0 0 
0 6 4 0 0 0 0 4 4 0 0 3 5 0 0 0 0 0 0 3 0 0 4 0 0 0 0 4 0 
0 3 0 0 0 0 0 1 0 0 0 1 0 0 0 0 0 0 0 0 0 0 0 0 0 0 2 3 0 
0 4 3 0 0 6 8 0 0 0 7 0 5 4 3 0 0 0 4 0 0 0 0 3 2 3 5 6 0 
0 5 6 0 0 2 0 2 0 4 0 1 4 0 0 0 4 2 0 0 0 0 0 0 0 0 2 0 2 
0 0 0 0 0 1 6 0 2 6 8 0 0 0 0 0 5 0 4 3 4 0 0 0 0 0 1 0 0 
0 0 0 0 0 2 7 4 2 2 0 3 0 0 0 0 3 1 0 4 0 0 0 4 0 7 0 6 0 
0 0 0 0 0 3 7 0 3 2 0 3 3 5 0 0 6 3 2 4 0 0 0 0 0 3 2 0 0 
0 1 0 0 0 3 6 0 0 0 7 0 3 3 3 0 5 3 1 0 2 0 0 0 0 0 0 0 0 
0 0 0 0 0 0 0 0 0 0 4 4 3 0 0 0 4 4 0 0 0 0 0 0 0 0 0 0 0 
5 0 7 7 6 0 0 0 0 0 0 0 0 0 0 0 0 0 0 0 0 8 7 0 0 0 0 7 3 
0 1 0 0 0 3 5 0 6 0 0 5 0 0 0 0 0 0 2 0 0 0 0 2 2 4 4 4 3 
0 0 0 0 0 0 0 4 6 3 4 0 0 0 0 2 0 0 4 2 0 0 0 3 0 6 4 5 6 
5 4 0 0 0 4 0 2 0 1 2 0 0 0 0 0 0 0 0 0 0 0 0 0 3 0 0 0 4 
0 2 0 0 0 4 0 4 5 0 2 0 0 0 0 0 0 0 0 0 0 0 5 5 0 0 0 0 0 
6 5 0 4 0 0 0 3 3 0 0 0 0 0 0 0 0 0 0 0 0 0 3 5 4 4 0 7 4 
0 0 0 0 0 4 6 0 0 6 4 0 4 3 0 6 0 0 0 0 0 7 0 0 0 5 4 0 2 
0 0 0 4 0 1 3 0 3 8 5 0 2 1 0 5 3 0 4 0 0 0 1 0 0 7 4 0 3 
4 4 0 2 0 4 3 1 0 3 4 0 4 0 0 6 4 3 6 0 0 6 0 0 4 4 0 0 0 
4 4 0 0 0 4 0 0 0 2 2 0 2 1 0 2 3 0 0 0 0 0 0 0 0 2 0 0 0 
4 0 7 0 6 0 0 0 0 0 0 6 0 0 0 0 0 0 0 0 0 0 0 0 0 0 0 7 5 
4 0 4 2 6 0 0 0 0 0 2 3 0 0 0 0 0 4 0 0 2 0 0 2 0 0 0 6 4 
300 534
0 1 0 0
0 1 0 4
0 1 1 1
0 20 0 6
0 20 0 21
0 20 12 20
0 26 0 22
0 26 0 27
0 26 1 26
0 28 0 27
0 28 1 28
0 28 0 27
1 16 1 10
1 16 1 19
1 16 2 16
1 16 2 16
2 1 2 4
2 1 1 1
2 1 8 1
2 1 2 4
2 1 1 1
2 1 8 1
2 4 2 6
2 4 0 4
2 4 17 4
2 16 2 6
2 16 2 17
2 16 3 16
2 16 2 6
2 18 2 17
2 18 2 19
2 18 4 18
2 18 2 17
2 18 2 19
2 18 4 18
2 19 3 19
2 27 2 26
2 27 5 27
2 27 2 26
2 27 5 27
3 2 4 2
3 25 3 23
3 25 3 26
3 25 2 25
3 25 4 25
3 25 3 23
3 25 3 26
3 25 2 25
3 25 4 25
4 2 4 3
4 2 3 2
4 2 6 2
4 2 6 2
4 8 4 7
4 8 4 10
4 8 3 8
4 8 5 8
4 18 4 10
4 18 4 19
4 18 5 18
5 13 5 12
5 13 5 14
5 13 10 13
5 26 5 27
5 26 3 26
5 26 6 26
6 2 6 3
6 2 8 2
6 3 6 2
6 3 17 3
6 3 6 2
6 18 6 15
6 18 6 19
6 18 5 18
6 18 7 18
8 1 8 2
8 1 9 1
8 2 8 1
8 2 10 2
8 12 8 11
8 12 5 12
8 12 10 12
10 5 10 6
10 5 7 5
10 5 11 5
10 5 10 6
10 5 7 5
10 5 11 5
10 6 10 10
10 6 2 6
10 6 12 6
10 27 10 26
10 27 9 27
10 27 13 27
10 27 10 26
10 27 9 27
10 27 13 27
11 1 11 2
11 1 10 1
11 1 15 1
11 2 11 1
11 2 10 2
11 2 17 2
11 2 11 1
11 2 10 2
11 28 17 28
12 10 12 9
12 10 12 16
12 10 10 10
12 10 15 10
12 10 12 9
12 10 12 16
12 10 10 10
12 10 15 10
13 6 13 5
13 6 13 7
13 6 12 6
13 6 14 6
13 25 13 23
13 25 13 27
13 25 10 25
13 25 14 25
13 27 13 25
13 27 17 27
13 27 17 27
14 13 14 12
14 13 14 16
14 13 15 13
15 10 15 6
15 10 15 12
15 10 16 10
17 0 17 2
17 0 1 0
17 0 20 0
17 2 17 0
17 2 17 3
17 2 27 2
17 3 17 2
17 3 17 4
17 3 22 3
17 21 17 4
17 21 17 22
17 21 4 21
17 21 23 21
17 21 17 4
17 21 17 22
17 21 4 21
17 21 23 21
17 22 17 27
17 22 8 22
17 22 21 22
18 1 20 1
18 6 18 5
18 6 18 8
18 6 23 6
18 8 18 6
18 8 18 11
18 8 19 8
18 8 18 11
18 8 19 8
19 7 19 8
19 7 20 7
19 7 19 8
19 7 20 7
19 19 19 18
19 28 19 27
19 28 18 28
19 28 20 28
19 28 19 27
19 28 18 28
19 28 20 28
20 1 20 0
20 1 21 1
20 1 20 0
20 5 18 5
20 5 21 5
20 5 18 5
20 5 21 5
20 28 20 24
20 28 22 28
21 1 22 1
21 5 23 5
21 7 21 8
21 7 22 7
21 7 21 8
21 7 22 7
21 23 21 22
21 23 19 23
21 23 22 23
22 0 22 1
22 0 20 0
22 0 25 0
22 0 22 1
22 0 20 0
22 0 25 0
22 1 25 1
22 3 17 3
22 3 24 3
22 3 24 3
22 28 22 27
22 28 23 28
22 28 22 27
23 21 23 15
23 21 23 25
23 21 25 21
24 3 24 5
24 3 25 3
24 9 24 8
24 9 24 10
24 9 23 9
24 9 25 9
24 9 24 8
24 9 24 10
24 9 23 9
24 9 25 9
24 18 24 16
24 18 25 18
24 18 24 16
24 18 25 18
24 22 24 25
24 25 24 26
24 25 23 25
24 25 25 25
25 0 25 1
25 0 26 0
25 1 22 1
25 1 26 1
25 18 25 17
25 18 25 21
25 21 25 18
25 21 25 24
25 21 23 21
25 21 25 24
25 24 25 25
26 0 26 1
26 0 27 0
26 0 26 1
26 5 26 9
26 5 25 5
26 5 26 9
26 5 25 5
27 0 27 2
27 0 28 0
27 0 27 2
27 4 27 2
27 4 27 11
27 4 28 4
27 4 27 2
27 4 27 11
27 4 28 4
27 11 27 27
27 11 18 11
27 11 28 11
27 11 27 27
27 27 27 28
27 27 22 27
27 27 28 27
28 0 28 2
28 4 28 3
28 4 28 10
28 4 28 3
28 4 28 10
28 11 28 17
28 11 28 17
28 17 28 20
28 27 28 23
28 27 28 28
28 27 27 27
28 27 28 23
28 27 28 28
28 28 27 28
28 28 27 28
0 26 0 22
0 26 1 26
1 1 1 0
1 1 1 2
1 1 0 1
1 2 1 3
1 3 1 2
1 5 0 5
1 23 1 25
2 6 2 4
2 6 0 6
2 19 3 19
3 14 3 10
3 14 3 15
3 14 3 10
3 14 3 15
3 16 3 17
3 17 3 16
4 21 3 21
5 5 7 5
5 8 5 9
5 8 4 8
5 8 6 8
5 8 5 9
5 8 4 8
6 8 7 8
6 15 6 18
6 15 5 15
6 15 5 15
7 5 5 5
7 8 8 8
8 1 9 1
8 8 8 7
8 8 8 11
8 8 8 7
9 1 10 1
10 10 10 6
10 10 10 12
10 10 10 12
11 9 11 7
11 9 12 9
11 9 11 7
11 9 12 9
11 11 11 12
11 12 11 16
11 12 10 12
11 12 11 16
11 28 17 28
12 26 11 26
13 7 13 6
13 7 13 8
13 7 13 6
13 23 13 25
13 23 10 23
13 23 10 23
14 19 14 18
14 19 13 19
14 19 14 18
14 19 13 19
14 26 14 25
15 6 15 5
15 6 15 10
15 6 14 6
15 6 15 5
15 6 14 6
16 10 16 11
16 10 15 10
16 10 16 11
16 11 16 12
16 17 16 16
16 17 15 17
16 17 16 16
16 17 15 17
17 2 17 3
17 4 2 4
18 6 23 6
18 11 18 18
19 10 19 9
19 10 20 10
19 10 19 9
19 10 20 10
19 19 19 18
19 25 19 23
19 25 19 26
19 25 18 25
19 25 19 23
19 25 19 26
19 25 18 25
19 26 19 27
19 26 18 26
19 27 18 27
20 24 22 24
21 5 23 5
21 23 21 22
21 23 22 23
22 27 22 25
22 27 27 27
22 27 22 25
23 5 23 6
23 5 23 6
23 9 23 6
23 9 23 10
23 9 20 9
23 9 23 6
23 10 21 10
23 10 24 10
23 10 21 10
23 12 23 13
23 12 24 12
23 12 23 13
23 12 24 12
23 26 23 25
23 26 24 26
23 26 23 25
23 26 24 26
23 28 24 28
24 8 24 6
24 10 25 10
24 25 24 26
24 25 23 25
24 25 25 25
24 28 27 28
25 3 25 5
25 5 25 6
25 12 25 15
25 12 26 12
25 12 25 15
25 12 26 12
25 15 25 16
25 15 24 15
25 15 26 15
25 15 25 16
25 18 25 17
25 24 25 25
26 10 25 10
26 13 26 15
26 25 26 16
26 25 26 16
27 2 28 2
27 2 28 2
27 28 24 28
28 0 28 2
28 17 28 20
0 0 0 1
0 4 0 5
0 4 0 5
0 5 0 6
0 20 0 21
0 20 12 20
0 22 0 21
0 22 2 22
1 23 1 25
1 25 1 26
1 25 2 25
2 21 2 22
3 10 3 9
3 10 4 10
5 15 5 14
5 15 5 18
5 18 5 19
5 18 4 18
5 18 6 18
8 7 4 7
8 7 9 7
9 11 8 11
10 6 12 6
10 23 10 24
10 24 10 25
11 26 10 26
12 6 12 5
12 6 12 8
12 6 13 6
12 20 12 19
12 20 15 20
13 5 14 5
13 19 13 17
13 19 12 19
14 6 14 5
14 6 14 8
14 26 14 25
15 5 14 5
15 20 15 18
16 11 16 12
16 16 16 12
16 16 15 16
18 11 18 18
18 23 18 24
18 25 18 24
18 25 18 26
18 26 18 27
19 9 19 8
19 18 19 15
19 27 18 27
20 24 22 24
22 7 22 8
22 8 21 8
22 24 22 23
22 24 22 25
23 21 23 15
24 6 25 6
24 6 25 6
24 10 25 10
25 7 25 9
25 10 26 10
25 17 25 16
26 16 25 16
3 8 3 7
3 8 3 9
3 8 4 8
4 10 4 18
5 11 5 12
5 12 5 13
5 13 10 13
8 12 10 12
10 13 10 14
11 17 11 16
13 25 10 25
14 6 14 8
18 26 18 27
18 28 17 28
19 8 21 8
19 18 19 15
21 8 22 8
22 23 22 22
23 15 23 13
23 15 24 15
23 15 24 15
24 13 24 15
24 16 24 15
10 13 10 14
10 14 10 18
10 18 7 18
10 18 12 18
10 18 7 18
10 26 9 26
10 26 9 26
11 16 11 17
12 18 12 16
12 18 12 19
12 18 12 16
17 27 17 22
22 23 22 22
7 16 7 18
8 19 7 19
9 27 8 27
12 16 13 16
21 22 17 22
21 22 22 22
7 16 7 18
8 19 7 19
8 22 8 27
8 22 2 22
8 22 8 27
8 27 6 27
2 25 2 26
2 25 2 26
2 26 3 26
3 26 5 26
5 27 5 26
5 27 6 27
6 18 6 19
7 19 8 19

3538

2 5 - - 4 4 3 - - - - - - - - - - - - - 5 3 4 = = = 5 3 3 
2 6 4 2 | 2 |       1 - - - - - 4 - - 1 ǁ   | 2 = 4 3   1 
| 6 = = 7 = 6 = = = = = = = = = 6 3 6 4 ǁ 1 3     5 5 4   
| ǁ 2   ǁ   | 1 4 2 4 = = = 4 2 4 2 ǁ 2 ǁ 1 | 2 = 8 5 ǁ   
| ǁ 5 1 ǁ   | 3 7 - 5 = = = = = = = 7 3 ǁ 3 |     2 ǁ ǁ   
| ǁ ǁ   ǁ 2 | | 6 2   1 4 5 2 4 - - 6 1 ǁ ǁ |       5 5   
| ǁ 6 4 ǁ ǁ | | 2       | ǁ   4 = = 7 2 ǁ ǁ |       2 2   
| ǁ | | ǁ 4 | | 2       | ǁ     2 = 5 3 ǁ ǁ |         |   
| 6 4 | ǁ ǁ | 4 4 - - 3 5 ǁ         ǁ 3 ǁ ǁ 4 = = = = 4   
| 3 | | ǁ ǁ | 1       1 ǁ ǁ         ǁ   ǁ ǁ |       2 3   
| 4 3 | ǁ 6 8 = = = 7 = 5 4 3 - - - 4   ǁ ǁ | 3 2 3 5 6   
| 5 6 | ǁ 2 ǁ 2 = 4 ǁ 1 4 = = = 4 2 |   ǁ ǁ | ǁ   ǁ 2 ǁ 2 
| | | | ǁ 1 6 - 2 6 8 = = = = = 5 = 4 3 4 ǁ | ǁ   ǁ 1 ǁ ǁ 
| | | | ǁ 2 7 4 2 2 ǁ 3         3 1 - 4 | ǁ | 4 = 7 = 6 ǁ 
| | | | ǁ 3 7 = 3 2 ǁ 3 3 5 - - 6 3 2 4 | ǁ |     3 2 ǁ ǁ 
| 1 | | ǁ 3 6 = = = 7 - 3 3 3   5 3 1 - 2 ǁ |         ǁ ǁ 
|   | | ǁ           4 4 3 - - - 4 4       ǁ |         ǁ ǁ 
5 = 7 7 6 = = = = = = = = = = = = = = = = 8 7 = = = = 7 3 
| 1 | ǁ   3 5 = 6 = = 5 = = = = = = 2     ǁ ǁ 2 2 4 4 4 3 
| | | ǁ   ǁ ǁ 4 6 3 4 |       2 = = 4 2   ǁ ǁ 3 = 6 4 5 6 
5 4 | ǁ   4 ǁ 2 | 1 2 |                   ǁ ǁ | 3 - - - 4 
ǁ 2 | ǁ   4 ǁ 4 5 | 2 |                   ǁ 5 5 ǁ       | 
6 5 | 4   ǁ ǁ 3 3 | ǁ |                   ǁ 3 5 4 4 = 7 4 
ǁ ǁ | ǁ   4 6 = = 6 4 | 4 3 - 6 = = = = = 7 - - - 5 4 ǁ 2 
ǁ ǁ | 4 - 1 3 - 3 8 5 | 2 1 - 5 3 = 4     ǁ 1 - - 7 4 ǁ 3 
4 4 | 2 - 4 3 1 - 3 4 | 4 = = 6 4 3 6 = = 6 = = 4 4   ǁ ǁ 
4 4 |     4 = = = 2 2 | 2 1 - 2 3 = = = = = = = = 2   ǁ ǁ 
4 = 7 = 6 = = = = = = 6 = = = = = = = = = = = = = = = 7 5 
4 = 4 2 6 = = = = = 2 3 = = = = = 4 = = 2     2 = = = 6 4 
