29 29
3 0 4 2 4 0 0 4 5 0 6 4 5 0 0 0 0 5 0 0 0 0 0 3 4 0 5 1 2 
3 3 0 2 2 1 0 0 1 0 0 1 5 2 2 0 0 5 0 2 1 0 0 0 3 1 0 1 0 
2 3 0 0 1 3 0 6 0 0 6 0 0 0 0 0 0 0 0 0 0 0 0 5 0 0 6 5 5 
0 1 0 3 0 0 0 4 4 2 0 2 4 0 0 0 0 0 0 0 0 0 3 0 3 3 0 0 0 
4 0 6 0 0 0 0 0 0 0 4 0 0 0 0 0 0 0 0 0 0 0 4 0 6 5 0 0 0 
4 2 0 0 0 0 1 4 2 1 0 1 0 0 0 0 0 0 3 2 6 3 0 0 0 0 0 0 0 
1 2 0 0 0 0 0 0 1 0 0 4 0 0 0 0 0 0 7 0 5 2 0 0 0 0 0 0 0 
4 4 0 3 0 0 4 5 4 4 0 0 4 2 2 0 3 0 5 3 0 1 0 0 4 0 0 0 0 
0 1 0 2 0 0 0 2 0 0 0 0 6 0 0 0 0 0 0 4 1 5 5 0 3 0 0 0 4 
0 0 0 0 0 0 0 1 0 2 0 0 0 2 4 1 2 0 0 4 2 3 1 0 1 0 0 0 0 
0 0 5 0 0 0 6 3 0 0 0 4 0 3 5 0 0 0 0 0 0 0 0 6 0 3 1 0 0 
0 0 0 2 4 3 1 0 0 0 0 0 0 0 2 0 2 0 6 0 4 4 0 3 1 0 3 0 0 
0 0 0 0 2 0 1 0 0 0 0 0 0 0 3 0 0 0 5 0 0 0 0 0 0 0 5 0 2 
0 0 0 5 0 4 5 0 5 2 0 0 0 0 0 2 0 0 0 0 0 0 0 0 4 1 0 0 1 
0 0 0 0 1 0 0 4 3 0 0 0 0 0 0 0 0 0 0 0 0 0 1 0 0 0 0 5 4 
0 0 0 5 2 0 2 0 0 0 0 0 0 4 0 0 0 0 0 0 0 0 0 0 0 0 0 0 0 
0 0 0 2 0 0 2 3 0 0 0 0 0 2 0 0 2 0 0 0 0 0 5 0 0 0 0 4 0 
0 2 0 0 0 0 0 0 0 0 0 0 0 0 0 0 0 0 0 0 0 0 0 0 0 0 0 3 0 
0 0 5 0 0 5 5 0 4 2 0 0 0 4 7 0 2 0 1 0 2 0 6 0 7 5 0 1 0 
0 0 4 4 3 3 3 0 1 0 0 0 0 0 0 0 0 0 0 0 0 0 0 2 0 4 0 1 0 
4 4 0 0 0 0 0 0 0 0 5 4 0 2 2 0 0 0 0 0 0 0 0 0 0 0 0 0 0 
0 0 2 0 0 4 0 0 4 4 0 1 0 0 0 0 0 0 3 0 0 0 6 5 0 2 0 0 1 
2 0 1 0 0 5 3 1 0 2 0 0 0 0 0 0 0 0 2 0 0 0 4 2 0 0 0 0 2 
1 0 0 0 0 1 0 0 2 0 6 0 5 0 0 0 0 0 0 0 0 0 0 0 7 0 6 5 5 
4 6 0 0 0 0 0 0 4 1 0 2 4 0 0 0 0 0 0 0 4 4 3 1 0 1 0 0 1 
0 3 0 0 2 3 1 1 2 1 0 0 0 1 1 0 0 0 0 0 1 4 1 0 0 2 0 0 1 
6 5 0 4 4 4 0 2 0 0 7 5 0 0 0 1 0 2 0 0 0 3 0 0 0 0 0 4 2 
4 1 3 4 2 0 5 0 0 0 6 3 4 3 3 0 0 0 0 0 0 0 0 0 5 2 1 5 1 
3 0 2 1 1 1 5 0 3 1 2 1 2 1 2 3 0 0 2 0 0 2 0 0 4 1 1 5 2 
300 368
0 8 0 7
0 8 0 10
0 8 1 8
0 10 0 8
0 10 0 11
0 10 2 10
0 12 0 11
0 12 0 17
0 12 1 12
0 26 0 24
0 26 0 27
0 26 2 26
0 28 2 28
0 28 2 28
1 27 2 27
4 25 4 24
4 25 3 25
4 25 10 25
6 18 6 11
6 18 6 20
6 18 5 18
6 18 7 18
8 28 2 28
8 28 12 28
8 28 2 28
8 28 12 28
10 2 10 6
10 2 4 2
10 2 18 2
12 26 12 18
12 26 11 26
12 26 23 26
13 3 13 5
13 3 11 3
13 3 15 3
13 28 14 28
14 27 14 28
14 27 2 27
14 27 16 27
14 28 14 27
14 28 21 28
16 22 16 16
16 22 14 22
16 22 18 22
16 27 14 27
16 27 17 27
16 27 17 27
17 27 18 27
18 14 18 13
18 14 18 16
18 14 12 14
18 14 20 14
18 24 18 22
18 24 18 25
18 24 13 24
18 24 23 24
19 23 21 23
19 25 18 25
19 25 21 25
19 25 18 25
19 25 21 25
19 27 23 27
22 28 23 28
23 28 23 27
23 28 22 28
23 28 24 28
23 28 23 27
26 0 26 1
26 0 24 0
26 0 27 0
26 0 26 1
26 0 24 0
26 0 27 0
26 10 26 7
26 10 26 11
26 10 23 10
26 10 27 10
27 0 27 1
27 0 28 0
28 0 28 2
28 0 28 2
28 6 28 5
28 6 28 8
28 6 27 6
28 27 28 26
28 27 28 28
28 27 27 27
0 8 0 7
0 10 0 11
0 10 2 10
0 11 0 12
0 26 0 24
0 26 2 26
1 17 1 14
1 17 1 19
1 17 0 17
2 10 2 7
2 10 2 23
2 10 4 10
2 10 2 7
2 26 2 23
2 26 2 27
2 26 10 26
2 26 2 23
2 27 2 28
3 12 3 11
3 12 3 22
3 12 3 11
3 12 3 22
5 20 5 19
5 20 5 21
5 20 6 20
5 20 5 19
5 20 5 21
5 20 6 20
5 21 6 21
11 26 11 24
11 26 12 26
19 23 21 23
24 0 24 1
24 0 23 0
24 1 24 8
24 1 20 1
24 1 25 1
24 1 24 8
24 1 20 1
27 2 27 3
27 2 27 3
28 6 28 8
28 6 27 6
28 8 28 9
28 27 28 28
28 27 27 27
0 7 0 4
0 7 2 7
0 24 0 23
0 24 1 24
1 11 1 12
1 24 1 20
1 24 1 25
2 23 10 23
3 22 4 22
4 22 4 10
4 22 8 22
4 22 4 10
4 24 4 25
4 24 3 24
4 24 7 24
4 24 4 25
4 24 3 24
5 18 5 11
5 18 6 18
7 24 8 24
7 24 8 24
8 22 8 21
8 22 9 22
8 22 8 21
8 22 8 21
9 24 8 24
10 25 10 23
22 0 20 0
27 2 27 3
0 4 0 3
0 4 1 4
0 4 0 3
0 23 0 17
1 19 1 17
2 23 10 23
3 24 3 25
4 10 4 2
10 23 10 14
10 23 10 25
10 23 11 23
11 18 11 16
11 18 11 20
11 18 12 18
11 18 11 16
11 18 11 20
11 18 12 18
11 20 11 21
11 21 11 20
11 21 11 23
11 21 11 23
13 15 13 24
20 10 20 1
20 10 20 11
20 10 23 10
21 9 21 8
21 9 22 9
21 9 21 8
21 9 22 9
22 0 20 0
22 7 22 6
0 2 0 0
0 2 4 2
0 2 0 0
0 2 4 2
0 23 0 17
3 8 3 7
3 8 3 9
3 8 3 7
3 8 3 9
13 15 13 24
13 24 13 25
17 1 8 1
17 1 20 1
18 24 18 22
18 24 18 25
18 24 23 24
19 2 19 3
19 2 18 2
19 2 19 3
19 2 18 2
19 3 19 4
19 3 16 3
20 0 7 0
20 0 7 0
20 10 20 11
20 10 23 10
21 8 21 5
21 8 23 8
22 6 22 5
23 10 23 8
23 10 23 12
23 10 26 10
23 24 23 12
23 24 23 26
23 24 27 24
24 8 24 9
24 8 25 8
24 23 24 22
24 25 25 25
25 9 25 8
0 0 1 0
3 7 3 3
3 7 2 7
7 0 7 1
7 0 6 0
7 1 6 1
18 2 10 2
18 5 18 6
18 5 13 5
18 5 19 5
18 22 18 20
18 22 16 22
18 22 21 22
21 5 21 2
21 5 22 5
21 5 21 2
21 22 21 18
21 22 21 23
21 22 22 22
21 22 21 18
21 22 21 23
21 23 22 23
22 2 22 5
22 5 22 6
22 5 23 5
22 22 22 18
22 22 22 23
22 22 22 18
2 7 2 5
2 7 2 5
3 3 1 3
5 0 5 1
5 0 4 0
5 0 5 1
5 0 4 0
6 1 7 1
14 4 15 4
16 3 15 3
16 22 16 16
18 20 18 18
21 18 21 11
3 1 2 1
3 3 1 3
4 0 4 2
4 0 2 0
4 2 10 2
8 12 8 7
8 12 8 19
8 12 7 12
8 12 8 7
8 12 8 19
8 12 7 12
10 6 10 7
10 6 7 6
10 6 11 6
13 8 13 6
13 8 13 9
13 8 14 8
14 7 14 8
14 7 16 7
14 7 14 8
14 7 16 7
15 3 15 4
15 3 13 3
15 13 10 13
15 13 16 13
15 13 10 13
15 13 16 13
16 7 16 6
18 16 18 14
19 4 19 5
20 11 20 13
20 11 10 11
6 11 6 8
6 11 6 18
7 7 7 6
7 7 7 8
7 7 5 7
7 8 7 7
7 8 7 9
7 8 7 7
7 9 7 12
7 12 7 9
7 13 7 14
8 3 7 3
10 6 10 7
10 6 7 6
10 11 10 7
10 11 10 13
10 14 9 14
10 14 11 14
18 13 18 14
18 13 20 13
18 13 18 14
19 4 19 5
5 7 5 6
5 7 5 8
5 7 5 8
7 3 7 6
7 3 8 3
7 13 7 14
7 16 7 18
9 7 9 9
9 9 9 13
9 13 9 14
9 14 9 15
9 14 10 14
9 16 9 19
10 14 11 14
12 14 12 18
7 16 7 18
9 16 9 19
9 19 9 20
9 19 8 19
12 14 12 18
12 26 23 26
23 26 23 24
23 26 23 27
23 26 27 26
23 27 26 27
25 25 27 25
25 28 26 28
26 27 26 28
26 27 27 27
26 27 27 27
27 27 27 28
8 19 8 20
9 20 9 21
9 21 8 21
6 20 6 18
6 20 6 21
7 18 7 19
7 19 7 18
7 19 7 21
8 21 9 21

3634

3 = 4 2 4 - - 4 5 = 6 4 5 - - - - 5 = = = = = 3 4 = 5 1 2 
3 3 ǁ 2 2 1   | 1   ǁ 1 5 2 2 - - 5 = 2 1 - - - 3 1 ǁ 1 ǁ 
2 3 ǁ ǁ 1 3 = 6 = = 6 - - - - - - - - - - - - 5 = = 6 5 5 
| 1 ǁ 3 - - - 4 4 2 | 2 4 = = = = = = = = = 3 ǁ 3 3 | | ǁ 
4 - 6 - - - - - - - 4 = = = = = = = = = = = 4 ǁ 6 5 | | ǁ 
4 2 ǁ       1 4 2 1   1 - - - - - - 3 2 6 3 | ǁ | | | | ǁ 
1 2 ǁ         | 1 - - 4 = = = = = = 7 = 5 2 | ǁ | | | | ǁ 
4 4 ǁ 3 - - 4 5 4 4 = = 4 2 2   3 = 5 3 - 1 | ǁ 4 | | | ǁ 
ǁ 1 ǁ 2     ǁ 2 = = = = 6 = = = = = = 4 1 5 5 ǁ 3 | | | 4 
ǁ | ǁ       ǁ 1 - 2 - - - 2 4 1 2 = = 4 2 3 1 ǁ 1 | | | ǁ 
ǁ | 5 - - - 6 3 - - - 4 - 3 5 - - - - - - - - 6 = 3 1 | ǁ 
ǁ | ǁ 2 4 3 1         |   ǁ 2   2 = 6 = 4 4 = 3 1 - 3 | ǁ 
ǁ | ǁ | 2   1         |   ǁ 3 = = = 5 - - - - - - - 5 | 2 
ǁ | ǁ 5 - 4 5 - 5 2   |   ǁ | 2 = = = = = = = = 4 1 ǁ | 1 
ǁ | ǁ ǁ 1 |   4 3     |   ǁ |               1   |   ǁ 5 4 
ǁ | ǁ 5 2 | 2 ǁ       |   4 |               |   |   ǁ ǁ | 
ǁ | ǁ 2   | 2 3       |   2 |   2 = = = = = 5   |   ǁ 4 | 
ǁ 2 ǁ |   |           |     |               ǁ   |   ǁ 3 | 
ǁ | 5 |   5 5   4 2   |   4 7 = 2   1 - 2 - 6 = 7 5 ǁ 1 | 
ǁ | 4 4 3 3 3   1     |   | |               | 2 ǁ 4 ǁ 1 | 
4 4 - - - - - - - - 5 4 - 2 2               | ǁ ǁ ǁ ǁ | | 
ǁ ǁ 2 = = 4 - - 4 4 ǁ 1 - - - - - - 3 = = = 6 5 ǁ 2 ǁ | 1 
2 ǁ 1 - - 5 3 1 | 2 ǁ               2 = = = 4 2 ǁ   ǁ | 2 
1 ǁ       1     2 - 6 - 5 - - - - - - - - - - - 7 = 6 5 5 
4 6 = = = = = = 4 1 ǁ 2 4               4 4 3 1 | 1 | | 1 
ǁ 3     2 3 1 1 2 1 ǁ     1 1           1 4 1   | 2 | | 1 
6 5   4 4 4   2 - - 7 5       1   2       3     | | | 4 2 
4 1 3 4 2   5       6 3 4 3 3                   5 2 1 5 1 
3 = 2 1 1 1 5 = 3 1 2 1 2 1 2 3     2     2     4 1 1 5 2 
