29 29
2 0 0 5 0 0 0 0 0 0 3 2 0 2 0 0 0 0 0 0 0 0 3 2 0 0 0 4 2 
2 0 0 4 0 1 2 0 6 2 0 2 0 0 0 0 0 0 0 3 3 2 0 2 0 2 1 0 2 
4 0 0 6 0 0 0 0 7 0 6 0 0 0 0 0 0 0 5 7 7 0 7 0 0 0 0 3 3 
0 2 0 6 0 5 6 2 0 1 0 2 0 0 0 0 5 4 5 2 4 3 0 0 3 4 3 3 2 
3 0 0 1 0 2 3 0 0 0 0 3 2 0 0 0 5 0 0 0 4 3 0 0 0 3 2 5 2 
1 3 5 0 0 0 0 0 8 5 0 3 2 0 3 0 0 2 0 0 0 0 0 0 0 0 1 0 2 
2 0 4 0 6 3 1 0 0 0 0 3 0 0 5 0 6 5 2 1 0 2 0 0 2 0 2 0 0 
5 7 0 0 6 0 0 0 3 3 0 1 0 0 2 2 3 1 0 0 0 1 0 0 0 0 0 4 3 
4 5 1 1 2 2 4 0 0 3 0 0 0 0 0 1 3 0 3 0 0 0 0 0 0 0 0 0 2 
3 0 0 0 0 0 0 0 0 0 5 0 0 0 0 0 0 0 0 0 5 0 6 0 6 5 0 0 0 
0 2 4 0 0 6 0 0 3 1 0 3 0 3 2 0 0 0 5 2 0 2 0 1 3 1 0 0 0 
0 3 2 0 0 2 0 0 0 3 0 0 1 5 4 0 0 0 0 0 0 3 0 4 0 0 6 4 3 
0 2 0 0 0 0 0 0 0 0 0 0 0 0 0 0 0 0 0 0 0 0 0 0 1 2 0 4 2 
0 2 6 0 0 0 0 0 4 0 0 0 0 1 5 0 0 0 5 0 0 0 0 5 5 4 0 0 0 
0 0 2 2 2 0 0 0 0 0 0 0 0 0 0 0 0 0 0 0 0 0 0 1 2 0 0 3 0 
0 3 0 6 4 1 0 0 0 0 0 0 0 0 2 0 0 0 0 0 0 0 0 0 1 0 0 1 0 
0 3 1 0 0 0 0 0 0 0 0 0 0 0 0 0 0 0 0 0 0 0 0 2 4 0 0 2 2 
0 3 0 6 0 0 0 0 5 0 0 0 0 0 0 0 0 0 0 0 0 0 0 0 0 0 0 0 1 
0 4 1 4 4 5 3 1 0 0 0 0 0 0 0 0 0 0 0 0 0 5 4 1 0 0 0 0 0 
0 4 2 1 1 2 0 0 0 0 0 0 0 0 0 0 0 0 0 0 0 3 2 2 0 0 0 0 0 
5 0 0 0 0 0 5 2 0 0 0 0 0 0 0 0 0 0 0 0 0 1 0 3 4 3 0 4 4 
4 0 0 0 0 0 0 0 4 3 0 0 0 0 1 0 0 0 0 0 0 3 4 0 0 2 0 0 0 
0 1 4 2 2 5 0 3 0 2 0 0 0 0 0 0 0 0 0 0 0 0 2 0 0 0 0 0 1 
5 0 4 4 2 4 1 0 4 6 0 3 0 0 0 0 0 0 4 0 4 5 0 5 5 3 0 0 0 
3 0 3 3 0 4 1 0 1 2 0 2 0 0 0 0 0 0 0 0 3 1 1 2 6 3 0 0 0 
3 0 0 0 0 0 0 6 0 0 6 0 0 0 0 0 0 0 0 0 5 0 0 0 5 2 0 0 0 
4 2 4 0 5 2 0 0 4 5 7 0 0 0 0 0 3 3 5 2 0 2 3 0 4 2 0 0 0 
3 0 4 0 5 0 0 6 4 2 3 0 0 0 0 0 0 0 2 2 5 0 0 0 0 0 7 3 1 
2 4 0 0 0 0 0 4 0 0 0 0 0 0 0 0 0 0 0 0 0 4 3 1 1 0 4 3 2 
300 319
0 3 0 0
0 3 0 10
0 3 1 3
1 8 1 6
1 8 1 9
1 8 2 8
1 8 1 6
1 8 1 9
1 8 2 8
2 8 2 3
2 8 2 10
2 8 5 8
2 18 2 10
2 18 2 19
2 18 3 18
2 20 2 19
2 20 2 22
2 20 1 20
2 20 3 20
3 5 3 3
3 5 3 6
3 5 4 5
3 6 3 5
3 6 3 7
3 6 4 6
3 6 3 5
3 6 3 7
3 16 3 11
3 16 3 17
3 16 4 16
4 6 4 5
4 6 6 6
5 8 5 9
5 8 2 8
5 8 7 8
5 8 5 9
5 8 7 8
5 8 5 9
5 8 5 9
6 4 6 2
6 4 6 5
6 4 7 4
6 4 6 2
6 4 6 5
6 4 7 4
6 5 8 5
7 0 7 1
7 0 6 0
7 0 8 0
7 4 7 1
7 4 8 4
7 4 7 1
7 4 8 4
9 25 9 24
9 25 4 25
9 25 10 25
20 0 20 6
20 0 9 0
20 0 21 0
20 28 20 27
20 28 17 28
20 28 22 28
20 28 20 27
22 5 22 4
22 5 22 7
22 5 23 5
23 0 23 2
23 0 21 0
23 0 24 0
26 10 26 9
26 10 26 16
26 10 25 10
26 10 27 10
27 4 27 2
27 4 27 7
27 4 26 4
27 20 27 19
27 20 27 26
27 20 25 20
28 21 28 7
28 21 28 22
28 21 28 7
28 21 28 22
28 22 28 23
28 24 28 26
28 26 28 27
28 26 27 26
28 26 28 27
28 28 28 27
28 28 27 28
1 5 1 3
3 3 3 1
3 3 2 3
3 3 4 3
4 0 2 0
4 0 5 0
4 0 2 0
6 2 6 0
6 2 5 2
7 0 7 1
7 0 8 0
7 1 8 1
8 0 8 1
8 0 9 0
9 25 9 24
9 25 4 25
17 8 17 3
17 8 13 8
17 8 21 8
18 5 18 4
18 5 18 6
18 5 19 5
18 21 18 22
18 21 11 21
18 21 19 21
19 1 19 2
19 1 18 1
19 1 19 2
19 1 18 1
22 1 22 2
22 2 22 3
22 2 23 2
22 2 22 3
27 26 27 20
27 26 27 27
27 26 11 26
28 7 28 1
28 7 27 7
2 0 2 3
2 0 1 0
2 3 2 8
2 3 1 3
2 3 3 3
2 10 2 18
2 10 0 10
2 10 9 10
2 10 0 10
3 3 3 1
3 9 5 9
5 1 5 2
5 2 5 1
5 2 5 1
7 1 8 1
8 6 8 5
8 6 8 9
8 6 8 9
9 24 9 22
9 24 6 24
9 24 10 24
9 24 9 22
10 5 10 2
10 5 10 8
10 5 11 5
10 5 10 2
10 5 10 8
10 5 11 5
10 24 10 23
10 24 12 24
11 23 11 21
11 23 13 23
11 23 11 21
11 23 13 23
11 26 11 27
11 26 6 26
11 26 27 26
11 26 11 27
11 26 6 26
12 25 13 25
13 18 13 14
13 18 10 18
13 18 23 18
13 24 13 23
13 24 13 25
13 24 14 24
15 5 15 4
18 1 18 2
18 1 17 1
20 27 16 27
20 27 27 27
27 7 27 4
27 7 27 8
27 7 25 7
27 7 27 8
27 8 27 9
27 8 26 8
27 26 27 27
28 1 28 0
28 1 26 1
28 1 28 0
0 3 0 0
0 3 1 3
7 1 8 1
7 8 7 9
7 9 8 9
8 3 8 2
9 22 9 20
9 22 2 22
9 22 9 20
9 22 2 22
10 2 10 1
10 2 11 2
10 21 10 19
12 25 13 25
13 25 13 24
15 4 15 3
15 4 14 4
15 4 15 3
25 7 25 0
25 7 25 10
25 7 22 7
25 7 25 0
25 7 25 10
25 10 25 20
25 10 9 10
25 10 26 10
26 5 26 4
26 8 26 9
26 18 26 17
26 18 26 19
26 18 27 18
27 0 26 0
27 2 27 4
27 2 26 2
27 2 26 2
6 24 3 24
8 1 10 1
9 0 20 0
9 10 9 20
10 21 10 19
11 12 11 13
13 23 13 24
13 23 14 23
14 4 14 3
14 24 15 24
15 3 15 1
15 3 14 3
15 3 17 3
15 3 15 1
16 2 16 1
16 24 16 23
16 24 20 24
16 24 16 23
16 24 20 24
17 3 17 1
17 3 17 8
17 3 18 3
17 3 17 1
18 3 18 4
18 3 19 3
18 3 18 4
18 4 18 5
19 4 19 5
21 14 15 14
23 9 23 8
23 9 22 9
23 9 24 9
23 9 23 8
23 9 22 9
23 9 24 9
24 8 23 8
26 2 26 1
26 2 26 4
26 4 26 5
26 8 26 9
27 0 26 0
3 24 3 25
9 10 9 20
9 20 4 20
10 18 10 14
10 18 13 18
10 18 10 14
11 14 11 13
11 14 13 14
11 14 11 13
11 14 13 14
14 2 13 2
15 14 13 14
16 1 15 1
18 5 18 6
23 8 21 8
26 0 25 0
26 0 27 0
26 8 26 9
3 24 3 25
7 21 6 21
14 2 13 2
6 21 4 21
13 2 13 1
13 2 13 8
13 2 11 2
13 2 13 1
13 8 10 8
13 8 17 8
21 8 21 0
21 8 21 9
21 9 11 9
22 7 22 5
10 9 11 9
11 1 12 1
11 9 21 9
12 1 11 1
21 0 20 0
23 0 23 2
23 0 24 0
23 2 23 3
23 3 23 4
23 3 24 3
23 3 23 4
24 0 24 2
24 2 24 3
20 6 20 7
20 6 18 6
20 6 20 7
22 4 22 5
23 5 23 6
23 5 24 5
23 5 24 5
24 2 24 3
24 5 24 6

3758

2 = = 5 - - - - - - 3 2   2                 3 2       4 2 
2     4 - 1 2 = 6 2 ǁ 2               3 3 2   2   2 1   2 
4 - - 6 = = = = 7 - 6 = = = = = = = 5 7 7 - 7         3 3 
ǁ 2 = 6 - 5 6 2 ǁ 1 | 2 - - - - 5 4 5 2 4 3 ǁ   3 4 3 3 2 
3     1   2 3   ǁ | | 3 2       5       4 3 ǁ   | 3 2 5 2 
1 3 5       |   8 5 | 3 2   3     2     | | ǁ   | ǁ 1   2 
2 - 4 = 6 3 1   ǁ   | 3     5   6 5 2 1 | 2 ǁ   2 ǁ 2     
5 7 = = 6 |     3 3 | 1     2 2 3 1     | 1 ǁ   | ǁ ǁ 4 3 
4 5 1 1 2 2 4 = = 3 |         1 3   3   |   ǁ   | ǁ ǁ   2 
3 |                 5 = = = = = = = = = 5 = 6 = 6 5 ǁ     
ǁ 2 4 = = 6 = = 3 1 | 3   3 2 = = = 5 2 = 2   1 3 1 ǁ     
ǁ 3 2     2     | 3 |   1 5 4       ǁ     3 = 4 |   6 4 3 
ǁ 2 |           | ǁ |       ǁ       ǁ     |   ǁ 1 2 ǁ 4 2 
ǁ 2 6 - - - - - 4 ǁ |     1 5 - - - 5     |   5 5 4 ǁ     
ǁ   2 2 2       ǁ ǁ |       |       |     |   1 2   ǁ 3   
ǁ 3 = 6 4 1     ǁ ǁ |       2       |     |     1   ǁ 1   
ǁ 3 1 |         ǁ ǁ |       |       |     |   2 4   ǁ 2 2 
ǁ 3 = 6 = = = = 5 ǁ |       |       |     |     ǁ   ǁ | 1 
ǁ 4 1 4 4 5 3 1 | ǁ |       |       |     5 4 1 ǁ   ǁ | | 
ǁ 4 2 1 1 2 |   | ǁ |       |       |     3 2 2 ǁ   ǁ | | 
5 - - - - - 5 2 | ǁ |       |       |     1   3 4 3 ǁ 4 4 
4 - - - - - - - 4 3 |       1       |     3 4     2 ǁ | | 
| 1 4 2 2 5 = 3 | 2 |               |       2       ǁ | 1 
5 = 4 4 2 4 1 | 4 6 | 3             4   4 5   5 5 3 ǁ |   
3 - 3 3   4 1 | 1 2 | 2                 3 1 1 2 6 3 ǁ |   
3 = = = = = = 6 = = 6 - - - - - - - - - 5       5 2 ǁ |   
4 2 4 - 5 2   | 4 5 7 - - - - - 3 3 5 2 | 2 3   4 2 ǁ |   
3 | 4 = 5 = = 6 4 2 3               2 2 5 = = = = = 7 3 1 
2 4 - - - - - 4 = = = = = = = = = = = = = 4 3 1 1 - 4 3 2 
