29 29
4 4 4 5 0 0 0 6 0 0 0 0 0 0 0 0 4 2 0 0 0 3 2 0 0 0 0 3 1 
2 0 4 5 4 3 1 0 0 0 0 0 0 1 0 0 4 4 2 0 0 0 3 0 0 0 0 0 0 
1 6 0 0 0 0 0 6 0 0 0 0 0 0 0 0 0 0 0 0 0 5 5 0 0 0 0 6 0 
1 4 0 0 0 4 1 0 3 0 4 0 0 0 0 0 0 0 4 1 0 1 3 0 0 3 3 0 0 
0 4 2 1 2 3 1 0 2 3 5 2 3 0 4 0 0 0 6 5 0 0 5 0 0 4 0 0 0 
0 3 0 4 4 1 0 0 0 1 1 3 6 2 0 0 1 0 2 3 2 0 3 2 1 3 3 0 0 
4 0 0 0 0 0 0 5 0 0 0 0 0 0 6 0 0 0 0 0 0 0 0 0 0 0 0 8 5 
2 3 3 4 2 4 4 0 2 1 0 4 2 1 4 0 0 0 0 0 0 2 2 4 0 1 1 0 0 
2 7 0 6 6 4 4 0 4 0 0 6 0 0 0 0 0 0 4 3 4 2 3 4 3 4 3 0 0 
3 0 2 0 1 1 0 0 0 1 0 0 2 1 0 0 0 0 0 1 0 2 0 0 0 1 2 0 3 
3 0 0 4 0 4 5 0 3 5 0 7 6 4 0 0 0 0 6 0 5 2 2 0 0 2 0 0 2 
2 0 5 5 4 2 2 0 2 4 1 1 3 6 3 0 0 0 0 4 7 3 1 0 0 0 0 0 0 
0 0 1 1 2 2 1 0 0 1 0 0 1 3 2 0 0 0 0 2 3 5 3 0 0 0 0 0 0 
4 6 0 0 0 0 0 7 0 0 0 0 0 0 0 0 0 0 7 0 0 0 0 4 0 0 0 0 0 
0 0 3 0 3 3 0 0 0 0 0 0 0 0 0 1 0 0 0 4 5 3 3 5 4 3 4 0 0 
0 0 3 1 0 0 0 0 0 0 0 0 0 1 0 3 0 0 0 0 0 2 2 0 3 3 2 0 0 
0 0 2 3 0 0 0 0 0 0 0 0 0 0 0 0 0 0 0 3 6 0 0 7 0 0 0 5 4 
0 0 0 0 0 2 0 0 0 0 0 0 0 0 0 0 0 0 0 1 7 5 2 0 1 0 2 0 3 
0 0 0 4 0 0 0 0 4 0 0 0 0 0 0 5 2 0 0 1 5 6 3 0 3 4 0 0 1 
0 0 0 0 0 0 0 0 0 0 0 0 0 0 1 0 0 0 0 3 4 4 3 0 0 0 0 0 1 
0 0 0 0 0 0 0 0 5 0 0 0 0 0 4 0 0 0 0 1 0 3 0 7 6 4 0 0 0 
2 0 0 4 0 0 0 0 0 0 0 0 0 0 0 4 3 0 0 2 0 2 0 5 5 0 0 3 4 
0 0 0 0 0 0 0 0 0 0 0 0 1 0 2 3 0 0 0 3 0 0 2 1 3 4 0 1 3 
0 3 0 0 0 0 0 0 0 0 0 0 0 0 0 2 0 0 0 0 0 3 4 0 0 4 0 0 0 
0 0 0 0 0 0 0 0 2 0 0 0 0 0 0 0 0 0 3 2 0 1 2 0 0 0 0 0 3 
1 0 0 4 5 0 0 7 0 0 0 0 0 0 0 0 0 0 0 0 6 0 4 0 4 4 0 0 0 
2 0 2 0 0 0 0 4 0 0 0 0 0 0 0 0 0 0 0 0 0 0 0 0 0 0 6 4 3 
3 6 0 0 0 0 0 0 0 0 0 0 0 0 0 0 0 0 2 2 0 0 0 0 0 0 7 5 1 
1 4 0 0 0 0 0 0 0 0 0 3 0 0 3 0 1 0 1 2 1 0 1 0 0 0 5 5 1 
300 352
0 0 0 1
0 0 1 0
0 0 0 1
0 0 1 0
0 1 0 2
0 1 2 1
0 2 0 3
0 2 1 2
0 2 0 3
0 7 0 3
0 7 0 16
0 7 2 7
0 7 0 3
0 7 0 16
0 7 2 7
0 16 0 17
0 16 1 16
1 2 1 3
1 2 4 2
1 2 1 3
2 1 2 0
2 1 3 1
2 1 3 1
2 7 2 21
2 7 6 7
2 7 2 21
2 7 6 7
2 27 2 22
2 27 0 27
2 27 6 27
2 27 2 22
2 27 0 27
2 27 6 27
6 27 6 14
6 27 6 28
6 27 16 27
6 28 6 27
6 28 0 28
6 28 9 28
8 1 8 0
8 1 8 3
8 1 7 1
8 1 13 1
10 11 10 9
10 11 10 12
10 11 8 11
10 11 11 11
11 2 11 3
11 2 9 2
11 2 12 2
11 10 11 9
11 20 11 19
11 20 11 21
11 20 10 20
11 20 12 20
13 7 13 1
13 7 13 18
13 7 6 7
13 7 25 7
15 13 15 15
16 23 16 20
16 23 16 27
16 23 14 23
16 23 20 23
17 5 14 5
17 20 17 19
17 20 17 21
17 20 16 20
17 20 18 20
18 3 16 3
18 3 21 3
18 3 16 3
18 3 21 3
18 8 18 15
18 8 20 8
18 8 18 15
18 8 20 8
21 3 21 0
21 3 25 3
22 12 22 14
23 1 27 1
25 3 25 4
25 3 25 4
25 25 25 24
25 25 23 25
25 25 25 24
25 25 23 25
26 2 26 7
27 26 27 19
27 26 27 27
27 26 26 26
27 26 28 26
28 26 28 22
28 26 28 27
28 26 27 26
28 27 28 26
28 27 28 28
28 27 27 27
28 27 27 27
0 3 1 3
0 27 0 22
1 13 1 16
1 16 1 17
2 1 3 1
2 1 3 1
3 0 6 0
4 1 4 2
4 1 5 1
4 1 5 1
6 0 6 7
6 0 7 0
6 0 6 7
6 14 6 27
6 14 4 14
6 14 7 14
6 27 6 28
7 6 7 5
7 6 8 6
7 6 7 5
7 6 8 6
8 6 8 5
8 6 10 6
9 28 10 28
10 6 10 5
10 6 11 6
10 6 10 5
10 6 11 6
10 11 10 9
10 11 10 12
10 11 8 11
10 12 10 13
10 12 9 12
10 12 11 12
10 12 10 13
12 6 12 5
13 1 13 0
13 1 13 7
13 1 8 1
13 1 13 0
13 7 13 18
13 7 25 7
13 18 13 23
13 18 10 18
13 18 24 18
14 15 15 15
14 19 14 20
14 19 16 19
14 19 14 20
14 19 16 19
15 15 18 15
16 19 16 20
16 20 16 23
16 20 14 20
16 20 17 20
17 5 14 5
17 20 17 21
17 20 18 20
19 14 20 14
20 14 20 8
20 14 22 14
20 14 20 8
23 1 27 1
23 15 22 15
23 25 23 22
23 25 22 25
25 3 25 4
25 7 25 4
25 7 25 20
25 7 26 7
25 20 25 7
25 20 25 22
25 20 19 20
25 20 25 22
25 20 19 20
25 22 25 24
25 22 24 22
26 2 26 7
26 7 26 26
26 26 26 27
26 26 17 26
26 26 27 26
26 26 26 27
27 1 27 0
27 1 27 18
27 1 28 1
27 1 27 0
28 1 28 0
28 1 28 11
28 1 28 11
28 11 28 14
28 14 28 16
28 20 28 19
1 16 1 17
1 17 1 18
1 17 0 17
1 18 1 22
4 1 5 1
5 3 5 4
5 3 4 3
5 3 5 4
5 3 5 4
5 4 5 5
5 16 5 18
6 14 4 14
6 14 7 14
7 5 7 4
7 5 8 5
8 5 8 4
8 5 9 5
8 11 8 8
8 11 8 18
8 11 7 11
8 11 8 8
8 18 8 19
8 18 10 18
8 18 8 19
9 9 10 9
9 12 9 13
9 28 10 28
10 5 10 3
10 5 11 5
10 13 10 18
10 13 11 13
10 18 10 20
10 18 13 18
10 18 10 20
11 13 11 12
11 13 11 14
11 13 12 13
11 13 11 12
11 13 11 14
11 14 12 14
11 19 11 20
11 19 12 19
11 19 11 20
12 13 12 12
12 13 12 14
12 19 12 20
12 21 12 20
12 21 12 22
12 21 11 21
13 0 11 0
13 0 21 0
14 5 14 4
14 20 14 21
16 28 16 27
16 28 17 28
16 28 16 27
16 28 17 28
18 25 18 24
18 25 20 25
18 25 18 24
18 25 20 25
20 8 24 8
20 25 20 24
20 25 22 25
21 24 21 23
21 24 20 24
21 24 22 24
22 25 22 24
23 15 22 15
24 8 24 18
25 0 26 0
25 7 25 4
26 0 27 0
0 21 0 22
1 3 1 4
1 3 1 4
1 4 1 5
1 4 4 4
1 22 2 22
1 22 2 22
4 4 4 5
4 14 4 12
4 14 4 18
4 18 4 19
4 18 3 18
4 18 5 18
4 18 4 19
4 18 3 18
7 14 7 13
7 14 7 21
8 4 8 3
8 4 7 4
8 4 9 4
8 4 8 3
8 8 7 8
8 8 10 8
9 2 11 2
10 3 8 3
10 3 11 3
10 3 8 3
11 0 10 0
11 2 11 3
12 9 11 9
14 4 14 2
14 20 14 21
20 24 20 23
20 24 18 24
20 24 21 24
20 24 20 23
22 15 21 15
22 25 22 24
3 18 3 10
3 18 3 19
5 13 5 12
7 3 7 2
7 3 8 3
7 3 7 2
7 3 7 2
8 1 8 0
8 1 7 1
9 0 10 0
10 0 9 0
11 9 11 8
11 9 10 9
14 4 14 2
17 24 17 26
17 28 18 28
19 28 21 28
21 15 21 16
21 15 18 15
21 15 21 16
21 16 18 16
21 24 21 23
21 28 21 27
21 28 22 28
21 28 21 27
3 10 3 8
3 10 4 10
3 10 3 8
5 13 5 12
7 0 7 1
10 8 10 9
10 8 11 8
14 2 15 2
18 15 18 16
3 8 4 8
5 12 5 11
5 12 4 12
5 12 7 12
5 12 5 11
7 11 7 9
7 11 7 12
7 11 5 11
4 12 4 11
7 8 4 8
4 9 4 10
4 9 5 9
4 9 4 10
4 10 4 11
4 10 5 10

6294

4 4 4 5 = = = 6 = = = = = = = = 4 2       3 2 - - - - 3 1 
2 | 4 5 4 3 1 ǁ           1 - - 4 4 2 - - - 3         ǁ | 
1 6 |   |     6 = = = = = = = = = = = = = 5 5 = = = = 6 | 
1 4 |   | 4 1 ǁ 3 = 4 - - - - - - - 4 1   1 3     3 3 ǁ | 
| 4 2 1 2 3 1 ǁ 2 3 5 2 3 - 4 - - - 6 5     5     4   ǁ | 
| 3   4 4 1   ǁ | 1 1 3 6 2 ǁ   1 - 2 3 2   3 2 1 3 3 ǁ | 
4 = = = = = = 5 |     | |   6 = = = = = = = = = = = = 8 5 
2 3 3 4 2 4 4 | 2 1 - 4 2 1 4 - - - - - - 2 2 4   1 1 | | 
2 7 - 6 6 4 4 | 4 = = 6 - - - - - - 4 3 4 2 3 4 3 4 3 | | 
3 ǁ 2 ǁ 1 1 | | | 1   ǁ 2 1         | 1   2       1 2 | 3 
3 ǁ ǁ 4 - 4 5 | 3 5 = 7 6 4 - - - - 6 = 5 2 2     2   | 2 
2 ǁ 5 5 4 2 2 | 2 4 1 1 3 6 3       ǁ 4 7 3 1         |   
| ǁ 1 1 2 2 1 |   1     1 3 2       ǁ 2 3 5 3         |   
4 6 = = = = = 7 = = = = = = = = = = 7 - - - - 4       |   
|   3 = 3 3   ǁ               1     | 4 5 3 3 5 4 3 4 |   
|   3 1   ǁ   ǁ           1 - 3     | ǁ | 2 2 | 3 3 2 |   
|   2 3   ǁ   ǁ               |     | 3 6 = = 7 - - - 5 4 
|     ǁ   2   ǁ               |     | 1 7 5 2 | 1 - 2   3 
|     4       ǁ 4 = = = = = = 5 2   | 1 5 6 3 | 3 4 |   1 
|     ǁ       ǁ ǁ           1 | |   | 3 4 4 3 | | ǁ |   1 
|     ǁ       ǁ 5 = = = = = 4 | |   | 1 ǁ 3   7 6 4 |   | 
2 - - 4       ǁ |           | 4 3   | 2 ǁ 2   5 5 | | 3 4 
      |       ǁ |       1 - 2 3     | 3 ǁ   2 1 3 4 | 1 3 
  3   |       ǁ |             2     |   ǁ 3 4 - - 4 |     
  ǁ   |       ǁ 2 - - - - - - - - - 3 2 ǁ 1 2     ǁ |   3 
1 ǁ   4 5 = = 7 = = = = = = = = = = = = 6 = 4 - 4 4 |     
2 ǁ 2 = = = = 4 - - - - - - - - - - - - - - - - - - 6 4 3 
3 6 - - - - - - - - - - - - - - - - 2 2 - - - - - - 7 5 1 
1 4 = = = = = = = = = 3 - - 3 - 1   1 2 1   1 - - - 5 5 1 
