29 29
1 0 4 0 0 0 4 1 1 0 0 0 0 0 0 2 2 0 0 0 0 0 0 0 0 0 0 5 3 
3 1 0 3 5 0 6 5 3 2 3 4 0 4 0 6 0 0 0 0 0 0 0 0 5 4 2 0 3 
0 0 0 2 2 0 2 2 1 0 1 1 0 3 1 0 1 2 0 3 2 0 6 2 1 1 1 0 2 
4 0 4 0 0 0 0 0 0 6 0 0 0 5 2 0 2 5 0 7 0 0 7 0 0 0 0 5 1 
0 0 0 2 1 0 0 5 0 4 1 0 0 6 2 0 1 3 3 6 3 1 0 2 3 4 2 2 2 
0 1 0 4 0 0 0 4 2 4 0 0 0 5 1 0 1 0 3 2 3 2 0 0 1 0 1 1 0 
0 0 3 0 0 0 0 0 0 0 0 0 0 0 0 5 0 0 0 0 0 0 4 5 0 4 0 5 5 
0 0 2 0 2 0 0 0 0 0 0 0 6 3 1 0 4 4 1 0 0 3 0 0 2 0 4 0 0 
0 2 5 0 0 0 0 2 2 5 0 0 8 3 1 0 2 0 3 2 1 0 0 0 4 2 0 0 0 
0 0 0 3 0 0 0 3 2 4 2 1 0 2 1 0 1 0 0 1 2 0 0 0 4 0 5 0 0 
0 2 0 0 0 0 0 0 2 1 1 0 0 0 1 0 0 0 0 0 0 0 0 0 3 1 0 0 0 
0 0 0 0 4 0 0 6 0 0 5 5 0 0 0 0 0 0 0 2 7 4 0 0 0 2 0 0 3 
0 0 0 0 0 0 0 0 0 0 0 0 0 0 0 0 0 0 0 1 0 0 0 0 0 0 0 0 0 
0 0 0 0 0 0 0 0 0 0 1 0 0 4 4 0 0 0 0 0 0 1 0 0 6 5 0 0 0 
1 0 0 0 0 0 0 0 0 0 0 0 0 0 2 0 4 7 5 3 0 0 0 0 0 0 0 0 0 
1 0 0 0 0 0 0 1 1 0 0 3 0 0 1 0 1 0 0 0 0 0 0 0 2 0 0 0 3 
0 0 0 0 0 0 0 0 2 0 0 0 0 0 0 0 3 7 0 0 6 3 0 0 3 4 0 0 0 
3 0 0 0 0 0 0 0 0 0 0 0 0 0 3 0 0 0 2 1 0 0 4 0 0 0 0 0 2 
0 0 0 0 4 0 0 0 4 0 0 0 0 0 0 0 0 5 6 4 0 1 3 0 1 0 0 0 2 
0 0 0 0 0 0 0 0 0 0 0 0 0 0 0 0 0 1 1 2 0 0 1 0 0 0 0 0 0 
0 0 0 0 0 0 0 0 0 0 0 0 0 0 0 0 3 2 0 0 5 0 0 6 0 5 3 0 0 
4 3 5 7 0 0 0 0 0 0 0 0 5 0 0 0 3 3 1 0 0 2 2 0 3 2 2 0 4 
3 0 2 0 0 0 0 0 0 0 0 0 2 0 0 0 2 1 2 0 8 6 4 0 2 2 0 0 0 
0 0 3 7 0 0 0 0 0 0 0 0 0 7 4 0 1 1 4 2 0 1 0 5 0 6 4 0 0 
0 0 0 0 2 0 0 4 0 0 0 0 0 0 1 0 2 0 4 0 6 0 0 0 0 2 2 0 0 
2 0 3 0 1 2 0 6 0 0 0 0 0 5 2 0 1 5 0 0 6 0 0 0 4 3 5 0 0 
2 0 1 0 2 3 0 4 1 1 0 0 0 2 1 0 1 4 2 2 4 3 1 0 4 2 1 0 0 
5 6 0 5 0 0 0 0 0 0 0 0 0 0 0 5 0 0 0 0 0 0 0 0 0 0 0 7 4 
1 3 0 0 0 0 3 3 2 1 0 0 0 0 0 4 0 0 0 3 3 2 2 0 3 0 0 3 1 
300 339
0 27 0 16
0 27 0 28
0 27 3 27
1 4 1 3
1 4 1 6
1 4 2 4
1 24 1 15
1 24 1 25
1 24 2 24
2 22 2 20
2 22 2 23
2 22 3 22
2 22 2 20
2 22 2 23
2 22 3 22
3 19 3 17
3 19 3 22
3 19 2 19
3 19 4 19
6 28 6 27
6 28 4 28
6 28 11 28
7 12 7 4
7 12 7 13
7 12 8 12
7 12 7 4
7 12 7 13
7 12 8 12
8 9 8 8
8 9 8 12
8 9 9 9
8 12 8 9
8 12 8 13
8 12 21 12
9 26 9 24
9 26 7 26
9 26 20 26
11 4 11 7
11 4 18 4
11 4 11 7
11 4 18 4
11 7 11 10
11 7 9 7
11 7 15 7
11 7 11 10
11 11 11 10
11 11 9 11
11 11 15 11
11 20 11 19
11 20 11 21
11 20 9 20
11 20 16 20
13 10 11 10
13 25 13 24
13 25 11 25
13 25 16 25
14 17 14 16
14 17 14 18
14 17 7 17
14 17 16 17
18 4 18 8
18 4 24 4
18 8 16 8
18 8 26 8
18 8 16 8
18 17 18 18
18 17 16 17
18 17 19 17
22 20 22 18
22 20 22 21
22 20 20 20
22 20 24 20
22 20 22 18
22 20 22 21
22 20 20 20
22 20 24 20
22 21 22 22
22 21 21 21
22 21 23 21
22 21 22 22
24 7 24 4
24 7 25 7
24 7 25 7
24 7 25 7
24 20 24 18
24 20 24 25
24 20 25 20
24 20 24 18
25 13 25 14
25 13 23 13
25 13 26 13
25 20 25 17
25 20 25 24
25 20 26 20
25 20 25 17
25 20 25 24
25 24 25 25
25 24 26 24
25 26 25 25
25 26 24 26
25 26 26 26
25 26 25 25
25 26 24 26
26 25 26 24
26 25 26 24
27 0 27 1
27 0 26 0
27 0 28 0
27 3 27 1
27 3 27 15
27 3 23 3
27 27 27 15
27 27 27 28
27 27 6 27
27 27 28 27
1 24 1 15
1 24 1 25
1 25 1 26
1 25 2 25
1 26 2 26
8 12 8 13
8 12 21 12
15 8 15 11
15 11 11 11
21 28 18 28
21 28 27 28
21 28 18 28
21 28 27 28
22 22 22 24
22 22 21 22
23 3 23 2
23 3 21 3
23 3 27 3
23 3 23 2
23 3 21 3
23 3 23 2
23 13 23 14
23 13 13 13
23 13 25 13
23 13 23 14
23 13 13 13
23 13 23 14
23 19 23 18
23 23 23 25
23 26 23 25
23 26 21 26
23 26 23 25
23 26 21 26
24 18 24 16
24 18 23 18
24 25 23 25
26 7 26 5
26 7 25 7
26 7 26 5
26 7 25 7
26 9 26 13
26 20 26 19
26 20 26 21
26 20 26 19
26 21 26 22
27 0 27 1
27 0 26 0
27 1 27 3
27 1 21 1
27 1 28 1
27 28 27 27
28 1 28 6
28 1 28 6
28 6 28 7
28 7 28 8
28 28 28 27
1 15 1 13
1 15 0 15
1 15 6 15
1 15 1 13
11 11 11 10
13 13 13 14
13 13 9 13
13 14 10 14
13 14 14 14
13 14 14 14
14 16 14 17
14 16 9 16
14 16 15 16
15 14 17 14
17 14 23 14
17 28 15 28
20 23 20 20
20 23 20 25
20 23 6 23
20 23 20 20
20 23 20 25
20 23 6 23
21 12 22 12
21 21 21 22
22 2 21 2
22 12 21 12
23 18 23 17
23 18 23 19
23 23 23 25
23 25 22 25
25 0 22 0
25 2 26 2
25 7 25 5
25 13 25 14
26 4 26 5
26 4 25 4
26 14 26 16
26 17 26 18
26 17 25 17
26 17 26 18
26 17 25 17
28 7 28 8
28 9 28 15
28 15 28 19
28 15 27 15
28 15 28 19
28 19 28 20
28 20 28 21
1 13 1 11
1 13 2 13
6 15 6 2
6 15 6 22
6 15 6 2
6 15 6 22
13 24 13 25
13 24 10 24
13 24 15 24
13 24 13 25
13 24 10 24
15 24 16 24
16 25 16 24
16 25 20 25
16 25 16 24
17 28 15 28
22 2 21 2
24 14 24 16
25 0 22 0
25 16 25 17
27 15 27 27
28 20 28 21
28 22 28 24
28 24 28 22
28 24 28 27
1 11 1 10
1 11 2 11
1 11 1 10
5 13 5 9
5 13 5 14
5 13 4 13
11 25 10 25
15 28 11 28
22 0 21 0
23 16 22 16
27 27 6 27
10 24 9 24
11 28 6 28
21 0 21 1
21 0 17 0
21 0 21 1
9 24 9 26
9 24 8 24
10 1 8 1
17 0 15 0
8 24 8 25
8 24 7 24
8 24 8 25
10 1 8 1
14 0 3 0
3 0 3 2
3 0 1 0
3 0 3 2
5 1 5 3
5 3 5 7
5 3 4 3
5 3 5 7
5 7 5 8
5 7 4 7
6 2 7 2
7 2 8 2
7 26 7 24
7 26 5 26
7 26 9 26
8 2 8 7
8 2 21 2
20 26 20 25
20 26 20 25
1 0 1 1
1 0 0 0
3 2 3 9
3 2 0 2
3 9 3 13
3 9 1 9
3 9 4 9
3 9 3 13
3 9 1 9
4 3 4 4
4 7 4 9
4 7 4 9
4 9 4 10
4 13 4 14
4 13 3 13
4 13 5 13
4 13 4 14
4 13 3 13
5 8 5 9
5 9 5 13
6 25 6 23
6 25 4 25
6 25 6 23
6 25 4 25
6 27 6 28
6 27 5 27
8 2 8 7
8 2 21 2
21 2 21 3
21 3 9 3
21 3 9 3
0 2 0 6
1 10 2 10
2 13 2 14
2 13 3 13
4 25 4 24
4 25 4 26
4 26 4 27
9 3 9 7
9 7 9 8
10 8 10 9
10 8 9 8
10 10 9 10
0 2 0 6
0 6 0 7
0 6 1 6
1 6 1 4
1 6 1 7
1 6 2 6
1 6 1 7
8 8 8 9
9 9 9 10

3597

1   4 = = = 4 1 1             2 2 - - - - - - - - - - 5 3 
3 1 | 3 5 = 6 5 3 2 3 4 - 4 = 6 = = = = = = = = 5 4 2 | 3 
|   | 2 2   2 2 1 ǁ 1 1   3 1 | 1 2   3 2 = 6 2 1 1 1 | 2 
4 = 4 - - - - - - 6 = = = 5 2 | 2 5 - 7 - - 7         5 1 
|     2 1     5 = 4 1     6 2 | 1 3 3 6 3 1   2 3 4 2 2 2 
| 1 - 4 = = = 4 2 4 = = = 5 1 | 1   3 2 3 2     1 ǁ 1 1 | 
|   3 = = = = = = = = = = = = 5 = = = = = = 4 5 = 4 | 5 5 
|   2   2 = = = = = = = 6 3 1   4 4 1     3   ǁ 2 - 4 ǁ ǁ 
| 2 5 = = = = 2 2 5 = = 8 3 1   2 | 3 2 1     ǁ 4 2 ǁ ǁ ǁ 
| ǁ ǁ 3 - - - 3 2 4 2 1 ǁ 2 1   1 |   1 2     ǁ 4 = 5 ǁ ǁ 
| 2 ǁ ǁ       | 2 1 1 | ǁ | 1   | |     |     ǁ 3 1 | ǁ ǁ 
|   ǁ ǁ 4 = = 6 = = 5 5 ǁ | |   | |   2 7 4   ǁ ǁ 2 | ǁ 3 
|   ǁ ǁ ǁ     |     | ǁ ǁ | |   | |   1 |     ǁ ǁ | | ǁ | 
|   ǁ ǁ ǁ     |     1 ǁ ǁ 4 4   | |     | 1   ǁ 6 5 | ǁ | 
1   ǁ ǁ ǁ     |       ǁ ǁ ǁ 2   4 7 5 3 |     ǁ | | | ǁ | 
1   ǁ ǁ ǁ     1 1 - - 3 ǁ ǁ 1   1 |     |     ǁ 2 | | ǁ 3 
|   ǁ ǁ ǁ       2       ǁ ǁ |   3 7     6 3   ǁ 3 4 | ǁ ǁ 
3   ǁ ǁ ǁ       ǁ       ǁ ǁ 3     | 2 1     4 ǁ   | | ǁ 2 
|   ǁ ǁ 4 - - - 4       ǁ ǁ |     5 6 4   1 3 ǁ 1 | | ǁ 2 
|   ǁ ǁ |       |       ǁ ǁ |     1 1 2     1 ǁ   | | ǁ ǁ 
|   ǁ ǁ |       |       ǁ ǁ |   3 2     5 = = 6 = 5 3 ǁ ǁ 
4 3 5 7 |       |       5 ǁ |   3 3 1   ǁ 2 2   3 2 2 ǁ 4 
3 | 2 ǁ |       |       2 ǁ |   2 1 2 = 8 6 4 - 2 2 ǁ ǁ ǁ 
ǁ | 3 7 |       |         7 4   1 1 4 2 ǁ 1   5 = 6 4 ǁ ǁ 
ǁ |   ǁ 2 - - 4 |         ǁ 1 - 2 - 4 = 6 - - - - 2 2 ǁ ǁ 
2 | 3 ǁ 1 2 - 6 |         5 2   1 5 = = 6 = = = 4 3 5 ǁ ǁ 
2 | 1 ǁ 2 3 = 4 1 1 - - - 2 1 - 1 4 2 2 4 3 1   4 2 1 ǁ ǁ 
5 6 = 5 - - - - - - - - - - - 5 = = = = = = = = = = = 7 4 
1 3 = = = = 3 3 2 1 - - - - - 4 = = = 3 3 2 2 = 3 - - 3 1 
