29 29
2 0 3 2 5 0 0 0 0 0 0 0 0 0 0 0 0 0 0 0 5 0 0 0 0 4 1 3 4 
3 0 5 0 6 4 3 0 0 0 0 2 1 2 0 0 4 0 0 4 0 1 3 3 0 0 0 0 0 
0 3 6 4 0 3 5 0 0 0 0 0 0 0 0 0 0 0 0 6 4 0 5 4 0 0 3 6 5 
5 4 0 3 0 0 0 2 0 0 0 3 3 0 2 0 4 3 2 0 5 0 7 4 2 0 0 0 0 
2 1 0 0 0 0 0 0 4 0 4 0 0 0 0 0 5 1 0 0 2 0 3 3 3 0 0 0 1 
1 0 7 3 0 3 4 0 2 1 5 0 0 4 3 1 0 2 0 7 0 0 0 0 0 5 3 0 1 
4 2 5 2 0 2 3 0 0 0 2 3 2 1 1 0 0 2 1 3 0 0 2 2 1 0 2 0 0 
3 0 5 0 6 0 0 7 0 0 0 0 0 0 0 0 6 0 0 0 0 0 0 0 0 5 0 6 4 
3 1 0 1 0 2 0 0 2 4 0 0 0 0 0 0 7 0 4 3 0 2 3 6 2 0 1 0 2 
0 0 0 0 0 5 0 6 0 0 0 0 0 0 2 1 5 0 0 0 0 3 4 0 2 0 0 0 0 
3 2 5 5 0 5 3 6 4 4 2 3 0 0 3 2 5 0 0 0 0 3 3 0 0 0 5 3 0 
0 2 0 4 0 4 0 2 0 2 0 0 1 0 0 0 4 0 0 0 0 0 0 6 4 0 4 4 0 
0 0 0 0 0 1 1 0 5 0 0 5 0 0 0 0 0 0 0 0 0 0 0 0 0 7 0 6 3 
3 0 0 0 4 0 0 0 5 4 1 0 2 2 3 3 0 0 0 0 5 0 0 1 1 0 0 0 0 
0 2 3 0 0 0 3 1 0 0 2 0 0 1 0 2 3 3 1 0 0 1 0 3 0 0 0 0 1 
0 1 0 0 0 0 0 0 0 3 3 0 5 0 7 0 0 0 0 0 5 0 0 6 4 0 1 0 2 
0 3 7 4 0 1 0 0 0 1 0 0 0 2 0 4 3 3 0 0 0 2 2 0 0 0 0 0 0 
0 2 0 2 0 0 0 0 0 1 0 0 0 0 0 4 1 4 0 0 0 0 0 0 4 0 0 0 0 
0 0 0 0 0 0 0 0 0 0 0 0 0 0 0 0 1 0 0 0 0 0 1 4 0 0 0 0 0 
0 0 0 2 0 4 4 0 0 0 0 0 0 3 0 0 0 0 0 0 0 0 0 0 0 0 0 0 0 
0 0 0 0 0 0 4 1 0 5 0 4 0 0 0 0 0 0 0 0 0 0 0 0 0 0 0 0 3 
5 0 7 4 0 0 2 0 0 3 0 0 0 0 0 0 2 6 3 1 0 0 4 4 0 0 0 0 0 
4 2 4 1 0 0 0 0 0 3 3 0 0 0 2 0 0 0 0 0 0 0 0 0 0 0 0 0 0 
6 4 0 0 0 0 1 0 4 2 0 0 0 0 1 0 0 0 0 0 0 0 2 0 2 0 0 0 0 
0 4 7 2 0 0 3 0 3 1 2 0 0 0 0 0 0 0 0 0 0 0 0 0 0 0 0 0 0 
0 3 2 1 0 0 2 0 0 0 0 0 0 2 4 6 0 4 1 0 0 0 0 0 0 0 0 0 0 
0 0 2 0 5 5 0 0 0 0 0 3 0 0 0 1 0 0 0 0 0 0 0 0 0 0 4 5 4 
0 3 0 0 4 5 0 2 2 0 0 4 2 3 0 0 0 0 0 0 0 3 0 0 0 6 3 3 2 
4 0 0 0 0 4 0 0 0 3 2 2 1 1 3 0 0 0 0 0 5 0 0 0 0 4 3 3 0 
300 263
0 4 0 3
0 4 0 20
0 4 1 4
0 28 0 27
0 28 2 28
0 28 0 27
0 28 2 28
2 28 2 27
2 28 4 28
2 28 2 27
3 0 3 1
3 0 1 0
3 0 4 0
3 22 3 20
3 22 3 23
3 22 2 22
3 22 4 22
5 2 5 0
5 2 5 3
5 2 2 2
5 2 6 2
5 19 5 17
5 19 5 25
5 19 2 19
5 19 6 19
6 0 6 1
6 0 7 0
6 0 6 1
6 0 7 0
7 7 7 4
7 7 7 16
7 7 3 7
7 7 9 7
8 16 8 9
8 16 8 18
8 16 7 16
8 16 9 16
9 5 9 7
9 5 8 5
9 5 10 5
12 25 12 11
12 25 12 27
12 25 7 25
12 25 27 25
13 20 13 15
13 20 13 23
13 20 15 20
13 24 15 24
15 14 15 12
15 14 15 20
15 14 13 14
15 14 22 14
15 24 15 23
15 24 17 24
15 24 15 23
16 2 16 1
16 2 16 3
16 2 14 2
16 2 21 2
16 15 16 16
16 15 17 15
16 15 16 16
16 15 17 15
17 15 17 16
17 15 25 15
17 24 17 17
17 24 23 24
17 24 17 17
18 23 18 22
18 23 21 23
18 23 21 23
21 0 21 2
21 0 13 0
21 0 22 0
21 23 21 22
21 23 21 22
23 0 23 1
23 0 22 0
23 0 28 0
23 0 23 1
23 0 22 0
23 0 28 0
23 24 23 22
24 2 24 1
24 2 24 3
24 2 22 2
24 2 25 2
25 15 25 14
25 15 25 17
25 15 26 15
28 0 28 5
28 0 28 5
28 5 28 9
28 5 27 5
2 27 2 26
2 27 0 27
2 27 7 27
2 27 2 26
3 18 3 17
4 8 4 10
4 8 5 8
4 8 4 10
4 8 5 8
4 10 4 16
4 10 5 10
5 2 5 3
5 2 2 2
5 2 6 2
5 9 5 10
5 28 7 28
7 27 7 25
7 27 7 28
7 27 10 27
7 27 7 25
7 27 7 28
7 28 8 28
8 26 10 26
8 28 12 28
10 26 10 27
10 26 11 26
10 26 10 27
10 26 11 26
11 23 11 16
11 23 11 24
11 23 8 23
11 23 11 16
11 23 11 24
11 23 8 23
11 24 9 24
11 26 11 27
11 27 11 26
11 27 12 27
11 27 12 27
12 27 12 25
12 27 12 28
12 27 26 27
12 28 14 28
14 18 14 17
15 23 15 20
15 23 14 23
15 23 15 20
15 23 14 23
15 26 26 26
15 28 20 28
16 16 16 17
16 22 16 21
17 1 16 1
17 17 16 17
17 17 21 17
18 16 21 16
21 16 21 17
21 17 21 18
21 17 25 17
21 22 21 19
21 22 23 22
22 0 22 1
23 1 22 1
23 1 24 1
24 1 24 2
24 1 25 1
25 15 25 14
25 15 25 17
25 17 25 18
26 26 26 27
26 26 27 26
26 26 26 27
2 2 2 1
2 2 2 3
2 2 1 2
2 2 2 1
3 18 3 17
8 23 8 22
8 23 8 24
8 23 6 23
8 23 8 22
11 16 11 12
11 16 10 16
11 24 9 24
14 17 14 16
14 21 14 23
15 28 20 28
16 17 16 21
17 1 16 1
20 28 26 28
21 0 21 2
21 0 13 0
21 17 21 18
21 18 21 17
26 28 26 27
26 28 27 28
26 28 26 27
27 28 27 27
2 1 3 1
3 1 3 0
3 1 4 1
4 0 3 0
7 16 7 7
7 16 4 16
7 16 8 16
7 16 4 16
8 24 6 24
14 17 14 16
15 1 14 1
16 2 16 3
16 2 14 2
16 2 21 2
5 15 5 14
6 17 6 18
6 17 5 17
6 23 6 22
6 26 5 26
8 18 8 16
8 18 8 19
8 18 8 19
14 16 14 15
5 19 5 25
5 19 2 19
5 19 6 19
6 26 5 26
14 15 13 15
2 19 2 6
2 19 2 20
2 19 1 19
2 19 2 6
13 20 13 15
13 20 15 20
15 14 15 12
15 14 13 14
15 14 22 14
1 16 1 13
1 16 1 19
1 16 1 13
1 16 1 19
1 19 1 21
2 20 2 22
2 20 3 20
2 20 2 22
13 14 13 13
0 20 0 4
0 20 0 25
0 20 0 25
0 25 0 26
0 25 5 25
1 12 1 11
2 26 5 26
5 25 7 25
5 25 7 25
12 25 12 11
12 25 27 25
27 25 27 21
27 25 27 26
27 25 28 25
27 25 27 21
28 25 28 20
28 25 28 26
28 25 28 20
1 11 1 6
27 21 27 13
28 20 28 14
25 14 25 13
25 14 23 14
28 20 28 14
28 14 28 13

4262

2   3 2 5 = = = = = = = = = = = = = = = 5 = = = = 4 1 3 4 
3   5   6 4 3 - - - - 2 1 2 = = 4 = = 4 - 1 3 3   |   | ǁ 
| 3 6 4   3 5 = = = = = = = = = = = = 6 4 = 5 4   | 3 6 5 
5 4 ǁ 3       2       3 3   2   4 3 2 ǁ 5 - 7 4 2 | | | | 
2 1 ǁ         | 4 = 4 - - - - - 5 1   ǁ 2   3 3 3 | | | 1 
1 - 7 3   3 4 | 2 1 5     4 3 1 ǁ 2 - 7 = = = = = 5 3 | 1 
4 2 5 2   2 3 |     2 3 2 1 1   ǁ 2 1 3     2 2 1 ǁ 2 | | 
3   5   6 - - 7 = = = = = = = = 6             | | 5 = 6 4 
3 1   1   2   | 2 4 - - - - - - 7 = 4 3   2 3 6 2 | 1 | 2 
          5 - 6             2 1 5         3 4 ǁ 2 | | | | 
3 2 5 5   5 3 6 4 4 2 3     3 2 5         3 3 ǁ ǁ | 5 3 | 
  2   4   4   2   2     1 - - - 4 = = = = = = 6 4 | 4 4 | 
          1 1   5     5 = = = = = = = = = = = = = 7 = 6 3 
3       4       5 4 1   2 2 3 3 = = = = 5 - - 1 1 ǁ   | | 
ǁ 2 3       3 1     2     1 ǁ 2 3 3 1   ǁ 1 - 3 | ǁ   | 1 
ǁ 1 ǁ             3 3   5 = 7 - - - - - 5 = = 6 4 ǁ 1 | 2 
ǁ 3 7 4   1       1       2 ǁ 4 3 3 - - - 2 2   | ǁ | | ǁ 
ǁ 2 ǁ 2           1         ǁ 4 1 4 = = = = = = 4 ǁ | | ǁ 
ǁ   ǁ                       ǁ | 1 |         1 4 | ǁ | | ǁ 
ǁ   ǁ 2   4 4             3 ǁ | | |           ǁ | ǁ | | ǁ 
ǁ   ǁ       4 1   5   4     ǁ | | |           ǁ | ǁ | | 3 
5 = 7 4     2     3         ǁ | 2 6 3 1 - - 4 4 | ǁ | | | 
4 2 4 1           3 3       2 |   |         |   | ǁ | | | 
6 4 |       1   4 2         1 |   |         2 - 2 ǁ | | | 
ǁ 4 7 2     3   3 1 2       | |   |               ǁ | | | 
ǁ 3 2 1     2             2 4 6 = 4 1             ǁ | | | 
ǁ   2   5 5           3       1                   ǁ 4 5 4 
ǁ 3     4 5   2 2     4 2 3 - - - - - - - 3 = = = 6 3 3 2 
4 = = = = 4 - - - 3 2 2 1 1 3 = = = = = 5 = = = = 4 3 3   
