29 29
2 0 4 0 0 0 0 0 0 0 0 0 0 0 0 0 0 0 0 0 3 3 0 0 0 0 5 2 3 
1 0 0 0 0 0 0 0 0 0 0 4 0 3 0 0 0 0 4 1 0 4 2 2 1 0 0 1 2 
3 4 0 0 0 2 0 0 0 0 0 0 1 0 0 0 0 0 3 0 0 5 0 6 4 1 0 0 1 
4 0 0 0 0 0 0 0 0 0 0 0 0 0 0 0 0 0 0 0 0 4 3 0 3 2 0 0 0 
6 6 0 0 0 0 0 0 0 0 0 5 0 0 0 0 0 0 0 0 5 0 0 0 0 0 6 5 3 
0 0 1 3 4 1 0 0 0 0 0 0 1 2 6 4 0 0 0 3 0 2 6 0 4 1 0 0 3 
0 0 0 0 0 4 0 0 0 0 0 6 5 0 6 5 2 0 0 0 0 1 3 1 0 3 0 5 5 
0 0 0 2 0 4 0 0 0 3 0 0 0 1 0 0 0 0 0 0 0 0 2 1 0 0 0 3 0 
2 0 0 1 0 0 0 0 0 2 1 0 0 3 0 0 0 0 0 0 2 3 4 0 5 5 0 1 0 
0 0 4 0 6 0 0 0 0 0 0 6 0 0 0 0 0 0 0 0 2 0 3 2 0 2 0 1 0 
0 0 3 3 0 3 3 3 3 1 0 0 3 5 6 0 0 0 0 6 0 0 0 0 6 0 6 4 0 
0 2 4 3 0 1 0 2 0 1 0 0 0 0 0 3 0 4 1 0 4 0 0 4 0 1 0 0 0 
2 0 6 2 0 0 0 1 0 0 2 0 0 0 0 3 1 0 1 0 5 0 4 4 0 3 0 0 4 
3 4 0 0 0 0 0 2 5 3 0 0 1 0 0 2 1 0 0 0 0 1 0 1 0 0 0 0 2 
3 0 0 5 6 0 7 4 0 2 3 0 1 0 6 4 0 5 3 0 0 3 0 0 0 0 0 0 1 
6 5 0 3 5 2 3 2 0 0 2 6 3 0 0 0 2 4 3 0 0 0 0 0 0 0 0 0 0 
0 1 0 0 3 0 5 2 0 3 0 3 1 0 0 0 0 1 0 0 0 0 0 0 0 0 0 0 0 
5 0 7 0 0 0 0 0 3 3 1 2 0 2 4 0 0 1 0 0 5 5 0 0 0 0 0 0 0 
0 2 0 1 0 0 0 0 0 0 0 0 0 0 5 3 6 4 2 0 2 1 0 0 0 0 0 0 3 
4 6 0 3 0 0 0 0 0 0 0 0 0 0 5 2 1 2 2 0 3 2 0 0 0 0 0 0 0 
4 6 0 2 0 0 0 0 0 0 0 0 0 0 0 0 0 0 0 5 0 0 7 5 0 0 0 5 5 
0 3 4 0 0 0 0 0 0 0 0 0 0 0 3 3 0 2 0 0 4 3 0 0 0 0 0 0 3 
3 0 4 3 2 0 0 0 0 0 0 0 0 0 0 3 0 0 0 4 6 5 5 3 0 0 0 0 2 
1 0 6 7 5 0 0 0 2 0 0 0 0 0 0 3 5 1 1 0 3 2 0 1 0 0 0 0 1 
3 4 0 2 0 0 0 0 0 0 0 0 0 0 0 2 0 2 0 0 3 2 5 2 0 0 0 4 2 
0 3 0 0 0 0 0 0 0 0 0 0 0 0 0 0 0 0 0 0 0 0 2 3 0 0 0 3 2 
2 4 4 0 6 0 0 0 0 0 0 0 0 0 6 7 6 4 0 5 5 5 2 2 0 0 3 2 1 
0 3 4 2 0 1 2 0 0 0 0 0 0 0 2 3 0 0 3 3 1 0 0 0 6 4 0 4 2 
3 0 0 0 5 0 0 0 0 0 0 0 0 0 0 0 0 0 0 0 0 0 0 0 4 0 1 2 1 
300 397
0 26 0 21
0 26 0 27
0 26 4 26
4 0 4 1
4 0 3 0
4 0 8 0
4 0 4 1
4 0 3 0
4 0 8 0
4 1 4 11
4 1 2 1
4 1 11 1
4 1 4 11
5 14 5 13
5 14 5 15
5 14 6 14
5 14 5 13
5 14 5 15
5 14 6 14
5 15 5 19
5 15 6 15
6 14 6 12
6 14 6 15
6 14 10 14
6 14 6 12
6 28 6 27
6 28 5 28
6 28 12 28
9 11 9 4
9 11 6 11
9 11 15 11
9 11 9 4
9 11 6 11
9 11 15 11
10 14 10 13
10 14 10 19
10 14 14 14
10 14 10 13
10 14 10 19
10 19 10 24
10 19 5 19
10 19 20 19
10 19 10 24
10 24 10 26
10 24 8 24
10 24 27 24
10 24 10 26
10 26 10 27
10 26 4 26
10 26 26 26
10 26 10 27
10 27 9 27
10 27 20 27
11 20 11 23
11 20 12 20
11 20 11 23
11 20 12 20
11 23 12 23
11 25 12 25
12 25 27 25
12 28 6 28
12 28 13 28
12 28 13 28
14 6 14 4
14 6 14 7
14 6 10 6
14 6 15 6
14 14 14 12
14 14 14 15
14 14 17 14
14 28 18 28
15 0 15 1
15 0 14 0
15 0 17 0
15 0 15 1
15 0 14 0
15 0 17 0
15 11 15 10
15 11 15 12
15 11 16 11
15 11 15 10
15 12 16 12
17 2 17 0
17 2 17 8
17 2 12 2
17 2 21 2
17 20 17 21
17 20 12 20
17 20 18 20
17 21 17 20
17 21 14 21
17 21 18 21
18 1 19 1
18 28 20 28
19 1 19 0
19 1 18 1
19 1 20 1
19 1 19 0
19 1 20 1
20 1 20 0
20 1 21 1
20 1 20 0
20 1 21 1
20 22 20 19
20 22 20 23
20 22 12 22
20 22 22 22
20 27 20 28
20 27 24 27
20 27 20 28
20 27 24 27
23 3 23 2
23 3 23 4
23 3 22 3
23 3 24 3
24 27 24 28
24 27 25 27
26 15 26 14
26 15 26 16
26 15 24 15
26 15 27 15
26 16 26 15
26 16 26 17
26 16 23 16
26 16 26 15
26 16 26 17
26 17 26 19
26 17 24 17
26 21 26 20
26 21 26 22
26 21 24 21
27 24 27 20
27 24 27 25
27 24 28 24
28 4 28 0
28 4 28 24
28 4 26 4
0 2 0 0
0 2 0 20
0 2 0 0
0 2 0 20
2 1 2 0
2 1 2 5
2 1 2 0
2 5 2 12
3 0 2 0
4 26 4 20
4 26 4 27
4 26 0 26
4 26 4 20
5 22 5 21
5 22 5 24
5 22 6 22
5 22 5 21
5 22 5 24
5 22 6 22
5 24 5 25
5 24 8 24
6 11 6 5
6 11 6 12
6 11 4 11
6 11 6 5
6 15 6 16
6 16 6 15
6 25 8 25
7 13 8 13
8 10 8 9
8 13 10 13
8 27 7 27
9 4 9 2
9 4 5 4
9 4 14 4
9 4 9 2
9 25 8 25
11 5 10 5
11 23 12 23
12 23 12 22
12 23 13 23
12 25 27 25
13 12 10 12
13 21 14 21
14 0 13 0
14 3 14 4
14 3 12 3
14 3 15 3
14 4 14 3
14 4 14 6
14 4 15 4
14 14 14 15
14 14 17 14
14 21 17 21
16 1 15 1
16 6 16 4
16 6 16 7
16 6 15 6
18 28 20 28
19 0 17 0
19 0 20 0
19 21 19 20
20 0 22 0
20 23 20 22
20 23 22 23
20 23 20 22
20 23 22 23
20 28 21 28
21 28 22 28
23 16 23 15
23 16 23 17
23 16 19 16
23 16 23 15
24 17 24 20
26 19 26 20
26 19 27 19
26 19 26 20
26 19 27 19
27 5 27 6
27 6 27 14
27 19 27 18
27 24 27 25
27 24 28 24
28 24 28 4
1 0 1 11
1 11 1 13
2 23 2 21
2 23 2 24
2 23 1 23
2 23 2 21
2 23 2 24
2 23 1 23
3 21 3 22
3 21 2 21
3 21 3 22
3 21 2 21
3 22 3 24
4 11 4 20
5 4 5 3
5 4 5 5
5 4 5 3
5 12 6 12
6 5 7 5
6 5 7 5
6 12 10 12
6 25 8 25
7 3 5 3
7 3 8 3
7 5 7 9
7 9 7 5
7 9 8 9
7 27 6 27
8 13 10 13
9 2 5 2
9 2 10 2
9 25 8 25
10 5 10 6
10 12 10 13
12 22 12 20
12 22 20 22
15 1 13 1
17 0 17 2
18 16 18 15
18 16 18 17
18 16 15 16
18 16 18 15
18 16 18 17
18 16 15 16
19 20 19 21
19 20 18 20
20 19 22 19
21 17 19 17
21 20 21 21
21 20 22 20
21 20 21 21
21 20 22 20
21 21 22 21
21 28 22 28
22 19 22 20
22 19 20 19
22 19 22 20
23 28 24 28
27 18 27 15
1 11 1 13
1 13 1 18
1 18 1 19
1 18 2 18
1 18 2 18
1 22 1 21
1 24 2 24
2 18 2 21
2 24 2 25
3 24 3 25
3 25 3 24
4 11 4 20
4 20 8 20
7 27 6 27
8 25 8 24
10 5 10 6
12 20 17 20
14 6 14 7
14 6 15 6
15 1 13 1
15 5 15 4
17 14 17 13
17 14 18 14
21 17 19 17
27 18 27 15
0 20 0 21
1 21 1 22
1 21 0 21
8 24 8 22
8 24 8 22
9 23 9 22
13 1 13 0
13 1 11 1
15 5 15 4
17 13 17 11
18 17 18 18
18 17 17 17
19 18 18 18
19 18 23 18
27 14 26 14
0 26 0 27
0 28 1 28
9 23 9 22
12 0 13 0
12 2 12 3
12 2 11 2
12 2 17 2
12 2 11 2
12 2 11 2
14 3 15 3
15 3 15 4
15 4 16 4
16 4 16 6
16 6 16 7
16 17 15 17
26 14 26 4
26 14 26 15
26 14 21 14
26 14 26 4
0 28 1 28
1 27 4 27
2 28 4 28
9 20 9 22
9 20 8 20
11 2 11 3
11 3 10 3
15 7 14 7
15 7 14 7
15 17 15 18
15 17 14 17
15 17 15 18
15 18 14 18
24 15 23 15
26 4 26 2
26 4 23 4
26 4 28 4
27 3 27 2
28 0 26 0
28 0 26 0
8 22 8 21
8 22 7 22
10 2 10 3
10 2 10 3
22 15 21 15
24 0 24 1
24 0 23 0
24 0 24 1
27 3 27 2
8 21 6 21
22 0 22 2
22 0 22 2
22 15 21 15
23 2 23 3
23 2 22 2
23 2 26 2
23 2 23 3
23 2 22 2
24 1 25 1
24 3 23 3
26 2 26 1
26 2 27 2
27 2 27 1
21 1 21 2
21 2 21 14
21 2 17 2
22 3 22 4
22 15 21 15
23 8 23 4
24 1 25 1
25 1 26 1
26 1 27 1
26 1 27 1
20 3 19 3
21 14 19 14
22 3 22 4
23 4 23 8
20 3 19 3

3271

2 = 4 = = = = = = = = = = = = = = = = = 3 3 - - - - 5 2 3 
1 - - - - - - - - - - 4 = 3 - - - - 4 1   4 2 2 1   ǁ 1 2 
3 4 - - - 2 - - - - - - 1           3 - - 5 = 6 4 1 ǁ | 1 
4 |                                       4 3 - 3 2 ǁ | | 
6 6 = = = = = = = = = 5 = = = = = = = = 5 = = = = = 6 5 3 
ǁ | 1 3 4 1           | 1 2 6 4 - - - 3 | 2 6 = 4 1 |   3 
ǁ | | | | 4 = = = = = 6 5 = 6 5 2     | | 1 3 1 | 3 | 5 5 
ǁ | | 2 | 4 = = = 3   ǁ | 1 |         | | | 2 1 | ǁ | 3 ǁ 
2 | | 1 |         2 1 ǁ | 3 |         | 2 3 4 = 5 5 | 1 ǁ 
  | 4 = 6 = = = = = = 6 | ǁ |         | 2 - 3 2 | 2 | 1 ǁ 
  | 3 3 | 3 3 3 3 1   ǁ 3 5 6 = = = = 6 = = = = 6 = 6 4 ǁ 
  2 4 3 | 1 | 2   1   ǁ |   | 3   4 1 | 4 = = 4 | 1 | | ǁ 
2 | 6 2 |   | 1     2 ǁ |   | 3 1   1 | 5 - 4 4 | 3 | | 4 
3 4 ǁ | |   | 2 5 3   ǁ 1   | 2 1     | ǁ 1 ǁ 1 | ǁ | | 2 
3 ǁ ǁ 5 6 = 7 4   2 3 ǁ 1 - 6 4   5 3 | ǁ 3 ǁ   | ǁ | | 1 
6 5 ǁ 3 5 2 3 2     2 6 3   ǁ   2 4 3 | ǁ ǁ ǁ   | ǁ | | | 
ǁ 1 ǁ   3 = 5 2   3   3 1   ǁ   ǁ 1   | ǁ ǁ ǁ   | ǁ | | | 
5 = 7 - - - - - 3 3 1 2 - 2 4   ǁ 1   | 5 5 ǁ   | ǁ | | | 
| 2 ǁ 1                     5 3 6 4 2 | 2 1 ǁ   | ǁ | | 3 
4 6 ǁ 3                     5 2 1 2 2 | 3 2 ǁ   | ǁ | | ǁ 
4 6 ǁ 2                     |   | ǁ | 5 - - 7 5 | ǁ | 5 5 
| 3 4 - - - - - - - - - - - 3 3 | 2 | ǁ 4 3 | ǁ | ǁ | ǁ 3 
3 = 4 3 2                   | 3 |   | 4 6 5 5 3 | ǁ | ǁ 2 
1   6 7 5 = = = 2           | 3 5 1 1   3 2   1 | ǁ | ǁ 1 
3 4 | 2 |                   | 2 | 2 - - 3 2 5 2 | ǁ | 4 2 
  3 |   |                   | | | |       | 2 3 | ǁ | 3 2 
2 4 4 - 6 = = = = = = = = = 6 7 6 4 - 5 5 5 2 2 | ǁ 3 2 1 
ǁ 3 4 2 ǁ 1 2 - - - - - - - 2 3 = = 3 3 1 - - - 6 4   4 2 
3 - - - 5 = = = = = = = = = = = = = = = = = = = 4   1 2 1 
