29 29
2 0 4 0 0 0 0 0 0 3 4 0 2 2 3 0 0 0 0 0 0 0 3 2 1 2 2 2 1 
0 2 0 2 4 0 5 0 3 0 0 0 0 0 0 0 0 0 0 0 0 0 5 6 4 4 5 0 0 
0 4 5 3 3 1 0 1 0 0 0 0 0 0 0 0 0 0 0 0 0 0 0 1 2 0 2 0 0 
0 0 0 3 5 2 0 0 0 0 0 2 0 0 3 0 0 0 0 0 0 0 5 0 0 6 0 6 4 
0 1 0 2 0 2 8 5 0 0 0 0 0 0 2 0 0 0 3 1 2 4 0 1 2 0 2 2 1 
0 1 0 1 3 2 3 4 0 0 0 0 0 0 0 0 0 0 0 3 1 0 0 4 3 0 4 5 2 
0 0 0 0 0 1 1 2 0 0 0 0 0 0 0 0 0 0 0 0 0 0 0 0 0 0 0 3 2 
0 2 0 5 0 0 0 0 6 0 0 0 0 0 0 0 0 0 5 7 3 0 0 4 0 7 7 4 1 
0 0 0 0 1 0 2 1 0 1 1 2 0 3 0 0 2 1 0 0 2 0 0 2 0 4 3 3 2 
4 2 0 0 4 2 0 0 0 0 4 4 2 7 2 0 0 0 0 5 5 5 0 4 0 4 4 6 2 
2 2 0 0 3 3 5 2 0 0 2 0 0 3 1 0 0 0 0 4 2 2 0 3 1 0 0 5 2 
3 4 0 0 0 1 0 2 0 4 0 8 0 0 0 0 7 3 0 3 0 0 7 0 0 5 0 1 0 
4 3 0 4 4 2 0 0 0 2 1 6 4 1 0 0 0 1 0 0 4 0 5 3 1 3 0 3 1 
0 1 0 3 0 0 5 4 0 1 0 3 1 0 0 0 0 0 0 0 2 2 1 3 0 4 0 0 0 
3 0 4 0 0 0 0 0 5 0 0 0 0 0 0 0 7 3 0 0 2 6 0 0 0 0 7 8 3 
0 2 0 3 0 3 3 2 0 2 0 0 0 0 4 0 7 2 0 0 1 2 1 0 1 0 0 2 1 
3 3 0 0 1 0 0 0 0 0 0 1 0 0 0 0 4 1 0 0 0 0 0 0 0 0 0 4 2 
3 2 0 0 0 0 4 0 0 0 0 0 0 0 0 0 0 0 0 3 0 0 5 0 3 1 0 0 0 
3 1 0 0 0 0 2 0 0 0 0 0 0 0 0 0 0 0 0 0 0 0 0 1 3 0 0 0 0 
0 2 0 0 2 7 0 4 0 0 0 0 0 0 0 0 2 1 0 0 0 0 0 0 0 0 0 0 0 
5 5 0 5 4 0 2 0 0 0 0 0 0 0 0 0 0 0 0 0 0 0 0 0 0 0 0 5 1 
0 0 0 1 2 0 0 0 0 2 3 0 0 0 0 0 0 0 0 0 0 0 0 0 0 0 0 0 0 
0 3 0 2 0 6 0 0 0 1 0 0 0 0 0 0 0 0 0 0 0 0 3 0 3 0 0 0 0 
0 2 0 2 0 4 0 0 0 0 3 0 0 4 0 0 0 0 3 5 0 0 0 0 4 2 0 0 1 
4 0 6 0 0 0 5 3 0 0 0 0 0 3 0 0 2 0 0 2 0 0 0 0 0 0 0 0 0 
3 2 0 1 2 1 2 1 0 0 0 0 0 0 0 0 0 0 0 0 0 0 0 0 0 0 0 0 0 
1 0 6 0 5 0 2 1 4 0 0 0 0 0 0 0 0 0 0 0 0 0 0 0 0 0 6 8 3 
3 0 6 1 5 0 5 2 3 0 0 0 0 0 0 0 2 0 0 0 0 0 0 0 0 0 3 3 0 
2 1 2 1 2 2 4 1 1 0 0 0 0 0 0 0 1 0 0 0 0 0 0 0 0 0 2 2 1 
300 256
1 6 1 4
1 6 1 8
1 6 4 6
1 26 1 25
1 26 0 26
1 26 2 26
3 28 3 27
3 28 0 28
3 28 4 28
3 28 3 27
4 6 4 5
4 6 4 7
4 6 1 6
4 6 5 6
7 19 7 18
7 19 7 20
7 19 5 19
7 19 9 19
7 25 7 23
7 25 7 26
7 25 3 25
7 25 8 25
9 13 9 12
9 13 9 14
9 13 8 13
9 13 10 13
11 11 11 9
11 11 11 16
11 11 9 11
11 11 12 11
11 11 11 9
11 11 11 16
11 11 9 11
11 11 12 11
11 16 11 17
11 16 8 16
11 16 14 16
11 22 11 19
11 22 11 25
11 22 3 22
11 22 12 22
12 11 12 10
12 11 12 12
12 11 13 11
12 11 12 12
12 12 12 13
12 12 13 12
13 11 13 9
13 11 16 11
14 8 14 2
14 8 7 8
14 8 26 8
14 16 14 17
14 16 11 16
14 16 15 16
14 16 14 17
14 16 15 16
14 26 14 21
14 26 14 27
14 26 9 26
14 26 26 26
14 27 14 26
14 27 14 28
14 27 12 27
14 27 15 27
14 27 14 26
14 27 14 28
14 27 12 27
15 9 21 9
15 14 15 16
18 23 18 24
19 5 19 4
19 5 19 7
19 5 15 5
19 5 22 5
20 0 20 1
20 0 18 0
20 0 24 0
20 6 24 6
20 27 20 28
20 27 16 27
20 27 26 27
22 5 22 3
22 5 19 5
22 5 23 5
22 5 22 3
22 5 23 5
23 5 23 3
23 5 25 5
23 28 26 28
24 2 24 0
24 2 14 2
24 2 26 2
24 2 24 0
24 2 14 2
24 2 26 2
26 2 26 0
26 2 26 4
26 2 27 2
26 2 26 4
26 27 26 26
26 27 26 28
26 27 20 27
26 27 27 27
27 2 27 0
27 2 27 3
27 2 28 2
27 4 27 6
27 4 26 4
27 4 28 4
3 27 3 25
3 27 0 27
3 27 4 27
3 27 3 25
4 6 4 5
4 6 4 7
4 6 5 6
4 21 4 20
4 21 9 21
4 21 4 20
4 21 9 21
10 10 9 10
10 24 10 23
10 27 10 28
10 27 9 27
10 27 11 27
11 9 8 9
11 9 12 9
12 27 12 28
13 6 13 3
13 6 13 7
13 6 10 6
13 7 13 6
13 7 11 7
13 7 13 6
13 25 13 23
13 25 12 25
13 25 13 23
13 25 12 25
14 28 15 28
15 9 21 9
15 14 15 16
15 27 16 27
16 4 19 4
16 27 16 28
16 27 20 27
17 6 15 6
17 6 18 6
17 6 15 6
17 6 18 6
19 5 19 7
19 5 15 5
19 7 15 7
19 7 24 7
20 3 20 4
20 3 15 3
20 3 21 3
20 4 20 3
20 4 21 4
20 4 20 3
20 6 24 6
21 10 23 10
23 1 22 1
23 3 25 3
24 0 20 0
25 0 25 1
25 1 25 0
25 4 26 4
26 27 26 26
26 27 26 28
26 27 27 27
27 2 27 0
27 2 28 2
28 0 28 1
28 0 27 0
28 3 28 4
28 5 28 6
28 5 28 6
28 6 28 7
28 6 27 6
28 28 28 27
0 27 0 26
1 26 1 25
1 26 2 26
3 25 3 22
3 25 1 25
3 25 7 25
10 10 9 10
10 23 9 23
11 7 10 7
15 3 15 5
15 6 15 7
21 10 23 10
23 1 22 1
23 10 23 13
23 13 23 18
23 13 24 13
23 13 23 18
24 13 24 16
25 4 26 4
26 26 26 8
26 26 14 26
26 26 27 26
27 4 27 6
0 25 0 24
0 25 1 25
1 24 1 23
1 24 2 24
1 24 1 23
1 24 2 24
9 10 9 11
9 10 8 10
9 11 9 12
9 13 9 14
9 13 8 13
9 13 10 13
10 13 10 14
10 23 9 23
14 21 14 20
14 21 13 21
14 21 15 21
14 21 14 20
14 21 13 21
22 1 20 1
24 13 24 16
24 19 23 19
24 19 23 19
0 10 0 9
0 10 0 12
0 10 0 9
0 10 0 12
1 23 1 22
1 23 0 23
1 23 2 23
1 23 1 22
2 7 4 7
9 23 9 25
9 23 8 23
13 20 12 20
0 9 0 2
0 23 0 22
13 20 12 20
0 2 0 0
0 2 2 2
0 2 0 0
1 1 2 1
9 0 9 1
9 0 10 0
9 0 9 1
9 0 10 0
12 20 12 17
12 20 12 22
23 18 23 19
1 1 2 1
2 1 2 2
2 1 4 1

3508

2 = 4 - - - - - - 3 4 = 2 2 3               3 2 1 2 2 2 1 
  2 | 2 4 - 5 - 3                           5 6 4 4 5 | | 
  4 5 3 3 1 ǁ 1                               1 2 | 2 | | 
  |   3 5 2 ǁ |       2     3               5 - - 6 = 6 4 
  1   2   2 8 5             2       3 1 2 4 | 1 2 ǁ 2 2 1 
  1   1 3 2 3 4                       3 1 ǁ | 4 3 ǁ 4 5 2 
          1 1 2                       |   ǁ |     ǁ   3 2 
  2   5         6                   5 7 3 ǁ | 4 - 7 7 4 1 
        1   2 1 | 1 1 2   3     2 1   | 2 ǁ | 2   4 3 3 2 
4 2     4 2     | | 4 4 2 7 2   |     5 5 5 | 4 - 4 4 6 2 
2 2     3 3 5 2 | | 2 ǁ   3 1   |     4 2 2 | 3 1   | 5 2 
3 4       1 | 2 | 4 = 8 = = = = 7 3   3 - - 7 - - 5 | 1   
4 3   4 4 2 | | | 2 1 6 4 1     ǁ 1 - - 4 - 5 3 1 3 | 3 1 
  1   3 - - 5 4 | 1 - 3 1       ǁ       2 2 1 3 = 4 | ǁ   
3   4 - - - - - 5     |         7 3     2 6 - - - - 7 8 3 
  2 ǁ 3 - 3 3 2 | 2   |     4 = 7 2     1 2 1   1   ǁ 2 1 
3 3 ǁ | 1 ǁ ǁ | | ǁ   1         4 1                 ǁ 4 2 
3 2 ǁ | | ǁ 4 | | ǁ                   3     5   3 1 ǁ ǁ   
3 1 ǁ | | ǁ 2 | | ǁ                           1 3   ǁ ǁ   
| 2 ǁ | 2 7 = 4 | ǁ             2 1                 ǁ ǁ   
5 5 ǁ 5 4 ǁ 2 | | ǁ                                 ǁ 5 1 
ǁ | ǁ 1 2 ǁ ǁ | | 2 3                               ǁ ǁ   
ǁ 3 ǁ 2 = 6 ǁ | | 1 ǁ                       3   3   ǁ ǁ   
ǁ 2 ǁ 2 - 4 ǁ | |   3 - - 4 = = = = 3 5         4 2 ǁ ǁ 1 
4 = 6 |   | 5 3 |         3 = = 2     2             ǁ ǁ | 
3 2 ǁ 1 2 1 2 1 |                                   ǁ ǁ | 
1 - 6 = 5   2 1 4 - - - - - - - - - - - - - - - - - 6 8 3 
3 = 6 1 5 = 5 2 3               2                   3 3   
2 1 2 1 2 2 4 1 1               1                   2 2 1 
