29 29
3 0 4 0 0 0 0 0 0 0 0 0 0 0 0 0 0 0 0 0 0 0 0 0 4 4 3 2 0 
0 1 0 2 1 0 0 0 3 0 0 0 0 0 0 6 0 0 0 0 0 6 2 2 4 0 4 6 3 
4 4 0 3 2 0 0 0 0 0 0 0 0 1 0 0 0 0 0 0 0 2 2 0 1 0 0 0 4 
2 0 0 0 0 1 3 0 0 0 0 0 0 0 0 6 0 0 0 0 0 4 4 0 1 0 0 2 0 
0 4 0 3 5 0 0 0 0 0 4 4 3 2 0 0 2 1 2 0 3 2 1 0 0 0 0 0 0 
0 2 0 2 0 0 0 0 0 0 3 4 0 4 2 0 0 5 0 0 7 0 0 5 0 0 0 0 0 
0 0 0 1 0 0 0 0 0 0 2 0 0 0 0 0 0 0 0 0 0 0 0 2 0 4 4 1 0 
4 0 7 0 6 0 0 0 0 0 0 0 0 0 0 4 0 4 4 2 0 4 0 4 0 0 3 1 0 
0 1 0 1 0 3 0 0 4 0 0 0 0 0 0 2 0 3 0 0 0 0 0 0 0 3 0 0 0 
0 0 0 0 0 4 0 0 0 2 1 2 0 4 2 3 0 1 0 0 0 3 0 0 0 0 0 0 0 
0 2 0 0 0 0 0 0 0 2 0 3 0 6 3 4 4 3 8 2 0 0 0 0 0 2 3 0 5 
0 0 0 0 0 0 0 0 0 4 0 6 2 0 1 0 2 3 0 2 0 1 0 0 0 3 2 0 0 
3 3 0 0 0 0 0 0 0 2 1 3 1 0 0 0 1 2 0 0 0 0 0 0 0 0 0 0 0 
1 1 0 0 0 4 0 0 6 0 0 0 0 7 0 7 0 0 6 3 0 0 0 0 2 3 0 0 6 
2 0 5 2 0 1 0 0 0 2 1 0 0 0 1 6 2 0 0 1 0 2 0 5 0 0 0 3 0 
2 4 5 3 0 0 0 0 0 5 6 2 0 0 1 5 3 0 6 3 0 3 3 0 0 0 0 0 0 
0 2 0 2 0 0 0 0 0 4 0 2 0 6 2 3 3 4 5 0 0 2 4 2 0 0 0 0 0 
0 0 0 1 0 0 0 0 0 4 6 0 0 6 0 2 0 0 2 1 0 1 0 1 0 0 0 0 0 
4 0 4 0 5 0 0 0 4 0 0 0 0 0 0 0 0 0 0 0 6 0 6 0 0 0 0 6 4 
0 2 0 1 6 0 0 0 0 0 0 0 0 0 0 0 0 0 0 0 0 0 5 0 0 3 2 0 1 
0 0 0 1 4 0 0 0 0 0 0 0 0 0 5 0 2 0 0 0 0 0 0 2 0 3 0 6 2 
4 3 0 2 5 0 0 3 3 0 0 0 3 2 7 0 0 0 2 0 0 0 0 0 2 0 3 0 1 
4 2 0 1 7 3 0 0 4 5 3 3 0 1 5 0 0 0 3 1 0 0 0 0 0 1 0 0 0 
2 0 0 2 4 1 0 0 0 3 2 0 0 1 2 0 0 0 0 0 0 0 0 1 1 0 4 6 1 
4 0 5 0 0 0 0 6 7 0 4 3 0 0 0 0 0 0 0 0 0 0 0 0 0 0 1 2 1 
4 1 0 4 0 5 1 2 2 1 0 0 3 0 0 0 0 0 0 0 0 0 6 0 0 5 5 4 3 
2 0 0 2 1 4 0 0 0 0 0 0 3 1 0 1 0 5 2 1 0 0 7 4 4 0 1 1 0 
2 0 7 0 0 0 0 0 0 0 0 0 5 0 0 0 0 6 0 0 3 1 3 1 4 5 0 2 2 
2 3 5 0 0 0 0 0 0 0 0 0 0 0 0 0 0 0 0 0 0 0 0 0 2 0 0 1 1 
300 303
1 15 1 8
1 15 1 21
1 15 3 15
1 15 1 8
1 15 1 21
1 15 3 15
1 21 1 22
1 21 2 21
1 21 1 22
1 21 2 21
3 15 3 6
3 15 3 21
3 15 7 15
3 15 3 6
3 21 3 22
3 21 4 21
3 21 3 22
5 17 5 20
5 17 4 17
5 17 7 17
5 23 5 20
5 23 1 23
5 23 6 23
7 2 7 0
7 2 7 4
7 2 0 2
7 2 14 2
8 1 10 1
10 1 12 1
10 18 10 17
10 18 10 19
10 18 7 18
10 18 13 18
10 18 10 17
10 18 10 19
10 18 7 18
10 18 13 18
10 28 10 26
10 28 2 28
10 28 13 28
13 13 13 8
13 13 13 15
13 13 10 13
13 13 16 13
13 18 13 15
13 18 13 19
13 18 15 18
13 18 13 15
13 28 13 25
13 28 10 28
13 28 18 28
15 18 15 16
15 18 15 19
15 18 16 18
15 18 15 16
15 18 15 19
21 14 21 13
21 14 21 18
21 14 20 14
21 14 22 14
22 4 22 3
22 4 22 5
22 4 21 4
22 4 23 4
24 8 24 7
24 8 24 10
24 8 22 8
24 8 25 8
26 17 26 15
26 17 26 18
26 17 27 17
26 22 26 19
26 22 26 23
26 22 25 22
26 22 27 22
27 2 27 0
27 2 27 12
27 2 24 2
27 2 28 2
27 17 27 12
27 17 27 20
27 17 26 17
27 17 27 12
27 17 27 20
27 20 27 21
27 22 27 23
27 22 26 22
27 25 27 24
27 25 27 27
27 25 25 25
1 1 2 1
1 8 1 4
2 1 2 0
2 1 4 1
2 1 2 0
2 13 2 4
2 22 3 22
3 22 2 22
4 1 5 1
4 16 10 16
4 18 4 20
4 22 4 21
5 1 4 1
7 15 7 4
7 15 8 15
7 15 7 4
7 18 7 17
7 18 7 19
7 19 7 21
7 21 7 23
7 21 9 21
7 21 7 23
9 21 11 21
11 19 13 19
13 28 13 25
13 28 18 28
16 17 16 16
16 17 16 18
16 17 16 16
16 17 16 18
18 28 18 27
18 28 19 28
22 4 22 5
22 4 21 4
22 4 23 4
26 17 26 18
26 22 26 23
26 22 25 22
26 23 26 24
26 23 23 23
26 24 23 24
26 24 27 24
26 24 27 24
27 24 27 25
1 3 2 3
2 0 0 0
2 0 3 0
3 0 7 0
3 5 3 6
4 16 10 16
4 18 4 20
4 20 5 20
5 14 5 13
5 20 5 17
5 20 5 23
7 0 7 2
7 0 12 0
7 4 7 2
7 4 4 4
7 4 18 4
7 17 5 17
7 17 8 17
8 3 14 3
8 17 9 17
11 19 13 19
15 9 15 10
15 9 14 9
15 9 16 9
18 27 18 22
18 27 14 27
18 27 20 27
18 27 18 22
18 27 14 27
20 27 20 25
20 27 20 28
20 27 23 27
20 27 20 25
20 27 20 28
21 28 23 28
25 22 25 12
25 22 19 22
25 22 25 12
25 22 19 22
26 13 26 12
0 0 0 2
0 0 0 2
0 2 0 24
0 24 0 25
0 24 1 24
0 24 0 25
0 25 0 26
0 25 6 25
1 3 2 3
1 24 1 23
1 24 2 24
2 28 1 28
2 28 10 28
2 28 1 28
3 24 13 24
5 14 5 13
5 23 6 23
6 3 5 3
6 10 5 10
6 25 6 26
6 25 8 25
6 25 6 26
7 2 14 2
7 23 14 23
8 25 10 25
13 24 13 25
14 27 14 23
18 22 18 20
18 22 16 22
18 22 19 22
18 22 18 20
19 26 19 25
20 23 20 25
21 24 21 26
22 25 25 25
1 28 1 27
5 3 4 3
5 13 5 11
5 13 4 13
6 10 5 10
7 23 14 23
8 25 10 25
11 25 11 26
17 23 16 23
18 20 18 8
19 26 19 25
20 16 20 14
21 24 21 26
21 26 23 26
22 9 22 8
22 9 22 10
22 9 23 9
22 19 22 18
23 26 23 27
23 26 24 26
23 26 23 27
23 27 24 27
25 26 25 25
25 26 25 27
25 26 26 26
1 27 1 26
1 27 0 27
1 27 3 27
1 27 1 26
1 27 0 27
3 27 6 27
4 13 4 12
5 11 5 10
5 11 4 11
5 11 4 11
6 26 1 26
6 26 7 26
7 27 7 26
10 26 7 26
10 26 11 26
17 9 17 10
17 9 16 9
17 9 17 10
17 9 16 9
17 10 17 13
17 10 15 10
17 10 17 13
17 10 15 10
17 13 17 15
17 13 16 13
17 13 17 15
17 13 16 13
18 20 18 8
19 25 19 22
20 16 20 14
23 27 24 27
24 28 25 28
25 26 25 25
25 26 25 27
25 27 25 28
25 27 26 27
25 28 27 28
0 26 1 26
4 10 4 4
4 10 4 11
4 10 4 4
4 10 4 11
15 10 15 9
15 10 15 11
15 10 14 10
15 11 16 11
16 9 15 9
16 11 16 13
19 22 19 4
25 25 27 25
14 9 14 5
18 8 18 4
19 4 19 3
19 4 18 4
19 4 20 4
13 5 13 8
13 5 9 5
13 5 13 8
13 5 9 5
17 3 16 3
18 8 18 4
19 4 18 4
19 4 20 4
9 5 9 9
9 5 8 5
13 8 13 13
8 5 8 8
8 8 8 5
8 8 8 15

4321

3 = 4 - - - - - - - - - - - - - - - - - - - - - 4 4 3 2   
| 1 | 2 1 - - - 3 = = = = = = 6 = = = = = 6 2 2 4 | 4 6 3 
4 4 | 3 2 - - - - - - - - 1   ǁ           2 2 | 1 | | | 4 
2 | |     1 3 = = = = = = = = 6 - - - - - 4 4 | 1 | | 2 ǁ 
| 4 | 3 5 = = = = = 4 4 3 2   | 2 1 2 = 3 2 1 | | | | | ǁ 
| 2 | 2 |           3 4 - 4 2 | ǁ 5 = = 7 = = 5 | | | | ǁ 
|   | 1 |           2         | ǁ ǁ           2 | 4 4 1 ǁ 
4 = 7 = 6 = = = = = = = = = = 4 ǁ 4 4 2 - 4 = 4 | | 3 1 ǁ 
| 1 ǁ 1 | 3 = = 4 - - - - - - 2 ǁ 3 ǁ     |   ǁ | 3 |   ǁ 
| | ǁ | | 4 - - - 2 1 2   4 2 3 ǁ 1 ǁ     3   ǁ | ǁ |   ǁ 
| 2 ǁ | | ǁ       2   3   6 3 4 4 3 8 2   |   ǁ | 2 3 - 5 
| | ǁ | | ǁ       4   6 2 | 1   2 3 ǁ 2   1   ǁ | 3 2   ǁ 
3 3 ǁ | | ǁ       2 1 3 1 |     1 2 ǁ ǁ       ǁ |       ǁ 
1 1 ǁ | | 4 = = 6 = = = = 7 - 7 = = 6 3       ǁ 2 3 = = 6 
2   5 2 | 1 - - - 2 1     | 1 6 2   | 1   2   5 - - - 3 ǁ 
2 4 5 3 |         5 6 2   | 1 5 3 = 6 3   3 3         ǁ ǁ 
  2   2 |         4 ǁ 2 - 6 2 3 3 4 5     2 4 2       ǁ ǁ 
      1 |         4 6 = = 6 = 2     2 1   1 | 1       ǁ ǁ 
4   4   5 = = = 4 = = = = = = = = = = = 6 = 6 = = = = 6 4 
  2   1 6 - - - - - - - - - - - - - - - - - 5 - - 3 2 | 1 
      1 4                   5 = 2           ǁ 2 - 3 = 6 2 
4 3   2 5     3 3       3 2 7 - - - 2       ǁ   2 = 3 | 1 
4 2   1 7 3     4 5 3 3   1 5       3 1     ǁ     1 | | | 
2     2 4 1     | 3 2     1 2               ǁ 1 1 | 4 6 1 
4   5         6 7 - 4 3                     ǁ | | | 1 2 1 
4 1 | 4   5 1 2 2 1     3 = = = = = = = = = 6 | | 5 5 4 3 
2   | 2 1 4             3 1   1 - 5 2 1 - - 7 4 4 ǁ 1 1 | 
2 - 7 - - - - - - - - - 5 = = = = 6 = = 3 1 3 1 4 5 - 2 2 
2 3 5                                           2     1 1 
