29 29
2 0 0 0 0 0 0 0 0 0 0 0 0 0 0 2 2 4 0 0 0 0 0 0 5 0 0 4 4 
4 4 0 0 0 5 0 0 0 0 0 0 0 0 0 5 2 4 0 2 2 0 1 0 0 4 4 2 0 
4 3 2 1 0 3 0 0 1 1 0 4 6 5 3 0 1 2 1 3 3 0 0 0 0 2 0 1 0 
5 0 0 0 0 0 0 0 0 0 0 6 6 0 2 0 5 6 0 3 0 0 0 0 0 2 0 0 0 
0 0 0 0 0 0 0 0 0 0 0 0 0 0 0 0 4 0 2 1 0 0 0 0 0 0 0 0 2 
0 0 0 0 0 0 2 0 0 0 0 5 4 0 0 0 2 0 5 4 6 0 2 0 0 3 0 1 1 
0 0 0 0 0 0 0 0 0 0 0 1 2 0 0 0 0 0 2 0 2 2 1 0 0 0 0 0 3 
5 0 0 0 0 0 0 0 0 0 0 0 0 5 0 5 0 7 0 5 0 3 5 1 0 0 0 3 0 
4 3 0 0 6 0 3 2 0 4 2 0 0 0 2 0 1 0 0 0 0 1 4 0 0 0 0 0 0 
0 3 2 3 0 0 2 2 0 0 0 0 0 0 0 0 0 0 2 7 2 0 0 0 0 0 4 8 5 
5 7 4 5 6 0 0 0 0 4 1 2 0 6 4 4 2 0 1 5 0 4 4 0 0 0 1 0 0 
1 0 2 3 0 2 0 0 0 0 0 0 0 5 2 4 2 0 2 5 4 4 4 2 0 0 0 0 0 
3 7 0 0 8 0 0 0 0 0 0 0 0 0 0 0 0 6 0 0 0 0 0 0 5 4 0 5 0 
0 0 2 3 0 1 0 2 0 0 0 0 0 0 0 0 0 0 2 0 3 0 0 3 1 0 0 0 0 
0 0 0 2 0 2 1 0 0 0 0 0 0 0 0 0 0 0 3 0 5 2 0 0 1 0 0 0 0 
0 0 5 0 6 3 2 5 0 0 0 0 0 0 0 0 0 5 0 0 0 0 0 6 3 0 0 0 0 
0 0 0 1 0 2 0 6 0 0 2 1 0 2 0 0 0 0 4 5 0 5 2 0 2 0 0 0 0 
0 0 0 2 0 2 0 7 1 2 2 0 0 5 2 0 0 0 0 0 2 5 2 0 0 0 0 0 0 
0 0 0 0 0 0 0 4 2 0 0 0 0 0 0 0 0 0 5 5 0 0 0 5 6 0 1 2 0 
4 3 0 4 4 0 0 0 0 4 0 0 0 0 2 0 0 0 0 0 2 3 2 0 0 0 0 0 0 
0 0 0 4 1 2 1 0 0 0 0 0 0 0 2 0 0 0 2 0 0 1 2 0 3 0 0 1 0 
0 0 0 4 5 4 0 0 0 0 0 0 0 3 2 0 0 0 1 0 0 2 3 0 2 0 0 0 0 
3 2 0 2 0 0 0 0 0 0 0 0 0 1 0 0 0 0 1 0 0 0 2 0 2 0 0 2 0 
0 0 0 0 4 5 7 0 0 0 7 0 0 0 0 0 0 5 3 6 6 5 3 0 3 7 3 0 0 
0 0 0 0 0 1 6 0 4 1 6 5 1 3 0 0 0 4 1 2 4 4 1 0 2 0 0 0 1 
0 0 0 0 0 3 4 0 2 0 1 3 1 3 2 0 0 0 0 0 4 4 0 0 0 0 0 0 1 
2 0 6 4 2 0 0 0 0 0 0 0 0 0 0 0 0 0 0 0 0 0 0 4 4 6 0 5 3 
2 0 4 0 0 0 0 0 0 0 4 0 2 0 0 2 0 2 1 0 0 0 0 6 3 5 4 5 2 
2 0 4 0 1 1 0 3 0 0 5 0 0 0 0 0 0 3 0 1 0 0 0 3 0 3 4 3 1 
300 348
0 24 0 17
0 24 0 27
0 24 12 24
0 28 0 27
0 28 4 28
0 28 0 27
0 28 4 28
1 5 1 1
1 5 1 15
1 5 2 5
1 25 1 26
1 25 2 25
1 25 1 26
1 25 2 25
1 26 1 27
1 26 9 26
2 12 2 11
2 12 2 13
2 12 3 12
2 12 2 11
2 12 2 13
2 12 3 12
3 0 3 11
3 0 2 0
3 0 7 0
3 12 3 11
3 12 3 14
3 12 5 12
3 12 3 11
3 25 5 25
7 13 7 0
7 13 7 15
7 13 10 13
7 17 7 15
7 17 7 19
7 17 3 17
7 17 12 17
8 4 8 1
8 4 8 6
8 4 10 4
8 4 8 1
8 4 8 6
8 4 10 4
9 19 9 18
9 19 9 20
9 19 7 19
9 19 10 19
9 26 9 27
9 26 10 26
9 26 9 27
9 27 9 28
9 27 7 27
9 27 12 27
9 28 9 27
9 28 6 28
9 28 24 28
10 0 10 1
10 0 8 0
10 0 11 0
10 4 10 3
10 4 10 9
10 4 12 4
10 4 10 3
12 1 12 0
12 1 12 4
12 1 10 1
12 1 19 1
12 4 12 1
12 4 12 17
12 4 15 4
12 4 12 17
12 4 15 4
12 17 12 24
12 17 7 17
12 17 15 17
15 2 15 4
15 2 13 2
15 2 26 2
15 4 15 2
15 4 15 5
15 4 19 4
16 3 17 3
16 19 16 18
16 19 16 21
16 19 18 19
17 3 19 3
17 7 17 5
17 7 17 8
17 7 16 7
17 7 18 7
19 3 19 4
19 3 20 3
19 3 19 4
19 4 19 9
20 3 20 4
20 3 21 3
20 3 21 3
21 3 21 4
21 3 22 3
21 4 21 5
21 4 23 4
22 3 26 3
23 6 23 5
23 6 23 10
23 6 20 6
23 6 24 6
23 25 23 24
23 25 23 26
23 25 12 25
23 25 26 25
24 10 24 9
24 10 24 11
24 10 23 10
24 10 25 10
25 11 25 12
25 11 24 11
25 11 24 11
25 21 25 20
25 21 24 21
25 21 25 20
25 21 24 21
25 28 26 28
26 3 26 2
26 3 26 4
26 3 26 2
28 10 28 7
28 10 28 17
28 10 27 10
0 27 0 24
1 27 2 27
2 11 2 9
2 11 3 11
2 13 2 14
3 25 5 25
4 16 3 16
4 16 5 16
4 16 3 16
4 16 5 16
5 6 5 11
5 12 5 11
5 12 6 12
5 12 5 11
5 18 5 19
5 18 4 18
5 18 6 18
5 25 12 25
6 12 6 11
6 28 5 28
6 28 9 28
9 27 7 27
9 27 12 27
10 0 10 1
10 0 8 0
10 9 10 10
10 9 8 9
10 9 8 9
10 11 10 13
11 5 11 13
11 19 11 18
11 19 11 20
11 19 10 19
14 3 13 3
14 20 14 18
14 20 14 21
14 20 13 20
17 7 17 5
17 7 16 7
17 7 18 7
18 7 18 8
18 24 18 23
18 24 16 24
18 24 20 24
18 24 18 23
18 24 16 24
18 24 20 24
19 9 19 14
19 9 17 9
19 9 19 14
20 5 21 5
21 4 21 5
21 4 23 4
21 5 20 5
23 4 23 5
23 4 26 4
23 6 23 5
23 6 23 10
23 6 24 6
23 10 23 17
23 10 24 10
23 10 23 17
23 10 24 10
24 6 24 5
24 6 24 8
24 6 25 6
24 6 24 8
24 8 25 8
24 11 24 12
25 5 25 6
25 5 28 5
25 5 25 6
25 6 25 8
25 20 25 14
25 20 24 20
26 2 26 0
26 2 15 2
26 2 27 2
27 2 27 0
27 2 28 2
27 2 27 0
27 10 27 12
27 10 28 10
27 10 27 12
27 15 27 17
28 0 28 2
28 0 28 2
28 2 28 4
28 7 28 10
28 17 28 19
28 17 27 17
2 8 2 5
2 13 2 14
5 6 5 11
5 11 3 11
5 27 7 27
8 0 8 1
8 0 7 0
8 9 8 7
8 9 8 10
10 11 10 13
10 13 10 14
10 13 7 13
10 13 11 13
11 5 11 13
11 13 11 14
13 2 13 3
13 3 14 3
15 24 15 23
15 24 14 24
15 24 15 23
16 7 16 5
16 7 16 10
16 7 15 7
16 7 16 5
17 9 17 10
17 13 17 10
17 13 17 14
17 13 16 13
17 14 17 13
18 7 18 8
18 18 18 19
18 18 16 18
18 18 20 18
25 14 25 13
26 0 22 0
27 18 27 23
27 23 27 24
27 23 26 23
27 23 28 23
27 23 27 24
27 23 26 23
28 23 28 25
28 23 28 25
2 13 2 14
3 11 3 0
3 14 3 16
7 0 7 13
7 0 3 0
11 13 11 14
11 15 11 16
11 15 10 15
11 15 11 16
11 15 10 15
15 23 15 17
15 23 13 23
15 23 18 23
15 23 15 17
16 10 16 11
17 13 16 13
25 13 24 13
25 13 24 13
26 23 26 24
26 23 18 23
2 0 2 1
2 0 1 0
2 0 2 1
2 2 2 1
2 2 2 3
2 5 1 5
10 14 10 15
10 14 8 14
10 14 10 15
10 16 8 16
14 21 14 20
16 18 16 19
16 18 18 18
18 23 18 19
20 24 21 24
21 24 22 24
22 24 23 24
24 13 24 17
24 17 24 18
24 17 23 17
24 17 23 17
1 0 1 1
1 0 0 0
1 0 1 1
1 1 1 5
1 15 1 16
1 15 0 15
1 15 1 16
1 15 0 15
7 15 7 17
17 20 17 21
0 16 0 17
0 16 0 17
0 17 0 24
1 17 1 19
1 17 2 17
1 17 1 19
1 17 2 17
2 16 3 16
3 16 3 17
3 17 3 19
3 17 7 17
3 17 3 19
12 24 12 25
12 24 13 24
12 24 12 25
12 27 18 27
13 23 13 20
17 20 17 21
23 25 23 24
23 25 23 26
23 25 26 25
24 24 26 24
26 25 26 24
26 25 26 27
26 25 27 25
26 25 26 24
27 24 27 25
2 18 2 19
12 27 18 27
13 23 13 20
14 20 14 18
18 26 23 26
20 27 22 27
22 27 26 27
13 18 14 18

3709

2                             2 2 4 = = = = = = 5 = = 4 4 
4 4 = = = 5 - - - - - - - - - 5 2 4 = 2 2   1   | 4 4 2 ǁ 
4 3 2 1   3 - - 1 1 - 4 6 5 3   1 2 1 3 3       | 2 | 1 ǁ 
5 = = = = = = = = = = 6 6 - 2 - 5 6 = 3         | 2 |   ǁ 
ǁ                     | |       4 ǁ 2 1         | ǁ |   2 
ǁ           2 = = = = 5 4       2 ǁ 5 4 6   2   | 3 | 1 1 
ǁ                     1 2         ǁ 2   2 2 1   | | | | 3 
5 = = = = = = = = = = = = 5 - 5 = 7 - 5   3 5 1 | | | 3 ǁ 
4 3 = = 6 = 3 2 - 4 2     ǁ 2   1 ǁ   |   1 4   | | | ǁ ǁ 
ǁ 3 2 3 ǁ   2 2   ǁ       ǁ |   | ǁ 2 7 2       | | 4 8 5 
5 7 4 5 6 - - - - 4 1 2 = 6 4 4 2 ǁ 1 5   4 4   | | 1 ǁ | 
1 | 2 3 | 2 = = = = = = = 5 2 4 2 ǁ 2 5 4 4 4 2 | |   ǁ | 
3 7 = = 8 = = = = = = = = = = = = 6 - - - - - - 5 4   5 | 
  | 2 3 ǁ 1   2                   | 2   3 = = 3 1 |   ǁ | 
  | | 2 ǁ 2 1                     | 3 = 5 2   | 1 |   ǁ | 
  | 5 = 6 3 2 5                   5 = = = = = 6 3 |   ǁ | 
  | ǁ 1 | 2 = 6 - - 2 1   2         4 5 - 5 2 | 2 |   ǁ | 
  | ǁ 2 | 2 = 7 1 2 2 - - 5 2       ǁ | 2 5 2 | ǁ |   ǁ | 
  | ǁ | |     4 2 |                 5 5 - - - 5 6 | 1 2 | 
4 3 ǁ 4 4 - - - - 4 = = = = 2       |   2 3 2 | ǁ | |   | 
    ǁ 4 1 2 1               2       2     1 2 | 3 | | 1 | 
    ǁ 4 5 4 |             3 2       1     2 3 | 2 | | | | 
3 2 ǁ 2 ǁ   |             1         1       2 | 2 | | 2 | 
|   ǁ | 4 5 7 = = = 7 = = = = = = 5 3 6 6 5 3 | 3 7 3 | | 
|   ǁ | | 1 6 = 4 1 6 5 1 3 - - - 4 1 2 4 4 1 | 2 ǁ   | 1 
|   ǁ | | 3 4 - 2   1 3 1 3 2 - - - - - 4 4   | | ǁ   | 1 
2 - 6 4 2 |                                   4 4 6 - 5 3 
2 = 4     |         4 = 2     2 - 2 1 - - - - 6 3 5 4 5 2 
2 = 4 - 1 1   3 = = 5 - - - - - - 3 - 1       3 = 3 4 3 1 
