29 29
2 0 0 0 0 0 0 0 0 0 0 0 0 0 0 0 0 0 0 2 0 0 5 0 4 2 0 0 3 
0 1 0 3 1 3 0 0 0 0 0 0 0 0 0 0 0 0 0 6 2 2 0 0 0 2 0 5 4 
0 3 0 6 0 0 0 0 0 0 0 0 3 0 0 0 0 3 2 0 2 0 0 0 0 0 0 0 1 
0 2 1 0 2 4 0 0 0 0 3 1 0 0 2 0 0 0 0 0 0 0 0 0 0 0 0 0 2 
0 2 2 0 0 0 0 0 0 2 0 0 6 0 5 0 0 0 4 7 3 3 0 0 0 2 0 0 0 
0 0 0 0 3 0 0 0 0 2 0 0 4 2 3 2 0 3 3 0 2 0 0 0 0 0 0 0 0 
4 3 0 0 0 0 0 0 0 1 0 0 2 0 0 0 0 0 4 0 0 0 0 0 0 0 0 0 0 
0 1 0 0 4 7 0 0 0 0 0 0 0 0 0 0 0 0 0 6 5 3 0 0 0 0 0 0 0 
0 0 0 0 0 0 1 0 3 0 0 4 0 0 0 0 0 3 2 0 0 0 0 2 0 0 0 0 0 
5 2 0 0 3 0 1 4 0 2 2 0 1 0 0 0 0 0 0 0 1 0 0 0 0 0 0 0 0 
2 1 0 0 2 0 2 0 1 2 3 0 3 0 0 0 0 7 3 0 1 0 0 0 0 0 0 0 0 
3 5 4 0 1 4 0 0 0 1 1 0 0 1 0 0 0 0 1 0 0 0 0 3 7 4 0 0 0 
0 2 2 0 2 5 3 0 0 0 0 0 2 6 0 0 0 6 2 0 2 1 0 0 0 1 0 0 0 
6 0 0 8 0 0 0 6 4 5 3 0 0 2 0 1 0 1 0 0 0 2 0 0 6 7 2 0 0 
0 3 2 0 2 0 4 3 2 2 0 5 0 0 0 0 0 0 0 4 4 3 0 0 2 4 1 0 0 
0 5 3 0 2 0 0 2 0 0 0 5 1 2 1 4 0 2 1 0 4 3 0 3 0 5 3 0 0 
0 0 1 0 4 0 6 0 0 0 0 6 0 5 0 5 0 2 2 0 3 2 0 4 0 0 0 0 0 
0 0 0 0 2 0 3 2 0 0 0 6 2 2 0 5 3 4 2 0 3 2 0 2 0 0 0 0 0 
0 5 0 6 0 0 0 0 0 0 0 0 0 0 0 0 0 0 0 5 0 0 6 0 0 0 0 2 0 
0 0 1 0 2 4 0 0 6 2 1 0 4 1 3 0 0 2 0 0 4 2 3 1 0 1 0 5 4 
0 0 0 0 3 0 0 0 7 0 0 0 5 0 4 0 0 0 0 4 6 0 0 0 0 0 0 7 2 
0 0 2 0 1 1 3 1 3 1 0 0 2 1 0 2 2 1 2 0 0 2 0 0 0 3 2 0 0 
2 0 0 0 2 0 5 0 0 0 0 0 6 0 6 6 0 0 0 0 0 0 0 2 1 0 3 0 0 
2 0 0 0 1 2 3 4 0 0 0 0 7 4 0 2 0 1 5 0 0 0 0 0 0 0 2 0 0 
4 8 3 0 0 1 0 4 3 0 1 0 1 2 0 0 0 2 0 0 0 2 3 5 3 0 0 0 0 
3 6 3 0 4 0 5 0 0 0 0 0 0 0 4 0 4 5 4 0 0 1 0 0 1 0 0 0 0 
1 1 2 0 2 0 3 0 0 0 0 0 0 0 0 0 0 3 1 0 2 0 4 0 2 3 0 3 0 
2 0 0 5 0 0 0 0 0 0 0 0 3 1 1 0 0 0 0 5 4 2 2 0 0 3 2 1 1 
1 2 0 3 0 0 0 0 0 0 0 0 0 0 0 0 0 0 0 4 0 0 5 0 0 0 0 3 0 
300 285
0 22 0 19
0 22 0 24
0 22 18 22
1 27 1 25
1 27 1 28
1 27 18 27
4 19 4 18
4 19 4 20
4 19 1 19
4 19 7 19
7 5 7 4
7 5 7 19
7 5 3 5
7 5 11 5
8 23 11 23
9 0 9 1
9 0 6 0
9 0 10 0
10 17 10 12
10 17 10 18
10 17 8 17
10 17 12 17
11 24 11 23
11 24 11 25
11 24 0 24
11 24 13 24
13 0 13 3
13 0 11 0
13 0 22 0
13 0 13 3
13 0 11 0
13 0 22 0
13 3 13 7
13 3 2 3
13 3 18 3
13 24 13 25
13 24 11 24
13 24 14 24
13 24 13 25
13 24 14 24
13 25 13 26
13 25 12 25
13 25 14 25
15 1 15 2
15 1 14 1
15 1 18 1
16 23 15 23
16 23 17 23
16 23 15 23
16 23 17 23
17 11 17 7
17 11 17 12
17 11 16 11
17 11 17 7
17 11 17 12
17 11 16 11
19 8 19 5
19 8 19 9
19 8 20 8
19 8 19 5
19 8 19 9
19 8 20 8
19 12 19 10
19 12 19 13
19 12 20 12
19 12 20 12
20 8 20 4
20 8 20 12
20 8 21 8
20 27 20 20
20 27 20 28
20 27 19 27
20 27 26 27
23 12 23 7
23 12 23 13
23 12 22 12
23 12 24 12
24 1 24 0
24 1 24 2
24 1 18 1
24 1 25 1
24 1 24 0
24 1 24 2
24 1 18 1
24 1 25 1
24 10 24 8
24 23 24 22
24 23 24 24
24 23 22 23
25 1 25 0
25 1 25 2
25 1 26 1
25 1 25 0
27 12 27 3
27 12 27 13
27 12 27 3
28 22 28 19
28 22 28 27
28 22 27 22
28 27 28 22
28 27 27 27
6 18 6 12
6 18 5 18
6 18 6 12
6 18 5 18
8 23 11 23
11 24 11 25
11 24 0 24
11 25 4 25
11 25 4 25
12 5 12 4
12 5 12 6
12 5 11 5
13 3 13 7
13 3 2 3
13 3 18 3
13 7 13 8
13 7 9 7
13 7 14 7
13 7 13 8
13 25 13 26
13 25 14 25
14 25 14 26
14 25 15 25
15 23 15 25
15 25 15 26
15 25 19 25
15 25 15 26
16 11 16 6
16 11 16 13
16 11 15 11
16 11 16 6
18 3 18 1
18 3 18 19
18 3 27 3
18 3 18 1
18 22 18 19
18 22 0 22
18 22 19 22
18 22 18 19
18 22 19 22
19 2 21 2
19 5 19 4
19 23 19 22
21 2 24 2
23 0 24 0
23 12 23 7
23 12 23 13
23 12 22 12
23 18 23 17
23 18 21 18
23 18 25 18
24 0 23 0
24 8 24 7
25 0 26 0
25 2 26 2
26 2 25 2
27 28 20 28
0 24 0 22
2 3 2 1
2 3 2 12
2 3 1 3
2 3 2 1
6 9 5 9
9 7 9 6
9 7 9 9
9 7 9 9
10 6 12 6
15 1 15 2
15 1 14 1
16 2 15 2
16 6 16 4
16 6 14 6
16 6 17 6
16 6 16 4
17 6 17 4
17 15 17 13
17 15 17 16
17 15 16 15
19 5 19 4
19 21 19 20
19 28 19 27
19 28 3 28
19 28 19 27
19 28 3 28
20 4 20 8
20 4 21 4
20 27 20 20
20 27 19 27
20 27 26 27
22 12 22 6
22 12 22 14
22 12 21 12
22 12 22 6
22 14 22 15
22 14 20 14
22 14 25 14
22 14 22 15
22 14 20 14
22 15 21 15
22 15 23 15
22 15 21 15
22 15 23 15
23 7 23 6
23 7 24 7
23 13 24 13
24 7 24 5
24 7 24 8
24 13 23 13
24 17 25 17
25 6 25 4
25 6 25 14
25 6 26 6
26 27 26 25
27 26 27 25
1 3 1 1
1 3 1 4
1 5 1 19
2 1 3 1
2 28 1 28
8 6 8 8
8 8 8 11
10 6 12 6
14 1 14 2
14 6 14 4
14 6 14 7
14 6 14 4
15 4 16 4
16 4 15 4
17 4 17 6
19 21 19 20
19 27 18 27
20 20 20 19
20 20 19 20
20 20 26 20
20 20 20 19
21 13 21 12
23 26 22 26
24 17 25 17
27 26 27 25
1 5 1 19
1 19 1 20
1 19 0 19
1 19 4 19
1 27 1 25
1 27 1 28
1 28 0 28
8 8 8 11
8 11 8 17
8 11 14 11
9 10 10 10
9 12 10 12
11 13 12 13
12 13 12 12
12 13 12 17
12 13 13 13
12 13 12 12
12 13 12 17
12 17 12 18
12 17 10 17
12 17 13 17
19 20 19 17
20 19 20 14
20 19 27 19
21 9 21 8
23 26 22 26
0 0 6 0
0 0 6 0
0 25 0 28
0 25 0 28
6 0 6 1
9 0 9 1
9 0 10 0
9 10 10 10
10 1 11 1
10 12 10 17
11 0 11 1
18 19 14 19
19 17 19 14
20 12 20 8
20 12 20 14
21 8 21 7
7 1 6 1
18 19 14 19
6 1 4 1

3382

2                                     2 - - 5 = 4 2 = = 3 
ǁ 1 - 3 1 3 = = = = = = = = = = = = = 6 2 2 ǁ   ǁ 2 = 5 4 
ǁ 3 = 6 - - - - - - - - 3         3 2 ǁ 2   ǁ   ǁ     | 1 
ǁ 2 1 ǁ 2 4         3 1     2         ǁ     ǁ   ǁ     | 2 
ǁ 2 2 ǁ   |       2     6   5       4 7 3 3 ǁ   ǁ 2   | ǁ 
ǁ |   ǁ 3 |       2     4 2 3 2   3 3 | 2   ǁ   ǁ ǁ   | ǁ 
4 3   ǁ   |       1     2 = = = = = 4 |     ǁ   ǁ ǁ   | ǁ 
| 1   ǁ 4 7 - - - - - - - - - - - - - 6 5 3 ǁ   ǁ ǁ   | ǁ 
|     ǁ   | 1 - 3 = = 4 - - - - - 3 2       ǁ 2 ǁ ǁ   | ǁ 
5 2   ǁ 3 | 1 4 = 2 2 | 1         |     1   ǁ ǁ ǁ ǁ   | ǁ 
2 1   ǁ 2 | 2 | 1 2 3 | 3 = = = = 7 3   1   ǁ ǁ ǁ ǁ   | ǁ 
3 5 4 ǁ 1 4 ǁ |   1 1 |   1       ǁ 1       ǁ 3 7 4   | ǁ 
ǁ 2 2 ǁ 2 5 3 |       | 2 6 = = = 6 2   2 1 ǁ   ǁ 1   | ǁ 
6 = = 8 = = = 6 4 5 3 |   2   1   1       2 ǁ   6 7 2 | ǁ 
ǁ 3 2 ǁ 2 = 4 3 2 2   5               4 4 3 ǁ   2 4 1 | ǁ 
ǁ 5 3 ǁ 2   | 2       5 1 2 1 4   2 1 ǁ 4 3 ǁ 3 - 5 3 | ǁ 
ǁ | 1 ǁ 4 = 6 = = = = 6 - 5   5   2 2 ǁ 3 2 ǁ 4   |   | ǁ 
ǁ |   ǁ 2 = 3 2 = = = 6 2 2 - 5 3 4 2 ǁ 3 2 ǁ 2   |   | ǁ 
ǁ 5 = 6 - - - - - - - - - - - - - - - 5 = = 6     |   2 ǁ 
ǁ ǁ 1 | 2 4 = = 6 2 1 - 4 1 3 - - 2 - - 4 2 3 1   1   5 4 
ǁ ǁ | | 3 = = = 7 = = = 5 - 4 - - - - 4 6 = = = = = = 7 2 
ǁ ǁ 2 | 1 1 3 1 3 1     2 1 ǁ 2 2 1 2 | | 2       3 2 ǁ | 
2 ǁ | | 2   5 = = = = = 6 - 6 6     | | |     2 1   3 ǁ | 
2 ǁ | | 1 2 3 4 = = = = 7 4 | 2   1 5 | |     |     2 ǁ | 
4 8 3 |   1 - 4 3 - 1   1 2 |     2 | | | 2 3 5 3     ǁ | 
3 6 3 | 4 - 5 - - - - - - - 4   4 5 4 | | 1     1     ǁ | 
1 1 2 | 2   3                     3 1 | 2   4   2 3 - 3 | 
2     5 = = = = = = = = 3 1 1         5 4 2 2     3 2 1 1 
1 2   3                               4 - - 5 = = = = 3   
