29 29
3 0 0 0 0 0 2 1 0 0 0 0 4 0 0 0 0 0 0 0 0 4 3 3 1 0 0 3 1 
0 1 4 0 2 4 0 0 0 0 0 0 5 3 0 0 0 4 0 0 0 0 0 7 0 0 0 7 3 
0 1 4 1 0 3 0 0 0 0 3 1 0 0 3 3 1 0 4 0 0 6 2 0 2 0 0 5 3 
3 0 0 0 4 0 3 0 1 0 0 0 0 0 2 0 1 0 0 2 1 0 0 0 1 0 0 3 2 
0 0 0 0 0 0 3 0 3 0 0 0 0 0 3 5 3 0 3 6 3 0 0 0 1 3 0 7 3 
0 2 0 0 6 0 0 4 0 2 0 0 0 1 0 3 1 0 3 0 1 0 0 0 0 5 2 0 0 
0 3 0 0 5 4 1 4 0 0 0 0 0 2 0 5 3 0 3 0 0 0 0 0 0 2 0 0 0 
0 2 1 0 2 5 2 1 2 3 0 0 0 5 6 5 4 0 1 0 0 0 0 0 0 0 0 0 0 
0 0 0 0 0 3 0 2 0 0 0 0 0 0 0 0 2 0 0 0 0 0 0 0 0 2 1 0 1 
0 3 0 0 0 0 0 0 0 0 6 3 0 3 0 0 0 4 0 7 3 0 0 0 0 0 0 0 0 
0 3 1 1 0 0 5 0 0 0 4 3 0 4 3 3 0 0 0 6 1 0 1 0 5 4 2 0 0 
0 1 0 0 0 0 2 0 0 0 2 3 0 2 3 4 4 2 0 3 1 0 0 0 0 0 1 0 0 
4 0 0 0 0 0 0 0 0 0 0 0 7 0 0 0 0 0 0 0 0 7 4 0 4 0 0 5 2 
0 1 3 0 0 0 0 0 0 0 3 0 0 0 0 0 0 0 0 0 0 2 0 0 0 1 3 0 2 
0 2 5 0 0 4 0 0 0 0 0 0 0 0 0 0 0 0 0 0 0 0 1 0 0 2 0 0 0 
0 0 0 1 3 0 0 0 0 0 0 0 0 0 0 0 0 0 0 0 0 0 0 0 0 0 0 0 0 
0 0 5 2 4 0 1 0 0 0 5 2 0 0 0 0 0 0 0 0 0 0 0 0 4 5 3 0 0 
0 0 2 0 1 0 0 0 0 0 1 0 0 0 0 0 0 0 0 0 0 0 0 0 2 3 2 0 0 
0 4 0 0 0 7 0 0 0 0 0 0 5 0 0 0 0 0 0 0 0 0 0 6 0 0 0 5 5 
0 0 2 2 0 0 2 0 4 2 4 1 0 0 0 0 0 0 1 0 0 0 3 0 1 0 0 0 3 
0 0 0 0 0 0 4 0 7 0 7 4 0 0 0 0 0 0 0 0 0 0 0 0 0 0 0 0 2 
0 5 7 6 1 0 0 2 0 1 3 1 0 1 5 0 0 0 0 4 0 0 6 0 2 0 0 3 2 
0 3 6 7 1 0 0 0 0 0 0 0 0 0 2 0 0 2 0 1 0 0 0 0 3 5 0 6 2 
0 1 2 4 2 0 2 0 0 0 0 0 0 0 0 0 0 0 0 0 0 0 0 0 2 5 3 0 2 
0 1 0 0 0 5 4 4 0 2 5 1 0 0 0 0 0 3 0 4 0 0 5 0 1 2 1 0 0 
5 0 0 0 2 0 2 1 0 2 3 0 0 0 2 0 3 0 0 4 2 0 0 4 0 0 0 7 6 
5 2 1 1 2 0 3 0 6 0 0 0 6 0 0 0 0 0 0 0 0 0 3 4 0 2 4 7 4 
5 3 0 3 3 4 5 0 6 2 2 0 5 4 3 0 0 0 0 0 0 0 0 5 0 1 2 6 3 
3 2 1 3 0 5 2 2 5 4 3 2 3 3 0 0 0 0 0 0 1 1 0 2 0 0 0 3 1 
300 132
1 23 1 17
1 23 1 27
1 23 0 23
1 23 18 23
2 21 2 18
2 21 2 22
2 21 12 21
2 21 2 18
2 21 2 22
2 21 12 21
4 27 4 25
4 27 4 28
4 27 3 27
4 27 12 27
5 25 5 26
5 25 4 25
5 25 6 25
9 19 9 17
9 19 9 20
9 19 4 19
9 19 10 19
10 22 12 22
10 24 10 25
10 24 4 24
10 24 12 24
12 12 12 0
12 12 12 21
12 12 1 12
12 12 18 12
12 22 12 21
12 22 14 22
12 22 12 21
14 5 14 2
14 5 18 5
14 5 14 2
14 5 18 5
16 2 16 3
16 2 14 2
16 2 17 2
18 5 18 1
18 5 18 12
18 5 24 5
18 28 18 27
18 28 13 28
18 28 19 28
20 8 20 6
20 8 20 10
20 8 19 8
20 8 26 8
21 1 21 2
21 1 18 1
21 1 22 1
21 7 24 7
21 14 21 13
21 14 21 19
21 14 22 14
22 3 22 2
22 3 22 4
22 3 21 3
22 3 23 3
25 0 25 4
25 0 12 0
25 0 26 0
25 27 25 23
25 27 25 28
25 27 22 27
25 27 26 27
25 28 25 27
25 28 23 28
25 28 26 28
25 28 25 27
25 28 23 28
26 28 26 27
26 28 27 28
26 28 26 27
27 0 27 1
27 0 26 0
27 0 28 0
28 5 28 3
28 5 28 6
28 5 27 5
28 8 28 7
28 8 28 9
28 8 27 8
0 21 0 12
0 21 0 22
0 21 0 12
0 21 0 22
0 22 0 23
2 18 2 16
2 18 4 18
7 13 7 14
7 13 6 13
7 13 9 13
16 6 16 10
16 11 16 10
17 10 16 10
21 4 21 3
21 7 24 7
22 3 22 2
22 3 21 3
22 3 23 3
23 3 23 2
23 3 23 4
23 4 25 4
24 1 23 1
24 7 24 6
24 7 25 7
25 0 12 0
25 0 26 0
0 12 0 7
0 12 1 12
1 17 1 13
1 17 1 23
1 17 1 13
12 0 12 12
16 11 16 10
22 2 22 1
22 2 21 2
22 2 23 2
22 2 22 1
16 10 13 10
21 1 21 2
21 1 18 1
21 2 21 3
21 2 19 2
13 10 13 2
18 1 18 5
21 2 21 3
21 2 19 2
21 3 19 3
13 10 13 2

3193

3           2 1 - - - - 4 = = = = = = = = 4 3 3 1     3 1 
  1 4   2 4             5 3 = = = 4 = = = = = 7 - - - 7 3 
  1 4 1   3         3 1 |   3 3 1 - 4 = = 6 2 | 2     5 3 
3       4   3   1       |   2   1   | 2 1 ǁ   | 1     3 2 
            3   3       |   3 5 3   3 6 3 ǁ   | 1 3 - 7 3 
  2     6     4   2     | 1   3 1   3 | 1 ǁ   | | 5 2 |   
  3     5 4 1 4         | 2   5 3   3 |   ǁ   | | 2   |   
  2 1   2 5 2 1 2 3     | 5 6 5 4   1 |   ǁ   | |     |   
          3   2         | |     2     |   ǁ   | | 2 1 | 1 
  3                 6 3 | 3       4 - 7 3 ǁ   | |     |   
  3 1 1     5       4 3 | 4 3 3       6 1 ǁ 1 | 5 4 2 |   
  1         2       2 3 | 2 3 4 4 2   3 1 ǁ | | |   1 |   
4 = = = = = = = = = = = 7 - - - - - - - - 7 4 | 4     5 2 
ǁ 1 3 = = = = = = = 3   |                 2 | |   1 3   2 
ǁ 2 5 = = 4         |   |                   1 |   2     | 
ǁ   | 1 3 ǁ         |   |                     |         | 
ǁ   5 2 4 ǁ 1 - - - 5 2 |                     | 4 5 3   | 
ǁ   2   1 ǁ         1   |                     | 2 3 2   | 
ǁ 4 = = = 7 - - - - - - 5                     6       5 5 
ǁ ǁ 2 2   | 2   4 2 4 1             1       3   1       3 
ǁ ǁ ǁ |   | 4 - 7 - 7 4                                 2 
ǁ 5 7 6 1 |   2 | 1 3 1   1 5 - - - - 4     6   2     3 2 
ǁ 3 6 7 1 |   ǁ |           2     2   1         3 5   6 2 
ǁ 1 2 4 2 | 2 ǁ |                               2 5 3 | 2 
ǁ 1     | 5 4 4 | 2 5 1           3   4     5   1 2 1 | ǁ 
5 - - - 2   2 1 | 2 3       2   3     4 2     4 - - - 7 6 
5 2 1 1 2   3   6       6                   3 4   2 4 7 4 
5 3   3 3 4 5   6 2 2   5 4 3                 5   1 2 6 3 
3 2 1 3 - 5 2 2 5 4 3 2 3 3             1 1   2       3 1 
