29 29
2 2 0 0 0 3 0 0 0 0 4 0 0 0 0 0 0 0 0 0 0 0 0 0 3 0 0 4 1 
4 0 0 4 0 0 0 0 0 0 6 0 0 0 0 4 0 0 3 2 0 0 0 3 0 3 1 5 3 
4 4 1 0 1 3 2 3 3 1 0 2 1 5 2 0 1 1 0 1 0 3 1 0 0 0 2 0 0 
0 0 2 0 3 5 1 1 0 0 0 5 2 0 1 0 3 3 4 0 0 6 3 0 0 0 0 0 0 
3 0 0 0 0 0 1 0 3 0 0 0 1 0 0 0 0 0 4 0 0 4 0 5 0 0 3 0 0 
0 0 3 0 0 0 3 1 0 0 0 0 4 5 3 4 4 0 2 2 0 3 1 0 0 0 0 0 0 
0 0 0 0 0 0 0 0 0 0 0 0 0 0 1 2 0 6 0 0 0 3 0 0 0 0 0 0 0 
0 3 4 0 3 0 0 1 0 0 0 0 4 0 2 7 2 0 2 0 0 0 5 3 0 0 0 0 0 
0 1 2 0 2 0 0 0 0 0 0 0 2 0 1 5 2 0 2 1 0 0 0 2 0 0 2 2 0 
0 2 0 7 0 8 6 3 0 0 0 5 0 4 0 0 0 6 0 0 0 0 7 3 0 0 0 1 0 
0 2 0 4 2 6 0 4 5 3 0 3 1 0 2 0 0 5 1 1 3 1 4 2 0 0 0 3 0 
3 0 0 0 0 0 0 0 0 0 3 0 0 4 0 0 0 4 0 0 3 2 4 2 0 0 0 0 0 
3 0 0 0 0 0 0 0 0 0 0 0 0 0 0 0 0 0 0 3 0 0 7 6 0 0 0 0 0 
3 0 0 0 0 0 0 0 0 0 0 0 4 0 0 0 0 4 2 0 4 2 0 0 0 0 0 0 0 
0 1 4 0 0 0 0 0 0 0 0 0 6 2 1 0 0 5 1 0 0 1 0 0 0 0 0 0 0 
0 1 4 0 0 2 0 2 0 0 0 0 3 2 0 0 0 5 2 0 0 0 0 0 4 7 7 4 0 
0 3 0 0 0 0 0 0 6 0 0 0 0 0 0 0 0 4 0 0 0 0 0 0 0 0 2 2 4 
0 2 4 0 0 0 5 2 0 4 0 0 0 0 2 0 0 0 2 0 0 3 0 0 0 5 2 0 2 
0 1 0 2 4 0 4 4 0 0 2 0 5 0 4 2 0 0 0 0 0 0 0 0 0 4 0 7 1 
0 0 0 0 0 0 0 2 0 0 0 0 0 0 0 0 0 0 0 0 0 0 0 0 0 3 2 5 2 
4 3 0 3 4 0 0 0 7 5 1 0 0 0 0 0 0 0 2 0 0 0 0 0 0 3 0 0 0 
4 4 0 2 0 0 0 0 4 3 0 1 2 0 0 0 0 0 1 0 0 0 0 0 0 1 0 1 0 
1 2 0 0 0 0 0 0 0 0 0 0 0 0 0 0 0 3 0 3 5 4 0 0 0 2 0 0 0 
1 0 5 0 0 0 0 0 0 0 0 0 0 0 5 0 0 0 0 0 0 0 4 0 0 0 0 0 0 
4 0 8 0 0 3 0 0 0 0 0 0 1 1 0 1 1 2 4 0 0 4 0 5 0 0 0 0 0 
0 1 0 2 4 0 0 3 0 2 0 0 3 4 0 2 5 0 0 3 3 4 1 0 2 3 0 0 0 
0 0 0 0 4 4 2 0 2 0 4 0 0 3 0 1 5 3 1 0 2 4 2 3 3 0 4 2 1 
5 3 2 1 1 0 0 5 0 0 0 0 0 0 5 0 0 0 0 4 0 0 0 0 0 0 3 3 3 
2 0 0 0 0 2 1 3 0 0 1 1 0 0 5 2 2 0 0 4 2 1 2 3 0 0 4 2 1 
300 307
2 13 2 12
2 13 2 14
2 13 5 13
7 15 7 14
7 15 7 16
7 15 6 15
7 15 8 15
9 3 9 1
9 3 9 5
9 3 1 3
9 3 10 3
9 5 9 3
9 5 9 6
9 5 3 5
9 5 10 5
9 22 9 17
9 22 9 23
9 22 7 22
9 22 10 22
12 22 12 19
12 22 12 23
12 22 11 22
12 22 23 22
12 23 12 22
12 23 11 23
12 23 24 23
12 23 12 22
12 23 11 23
15 25 15 24
15 25 15 26
15 25 1 25
15 25 17 25
18 27 18 25
18 27 18 28
18 27 16 27
18 27 19 27
20 8 20 4
20 8 20 9
20 8 16 8
20 8 21 8
24 2 24 0
24 2 24 5
24 2 23 2
24 2 27 2
24 2 24 0
24 2 24 5
24 2 23 2
24 2 27 2
24 23 24 21
24 23 26 23
25 1 27 1
27 0 27 1
27 0 24 0
27 0 28 0
27 1 27 0
28 14 28 11
28 14 28 15
28 14 27 14
2 13 2 14
2 13 5 13
4 23 4 21
4 23 1 23
4 23 7 23
8 4 7 4
9 5 9 6
9 5 3 5
9 5 10 5
9 6 9 7
9 6 5 6
9 6 17 6
9 6 9 7
10 5 10 4
10 5 15 5
10 5 10 4
10 5 15 5
14 2 14 1
14 2 15 2
14 2 15 2
14 2 15 2
14 12 14 13
14 12 13 12
14 12 15 12
14 12 14 13
14 12 13 12
14 12 15 12
15 2 15 1
16 1 17 1
16 8 16 17
16 8 10 8
16 8 20 8
16 8 16 17
16 8 10 8
16 17 15 17
16 17 22 17
17 9 17 14
17 9 20 9
17 9 17 14
17 9 20 9
17 28 16 28
18 12 18 10
18 12 18 14
18 12 21 12
18 27 18 25
18 27 16 27
18 27 19 27
19 7 18 7
23 22 23 14
23 22 12 22
23 22 23 14
24 0 23 0
24 23 24 21
24 23 26 23
27 0 28 0
28 14 28 15
28 14 27 14
5 6 5 7
5 6 4 6
8 4 7 4
11 22 11 21
11 22 10 22
11 22 11 21
13 12 13 17
13 12 10 12
14 14 14 17
15 12 15 13
15 13 15 17
15 27 15 26
15 27 10 27
15 27 15 26
15 27 10 27
16 1 17 1
16 28 1 28
16 28 17 28
16 28 1 28
17 2 17 6
17 2 23 2
17 2 17 6
17 2 23 2
18 1 20 1
18 15 18 14
18 25 17 25
18 25 19 25
19 7 18 7
21 18 20 18
22 17 22 19
22 20 22 19
22 20 22 21
22 20 13 20
22 21 22 20
22 21 17 21
22 21 22 20
23 2 23 14
24 21 24 18
24 21 25 21
7 4 3 4
10 3 10 1
10 3 9 3
10 3 10 1
10 27 9 27
11 10 1 10
11 13 11 17
11 13 9 13
11 13 11 17
11 13 9 13
12 19 10 19
12 19 22 19
13 20 13 21
17 21 14 21
18 7 18 6
18 7 17 7
18 15 18 14
20 18 17 18
24 18 24 17
24 18 26 18
24 18 24 17
25 16 25 15
25 16 24 16
25 16 26 16
26 17 26 16
2 11 3 11
7 7 9 7
9 11 9 13
9 11 3 11
9 11 10 11
10 7 10 8
10 7 15 7
10 7 10 8
10 7 15 7
10 11 9 11
10 20 10 21
10 20 11 20
10 20 11 20
10 22 10 23
10 22 9 22
10 23 9 23
11 10 1 10
11 17 10 17
11 17 13 17
13 17 13 18
13 17 14 17
13 20 13 21
14 17 14 18
14 17 15 17
14 17 15 17
15 17 15 18
15 18 17 18
17 7 17 6
18 6 18 4
18 6 17 6
18 6 18 4
18 14 18 12
23 14 27 14
23 14 27 14
24 15 25 15
25 16 26 16
26 15 26 16
26 17 26 16
28 16 28 19
28 16 28 19
28 19 28 20
28 19 27 19
1 10 1 3
1 10 1 15
1 10 0 10
1 10 1 3
1 15 1 18
1 15 5 15
1 15 1 18
2 11 3 11
3 14 5 14
10 11 9 11
13 18 10 18
18 4 18 3
18 4 20 4
20 4 20 3
20 4 20 8
0 10 0 5
0 10 0 24
0 10 0 5
1 3 1 0
3 11 3 12
9 3 9 1
9 13 9 17
9 17 9 22
9 17 6 17
9 17 10 17
9 17 6 17
10 14 10 17
10 17 10 14
18 3 20 3
20 3 21 3
21 3 21 8
21 8 21 9
21 8 20 8
0 5 0 1
1 0 0 0
1 0 2 0
1 0 0 0
2 0 2 1
2 0 4 0
2 0 2 1
2 1 2 2
2 1 7 1
3 2 5 2
3 11 3 12
4 0 11 0
4 12 5 12
5 12 5 13
5 12 7 12
5 12 5 13
5 13 5 14
6 17 6 15
6 17 6 21
6 17 3 17
6 17 6 21
6 21 5 21
7 12 7 14
7 12 8 12
7 12 8 12
8 14 8 15
8 19 8 18
3 2 5 2
4 0 11 0
5 2 7 2
5 15 5 14
5 15 5 16
5 15 5 16
5 16 3 16
7 2 7 1
7 2 8 2
7 2 7 1
8 1 8 2
8 18 7 18
11 0 12 0
12 0 13 0
5 16 3 16
7 18 7 22
12 0 13 0
13 0 20 0
20 0 20 1
20 0 21 0
20 0 20 1
21 0 21 1
21 0 22 0
21 0 21 1
21 1 22 1
22 1 21 1

3583

2 2 - - - 3 = = = = 4 - - - - - - - - - - - - - 3     4 1 
4 - - 4 = = = = = = 6 - - - - 4 = = 3 2       3   3 1 5 3 
4 4 1 | 1 3 2 3 3 1 ǁ 2 1 5 2 | 1 1   1   3 1 |   | 2   ǁ 
| | 2 | 3 5 1 1     ǁ 5 2 ǁ 1 | 3 3 4     6 3 |   |     ǁ 
3 | ǁ | | ǁ 1   3   ǁ | 1 ǁ | | ǁ | 4     4 - 5   | 3   ǁ 
ǁ | 3 | | ǁ 3 1     ǁ | 4 5 3 4 4 | 2 2   3 1 |   |     ǁ 
ǁ | | | | ǁ |       ǁ | |   1 2 - 6 = = = 3   |   |     ǁ 
ǁ 3 4 | 3 ǁ | 1     ǁ | 4 - 2 7 2 ǁ 2 - - - 5 3   |     ǁ 
ǁ 1 2 | 2 ǁ | |     ǁ | 2   1 5 2 ǁ 2 1     | 2   | 2 2 ǁ 
ǁ 2 = 7 = 8 6 3     ǁ 5 - 4 - - - 6 = = = = 7 3   |   1 ǁ 
ǁ 2 = 4 2 6 | 4 5 3 ǁ 3 1 ǁ 2 = = 5 1 1 3 1 4 2   |   3 ǁ 
3         ǁ | ǁ ǁ   3   | 4 = = = 4 | | 3 2 4 2   |   ǁ ǁ 
3         ǁ | ǁ ǁ       |         | | 3 - - 7 6   |   ǁ ǁ 
3         ǁ | ǁ ǁ       4 - - - - 4 2 | 4 2 ǁ |   |   ǁ ǁ 
| 1 4     ǁ | ǁ ǁ       6 2 1 - - 5 1 | | 1 ǁ |   |   ǁ ǁ 
| 1 4     2 | 2 ǁ       3 2 - - - 5 2 | | | ǁ | 4 7 7 4 ǁ 
| 3         |   6 = = = = = = = = 4 | | | | ǁ |   | 2 2 4 
| 2 4 = = = 5 2 ǁ 4 = = = = 2     | 2 | | 3 ǁ |   5 2 ǁ 2 
| 1 ǁ 2 4 = 4 4 ǁ ǁ 2 - 5 = 4 2   | | | | | ǁ |   4 = 7 1 
| | ǁ | |     2 ǁ ǁ     |         | | | | | ǁ |   3 2 5 2 
4 3 ǁ 3 4 = = = 7 5 1   |         | 2 | | | ǁ |   3       
4 4 ǁ 2 - - - - 4 3   1 2         | 1 | | | ǁ |   1   1   
1 2 ǁ                             3 - 3 5 4 ǁ |   2       
1   5 - - - - - - - - - - - 5 = = = = = = = 4 |           
4 = 8 = = 3             1 1 ǁ 1 1 2 4 - - 4 = 5           
| 1 ǁ 2 4     3   2     3 4 ǁ 2 5   | 3 3 4 1 ǁ 2 3       
| | ǁ   4 4 2   2   4     3 ǁ 1 5 3 1   2 4 2 3 3   4 2 1 
5 3 2 1 1     5             5         4             3 3 3 
2         2 1 3     1 1 - - 5 2 2 = = 4 2 1 2 3     4 2 1 
