29 29
3 0 0 0 0 0 0 6 0 0 0 0 0 0 0 0 0 0 0 0 0 0 6 0 0 0 5 4 1 
2 0 0 0 0 2 1 0 2 0 0 0 0 0 0 0 4 1 1 1 0 2 0 1 5 3 0 0 2 
2 0 3 0 0 0 0 6 0 0 0 0 0 0 0 0 5 4 5 0 0 3 0 3 7 4 0 3 4 
4 3 0 0 0 0 0 5 0 0 0 0 0 0 0 0 4 0 0 1 2 0 0 2 0 1 0 2 2 
0 2 0 3 2 0 4 0 4 0 6 0 0 0 6 2 0 0 0 0 0 0 6 0 7 2 0 0 0 
0 3 0 5 0 4 6 0 0 0 0 1 3 1 0 0 0 0 3 2 0 0 0 1 0 1 0 3 0 
0 4 0 0 3 1 0 0 0 0 0 0 0 1 6 1 0 0 3 1 0 0 0 3 6 5 0 0 4 
0 3 1 0 0 2 0 0 3 0 4 0 5 1 0 0 0 0 0 2 0 0 0 2 0 4 0 0 0 
0 2 0 6 6 4 0 0 0 0 0 0 0 2 0 0 0 0 5 4 0 0 0 1 0 4 0 0 0 
5 3 0 0 0 2 0 0 0 0 0 0 0 0 0 0 0 0 3 0 0 0 5 3 6 4 0 0 0 
0 0 0 0 4 2 0 0 1 0 0 0 4 4 0 0 0 0 0 0 0 0 2 3 4 1 0 0 0 
0 2 0 0 0 0 0 0 0 0 0 0 0 0 0 0 0 0 3 0 6 3 0 0 0 0 4 5 5 
0 2 1 0 0 0 0 0 0 0 0 0 0 0 0 0 0 0 1 0 0 0 3 6 3 1 0 0 0 
0 0 0 0 3 1 0 0 3 0 0 0 0 0 7 0 4 0 0 0 0 0 1 0 0 2 0 0 0 
0 5 5 0 1 0 0 0 1 2 0 5 2 0 0 1 0 0 3 4 0 0 4 5 0 0 0 0 0 
0 0 3 0 1 0 4 0 4 0 0 5 0 0 6 3 0 0 2 0 0 0 2 0 0 0 0 0 0 
0 0 0 0 0 0 0 0 0 0 1 1 3 0 3 1 0 0 0 0 0 0 0 0 0 0 0 0 4 
0 0 0 0 0 0 0 0 0 0 0 2 2 0 2 0 0 0 0 0 0 0 0 0 0 0 0 0 2 
4 0 2 0 3 0 4 0 5 0 5 4 0 0 2 0 4 2 3 0 0 0 0 0 0 0 0 4 3 
0 0 1 0 2 2 2 0 1 0 1 0 0 0 0 0 5 0 4 4 0 0 0 0 0 0 0 2 0 
3 4 0 7 0 0 0 7 0 0 0 0 0 0 0 0 0 0 0 0 6 0 0 0 0 0 0 0 2 
2 0 0 5 0 4 2 0 1 0 0 0 0 0 0 2 0 0 4 1 0 0 0 0 3 0 0 0 1 
0 2 5 3 1 0 0 0 2 2 4 0 0 0 0 0 0 0 6 1 0 0 0 0 2 0 0 4 5 
5 0 5 3 1 0 3 0 0 1 4 0 0 0 3 0 1 0 0 2 0 0 0 0 2 0 0 1 0 
6 2 1 6 5 0 0 0 0 1 4 0 1 0 1 0 0 0 0 0 0 0 0 0 0 0 0 1 0 
3 1 2 5 3 0 3 6 6 0 0 0 0 0 0 0 0 0 6 3 0 3 0 4 5 2 0 0 0 
2 0 0 0 0 6 4 3 0 3 4 2 2 0 1 0 0 0 4 1 0 2 1 1 3 2 0 0 4 
2 0 0 0 0 2 3 3 1 5 5 0 6 0 0 0 0 0 0 0 8 0 0 0 2 4 6 3 2 
2 0 0 0 1 0 3 4 2 3 3 2 3 2 2 0 0 0 0 0 5 0 0 3 2 2 2 2 1 
300 363
0 7 0 0
0 7 0 22
0 7 2 7
0 7 0 0
0 7 0 22
0 7 2 7
0 22 0 26
0 22 4 22
1 24 1 23
1 24 1 25
1 24 2 24
2 7 2 2
2 7 2 16
2 7 3 7
2 7 2 2
4 10 4 8
4 10 4 14
4 10 7 10
4 10 4 8
4 10 4 14
4 10 7 10
4 14 4 15
4 14 6 14
4 24 4 22
4 24 4 25
4 24 2 24
4 24 6 24
5 6 5 5
5 6 4 6
5 6 15 6
5 6 5 5
5 6 4 6
5 6 15 6
6 14 6 13
6 14 6 15
6 14 4 14
6 14 13 14
6 14 13 14
8 18 8 19
8 18 6 18
8 18 9 18
9 0 9 1
9 0 3 0
9 0 18 0
11 28 11 27
11 28 6 28
11 28 16 28
13 14 13 8
13 14 13 16
13 14 15 14
14 1 14 2
14 1 12 1
14 1 20 1
14 11 14 9
14 11 14 12
14 11 15 11
14 23 14 22
14 23 12 23
14 23 25 23
16 28 11 28
16 28 17 28
16 28 17 28
18 0 9 0
18 0 20 0
18 0 20 0
20 3 20 1
20 3 20 7
20 3 8 3
20 3 21 3
20 20 20 7
20 20 11 20
20 20 27 20
20 20 20 7
20 20 11 20
20 20 27 20
22 2 22 1
22 2 22 3
22 2 23 2
22 28 22 27
22 28 21 28
22 28 26 28
23 0 23 2
23 0 21 0
23 0 24 0
24 0 24 1
24 0 23 0
24 0 25 0
24 0 24 1
24 0 23 0
25 3 25 2
25 3 25 4
25 3 24 3
26 18 26 14
26 18 26 19
26 18 25 18
26 18 25 18
27 20 27 12
27 20 27 24
27 20 28 20
0 0 1 0
0 22 0 26
0 22 4 22
1 5 1 0
1 5 1 6
1 8 1 16
1 24 1 25
1 24 2 24
3 23 2 23
4 6 4 4
4 6 4 8
4 8 7 8
4 14 4 15
4 22 4 24
4 22 9 22
4 22 9 22
5 5 5 3
5 5 6 5
5 11 5 12
5 13 5 12
5 23 6 23
7 10 7 8
7 10 7 12
10 13 10 12
10 13 8 13
10 13 10 12
10 13 8 13
11 20 11 18
11 20 11 21
11 20 3 20
11 20 11 18
14 19 14 18
14 19 19 19
14 19 14 18
14 19 19 19
19 2 18 2
19 16 19 10
19 16 19 18
19 16 18 16
19 19 19 18
20 7 20 3
20 7 25 7
20 7 25 7
20 28 18 28
22 28 22 27
22 28 26 28
24 4 24 3
24 4 23 4
24 4 25 4
25 7 25 6
25 7 25 8
25 7 26 7
25 7 25 6
25 8 25 18
25 8 22 8
25 8 27 8
25 18 25 8
25 18 25 19
25 18 22 18
25 19 23 19
26 28 26 25
26 28 27 28
27 9 27 10
27 9 26 9
27 9 28 9
27 20 27 12
27 20 27 24
27 20 28 20
27 26 27 25
27 26 27 27
27 26 28 26
27 26 27 25
27 26 27 27
27 26 28 26
28 27 28 28
28 27 27 27
1 8 1 16
1 16 1 17
1 16 2 16
3 7 3 1
3 7 3 16
3 7 3 1
3 7 3 16
3 20 3 19
3 23 2 23
4 4 4 3
5 12 7 12
7 8 10 8
7 12 7 13
7 12 10 12
7 12 10 12
8 19 8 18
8 19 7 19
8 19 8 18
9 18 11 18
12 18 14 18
14 15 15 15
18 2 15 2
18 10 18 8
18 10 18 11
18 10 16 10
19 19 19 18
20 28 18 28
22 4 22 3
22 18 22 10
22 18 22 19
22 18 21 18
23 16 23 14
23 19 25 19
24 27 23 27
25 8 22 8
27 12 27 10
27 12 26 12
27 12 28 12
27 12 27 10
27 25 26 25
27 25 28 25
28 25 28 24
2 2 2 0
2 23 2 24
2 24 2 25
2 24 4 24
2 24 2 25
3 0 3 1
3 0 2 0
3 0 9 0
3 16 2 16
3 16 13 16
7 19 6 19
13 16 13 14
13 16 18 16
15 2 14 2
15 18 18 18
18 10 18 8
18 10 18 11
18 11 18 14
18 11 17 11
18 28 18 27
19 18 19 16
21 8 21 15
21 15 21 18
21 18 21 19
21 18 22 18
22 18 22 10
22 27 22 24
22 27 19 27
25 25 25 24
26 12 26 11
26 24 26 23
26 24 25 24
26 24 25 24
28 24 28 23
2 16 2 17
2 16 2 17
2 17 2 18
2 17 18 17
5 19 5 18
6 18 5 18
6 18 5 18
13 8 13 14
13 8 14 8
13 25 12 25
14 9 14 11
15 2 14 2
15 14 15 11
15 14 15 15
15 14 16 14
15 14 15 11
15 14 15 15
15 18 18 18
16 15 16 14
18 18 18 17
18 27 11 27
18 27 19 27
18 27 11 27
19 16 18 16
22 10 22 9
22 10 23 10
25 25 25 24
26 11 26 10
28 23 28 20
2 18 2 21
2 18 1 18
2 18 2 21
14 12 14 11
18 16 18 14
22 9 23 9
23 10 23 14
23 10 24 10
23 10 23 14
23 24 22 24
23 24 25 24
24 9 24 10
24 10 24 12
25 23 25 21
25 23 14 23
25 23 25 21
26 10 26 9
26 10 27 10
26 10 26 9
26 21 26 22
26 21 25 21
27 9 27 10
27 9 28 9
28 23 28 20
1 19 1 21
1 21 2 21
11 21 11 26
11 21 11 26
11 26 11 27
11 26 0 26
12 23 12 22
12 23 12 24
12 23 14 23
12 23 12 22
12 23 12 24
12 24 21 24
14 22 13 22
14 22 15 22
14 22 15 22
28 20 28 14
0 26 0 27
0 26 0 27
0 27 0 28
0 27 2 27
1 25 2 25
1 28 2 28
2 25 3 25
6 25 6 24
6 25 5 25
6 25 7 25
6 28 3 28
6 28 11 28
6 28 3 28
11 27 5 27
28 14 28 13
1 28 2 28
2 28 2 27
2 28 2 27
3 27 5 27
4 25 4 24
5 27 3 27
6 24 6 23
6 24 6 25
6 24 9 24
6 24 6 23
6 25 7 25
7 23 8 23
7 25 8 25
8 25 7 25
8 25 9 25
8 25 9 25
9 24 9 23
9 24 9 25
9 24 10 24
9 24 9 23
9 24 9 25
10 24 10 23
10 24 10 25
10 24 10 23
28 13 28 12
28 12 28 11
28 11 28 10
28 10 28 9

3918

3 = = = = = = 6 = = = = = = = = = = = = = = 6 = = = 5 4 1 
2 - - - - 2 1 ǁ 2 = = = = = = = 4 1 1 1 - 2 ǁ 1 5 3 | | 2 
2 - 3 = = = = 6 - - - - - - - - 5 4 5 = = 3 ǁ 3 7 4 | 3 4 
4 3 = = = = = 5 = = = = = = = = 4 |   1 2   ǁ 2 ǁ 1 | 2 2 
ǁ 2   3 2 - 4 - 4 = 6 = = = 6 2 | |     |   6 = 7 2 | ǁ ǁ 
ǁ 3   5 - 4 6   |   ǁ 1 3 1 ǁ   | | 3 2 |   ǁ 1 | 1 | 3 ǁ 
ǁ 4     3 1 ǁ   |   ǁ   | 1 6 1 | | 3 1 |   ǁ 3 6 5 | | 4 
ǁ 3 1     2 ǁ   3 - 4 - 5 1 ǁ   | | | 2 |   ǁ 2 | 4 | | ǁ 
ǁ 2   6 6 4 ǁ   |       ǁ 2 ǁ   | | 5 4 |   ǁ 1 | 4 | | ǁ 
5 3   |   2 ǁ   |       ǁ ǁ ǁ   | | 3   |   5 3 6 4 | | ǁ 
ǁ     | 4 2 ǁ   1       4 4 ǁ   | | |   |   2 3 4 1 | | ǁ 
ǁ 2   |     ǁ               ǁ   | | 3 = 6 3 = = = = 4 5 5 
ǁ 2 1 |     ǁ               ǁ   | | 1   ǁ   3 6 3 1   ǁ ǁ 
ǁ |   | 3 1 ǁ   3 = = = = = 7 = 4 | |   ǁ   1 ǁ | 2   ǁ ǁ 
ǁ 5 5 | 1   ǁ   1 2 = 5 2   | 1 | | 3 4 ǁ   4 5 |     ǁ ǁ 
ǁ | 3 | 1   4   4     5 = = 6 3 | | 2 ǁ ǁ   2 ǁ |     ǁ ǁ 
ǁ | | |             1 1 3   3 1 | | ǁ ǁ ǁ     ǁ |     ǁ 4 
ǁ | | |             | 2 2   2   | | ǁ ǁ ǁ     ǁ |     ǁ 2 
4 | 2 | 3   4   5 = 5 4 - - 2 - 4 2 3 ǁ ǁ     ǁ |     4 3 
ǁ | 1 | 2 2 2   1   1 - - - - - 5 = 4 4 ǁ     ǁ |     2 ǁ 
3 4 - 7 = = = 7 = = = = = = = = = = = = 6     ǁ |     | 2 
2     5   4 2 ǁ 1 - - - - - - 2 - - 4 1 ǁ     ǁ 3     | 1 
| 2 5 3 1     ǁ 2 2 4 = = = = = = = 6 1 ǁ     ǁ 2 - - 4 5 
5 - 5 3 1   3 ǁ ǁ 1 4 = = = 3 - 1   | 2 ǁ     ǁ 2     1 ǁ 
6 2 1 6 5     ǁ ǁ 1 4 - 1   1       | ǁ ǁ     ǁ |     1 ǁ 
3 1 2 5 3   3 6 6 = = = = = = = = = 6 3 ǁ 3 = 4 5 2     ǁ 
2         6 4 3 | 3 4 2 2   1 - - - 4 1 ǁ 2 1 1 3 2 - - 4 
2         2 3 3 1 5 5 = 6 = = = = = = = 8 = = = 2 4 6 3 2 
2       1   3 4 2 3 3 2 3 2 2 - - - - - 5 = = 3 2 2 2 2 1 
