29 29
1 2 0 0 4 2 0 4 0 6 0 0 0 0 0 0 0 0 0 0 4 2 1 2 0 0 0 3 2 
0 2 0 0 6 0 0 0 0 7 0 0 0 0 0 0 0 0 0 0 0 0 0 0 0 0 0 6 5 
0 0 1 0 0 2 2 4 1 0 2 5 0 3 1 2 4 2 0 0 0 0 0 0 3 2 1 0 4 
0 0 0 1 0 0 1 0 1 0 3 7 0 4 0 0 6 0 3 4 6 0 0 0 6 6 4 0 2 
0 0 0 0 0 0 0 0 0 0 3 0 1 4 3 2 0 0 0 2 0 0 0 0 0 2 0 0 2 
0 0 0 0 0 4 0 6 5 0 0 0 0 0 0 0 0 0 5 2 0 0 0 0 0 0 0 0 0 
0 0 2 0 0 0 1 0 2 0 0 6 3 0 0 0 0 0 0 0 0 0 0 0 0 0 0 0 3 
0 0 0 0 0 4 3 0 1 0 0 5 2 0 0 0 0 0 0 0 0 0 0 0 0 0 4 0 0 
0 0 0 0 0 0 1 0 0 0 0 5 2 0 0 0 0 0 0 0 4 2 0 0 0 2 2 0 0 
0 3 6 5 0 4 3 0 0 0 0 0 0 2 0 0 0 0 4 1 0 0 0 0 0 0 0 0 0 
0 2 2 3 0 0 1 0 0 0 0 0 2 6 2 0 0 0 2 0 0 0 0 0 0 6 0 5 3 
0 3 3 2 0 0 0 0 0 0 3 6 0 6 0 0 5 0 0 0 0 0 0 0 6 3 2 0 3 
5 0 0 0 6 0 0 3 4 0 0 0 2 0 4 2 0 2 0 0 4 1 1 0 0 1 0 0 4 
0 3 1 0 0 1 2 1 3 0 0 0 4 0 5 0 6 0 0 0 6 0 5 1 0 4 6 0 0 
4 0 0 0 0 3 3 2 0 0 0 0 0 0 0 2 0 1 0 1 0 0 4 3 0 0 3 0 2 
2 0 0 0 0 0 0 0 0 0 0 0 0 0 2 5 4 5 5 2 0 0 2 0 0 0 1 0 1 
4 5 1 0 0 0 0 0 0 0 2 6 0 0 3 5 2 1 2 2 5 0 0 0 0 3 0 4 2 
0 1 0 0 0 0 0 0 0 0 3 7 3 0 1 1 2 1 0 0 2 0 0 2 0 3 4 0 0 
0 4 0 0 6 4 0 5 4 0 2 2 2 6 4 0 0 0 0 0 0 0 4 2 0 4 4 0 2 
0 3 2 1 3 2 1 3 3 0 2 0 0 3 0 0 0 0 0 0 0 1 0 0 0 0 2 0 0 
4 3 0 0 6 0 0 0 0 7 0 0 0 0 0 0 0 0 0 0 0 0 0 0 6 6 4 0 3 
3 0 2 0 0 3 0 2 0 0 3 0 4 0 0 0 0 0 0 0 1 2 0 0 3 2 1 0 0 
0 0 0 0 0 0 0 0 0 0 3 2 0 2 5 0 0 0 0 0 0 0 0 0 0 0 0 5 4 
4 0 0 0 0 2 0 0 0 4 2 0 5 1 3 1 0 0 0 0 0 0 0 0 0 3 1 0 0 
0 0 4 0 4 2 0 0 0 5 4 2 0 1 5 0 0 0 0 0 0 0 0 0 0 5 3 0 0 
4 4 0 0 0 0 0 0 0 0 0 0 6 0 0 0 0 0 0 0 0 0 0 4 4 4 1 0 0 
0 2 0 0 1 1 3 3 0 2 0 0 0 0 2 0 5 0 0 2 1 0 2 0 1 2 0 0 3 
4 0 0 0 0 0 7 2 1 4 0 0 6 0 0 0 4 3 0 1 0 0 0 2 1 0 0 5 3 
1 0 0 0 0 0 4 0 0 4 2 0 6 0 0 0 0 0 0 0 0 0 3 1 1 0 0 3 1 
300 301
0 9 0 7
0 9 0 20
0 9 1 9
0 9 0 7
0 9 0 20
0 9 1 9
0 20 0 21
0 20 3 20
1 27 1 28
1 27 0 27
1 27 10 27
1 27 1 28
1 27 0 27
1 27 10 27
2 11 2 10
2 11 2 13
2 11 3 11
2 28 1 28
2 28 3 28
2 28 1 28
2 28 3 28
3 20 3 19
3 20 3 24
3 20 8 20
3 20 3 19
3 20 3 24
3 24 3 25
3 24 2 24
3 24 11 24
3 24 3 25
3 25 3 26
3 25 2 25
3 25 4 25
3 25 3 26
3 26 2 26
3 26 7 26
4 25 8 25
4 28 6 28
7 26 8 26
10 25 10 27
10 25 8 25
10 25 11 25
10 25 10 27
10 25 11 25
10 25 11 25
12 0 12 4
12 0 0 0
12 0 14 0
13 26 13 25
13 26 11 26
13 26 14 26
13 26 13 25
13 26 11 26
13 26 14 26
17 11 17 10
17 11 17 12
17 11 16 11
17 11 18 11
20 9 20 4
20 9 20 24
20 9 1 9
20 9 23 9
22 14 22 13
22 14 22 27
22 14 23 14
24 2 24 4
24 2 21 2
24 2 24 4
24 2 21 2
26 16 26 14
26 16 26 19
26 16 27 16
27 6 27 0
27 6 27 7
27 6 26 6
27 6 28 6
28 12 28 10
28 12 28 22
28 12 27 12
28 12 28 10
28 12 28 22
28 12 27 12
0 7 0 5
0 7 2 7
0 21 0 22
0 23 0 27
0 28 1 28
1 4 1 1
1 4 0 4
1 4 12 4
1 4 1 1
1 4 0 4
1 4 12 4
1 9 20 9
2 2 6 2
2 24 2 25
3 3 9 3
3 19 3 18
3 19 4 19
4 28 6 28
5 8 5 7
5 8 3 8
5 8 6 8
5 18 5 19
5 18 3 18
5 18 9 18
6 2 9 2
6 11 6 12
6 11 3 11
6 11 7 11
6 11 6 12
6 11 3 11
6 11 7 11
6 28 10 28
7 26 8 26
8 11 8 12
8 11 7 11
8 11 11 11
8 20 8 21
8 20 12 20
8 20 8 21
9 2 9 1
9 2 9 3
9 2 10 2
9 2 9 1
9 2 9 3
9 3 10 3
11 16 11 13
11 16 3 16
11 16 13 16
11 24 20 24
12 0 12 4
12 0 14 0
12 25 13 25
12 28 11 28
12 28 14 28
12 28 11 28
12 28 14 28
13 25 16 25
14 0 14 5
14 0 15 0
14 26 15 26
15 0 16 0
15 28 16 28
16 0 16 1
16 0 20 0
16 0 16 1
16 20 16 19
16 20 13 20
16 20 17 20
17 26 17 25
17 26 18 26
17 26 17 25
17 26 18 26
18 4 18 1
18 4 18 5
18 4 19 4
18 4 18 1
18 4 18 5
18 4 19 4
20 0 20 1
20 0 21 0
20 0 20 1
21 0 23 0
21 0 23 0
23 0 25 0
27 12 27 9
27 12 27 16
27 12 25 12
27 12 27 9
27 16 27 17
27 16 26 16
27 17 27 19
28 9 28 6
28 9 27 9
28 9 28 6
28 9 27 9
0 1 0 4
0 1 0 4
0 5 2 5
2 8 2 7
4 19 5 19
9 1 10 1
9 3 10 3
10 28 10 27
10 28 11 28
11 24 20 24
12 4 12 7
13 1 13 2
16 2 16 1
18 1 17 1
18 1 19 1
20 24 20 9
20 24 20 25
20 24 21 24
20 25 20 26
20 25 18 25
20 25 21 25
20 25 20 26
20 25 18 25
23 0 25 0
25 0 25 1
25 0 27 0
25 12 25 1
25 12 25 23
25 12 23 12
25 12 25 1
25 12 25 23
25 23 25 24
25 23 27 23
25 24 25 25
25 24 26 24
25 24 25 25
26 1 26 4
26 1 25 1
26 5 26 6
26 9 26 7
26 14 26 16
26 19 26 20
26 22 28 22
27 0 27 6
27 0 28 0
27 8 27 7
28 6 27 6
2 7 2 6
2 7 5 7
5 7 5 5
5 7 5 8
5 7 12 7
5 7 5 5
5 8 6 8
6 6 7 6
7 8 12 8
9 5 9 6
9 5 7 5
9 5 9 6
9 5 7 5
10 6 9 6
12 4 12 7
12 8 13 8
18 25 18 26
18 25 17 25
18 26 18 28
19 26 20 26
21 7 21 5
24 4 24 5
24 4 20 4
24 9 24 5
24 9 24 10
24 9 23 9
24 14 24 13
24 14 24 25
24 14 23 14
26 7 26 6
26 7 26 9
3 6 2 6
5 5 2 5
5 5 7 5
7 5 7 6
7 6 8 6
12 8 13 8
16 25 16 27
16 27 16 25
16 27 16 28
18 28 20 28
19 26 20 26
20 4 20 1
20 4 20 9
20 4 19 4
20 28 22 28
20 28 22 28
21 7 21 5
21 26 21 25
22 28 22 27
22 28 26 28
12 8 13 8
18 8 18 7
18 8 19 8
18 8 18 7
18 8 19 8
19 1 19 2
19 1 19 2
19 8 19 7
21 5 23 5
21 24 21 21
23 5 23 9
23 9 23 10
24 9 24 10
21 24 21 21
24 9 24 10
24 10 24 11
24 11 22 11
21 20 21 12
23 10 22 10
23 12 23 13
23 12 21 12
23 12 21 12
21 12 21 10
22 11 22 10
22 13 22 14
21 10 22 10

5258

1 2 = = 4 2 - 4 = 6 = = = = = = = = = = 4 2 1 2 - - - 3 2 
| 2 = = 6 |   |   7                     |             6 5 
|   1   ǁ 2 2 4 1 ǁ 2 5 - 3 1 2 4 2     |       3 2 1 ǁ 4 
|   | 1 ǁ | 1 | 1 ǁ 3 7   4     6   3 4 6 = = = 6 6 4 ǁ 2 
|   | | ǁ |   | | ǁ 3 ǁ 1 4 3 2 |   | 2 |       | 2 | ǁ 2 
|   | | ǁ 4 = 6 5 ǁ   ǁ         |   5 2 |       | | | ǁ ǁ 
|   2 | ǁ | 1 | 2 ǁ   6 3       |   |   |       | | | ǁ 3 
|   | | ǁ 4 3 | 1 ǁ   5 2       |   |   |       | | 4 ǁ | 
|   | | ǁ ǁ 1 | | ǁ   5 2       |   |   4 2     | 2 2 ǁ | 
| 3 6 5 ǁ 4 3 | | ǁ   |   2     |   4 1 |       | |   ǁ | 
| 2 2 3 ǁ   1 | | ǁ   | 2 6 2   |   2   |       | 6 = 5 3 
| 3 3 2 ǁ     | | ǁ 3 6   6 - - 5       |       6 3 2   3 
5 = = = 6 = = 3 4 ǁ     2   4 2 | 2     4 1 1   ǁ 1 ǁ   4 
ǁ 3 1     1 2 1 3 ǁ     4   5   6       6   5 1 ǁ 4 6   ǁ 
4 - - - - 3 3 2   ǁ           2   1   1 |   4 3 ǁ | 3   2 
2                 ǁ         2 5 4 5 5 2 |   2   ǁ | 1   1 
4 5 1             ǁ 2 6     3 5 2 1 2 2 5       ǁ 3 = 4 2 
| 1               ǁ 3 7 3   1 1 2 1     2     2 ǁ 3 4     
| 4 = = 6 4   5 4 ǁ 2 2 2 6 4               4 2 ǁ 4 4 - 2 
| 3 2 1 3 2 1 3 3 ǁ 2     3               1     ǁ ǁ 2   | 
4 3 - - 6 = = = = 7 = = = = = = = = = = = = = = 6 6 4   3 
3   2   | 3 = 2   | 3 - 4 - - - - - - - 1 2 = = 3 2 1   ǁ 
ǁ   ǁ   | |       | 3 2 ǁ 2 5 - - - - - - - - - - - - 5 4 
4   ǁ   | 2 - - - 4 2 | 5 1 3 1                   3 1   | 
ǁ   4 = 4 2 - - - 5 4 2 | 1 5 - - - - - - - - - - 5 3   | 
4 4 = = = = = = = = = = 6 = = = = = = = = = = 4 4 4 1   | 
| 2 - - 1 1 3 3 = 2     |   2 = 5 - - 2 1   2 | 1 2     3 
4 = = = = = 7 2 1 4 = = 6 - - - 4 3 - 1     | 2 1     5 3 
1           4 = = 4 2 = 6 = = = = = = = = = 3 1 1     3 1 
