29 29
3 0 4 2 4 0 0 4 5 0 6 4 5 0 0 0 0 5 0 0 0 0 0 3 4 0 5 3 2 
3 3 0 2 2 1 0 0 1 0 0 1 5 2 2 0 0 5 0 2 1 0 0 0 3 1 0 3 0 
2 3 0 0 1 3 0 6 0 0 6 0 0 0 0 0 0 0 0 0 0 0 0 5 0 0 6 5 5 
0 1 0 3 0 0 0 4 4 2 0 2 4 0 0 0 0 0 0 0 0 0 3 0 3 3 0 0 0 
4 0 6 0 0 0 0 0 0 0 4 0 0 0 0 0 0 0 0 0 0 0 4 0 5 5 0 0 0 
4 2 0 0 0 0 3 6 2 1 0 3 0 0 0 0 0 0 2 2 6 3 0 0 0 0 0 0 0 
1 2 0 0 0 0 0 0 1 0 0 6 0 0 0 0 0 0 6 0 5 2 0 0 0 0 0 0 0 
4 4 0 3 0 0 4 7 6 4 0 0 4 3 3 0 3 0 5 3 0 1 0 0 3 0 0 0 0 
0 1 0 2 0 0 0 2 0 0 0 0 6 0 0 0 0 0 0 4 1 5 5 0 3 0 0 0 4 
0 0 0 0 0 0 0 1 0 2 0 0 0 2 4 1 1 0 0 3 2 3 1 0 1 0 0 0 0 
0 0 5 0 0 0 6 3 0 0 0 4 0 3 5 0 0 0 0 0 0 0 0 6 0 3 1 0 0 
0 0 0 2 4 3 1 0 0 0 0 0 0 0 2 0 2 0 6 0 4 4 0 3 1 0 3 0 0 
0 0 0 0 2 0 1 0 0 0 0 0 0 0 3 0 0 0 5 0 0 0 0 0 0 0 5 0 3 
0 0 0 5 0 4 5 0 6 2 0 0 0 0 0 2 0 0 0 0 0 0 0 0 4 1 0 0 2 
0 0 0 0 1 0 0 4 4 0 0 0 0 0 0 0 0 0 0 0 0 0 1 0 0 0 0 4 4 
0 0 0 5 2 0 3 0 0 0 0 0 0 4 0 0 0 0 0 0 0 0 0 0 0 0 0 0 0 
0 0 0 2 0 0 3 3 0 0 0 0 0 2 0 0 1 0 0 0 0 0 4 0 0 0 0 3 0 
0 2 0 0 0 0 0 0 0 0 0 0 0 0 0 0 0 0 0 0 0 0 0 0 0 0 0 3 0 
0 0 5 0 0 5 5 0 4 2 0 0 0 4 7 0 2 0 2 0 3 0 6 0 7 5 0 1 0 
0 0 4 4 3 3 3 0 1 0 0 0 0 0 0 0 0 0 0 0 0 0 0 2 0 4 0 1 0 
4 4 0 0 0 0 0 0 0 0 5 4 0 2 2 0 0 0 0 0 0 0 0 0 0 0 0 0 0 
0 0 2 0 0 4 0 0 4 4 0 1 0 0 0 0 0 0 3 0 0 0 6 5 0 2 0 0 2 
2 0 1 0 0 5 3 1 0 2 0 0 0 0 0 0 0 0 2 0 0 0 4 2 0 0 0 0 3 
1 0 0 0 0 1 0 0 2 0 6 0 5 0 0 0 0 0 0 0 0 0 0 0 7 0 6 5 5 
4 6 0 0 0 0 0 0 4 1 0 2 4 0 0 0 0 0 0 0 4 4 5 1 0 1 0 0 2 
0 3 0 0 2 5 4 2 2 1 0 0 0 1 1 0 0 0 0 0 1 4 3 0 0 2 0 0 2 
5 5 0 4 4 4 0 2 0 0 7 5 0 0 0 1 0 2 0 0 0 3 0 0 0 0 0 4 2 
3 1 3 5 3 0 5 0 0 0 6 3 4 3 3 0 0 0 0 0 0 0 0 0 5 2 1 5 1 
3 0 2 1 1 1 5 0 3 1 2 1 2 1 2 3 0 0 2 0 0 2 0 0 4 1 1 5 2 
300 247
0 8 0 7
0 8 0 10
0 8 1 8
0 10 0 8
0 10 0 11
0 10 2 10
0 12 0 11
0 12 0 17
0 12 1 12
0 26 0 24
0 26 0 27
0 26 2 26
2 28 2 27
2 28 0 28
2 28 8 28
4 25 4 24
4 25 3 25
4 25 10 25
7 7 7 6
7 7 7 8
7 7 5 7
7 7 8 7
8 28 2 28
8 28 12 28
8 28 12 28
10 2 10 6
10 2 4 2
10 2 18 2
13 3 13 5
13 3 11 3
13 3 15 3
18 14 18 13
18 14 18 16
18 14 12 14
18 14 20 14
18 24 18 22
18 24 18 25
18 24 13 24
18 24 23 24
19 23 21 23
23 28 23 27
23 28 22 28
23 28 24 28
26 0 26 1
26 0 24 0
26 0 27 0
26 10 26 7
26 10 26 11
26 10 23 10
26 10 27 10
28 6 28 5
28 6 28 8
28 6 27 6
28 27 28 26
28 27 28 28
28 27 27 27
0 8 0 7
0 10 0 11
0 10 2 10
0 11 0 12
2 10 2 7
2 10 2 23
2 10 4 10
2 10 2 7
5 20 5 19
5 20 5 21
5 20 6 20
5 20 5 19
5 20 5 21
5 20 6 20
5 21 6 21
19 23 21 23
28 6 28 8
28 6 27 6
28 8 28 9
28 27 28 28
28 27 27 27
0 7 0 4
0 7 2 7
1 11 1 12
1 17 1 14
1 17 1 19
1 17 0 17
0 4 0 3
0 4 1 4
0 4 0 3
0 2 0 0
0 2 4 2
0 2 0 0
0 2 4 2
4 2 4 0
4 2 4 10
4 2 10 2
4 10 4 22
4 10 20 10
5 7 5 6
5 7 5 8
5 7 7 7
5 7 5 6
5 7 5 8
5 9 7 9
6 8 7 8
6 11 6 18
6 11 5 11
6 11 10 11
6 11 6 18
6 11 5 11
6 11 10 11
6 18 6 20
6 18 5 18
6 18 7 18
6 18 6 20
7 8 7 7
7 8 7 9
7 8 13 8
7 8 7 7
7 9 9 9
7 12 7 13
7 12 8 12
7 12 7 13
7 12 8 12
8 12 8 19
8 12 23 12
8 12 8 19
8 12 23 12
10 11 20 11
11 18 11 16
11 18 11 20
11 18 12 18
11 18 11 16
11 18 11 20
11 18 12 18
13 8 13 6
13 8 13 9
13 8 14 8
13 8 13 6
13 8 13 9
14 8 14 7
14 8 18 8
14 8 14 7
15 13 10 13
15 13 16 13
15 13 10 13
15 13 16 13
18 13 18 14
18 13 20 13
18 13 18 14
0 0 1 0
3 1 2 1
3 8 3 7
3 8 3 9
3 8 3 7
3 8 3 9
3 11 3 12
3 12 3 11
3 12 3 22
3 12 3 22
4 0 2 0
4 0 5 0
4 0 2 0
5 0 5 1
5 0 6 0
5 0 5 1
5 6 7 6
5 11 5 18
6 1 7 1
7 0 7 1
7 0 20 0
7 0 7 1
7 0 20 0
7 1 6 1
7 6 7 3
7 6 10 6
7 9 9 9
7 13 7 14
7 14 7 16
7 18 7 16
7 18 7 19
7 18 7 16
7 18 7 19
8 1 17 1
8 3 7 3
8 7 9 7
10 6 10 2
10 6 10 7
10 6 11 6
10 6 10 7
10 11 20 11
14 7 14 4
14 7 16 7
17 1 20 1
18 2 18 5
18 2 19 2
20 0 20 1
20 0 22 0
20 1 20 10
20 1 24 1
20 11 20 10
20 11 21 11
21 9 21 8
21 9 22 9
21 9 21 8
21 9 22 9
22 0 23 0
24 0 24 1
24 0 26 0
24 0 24 1
1 0 1 1
1 0 1 1
1 1 2 1
3 7 3 3
3 7 2 7
7 3 8 3
16 7 16 6
18 2 18 5
18 2 19 2
18 9 18 8
19 2 19 3
19 3 19 2
19 3 19 4
19 3 19 4
19 4 19 5
20 10 23 10
20 10 23 10
21 8 21 5
21 8 23 8
23 10 23 8
23 10 23 12
23 10 26 10
2 7 2 5
2 7 2 5
3 3 1 3
16 7 16 6
18 9 18 8
21 5 21 2
21 5 22 5
21 5 21 2
22 5 22 2
22 5 22 6
22 5 23 5
22 5 22 6
25 5 25 4
25 5 25 6
25 5 26 5
3 3 1 3
18 8 18 6
19 8 19 6

4470

3 = 4 2 4 - - 4 5 = 6 4 5 - - - - 5           3 4 - 5 3 2 
3 3 ǁ 2 2 1   | 1   ǁ 1 5 2 2 - - 5 - 2 1       3 1 | 3 | 
2 3 ǁ ǁ 1 3 = 6 = = 6 - - - - - - - - - - - - 5     6 5 5 
ǁ 1 ǁ 3 - - - 4 4 2 | 2 4 = = = = = = = = = 3   3 3     ǁ 
4 - 6 - - - - - - - 4 - - - - - - - - - - - 4   5 5     ǁ 
4 2 ǁ       3 6 2 1 | 3 - - - - - - 2 2 6 3       |     ǁ 
1 2 ǁ       | ǁ 1 | | 6 = = = = = = 6 = 5 2       |     ǁ 
4 4 ǁ 3 - - 4 7 6 4 | ǁ 4 3 3 - 3 = 5 3   1     3 |     ǁ 
ǁ 1 ǁ 2     | 2 | ǁ | ǁ 6 = = = = = = 4 1 5 5   3 |     4 
ǁ | ǁ       | 1 | 2 | ǁ ǁ 2 4 1 1     3 2 3 1   1 |     ǁ 
ǁ | 5 = = = 6 3 |   | 4 ǁ 3 5                 6   3 1   ǁ 
ǁ | | 2 4 3 1   |   | ǁ ǁ ǁ 2   2 = 6 = 4 4   3 1   3   ǁ 
ǁ | | | 2   1   |   | ǁ ǁ ǁ 3       5               5   3 
ǁ | | 5 - 4 5 = 6 2 | ǁ ǁ ǁ | 2                 4 1     2 
ǁ | | | 1 - - 4 4   | ǁ ǁ ǁ |               1   |     4 4 
ǁ | | 5 2   3 | |   | ǁ ǁ 4 |                   |         
ǁ | | 2     3 3 |   | ǁ ǁ 2 |   1           4   |     3   
ǁ 2 |           |   | ǁ ǁ   |                   |     3   
ǁ | 5 = = 5 5 - 4 2 | ǁ ǁ 4 7 - 2   2   3   6 - 7 5   1   
ǁ | 4 4 3 3 3 - 1   | ǁ ǁ | |                 2 | 4   1   
4 4 - - - - - - - - 5 4 ǁ 2 2                 ǁ |         
| | 2 = = 4 - - 4 4 ǁ 1 ǁ           3       6 5 | 2     2 
2 | 1 - - 5 3 1 | 2 ǁ   ǁ           2       4 2 |       3 
1 |       1     2 - 6 - 5                       7   6 5 5 
4 6             4 1 ǁ 2 4               4 4 5 1   1     2 
ǁ 3     2 5 4 2 2 1 ǁ     1 1           1 4 3     2     2 
5 5   4 4 4   2 - - 7 5       1   2       3           4 2 
3 1 3 5 3   5       6 3 4 3 3                   5 2 1 5 1 
3   2 1 1 1 5 = 3 1 2 1 2 1 2 3     2     2     4 1 1 5 2 
