29 29
0 2 3 6 4 0 5 0 0 0 0 0 0 0 0 0 3 0 0 0 3 0 1 1 5 0 4 2 4 
2 7 2 0 2 2 1 4 2 0 0 0 0 0 0 0 0 0 0 0 0 0 0 0 2 0 0 0 0 
0 0 0 0 4 8 0 7 0 0 0 0 0 0 0 0 7 0 0 0 7 0 0 0 0 0 6 3 6 
0 0 0 0 2 4 0 5 2 3 4 0 0 0 0 4 0 2 5 5 5 0 2 0 0 0 0 1 0 
0 0 0 0 4 0 0 4 0 2 2 0 4 3 0 0 0 0 5 4 0 0 0 0 0 0 5 4 0 
2 5 0 7 0 0 0 0 4 0 0 0 5 5 2 0 0 0 0 0 2 0 5 0 2 1 3 2 0 
0 0 2 0 3 0 0 0 0 0 0 0 0 0 0 6 7 0 6 5 0 0 7 0 0 0 0 4 3 
2 5 5 0 2 2 0 4 3 0 4 0 3 0 0 0 0 2 3 3 2 0 0 4 5 4 1 0 0 
1 4 0 0 4 3 0 0 2 0 0 0 3 0 2 0 0 5 7 6 4 0 0 2 0 0 0 0 0 
0 4 0 0 5 4 1 0 4 0 3 0 0 0 0 0 0 0 1 0 0 0 0 0 0 0 0 0 0 
0 0 4 0 0 0 0 0 0 0 0 0 0 0 0 0 6 4 0 6 5 3 8 0 7 4 0 0 0 
0 3 0 0 0 0 0 0 0 0 0 0 4 0 4 0 0 2 0 0 0 1 0 2 6 5 0 0 0 
0 0 0 0 0 0 3 5 0 0 0 0 0 0 0 0 0 0 0 0 0 2 0 0 0 0 0 0 0 
0 4 3 0 4 0 2 0 0 0 0 0 2 2 0 0 3 5 2 0 0 0 0 0 0 0 0 0 0 
0 0 2 0 0 0 5 4 0 0 0 0 0 0 0 0 4 4 3 0 0 0 0 0 0 0 0 0 0 
0 0 0 0 4 0 1 0 0 0 5 0 0 6 0 0 0 0 4 4 0 0 0 0 0 0 0 0 0 
0 6 4 0 0 0 0 0 0 0 2 0 0 2 0 0 3 0 0 0 4 4 0 0 0 0 0 0 2 
0 0 0 0 5 6 0 6 8 0 0 0 0 6 3 0 0 0 0 0 3 3 0 0 0 0 0 0 0 
0 0 0 0 2 5 2 0 6 2 0 0 0 4 2 0 5 7 0 0 0 0 8 0 0 6 2 0 0 
0 0 0 0 2 5 1 0 4 0 0 0 0 2 0 0 4 5 0 0 0 0 5 0 4 4 2 0 0 
4 6 0 5 0 0 0 6 0 0 0 0 0 0 0 5 0 0 0 0 0 0 0 0 0 0 0 5 5 
4 7 0 4 4 6 2 0 3 0 1 4 0 3 0 0 3 0 4 0 2 0 0 0 0 0 0 0 0 
2 0 0 0 3 0 0 0 0 2 4 6 0 5 2 0 4 2 0 0 0 0 0 0 0 0 0 0 0 
0 0 0 0 5 6 0 6 7 0 4 6 2 0 0 0 1 0 0 2 8 0 0 0 0 4 2 0 1 
0 0 0 0 4 6 2 1 4 4 0 0 0 5 2 0 0 0 0 0 0 1 4 3 4 1 0 0 2 
6 5 0 6 0 0 0 0 0 0 0 0 0 0 0 7 0 0 6 0 6 0 6 1 0 0 0 0 0 
0 4 3 0 4 4 2 3 0 0 0 0 0 0 0 7 6 2 3 2 3 2 2 0 0 0 0 0 0 
6 7 5 4 5 0 0 2 4 0 0 0 0 0 0 4 4 2 4 0 0 0 0 2 4 0 0 6 3 
3 2 3 5 5 2 3 0 4 2 4 0 0 0 0 5 0 0 6 0 0 0 0 0 0 4 2 4 2 
300 500
0 3 0 2
0 3 0 4
0 3 5 3
0 3 0 2
0 3 0 4
0 3 5 3
0 4 0 6
0 4 1 4
0 6 0 16
0 6 1 6
0 6 0 16
0 24 0 23
0 24 0 26
0 24 1 24
0 28 0 27
0 28 2 28
0 28 0 27
0 28 2 28
1 1 1 0
1 1 1 2
1 1 0 1
1 1 5 1
1 7 1 8
1 7 2 7
1 7 1 8
1 7 2 7
2 5 2 4
2 5 2 7
2 5 1 5
2 5 3 5
2 5 2 4
2 5 2 7
2 5 1 5
2 5 3 5
2 16 2 7
2 16 2 20
2 16 0 16
2 16 6 16
2 28 2 27
2 28 6 28
3 15 3 10
3 15 6 15
3 15 3 10
3 15 6 15
3 18 3 17
3 18 3 19
3 18 4 18
5 3 5 1
5 3 5 8
5 3 20 3
6 2 7 2
6 15 6 4
6 15 6 16
6 15 20 15
6 15 6 4
6 16 6 18
6 16 2 16
6 16 10 16
6 22 6 19
6 22 6 27
6 22 5 22
6 22 10 22
7 23 7 24
7 23 8 23
7 23 7 24
7 23 8 23
8 17 8 18
8 17 7 17
8 17 10 17
8 18 8 17
8 18 8 19
8 18 7 18
8 18 9 18
9 1 8 1
9 1 11 1
9 1 8 1
9 1 11 1
9 4 9 5
9 4 8 4
9 4 13 4
10 2 7 2
10 2 13 2
10 2 7 2
10 2 13 2
10 16 10 17
10 16 6 16
10 16 13 16
10 16 10 17
10 16 13 16
10 22 10 21
10 22 10 24
10 22 6 22
10 22 18 22
11 1 13 1
11 25 11 24
11 25 10 25
11 25 18 25
12 7 12 6
12 7 7 7
12 7 14 7
13 1 13 2
13 1 16 1
13 1 16 1
14 2 16 2
14 6 14 7
14 6 13 6
14 6 15 6
15 4 13 4
15 4 17 4
15 4 13 4
15 4 17 4
15 10 15 13
15 10 9 10
15 10 16 10
15 13 15 10
15 13 13 13
15 13 16 13
15 13 13 13
15 13 16 13
16 1 16 2
16 1 20 1
17 8 17 7
17 8 17 13
17 8 9 8
17 8 18 8
17 8 17 7
17 8 17 13
17 8 9 8
17 8 18 8
17 13 17 14
17 13 18 13
18 8 18 6
18 8 18 9
18 8 19 8
18 8 18 6
18 16 18 17
18 16 16 16
18 16 19 16
18 22 18 17
18 22 18 25
18 22 10 22
18 22 19 22
20 7 20 3
20 7 20 15
20 7 23 7
20 7 20 3
20 7 20 15
20 7 23 7
20 28 20 27
20 28 16 28
20 28 23 28
21 1 21 0
21 1 21 3
21 1 20 1
21 1 25 1
21 5 21 4
21 5 21 6
21 5 23 5
21 5 21 4
21 5 21 6
21 5 23 5
23 4 23 5
23 4 22 4
23 4 24 4
23 5 23 4
23 5 23 7
23 5 24 5
23 7 23 8
23 7 24 7
23 7 23 8
23 8 23 10
23 8 21 8
23 8 24 8
23 11 23 10
23 11 23 12
23 11 22 11
23 11 23 10
23 11 23 12
23 11 22 11
23 20 23 19
23 20 23 25
23 20 21 20
23 20 25 20
23 20 23 19
23 20 23 25
23 20 21 20
23 20 25 20
24 5 24 4
24 5 24 6
24 5 26 5
24 5 24 4
24 5 24 6
24 13 24 9
24 13 24 14
24 13 22 13
25 0 25 1
25 0 22 0
25 0 27 0
25 0 25 1
25 0 22 0
25 0 27 0
25 3 25 1
25 3 21 3
25 3 27 3
25 3 25 1
25 3 21 3
25 3 27 3
25 20 25 18
25 20 25 22
25 20 26 20
25 20 25 18
25 22 25 23
25 22 24 22
25 22 26 22
26 1 26 2
26 1 27 1
26 1 26 2
26 1 27 1
26 2 27 2
26 15 26 7
26 15 26 16
26 15 25 15
26 15 27 15
27 0 27 1
27 0 28 0
28 3 28 2
28 3 28 4
28 3 27 3
28 10 28 9
28 10 28 15
28 10 28 9
28 10 28 15
28 18 28 15
28 18 28 25
28 18 27 18
28 18 28 15
28 18 28 25
28 18 27 18
28 25 28 26
28 25 24 25
0 20 0 22
0 20 2 20
0 20 2 20
0 24 0 26
0 24 1 24
0 26 2 26
0 26 2 26
1 4 2 4
2 4 3 4
2 16 2 7
2 16 2 20
2 26 2 20
2 26 2 27
2 26 4 26
2 26 2 20
2 28 2 27
2 28 6 28
3 5 3 4
3 5 3 7
3 10 3 9
3 10 4 10
3 17 3 18
3 27 4 27
4 4 4 7
4 4 4 7
4 7 4 9
4 7 3 7
4 27 4 26
4 27 5 27
4 27 4 26
5 8 5 3
5 8 5 12
5 8 5 12
5 13 5 12
5 13 5 14
5 13 4 13
5 14 5 13
6 2 7 2
6 4 7 4
6 16 6 18
6 18 6 19
6 18 4 18
6 18 7 18
6 18 6 19
7 2 7 1
8 1 8 0
8 1 7 1
8 18 8 17
8 18 8 19
8 19 8 20
8 19 7 19
8 19 10 19
8 19 8 20
8 20 7 20
8 20 10 20
9 8 9 10
9 8 8 8
10 17 10 19
10 19 10 20
10 19 15 19
10 22 10 21
10 22 10 24
10 24 10 25
10 24 7 24
10 24 11 24
11 17 13 17
11 23 11 24
11 24 11 23
11 24 11 25
11 24 10 24
13 4 13 6
13 12 11 12
14 2 16 2
14 6 14 7
15 18 15 19
15 18 14 18
15 18 15 19
15 18 14 18
15 19 10 19
16 1 16 2
16 1 20 1
16 10 15 10
17 5 17 4
17 5 17 7
17 5 18 5
17 5 17 4
17 5 17 7
17 5 18 5
17 7 14 7
17 13 17 14
17 13 18 13
18 9 18 13
18 13 18 14
18 14 17 14
18 22 18 17
18 22 18 25
18 22 19 22
18 25 18 26
18 25 11 25
18 25 19 25
19 5 19 4
19 5 19 6
19 5 18 5
19 8 19 13
19 13 19 8
19 24 19 22
19 24 19 25
19 24 19 22
19 24 19 25
19 25 19 26
20 0 20 1
20 0 21 0
20 0 20 1
20 0 21 0
20 28 20 27
20 28 16 28
21 0 21 1
21 1 21 3
21 1 20 1
21 4 22 4
21 18 21 16
21 18 25 18
21 18 21 16
21 18 25 18
22 9 22 10
22 11 22 10
22 11 22 13
22 11 21 11
22 11 22 10
23 10 23 8
23 25 23 26
23 25 23 26
24 4 23 4
24 8 24 9
24 8 23 8
24 8 24 9
24 9 24 13
24 21 24 22
24 22 24 23
24 22 25 22
24 23 24 24
24 24 24 23
24 24 27 24
24 24 27 24
24 28 27 28
24 28 27 28
25 15 25 18
25 15 20 15
25 15 26 15
25 15 25 18
25 15 20 15
25 15 26 15
25 22 26 22
26 4 26 5
26 4 27 4
26 4 26 5
26 4 27 4
26 5 26 6
26 16 26 15
26 16 26 17
26 16 27 16
26 16 26 17
26 16 27 16
26 21 26 20
27 0 27 1
27 0 28 0
27 16 27 15
27 16 27 17
27 17 27 18
27 18 27 23
27 23 27 24
27 27 27 28
27 27 20 27
27 27 28 27
27 27 20 27
27 27 28 27
27 27 28 27
28 0 28 1
28 8 28 6
28 8 27 8
28 8 28 6
28 8 27 8
28 15 27 15
28 26 28 27
2 7 3 7
2 20 3 20
3 7 3 8
3 7 3 8
3 9 4 9
4 10 4 12
4 12 4 13
4 12 5 12
4 12 4 13
5 12 5 13
6 28 6 27
7 17 7 18
7 20 7 19
9 10 7 10
10 19 10 20
10 25 10 24
10 25 7 25
11 14 11 12
11 14 8 14
11 14 11 12
11 14 8 14
11 17 13 17
12 6 12 7
12 6 9 6
12 7 7 7
13 12 11 12
17 4 18 4
19 17 19 16
19 17 19 22
19 17 18 17
19 26 18 26
20 3 5 3
20 27 6 27
21 4 22 4
21 8 21 10
21 11 21 13
22 9 22 10
22 17 22 16
23 16 22 16
26 18 26 19
26 21 26 20
27 8 27 7
27 8 27 15
6 27 6 22
7 7 7 5
7 7 7 8
7 10 7 8
7 10 7 12
7 10 7 8
7 12 8 12
7 19 6 19
7 24 7 25
7 25 7 24
7 25 7 26
8 12 7 12
9 5 9 4
9 5 8 5
9 5 9 4
21 11 21 13
21 13 22 13
22 16 22 17
22 16 21 16
26 7 26 6
26 7 27 7
26 18 26 19
28 6 28 5
5 27 5 26
8 4 8 5
8 4 7 4
8 4 8 5
19 16 19 17
19 16 18 16
19 17 18 17
28 5 28 4
28 4 28 3
28 4 27 4

3089

  2 3 6 4 - 5 = = = = = = = = = 3       3 - 1 1 5 = 4 2 4 
2 7 2 ǁ 2 2 1 4 2               |       ǁ       2   ǁ   ǁ 
  |   ǁ 4 8 = 7 = = = = = = = = 7 = = = 7 = = = = = 6 3 6 
  |   ǁ 2 4 - 5 2 3 4 = = = = 4 ǁ 2 5 5 5   2       | 1 ǁ 
  |   ǁ 4 = = 4 - 2 2 - 4 3   ǁ ǁ   5 4             5 4 ǁ 
2 5 - 7 = = = = 4 = = = 5 5 2 ǁ ǁ   |   2   5   2 1 3 2 ǁ 
    2 ǁ 3 = = = = = = = = = = 6 7 = 6 5 - - 7 = = = = 4 3 
2 5 5 ǁ 2 2 - 4 3 = 4 - 3     | ǁ 2 3 3 2   ǁ 4 5 4 1 |   
1 4 ǁ ǁ 4 3   ǁ 2   |   3   2 | ǁ 5 7 6 4   ǁ 2 | |   |   
  4 ǁ ǁ 5 4 1 ǁ 4 - 3       ǁ | ǁ | 1 | |   ǁ   | |   |   
  ǁ 4 ǁ |   | ǁ ǁ   |       ǁ | 6 4 - 6 5 3 8 = 7 4   |   
  3 ǁ ǁ |   | ǁ ǁ   |   4 = 4 | ǁ 2   ǁ   1 ǁ 2 6 5   |   
  | ǁ ǁ |   3 5 ǁ   |   ǁ     | ǁ ǁ   ǁ   2 ǁ     ǁ   |   
  4 3 ǁ 4 - 2 | ǁ   |   2 2   | 3 5 2 ǁ     ǁ     ǁ   |   
  ǁ 2 ǁ ǁ   5 4 ǁ   |     ǁ   | 4 4 3 ǁ     ǁ     ǁ   |   
  ǁ ǁ ǁ 4   1 | ǁ   5 = = 6   |     4 4     ǁ     ǁ   |   
  6 4 ǁ ǁ     | ǁ   2     2   | 3       4 4 ǁ     ǁ   | 2 
  ǁ   ǁ 5 6 = 6 8 = = = = 6 3 | |       3 3 ǁ     ǁ   | ǁ 
  ǁ   ǁ 2 5 2 = 6 2 - - - 4 2 | 5 7 = = = = 8 = = 6 2 | ǁ 
  ǁ   ǁ 2 5 1   4 = = = = 2   | 4 5 - - - - 5 = 4 4 2 | ǁ 
4 6   5 = = = 6 = = = = = = = 5                       5 5 
4 7 = 4 4 6 2 ǁ 3 - 1 4 = 3   ǁ 3 = 4   2             ǁ | 
2 |   ǁ 3 ǁ   ǁ | 2 4 6 - 5 2 ǁ 4 2 ǁ   ǁ             ǁ | 
ǁ |   ǁ 5 6 - 6 7 = 4 6 2 |   ǁ 1   ǁ 2 8 = = = = 4 2 ǁ 1 
ǁ |   ǁ 4 6 2 1 4 4 = = = 5 2 ǁ     ǁ   ǁ 1 4 3 4 1   ǁ 2 
6 5 = 6   |                   7 = = 6 = 6 - 6 1 ǁ |   ǁ ǁ 
ǁ 4 3 ǁ 4 4 2 3 - - - - - - - 7 6 2 3 2 3 2 2   ǁ |   ǁ ǁ 
6 7 5 4 5     2 4 - - - - - - 4 4 2 4 - - - - 2 4 |   6 3 
3 2 3 5 5 2 3 = 4 2 4 = = = = 5 = = 6 = = = = = = 4 2 4 2 
