29 29
2 1 0 0 3 0 0 0 6 0 3 0 5 0 0 4 0 0 0 3 0 0 3 4 3 2 0 3 1 
4 0 0 0 0 0 0 0 6 0 0 0 7 0 0 0 0 0 0 0 0 0 6 4 0 0 0 6 3 
0 2 0 0 5 5 5 3 6 5 3 0 0 0 0 3 2 0 0 0 0 3 2 1 0 0 0 0 0 
0 1 0 0 0 2 0 0 2 0 2 0 0 0 0 4 0 0 0 5 0 7 0 0 0 0 0 5 0 
0 0 2 0 6 0 6 0 0 8 0 0 6 0 0 0 0 6 3 0 2 7 0 0 0 4 2 0 0 
5 6 5 0 6 1 0 1 0 3 0 0 0 4 0 4 2 0 3 6 4 1 1 0 0 2 0 0 0 
0 4 0 5 6 0 4 5 0 4 1 2 0 3 1 0 0 0 1 4 4 0 4 0 0 0 4 0 0 
0 4 2 6 0 0 0 4 0 0 0 0 0 4 0 7 6 0 1 6 0 4 0 0 0 0 0 0 0 
4 5 0 0 0 0 0 0 0 7 7 6 0 3 3 0 0 0 3 5 1 0 0 0 0 0 0 0 0 
0 3 4 4 2 6 0 4 1 0 4 4 0 2 2 0 2 0 3 3 0 7 0 0 0 0 6 7 3 
4 6 5 0 0 0 2 7 2 0 3 2 0 4 1 0 0 0 4 0 0 4 2 4 3 0 0 2 1 
2 0 2 0 0 0 0 4 2 0 0 2 0 0 0 0 0 0 1 4 0 4 4 0 5 2 0 2 0 
3 7 0 7 0 7 0 0 0 8 6 3 0 0 0 0 0 0 2 7 1 0 2 0 4 0 0 0 0 
1 5 4 0 1 4 0 2 0 2 3 0 3 4 2 0 0 0 0 2 0 0 0 0 0 0 0 0 0 
2 3 3 0 3 0 0 4 0 0 0 0 0 0 0 4 0 7 0 0 0 5 0 5 6 2 0 0 0 
6 0 0 8 0 0 0 0 0 0 0 0 0 0 0 0 0 8 0 0 0 0 0 0 0 0 8 7 5 
0 3 3 0 2 4 0 0 0 0 4 0 5 0 0 2 0 0 0 0 0 0 0 2 0 0 0 0 0 
0 0 0 0 0 0 0 0 2 0 5 0 0 0 3 0 0 7 0 0 0 0 0 6 2 0 0 0 0 
0 0 0 0 0 0 0 0 0 0 0 0 0 0 0 2 0 0 2 2 0 0 0 0 0 0 0 0 0 
5 7 6 0 2 0 0 0 0 0 0 0 0 0 0 0 0 0 0 0 0 4 0 0 0 0 5 0 4 
1 4 5 0 0 0 0 0 0 0 0 0 0 0 0 4 0 5 6 5 0 5 3 2 0 0 0 0 0 
0 0 0 0 0 0 0 0 0 0 0 0 0 0 0 4 0 6 0 0 0 7 6 0 0 0 0 0 4 
0 3 3 0 0 0 0 0 0 0 0 0 0 0 0 2 2 4 0 4 0 0 3 0 0 0 0 0 3 
0 4 0 0 3 5 0 0 0 0 3 0 0 0 0 1 6 0 0 5 2 0 5 6 0 0 5 6 4 
4 8 4 0 0 0 0 0 0 0 0 0 0 1 4 3 4 2 0 0 0 0 0 0 3 4 0 0 0 
0 2 0 0 0 0 0 0 0 0 0 0 0 1 2 4 3 1 0 0 0 0 4 7 7 6 1 0 0 
6 0 0 6 0 0 0 0 0 0 0 0 3 0 0 0 0 0 0 5 0 0 0 1 4 4 0 0 2 
2 1 0 5 0 0 0 0 0 0 0 0 0 0 0 0 0 0 0 5 3 4 0 0 0 0 0 8 2 
1 0 0 4 4 0 0 4 2 1 0 0 0 0 0 0 0 0 0 0 0 4 4 2 2 0 0 4 0 
300 546
0 8 0 4
0 8 0 10
0 8 1 8
0 8 0 4
0 8 0 10
0 8 1 8
0 12 0 10
0 12 0 15
0 12 1 12
1 8 1 0
1 8 1 12
1 8 2 8
1 8 1 0
1 12 1 22
1 12 0 12
1 12 4 12
2 4 2 1
2 4 2 5
2 4 4 4
2 6 2 5
2 6 2 7
2 6 4 6
2 8 2 7
2 8 2 9
2 8 3 8
2 8 2 7
2 8 2 9
3 19 3 15
3 19 3 21
3 19 5 19
3 27 3 21
3 27 1 27
3 27 9 27
4 9 4 6
4 9 4 12
4 9 2 9
4 9 5 9
4 9 4 6
4 9 4 12
4 9 2 9
4 9 5 9
4 12 4 17
4 12 1 12
4 12 13 12
4 21 4 20
4 21 4 25
4 21 3 21
4 21 5 21
5 0 5 1
5 0 1 0
5 0 8 0
5 13 5 15
5 13 6 13
5 13 5 15
5 13 6 13
5 15 5 16
5 15 7 15
6 3 6 1
6 3 6 4
6 3 7 3
7 15 7 13
7 15 7 16
7 15 14 15
7 21 7 19
7 21 9 21
7 21 7 19
7 21 9 21
8 9 8 1
8 9 8 10
8 9 6 9
8 9 12 9
8 10 8 9
8 10 8 11
8 10 6 10
8 10 9 10
8 11 8 10
8 11 6 11
8 11 9 11
8 11 8 10
8 11 6 11
9 5 9 4
9 5 9 7
9 5 12 5
9 5 9 4
9 5 9 7
9 5 12 5
9 7 9 8
9 7 10 7
9 10 9 11
9 10 10 10
9 10 9 11
9 11 10 11
9 21 9 19
9 21 9 26
9 21 10 21
10 2 10 1
10 2 9 2
10 2 11 2
10 6 10 7
10 7 10 6
10 7 10 8
10 7 11 7
12 1 12 0
12 1 12 3
12 1 10 1
12 1 13 1
12 5 12 3
12 5 12 9
12 5 13 5
12 9 12 5
12 9 12 10
12 9 8 9
12 9 13 9
12 19 12 18
12 19 12 20
12 19 11 19
12 19 13 19
14 17 14 15
14 17 14 21
14 17 4 17
14 17 15 17
15 0 15 3
15 0 14 0
15 0 19 0
15 0 15 3
15 0 14 0
15 0 19 0
15 3 15 17
15 3 12 3
15 3 26 3
15 17 15 3
15 17 15 26
15 17 14 17
15 17 17 17
15 26 15 17
15 26 15 27
15 26 9 26
15 26 19 26
15 28 15 27
15 28 10 28
15 28 19 28
16 12 16 10
16 12 16 15
16 12 26 12
16 23 17 23
17 10 17 8
17 10 16 10
17 10 23 10
19 0 19 1
19 0 20 0
19 0 19 1
19 1 19 2
19 1 16 1
19 1 20 1
19 2 19 1
19 2 16 2
19 2 20 2
19 2 19 1
19 2 16 2
19 21 19 26
19 21 20 21
19 21 19 26
19 21 20 21
20 1 20 2
20 1 22 1
20 1 20 2
20 2 22 2
20 18 20 17
20 18 20 19
20 18 18 18
20 18 20 17
20 18 20 19
20 18 18 18
21 21 21 17
21 21 21 22
21 21 20 21
21 21 27 21
22 19 22 17
22 19 23 19
22 19 22 17
22 19 23 19
23 1 22 1
23 1 24 1
23 1 22 1
23 1 24 1
23 5 23 4
23 5 23 10
23 5 16 5
23 22 23 23
23 22 22 22
23 22 25 22
24 0 24 1
24 0 26 0
24 0 24 1
24 0 26 0
24 1 24 2
24 1 25 1
24 2 24 1
24 2 22 2
24 2 24 1
24 25 24 24
24 25 25 25
24 25 24 24
24 25 25 25
25 1 27 1
25 23 25 22
25 23 25 24
25 23 23 23
25 23 26 23
25 25 25 24
25 25 25 26
25 25 26 25
25 25 25 24
26 0 27 0
26 0 27 0
26 3 26 12
26 3 15 3
26 3 27 3
26 3 26 12
26 3 27 3
26 19 23 19
26 19 27 19
26 25 26 24
26 25 26 28
26 25 26 24
27 27 27 21
27 27 27 28
27 27 28 27
27 27 27 21
27 27 27 28
27 27 28 27
27 27 28 27
28 0 28 3
28 3 28 4
28 3 27 3
28 3 28 4
28 4 28 7
28 7 28 4
28 7 28 8
28 7 28 8
28 9 28 21
28 21 28 22
28 21 27 21
28 21 28 22
28 22 28 23
28 24 28 23
28 24 28 27
0 0 0 1
0 0 1 0
0 12 0 15
0 15 0 19
1 12 1 22
1 22 1 23
1 22 0 22
1 22 2 22
1 22 1 23
2 6 2 5
2 6 4 6
2 9 2 10
2 10 3 10
3 10 2 10
3 15 3 19
3 15 2 15
3 15 2 15
4 17 4 18
4 17 14 17
4 17 4 18
4 17 4 18
4 21 4 20
4 21 4 25
4 21 3 21
4 25 4 26
4 25 5 25
4 26 6 26
5 0 5 1
5 0 8 0
5 1 5 2
5 1 3 1
5 1 6 1
5 1 5 2
5 16 7 16
5 20 5 19
5 20 6 20
5 20 5 19
5 20 6 20
5 25 5 22
6 1 6 3
6 1 7 1
6 4 6 3
6 4 6 6
6 4 5 4
6 4 6 6
6 4 5 4
6 6 6 7
6 6 4 6
6 14 6 13
6 20 6 19
6 20 6 22
6 22 6 26
6 26 6 22
6 26 9 26
7 1 7 2
7 1 8 1
7 1 7 2
7 3 7 7
7 7 7 3
7 7 6 7
7 7 6 7
7 13 7 15
7 13 8 13
7 13 8 13
7 15 7 16
7 15 14 15
7 16 9 16
7 16 9 16
7 19 7 18
7 19 6 19
7 19 8 19
7 19 6 19
8 0 8 1
8 0 10 0
8 20 8 19
9 3 9 2
9 3 12 3
9 3 9 2
9 3 12 3
9 26 9 21
9 26 9 27
9 26 15 26
9 27 9 28
9 27 3 27
9 27 10 27
10 0 10 1
10 0 11 0
10 0 10 1
10 1 10 2
10 1 9 1
10 7 10 8
10 7 11 7
11 0 12 0
11 2 10 2
11 7 11 8
11 8 11 7
12 1 12 0
12 1 12 3
12 1 13 1
12 9 12 10
12 9 13 9
12 10 12 11
12 10 10 10
12 10 13 10
12 10 12 11
12 11 11 11
12 19 12 18
12 19 11 19
12 19 13 19
13 0 13 1
13 2 13 1
13 2 14 2
13 2 13 1
13 2 14 2
13 10 13 12
14 1 14 2
14 15 14 7
14 17 14 21
14 23 14 21
14 23 14 24
14 23 10 23
14 24 14 23
14 24 14 25
14 24 12 24
14 24 14 23
14 24 14 25
15 3 12 3
15 17 17 17
15 26 15 27
15 26 19 26
15 28 15 27
15 28 19 28
16 1 16 2
16 23 17 23
17 8 17 10
17 17 17 14
17 17 17 23
17 17 20 17
17 24 17 23
18 15 20 15
18 19 20 19
19 28 19 26
19 28 21 28
20 2 22 2
21 21 21 17
21 21 21 22
21 21 20 21
21 22 21 28
21 22 20 22
21 22 22 22
21 22 21 28
21 28 22 28
23 23 23 22
23 23 23 26
23 23 25 23
23 23 23 22
23 26 23 27
24 24 25 24
25 22 25 23
25 23 25 22
25 24 26 24
26 19 23 19
26 19 27 19
26 19 27 19
26 24 25 24
26 28 23 28
27 3 27 19
27 3 27 19
27 20 23 20
0 15 0 19
0 19 0 22
0 22 0 23
0 23 0 24
0 23 1 23
0 23 0 24
0 24 0 25
0 25 0 27
1 23 1 27
1 27 1 28
1 27 0 27
1 27 3 27
1 27 1 28
2 1 2 4
2 15 2 16
2 16 2 21
2 23 2 22
3 21 3 19
3 21 2 21
3 21 2 21
4 6 4 4
5 4 5 2
5 4 5 5
5 4 4 4
5 4 5 2
6 19 6 18
9 2 9 1
9 27 9 28
9 27 10 27
9 28 1 28
10 10 10 11
10 23 10 22
10 23 10 24
10 23 10 22
10 24 11 24
11 22 11 21
11 22 12 22
11 22 11 21
11 22 12 22
11 25 11 24
11 27 15 27
12 5 13 5
12 24 11 24
13 5 13 4
13 5 13 7
13 7 14 7
13 10 13 12
13 13 13 14
13 13 10 13
13 13 13 14
13 13 10 13
14 4 14 7
14 7 14 4
14 21 11 21
15 27 11 27
16 15 16 12
17 24 17 23
18 15 20 15
18 19 20 19
20 15 20 17
20 15 21 15
20 19 20 21
20 22 20 23
20 23 20 22
21 15 21 17
21 15 22 15
21 15 21 17
22 22 22 28
22 28 23 28
23 26 23 27
23 27 23 26
23 27 23 28
23 27 23 26
23 27 23 28
27 20 23 20
0 27 0 28
3 5 2 5
4 4 4 2
4 4 2 4
4 4 4 2
5 18 5 19
5 19 5 18
8 1 8 9
8 1 9 1
10 13 10 14
10 13 9 13
10 24 11 24
11 25 11 24
14 21 11 21
16 12 16 10
17 23 17 17
23 19 23 16
2 5 3 5
5 18 5 19
6 9 6 7
6 9 5 9
6 9 6 7
10 21 10 18
10 21 9 21
10 21 10 18
11 19 11 18
16 10 16 5
17 10 23 10
22 17 22 16
22 17 21 17
23 5 23 4
23 5 16 5
23 16 23 15
23 16 22 16
23 16 24 16
23 16 24 16
10 18 9 18
16 5 16 4
19 4 16 4
19 4 23 4
21 17 20 17
23 16 24 16
24 17 24 16
24 17 25 17
25 16 25 15
10 18 9 18
17 17 17 14
25 16 25 15
17 14 24 14
25 16 25 15
25 15 25 14
24 15 24 14
24 15 24 14
24 15 24 14
25 14 25 13

3543

2 1     3 = = = 6 = 3 - 5 = = 4 = = = 3 - - 3 4 3 2 - 3 1 
4 = = = = = = = 6 - - - 7 = = = = = = = = = 6 4 - - - 6 3 
| 2 = = 5 5 5 3 6 5 3   ǁ     3 2 - - - - 3 2 1       ǁ | 
| 1     ǁ 2 ǁ   2 ǁ 2   ǁ     4 = = = 5 = 7 - - - - - 5 | 
| | 2 = 6 - 6 = = 8 = = 6 - - - - 6 3 | 2 7 = = = 4 2 ǁ | 
5 6 5 = 6 1 | 1   3     | 4 = 4 2 ǁ 3 6 4 1 1 - - 2 | ǁ | 
ǁ 4 = 5 6 = 4 5 = 4 1 2 | 3 1 | | ǁ 1 4 4 - 4 = = = 4 ǁ | 
ǁ 4 2 6 = = = 4   | | ǁ | 4 = 7 6 ǁ 1 6 = 4         | ǁ | 
4 5 = = = = = = = 7 7 6 | 3 3 ǁ ǁ ǁ 3 5 1 ǁ         | ǁ | 
| 3 4 4 2 6 = 4 1 ǁ 4 4 | 2 2 ǁ 2 ǁ 3 3 - 7 = = = = 6 7 3 
4 6 5 ǁ   ǁ 2 7 2 ǁ 3 2 | 4 1 ǁ   ǁ 4 = = 4 2 4 3   ǁ 2 1 
2 | 2 ǁ   ǁ   4 2 ǁ | 2 | ǁ   ǁ   ǁ 1 4   4 4 | 5 2 ǁ 2 | 
3 7 = 7 - 7 = = = 8 6 3 | ǁ   ǁ   ǁ 2 7 1 ǁ 2 | 4   ǁ ǁ | 
1 5 4 ǁ 1 4 - 2   2 3 = 3 4 2 ǁ   ǁ   2   ǁ   | |   ǁ ǁ | 
2 3 3 ǁ 3 = = 4 - - - - - - - 4 - 7 = = = 5 - 5 6 2 ǁ ǁ | 
6 = = 8 = = = = = = = = = = = = = 8 = = = = = = = = 8 7 5 
ǁ 3 3 ǁ 2 4 - - - - 4 = 5 = = 2   ǁ           2     ǁ   ǁ 
ǁ | ǁ ǁ | ǁ     2 = 5   |   3 = = 7 = = = = = 6 2   ǁ   ǁ 
ǁ | ǁ ǁ | ǁ         ǁ   |   | 2   | 2 2             ǁ   ǁ 
5 7 6 ǁ 2 ǁ         ǁ   |   | ǁ   | ǁ ǁ   4 = = = = 5 - 4 
1 4 5 ǁ | ǁ         ǁ   |   | 4 - 5 6 5 - 5 3 2         | 
  | ǁ ǁ | ǁ         ǁ   |   | 4 = 6 = = = 7 6 = = = = = 4 
  3 3 ǁ | ǁ         ǁ   |   | 2 2 4 = 4   | 3 - - - - - 3 
  4 | ǁ 3 5 - - - - 3   |   | 1 6 - - 5 2 | 5 6 - - 5 6 4 
4 8 4 ǁ                 | 1 4 3 4 2   ǁ ǁ | | ǁ 3 4     | 
ǁ 2   ǁ                 | 1 2 4 3 1   ǁ ǁ | 4 7 7 6 1   | 
6 |   6 = = = = = = = = 3             5 ǁ |   1 4 4 - - 2 
2 1   5 = = = = = = = = = = = = = = = 5 3 4 = = = = = 8 2 
1 - - 4 4 = = 4 2 1 - - - - - - - - - - - 4 4 2 2 - - 4   
