29 29
1 0 3 2 0 0 2 3 0 0 0 0 0 3 2 2 2 3 2 1 1 3 3 4 1 2 5 2 2 
3 1 4 5 3 1 0 1 0 0 0 0 0 0 0 0 0 0 0 0 0 2 0 4 4 2 0 2 0 
0 3 0 0 0 0 5 0 0 0 0 0 0 4 0 4 0 4 4 5 2 4 5 0 0 0 6 3 0 
0 0 2 3 3 1 0 2 0 4 1 0 0 0 0 0 2 0 1 0 0 0 2 0 0 0 0 2 0 
3 0 0 0 2 1 0 2 1 3 0 0 0 3 0 0 0 0 0 0 0 0 0 0 0 0 0 4 6 
0 0 0 0 0 0 0 0 0 0 1 0 0 0 0 0 4 5 2 0 0 0 5 0 0 0 7 2 0 
0 0 6 6 3 1 0 0 0 0 0 0 0 0 0 0 2 4 1 0 0 0 2 2 2 0 0 2 0 
0 0 0 5 2 0 0 0 2 6 4 0 1 0 0 0 1 3 1 0 2 0 0 0 0 0 0 3 0 
0 1 0 0 3 3 0 0 0 0 1 2 0 0 0 0 4 4 0 0 0 0 1 7 6 2 0 0 0 
0 1 0 0 0 1 0 0 0 0 2 0 0 0 0 0 2 0 0 0 5 6 2 0 0 0 0 0 0 
0 0 0 0 0 0 0 0 0 0 0 0 0 0 0 0 2 0 0 0 2 2 1 0 0 0 0 0 0 
0 0 0 5 6 3 0 0 0 3 6 4 0 0 0 0 0 0 0 0 2 0 0 6 0 0 8 5 5 
0 0 0 1 0 0 0 0 0 0 1 0 0 0 0 0 4 5 0 5 0 0 0 0 0 3 0 2 0 
0 0 0 0 1 0 0 4 0 0 0 0 0 0 7 5 0 3 0 0 2 0 0 1 0 0 0 1 0 
0 0 0 0 0 0 0 3 0 0 0 3 3 2 0 0 2 0 0 0 0 1 2 0 2 0 0 1 0 
0 3 6 0 0 0 6 0 0 0 0 0 0 0 5 0 0 0 0 0 0 0 0 0 0 0 0 2 0 
4 0 3 0 4 3 0 3 0 5 0 0 4 1 0 0 0 0 0 0 4 4 5 2 0 0 0 0 0 
0 1 0 2 0 0 0 0 2 0 3 0 6 2 0 0 0 0 0 0 0 2 0 0 0 0 0 0 0 
0 0 0 3 2 0 0 0 0 0 2 0 0 1 0 0 0 0 1 0 0 0 0 0 3 0 5 2 3 
5 2 0 0 0 0 0 4 3 0 0 0 0 3 6 0 0 0 0 0 0 0 0 0 0 0 0 1 1 
0 1 0 0 0 1 0 2 0 3 1 0 0 1 0 0 0 0 0 0 0 0 2 0 4 0 0 3 3 
0 3 0 5 6 2 0 0 0 2 0 0 0 0 0 0 0 0 0 0 4 6 2 0 0 0 0 3 4 
0 0 0 0 0 0 0 3 0 6 0 0 7 0 3 0 6 6 3 0 0 0 3 1 0 0 0 2 0 
0 0 0 2 0 2 0 0 2 1 2 0 7 1 2 3 0 0 1 0 0 0 0 0 0 0 0 2 0 
0 0 0 1 0 1 0 0 0 0 0 0 0 2 1 1 0 0 0 0 4 0 6 0 3 0 0 3 0 
4 5 0 0 4 1 0 6 4 0 2 0 4 3 0 0 3 5 5 0 2 3 4 4 0 3 0 0 0 
1 2 0 2 3 1 0 2 2 4 0 0 4 0 3 0 0 3 2 0 1 4 2 2 0 2 0 5 4 
2 0 5 0 0 0 8 0 0 0 0 0 0 0 0 0 0 0 0 5 0 0 0 0 5 1 0 0 2 
3 2 2 1 2 0 5 0 0 1 1 0 2 0 0 2 0 0 3 0 0 0 0 0 5 0 5 4 3 
300 232
0 26 0 25
0 26 0 27
0 26 2 26
4 28 4 27
4 28 0 28
4 28 11 28
4 28 4 27
4 28 0 28
4 28 11 28
5 26 5 22
5 26 5 27
5 26 2 26
5 26 11 26
6 2 6 3
6 2 3 2
6 2 15 2
6 2 6 3
6 2 3 2
6 2 15 2
6 3 6 4
6 3 3 3
6 3 7 3
6 3 6 4
7 3 7 4
7 3 11 3
8 23 8 22
8 23 8 24
8 23 6 23
8 23 11 23
11 3 11 4
11 3 7 3
11 3 12 3
11 3 11 4
11 4 11 5
11 4 8 4
11 4 13 4
11 4 11 5
11 26 11 23
11 26 11 27
11 26 5 26
11 26 18 26
13 14 13 7
13 14 13 15
13 14 0 14
13 14 15 14
15 2 15 1
15 2 15 6
15 2 16 2
15 2 15 1
15 6 15 14
15 6 2 6
15 6 27 6
15 6 15 14
15 6 2 6
16 9 16 7
16 9 16 12
16 9 20 9
17 8 19 8
19 0 19 1
19 0 16 0
19 0 25 0
22 12 22 9
22 12 22 14
22 12 17 12
22 12 23 12
23 12 23 10
23 12 23 13
23 12 22 12
23 12 25 12
25 7 25 8
25 7 22 7
25 7 26 7
25 7 25 8
25 7 22 7
25 7 26 7
27 19 27 6
27 19 27 24
27 19 12 19
28 6 28 4
28 6 28 9
28 6 27 6
28 10 28 12
28 12 28 15
28 15 28 18
28 18 28 24
28 26 28 24
28 26 28 27
28 26 18 26
4 27 3 27
4 27 5 27
5 26 5 22
5 26 2 26
6 27 7 27
7 3 7 4
7 12 7 10
8 4 8 5
8 23 8 24
8 23 6 23
8 23 11 23
8 24 8 25
8 24 6 24
8 24 8 25
8 24 6 24
11 5 9 5
11 11 11 10
11 11 8 11
11 11 11 10
11 11 8 11
11 23 11 20
11 23 11 26
11 23 13 23
11 26 11 27
11 26 18 26
12 10 11 10
12 25 25 25
14 13 14 12
17 8 19 8
19 14 19 13
19 14 15 14
19 14 22 14
19 14 19 13
19 14 15 14
19 14 22 14
20 13 19 13
22 12 22 9
22 12 17 12
22 16 22 17
22 16 14 16
22 16 25 16
22 16 22 17
22 16 14 16
22 16 25 16
22 17 22 18
22 17 13 17
22 17 25 17
22 17 22 18
23 12 23 10
23 12 25 12
25 18 25 17
25 18 23 18
25 18 26 18
26 27 26 28
26 27 24 27
26 27 28 27
27 6 27 2
27 6 27 19
27 6 28 6
28 6 28 4
28 18 28 24
2 26 2 22
2 26 2 27
2 26 0 26
3 27 2 27
6 27 7 27
7 27 11 27
8 4 8 5
8 5 6 5
12 16 12 17
12 16 10 16
12 16 12 17
12 16 10 16
12 25 25 25
13 14 13 7
13 14 13 15
13 14 0 14
14 13 14 12
17 12 17 10
17 12 17 13
17 12 16 12
17 12 17 10
18 10 17 10
18 10 20 10
18 13 17 13
22 9 22 7
22 9 21 9
22 9 23 9
22 9 21 9
22 18 18 18
23 8 25 8
26 9 26 8
26 9 26 12
26 9 26 8
26 9 26 12
26 12 26 14
26 12 25 12
27 6 27 2
28 3 28 2
1 27 0 27
1 27 2 27
6 4 4 4
13 7 4 7
13 7 14 7
14 7 14 11
14 11 14 7
14 11 14 12
16 12 16 9
16 12 16 13
19 8 19 7
23 8 25 8
25 10 25 12
0 26 0 25
1 25 1 24
19 7 16 7
19 7 20 7
19 7 16 7
20 7 20 9
20 9 16 9
1 25 1 24
1 24 1 23
1 24 0 24
0 23 0 22
0 23 1 23
0 23 0 22
0 23 1 23
1 23 1 21
2 22 2 21
2 22 3 22
2 22 2 21
2 22 3 22
0 21 0 20
0 21 0 22
0 21 1 21
2 21 2 20
2 21 9 21
5 22 6 22
6 22 5 22
9 21 9 20
9 21 9 22
9 21 10 21
9 21 9 20
9 21 9 22
10 22 10 21

6255

1   3 2     2 3           3 2 2 2 3 2 1 1 3 3 4 1 2 5 2 2 
3 1 4 5 3 1   1             ǁ             2 - 4 4 2 ǁ 2 ǁ 
  3         5             4 ǁ 4   4 4 5 2 4 5 - - - 6 3 ǁ 
    2 3 3 1 ǁ 2   4 1       ǁ   2   1     | 2       ǁ 2 ǁ 
3   ǁ | 2 1 ǁ 2 1 3       3 ǁ             |         ǁ 4 6 
    ǁ | |   ǁ |     1       ǁ   4 5 2     | 5 = = = 7 2 ǁ 
    6 6 3 1 ǁ |             ǁ   2 4 1     | 2 2 2   ǁ 2 ǁ 
    ǁ 5 2 | ǁ | 2 6 4 - 1   ǁ   1 3 1   2 |   ǁ ǁ   ǁ 3 ǁ 
  1 ǁ ǁ 3 3 ǁ |     1 2     ǁ   4 4       | 1 7 6 2 ǁ | ǁ 
  1 ǁ ǁ | 1 ǁ |     2 ǁ     ǁ   2       5 6 2 ǁ     ǁ | ǁ 
    ǁ ǁ | | ǁ |       ǁ     ǁ   2       2 2 1 ǁ     ǁ | ǁ 
    ǁ 5 6 3 ǁ |   3 6 4     ǁ   ǁ       2 - - 6 = = 8 5 5 
    ǁ 1 |   ǁ |     1       ǁ   4 5   5       |   3 ǁ 2   
    ǁ   1   ǁ 4 = = = = = = 7 5   3   | 2     1   ǁ ǁ 1   
    ǁ       ǁ 3 = = = 3 3 2 |   2 |   |   1 2   2 ǁ ǁ 1   
  3 6 - - - 6 = = = = = = = 5   ǁ |   |           ǁ ǁ 2   
4   3   4 3 | 3 - 5 = = 4 1 ǁ   ǁ |   | 4 4 5 2   ǁ ǁ     
| 1   2     | ǁ 2 ǁ 3 = 6 2 ǁ   ǁ |   |   2       ǁ ǁ     
|     3 2   | ǁ ǁ ǁ 2   ǁ 1 ǁ   ǁ | 1 |         3 ǁ 5 2 3 
5 2         | 4 3 ǁ |   ǁ 3 6   ǁ | | |           ǁ | 1 1 
| 1       1 | 2 - 3 1   ǁ 1 ǁ   ǁ | | |     2   4 ǁ | 3 3 
| 3   5 6 2 |     2     ǁ   ǁ   ǁ | | | 4 6 2     ǁ | 3 4 
|           | 3 - 6 = = 7 - 3   6 6 3 |     3 1   ǁ | 2   
|     2   2 | ǁ 2 1 2 = 7 1 2 3 ǁ | 1 |           ǁ | 2   
|     1   1 | ǁ ǁ       ǁ 2 1 1 ǁ | | | 4   6   3 ǁ | 3   
4 5     4 1 | 6 4   2 - 4 3     3 5 5 | 2 3 4 4   3 | |   
1 2   2 3 1 | 2 2 4 = = 4 - 3     3 2 | 1 4 2 2   2 | 5 4 
2   5 = = = 8 = = = = = = = = = = = = 5 - - - - 5 1 | | 2 
3 2 2 1 2 = 5 - - 1 1 - 2 - - 2 - - 3 = = = = = 5 - 5 4 3 
