29 29
2 2 0 0 0 1 0 0 0 0 0 0 3 0 0 0 0 0 0 0 0 4 2 4 2 4 0 4 2 
0 5 0 0 0 0 0 0 0 0 0 0 0 0 0 0 0 0 0 0 0 8 6 0 2 3 0 0 0 
0 1 2 0 0 0 0 0 5 0 0 0 0 3 2 2 2 0 5 2 1 0 0 0 0 1 0 0 0 
0 4 0 5 0 0 0 0 7 0 0 0 0 0 0 6 0 0 5 4 0 0 2 0 5 0 0 7 6 
0 4 2 3 0 0 2 0 0 0 0 0 0 0 0 2 2 0 0 4 0 0 0 0 2 2 2 0 0 
6 0 0 0 0 0 0 0 7 0 0 0 0 0 0 0 0 0 0 0 0 7 0 7 3 3 0 0 2 
6 0 4 4 6 6 2 0 0 2 0 5 0 0 0 4 0 0 3 1 0 0 2 5 0 4 4 0 1 
4 2 0 2 0 0 0 0 0 1 0 0 2 0 0 0 4 4 0 0 0 0 3 4 0 0 0 4 3 
2 0 6 4 0 0 0 0 0 0 0 0 0 0 2 0 0 2 0 5 4 0 2 0 0 2 0 4 1 
6 2 2 2 0 0 0 0 0 3 0 8 5 1 0 0 0 0 0 0 2 0 0 0 0 0 0 0 1 
0 0 0 0 0 4 2 2 0 2 4 5 0 3 6 0 0 2 0 5 0 8 0 8 0 0 0 6 3 
0 0 0 0 0 2 0 0 0 4 5 6 0 2 2 0 0 0 0 0 0 0 2 0 4 0 4 2 4 
6 0 0 0 7 1 0 0 0 2 0 2 0 0 0 0 0 0 0 5 3 0 0 0 2 0 0 4 5 
2 1 5 2 0 0 0 0 0 3 6 0 0 0 0 7 7 3 0 2 0 0 4 0 0 0 0 0 0 
2 0 6 3 6 0 5 4 0 0 0 0 0 0 0 1 0 1 0 0 1 0 0 0 0 0 0 2 0 
2 0 0 0 0 3 3 1 0 1 0 1 0 0 0 0 6 3 0 0 0 0 0 0 2 0 0 0 0 
0 0 0 4 0 2 0 1 0 0 0 0 0 0 0 0 2 1 0 4 0 7 5 0 0 0 0 2 0 
0 0 0 2 0 0 0 0 0 1 0 0 0 0 0 0 0 0 0 2 0 0 2 0 0 0 0 0 0 
6 0 8 0 7 0 7 5 0 0 0 0 0 0 0 0 0 0 0 2 0 6 2 0 0 0 0 0 0 
0 2 2 2 0 0 0 0 0 0 0 0 0 0 0 0 1 0 0 2 0 6 2 0 0 0 0 0 0 
0 3 3 3 0 0 3 2 0 3 3 0 0 0 0 0 0 0 0 4 0 5 1 0 0 0 0 0 0 
0 0 0 0 0 0 3 2 0 1 3 0 0 0 0 0 5 2 0 4 2 0 0 0 0 0 0 0 0 
0 4 6 0 6 0 0 0 7 0 0 0 0 0 0 0 0 0 8 0 0 7 3 0 6 0 7 7 3 
0 2 0 2 0 3 1 2 0 4 0 0 0 0 0 3 3 2 0 3 3 0 0 2 2 0 0 4 4 
0 2 3 5 0 0 2 0 0 6 0 0 0 0 0 0 5 2 0 0 1 0 0 4 2 0 0 2 4 
0 4 4 2 0 0 6 4 0 2 0 0 0 0 0 0 0 2 0 0 2 7 0 6 3 2 0 0 0 
4 0 4 1 0 0 0 0 0 0 0 0 0 0 0 0 0 0 0 3 0 5 0 4 2 1 0 0 0 
4 0 0 0 8 4 5 0 7 0 0 0 0 0 0 0 5 5 8 0 0 0 0 0 0 0 8 6 2 
2 1 3 0 6 2 2 1 5 0 0 0 2 1 3 0 4 1 4 0 4 0 0 0 0 2 2 2 0 
300 450
1 1 1 21
1 1 0 1
1 1 2 1
1 21 1 1
1 21 1 22
1 21 0 21
1 21 5 21
2 8 2 2
2 8 2 13
2 8 3 8
2 18 2 16
2 18 2 19
2 18 3 18
3 1 3 3
3 1 4 1
3 1 3 3
3 1 4 1
3 27 3 24
3 27 3 28
3 27 0 27
3 27 7 27
3 28 3 27
3 28 0 28
3 28 5 28
3 28 3 27
3 28 0 28
4 1 4 2
4 1 7 1
5 0 0 0
5 0 6 0
5 0 0 0
5 0 6 0
5 0 6 0
5 0 6 0
5 23 5 21
5 23 5 24
5 23 0 23
5 23 6 23
5 28 6 28
6 0 7 0
6 4 6 3
6 4 6 5
6 4 12 4
6 4 6 3
6 4 6 5
6 4 12 4
6 5 6 6
6 5 10 5
6 5 6 6
6 5 10 5
6 11 6 9
6 11 6 15
6 11 9 11
7 28 7 27
7 28 8 28
7 28 7 27
9 0 9 1
9 0 8 0
9 0 12 0
9 0 9 1
9 0 8 0
9 0 12 0
9 11 9 9
9 11 9 12
9 11 6 11
9 11 10 11
10 5 10 6
10 5 11 5
10 21 10 19
10 21 10 23
10 21 5 21
10 21 16 21
10 21 10 19
10 21 10 23
10 21 5 21
10 21 16 21
10 23 10 27
10 23 7 23
10 23 23 23
11 22 13 22
11 24 11 26
11 24 12 24
11 24 11 26
11 24 12 24
11 26 11 27
11 26 22 26
12 0 12 4
12 0 13 0
12 4 12 0
12 4 12 5
12 4 14 4
12 4 14 4
12 28 12 27
12 28 11 28
12 28 22 28
13 2 13 1
13 2 13 3
13 2 14 2
13 15 13 10
13 15 13 16
13 15 6 15
13 15 14 15
13 22 11 22
13 22 16 22
13 22 16 22
14 4 14 3
14 4 14 6
14 4 18 4
14 4 14 3
15 24 22 24
16 3 14 3
16 3 17 3
16 3 17 3
16 21 16 19
16 21 16 22
16 21 18 21
18 0 18 2
18 0 15 0
18 0 26 0
18 0 18 2
18 0 15 0
18 0 26 0
18 2 18 4
18 2 14 2
18 2 19 2
18 4 18 2
18 4 18 6
18 4 22 4
22 8 22 4
22 8 22 18
22 8 5 8
22 8 27 8
22 18 22 8
22 18 22 21
22 18 6 18
22 18 27 18
22 24 22 26
22 24 15 24
22 24 23 24
22 24 22 26
22 24 23 24
22 26 22 27
22 26 27 26
23 9 23 15
23 9 24 9
23 9 23 15
23 9 24 9
23 15 23 16
24 9 24 16
24 9 25 9
24 9 24 16
24 9 25 9
25 21 25 20
25 21 25 23
25 21 22 21
25 21 26 21
26 0 26 2
26 0 27 0
27 0 27 4
27 0 28 0
27 0 27 4
27 4 27 5
27 4 22 4
27 4 28 4
27 18 27 17
27 18 27 26
27 18 22 18
27 18 28 18
27 26 27 18
27 26 27 27
27 26 22 26
27 26 28 26
28 0 28 1
28 2 28 4
28 4 28 2
28 4 28 5
28 4 27 4
28 8 28 7
28 8 28 12
28 8 27 8
28 20 28 18
28 20 28 25
28 20 28 18
28 20 28 25
0 27 0 25
0 27 3 27
0 27 0 25
1 1 0 1
1 21 1 22
1 21 0 21
1 21 5 21
1 22 0 22
1 22 3 22
1 22 0 22
1 22 3 22
2 2 2 8
2 25 1 25
3 24 1 24
3 24 4 24
3 24 1 24
3 24 4 24
5 8 5 21
5 8 3 8
5 8 22 8
5 8 5 21
5 8 3 8
5 23 5 24
5 23 0 23
5 23 6 23
5 24 5 25
6 0 7 0
6 26 6 25
6 26 4 26
6 26 6 25
6 26 4 26
7 0 7 1
7 12 9 12
7 16 7 17
7 16 13 16
7 16 7 17
7 16 13 16
7 17 8 17
7 27 7 23
8 2 8 3
8 2 6 2
8 2 9 2
8 2 8 3
8 2 6 2
8 2 9 2
8 3 7 3
8 3 9 3
8 14 10 14
8 19 8 20
8 19 6 19
8 19 10 19
8 20 8 19
8 20 9 20
8 20 8 19
8 22 7 22
8 25 8 27
8 27 8 25
8 27 10 27
8 27 10 27
9 11 9 9
9 11 9 12
9 11 10 11
9 12 9 13
9 12 7 12
9 28 10 28
10 14 10 13
10 14 8 14
10 14 11 14
10 14 10 13
10 14 11 14
10 19 12 19
10 23 10 27
10 23 7 23
10 23 23 23
12 0 13 0
13 3 13 2
13 15 13 10
13 15 13 16
13 15 6 15
14 0 14 2
14 0 14 2
14 2 13 2
14 2 18 2
14 20 12 20
18 2 19 2
18 4 18 6
18 4 22 4
18 6 18 7
18 6 15 6
18 6 20 6
19 1 20 1
19 1 20 1
19 3 20 3
21 16 21 10
21 16 21 17
21 16 19 16
21 19 21 20
21 19 20 19
21 19 21 20
21 19 20 19
22 4 22 2
22 4 22 8
22 18 22 21
22 18 6 18
22 26 22 27
22 27 22 28
22 27 16 27
22 27 23 27
24 3 24 2
24 3 23 3
24 3 25 3
24 23 24 24
24 23 25 23
24 23 24 24
24 23 25 23
25 1 25 2
25 1 24 1
25 1 25 2
25 1 24 1
25 6 25 7
25 6 24 6
25 6 27 6
25 6 25 7
25 6 24 6
25 6 27 6
25 7 23 7
25 23 25 21
25 23 25 24
25 23 26 23
26 2 26 3
26 2 25 2
26 2 25 2
26 23 26 21
26 23 26 24
26 23 26 21
27 8 27 6
27 8 27 16
27 8 28 8
27 18 27 17
27 18 28 18
27 26 27 27
27 26 28 26
27 27 27 28
27 27 24 27
27 27 28 27
27 27 27 28
28 4 28 5
28 6 27 6
28 6 27 6
28 8 28 12
28 13 28 14
28 14 28 16
0 5 0 12
0 12 0 21
0 21 0 12
0 23 0 24
0 23 0 24
0 25 1 25
0 25 1 25
2 20 2 19
3 19 3 18
3 19 4 19
3 19 3 18
3 19 4 19
4 6 4 3
4 19 4 16
4 25 5 25
6 2 6 3
6 2 4 2
6 3 4 3
6 15 6 11
6 25 6 23
6 25 5 25
7 17 8 17
7 23 7 22
8 22 7 22
10 17 13 17
10 19 12 19
12 20 12 19
13 10 13 9
13 10 11 10
13 10 20 10
13 10 13 9
15 11 15 16
15 16 15 17
15 16 13 16
15 16 16 16
15 16 15 17
15 16 13 16
16 5 15 5
16 16 16 17
19 3 20 3
20 3 20 2
20 19 20 21
20 19 19 19
21 17 21 16
22 2 22 1
22 2 20 2
22 2 24 2
22 2 22 1
22 2 20 2
23 1 22 1
23 3 24 3
24 2 24 3
24 28 24 27
24 28 23 28
24 28 23 28
25 7 23 7
27 4 27 5
27 5 27 4
27 5 23 5
27 8 27 16
28 14 28 16
28 16 28 17
28 16 27 16
2 18 2 16
2 18 3 18
3 18 3 15
4 6 4 3
4 19 4 16
6 9 7 9
6 22 6 23
6 23 6 22
9 9 10 9
10 17 13 17
12 11 11 11
12 20 12 19
13 16 13 17
14 17 15 17
16 5 15 5
20 1 22 1
21 16 21 10
23 5 23 6
23 27 23 28
23 27 22 27
23 27 23 28
3 3 3 8
3 15 3 8
3 15 2 15
3 15 4 15
3 15 3 8
3 15 2 15
12 11 11 11
12 19 13 19
13 19 16 19
15 5 15 6
16 19 16 21
16 19 17 19
17 19 18 19
2 14 2 13
3 3 3 8
11 11 11 10
11 11 11 13
11 11 10 11
11 11 11 10
11 13 10 13
2 8 2 13
10 11 10 10
10 11 10 10
10 10 10 9
10 10 11 10
11 9 11 10
11 9 12 9
11 9 12 9
13 9 15 9
17 9 20 9

4043

2 2       1 - - - - - - 3 = = = = = = = = 4 2 4 2 4 = 4 2 
ǁ 5 = = = = = = = = = = = = = = = = = = = 8 6 ǁ 2 3   ǁ ǁ 
ǁ 1 2 = = = = = 5 = = = = 3 2 2 2 = 5 2 1 ǁ ǁ ǁ ǁ 1   ǁ ǁ 
ǁ 4 = 5 = = = = 7 = = = = = = 6 - - 5 4   ǁ 2 ǁ 5 - - 7 6 
ǁ 4 2 3 = = 2   ǁ             2 2 = = 4   ǁ   ǁ 2 2 2 | | 
6 | | |         7 = = = = = = = = = = = = 7 - 7 3 3 ǁ | 2 
6 | 4 4 6 6 2   ǁ 2 - 5 = = = 4     3 1   ǁ 2 5 - 4 4 | 1 
4 2 ǁ 2 ǁ ǁ     ǁ 1   ǁ 2     ǁ 4 4 ǁ |   ǁ 3 4 - - - 4 3 
2   6 4 ǁ ǁ     ǁ     ǁ ǁ   2 ǁ ǁ 2 ǁ 5 4 ǁ 2 ǁ   2 = 4 1 
6 2 2 2 ǁ ǁ     ǁ 3 = 8 5 1 ǁ ǁ ǁ   ǁ | 2 ǁ   ǁ       ǁ 1 
ǁ       ǁ 4 2 2 ǁ 2 4 5   3 6 ǁ ǁ 2 ǁ 5 = 8 = 8 = = = 6 3 
ǁ       ǁ 2     ǁ 4 5 6 - 2 2 ǁ ǁ ǁ ǁ ǁ   ǁ 2 ǁ 4 = 4 2 4 
6 = = = 7 1     ǁ 2 | 2       ǁ ǁ ǁ ǁ 5 3 ǁ ǁ ǁ 2   | 4 5 
2 1 5 2 ǁ       ǁ 3 6 = = = = 7 7 3 ǁ 2 | ǁ 4 ǁ     |   | 
2 = 6 3 6 - 5 4 ǁ | |         1 ǁ 1 ǁ | 1 ǁ ǁ ǁ     | 2 | 
2   ǁ | | 3 3 1 ǁ 1 | 1 - - - - 6 3 ǁ |   ǁ ǁ ǁ 2   |   | 
ǁ   ǁ 4 | 2 | 1 ǁ   |           2 1 ǁ 4 = 7 5 ǁ ǁ   | 2 | 
ǁ   ǁ 2 |   |   ǁ 1 |               ǁ 2   | 2 ǁ ǁ   | | | 
6 = 8 = 7 = 7 5 ǁ | |               ǁ 2   6 2 ǁ ǁ   | | | 
ǁ 2 2 2 ǁ   |   ǁ | |           1   ǁ 2   6 2 ǁ ǁ   | | | 
ǁ 3 3 3 ǁ   3 2 ǁ 3 3           |   ǁ 4 - 5 1 ǁ ǁ   | | | 
ǁ | ǁ   ǁ   3 2 ǁ 1 3 = = = = = 5 2 ǁ 4 2     ǁ ǁ   | | | 
ǁ 4 6 - 6 = = = 7 = = = = = = = = = 8 = = 7 3 ǁ 6 = 7 7 3 
ǁ 2 | 2 | 3 1 2 | 4 = = = = = 3 3 2 ǁ 3 3 |   2 2   ǁ 4 4 
ǁ 2 3 5 | | 2 ǁ | 6 = = = = = = 5 2 ǁ   1 |   4 2   ǁ 2 4 
ǁ 4 4 2 | | 6 4 | 2               2 ǁ   2 7 = 6 3 2 ǁ |   
4 - 4 1 | | ǁ   |                   ǁ 3   5 = 4 2 1 ǁ |   
4 = = = 8 4 5 - 7 = = = = = = = 5 5 8 = = = = = = = 8 6 2 
2 1 3 = 6 2 2 1 5 = = = 2 1 3 = 4 1 4 = 4 = = = = 2 2 2   
