29 29
2 2 3 4 0 6 0 0 4 3 0 0 0 5 0 0 5 0 2 1 1 3 0 0 0 0 0 4 1 
1 0 2 2 1 0 2 0 4 1 0 1 0 3 1 0 0 2 0 0 0 2 0 0 0 0 0 0 2 
2 5 0 0 0 6 0 0 0 0 0 0 0 0 0 0 6 5 1 0 4 0 0 0 0 0 0 7 6 
1 0 1 2 3 0 3 4 0 5 0 1 0 0 0 0 0 4 3 3 4 0 1 1 0 0 2 0 3 
1 0 2 0 3 0 2 0 1 2 0 0 0 0 0 0 0 4 5 0 0 0 0 0 0 2 0 0 0 
0 4 0 3 4 0 0 0 2 0 0 0 0 0 0 0 4 0 0 0 0 0 0 0 2 1 0 0 0 
2 5 4 0 3 0 3 5 0 0 0 0 0 0 0 0 0 0 0 1 2 5 0 0 2 0 0 0 0 
0 0 2 0 1 0 1 0 1 5 0 0 0 0 0 5 0 0 0 0 0 4 1 0 3 3 2 0 0 
3 5 0 5 0 6 0 7 2 0 1 4 1 2 0 5 0 0 0 0 0 0 0 0 0 0 0 5 0 
2 4 2 0 2 0 2 4 3 0 2 0 0 0 0 0 2 0 5 4 5 0 0 2 2 1 0 0 0 
0 4 0 0 4 0 6 5 5 0 0 0 3 6 2 0 2 1 0 0 0 2 0 0 0 0 0 0 0 
0 4 1 0 0 0 2 0 2 0 0 0 3 5 2 0 0 0 0 2 0 0 0 0 0 0 0 0 0 
0 0 2 0 0 4 0 6 3 0 5 6 0 0 0 5 4 1 0 0 0 0 0 0 0 0 0 0 0 
0 0 0 0 0 0 2 0 0 0 0 0 0 0 0 0 0 0 0 3 0 3 0 0 5 3 0 0 0 
0 0 0 0 0 0 3 5 0 0 0 2 1 1 0 3 0 0 0 0 0 0 0 0 0 0 0 0 0 
0 4 3 0 5 5 2 2 2 0 0 2 0 0 0 5 0 0 0 0 0 0 0 0 0 0 0 0 0 
0 2 1 0 3 2 0 3 4 0 4 0 2 1 0 4 3 0 0 0 0 0 0 0 0 1 0 0 0 
0 3 3 0 3 2 0 0 2 0 1 0 2 0 0 3 3 1 0 0 0 0 0 0 0 2 0 0 0 
4 0 0 6 0 0 0 0 0 6 0 0 0 0 0 0 0 0 6 6 6 0 0 0 5 5 2 0 0 
0 4 2 0 2 0 0 0 0 5 4 2 1 0 0 3 0 1 0 0 0 0 0 0 1 2 0 0 0 
0 0 0 0 1 1 0 0 0 3 2 2 0 2 1 0 3 2 0 2 4 5 0 0 0 2 0 0 0 
0 3 0 4 0 0 0 0 0 0 0 0 0 0 0 6 7 2 0 0 0 0 2 0 0 4 3 0 0 
0 4 2 1 4 0 0 2 1 3 0 0 4 2 1 0 5 2 0 0 0 0 0 2 0 8 2 0 0 
5 5 0 0 5 0 0 0 0 2 3 2 0 0 1 0 1 1 7 0 0 6 6 2 0 0 0 0 0 
6 0 0 0 0 0 0 0 0 0 0 0 6 5 3 0 1 0 5 0 0 0 0 0 0 6 2 0 0 
0 1 3 0 0 0 0 0 5 3 1 2 0 0 0 8 0 0 0 0 0 0 0 0 0 0 0 7 2 
5 0 0 0 0 0 0 0 6 0 0 2 2 0 0 7 0 0 0 0 0 0 0 0 2 3 0 7 3 
5 0 0 0 0 3 1 2 5 2 0 0 0 0 0 2 1 0 0 0 0 0 0 0 3 2 0 3 3 
2 1 0 0 0 0 0 0 0 0 0 0 0 0 0 0 0 0 0 0 0 0 0 0 3 0 0 3 3 
300 303
0 5 0 3
0 5 0 8
0 5 2 5
0 5 0 3
0 5 0 8
0 5 2 5
0 8 0 9
0 8 1 8
0 13 0 9
0 13 0 16
0 13 1 13
2 5 2 1
2 5 2 16
2 5 8 5
2 5 2 1
2 16 2 17
2 16 0 16
2 16 5 16
2 16 2 17
2 16 0 16
2 27 2 20
2 27 2 28
2 27 0 27
2 27 8 27
2 28 2 27
2 28 1 28
2 28 3 28
2 28 2 27
2 28 1 28
3 9 3 7
3 9 3 11
3 9 4 9
3 28 25 28
6 21 6 20
6 21 6 24
6 21 7 21
7 15 7 9
7 15 7 21
7 15 8 15
8 5 8 3
8 5 8 7
8 5 12 5
8 5 8 3
8 5 8 7
8 7 8 8
8 7 6 7
8 7 9 7
8 11 8 10
8 11 8 12
8 11 12 11
8 11 12 11
9 18 9 16
9 18 9 19
9 18 18 18
9 20 9 19
9 20 9 23
9 20 18 20
10 6 10 7
10 6 9 6
10 6 11 6
10 6 10 7
10 6 9 6
10 6 11 6
10 8 10 7
10 8 9 8
10 8 11 8
10 21 13 21
12 11 12 10
12 11 12 15
12 11 14 11
12 11 12 10
13 6 14 6
15 15 15 11
15 15 14 15
15 15 16 15
21 16 21 15
21 16 21 17
21 16 20 16
21 16 22 16
22 25 22 23
22 25 22 26
22 25 21 25
22 25 24 25
22 25 22 23
22 25 22 26
22 25 21 25
22 25 24 25
23 0 23 1
23 0 18 0
23 0 24 0
23 4 23 1
23 4 23 9
23 4 22 4
23 18 23 17
23 18 23 21
23 18 18 18
23 18 24 18
23 21 23 18
23 21 23 22
23 21 20 21
23 22 23 21
23 22 23 23
23 22 21 22
23 22 23 21
23 22 23 23
24 0 24 12
24 0 23 0
24 0 26 0
24 0 24 12
24 0 23 0
24 12 24 13
24 12 22 12
24 12 26 12
24 12 24 13
24 18 24 16
24 18 24 25
24 18 23 18
24 25 24 18
24 25 24 26
24 25 26 25
25 8 25 2
25 8 25 9
25 8 26 8
25 15 21 15
25 15 26 15
26 0 26 8
26 0 27 0
26 27 26 25
26 27 26 28
26 27 25 27
26 27 27 27
27 8 27 7
27 8 27 9
27 8 26 8
0 3 0 2
0 3 1 3
0 28 0 27
1 4 1 3
1 6 1 8
1 8 1 6
1 8 1 9
1 11 1 13
1 14 1 13
3 28 25 28
4 17 4 18
4 17 3 17
4 17 4 18
4 17 3 17
5 16 5 8
5 16 5 24
5 16 5 8
7 6 6 6
10 21 13 21
11 13 11 12
11 13 11 14
11 13 10 13
13 6 14 6
18 0 18 3
18 0 9 0
18 0 18 3
18 3 18 9
18 3 8 3
18 3 21 3
18 3 18 9
18 9 18 18
18 9 7 9
18 9 19 9
18 9 18 18
18 18 18 19
18 18 9 18
18 19 18 20
18 19 13 19
18 19 20 19
18 19 18 20
18 19 13 19
18 20 18 24
18 20 9 20
18 20 20 20
19 1 19 2
19 1 21 1
19 1 19 2
19 1 21 1
20 19 20 20
20 20 20 21
20 20 20 21
20 21 20 25
21 22 21 25
21 25 21 26
21 26 18 26
21 26 18 26
23 16 22 16
24 14 24 13
24 14 23 14
24 14 24 13
25 1 25 2
25 2 25 8
25 15 21 15
25 15 26 15
25 15 26 15
26 0 26 8
26 0 27 0
26 8 26 11
26 8 25 8
27 8 27 7
27 8 27 9
0 9 0 13
0 13 0 16
0 16 0 18
0 27 0 21
0 27 2 27
3 17 3 18
3 17 2 17
8 27 8 15
8 27 25 27
9 4 10 4
9 10 12 10
10 1 9 1
10 1 11 1
10 1 9 1
10 1 11 1
10 4 9 4
10 4 15 4
10 4 15 4
11 1 11 2
11 1 15 1
12 2 15 2
12 5 12 7
12 5 15 5
12 5 12 7
12 7 12 8
12 7 10 7
12 7 14 7
12 7 12 8
13 19 11 19
13 21 13 24
14 7 14 6
14 7 15 7
14 7 15 7
15 1 15 2
15 1 16 1
15 1 15 2
15 6 15 5
18 25 18 24
18 25 17 25
18 25 19 25
20 21 20 25
21 15 21 3
21 15 21 16
21 15 19 15
22 12 22 9
22 12 22 13
22 12 22 9
22 14 22 13
23 11 23 10
25 9 25 10
25 11 26 11
25 15 26 15
26 12 26 15
27 6 27 5
8 27 8 15
8 27 25 27
9 10 12 10
11 19 9 19
12 10 16 10
15 6 15 5
16 10 16 12
16 10 17 10
16 10 16 12
16 13 16 15
17 12 17 15
19 15 19 12
19 15 19 17
20 14 20 13
21 3 21 1
21 3 22 3
22 1 22 2
22 1 23 1
22 1 22 2
22 1 23 1
22 4 22 7
22 4 23 4
22 4 22 7
22 8 22 9
23 1 23 4
23 9 23 10
23 10 23 11
25 15 26 15
25 27 26 27
27 5 27 0
27 15 27 16
27 15 26 15
9 19 9 18
9 20 9 23
17 12 17 15
20 13 20 11
25 27 26 27
27 5 27 0
28 0 28 1
28 0 27 0
9 16 10 16
25 27 26 27
26 28 27 28
26 28 27 28

3570

2 2 3 4 = 6 = = 4 3 = = = 5 = = 5 - 2 1 1 3 - - - - - 4 1 
1   2 2 1 ǁ 2 = 4 1   1 - 3 1   ǁ 2       2           ǁ 2 
2 5 = = = 6 - - - - - - - - - - 6 5 1   4 - - - - - - 7 6 
1   1 2 3 | 3 4 - 5 - 1         | 4 3 3 4   1 1     2 | 3 
1   2   3 | 2   1 2             | 4 5             2   | ǁ 
  4   3 4 |     2 = = = = = = = 4 - - - - - - - 2 1   | ǁ 
2 5 4   3 | 3 5                       1 2 5 - - 2     | ǁ 
    2   1 | 1 | 1 5 - - - - - 5 - - - - - 4 1   3 3 2 | ǁ 
3 5   5 = 6 = 7 2 | 1 4 1 2   5 = = = = = = = = = = = 5 ǁ 
2 4 2 | 2 | 2 4 3 | 2 ǁ         2 - 5 4 5 = = 2 2 1   ǁ ǁ 
| 4   | 4 | 6 5 5 | ǁ ǁ 3 6 2   2 1 ǁ | ǁ 2           ǁ ǁ 
| 4 1 | ǁ | 2 | 2 | ǁ ǁ 3 5 2       ǁ 2 ǁ ǁ           ǁ ǁ 
| | 2 | ǁ 4 = 6 3 | 5 6 - - - 5 4 1 ǁ | ǁ ǁ           ǁ ǁ 
| | | | ǁ | 2 |   | | |             ǁ 3 ǁ 3 - - 5 3   ǁ ǁ 
| | | | ǁ | 3 5   | | 2 1 1   3     ǁ ǁ ǁ             ǁ ǁ 
| 4 3 | 5 5 2 2 2 | | 2 - - - 5     ǁ ǁ ǁ             ǁ ǁ 
| 2 1 | 3 2   3 4 | 4 = 2 1 - 4 3   ǁ ǁ ǁ         1   ǁ ǁ 
| 3 3 | 3 2     2 | 1   2 = = 3 3 1 ǁ ǁ ǁ         2   ǁ ǁ 
4 = = 6 = = = = = 6 = = = = = = = = 6 6 6 - - - 5 5 2 ǁ ǁ 
| 4 2 | 2         5 4 2 1 - - 3 - 1 | | |       1 2 ǁ ǁ ǁ 
| ǁ   | 1 1       3 2 2 - 2 1 | 3 2 | 2 4 5 = = = 2 ǁ ǁ ǁ 
| 3 - 4 - - - - - - - - - - - 6 7 2 |     | 2 - - 4 3 ǁ ǁ 
| 4 2 1 4 = = 2 1 3 = = 4 2 1 ǁ 5 2 |     | | 2 = 8 2 ǁ ǁ 
5 5 = = 5 - - - - 2 3 2 |   1 ǁ 1 1 7 = = 6 6 2   ǁ   ǁ ǁ 
6 = = = = = = = = = = = 6 5 3 ǁ 1 - 5 = = = = = = 6 2 ǁ ǁ 
| 1 3 = = = = = 5 3 1 2 |     8                   |   7 2 
5 = = = = = = = 6 - - 2 2 - - 7                 2 3 - 7 3 
5 = = = = 3 1 2 5 2           2 1               3 2   3 3 
2 1                                             3     3 3 
