29 29
4 3 0 4 0 0 0 0 0 4 0 0 0 0 0 0 0 0 0 0 0 0 3 0 2 3 4 4 3 
6 6 4 0 0 0 0 0 0 0 4 3 3 0 6 0 0 0 0 3 2 0 0 0 6 0 6 6 0 
0 2 2 5 2 0 0 0 0 0 5 0 0 0 6 2 0 0 5 6 0 0 0 5 7 3 3 6 4 
0 0 0 3 0 2 0 0 0 0 3 0 3 3 4 2 1 0 0 3 3 3 4 0 0 3 1 0 0 
5 0 0 0 0 0 0 0 0 5 0 0 0 0 0 0 0 0 6 0 0 0 6 0 0 0 2 0 0 
0 1 0 0 0 0 0 2 0 0 0 1 1 0 0 0 0 2 0 4 0 6 6 3 0 0 0 0 0 
0 0 0 0 0 0 0 0 0 0 0 0 0 4 0 3 0 0 0 2 0 0 2 1 0 0 0 0 0 
0 5 0 0 0 0 0 8 0 6 3 3 2 0 0 0 0 0 0 0 0 0 0 0 0 0 0 0 0 
0 4 2 5 0 0 0 7 0 5 0 0 0 7 2 0 2 0 0 1 0 5 0 0 6 6 4 0 0 
0 0 0 3 0 2 0 0 1 5 4 3 0 4 2 0 0 0 0 3 0 2 3 2 0 5 3 0 0 
0 6 0 0 0 0 0 8 0 0 0 0 0 0 0 7 5 3 0 5 5 2 0 1 0 0 0 0 0 
0 4 5 0 2 0 0 0 2 0 0 4 0 0 0 8 4 0 0 5 6 3 4 0 8 7 5 0 0 
0 1 0 0 0 0 0 0 0 0 0 0 0 0 0 2 4 2 0 4 0 0 0 0 4 1 2 0 0 
0 4 5 0 0 0 0 7 0 0 0 0 0 0 0 0 0 0 6 0 0 0 0 0 0 0 0 2 0 
0 0 5 4 4 0 0 0 2 3 0 0 0 0 0 2 0 0 0 1 1 0 4 2 3 0 4 4 0 
0 0 3 1 0 0 0 0 3 0 0 0 0 0 0 0 0 0 0 0 0 0 0 3 4 0 0 3 0 
0 0 1 0 0 0 0 0 0 0 0 0 0 0 0 1 0 0 0 5 0 0 7 0 0 0 7 3 0 
0 0 3 0 6 0 0 7 4 0 0 0 0 0 0 0 0 0 0 0 4 4 0 2 2 1 0 2 0 
0 0 5 0 6 3 4 7 3 0 0 0 0 0 0 0 0 0 0 6 8 5 5 7 7 4 0 0 2 
0 0 4 2 0 4 4 2 2 0 0 0 0 0 0 0 0 0 0 4 4 3 4 1 4 4 0 0 1 
0 4 2 0 6 0 0 0 0 7 0 0 0 0 0 0 0 0 7 0 0 0 0 0 0 0 7 8 4 
0 4 4 4 0 0 0 0 0 7 4 0 0 0 3 3 0 0 0 1 4 0 5 0 4 0 0 2 0 
0 2 4 0 2 0 0 1 0 0 4 4 0 4 0 0 0 0 0 0 1 0 0 2 5 0 0 0 0 
0 0 0 0 3 0 0 0 0 6 0 3 4 6 0 6 0 0 7 0 0 0 7 2 0 0 0 0 0 
0 0 3 0 3 3 0 3 0 5 2 0 5 0 3 0 0 2 4 0 3 3 8 0 4 0 0 0 0 
6 5 0 0 1 1 0 0 0 3 1 4 2 1 0 4 3 4 0 0 0 0 5 6 4 0 0 2 3 
0 3 3 4 0 0 0 0 0 6 2 1 2 0 0 3 4 2 1 2 0 0 0 6 3 0 0 5 5 
6 0 0 0 0 0 0 0 0 0 0 0 4 2 4 0 0 0 0 0 0 0 0 0 0 0 6 5 0 
3 3 0 0 4 0 0 0 0 0 0 0 0 0 0 0 0 0 0 0 0 0 0 0 0 0 6 6 4 
300 518
0 0 0 1
0 0 1 0
0 0 0 1
0 0 1 0
1 0 1 1
1 0 4 0
1 14 1 12
1 14 1 19
1 14 2 14
1 14 1 12
1 14 1 19
1 14 2 14
1 27 1 26
1 27 0 27
1 27 2 27
1 27 1 26
1 27 0 27
1 27 2 27
2 14 2 10
2 14 2 15
2 14 3 14
2 14 2 10
2 18 2 15
2 18 2 19
2 18 4 18
2 23 2 19
2 23 2 24
2 23 5 23
2 27 2 26
2 27 2 28
2 27 13 27
2 27 2 26
2 28 0 28
2 28 18 28
2 28 0 28
3 22 3 21
3 22 4 22
3 22 3 21
3 22 4 22
4 22 4 18
4 22 5 22
4 22 4 18
4 22 5 22
5 21 5 19
5 21 5 22
5 21 8 21
5 21 5 19
5 21 5 22
5 21 8 21
7 1 7 7
7 1 5 1
7 1 8 1
7 7 7 1
7 7 7 9
7 7 5 7
7 7 8 7
8 3 8 2
8 3 8 7
8 3 9 3
8 13 8 9
8 13 8 14
8 13 6 13
8 13 9 13
10 1 10 7
10 1 8 1
10 1 11 1
10 1 10 7
10 1 8 1
10 1 11 1
10 7 10 15
10 7 8 7
10 7 13 7
10 20 10 19
10 20 10 21
10 20 11 20
11 1 11 2
11 1 12 1
11 2 11 4
11 2 13 2
11 2 11 4
11 2 13 2
11 15 11 11
11 15 11 16
11 15 10 15
11 15 12 15
11 15 11 11
11 15 11 16
11 15 10 15
11 15 12 15
11 24 11 22
11 24 11 25
11 24 8 24
11 24 12 24
11 24 11 22
11 24 11 25
11 24 8 24
11 24 12 24
11 25 11 26
11 25 9 25
11 25 12 25
12 24 12 19
12 24 14 24
13 1 13 2
13 1 20 1
13 1 13 2
13 1 20 1
13 18 13 7
13 18 4 18
13 18 20 18
13 18 13 7
13 18 4 18
13 18 20 18
13 27 14 27
14 2 14 3
14 2 13 2
14 2 15 2
14 27 14 26
14 27 15 27
14 27 14 26
16 19 16 22
16 19 14 19
16 19 18 19
16 26 16 22
16 26 16 27
16 26 14 26
16 26 20 26
17 7 17 4
17 7 17 8
17 7 13 7
17 7 18 7
17 20 17 21
17 20 18 20
17 20 17 21
17 20 18 20
17 21 17 23
17 21 18 21
18 2 18 4
18 2 17 2
18 2 19 2
18 19 18 20
18 19 16 19
18 19 19 19
18 19 18 20
18 19 19 19
18 20 18 21
18 20 19 20
18 22 18 21
18 22 18 23
18 22 19 22
18 23 18 22
18 23 18 24
18 23 17 23
18 23 19 23
18 28 19 28
19 19 19 20
19 19 21 19
19 25 19 24
19 25 18 25
19 25 19 24
19 25 18 25
20 1 20 2
20 1 21 1
20 9 20 4
20 9 20 18
20 9 14 9
20 9 21 9
20 18 20 9
20 18 23 18
20 18 23 18
20 26 20 27
20 26 16 26
20 26 27 26
20 26 20 27
20 26 27 26
20 26 20 27
20 27 20 28
20 27 17 27
20 27 21 27
20 28 20 27
20 28 25 28
20 28 20 27
21 1 21 2
21 1 22 1
21 1 21 2
21 27 25 27
22 13 22 11
22 13 23 13
22 13 22 11
22 13 23 13
22 24 22 23
22 24 21 24
22 24 24 24
23 13 23 12
23 13 23 15
23 13 25 13
23 13 23 12
23 15 23 18
23 15 21 15
23 15 25 15
23 15 23 18
23 15 21 15
23 22 23 18
23 22 23 23
23 22 21 22
23 22 24 22
24 12 24 10
24 12 23 12
24 12 25 12
24 14 27 14
24 22 24 21
24 22 24 24
24 22 23 22
24 22 25 22
24 22 24 21
24 22 24 24
24 22 23 22
24 24 22 24
25 0 25 1
25 0 4 0
25 0 27 0
25 0 25 1
25 0 4 0
25 0 27 0
25 15 25 16
25 15 26 15
25 15 25 16
25 22 25 17
25 22 25 23
25 23 25 22
25 23 25 24
25 23 26 23
25 23 25 22
25 23 25 24
25 24 26 24
26 9 26 3
26 9 26 10
26 9 25 9
26 9 26 3
26 9 26 10
26 9 25 9
26 15 26 16
26 27 26 28
26 27 25 27
26 27 27 27
27 0 27 12
27 0 28 0
27 26 27 14
27 26 27 27
27 26 28 26
27 26 27 14
27 27 26 27
27 27 28 27
28 4 28 1
28 4 28 26
28 4 28 1
28 4 28 26
28 26 28 27
28 27 28 26
28 27 28 28
28 27 27 27
28 28 28 27
28 28 26 28
28 28 26 28
0 27 0 26
0 27 0 28
1 0 1 1
1 0 4 0
1 1 1 2
1 1 0 1
1 1 2 1
1 1 1 2
1 2 1 10
1 2 2 2
1 10 1 11
1 10 2 10
1 10 1 11
1 11 1 12
1 26 1 24
1 26 0 26
1 26 2 26
1 26 1 24
2 1 2 2
2 18 2 19
2 18 4 18
2 19 2 23
2 19 1 19
2 19 3 19
3 19 3 20
3 20 3 19
3 20 3 21
4 0 4 9
4 9 7 9
4 9 7 9
5 7 7 7
5 19 6 19
7 1 8 1
7 7 7 9
7 7 8 7
8 2 8 3
8 24 8 21
8 24 8 25
8 24 2 24
8 24 8 21
8 25 8 26
8 25 3 25
8 25 9 25
8 25 8 26
8 25 3 25
8 26 4 26
8 26 9 26
9 5 9 3
9 8 9 9
9 9 9 10
9 9 8 9
9 9 9 10
9 9 8 9
9 10 9 11
10 7 10 15
10 7 8 7
10 7 13 7
11 8 11 11
11 11 11 8
11 16 10 16
11 16 12 16
11 19 11 20
11 19 10 19
11 19 12 19
11 20 11 19
11 20 11 21
11 20 10 20
11 20 11 19
11 22 11 21
11 22 9 22
11 25 11 26
11 25 9 25
12 16 12 17
13 7 17 7
14 2 14 3
14 2 15 2
14 3 14 4
14 3 15 3
14 4 17 4
14 20 14 22
14 22 14 23
14 22 16 22
14 22 14 23
15 2 16 2
15 23 15 24
15 24 15 23
15 24 14 24
15 24 15 23
15 27 16 27
16 15 14 15
16 19 16 22
16 22 16 26
17 27 16 27
18 20 18 21
18 20 19 20
18 25 18 24
18 25 17 25
19 20 19 21
19 24 18 24
19 24 21 24
21 15 21 14
21 20 21 22
21 20 22 20
21 20 21 22
21 24 21 22
21 24 22 24
22 11 22 10
22 11 23 11
22 23 23 23
23 12 23 11
24 12 24 10
24 12 25 12
24 14 27 14
24 21 24 20
25 11 25 10
25 11 26 11
25 24 26 24
25 28 26 28
25 28 26 28
26 3 26 2
26 3 21 3
26 12 27 12
26 15 26 16
26 16 26 17
26 16 25 16
26 24 26 23
27 0 27 12
27 0 28 0
27 12 27 13
28 0 28 1
0 3 0 9
0 3 0 9
0 9 0 22
0 26 0 25
0 26 0 25
1 20 1 24
1 24 1 20
1 24 0 24
1 24 2 24
2 24 2 23
2 24 2 25
2 24 2 25
2 24 2 25
3 25 3 26
5 19 6 19
9 5 9 3
9 10 9 11
9 11 9 13
9 13 9 14
9 13 8 13
9 14 8 14
9 25 9 26
10 23 9 23
11 21 10 21
12 16 12 17
14 4 17 4
14 15 14 9
14 24 14 26
17 4 17 2
17 4 17 7
17 4 18 4
17 24 18 24
18 4 18 2
18 4 18 5
18 4 20 4
18 4 18 5
19 5 19 6
19 5 18 5
19 5 19 6
19 5 19 6
19 6 19 7
20 4 20 2
20 4 20 9
20 4 22 4
20 4 22 4
21 2 21 3
21 2 22 2
21 9 21 10
21 9 20 9
21 9 23 9
21 9 21 10
21 9 23 9
21 9 21 10
21 10 21 14
22 2 22 1
22 2 24 2
22 2 24 2
22 7 24 7
23 4 24 4
23 9 23 11
23 9 24 9
23 9 24 9
23 9 24 9
24 2 26 2
24 20 24 18
25 1 26 1
25 1 26 1
25 17 24 17
25 17 26 17
25 17 24 17
26 2 26 1
26 18 26 19
26 19 26 23
0 9 0 22
0 22 0 24
3 14 3 13
3 14 3 15
3 14 3 13
8 3 8 7
8 7 8 9
8 13 8 9
8 13 6 13
9 23 9 22
9 25 9 26
10 20 10 19
11 26 12 26
12 26 11 26
14 9 14 8
17 2 18 2
17 24 18 24
18 6 18 7
18 24 18 23
19 2 19 3
19 3 19 2
23 4 24 4
24 18 24 20
24 18 23 18
24 18 23 18
6 13 6 15
6 13 3 13
7 9 7 10
7 9 7 10
9 22 9 21
10 19 9 19
14 8 15 8
15 8 17 8
18 6 18 7
18 24 18 23
23 4 24 4
23 22 21 22
25 4 25 5
25 9 24 9
5 17 10 17
10 19 9 19
15 8 17 8
17 8 17 7
18 6 18 7
19 22 19 21
19 22 18 22
19 22 19 21
24 5 24 7
24 9 24 7
5 17 10 17
10 17 10 16
18 6 18 7

3236

4 3   4 = = = = = 4 = = = = = = = = = = = = 3 - 2 3 4 4 3 
6 6 4 - - - - - - - 4 3 3 = 6 = = = = 3 2 = = = 6 = 6 6 ǁ 
ǁ 2 2 5 2           5 = = = 6 2 - - 5 6 = = = 5 7 3 3 6 4 
ǁ     3   2         3   3 3 4 2 1   ǁ 3 3 3 4 | | 3 1 | | 
5 - - - - - - - - 5       |         6 = = = 6 | | ǁ 2 | | 
ǁ 1           2   ǁ   1 1 |       2 ǁ 4 = 6 6 3 | ǁ | | | 
ǁ |           ǁ   ǁ       4 - 3   ǁ ǁ 2   ǁ 2 1 | ǁ | | | 
ǁ 5 = = = = = 8 = 6 3 3 2 ǁ       ǁ ǁ     ǁ     | ǁ | | | 
ǁ 4 2 5 = = = 7 - 5 = = = 7 2   2 ǁ ǁ 1   5 = = 6 6 4 | | 
ǁ ǁ   3 = 2   ǁ 1 5 4 3 - 4 2     ǁ ǁ 3   2 3 2 ǁ 5 3 | | 
ǁ 6 = = = = = 8 = = = = = = = 7 5 3 ǁ 5 5 2 | 1 ǁ ǁ   | | 
ǁ 4 5 = 2     ǁ 2 = = 4 = = = 8 4   ǁ 5 6 3 4 = 8 7 5 | | 
ǁ 1 ǁ         ǁ               2 4 2 ǁ 4 - - - - 4 1 2 | | 
ǁ 4 5         7 = = = = = = = = = = 6           |     2 | 
ǁ ǁ 5 4 4     ǁ 2 3 - - - - - 2     ǁ 1 1 - 4 2 3 - 4 4 | 
ǁ ǁ 3 1 ǁ     ǁ 3 |           |     ǁ |     | 3 4   | 3 | 
ǁ ǁ 1   ǁ     ǁ ǁ |           1     ǁ 5 = = 7 = = = 7 3 | 
ǁ ǁ 3 - 6 = = 7 4 |                 ǁ ǁ 4 4 - 2 2 1 ǁ 2 | 
ǁ ǁ 5 = 6 3 4 7 3 |                 ǁ 6 8 5 5 7 7 4 ǁ | 2 
ǁ ǁ 4 2 | 4 4 2 2 |                 ǁ 4 4 3 4 1 4 4 ǁ | 1 
ǁ 4 2 - 6 = = = = 7 = = = = = = = = 7 |         |   7 8 4 
ǁ 4 4 4 ǁ         7 4 - - - 3 3     ǁ 1 4 = 5 - 4   ǁ 2 | 
ǁ 2 4 | 2     1   ǁ 4 4 = 4   ǁ     ǁ   1   ǁ 2 5   ǁ | | 
ǁ   ǁ | 3     |   6 - 3 4 6 - 6 = = 7 - - - 7 2 ǁ   ǁ | | 
ǁ   3 | 3 3 - 3 - 5 2 = 5 | 3 |   2 4 = 3 3 8 = 4   ǁ | | 
6 5 | | 1 1       3 1 4 2 1 ǁ 4 3 4 - - - - 5 6 4   ǁ 2 3 
ǁ 3 3 4 = = = = = 6 2 1 2   ǁ 3 4 2 1 2 - - - 6 3   ǁ 5 5 
6 = = = = = = = = = = = 4 2 4 = = = = = = = = = = = 6 5 ǁ 
3 3 = = 4 = = = = = = = = = = = = = = = = = = = = = 6 6 4 
