29 29
2 0 0 5 0 0 0 0 0 0 3 2 0 3 0 0 0 0 0 0 0 0 4 3 0 0 0 4 2 
3 0 0 7 0 4 4 0 6 2 0 2 0 0 0 0 0 0 0 3 4 2 0 4 0 3 1 0 2 
4 0 0 7 0 0 0 0 7 0 6 0 0 0 0 0 0 0 5 7 8 0 8 0 0 0 0 4 3 
0 2 0 6 0 6 6 2 0 2 0 2 0 0 0 0 5 4 5 2 4 3 0 0 3 5 5 5 2 
3 0 0 2 0 4 3 0 0 0 0 4 3 0 0 0 5 0 0 0 4 4 0 0 0 4 4 8 3 
2 4 6 0 0 0 0 0 8 6 0 4 2 0 3 0 0 2 0 0 0 0 0 0 0 0 1 0 2 
3 0 4 0 6 3 1 0 0 0 0 4 0 0 7 0 7 5 4 2 0 3 0 0 2 0 3 0 0 
6 8 0 0 7 0 0 0 3 4 0 1 0 0 3 3 4 1 0 0 0 1 0 0 0 0 0 4 3 
4 5 1 1 3 2 4 0 0 4 0 0 0 0 0 2 4 0 4 0 0 0 0 0 0 0 0 0 2 
3 0 0 0 0 0 0 0 0 0 5 0 0 0 0 0 0 0 0 0 5 0 6 0 6 5 0 0 0 
0 2 4 0 0 6 0 0 3 2 0 3 0 3 2 0 0 0 5 2 0 2 0 2 4 1 0 0 0 
0 3 2 0 0 2 0 0 0 4 0 0 2 6 4 0 0 0 0 0 0 4 0 4 0 0 7 6 4 
0 2 0 0 0 0 0 0 0 0 0 0 0 0 0 0 0 0 0 0 0 0 0 0 2 2 0 6 3 
0 2 7 0 0 0 0 0 5 0 0 0 0 1 5 0 0 0 5 0 0 0 0 5 6 4 0 0 0 
0 0 2 2 2 0 0 0 0 0 0 0 0 0 0 0 0 0 0 0 0 0 0 1 2 0 0 3 0 
0 4 0 8 5 1 0 0 0 0 0 0 0 0 2 0 0 0 0 0 0 0 0 0 2 0 0 3 0 
0 4 1 0 0 0 0 0 0 0 0 0 0 0 0 0 0 0 0 0 0 0 0 3 5 0 0 4 4 
0 3 0 7 0 0 0 0 6 0 0 0 0 0 0 0 0 0 0 0 0 0 0 0 0 0 0 0 3 
0 4 1 4 4 5 3 1 0 0 0 0 0 0 0 0 0 0 0 0 0 6 6 2 0 0 0 0 0 
0 4 2 1 2 3 0 0 0 0 0 0 0 0 0 0 0 0 0 0 0 4 6 3 0 0 0 0 0 
6 0 0 0 0 0 5 2 0 0 0 0 0 0 0 0 0 0 0 0 0 1 0 3 4 3 0 4 4 
5 0 0 0 0 0 0 0 5 3 0 0 0 0 1 0 0 0 0 0 0 3 4 0 0 2 0 0 0 
0 2 5 3 2 5 0 3 0 2 0 0 0 0 0 0 0 0 0 0 0 0 2 0 0 0 0 0 2 
5 0 4 5 2 4 3 0 4 6 0 4 0 0 0 0 0 0 5 0 5 7 0 6 6 3 0 0 0 
6 0 4 3 0 5 4 0 1 2 0 3 0 0 0 0 0 0 0 0 4 4 1 2 6 4 0 0 0 
5 0 0 0 0 0 0 6 0 0 6 0 0 0 0 0 0 0 0 0 7 0 0 0 6 3 0 0 0 
4 2 4 0 5 2 0 0 4 5 7 0 0 0 0 0 4 4 5 4 0 2 3 0 4 2 0 0 0 
3 0 4 0 5 0 0 6 5 5 5 0 0 0 0 0 0 0 2 4 6 0 0 0 0 0 8 4 4 
2 5 0 0 0 0 0 5 0 0 0 0 0 0 0 0 0 0 0 0 0 4 4 2 1 0 5 4 4 
300 544
0 3 0 0
0 3 0 10
0 3 1 3
1 8 1 6
1 8 1 9
1 8 2 8
1 8 1 6
1 8 1 9
1 8 2 8
2 3 2 0
2 3 2 8
2 3 1 3
2 3 3 3
2 18 2 10
2 18 2 19
2 18 3 18
2 20 2 19
2 20 2 22
2 20 1 20
2 20 3 20
2 20 2 19
2 20 2 22
2 20 1 20
2 20 3 20
2 22 2 27
2 22 0 22
2 22 9 22
3 5 3 3
3 5 3 6
3 5 4 5
3 5 3 3
3 5 3 6
3 5 4 5
3 6 3 7
3 6 4 6
3 6 3 7
3 6 4 6
3 16 3 11
3 16 3 17
3 16 4 16
3 25 3 24
3 25 3 26
3 25 4 25
4 27 4 26
4 27 4 28
4 27 3 27
4 27 7 27
4 27 4 26
4 27 4 28
4 27 3 27
4 27 7 27
5 2 5 1
5 2 5 8
5 2 6 2
5 2 5 1
5 2 5 8
5 2 6 2
5 8 5 9
5 8 2 8
5 8 7 8
6 4 6 2
6 4 6 5
6 4 7 4
6 4 6 2
6 4 6 5
6 4 7 4
6 14 6 11
6 14 6 16
6 14 5 14
6 14 7 14
7 0 7 1
7 0 6 0
7 0 8 0
7 0 7 1
7 0 6 0
7 0 8 0
7 1 7 4
7 1 5 1
7 1 8 1
7 27 7 28
7 27 11 27
8 0 8 1
8 0 9 0
9 25 9 24
9 25 4 25
9 25 10 25
11 26 11 23
11 26 11 27
11 26 6 26
11 26 27 26
11 27 11 26
11 27 11 28
11 27 12 27
11 27 11 26
11 28 8 28
11 28 12 28
11 28 8 28
13 2 13 1
13 2 13 8
13 2 11 2
13 2 14 2
15 3 15 1
15 3 15 4
15 3 14 3
15 3 17 3
15 3 15 1
15 3 15 4
15 3 14 3
15 3 17 3
16 24 16 23
16 24 15 24
16 24 20 24
17 3 17 1
17 3 17 8
17 3 18 3
17 8 17 3
17 8 13 8
17 8 21 8
17 8 13 8
17 8 21 8
18 5 18 4
18 5 18 6
18 5 19 5
18 21 18 22
18 21 11 21
18 21 19 21
18 21 18 22
18 21 11 21
18 21 19 21
18 22 18 23
18 22 9 22
18 22 19 22
18 22 18 23
19 21 19 22
19 21 20 21
19 22 19 23
19 22 21 22
20 0 20 6
20 0 9 0
20 0 21 0
20 0 20 6
20 0 9 0
20 0 21 0
22 2 22 1
22 2 22 3
22 2 23 2
22 5 22 4
22 5 22 7
22 5 23 5
23 0 23 2
23 0 21 0
23 0 24 0
23 21 23 20
23 21 23 23
23 21 21 21
23 21 24 21
24 0 24 2
24 0 23 0
24 0 25 0
24 0 24 2
24 0 23 0
25 0 25 7
25 0 26 0
25 20 25 10
25 20 25 24
25 20 24 20
25 20 27 20
26 4 26 2
26 4 26 5
26 4 27 4
26 10 26 9
26 10 26 16
26 10 25 10
26 10 27 10
26 16 26 10
26 16 26 17
26 16 26 17
26 17 26 18
26 19 26 18
26 19 27 19
26 19 26 18
26 19 27 19
27 8 27 7
27 8 27 9
27 8 26 8
27 19 27 18
27 19 27 20
27 20 27 26
27 20 25 20
27 20 27 26
27 26 27 27
27 26 11 26
27 26 28 26
28 1 28 0
28 1 28 7
28 1 26 1
28 21 28 7
28 21 28 22
28 21 28 7
28 21 28 22
28 22 28 23
28 26 28 24
28 26 28 27
28 26 27 26
28 28 28 27
28 28 27 28
28 28 28 27
28 28 27 28
1 5 1 3
1 5 1 6
1 5 1 3
1 5 1 6
1 20 1 19
1 20 1 21
1 23 1 25
1 23 0 23
1 23 1 25
1 23 0 23
1 25 1 26
2 22 2 27
2 22 0 22
2 22 9 22
3 3 3 1
3 3 2 3
3 3 4 3
4 5 4 3
4 5 4 6
5 8 5 9
5 8 2 8
5 8 7 8
5 9 5 11
5 9 3 9
5 9 7 9
5 9 5 11
6 0 5 0
6 26 5 26
7 1 7 4
7 1 5 1
7 1 8 1
7 28 5 28
7 28 5 28
9 25 9 24
9 25 4 25
10 24 10 23
10 24 9 24
10 24 10 23
10 24 9 24
11 21 11 14
11 21 10 21
11 23 13 23
14 2 13 2
14 4 15 4
15 1 13 1
15 1 16 1
15 4 15 5
15 4 14 4
16 1 16 2
16 1 17 1
16 1 17 1
17 3 18 3
18 1 18 2
18 1 19 1
18 1 19 1
18 1 19 1
18 3 18 4
18 3 19 3
18 4 18 5
18 4 19 4
19 1 19 2
19 4 19 5
19 5 18 5
19 22 19 23
19 22 21 22
19 23 20 23
21 0 21 8
21 0 21 8
22 1 22 2
22 22 21 22
23 18 23 11
23 18 23 20
23 18 13 18
24 2 24 3
24 2 23 2
24 5 24 3
24 5 24 6
24 5 23 5
25 0 25 7
25 0 26 0
25 7 25 10
25 7 22 7
25 7 27 7
25 7 25 10
25 10 25 20
25 10 9 10
26 0 26 1
26 0 27 0
26 2 26 4
26 2 27 2
26 2 27 2
26 5 26 4
26 8 26 9
26 8 27 8
26 8 26 9
26 10 26 9
26 10 27 10
26 17 26 18
26 18 27 18
26 21 26 22
27 0 28 0
27 2 27 4
27 4 27 2
27 4 27 7
27 4 27 7
27 10 27 9
27 26 27 27
27 28 27 27
27 28 22 28
28 1 28 7
28 7 27 7
28 22 28 23
28 26 28 27
0 22 0 13
0 22 0 23
0 27 0 28
0 27 2 27
0 27 0 28
0 27 2 27
1 28 2 28
1 28 2 28
2 10 2 8
2 10 2 18
2 10 0 10
2 10 2 8
2 10 0 10
2 28 3 28
3 9 3 11
3 16 3 17
3 16 4 16
3 17 3 18
3 17 5 17
4 11 4 12
4 11 5 11
4 11 4 12
4 11 5 11
4 25 4 26
4 26 3 26
4 28 3 28
5 0 4 0
6 11 6 14
6 11 7 11
7 9 7 8
7 9 8 9
7 9 8 9
9 10 9 20
9 10 9 20
11 12 11 13
11 23 13 23
12 1 11 1
13 2 13 8
13 2 11 2
13 8 10 8
13 18 13 14
13 18 23 18
13 18 13 14
21 14 15 14
22 22 21 22
22 28 20 28
23 2 23 3
23 9 23 8
23 9 22 9
23 9 24 9
23 9 23 8
23 9 22 9
23 9 24 9
24 6 24 5
24 6 23 6
24 6 24 5
24 8 23 8
26 9 27 9
26 21 26 22
26 22 26 24
26 24 26 25
26 24 25 24
26 24 26 25
27 7 27 8
27 9 27 10
27 10 27 9
27 27 20 27
0 3 0 0
0 3 1 3
0 13 0 11
2 3 2 0
2 3 1 3
3 27 3 26
4 0 2 0
4 0 2 0
7 4 8 4
8 18 8 16
8 18 6 18
8 18 8 16
8 18 6 18
11 5 10 5
11 9 10 9
11 9 21 9
11 9 10 9
11 9 21 9
11 12 11 13
11 13 11 14
11 13 10 13
11 13 13 13
11 13 11 14
11 14 10 14
12 1 11 1
13 14 15 14
20 27 20 28
20 27 16 27
20 27 20 28
20 28 17 28
21 9 21 8
21 21 23 21
22 2 22 3
22 7 22 5
23 6 23 5
24 3 23 3
25 24 25 20
25 24 25 25
25 24 24 24
25 24 25 25
25 25 24 25
0 13 0 11
1 0 1 3
1 11 1 19
3 27 3 26
7 4 8 4
8 9 8 6
8 9 8 15
8 16 8 15
8 16 7 16
10 8 10 5
10 8 10 5
11 1 10 1
11 5 10 5
16 27 16 28
16 27 15 27
16 27 16 28
16 28 12 28
16 28 17 28
23 6 23 5
24 24 24 23
24 24 24 25
24 24 23 24
24 24 24 23
24 24 24 25
24 25 23 25
1 11 1 19
2 19 2 18
2 19 3 19
2 19 3 19
3 18 6 18
3 20 3 21
3 20 4 20
3 21 4 21
3 27 3 26
4 20 4 21
4 20 9 20
4 20 4 21
4 21 3 21
6 19 6 18
6 21 7 21
7 4 8 4
8 1 8 2
8 1 10 1
8 6 8 5
8 6 6 6
8 6 8 5
9 20 9 22
10 2 10 5
10 5 10 2
10 21 10 19
12 28 12 27
15 27 14 27
22 5 22 4
23 4 23 3
23 23 23 21
23 23 23 24
23 23 20 23
23 24 23 23
23 24 23 25
23 24 20 24
23 24 23 23
23 25 21 25
24 22 24 21
3 25 3 24
6 17 6 16
6 17 5 17
6 17 7 17
6 17 6 16
7 16 7 15
7 16 6 16
7 16 7 15
9 20 9 22
9 22 9 24
9 24 6 24
10 19 10 18
12 27 14 27
12 27 14 27
20 23 20 24
20 24 20 25
21 25 20 25
22 3 23 3
23 3 23 4
24 21 24 20
24 21 23 21
3 25 3 24
6 16 6 14
6 16 6 17
6 16 4 16
7 14 7 15
7 14 6 14
10 18 10 14
20 25 13 25
24 20 24 11
24 20 23 20
4 16 4 12
5 12 5 14
5 14 5 12
10 13 10 11
13 25 13 24
13 25 12 25
13 25 13 24
23 20 23 18
24 11 23 11
10 13 10 11
12 25 12 24
13 24 13 23
13 24 12 24
13 24 14 24
13 24 13 23
23 11 10 11
23 11 24 11
13 23 14 23
14 24 15 24
16 23 16 24
16 23 16 24

6050

2 = = 5 - - - - - - 3 2 = 3 - - - - - - - - 4 3       4 2 
3 - - 7 = 4 4 = 6 2 ǁ 2 = = = = = = = 3 4 2 ǁ 4 = 3 1 ǁ 2 
4 = = 7 - - - - 7 = 6 = = = = = = = 5 7 8 = 8 = = = = 4 3 
ǁ 2 - 6 = 6 6 2 ǁ 2 - 2 - - - - 5 4 5 2 4 3 ǁ   3 5 5 5 2 
3     2 - 4 3   ǁ |   4 3 - - - 5 | |   4 4 ǁ     4 4 8 3 
2 4 6 = = = = = 8 6 = 4 2 = 3   | 2 |   |   ǁ     ǁ 1 ǁ 2 
3 ǁ 4 = 6 3 1   ǁ |   4 = = 7 = 7 5 4 2 | 3 ǁ   2 ǁ 3 ǁ ǁ 
6 8 = = 7   |   3 4   1     3 3 4 1 ǁ   | 1 ǁ   | ǁ | 4 3 
4 5 1 1 3 2 4 - - 4 - - - - - 2 4 = 4   |   ǁ   | ǁ | | 2 
3 |                 5 = = = = = = = = = 5 = 6 - 6 5 | | ǁ 
ǁ 2 4 = = 6 = = 3 2 | 3 = 3 2 - - - 5 2 - 2 | 2 4 1 | | ǁ 
ǁ 3 2     2     | 4 | | 2 6 4 - - - - - - 4 | 4 - - 7 6 4 
ǁ 2 ǁ           | ǁ | |   |               ǁ | ǁ 2 2 ǁ 6 3 
ǁ 2 7 = = = = = 5 ǁ | |   1 5 = = = 5     ǁ | 5 6 4 ǁ ǁ | 
ǁ | 2 2 2       ǁ ǁ | |     |       ǁ     ǁ | 1 2 | ǁ 3 | 
ǁ 4 = 8 5 1     ǁ ǁ | |     2       ǁ     ǁ |   2 | ǁ 3 | 
ǁ 4 1 ǁ         ǁ ǁ | |     |       ǁ     ǁ | 3 5 | ǁ 4 4 
ǁ 3 - 7 = = = = 6 ǁ | |     |       ǁ     ǁ |   | | ǁ | 3 
ǁ 4 1 4 4 5 3 1 ǁ ǁ | |     |       ǁ     6 6 2 | | ǁ | | 
ǁ 4 2 1 2 3     ǁ ǁ | |     |       ǁ     4 6 3 | | ǁ | | 
6 = = = = = 5 2 ǁ ǁ | |     |       ǁ     1 ǁ 3 4 3 ǁ 4 4 
5 = = = = = = = 5 3 | |     1       ǁ     3 4 | | 2 ǁ | | 
| 2 5 3 2 5 = 3   2 | |             ǁ     ǁ 2 | | | ǁ | 2 
5 - 4 5 2 4 3 | 4 6 | 4 - - - - - - 5 = 5 7 = 6 6 3 ǁ | | 
6 = 4 3 - 5 4 | 1 2 | 3 - - - - - - - - 4 4 1 2 6 4 ǁ | | 
5 = = = = = = 6 = = 6 = = = = = = = = = 7 = = = 6 3 ǁ | | 
4 2 4 = 5 2   | 4 5 7 = = = = = 4 4 5 4 ǁ 2 3 - 4 2 ǁ | | 
3 | 4 = 5 = = 6 5 5 5               2 4 6 = = = = = 8 4 4 
2 5 = = = = = 5 = = = = = = = = = = = = = 4 4 2 1 - 5 4 4 
