29 29
2 1 2 5 0 0 1 0 0 2 2 6 0 0 0 0 0 2 0 0 0 1 0 2 0 0 0 2 1 
0 1 0 6 0 0 0 0 0 7 0 7 0 0 0 0 0 0 0 0 0 0 0 0 0 0 0 5 4 
0 1 2 2 1 0 0 4 0 7 2 0 1 2 0 4 0 0 0 0 0 0 0 0 0 0 3 0 2 
0 0 2 0 0 4 1 0 1 4 1 0 2 0 0 0 0 0 0 0 0 0 0 0 0 4 2 0 0 
5 7 0 0 0 6 1 0 3 5 3 4 3 0 2 0 0 0 0 2 0 0 0 0 0 0 2 0 2 
0 0 0 0 4 5 2 0 0 4 2 2 2 0 0 0 0 0 0 3 0 0 0 0 0 0 0 0 0 
4 0 0 0 0 1 0 3 0 3 2 2 0 0 0 0 0 0 0 0 0 0 0 0 0 7 5 0 0 
2 0 1 0 4 0 0 0 6 0 0 0 0 0 0 0 0 0 0 3 4 0 4 1 2 0 0 0 0 
1 0 1 0 5 0 0 0 3 1 0 2 0 0 0 0 0 0 0 0 3 1 0 0 0 0 3 0 0 
0 0 2 0 5 0 0 0 0 0 0 6 0 0 0 0 0 0 0 6 0 0 8 6 4 0 0 0 0 
0 0 3 3 6 4 0 0 0 0 0 0 0 1 1 2 0 0 2 0 2 0 4 2 1 0 0 0 0 
0 0 4 3 0 2 0 0 0 0 0 0 0 0 0 3 1 0 0 0 0 0 0 1 0 0 1 0 0 
0 0 1 0 6 0 0 0 0 0 0 5 0 2 0 2 1 0 0 0 3 2 2 6 2 0 0 0 0 
0 0 1 0 3 0 0 0 0 0 0 0 0 3 5 0 0 4 3 0 0 0 0 2 0 0 0 0 0 
2 6 0 0 0 0 0 0 0 0 0 0 0 0 0 0 0 0 0 5 0 0 0 0 0 6 0 4 4 
2 0 2 0 0 0 0 3 0 2 2 0 0 5 0 0 3 3 1 0 1 3 0 0 3 0 2 6 2 
3 5 4 2 0 0 0 0 0 0 0 0 0 7 0 0 0 0 0 6 4 1 1 1 0 0 2 7 3 
1 1 0 0 1 0 0 0 0 4 1 2 0 0 2 6 2 1 3 0 4 4 2 0 0 0 0 0 1 
2 0 3 4 0 0 0 0 0 5 0 3 2 7 0 5 0 1 4 6 4 0 3 3 0 0 0 2 1 
3 3 0 4 0 0 0 0 0 1 2 3 0 3 1 3 0 3 2 2 2 3 0 3 3 0 0 2 0 
3 0 0 0 0 0 0 0 0 0 0 0 0 0 0 0 0 0 0 0 0 0 5 0 0 5 5 4 0 
4 0 0 0 0 0 0 0 0 0 4 0 0 0 0 0 0 0 0 0 0 0 4 5 3 0 4 0 0 
3 3 4 0 0 4 2 4 0 3 0 1 0 0 0 0 0 0 0 0 3 3 3 0 1 0 3 0 0 
2 0 4 0 0 6 5 3 3 4 0 0 0 0 0 0 0 0 0 0 0 4 0 0 2 0 0 1 0 
2 2 0 1 2 0 3 2 0 0 0 0 0 0 0 0 0 0 0 0 0 3 4 6 6 0 4 3 0 
5 4 0 0 0 0 5 5 1 0 4 0 0 0 0 0 0 0 0 0 5 2 1 2 3 0 0 4 0 
0 1 5 3 3 0 1 1 0 0 3 0 2 1 0 1 0 0 0 0 5 3 0 1 1 0 0 0 0 
0 0 3 1 0 0 1 0 0 4 0 0 0 0 0 0 0 0 0 0 0 0 5 0 0 7 6 7 3 
3 0 0 0 0 6 0 0 0 0 0 0 0 0 4 0 0 0 0 0 0 0 0 0 0 6 0 5 2 
300 246
0 3 0 2
0 3 0 6
0 3 1 3
0 11 0 10
0 11 0 17
0 11 1 11
0 11 0 10
0 11 0 17
0 11 1 11
1 9 1 3
1 9 1 11
1 9 0 9
1 9 2 9
4 0 4 1
4 0 0 0
4 0 6 0
4 1 4 0
4 1 4 5
4 1 2 1
4 1 14 1
5 4 5 5
5 4 7 4
5 4 5 5
5 4 7 4
6 0 4 0
6 0 7 0
6 0 7 0
6 25 6 11
6 25 6 26
6 25 3 25
6 25 14 25
8 0 14 0
9 22 9 19
9 22 9 23
9 22 7 22
9 22 10 22
9 22 9 19
9 22 9 23
9 22 7 22
9 22 10 22
9 23 9 24
9 23 7 23
9 23 10 23
9 23 9 24
9 24 7 24
9 24 10 24
16 13 16 3
16 13 16 19
16 13 15 13
16 13 18 13
16 27 16 26
16 27 16 28
16 27 15 27
16 27 18 27
17 15 17 14
17 15 17 16
17 15 18 15
17 15 17 14
17 15 17 16
17 15 18 15
25 0 25 1
25 0 24 0
25 0 28 0
26 20 26 15
26 20 26 21
26 20 25 20
27 2 27 3
27 2 26 2
27 2 26 2
27 22 27 9
27 22 27 25
27 22 25 22
27 26 27 25
27 26 27 27
27 26 24 26
27 26 27 25
27 26 27 27
27 26 24 26
27 27 27 28
27 27 25 27
27 27 28 27
28 5 28 0
28 5 28 14
28 5 23 5
28 5 28 0
28 5 28 14
28 5 23 5
28 14 28 25
28 25 28 14
28 25 28 27
28 25 27 25
0 0 0 1
0 3 0 2
0 3 1 3
0 9 1 9
0 21 0 23
0 23 0 27
1 1 1 3
2 15 2 13
2 15 2 26
2 15 2 13
2 15 2 26
4 1 4 5
4 1 14 1
4 5 4 6
4 5 3 5
4 5 5 5
4 5 3 5
7 22 7 20
7 22 7 20
8 21 8 20
9 19 9 11
9 19 7 19
9 19 14 19
9 19 9 11
12 11 12 4
12 11 12 13
12 11 9 11
13 14 13 13
13 14 13 17
13 14 10 14
14 1 14 0
14 1 14 19
14 1 16 1
14 1 14 19
15 0 16 0
23 5 23 2
23 5 23 6
23 5 22 5
23 5 23 2
25 0 25 1
25 0 24 0
25 1 24 1
25 1 26 1
25 6 25 7
25 6 24 6
25 6 26 6
25 27 24 27
25 27 27 27
25 27 24 27
26 20 26 21
26 20 25 20
26 21 25 21
27 6 27 9
27 9 27 22
27 9 23 9
27 22 27 25
28 25 28 27
28 25 27 25
3 5 3 2
3 5 3 6
7 20 7 19
7 20 8 20
9 11 9 4
9 11 8 11
9 11 12 11
10 5 10 4
10 5 11 5
10 5 10 4
10 5 11 5
10 13 12 13
12 11 12 4
13 17 13 14
13 17 13 18
13 17 13 18
13 18 10 18
15 0 16 0
22 5 22 2
22 5 22 6
22 5 22 2
26 7 25 7
27 25 20 25
3 2 2 2
7 19 7 8
8 11 8 9
10 4 10 3
10 4 9 4
10 4 12 4
10 4 10 3
10 18 10 15
12 4 12 2
12 4 13 4
12 4 13 4
13 2 13 4
13 13 13 14
21 26 20 26
21 26 22 26
21 26 20 26
21 26 22 26
22 26 24 26
24 24 24 23
24 24 23 24
24 24 25 24
24 24 24 23
24 24 23 24
24 24 25 24
24 26 24 27
2 2 2 3
7 8 7 4
7 8 4 8
7 8 8 8
7 8 7 4
7 8 4 8
8 4 8 2
8 4 8 8
8 4 9 4
8 8 8 4
10 15 11 15
11 2 11 3
11 2 10 2
11 2 11 3
11 2 10 2
11 3 10 3
23 27 20 27
24 23 24 22
24 23 21 23
24 23 25 23
24 23 24 22
5 6 5 5
8 4 9 4
9 2 9 4
9 2 10 2
20 27 20 26
20 27 19 27
20 27 20 26
22 24 21 24
24 22 24 21
24 22 22 22
5 6 5 5
6 5 6 7
6 7 2 7
6 7 2 7
2 7 2 4
2 7 2 9
2 9 2 10
2 9 1 9
2 9 3 9
1 3 1 9
1 3 2 3
1 11 1 27
1 11 4 11
2 9 2 10
2 9 3 9
2 12 3 12
1 11 1 27
1 11 4 11

3884

2 1 2 5 - - 1     2 2 6 = = = = = 2       1 - 2 - - - 2 1 
| 1 - 6 = = = = = 7 - 7 = = = = = = = = = = = = = = = 5 4 
| 1 2 2 1 - - 4 - 7 2 ǁ 1 2 = 4 = = = = = = = = = = 3   2 
| | 2 - - 4 1 ǁ 1 4 1 ǁ 2                         4 2     
5 7 = = = 6 1 ǁ 3 5 3 4 3   2         2           | 2   2 
ǁ ǁ     4 5 2 ǁ ǁ 4 2 2 2             3           |       
4 ǁ     ǁ 1 - 3 ǁ 3 2 2 - - - - - - - - - - - - - 7 5     
2 ǁ 1   4 = = = 6 - - - - - - - - - - 3 4 = 4 1 2 |       
1 ǁ 1 - 5 = = = 3 1 - 2               | 3 1 ǁ | | | 3     
| ǁ 2 - 5 - - - - - - 6 = = = = = = = 6 = = 8 6 4 |       
| ǁ 3 3 6 4           ǁ   1 1 2 - - 2 | 2   4 2 1 |       
| ǁ 4 3 | 2           ǁ   | | 3 1   | |       1   | 1     
| ǁ 1 - 6 = = = = = = 5 - 2 | 2 1   | | 3 2 2 6 2 |       
| ǁ 1 - 3                 3 5 = = 4 3 |       2   |       
2 6 = = = = = = = = = = = = = = = = = 5           6   4 4 
2 | 2         3   2 2     5     3 3 1   1 3     3   2 6 2 
3 5 4 2 - - - - - - - - - 7 - - - - - 6 4 1 1 1     2 7 3 
1 1     1         4 1 2   | 2 6 2 1 3   4 4 2         | 1 
2   3 4           5   3 2 7   5   1 4 6 4   3 3       2 1 
3 3   4           1 2 3   3 1 3   3 2 2 2 3   3 3     2   
3                                           5     5 5 4   
4                   4                       4 5 3 | 4 |   
3 3 4 = = 4 2 4   3   1                 3 3 3 | 1 | 3 |   
2   4 = = 6 5 3 3 4                       4 | | 2 | | 1   
2 2   1 2 ǁ 3 2   |                       3 4 6 6 | 4 3   
5 4       ǁ 5 5 1 | 4                   5 2 1 2 3 | ǁ 4   
| 1 5 3 3 ǁ 1 1   | 3   2 1   1 - - - - 5 3 | 1 1 | ǁ ǁ   
|   3 1   ǁ 1 - - 4 = = = = = = = = = = = = 5 = = 7 6 7 3 
3 = = = = 6 = = = = = = = = 4 = = = = = = = = = = 6 = 5 2 
