29 29
2 3 1 3 0 0 2 0 0 0 1 3 5 0 0 0 0 0 0 0 0 0 0 0 0 2 1 1 1 
3 0 0 3 4 0 0 0 0 0 0 1 0 1 3 0 3 3 0 0 0 0 3 0 4 5 4 4 5 
0 4 0 0 0 1 0 2 0 0 5 2 0 2 4 2 0 5 1 1 0 0 0 0 3 4 0 1 3 
3 0 4 0 7 0 0 0 4 1 0 1 0 1 0 1 0 2 0 0 0 0 0 0 2 2 0 0 0 
0 0 3 3 0 2 3 3 0 2 0 0 0 2 6 2 0 4 0 5 0 0 4 2 0 0 6 6 3 
0 0 3 3 0 1 0 2 0 3 0 0 0 1 0 2 0 2 0 1 0 0 0 2 1 0 0 3 1 
0 0 4 0 6 0 5 1 3 0 0 0 0 4 7 5 4 0 0 0 0 0 5 0 0 0 6 5 2 
0 0 1 0 0 0 3 1 4 3 0 0 0 2 0 1 4 0 0 0 4 2 0 1 4 2 0 4 2 
0 0 3 0 5 0 0 0 0 0 6 0 5 0 6 0 0 0 0 0 2 0 0 3 6 1 4 5 2 
4 7 0 0 0 3 0 0 0 0 4 0 3 2 0 0 0 2 0 0 4 1 0 1 0 2 3 0 0 
0 0 2 0 4 0 0 0 0 0 4 0 0 0 5 0 0 0 0 0 0 0 5 0 7 0 0 7 6 
0 0 1 0 0 0 0 0 1 0 0 2 4 2 0 3 0 0 0 0 0 0 6 2 2 2 1 0 2 
0 0 0 0 0 0 0 0 0 1 0 0 0 0 0 0 2 4 0 0 1 1 3 0 1 0 2 0 2 
0 0 4 2 0 0 1 0 4 0 0 0 0 0 0 0 2 5 0 0 0 0 4 0 2 5 5 0 0 
0 0 0 0 0 0 0 0 0 0 0 0 0 0 0 0 1 0 1 0 0 0 5 0 0 3 0 0 0 
0 2 0 0 0 0 0 0 0 0 0 0 3 0 0 0 1 0 1 3 0 3 0 3 0 0 0 5 6 
0 0 0 0 0 0 0 0 0 2 0 2 0 0 0 0 3 5 0 1 1 0 0 4 0 0 0 0 0 
0 0 0 0 0 0 0 0 0 0 0 0 0 0 0 3 2 6 0 4 3 0 0 0 0 0 1 0 0 
0 0 0 1 0 0 0 0 0 0 0 0 0 0 0 2 1 4 0 0 0 0 0 0 0 0 1 0 0 
0 0 0 0 0 0 0 0 0 0 0 0 0 0 0 3 0 6 0 0 0 5 0 0 0 0 0 0 0 
3 0 5 4 0 0 0 0 0 0 0 0 0 0 0 3 0 2 0 0 0 0 0 0 0 3 0 0 0 
0 0 2 0 0 0 0 0 0 0 0 3 7 0 6 0 0 0 0 0 0 5 5 5 0 1 0 0 3 
0 1 2 0 0 0 0 0 0 0 0 0 0 1 0 0 0 0 0 0 0 3 3 2 0 0 0 0 0 
0 0 0 2 0 0 0 0 0 0 0 0 0 5 7 0 0 0 0 0 0 0 0 0 6 0 4 0 3 
0 0 0 0 0 0 0 0 0 0 0 0 0 2 0 0 0 1 0 0 0 0 0 0 2 4 5 0 2 
3 0 6 0 5 0 0 0 6 3 0 1 5 2 0 2 0 5 0 0 0 0 0 0 3 0 1 3 1 
2 0 2 0 2 3 2 0 2 1 0 2 3 2 4 0 0 0 0 0 0 0 0 0 6 5 0 4 1 
3 5 0 0 0 0 0 0 0 0 5 6 0 0 3 2 1 4 1 4 0 0 4 4 7 2 4 7 2 
2 2 1 0 2 0 0 3 0 0 4 5 0 0 0 0 0 4 2 6 0 0 0 0 4 1 4 6 2 
300 258
0 12 0 11
0 12 0 25
0 12 8 12
1 28 1 27
1 28 0 28
1 28 2 28
3 4 3 2
3 4 3 8
3 4 1 4
3 4 6 4
6 14 6 13
6 14 6 15
6 14 4 14
6 14 8 14
9 1 9 0
9 1 9 5
9 1 2 1
9 1 15 1
10 24 10 22
10 24 10 27
10 24 8 24
10 24 11 24
10 28 10 27
10 28 8 28
10 28 11 28
10 28 10 27
10 28 8 28
10 28 11 28
13 26 13 25
13 26 12 26
13 26 17 26
15 27 15 28
15 27 10 27
15 27 25 27
15 28 15 27
15 28 12 28
15 28 21 28
15 28 15 27
15 28 12 28
17 20 17 19
17 20 16 20
17 20 17 19
19 21 19 17
19 21 15 21
19 21 21 21
21 12 21 11
21 12 21 14
21 12 15 12
21 12 25 12
21 28 23 28
23 3 20 3
23 13 23 14
23 13 22 13
23 13 24 13
24 26 24 25
24 26 23 26
24 26 25 26
27 24 27 23
27 24 27 25
27 24 26 24
27 24 28 24
27 27 27 26
27 27 27 28
27 27 26 27
27 27 28 27
28 11 28 10
28 11 28 17
28 11 27 11
28 19 28 18
28 19 28 24
28 19 27 19
28 19 28 18
28 19 28 24
28 19 27 19
28 24 28 25
28 26 28 27
28 26 27 26
28 26 28 27
28 26 27 26
28 27 28 28
28 27 27 27
1 28 1 27
1 28 2 28
2 1 0 1
2 1 9 1
2 1 0 1
2 5 2 7
2 7 2 10
8 4 8 2
8 4 8 10
8 4 6 4
8 27 8 26
8 27 7 27
8 27 10 27
10 27 10 24
10 27 8 27
13 26 13 25
13 26 12 26
16 23 15 23
16 23 21 23
16 23 15 23
16 23 21 23
17 19 17 17
17 19 16 19
18 26 23 26
21 28 23 28
23 3 20 3
23 26 23 24
23 26 24 26
23 28 24 28
24 26 24 25
24 28 25 28
25 27 26 27
25 27 26 27
27 19 27 18
27 19 27 22
27 22 27 23
27 22 22 22
27 22 27 23
27 23 27 24
27 24 27 25
27 24 26 24
27 26 27 27
28 17 28 11
28 17 27 17
28 17 27 17
28 27 28 28
11 26 11 25
16 17 16 16
16 17 13 17
16 17 17 17
17 17 17 16
17 17 16 17
17 17 18 17
17 17 17 16
18 17 18 16
18 17 19 17
18 17 19 17
19 17 19 15
19 17 19 21
19 17 20 17
20 3 20 2
20 3 18 3
23 14 23 13
23 14 21 14
23 14 26 14
23 14 23 13
23 14 21 14
23 14 26 14
24 13 25 13
24 25 24 24
24 25 26 25
25 17 25 15
25 17 24 17
25 17 27 17
26 14 26 13
26 14 27 14
26 24 26 25
26 24 25 24
26 24 26 25
26 24 25 24
26 25 26 27
26 28 27 28
27 17 27 16
16 16 16 17
16 16 15 16
20 17 20 15
21 14 21 12
21 14 21 21
21 14 10 14
25 17 25 15
25 24 24 24
27 15 27 14
27 15 27 14
12 9 16 9
14 16 13 16
20 15 19 15
23 24 13 24
27 11 27 10
27 11 26 11
27 11 28 11
28 10 28 7
28 10 27 10
28 10 28 7
14 22 14 18
14 22 13 22
14 22 21 22
15 18 15 19
15 19 15 21
15 23 11 23
20 15 19 15
21 25 20 25
23 24 13 24
27 11 27 10
27 11 26 11
28 7 28 4
12 24 11 24
15 19 15 21
18 15 17 15
19 21 21 21
20 25 14 25
10 24 10 22
10 24 8 24
11 23 11 22
11 25 13 25
13 25 14 25
13 25 14 25
18 15 17 15
8 24 8 23
8 24 8 25
8 24 7 24
8 24 8 23
9 25 9 26
11 22 11 15
11 22 10 22
11 22 12 22
11 22 11 15
11 22 10 22
17 15 11 15
9 25 9 26
9 26 8 26
8 26 8 27
8 26 6 26
6 26 6 22
6 26 6 27
6 26 4 26
6 26 6 22
6 26 6 27
7 24 7 23
7 24 7 25
7 24 7 25
7 27 7 28
7 27 6 27
7 27 7 28
4 26 4 23
4 26 4 27
4 26 1 26
4 26 4 23
4 26 4 27
4 27 4 28
4 27 2 27
4 27 5 27
4 27 4 28
5 23 5 19
5 23 5 24
1 27 1 26
1 27 0 27
2 28 4 28
4 19 4 17
4 19 4 22
4 19 2 19
4 22 4 19
4 22 1 22
4 22 1 22
1 26 1 25
1 26 0 26
2 18 2 17
4 19 4 17

4598

2 3 1 3     2       1 3 5 - - - - - - - - - - - - 2 1 1 1 
3 ǁ   3 4             1 | 1 3   3 3         3   4 5 4 4 5 
  4     | 1 - 2 - - 5 2 | 2 4 2   5 1 1     ǁ   3 4 | 1 3 
3 ǁ 4 - 7 - - - 4 1   1 | 1   1   2   |     ǁ   2 2 | | | 
  ǁ 3 3 | 2 3 3   2     | 2 6 2   4 = 5 = = 4 2 = = 6 6 3 
  ǁ 3 3 | 1   2   3     | 1 | 2   2   1 - - - 2 1   | 3 1 
  ǁ 4   6   5 1 3       | 4 7 5 4           5 = = = 6 5 2 
  ǁ 1   |   3 1 4 3     | 2 | 1 4       4 2   1 4 2 | 4 2 
  ǁ 3 - 5 - - - - - 6   5   6           2     3 6 1 4 5 2 
4 7 - - - 3         4   3 2       2     4 1   1 ǁ 2 3 ǁ ǁ 
  | 2   4           4       5               5 = 7 = = 7 6 
  | 1           1     2 4 2 | 3 = = = = = = 6 2 2 2 1 | 2 
  |               1         | | 2 4     1 1 3 | 1 | 2 | 2 
  | 4 2     1   4 |         | | 2 5         4 | 2 5 5 | ǁ 
  |               |         | | 1 | 1 - - - 5 | ǁ 3 | | ǁ 
  2               |     3   | | 1 | 1 3 = 3 | 3 ǁ | | 5 6 
                  2   2 |   | | 3 5   1 1 | | 4 ǁ | | | | 
                        |   | 3 2 6 - 4 3 | | ǁ ǁ | 1 | | 
      1                 |   | 2 1 4       | | ǁ ǁ | 1 | | 
      |                 |   | 3 - 6 = = = 5 | ǁ ǁ | | | | 
3   5 4                 |   | 3 - 2       ǁ | ǁ ǁ 3 | | | 
    2 ǁ               3 7 = 6 - - - - - - 5 5 5 ǁ 1 | | 3 
  1 2 ǁ                 | 1 ǁ             3 3 2 ǁ   | | ǁ 
      2                 | 5 7               |   6 - 4 | 3 
                        | 2 ǁ     1         |   2 4 5 | 2 
3   6   5       6 3   1 5 2 ǁ 2 = 5         |   3 | 1 3 1 
2   2   2 3 2   2 1   2 3 2 4     |         |   6 5 - 4 1 
3 5                 5 6     3 2 1 4 1 4 - - 4 4 7 2 4 7 2 
2 2 1   2 - - 3 = = 4 5 = = = = = 4 2 6 = = = = 4 1 4 6 2 
