29 29
2 2 3 0 3 4 3 0 2 1 1 0 2 0 0 0 0 0 0 0 0 0 0 0 0 4 3 4 1 
4 7 0 0 5 4 3 0 0 0 0 0 4 0 0 0 0 0 0 0 0 0 0 0 0 5 0 5 0 
2 0 1 0 3 0 8 0 0 0 2 1 4 2 0 0 0 0 0 4 0 0 0 4 4 0 1 5 3 
0 0 1 0 0 0 4 1 1 0 0 0 4 0 0 4 0 3 1 0 1 0 0 3 3 0 0 2 2 
6 6 0 0 0 0 0 0 0 0 0 0 0 0 0 0 0 0 0 5 0 0 0 0 0 5 3 3 3 
0 0 2 0 0 4 0 2 1 0 2 2 3 2 1 0 2 0 0 5 0 0 0 5 2 0 0 0 3 
0 0 0 2 1 6 0 0 0 0 6 2 2 0 0 0 0 0 0 7 4 2 2 3 3 0 2 0 3 
2 0 0 0 1 4 3 0 3 1 3 0 0 0 3 0 0 0 0 5 0 0 6 2 2 0 1 0 0 
1 0 5 7 0 0 0 0 0 0 0 0 0 0 0 0 0 0 0 0 0 0 0 0 0 4 0 6 4 
0 0 0 0 2 4 0 3 1 1 0 3 3 2 2 0 0 5 0 0 0 0 0 6 4 0 4 4 0 
2 0 0 0 1 3 1 0 0 3 0 5 0 0 0 0 0 5 0 0 3 0 2 2 0 0 0 1 0 
0 0 0 0 2 0 0 5 3 0 2 0 3 0 0 6 0 8 0 0 0 0 3 2 0 0 0 0 0 
0 0 0 0 3 4 1 0 0 0 0 0 3 3 2 7 3 0 4 0 4 3 0 0 0 0 0 0 0 
0 0 0 0 2 0 0 0 2 0 0 0 0 2 2 4 2 0 3 1 0 2 0 0 0 0 2 0 0 
2 0 0 0 0 0 0 0 3 2 0 0 4 0 0 0 0 6 0 0 3 2 6 5 5 0 0 0 0 
0 0 0 0 0 0 0 0 4 5 3 0 4 4 3 2 0 4 4 2 1 0 5 2 1 0 0 0 0 
0 0 0 0 0 3 0 0 4 6 0 6 0 0 0 0 0 0 0 0 0 0 0 0 0 6 0 5 0 
0 0 0 0 0 1 0 0 2 0 0 0 1 3 0 1 1 1 3 4 2 2 0 5 1 0 1 0 0 
0 0 0 0 0 0 0 0 0 0 0 0 1 4 0 5 4 3 0 0 2 4 1 0 2 0 0 0 0 
0 0 0 0 5 0 5 0 0 0 0 0 2 0 1 5 3 3 0 0 0 3 1 4 5 0 0 3 0 
0 0 0 0 1 2 0 0 0 0 0 0 6 6 0 0 0 0 5 4 4 3 1 0 0 0 0 1 0 
0 0 0 0 2 4 0 0 0 0 0 0 0 0 0 0 0 0 0 0 3 5 1 0 3 0 0 3 5 
0 0 0 0 0 0 0 0 0 0 0 0 0 0 0 0 0 0 0 0 0 4 3 0 3 0 0 0 0 
0 0 3 3 0 0 0 0 0 0 2 0 3 4 3 0 2 0 0 0 0 1 0 0 0 0 0 0 0 
0 0 2 2 7 6 0 0 2 3 0 0 3 5 0 1 0 0 0 0 0 2 0 0 3 0 0 1 0 
0 0 2 1 2 2 0 0 1 2 0 0 0 1 0 0 0 0 0 0 0 0 0 0 1 0 0 0 0 
4 4 0 0 0 0 5 5 4 5 4 4 0 0 0 0 0 0 6 3 0 0 0 0 0 0 2 0 3 
4 0 0 0 0 0 0 0 0 0 0 0 0 0 0 0 0 0 0 4 4 4 3 2 0 6 2 1 3 
1 1 0 3 0 0 0 0 0 0 0 0 0 0 0 0 0 0 0 0 0 0 0 0 0 5 0 2 1 
300 318
1 1 1 0
1 1 1 4
1 1 0 1
1 1 4 1
1 27 1 25
1 27 0 27
1 27 2 27
2 6 2 4
2 6 2 10
2 6 1 6
2 6 3 6
2 6 2 4
2 6 2 10
2 6 1 6
2 6 3 6
4 0 4 1
4 0 2 0
4 0 7 0
4 0 4 1
4 0 2 0
4 0 7 0
4 1 4 19
4 1 1 1
4 1 26 1
6 19 6 12
6 19 6 20
6 19 5 19
6 19 7 19
8 0 10 0
8 2 8 3
8 2 5 2
8 2 23 2
9 17 9 14
9 17 9 23
9 17 10 17
10 0 14 0
11 15 11 12
11 15 11 17
11 15 12 15
11 15 11 12
11 15 11 17
11 15 12 15
11 17 11 22
11 17 10 17
11 17 14 17
12 15 12 14
12 15 12 16
12 15 13 15
12 18 12 20
12 18 13 18
12 18 12 20
12 18 13 18
12 20 12 21
12 20 14 20
12 21 13 21
14 0 26 0
14 24 14 23
14 24 9 24
14 24 15 24
16 27 16 25
16 27 10 27
16 27 19 27
19 4 19 6
19 4 13 4
19 4 20 4
21 28 21 27
21 28 8 28
21 28 26 28
24 4 24 3
24 4 24 5
24 4 21 4
24 4 25 4
26 0 26 1
26 0 27 0
26 0 26 1
26 1 26 6
26 6 26 7
26 6 19 6
26 9 26 8
26 9 26 10
26 9 25 9
26 18 26 11
26 18 26 19
26 18 20 18
26 18 26 11
26 18 26 19
26 18 20 18
27 0 27 19
27 0 28 0
27 0 27 19
27 19 27 20
27 19 26 19
27 20 27 21
27 20 21 20
27 20 27 21
27 21 27 22
27 21 24 21
28 1 28 3
28 3 28 25
1 0 1 1
1 0 0 0
1 0 1 1
2 11 2 12
3 6 3 2
3 6 3 7
3 8 3 12
3 12 3 15
3 12 2 12
3 12 3 15
3 15 3 17
3 17 3 15
3 17 3 18
7 22 7 19
7 22 7 23
7 22 6 22
7 22 7 19
7 22 7 23
7 22 6 22
9 23 9 17
9 23 9 24
9 23 10 23
9 27 9 26
9 27 8 27
9 27 9 26
9 27 8 27
11 17 11 22
11 17 10 17
11 17 14 17
12 21 13 21
13 26 9 26
14 17 14 12
14 17 14 20
14 17 15 17
14 17 14 12
14 24 14 23
14 24 9 24
16 27 16 25
16 27 19 27
19 4 19 6
19 4 13 4
20 5 21 5
20 12 20 13
20 12 19 12
20 12 23 12
20 12 20 13
20 12 19 12
20 12 23 12
20 13 20 18
20 13 18 13
20 13 23 13
20 13 20 18
23 16 23 14
24 5 24 4
24 5 21 5
24 5 25 5
24 5 24 4
24 5 21 5
24 15 24 13
25 5 25 4
25 24 24 24
26 6 26 7
26 6 19 6
26 11 26 10
26 11 16 11
28 3 28 25
0 0 0 1
0 2 0 4
0 2 0 4
2 2 2 4
2 12 2 13
2 12 1 12
2 13 2 19
2 19 2 23
2 19 4 19
2 19 2 23
2 23 2 24
2 23 3 23
2 24 2 26
2 24 3 24
2 24 3 24
4 25 4 19
4 25 4 26
4 25 8 25
5 23 5 19
5 23 5 24
5 23 6 23
6 20 6 19
6 20 6 21
6 20 6 19
8 27 8 25
8 27 8 28
8 27 4 27
8 27 8 25
8 28 6 28
8 28 21 28
9 23 9 24
9 23 10 23
9 26 13 26
13 18 13 19
16 11 16 9
16 11 16 25
16 11 10 11
16 11 16 9
16 11 16 25
17 23 17 21
17 23 17 24
17 23 19 23
17 26 26 26
18 24 19 24
19 6 12 6
19 14 19 15
19 15 19 16
19 15 18 15
19 15 19 16
19 15 18 15
19 27 20 27
20 5 21 5
21 4 24 4
21 27 21 28
21 27 24 27
23 10 26 10
23 16 23 14
25 13 24 13
26 10 26 9
1 4 1 5
1 4 0 4
1 4 1 5
3 20 3 23
3 23 3 24
6 28 5 28
7 24 6 24
7 26 6 26
14 12 12 12
14 12 15 12
15 12 15 13
15 13 15 12
15 13 15 14
15 13 15 12
15 14 15 15
15 17 15 15
15 17 15 18
15 17 15 18
15 18 15 19
15 22 15 20
15 22 15 23
15 22 14 22
16 9 16 8
16 9 15 9
16 9 24 9
16 9 16 8
17 5 16 5
18 24 19 24
23 14 23 13
0 5 0 6
0 5 1 5
0 5 0 6
0 5 1 5
0 8 0 6
0 8 0 9
0 10 0 12
1 6 1 12
1 12 1 25
1 12 0 12
6 26 4 26
6 28 5 28
7 24 6 24
14 20 14 21
14 21 14 22
14 22 14 23
14 22 11 22
14 22 15 22
14 22 14 23
15 18 15 19
15 22 15 23
16 5 12 5
16 8 15 8
16 8 17 8
17 8 24 8
23 13 23 12
23 13 24 13
24 9 24 8
24 9 25 9
24 12 24 13
24 13 24 12
25 8 26 8
26 8 26 7
26 8 26 9
0 25 0 26
0 25 1 25
0 25 0 26
0 25 1 25
0 26 0 27
0 27 0 28
0 27 1 27
1 25 1 27
2 27 2 28
2 27 3 27
5 28 4 28
10 22 10 20
11 23 14 23
15 8 15 9
15 8 14 8
15 8 15 9
16 5 12 5
26 7 11 7
26 7 11 7
2 27 2 28
2 27 3 27
2 28 3 28
3 28 4 28
4 27 4 26
4 27 4 28
10 22 10 20
12 5 12 4
12 5 10 5
10 20 10 17
12 4 11 4
12 4 11 4

3137

2 2 3 = 3 4 3 - 2 1 1 - 2                         4 3 4 1 
4 7 - - 5 4 3 - - - - - 4 - - - - - - - - - - - - 5 = 5   
2 ǁ 1 - 3 = 8 = = = 2 1 4 2 - - - - - 4 = = = 4 4 - 1 5 3 
ǁ ǁ 1 - - - 4 1 1 - - - 4 = = 4 = 3 1 | 1 - - 3 3     2 2 
6 6 - - - - - - - - - - - - - - - - - 5 - - - - - 5 3 3 3 
ǁ | 2     4   2 1   2 2 3 2 1   2     5 - - - 5 2 | | | 3 
ǁ | | 2 1 6         6 2 2 - - - - - - 7 4 2 2 3 3 | 2 | 3 
2 | |   1 4 3   3 1 3       3         5 = = 6 2 2 | 1 | | 
1 | 5 7                                           4 = 6 4 
| | |   2 4   3 1 1   3 3 2 2 - - 5 = = = = = 6 4   4 4 ǁ 
2 | |   1 3 1     3   5           5 - - 3 = 2 2 ǁ   ǁ 1 ǁ 
| | |   2 |   5 3   2 | 3 = = 6 = 8 = = = = 3 2 ǁ   ǁ | ǁ 
| | |   3 4 1 ǁ       | 3 3 2 7 3 ǁ 4 = 4 3 | | ǁ   ǁ | ǁ 
| | |   2 ǁ | ǁ 2     | | 2 2 4 2 ǁ 3 1 | 2 | | ǁ   2 | ǁ 
2 | |   ǁ ǁ | ǁ 3 2   | 4 = = = = 6 - - 3 2 6 5 5     | ǁ 
| | |   ǁ ǁ | ǁ 4 5 3 | 4 4 3 2 - 4 4 2 1 - 5 2 1     | ǁ 
| | |   ǁ 3 | ǁ 4 6 = 6 = = = = = = = = = = = = = 6 = 5 ǁ 
| | |   ǁ 1 | ǁ 2 |   | 1 3   1 1 1 3 4 2 2 - 5 1   1 ǁ ǁ 
| | |   ǁ   | ǁ | |   | 1 4   5 4 3     2 4 1 | 2   | ǁ ǁ 
| | |   5 = 5 ǁ | |   | 2 | 1 5 3 3       3 1 4 5   | 3 ǁ 
| | |   1 2 ǁ ǁ | |   | 6 6 = = = = 5 4 4 3 1       | 1 ǁ 
| | |   2 4 ǁ ǁ | |   | ǁ |         ǁ   3 5 1   3   | 3 5 
| | |   ǁ ǁ ǁ ǁ | |   | ǁ |         ǁ   | 4 3   3   | | | 
| | 3 3 ǁ ǁ ǁ ǁ | | 2 | 3 4 3 = 2   ǁ   | 1         | | | 
| | 2 2 7 6 ǁ ǁ 2 3 | | 3 5 - 1     ǁ   | 2     3   | 1 | 
| | 2 1 2 2 ǁ ǁ 1 2 | |   1         ǁ   | |     1   |   | 
4 4 - - - - 5 5 4 5 4 4 = = = = = = 6 3 | |         2   3 
4 = = = = = = = = = = = = = = = = = = 4 4 4 3 2   6 2 1 3 
1 1 - 3 = = = = = = = = = = = = = = = = = = = = = 5   2 1 
