29 29
2 0 5 0 0 0 0 4 0 0 0 0 3 4 5 0 5 4 1 1 1 3 4 0 0 1 1 2 2 
3 3 0 1 0 0 2 0 0 0 1 0 3 3 0 0 0 0 0 0 0 0 3 0 0 0 0 0 0 
1 2 4 0 0 0 6 0 0 0 0 0 3 1 1 0 0 3 4 0 0 0 0 0 0 0 0 0 0 
3 0 4 1 5 2 0 0 0 0 0 0 2 1 0 0 0 0 2 0 0 0 0 0 0 0 0 0 0 
5 0 8 0 8 0 6 0 0 0 0 0 0 0 0 0 4 0 0 4 4 0 0 0 0 0 0 0 0 
0 2 0 0 0 1 0 3 2 1 4 4 3 1 4 0 5 0 0 3 0 0 0 0 0 0 0 0 0 
3 0 0 1 0 0 0 0 2 0 3 3 0 0 4 4 0 1 2 0 3 0 5 0 0 0 0 4 3 
1 0 0 0 0 0 0 0 1 0 0 0 4 5 3 3 0 3 6 3 1 0 0 0 0 1 0 0 0 
3 4 0 3 6 5 0 4 0 5 4 3 0 0 0 0 0 0 0 4 2 0 4 0 0 5 0 0 0 
0 2 0 1 0 0 0 0 1 0 3 1 0 0 0 0 0 0 0 1 0 0 1 0 0 3 0 0 0 
0 0 0 2 3 0 0 0 0 0 4 4 0 4 0 0 4 3 7 0 0 6 0 0 0 0 0 7 3 
0 4 6 6 2 4 0 4 5 0 3 2 0 0 2 0 1 0 0 2 4 0 1 0 0 0 1 0 0 
0 1 1 3 0 3 0 2 3 0 0 1 0 0 4 3 4 0 0 0 0 0 0 2 0 0 4 0 0 
4 0 0 0 0 0 4 0 0 6 6 3 0 0 0 1 0 0 0 0 0 0 4 3 2 1 0 0 0 
2 2 2 0 5 2 0 1 0 3 2 1 0 0 0 0 0 0 0 1 0 0 0 0 0 0 0 0 0 
3 6 0 0 6 0 6 0 0 0 0 0 8 6 3 3 0 0 0 0 0 0 0 0 0 0 0 0 1 
0 5 3 1 0 1 0 0 0 0 0 0 0 0 0 0 0 0 0 0 0 0 0 0 0 0 0 0 0 
0 0 2 1 0 0 0 0 0 0 0 0 0 0 4 4 3 0 5 4 5 0 3 0 0 4 0 0 0 
0 0 4 0 7 3 0 0 0 0 0 0 0 0 2 1 0 0 2 0 2 0 3 2 0 0 0 0 0 
0 3 0 2 0 1 0 0 0 0 0 0 0 5 0 4 5 4 2 3 1 0 0 0 0 0 0 0 0 
0 0 2 0 0 0 0 0 0 0 0 0 0 4 1 0 2 0 1 0 0 0 0 0 0 0 0 0 0 
0 0 0 0 0 0 0 0 0 0 0 0 0 3 4 1 2 7 2 5 2 0 5 2 0 0 0 0 0 
0 3 3 3 4 3 0 0 0 0 0 0 0 0 4 0 0 5 2 3 1 0 0 1 0 0 0 0 0 
0 4 2 0 1 2 0 2 0 0 0 0 5 0 0 0 0 0 0 0 0 6 4 0 0 0 0 0 0 
0 2 0 0 1 0 0 3 2 3 0 0 4 3 3 0 2 0 0 1 1 0 3 7 2 0 0 4 2 
5 0 0 5 5 4 0 2 0 2 0 0 0 4 0 0 0 0 0 6 2 0 0 2 0 0 0 2 1 
0 1 2 0 0 0 5 0 6 2 1 0 0 1 0 0 0 0 0 0 1 6 0 0 0 5 0 0 0 
4 2 5 3 0 0 4 2 1 2 0 0 4 0 0 0 0 0 0 5 2 5 2 1 0 2 0 0 0 
3 4 6 0 0 0 0 0 0 0 0 0 0 0 0 0 0 0 0 5 0 0 0 0 0 0 3 4 2 
300 289
0 2 0 0
0 2 0 7
0 2 2 2
0 14 0 13
0 14 0 16
0 14 2 14
3 4 3 3
3 4 3 5
3 4 4 4
4 0 4 2
4 0 3 0
4 0 6 0
4 2 4 0
4 2 4 4
4 2 3 2
4 2 11 2
4 4 4 2
4 4 4 6
4 4 3 4
4 4 8 4
5 1 8 1
6 0 4 0
6 0 7 0
6 3 8 3
8 25 8 22
8 25 7 25
8 25 9 25
10 18 10 17
10 18 10 21
10 18 7 18
10 18 17 18
10 27 10 21
10 27 10 28
10 27 6 27
10 27 24 27
15 12 15 6
15 12 15 13
15 12 7 12
15 12 23 12
15 12 15 6
15 12 15 13
15 12 7 12
15 12 23 12
15 13 15 14
15 13 10 13
15 13 19 13
15 13 15 14
16 1 16 2
16 1 15 1
16 1 19 1
18 4 18 2
18 4 18 5
18 4 15 4
18 4 22 4
19 13 19 15
19 13 20 13
19 13 19 15
19 13 20 13
20 13 20 14
20 13 21 13
21 17 21 16
21 17 21 18
21 17 19 17
21 17 22 17
24 23 24 22
24 23 24 24
24 23 22 23
24 23 25 23
25 0 25 3
25 0 15 0
25 0 27 0
25 4 25 3
25 4 25 5
25 4 24 4
26 25 26 21
26 25 17 25
26 25 27 25
27 21 27 20
27 21 27 22
27 21 26 21
28 2 28 1
28 2 28 19
28 2 27 2
28 2 28 1
28 2 28 19
28 2 27 2
0 14 0 13
0 14 0 16
1 3 1 6
3 4 3 5
4 2 3 2
4 2 11 2
4 4 4 6
4 4 8 4
4 6 4 16
4 6 2 6
4 6 13 6
4 6 4 16
5 1 8 1
5 5 8 5
8 1 8 0
8 1 9 1
8 4 8 3
8 4 8 5
8 4 10 4
8 4 8 3
8 5 11 5
8 25 8 22
8 25 9 25
9 1 11 1
9 3 10 3
9 25 9 22
10 13 10 16
10 13 7 13
10 13 10 16
11 1 11 2
11 1 12 1
11 1 11 2
15 6 15 4
15 6 13 6
15 6 26 6
15 6 15 4
16 5 18 5
24 1 23 1
24 23 24 22
24 23 24 24
24 23 25 23
25 4 25 3
25 4 25 5
25 5 23 5
28 1 28 0
28 1 27 1
0 7 0 2
0 7 0 12
0 7 0 12
0 13 0 12
0 13 1 13
2 6 2 2
2 6 2 12
2 6 1 6
2 6 2 2
2 6 2 12
3 2 3 0
3 2 2 2
3 12 3 13
3 12 2 12
8 0 13 0
8 0 13 0
8 5 11 5
8 22 8 20
8 22 6 22
9 19 8 19
10 21 10 18
10 21 10 27
10 21 23 21
10 21 23 21
11 5 11 4
11 5 12 5
11 20 11 19
11 20 17 20
11 20 11 19
11 20 17 20
13 0 13 6
13 0 14 0
13 6 13 9
13 9 13 10
13 9 8 9
13 9 14 9
13 9 13 10
13 9 8 9
13 10 13 11
13 10 11 10
13 10 14 10
13 10 13 11
14 4 14 2
14 4 14 5
14 4 15 4
14 5 14 4
14 7 14 9
14 9 14 10
14 11 13 11
14 19 17 19
15 4 15 1
15 4 14 4
18 4 18 2
18 4 18 5
18 4 22 4
19 5 22 5
21 22 21 23
21 22 18 22
21 22 23 22
23 21 23 12
23 21 23 22
23 21 26 21
23 21 23 12
23 22 21 22
23 22 24 22
24 1 23 1
25 5 23 5
26 21 26 20
26 21 26 25
26 21 27 21
28 0 27 0
28 0 27 0
0 2 0 0
1 0 1 1
1 0 2 0
1 0 1 1
1 1 2 1
1 10 1 12
1 12 1 13
1 12 1 13
8 19 8 20
8 19 7 19
8 19 7 19
10 4 10 3
10 4 11 4
11 8 11 7
11 8 9 8
11 8 12 8
12 5 12 3
12 11 11 11
14 2 14 1
15 1 15 0
15 1 14 1
15 1 16 1
15 1 15 0
18 2 17 2
18 2 20 2
19 3 22 3
20 2 22 2
21 13 21 14
22 5 22 4
22 14 22 17
22 14 21 14
22 14 22 17
22 14 21 14
23 1 23 2
23 1 22 1
25 0 25 3
25 0 27 0
12 5 12 3
19 3 22 3
21 13 21 14
22 5 22 4
23 4 23 2
25 3 27 3
26 6 26 8
26 6 27 6
26 6 26 8
26 6 27 6
26 8 26 9
26 8 24 8
26 8 27 8
26 8 26 9
26 10 26 13
27 6 27 3
27 6 27 7
27 9 27 12
27 9 27 12
27 12 27 19
22 3 22 2
25 7 24 7
27 3 27 2
27 12 27 19
22 2 22 1
25 7 24 7
19 1 16 1
19 1 22 1
23 7 23 12
23 7 24 7
24 8 24 9
24 12 24 9
24 12 24 13
24 12 24 9
24 12 24 13
25 9 25 13
16 2 16 3
16 2 17 2
25 9 25 13
25 13 25 19
25 13 24 13
25 19 25 20
25 19 24 19
25 19 27 19
24 14 24 16
24 16 24 14
24 20 25 20
25 19 27 19

5868

2 = 5 = = = = 4 = = = = 3 4 5 = 5 4 1 1 1 3 4     1 1 2 2 
3 3 | 1 - - 2       1 - 3 3 |               3             
1 2 4 = = = 6 = = = = = 3 1 1     3 4                     
3 - 4 1 5 2 |           2 1         2                     
5 = 8 = 8 = 6 = = = = = = = = = 4     4 4                 
ǁ 2 ǁ   ǁ 1 | 3 2 1 4 4 3 1 4   5     3                   
3 ǁ ǁ 1 ǁ | |   2   3 3     4 4   1 2   3   5         4 3 
1 ǁ ǁ | ǁ | |   1       4 5 3 3   3 6 3 1   |     1   |   
3 4 ǁ 3 6 5 | 4   5 4 3 ǁ |         | 4 2 - 4 = = 5   |   
ǁ 2 ǁ 1 | ǁ |   1 ǁ 3 1 ǁ |         | 1     1 - - 3   |   
ǁ | ǁ 2 3 ǁ |   | ǁ 4 4 ǁ 4 = = 4 3 7 = = 6 = = = = = 7 3 
ǁ 4 6 6 2 4 | 4 5 ǁ 3 2 ǁ | 2   1   | 2 4 ǁ 1       1 |   
ǁ 1 1 3 = 3 | 2 3 ǁ | 1 ǁ | 4 3 4   |   ǁ ǁ   2     4 |   
4 - - - - - 4 - - 6 6 3 ǁ |   1     |   ǁ ǁ 4 3 2 1   |   
2 2 2 - 5 2 | 1 - 3 2 1 ǁ |         | 1 ǁ ǁ           |   
3 6 - - 6 = 6 = = = = = 8 6 3 3     | | ǁ ǁ           | 1 
| 5 3 1 | 1 |           ǁ |         | | ǁ ǁ           |   
| ǁ 2 1 | | |           ǁ | 4 4 3   5 4 5 ǁ 3     4   |   
| ǁ 4 = 7 3 |           ǁ | 2 1     2   2 ǁ 3 2   |   |   
| 3 | 2 ǁ 1 |           ǁ 5 = 4 5 4 2 3 1 ǁ |     |   |   
| | 2 ǁ ǁ | |           ǁ 4 1   2 | 1     ǁ |     |   |   
| | | ǁ ǁ | |           ǁ 3 4 1 2 7 2 5 2 ǁ 5 2   |   |   
| 3 3 3 4 3 |           ǁ   4 = = 5 2 3 1 ǁ ǁ 1   |   |   
| 4 2 - 1 2 | 2 - - - - 5 = = = = = = = = 6 4 |   |   |   
| 2     1 ǁ | 3 2 3 = = 4 3 3 = 2     1 1 | 3 7 2 |   4 2 
5 = = 5 5 4 | 2 | 2 = = = 4 - - - - - 6 2 |   2   |   2 1 
ǁ 1 2 |     5 = 6 2 1 - - 1           ǁ 1 6 = = = 5       
4 2 5 3 - - 4 2 1 2 = = 4 = = = = = = 5 2 5 2 1   2       
3 4 6 = = = = = = = = = = = = = = = = 5             3 4 2 
