29 29
3 0 2 3 0 0 0 4 0 0 0 3 3 0 0 3 4 0 4 2 3 0 3 0 0 0 2 1 2 
3 2 0 4 2 1 0 4 0 2 0 0 3 4 2 0 6 2 0 1 4 0 4 0 0 0 0 0 0 
2 2 0 2 0 0 0 5 0 2 0 0 1 1 0 0 4 2 0 0 0 0 1 0 0 0 0 0 0 
4 0 6 0 0 0 0 7 0 0 0 6 0 0 0 5 0 0 6 0 0 0 0 0 0 0 6 5 6 
0 1 0 2 0 0 0 0 3 3 1 0 2 2 1 0 2 2 0 2 0 0 1 0 0 0 0 1 0 
0 3 0 4 3 0 0 0 3 6 3 0 0 4 2 0 0 0 0 0 0 0 0 1 2 0 0 0 0 
0 0 0 0 3 3 2 0 0 0 0 0 5 8 2 0 0 3 0 4 3 0 0 0 0 0 0 0 0 
0 0 0 4 0 0 0 4 0 0 2 0 3 0 1 0 3 0 0 1 0 0 0 0 0 0 0 0 0 
0 0 0 1 2 0 0 3 0 0 0 0 1 0 0 0 0 0 0 5 7 0 5 0 0 2 0 0 0 
1 3 0 3 0 0 0 6 5 5 3 0 0 0 0 0 0 0 1 2 4 2 0 0 0 0 0 0 0 
1 0 0 0 1 2 0 4 2 3 2 0 1 5 4 0 0 0 2 0 0 0 6 3 0 0 0 0 0 
0 0 0 0 4 0 0 0 6 0 0 6 3 0 3 0 0 0 1 0 0 0 0 3 0 0 0 0 0 
4 5 0 0 5 1 4 0 8 2 3 4 3 0 2 0 0 5 0 0 0 0 6 6 4 0 0 0 0 
0 2 0 0 2 0 4 4 5 1 2 2 1 0 1 0 0 0 2 5 0 3 0 2 1 0 0 0 0 
3 0 3 6 0 0 0 0 0 0 0 0 0 6 0 5 2 0 1 3 1 0 2 2 2 0 0 0 0 
0 0 0 0 0 0 0 0 0 0 0 0 0 0 2 6 0 7 0 0 0 6 1 4 4 0 0 0 0 
3 2 0 0 0 0 0 0 0 0 0 0 0 0 1 0 2 0 1 0 3 3 1 2 0 0 0 0 0 
4 0 0 0 0 0 0 0 0 0 0 0 0 0 2 0 0 0 0 0 5 0 5 2 0 0 0 0 0 
3 0 2 0 0 0 0 0 0 0 0 0 0 0 0 0 0 0 0 0 0 3 4 0 0 0 0 0 0 
0 0 1 0 0 0 0 0 0 0 0 0 0 0 0 0 0 0 0 0 0 0 4 2 0 0 0 0 0 
0 0 0 0 1 3 0 0 0 0 0 0 0 5 3 0 5 6 0 0 4 4 3 2 0 0 0 0 0 
0 4 0 6 0 0 3 0 0 0 4 3 1 0 0 0 2 4 0 0 0 0 0 0 6 6 0 0 2 
0 2 0 4 0 3 2 2 0 3 0 0 0 3 2 0 1 1 2 3 2 3 4 0 3 3 0 0 0 
4 0 0 0 0 0 0 0 0 0 4 0 0 0 0 5 0 0 0 4 3 1 0 0 3 0 0 0 1 
4 0 0 0 0 0 2 3 4 2 0 1 2 1 2 0 3 0 0 4 0 0 4 0 3 0 0 0 0 
0 2 0 0 0 0 0 0 0 0 6 0 4 7 4 0 1 3 0 5 0 0 0 0 0 0 5 5 3 
2 4 0 0 0 0 0 0 0 0 7 0 2 0 0 0 2 4 1 3 1 0 2 0 0 0 3 0 2 
1 7 0 0 0 0 0 0 0 0 6 3 0 7 0 6 0 0 0 0 0 0 0 0 0 0 5 1 1 
0 3 0 0 1 0 1 0 0 0 3 1 0 2 1 4 0 0 0 3 0 0 0 0 0 1 3 1 0 
300 371
3 7 3 2
3 7 3 11
3 7 2 7
3 7 7 7
3 28 3 27
3 28 0 28
3 28 21 28
3 28 3 27
3 28 0 28
3 28 21 28
6 12 6 13
6 12 4 12
6 12 7 12
6 13 6 12
6 13 6 14
6 13 5 13
6 13 10 13
6 13 6 12
6 13 6 14
6 13 5 13
8 19 8 20
8 19 7 19
8 19 9 19
12 8 12 6
12 8 12 9
12 8 11 8
12 8 13 8
12 8 12 6
12 8 12 9
12 8 11 8
12 8 13 8
15 17 15 15
15 17 15 21
15 17 12 17
15 17 20 17
17 20 17 22
17 20 16 20
17 20 20 20
19 2 18 2
21 25 21 24
21 25 8 25
21 25 22 25
21 25 21 24
21 25 8 25
21 25 22 25
25 13 25 12
25 13 25 14
25 13 24 13
25 13 27 13
26 10 26 1
26 10 26 12
26 10 25 10
26 10 27 10
27 1 27 0
27 1 27 10
27 1 26 1
27 1 28 1
28 1 28 4
28 1 27 1
28 6 28 10
5 13 5 14
5 13 4 13
8 22 8 20
8 22 4 22
8 22 10 22
11 8 11 4
11 8 11 11
11 8 10 8
11 8 11 4
11 11 11 12
11 11 3 11
11 11 12 11
11 11 11 12
11 11 3 11
12 6 12 5
12 6 13 6
21 24 21 17
21 24 15 24
21 24 22 24
21 24 21 17
25 13 25 12
25 13 25 14
25 13 27 13
27 1 27 10
27 1 26 1
27 10 27 11
27 10 26 10
27 10 28 10
27 13 27 11
27 13 27 15
27 13 28 13
28 10 28 11
3 11 3 7
3 11 3 15
3 11 0 11
4 12 4 13
5 14 4 14
6 6 6 5
7 12 8 12
8 22 8 20
8 22 10 22
10 22 10 18
10 22 10 23
10 22 12 22
10 22 10 18
11 4 10 4
11 4 12 4
12 4 12 1
12 4 13 4
12 22 12 17
12 22 12 23
12 22 14 22
12 22 12 17
12 22 12 23
12 23 12 24
12 23 11 23
12 23 13 23
12 23 12 24
12 24 5 24
12 24 13 24
13 19 13 18
13 19 13 21
13 19 14 19
13 23 14 23
14 3 14 2
14 3 14 13
14 3 21 3
14 3 14 2
14 3 14 13
14 3 21 3
14 13 14 15
14 13 10 13
14 13 20 13
14 13 14 15
15 24 15 23
15 24 14 24
15 24 15 23
16 18 16 20
17 0 16 0
17 0 18 0
17 0 16 0
17 0 18 0
20 4 20 5
21 3 21 1
21 3 21 6
21 3 22 3
21 3 21 1
22 3 22 1
22 3 22 5
22 3 22 1
22 5 22 6
24 8 24 7
24 8 24 9
24 8 24 7
24 8 24 9
25 14 25 16
25 14 24 14
26 16 26 17
27 11 27 13
27 15 27 13
27 15 27 26
27 15 28 15
27 15 27 26
27 15 28 15
28 13 28 14
28 15 28 19
28 15 28 19
28 19 28 25
28 26 28 27
28 26 27 26
28 26 27 26
3 2 3 0
3 2 3 7
3 2 0 2
3 2 3 0
3 2 0 2
5 24 5 23
6 6 6 5
9 21 9 20
10 13 10 12
10 13 10 14
10 13 10 14
10 14 7 14
10 14 11 14
10 23 11 23
10 23 11 23
11 12 12 12
11 18 11 14
12 4 12 1
12 4 13 4
13 6 13 7
13 7 13 6
13 7 13 8
13 7 13 6
13 8 13 9
13 14 12 14
14 16 14 15
14 24 14 23
15 23 15 22
15 23 16 23
20 5 20 13
21 1 16 1
21 1 16 1
22 5 22 6
22 25 22 24
23 15 23 10
23 15 23 19
23 15 15 15
24 11 24 12
24 12 25 12
24 14 24 16
24 16 24 19
25 12 25 10
26 12 26 10
26 16 26 17
26 17 26 18
26 17 25 17
0 0 1 0
3 0 2 0
3 0 9 0
3 15 3 18
3 15 0 15
3 15 3 18
3 15 0 15
3 18 3 26
3 18 0 18
3 18 9 18
3 18 3 26
3 26 3 27
3 26 0 26
3 26 25 26
3 26 3 27
4 19 6 19
6 17 4 17
6 19 6 20
6 19 4 19
6 19 6 20
6 20 8 20
7 16 4 16
8 20 8 19
8 20 9 20
9 21 9 20
10 0 12 0
11 14 12 14
12 0 12 1
12 0 14 0
12 0 12 1
12 17 15 17
13 1 12 1
14 0 14 2
14 0 16 0
14 16 14 15
14 22 14 20
15 21 15 17
15 21 16 21
15 21 16 21
16 16 20 16
18 0 23 0
20 5 20 13
21 6 21 10
21 12 21 11
23 0 23 10
23 0 24 0
23 0 23 10
23 28 25 28
24 0 24 6
24 0 26 0
24 0 24 6
24 16 24 19
25 10 25 1
25 10 23 10
25 10 26 10
25 10 25 1
25 17 25 19
26 0 26 1
0 0 1 0
0 18 0 16
0 18 0 19
0 18 0 16
1 14 1 13
1 16 1 17
1 16 0 16
1 16 2 16
1 16 1 17
1 16 0 16
1 16 2 16
2 16 2 17
2 17 2 16
2 22 1 22
6 17 4 17
7 16 4 16
8 20 8 19
9 19 9 20
13 21 13 19
14 15 15 15
14 19 14 18
14 19 13 19
15 15 15 14
15 15 15 17
15 15 23 15
15 21 16 21
16 16 20 16
16 20 17 20
20 17 20 16
20 17 20 20
20 17 21 17
20 17 20 16
20 17 20 20
20 20 20 21
20 21 20 22
20 21 18 21
20 21 20 22
21 6 21 10
21 10 21 11
21 11 21 10
21 17 21 16
22 7 22 9
23 15 23 19
25 17 25 19
0 0 1 0
0 15 0 12
1 1 2 1
1 14 1 13
1 22 1 20
1 22 0 22
1 22 1 20
2 0 2 1
15 14 16 14
17 14 20 14
17 20 17 22
18 21 18 22
20 16 21 16
22 7 22 9
22 9 22 13
22 16 22 17
22 18 22 19
1 13 1 12
1 13 2 13
1 20 1 19
1 20 0 20
2 12 1 12
17 14 20 14
18 21 18 22
18 22 17 22
18 22 19 22
19 22 19 23
19 22 20 22
19 22 19 23
22 18 22 19
0 19 0 20
0 20 0 22
0 22 0 26
0 27 3 27
1 12 0 12
4 27 25 27
0 12 0 11
0 11 0 7
0 7 0 3
0 7 1 7
0 7 0 3
0 3 1 3
1 3 1 4
1 3 2 3
1 3 1 4
1 5 1 7
1 7 1 9
1 7 2 7
1 9 2 9
2 3 2 7
2 7 2 9
2 7 3 7

4708

3   2 3 = = = 4 - - - 3 3 - - 3 4 = 4 2 3 - 3 - - - 2 1 2 
3 2 ǁ 4 2 1 - 4 - 2   | 3 4 2 ǁ 6 2 | 1 4 = 4       | | ǁ 
2 2 ǁ 2 - - - 5 - 2   | 1 1   ǁ 4 2 |       1       | | ǁ 
4 = 6 = = = = 7 = = = 6 - - - 5 = = 6 = = = = = = = 6 5 6 
| 1   2       | 3 3 1 ǁ 2 2 1   2 2 | 2     1       | 1 ǁ 
| 3   4 3     | 3 6 3 ǁ | 4 2   ǁ ǁ | ǁ     | 1 2   | | ǁ 
|       3 3 2 |       ǁ 5 8 2   ǁ 3 | 4 3   |   |   | | ǁ 
|     4       4     2 ǁ 3 | 1   3   | 1 |   |   |   | | ǁ 
|     1 2     3       ǁ 1 | |       | 5 7 = 5   | 2 | | ǁ 
1 3   3       6 5 5 3 ǁ   | |       1 2 4 2 ǁ   | ǁ | | ǁ 
1       1 2   4 2 3 2 ǁ 1 5 4       2 = = = 6 3 | ǁ | | ǁ 
|       4 = = = 6 - - 6 3 | 3 - - - 1       | 3 | ǁ | | ǁ 
4 5 = = 5 1 4 = 8 2 3 4 3 | 2     5 = = = = 6 6 4 ǁ | | ǁ 
| 2     2   4 4 5 1 2 2 1 | 1     ǁ 2 5 = 3 | 2 1 ǁ | | ǁ 
3 - 3 6 = = = = = = = = = 6 = 5 2 ǁ 1 3 1 - 2 2 2 ǁ | | ǁ 
|     ǁ                   | 2 6 = 7 = = = 6 1 4 4 ǁ | | ǁ 
3 2   ǁ                   | 1 ǁ 2 | 1 - 3 3 1 2 | ǁ | | ǁ 
4 ǁ   ǁ                   | 2 ǁ ǁ |     5 = 5 2 | ǁ | | ǁ 
3 ǁ 2 ǁ                   | ǁ ǁ ǁ |     | 3 4   | ǁ | | ǁ 
| ǁ 1 ǁ                   | ǁ ǁ ǁ |     | | 4 2 | ǁ | | ǁ 
| ǁ   ǁ 1 3 = = = = = = = 5 3 ǁ 5 6 = = 4 4 3 2 | ǁ | | ǁ 
| 4 = 6 - - 3 = = = 4 3 1     ǁ 2 4 = = = = = = 6 6 | | 2 
| 2 = 4 - 3 2 2 = 3 - - - 3 2 ǁ 1 1 2 3 2 3 4   3 3 | |   
4 = = = = = = = = = 4 - - - - 5 = = = 4 3 1     3   | | 1 
4 = = = = = 2 3 4 2 | 1 2 1 2 - 3 = = 4     4   3   | | | 
| 2 = = = = = = = = 6 - 4 7 4 - 1 3 = 5             5 5 3 
2 4 - - - - - - - - 7 = 2 ǁ     2 4 1 3 1   2       3   2 
1 7 = = = = = = = = 6 3 = 7 = 6 = = = = = = = = = = 5 1 1 
  3 - - 1   1 - - - 3 1   2 1 4 = = = 3 - - - - - 1 3 1   
