29 29
2 0 5 2 2 0 3 0 0 2 1 5 0 6 0 0 0 0 0 0 0 0 0 0 0 0 3 1 3 
2 0 7 0 0 0 5 0 0 6 2 0 2 0 2 0 3 0 4 1 2 0 4 1 1 2 0 2 0 
2 1 0 3 4 1 0 3 1 0 2 6 4 6 0 0 0 0 6 0 0 0 5 0 4 3 0 4 3 
0 0 0 0 2 1 0 0 1 0 1 0 1 6 0 0 0 0 0 0 0 0 4 0 3 2 0 0 1 
0 3 6 2 0 0 5 5 2 0 2 3 1 3 1 0 0 0 3 0 0 0 6 0 6 4 0 0 0 
0 2 4 1 0 0 4 4 2 0 2 0 0 5 3 3 3 1 2 1 1 0 4 1 2 2 0 0 0 
5 0 0 0 0 0 0 0 0 6 0 0 0 0 0 0 0 0 0 0 0 0 0 0 0 0 5 3 0 
0 1 2 0 4 2 1 0 0 0 1 0 2 0 0 0 0 0 0 0 0 0 0 0 0 4 4 2 0 
0 4 0 0 4 0 0 0 0 6 0 0 0 0 0 0 0 0 0 0 0 4 3 3 1 0 0 4 0 
0 0 3 2 0 4 3 4 4 0 3 0 0 0 0 6 3 0 0 0 0 0 3 0 0 0 2 0 0 
3 0 0 0 0 2 0 0 2 0 0 0 2 0 0 0 0 0 0 0 0 0 2 0 0 0 2 0 0 
0 0 5 0 7 0 6 6 2 0 0 0 0 0 0 0 0 0 0 0 0 0 4 6 4 0 4 7 5 
0 2 0 2 0 0 0 1 0 0 0 0 4 0 0 3 0 0 0 0 0 0 0 0 0 0 0 0 2 
0 1 2 0 0 0 0 1 0 0 0 0 0 0 0 0 0 0 0 0 0 0 0 0 0 0 0 0 1 
0 0 2 3 0 2 0 0 0 0 0 0 0 0 0 0 0 0 0 0 0 0 0 0 0 0 0 0 0 
5 5 6 3 0 0 0 0 1 0 0 0 0 0 0 0 0 0 0 0 0 0 0 0 0 0 0 0 3 
0 1 0 2 0 3 0 0 2 0 0 0 0 0 0 0 3 0 2 0 0 0 3 0 0 0 0 0 0 
0 4 6 1 0 0 0 0 0 0 0 0 0 0 0 0 0 0 0 0 0 0 1 0 0 0 0 0 0 
0 2 0 1 0 0 0 0 4 0 0 0 1 0 0 0 0 0 0 0 0 0 1 0 0 0 0 0 0 
0 3 5 3 0 0 0 0 0 0 0 0 0 0 0 0 0 0 0 0 0 0 0 0 0 0 0 0 0 
0 0 2 1 0 2 0 0 0 0 2 0 0 0 0 0 0 0 0 0 0 7 4 0 0 0 0 0 0 
0 0 3 1 0 0 3 6 4 0 3 2 2 0 5 3 1 1 0 4 1 0 1 0 1 0 0 0 0 
0 2 4 0 7 2 1 2 1 0 2 5 0 0 5 0 0 0 0 6 0 5 0 3 3 0 3 0 0 
4 2 2 0 6 0 4 3 2 0 1 5 4 2 3 0 0 4 2 2 2 4 0 1 2 0 2 0 0 
0 6 0 3 0 0 0 0 0 5 0 0 0 0 0 0 0 0 0 0 0 0 0 0 0 4 0 6 4 
2 3 3 0 4 0 4 3 3 0 3 0 0 0 0 0 0 4 4 2 3 0 0 0 0 4 2 0 1 
2 3 3 1 0 2 5 1 1 0 3 0 0 0 3 3 1 0 1 0 4 0 0 0 0 3 1 5 2 
3 0 3 0 7 0 0 0 0 6 0 0 0 0 0 0 0 4 1 2 5 3 2 3 2 0 2 2 2 
4 2 2 1 2 1 2 0 0 4 0 0 0 0 0 0 0 0 0 0 0 0 0 0 0 5 3 3 4 
300 301
0 2 0 0
0 2 0 3
0 2 1 2
0 11 0 10
0 11 0 13
0 11 2 11
0 13 0 11
0 13 0 26
0 13 2 13
0 28 0 27
0 28 2 28
0 28 2 28
1 12 2 12
6 0 6 9
6 0 2 0
6 0 10 0
11 2 11 4
11 2 9 2
11 2 13 2
11 27 11 26
11 27 11 28
11 27 8 27
11 27 24 27
11 28 11 27
11 28 3 28
11 28 12 28
15 0 15 1
15 0 10 0
15 0 23 0
20 21 20 10
20 21 20 22
20 21 8 21
20 21 22 21
20 22 20 21
20 22 18 22
20 22 21 22
21 14 21 12
21 14 21 15
21 14 22 14
22 4 22 2
22 4 22 5
22 4 11 4
22 4 23 4
23 11 23 10
23 11 23 12
23 11 22 11
24 1 24 3
24 1 23 1
24 1 25 1
24 1 24 3
24 1 23 1
24 1 25 1
27 4 27 2
27 4 27 9
27 4 25 4
27 4 28 4
27 20 27 19
27 20 27 21
27 20 26 20
28 0 28 1
28 0 27 0
28 0 28 1
28 0 27 0
28 25 28 9
28 25 28 26
28 25 26 25
28 28 28 27
28 28 27 28
28 28 28 27
28 28 27 28
0 11 2 11
0 13 0 26
0 13 2 13
0 26 6 26
1 12 2 12
1 27 2 27
2 11 2 10
2 11 2 12
2 11 4 11
2 11 2 10
2 12 2 13
2 28 2 27
5 13 5 10
5 13 5 14
5 13 4 13
11 28 11 27
12 3 14 3
12 28 13 28
15 28 24 28
15 28 24 28
17 22 16 22
23 0 15 0
23 0 25 0
23 0 25 0
23 11 23 12
23 11 22 11
23 12 23 13
23 12 21 12
23 13 23 14
24 28 24 27
24 28 25 28
26 6 26 5
26 6 26 7
26 6 25 6
26 28 26 27
26 28 26 27
1 10 1 9
1 27 2 27
2 27 6 27
12 3 14 3
16 22 11 22
24 27 24 25
24 27 11 27
24 27 26 27
24 27 24 25
1 10 1 9
8 27 8 24
8 27 7 27
8 27 7 27
16 22 11 22
24 25 24 9
24 25 25 25
27 24 27 23
1 9 1 6
1 9 0 9
1 9 6 9
1 9 1 6
3 10 4 10
4 11 4 10
4 11 4 12
6 9 6 0
6 9 6 26
6 9 8 9
6 9 6 26
6 27 6 26
6 27 6 26
7 25 7 12
7 25 7 26
7 25 7 12
7 25 7 26
8 9 8 4
8 9 8 21
8 9 24 9
8 9 8 4
8 9 8 21
8 21 8 22
9 8 9 7
9 8 10 8
9 8 9 7
9 8 10 8
9 15 9 10
9 15 9 16
9 15 12 15
9 15 9 10
9 15 9 16
9 15 12 15
9 16 16 16
10 12 12 12
11 22 11 23
11 22 10 22
11 23 11 24
11 23 8 23
11 23 22 23
11 23 11 24
11 23 8 23
11 24 11 26
11 24 21 24
11 26 10 26
11 26 22 26
12 12 12 15
12 12 10 12
12 12 18 12
16 16 16 18
16 18 16 16
18 8 16 8
18 8 21 8
18 8 16 8
18 8 21 8
20 21 20 10
20 21 22 21
21 8 21 7
21 8 22 8
27 24 27 23
0 9 0 6
3 12 3 13
3 13 3 22
3 13 2 13
3 13 4 13
3 13 3 22
3 13 2 13
5 10 5 13
7 6 7 5
8 23 8 22
9 7 9 6
9 7 11 7
9 26 10 26
10 22 9 22
11 7 11 6
11 7 11 8
11 7 12 7
13 7 21 7
15 8 11 8
21 7 21 6
21 7 22 7
27 23 27 22
1 14 1 16
2 13 2 18
7 5 7 4
8 22 9 22
11 7 11 6
21 7 21 6
21 7 22 7
27 22 27 21
1 14 1 16
1 16 1 18
1 18 1 19
1 18 2 18
1 18 2 18
1 20 1 22
2 18 2 22
7 4 7 2
7 4 8 4
7 4 7 2
8 4 8 1
11 4 11 2
11 4 11 6
11 4 22 4
11 4 11 6
11 6 11 7
11 6 9 6
14 5 16 5
21 6 22 6
27 21 27 20
1 20 1 22
1 22 1 23
1 22 2 22
2 18 2 22
7 1 8 1
8 1 12 1
8 1 12 1
9 6 9 5
10 5 9 5
14 5 16 5
16 5 20 5
20 5 22 5
22 4 22 2
22 4 23 4
23 4 23 2
23 4 23 6
23 4 25 4
23 4 23 2
23 6 23 7
23 6 25 6
23 6 23 7
24 3 26 3
24 9 27 9
25 4 25 6
25 4 27 4
25 6 25 7
26 5 26 6
26 8 25 8
9 5 9 3
9 5 10 5
22 2 22 1
22 2 21 2
24 9 27 9
27 9 27 4
27 9 27 17
27 9 28 9
27 17 27 18
27 17 25 17
27 17 25 17
28 9 28 6
28 9 28 25
9 2 9 3
9 2 11 2
22 1 19 1
25 17 25 10
25 17 25 18
25 18 25 19
25 18 26 18
25 18 25 19
26 16 26 15
27 19 27 20
28 6 28 5
25 10 26 10
26 15 26 14
26 20 26 25
26 20 25 20
26 20 26 25
28 25 28 26
25 10 26 10
25 20 25 25
25 25 25 20
25 25 25 26
25 26 26 26
26 10 26 14
26 14 26 15
26 27 27 27
26 27 27 27
27 26 28 26

3979

2 - 5 2 2   3 - - 2 1 5 = 6 = = = = = = = = = = = = 3 1 3 
2   7       5 = = 6 2 ǁ 2 ǁ 2 = 3 - 4 1 2 = 4 1 1 2 | 2 ǁ 
2 1   3 4 1   3 1 | 2 6 4 6 - - - - 6 = = = 5   4 3 | 4 3 
|       2 1     1 | 1 | 1 6 = = = = = = = = 4   3 2 | | 1 
| 3 6 2     5 5 2 | 2 3 1 3 1       3       6   6 4 | | | 
| 2 4 1     4 4 2 | 2 = = 5 3 3 3 1 2 1 1   4 1 2 2 | | | 
5 = = = = = = = = 6 = = = = = = = = = = = = = = = = 5 3 | 
| 1 2 = 4 2 1     | 1   2 = = = = = = = = = = = = 4 4 2 | 
| 4 - - 4 = = = = 6 = = = = = = = = = = = 4 3 3 1 - - 4 | 
| ǁ 3 2 - 4 3 4 4 | 3 = = = = 6 3         | 3 ǁ     2 | | 
3 ǁ ǁ     2 | | 2 |     2     ǁ |         | 2 ǁ     2 | | 
| ǁ 5 = 7 = 6 6 2 |     ǁ     ǁ |         | 4 6 4 - 4 7 5 
| 2 | 2 ǁ     1 | |     4 - - 3 |         | ǁ | |   | ǁ 2 
| 1 2 ǁ ǁ     1 | |     |       |         | ǁ | |   | ǁ 1 
|   2 3 ǁ 2   | | |     |       |         | ǁ | |   | ǁ   
5 5 6 3 ǁ ǁ   | 1 |     |       |         | ǁ | |   | ǁ 3 
ǁ 1   2 ǁ 3   | 2 |     |       3 = 2     | 3 | |   | ǁ ǁ 
ǁ 4 6 1 ǁ |   | ǁ |     |                 | 1 | |   | ǁ ǁ 
ǁ 2   1 ǁ |   | 4 |     1                 | 1 | |   | ǁ ǁ 
ǁ 3 5 3 ǁ |   | ǁ |                       | | | |   | ǁ ǁ 
ǁ | 2 1 ǁ 2   | ǁ | 2 = = = = = = = = = = 7 4 | |   | ǁ ǁ 
ǁ | 3 1 ǁ | 3 6 4 | 3 2 2 - 5 3 1 1   4 1 ǁ 1 | 1   | ǁ ǁ 
ǁ 2 4 = 7 2 1 2 1 | 2 5 |   5         6   5   3 3   3 ǁ ǁ 
4 2 2 = 6 - 4 3 2 | 1 5 4 2 3     4 2 2 2 4   1 2   2 ǁ ǁ 
ǁ 6 = 3 |   |     5 - - - - - - - - - - - - - - - 4 = 6 4 
2 3 3 | 4 - 4 3 3 ǁ 3 - - - - - - 4 4 2 3 = = = = 4 2 | 1 
2 3 3 1 ǁ 2 5 1 1 ǁ 3 - - - 3 3 1 ǁ 1   4 = = = = 3 1 5 2 
3   3 - 7 = = = = 6 - - - - - - - 4 1 2 5 3 2 3 2 | 2 2 2 
4 2 2 1 2 1 2 - - 4 = = = = = = = = = = = = = = = 5 3 3 4 
