29 29
4 0 5 0 3 0 0 0 0 0 0 0 0 0 0 0 4 0 0 0 0 0 0 0 0 0 0 5 4 
0 2 0 2 0 4 2 1 5 4 2 4 3 4 4 2 0 0 1 0 0 2 2 0 6 3 2 0 0 
0 3 0 0 0 6 0 0 6 3 1 0 2 2 0 0 0 0 0 0 0 0 0 0 0 0 0 0 0 
0 0 0 3 0 0 1 0 5 3 1 0 0 0 0 0 0 0 0 2 0 6 0 0 4 2 0 0 0 
5 3 0 0 0 0 3 3 0 0 0 4 0 0 5 3 0 0 0 2 0 7 4 2 0 0 0 0 0 
0 1 0 0 0 0 2 0 3 1 0 0 3 1 3 2 0 0 0 1 0 2 3 3 0 0 0 0 0 
0 0 0 0 0 0 0 0 4 0 0 4 4 0 0 0 6 0 0 0 0 0 0 0 6 5 4 4 0 
0 0 0 0 0 0 0 0 0 1 1 0 0 0 0 0 0 2 0 0 0 2 0 0 0 0 0 0 0 
0 2 0 0 0 0 0 0 0 0 0 0 0 2 0 0 0 0 0 0 0 0 0 0 0 0 2 0 0 
0 0 0 0 0 0 0 0 0 0 0 0 0 0 0 0 0 0 0 0 0 0 0 0 0 6 2 0 0 
0 0 0 2 0 0 0 0 0 0 0 0 0 4 4 0 6 6 0 0 0 8 2 0 0 2 2 0 0 
0 0 0 0 0 0 0 0 0 2 0 0 0 0 3 2 3 6 0 4 2 3 1 0 0 1 4 0 0 
0 0 0 0 0 0 2 4 0 0 0 0 0 0 1 0 0 2 2 0 0 0 1 0 0 0 0 0 0 
0 0 0 0 0 0 2 1 0 0 0 0 0 0 2 7 0 0 5 0 0 0 0 0 7 7 5 0 0 
0 0 0 0 0 0 4 0 5 4 2 0 0 0 0 3 1 0 1 2 0 4 0 3 2 2 1 0 0 
0 0 0 0 0 0 1 1 0 0 1 0 0 6 0 0 0 0 4 2 0 4 1 0 1 3 0 4 0 
0 0 0 0 0 0 2 4 0 0 0 0 0 3 0 0 1 0 0 2 0 3 0 4 0 0 0 3 0 
0 0 0 0 0 0 0 2 0 3 3 0 4 0 0 0 0 0 8 0 0 0 2 2 0 0 0 2 0 
3 2 0 0 0 0 2 0 5 5 1 0 3 2 1 0 0 0 6 1 1 0 5 0 0 0 0 0 6 
3 2 0 0 0 0 3 2 0 7 2 0 3 2 1 0 2 0 6 0 2 0 2 2 2 0 4 1 0 
2 0 7 4 0 0 2 1 0 5 2 0 0 2 0 0 0 0 4 0 0 0 0 3 1 0 0 2 0 
0 1 6 6 5 6 0 0 0 0 0 7 5 0 0 0 0 0 0 0 0 0 0 0 0 0 5 3 0 
0 0 3 0 0 0 2 1 3 2 1 0 0 1 3 0 5 0 0 0 0 4 0 5 2 2 0 1 0 
0 0 0 2 2 5 5 0 5 3 4 0 5 0 0 0 4 3 3 0 2 3 3 4 3 3 3 4 0 
0 0 3 2 1 3 0 0 4 2 3 0 1 1 2 0 0 0 0 0 3 0 2 3 2 0 2 1 0 
4 2 2 0 0 0 0 0 0 0 0 7 0 0 0 0 0 3 3 2 0 0 0 0 0 0 0 1 0 
5 0 0 0 0 0 4 3 0 0 0 7 0 0 0 0 0 0 0 0 5 5 0 4 0 5 5 2 0 
3 1 3 0 4 0 5 5 0 1 2 5 0 0 3 2 1 3 0 0 0 0 0 0 0 0 0 0 6 
3 2 3 2 3 1 2 5 0 0 0 0 0 0 0 0 0 0 0 0 4 2 1 0 0 0 0 0 3 
300 275
0 0 0 2
0 0 4 0
0 0 0 2
0 0 4 0
0 27 0 16
0 27 0 28
0 27 6 27
0 28 0 27
0 28 18 28
0 28 0 27
1 8 1 7
1 8 1 9
1 8 2 8
1 24 1 22
1 24 1 25
1 24 3 24
1 24 1 22
1 24 1 25
1 24 3 24
4 21 4 19
4 21 4 22
4 21 3 21
4 21 5 21
6 27 6 26
6 27 15 27
6 27 6 26
9 25 9 26
9 25 6 25
9 25 10 25
9 25 9 26
9 25 6 25
9 25 10 25
10 21 10 17
10 21 10 22
10 21 7 21
10 21 11 21
10 21 10 17
10 21 10 22
10 21 7 21
10 21 11 21
10 26 11 26
10 26 11 26
11 26 11 25
11 26 13 26
13 15 13 14
13 15 13 18
13 15 11 15
13 15 14 15
13 24 13 18
13 24 13 25
13 24 6 24
13 24 14 24
13 25 13 24
13 25 13 26
13 25 14 25
13 25 13 24
13 25 13 26
13 25 14 25
13 26 14 26
15 27 15 25
15 27 16 27
15 27 15 25
17 18 17 12
17 18 17 22
17 18 15 18
17 18 18 18
17 18 17 12
17 18 17 22
17 18 15 18
17 18 18 18
18 18 18 14
18 18 18 19
18 18 19 18
18 18 19 18
18 22 18 20
18 22 18 28
18 22 19 22
18 28 18 22
18 28 27 28
18 28 27 28
19 9 19 7
19 9 19 10
19 9 18 9
19 9 20 9
19 18 19 16
19 18 19 20
19 18 20 18
19 18 19 16
20 2 20 0
20 2 20 3
20 2 0 2
20 2 21 2
21 11 21 5
21 11 21 12
21 11 6 11
21 11 25 11
22 16 22 14
22 16 22 21
22 16 23 16
23 12 23 16
23 12 21 12
23 12 24 12
23 27 23 26
23 27 22 27
23 27 24 27
23 27 23 26
24 13 24 14
26 0 26 6
26 0 25 0
26 0 27 0
26 11 26 7
26 11 26 20
26 11 25 11
26 11 27 11
26 25 26 23
26 25 26 26
26 25 23 25
27 28 27 17
27 28 28 28
28 7 28 6
28 7 28 20
28 7 27 7
28 20 28 7
28 20 28 21
28 20 28 21
28 22 28 28
28 28 27 28
0 16 0 4
0 16 6 16
0 16 0 4
1 1 2 1
1 8 1 9
1 8 2 8
1 9 1 10
1 9 2 9
1 18 1 21
1 21 3 21
2 5 2 8
2 5 1 5
2 5 21 5
2 5 2 8
2 5 1 5
2 5 21 5
3 21 3 19
3 21 3 24
3 21 4 21
3 21 3 19
3 24 3 25
6 16 6 12
6 16 6 24
6 16 10 16
6 16 6 12
6 16 6 24
6 24 6 25
6 24 13 24
6 24 6 25
7 17 10 17
8 13 10 13
8 26 6 26
10 16 10 14
10 16 10 17
10 16 11 16
10 16 10 14
10 16 10 17
11 19 11 17
11 19 11 20
11 19 11 17
11 19 11 20
11 21 11 22
12 22 12 18
15 13 15 18
15 13 10 13
15 13 16 13
15 13 15 18
15 13 10 13
15 13 16 13
15 25 15 24
16 13 16 16
17 12 6 12
17 12 18 12
18 8 18 6
18 8 18 9
18 8 14 8
18 22 19 22
20 18 20 13
20 18 20 23
20 18 20 13
21 5 21 4
21 5 21 11
21 5 23 5
22 13 22 14
22 14 22 16
24 14 24 20
25 19 25 18
25 27 26 27
26 21 26 20
26 21 26 23
26 21 23 21
26 27 26 26
27 17 27 16
27 17 27 28
1 1 2 1
1 5 1 3
1 5 1 6
1 26 1 25
1 26 6 26
2 1 4 1
3 25 6 25
6 12 6 11
7 17 10 17
8 13 10 13
10 14 11 14
11 17 11 16
11 17 12 17
11 17 11 16
11 17 12 17
12 18 13 18
13 18 13 15
13 18 14 18
14 16 14 15
14 24 14 23
15 22 15 21
17 7 16 7
19 14 19 13
21 4 21 3
21 4 23 4
21 4 21 3
21 4 23 4
23 5 23 6
23 5 24 5
25 19 25 18
26 26 26 25
26 26 24 26
27 15 27 14
0 4 0 2
1 3 3 3
3 3 10 3
10 14 11 14
14 15 13 15
17 7 16 7
21 3 21 2
21 3 20 3
21 3 23 3
21 3 21 2
23 3 24 3
23 5 23 6
23 5 24 5
25 18 25 17
26 26 26 25
27 15 27 14
0 2 20 2
3 3 10 3
16 7 16 6
16 7 15 7
20 3 20 2
21 2 21 1
21 2 20 2
21 2 22 2
22 2 24 2
24 26 23 26
25 17 25 11
26 23 26 21
26 23 24 23
27 14 27 11
21 26 21 12
21 26 21 27
21 26 19 26
22 2 24 2
22 23 22 21
22 23 22 24
22 23 23 23
25 17 25 11
27 11 27 10
27 11 26 11
27 11 27 10

3088

4 = 5 - 3 = = = = = = = = = = = 4 - - - - - - - - - - 5 4 
ǁ 2 ǁ 2 - 4 2 1 5 4 2 4 3 4 4 2 |   1 - - 2 2 = 6 3 2 | | 
ǁ 3 ǁ |   6 = = 6 3 1   2 2     |         |     ǁ   | | | 
ǁ | ǁ 3   ǁ 1   5 3 1           |     2 = 6 - - 4 2 | | | 
5 3 ǁ ǁ   ǁ 3 3       4     5 3 |     2 - 7 4 2   | | | | 
  1 ǁ ǁ   ǁ 2   3 1     3 1 3 2 |     1   2 3 3   | | | | 
    ǁ ǁ   ǁ     4     4 4 = = = 6 = = = = = = = 6 5 4 4 | 
    ǁ ǁ   ǁ       1 1 | |       | 2       2     ǁ ǁ | | | 
  2 ǁ ǁ   ǁ           | | 2     | ǁ       ǁ     ǁ ǁ 2 | | 
    ǁ ǁ   ǁ           | | ǁ     | ǁ       ǁ     ǁ 6 2 | | 
    ǁ 2   ǁ           | | 4 4 = 6 6 = = = 8 2   ǁ 2 2 | | 
    ǁ     ǁ       2   | | ǁ 3 2 3 6 = 4 2 3 1   ǁ 1 4 | | 
    ǁ     ǁ 2 4       | | ǁ 1 |   2 2 - - - 1   ǁ   | | | 
    ǁ     ǁ 2 1       | | ǁ 2 7 = = 5 - - - - - 7 7 5 | | 
    ǁ     ǁ 4   5 4 2 | | ǁ   3 1   1 2   4   3 2 2 1 | | 
    ǁ     ǁ 1 1 |   1 | | 6 = = = = 4 2   4 1   1 3 = 4 | 
    ǁ     ǁ 2 4 |     | | 3 - - 1   ǁ 2   3   4       3 | 
    ǁ     ǁ   2 | 3 3 | 4 = = = = = 8 = = = 2 2       2 | 
3 2 ǁ     ǁ 2 - 5 5 1 | 3 2 1 - - - 6 1 1 - 5 = = = = = 6 
3 2 ǁ     ǁ 3 2 - 7 2 | 3 2 1   2 = 6 - 2   2 2 2   4 1 ǁ 
2 - 7 4   ǁ 2 1   5 2 |   2 = = = = 4 - - - - 3 1   | 2 ǁ 
  1 6 6 5 6 = = = = = 7 5 - - - - - - - - - - - - - 5 3 ǁ 
    3 | ǁ | 2 1 3 2 1 | | 1 3 = 5 - - - - 4 - 5 2 2   1 ǁ 
    ǁ 2 2 5 5   5 3 4 | 5 - - - 4 3 3   2 3 3 4 3 3 3 4 ǁ 
    3 2 1 3     4 2 3 | 1 1 2 - - - - - 3 | 2 3 2 | 2 1 ǁ 
4 2 2                 7 = = = = = 3 3 2   |   |   | | 1 ǁ 
5 - - - - - 4 3 - - - 7 - - - - - - - - 5 5 = 4 - 5 5 2 ǁ 
3 1 3   4   5 5   1 2 5 - - 3 2 1 3 = = = = = = = = = = 6 
3 2 3 2 3 1 2 5 = = = = = = = = = = = = 4 2 1 - - - - - 3 
