29 29
1 0 0 3 2 0 0 0 0 0 3 0 0 0 0 0 0 0 0 0 0 0 0 0 0 3 2 2 3 
3 3 1 0 3 0 2 2 0 0 4 0 0 0 0 0 0 0 0 0 0 3 4 4 2 0 0 0 3 
4 0 0 8 0 0 0 0 0 0 4 0 0 0 0 0 0 0 0 0 0 0 0 0 0 7 7 7 4 
0 2 2 0 3 4 2 1 3 4 0 3 0 4 1 1 2 0 1 1 0 2 0 3 1 0 0 0 0 
0 1 0 0 0 2 0 0 4 4 0 2 1 0 0 0 4 0 0 0 0 0 0 8 3 0 0 0 0 
0 1 0 0 4 0 0 0 0 0 5 0 0 4 4 3 1 2 5 0 3 3 2 0 2 0 0 0 0 
0 0 0 0 0 3 0 5 0 0 5 0 0 0 0 0 0 0 5 0 2 2 0 5 0 0 0 0 0 
0 0 0 0 0 5 5 6 5 4 0 1 0 5 3 0 3 0 0 1 2 0 4 0 4 0 0 0 0 
0 0 0 0 0 2 3 5 5 5 0 2 0 0 0 0 0 0 0 3 0 4 0 0 0 0 0 0 0 
0 0 0 0 0 1 1 0 2 1 0 0 0 0 1 0 4 0 5 0 0 5 5 0 0 0 0 0 0 
0 0 0 0 4 0 0 8 8 4 0 5 0 6 0 0 0 0 5 2 0 0 3 0 0 0 0 0 0 
0 4 4 0 0 2 0 6 6 5 0 5 3 3 4 2 4 0 6 0 0 3 2 0 0 0 0 0 0 
0 1 0 0 4 3 1 1 1 1 0 2 1 1 3 2 3 2 4 0 0 1 1 0 0 0 0 0 0 
0 3 5 0 0 2 0 0 0 0 4 0 0 0 0 0 0 0 0 0 0 0 0 3 3 0 0 0 0 
0 0 0 0 0 0 2 2 1 3 5 0 0 0 0 0 0 0 0 0 0 3 0 2 2 0 0 0 0 
0 0 2 0 0 0 3 0 0 2 3 0 0 2 0 0 0 0 0 2 1 3 2 2 3 0 0 0 0 
0 0 2 0 0 0 2 0 4 0 0 0 0 0 0 0 0 0 0 0 0 0 0 0 0 5 0 0 3 
5 5 3 0 0 0 1 0 4 0 0 0 0 0 0 0 0 0 2 0 0 0 0 0 0 0 0 0 4 
0 3 3 0 0 3 3 4 0 0 0 0 0 0 0 0 0 0 0 0 0 0 0 0 0 5 1 0 3 
5 4 2 0 5 5 2 5 6 5 0 0 3 0 5 0 0 0 0 0 5 4 5 4 3 0 2 0 2 
3 0 1 0 2 2 3 3 2 3 1 1 4 2 3 0 0 0 1 0 0 1 0 2 0 0 0 0 0 
3 3 0 5 0 0 0 0 0 0 0 0 0 0 0 0 0 0 0 0 3 0 4 4 2 0 3 5 5 
4 0 0 4 0 0 0 0 0 0 1 2 3 0 0 0 0 0 0 0 0 0 0 0 0 6 3 4 0 
0 2 0 7 0 0 0 0 0 0 0 4 3 2 3 0 0 0 0 0 0 0 0 0 0 7 2 3 0 
0 1 0 5 0 0 0 0 0 0 0 0 0 0 0 6 3 0 0 0 0 4 5 3 2 0 1 0 0 
4 0 0 0 0 0 0 0 0 0 0 0 0 0 0 6 0 0 4 4 3 4 6 2 0 0 2 0 0 
4 3 3 2 2 3 0 0 0 0 0 0 0 0 0 4 1 1 4 4 1 3 0 0 0 0 0 0 2 
5 0 0 0 0 0 0 0 0 0 0 0 0 0 0 0 0 0 0 0 0 7 3 2 0 2 4 7 3 
3 2 1 0 0 0 0 0 0 0 0 0 0 3 0 0 0 0 0 0 0 5 0 0 0 2 2 2 1 
300 257
2 3 2 0
2 3 2 10
2 3 0 3
2 3 21 3
2 3 2 0
2 3 2 10
2 3 0 3
2 3 21 3
2 25 2 10
2 25 2 26
2 25 0 25
2 25 16 25
2 26 2 25
2 26 2 27
2 26 0 26
2 26 18 26
4 23 4 16
4 23 4 24
4 23 3 23
4 23 6 23
4 23 4 16
4 23 4 24
4 23 3 23
4 23 6 23
5 18 5 17
5 18 5 20
5 18 6 18
7 5 7 6
7 5 6 5
7 5 8 5
9 22 9 21
9 22 7 22
9 22 10 22
10 7 10 4
10 7 10 8
10 7 8 7
10 7 11 7
10 7 10 4
10 7 10 8
10 7 8 7
10 7 11 7
10 8 10 9
10 8 9 8
10 8 11 8
11 1 11 2
11 1 5 1
11 1 12 1
11 1 11 2
11 2 3 2
11 2 13 2
11 7 11 5
11 7 11 8
11 7 12 7
11 7 11 5
11 8 11 9
11 8 10 8
11 8 12 8
13 2 13 1
13 2 15 2
13 2 13 1
13 2 15 2
16 2 17 2
17 0 17 1
17 0 2 0
17 0 19 0
17 28 16 28
17 28 18 28
17 28 16 28
17 28 18 28
18 25 18 7
18 25 16 25
18 25 22 25
18 28 19 28
19 4 19 5
19 4 12 4
19 4 20 4
19 8 19 7
19 8 19 9
19 8 20 8
19 8 19 7
19 8 19 9
19 8 20 8
19 14 19 12
19 14 19 20
19 14 20 14
19 22 19 21
19 22 19 23
19 22 21 22
20 9 20 10
20 9 19 9
20 9 19 9
21 28 21 27
21 28 19 28
21 28 26 28
23 3 23 1
23 3 23 11
23 3 22 3
23 3 24 3
23 25 23 14
23 25 23 26
23 25 22 25
23 25 27 25
24 15 24 3
24 15 24 16
24 15 25 15
24 15 24 3
24 15 24 16
24 15 25 15
24 22 24 21
24 22 24 23
24 22 25 22
24 24 24 23
25 15 25 0
25 15 25 18
25 15 26 15
25 15 25 0
25 18 25 19
25 18 26 18
25 18 25 19
25 19 25 20
25 19 26 19
26 15 26 5
26 15 26 16
26 15 26 5
26 17 26 18
26 18 26 19
26 18 26 19
26 19 26 20
27 0 27 21
27 0 26 0
27 0 28 0
27 27 27 26
27 27 27 28
27 27 23 27
27 27 28 27
28 21 28 13
28 21 28 25
28 21 27 21
1 2 1 1
1 22 1 21
1 22 1 23
1 22 1 21
1 22 1 23
1 23 1 24
1 24 1 23
2 0 1 0
2 26 2 25
2 26 2 27
2 27 2 28
2 27 0 27
2 27 21 27
3 1 3 2
3 1 4 1
3 21 3 19
3 21 3 23
3 24 4 24
5 24 7 24
10 4 5 4
10 4 12 4
10 8 10 9
10 8 9 8
11 8 11 9
12 4 12 5
12 4 19 4
13 1 17 1
16 2 17 2
16 28 2 28
17 0 17 1
17 0 19 0
19 9 19 12
19 26 21 26
21 28 21 27
21 28 26 28
24 16 24 21
24 21 24 22
24 21 25 21
24 24 24 23
25 0 22 0
25 0 26 0
25 20 25 21
26 0 26 1
26 0 27 0
26 1 26 2
26 5 26 4
27 28 27 27
27 28 28 28
1 1 1 0
1 21 1 10
2 28 2 27
2 28 1 28
3 18 3 16
5 4 5 10
5 4 3 4
5 4 5 10
5 24 7 24
6 7 6 5
6 7 6 10
6 7 7 7
7 8 7 7
7 8 7 9
7 8 8 8
7 24 7 22
7 24 13 24
19 26 21 26
22 0 22 3
22 0 21 0
22 0 22 3
24 22 25 22
25 20 25 21
25 21 25 22
26 1 26 2
26 2 26 3
26 3 26 4
26 21 27 21
1 1 1 0
1 28 0 28
3 4 3 5
6 23 6 21
7 22 7 20
7 22 9 22
8 21 8 19
8 21 9 21
8 21 8 19
8 21 9 21
26 21 27 21
0 0 0 3
0 28 0 27
0 28 1 28
2 27 21 27
3 4 3 5
3 5 3 6
3 5 4 5
3 6 3 7
4 5 4 8
4 8 4 9
4 8 3 8
4 8 4 9
4 9 4 11
4 9 3 9
5 22 5 21
6 23 6 21
26 21 27 21
0 26 0 25
2 10 2 25
3 8 3 9
3 8 3 9
3 9 3 11
5 22 5 21
0 25 0 10
1 10 1 7
1 10 0 10
1 10 1 7
5 21 5 20
0 10 0 4
1 6 1 4
0 4 1 4
1 4 1 6

3193

1 - - 3 2 - - - - - 3 - - - - - - - - - - - - - - 3 2 2 3 
3 3 1 ǁ 3 = 2 2 = = 4 - - - - - - - - - - 3 4 4 2 | | | 3 
4 = = 8 = = = = = = 4 = = = = = = = = = = = = = = 7 7 7 4 
| 2 2 ǁ 3 4 2 1 3 4 - 3   4 1 1 2 - 1 1 - 2 - 3 1 | | ǁ | 
| 1 | ǁ | 2 - - 4 4 - 2 1       4 = = = = = = 8 3 | | ǁ | 
| 1 | ǁ 4 = = = = = 5     4 4 3 1 2 5 - 3 3 2 ǁ 2 | | ǁ | 
| | | ǁ | 3 - 5 - - 5               5   2 2 = 5 ǁ | | ǁ | 
| | | ǁ | 5 5 6 5 4   1   5 3   3     1 2 - 4 - 4 | | ǁ | 
| | | ǁ | 2 3 5 5 5   2               3 = 4 ǁ   | | | ǁ | 
| | | ǁ | 1 1 ǁ 2 1         1   4   5     5 5   | | | ǁ | 
| | | ǁ 4 = = 8 8 4   5   6         5 2     3   | | | ǁ | 
| 4 4 ǁ | 2 = 6 6 5   5 3 3 4 2 4   6     3 2   | | | ǁ | 
| 1 | ǁ 4 3 1 1 1 1   2 1 1 3 2 3 2 4     1 1   | | | ǁ | 
| 3 5 ǁ ǁ 2         4                         3 3 | | ǁ | 
| | ǁ ǁ ǁ   2 2 1 3 5                     3   2 2 | | ǁ | 
| | 2 ǁ ǁ   3     2 3     2           2 1 3 2 2 3 | | ǁ | 
| | 2 ǁ ǁ   2   4                                 5 | ǁ 3 
5 5 3 ǁ ǁ   1   4                   2             | | ǁ 4 
ǁ 3 3 ǁ ǁ 3 3 4 - - - - - - - - - - - - - - - - - 5 1 ǁ 3 
5 4 2 ǁ 5 5 2 5 6 5 - - 3 - 5 - - - - - 5 4 5 4 3 | 2 ǁ 2 
3   1 ǁ 2 2 3 3 2 3 1 1 4 2 3       1     1 | 2   | ǁ ǁ | 
3 3   5                                 3   4 4 2 | 3 5 5 
4 = = 4             1 2 3                         6 3 4 ǁ 
| 2 - 7 - - - - - - - 4 3 2 3 - - - - - - - - - - 7 2 3 ǁ 
| 1   5 = = = = = = = = = = = 6 3 - - - - 4 5 3 2 | 1 | ǁ 
4 = = = = = = = = = = = = = = 6 - - 4 4 3 4 6 2   | 2 | ǁ 
4 3 3 2 2 3 = = = = = = = = = 4 1 1 4 4 1 3       |   | 2 
5 - - - - - - - - - - - - - - - - - - - - 7 3 2   2 4 7 3 
3 2 1                     3 - - - - - - - 5 - - - 2 2 2 1 
