29 29
1 0 4 4 4 0 3 0 0 2 1 5 0 6 0 0 0 0 0 0 0 0 0 0 0 0 3 1 3 
2 0 7 0 0 0 5 0 0 6 2 0 2 0 2 0 3 0 4 1 2 0 4 1 1 2 0 2 0 
3 2 0 3 4 1 0 3 1 0 2 6 6 6 0 0 0 0 6 0 0 0 5 0 4 3 0 4 4 
0 0 0 0 2 1 0 0 1 0 1 0 3 6 0 0 0 0 0 0 0 0 4 0 5 3 0 0 2 
0 3 6 3 0 0 5 7 2 0 2 3 1 3 1 0 0 0 3 0 0 0 5 0 8 5 0 0 0 
0 2 3 1 0 0 4 6 2 0 2 0 0 5 3 3 3 1 2 1 1 0 3 1 2 2 0 0 0 
5 0 0 0 0 0 0 0 0 6 0 0 0 0 0 0 0 0 0 0 0 0 0 0 0 0 5 3 0 
0 1 2 0 4 2 1 0 0 0 1 0 2 0 0 0 0 0 0 0 0 0 0 0 0 4 5 2 0 
0 4 0 0 4 0 0 0 0 6 0 0 0 0 0 0 0 0 0 0 0 4 3 3 1 0 0 3 0 
0 0 3 2 0 4 3 2 3 0 3 0 0 0 0 6 3 0 0 0 0 0 3 0 0 0 2 0 0 
3 0 0 0 0 2 0 0 2 0 0 0 2 0 0 0 0 0 0 0 0 0 2 0 0 0 2 0 0 
0 0 5 0 6 0 6 5 2 0 0 0 0 0 0 0 0 0 0 0 0 0 3 5 4 0 4 7 4 
0 2 0 2 0 0 0 1 0 0 0 0 4 0 0 3 0 0 0 0 0 0 0 0 0 0 0 0 1 
0 3 4 0 0 0 0 1 0 0 0 0 0 0 0 0 0 0 0 0 0 0 0 0 0 0 0 0 1 
0 0 2 3 0 2 0 0 0 0 0 0 0 0 0 0 0 0 0 0 0 0 0 0 0 0 0 0 0 
4 5 6 3 0 0 0 0 1 0 0 0 0 0 0 0 0 0 0 0 0 0 0 0 0 0 0 0 3 
0 3 0 2 0 3 0 0 2 0 0 0 0 0 0 0 3 0 2 0 0 0 3 0 0 0 0 0 0 
0 5 6 2 0 0 0 0 0 0 0 0 0 0 0 0 0 0 0 0 0 0 2 0 0 0 0 0 0 
0 1 0 2 0 0 0 0 4 0 0 0 1 0 0 0 0 0 0 0 0 0 2 0 0 0 0 0 0 
0 3 5 3 0 0 0 0 0 0 0 0 0 0 0 0 0 0 0 0 0 0 0 0 0 0 0 0 0 
0 0 2 3 0 2 0 0 0 0 3 0 0 0 0 0 0 0 0 0 0 7 4 0 0 0 0 0 0 
0 0 3 3 0 0 3 6 4 0 4 2 1 0 4 3 1 1 0 4 1 0 1 0 3 0 0 0 0 
0 3 7 0 6 2 1 4 2 0 2 4 0 0 5 0 0 0 0 6 0 5 0 3 5 0 3 0 0 
5 4 4 0 6 0 4 5 3 0 1 4 4 2 3 0 0 4 2 3 3 4 0 1 2 0 2 0 0 
0 6 0 3 0 0 0 0 0 5 0 0 0 0 0 0 0 0 0 0 0 0 0 0 0 4 0 6 4 
2 3 3 0 4 0 4 3 3 0 2 0 0 0 0 0 0 4 6 2 3 0 0 0 0 4 2 0 2 
4 5 5 1 0 2 5 1 1 0 2 0 0 0 3 3 1 0 4 0 4 0 0 0 0 3 2 6 3 
5 0 3 0 6 0 0 0 0 6 0 0 0 0 0 0 0 4 2 2 5 3 2 3 2 0 2 2 2 
4 2 2 1 3 3 2 0 0 4 0 0 0 0 0 0 0 0 0 0 0 0 0 0 0 5 3 3 4 
300 376
0 11 0 10
0 11 0 13
0 11 2 11
0 13 0 11
0 13 0 26
0 13 2 13
0 28 0 27
0 28 2 28
0 28 2 28
1 2 1 0
1 2 1 6
1 2 0 2
1 2 4 2
1 12 2 12
2 28 2 27
2 28 3 28
4 7 4 6
4 7 4 8
4 7 2 7
4 7 5 7
4 24 4 22
4 24 4 25
4 24 3 24
4 24 5 24
4 24 4 22
4 24 4 25
4 24 3 24
4 24 5 24
6 0 6 9
6 0 2 0
6 0 10 0
11 2 11 4
11 2 9 2
11 2 13 2
11 27 11 26
11 27 11 28
11 27 8 27
11 27 24 27
17 1 17 2
17 1 16 1
17 1 18 1
20 21 20 10
20 21 20 22
20 21 8 21
20 21 22 21
22 2 22 1
22 2 22 4
22 2 21 2
22 2 23 2
23 0 23 1
23 0 15 0
23 0 25 0
24 1 24 3
24 1 23 1
24 1 25 1
24 1 24 3
24 1 23 1
24 1 25 1
27 0 27 2
27 0 26 0
27 0 28 0
27 20 27 19
27 20 27 21
27 20 26 20
28 0 28 1
28 0 27 0
28 0 28 1
28 25 28 9
28 25 28 26
28 25 26 25
28 28 28 27
28 28 27 28
28 28 28 27
28 28 27 28
0 3 0 2
0 3 0 4
0 3 0 2
0 3 0 4
0 4 0 6
0 11 2 11
0 13 0 26
0 13 2 13
0 26 6 26
1 12 2 12
1 27 2 27
2 11 2 10
2 11 2 12
2 11 4 11
2 11 2 10
2 13 2 12
2 13 2 18
2 13 3 13
2 13 2 12
2 18 2 22
2 18 1 18
2 18 4 18
2 18 2 22
2 18 1 18
2 27 1 27
2 27 6 27
3 28 11 28
5 7 5 6
5 7 5 8
5 7 4 7
5 7 5 6
5 7 5 8
5 13 5 10
5 13 5 14
5 13 4 13
11 28 11 27
11 28 12 28
13 28 15 28
15 28 24 28
17 1 17 2
17 1 16 1
17 2 17 3
17 2 15 2
17 2 19 2
17 2 17 3
26 1 26 0
26 1 26 2
26 1 25 1
0 2 0 0
0 4 0 6
1 2 1 0
1 2 1 6
1 2 4 2
1 10 1 9
1 14 1 16
1 18 1 16
1 18 1 19
1 20 1 22
2 12 3 12
4 2 4 1
4 2 4 3
4 2 5 2
4 2 4 1
5 6 5 3
5 6 4 6
15 2 15 1
15 2 15 3
15 2 14 2
15 2 15 1
15 2 15 3
15 28 24 28
16 1 15 1
24 28 24 27
24 28 25 28
1 10 1 9
1 14 1 16
1 20 1 22
1 22 1 23
1 22 2 22
5 2 5 1
24 27 24 25
24 27 11 27
24 27 26 27
24 27 24 25
25 28 26 28
26 27 26 26
26 27 26 28
26 27 27 27
26 27 26 26
26 27 26 28
1 9 1 6
1 9 0 9
1 9 6 9
1 9 1 6
3 10 4 10
4 11 4 10
4 11 4 12
5 2 5 1
6 9 6 0
6 9 6 26
6 9 8 9
6 9 6 26
8 9 8 4
8 9 8 21
8 9 24 9
8 9 8 4
8 9 8 21
8 21 8 22
9 15 9 10
9 15 9 16
9 15 12 15
9 15 9 10
9 15 9 16
9 15 12 15
9 16 16 16
10 12 12 12
12 12 12 15
12 12 10 12
12 12 18 12
16 16 16 18
16 18 16 16
20 21 20 10
20 21 20 22
20 21 22 21
20 22 18 22
20 22 21 22
25 26 25 25
0 9 0 6
1 6 4 6
3 12 3 13
3 13 3 12
3 13 4 13
3 13 4 13
4 1 2 1
5 10 5 13
5 13 5 14
5 23 5 22
5 25 4 25
7 6 7 5
7 10 7 12
7 12 7 25
7 25 7 26
7 25 24 25
7 25 7 26
9 10 20 10
18 22 17 22
21 10 21 11
21 10 22 10
21 10 21 11
21 10 22 10
22 11 22 14
22 11 23 11
22 11 22 14
22 11 23 11
22 24 22 23
22 24 21 24
22 24 23 24
23 11 23 10
23 11 23 12
23 12 23 13
23 12 23 13
23 26 22 26
24 25 24 9
25 18 25 17
25 18 25 19
25 18 26 18
25 18 25 17
25 18 25 19
25 18 26 18
25 26 25 25
27 24 27 23
2 0 2 1
2 0 6 0
5 25 4 25
7 5 7 4
10 0 15 0
17 22 16 22
21 12 21 14
21 14 21 15
21 14 22 14
21 14 21 15
21 15 21 16
23 26 22 26
25 17 25 10
25 17 27 17
25 25 25 20
25 25 26 25
26 16 26 15
26 18 26 20
26 18 27 18
27 17 27 9
27 17 27 18
27 17 27 9
27 19 27 20
27 24 27 23
4 25 3 25
7 4 7 2
7 4 8 4
7 4 7 2
8 4 8 1
10 0 15 0
11 4 11 2
11 4 11 6
11 4 22 4
12 3 14 3
14 5 16 5
15 0 15 1
15 1 13 1
16 3 15 3
16 22 11 22
18 3 19 3
18 8 16 8
18 8 21 8
18 8 16 8
18 8 21 8
21 8 21 7
21 8 22 8
22 26 11 26
23 0 23 1
23 0 25 0
23 2 23 4
23 2 22 2
23 2 23 4
23 4 23 6
23 4 22 4
23 4 25 4
23 4 23 6
24 3 26 3
24 9 27 9
25 2 26 2
25 4 25 6
25 4 27 4
25 4 25 6
25 10 26 10
25 20 26 20
26 0 26 1
26 0 27 0
26 1 26 2
26 10 26 14
26 14 26 15
26 15 26 14
27 4 27 2
27 4 27 9
27 4 28 4
27 4 27 2
27 4 27 9
27 23 27 22
28 2 28 3
28 4 28 5
28 4 28 5
28 5 28 6
28 6 28 9
28 9 28 25
28 9 27 9
7 1 8 1
8 1 12 1
8 1 12 1
11 4 11 6
11 4 22 4
11 6 11 7
11 6 9 6
11 6 21 6
11 6 11 7
11 26 11 27
11 26 10 26
12 3 14 3
13 1 13 2
13 1 13 2
13 2 11 2
14 2 14 3
14 5 16 5
15 8 11 8
16 5 20 5
16 22 11 22
18 3 19 3
20 5 22 5
21 7 21 6
21 7 13 7
21 7 22 7
25 2 26 2
25 20 26 20
26 2 25 2
26 5 26 6
26 25 28 25
27 20 27 21
27 21 27 22
8 27 7 27
9 2 9 3
9 2 9 3
9 5 9 6
9 5 10 5
9 5 9 6
9 5 10 5
10 26 9 26
12 7 11 7
21 7 21 6
21 7 22 7
26 5 26 6
8 27 7 27
9 26 7 26
6 27 6 26
6 27 6 26

4481

1 - 4 4 4 = 3 - - 2 1 5 = 6 = = = = = = = = = = = = 3 1 3 
2 = 7 = = = 5 = = 6 2 ǁ 2 ǁ 2 = 3 - 4 1 2 = 4 1 1 2 | 2 ǁ 
3 2 ǁ 3 4 1 | 3 1 | 2 6 6 6 - - - - 6 = = = 5   4 3 | 4 4 
ǁ | ǁ   2 1 | | 1 | 1 | 3 6         |       4   5 3 | | 2 
ǁ 3 6 3     5 7 2 | 2 3 1 3 1       3       5 = 8 5 | | | 
ǁ 2 3 1 - - 4 6 2 | 2 = = 5 3 3 3 1 2 1 1   3 1 2 2 | | | 
5 = = = = = = = = 6 = = = = = = = = = = = = = = = = 5 3 | 
| 1 2 = 4 2 1     | 1 - 2 - - - - - - - - - - - - 4 5 2 | 
| 4 - - 4 = = = = 6 = = = = = = = = = = = 4 3 3 1 | | 3 | 
| ǁ 3 2   4 3 2 3 | 3 = = = = 6 3         | 3     | 2 | | 
3 ǁ |     2 |   2 | |   2     ǁ |         | 2     | 2 | | 
ǁ ǁ 5 = 6 = 6 5 2 | |   ǁ     ǁ |         | 3 5 4 | 4 7 4 
ǁ 2 ǁ 2 ǁ   | 1 | | |   4 - - 3 |         | ǁ     | | ǁ 1 
ǁ 3 4 ǁ ǁ   | 1 | | |   |       |         | ǁ     | | ǁ 1 
ǁ | 2 3 ǁ 2 | | | | |   |       |         | ǁ     | | ǁ | 
4 5 6 3 ǁ ǁ | | 1 | |   |       |         | ǁ     | | ǁ 3 
| 3 | 2 ǁ 3 | | 2 | |   |       3 = 2     | 3     | | ǁ ǁ 
| 5 6 2 ǁ | | | ǁ | |   |                 | 2     | | ǁ ǁ 
| 1 | 2 ǁ | | | 4 | |   1                 | 2     | | ǁ ǁ 
| 3 5 3 ǁ | | | ǁ | |                     | |     | | ǁ ǁ 
|   2 3 ǁ 2 | | ǁ | 3 = = = = = = = = = = 7 4     | | ǁ ǁ 
|   3 3 ǁ | 3 6 4 | 4 2 1 - 4 3 1 1   4 1 ǁ 1   3 | | ǁ ǁ 
| 3 7 - 6 2 1 4 2 | 2 4 = = 5         6   5   3 5 | 3 ǁ ǁ 
5 4 4 = 6 = 4 5 3 | 1 4 4 2 3     4 2 3 3 4   1 2 | 2 ǁ ǁ 
ǁ 6 = 3 |         5 - - - - - - - - - - - - - - - 4 = 6 4 
2 3 3 | 4 = 4 3 3 | 2 - - - - - - 4 6 2 3 - - - - 4 2 | 2 
4 5 5 1 | 2 5 1 1 | 2 - - - 3 3 1 | 4 - 4         3 2 6 3 
5 - 3 = 6 = = = = 6 = = = = = = = 4 2 2 5 3 2 3 2 ǁ 2 2 2 
4 2 2 1 3 3 2 - - 4 = = = = = = = = = = = = = = = 5 3 3 4 
