29 29
2 2 0 0 0 2 0 0 0 0 0 0 0 0 0 0 0 0 4 0 0 0 4 3 4 0 4 0 2 
1 0 1 0 0 5 0 0 0 0 0 0 0 0 0 0 0 0 7 0 0 0 5 3 3 0 4 2 0 
2 6 0 0 0 5 0 0 4 3 3 3 0 0 5 0 2 1 6 0 2 0 0 4 0 0 6 6 3 
1 3 2 0 0 3 1 0 4 2 0 1 1 1 0 0 0 0 1 0 0 0 0 1 2 1 0 0 0 
3 3 2 2 0 4 0 0 0 0 5 0 3 3 5 0 0 0 0 0 0 0 7 5 7 3 0 0 0 
0 0 2 3 1 3 0 1 0 0 0 0 1 1 2 0 0 1 0 0 0 0 0 2 3 1 0 0 0 
3 0 0 4 0 2 0 0 0 0 4 0 0 0 0 0 0 0 0 0 0 0 6 0 0 0 5 0 0 
0 0 0 1 1 3 2 0 1 0 0 2 0 0 0 0 0 0 4 1 2 2 0 2 0 3 3 0 0 
2 2 3 0 0 5 0 0 0 0 5 0 0 0 0 0 0 0 5 0 7 6 0 0 1 0 0 0 0 
0 3 2 3 3 0 4 0 2 0 0 2 0 0 0 0 0 4 0 1 0 0 0 0 0 0 0 0 0 
0 5 0 6 3 0 0 2 0 0 6 0 0 0 0 0 0 5 0 0 0 0 0 2 0 0 3 0 0 
0 3 4 0 2 7 7 6 4 0 6 0 6 0 0 3 0 6 5 4 4 4 0 5 4 0 2 0 2 
0 1 3 0 2 3 2 4 6 0 4 0 3 0 0 0 0 3 1 1 3 2 0 2 1 0 1 0 3 
5 0 0 7 0 0 0 0 0 0 0 0 0 0 0 0 0 0 0 0 0 0 6 0 0 6 0 6 5 
0 0 1 0 0 0 0 0 0 0 0 0 0 4 0 2 2 0 1 0 0 0 0 3 3 0 2 0 3 
0 2 0 0 0 0 0 0 0 0 0 0 0 0 4 2 0 0 0 0 0 0 0 0 4 0 0 0 0 
0 0 0 0 0 0 0 0 0 0 0 0 0 6 8 0 5 1 0 0 0 0 0 0 4 0 0 0 0 
3 4 2 0 0 0 0 0 0 0 0 0 0 0 6 2 0 0 0 0 0 0 0 0 0 0 0 0 0 
2 4 4 0 0 0 0 0 0 0 0 0 0 0 5 0 5 0 0 0 0 0 7 5 3 0 0 0 0 
0 2 3 0 0 0 0 0 0 0 0 0 0 0 3 1 0 0 0 0 0 0 0 3 1 0 0 0 0 
5 0 0 5 0 0 0 0 0 0 0 0 0 4 5 4 6 4 0 0 0 0 7 7 3 0 0 0 0 
5 2 0 0 1 2 0 0 0 0 0 0 0 3 5 3 0 4 0 0 2 1 0 0 0 6 6 0 0 
0 1 0 0 0 0 0 0 0 0 0 0 0 0 2 2 0 3 1 4 0 0 4 0 0 0 4 0 0 
0 2 0 4 0 0 0 0 0 0 0 0 0 5 4 3 0 4 1 6 4 1 0 0 0 0 3 7 4 
0 0 0 0 0 0 0 2 1 0 0 0 0 0 2 4 0 2 2 3 0 0 0 0 0 6 3 0 0 
4 2 0 0 0 0 0 2 0 0 0 0 0 6 4 4 0 2 7 4 3 0 3 0 0 0 2 0 0 
3 2 0 6 0 0 0 0 0 0 0 0 0 3 1 0 0 1 0 0 2 2 2 0 0 0 1 0 0 
4 0 0 7 2 2 0 0 0 0 0 0 6 0 0 0 8 4 3 0 0 0 0 3 4 5 1 4 1 
3 2 0 3 0 2 0 0 0 0 0 0 4 0 1 2 4 2 0 0 0 0 2 1 3 0 0 6 2 
300 297
1 18 1 5
1 18 1 22
1 18 0 18
1 18 2 18
2 14 2 11
2 14 2 16
2 14 4 14
2 18 2 17
2 18 2 20
2 18 1 18
2 18 3 18
4 22 4 14
4 22 4 23
4 22 1 22
4 22 6 22
4 24 4 23
4 24 4 25
4 24 3 24
4 24 5 24
6 26 6 22
6 26 2 26
6 26 7 26
8 20 8 18
8 20 8 21
8 20 7 20
8 20 11 20
10 1 10 3
10 1 9 1
10 1 11 1
10 17 10 10
10 17 9 17
10 17 11 17
11 5 11 4
11 5 11 6
11 5 8 5
11 5 12 5
11 12 11 10
11 12 11 15
11 12 12 12
11 12 11 10
11 12 11 15
11 12 12 12
13 0 13 3
13 0 8 0
13 0 17 0
13 28 13 27
13 28 12 28
13 28 14 28
16 13 16 14
16 13 14 13
16 13 20 13
16 13 16 14
16 13 14 13
16 13 20 13
16 14 16 16
16 14 15 14
16 14 17 14
17 14 17 15
17 14 16 14
17 14 18 14
17 14 17 15
17 14 16 14
18 14 18 16
18 14 19 14
18 14 18 16
18 14 19 14
18 22 18 16
18 22 18 23
18 22 13 22
18 22 20 22
20 0 20 3
20 0 18 0
20 0 21 0
20 23 20 22
20 23 20 24
20 23 19 23
20 23 27 23
21 25 21 26
21 25 13 25
21 25 24 25
21 25 21 26
21 25 13 25
21 25 24 25
21 26 14 26
21 26 22 26
22 26 21 26
22 26 23 26
22 26 21 26
23 27 23 26
23 27 23 28
23 27 13 27
23 27 27 27
24 25 24 26
24 25 27 25
24 25 24 26
24 25 27 25
25 18 25 17
25 18 25 19
25 18 24 18
25 18 27 18
25 26 24 26
25 26 26 26
27 3 27 0
27 3 27 4
27 3 26 3
27 3 28 3
27 16 27 12
27 16 27 17
27 16 20 16
27 16 28 16
27 16 27 12
27 16 27 17
27 16 20 16
27 16 28 16
27 25 27 24
27 25 27 26
27 25 27 24
28 16 28 15
28 16 28 17
28 27 28 24
28 27 28 28
28 27 27 27
28 27 28 24
28 27 28 28
28 27 27 27
2 16 2 14
2 18 2 20
11 10 11 8
11 10 10 10
11 10 12 10
11 10 11 8
12 10 12 8
12 10 12 12
12 10 12 8
13 25 13 22
13 25 13 27
13 25 7 25
13 25 13 22
13 27 13 28
13 27 2 27
13 27 23 27
14 13 14 2
14 13 14 15
15 1 17 1
15 14 15 15
15 14 16 14
15 14 15 15
15 24 14 24
15 24 16 24
15 24 14 24
15 24 16 24
16 24 18 24
20 16 20 15
20 16 20 17
20 16 18 16
20 16 20 15
20 17 20 22
20 17 21 17
20 17 20 22
21 17 21 20
21 17 22 17
21 17 21 20
21 21 23 21
22 19 22 18
22 19 23 19
22 19 23 19
22 19 23 19
22 22 20 22
22 22 25 22
22 22 20 22
22 22 25 22
23 19 23 18
23 19 23 20
23 19 24 19
23 20 25 20
23 26 23 27
25 15 25 14
25 15 24 15
25 15 25 14
25 15 24 15
27 12 27 5
27 12 28 12
27 27 27 28
28 15 28 14
2 27 2 26
2 27 2 28
2 27 1 27
2 27 2 26
2 27 2 28
10 10 10 7
10 10 10 17
10 10 8 10
10 10 10 7
11 7 11 6
11 7 11 8
11 7 12 7
11 7 11 6
11 7 11 8
11 7 12 7
12 7 12 6
12 7 12 8
12 26 11 26
13 3 13 0
13 3 13 22
13 3 10 3
13 3 13 22
13 3 10 3
14 15 14 16
14 18 14 16
14 24 14 23
15 1 17 1
16 16 16 17
16 16 18 16
16 24 18 24
18 22 18 23
18 22 13 22
18 22 20 22
20 23 20 24
20 23 19 23
20 23 27 23
22 17 23 17
23 17 22 17
23 17 24 17
23 17 24 17
23 20 25 20
23 27 23 28
23 28 14 28
23 28 14 28
24 15 24 14
24 15 23 15
27 12 27 5
27 12 28 12
28 12 28 5
28 12 28 5
1 27 1 26
2 26 2 23
2 26 1 26
2 26 6 26
6 22 6 10
6 22 6 26
6 22 4 22
6 22 6 10
10 3 10 1
10 3 10 4
10 3 9 3
11 2 11 1
11 2 12 2
11 2 11 1
11 2 12 2
11 15 11 17
11 17 11 18
11 17 10 17
11 17 12 17
11 17 11 18
11 26 10 26
12 1 12 2
12 17 12 18
13 28 12 28
14 23 18 23
1 26 1 24
1 26 0 26
2 23 1 23
2 23 3 23
2 23 1 23
5 17 5 14
9 17 9 11
9 17 9 19
9 17 9 11
10 1 9 1
10 26 7 26
11 18 11 19
11 28 2 28
11 28 12 28
14 23 18 23
0 26 0 24
0 26 0 28
0 26 0 24
10 26 7 26
11 18 11 19
0 24 0 23
0 24 1 24
1 24 1 23
7 25 7 23
11 18 11 19
11 19 11 20
12 19 12 20
0 23 0 22
0 23 0 22
7 25 7 23
10 23 11 23
0 22 0 18
0 22 1 22
1 22 1 18
1 22 4 22
10 23 11 23
0 18 0 5
0 18 1 18

3821

2 2       2 - - - - - - - - - - - - 4 - - - 4 3 4 = 4 - 2 
1   1     5 - - - - - - - - - - - - 7 = = = 5 3 3 - 4 2   
2 6       5     4 3 3 3 - - 5 = 2 1 6 = 2   ǁ 4 - - 6 6 3 
1 3 2     3 1   4 2   1 1 1 |       1       ǁ 1 2 1 ǁ | | 
3 3 2 2   4         5   3 3 5 - - - - - - - 7 5 7 3 ǁ | | 
    2 3 1 3   1         1 1 2 - - 1         ǁ 2 3 1 ǁ | | 
3     4   2         4 = = = = = = = = = = = 6 = = = 5 | | 
      1 1 3 2   1     2             4 1 2 2   2 = 3 3 | | 
2 2 3     5         5               5 - 7 6     1 | ǁ | | 
| 3 2 3 3 | 4   2   | 2 = = = = = 4 - 1 |         | ǁ | | 
| 5 = 6 3 |   2 = = 6 = = = = = = 5     |     2   | 3 | | 
| 3 4 ǁ 2 7 7 6 4 = 6 = 6 = = 3 - 6 5 4 4 4   5 4 | 2 | 2 
| 1 3 ǁ 2 3 2 4 6 = 4 - 3         3 1 1 3 2   2 1 | 1 | 3 
5 = = 7 = = = = = = = = = = = = = = = = = = 6 = = 6 - 6 5 
|   1 - - - - - - - - - - 4 - 2 2 - 1       ǁ 3 3 ǁ 2 ǁ 3 
| 2                       ǁ 4 2             ǁ ǁ 4 ǁ | ǁ ǁ 
| ǁ                       6 8 - 5 1         ǁ ǁ 4 ǁ | ǁ ǁ 
3 4 2                     ǁ 6 2 |           ǁ ǁ ǁ ǁ | ǁ ǁ 
2 4 4                     ǁ 5 = 5 - - - - - 7 5 3 ǁ | ǁ ǁ 
| 2 3                     ǁ 3 1 |           ǁ 3 1 ǁ | ǁ ǁ 
5 - - 5                   4 5 4 6 4 = = = = 7 7 3 ǁ | ǁ ǁ 
5 2     1 2               3 5 3 ǁ 4 = = 2 1 ǁ ǁ   6 6 ǁ ǁ 
  1                         2 2 ǁ 3 1 4   | 4 ǁ   ǁ 4 ǁ ǁ 
  2   4                   5 4 3 ǁ 4 1 6 4 1 ǁ ǁ   ǁ 3 7 4 
              2 1           2 4 ǁ 2 2 3 ǁ   ǁ ǁ   6 3 |   
4 2           2           6 4 4 ǁ 2 7 4 3   3 ǁ   ǁ 2 |   
3 2   6                   3 1   ǁ 1 |   2 2 2 ǁ   ǁ 1 |   
4 - - 7 2 2 = = = = = = 6 = = = 8 4 3         3 4 5 1 4 1 
3 2   3   2 = = = = = = 4   1 2 4 2         2 1 3 = = 6 2 
