29 29
2 0 5 0 0 0 0 4 0 0 0 0 3 4 4 0 4 4 1 1 1 2 3 0 0 1 1 3 3 
3 3 0 1 0 0 2 0 0 0 1 0 3 3 0 0 0 0 0 0 0 0 3 0 0 0 0 0 0 
3 6 6 0 0 0 6 0 0 0 0 0 3 3 1 0 0 3 4 0 0 0 0 0 0 0 0 0 0 
3 0 4 1 5 2 0 0 0 0 0 0 2 3 0 0 0 0 2 0 0 0 0 0 0 0 0 0 0 
5 0 8 0 8 0 6 0 0 0 0 0 0 0 0 0 4 0 0 4 4 0 0 0 0 0 0 0 0 
0 2 0 0 0 1 0 2 2 1 4 4 3 1 4 0 5 0 0 3 0 0 0 0 0 0 0 0 0 
3 0 0 1 0 0 0 0 2 0 3 3 0 0 4 4 0 1 2 0 3 0 5 0 0 0 0 4 3 
1 0 0 0 0 0 0 0 1 0 0 0 3 4 2 3 0 4 8 5 1 0 0 0 0 1 0 0 0 
3 4 0 3 6 5 0 3 0 5 4 4 0 0 0 0 0 0 0 4 2 0 4 0 0 5 0 0 0 
0 2 0 1 0 0 0 0 1 0 3 2 0 0 0 0 0 0 0 1 0 0 1 0 0 3 0 0 0 
0 0 0 3 4 0 0 0 0 0 4 4 0 4 0 0 4 4 7 0 0 4 0 0 0 0 0 5 3 
0 4 6 8 4 4 0 4 5 0 3 2 0 0 4 0 4 0 0 2 4 0 1 0 0 0 1 0 0 
0 1 3 5 0 3 0 2 3 0 0 1 0 0 4 3 4 0 0 0 0 0 0 2 0 0 4 0 0 
4 0 0 0 0 0 4 0 0 6 6 3 0 0 0 1 0 0 0 0 0 0 4 2 3 3 0 0 0 
2 2 2 0 4 1 0 1 0 3 2 1 0 0 0 0 0 0 0 1 0 0 0 0 0 0 0 0 0 
3 6 0 0 6 0 6 0 0 0 0 0 7 6 3 3 0 0 0 0 0 0 0 0 0 0 0 0 1 
0 5 3 1 0 1 0 0 0 0 0 0 0 0 0 0 0 0 0 0 0 0 0 0 0 0 0 0 0 
0 0 2 1 0 0 0 0 0 0 0 0 0 0 4 4 2 0 5 4 5 0 3 0 0 4 0 0 0 
0 0 4 0 7 3 0 0 0 0 0 0 0 0 4 3 0 0 2 0 4 0 2 2 0 0 0 0 0 
0 3 0 2 0 1 0 0 0 0 0 0 0 5 0 4 5 4 2 3 3 0 0 0 0 0 0 0 0 
0 0 2 0 0 0 0 0 0 0 0 0 0 4 1 0 2 0 1 0 0 0 0 0 0 0 0 0 0 
0 0 0 0 0 0 0 0 0 0 0 0 0 3 5 4 4 7 2 5 3 0 5 3 0 0 0 0 0 
0 5 7 5 4 5 0 0 0 0 0 0 0 0 4 0 0 5 2 3 2 0 0 1 0 0 0 0 0 
0 5 3 0 1 4 0 2 0 0 0 0 5 0 0 0 0 0 0 0 0 4 4 0 0 0 0 0 0 
0 2 0 0 1 0 0 3 2 3 0 0 4 3 2 0 1 0 0 2 2 0 3 6 2 0 0 3 3 
5 0 0 5 5 4 0 2 0 2 0 0 0 4 0 0 0 0 0 6 3 0 0 1 0 0 0 2 3 
0 1 2 0 0 0 5 0 6 2 1 0 0 1 0 0 0 0 0 0 4 5 0 0 0 5 0 0 0 
4 5 7 3 0 0 4 2 1 2 0 0 4 0 0 0 0 0 0 5 4 5 2 1 0 2 0 0 0 
3 5 6 0 0 0 0 0 0 0 0 0 0 0 0 0 0 0 0 5 0 0 0 0 0 0 3 3 2 
300 263
0 2 0 0
0 2 0 7
0 2 2 2
3 4 3 3
3 4 3 5
3 4 4 4
4 0 4 2
4 0 3 0
4 0 6 0
4 2 4 0
4 2 4 4
4 2 3 2
4 2 11 2
4 4 4 2
4 4 4 6
4 4 3 4
4 4 8 4
5 1 8 1
6 0 4 0
6 0 7 0
6 3 8 3
7 18 7 17
7 18 7 19
7 18 6 18
7 18 10 18
7 18 7 17
7 18 7 19
7 18 6 18
7 18 10 18
8 25 8 22
8 25 7 25
8 25 9 25
10 18 10 17
10 18 10 21
10 18 17 18
11 3 11 2
11 3 11 4
11 3 10 3
11 3 12 3
11 3 11 2
11 3 11 4
11 3 10 3
11 3 12 3
15 12 15 6
15 12 15 13
15 12 7 12
15 12 23 12
16 1 16 2
16 1 15 1
16 1 19 1
18 4 18 2
18 4 18 5
18 4 15 4
18 4 22 4
19 13 19 15
19 13 15 13
19 13 20 13
21 17 21 16
21 17 21 18
21 17 19 17
21 17 22 17
22 1 22 2
22 1 19 1
22 1 23 1
22 5 22 4
22 5 19 5
22 5 23 5
24 23 24 22
24 23 24 24
24 23 22 23
24 23 25 23
25 0 25 3
25 0 15 0
25 0 27 0
25 4 25 3
25 4 25 5
25 4 24 4
26 25 26 21
26 25 17 25
26 25 27 25
27 2 27 1
27 2 27 3
27 2 26 2
27 2 28 2
27 21 27 20
27 21 27 22
27 21 26 21
28 1 28 0
28 1 28 2
28 1 27 1
28 2 28 1
28 2 28 19
28 2 27 2
28 2 28 1
28 19 28 26
28 19 27 19
1 3 1 6
2 1 2 0
2 1 2 2
2 1 1 1
2 1 2 0
2 1 2 2
2 1 1 1
2 2 2 6
2 2 0 2
2 2 3 2
2 6 2 12
2 6 1 6
2 6 4 6
2 6 2 12
2 6 4 6
3 2 3 0
3 2 4 2
3 4 3 5
4 2 11 2
4 4 4 6
4 4 8 4
5 1 8 1
8 1 8 0
8 1 9 1
8 4 8 3
8 4 8 5
8 4 10 4
8 4 8 3
8 25 8 22
8 25 9 25
9 1 11 1
9 3 10 3
10 4 10 10
10 4 11 4
10 4 10 10
11 1 11 2
11 1 12 1
11 1 11 2
11 4 11 5
11 5 11 7
11 5 12 5
11 5 11 7
11 7 11 8
11 7 12 7
11 8 11 10
11 8 12 8
11 8 11 10
11 8 12 8
13 9 13 6
13 9 13 10
13 9 14 9
13 9 13 6
13 9 13 10
13 9 14 9
13 10 13 11
13 10 11 10
13 10 14 10
13 10 13 11
18 14 18 15
18 14 17 14
18 14 18 15
18 14 17 14
24 1 23 1
24 23 24 22
24 23 24 24
25 4 25 3
25 4 25 5
25 5 25 7
25 5 23 5
26 6 26 2
26 6 26 8
26 6 27 6
27 2 27 1
27 2 27 3
27 3 27 6
27 6 27 7
27 6 26 6
27 7 27 8
28 0 27 0
28 0 27 0
28 19 28 26
28 19 27 19
0 7 0 2
0 7 0 12
0 7 0 12
1 0 1 1
1 0 0 0
1 0 2 0
1 10 1 12
4 6 4 16
8 0 13 0
8 0 13 0
8 5 8 7
8 5 5 5
8 5 8 7
8 9 8 7
8 9 8 10
8 9 5 9
8 9 8 10
9 8 9 10
10 10 10 11
10 10 9 10
10 11 9 11
10 11 11 11
10 11 9 11
11 11 12 11
12 8 12 7
13 0 13 6
13 0 14 0
13 6 15 6
13 11 14 11
14 7 14 9
15 6 15 4
15 6 15 12
15 6 15 4
16 5 18 5
17 14 17 15
17 14 15 14
18 5 18 4
24 1 23 1
26 1 27 1
26 6 26 8
26 8 26 9
26 8 24 8
26 8 26 9
26 8 24 8
26 10 26 13
27 0 27 1
27 9 27 12
27 9 27 12
27 12 27 19
4 6 4 16
5 7 5 8
5 10 5 11
5 10 6 10
5 10 5 11
5 10 6 10
5 11 5 12
5 11 6 11
6 8 5 8
6 8 7 8
8 9 8 10
8 11 8 10
8 11 6 11
8 11 6 11
12 2 12 3
12 5 12 3
14 5 14 4
15 4 15 1
15 4 14 4
15 4 18 4
25 0 25 3
25 0 15 0
25 3 22 3
25 7 24 7
27 12 27 19
12 2 12 3
14 4 14 2
14 4 14 2
15 1 15 0
15 1 14 1
15 1 16 1
15 1 14 1
24 7 23 7
24 7 23 7
23 5 23 4
23 5 22 5

3230

2 - 5 = = = = 4 = = = = 3 4 4   4 4 1 1 1 2 3     1 1 3 3 
3 3 ǁ 1 - - 2       1 - 3 3                 3             
3 6 6 - - - 6 = = = = = 3 3 1     3 4                     
3 - 4 1 5 2 ǁ           2 3         2                     
5 = 8 = 8 = 6 = = = = = = = = = 4     4 4                 
ǁ 2 ǁ   ǁ 1   2 2 1 4 4 3 1 4   5     3                   
3 ǁ ǁ 1 ǁ |     2 | 3 3     4 4   1 2   3   5         4 3 
1 ǁ ǁ | ǁ |     1 |   ǁ 3 4 2 3   4 8 5 1         1       
3 4 ǁ 3 6 5 = 3 - 5 4 4 |           ǁ 4 2   4 = = 5       
ǁ 2 ǁ 1 |       1 - 3 2 |           ǁ 1     1     3       
ǁ | ǁ 3 4 = = = = = 4 4 | 4     4 4 7 - - 4           5 3 
ǁ 4 6 8 4 4 = 4 5 = 3 2 |   4   4   | 2 4   1       1     
ǁ 1 3 5 - 3   2 3   | 1 |   4 3 4   |         2     4     
4 - - - - - 4 = = 6 6 3 |     1     |       4 2 3 3       
2 2 2 = 4 1 | 1 - 3 2 1 |           | 1                   
3 6 - - 6 = 6 = = = = = 7 6 3 3     |                   1 
ǁ 5 3 1 ǁ 1             | | |       |                     
ǁ | 2 1 ǁ |             | | 4 4 2   5 4 5   3     4       
ǁ | 4 - 7 3             | | 4 3     2   4   2 2   |       
ǁ 3   2 | 1             | 5 - 4 5 4 2 3 3         |       
ǁ | 2   | |             | 4 1   2 | 1             |       
ǁ |     | |             | 3 5 4 4 7 2 5 3   5 3   |       
ǁ 5 7 5 4 5             |   4     5 2 3 2     1   |       
ǁ 5 3 | 1 4   2         5                 4 4 |   |       
ǁ 2   | 1 |   3 2 3     4 3 2   1     2 2   3 6 2 |   3 3 
5 = = 5 5 4 - 2 ǁ 2       4           6 3     1   |   2 3 
| 1 2 - - - 5 = 6 2 1 - - 1             4 5 - - - 5       
4 5 7 3 - - 4 2 1 2 = = 4 = = = = = = 5 4 5 2 1   2       
3 5 6 - - - - - - - - - - - - - - - - 5 = = = = = = 3 3 2 
