29 29
2 3 0 0 0 0 3 3 2 1 0 0 0 0 0 0 3 1 0 0 0 0 0 0 3 2 1 1 1 
2 0 0 0 0 0 4 0 0 3 3 3 0 0 0 0 6 2 3 0 3 1 2 0 4 0 0 3 2 
2 0 0 0 1 0 0 0 0 2 2 2 1 0 0 0 0 1 0 1 3 0 0 2 0 1 0 3 1 
2 0 4 0 0 0 4 0 0 0 0 0 0 0 0 0 5 0 4 0 4 3 0 0 0 2 1 0 1 
1 0 0 0 0 0 0 1 2 2 0 0 0 0 0 0 0 0 1 0 2 2 5 4 0 5 3 0 0 
2 0 0 0 0 0 0 0 1 0 0 0 0 0 0 0 0 0 1 0 2 1 4 2 0 2 0 0 0 
0 0 0 0 0 0 0 3 0 4 0 0 0 0 0 0 4 0 0 0 0 0 0 0 4 0 3 5 2 
0 0 0 0 0 0 0 0 1 0 3 4 2 2 2 1 0 1 0 3 0 0 0 0 5 0 2 0 2 
0 0 0 0 0 0 0 0 0 0 0 0 0 0 3 0 0 2 0 4 0 0 0 0 4 0 0 6 5 
0 0 0 0 0 0 0 0 3 3 0 2 4 5 3 0 0 4 1 4 1 0 1 0 0 3 2 0 0 
0 0 0 0 0 0 0 0 2 0 0 1 0 3 2 2 0 4 2 4 3 2 4 2 0 2 0 0 0 
0 0 0 0 0 0 0 0 0 0 3 0 6 0 0 0 5 0 0 0 0 0 0 0 6 0 3 0 0 
0 0 0 0 0 0 0 0 3 2 0 0 0 2 2 3 0 2 2 3 0 4 0 0 0 2 2 0 0 
0 0 0 0 0 0 0 0 0 0 0 0 0 0 2 2 0 0 2 0 0 2 0 0 0 5 4 0 0 
0 0 0 3 2 0 0 0 0 0 0 0 0 0 0 0 0 0 1 0 1 0 0 0 4 4 0 0 0 
0 0 0 0 0 0 0 0 0 0 0 1 0 2 6 2 0 4 0 5 0 0 0 0 3 0 3 1 0 
0 0 0 0 0 0 0 0 0 0 0 0 0 1 0 1 0 4 2 3 0 0 3 2 2 1 0 1 0 
0 0 0 0 1 0 0 0 1 0 0 0 0 4 5 0 4 0 0 0 0 0 0 0 0 0 4 2 0 
0 0 0 0 0 0 0 0 0 0 0 0 0 0 0 1 0 0 0 1 0 0 0 0 3 1 0 4 5 
0 0 0 4 0 0 2 0 1 0 4 4 0 0 0 3 0 1 1 3 0 0 0 0 4 0 2 0 0 
0 0 0 2 2 1 0 0 3 3 2 0 0 3 0 0 0 0 0 0 1 0 0 3 0 2 2 0 0 
0 0 0 2 0 0 0 0 2 0 2 0 0 1 0 0 0 0 0 0 1 1 1 0 0 0 0 3 0 
3 0 5 4 2 2 0 5 0 3 0 0 0 2 6 5 0 2 0 3 3 4 2 0 3 3 0 0 0 
3 4 0 0 5 0 0 5 0 0 3 3 0 0 1 1 0 0 0 0 0 1 0 0 2 2 0 1 2 
0 2 4 3 0 0 0 0 2 1 0 1 0 2 4 0 5 0 0 0 0 0 0 7 0 0 4 2 0 
3 0 2 0 0 0 0 0 3 0 5 4 0 2 2 0 0 0 0 0 0 1 0 0 1 0 0 0 0 
0 0 1 2 0 1 0 3 0 1 4 2 0 3 0 0 4 2 0 0 0 3 1 0 2 0 4 1 0 
3 0 2 2 4 2 1 2 4 0 4 3 7 0 0 0 0 0 0 1 0 0 0 2 0 0 2 0 0 
1 0 0 1 1 1 0 2 2 1 0 1 3 0 0 0 0 0 0 0 0 0 0 0 1 0 0 0 0 
300 16
8 28 8 27
8 28 7 28
8 28 18 28
24 23 24 16
24 23 24 26
24 23 20 23
24 23 27 23
25 24 26 24
26 22 26 21
27 12 27 11
27 12 27 19
27 12 11 12
27 12 28 12
27 12 27 11
27 12 11 12
27 12 28 12

2135

2 3         3 3 2 1             3 1             3 2 1 1 1 
2           4     3 3 3         6 2 3   3 1 2   4     3 2 
2       1         2 2 2 1         1   1 3     2   1   3 1 
2   4       4                   5   4   4 3       2 1   1 
1             1 2 2                 1   2 2 5 4   5 3     
2               1                   1   2 1 4 2   2       
              3   4             4               4   3 5 2 
                1   3 4 2 2 2 1   1   3         5   2   2 
                            3     2   4         4     6 5 
                3 3   2 4 5 3     4 1 4 1   1     3 2   | 
                2     1   3 2 2   4 2 4 3 2 4 2   2     | 
                    3   6       5               6   3   | 
                3 2     ǁ 2 2 3   2 2 3   4       2 2   | 
                        ǁ   2 2     2     2       5 4   | 
      3 2               ǁ           1   1       4 4     | 
                      1 ǁ 2 6 2   4   5         3   3 1 | 
                        ǁ 1   1   4 2 3     3 2 2 1   1 | 
        1       1       ǁ 4 5   4                   4 2 | 
                        ǁ     1       1         3 1   4 5 
      4     2   1   4 4 ǁ     3   1 1 3         4   2     
      2 2 1     3 3 2   ǁ 3             1     3   2 2     
      2         2   2   ǁ 1             1 1 1 |       3   
3   5 4 2 2   5   3     ǁ 2 6 5   2   3 3 4 2 | 3 3       
3 4     5     5     3 3 ǁ   1 1           1   | 2 2   1 2 
  2 4 3         2 1   1 ǁ 2 4   5 - - - - - - 7 - - 4 2   
3   2           3   5 4 ǁ 2 2             1   | 1         
    1 2   1   3   1 4 2 ǁ 3     4 2       3 1 | 2   4 1   
3   2 2 4 2 1 2 4   4 3 7 - - - - - - 1       2     2     
1     1 1 1   2 2 1   1 3                       1         
