29 29
1 2 1 0 3 0 0 0 0 0 0 0 0 0 0 0 5 0 4 4 3 0 0 0 0 0 0 3 1 
2 5 2 1 3 5 3 0 3 0 3 0 0 0 0 0 7 0 0 0 0 0 0 0 0 0 0 8 4 
2 0 2 4 0 3 2 2 3 0 0 0 0 0 4 1 0 2 3 1 0 0 0 0 0 0 1 0 1 
0 0 1 3 1 0 0 2 2 0 0 0 0 0 0 2 0 0 0 0 0 0 0 0 0 0 0 0 1 
5 6 0 0 0 6 8 0 0 0 0 0 0 0 8 5 0 3 6 0 0 0 0 0 0 0 5 0 0 
2 0 2 4 1 0 0 3 5 2 3 0 3 4 7 4 0 3 0 0 0 0 0 0 0 0 0 4 3 
1 0 3 8 5 0 0 0 2 0 3 1 0 0 4 0 0 4 3 1 0 0 0 0 0 0 0 2 1 
1 0 3 0 0 0 6 6 0 0 0 0 2 0 3 0 0 0 0 0 0 0 0 0 0 0 0 3 3 
0 0 4 0 4 0 0 0 1 1 2 0 0 4 0 3 0 2 2 6 0 0 0 0 0 0 6 0 0 
0 0 0 0 2 0 0 0 0 0 2 0 0 4 1 1 0 3 1 0 2 0 0 3 0 0 0 0 0 
4 6 6 6 3 0 3 5 4 0 0 0 0 5 3 0 0 2 0 6 0 0 3 5 2 0 0 3 0 
3 3 0 1 1 0 1 2 0 0 0 0 0 0 1 0 0 1 0 4 0 0 0 2 0 0 0 0 0 
2 0 8 0 0 6 0 0 0 0 0 0 0 0 0 0 5 0 0 0 0 0 0 0 0 0 7 7 4 
3 4 0 3 3 0 2 4 0 0 0 0 0 0 0 0 0 0 0 0 0 0 0 0 0 3 0 0 2 
0 3 0 3 3 0 0 0 0 0 0 1 1 3 0 0 5 2 2 0 0 3 0 0 0 0 0 0 4 
0 2 0 0 0 0 1 0 1 0 0 0 0 3 4 0 0 0 1 1 0 6 0 2 0 0 1 0 0 
0 0 0 0 0 0 1 0 0 0 0 0 2 4 5 2 0 0 0 0 0 0 2 0 4 0 3 5 4 
4 5 7 6 3 0 2 0 0 0 0 0 1 0 0 0 0 0 0 0 0 0 3 2 0 0 1 4 2 
0 1 0 4 1 0 0 0 4 0 0 5 0 5 0 0 4 0 0 0 0 4 4 2 0 0 3 6 2 
0 1 0 4 2 0 0 0 2 0 0 3 1 0 1 0 3 0 0 0 0 0 4 4 3 0 2 0 2 
0 5 7 3 4 0 3 6 0 0 0 0 0 5 0 0 0 0 0 1 0 0 0 2 2 0 2 0 0 
0 2 4 2 2 0 2 5 4 0 3 1 0 3 0 0 0 0 0 0 0 0 4 4 3 0 1 0 0 
4 0 0 0 0 6 0 0 0 0 0 0 0 0 0 0 0 0 0 0 0 0 0 0 0 8 0 5 4 
5 0 0 4 3 0 2 0 0 0 0 5 1 2 3 3 0 0 0 0 0 0 2 1 0 0 1 0 0 
0 3 0 2 3 6 0 0 0 0 0 7 0 5 4 4 0 0 0 0 0 0 0 0 0 7 4 3 0 
2 4 0 0 0 0 0 0 0 0 0 4 0 0 0 0 0 0 0 0 0 0 3 2 0 0 3 0 0 
0 0 0 0 0 1 0 0 0 0 0 0 1 0 3 0 0 0 0 0 0 0 0 0 0 6 4 0 0 
0 3 0 2 0 5 0 0 0 0 0 5 0 0 0 0 0 0 0 0 0 0 0 0 0 3 3 3 4 
0 2 0 0 0 2 0 1 0 0 0 2 0 0 0 2 1 0 2 0 0 0 0 0 0 0 5 3 2 
300 353
0 16 0 4
0 16 0 18
0 16 1 16
1 5 1 4
1 5 1 6
1 5 2 5
1 27 1 16
1 27 1 28
1 27 0 27
1 27 5 27
1 27 1 16
1 27 1 28
1 27 0 27
1 27 5 27
1 28 0 28
1 28 2 28
3 28 5 28
4 0 4 1
4 0 2 0
4 0 5 0
4 6 4 5
4 6 4 14
4 6 2 6
4 6 7 6
4 6 4 5
4 6 4 14
4 6 2 6
4 6 7 6
4 14 4 15
4 14 2 14
4 14 5 14
4 26 4 18
4 26 2 26
4 26 8 26
5 8 5 7
5 8 5 9
5 8 6 8
5 27 5 28
5 27 6 27
5 28 6 28
6 3 6 2
6 3 6 4
6 3 5 3
6 3 10 3
6 3 6 2
6 3 6 4
6 3 5 3
6 3 10 3
6 27 7 27
7 6 7 7
7 6 10 6
7 6 7 7
7 6 10 6
7 7 7 12
7 7 5 7
7 7 10 7
7 7 7 12
8 2 7 2
8 2 10 2
8 2 7 2
8 2 10 2
8 4 6 4
8 4 9 4
8 4 6 4
8 4 9 4
8 26 8 19
8 26 4 26
8 26 12 26
10 2 10 1
10 2 10 3
10 2 12 2
10 2 10 1
10 3 10 4
10 3 11 3
10 3 10 4
12 26 12 16
12 26 12 27
12 26 8 26
12 26 15 26
14 28 13 28
14 28 16 28
14 28 13 28
14 28 16 28
16 28 16 27
16 28 17 28
17 2 17 1
17 2 17 3
17 2 12 2
17 2 20 2
20 1 20 2
20 1 19 1
20 1 21 1
22 25 22 5
22 25 22 27
22 25 13 25
22 25 24 25
22 25 22 5
22 25 22 27
22 25 13 25
22 25 24 25
23 0 23 3
23 0 22 0
23 0 25 0
23 11 23 6
23 11 23 12
23 11 24 11
23 26 24 26
24 13 24 11
24 13 24 14
24 13 23 13
24 25 24 15
24 25 24 26
24 25 26 25
25 23 25 22
28 26 28 18
28 26 28 27
28 26 27 26
0 18 0 16
0 18 0 19
0 18 0 19
0 19 0 20
0 20 0 19
0 20 0 27
2 19 2 18
4 5 4 1
4 5 2 5
4 5 12 5
4 5 4 1
4 14 4 15
4 14 2 14
4 14 5 14
4 26 4 18
5 3 5 2
5 3 5 4
5 7 5 8
5 14 5 13
5 14 5 15
5 14 6 14
8 26 8 19
10 1 10 0
10 1 4 1
10 1 11 1
10 1 10 0
10 4 11 4
10 24 10 23
12 2 12 0
12 2 12 5
12 2 17 2
12 2 12 0
12 2 12 5
12 26 12 16
12 26 12 27
12 27 12 28
12 27 10 27
12 27 16 27
12 28 12 27
12 28 7 28
12 28 12 27
13 1 13 0
13 1 14 1
13 1 13 0
13 1 14 1
13 25 13 7
14 1 15 1
14 16 14 13
14 16 14 17
14 16 18 16
15 1 17 1
15 14 15 13
15 14 16 14
15 14 15 13
15 14 16 14
16 15 16 14
16 24 16 22
16 24 19 24
16 24 16 22
16 24 19 24
18 1 17 1
20 1 20 2
20 1 21 1
21 2 21 3
21 2 20 2
21 2 21 3
21 2 20 2
21 7 21 6
21 7 21 8
21 7 20 7
21 26 20 26
22 5 22 0
22 5 12 5
22 5 24 5
22 5 22 0
23 6 23 11
23 11 24 11
23 23 23 22
24 5 24 4
24 5 24 11
24 5 26 5
25 23 25 22
26 12 26 14
27 5 27 3
27 5 27 11
27 5 28 5
2 14 2 8
2 14 2 15
3 15 4 15
4 18 4 17
4 18 2 18
4 18 6 18
4 18 4 17
5 2 6 2
7 28 7 27
7 28 7 27
8 19 8 18
8 19 6 19
8 19 10 19
8 19 8 18
9 18 9 17
9 20 9 23
10 0 7 0
10 0 11 0
10 13 10 8
10 13 10 14
10 13 9 13
10 19 10 17
10 19 10 22
10 19 11 19
10 19 10 17
10 19 10 22
10 22 10 23
10 24 10 23
11 0 11 1
11 0 11 1
11 19 11 17
11 19 11 23
11 19 11 23
12 5 12 16
12 5 12 16
12 16 1 16
13 0 17 0
13 7 13 6
13 7 20 7
13 7 13 6
15 6 16 6
15 23 15 21
16 15 16 14
17 0 17 1
17 0 22 0
17 0 17 1
17 2 17 3
17 2 20 2
17 3 17 4
17 3 14 3
17 3 18 3
17 3 17 4
17 6 20 6
18 3 18 4
18 3 19 3
18 3 19 3
19 3 19 4
19 3 20 3
19 4 20 4
20 2 20 3
20 3 20 4
20 4 21 4
20 7 20 6
20 7 20 13
20 7 21 7
20 7 20 6
20 26 19 26
21 4 20 4
21 6 21 7
21 8 21 10
23 0 23 3
23 0 25 0
23 3 23 4
23 3 24 3
23 4 24 4
23 22 23 15
24 5 24 4
24 5 24 11
25 1 24 1
25 1 27 1
25 1 24 1
25 1 27 1
25 22 25 11
26 14 26 25
28 1 28 5
28 1 27 1
28 7 28 11
28 15 28 11
28 15 28 16
28 18 28 26
1 16 1 10
1 16 0 16
1 16 1 10
2 17 2 18
2 17 4 17
3 15 4 15
4 15 5 15
5 15 5 14
5 15 8 15
5 17 6 17
6 0 5 0
6 18 6 17
6 18 6 17
9 17 8 17
9 20 9 23
9 23 10 23
15 23 15 21
17 4 14 4
21 8 21 10
21 10 21 11
24 1 24 3
25 11 24 11
25 11 27 11
25 11 24 11
26 14 26 25
26 25 26 26
26 25 24 25
26 25 27 25
26 26 25 26
26 26 27 26
26 26 25 26
27 3 27 5
27 5 27 11
27 11 27 25
27 11 27 25
1 10 1 8
4 0 4 1
4 0 2 0
4 1 1 1
5 17 6 17
8 17 9 17
15 21 15 19
15 21 14 21
15 21 18 21
15 21 14 21
18 21 18 16
18 21 18 22
18 21 18 16
24 13 24 14
24 13 23 13
24 14 24 15
24 14 23 14
24 15 24 25
24 15 23 15
24 26 24 27
24 26 25 26
14 21 14 18
15 18 14 18
23 14 23 15
14 17 14 16

3363

1 2 1   3 - - - - - - - - - - - 5 = 4 4 3 - - - - - - 3 1 
2 5 2 1 3 5 3   3 - 3 = = = = = 7 = = = = = = = = = = 8 4 
2 | 2 4   3 2 2 3 - - - - - 4 1 | 2 3 1             1 ǁ 1 
ǁ | 1 3 1 | ǁ 2 2           ǁ 2 | | |               | ǁ 1 
5 6 = = = 6 8 = = = = = = = 8 5 | 3 6 = = = = = = = 5 ǁ | 
2 | 2 4 1 | ǁ 3 5 2 3   3 4 7 4 | 3 |               ǁ 4 3 
1 | 3 8 5 | ǁ | 2   3 1     4 | | 4 3 1             ǁ 2 1 
1 | 3 ǁ ǁ | 6 6 = = = = 2   3 | |     |             ǁ 3 3 
| | 4 ǁ 4 | ǁ | 1 1 2     4   3 | 2 2 6 = = = = = = 6   | 
| | ǁ ǁ 2 | ǁ |     2     4 1 1 | 3 1 | 2 = = 3     ǁ   | 
4 6 6 6 3 | 3 5 4 - - - - 5 3   | 2 = 6 = = 3 5 2   ǁ 3 | 
3 3 | 1 1 | 1 2             1   | 1 - 4 = = = 2     ǁ | | 
2 = 8 = = 6 = = = = = = = = = = 5 = = = = = = = = = 7 7 4 
3 4 ǁ 3 3 | 2 4 - - - - - - - - - - - - - - - - - 3 | | 2 
| 3 ǁ 3 3 |   |       1 1 3 - - 5 2 2 - - 3       ǁ | | 4 
| 2 ǁ | | | 1 | 1         3 4   |   1 1 - 6 = 2   ǁ 1 | ǁ 
| | ǁ | | | 1 |         2 4 5 2 |         | 2 = 4 ǁ 3 5 4 
4 5 7 6 3 | 2 |         1       |         | 3 2 ǁ ǁ 1 4 2 
| 1 ǁ 4 1 | | | 4     5   5     4 = = = = 4 4 2 ǁ ǁ 3 6 2 
| 1 ǁ 4 2 | | | 2     3 1   1   3           4 4 3 ǁ 2   2 
| 5 7 3 4 | 3 6 - - - - - 5           1       2 2 ǁ 2     
| 2 4 2 2 | 2 5 4 = 3 1   3                 4 4 3 ǁ 1     
4 = = = = 6 = = = = = = = = = = = = = = = = = = = 8 = 5 4 
5 = = 4 3 | 2 = = = = 5 1 2 3 3 - - - - - - 2 1   ǁ 1     
ǁ 3 - 2 3 6 = = = = = 7 - 5 4 4 = = = = = = = = = 7 4 3   
2 4       |           4 - - - - - - - - - - 3 2   ǁ 3     
  ǁ       1           | 1 - 3 = = = = = = = = = = 6 4     
  3   2 = 5 = = = = = 5 = = = = = = = = = = = = = 3 3 3 4 
  2 - - - 2   1 - - - 2 - - - 2 1   2 = = = = = = = 5 3 2 
