29 29
2 6 0 5 0 0 0 0 0 0 0 0 0 0 0 0 0 0 0 0 0 4 0 1 1 0 0 4 1 
1 3 1 0 1 3 0 0 0 0 0 0 0 0 0 0 0 0 4 3 2 0 1 1 0 0 0 5 1 
2 0 0 4 0 0 0 0 0 0 0 0 0 0 0 0 0 0 5 4 1 0 0 2 2 1 0 0 2 
1 3 2 0 0 1 0 2 1 0 0 0 3 0 0 5 1 1 0 3 2 0 0 0 0 0 0 0 0 
0 2 0 5 0 0 0 5 0 0 0 0 0 2 1 0 1 0 0 3 2 0 0 2 0 0 0 3 4 
4 4 2 0 1 0 0 6 0 0 0 0 0 0 0 5 2 2 4 5 1 0 3 4 0 1 0 0 0 
0 1 0 4 0 1 2 5 0 0 0 0 0 0 2 1 0 0 2 2 2 0 3 5 0 0 0 3 0 
5 0 0 0 0 0 0 0 0 0 0 0 0 0 0 0 0 0 0 3 4 0 1 0 2 3 1 0 0 
0 0 2 0 6 0 0 0 0 0 0 0 0 0 0 0 0 0 4 0 2 0 2 6 0 4 2 0 0 
0 1 2 0 3 1 0 0 0 0 0 0 0 0 0 0 0 0 3 2 1 0 1 4 1 2 1 0 0 
4 0 0 0 0 0 0 0 0 0 0 0 0 0 0 0 0 0 0 0 0 4 0 0 0 0 0 5 4 
0 2 0 0 0 0 0 0 0 0 0 0 0 0 0 0 0 0 3 4 1 0 2 0 4 3 1 0 2 
0 3 3 4 0 0 3 0 0 0 0 0 0 0 0 1 1 0 2 2 0 0 4 3 0 2 0 1 0 
1 0 1 2 0 0 0 0 0 0 0 0 0 0 0 0 0 0 0 2 1 0 1 1 0 1 0 1 0 
1 5 0 0 0 0 0 0 0 0 0 0 0 0 0 0 0 0 0 0 0 4 0 0 5 0 5 5 5 
2 5 0 0 0 0 0 0 0 0 0 0 0 0 0 0 0 0 4 3 2 0 2 0 5 2 0 0 1 
0 0 2 0 0 0 0 0 0 3 0 0 0 0 0 0 1 0 0 0 1 0 2 2 4 3 0 2 2 
0 0 2 0 0 0 1 0 0 0 0 1 0 0 1 0 2 0 0 3 1 0 1 1 1 1 0 1 1 
0 4 0 0 0 0 0 0 0 5 0 2 0 1 0 0 4 1 0 0 1 0 5 0 0 0 5 4 2 
0 0 2 1 1 0 0 4 2 0 1 2 0 0 0 0 0 0 0 0 2 0 0 0 0 0 0 0 2 
0 0 0 2 0 3 1 0 2 0 0 0 0 0 0 0 0 0 0 0 0 0 0 0 0 0 0 0 0 
0 3 5 0 0 4 0 4 5 5 0 3 0 1 0 0 0 0 0 0 0 0 0 0 0 0 0 1 4 
0 0 3 1 2 5 2 0 2 0 0 1 0 0 0 0 0 0 0 2 3 0 0 0 0 0 0 1 0 
0 0 2 0 0 0 0 4 1 3 2 2 0 0 1 0 3 0 5 3 1 0 4 0 1 1 2 0 0 
3 0 0 1 0 0 0 0 0 0 0 0 1 0 0 0 0 0 2 4 2 0 2 1 1 0 3 0 0 
2 0 1 4 0 0 0 6 0 0 0 0 0 0 0 0 0 0 0 0 0 4 0 0 0 0 5 2 0 
0 0 1 0 0 0 0 0 1 1 2 0 0 0 0 0 0 0 0 0 0 0 2 4 2 1 0 2 0 
2 5 4 3 2 1 0 5 5 2 4 0 0 0 0 0 0 0 0 0 0 4 2 3 0 0 4 5 2 
1 1 3 3 2 1 0 1 3 1 2 2 0 0 0 1 0 1 0 0 0 2 1 1 2 0 3 2 1 
300 41
0 1 0 0
0 1 0 3
0 1 1 1
0 1 0 0
0 1 0 3
0 1 1 1
0 27 0 24
0 27 0 28
0 27 1 27
0 27 1 27
3 15 3 12
3 15 3 16
3 15 5 15
7 0 7 19
7 0 5 0
7 0 10 0
8 4 8 2
8 4 8 18
8 4 9 4
8 4 8 2
8 4 8 18
8 4 9 4
8 18 8 20
8 18 9 18
14 28 14 27
14 28 11 28
14 28 15 28
3 15 3 12
3 15 5 15
6 7 6 6
6 7 6 14
6 7 5 7
14 28 14 27
14 28 11 28
3 12 3 8
10 28 10 27
10 28 4 28
10 28 10 27
10 28 4 28
4 28 4 27
4 28 2 28

2839

2 6 = 5                                   4   1 1 - - 4 1 
1 3 1   1 3                         4 3 2   1 1       5 1 
2     4                             5 4 1     2 2 1     2 
1 3 2     1   2 1 - - - 3 = = 5 1 1   3 2               | 
  2   5       5           2 1 ǁ 1     3 2     2       3 4 
4 4 2   1     6               5 2 2 4 5 1   3 4   1     ǁ 
| 1   4   1 2 5 - - - - - - 2 1     2 2 2   3 5       3 ǁ 
5 - - - - - - - - - - - - - - - - - - 3 4   1   2 3 1   ǁ 
|   2 = 6 = = = = = = = = = = = = = 4 - 2   2 6   4 2   ǁ 
| 1 2   3 1                         3 2 1   1 4 1 2 1   ǁ 
4                                         4           5 4 
  2                                 3 4 1   2   4 3 1   2 
  3 3 4     3                 1 1   2 2     4 3   2   1 ǁ 
1   1 2                               2 1   1 1   1   1 ǁ 
1 5                                       4     5   5 5 5 
2 5                                 4 3 2   2   5 2     1 
    2             3             1       1   2 2 4 3   2 2 
    2       1         1     1   2     3 1   1 1 1 1   1 1 
  4               5   2   1     4 1     1   5       5 4 2 
    2 1 1     4 2   1 2                 2               2 
      2   3 1   2                                         
  3 5     4   4 5 5   3   1                           1 4 
    3 1 2 5 2   2     1               2 3             1   
    2         4 1 3 2 2     1   3   5 3 1   4   1 1 2     
3     1                 1           2 4 2   2 1 1   3     
2   1 4       6                           4         5 2   
    1           1 1 2                       2 4 2 1   2   
2 5 4 3 2 1   5 5 2 4                     4 2 3     4 5 2 
1 1 3 3 2 1   1 3 1 2 2       1   1       2 1 1 2   3 2 1 
