29 29
2 0 4 0 0 0 0 4 1 2 2 0 4 4 0 0 0 0 0 3 2 1 0 2 2 3 4 3 2 
3 2 0 0 0 0 0 2 0 3 3 1 0 2 2 2 3 0 4 0 4 0 0 6 3 0 3 1 0 
2 0 5 0 0 0 0 0 5 0 0 0 7 0 0 3 4 5 5 0 4 5 4 0 2 0 4 5 4 
0 0 0 2 3 3 0 0 5 3 3 0 7 3 2 2 3 0 0 0 2 3 3 0 0 0 0 0 2 
0 0 0 0 4 6 3 0 2 2 2 2 4 0 0 0 0 4 2 0 0 0 0 0 0 0 0 0 1 
0 0 0 4 0 0 0 0 0 0 0 0 0 0 0 0 0 0 0 6 0 0 0 6 4 0 0 0 1 
0 0 0 0 0 0 1 0 0 0 0 0 0 0 0 0 0 0 0 0 2 3 0 0 0 0 0 0 0 
0 1 0 4 0 0 4 0 0 0 0 0 0 0 0 0 0 2 0 0 3 5 0 4 0 0 0 3 2 
0 0 0 2 0 0 0 0 0 0 0 0 0 0 0 0 0 0 0 0 6 6 2 3 3 0 0 0 2 
0 0 0 0 0 0 0 0 0 0 0 0 0 0 0 0 0 0 0 0 4 5 3 4 3 0 0 0 0 
0 0 6 0 0 0 0 0 0 0 0 0 0 0 0 0 0 0 0 7 0 0 0 0 0 7 5 6 6 
0 0 5 0 0 2 1 0 0 0 0 0 0 3 2 4 0 5 2 0 1 2 0 1 0 0 0 0 2 
0 0 0 1 0 0 0 0 0 0 0 0 0 7 0 0 0 6 4 0 2 3 2 3 3 0 0 0 2 
0 4 4 0 0 0 0 0 0 0 0 0 3 4 0 4 3 0 3 0 0 0 0 0 0 0 0 0 0 
0 3 5 0 0 0 0 0 0 0 4 2 6 4 2 3 4 0 1 0 3 0 4 4 3 0 0 3 3 
0 2 4 3 0 3 0 0 0 0 5 1 3 3 0 0 2 0 0 0 0 2 0 4 0 0 0 2 3 
0 4 0 0 0 0 0 0 0 0 0 0 0 0 0 6 4 0 0 0 3 3 0 5 5 0 2 0 0 
0 4 1 2 0 0 0 0 5 0 0 0 0 4 3 0 3 0 0 0 2 0 0 0 3 0 0 0 0 
0 2 0 0 3 2 2 0 6 0 2 1 2 0 2 0 2 0 0 0 4 0 4 0 3 0 0 0 0 
3 0 0 0 0 0 0 0 0 0 0 0 4 0 1 0 0 0 0 0 2 1 0 0 0 1 0 0 0 
4 0 0 0 2 0 0 0 0 3 0 0 6 5 0 7 0 7 0 7 0 0 6 3 0 0 0 0 0 
4 1 1 0 0 0 4 0 0 0 0 0 4 0 2 0 0 0 2 0 0 0 0 1 0 0 0 2 4 
3 0 0 0 4 1 4 0 0 1 0 0 0 0 0 0 0 0 4 0 3 0 4 2 4 0 4 0 0 
0 1 0 0 0 1 5 0 0 0 2 0 0 0 0 0 0 0 0 0 3 2 5 0 0 4 3 0 0 
0 0 0 0 0 4 3 0 0 0 0 0 0 6 4 0 0 0 0 0 1 1 2 2 0 4 3 0 0 
0 0 0 0 0 2 0 0 0 0 0 0 0 4 0 6 2 0 5 6 0 0 0 0 0 0 0 5 4 
3 5 2 0 0 0 0 0 0 0 0 0 0 2 0 5 3 0 0 5 0 0 3 3 2 0 2 0 2 
3 0 0 0 6 0 5 0 0 0 0 0 7 0 0 0 0 5 3 5 0 0 0 0 0 0 6 3 4 
3 0 3 0 3 2 2 1 0 0 0 0 5 0 0 3 3 5 3 3 0 2 2 0 0 0 6 4 2 
300 352
2 12 2 8
2 12 2 15
2 12 0 12
2 12 3 12
2 17 2 16
2 17 2 18
2 17 4 17
10 2 10 19
10 2 2 2
10 2 11 2
10 2 10 19
10 2 2 2
10 2 11 2
10 19 10 25
10 19 5 19
10 19 20 19
10 25 10 19
10 25 10 26
10 25 0 25
10 25 19 25
10 28 10 27
10 28 8 28
10 28 11 28
10 28 10 27
10 28 8 28
10 28 11 28
11 17 11 15
11 17 11 18
11 17 12 17
12 13 12 3
12 13 12 17
12 13 11 13
12 13 13 13
12 28 14 28
16 24 16 23
16 24 14 24
16 24 17 24
17 8 17 3
17 8 17 13
17 8 18 8
18 8 18 6
18 8 18 10
18 8 17 8
18 8 18 6
18 8 18 10
18 11 18 12
20 15 20 13
20 15 20 17
20 15 16 15
20 15 25 15
23 10 23 6
24 14 24 13
24 14 21 14
24 14 24 13
24 14 21 14
26 1 26 0
26 1 26 2
26 1 23 1
27 12 27 6
27 12 27 17
27 12 21 12
27 12 28 12
28 12 28 7
28 12 28 15
28 12 27 12
28 17 28 16
28 17 28 18
28 17 27 17
28 26 28 22
28 26 28 27
28 26 27 26
28 26 28 22
28 26 28 27
28 26 27 26
28 27 28 28
28 27 27 27
28 28 27 28
1 11 1 10
4 4 4 5
4 4 3 4
4 4 4 5
4 4 3 4
4 5 4 6
4 5 3 5
4 5 4 6
4 5 3 5
8 3 7 3
8 20 8 21
8 20 7 20
8 20 9 20
8 20 8 21
8 20 7 20
8 20 9 20
8 21 8 22
8 21 7 21
8 21 9 21
8 21 8 22
9 20 9 21
10 25 10 26
10 25 0 25
10 27 10 26
10 27 7 27
10 27 14 27
10 27 10 26
11 15 11 14
11 15 11 17
11 15 11 14
12 13 12 17
12 13 11 13
12 13 13 13
12 17 12 18
12 17 11 17
12 17 20 17
12 18 11 18
12 18 13 18
12 18 13 18
12 28 14 28
13 18 14 18
15 10 15 5
15 10 15 11
15 10 14 10
18 16 17 16
20 17 20 15
20 17 20 19
20 17 27 17
23 10 23 6
24 13 20 13
24 13 25 13
24 13 20 13
24 13 25 13
25 13 25 15
25 13 26 13
25 15 25 16
25 15 20 15
25 15 26 15
25 15 25 16
25 18 25 19
25 18 22 18
25 18 27 18
26 1 26 0
26 1 26 2
26 13 26 15
26 15 26 16
26 16 26 15
26 19 26 22
26 19 25 19
26 19 27 19
27 26 27 19
27 26 27 27
27 26 26 26
27 26 27 19
27 28 27 27
27 28 26 28
27 28 26 28
28 12 28 15
28 15 28 16
28 16 28 17
28 21 28 19
8 3 7 3
9 20 9 21
9 21 9 22
11 13 11 6
18 16 17 16
20 17 20 19
20 17 27 17
25 27 25 19
25 27 25 28
25 27 21 27
25 28 25 27
25 28 21 28
25 28 25 27
26 15 26 16
26 26 26 24
28 21 28 19
7 3 7 6
7 3 5 3
7 6 7 17
7 6 6 6
7 6 7 17
9 21 9 22
9 22 9 23
9 23 9 24
9 23 8 23
9 23 9 24
9 24 8 24
11 5 11 2
17 16 16 16
21 28 21 27
21 28 15 28
21 28 15 28
25 19 25 18
25 19 20 19
25 19 26 19
26 24 26 23
4 6 4 8
5 3 5 19
5 3 3 3
5 3 5 19
5 19 5 23
5 19 0 19
5 19 10 19
5 23 5 24
5 23 1 23
5 23 7 23
5 23 5 24
5 23 1 23
5 24 2 24
5 24 8 24
7 23 7 21
7 23 8 23
7 23 7 21
8 23 8 24
11 5 11 2
16 16 16 15
16 16 15 16
16 16 16 15
20 19 20 22
21 18 22 18
22 18 21 18
22 18 25 18
26 23 26 22
1 18 1 16
1 18 2 18
1 18 1 16
1 18 2 18
1 23 1 20
1 23 1 24
1 23 0 23
1 23 1 20
2 21 2 20
2 21 2 22
2 21 3 21
2 22 2 21
2 22 3 22
2 22 2 21
2 24 1 24
3 3 3 4
3 5 3 8
3 22 3 21
11 2 13 2
16 15 16 1
16 15 14 15
16 15 20 15
20 19 20 22
20 22 20 23
20 22 18 22
20 22 22 22
20 22 20 23
26 23 26 22
1 20 0 20
1 20 2 20
1 24 0 24
2 20 3 20
3 22 3 21
15 16 14 16
16 1 15 1
16 1 17 1
16 1 15 1
17 1 17 2
17 1 18 1
17 1 18 1
17 3 17 8
17 13 17 14
17 13 20 13
17 13 17 14
17 14 18 14
18 12 19 12
18 14 19 14
19 12 19 0
19 12 20 12
19 12 19 0
20 12 20 9
20 12 20 13
20 12 21 12
20 12 20 9
20 12 21 12
21 12 21 6
22 9 22 6
26 19 27 19
27 12 27 6
27 12 27 17
28 17 28 18
2 20 3 20
14 16 14 15
14 16 13 16
14 16 14 15
15 2 15 3
15 2 14 2
15 2 15 3
15 2 14 2
15 3 15 5
15 5 15 10
15 10 14 10
18 4 18 5
18 5 18 4
20 9 20 4
21 6 21 2
21 6 22 6
21 6 22 6
22 6 22 5
23 6 23 5
23 6 24 6
23 6 24 6
24 5 24 6
24 5 25 5
24 5 25 5
27 18 27 19
27 18 28 18
13 15 13 13
13 15 13 16
13 15 13 13
13 15 13 16
14 10 14 2
14 10 14 11
14 11 14 12
14 12 14 13
14 12 13 12
14 12 15 12
14 12 14 13
14 12 13 12
14 13 14 14
14 13 15 13
15 12 15 13
15 13 15 12
20 4 20 0
21 1 21 0
22 4 22 0
22 4 27 4
22 4 22 0
22 4 27 4
27 4 27 0
27 4 27 6
27 4 28 4
27 4 27 0
27 6 28 6
27 6 28 6
28 5 28 4
28 5 28 4
13 12 13 2
20 0 19 0
20 0 21 0
20 0 21 0
21 0 22 0
26 0 27 0
28 0 28 2
28 2 28 0
13 2 13 1
13 2 14 2
14 2 14 1
13 1 7 1
13 1 14 1
13 1 14 1

5668

2   4         4 1 2 2   4 4           3 2 1   2 2 3 4 3 2 
3 2           2   3 3 1 | 2 2 2 3 = 4 | 4 = = 6 3 ǁ 3 1   
2   5           5 - - - 7 - - 3 4 5 5 | 4 5 4 ǁ 2 ǁ 4 5 4 
    ǁ 2 3 3 - - 5 3 3   7 3 2 2 3 |   | 2 3 3 ǁ | ǁ     2 
    ǁ | 4 6 3 - 2 2 2 2 4         4 2 |       ǁ | ǁ     1 
    ǁ 4 = = = = = = = = = = = = = = = 6 - - - 6 4 ǁ     1 
    ǁ |     1                         ǁ 2 3   | | ǁ       
  1 ǁ 4 - - 4 = = = = = = = = = = 2   ǁ 3 5 = 4 | ǁ   3 2 
  | ǁ 2                               ǁ 6 6 2 3 3 ǁ   | 2 
  | ǁ                                 ǁ 4 5 3 4 3 ǁ   | ǁ 
  | 6 = = = = = = = = = = = = = = = = 7 = = = = = 7 5 6 6 
  | 5 = = 2 1 - - - - - - 3 2 4 = 5 2 | 1 2   1   |   | 2 
  | | 1 - - - - - - - - - 7 = = = 6 4 | 2 3 2 3 3 |   | 2 
  4 4 - - - - - - - - - 3 4 = 4 3 | 3 |           |   | ǁ 
  3 5 - - - - - - - 4 2 6 4 2 3 4 | 1 | 3   4 4 3 |   3 3 
  2 4 3 - 3 = = = = 5 1 3 3   | 2 |   |   2   4 | |   2 3 
  4 - - - - - - - - - - - - - 6 4 |   | 3 3   5 5 | 2   ǁ 
  4 1 2 = = = = 5 - - - - 4 3 ǁ 3 |   | 2       3 |     ǁ 
  2     3 2 2 = 6 = 2 1 2 | 2 ǁ 2 |   | 4   4   3 |     ǁ 
3 = = = = = = = = = = = 4 | 1 ǁ   |   | 2 1 |     1     ǁ 
4 - - - 2 - - - - 3 = = 6 5 - 7 = 7 = 7 = = 6 3         ǁ 
4 1 1 - - - 4 - - - - - 4 ǁ 2 ǁ   ǁ 2 |     | 1       2 4 
3 = = = 4 1 4 - - 1     | ǁ ǁ ǁ   ǁ 4 | 3   4 2 4   4 | | 
  1     ǁ 1 5 = = = 2   | ǁ ǁ ǁ   ǁ ǁ | 3 2 5     4 3 | | 
  |     ǁ 4 3           | 6 4 ǁ   ǁ ǁ | 1 1 2 2   4 3 | | 
  |     ǁ 2             | 4 - 6 2 ǁ 5 6 - - - - - - - 5 4 
3 5 2   ǁ               | 2 - 5 3 ǁ | 5 - - 3 3 2 - 2   2 
3 = = = 6 - 5 = = = = = 7 = = = = 5 3 5 = = = = = = 6 3 4 
3 = 3   3 2 2 1 - - - - 5 = = 3 3 5 3 3 = 2 2 = = = 6 4 2 
