29 29
2 5 3 3 0 0 2 0 0 0 1 3 5 0 0 0 0 0 0 0 0 0 0 0 0 2 1 1 1 
3 0 0 3 4 0 0 0 0 0 0 1 0 2 3 0 4 4 0 0 0 0 3 0 4 5 4 4 5 
0 4 0 0 0 1 0 2 0 0 5 2 0 3 4 2 0 5 1 1 0 0 0 0 4 4 0 1 3 
3 0 4 0 7 0 0 0 4 1 0 1 0 3 0 1 0 3 0 0 0 0 0 0 2 1 0 0 0 
0 0 3 3 0 2 3 3 0 2 0 0 0 4 6 3 0 4 0 5 0 0 5 3 0 0 6 6 5 
0 0 3 3 0 1 0 2 0 3 0 0 0 1 0 3 0 2 0 2 0 0 0 2 1 0 0 3 3 
0 0 4 0 6 0 5 1 3 0 0 0 0 4 7 5 4 0 0 0 0 0 5 0 0 0 6 5 2 
0 0 1 0 0 0 3 1 4 3 0 0 0 2 0 1 4 0 0 0 4 2 0 1 4 2 0 4 2 
0 0 3 0 5 0 0 0 0 0 6 0 6 0 6 0 0 0 0 0 2 0 0 3 6 3 4 5 2 
4 7 0 0 0 3 0 0 0 0 4 0 4 2 0 0 0 2 0 0 4 1 0 1 0 4 3 0 0 
0 0 3 0 4 0 0 0 0 0 4 0 0 0 5 0 0 0 0 0 0 0 5 0 7 0 0 7 6 
0 0 2 0 0 0 0 0 1 0 0 2 3 1 0 3 0 0 0 0 0 0 6 2 3 3 1 0 3 
0 0 0 0 0 0 0 0 0 1 0 0 0 0 0 0 2 4 0 0 1 1 3 0 1 0 2 0 3 
0 0 4 3 0 0 1 0 4 0 0 0 0 0 0 0 2 5 0 0 0 0 4 0 2 5 5 0 0 
0 0 0 0 0 0 0 0 0 0 0 0 0 0 0 0 1 0 2 0 0 0 5 0 0 3 0 0 0 
0 2 0 0 0 0 0 0 0 0 0 0 3 0 0 0 1 0 2 3 0 3 0 3 0 0 0 5 5 
0 0 0 0 0 0 0 0 0 2 0 2 0 0 0 0 3 5 0 1 1 0 0 4 0 0 0 0 0 
0 0 0 0 0 0 0 0 0 0 0 0 0 0 0 5 4 6 0 4 3 0 0 0 0 0 2 0 0 
0 0 0 2 0 0 0 0 0 0 0 0 0 0 0 2 2 5 0 0 0 0 0 0 0 0 2 0 0 
0 0 0 0 0 0 0 0 0 0 0 0 0 0 0 3 0 6 0 0 0 5 0 0 0 0 0 0 0 
3 0 5 4 0 0 0 0 0 0 0 0 0 0 0 3 0 2 0 0 0 0 0 0 0 3 0 0 0 
0 0 2 0 0 0 0 0 0 0 0 3 7 0 6 0 0 0 0 0 0 5 5 5 0 1 0 0 2 
0 1 2 0 0 0 0 0 0 0 0 0 0 1 0 0 0 0 0 0 0 3 5 4 0 0 0 0 0 
0 0 0 2 0 0 0 0 0 0 0 0 0 4 6 0 0 0 0 0 0 0 0 0 6 0 4 0 3 
0 0 0 0 0 0 0 0 0 0 0 0 0 2 0 0 0 1 0 0 0 0 0 0 3 5 5 0 2 
3 0 6 0 5 0 0 0 6 3 0 2 5 2 0 2 0 5 0 0 0 0 0 0 3 0 1 3 2 
2 0 3 0 3 3 4 0 4 1 0 2 3 3 7 0 0 0 0 0 0 0 0 0 6 5 0 4 3 
3 5 0 0 0 0 0 0 0 0 5 5 0 0 5 2 1 3 1 4 0 0 3 3 7 2 4 7 3 
2 2 1 0 2 0 0 3 0 0 4 5 0 0 0 0 0 3 2 6 0 0 0 0 4 2 5 6 2 
300 178
0 1 0 0
0 1 0 2
0 1 2 1
0 12 0 11
0 12 0 25
0 12 8 12
1 28 1 27
1 28 0 28
1 28 2 28
3 4 3 2
3 4 3 8
3 4 1 4
3 4 6 4
4 28 4 27
4 28 2 28
4 28 5 28
6 14 6 13
6 14 6 15
6 14 4 14
6 14 8 14
9 1 9 0
9 1 9 5
9 1 2 1
9 1 15 1
10 24 10 22
10 24 10 27
10 24 8 24
10 24 11 24
10 28 10 27
10 28 8 28
10 28 11 28
10 28 10 27
10 28 8 28
10 28 11 28
13 26 13 25
13 26 12 26
13 26 17 26
15 27 15 28
15 27 10 27
15 27 25 27
17 15 17 16
17 15 11 15
17 15 18 15
19 21 19 17
19 21 15 21
19 21 21 21
21 12 21 11
21 12 21 14
21 12 15 12
21 12 25 12
23 3 20 3
24 26 24 25
24 26 23 26
24 26 25 26
26 14 26 13
26 14 26 24
26 14 23 14
26 14 27 14
27 24 27 23
27 24 27 25
27 24 26 24
27 24 28 24
27 27 27 26
27 27 27 28
27 27 26 27
27 27 28 27
28 11 28 10
28 11 28 17
28 11 27 11
28 19 28 18
28 19 28 24
28 19 27 19
28 19 28 18
28 19 28 24
28 19 27 19
28 24 28 25
28 26 28 25
28 26 28 27
28 26 27 26
28 27 28 26
28 27 28 28
28 27 27 27
28 27 28 26
28 28 27 28
1 28 1 27
1 28 2 28
2 1 0 1
2 1 9 1
2 5 2 7
2 7 2 10
4 28 4 27
4 28 5 28
8 4 8 2
8 4 8 10
8 4 6 4
8 27 8 26
8 27 7 27
8 27 10 27
9 25 9 26
9 25 8 25
9 25 9 26
9 25 8 25
9 26 8 26
11 28 12 28
12 9 16 9
12 28 15 28
16 23 15 23
16 23 21 23
16 23 15 23
16 23 21 23
18 17 18 16
18 17 17 17
18 17 19 17
22 22 22 21
22 22 22 23
22 22 21 22
22 23 22 22
22 23 21 23
22 23 22 22
23 3 20 3
25 17 25 15
25 17 25 24
25 17 24 17
27 19 27 18
27 19 27 22
27 22 27 23
27 24 27 23
27 24 27 25
27 24 26 24
27 26 27 27
4 27 4 26
4 27 2 27
4 27 5 27
4 27 4 26
12 28 15 28
20 3 20 2
20 3 18 3
26 24 26 14
26 24 26 25
26 24 25 24
26 25 26 27
26 25 24 25
27 26 27 27
27 28 26 28
1 27 1 26
1 27 0 27
4 26 4 23
4 26 1 26
4 26 6 26
4 26 4 23
6 26 6 22
6 26 6 27
6 26 8 26
6 26 6 22
6 26 6 27
8 26 8 25
8 27 7 27
8 27 10 27
18 3 13 3
25 17 25 15
25 17 25 24
26 25 26 27
26 25 24 25
26 27 26 28
26 28 25 28
1 26 1 25
1 26 0 26
5 24 5 23
7 25 7 24
7 27 7 28
7 27 6 27
7 28 6 28
8 24 8 23
8 24 7 24
8 24 10 24
7 25 7 24
8 24 8 23
8 24 7 24

2930

2 5 3 3     2       1 3 5 - - - - - - - - - - - - 2 1 1 1 
3 ǁ   3 4             1 | 2 3   4 4         3   4 5 4 4 5 
  4     | 1 - 2 - - 5 2 | 3 4 2   5 1 1         4 4 | 1 3 
3 ǁ 4 - 7 - - - 4 1   1 | 3   1   3             2 1 | | | 
  ǁ 3 3 | 2 3 3   2     | 4 6 3   4   5     5 3 = = 6 6 5 
  ǁ 3 3 | 1   2   3     | 1 | 3   2   2       2 1   | 3 3 
  ǁ 4   6   5 1 3       | 4 7 5 4           5 = = = 6 5 2 
  ǁ 1   |   3 1 4 3     | 2 | 1 4       4 2   1 4 2 | 4 2 
  ǁ 3 - 5 - - - - - 6   6   6           2     3 6 3 4 5 2 
4 7 - - - 3         4   4 2       2     4 1   1 ǁ 4 3 ǁ ǁ 
  | 3   4           4       5               5 - 7 - - 7 6 
  | 2           1     2 3 1   3             6 2 3 3 1 | 3 
  |               1           | 2 4     1 1 3   1   2 | 3 
  | 4 3     1   4 |           | 2 5         4   2 5 5 | ǁ 
  |   |           |           | 1   2       5     3 | | ǁ 
  2   |           |     3     | 1   2 3   3   3     | 5 5 
      |           2   2 |     | 3 5   1 1 |   4     | |   
      |                 |     5 4 6   4 3 |   ǁ     2 |   
      2                 |     2 2 5       |   ǁ     2 |   
      |                 |     3   6 - - - 5   ǁ       |   
3   5 4                 |     3   2       |   ǁ   3   |   
    2 ǁ               3 7 - 6             5 5 5   1   | 2 
  1 2 ǁ                 | 1               3 5 4       |   
      2                 | 4 6                   6   4 | 3 
                        | 2 |     1             3 5 5 | 2 
3   6   5       6 3   2 5 2 | 2 = 5 = = = = = = 3 ǁ 1 3 2 
2   3   3 3 4   4 1   2 3 3 7 = = = = = = = = = 6 5 = 4 3 
3 5                 5 5     5 2 1 3 1 4 - - 3 3 7 2 4 7 3 
2 2 1   2     3     4 5 - - - - - 3 2 6 = = = = 4 2 5 6 2 
