29 29
2 5 0 3 0 0 0 0 0 0 0 0 0 0 0 0 0 0 0 4 0 0 0 0 0 0 0 4 2 
1 0 1 0 1 4 0 2 1 0 2 0 0 2 0 0 0 0 3 0 2 3 0 5 0 3 1 0 0 
2 5 3 0 3 5 0 0 0 0 4 0 0 0 0 0 0 2 2 0 0 0 1 4 0 1 0 0 0 
1 0 1 0 2 0 1 0 2 0 0 1 0 3 0 0 4 2 0 0 0 3 0 1 1 3 2 0 3 
0 0 1 0 0 0 0 0 0 0 0 2 1 0 0 0 0 0 0 0 0 0 1 0 0 2 0 0 0 
2 0 0 0 0 0 3 0 6 0 4 3 1 0 0 0 0 0 0 0 2 0 0 0 0 0 0 0 0 
0 0 0 0 2 7 5 2 4 1 0 2 0 3 0 0 0 1 0 0 1 0 3 0 5 4 1 0 0 
3 4 2 0 0 1 2 1 3 1 0 2 1 1 0 0 0 0 0 0 1 0 2 3 0 0 0 0 2 
3 3 0 4 0 0 0 0 0 0 3 0 0 0 0 0 2 0 0 0 0 0 1 0 0 0 0 0 0 
0 0 2 4 0 0 0 2 2 4 1 1 1 3 0 0 0 2 0 0 2 4 0 5 0 0 0 0 1 
0 0 1 1 2 1 0 6 3 0 4 6 3 0 1 0 0 0 0 0 0 0 0 0 0 0 0 0 0 
2 2 0 0 5 2 2 4 1 0 0 2 1 0 0 0 0 0 0 0 0 0 0 0 0 0 0 0 0 
1 0 0 3 0 0 0 0 0 5 6 0 0 4 0 0 0 0 0 0 0 0 0 0 0 0 0 0 0 
2 3 3 0 1 2 3 0 0 0 0 2 0 0 0 0 0 0 0 0 0 0 0 0 0 0 0 0 0 
0 1 0 0 3 0 5 0 0 4 0 4 1 0 0 0 0 0 0 0 0 0 0 0 0 1 0 0 0 
0 0 0 0 2 0 3 1 0 4 0 0 0 0 0 0 0 0 0 0 0 0 0 0 0 0 0 0 0 
0 0 1 0 1 0 0 1 0 3 0 0 0 0 0 0 0 0 0 0 0 0 0 0 0 3 0 6 4 
3 3 0 0 2 0 5 0 0 0 4 3 2 0 0 0 0 0 0 0 0 0 0 0 0 2 1 0 0 
0 3 1 0 2 1 2 1 3 0 5 2 1 4 5 1 0 0 0 0 1 5 2 0 0 0 2 0 0 
0 1 0 0 1 0 3 1 1 0 2 1 0 1 1 0 0 0 0 0 0 1 0 0 0 2 0 0 0 
3 0 0 5 0 0 0 0 0 0 0 0 0 0 0 0 0 0 0 7 0 0 0 5 0 0 0 0 0 
2 1 0 0 1 3 0 0 0 1 0 0 0 0 0 0 3 1 2 0 1 1 2 2 0 3 4 0 0 
3 0 0 6 0 6 0 0 0 0 0 0 0 0 0 0 4 3 3 0 5 0 5 0 5 3 0 0 0 
0 2 2 1 1 3 0 0 0 0 0 0 0 0 0 1 1 2 1 0 2 0 0 1 2 0 0 0 1 
0 1 3 0 0 0 0 0 0 5 0 0 0 0 0 0 0 0 0 5 0 0 4 0 3 3 6 0 0 
0 2 0 3 0 0 0 4 0 4 2 0 2 2 0 3 0 0 0 4 4 2 0 1 0 1 3 2 1 
0 1 0 0 0 0 0 2 1 1 1 0 0 2 1 3 0 4 2 0 2 0 3 3 0 1 0 2 0 
3 0 0 0 0 0 0 0 0 0 0 0 5 0 0 2 2 0 0 3 1 4 1 2 7 0 0 5 2 
1 1 0 0 0 0 0 0 0 0 0 0 4 0 1 1 2 2 1 1 2 3 1 2 3 1 0 0 0 
300 70
0 1 0 0
0 1 0 3
0 1 2 1
1 23 1 21
1 23 1 25
1 23 2 23
6 5 6 4
6 5 6 6
6 5 2 5
6 5 7 5
16 28 16 27
16 28 9 28
16 28 23 28
16 28 16 27
18 14 18 13
18 14 18 15
18 14 10 14
18 14 19 14
18 14 18 13
20 19 20 3
20 19 20 23
20 19 0 19
20 19 24 19
22 20 22 22
22 20 21 20
22 20 23 20
24 26 24 25
24 26 21 26
24 26 25 26
24 26 24 25
24 26 21 26
24 26 25 26
27 24 27 23
27 24 27 27
27 24 24 24
27 24 28 24
28 12 28 1
28 12 28 14
28 12 27 12
28 12 27 12
28 25 28 24
6 5 6 4
6 5 6 6
6 5 2 5
9 23 9 21
9 23 7 23
9 23 20 23
16 27 16 25
16 27 0 27
16 27 25 27
16 27 16 25
18 22 18 21
19 21 18 21
21 21 21 22
21 26 21 25
21 26 18 26
28 0 27 0
0 27 0 19
0 27 0 28
0 27 0 19
0 28 3 28
3 28 7 28
7 28 3 28
8 22 7 22
18 22 18 21
18 26 17 26
0 19 0 3
20 19 20 3
20 19 20 23
20 19 24 19

2823

2 5 - 3 - - - - - - - - - - - - - - - 4 = = = = = = = 4 2 
1 | 1   1 4   2 1   2     2         3 | 2 3 - 5 - 3 1 | | 
2 5 3   3 5         4             2 2 |     1 4   1   | | 
1   1   2 ǁ 1   2     1   3     4 2   |   3   1 1 3 2 | 3 
    1     ǁ           2 1             |     1     2   | ǁ 
2         ǁ 3   6   4 3 1             | 2             | ǁ 
        2 7 5 2 4 1   2   3       1   | 1   3   5 4 1 | ǁ 
3 4 2     1 2 1 3 1   2 1 1           | 1   2 3       | 2 
3 3   4             3           2     |     1 |       |   
    2 4       2 2 4 1 1 1 3       2   | 2 4 - 5       | 1 
    1 1 2 1   6 3   4 6 3   1         |       |       | | 
2 2     5 2 2 4 1     2 1   |         |       |       | | 
1     3           5 6     4 |         |       |       | | 
2 3 3   1 2 3         2     |         |       |       | | 
  1     3   5     4   4 1   |         |       |   1   | | 
        2   3 1   4         |         |       |       | | 
    1   1     1   3         |         |       |   3 = 6 4 
3 3     2   5       4 3 2   |         |       |   2 1 | | 
  3 1   2 1 2 1 3   5 2 1 4 5 1       | 1 5 2 |     2 | | 
  1     1   3 1 1   2 1   1 1         |   1   |   2 | | | 
3     5 = = = = = = = = = = = = = = = 7 = = = 5     | | | 
2 1     1 3       1             3 1 2 ǁ 1 1 2 2   3 4 | | 
3     6   6                     4 3 3 ǁ 5 - 5   5 3 ǁ | | 
  2 2 1 1 3                   1 1 2 1 ǁ 2     1 2   ǁ | 1 
  1 3             5                   5     4   3 3 6 |   
  2   3       4   4 2   2 2   3       4 4 2   1 | 1 3 2 1 
  1           2 1 1 1     2 1 3   4 2   2   3 3 | 1   2   
3                       5     2 2     3 1 4 1 2 7 - - 5 2 
1 1 - - - - - - - - - - 4 - 1 1 2 2 1 1 2 3 1 2 3 1       
