29 29
4 0 0 0 0 0 4 0 0 0 0 0 0 0 0 0 3 0 0 0 0 3 1 2 2 1 1 1 1 
3 0 4 2 0 1 0 2 0 3 1 1 0 0 0 0 2 1 0 0 0 0 1 0 1 0 0 0 0 
2 1 2 1 0 0 0 0 0 0 2 3 0 0 0 0 0 4 0 0 0 4 2 4 0 5 2 0 0 
0 0 0 0 0 0 0 1 0 0 0 1 1 1 2 0 0 3 1 3 1 0 1 2 1 0 1 5 2 
0 3 0 4 1 0 0 0 0 0 1 0 3 0 0 0 0 3 1 0 0 0 2 0 4 5 1 0 2 
0 2 0 0 1 0 0 1 0 5 0 0 0 0 0 0 0 0 0 7 4 0 1 0 0 4 1 0 0 
0 0 0 0 0 0 0 2 0 4 0 1 2 0 1 0 0 1 0 0 0 0 1 0 0 3 2 0 0 
6 4 0 5 3 2 0 3 2 0 2 0 0 0 0 0 0 0 0 0 0 0 2 0 3 0 0 5 4 
0 1 1 0 1 0 0 2 0 4 6 0 3 0 3 2 0 0 0 0 3 0 2 0 0 0 2 0 1 
5 6 3 0 0 0 0 0 0 0 2 0 0 0 0 0 0 0 0 0 0 0 0 0 0 0 0 0 1 
3 2 0 0 4 0 5 0 0 0 0 0 0 0 0 4 0 3 0 0 2 0 4 0 1 0 0 0 0 
2 1 0 0 1 0 3 0 0 0 2 0 0 0 0 2 2 1 0 0 0 0 2 0 0 0 0 0 0 
3 0 0 5 0 0 0 0 0 0 0 0 0 0 0 0 0 0 0 5 0 4 0 0 0 0 5 5 2 
0 1 0 5 4 0 0 0 0 0 0 0 0 0 0 2 2 0 0 0 1 0 2 2 4 1 0 0 1 
5 3 1 0 0 0 0 0 1 0 0 0 2 2 0 4 5 2 0 0 3 0 4 1 0 2 0 3 2 
3 2 1 0 0 0 0 0 1 1 0 2 0 3 2 2 0 1 0 0 0 0 0 2 0 0 0 0 1 
3 2 0 0 3 0 0 0 3 0 0 0 3 0 0 0 0 0 0 4 3 0 0 4 6 5 0 0 0 
2 1 0 0 1 2 1 0 2 3 1 0 2 0 0 0 1 0 0 0 2 0 0 0 0 0 0 3 4 
0 1 0 0 0 3 0 0 3 0 0 4 0 0 0 0 0 0 0 3 0 0 0 0 0 0 0 1 2 
0 0 0 0 2 0 0 0 0 0 0 0 0 0 0 0 0 0 0 2 0 0 0 0 4 1 0 2 2 
0 4 0 5 0 0 0 0 0 0 0 0 0 0 3 1 1 2 0 2 4 0 0 0 2 0 0 0 0 
0 0 0 2 0 0 1 0 0 0 0 0 0 0 0 0 0 0 0 0 0 0 0 4 0 0 6 5 3 
3 3 4 2 0 0 2 0 0 0 0 0 0 0 0 0 0 0 0 0 0 0 0 3 3 1 0 1 1 
0 0 2 2 0 0 0 0 3 0 0 0 0 0 4 0 0 5 1 0 1 0 0 1 0 0 4 3 2 
0 0 0 1 0 0 0 0 2 0 0 0 0 0 0 1 1 3 1 0 0 0 0 1 0 0 3 1 1 
5 0 0 0 0 0 0 0 0 0 0 0 0 0 0 0 0 0 0 5 0 5 6 0 0 2 1 0 0 
2 1 1 3 0 0 1 0 0 0 0 0 0 2 0 0 3 0 0 4 1 1 3 0 4 0 4 4 3 
2 5 0 5 0 0 0 0 0 0 0 0 0 0 0 0 0 0 0 0 0 0 6 1 4 2 1 2 3 
2 3 1 3 2 0 0 0 0 0 0 1 0 1 0 0 0 0 0 0 0 0 4 1 2 1 2 3 2 
300 74
0 0 0 6
0 0 1 0
0 0 0 6
0 0 1 0
0 6 0 16
0 6 10 6
5 19 5 9
5 19 5 20
5 19 3 19
5 19 12 19
7 0 7 1
7 0 2 0
7 0 9 0
7 0 7 1
7 0 2 0
7 0 9 0
14 0 14 1
14 0 12 0
14 0 15 0
16 25 16 24
16 25 14 25
16 25 19 25
25 0 25 19
25 0 22 0
25 0 26 0
28 22 28 13
28 22 28 23
28 22 27 22
28 22 27 22
1 0 1 2
1 2 1 3
1 2 2 2
1 2 1 3
1 5 7 5
16 25 16 24
16 25 14 25
27 22 27 3
27 22 27 23
27 22 26 22
27 22 27 3
28 11 28 4
16 24 16 23
16 24 13 24
16 24 19 24
16 24 16 23
19 24 19 19
19 24 20 24
19 24 19 19
25 21 25 19
25 21 25 22
25 21 26 21
25 22 25 21
25 22 25 25
25 22 26 22
25 22 25 21
25 22 25 25
26 20 26 19
26 22 26 24
26 24 26 26
26 24 27 24
26 24 26 26
27 24 27 25
27 24 28 24
27 24 27 25
28 4 28 3
28 24 28 25
16 23 16 20
16 23 15 23
19 4 17 4
26 19 26 16
26 19 25 19
26 19 26 16
26 13 26 6
26 13 26 16

2867

4 = = = = = 4 - - - - - - - - - 3         3 1 2 2 1 1 1 1 
3 - 4 2   1 | 2   3 1 1         2 1         1   1         
2 1 2 1   | |       2 3           4       4 2 4   5 2     
ǁ         | | 1       1 1 1 2     3 1 3 1   1 2 1   1 5 2 
ǁ 3   4 1 | |       1   3         3 1 |     2   4 5 1   2 
ǁ 2     1 | | 1   5 - - - - - - - - - 7 4   1     4 1     
ǁ         | | 2   4   1 2   1     1   |     1     3 2     
6 4   5 3 2 | 3 2   2                 |     2   3     5 4 
ǁ 1 1   1   | 2   4 6   3   3 2       | 3   2       2   1 
5 6 3       |       2                 |                 1 
3 2     4   5                 4   3   | 2   4   1         
2 1     1   3       2         2 2 1   |     2             
3     5                               5   4         5 5 2 
| 1   5 4                     2 2       1   2 2 4 1     1 
5 3 1           1       2 2   4 5 2     3   4 1 | 2   3 2 
3 2 1           1 1   2   3 2 2   1           2 | ǁ     1 
3 2     3       3       3             4 3 - - 4 6 5       
2 1     1 2 1   2 3 1   2       1       2       | |   3 4 
  1     | 3     3     4               3         | |   1 2 
        2                             2 = = = = 4 1   2 2 
  4   5                     3 1 1 2   2 4       2         
      2     1                                 4     6 5 3 
3 3 4 2     2                                 3 3 1   1 1 
|   2 2         3           4     5 1   1     1     4 3 2 
|     1         2             1 1 3 1         1     3 1 1 
5 - - - - - - - - - - - - - - - - - - 5 - 5 6 = = 2 1     
2 1 1 3     1 - - - - - - 2 - - 3 = = 4 1 1 3 - 4 = 4 4 3 
2 5   5 = = = = = = = = = = = = = = = = = = 6 1 4 2 1 2 3 
2 3 1 3 2 - - - - - - 1   1 - - - - - - - - 4 1 2 1 2 3 2 
