29 29
2 0 0 0 0 0 0 0 0 3 2 0 4 1 3 0 0 2 3 3 0 0 0 0 0 4 1 1 2 
0 1 3 4 0 4 1 4 0 6 0 3 4 0 5 0 0 0 0 0 0 0 0 0 0 6 0 4 5 
0 2 0 3 1 0 1 4 1 2 1 0 3 2 2 0 0 0 0 0 0 0 1 0 0 0 1 3 3 
0 6 7 0 0 6 0 0 0 0 0 7 0 0 0 0 0 0 0 0 0 0 0 0 0 4 3 0 3 
0 0 0 3 3 0 3 5 0 5 1 0 0 2 0 0 0 0 0 0 0 5 4 1 0 0 0 0 3 
0 0 0 4 3 0 3 0 0 3 2 0 1 0 0 0 0 2 0 0 0 0 6 4 0 0 0 0 0 
0 4 0 0 0 0 3 0 2 0 4 0 0 3 0 0 0 6 0 0 0 0 0 3 0 0 4 0 0 
4 3 0 3 0 0 0 0 3 2 0 0 0 1 0 1 0 0 0 0 0 0 0 0 0 0 0 0 0 
3 1 0 0 0 0 3 5 0 4 5 0 4 2 0 3 0 7 0 0 0 5 6 5 0 0 2 0 0 
3 0 5 4 4 0 2 0 0 2 0 0 0 3 0 4 1 4 0 3 1 0 2 2 0 0 0 0 0 
6 2 0 3 5 5 5 7 0 6 4 0 0 2 0 0 2 0 0 4 0 5 0 0 0 6 0 7 6 
5 1 0 4 6 0 2 0 2 3 0 0 0 2 0 0 3 2 0 6 2 0 0 2 0 6 2 2 0 
3 0 4 0 4 2 0 0 5 4 1 0 0 0 0 0 4 5 4 5 2 3 0 0 0 4 1 2 0 
4 2 0 2 5 3 0 5 4 0 1 0 0 4 0 4 0 0 0 0 0 0 0 0 0 3 1 2 0 
4 0 5 0 0 0 4 0 2 7 3 0 0 0 2 0 0 0 0 0 0 3 0 0 0 0 1 0 0 
0 2 7 4 4 2 0 0 0 0 0 0 0 1 2 3 0 0 0 5 3 0 0 0 0 0 0 0 0 
0 3 5 1 2 0 4 0 0 0 0 0 0 0 0 0 0 0 0 0 2 0 0 0 0 0 0 0 3 
0 3 6 0 0 5 3 5 0 5 2 0 0 0 0 0 0 0 0 0 0 0 0 0 0 0 0 0 0 
0 2 0 2 3 0 0 5 2 3 3 0 0 0 0 0 0 0 0 0 0 0 0 0 0 0 0 0 0 
3 3 6 0 0 0 0 0 0 0 0 6 5 0 0 0 0 0 0 4 2 0 0 0 0 0 0 0 0 
0 1 3 2 0 0 0 0 0 0 0 5 0 0 0 0 0 0 0 0 0 6 0 0 0 3 3 2 0 
0 1 3 1 1 3 0 0 0 0 0 0 3 4 0 0 0 5 0 0 0 6 0 0 0 0 5 4 0 
0 0 4 0 0 5 0 0 0 0 0 0 1 1 0 1 0 5 3 2 2 0 3 4 0 0 6 5 0 
0 0 4 2 0 0 0 0 0 0 0 0 0 0 0 0 0 3 0 0 0 0 0 3 3 0 2 2 0 
5 5 3 0 0 4 0 0 0 0 0 5 0 0 0 0 0 6 6 4 4 0 4 0 0 0 0 0 2 
5 0 3 0 0 2 0 0 0 0 0 0 1 0 0 0 0 3 1 2 3 0 4 1 0 0 1 0 0 
1 0 3 4 0 4 0 0 0 0 0 4 0 0 0 0 0 0 3 3 2 0 2 0 0 0 0 0 0 
0 1 0 2 2 0 0 0 0 0 0 4 0 0 0 0 0 0 0 0 0 6 0 0 0 0 4 1 0 
0 0 0 0 3 0 0 0 0 0 0 4 0 0 0 0 0 0 0 0 0 4 0 0 0 2 0 0 0 
300 198
1 28 1 27
1 28 0 28
1 28 2 28
3 1 3 2
3 1 2 1
3 1 6 1
3 1 3 2
3 1 2 1
3 1 6 1
3 2 3 5
3 2 1 2
3 2 9 2
3 11 3 5
3 11 3 25
3 11 1 11
3 11 19 11
4 7 4 6
4 7 4 9
4 7 8 7
4 21 4 13
4 21 4 22
4 21 8 21
5 22 5 23
5 22 4 22
5 22 8 22
5 22 5 23
5 22 4 22
5 22 8 22
5 23 4 23
5 23 6 23
6 1 7 1
6 17 6 13
6 17 5 17
6 17 8 17
6 17 6 13
6 17 5 17
6 17 8 17
8 10 8 9
8 10 6 10
8 10 10 10
8 17 8 15
8 17 8 21
8 17 9 17
8 22 8 21
8 22 8 23
8 22 9 22
8 22 8 21
10 0 10 1
10 0 9 0
10 0 11 0
10 0 10 1
10 0 9 0
10 0 11 0
10 7 10 6
10 7 10 9
10 7 8 7
10 7 13 7
10 27 10 25
10 27 10 28
10 27 2 27
10 27 11 27
10 28 10 27
10 28 4 28
10 28 16 28
10 28 10 27
10 28 4 28
11 0 11 1
11 0 12 0
11 0 12 0
12 8 12 9
12 8 11 8
12 8 13 8
12 16 12 17
12 16 11 16
12 16 12 17
12 16 11 16
14 9 14 8
14 9 14 10
14 9 12 9
14 9 17 9
15 2 15 1
15 2 15 3
15 2 14 2
15 2 16 2
18 7 18 4
18 7 18 8
18 7 17 7
22 27 22 26
22 27 21 27
22 27 23 27
24 0 24 1
24 0 19 0
24 0 25 0
25 0 25 2
25 0 24 0
25 0 26 0
27 1 27 3
27 26 27 21
27 26 27 27
27 26 25 26
27 26 27 21
28 25 28 21
1 1 1 2
4 22 4 21
4 28 3 28
5 12 8 12
6 1 7 1
8 12 8 13
8 12 19 12
8 12 8 13
17 5 17 2
17 5 17 6
17 5 15 5
25 0 25 2
27 21 27 11
27 21 21 21
27 21 28 21
27 21 27 11
28 21 28 11
28 21 28 25
3 28 2 28
16 6 14 6
16 6 17 6
16 6 14 6
16 6 17 6
21 21 21 17
21 21 21 26
21 21 20 21
21 21 21 17
21 21 21 26
26 22 25 22
28 11 28 4
28 11 27 11
28 11 28 4
3 28 2 28
12 18 12 17
12 18 12 19
12 18 12 17
12 18 12 19
20 21 20 11
20 21 20 25
20 21 14 21
20 21 20 11
20 21 20 25
26 22 25 22
27 11 27 4
28 4 27 4
1 28 1 27
1 28 0 28
12 17 11 17
16 28 24 28
19 12 19 11
19 12 19 19
19 12 19 11
19 12 19 19
19 19 19 20
19 19 15 19
19 20 16 20
25 22 25 23
25 22 24 22
27 3 26 3
16 20 15 20
16 28 24 28
19 11 19 2
19 11 3 11
19 11 20 11
24 22 22 22
19 2 19 1
19 2 17 2
19 2 20 2
19 2 19 1
19 2 17 2
24 22 22 22
17 2 17 1
17 2 17 5
17 2 16 2
17 5 15 5
18 3 18 4
22 22 22 23
22 23 22 26
22 23 23 23
22 23 22 26
22 26 22 27
22 26 21 26
22 26 23 26
23 23 23 24
23 24 23 23
23 24 23 26
23 27 22 27
18 3 18 4
18 7 18 8
18 7 17 7
21 27 21 26
21 27 20 27
21 27 21 26
20 26 20 25
20 26 20 27
20 26 14 26

4434

2                 3 2   4 1 3     2 3 3           4 1 1 2 
  1 3 4   4 1 4   6   3 4   5                     6   4 5 
  2 | 3 1   1 4 1 2 1 | 3 2 2               1       1 3 3 
  6 7 - - 6 - - - - - 7 - - - - - - - - - - - - - 4 3 | 3 
  ǁ | 3 3   3 5 - 5 1 ǁ   2 - - - - - - - 5 4 1       | 3 
  ǁ | 4 3   3 |   3 2 ǁ 1         2       | 6 4       | ǁ 
  4 |       3 | 2   4 ǁ | 3 = = = 6       | ǁ 3     4 | ǁ 
4 3 | 3       | 3 2 | ǁ | 1   1   ǁ       | ǁ         | ǁ 
3 1 |       3 5   4 5 ǁ 4 2   3 - 7 - - - 5 6 5     2 | ǁ 
3   5 4 4   2 |   2 | ǁ | 3   4 1 4   3 1   2 2       | ǁ 
6 2   3 5 5 5 7 - 6 4 ǁ | 2     2     4   5       6 - 7 6 
5 1   4 6   2 | 2 3   ǁ | 2     3 2   6 2     2   6 2 2 | 
3   4   4 2   | 5 4 1 ǁ |       4 5 4 5 2 3       4 1 2 | 
4 2   2 5 3   5 4 | 1 ǁ | 4   4                   3 1 2 | 
4   5       4   2 7 3 ǁ |   2             3         1   | 
  2 7 4 4 2 ǁ     |   ǁ | 1 2 3       5 3 |         |   | 
  3 5 1 2 ǁ 4     |   ǁ |             | 2 |         |   3 
  3 6 = = 5 3 5   5 2 ǁ |             | | |         |   ǁ 
  2 ǁ 2 3 - - 5 2 3 3 ǁ |             | | |         |   ǁ 
3 3 6 - - - - - - - - 6 5 = = = = = = 4 2 |         |   ǁ 
| 1 3 2               5 = = = = = = = = = 6 = = = 3 3 2 ǁ 
| 1 3 1 1 3             3 4       5 = = = 6 = = = = 5 4 ǁ 
|   4     5             1 1   1   5 3 2 2 | 3 4 = = 6 5 ǁ 
|   4 2                           3       | ǁ 3 3 - 2 2 ǁ 
5 5 3     4           5           6 6 4 4 | 4           2 
5 = 3     2             1         3 1 2 3 | 4 1     1     
1   3 4   4           4             3 3 2 | 2       |     
  1 - 2 2 - - - - - - 4 = = = = = = = = = 6 = = = = 4 1   
        3 = = = = = = 4 - - - - - - - - - 4 = = = 2       
