29 29
3 4 0 0 0 0 0 0 0 0 0 0 3 0 0 0 0 0 0 3 2 2 0 0 2 3 0 5 3 
0 3 0 0 0 0 0 0 0 0 3 0 0 0 0 0 0 1 1 0 0 3 5 1 0 3 3 5 3 
3 0 0 0 3 0 3 0 0 0 4 1 0 0 0 0 0 0 0 0 0 0 3 0 5 6 5 0 1 
2 0 6 0 0 0 0 0 0 0 0 0 6 0 0 0 0 6 4 0 0 0 3 4 0 4 3 0 0 
2 0 5 0 0 2 1 2 0 0 2 0 3 0 0 3 2 1 1 0 0 0 0 0 0 0 3 0 0 
3 0 0 0 0 0 0 0 0 0 0 0 0 0 0 0 0 0 0 6 5 4 5 6 0 0 0 0 3 
2 2 1 2 0 0 0 0 5 6 0 0 0 0 0 5 2 3 0 0 0 3 3 0 0 0 0 0 0 
1 0 3 5 3 1 4 2 0 0 0 1 2 0 3 4 1 0 0 0 0 0 1 0 0 0 0 0 0 
1 0 1 0 4 5 0 2 6 7 0 6 0 0 5 4 2 0 0 0 0 0 0 0 0 0 0 0 0 
0 0 0 0 0 0 0 0 0 0 2 2 0 0 0 2 1 4 3 0 0 2 0 0 0 5 3 0 0 
0 0 0 0 0 0 0 0 0 0 0 0 0 0 0 0 0 0 0 0 0 1 3 0 0 0 0 0 0 
0 0 0 0 0 0 0 0 0 0 3 0 0 0 4 6 1 0 0 0 0 0 0 0 0 0 0 0 0 
0 0 0 0 4 6 0 1 0 4 0 0 0 0 0 4 0 1 0 0 0 0 0 0 0 3 0 0 0 
0 0 0 0 3 4 4 3 0 4 0 0 0 0 0 0 0 4 4 0 3 0 3 3 0 0 0 0 0 
0 0 0 0 0 1 0 2 0 3 2 2 0 0 4 4 0 0 0 0 0 0 0 0 0 0 0 0 0 
0 3 0 6 0 0 4 0 4 0 0 6 0 0 5 3 0 2 3 0 4 3 2 0 0 0 0 0 0 
0 5 2 0 3 3 0 2 5 0 3 0 0 0 0 0 0 0 0 0 0 2 0 0 0 0 0 0 0 
0 4 0 6 4 5 0 0 5 1 0 0 0 0 0 0 0 0 0 0 2 3 0 2 0 0 0 0 0 
0 3 4 6 2 3 0 1 2 0 2 4 0 1 1 0 0 0 0 0 1 0 0 2 0 0 0 0 0 
0 3 5 3 1 1 0 0 0 0 0 1 0 0 0 0 0 0 0 0 0 0 0 0 0 0 0 0 0 
0 4 0 0 0 0 6 0 0 0 0 0 0 0 0 0 0 0 0 5 0 7 5 2 0 1 0 0 0 
0 5 0 0 6 3 0 4 0 5 3 0 3 0 0 0 0 0 0 0 2 5 3 1 0 0 0 0 0 
0 1 1 3 6 2 0 3 1 0 2 0 6 0 0 0 0 0 0 6 0 0 0 0 6 0 0 6 5 
5 0 7 5 5 3 0 4 2 6 0 0 7 5 0 0 0 2 3 7 4 2 1 2 7 0 0 3 0 
0 2 0 1 2 2 0 4 0 6 2 1 4 5 3 0 2 3 5 5 4 0 2 0 4 1 1 2 0 
3 4 7 0 0 0 6 0 0 0 0 0 0 0 0 0 0 0 0 0 0 4 0 0 0 0 0 3 3 
2 0 5 3 0 0 6 0 0 0 0 0 0 0 0 2 1 0 2 0 0 4 0 2 1 0 3 0 2 
3 0 6 3 2 0 5 3 0 0 6 4 2 0 0 0 0 0 0 0 0 5 2 3 3 1 0 4 2 
3 0 3 2 0 0 4 0 0 2 3 3 4 0 0 0 0 0 0 0 0 4 3 0 0 0 6 5 2 
300 243
0 27 0 25
0 27 0 28
0 27 1 27
1 22 1 21
1 22 1 23
1 22 2 22
3 2 3 0
3 2 3 12
3 2 4 2
3 2 3 0
3 2 3 12
3 2 4 2
3 12 3 17
3 12 0 12
3 12 4 12
3 12 3 17
3 17 3 18
3 17 1 17
3 17 4 17
3 17 3 18
6 8 6 3
6 8 6 9
6 8 8 8
6 9 6 8
6 9 6 15
6 9 8 9
6 9 6 8
6 9 6 15
8 8 8 7
8 8 8 9
8 8 15 8
8 8 8 7
8 8 8 9
8 9 8 11
8 9 12 9
16 1 16 2
16 1 15 1
16 1 17 1
20 21 20 19
20 21 20 22
20 21 17 21
20 21 21 21
21 1 21 4
21 1 20 1
21 1 22 1
22 28 22 27
22 28 5 28
22 28 25 28
23 0 23 2
23 0 8 0
23 0 25 0
23 2 23 0
23 2 23 3
23 2 22 2
23 2 25 2
23 12 23 9
23 12 23 13
23 12 22 12
23 12 24 12
23 19 23 18
23 19 23 20
23 19 22 19
23 19 24 19
23 24 23 23
23 24 23 27
23 24 22 24
23 24 24 24
24 1 25 1
24 13 24 12
24 13 24 14
24 13 23 13
28 26 28 22
28 26 28 27
28 26 26 26
28 26 28 22
28 26 28 27
28 26 26 26
1 22 1 21
1 22 2 22
2 11 2 10
7 7 7 6
8 5 8 4
8 5 7 5
8 5 12 5
8 9 8 11
8 9 12 9
8 11 8 14
8 11 7 11
8 11 9 11
8 11 8 14
12 9 12 15
12 9 13 9
13 9 13 17
13 9 14 9
13 9 13 17
14 15 14 14
14 15 15 15
14 15 14 14
14 15 15 15
19 2 19 1
19 2 19 3
19 2 18 2
21 1 21 4
21 1 20 1
21 4 21 5
21 4 19 4
21 4 22 4
21 4 21 5
22 4 22 3
22 4 22 5
22 4 23 4
22 4 22 3
22 4 22 5
23 0 25 0
23 2 23 3
23 2 25 2
24 1 25 1
25 1 25 0
25 1 25 2
25 2 25 6
25 2 26 2
2 10 2 6
2 10 1 10
2 10 2 6
7 6 7 7
7 6 13 6
7 6 13 6
7 12 7 14
8 5 8 4
8 5 12 5
12 5 12 4
12 5 13 5
12 5 12 4
12 5 13 5
12 7 13 7
12 15 12 17
12 15 11 15
12 15 11 15
12 25 9 25
12 25 20 25
12 25 9 25
13 17 13 18
13 17 15 17
14 14 14 11
14 14 15 14
20 1 19 1
20 6 20 19
20 6 15 6
20 6 25 6
20 6 20 19
20 6 15 6
20 6 25 6
21 5 19 5
21 7 21 9
21 7 22 7
21 7 21 9
21 7 22 7
22 3 23 3
25 2 25 6
25 2 26 2
1 10 1 1
2 6 2 4
7 12 7 14
11 15 11 14
11 15 11 16
11 15 9 15
11 15 11 14
12 4 8 4
12 4 13 4
17 5 17 4
17 5 16 5
17 5 18 5
17 8 17 9
17 8 16 8
17 8 18 8
19 11 18 11
20 1 19 1
1 10 1 1
2 4 2 0
8 4 8 2
11 14 11 10
11 14 8 14
14 9 14 10
15 3 15 1
15 3 15 6
15 3 17 3
15 3 15 1
15 3 15 6
15 3 17 3
15 8 15 11
15 8 16 8
15 8 15 11
15 11 15 14
15 11 14 11
15 11 18 11
15 11 15 14
15 14 15 15
15 14 18 14
15 17 15 18
16 1 16 2
16 1 17 1
17 1 17 3
17 1 18 1
18 1 18 2
18 1 18 2
18 2 18 3
18 3 18 4
18 3 17 3
18 3 19 3
18 3 18 4
18 3 17 3
18 5 17 5
18 5 17 5
18 11 18 10
18 11 18 13
18 20 17 20
19 2 19 3
1 1 0 1
2 4 2 0
7 3 7 2
7 3 7 4
7 3 6 3
7 4 7 3
9 11 9 10
11 10 9 10
13 4 13 5
13 6 13 5
13 6 13 7
13 7 14 7
14 5 14 7
14 9 14 10
16 5 16 4
17 3 17 4
17 4 16 4
17 4 16 4
0 1 0 0
0 1 0 12
0 1 0 0
0 12 0 19
2 0 0 0
7 4 7 3
7 2 7 0
7 2 6 2

8243

3 4 - - - - - - - - - - 3 - - - - - - 3 2 2     2 3 - 5 3 
| 3 = = = = = = = = 3   |         1 1     3 5 1   3 3 5 3 
3 = = = 3 - 3 = = = 4 1 |         |         3   5 6 5   1 
2 = 6 = = = = = = = = = 6 = = = = 6 4       3 4   4 3     
2   5     2 1 2     2   3     3 2 1 1               3     
3                                     6 5 4 5 6         3 
2 2 1 2 - - - - 5 6 = = = = = 5 2 3       3 3           | 
1 - 3 5 3 1 4 2 | |   1 2 = 3 4 1           1           | 
1   1 - 4 5 ǁ 2 6 7 = 6 = = 5 4 2                       | 
|       | ǁ ǁ   | ǁ 2 2     | 2 1 4 3     2       5 3   | 
|       | ǁ ǁ   | ǁ |       | |           1 3     ǁ     | 
|       | ǁ ǁ   | ǁ 3 - - - 4 6 1                 ǁ     | 
|       4 6 ǁ 1 | 4 - - - - - 4 - 1               3     | 
|       3 4 4 3 | 4 = = = = = = = 4 4   3   3 3   |     | 
|         1 - 2 | 3 2 2 - - 4 4   |               |     | 
| 3 = 6 = = 4   4 = = 6 = = 5 3   2 3   4 3 2     |     | 
| 5 2 ǁ 3 3 ǁ 2 5   3 |     |             2       |     | 
| 4 - 6 4 5 ǁ   5 1   |     |           2 3   2   |     | 
| 3 4 6 2 3 ǁ 1 2   2 4 - 1 1           1 |   2   |     | 
| 3 5 3 1 1 ǁ         1                   |       |     | 
| 4     | | 6 = = = = = = = = = = = = 5 - 7 5 2   1     | 
| 5 = = 6 3 ǁ 4 = 5 3   3               2 5 3 1         | 
| 1 1 3 6 2 ǁ 3 1   2   6             6         6     6 5 
5 = 7 5 5 3 ǁ 4 2 6 - - 7 5       2 3 7 4 2 1 2 7 - - 3 | 
ǁ 2 ǁ 1 2 2 ǁ 4   6 2 1 4 5 3   2 3 5 5 4   2   4 1 1 2 | 
3 4 7 = = = 6                             4           3 3 
2   5 3     6                 2 1   2     4   2 1   3   2 
3   6 3 2   5 3     6 4 2                 5 2 3 3 1 ǁ 4 2 
3   3 2     4     2 3 3 4                 4 3 = = = 6 5 2 
