29 29
2 3 0 4 1 0 0 0 0 0 0 0 0 0 0 0 0 0 0 0 0 0 0 0 3 1 1 2 2 
5 5 0 6 0 0 0 0 0 0 0 0 0 0 0 3 5 5 0 4 4 0 2 2 0 4 0 3 0 
4 5 3 0 4 3 0 3 0 0 0 2 0 3 0 0 3 3 3 0 0 4 5 3 0 5 3 0 0 
3 3 2 0 3 5 0 7 0 0 0 0 0 0 0 0 0 4 5 0 2 2 1 0 0 4 3 0 0 
2 0 0 6 0 3 0 0 0 0 0 0 0 0 0 0 0 3 4 0 0 0 0 0 0 0 0 0 0 
3 4 1 0 3 0 0 7 0 0 0 0 0 0 0 0 0 0 0 4 0 0 0 0 6 5 0 4 0 
0 0 2 0 0 0 0 3 1 3 0 1 0 2 1 0 3 3 2 0 0 0 0 0 0 0 3 5 0 
0 0 0 0 0 0 0 1 0 0 0 0 0 0 1 0 6 5 4 0 2 3 0 0 5 0 4 4 0 
0 0 0 0 3 0 0 0 0 5 0 0 0 6 0 4 0 0 1 0 4 4 0 0 3 0 2 0 0 
0 0 0 0 3 0 4 0 0 6 0 1 3 5 2 3 0 0 0 0 4 0 0 4 0 0 0 0 0 
0 0 0 0 0 3 5 4 0 7 0 0 6 5 2 0 0 0 0 0 3 0 4 6 2 0 0 0 0 
0 5 3 0 3 5 0 4 0 5 0 0 0 0 0 0 4 1 0 0 1 0 0 2 0 7 3 0 0 
0 3 1 0 0 1 0 2 1 2 0 0 2 0 0 1 0 0 0 0 1 0 4 0 0 6 3 0 0 
6 0 0 8 0 0 0 0 0 0 0 0 0 0 0 0 0 0 0 4 0 0 0 0 0 0 0 4 4 
0 1 0 7 0 5 0 0 0 0 0 0 0 0 0 0 0 0 0 0 0 4 0 0 3 2 2 0 0 
0 3 3 0 1 0 2 0 5 0 0 0 0 0 0 0 0 0 0 2 2 0 2 1 2 2 0 0 2 
0 0 3 0 0 0 2 1 0 0 0 0 0 0 0 0 0 0 0 0 0 0 0 0 0 4 2 0 2 
0 0 0 0 0 0 4 0 8 0 0 0 0 0 0 0 0 0 0 5 3 0 5 0 6 0 0 0 1 
0 0 3 0 0 0 0 0 5 0 0 0 4 2 0 4 4 0 0 0 0 0 4 0 0 0 1 0 2 
0 0 0 0 0 0 0 0 0 0 0 0 0 0 2 2 0 0 0 0 0 0 4 2 0 0 0 0 0 
0 0 0 0 0 0 2 2 4 2 2 0 6 5 4 3 7 5 0 6 0 5 0 0 6 4 3 0 0 
5 7 6 0 0 0 0 0 1 2 0 0 3 2 0 0 0 3 0 3 2 4 2 1 2 1 1 0 0 
0 4 2 0 0 0 0 4 0 0 0 0 0 0 0 0 5 0 0 0 0 0 0 0 0 0 0 4 4 
0 4 0 0 0 0 0 4 4 0 0 3 0 2 3 3 0 3 0 0 0 3 0 0 3 2 2 0 0 
0 0 0 0 3 7 0 0 0 0 0 0 0 5 4 2 0 4 3 0 0 4 3 1 0 0 0 0 2 
0 5 4 0 3 6 0 3 2 3 3 0 2 0 0 0 4 0 0 0 0 0 0 0 3 0 0 0 1 
3 0 4 7 3 4 0 0 0 0 2 2 0 4 0 0 4 0 0 0 0 0 2 1 3 5 0 4 1 
2 2 0 5 0 0 0 2 0 0 0 0 0 0 0 0 0 0 0 0 3 0 0 0 3 2 3 3 2 
2 0 0 4 0 0 0 3 2 2 0 0 0 0 0 0 0 0 0 0 3 0 1 1 4 0 4 3 2 
300 243
1 0 1 1
1 0 0 0
1 0 2 0
1 16 1 15
1 16 1 17
1 16 2 16
3 7 3 5
3 7 3 17
3 7 2 7
3 7 5 7
6 27 6 26
6 27 5 27
6 27 7 27
10 9 10 7
10 9 10 12
10 9 9 9
10 9 11 9
11 1 11 2
11 1 5 1
11 1 12 1
11 25 11 23
11 25 11 26
11 25 5 25
11 25 12 25
13 0 13 3
13 0 5 0
13 0 21 0
13 0 13 3
13 0 5 0
13 0 21 0
13 3 13 19
13 3 4 3
13 3 14 3
14 3 14 1
14 3 14 5
14 3 13 3
14 3 26 3
15 8 15 6
15 8 15 19
15 8 17 8
17 8 17 6
17 8 17 19
17 8 15 8
17 8 18 8
20 16 20 15
20 16 20 17
20 16 18 16
20 16 22 16
21 1 21 0
21 1 21 2
21 1 15 1
21 1 22 1
21 2 21 1
21 2 18 2
21 2 22 2
21 2 21 1
21 2 18 2
23 1 22 1
23 1 25 1
23 1 22 1
23 1 25 1
24 5 24 4
24 5 24 13
24 5 14 5
24 5 25 5
7 24 7 21
7 24 5 24
7 24 8 24
9 23 9 20
9 23 10 23
9 23 9 20
9 23 10 23
10 6 10 5
10 6 10 7
10 6 9 6
10 13 10 12
10 13 10 14
10 13 9 13
10 23 10 22
10 23 10 24
10 23 11 23
10 23 10 22
10 24 8 24
11 25 11 26
11 25 5 25
11 25 12 25
12 25 12 22
12 25 12 26
12 25 14 25
12 25 12 22
13 3 13 19
13 3 4 3
13 19 5 19
13 19 15 19
14 3 14 5
14 3 26 3
14 5 24 5
14 21 14 24
14 21 20 21
14 21 14 24
14 21 20 21
15 4 24 4
15 8 15 6
16 7 16 6
17 8 17 6
17 8 17 19
17 8 18 8
17 22 17 24
17 22 15 22
17 22 18 22
18 2 16 2
18 16 18 15
18 16 20 16
18 16 18 15
22 1 22 2
23 7 23 8
23 7 22 7
23 7 23 8
23 7 22 7
23 8 23 11
23 8 21 8
23 11 23 13
25 2 25 1
25 2 26 2
25 2 25 1
25 2 26 2
26 2 26 0
26 2 26 3
26 3 26 4
26 3 27 3
4 3 4 0
4 3 4 5
4 3 1 3
4 3 4 0
5 0 5 1
5 1 5 2
5 1 11 1
6 2 11 2
9 20 8 20
9 20 10 20
10 22 10 20
10 22 12 22
12 1 12 2
12 1 11 1
12 22 12 20
15 20 17 20
16 2 15 2
16 6 17 6
17 6 20 6
18 15 18 13
18 15 19 15
20 6 20 7
22 7 20 7
23 11 23 13
26 3 26 4
26 3 27 3
1 3 1 1
1 3 1 15
1 3 0 3
1 3 1 1
1 3 1 15
1 16 1 17
1 16 2 16
2 4 2 5
2 4 3 4
2 4 2 5
2 4 3 4
3 4 3 5
6 2 11 2
8 20 8 21
8 20 7 20
8 20 8 21
8 21 8 24
8 21 7 21
10 20 11 20
15 20 17 20
16 2 15 2
20 8 20 9
20 8 18 8
20 8 20 9
20 8 18 8
20 10 20 12
21 9 21 12
0 3 0 1
0 3 0 4
0 3 0 1
0 24 0 25
0 24 5 24
0 24 5 24
1 25 1 27
1 25 2 25
1 25 1 27
1 25 2 25
5 24 5 19
5 24 5 25
5 24 7 24
7 20 7 21
15 1 15 2
15 1 21 1
18 8 18 12
18 12 18 13
18 12 20 12
18 12 20 12
20 10 20 12
20 13 20 12
20 13 20 14
20 13 21 13
21 0 26 0
21 0 26 0
21 9 21 12
0 26 0 27
5 19 5 7
5 19 1 19
1 19 1 17
1 19 1 20
1 19 1 17
1 20 1 22
1 20 3 20
1 20 1 22
1 23 2 23
2 21 2 22
2 21 3 21
2 21 2 22
2 21 3 21
2 22 2 23
2 22 3 22
2 22 2 23
3 18 3 17
3 18 2 18
3 18 4 18
4 18 4 17
4 18 3 18
4 18 4 17
5 7 5 4
5 7 3 7
5 7 6 7
1 17 2 17
4 5 3 5
4 17 3 17
5 7 5 4
5 7 6 7
4 5 3 5
5 4 8 4

4564

2 3 = 4 1                                       3 1 1 2 2 
5 5 = 6 = = = = = = = = = = = 3 5 5 = 4 4 = 2 2 ǁ 4 = 3   
4 5 3 | 4 3   3       2   3     3 3 3 | | 4 5 3 ǁ 5 3     
3 3 2 | 3 5 - 7 - - - - - - - - - 4 5 | 2 2 1   ǁ 4 3     
2 = = 6 - 3   ǁ                   3 4 |         ǁ         
3 4 1 ǁ 3 = = 7 - - - - - - - - - - - 4 - - - - 6 5   4   
ǁ ǁ 2 ǁ |     3 1 3   1   2 1   3 3 2 |         ǁ ǁ 3 5   
ǁ ǁ ǁ ǁ |     1             1   6 5 4 | 2 3 - - 5 ǁ 4 4   
ǁ ǁ ǁ ǁ 3         5       6   4     1 | 4 4 - - 3 ǁ 2     
ǁ ǁ ǁ ǁ 3   4     6   1 3 5 2 3       | 4 = = 4 | ǁ       
ǁ ǁ ǁ ǁ   3 5 4 - 7 - - 6 5 2         | 3 - 4 6 2 ǁ       
ǁ 5 3 ǁ 3 5   4   5             4 1   | 1   | 2 - 7 3     
ǁ 3 1 ǁ   1   2 1 2     2     1       | 1 - 4 = = 6 3     
6 = = 8 = = = = = = = = = = = = = = = 4           |   4 4 
ǁ 1 - 7 = 5                           |   4 = = 3 2 2     
ǁ 3 3 ǁ 1 ǁ 2 = 5 - - - - - - - - - - 2 2 ǁ 2 1 2 2     2 
ǁ ǁ 3 ǁ | ǁ 2 1 ǁ                       ǁ ǁ |     4 2   2 
ǁ ǁ | ǁ | ǁ 4 = 8 = = = = = = = = = = 5 3 ǁ 5 - 6       1 
ǁ ǁ 3 ǁ | ǁ |   5 - - - 4 2 - 4 4         ǁ 4       1   2 
ǁ ǁ ǁ ǁ | ǁ |   ǁ       ǁ   2 2 ǁ         ǁ 4 2           
ǁ ǁ ǁ ǁ | ǁ 2 2 4 2 2 = 6 5 4 3 7 5   6   5     6 4 3     
5 7 6 ǁ | ǁ   | 1 2 = = 3 2     | 3   3 2 4 2 1 2 1 1     
ǁ 4 2 ǁ | ǁ   4 |               5                     4 4 
ǁ 4   ǁ | ǁ   4 4 - - 3 = 2 3 3   3       3     3 2 2     
ǁ ǁ   ǁ 3 7 - - - - - - - 5 4 2   4 3     4 3 1         2 
ǁ 5 4 ǁ 3 6   3 2 3 3   2       4               3       1 
3 - 4 7 3 4         2 2   4     4           2 1 3 5   4 1 
2 2   5       2                         3       3 2 3 3 2 
2     4       3 2 2                     3   1 1 4   4 3 2 
