29 29
2 2 0 0 0 1 0 0 0 0 0 0 0 0 0 0 0 0 1 0 0 0 4 3 4 0 4 0 2 
1 0 1 0 0 4 0 0 0 0 0 0 0 0 0 0 0 0 3 0 0 0 5 1 2 0 2 1 0 
1 5 0 0 0 5 0 0 4 3 3 3 0 0 4 0 1 1 4 0 1 0 0 2 0 0 4 4 3 
1 3 2 0 0 3 1 0 4 2 0 1 1 1 0 0 0 0 1 0 0 0 0 1 2 1 0 0 0 
3 3 2 2 0 4 0 0 0 0 5 0 3 3 5 0 0 0 0 0 0 0 7 4 5 3 0 0 0 
0 0 2 2 1 3 0 1 0 0 0 0 1 1 2 0 0 1 0 0 0 0 0 1 1 1 0 0 0 
3 0 0 3 0 2 0 0 0 0 4 0 0 0 0 0 0 0 0 0 0 0 6 0 0 0 5 0 0 
0 0 0 1 1 3 2 0 1 0 0 2 0 0 0 0 0 0 4 1 1 1 0 2 0 2 3 0 0 
2 2 3 0 0 5 0 0 0 0 4 0 0 0 0 0 0 0 5 0 6 5 0 0 1 0 0 0 0 
0 3 1 2 3 0 4 0 2 0 0 1 0 0 0 0 0 3 0 1 0 0 0 0 0 0 0 0 0 
0 5 0 6 3 0 0 1 0 0 5 0 0 0 0 0 0 4 0 0 0 0 0 2 0 0 3 0 0 
0 2 2 0 2 7 6 3 1 0 6 0 6 0 0 3 0 3 3 3 3 3 0 3 3 0 2 0 1 
0 1 2 0 2 3 1 1 2 0 4 0 3 0 0 0 0 2 1 1 3 2 0 1 1 0 1 0 2 
3 0 0 5 0 0 0 0 0 0 0 0 0 0 0 0 0 0 0 0 0 0 5 0 0 5 0 6 5 
0 0 1 0 0 0 0 0 0 0 0 0 0 3 0 1 2 0 1 0 0 0 0 3 1 0 2 0 3 
0 2 0 0 0 0 0 0 0 0 0 0 0 0 3 2 0 0 0 0 0 0 0 0 2 0 0 0 0 
0 0 0 0 0 0 0 0 0 0 0 0 0 3 2 0 4 1 0 0 0 0 0 0 3 0 0 0 0 
2 4 2 0 0 0 0 0 0 0 0 0 0 0 3 1 0 0 0 0 0 0 0 0 0 0 0 0 0 
2 4 2 0 0 0 0 0 0 0 0 0 0 0 5 0 5 0 0 0 0 0 6 5 2 0 0 0 0 
0 2 1 0 0 0 0 0 0 0 0 0 0 0 1 1 0 0 0 0 0 0 0 3 1 0 0 0 0 
3 0 0 4 0 0 0 0 0 0 0 0 0 3 2 2 3 3 0 0 0 0 4 5 2 0 0 0 0 
3 1 0 0 1 2 0 0 0 0 0 0 0 3 3 1 0 3 0 0 2 1 0 0 0 6 5 0 0 
0 1 0 0 0 0 0 0 0 0 0 0 0 0 2 1 0 2 1 4 0 0 3 0 0 0 3 0 0 
0 2 0 4 0 0 0 0 0 0 0 0 0 4 3 2 0 2 1 6 3 1 0 0 0 0 3 6 3 
0 0 0 0 0 0 0 2 1 0 0 0 0 0 1 2 0 1 2 1 0 0 0 0 0 5 3 0 0 
2 1 0 0 0 0 0 2 0 0 0 0 0 4 4 3 0 1 6 2 2 0 3 0 0 0 2 0 0 
2 2 0 5 0 0 0 0 0 0 0 0 0 2 1 0 0 1 0 0 2 1 1 0 0 0 1 0 0 
4 0 0 5 1 1 0 0 0 0 0 0 4 0 0 0 5 3 3 0 0 0 0 3 2 2 1 2 1 
2 1 0 3 0 1 0 0 0 0 0 0 3 0 1 2 4 2 0 0 0 0 2 1 2 0 0 2 1 
300 30
4 22 4 14
4 22 4 23
4 22 1 22
4 22 6 22
6 26 6 22
6 26 2 26
6 26 7 26
10 1 10 3
10 1 9 1
10 1 11 1
11 5 11 4
11 5 11 6
11 5 8 5
11 5 12 5
13 28 13 27
13 28 12 28
13 28 14 28
21 26 21 25
21 26 14 26
21 26 22 26
23 19 23 18
23 19 23 20
23 19 22 19
23 19 24 19
24 25 24 26
24 25 21 25
24 25 27 25
2 20 2 18
23 19 23 20
23 19 22 19

2254

2 2       1                         1       4 3 4   4   2 
1   1     4                         3       5 1 2   2 1   
1 5       5     4 3 3 3     4   1 1 4 - 1   | 2     4 4 3 
1 3 2     3 1   4 2   1 1 1         1       | 1 2 1 |     
3 3 2 2   4         5   3 3 5 - - - - - - - 7 4 5 3 |     
    2 2 1 3   1         1 1 2     1         | 1 1 1 |     
3     3   2         4                       6 - - - 5     
      1 1 3 2   1     2             4 1 1 1   2   2 3     
2 2 3     5         4               5   6 5     1         
  3 1 2 3 | 4   2     1           3   1                   
  5 - 6 3 |   1     5             4           2     3     
  2 2   2 7 6 3 1   6   6     3   3 3 3 3 3   3 3   2   1 
  1 2   2 3 1 1 2   4   3         2 1 1 3 2   1 1   1   2 
3     5                                     5     5   6 5 
    1                     3   1 2   1         3 1   2   3 
  2                         3 2                 2   |     
                          3 2   4 1             3   |     
2 4 2                       3 1                     |     
2 4 2                       5   5           6 5 2   |     
  2 1                       1 1               3 1   |     
3     4                   3 2 2 3 3         4 5 2   |     
3 1     1 2               3 3 1   3     2 1       6 5     
  1                         2 1   2 1 4     3     | 3     
  2   4                   4 3 2   2 1 6 3 1       | 3 6 3 
              2 1           1 2   1 2 1           5 3     
2 1           2           4 4 3   1 6 2 2   3     | 2     
2 2   5                   2 1     1     2 1 1     | 1     
4     5 1 1             4       5 3 3         3 2 2 1 2 1 
2 1   3   1             3   1 2 4 2         2 1 2     2 1 
