29 29
1 2 0 0 2 3 0 5 2 1 0 0 3 0 0 0 0 0 6 3 4 0 4 0 0 3 2 5 3 
2 0 3 2 0 3 0 5 0 0 0 0 0 5 0 0 0 0 7 0 4 1 0 0 0 0 5 8 4 
2 0 0 2 0 2 0 6 3 0 0 0 0 0 3 0 0 0 5 2 7 4 0 0 0 4 0 0 2 
0 0 0 2 0 3 2 0 1 0 0 0 0 0 2 3 0 0 3 1 2 1 0 2 0 5 0 0 0 
2 0 6 3 5 0 0 5 0 0 0 0 0 6 0 0 0 0 0 0 0 0 5 0 0 3 0 0 3 
2 3 0 3 5 3 0 0 0 3 2 0 4 0 2 3 0 0 2 3 3 2 0 3 0 3 0 0 2 
0 0 0 1 1 0 2 0 5 3 0 2 0 0 1 0 0 0 0 0 0 2 3 3 2 0 0 0 2 
0 0 0 3 0 5 0 0 8 2 1 3 0 0 1 0 0 0 0 0 2 0 0 0 3 0 0 0 0 
0 0 0 4 1 0 2 0 6 1 0 2 0 0 0 0 0 0 0 0 3 0 4 2 0 0 0 5 4 
0 0 0 0 0 0 2 2 3 0 0 0 0 0 0 4 1 0 0 4 2 3 5 1 0 0 0 0 0 
0 0 0 5 0 5 0 0 0 0 6 4 6 0 0 2 0 0 0 3 3 2 0 2 0 0 0 0 0 
0 0 0 5 3 0 1 4 0 0 6 4 3 0 3 0 0 0 5 0 0 0 6 6 0 0 0 0 0 
0 0 0 4 3 0 3 7 0 0 5 5 4 0 4 0 4 2 0 2 5 3 0 5 3 0 0 0 0 
0 2 0 0 0 0 2 4 0 0 7 6 4 0 0 1 0 0 4 0 3 2 0 0 1 0 0 0 0 
0 0 0 0 0 0 0 0 2 0 6 3 0 0 3 0 0 0 3 0 3 2 0 0 0 0 0 0 0 
0 0 0 3 0 4 0 0 0 0 0 0 0 5 0 0 0 0 0 0 0 0 4 4 4 0 0 0 0 
0 0 0 3 3 4 0 2 0 2 0 0 0 4 0 2 0 0 0 1 0 0 0 2 3 0 0 0 0 
2 0 5 0 0 0 0 0 0 0 0 0 0 0 0 0 0 0 0 0 0 0 4 0 0 6 5 0 0 
2 3 0 0 2 0 5 0 0 2 0 0 0 0 0 0 0 0 0 0 0 0 0 1 3 0 1 0 2 
3 2 0 2 0 0 6 0 0 0 0 0 0 0 0 0 0 0 0 0 0 0 5 0 4 0 1 0 0 
0 2 0 4 0 0 5 0 0 4 3 0 4 0 1 0 0 2 0 4 3 0 0 2 0 0 0 0 0 
5 5 0 3 0 0 3 4 3 5 0 0 5 1 0 0 0 0 1 0 0 0 0 0 0 2 0 2 0 
0 2 0 5 0 0 0 0 0 0 0 0 0 0 0 0 0 0 4 5 4 0 6 4 0 0 0 2 0 
0 0 0 0 2 3 3 0 0 0 0 0 0 0 0 0 0 0 0 3 3 0 5 1 0 0 0 0 0 
0 0 0 0 3 0 0 0 0 0 0 0 0 0 0 0 0 0 0 0 0 0 0 0 5 0 6 3 0 
5 0 5 5 2 0 0 0 0 0 0 0 0 0 0 0 0 4 5 4 3 0 0 0 0 1 0 1 0 
3 2 0 4 0 0 0 0 4 6 0 0 0 4 0 3 2 2 1 0 0 0 1 0 4 3 0 0 0 
2 0 6 0 0 0 4 0 0 5 0 0 0 0 0 0 0 0 0 5 3 0 2 0 5 0 7 3 2 
2 0 5 2 3 4 5 0 0 0 0 4 0 0 2 0 0 0 0 4 0 0 0 0 3 0 3 2 1 
300 251
0 7 0 5
0 7 0 8
0 7 1 7
0 18 0 12
0 18 0 19
0 18 1 18
0 18 0 12
0 18 0 19
0 18 1 18
0 27 0 26
0 27 0 28
0 27 1 27
1 13 1 7
1 13 1 18
1 13 4 13
1 27 1 26
1 27 1 28
1 27 0 27
1 27 8 27
1 27 1 26
1 27 1 28
1 27 0 27
1 28 0 28
1 28 2 28
2 20 2 19
2 20 2 21
2 20 1 20
2 20 3 20
2 28 4 28
3 25 3 23
3 25 2 25
3 25 4 25
4 28 5 28
7 8 7 5
7 8 7 9
7 8 6 8
7 8 8 8
7 8 7 5
7 8 7 9
7 8 6 8
7 8 8 8
8 8 8 6
8 8 8 9
8 8 9 8
8 8 8 6
10 3 10 5
10 3 8 3
10 3 11 3
11 23 11 22
11 23 10 23
11 23 12 23
11 23 11 22
11 23 10 23
11 23 12 23
12 7 12 6
12 7 12 10
12 7 11 7
12 7 13 7
13 10 13 7
13 10 13 11
13 10 12 10
13 10 14 10
17 26 17 25
17 26 1 26
17 26 18 26
21 0 21 1
21 0 19 0
21 0 25 0
21 12 21 9
21 12 21 13
21 12 20 12
26 13 26 9
26 13 26 15
26 13 26 9
26 13 26 15
26 25 26 24
26 25 25 25
26 25 26 24
27 9 27 6
27 9 27 19
27 9 26 9
27 26 27 24
27 26 27 27
27 26 24 26
27 26 28 26
28 2 28 0
28 2 28 3
28 2 27 2
28 6 28 5
28 6 28 11
28 6 27 6
28 11 28 6
28 11 28 14
28 11 28 14
28 19 28 24
28 19 27 19
28 19 28 24
28 19 27 19
0 12 0 9
4 7 4 4
4 7 4 13
4 7 2 7
4 28 5 28
6 28 8 28
8 27 8 28
8 27 21 27
8 27 8 28
8 27 21 27
8 28 6 28
11 22 11 18
11 22 9 22
11 22 15 22
11 22 11 18
12 20 12 19
12 20 12 21
12 20 13 20
17 26 17 25
17 26 1 26
18 28 27 28
18 28 27 28
21 12 21 9
21 12 20 12
26 9 26 8
26 9 21 9
26 9 27 9
28 28 28 27
0 8 0 7
3 6 3 5
3 8 2 8
17 25 17 22
17 25 5 25
17 25 21 25
17 25 17 22
19 26 24 26
21 25 21 18
22 3 22 1
22 3 21 3
22 3 25 3
22 18 22 19
22 18 25 18
22 18 22 19
22 18 25 18
22 22 22 20
22 22 22 23
22 22 23 22
22 22 22 20
22 22 22 23
22 22 23 22
22 23 23 23
22 27 24 27
23 22 23 20
23 22 26 22
23 22 23 20
24 26 24 24
24 26 24 27
24 26 27 26
24 26 24 24
25 2 25 0
25 2 25 3
25 2 27 2
26 1 26 0
26 8 26 3
26 8 21 8
26 8 26 3
26 24 24 24
26 24 27 24
28 5 28 4
28 5 28 6
28 5 28 4
2 8 2 7
3 6 3 5
17 2 17 0
17 2 17 22
17 2 4 2
18 6 18 4
18 6 18 9
18 6 19 6
19 22 19 6
19 22 19 24
19 22 17 22
19 24 19 22
19 24 18 24
19 24 18 24
20 12 20 10
20 12 20 14
20 19 20 17
20 19 20 20
20 19 20 17
20 19 20 20
20 20 20 23
21 7 21 6
21 7 21 8
21 7 21 6
21 7 21 8
21 9 20 9
21 9 20 9
22 20 22 19
22 20 23 20
22 27 24 27
25 17 25 18
25 17 26 17
25 17 25 18
25 17 26 17
25 27 27 27
26 1 26 0
26 3 25 3
26 3 28 3
26 15 26 16
26 18 25 18
27 2 27 0
27 2 25 2
27 2 28 2
27 2 27 0
27 6 27 9
28 0 28 2
2 8 2 7
13 1 5 1
14 8 14 10
14 10 14 8
14 10 14 11
14 10 13 10
14 10 14 11
15 22 15 13
15 22 15 23
15 22 15 13
18 9 18 6
18 23 18 24
19 22 19 6
20 9 20 6
20 9 20 10
22 19 23 19
26 0 25 0
2 7 2 5
2 7 1 7
2 7 4 7
13 1 5 1
19 6 19 3
19 6 18 6
19 6 20 6
22 19 23 19
23 19 25 19
25 0 25 2
25 0 21 0
25 19 25 20
25 19 27 19
25 19 25 20
25 20 27 20
27 19 27 20
27 20 27 22
27 22 27 24
18 4 18 1

3606

1 2     2 3 - 5 2 1 - - 3 = = = = = 6 3 4   4     3 2 5 3 
2   3 2   3   5 - - - - - 5 - - - - 7   4 1         5 8 4 
2     2   2 - 6 3         | 3       5 2 7 4       4 ǁ | 2 
      2   3 2 ǁ 1         | 2 3     3 1 2 1   2 - 5 ǁ | | 
2   6 3 5 - - 5 - - - - - 6                 5     3 ǁ | 3 
2 3 | 3 5 3       3 2   4   2 3     2 3 3 2   3   3 ǁ | 2 
  ǁ | 1 1   2   5 3   2     1             2 3 3 2 | ǁ | 2 
  ǁ | 3   5 = = 8 2 1 3     1           2       3 | ǁ | ǁ 
  ǁ | 4 1   2 = 6 1   2                 3   4 2   | ǁ 5 4 
  ǁ | |     2 2 3             4 1     4 2 3 5 1   | ǁ ǁ   
  ǁ | 5 - 5         6 4 6     2       3 3 2 | 2   | ǁ ǁ   
  ǁ | 5 3   1 4     6 4 3   3       5 = = = 6 6   | ǁ ǁ   
  ǁ | 4 3   3 7 - - 5 5 4   4   4 2   2 5 3 | 5 3 | ǁ ǁ   
  2 |       2 4 - - 7 6 4     1     4   3 2 |   1 | ǁ ǁ   
    |           2 = 6 3     3       3   3 2 |     | ǁ ǁ   
    | 3   4               5 = = = = = = = = 4 4 4 | ǁ ǁ   
    | 3 3 4   2   2       4   2       1       2 3 | ǁ ǁ   
2 - 5 - - - - - - - - - - - - - - - - - - - 4 = = 6 5 ǁ   
2 3 - - 2 - 5 = = 2                         | 1 3 | 1 ǁ 2 
3 2   2 - - 6 = = = = = = = = = = = = = = = 5 = 4 | 1 ǁ ǁ 
| 2   4     5 - - 4 3 - 4 - 1     2 = 4 3 - - 2   | | ǁ ǁ 
5 5   3     3 4 3 5 = = 5 1         1 - - - - - - 2 | 2 ǁ 
ǁ 2 - 5         | |                 4 5 4 = 6 4     | 2 ǁ 
ǁ     | 2 3 3   | |                 ǁ 3 3 = 5 1     | ǁ ǁ 
ǁ     | 3       | |                 ǁ |     |   5 = 6 3 ǁ 
5 = 5 5 2       | |               4 5 4 3   |   | 1 ǁ 1 ǁ 
3 2 ǁ 4 = = = = 4 6 = = = 4 = 3 2 2 1 | |   1   4 3 ǁ | ǁ 
2 = 6 |     4 = = 5 - - - - - - - - - 5 3 - 2 - 5 - 7 3 2 
2 = 5 2 3 4 5 = = = = 4 = = 2         4 = = = = 3   3 2 1 
