29 29
1 0 4 1 1 0 0 0 0 0 0 0 0 0 0 0 0 0 0 2 0 0 5 0 3 2 2 2 1 
1 2 7 0 0 0 0 0 0 0 0 0 0 0 0 0 0 0 0 0 0 0 7 0 0 0 6 4 0 
0 2 5 0 0 0 0 0 0 0 4 0 0 0 0 0 5 3 5 5 5 4 0 4 4 0 4 2 0 
0 2 2 0 0 0 0 0 0 0 0 0 0 0 0 0 4 3 5 3 5 4 0 4 6 0 3 0 0 
0 1 2 0 0 0 0 0 0 0 0 0 0 0 0 0 2 0 1 1 5 2 0 0 3 1 0 0 0 
4 0 6 0 0 0 0 0 0 0 0 0 0 0 0 0 0 0 0 0 0 0 5 0 0 0 5 6 0 
0 1 0 2 0 5 0 4 0 0 0 0 0 4 1 4 0 0 0 4 2 0 0 1 2 1 0 4 0 
0 0 0 1 2 6 1 4 0 0 0 3 1 0 0 4 0 2 0 0 0 0 0 2 5 4 0 0 0 
0 2 0 4 0 5 0 0 0 0 0 0 0 7 0 0 0 0 0 4 0 0 0 0 0 2 0 0 0 
0 0 0 0 3 7 5 0 4 1 2 1 1 0 2 3 2 2 3 0 0 0 0 0 3 3 0 0 0 
0 0 0 0 2 0 0 0 2 0 0 0 3 0 4 4 0 6 8 2 0 0 0 0 0 0 0 0 0 
0 0 0 0 0 0 0 2 4 0 6 3 0 0 1 0 1 0 3 1 0 0 0 0 0 0 0 0 0 
0 0 0 0 3 4 0 1 4 2 0 3 3 0 0 0 0 3 1 0 0 0 0 0 0 0 0 0 0 
0 0 0 0 0 1 0 0 0 0 0 0 0 0 4 6 5 0 0 0 0 0 0 0 0 0 0 0 0 
0 0 0 2 2 0 6 0 0 0 5 4 0 0 2 4 4 0 2 0 0 0 0 0 0 0 0 0 0 
0 0 0 0 0 0 2 1 4 2 4 4 2 0 3 3 0 0 0 0 0 0 0 0 0 0 0 0 0 
0 0 0 0 4 0 0 0 6 0 4 4 3 0 3 0 0 4 6 2 0 0 0 3 0 0 3 0 0 
4 3 0 0 3 1 0 0 2 0 4 1 0 0 1 0 0 0 5 2 0 0 0 0 1 0 0 0 0 
2 1 0 0 3 0 0 0 0 0 3 1 0 0 0 0 0 0 1 0 0 0 0 0 0 0 0 0 0 
2 0 7 0 0 0 0 0 0 0 0 0 0 7 0 0 0 5 0 0 7 1 0 2 3 0 4 0 0 
3 2 0 1 4 0 0 2 2 4 0 0 4 0 3 3 1 1 2 0 6 2 0 1 2 2 3 0 0 
0 1 0 0 0 2 0 0 0 0 0 0 6 0 3 0 0 3 0 0 4 0 7 0 0 0 0 7 2 
0 0 0 0 0 0 0 0 0 0 0 0 0 0 1 2 0 5 2 0 0 2 0 1 0 4 2 5 3 
0 0 0 0 0 0 0 0 1 0 2 0 0 0 4 0 0 4 0 0 5 3 0 3 0 6 0 2 2 
0 0 0 0 0 0 0 0 0 0 0 0 0 0 5 4 2 3 3 0 5 1 0 4 2 3 1 0 0 
0 0 0 5 6 0 0 0 0 0 4 0 5 4 3 6 0 0 6 0 3 0 6 0 0 0 0 6 4 
0 0 0 3 4 0 0 0 4 3 2 1 0 1 1 3 2 1 3 1 3 2 0 1 0 0 3 4 3 
6 0 6 0 0 0 0 0 0 0 3 3 6 0 0 0 0 0 0 0 0 0 6 0 0 0 6 4 2 
4 2 4 0 0 4 2 0 0 0 3 2 2 2 3 3 0 0 0 0 0 0 3 0 0 2 4 4 2 
300 259
0 2 0 0
0 2 0 3
0 2 1 2
0 2 1 2
0 22 0 19
0 22 0 24
0 22 1 22
1 2 1 1
1 2 1 22
1 2 2 2
2 16 2 10
2 16 2 17
2 16 3 16
2 18 2 17
2 18 2 19
2 18 3 18
2 20 2 19
2 20 2 21
2 20 3 20
5 27 5 26
5 27 2 27
5 27 6 27
5 27 5 26
5 27 2 27
5 27 6 27
6 5 6 3
6 5 6 7
6 5 7 5
6 27 6 25
6 27 21 27
7 25 7 24
7 25 8 25
7 25 7 24
7 25 8 25
8 13 8 5
8 13 8 19
8 13 6 13
8 13 19 13
9 5 9 4
9 5 9 6
9 5 8 5
9 5 12 5
10 18 10 17
10 18 10 19
10 18 9 18
10 18 11 18
10 18 10 17
10 18 10 19
10 18 9 18
10 18 11 18
13 16 13 15
13 16 11 16
13 16 14 16
19 2 19 0
19 2 19 13
19 2 5 2
19 2 27 2
19 20 19 17
19 20 19 21
19 20 6 20
19 20 20 20
21 22 21 20
21 22 21 27
21 22 5 22
21 22 25 22
21 27 21 22
21 27 21 28
21 27 22 27
24 14 24 15
24 14 23 14
24 14 25 14
25 3 25 4
25 3 20 3
25 3 26 3
27 0 27 2
27 0 20 0
27 0 28 0
27 0 27 2
27 0 20 0
27 0 28 0
27 2 27 10
27 2 19 2
27 2 28 2
28 0 28 1
28 0 28 1
28 2 28 5
28 5 28 2
28 5 28 6
28 5 28 6
0 4 0 19
0 22 0 24
0 22 1 22
1 27 1 26
1 27 0 27
1 27 1 26
1 27 0 27
2 10 2 2
2 10 2 16
2 10 2 2
7 12 7 11
7 15 7 17
7 15 6 15
7 15 7 17
7 15 6 15
8 19 8 13
8 19 6 19
8 19 6 19
9 18 9 17
10 17 10 15
10 17 9 17
10 17 12 17
10 17 10 15
13 16 13 15
13 16 14 16
18 18 17 18
19 20 19 17
19 20 6 20
19 20 20 20
20 1 20 0
20 1 21 1
20 4 20 7
20 4 25 4
20 4 20 7
20 4 25 4
20 20 20 18
20 20 20 21
20 20 21 20
20 20 20 18
21 5 21 12
21 27 21 28
21 27 22 27
25 3 25 4
25 3 26 3
26 3 26 4
26 4 26 8
26 4 25 4
26 4 26 8
26 8 26 9
26 8 23 8
26 9 26 10
1 26 1 22
1 26 0 26
1 26 2 26
1 26 1 22
2 26 2 24
2 26 3 26
2 26 2 24
4 20 4 19
4 20 4 21
4 20 3 20
4 25 4 24
6 15 6 14
6 15 6 19
7 11 7 7
9 16 9 15
13 15 13 14
13 15 10 15
13 15 14 15
13 15 13 14
20 8 20 9
20 9 20 8
20 9 20 12
20 9 20 12
20 12 20 14
20 12 21 12
21 5 21 12
26 9 26 10
0 24 0 25
0 25 0 26
2 24 2 23
2 24 3 24
3 24 3 23
3 24 3 26
3 24 4 24
3 24 3 23
3 24 3 26
4 20 4 21
4 20 3 20
4 24 6 24
6 13 6 7
6 13 8 13
6 13 6 7
7 7 7 6
7 7 7 11
7 7 6 7
9 16 9 15
10 15 10 14
13 14 11 14
13 14 14 14
19 13 19 2
19 13 19 17
19 13 8 13
19 13 19 17
25 10 25 12
25 10 23 10
25 10 25 12
25 10 23 10
2 23 2 21
2 23 3 23
2 23 2 21
3 23 3 21
5 22 5 2
5 22 21 22
5 22 5 2
6 5 6 3
6 5 7 5
7 5 7 4
7 5 8 5
9 15 9 14
10 14 9 14
14 16 14 15
14 16 14 18
1 22 1 2
2 21 2 20
3 21 3 20
5 2 5 0
5 2 4 2
5 2 19 2
6 1 8 1
7 5 7 4
7 5 8 5
8 1 17 1
12 17 12 18
14 15 14 14
14 15 15 15
14 18 16 18
15 15 15 14
16 18 16 17
16 18 16 19
16 18 17 18
16 18 16 17
16 18 16 19
17 18 17 14
17 18 17 19
17 18 17 19
19 0 18 0
19 17 20 17
3 21 3 20
5 0 1 0
5 0 17 0
5 0 17 0
7 3 8 3
8 3 8 5
8 3 14 3
8 3 14 3
9 5 9 4
9 5 9 6
9 5 12 5
11 18 11 19
15 15 15 14
16 17 16 14
17 0 17 1
17 0 18 0
17 1 18 1
2 20 2 19
9 4 10 4
10 4 12 4
15 14 16 14
16 14 16 17

3827

1 - 4 1 1 - - - - - - - - - - - - - - 2 - - 5 = 3 2 2 2 1 
1 2 7 = = = = = = = = = = = = = = = = = = = 7 = = = 6 4   
| 2 5 = = = = = = = 4 = = = = = 5 3 5 5 5 4 = 4 4 = 4 2   
| 2 2                           4 3 5 3 5 4 - 4 6 = 3 ǁ   
| 1 2                           2   1 1 5 2     3 1   ǁ   
4 - 6 = = = = = = = = = = = = = = = = = = = 5   |   5 6   
ǁ 1 ǁ 2 = 5 - 4 = = = = = 4 1 4 - - - 4 2   ǁ 1 2 1 - 4   
ǁ | ǁ 1 2 6 1 4 = = = 3 1 ǁ   4 = 2   ǁ ǁ   ǁ 2 5 4   |   
ǁ 2 ǁ 4 - 5 - - - - - - - 7 = = = = = 4 ǁ   ǁ     2   |   
ǁ | ǁ ǁ 3 7 5   4 1 2 1 1 ǁ 2 3 2 2 3   ǁ   ǁ   3 3   |   
ǁ | ǁ ǁ 2 ǁ     2       3 ǁ 4 4 = 6 8 2 ǁ   ǁ         |   
ǁ | ǁ ǁ | ǁ   2 4   6 3   ǁ 1 | 1 | 3 1 ǁ   ǁ         |   
ǁ | ǁ ǁ 3 4   1 4 2   3 3 ǁ | | | 3 1   ǁ   ǁ         |   
ǁ | ǁ ǁ   1               ǁ 4 6 5       ǁ   ǁ         |   
ǁ | ǁ 2 2   6       5 4   ǁ 2 4 4 - 2   ǁ   ǁ         |   
ǁ | ǁ       2 1 4 2 4 4 2 ǁ 3 3     |   ǁ   ǁ         |   
ǁ | ǁ   4       6   4 4 3 ǁ 3 = = 4 6 2 ǁ   ǁ 3     3 |   
4 3 ǁ   3 1     2   4 1   ǁ 1 - - - 5 2 ǁ   ǁ   1     |   
2 1 ǁ   3           3 1   ǁ         1   ǁ   ǁ         |   
2 - 7 = = = = = = = = = = 7 = = = 5 = = 7 1 ǁ 2 3   4 |   
3 2 ǁ 1 4 = = 2 2 4 = = 4 - 3 3 1 1 2 = 6 2 ǁ 1 2 2 3 |   
ǁ 1 ǁ | ǁ 2 = = = = = = 6   3     3     4 - 7 = = = = 7 2 
ǁ   ǁ | ǁ                   1 2   5 2     2 | 1   4 2 5 3 
ǁ   ǁ | ǁ       1   2       4     4     5 3 | 3   6   2 2 
ǁ   ǁ | ǁ       |   ǁ       5 4 2 3 3   5 1 | 4 2 3 1     
ǁ   ǁ 5 6       |   4 = 5 4 3 6     6   3   6         6 4 
ǁ   ǁ 3 4 = = = 4 3 2 1   1 1 3 2 1 3 1 3 2   1     3 4 3 
6 = 6 - - - - - - - 3 3 6                   6       6 4 2 
4 2 4 = = 4 2       3 2 2 2 3 3             3     2 4 4 2 
