29 29
4 0 0 0 0 0 0 6 5 3 1 5 0 0 2 4 0 5 2 3 0 0 6 0 0 6 0 4 2 
0 2 2 0 0 0 0 0 1 3 2 0 0 2 0 5 1 0 2 3 0 0 0 0 0 2 2 6 4 
0 6 5 0 0 0 0 6 0 0 0 6 0 0 0 0 0 5 0 0 0 0 6 0 0 0 0 4 2 
0 2 3 0 0 1 0 0 2 0 4 0 2 4 1 4 2 0 1 0 0 0 5 4 3 0 0 4 2 
0 1 6 0 0 0 0 7 0 1 0 0 2 7 7 4 0 0 2 2 4 0 0 2 2 1 0 0 0 
0 1 4 0 2 0 0 0 2 4 0 0 1 0 4 2 0 0 6 0 5 0 7 0 0 0 0 7 3 
0 3 5 0 0 0 0 7 0 7 4 0 2 7 4 2 0 0 2 1 3 2 0 3 0 0 3 6 2 
0 3 0 4 0 4 2 0 2 0 0 0 0 0 0 0 0 0 0 0 0 0 0 0 2 4 0 2 2 
0 4 0 4 2 0 0 0 0 0 0 0 1 6 0 0 0 6 0 2 0 0 0 4 3 6 0 4 4 
0 2 0 4 2 0 4 0 0 0 2 0 0 0 0 0 0 0 1 4 6 1 0 2 1 0 0 0 2 
0 4 4 0 2 0 0 0 0 0 0 0 0 2 0 0 0 0 2 0 0 2 7 0 0 7 8 6 4 
0 2 0 0 0 0 0 0 0 0 0 0 0 0 0 0 0 0 0 0 0 1 0 0 0 0 0 1 2 
0 2 7 8 6 0 0 0 4 4 3 0 0 0 0 0 0 0 0 0 0 0 0 0 0 0 0 0 0 
0 2 2 2 2 0 0 0 2 1 2 0 0 2 0 0 0 5 5 0 2 0 0 0 0 0 0 0 0 
6 6 3 0 0 6 4 0 0 0 0 0 2 0 0 0 5 0 6 0 0 0 0 0 0 0 0 5 5 
0 0 0 2 0 0 2 0 0 0 0 0 0 0 0 0 0 2 0 0 2 0 0 0 0 0 0 0 0 
0 0 0 0 0 0 4 7 7 4 5 0 0 0 2 0 7 3 3 0 0 0 0 0 0 0 0 0 0 
0 0 4 4 0 0 0 0 0 0 0 0 0 1 0 0 7 2 0 0 0 0 0 0 0 0 0 0 0 
0 0 2 3 0 0 0 0 0 0 0 0 0 0 0 0 3 1 0 0 0 0 0 0 0 0 0 0 0 
0 0 3 4 2 0 0 2 2 1 2 0 5 0 0 0 0 2 1 0 0 0 0 0 0 0 0 0 0 
0 0 0 0 0 0 0 0 0 0 0 0 2 0 0 0 0 0 0 0 0 0 0 4 0 6 0 0 1 
0 0 5 0 0 6 0 0 0 0 0 8 0 0 0 0 0 0 0 6 3 0 0 0 2 6 0 0 2 
0 0 0 1 2 0 2 6 5 2 0 0 4 4 1 0 2 0 0 8 2 0 0 0 0 2 0 0 4 
0 2 6 5 4 0 0 0 4 4 2 0 2 0 0 0 0 0 0 0 1 0 0 0 0 0 0 0 0 
4 4 5 4 2 0 0 0 1 2 0 0 2 7 0 0 0 0 0 8 7 5 0 2 3 0 5 0 0 
1 2 1 0 0 3 0 4 0 3 4 0 2 6 2 1 0 3 0 4 2 2 0 0 2 0 2 0 0 
5 0 0 0 0 0 0 0 0 0 0 8 0 0 0 0 0 0 0 0 0 0 7 0 0 0 0 7 5 
6 0 0 0 0 0 4 2 0 3 0 7 2 2 4 0 0 0 0 0 4 0 7 0 0 2 0 4 4 
2 0 0 0 0 0 0 0 0 4 2 2 1 0 0 0 0 0 0 0 0 0 5 0 0 4 2 2 2 
300 488
0 0 0 7
0 0 14 0
0 0 0 7
0 0 14 0
0 7 0 8
0 7 2 7
0 8 0 7
0 8 0 9
0 8 1 8
0 11 0 10
0 11 0 14
0 11 2 11
0 17 0 15
0 17 0 18
0 17 2 17
0 22 0 19
0 22 0 25
0 22 2 22
0 22 0 19
0 22 0 25
0 22 2 22
0 25 0 27
0 25 1 25
2 1 2 2
2 1 1 1
2 1 3 1
2 1 2 2
2 1 1 1
2 1 3 1
2 22 2 17
2 22 2 27
2 22 3 22
2 22 2 17
4 7 4 2
4 7 4 9
4 7 2 7
4 7 6 7
4 13 4 12
4 13 4 14
4 13 3 13
4 13 6 13
4 14 4 13
4 14 4 15
4 14 3 14
4 14 5 14
5 22 5 20
5 22 5 27
5 22 3 22
5 22 10 22
6 9 6 7
6 9 6 10
6 9 5 9
6 9 12 9
10 25 10 22
10 25 10 26
10 25 8 25
10 25 20 25
10 26 10 25
10 26 10 27
10 26 6 26
10 26 24 26
10 26 10 25
10 26 10 27
10 26 6 26
10 27 10 28
10 27 8 27
10 27 11 27
10 27 10 28
10 28 9 28
10 28 11 28
11 28 14 28
12 2 12 1
12 2 12 3
12 2 10 2
12 2 13 2
12 3 12 2
12 3 12 4
12 3 9 3
12 3 13 3
12 3 12 2
12 3 12 4
12 3 9 3
12 4 12 8
12 4 10 4
12 4 13 4
12 4 12 8
14 0 14 1
14 0 24 0
14 5 14 2
14 5 14 6
14 5 21 5
14 5 14 2
14 5 14 6
14 5 21 5
14 6 14 12
14 6 15 6
14 18 14 16
14 18 13 18
14 18 16 18
14 18 14 16
14 18 13 18
14 18 16 18
14 28 14 27
14 28 20 28
14 28 14 27
14 28 14 27
15 3 17 3
16 10 16 9
16 10 16 14
16 10 19 10
16 16 16 14
16 16 16 17
16 16 14 16
16 16 17 16
17 16 17 13
17 16 17 17
17 16 16 16
17 16 18 16
19 12 19 10
19 12 19 17
19 12 20 12
20 25 20 23
20 25 10 25
20 25 21 25
20 25 20 23
20 25 21 25
21 2 21 5
21 2 19 2
21 2 23 2
21 5 21 2
21 5 21 11
21 5 25 5
21 25 21 24
21 25 22 25
21 25 21 24
21 25 22 25
21 28 22 28
22 7 22 6
22 7 22 8
22 7 25 7
22 7 22 6
22 7 22 8
22 7 25 7
22 19 22 16
22 19 22 20
22 19 21 19
22 19 24 19
22 19 22 16
22 19 22 20
22 19 21 19
22 19 24 19
22 28 21 28
22 28 26 28
22 28 26 28
23 20 24 20
24 13 24 12
24 13 24 19
24 13 22 13
24 13 25 13
24 19 24 13
24 19 24 20
24 19 25 19
24 20 24 19
24 20 24 21
24 20 25 20
24 26 24 24
24 26 25 26
26 0 26 11
26 0 25 0
26 0 27 0
26 11 26 0
26 11 26 22
26 11 21 11
26 11 27 11
26 27 26 22
26 27 26 28
26 27 14 27
26 27 27 27
27 0 27 6
27 0 26 0
27 0 28 0
27 6 27 0
27 6 27 7
27 6 27 7
27 14 27 13
27 14 27 20
27 14 27 13
27 14 27 20
27 20 27 22
28 22 28 12
28 22 28 25
28 22 27 22
0 7 0 8
0 9 1 9
0 9 1 9
0 11 0 14
0 11 2 11
0 15 0 17
0 15 1 15
0 15 1 15
0 25 0 27
0 25 1 25
0 27 0 28
0 27 1 27
0 28 1 28
1 2 2 2
1 9 1 10
1 10 3 10
1 26 1 27
1 27 1 26
1 27 1 28
1 27 2 27
1 27 1 28
1 28 2 28
2 7 2 2
2 7 4 7
2 7 2 2
2 11 2 17
2 27 2 28
2 27 3 27
3 2 3 5
3 2 4 2
3 2 4 2
3 8 3 10
3 13 3 12
3 13 4 13
3 13 3 12
3 15 3 16
3 15 4 15
3 15 3 16
3 15 4 15
4 2 4 1
4 2 4 7
4 2 5 2
4 7 6 7
4 14 4 13
4 14 4 15
4 20 4 19
4 20 5 20
4 20 4 19
4 20 5 20
4 25 4 24
5 8 5 9
5 14 5 15
5 14 6 14
5 14 5 15
5 18 5 20
5 18 4 18
5 18 6 18
5 18 5 20
5 18 4 18
5 18 6 18
5 22 5 27
5 22 3 22
5 22 10 22
5 27 5 28
5 27 3 27
5 27 6 27
6 7 6 2
6 7 6 9
6 7 6 2
6 13 6 12
6 13 6 14
6 13 8 13
6 14 6 13
6 14 6 15
7 5 7 3
7 5 7 6
7 5 7 3
7 5 7 6
7 8 12 8
7 25 7 24
7 25 8 25
7 25 7 24
7 25 8 25
8 25 8 24
8 27 8 28
8 27 7 27
8 27 8 28
8 28 7 28
8 28 9 28
9 6 9 4
10 4 9 4
10 22 10 21
10 22 26 22
13 17 13 13
13 17 13 18
13 17 8 17
14 0 14 1
14 0 24 0
14 1 14 2
14 1 13 1
14 1 23 1
14 1 13 1
14 27 26 27
15 3 17 3
15 6 16 6
15 17 16 17
16 6 16 7
16 7 16 6
16 7 16 8
16 7 19 7
16 7 16 6
16 7 16 8
16 7 19 7
16 10 16 9
16 16 16 17
16 16 14 16
16 18 19 18
17 2 17 3
17 2 18 2
17 2 17 3
17 2 18 2
17 16 17 17
17 16 18 16
18 3 19 3
18 16 18 17
19 4 19 3
19 12 19 17
19 12 20 12
20 23 24 23
21 19 21 11
21 19 21 20
21 19 9 19
21 19 21 11
21 20 15 20
21 20 15 20
22 12 22 13
22 12 23 12
22 12 22 13
22 12 23 12
22 13 22 14
24 0 24 1
24 0 24 1
24 13 24 12
24 13 25 13
24 19 24 20
24 26 24 24
24 26 25 26
25 7 25 5
25 7 25 9
25 10 25 9
25 10 23 10
25 10 25 9
25 10 23 10
25 12 25 13
25 19 25 17
25 19 25 20
25 19 25 17
25 21 24 21
25 24 24 24
26 11 26 22
26 11 21 11
26 11 27 11
27 0 28 0
27 11 27 9
27 11 27 12
27 11 28 11
27 12 27 11
27 20 27 22
28 9 28 10
28 9 27 9
28 9 28 10
28 9 27 9
28 11 27 11
28 22 28 25
28 22 27 22
28 25 28 26
28 25 27 25
28 26 28 27
1 13 1 15
1 15 1 13
1 15 1 16
2 11 2 17
3 8 3 10
3 10 6 10
3 18 3 22
3 22 3 23
3 23 3 24
3 23 4 23
3 23 3 24
4 12 5 12
4 23 4 24
5 4 5 2
5 8 5 9
5 9 6 9
6 13 6 12
6 13 8 13
7 3 7 1
7 3 8 3
7 8 12 8
8 4 8 3
8 13 8 12
8 13 8 17
8 13 10 13
8 13 8 17
8 17 8 19
8 17 13 17
8 17 8 19
8 25 8 24
9 3 9 1
9 3 8 3
9 19 9 18
9 19 9 20
9 19 9 20
9 20 9 21
9 20 6 20
9 20 13 20
9 20 6 20
10 2 10 1
10 2 12 2
10 2 10 1
10 13 13 13
10 18 13 18
10 22 10 21
10 22 26 22
11 21 24 21
12 1 11 1
13 2 13 3
13 4 13 8
13 8 13 9
13 10 12 10
13 17 13 18
14 12 14 16
16 10 16 9
18 3 19 3
19 2 19 3
19 2 21 2
20 23 24 23
23 2 23 1
23 2 23 3
23 2 24 2
23 2 23 3
23 2 24 2
24 1 24 2
24 1 25 1
24 20 24 21
24 21 25 21
25 1 25 2
25 12 25 13
25 13 25 14
25 17 25 15
0 17 0 18
0 19 1 19
1 18 1 19
1 19 1 18
3 24 3 27
3 27 3 28
3 28 5 28
5 4 5 2
5 27 5 28
5 27 6 27
6 10 6 9
6 10 9 10
6 19 6 20
6 27 6 26
6 27 6 28
6 27 7 27
6 27 6 28
8 3 8 1
8 25 8 24
9 10 12 10
9 24 9 23
10 1 9 1
10 1 11 1
12 9 12 10
16 9 16 8
19 9 19 8
24 2 24 3
24 2 24 3
24 3 24 4
24 3 23 3
24 4 23 4
25 13 25 14
5 2 5 1
6 2 6 1
6 23 8 23
8 1 7 1
8 23 6 23
8 23 9 23
16 8 19 8
23 4 23 3
23 4 22 4
23 4 23 3
6 2 6 1
8 1 7 1
22 3 22 4
6 1 6 2

4161

4 = = = = = = 6 5 3 1 5 = = 2 4 = 5 2 3 = = 6 = = 6 = 4 2 
ǁ 2 2         | 1 3 2 ǁ   2 = 5 1 | 2 3     ǁ     2 2 6 4 
ǁ 6 5 = = = = 6     | 6 = = = = = 5 = = = = 6 - - - - 4 2 
ǁ 2 3 - - 1   ǁ 2 = 4   2 4 1 4 2   1 - - - 5 4 3 - - 4 2 
ǁ 1 6 = = = = 7 - 1 |   2 7 7 4     2 2 4   ǁ 2 2 1   | | 
ǁ 1 4 = 2     ǁ 2 4 |   1 | 4 2     6 = 5 - 7 = = = = 7 3 
ǁ 3 5 = = = = 7 = 7 4   2 7 4 2     2 1 3 2 ǁ 3     3 6 2 
ǁ 3 - 4 = 4 2   2 | |     ǁ             ǁ   ǁ ǁ 2 4 ǁ 2 2 
ǁ 4 - 4 2       ǁ | |   1 6 = = = 6 = 2 ǁ   ǁ 4 3 6 ǁ 4 4 
ǁ 2 - 4 2 - 4   ǁ | 2     |       ǁ 1 4 6 1 ǁ 2 1 | ǁ | 2 
ǁ 4 4 ǁ 2       ǁ | |     2       ǁ 2 | | 2 7 - - 7 8 6 4 
ǁ 2 ǁ ǁ |       ǁ | |     |       ǁ | | | 1 ǁ     ǁ | 1 2 
ǁ 2 7 8 6 = = = 4 4 3     |       ǁ | | | | ǁ     ǁ |   | 
ǁ 2 2 2 2 - - - 2 1 2     2 - - - 5 5 | 2 | ǁ     ǁ |   | 
6 6 3 = = 6 4 - - - - - 2 - - - 5 = 6 |   | ǁ     ǁ | 5 5 
ǁ |   2   ǁ 2                   ǁ 2 ǁ | 2 | ǁ     ǁ | ǁ | 
ǁ |   ǁ   ǁ 4 7 7 4 5 - - - 2 - 7 3 3 | ǁ | ǁ     ǁ | ǁ | 
ǁ | 4 4   ǁ   ǁ |   |     1 - - 7 2 | | ǁ | ǁ     ǁ | ǁ | 
ǁ | 2 3   ǁ   ǁ |   |           3 1 | | ǁ | ǁ     ǁ | ǁ | 
ǁ | 3 4 2 ǁ   2 2 1 2 - 5 = = = = 2 1 | ǁ | ǁ     ǁ | ǁ | 
ǁ | ǁ     ǁ             2             | ǁ | ǁ 4 = 6 | ǁ 1 
ǁ | 5 = = 6 - - - - - 8 = = = = = = = 6 3 | ǁ ǁ 2 6 | ǁ 2 
ǁ | | 1 2 | 2 6 5 2   ǁ 4 4 1   2 = = 8 2 | ǁ ǁ   2 | ǁ 4 
ǁ 2 6 5 4 |   ǁ 4 4 2 ǁ 2 |           ǁ 1 | ǁ ǁ     | ǁ ǁ 
4 4 5 4 2 |   ǁ 1 2 ǁ ǁ 2 7 = = = = = 8 7 5 ǁ 2 3 = 5 ǁ ǁ 
1 2 1     3 - 4 - 3 4 ǁ 2 6 2 1 - 3 = 4 2 2 ǁ   2   2 ǁ ǁ 
5 = = = = = = = = = = 8 = = = = = = = = = = 7 - - - - 7 5 
6 = = = = = 4 2   3 - 7 2 2 4 = = = = = 4 = 7     2   4 4 
2                 4 2 2 1 - - - - - - - - - 5 = = 4 2 2 2 
