29 29
3 0 0 0 0 0 0 0 0 0 4 0 0 3 4 2 4 0 2 2 0 5 0 3 3 3 1 4 3 
0 1 0 4 4 2 0 4 3 0 0 2 0 0 5 0 3 1 0 0 2 0 1 3 3 0 0 0 3 
0 2 0 0 0 0 0 0 1 0 0 1 0 2 0 0 0 0 5 4 4 0 0 0 2 0 0 4 3 
0 6 0 5 0 3 0 5 0 0 7 0 0 0 0 4 4 2 0 2 2 0 4 6 0 4 4 0 2 
0 4 2 0 3 3 1 2 3 2 0 0 1 0 4 0 0 0 4 3 2 0 2 4 2 0 2 0 0 
0 4 0 6 0 0 0 0 0 0 7 0 0 0 6 0 0 0 0 0 0 5 0 0 0 4 0 5 5 
0 0 2 7 0 0 0 4 1 0 0 0 1 0 0 4 0 0 3 2 0 0 4 3 0 0 1 3 2 
0 0 1 0 2 0 0 4 2 0 0 0 0 0 0 0 0 0 0 0 0 0 0 0 0 0 0 3 0 
0 6 4 0 0 1 0 0 0 0 0 0 0 0 0 5 0 0 4 0 0 0 0 3 0 4 0 3 3 
0 2 0 0 0 3 3 0 0 0 0 0 2 0 0 0 0 0 0 0 0 0 3 3 0 5 0 2 0 
0 0 2 2 0 0 0 0 0 0 0 0 0 0 0 2 0 0 0 0 0 0 0 2 3 4 0 1 0 
0 0 0 0 0 3 5 0 0 0 0 0 0 0 0 0 0 0 0 0 0 0 3 0 0 0 5 4 0 
4 0 0 0 3 0 0 0 0 0 0 0 0 0 0 0 0 0 0 0 0 0 4 0 2 1 0 3 0 
0 1 1 0 0 0 0 0 0 0 0 1 6 0 6 0 0 0 6 8 2 0 5 1 0 0 0 0 0 
0 0 0 0 0 0 0 6 6 0 0 2 0 2 4 0 0 0 0 5 0 0 5 0 4 4 0 0 0 
0 0 0 0 0 0 0 2 2 0 0 0 2 4 3 0 0 0 0 0 0 0 4 2 6 5 0 0 0 
0 0 0 2 0 0 4 0 0 0 0 0 0 0 2 0 0 0 0 3 0 0 2 0 5 3 0 0 0 
0 0 0 0 0 0 4 2 0 0 0 4 0 7 0 0 0 0 0 0 0 6 0 0 0 0 6 5 2 
0 0 0 0 0 4 0 0 0 0 5 2 0 0 1 0 0 0 2 0 0 0 2 3 2 1 0 2 3 
0 0 0 0 0 0 2 3 2 1 0 3 0 0 0 2 0 0 8 2 0 0 4 5 0 0 5 4 4 
0 0 0 0 0 0 0 0 0 0 0 0 0 0 0 0 0 0 0 0 0 0 2 5 4 1 0 2 2 
0 0 0 0 0 0 0 2 0 0 0 5 0 3 5 0 0 0 6 0 0 4 0 5 0 1 0 0 0 
0 0 0 0 0 0 0 0 0 0 0 1 4 4 5 4 4 3 0 0 0 0 2 0 0 0 0 0 0 
0 4 5 6 0 0 3 0 6 0 5 3 5 4 0 0 6 4 0 1 0 0 0 0 0 3 0 0 0 
0 2 0 2 0 0 1 0 0 0 3 4 0 3 0 3 3 0 0 0 0 0 5 5 0 0 0 0 0 
4 0 6 2 0 0 3 0 5 3 4 4 0 0 1 0 0 0 4 3 0 6 4 3 0 0 0 0 0 
0 3 4 0 0 4 3 0 2 0 0 1 0 1 0 0 0 0 5 4 1 3 1 1 0 4 5 5 5 
4 5 4 0 4 2 0 0 0 0 0 0 5 0 0 0 0 0 0 0 0 0 0 0 6 2 2 5 4 
2 0 0 1 2 2 0 0 0 1 1 0 4 0 4 0 0 0 0 0 0 0 2 0 2 2 2 1 0 
300 345
0 21 0 19
0 21 0 23
0 21 5 21
3 1 3 3
3 1 2 1
3 1 4 1
3 1 3 3
3 1 2 1
3 1 4 1
3 10 3 7
3 10 3 15
3 10 0 10
3 10 5 10
4 1 4 2
4 1 5 1
5 1 5 3
5 1 8 1
5 1 5 3
5 3 5 10
5 3 3 3
5 3 6 3
5 3 5 10
5 28 5 27
5 28 3 28
5 28 6 28
6 3 6 2
6 3 6 7
6 3 10 3
13 19 13 18
13 19 13 20
13 19 6 19
13 19 14 19
13 19 13 18
13 19 13 20
13 19 6 19
13 19 14 19
13 22 13 23
13 22 12 22
13 22 14 22
14 7 14 8
14 7 7 7
14 7 15 7
14 7 14 8
14 7 7 7
14 7 15 7
14 8 14 11
14 8 7 8
14 8 15 8
14 8 14 11
15 25 15 24
15 25 14 25
15 25 16 25
17 13 17 11
17 13 17 21
17 13 15 13
17 13 21 13
18 10 18 5
18 10 18 11
18 10 23 10
19 18 19 15
19 18 19 19
19 18 18 18
19 18 21 18
19 18 19 15
19 18 19 19
19 18 18 18
19 18 21 18
21 7 19 7
21 11 21 13
21 11 19 11
21 11 22 11
21 18 21 14
21 18 21 21
21 18 25 18
21 18 21 14
22 12 22 13
22 12 23 12
22 12 22 13
22 12 23 12
23 17 23 16
23 17 22 17
23 17 23 16
23 17 22 17
24 22 24 23
24 22 22 22
24 22 25 22
26 18 26 13
26 18 26 19
26 18 25 18
26 28 26 27
26 28 20 28
26 28 27 28
27 1 27 0
27 1 27 2
27 1 26 1
27 28 27 27
27 28 26 28
27 28 27 27
28 14 28 12
28 14 28 22
28 14 28 12
28 14 28 22
1 1 1 3
1 3 1 4
1 3 3 3
1 3 1 4
1 4 1 5
1 4 4 4
1 14 1 11
1 14 1 16
1 14 0 14
2 8 1 8
4 4 4 5
4 9 4 8
5 10 5 14
5 10 3 10
5 10 5 14
5 14 5 21
5 14 4 14
5 14 13 14
5 14 5 21
6 3 6 2
6 3 6 7
6 3 10 3
6 7 6 8
6 7 7 7
6 12 9 12
6 15 6 18
6 15 8 15
6 15 6 18
6 15 8 15
6 18 8 18
7 2 8 2
7 7 7 4
8 2 8 1
8 2 10 2
8 2 8 1
8 5 9 5
8 18 8 15
8 18 13 18
8 18 8 15
9 12 13 12
10 2 13 2
10 15 8 15
11 6 11 5
11 6 9 6
11 6 16 6
12 0 0 0
12 0 25 0
12 0 0 0
12 0 25 0
13 11 13 12
13 12 13 14
13 12 15 12
13 14 13 12
13 14 13 18
13 14 14 14
13 14 13 18
13 22 12 22
13 22 14 22
15 8 15 12
17 6 17 7
17 6 16 6
17 6 17 7
17 6 16 6
17 11 17 13
17 11 18 11
18 14 21 14
19 11 21 11
21 7 19 7
21 11 21 13
21 14 22 14
21 14 22 14
22 13 22 14
22 13 23 13
22 17 22 16
23 2 23 1
23 2 23 3
23 2 25 2
23 16 23 13
23 16 22 16
23 16 24 16
23 16 23 13
23 19 25 19
24 16 24 15
25 0 25 2
25 0 27 0
25 2 25 3
25 2 23 2
25 2 26 2
25 2 25 3
26 18 26 19
26 18 25 18
26 19 26 20
26 19 25 19
26 21 26 22
26 21 25 21
26 21 25 21
27 0 27 1
27 0 28 0
28 0 28 3
28 12 28 10
28 12 27 12
0 0 0 10
0 10 0 13
0 10 3 10
0 13 0 14
1 8 1 7
3 15 3 10
3 15 3 16
3 15 3 16
3 16 3 17
3 16 1 16
4 4 4 5
4 9 4 8
4 12 4 14
4 14 4 18
7 4 12 4
8 1 9 1
12 4 27 4
12 22 12 24
12 22 11 22
16 3 23 3
16 6 11 6
17 13 17 21
17 13 15 13
17 21 17 26
17 21 5 21
17 21 21 21
17 21 17 26
17 26 17 27
17 26 11 26
17 26 19 26
17 26 17 27
21 21 21 23
21 21 25 21
22 14 22 15
22 15 22 14
22 15 22 16
22 15 22 16
22 22 24 22
23 3 23 2
23 3 16 3
23 3 24 3
23 3 24 3
23 13 23 12
24 1 23 1
24 16 24 15
25 18 25 14
25 19 25 21
25 21 25 22
25 21 25 22
25 22 25 23
26 2 26 1
26 2 27 2
26 2 26 1
27 1 27 2
27 2 27 4
0 13 0 14
0 14 0 15
0 15 0 16
0 16 0 18
0 16 1 16
0 16 0 18
1 8 1 7
1 14 1 11
2 11 2 13
4 8 4 7
4 14 4 18
4 18 4 19
4 18 2 18
8 1 9 1
12 4 27 4
13 1 23 1
15 13 15 14
15 13 14 13
16 24 16 22
16 24 16 25
16 24 15 24
23 1 24 1
24 15 24 13
24 22 24 23
27 4 27 5
28 4 28 5
28 4 28 5
28 9 25 9
1 7 1 5
1 7 3 7
2 18 2 19
2 18 2 19
3 17 1 17
14 13 14 14
14 14 14 19
14 14 15 14
14 19 16 19
15 14 16 14
16 14 16 19
16 19 14 19
24 13 24 11
24 13 24 11
26 11 25 11
27 5 26 5
27 12 27 24
1 20 2 20
2 18 2 19
2 18 2 19
2 20 1 20
2 20 3 20
2 20 3 20
3 19 4 19
4 20 4 19
23 12 23 11
25 11 25 10
25 11 24 11
25 11 25 10
26 5 26 6
26 5 18 5
26 5 26 6
27 12 27 24
27 24 27 25
27 24 20 24
27 24 28 24
27 24 27 25
28 24 28 25
28 25 28 26
0 19 0 21
18 5 18 10
18 5 11 5
18 10 23 10
21 23 20 23
21 23 24 23
21 23 20 23
21 23 24 23
23 12 23 11
24 11 24 10
24 23 25 23
25 10 25 9
25 10 24 10
25 23 26 23
26 25 26 26
26 25 23 25
26 25 26 26
26 25 23 25
23 11 23 10
23 25 21 25

3878

3 - - - - - - - - - 4 - - 3 4 2 4 = 2 2 = 5 - 3 3 3 1 4 3 
ǁ 1 - 4 4 2 - 4 3   ǁ 2 = = 5 - 3 1     2 | 1 3 3       3 
ǁ 2   | |     | 1   ǁ 1 - 2     | | 5 4 4 |     2     4 3 
ǁ 6 = 5 | 3   5 - - 7 = = = = 4 4 2 | 2 2 | 4 6   4 4   2 
ǁ 4 2 | 3 3 1 2 3 2 ǁ   1 - 4 = = = 4 3 2 | 2 4 2   2   | 
ǁ 4 = 6 = = = = = = 7 = = = 6 = = = = = = 5       4   5 5 
ǁ | 2 7 = = = 4 1       1   | 4 = = 3 2   | 4 3     1 3 2 
ǁ | 1 ǁ 2 - - 4 2       |   | ǁ     | ǁ   |           3   
ǁ 6 4 ǁ | 1   ǁ |       |   | 5 = = 4 ǁ   |   3   4   3 3 
ǁ 2 | ǁ | 3 3 ǁ |       2   | |     | ǁ   | 3 3   5   2   
ǁ   2 2 |   | ǁ |       |   | 2     | ǁ   |   2 3 4   1   
ǁ   |   | 3 5 ǁ |       |   |       | ǁ   | 3       5 4   
4   |   3 | ǁ ǁ |       |   |       | ǁ   | 4 - 2 1 | 3   
ǁ 1 1   ǁ | ǁ ǁ |     1 6 = 6 = = = 6 8 2 | 5 1     |     
ǁ |     ǁ | ǁ 6 6 = = 2 | 2 4 - - - - 5   | 5   4 4 |     
ǁ |     ǁ | ǁ 2 2 - - - 2 4 3         ǁ   | 4 2 6 5 |     
ǁ |   2 ǁ | 4             ǁ 2 - - - - 3   | 2 - 5 3 |     
ǁ |   ǁ ǁ | 4 2       4 = 7 = = = = = = = 6 = = = = 6 5 2 
ǁ |   ǁ ǁ 4 = = = = 5 2   | 1       2     | 2 3 2 1 | 2 3 
ǁ |   ǁ ǁ | 2 3 2 1 ǁ 3   | | 2 = = 8 2   | 4 5     5 4 4 
ǁ |   ǁ ǁ |   ǁ     ǁ ǁ   | |       ǁ     | 2 5 4 1   2 2 
ǁ |   ǁ ǁ |   2     ǁ 5 = 3 5 = = = 6 - - 4 - 5 | 1     | 
ǁ |   ǁ ǁ |         ǁ 1 4 4 5 4 4 3 |     | 2 ǁ | |     | 
ǁ 4 5 6 ǁ | 3   6   5 3 5 4 = = 6 4 | 1   | ǁ ǁ | 3     | 
ǁ 2 ǁ 2 ǁ | 1       3 4 = 3 - 3 3   | |   | 5 5 | ǁ     | 
4 - 6 2 ǁ | 3   5 3 4 4     1 - - - 4 3 - 6 4 3 | ǁ     | 
| 3 4   ǁ 4 3   2 |   1   1 - - - - 5 4 1 3 1 1 | 4 5 5 5 
4 5 4 - 4 2       |     5 = = = = = = = = = = = 6 2 2 5 4 
2 - - 1 2 2       1 1 - 4 = 4 = = = = = = = 2   2 2 2 1   
