29 29
2 0 5 3 0 2 0 0 0 0 3 0 0 0 0 0 0 0 0 0 0 4 3 4 0 0 3 2 0 
0 1 4 0 0 0 2 1 0 0 1 0 0 0 0 0 0 0 0 0 0 0 0 1 0 0 0 0 0 
3 0 0 0 0 0 0 0 0 0 0 0 0 0 0 0 0 0 0 0 0 6 0 0 0 0 6 5 1 
3 0 0 0 0 0 0 0 0 0 0 0 0 0 0 0 1 1 0 5 2 0 0 1 3 0 7 3 3 
0 2 0 0 5 0 0 3 1 0 0 0 0 1 0 0 0 0 0 5 2 0 1 2 4 0 5 2 2 
0 1 0 0 3 1 0 0 0 0 0 2 0 3 0 0 0 0 0 0 2 0 0 0 4 1 1 0 2 
0 1 2 3 0 3 0 5 0 0 0 0 0 7 0 0 2 0 0 0 2 0 0 0 2 0 0 0 0 
0 0 0 4 0 2 0 0 0 0 0 0 0 2 0 0 0 0 0 0 0 0 5 5 0 0 0 6 4 
0 0 0 0 0 0 0 0 0 0 0 0 0 0 0 0 0 0 0 0 0 0 3 0 4 5 2 0 1 
0 3 4 0 0 0 0 4 0 0 0 0 0 0 0 0 0 0 0 4 3 0 0 0 2 0 2 0 0 
0 2 0 0 2 3 2 0 0 0 0 0 0 0 1 0 0 0 0 2 1 0 0 0 0 0 0 0 0 
4 0 0 0 0 0 0 5 0 0 0 0 0 0 0 0 0 0 0 0 2 4 3 0 0 0 0 4 0 
2 1 2 0 0 0 0 7 0 0 0 0 0 0 0 0 0 0 0 0 0 0 0 6 0 6 6 4 2 
3 0 0 0 0 0 0 4 0 0 0 0 0 0 0 0 0 0 2 4 3 2 1 0 2 6 4 2 1 
0 0 2 0 5 4 1 0 0 0 0 0 0 3 0 3 0 0 1 2 0 5 4 0 0 0 4 3 2 
4 3 4 2 0 0 0 0 4 0 0 0 0 7 0 4 0 0 0 0 0 0 3 0 0 0 2 0 4 
3 0 0 0 5 7 3 0 0 0 0 0 0 0 4 6 0 0 0 0 6 4 2 0 0 0 2 5 0 
0 0 0 1 0 3 2 0 0 0 0 0 0 0 0 0 4 4 2 0 6 4 1 0 4 7 3 0 0 
2 5 3 2 0 0 3 0 3 1 0 0 0 0 2 0 0 2 0 0 5 4 2 0 3 4 3 0 0 
0 0 0 0 0 0 2 0 0 0 0 0 0 0 0 0 0 1 0 0 3 0 2 0 1 3 3 0 0 
3 7 0 0 7 0 0 6 0 0 0 0 0 6 0 5 6 3 2 3 0 0 0 6 0 0 0 6 4 
0 0 0 0 0 2 1 0 0 0 0 1 0 0 1 0 0 0 1 0 0 2 0 3 0 3 2 0 1 
0 0 1 0 0 0 0 0 1 0 3 0 0 0 0 3 0 6 3 0 3 8 0 0 0 0 0 6 4 
0 4 0 0 0 3 0 5 2 1 0 0 0 0 0 2 0 2 3 0 5 7 2 1 1 0 0 3 0 
0 5 3 4 7 0 0 0 0 3 6 3 2 5 5 0 5 3 3 0 3 6 5 0 0 5 2 3 0 
0 2 0 3 0 2 5 1 0 0 0 0 0 0 2 2 1 1 0 0 0 2 0 0 0 1 0 0 0 
4 0 4 3 0 1 5 0 0 4 3 2 0 6 2 0 4 0 0 7 0 0 7 0 0 0 0 3 3 
3 2 1 0 7 4 4 0 0 0 0 1 0 2 2 3 3 0 0 4 4 4 6 0 0 0 3 2 2 
1 0 0 0 4 0 0 0 0 0 0 0 0 0 0 0 0 0 0 0 3 0 0 1 0 0 0 4 2 
300 253
0 2 0 0
0 2 0 3
0 2 1 2
3 19 3 17
3 19 3 20
3 19 4 19
3 26 3 24
3 26 3 27
3 26 2 26
3 26 4 26
4 4 4 1
4 4 4 7
4 4 5 4
6 13 6 7
6 13 6 16
6 13 5 13
6 13 7 13
12 7 12 2
12 7 12 23
12 7 11 7
12 7 13 7
14 4 14 2
14 4 14 5
14 4 16 4
15 8 15 13
15 8 18 8
15 8 15 13
15 8 18 8
15 13 15 15
15 13 14 13
15 13 20 13
16 5 16 4
16 5 16 6
16 5 14 5
16 5 17 5
16 14 16 15
16 14 18 14
16 14 16 15
16 14 18 14
16 15 16 20
16 15 15 15
16 15 20 15
16 15 16 20
16 20 16 21
16 20 13 20
16 20 17 20
16 20 16 21
16 27 16 26
16 27 14 27
16 27 20 27
17 16 17 17
17 16 20 16
17 16 17 17
17 16 20 16
17 17 17 18
17 17 18 17
17 20 17 18
17 20 17 21
17 20 18 20
17 20 17 21
17 20 18 20
17 25 17 24
17 25 17 26
17 25 13 25
17 25 18 25
20 1 20 0
20 1 20 4
20 1 18 1
20 1 23 1
20 16 20 15
20 16 20 17
20 16 24 16
20 16 20 15
22 17 22 18
22 17 20 17
22 17 23 17
22 17 22 18
22 17 20 17
22 17 23 17
22 21 22 20
22 21 22 27
22 21 21 21
22 21 23 21
22 21 22 20
22 21 22 27
22 21 21 21
22 21 23 21
22 27 22 28
22 27 20 27
22 27 23 27
22 27 22 28
22 28 21 28
22 28 26 28
23 21 23 20
23 21 23 22
23 21 24 21
24 1 24 2
24 1 23 1
24 1 25 1
24 4 24 3
24 4 24 9
24 4 20 4
24 4 27 4
24 25 24 22
24 25 24 26
24 25 25 25
25 6 25 5
25 6 25 7
25 6 26 6
26 19 26 16
26 19 26 22
26 19 20 19
26 19 27 19
27 4 27 2
27 4 27 5
27 4 24 4
27 4 28 4
27 21 27 20
27 21 27 22
27 21 27 20
27 21 27 22
27 22 27 26
27 22 26 22
3 19 3 20
3 19 4 19
7 3 7 5
7 3 6 3
7 3 7 5
7 3 6 3
14 21 14 22
14 21 13 21
14 21 16 21
15 15 15 13
15 15 14 15
15 28 14 28
15 28 20 28
15 28 14 28
15 28 20 28
20 27 20 23
20 27 20 28
20 27 16 27
20 27 20 23
21 26 21 25
22 2 24 2
23 1 20 1
23 1 24 1
23 7 23 5
23 7 23 8
23 7 20 7
25 21 24 21
27 4 27 5
27 4 28 4
27 5 27 6
27 5 26 5
27 6 27 11
27 6 26 6
27 6 26 6
27 20 27 19
27 20 28 20
27 22 27 26
27 22 26 22
28 4 28 0
28 4 28 20
28 20 28 23
28 27 28 28
28 27 27 27
28 27 28 28
28 27 27 27
20 23 20 19
20 23 12 23
20 23 21 23
20 23 20 19
21 23 21 25
21 26 21 25
22 20 23 20
25 5 25 6
25 6 26 6
25 21 24 21
26 6 26 9
26 9 26 10
26 9 24 9
26 9 26 10
26 19 26 16
26 19 26 22
26 19 27 19
27 19 27 16
27 26 24 26
27 28 26 28
27 28 26 28
12 23 12 7
12 23 12 25
12 23 7 23
12 23 12 25
12 25 12 26
12 25 8 25
12 25 13 25
12 25 12 26
12 26 12 27
12 26 9 26
12 26 13 26
12 26 12 27
13 25 13 24
13 25 13 26
13 25 17 25
13 25 13 24
13 26 13 27
13 26 14 26
14 26 14 27
14 26 15 26
14 26 14 27
15 26 16 26
17 24 17 25
17 24 18 24
17 24 17 25
17 26 18 26
17 26 18 26
20 18 21 18
22 18 23 18
23 18 24 18
24 21 24 20
24 21 24 22
24 21 23 21
24 25 24 22
26 22 24 22
26 27 24 27
9 24 8 24
9 26 8 26
11 27 7 27
11 27 12 27
11 27 7 27
11 27 12 27
12 28 8 28
12 28 13 28
23 18 24 18
24 18 24 17
24 20 23 20
26 22 24 22
26 27 24 27
7 27 7 23
7 27 7 28
7 27 4 27
7 27 7 23
7 28 5 28
8 24 8 25
8 24 9 24
8 24 8 25
8 25 8 26
23 20 23 21
23 20 24 20
23 22 23 23
23 24 23 27
23 27 24 27
7 28 5 28

3643

2 - 5 3   2         3                     4 3 4     3 2   
  1 4       2 1     1                         1           
3                                         6         6 5 1 
3                               1 1 - 5 2     1 3 - 7 3 3 
  2 - - 5 - - 3 1         1           5 2   1 2 4   5 2 2 
  1     3 1           2   3             2       4 1 1 | 2 
  1 2 3   3   5 - - - - - 7 - - 2       2       2     | ǁ 
      4 = 2               2                 5 5 = = = 6 4 
                                            3 | 4 5 2 ǁ 1 
  3 4         4                       4 3     | 2 | 2 ǁ | 
  2     2 3 2               1         2 1     |   | | ǁ | 
4             5                         2 4 3 |   | | 4 | 
2 1 2 - - - - 7 = = = = = = = = = = = = = = = 6 = 6 6 4 2 
3             4                     2 4 3 2 1 | 2 6 4 2 1 
    2 - 5 4 1             3   3     1 2 | 5 4 |   ǁ 4 3 2 
4 3 4 2 | |     4 = = = = 7 = 4         | | 3 |   ǁ 2 | 4 
3       5 7 3   ǁ         | 4 6 = = = = 6 4 2 |   ǁ 2 5 ǁ 
      1   3 2   ǁ         | ǁ | 4 4 2 - 6 4 1 | 4 7 3 ǁ ǁ 
2 5 3 2     3   3 1       | 2 | ǁ 2     5 4 2 | 3 4 3 ǁ ǁ 
  |         2             |   | ǁ 1     3   2 | 1 3 3 ǁ ǁ 
3 7 - - 7     6           6   5 6 3 2 3 = = = 6 = = = 6 4 
  ǁ     | 2 1 |       1     1   | ǁ 1 |   2   3 - 3 2 | 1 
  ǁ 1   |     | 1   3         3 | 6 3 | 3 8 = = = = = 6 4 
  4 |   | 3 - 5 2 1           2 | 2 3 | 5 7 2 1 1 - - 3 | 
  5 3 4 7 - - - - 3 6 3 2 5 5   5 3 3 | 3 6 5 = = 5 2 3 | 
  2   3 ǁ 2 5 1   |         2 2 1 1   |   2 ǁ     1 | ǁ | 
4   4 3 ǁ 1 5 - - 4 3 2   6 2   4 = = 7 = = 7       | 3 3 
3 2 1 - 7 4 4 - - - - 1   2 2 3 3 - - 4 4 4 6 = = = 3 2 2 
1 - - - 4 - - - - - - - - - - - - - - - 3 - - 1       4 2 
