29 29
2 0 3 0 3 0 0 0 0 2 3 0 0 0 0 1 1 2 0 0 0 3 1 2 0 3 2 3 3 
3 3 1 1 0 1 0 0 0 0 1 1 0 0 0 0 0 0 3 0 0 5 1 3 3 0 0 0 0 
1 4 4 2 0 0 0 0 0 0 0 0 0 0 0 0 0 0 1 2 0 0 2 0 1 0 0 0 0 
0 0 4 2 0 4 0 0 0 0 0 0 0 0 0 0 0 0 0 4 1 0 3 3 0 4 0 0 0 
4 6 0 0 3 0 0 1 0 0 0 0 0 0 0 0 0 0 0 0 0 4 0 2 1 0 2 0 0 
1 0 3 4 0 0 0 0 0 0 0 0 1 0 0 0 0 2 0 0 0 3 1 0 0 0 0 0 3 
3 6 3 2 0 4 0 0 0 0 0 0 0 0 0 0 0 0 0 0 0 0 0 4 2 0 0 0 0 
0 0 4 1 0 0 2 0 0 0 0 3 0 0 0 0 0 0 0 4 2 2 0 0 2 0 0 0 0 
0 4 6 3 0 0 3 1 2 1 0 0 2 2 2 0 0 0 0 4 0 3 1 0 0 0 0 0 1 
0 1 1 1 0 0 2 0 3 1 0 0 1 0 3 2 0 0 0 2 2 3 0 0 0 0 0 0 0 
4 0 0 0 5 5 0 0 0 0 0 5 0 5 0 0 0 0 0 3 1 0 0 0 0 0 0 0 0 
0 2 1 1 0 0 1 1 1 1 2 1 2 4 0 2 0 0 0 0 0 2 0 0 0 0 0 0 0 
0 5 5 3 0 3 4 2 0 3 6 0 4 0 0 0 0 0 0 0 3 3 0 0 0 0 0 0 0 
0 3 0 1 0 0 4 3 0 0 0 1 0 2 0 0 0 4 4 2 0 4 2 0 3 0 0 0 0 
0 1 0 0 0 0 2 2 0 0 0 0 0 0 0 0 0 0 0 0 0 2 2 0 0 0 0 0 0 
3 0 4 2 0 0 0 3 0 0 0 2 0 0 0 0 0 2 0 0 3 2 3 0 0 0 0 0 0 
0 1 3 3 0 0 0 0 0 0 0 0 0 0 0 0 4 0 5 0 0 2 2 0 0 0 0 0 2 
0 4 3 2 0 0 0 0 0 0 0 0 0 0 0 0 0 3 7 3 1 0 1 0 0 0 0 0 0 
0 1 0 0 0 0 0 0 0 0 5 3 0 1 0 0 0 2 0 2 0 4 0 5 3 0 0 0 0 
3 0 6 3 0 0 2 0 0 2 0 3 0 0 0 0 2 1 2 0 1 0 2 5 3 0 0 1 0 
1 1 3 2 0 0 0 0 0 1 0 3 0 0 0 0 0 0 0 0 2 3 1 0 2 0 0 2 3 
3 6 1 1 0 2 5 3 0 0 0 0 0 0 0 2 0 4 0 4 2 2 1 0 0 0 0 0 1 
0 2 0 0 0 1 5 2 0 0 4 4 0 0 0 1 0 2 2 5 0 0 0 7 2 0 0 0 2 
2 0 0 0 5 0 0 0 3 0 2 2 0 0 0 0 0 0 0 4 2 0 0 2 1 0 0 0 0 
2 0 3 0 6 0 0 0 0 0 0 0 5 0 0 0 0 0 0 0 0 0 0 0 0 5 4 4 3 
1 1 2 1 0 0 0 0 0 0 0 0 1 1 0 0 0 0 0 0 0 0 4 0 2 0 0 2 1 
1 5 0 0 5 0 0 0 0 0 0 0 0 0 0 0 0 0 0 0 0 0 6 0 2 3 1 0 1 
1 4 3 0 6 0 0 0 0 0 0 0 0 0 2 2 0 0 0 0 0 0 4 0 2 4 0 4 4 
1 3 3 1 2 1 0 2 0 0 2 0 0 0 2 2 0 0 3 0 3 1 2 0 1 3 2 1 2 
300 124
1 24 1 23
1 24 2 24
1 24 1 23
4 0 4 1
4 0 2 0
4 0 5 0
4 0 4 1
4 1 4 4
4 1 2 1
4 1 6 1
4 1 4 4
6 1 6 0
6 1 6 2
6 1 8 1
6 1 6 0
6 1 6 2
8 1 8 2
8 1 9 1
8 1 8 2
8 2 8 3
8 2 7 2
8 2 9 2
8 2 8 3
12 1 12 2
12 1 11 1
12 1 13 1
17 1 17 2
17 1 16 1
17 1 18 1
17 1 17 2
17 18 17 17
17 18 17 19
17 18 16 18
17 18 19 18
18 10 18 11
18 10 12 10
18 10 22 10
21 1 21 0
21 1 21 2
21 1 20 1
21 1 22 1
22 6 22 5
22 6 22 7
22 6 21 6
22 23 22 19
22 23 22 24
22 23 19 23
22 23 23 23
2 1 2 2
2 1 1 1
2 1 2 2
3 2 3 3
3 2 2 2
3 2 3 3
3 2 2 2
6 0 10 0
7 2 7 3
7 2 6 2
10 0 10 4
10 0 15 0
10 0 10 4
21 1 21 0
21 1 22 1
22 6 22 7
22 6 21 6
2 3 2 18
2 3 1 3
3 5 3 19
3 5 6 5
3 5 3 19
3 5 6 5
4 4 10 4
5 2 5 3
5 3 5 2
5 3 6 3
5 3 5 2
6 5 6 23
6 5 10 5
8 3 9 3
16 16 16 18
16 16 19 16
16 16 16 18
16 16 19 16
1 5 1 10
1 11 1 18
1 18 1 21
1 18 1 21
3 19 3 20
3 19 2 19
4 7 4 21
5 12 5 17
5 17 5 21
0 10 0 9
0 10 0 15
0 10 0 9
0 16 0 17
0 17 0 21
2 19 2 22
4 21 4 23
4 21 5 21
4 21 4 23
5 21 5 22
5 28 0 28
5 28 8 28
5 28 0 28
6 23 6 24
6 23 18 23
6 23 6 24
7 24 13 24
16 28 20 28
0 4 0 2
0 28 0 27
4 24 4 26
7 24 13 24
13 24 18 24
16 28 20 28
24 25 24 12
24 25 24 26
24 25 26 25
0 4 0 2
3 25 3 23
3 25 0 25
3 25 3 23
3 25 0 25

3751

2   3 = 3         2 3 - - - - 1 1 2 - - - 3 1 2   3 2 3 3 
3 3 1 1   1 - - - - 1 1 - - - - - - 3 = = 5 1 3 3 ǁ     ǁ 
1 4 4 2 - - - - - - - - - - - - - - 1 2 - - 2   1 ǁ     ǁ 
| | 4 2   4 = = = = = = = = = = = = = 4 1   3 3 = 4     ǁ 
4 6 = = 3 ǁ   1 - - - - - - - - - - - - - 4 = 2 1 - 2   ǁ 
1 | 3 4 | ǁ             1 - - - - 2 - - - 3 1           3 
3 6 3 2 | 4 - - - - - - - - - - - - - - - - - 4 2       | 
| | 4 1 | | 2         3               4 2 2   | 2       | 
| 4 6 3 | | 3 1 2 1     2 2 2         4   3 1 | ǁ       1 
| 1 1 1 | | 2   3 1     1   3 2       2 2 3   | ǁ         
4 = = = 5 5           5   5           3 1     | ǁ         
| 2 1 1     1 1 1 1 2 1 2 4   2           2   | ǁ         
| 5 5 3   3 4 2   3 6   4               3 3   | ǁ         
| 3   1     4 3     | 1   2       4 4 2   4 2 | 3         
| 1         2 2     |                     2 2 | |         
3   4 2       3     | 2           2     3 2 3 | |         
  1 3 3             |           4 = 5     2 2 | |       2 
  4 3 2             |           ǁ 3 7 3 1   1 | |       ǁ 
  1                 5 3   1     ǁ 2 | 2   4   5 3       ǁ 
3   6 3     2     2 | 3         2 1 2   1   2 5 3     1 ǁ 
1 1 3 2           1 | 3                 2 3 1 | 2     2 3 
3 6 1 1   2 5 3     |         2   4   4 2 2 1 |         1 
  2       1 5 2     4 4       1   2 2 5 - - - 7 2       2 
2       5       3   2 2               4 2     2 1         
2   3   6               5 - - - - - - - - - - - - 5 4 4 3 
1 1 2 1                 1 1                 4   2 |   2 1 
1 5     5                                   6   2 3 1   1 
1 4 3   6                   2 2             4   2 4   4 4 
1 3 3 1 2 1   2     2       2 2     3   3 1 2   1 3 2 1 2 
