29 29
3 0 0 4 2 0 3 0 0 0 0 0 0 3 0 0 3 0 0 2 2 0 4 0 0 2 2 2 1 
2 2 1 0 3 2 3 0 0 0 3 1 0 3 3 1 0 1 0 2 2 1 2 0 0 0 0 2 1 
2 0 0 6 0 0 0 0 0 0 0 0 0 0 0 0 5 0 0 0 0 0 0 0 0 6 4 0 2 
0 1 0 0 0 1 0 3 1 0 3 1 0 2 2 1 0 1 2 0 0 0 4 3 0 0 3 3 0 
0 4 0 6 0 4 3 0 3 0 7 0 0 5 4 0 0 0 0 0 0 0 1 1 0 0 3 3 3 
0 1 3 2 3 4 2 0 2 1 3 1 0 0 2 3 0 2 5 0 0 0 0 0 0 6 5 3 2 
4 0 4 0 0 2 1 0 0 0 1 0 0 0 1 1 0 2 4 1 1 1 3 3 2 0 0 2 2 
0 1 0 0 4 0 0 5 0 0 0 0 0 3 0 1 0 3 5 3 4 3 0 1 1 0 0 0 1 
2 0 0 0 0 3 2 0 1 0 2 0 0 4 5 3 0 0 1 2 0 0 0 0 0 0 2 2 1 
1 2 0 0 4 0 0 6 0 0 0 0 0 0 0 0 6 0 0 0 4 0 4 3 1 0 2 3 0 
4 0 0 0 4 1 1 0 2 0 0 0 0 2 0 0 0 1 0 3 0 3 0 0 0 6 0 6 4 
3 0 0 0 3 4 4 0 3 0 5 3 0 0 0 0 0 2 0 4 2 2 4 2 0 0 1 3 0 
1 1 0 0 1 1 1 0 0 0 2 1 0 0 0 0 0 0 1 0 3 0 4 3 2 0 2 4 3 
0 0 0 0 0 0 0 0 0 0 1 0 0 0 0 0 0 3 3 2 2 0 0 0 0 6 4 0 4 
0 2 0 0 0 0 0 4 0 0 0 3 0 3 1 0 0 2 2 1 2 0 1 1 0 2 2 0 2 
3 0 0 0 0 0 0 0 0 0 0 0 0 0 0 0 5 0 0 0 0 0 0 0 0 0 0 5 3 
0 3 0 0 2 0 0 0 0 0 1 0 0 0 0 0 0 1 0 0 3 0 0 4 1 2 2 0 3 
0 0 1 0 3 0 0 0 0 0 0 0 0 0 0 0 4 0 0 0 0 0 0 5 0 2 0 0 0 
0 4 0 0 2 1 0 0 4 4 0 2 0 0 0 0 0 1 0 0 0 0 0 3 2 1 0 0 0 
0 1 1 0 4 0 0 0 5 5 3 2 1 0 0 0 5 0 0 0 0 0 0 0 5 4 3 0 0 
0 2 0 0 4 0 3 2 0 0 0 0 0 0 1 0 5 0 2 2 0 0 0 0 0 0 1 0 0 
0 2 0 0 0 0 2 0 0 4 0 2 0 0 0 0 0 0 0 0 1 0 0 0 2 3 4 0 0 
0 0 0 0 0 0 0 1 0 4 0 1 0 0 0 0 2 0 0 4 1 0 0 1 0 3 2 0 3 
0 0 0 0 0 0 0 0 0 0 0 0 0 0 0 0 0 0 0 0 0 0 0 0 0 1 0 0 0 
0 3 1 0 0 0 0 2 0 5 0 0 0 0 0 0 0 0 0 0 0 0 0 0 0 0 0 4 2 
0 1 0 0 0 0 0 0 0 0 0 0 0 0 0 0 0 0 0 0 0 0 0 0 0 0 0 0 1 
3 0 0 0 0 0 4 3 0 3 0 0 1 0 0 0 0 0 0 0 0 0 0 0 0 0 0 0 2 
4 3 1 3 0 0 2 2 0 0 0 0 0 0 0 0 0 0 0 0 0 0 0 0 0 0 0 2 0 
2 2 2 5 2 0 0 1 2 0 0 0 0 0 0 0 0 0 0 0 0 0 0 0 0 0 0 3 2 
300 31
4 1 4 3
4 1 3 1
4 1 5 1
4 1 4 3
4 3 4 5
4 3 2 3
4 3 5 3
4 3 4 5
4 10 4 8
4 10 4 13
4 10 3 10
4 10 5 10
23 25 22 25
28 3 28 2
28 3 28 4
28 3 27 3
2 3 2 0
2 3 2 16
2 3 0 3
2 3 2 0
2 3 2 16
6 0 6 2
6 0 8 0
6 0 6 2
6 0 8 0
0 3 0 0
0 3 0 4
0 3 0 0
1 2 1 1
0 0 1 0
1 0 1 1

3447

3 = = 4 2   3             3     3     2 2   4     2 2 2 1 
2 2 1 | 3 2 3       3 1   3 3 1   1   2 2 1 2         2 1 
2 = = 6 = = = = = = = = = = = = 5                 6 4   2 
  1   |   1   3 1   3 1   2 2 1   1 2       4 3     3 3   
  4 = 6 = 4 3   3 - 7 - - 5 4               1 1     3 3 3 
  1 3 2 3 4 2   2 1 3 1     2 3   2 5             6 5 3 2 
4 = 4     2 1       1       1 1   2 4 1 1 1 3 3 2     2 2 
ǁ 1     4     5           3   1   3 5 3 4 3   1 1       1 
2         3 2   1   2     4 5 3     1 2             2 2 1 
1 2     4     6                 6       4   4 3 1   2 3   
4       4 1 1   2         2       1   3   3       6   6 4 
3       3 4 4   3   5 3           2   4 2 2 4 2     1 3   
1 1     1 1 1       2 1             1   3   4 3 2   2 4 3 
                    1             3 3 2 2         6 4   4 
  2           4       3   3 1     2 2 1 2   1 1   2 2   2 
3                               5                     5 3 
  3     2           1             1     3     4 1 2 2   3 
    1   3                       4             5   2       
  4     2 1     4 4   2           1           3 2 1       
  1 1   4       5 5 3 2 1       5               5 4 3     
  2     4   3 2             1   5   2 2             1     
  2         2     4   2                 1       2 3 4     
              1   4   1         2     4 1     1   3 2   3 
                                                  1       
  3 1         2   5                                   4 2 
  1                                                     1 
3           4 3   3     1                               2 
4 3 1 3     2 2                                       2   
2 2 2 5 2     1 2                                     3 2 
