29 29
3 0 0 3 1 0 0 0 0 3 1 0 0 0 0 0 0 0 0 0 0 0 0 0 0 0 0 2 2 
5 0 0 6 0 0 0 0 0 7 0 0 0 0 0 0 0 0 0 0 0 0 0 0 0 0 0 5 5 
3 2 4 0 4 3 3 3 2 0 1 3 0 2 3 3 1 3 0 0 0 0 0 0 0 0 0 0 2 
4 0 5 3 6 4 4 4 3 0 0 0 0 3 4 0 0 0 0 0 0 0 0 0 0 0 0 0 1 
0 0 0 0 3 3 0 0 3 0 4 4 3 0 0 6 0 6 0 0 0 0 0 0 4 4 0 0 0 
3 0 0 3 0 0 5 3 4 0 0 0 0 1 0 0 0 3 0 0 0 0 0 0 3 5 2 0 3 
3 2 0 0 3 0 6 3 3 0 0 3 0 0 0 4 0 4 0 0 6 6 0 0 0 5 3 0 0 
1 0 0 0 3 2 0 0 0 0 0 2 0 2 0 3 0 0 0 0 4 4 0 1 1 3 2 0 0 
4 0 6 3 0 0 4 7 4 0 5 0 6 0 0 0 0 0 0 0 0 0 0 0 0 0 0 7 4 
5 3 0 4 1 2 3 4 2 0 4 5 5 3 0 0 5 0 6 0 0 0 0 0 0 4 1 0 0 
3 2 0 3 0 2 1 2 2 0 2 2 2 3 2 1 3 3 6 2 0 0 0 0 0 0 0 0 0 
2 0 7 0 0 0 0 0 0 7 0 0 0 0 0 0 0 0 0 0 0 0 0 0 0 7 4 0 0 
0 1 0 3 3 1 1 0 0 0 2 0 0 5 0 4 0 0 0 4 0 0 0 4 3 0 0 0 0 
0 0 0 3 3 0 2 0 0 0 5 2 0 0 2 0 2 0 0 0 1 4 5 4 0 0 0 0 0 
0 0 0 0 3 2 0 0 0 0 3 0 0 6 6 0 5 0 0 7 3 0 4 0 0 0 0 0 0 
0 2 0 0 0 0 0 0 0 0 0 1 0 3 3 0 2 0 0 3 2 0 0 0 0 0 0 0 0 
0 0 0 3 0 0 0 0 0 4 0 0 0 0 0 4 0 0 0 0 0 5 4 0 2 0 0 0 0 
0 0 0 4 2 1 0 5 3 0 3 0 4 5 2 0 2 3 0 0 0 3 1 0 0 0 0 0 0 
0 0 0 0 2 3 2 0 1 0 6 3 0 0 1 4 0 0 0 0 0 0 0 6 2 0 0 0 2 
0 0 0 3 0 0 0 0 1 0 0 1 0 0 0 0 1 0 4 0 3 0 0 5 1 0 0 0 2 
0 0 0 2 0 0 0 0 0 0 0 0 0 5 6 6 0 0 7 0 2 0 0 0 0 0 2 0 3 
0 4 5 0 4 0 0 5 3 0 0 0 0 4 4 2 1 0 3 0 0 0 0 4 2 0 2 0 4 
0 2 4 0 0 0 0 3 2 0 3 0 3 0 0 0 0 0 0 0 0 0 0 0 0 6 4 0 0 
5 4 2 2 0 0 0 0 0 5 0 0 0 0 0 0 0 0 0 0 0 0 0 3 3 0 3 0 0 
0 3 0 0 0 0 2 1 0 5 0 0 0 0 0 0 0 0 0 0 0 0 0 3 2 5 4 0 2 
4 0 0 0 4 2 0 2 0 5 0 0 0 0 0 0 0 0 2 0 0 3 4 5 1 3 2 0 2 
2 1 0 0 0 0 5 0 0 0 0 0 0 0 0 0 0 0 0 0 0 0 0 0 0 0 0 8 6 
5 0 3 0 0 0 4 0 4 0 0 0 0 0 3 3 2 2 2 0 4 0 0 0 0 0 0 7 3 
3 0 0 0 4 4 5 2 2 1 0 0 0 0 0 0 0 0 0 0 3 2 1 0 0 2 0 5 1 
300 359
1 0 1 3
1 0 0 0
1 0 2 0
1 9 1 3
1 9 1 27
1 9 0 9
1 9 11 9
1 28 1 27
1 28 0 28
1 28 2 28
4 25 4 24
4 25 5 25
4 25 4 24
4 25 5 25
6 20 6 17
6 20 6 21
6 20 7 20
6 20 6 17
6 20 6 21
6 20 7 20
6 21 6 25
6 21 7 21
8 7 8 6
8 7 8 8
8 7 6 7
8 7 9 7
8 10 8 12
8 10 4 10
8 10 9 10
8 27 8 12
8 27 8 28
8 27 1 27
8 27 26 27
9 0 9 1
9 0 8 0
9 0 10 0
9 11 9 10
9 11 9 12
9 11 10 11
9 16 9 13
9 16 9 18
9 16 10 16
9 18 9 16
9 18 9 25
9 18 10 18
11 2 11 0
11 2 11 9
11 2 8 2
11 2 21 2
11 25 11 9
11 25 11 26
11 25 9 25
11 25 22 25
12 1 15 1
12 13 12 10
12 13 12 15
12 13 14 13
13 22 13 21
13 22 13 23
13 22 14 22
14 19 14 16
14 19 14 20
14 19 12 19
14 19 15 19
15 1 21 1
17 7 17 5
17 7 17 8
17 7 21 7
20 13 20 14
20 13 17 13
20 13 21 13
20 18 20 15
20 18 20 20
20 18 19 18
20 18 21 18
21 1 21 2
21 1 22 1
21 1 21 2
21 28 20 28
21 28 24 28
21 28 20 28
21 28 24 28
23 0 23 1
23 0 11 0
23 0 25 0
25 23 25 22
25 23 25 24
25 23 24 23
25 28 26 28
26 27 26 6
26 27 26 28
26 27 8 27
26 27 27 27
26 28 26 27
26 28 25 28
26 28 27 28
27 0 27 2
27 0 26 0
27 0 28 0
28 6 28 5
28 6 28 7
28 6 27 6
28 27 28 25
28 27 28 28
28 27 27 27
3 14 3 13
3 14 2 14
3 14 3 13
3 14 2 14
4 24 4 17
4 24 5 24
6 17 6 15
6 17 5 17
6 21 6 25
6 21 7 21
7 20 7 15
7 20 7 21
7 21 7 23
7 24 7 25
9 18 9 25
9 18 10 18
9 25 9 26
10 18 10 17
10 18 10 19
10 18 10 17
10 18 10 19
11 2 11 9
11 2 8 2
11 2 21 2
11 25 11 9
11 25 11 26
11 25 22 25
11 26 20 26
11 26 20 26
20 28 19 28
21 26 22 26
22 25 22 12
22 25 22 26
22 25 24 25
22 25 22 12
22 26 21 26
22 26 23 26
23 0 23 1
23 0 25 0
23 26 24 26
25 0 25 4
25 0 26 0
25 9 25 7
25 9 25 18
25 9 24 9
25 22 25 21
25 22 25 23
25 22 25 21
25 23 24 23
26 1 26 6
26 27 26 6
26 27 26 28
27 0 27 2
27 0 28 0
27 2 27 6
27 27 27 20
27 27 27 28
27 27 28 27
27 28 27 27
28 0 28 4
28 4 28 5
28 5 28 4
28 5 28 6
28 27 28 25
4 17 4 15
4 17 2 17
4 17 5 17
4 17 4 15
4 17 2 17
8 2 8 0
8 2 8 3
8 2 3 2
8 2 8 0
10 17 10 16
19 28 18 28
23 26 24 26
24 26 24 25
24 26 25 26
25 4 25 5
25 4 21 4
25 4 25 5
25 21 25 18
25 26 25 25
27 27 27 20
28 22 28 21
2 17 2 16
4 15 4 12
4 15 2 15
4 15 6 15
4 15 4 12
5 13 7 13
5 17 5 24
5 24 5 25
6 15 7 15
8 0 7 0
9 0 9 1
9 0 10 0
9 1 10 1
10 0 10 1
18 28 8 28
23 9 23 23
23 9 16 9
23 9 24 9
24 1 23 1
25 25 24 25
27 20 27 18
27 20 28 20
28 20 28 9
28 20 28 21
2 15 2 14
3 13 2 13
6 15 7 15
7 13 7 11
8 12 8 10
8 12 8 27
8 12 9 12
8 12 9 12
8 28 8 27
8 28 5 28
18 10 18 11
18 10 17 10
18 10 22 10
18 10 18 11
18 10 17 10
18 10 22 10
19 11 18 11
21 13 21 14
21 13 20 13
21 13 21 14
21 14 21 15
21 14 20 14
22 10 22 12
24 1 23 1
25 25 24 25
27 18 27 17
2 13 2 11
4 12 4 11
5 28 3 28
7 11 6 11
17 12 17 10
17 12 17 13
17 12 17 13
17 12 17 13
20 14 20 13
20 14 20 15
20 14 18 14
20 14 20 15
20 15 20 18
20 15 18 15
20 15 21 15
21 16 21 18
22 1 22 2
22 2 21 2
22 2 23 2
22 2 23 2
23 3 20 3
24 25 24 24
27 17 27 16
2 28 1 28
6 11 4 11
18 15 18 23
18 15 16 15
18 15 18 23
18 23 18 24
18 23 13 23
18 23 19 23
18 23 18 24
19 16 19 18
19 18 19 20
19 18 20 18
21 4 21 7
21 4 18 4
21 4 21 7
23 3 20 3
27 16 27 15
6 11 4 11
13 23 13 22
13 23 12 23
16 24 12 24
18 6 18 5
19 3 17 3
19 3 17 3
27 15 27 14
2 11 2 10
2 11 4 11
4 10 8 10
9 10 9 11
9 10 10 10
10 10 10 11
12 23 12 19
12 23 12 24
12 23 12 19
12 24 16 24
17 3 17 4
17 3 16 3
18 5 18 4
18 5 18 6
27 15 27 14
9 11 9 12
12 19 12 15
14 19 14 16
14 19 14 20
14 19 15 19
15 20 15 19
15 20 14 20
17 4 14 4
27 14 27 8
12 15 12 13
12 15 16 15
13 14 14 14
13 16 14 16
13 20 13 21
13 21 13 22
13 21 16 21
14 14 14 13
14 14 13 14
14 14 15 14
14 14 14 13
14 14 15 14
14 22 16 22
16 3 13 3
16 15 16 9
16 15 16 21
17 13 17 14
17 16 17 17
27 8 27 6
27 8 28 8
27 8 27 6
28 6 28 7
13 16 14 16
14 13 14 10
14 13 12 13
14 13 15 13
14 16 15 16
14 22 16 22
15 11 15 13
15 13 15 14
16 3 13 3
16 9 11 9
16 9 23 9
16 22 16 21
16 22 17 22
17 16 17 17
17 17 17 21
17 21 16 21
26 6 24 6
26 6 24 6
11 9 1 9
12 10 13 10
13 10 13 11
13 10 14 10
13 10 13 11
13 10 14 10
16 21 17 21

5288

3     3 1         3 1                                 2 2 
5 - - 6 - - - - - 7 - - - - - - - - - - - - - - - - - 5 5 
3 2 4   4 3 3 3 2 ǁ 1 3 - 2 3 3 1 3                   | 2 
4   5 3 6 4 4 4 3 ǁ   |   3 4 |   ǁ                   | 1 
    |   3 3     3 ǁ 4 4 3 = = 6 = 6 - - - - - - 4 4   | | 
3   | 3     5 3 4 ǁ ǁ ǁ   1   |   3 - - - - - - 3 5 2 | 3 
3 2 |   3   6 3 3 ǁ ǁ 3   |   4 - 4 = = 6 6 = = = 5 3 | | 
1   |   3 2   |   ǁ ǁ 2 - 2   3 - - - - 4 4 - 1 1 3 2 | | 
4 = 6 3     4 7 4 ǁ 5 = 6 = = = = = = = = = = = = = = 7 4 
5 3 ǁ 4 1 2 3 4 2 ǁ 4 5 5 3 - - 5 = 6 = = = = = = 4 1 ǁ | 
3 2 ǁ 3   2 1 2 2 ǁ 2 2 2 3 2 1 3 3 6 2           |   ǁ | 
2 - 7 = = = = = = 7 = = = = = = = = = = = = = = = 7 4 ǁ | 
| 1 ǁ 3 3 1 1     | 2 - - 5 = 4 - - - 4 = = = 4 3 ǁ ǁ ǁ | 
| | ǁ 3 3   2     | 5 2   ǁ 2 | 2     | 1 4 5 4 ǁ ǁ ǁ ǁ | 
| | ǁ ǁ 3 2       | 3 - - 6 6 | 5 = = 7 3 | 4 | ǁ ǁ ǁ ǁ | 
| 2 ǁ ǁ |         |   1 - 3 3 | 2     3 2 | ǁ | ǁ ǁ ǁ ǁ | 
| | ǁ 3 |         4 - - - - - 4 - - - - - 5 4 | 2 ǁ ǁ ǁ | 
| | ǁ 4 2 1 - 5 3 ǁ 3 - 4 5 2 | 2 3 - - - 3 1 |   ǁ ǁ ǁ | 
| | ǁ ǁ 2 3 2 | 1 ǁ 6 3   | 1 4 = = = = = = = 6 2 ǁ ǁ ǁ 2 
| | ǁ 3 |     | 1 ǁ ǁ 1   | | | 1 - 4 - 3     5 1 ǁ ǁ ǁ 2 
| | ǁ 2 |     |   ǁ ǁ     5 6 6 = = 7 - 2         ǁ 2 ǁ 3 
| 4 5 ǁ 4 = = 5 3 ǁ ǁ     4 4 2 1 - 3         4 2 ǁ 2 ǁ 4 
| 2 4 ǁ |     3 2 ǁ 3 - 3 = = = = = = = = = = = = 6 4 ǁ ǁ 
5 4 2 2 |         5 - - - - - - - - - - - - - 3 3 | 3 ǁ ǁ 
ǁ 3     |   2 1   5                           3 2 5 4 ǁ 2 
4 - - - 4 2 ǁ 2 - 5 - - - - - - - - 2 - - 3 4 5 1 3 2 ǁ 2 
2 1 - - - - 5 = = = = = = = = = = = = = = = = = = = = 8 6 
5 = 3 - - - 4 = 4 - - - - - 3 3 2 2 2 - 4 = = = = = = 7 3 
3 - - - 4 4 5 2 2 1 - - - - - - - - - - 3 2 1     2 = 5 1 
