29 29
1 0 0 2 2 0 2 2 3 0 0 0 1 1 0 0 3 0 0 4 0 0 0 0 0 3 4 4 0 
2 3 0 0 2 1 0 1 0 0 0 0 0 0 0 0 0 0 0 0 1 3 0 0 1 1 1 3 1 
4 4 0 4 0 0 4 0 4 0 0 0 0 0 0 0 0 0 0 5 1 0 1 0 3 1 0 1 0 
2 3 2 0 1 2 0 2 4 0 2 1 0 4 0 3 0 0 2 0 0 0 0 0 0 0 0 0 0 
4 4 0 5 6 4 0 3 0 1 0 0 0 0 0 3 1 0 0 0 0 0 2 0 5 3 0 3 1 
2 4 2 0 0 1 0 2 0 0 0 0 0 0 0 1 0 0 0 5 2 0 3 2 0 2 3 0 0 
2 5 1 3 0 1 0 1 5 3 3 0 0 4 0 0 0 0 4 1 0 0 0 0 0 1 0 2 1 
1 0 2 0 0 2 0 1 3 0 0 0 0 0 0 0 0 0 0 0 0 0 0 0 0 2 4 0 1 
2 5 4 0 0 0 0 0 0 0 0 0 0 3 0 1 1 0 4 2 0 0 0 0 0 0 1 0 0 
1 0 1 2 4 2 0 1 0 2 3 0 2 1 0 0 0 0 0 0 0 0 0 0 0 0 1 2 0 
1 0 2 0 4 1 0 0 0 0 1 1 2 0 0 0 0 0 0 0 0 0 0 0 0 0 0 0 0 
3 5 0 0 0 0 4 0 0 0 0 0 0 0 0 0 0 0 0 0 0 6 0 0 4 0 0 0 0 
0 0 3 0 2 1 0 2 0 2 1 2 0 0 0 0 2 1 0 0 0 0 0 0 0 0 0 0 0 
2 0 4 2 0 0 0 0 3 3 2 0 0 0 1 0 0 0 0 0 0 2 3 0 3 0 0 0 0 
1 0 2 0 4 4 0 0 4 1 0 0 0 0 4 0 6 5 0 0 0 2 4 2 1 0 0 0 0 
1 0 0 1 0 0 0 0 0 0 0 0 0 0 1 0 2 3 0 0 0 0 0 2 0 0 0 0 0 
2 0 3 5 0 0 0 0 4 0 0 4 0 0 0 0 0 0 0 0 0 0 0 0 0 2 4 6 4 
0 0 2 2 0 0 0 0 0 2 1 0 2 0 0 0 0 0 0 0 0 3 1 2 0 0 4 0 1 
0 0 5 1 0 0 0 3 6 4 2 0 1 0 0 0 0 0 0 0 0 0 0 1 0 0 1 0 2 
0 0 0 0 0 0 0 0 3 1 0 0 0 0 0 0 0 0 0 0 0 0 3 0 0 0 0 5 4 
0 0 0 0 0 3 0 0 3 2 1 0 0 0 0 0 0 0 0 0 0 0 4 0 3 0 1 0 1 
0 0 0 0 0 2 0 3 0 2 1 0 0 0 0 0 0 0 0 0 0 0 3 1 4 3 4 0 1 
2 5 3 0 0 1 0 3 0 3 1 0 0 0 0 0 0 0 0 0 0 0 2 1 1 2 0 0 0 
1 0 2 0 5 0 4 0 0 0 0 4 0 0 0 0 0 0 0 0 0 6 0 0 0 0 4 0 0 
0 2 3 0 5 1 0 3 0 0 0 5 0 2 1 1 3 2 0 1 0 0 1 0 0 2 1 0 2 
3 3 2 1 2 1 0 3 0 1 2 5 0 0 0 0 4 2 1 0 0 4 0 0 0 3 1 0 0 
2 7 0 0 0 0 6 0 0 0 0 0 0 0 0 0 0 0 0 0 0 0 0 0 0 0 0 4 2 
1 4 1 3 0 0 5 0 0 0 0 0 0 0 0 0 4 1 0 1 0 0 0 0 0 0 0 5 1 
1 3 1 1 1 0 3 0 0 0 0 0 1 1 2 0 4 0 0 0 0 0 2 0 0 2 1 4 2 
300 30
0 27 0 26
0 27 1 27
0 27 0 26
0 27 1 27
16 28 16 27
16 28 7 28
16 28 17 28
16 28 16 27
18 2 18 3
18 2 17 2
18 2 22 2
25 11 25 10
25 11 25 16
25 11 24 11
26 1 26 0
26 1 26 6
26 1 25 1
26 1 27 1
0 26 0 25
0 26 1 26
16 27 16 26
16 27 9 27
16 27 19 27
16 27 16 26
18 2 17 2
18 2 22 2
18 28 19 28
18 28 19 28
19 28 19 27
19 28 20 28

2821

1     2 2   2 2 3       1 1     3     4           3 4 4   
2 3     2 1   1                         1 3     1 1 1 3 1 
4 4   4     4   4                     5 1   1   3 1   1   
2 3 2   1 2   2 4   2 1   4   3     2                     
4 4   5 6 4   3   1           3 1           2   5 3   3 1 
2 4 2     1   2               1       5 2   3 2   2 3     
2 5 1 3   1   1 5 3 3     4         4 1           1   2 1 
1   2     2   1 3                                 2 4   1 
2 5 4                     3   1 1   4 2             1   | 
1   1 2 4 2   1   2 3   2 1                         1 2 | 
1   2   4 1         1 1 2                             | | 
3 5         4                             6     4     | | 
    3   2 1   2   2 1 2         2 1                   | | 
2   4 2         3 3 2       1             2 3   3     | | 
1   2   4 4     4 1         4   6 5       2 4 2 1     | | 
1     1                     1   2 3           2       | | 
2   3 5         4     4                           2 4 6 4 
    2 2           2 1   2                 3 1 2     4 | 1 
    5 1       3 6 4 2   1                     1     1 | 2 
    ǁ           3 1                         3         5 4 
    ǁ     3     3 2 1                       4   3   1   1 
    ǁ     2   3   2 1                       3 1 4 3 4   1 
2 5 3     1   3   3 1                       2 1 1 2       
1   2   5   4         4                   6         4     
  2 3   5 1   3       5   2 1 1 3 2   1     1     2 1   2 
3 3 2 1 2 1   3   1 2 5 - - - - 4 2 1     4       3 1     
2 7 - - - - 6                                         4 2 
1 4 1 3     5                   4 1   1               5 1 
1 3 1 1 1   3           1 1 2   4           2     2 1 4 2 
