29 29
2 2 0 4 2 0 0 0 0 0 0 0 0 0 0 0 0 0 0 0 0 0 0 0 4 1 2 3 2 
5 5 0 8 0 0 0 0 0 0 0 0 0 0 0 3 3 4 0 4 5 0 4 2 0 4 0 4 0 
2 5 4 0 4 4 0 4 0 0 0 2 0 3 0 0 3 4 2 0 0 4 6 3 0 2 2 0 0 
2 3 2 0 2 2 0 8 0 0 0 0 0 0 0 0 0 5 2 0 2 2 1 0 0 3 4 0 0 
2 0 0 8 0 2 0 0 0 0 0 0 0 0 0 0 0 3 2 0 0 0 0 0 0 0 0 0 0 
3 4 1 0 4 0 0 7 0 0 0 0 0 0 0 0 0 0 0 4 0 0 0 0 6 6 0 4 0 
0 0 2 0 0 0 0 3 1 3 0 1 0 3 2 0 4 2 2 0 0 0 0 0 0 0 2 4 0 
0 0 0 0 0 0 0 1 0 0 0 0 0 0 2 0 8 6 6 0 1 3 0 0 6 0 2 5 0 
0 0 0 0 3 0 0 0 0 6 0 0 0 8 0 4 0 0 2 0 2 4 0 0 4 0 1 0 0 
0 0 0 0 4 0 5 0 0 7 0 2 2 5 1 2 0 0 0 0 2 0 0 4 0 0 0 0 0 
0 0 0 0 0 1 1 2 0 7 0 0 4 4 2 0 0 0 0 0 3 0 4 6 2 0 0 0 0 
0 6 4 0 2 5 0 6 0 6 0 0 0 0 0 0 5 2 0 0 2 0 0 2 0 8 3 0 0 
0 3 1 0 0 2 0 4 2 4 0 0 4 0 0 2 0 0 0 0 1 0 4 0 0 6 2 0 0 
6 0 0 8 0 0 0 0 0 0 0 0 0 0 0 0 0 0 0 5 0 0 0 0 0 0 0 7 6 
0 2 0 8 0 5 0 0 0 0 0 0 0 0 0 0 0 0 0 0 0 4 0 0 3 3 2 0 0 
0 4 4 0 2 0 2 0 4 0 0 0 0 0 0 0 0 0 0 1 2 0 3 1 2 2 0 0 3 
0 0 2 0 0 0 2 1 0 0 0 0 0 0 0 0 0 0 0 0 0 0 0 0 0 4 1 0 2 
0 0 0 0 0 0 5 0 8 0 0 0 0 0 0 0 0 0 0 6 3 0 6 0 6 0 0 0 1 
0 0 2 0 0 0 0 0 5 0 0 0 4 2 0 3 2 0 0 0 0 0 4 0 0 0 2 0 2 
0 0 0 0 0 0 0 0 0 0 0 0 0 0 2 2 0 0 0 0 0 0 4 2 0 0 0 0 0 
0 0 0 0 0 0 2 2 4 2 2 0 8 6 3 2 6 4 0 8 0 6 0 0 6 5 6 0 0 
6 8 6 0 0 0 0 0 1 2 0 0 4 2 0 0 0 2 0 2 2 5 2 1 3 2 2 0 0 
0 2 2 0 0 0 0 5 0 0 0 0 0 0 0 0 7 0 0 0 0 0 0 0 0 0 0 6 5 
0 2 0 0 0 0 0 2 2 0 0 4 0 4 2 1 0 2 0 0 0 5 0 0 4 2 2 0 0 
0 0 0 0 4 8 0 0 0 0 0 0 0 6 6 3 0 2 3 0 0 4 4 2 0 0 0 0 3 
0 5 2 0 2 8 0 4 4 2 2 0 4 0 0 0 7 0 0 0 0 0 0 0 4 0 0 0 1 
4 0 2 6 2 6 0 0 0 0 2 2 0 4 0 0 4 0 0 0 0 0 2 1 3 5 0 4 1 
2 3 0 7 0 0 0 2 0 0 0 0 0 0 0 0 0 0 0 0 5 0 0 0 5 2 3 4 3 
1 0 0 5 0 0 0 4 2 2 0 0 0 0 0 0 0 0 0 0 6 0 2 2 6 0 4 2 1 
300 479
1 0 1 1
1 0 0 0
1 0 2 0
1 3 1 1
1 3 1 15
1 3 0 3
1 3 4 3
1 3 1 1
1 3 1 15
1 3 0 3
1 3 4 3
1 20 1 19
1 20 1 22
1 20 3 20
2 2 2 1
2 2 3 2
2 2 2 1
2 2 3 2
2 4 2 5
2 4 3 4
2 4 2 5
2 4 3 4
2 5 2 7
2 5 3 5
2 7 2 11
2 7 3 7
2 7 2 11
2 21 2 22
2 21 3 21
2 21 2 22
2 21 3 21
2 22 2 23
2 22 1 22
2 22 3 22
2 22 2 23
4 3 4 0
4 3 4 5
4 3 13 3
5 4 5 7
5 4 8 4
5 4 5 7
5 4 8 4
5 7 5 19
5 7 3 7
5 7 6 7
7 16 7 14
7 16 7 17
7 16 6 16
7 16 11 16
7 16 7 14
7 16 7 17
7 16 6 16
7 16 11 16
7 17 7 18
7 17 6 17
7 17 11 17
7 17 7 18
7 18 7 20
7 18 6 18
7 18 8 18
7 18 6 18
7 27 7 26
7 27 6 27
7 27 13 27
8 13 8 9
8 13 8 15
8 13 6 13
8 13 9 13
8 13 8 9
8 13 8 15
8 13 6 13
8 13 9 13
8 15 9 15
9 6 9 4
9 6 9 9
9 6 10 6
10 5 11 5
10 9 10 7
10 9 10 12
10 9 9 9
10 9 11 9
11 1 11 2
11 1 5 1
11 1 12 1
11 1 11 2
11 1 5 1
11 1 12 1
11 2 6 2
11 2 12 2
11 25 11 23
11 25 11 26
11 25 5 25
11 25 12 25
11 25 11 23
11 25 11 26
11 25 5 25
11 25 12 25
12 1 14 1
12 25 12 22
12 25 12 26
12 25 14 25
12 25 12 22
13 0 5 0
13 0 21 0
13 0 5 0
13 0 21 0
13 3 13 19
13 3 4 3
13 3 14 3
13 3 13 19
13 3 14 3
13 3 14 3
13 3 14 3
13 19 15 19
13 27 13 28
13 27 7 27
13 27 22 27
13 27 13 28
13 27 22 27
13 27 13 28
15 8 15 6
15 8 17 8
15 8 15 6
15 8 17 8
17 6 17 8
17 6 16 6
17 6 20 6
17 8 17 6
17 8 17 19
17 8 18 8
17 19 17 8
17 19 17 20
17 19 20 19
17 24 17 22
17 24 15 24
17 24 20 24
17 24 17 22
17 24 15 24
17 24 20 24
18 22 17 22
18 22 19 22
18 22 17 22
18 22 19 22
19 22 19 23
19 22 21 22
19 23 21 23
20 12 20 10
20 12 20 13
20 12 18 12
20 12 21 12
20 12 20 10
20 12 20 13
20 12 18 12
20 12 21 12
20 13 20 14
20 13 18 13
20 13 21 13
20 13 20 14
20 19 20 17
20 19 20 21
20 19 17 19
20 19 21 19
20 21 20 19
20 21 14 21
20 21 21 21
20 21 14 21
20 21 21 21
20 24 20 25
20 24 21 24
20 24 20 25
20 24 21 24
20 26 20 25
20 26 18 26
20 26 21 26
20 26 20 25
20 26 18 26
20 26 21 26
21 0 21 1
21 0 26 0
21 1 21 0
21 1 21 2
21 1 15 1
21 1 22 1
21 1 21 0
21 1 21 2
21 1 15 1
21 2 21 8
21 2 18 2
21 2 22 2
21 2 18 2
22 7 22 2
22 7 22 16
22 7 23 7
22 27 22 16
22 27 22 28
22 27 26 27
22 27 22 16
22 28 18 28
22 28 24 28
23 21 23 17
23 21 23 24
23 21 24 21
24 4 24 5
24 4 25 4
24 4 24 5
24 4 25 4
24 5 24 13
24 5 25 5
24 5 24 13
24 5 25 5
24 5 25 5
24 5 25 5
24 13 24 14
24 13 23 13
24 13 26 13
24 13 24 14
24 14 24 15
24 14 23 14
25 1 25 2
25 1 23 1
25 1 27 1
25 5 25 7
25 5 26 5
25 12 25 10
26 0 27 0
26 3 26 2
26 3 26 4
26 3 27 3
26 3 26 2
26 3 26 4
26 3 27 3
26 13 26 11
26 13 26 16
26 13 26 11
26 16 26 22
26 16 25 16
26 16 26 22
27 3 27 1
27 3 27 7
27 3 28 3
27 20 27 7
27 20 27 24
27 20 28 20
28 3 28 0
28 3 28 7
28 3 27 3
28 7 28 3
28 7 28 8
28 7 28 8
28 9 28 20
28 20 28 9
28 20 28 22
28 20 27 20
28 24 28 23
28 24 28 26
28 24 27 24
28 24 28 23
28 24 28 26
28 24 27 24
28 26 28 27
28 26 27 26
0 3 0 1
0 3 0 4
0 4 0 24
0 24 0 25
0 24 5 24
0 24 5 24
1 15 1 16
1 22 1 20
1 22 1 23
1 23 2 23
1 25 1 27
1 25 2 25
1 25 1 27
1 25 2 25
1 27 0 27
1 27 5 27
2 13 2 16
2 26 3 26
3 7 3 5
3 7 3 17
3 7 5 7
3 7 3 17
4 3 4 0
4 3 4 5
5 0 5 1
5 1 5 2
5 24 5 19
5 24 5 25
5 24 7 24
5 24 5 19
5 27 5 25
5 27 6 27
5 27 5 25
6 16 6 14
6 16 6 17
6 27 6 26
6 27 7 27
7 7 6 7
8 9 8 4
8 9 6 9
8 9 9 9
8 9 6 9
8 15 9 15
8 18 8 20
9 4 9 6
9 4 11 4
9 4 11 4
9 6 9 9
9 9 9 11
9 9 10 9
9 23 9 20
9 23 10 23
9 23 9 20
9 23 10 23
10 23 10 22
10 23 10 24
11 5 11 7
11 5 12 5
14 3 14 1
14 3 14 5
14 3 14 5
14 21 14 24
15 1 15 2
15 1 15 2
15 2 15 4
15 2 16 2
15 23 15 22
16 2 16 6
17 6 20 6
17 8 18 8
17 19 17 20
17 20 15 20
17 22 15 22
18 12 18 8
18 12 18 13
20 7 20 8
20 19 20 17
20 19 21 19
21 12 21 9
21 12 21 13
21 17 20 17
21 20 21 21
21 21 21 20
21 21 21 22
21 24 21 25
21 25 20 25
22 1 23 1
22 28 18 28
22 28 24 28
23 11 23 8
23 11 23 13
23 11 23 8
23 11 23 13
23 13 23 14
24 14 24 15
24 22 24 21
24 22 24 23
24 22 24 21
24 22 24 23
24 28 25 28
25 1 25 2
25 1 27 1
25 5 25 7
25 5 26 5
25 7 25 8
25 8 25 7
25 8 25 9
25 8 25 9
25 12 25 10
25 16 25 24
25 16 22 16
25 16 25 24
25 16 22 16
25 24 23 24
25 24 26 24
26 0 27 0
26 5 26 10
26 10 26 5
26 23 26 24
28 20 28 22
0 26 0 27
2 13 2 16
2 26 3 26
3 26 3 25
5 19 5 7
5 25 3 25
6 7 6 8
6 9 6 11
6 13 6 14
6 26 7 26
8 20 8 21
8 21 8 24
8 21 7 21
8 21 8 24
8 24 7 24
8 24 10 24
8 26 11 26
9 9 9 11
10 23 10 22
11 5 11 7
11 5 12 5
11 7 11 9
11 7 10 7
11 7 12 7
11 7 11 9
11 9 11 16
11 9 10 9
11 9 12 9
11 16 11 17
12 7 12 8
12 7 12 8
12 9 12 12
12 12 12 9
12 12 12 15
12 12 12 15
12 22 12 20
12 22 10 22
12 26 14 26
14 21 14 24
14 24 14 25
15 22 17 22
16 25 16 26
16 25 15 25
16 25 15 25
17 28 16 28
18 8 20 8
20 7 20 8
20 8 20 9
20 9 21 9
20 17 20 16
23 7 22 7
23 15 24 15
23 24 23 21
23 24 23 25
24 21 24 18
27 20 27 24
0 26 0 27
0 28 13 28
0 28 13 28
1 19 1 17
1 19 1 20
1 19 1 17
3 20 3 18
3 25 3 26
7 21 7 24
7 21 7 24
10 9 10 12
10 12 10 13
10 12 9 12
10 13 10 14
10 13 9 13
10 13 10 14
10 22 10 20
11 20 10 20
11 20 10 20
13 28 15 28
14 25 14 26
15 28 16 28
20 16 20 15
20 16 18 16
20 16 22 16
20 16 20 15
20 16 18 16
22 7 22 16
23 21 23 17
24 17 24 18
24 18 24 17
1 17 1 16
1 17 2 17
9 12 9 13
9 13 9 14
18 15 19 15
19 14 19 15
19 14 20 14
1 16 2 16
2 17 2 18
2 17 3 17
2 17 2 18

4188

2 2 - 4 2 - - - - - - - - - - - - - - - - - - - 4 1 2 3 2 
5 5 = 8 = = = = = = = = = = = 3 3 4 = 4 5 = 4 2 ǁ 4 = 4 ǁ 
2 5 4 ǁ 4 4 - 4 = = = 2   3 = = 3 4 2   | 4 6 3 ǁ 2 2 | ǁ 
2 3 2 ǁ 2 2 - 8 = = = = = = = = = 5 2 - 2 2 1   ǁ 3 4 | ǁ 
2 = = 8 = 2   ǁ                   3 2           ǁ |   | ǁ 
3 4 1 ǁ 4 = = 7 = = = = = = = = = = = 4 = = = = 6 6 = 4 ǁ 
ǁ ǁ 2 ǁ ǁ     3 1 3 - 1   3 2 - 4 2 2           | ǁ 2 4 ǁ 
ǁ ǁ | ǁ ǁ     1   ǁ       ǁ 2 = 8 6 6 - 1 3 = = 6 ǁ 2 5 ǁ 
ǁ ǁ | ǁ 3 - - - - 6 = = = 8 = 4 ǁ | 2 - 2 4 = = 4 ǁ 1 ǁ ǁ 
ǁ ǁ | ǁ 4 = 5 = = 7 = 2 2 5 1 2 ǁ |     2 = = 4 | ǁ | ǁ ǁ 
ǁ ǁ | ǁ ǁ 1 1 2 - 7 = = 4 4 2   ǁ |     3 - 4 6 2 ǁ | ǁ ǁ 
ǁ 6 4 ǁ 2 5 = 6 = 6 - - - - - - 5 2     2   | 2 = 8 3 ǁ ǁ 
ǁ 3 1 ǁ   2   4 2 4 = = 4 = = 2         1 - 4 = = 6 2 ǁ ǁ 
6 |   8 = = = = = = = = = = = = = = = 5           | | 7 6 
ǁ 2 - 8 = 5                           |   4 = = 3 3 2 ǁ | 
ǁ 4 4 - 2   2 = 4                     1 2 ǁ 3 1 2 2   ǁ 3 
ǁ ǁ 2 - - - 2 1 ǁ                       | ǁ ǁ   ǁ 4 1 ǁ 2 
ǁ ǁ         5 = 8 = = = = = = = = = = 6 3 ǁ 6 = 6     ǁ 1 
ǁ ǁ 2       ǁ   5 - - - 4 2   3 2     ǁ   ǁ 4   ǁ   2 ǁ 2 
ǁ ǁ ǁ       ǁ   |       ǁ | 2 2 ǁ     ǁ   ǁ 4 2 ǁ   ǁ ǁ ǁ 
ǁ ǁ ǁ       2 2 4 2 2 = 8 6 3 2 6 4 = 8 = 6 | | 6 5 6 ǁ ǁ 
6 8 6 - - - - - 1 2 - - 4 2     | 2   2 2 5 2 1 3 2 2 ǁ ǁ 
| 2 2 - - - - 5 = = = = = = = = 7 = = = = = = = = = = 6 5 
| 2           2 2 = = 4 = 4 2 1 ǁ 2 = = = 5 = = 4 2 2 | ǁ 
| |     4 8 = = = = = = = 6 6 3 ǁ 2 3 - - 4 4 2 |     | 3 
| 5 2   2 8 = 4 4 2 2 = 4 |     7 = = = = = = = 4     | 1 
4 ǁ 2 6 2 6 = = = = 2 2 = 4 - - 4 = = = = = 2 1 3 5   4 1 
2 3 - 7 - - - 2 - - - - - - - - - - - - 5 = = = 5 2 3 4 3 
1 - - 5 = = = 4 2 2 = = = = = = = = = = 6 = 2 2 6 = 4 2 1 
