29 29
2 4 0 0 0 5 0 3 1 2 3 0 0 5 0 0 0 0 3 3 0 4 0 0 5 0 0 5 4 
3 0 4 0 0 5 0 0 0 0 0 0 0 6 0 1 3 0 4 4 0 5 0 0 5 1 2 0 2 
0 0 0 2 3 0 1 5 0 0 4 1 0 0 3 0 7 0 5 0 2 0 4 4 0 4 5 0 0 
0 0 0 0 3 0 2 6 3 4 4 0 0 0 3 3 0 0 0 0 4 0 4 4 0 5 4 0 0 
0 0 0 4 2 0 0 0 0 0 0 0 0 0 0 4 0 0 0 0 0 0 0 0 0 0 0 0 0 
0 0 0 0 1 0 1 5 0 5 0 0 1 0 1 0 0 0 0 0 3 0 0 0 0 0 0 0 0 
0 0 6 7 4 0 0 0 0 0 0 0 0 0 0 0 0 2 3 0 0 0 0 3 0 0 0 0 2 
0 0 0 4 2 0 0 0 2 0 0 0 0 0 0 0 0 3 0 6 3 0 0 0 0 0 0 0 0 
0 0 4 5 1 0 0 0 0 0 0 0 0 0 0 0 0 0 1 0 0 0 0 0 0 1 0 0 0 
0 0 1 0 0 0 3 5 4 0 0 0 0 0 0 0 0 0 0 0 0 0 0 0 0 0 0 0 0 
0 0 1 0 0 0 0 1 0 0 0 0 0 0 0 0 0 0 0 0 2 0 0 0 0 0 0 0 0 
0 0 2 2 0 0 0 0 0 0 3 5 2 0 1 0 0 0 0 0 0 0 0 0 0 0 0 3 4 
0 3 3 5 1 0 0 0 0 0 3 0 2 0 0 0 0 0 0 0 0 0 0 0 0 0 0 2 0 
5 6 4 5 0 0 1 0 0 0 2 0 0 0 3 4 0 0 0 0 2 5 7 4 0 0 0 0 0 
0 0 2 3 0 0 0 0 0 0 0 0 0 0 1 0 0 0 0 0 2 4 0 1 0 0 0 0 0 
0 4 4 2 0 0 0 0 2 0 0 0 0 0 1 0 0 0 0 0 0 0 3 3 0 0 0 0 0 
0 3 0 2 0 0 0 0 1 0 0 0 0 0 0 0 0 0 0 0 1 4 1 0 0 0 0 3 0 
5 0 0 0 0 7 0 0 0 6 0 5 4 0 0 0 0 5 3 0 0 2 1 3 0 0 0 3 0 
0 4 6 5 3 0 2 3 3 0 4 5 4 4 5 4 0 0 0 0 1 0 3 3 0 0 0 0 0 
6 4 0 0 0 0 0 0 6 7 7 0 0 4 6 0 0 0 0 0 0 1 0 2 0 0 0 0 0 
0 1 0 0 0 0 0 0 4 4 3 2 1 1 2 2 0 4 0 0 0 0 0 0 0 0 0 2 0 
4 3 0 3 4 0 2 0 2 2 0 0 0 0 4 3 0 4 0 4 0 6 5 3 0 0 0 0 0 
3 2 0 2 3 0 1 0 2 0 3 0 4 0 5 3 0 3 0 3 1 3 1 0 0 0 0 0 0 
2 0 7 0 0 7 0 5 0 0 0 0 0 0 0 0 7 0 0 0 0 0 0 0 5 0 5 5 3 
2 3 5 2 1 0 2 0 2 0 4 1 3 5 4 0 0 2 5 3 3 0 2 0 6 2 0 0 4 
0 2 3 5 2 0 0 3 3 2 0 0 0 0 5 0 7 0 7 0 0 0 0 0 6 2 0 0 4 
4 0 0 7 0 5 0 3 0 0 6 4 1 0 3 1 0 1 4 2 0 2 0 3 4 2 0 4 4 
2 1 0 3 2 5 4 2 2 0 4 3 1 0 1 1 5 0 0 0 3 2 1 0 3 0 6 2 0 
2 0 0 0 0 4 0 0 0 0 0 0 0 3 0 0 0 0 0 0 0 0 0 5 3 1 4 1 0 
300 184
0 5 0 1
0 5 0 7
0 5 1 5
0 13 0 10
0 13 0 18
0 13 1 13
0 24 0 21
0 24 0 27
0 24 1 24
0 28 0 27
0 28 1 28
0 28 0 27
0 28 1 28
2 16 2 14
2 16 2 18
2 16 1 16
2 16 23 16
2 26 2 25
2 26 1 26
2 26 3 26
6 2 6 3
6 2 1 2
6 2 8 2
6 2 6 3
6 2 1 2
6 2 8 2
6 3 6 4
6 3 4 3
6 3 7 3
8 2 8 3
8 2 9 2
13 0 13 1
13 0 1 0
13 0 17 0
13 22 13 21
13 22 13 23
13 22 3 22
13 22 15 22
17 5 17 0
17 5 17 9
17 5 1 5
17 5 23 5
17 17 17 18
17 17 7 17
17 17 20 17
18 1 18 2
18 1 19 1
18 1 18 2
18 1 19 1
18 2 18 3
18 2 23 2
18 2 18 3
18 2 23 2
19 0 19 1
19 0 17 0
19 0 21 0
19 0 19 1
19 0 17 0
19 0 21 0
19 8 19 9
19 8 18 8
19 8 20 8
19 8 19 9
19 8 18 8
19 8 20 8
19 9 19 10
19 9 17 9
19 9 20 9
19 14 19 13
19 14 18 14
19 14 20 14
19 14 19 13
19 14 18 14
19 14 20 14
20 1 21 1
20 8 20 9
20 8 21 8
21 0 21 1
21 0 22 0
21 1 22 1
23 2 23 0
23 2 23 5
23 2 24 2
25 16 25 14
25 16 25 18
25 16 23 16
25 16 27 16
26 3 26 0
26 3 26 5
26 3 25 3
26 3 27 3
26 17 26 18
26 18 26 19
26 18 25 18
26 18 26 19
26 28 26 27
26 28 25 28
26 28 26 27
26 28 25 28
27 16 27 15
27 16 27 20
27 16 25 16
27 16 27 20
28 23 28 13
28 23 28 24
28 23 26 23
28 26 28 25
28 26 28 27
28 26 27 26
28 26 27 26
1 2 1 0
1 2 1 5
4 15 3 15
4 15 13 15
4 15 3 15
4 15 13 15
10 2 11 2
10 7 9 7
13 3 13 2
13 3 12 3
13 3 14 3
13 15 13 14
13 15 18 15
16 8 15 8
18 8 18 7
18 15 18 14
18 15 20 15
18 15 18 14
20 15 21 15
22 0 22 1
22 0 23 0
23 2 23 5
23 2 24 2
25 18 25 16
25 18 25 24
25 18 24 18
25 28 25 25
25 28 24 28
26 15 26 14
26 27 26 25
26 27 27 27
27 20 27 21
27 22 27 21
27 26 27 24
27 26 27 27
27 26 27 24
0 1 0 0
0 1 0 5
0 1 0 0
1 0 13 0
3 15 3 14
23 26 23 24
23 26 23 27
23 26 3 26
24 28 24 25
24 28 23 28
24 28 24 25
25 18 25 24
25 18 24 18
25 24 25 25
25 24 24 24
25 24 26 24
25 24 24 24
26 21 26 23
26 24 26 23
26 24 26 25
26 24 27 24
28 23 28 13
28 23 28 24
6 28 11 28
8 25 3 25
20 17 17 17
20 17 21 17
20 17 21 17
21 17 21 19
21 17 22 17
24 24 24 22
24 24 23 24
6 28 11 28
11 28 11 27
11 28 23 28
23 28 23 27
24 24 24 22
24 24 23 24

2940

2 4 = = = 5 - 3 1 2 3 - - 5 - - - - 3 3   4 - - 5 - - 5 4 
3 - 4 - - 5               6   1 3   4 4   5     5 1 2   2 
ǁ   ǁ 2 3 | 1 5     4 1     3 - 7 - 5   2   4 4   4 5     
ǁ   ǁ   3 | 2 6 3 4 4       3 3 |       4   4 4   5 4     
ǁ   ǁ 4 2 |                   4 |           |     | |     
ǁ   ǁ | 1 | 1 5   5     1   1 ǁ |       3   |     | |     
ǁ   6 7 4 |                   ǁ | 2 3       | 3   | |   2 
ǁ   ǁ 4 2 |     2             ǁ | 3   6 3   |     | |   ǁ 
ǁ   4 5 1 |                   ǁ | | 1       |     1 |   ǁ 
ǁ   1     | 3 5 4             ǁ | |         |       |   ǁ 
ǁ   1     |   1               ǁ | |     2   |       |   ǁ 
ǁ   2 2   |         3 5 2   1 ǁ | |         |       | 3 4 
ǁ 3 3 5 1 |         3   2     ǁ | |         |       | 2 | 
5 6 4 5   | 1       2       3 4 | |     2 5 7 4     |   | 
|   2 3   |                 1 | | |     2 4 | 1     |   | 
| 4 4 2   |     2           1 | | |         3 3     |   | 
| 3   2   |     1             | | |     1 4 1       | 3 | 
5 - - - - 7 - - - 6   5 4     | | 5 3     2 1 3     | 3 | 
ǁ 4 6 5 3 | 2 3 3 | 4 5 4 4 5 4 | ǁ     1   3 3     |   | 
6 4 ǁ     |     6 7 7     4 6 | | ǁ       1   2     |   | 
ǁ 1 ǁ     |     4 4 3 2 1 1 2 2 | 4                 | 2 | 
4 3 ǁ 3 4 | 2   2 2         4 3 | 4 - 4   6 5 3     |   | 
3 2 ǁ 2 3 | 1   2   3   4   5 3 | 3   3 1 3 1       |   | 
2 - 7 = = 7   5                 7               5 - 5 5 3 
2 3 5 2 1   2   2   4 1 3 5 4   | 2 5 3 3   2 = 6 2 = = 4 
  2 3 5 2     3 3 2         5 - 7 = 7 = = = = = 6 2 - - 4 
4 - - 7 - 5   3     6 4 1   3 1 ǁ 1 4 2   2 - 3 4 2 - 4 4 
2 1   3 2 5 4 2 2   4 3 1   1 1 5 = = = 3 2 1 | 3 = 6 2   
2         4               3 = = = = = = = = = 5 3 1 4 1   
