29 29
1 0 0 2 2 4 0 0 3 2 3 0 0 0 2 0 3 2 0 0 0 0 0 0 2 1 1 0 2 
0 0 1 0 0 0 0 0 0 4 0 0 4 0 3 0 5 0 0 0 0 2 2 0 3 1 2 0 3 
0 0 0 0 1 0 0 0 0 0 3 2 0 1 0 0 0 1 0 4 2 1 2 1 0 1 2 1 0 
0 0 0 0 1 0 0 0 0 0 5 2 0 0 0 0 0 3 0 5 0 2 0 0 0 3 3 3 0 
3 0 5 4 3 0 2 1 0 0 0 2 0 0 2 1 0 3 1 0 0 0 0 0 0 2 0 0 0 
0 1 0 1 2 0 0 0 0 4 4 0 0 0 3 2 0 2 0 4 0 0 0 0 4 0 2 0 0 
4 2 0 1 2 0 0 0 0 2 0 0 0 0 0 2 0 0 0 0 3 0 4 1 0 1 0 0 0 
1 1 0 1 3 0 0 0 0 1 3 5 0 3 5 3 0 1 0 0 1 0 0 1 0 0 0 0 0 
2 4 0 2 0 0 0 0 0 1 1 0 0 2 0 1 0 0 0 0 2 0 5 5 0 0 0 0 0 
1 0 0 0 0 0 0 0 0 0 0 1 0 4 6 2 0 0 0 0 2 0 0 0 0 0 0 0 0 
1 4 0 0 0 0 0 1 0 0 0 0 0 1 0 0 0 0 0 0 2 1 0 2 0 4 1 0 0 
1 0 0 4 2 0 0 0 0 0 4 0 6 3 0 0 0 0 0 0 0 0 0 0 0 0 1 0 0 
2 0 0 0 3 6 4 2 0 0 0 1 0 2 0 0 0 1 0 5 0 0 4 1 0 0 0 1 0 
0 0 0 0 0 0 0 0 0 0 0 0 3 3 0 0 0 2 0 4 0 3 2 1 0 0 3 2 0 
0 0 0 0 0 0 2 1 0 0 0 0 0 0 0 0 0 0 0 0 1 0 2 1 0 0 1 0 0 
3 4 0 0 0 0 0 0 0 0 0 0 0 1 0 0 0 2 1 0 0 2 0 1 0 6 0 4 0 
0 0 0 0 1 0 0 0 0 0 0 0 0 0 0 0 0 2 0 5 2 1 0 0 0 2 0 0 0 
0 0 0 0 0 0 0 0 0 0 3 2 0 0 0 0 0 1 0 3 2 0 3 2 0 0 0 0 0 
0 0 0 0 0 2 3 1 0 0 0 0 0 0 4 0 5 0 0 0 0 0 0 0 3 0 0 4 3 
1 0 0 0 0 0 0 0 0 0 4 1 2 0 0 1 0 4 0 0 4 0 0 0 0 3 2 2 1 
0 0 0 0 0 0 0 0 0 0 2 0 2 0 3 5 0 5 2 0 3 0 0 1 0 0 2 3 1 
0 0 0 0 0 0 0 0 0 0 0 0 1 0 1 3 0 1 1 0 4 3 0 3 0 0 1 1 1 
0 0 0 0 0 0 0 0 0 3 0 0 0 5 0 0 4 0 0 0 0 0 0 0 0 4 0 2 0 
1 0 3 4 0 0 0 0 5 0 4 5 1 0 0 0 2 4 0 0 3 1 0 3 2 0 1 1 0 
0 0 1 0 1 0 3 1 0 2 2 0 1 0 0 0 2 0 3 2 0 0 0 0 1 3 3 2 5 
0 0 2 4 0 0 5 0 0 2 1 6 4 0 0 0 1 4 4 0 6 0 0 5 1 0 0 3 0 
0 0 3 2 2 0 5 3 0 3 3 2 1 0 1 0 0 3 2 1 0 0 0 2 0 0 0 0 0 
3 6 0 0 0 0 0 0 6 0 0 0 0 6 0 0 0 0 0 0 4 0 0 0 0 0 0 6 3 
1 2 1 0 0 0 2 0 2 1 0 0 0 4 0 1 2 0 0 0 4 0 2 0 0 2 1 3 1 
300 70
8 23 8 22
8 23 7 23
8 23 10 23
24 28 24 27
24 28 21 28
24 28 27 28
28 13 28 9
28 13 28 15
28 13 27 13
28 13 27 13
8 23 8 22
8 23 10 23
10 25 10 26
10 25 6 25
10 25 15 25
10 25 15 25
11 26 13 26
15 25 15 23
15 25 15 27
15 25 16 25
15 25 15 27
15 27 13 27
15 27 18 27
24 28 24 27
24 28 27 28
25 27 25 24
25 27 27 27
25 27 27 27
27 13 27 8
27 13 27 20
27 13 22 13
27 13 27 8
27 27 27 20
27 27 27 28
27 27 28 27
27 27 27 20
28 16 28 20
28 27 28 26
28 27 28 28
13 26 13 27
13 26 14 26
25 23 25 20
25 23 23 23
25 23 26 23
27 8 27 1
27 8 23 8
27 8 28 8
27 8 27 1
27 20 25 20
28 6 28 2
28 6 28 8
28 16 28 20
28 20 28 22
28 20 28 22
12 27 3 27
25 6 25 3
25 6 24 6
25 6 26 6
25 20 25 18
25 20 25 23
25 20 23 20
25 20 25 18
26 19 26 18
26 23 25 23
27 1 27 0
27 1 15 1
27 1 28 1
27 1 27 0
28 1 28 0
27 0 23 0

2892

1     2 2 4     3 2 3       2   3 2             2 1 1   2 
    1             4     4   3   5         2 2   3 1 2   3 
        1           3 2   1       1   4 2 1 2 1   1 2 1   
        1           5 2           3   5   2       3 3 3   
3   5 4 3   2 1       2     2 1   3 1             2   |   
  1   1 2         4 4       3 2   2   4         4   2 |   
4 2   1 2         2           2         3   4 1   1   |   
1 1   1 3         1 3 5   3 5 3   1     1     1   |   |   
2 4   2           1 1     2   1         2   5 5   |   |   
1                     1   4 6 2         2     ǁ   |   |   
1 4           1           1             2 1   2   4 1 |   
1     4 2           4   6 3                       ǁ 1 |   
2       3 6 4 2       1   2       1   5     4 1   ǁ | 1   
                        3 3       2   4   3 2 1   ǁ 3 2   
            2 1                         1   2 1   ǁ 1 |   
3 4                       1       2 1     2   1 - 6 = 4   
  |     1                         2   5 2 1       2   |   
  |                 3 2           1   3 2   3 2       |   
  |       2 3 1             4   5               3     4 3 
1 |                 4 1 2     1   4     4         3 2 2 1 
  |                 2   2   3 5   5 2   3     1     2 3 1 
  |                     1   1 3   1 1   4 3   3     1 1 1 
  |               3       5     4                 4   2 | 
1 | 3 4         5   4 5 1 |     2 4     3 1   3 2   1 1 | 
| | 1   1   3 1 | 2 2   1 |     2   3 2 |     | 1 3 3 2 5 
| | 2 4 - - 5   | 2 1 6 4 |     1 4 4 = 6 = = 5 1 - - 3 ǁ 
| | 3 2 2   5 3 | 3 3 2 1 | 1     3 2 1 |     2       ǁ ǁ 
3 6 = = = = = = 6 = = = = 6 - - - - - - 4 = = = = = = 6 3 
1 2 1 - - - 2 - 2 1 - - - 4 - 1 2 = = = 4 = 2     2 1 3 1 
