29 29
2 0 4 0 0 4 0 0 3 1 0 0 0 3 0 0 0 0 3 0 0 3 0 0 0 0 3 3 2 
4 2 1 1 0 3 3 0 5 0 0 0 0 0 0 0 0 0 3 4 2 0 2 0 0 3 0 2 1 
4 0 0 3 1 1 0 1 0 0 0 0 0 0 0 0 1 0 2 4 4 0 2 2 1 0 0 0 2 
3 2 2 0 2 0 5 2 0 0 0 0 0 0 0 0 0 2 0 5 3 0 3 0 0 5 0 0 0 
3 3 4 0 3 2 3 2 0 0 0 0 0 0 0 0 1 0 0 3 1 0 1 3 1 0 0 0 0 
1 1 2 0 1 1 1 0 4 0 0 0 0 0 0 0 0 0 0 0 0 5 0 6 0 4 0 2 5 
2 0 0 3 0 0 0 0 0 0 0 0 0 3 0 0 0 0 4 3 1 0 1 0 1 0 0 1 0 
1 1 0 3 0 0 0 0 0 0 0 2 1 0 0 0 0 0 1 3 3 0 0 0 0 0 0 0 0 
2 0 0 5 0 0 0 0 0 0 0 0 0 7 0 0 0 0 0 0 0 5 2 0 2 0 0 0 0 
0 2 3 0 2 5 3 1 1 0 2 1 0 0 1 0 0 0 0 0 0 0 0 0 0 0 0 0 0 
0 0 4 0 2 4 0 0 0 3 4 3 3 0 3 0 0 0 0 0 0 0 0 0 2 0 0 0 0 
0 0 2 0 0 3 2 2 0 5 3 2 0 0 0 0 0 0 0 0 0 0 0 0 0 0 0 0 0 
0 2 0 6 4 0 0 0 0 0 0 5 3 0 0 0 0 0 0 0 0 0 0 0 2 0 0 0 0 
0 2 2 0 2 0 0 2 1 2 2 2 1 0 0 0 0 0 0 0 0 0 0 0 0 2 0 0 0 
0 0 1 0 2 1 0 0 1 0 0 3 3 0 0 0 0 0 0 0 0 0 0 0 0 3 0 0 0 
0 3 0 5 0 0 0 5 3 4 3 0 1 0 0 0 0 0 0 0 0 0 0 0 0 2 0 0 0 
0 2 2 0 3 2 1 5 2 0 3 5 2 0 0 0 0 0 0 0 0 0 0 0 0 0 0 0 0 
0 0 3 4 4 3 0 4 0 0 0 0 0 0 0 0 0 0 0 0 0 0 0 0 3 0 6 5 4 
0 0 0 2 2 2 1 0 0 2 2 0 0 0 0 0 0 0 0 0 0 0 0 0 2 2 1 2 0 
0 3 4 1 2 2 0 0 0 3 0 0 0 0 6 0 0 0 0 0 0 5 2 0 0 4 2 1 0 
0 2 0 1 0 0 3 0 0 0 0 3 0 0 5 0 0 0 0 1 1 0 1 0 2 4 0 0 2 
0 5 5 0 1 0 0 0 0 0 0 2 0 0 2 2 3 1 2 4 3 0 2 0 1 5 3 1 2 
0 3 4 0 1 0 0 0 0 2 0 1 0 0 1 2 0 1 3 0 1 0 0 0 2 4 0 1 0 
0 1 2 0 0 0 0 0 0 0 0 0 0 0 2 0 4 3 0 0 2 5 3 0 3 2 4 3 0 
0 0 0 0 0 0 0 0 0 0 0 0 0 0 2 1 0 2 0 0 2 0 1 0 3 2 1 1 0 
3 0 0 0 0 0 4 4 3 0 0 0 0 4 0 0 4 0 6 4 2 1 2 4 0 0 3 3 2 
0 1 4 0 0 0 0 0 5 0 0 0 0 0 0 0 0 0 0 0 0 0 0 4 0 0 0 3 2 
3 1 4 1 3 0 0 0 5 0 0 0 0 0 0 0 0 0 0 0 0 0 0 1 1 0 0 4 4 
2 1 4 2 2 2 0 0 3 0 0 0 0 0 0 0 2 0 2 0 0 0 0 0 0 0 1 1 2 
300 27
3 25 3 22
3 25 1 25
3 25 5 25
5 28 5 27
5 28 2 28
5 28 17 28
8 13 8 3
8 13 8 21
8 13 6 13
8 13 25 13
9 5 9 4
9 5 9 6
9 5 10 5
9 14 10 14
19 14 19 21
19 14 10 14
19 14 20 14
19 14 19 21
19 14 10 14
19 14 20 14
21 1 21 2
21 1 20 1
21 1 22 1
2 24 2 23
7 12 7 11
2 23 2 22
7 11 7 3

2363

2   4     4     3 1       3         3     3         3 3 2 
4 2 1 1   3 3   5                   3 4 2   2     3   2 1 
4     3 1 1   1                 1   2 4 4   2 2 1 |     2 
3 2 2   2   5 2                   2   5 3   3 - - 5     | 
3 3 4   3 2 3 2                 1     3 1   1 3 1 |     | 
1 1 2   1 1 1   4                         5   6   4   2 5 
2     3                   3         4 3 1   1   1     1 | 
1 1   3 - - - - - - - 2 1 |         1 3 3               | 
2     5 - - - - - - - - - 7 - - - - - - - 5 2   2       | 
  2 3   2 5 3 1 1   2 1   | 1                           | 
    4   2 4       3 4 3 3 | 3                   2       | 
    2     3 2 2   5 3 2   | ǁ                           | 
  2   6 4             5 3 | ǁ                   2       | 
  2 2   2     2 1 2 2 2 1 | ǁ                     2     | 
    1   2 1     1     3 3 | ǁ                     3     | 
  3   5       5 3 4 3   1 | ǁ                     2     | 
  2 2   3 2 1 5 2   3 5 2 | ǁ                           | 
    3 4 4 3   4           | ǁ                   3   6 5 4 
      2 2 2 1     2 2     | ǁ                   2 2 1 2   
  3 4 1 2 2       3       | 6 = = = = = = 5 2     4 2 1   
  2   1     3         3   | 5         1 1   1   2 4     2 
  5 5   1             2   | 2 2 3 1 2 4 3   2   1 5 3 1 2 
  3 4   1         2   1   | 1 2   1 3   1       2 4   1   
  1 2                     | 2   4 3     2 5 3   3 2 4 3   
                          | 2 1   2     2   1   3 2 1 1   
3           4 4 3         4     4   6 4 2 1 2 4     3 3 2 
  1 4           5                             4       3 2 
3 1 4 1 3       5                             1 1     4 4 
2 1 4 2 2 2     3               2   2               1 1 2 
