29 29
1 2 0 0 3 1 3 0 0 0 0 0 0 0 1 2 4 0 3 1 1 0 0 0 0 2 1 0 3 
0 0 1 2 0 3 5 0 1 2 0 0 0 4 1 1 2 1 0 3 0 0 0 0 0 5 0 3 3 
0 4 4 3 0 1 0 1 0 2 0 0 0 4 0 0 0 0 4 0 0 0 0 2 1 0 2 3 0 
3 5 4 2 6 0 6 3 4 4 0 0 0 4 0 3 2 0 0 1 0 3 0 5 3 0 4 2 0 
0 1 0 1 0 2 6 0 2 2 2 0 0 3 0 2 1 0 0 1 0 2 1 3 1 0 2 0 0 
0 2 3 0 4 0 0 0 0 0 0 0 0 0 0 0 0 0 5 0 0 0 0 0 0 5 0 4 3 
0 1 0 2 0 1 0 3 0 1 3 2 2 0 4 1 1 1 0 3 0 0 3 2 1 4 3 0 0 
0 3 0 4 0 0 0 0 0 0 2 0 0 1 0 1 3 0 0 4 2 1 0 1 0 0 0 0 0 
0 0 1 0 3 0 0 5 0 0 2 4 2 0 0 1 0 0 0 4 0 0 5 4 3 0 1 0 0 
0 0 0 0 1 1 1 0 3 2 2 0 2 2 0 0 0 0 0 0 0 0 0 0 0 0 1 0 0 
0 3 2 0 1 0 0 0 0 3 4 0 0 0 6 4 0 0 0 0 0 0 0 0 1 0 0 0 0 
0 5 4 0 0 2 3 0 0 2 0 1 0 2 0 0 0 0 0 0 0 0 0 0 1 0 2 0 3 
0 2 2 0 0 2 0 0 5 0 5 3 1 0 2 1 0 0 0 5 2 0 0 0 0 0 0 0 0 
0 0 0 0 4 4 0 0 2 2 0 0 2 0 0 0 0 0 0 0 0 0 0 2 0 0 0 0 0 
5 0 0 4 0 3 0 0 2 0 0 2 3 0 0 0 0 0 0 0 0 0 0 4 5 0 0 0 0 
0 1 2 0 0 3 0 4 4 3 0 2 0 0 0 0 0 0 0 0 0 0 0 4 0 0 0 0 0 
0 1 0 0 0 1 0 2 0 0 3 3 0 0 0 0 0 0 0 0 0 0 0 0 0 0 0 0 0 
0 0 0 0 5 0 4 0 0 0 0 0 0 4 0 0 5 4 0 0 0 0 0 0 0 0 2 0 0 
0 0 0 0 0 1 0 0 0 0 0 0 0 2 0 1 0 0 0 0 0 0 0 0 0 0 0 0 0 
4 4 3 0 4 2 0 0 0 0 0 0 0 0 0 0 0 0 0 1 0 0 0 4 4 0 0 0 0 
0 0 0 0 3 1 0 0 0 0 0 0 0 0 0 0 0 2 0 0 0 0 0 0 1 0 0 0 0 
0 1 2 0 0 1 0 0 0 0 0 0 0 0 0 0 0 1 0 0 0 0 0 0 1 0 0 1 0 
0 1 3 0 3 2 0 2 0 0 0 0 0 0 0 0 4 2 0 0 0 0 0 0 0 0 0 1 0 
2 1 1 0 1 0 0 1 0 0 1 0 0 0 0 0 2 1 0 0 0 0 0 0 0 0 3 0 2 
1 1 0 4 0 0 5 0 0 0 0 0 0 0 0 0 0 0 4 0 0 0 4 3 2 0 0 0 1 
3 2 2 6 4 2 0 1 0 4 0 6 0 0 4 0 1 0 0 3 0 0 4 0 0 5 5 4 4 
2 4 0 5 0 0 3 2 1 0 0 2 0 0 1 0 0 0 0 2 0 0 0 2 1 0 2 1 3 
3 0 3 2 2 2 0 3 0 5 0 0 0 0 0 0 0 0 4 0 0 0 3 4 3 5 3 1 4 
2 1 2 0 0 0 0 0 0 4 0 0 0 0 0 0 2 1 2 0 0 0 0 2 1 3 3 2 3 
300 19
0 28 0 26
0 28 1 28
0 28 1 28
11 1 11 2
11 1 10 1
11 1 12 1
14 0 14 3
14 0 3 0
14 0 19 0
14 24 14 23
14 24 11 24
14 24 19 24
17 4 17 6
17 4 13 4
17 4 19 4
14 24 14 23
14 24 19 24
19 24 19 23
19 24 20 24

2510

1 2     3 1 3               1 2 4   3 1 1         2 1 - 3 
    1 2   3 5   1 2       4 1 1 2 1   3           5   3 3 
  4 4 3   1   1   2       4         4         2 1   2 3   
3 5 4 2 6   6 3 4 4       4   3 2     1   3   5 3   4 2   
| 1   1   2 6   2 2 2     3   2 1     1   2 1 3 1   2     
| 2 3   4                           5             5   4 3 
| 1   2   1   3   1 3 2 2   4 1 1 1   3     3 2 1 4 3     
| 3   4             2     1   1 3     4 2 1   1           
|   1   3     5     2 4 2     1       4     5 4 3   1     
|       1 1 1   3 2 2   2 2                         1     
| 3 2   1         3 4       6 4                 1         
| 5 4     2 3     2   1   2                     1   2   3 
| 2 2     2     5   5 3 1   2 1       5 2       |         
|       4 4     2 2     2                     2 |         
5 - - 4 | 3     2     2 3                     4 5         
| 1 2   | 3   4 4 3   2                       4 ǁ         
| 1     | 1   2     3 3                         ǁ         
|       5 - 4             4     5 4             ǁ   2     
|       | 1               2   1                 ǁ         
4 4 3   4 2                           1       4 4         
        3 1                       2             1         
  1 2     1                       1             1     1   
  1 3   3 2   2                 4 2                   1   
2 1 1   1     1     1           2 1                 3   2 
1 1   4     5                       4       4 3 2       1 
3 2 2 6 4 2   1   4   6     4   1     3     4     5 5 4 4 
2 4   5     3 2 1     2     1         2       2 1   2 1 3 
3   3 2 2 2   3   5                 4       3 4 3 5 3 1 4 
2 1 2             4             2 1 2         2 1 3 3 2 3 
