29 29
1 2 1 2 0 2 0 0 0 0 0 0 0 0 0 0 0 0 0 3 0 2 3 5 4 5 4 2 1 
0 0 0 1 0 0 0 0 0 0 0 0 0 0 0 0 0 0 0 0 3 2 1 0 3 5 5 0 1 
4 6 0 0 0 0 0 0 0 0 0 0 0 0 0 0 0 0 0 5 6 0 0 7 5 0 4 0 0 
3 0 4 2 1 3 0 3 0 0 0 2 1 3 0 6 0 5 0 0 6 2 1 0 4 1 0 0 0 
3 0 0 0 0 2 1 0 0 1 0 0 0 3 1 4 2 0 1 0 4 4 2 0 3 0 3 3 3 
0 0 3 0 0 0 0 5 0 0 0 0 0 0 0 0 0 5 0 0 0 0 0 6 5 2 4 0 0 
3 0 3 2 0 0 0 0 3 3 6 0 0 0 2 2 0 0 0 2 1 2 2 0 6 0 4 0 0 
0 0 2 0 0 0 0 0 4 3 6 0 0 4 0 5 2 0 0 0 2 0 0 0 0 3 0 6 6 
0 0 0 2 0 0 0 3 1 0 2 0 0 3 0 1 0 0 0 0 0 0 0 0 0 3 2 0 0 
0 0 2 5 0 0 0 0 0 5 0 0 0 0 0 0 0 5 0 6 7 6 4 0 0 3 0 0 0 
0 0 1 2 0 0 0 0 0 0 0 0 0 0 0 0 0 1 0 0 4 2 0 0 0 6 5 0 2 
0 0 3 0 0 0 0 0 0 7 0 0 0 0 0 0 0 4 0 1 1 1 1 0 0 2 0 0 0 
0 0 2 0 0 0 0 0 0 4 0 0 0 0 0 0 0 4 0 0 0 4 2 0 0 0 0 0 0 
4 6 0 0 0 0 0 0 0 0 0 0 0 0 0 0 0 0 0 0 0 0 0 4 7 0 5 0 2 
2 0 1 0 4 0 0 4 3 0 0 0 3 2 6 4 1 0 0 3 0 0 0 0 0 1 2 0 0 
0 0 1 0 1 0 0 0 0 2 0 0 6 0 6 6 0 0 0 6 3 0 0 0 0 3 1 0 0 
0 0 4 0 0 0 0 6 0 1 0 0 3 1 2 3 1 0 0 0 4 3 0 0 0 0 2 0 3 
1 0 4 4 1 0 0 0 6 0 0 0 0 0 0 0 0 0 0 7 0 3 2 0 5 7 4 0 0 
1 0 1 3 2 0 0 0 0 2 0 0 0 5 0 0 0 2 0 1 1 3 0 0 3 4 3 0 0 
3 4 0 0 0 0 0 6 7 2 4 0 0 7 0 0 0 0 0 0 0 5 3 0 2 1 2 0 0 
0 2 2 2 0 0 0 3 5 3 4 3 1 0 2 0 5 0 0 0 0 0 0 6 0 0 0 7 4 
3 0 0 0 0 0 0 0 0 0 0 0 0 5 2 1 4 2 1 2 1 3 1 0 2 3 1 0 0 
3 0 0 0 0 0 0 0 0 0 0 0 0 0 0 0 0 0 0 5 4 6 3 0 2 4 3 0 0 
0 0 0 0 0 2 0 0 0 0 0 0 0 0 4 0 3 1 0 0 4 3 0 0 2 0 1 0 3 
5 0 0 0 0 0 0 0 0 0 0 0 0 0 0 0 4 0 0 0 0 0 0 0 1 0 0 0 2 
0 3 0 0 0 3 0 0 0 0 0 0 0 0 0 0 4 4 0 4 6 6 3 0 0 0 0 0 2 
3 4 0 0 0 0 2 0 0 0 0 5 0 0 0 2 2 3 1 1 2 2 0 0 0 0 0 0 0 
2 5 0 0 0 5 4 0 0 0 0 6 0 0 0 0 0 0 0 0 0 0 0 7 0 5 1 6 3 
2 0 4 0 0 4 4 0 0 2 0 2 0 0 0 0 1 0 0 0 0 0 0 3 2 2 2 6 3 
300 351
0 23 0 22
0 23 0 24
0 23 2 23
0 25 0 24
0 25 0 26
0 25 1 25
3 15 3 13
3 15 3 17
3 15 4 15
3 15 3 13
3 15 3 17
3 15 4 15
6 10 6 9
6 10 6 14
6 10 7 10
6 10 6 9
6 10 6 14
6 10 7 10
7 10 7 9
7 10 7 13
7 10 8 10
7 10 7 9
7 13 7 15
7 13 8 13
7 13 7 15
7 28 7 27
7 28 4 28
7 28 10 28
7 28 7 27
7 28 4 28
7 28 10 28
9 20 9 19
9 20 9 21
9 20 7 20
9 20 10 20
10 26 10 25
10 26 8 26
10 26 13 26
11 9 11 2
11 9 11 17
11 9 9 9
11 9 12 9
13 24 13 23
13 24 13 26
13 24 6 24
13 24 17 24
14 14 14 13
14 14 14 15
14 14 15 14
14 14 14 13
14 14 14 15
14 14 15 14
14 15 14 16
14 15 15 15
15 14 15 12
15 14 15 15
15 14 16 14
15 14 15 12
15 15 15 19
15 15 16 15
17 19 17 8
17 19 17 21
17 19 15 19
17 19 18 19
17 25 17 24
17 25 17 26
17 25 15 25
17 25 18 25
18 13 18 9
18 13 18 17
18 13 19 13
19 8 19 7
19 8 19 9
19 8 17 8
19 8 20 8
20 16 20 14
20 16 20 23
20 16 21 16
20 27 20 23
20 27 20 28
20 27 7 27
20 27 27 27
21 13 21 0
21 13 21 14
21 13 19 13
24 0 24 16
24 0 22 0
24 0 26 0
26 11 26 6
26 11 26 15
26 11 27 11
27 1 27 0
27 1 27 5
27 1 26 1
27 23 27 11
27 23 27 25
27 23 20 23
27 23 28 23
28 2 28 0
28 2 28 5
28 2 28 0
28 2 28 5
28 5 28 6
28 5 27 5
28 6 28 9
28 6 27 6
28 6 28 9
28 27 28 26
28 27 28 28
28 27 27 27
28 27 28 26
28 27 28 28
28 27 27 27
28 28 27 28
4 13 4 9
4 13 4 14
4 13 3 13
4 15 4 16
4 15 6 15
5 7 5 2
5 7 3 7
5 7 8 7
5 17 5 23
5 17 3 17
5 17 9 17
6 15 7 15
7 27 7 25
7 27 4 27
7 27 20 27
8 13 8 10
8 13 8 15
10 25 10 26
10 25 9 25
10 25 11 25
10 25 10 26
10 25 9 25
13 28 16 28
15 12 15 9
15 12 14 12
15 12 16 12
15 12 15 9
15 15 15 19
15 15 16 15
15 19 15 20
15 19 14 19
15 19 17 19
16 12 16 9
16 12 16 13
16 14 16 15
16 20 16 21
16 20 15 20
16 20 16 21
16 20 15 20
17 19 17 8
17 19 17 21
18 17 18 13
18 20 18 21
19 21 19 13
19 21 19 22
19 21 18 21
20 12 20 11
23 5 23 14
24 24 23 24
27 27 27 26
27 27 27 28
27 27 20 27
27 28 25 28
2 19 2 1
2 19 2 20
2 19 0 19
3 12 3 11
4 6 4 5
4 16 7 16
4 18 4 20
4 20 4 21
4 20 3 20
4 20 4 21
4 21 4 22
4 21 3 21
6 26 6 24
6 26 5 26
6 26 6 24
6 26 5 26
7 15 7 16
7 25 8 25
8 26 8 25
9 25 8 25
13 28 16 28
14 12 14 8
14 19 11 19
16 7 16 2
16 7 14 7
16 7 19 7
16 7 16 2
16 7 14 7
16 7 19 7
16 28 20 28
19 7 19 1
19 7 19 8
19 7 20 7
20 11 20 10
20 28 20 27
20 28 23 28
23 5 23 14
23 14 23 16
23 14 21 14
23 28 24 28
25 28 24 28
1 3 0 3
3 11 3 7
3 20 3 17
3 20 3 21
3 20 2 20
3 20 3 17
3 20 2 20
5 26 5 25
5 26 4 26
6 24 6 22
6 24 5 24
6 24 13 24
9 19 9 17
9 19 9 20
9 19 6 19
9 19 9 17
9 19 9 20
12 17 12 9
12 17 11 17
12 17 12 9
12 17 11 17
13 1 13 0
13 1 2 1
13 1 19 1
13 1 13 0
13 1 2 1
13 1 19 1
13 23 13 24
13 23 20 23
13 23 13 24
13 26 14 26
14 7 14 4
14 7 14 8
14 12 14 8
16 2 15 2
16 2 17 2
17 2 17 3
17 2 18 2
17 2 17 3
17 3 17 4
17 3 18 3
17 8 19 8
18 3 18 4
18 4 18 3
19 1 19 0
20 1 20 2
20 11 20 10
20 14 20 16
20 23 20 16
20 23 27 23
21 13 21 0
21 13 19 13
21 15 21 16
21 16 21 17
21 16 23 16
22 19 22 20
22 19 21 19
22 19 25 19
2 1 2 0
2 1 2 19
2 1 0 1
2 20 2 19
2 20 2 23
2 20 1 20
2 23 2 24
2 23 0 23
2 23 5 23
3 2 3 3
3 2 5 2
3 2 3 3
3 2 5 2
3 4 3 5
3 5 3 7
3 5 4 5
3 22 4 22
5 7 8 7
5 23 5 17
5 23 5 24
5 23 2 23
5 23 5 24
6 19 6 20
7 20 9 20
9 21 9 22
9 21 6 21
9 21 10 21
9 21 9 22
9 21 6 21
9 22 6 22
9 22 11 22
10 20 10 17
10 20 10 21
10 20 11 20
11 17 11 9
11 21 12 21
12 9 12 2
12 21 12 22
12 21 16 21
12 21 12 22
13 0 6 0
13 0 14 0
13 26 14 26
14 0 17 0
14 4 14 2
14 4 15 4
14 25 15 25
18 0 19 0
19 0 21 0
20 1 20 2
20 3 20 7
20 10 20 9
20 10 19 10
22 0 24 0
1 20 1 21
2 0 0 0
2 0 3 0
2 0 3 0
2 23 2 24
3 0 4 0
4 0 6 0
5 17 9 17
6 0 4 0
9 17 9 9
11 9 11 2
11 9 9 9
12 2 11 2
19 10 19 9
19 10 19 13
19 10 19 13
20 3 20 7
20 8 20 9
20 8 19 8
20 8 20 9
0 1 0 2
0 3 0 5
0 5 0 19
0 19 0 21
1 20 1 21
1 22 0 22
18 9 18 13
19 13 19 21
0 21 0 22
0 23 0 24
0 24 0 25

3845

1 2 1 2 - 2 - - - - - - - - - - - - - 3 - 2 3 5 4 5 4 2 1 
| |   1                               | 3 2 1 ǁ 3 5 5   1 
4 6 = = = = = = = = = = = = = = = = = 5 6 - - 7 5   4     
3 ǁ 4 2 1 3 - 3 - - - 2 1 3 = 6 = 5 = = 6 2 1 ǁ 4 1       
3 ǁ ǁ     2 1 |   1 - - - 3 1 4 2 | 1 - 4 4 2 ǁ 3   3 3 3 
ǁ ǁ 3 - - - - 5               | | 5 = = = = = 6 5 2 4 | ǁ 
3 ǁ 3 2       ǁ 3 3 6 = = = 2 2 | ǁ   2 1 2 2 - 6 = 4 | ǁ 
| ǁ 2         ǁ 4 3 6 - - 4 = 5 2 ǁ   | 2 ǁ |   ǁ 3 - 6 6 
| ǁ   2       3 1   2 - - 3 - 1   ǁ   | ǁ ǁ |   ǁ 3 2 ǁ ǁ 
| ǁ 2 5           5 - - - - - - - 5 = 6 7 6 4   ǁ 3 | ǁ ǁ 
| ǁ 1 2           ǁ               1 - - 4 2 |   ǁ 6 5 ǁ 2 
| ǁ 3 = = = = = = 7 = = = = = = = 4   1 1 1 1   ǁ 2 | ǁ   
| ǁ 2 - - - - - - 4 = = = = = = = 4   |   4 2   ǁ   | ǁ   
4 6                                   |   |   4 7 - 5 ǁ 2 
2 ǁ 1 - 4 - - 4 3 = = = 3 2 6 4 1     3   |   | | 1 2 ǁ ǁ 
| ǁ 1   1     ǁ   2 = = 6 = 6 6 = = = 6 3 |   | | 3 1 ǁ ǁ 
| ǁ 4 = = = = 6   1 - - 3 1 2 3 1     ǁ 4 3   | | | 2 ǁ 3 
1 ǁ 4 4 1     ǁ 6 = = = = = = = = = = 7 = 3 2 | 5 7 4 ǁ | 
1 ǁ 1 3 2     ǁ ǁ 2 = = = 5 = = = 2   1 1 3   | 3 4 3 ǁ | 
3 4 - - - - - 6 7 2 4 = = 7 = = = = = = = 5 3 | 2 1 2 ǁ | 
| 2 2 2 = = = 3 5 3 4 3 1 ǁ 2 = 5 = = = = = = 6 - - - 7 4 
3 = = = = = = = = = = = = 5 2 1 4 2 1 2 1 3 1 ǁ 2 3 1 ǁ | 
3                           |   |     5 4 6 3 ǁ 2 4 3 ǁ | 
ǁ         2 = = = = = = = = 4 - 3 1   | 4 3   ǁ 2   1 ǁ 3 
5 - - - - - - - - - - - - - - - 4     |       ǁ 1     ǁ 2 
| 3       3                     4 4   4 6 6 3 ǁ       ǁ 2 
3 4         2 - - - - 5 - - - 2 2 3 1 1 2 2   ǁ       ǁ | 
2 5 - - - 5 4         6 - - - - - - - - - - - 7 - 5 1 6 3 
2 = 4 = = 4 4 = = 2   2         1             3 2 2 2 6 3 
