29 29
2 2 3 0 0 0 0 3 0 0 0 0 0 0 0 0 0 0 0 0 3 1 3 2 1 1 2 1 1 
0 1 0 1 0 3 1 0 2 3 0 0 0 0 2 0 5 0 3 1 0 0 0 1 0 2 0 0 0 
4 0 7 0 0 4 1 0 3 0 3 0 4 1 1 0 4 1 4 0 5 2 4 0 5 3 0 3 0 
0 2 0 1 2 2 1 0 2 0 2 0 4 0 0 0 3 1 4 2 1 0 3 1 0 0 0 0 0 
0 0 0 1 0 2 0 4 0 5 0 0 0 0 0 0 0 0 0 0 0 4 5 0 5 3 0 0 0 
0 0 0 0 0 2 1 0 0 0 1 0 0 2 1 0 0 0 0 0 0 2 0 1 0 0 0 0 2 
0 3 0 4 5 5 2 0 0 0 1 0 0 0 1 0 3 3 0 0 0 0 5 3 0 0 0 3 0 
0 0 0 2 0 0 1 0 0 0 0 0 0 0 0 0 0 3 0 0 1 0 2 1 0 1 0 0 0 
0 0 0 2 0 2 0 0 0 0 2 0 0 5 0 0 6 0 0 0 0 0 0 0 5 2 0 0 0 
0 0 0 0 0 0 0 0 0 0 1 1 2 2 1 1 2 0 0 0 0 0 2 1 0 1 0 0 0 
0 0 0 0 0 3 3 0 1 5 3 2 3 0 0 3 0 0 0 0 0 0 0 0 4 4 0 0 0 
0 0 0 0 0 1 1 0 1 2 1 0 0 3 0 0 0 0 0 0 0 0 0 0 3 2 0 0 0 
0 0 0 0 3 0 0 5 0 0 0 0 0 0 0 0 0 0 0 0 0 0 0 0 0 0 5 5 4 
0 4 5 4 0 1 1 5 0 0 0 0 0 4 2 3 0 0 0 0 5 0 3 4 3 1 0 0 0 
0 0 0 1 0 2 0 3 0 0 3 2 1 0 0 4 0 0 3 1 0 1 2 0 3 2 0 0 0 
0 0 4 0 0 0 0 0 0 0 0 0 0 0 0 0 0 0 0 0 3 0 0 3 0 1 0 0 0 
0 0 0 2 4 2 1 1 1 1 0 4 2 1 4 0 3 0 0 0 0 2 1 1 0 1 0 0 0 
0 4 5 0 7 5 0 2 4 4 1 0 2 0 5 1 0 1 3 1 0 0 0 0 0 0 0 0 0 
0 0 1 1 2 2 1 0 2 0 2 0 1 0 0 2 5 0 6 4 1 0 3 2 0 0 0 0 0 
0 5 0 0 0 0 0 0 0 6 3 0 3 0 4 1 3 3 3 1 0 0 0 2 0 0 0 2 0 
0 2 2 3 0 0 0 0 0 4 1 0 2 0 3 0 2 1 1 0 0 0 0 0 0 2 0 0 0 
3 0 0 0 0 0 0 0 0 0 0 4 0 0 0 0 0 0 0 0 0 4 3 3 0 0 0 1 0 
0 0 0 0 0 0 0 0 0 0 0 2 0 0 3 2 1 0 2 0 0 3 1 2 0 0 0 1 2 
3 0 0 0 0 0 0 0 0 0 0 0 0 0 0 0 0 0 0 0 0 0 2 5 5 3 0 1 1 
0 1 0 0 0 0 0 0 0 0 2 0 0 0 0 0 0 0 0 0 0 4 1 1 1 1 0 0 0 
3 0 0 0 0 0 0 0 0 0 0 0 0 0 0 0 0 0 0 0 0 5 0 2 1 2 5 4 2 
0 1 0 3 0 0 0 0 0 0 0 0 0 0 0 0 0 0 4 1 2 4 1 1 0 1 1 0 1 
3 0 0 0 0 0 0 0 0 0 0 0 0 0 0 0 0 0 4 0 2 2 3 2 0 1 2 3 3 
3 0 0 0 0 0 0 0 0 0 0 0 3 0 3 0 2 0 2 0 0 0 0 0 3 0 3 2 1 
300 24
1 16 1 14
1 16 1 18
1 16 2 16
2 2 2 0
2 2 2 5
2 2 0 2
2 2 13 2
3 1 6 1
17 4 17 2
17 4 17 5
17 4 16 4
17 4 18 4
19 1 19 9
19 1 17 1
19 1 20 1
1 1 0 1
1 3 1 5
3 1 6 1
6 1 13 1
13 1 13 2
13 1 17 1
13 1 13 2
17 1 17 2
17 1 19 1

2397

2 2 3         3                         3 1 3 2 1 1 2 1 1 
  1 | 1 - 3 1   2 3         2 - 5 - 3 1       1   2       
4 - 7 - - 4 1   3   3   4 1 1   4 1 4   5 2 4   5 3   3   
  2 | 1 2 2 1   2   2   4       3 1 4 2 1   3 1           
  ǁ | 1   2   4   5                       4 5   5 3       
  ǁ |     2 1       1     2 1             2   1         2 
  3 | 4 5 5 2       1       1   3 3         5 3       3   
  | | 2     1                     3     1   2 1   1       
  | | 2   2         2     5     6               5 2       
  | |               1 1 2 2 1 1 2           2 1   1       
  | |     3 3   1 5 3 2 3     3                 4 4       
  | |     1 1   1 2 1     3                     3 2       
  | |   3     5                                     5 5 4 
  4 5 4   1 1 5           4 2 3         5   3 4 3 1       
  |   1   2   3     3 2 1     4     3 1   1 2   3 2       
  | 4                                   3     3   1       
  |   2 4 2 1 1 1 1   4 2 1 4   3         2 1 1   1       
  4 5 - 7 5   2 4 4 1   2   5 1   1 3 1                   
  ǁ 1 1 2 2 1   2   2   1     2 5   6 4 1   3 2           
  5 - - - - - - - 6 3   3   4 1 3 3 3 1       2       2   
  2 2 3           4 1   2   3   2 1 1             2       
3                     4                   4 3 3       1   
                      2     3 2 1   2     3 1 2       1 2 
3                                           2 5 5 3   1 1 
  1                 2                     4 1 1 1 1       
3                                         5   2 1 2 5 4 2 
  1   3                             4 1 2 4 1 1   1 1   1 
3                                   4   2 2 3 2   1 2 3 3 
3                       3   3   2   2           3   3 2 1 
