29 29
2 4 0 0 0 0 4 3 4 0 4 1 2 2 3 1 0 0 0 1 1 0 0 2 0 2 1 4 3 
0 0 2 3 1 1 3 1 0 1 4 4 3 0 3 0 0 0 0 4 0 0 0 0 0 4 1 0 2 
0 0 0 3 0 0 0 0 6 0 0 6 1 0 3 0 5 5 2 1 2 0 0 1 0 0 0 0 0 
0 0 0 1 2 2 3 2 0 0 0 0 0 0 1 3 0 1 2 0 5 0 2 0 0 0 0 0 0 
0 0 3 0 5 3 2 1 0 0 0 1 0 0 2 0 0 1 4 2 0 0 0 3 1 0 0 0 0 
0 0 0 0 0 3 0 0 0 0 0 0 0 0 0 0 3 0 4 0 0 0 0 0 0 0 0 0 0 
0 0 0 0 0 2 0 0 0 0 0 0 0 0 0 0 0 0 0 0 0 0 0 0 0 0 0 0 0 
0 0 0 0 0 0 0 0 0 0 0 0 0 0 0 0 0 1 4 0 5 0 5 3 0 0 0 0 0 
0 0 0 2 3 1 4 0 4 0 0 0 0 3 4 0 0 0 4 2 0 0 0 0 0 0 0 0 0 
0 0 0 3 3 0 0 1 0 2 0 0 0 3 2 0 0 0 0 1 0 1 3 2 0 0 0 0 0 
0 0 0 0 0 0 0 0 0 1 0 0 0 0 2 0 0 0 0 0 0 1 4 2 0 0 2 6 2 
0 0 3 0 4 4 4 2 0 3 0 0 0 6 4 0 0 0 0 2 5 0 4 0 0 0 0 0 0 
0 0 1 2 2 0 0 0 0 0 0 0 0 0 1 0 0 0 0 1 0 1 0 0 0 0 0 0 2 
0 0 2 0 1 0 0 0 0 0 2 0 0 7 0 6 0 3 0 0 0 2 2 0 0 0 0 0 0 
0 0 3 3 0 3 0 0 0 0 1 1 0 0 0 0 0 0 3 3 0 1 0 0 0 0 0 0 0 
0 0 0 0 0 2 0 0 0 0 2 4 0 5 1 0 0 0 2 0 0 0 0 0 0 0 0 0 0 
1 0 0 0 0 1 0 0 0 0 3 3 2 3 2 0 0 0 0 0 0 2 0 0 0 0 0 0 0 
1 0 1 0 0 0 4 2 0 3 2 1 2 1 1 0 1 4 4 1 0 0 0 0 0 0 0 0 0 
0 0 0 0 0 0 1 1 0 3 0 2 4 2 0 0 0 1 2 0 0 2 0 0 0 4 0 3 0 
3 4 0 0 0 0 0 0 4 0 0 0 0 0 0 5 0 0 0 0 5 4 4 2 0 0 1 0 4 
0 2 3 0 0 3 3 2 0 1 2 0 2 3 2 0 3 4 4 3 0 0 1 0 0 0 2 3 0 
0 1 2 0 0 0 0 0 3 0 0 0 3 5 3 0 2 0 0 3 0 0 0 0 0 0 4 4 0 
3 0 0 0 0 0 0 0 0 0 0 4 4 0 1 0 1 0 0 3 0 3 4 2 0 0 0 1 0 
0 1 1 0 0 0 3 0 3 4 3 0 0 0 1 4 0 4 3 2 0 3 0 3 1 0 0 0 0 
0 0 0 0 0 0 0 1 0 0 0 1 0 3 2 0 1 3 3 2 0 3 0 3 1 0 5 4 0 
0 2 0 0 0 0 0 0 0 3 5 0 5 1 3 0 0 1 1 1 0 2 0 1 0 0 1 0 0 
0 0 0 1 0 0 3 2 0 1 3 1 4 1 2 0 4 0 0 0 5 0 0 0 0 4 0 3 0 
2 2 0 0 0 0 0 0 5 0 0 0 0 0 0 3 3 1 1 0 4 0 0 5 2 4 0 2 2 
3 0 0 0 0 0 2 1 3 0 0 3 0 0 0 0 0 0 0 2 2 0 0 3 1 5 0 4 2 
300 45
2 11 2 8
2 11 2 12
2 11 1 11
2 11 4 11
2 16 2 14
2 16 2 17
2 16 5 16
2 17 2 16
2 17 2 18
2 17 3 17
13 13 13 10
13 13 13 15
13 13 11 13
13 13 15 13
26 12 26 11
26 12 26 13
26 12 25 12
26 12 25 12
28 25 28 24
28 25 28 27
28 25 27 25
2 11 2 8
2 11 1 11
2 17 2 16
26 10 26 9
26 10 25 10
26 10 25 10
28 25 28 27
28 25 27 25
28 27 28 28
28 27 27 27
28 28 27 28
2 8 2 3
2 8 0 8
2 8 8 8
2 8 2 3
0 8 0 7
0 8 0 10
0 8 0 7
0 10 0 11
0 10 1 10
0 10 1 10
1 9 1 10
1 10 1 11
1 11 1 12

3304

2 4         4 3 4 - 4 1 2 2 3 1       1 1     2   2 1 4 3 
    2 3 1 1 3 1 | 1 4 4 3   3         4           4 1   2 
      3 = = = = 6 = = 6 1   3 - 5 5 2 1 2     1           
      1 2 2 3 2 |     |     1 3 | 1 2   5   2             
    3   5 3 2 1 |     1     2   | 1 4 2       3 1         
          3     |               3   4                     
          2     |                                         
                |                 1 4   5   5 3           
      2 3 1 4   4         3 4       4 2                   
      3 3     1   2       3 2         1   1 3 2           
                  1         2             1 4 2     2 6 2 
    3   4 4 4 2   3       6 4         2 5   4             
    1 2 2                 | 1         1   1             2 
    2   1           2 - - 7 - 6   3       2 2             
    3 3   3         1 1   |         3 3   1               
          2         2 4   5 1       2                     
1         1         3 3 2 3 2             2               
1   1       4 2   3 2 1 2 1 1   1 4 4 1                   
            1 1   3   2 4 2       1 2     2       4   3   
3 4             4             5         5 4 4 2     1   4 
  2 3     3 3 2   1 2   2 3 2   3 4 4 3     1       2 3   
  1 2           3       3 5 3   2     3             4 4   
3                     4 4   1   1     3   3 4 2       1   
  1 1       3   3 4 3       1 4   4 3 2   3   3 1         
              1       1   3 2   1 3 3 2   3   3 1   5 4   
  2               3 5   5 1 3     1 1 1   2   1     1     
      1     3 2   1 3 1 4 1 2   4       5         4   3   
2 2             5             3 3 1 1   4     5 2 4   2 2 
3           2 1 3     3               2 2     3 1 5 = 4 2 
