29 29
3 0 0 3 1 3 0 0 5 4 1 0 2 0 0 0 0 0 0 0 0 5 3 2 1 1 4 3 0 
3 0 0 4 2 0 2 1 0 2 0 0 1 0 0 2 0 0 0 0 0 0 0 3 0 1 0 0 0 
1 0 3 0 0 3 3 0 0 1 0 0 1 0 0 3 0 0 0 0 0 0 0 2 0 0 0 0 1 
2 0 4 0 0 3 4 2 0 2 4 0 0 3 1 0 0 0 0 0 0 0 1 0 4 4 0 0 0 
3 1 0 0 0 1 3 1 0 2 3 0 0 0 1 0 0 2 0 0 0 0 3 2 0 2 0 0 0 
2 0 3 0 0 3 0 0 4 0 2 0 0 4 2 0 0 0 0 0 0 0 3 0 5 0 4 0 0 
0 0 0 0 0 3 2 0 0 1 1 1 0 3 1 0 0 0 0 0 0 0 0 0 0 0 1 0 3 
0 0 0 0 0 0 0 0 0 0 0 0 0 0 0 0 0 0 0 0 0 0 2 0 0 0 1 0 0 
0 0 0 0 0 0 0 0 0 2 5 0 0 0 0 6 0 4 0 1 0 0 3 1 0 0 0 3 3 
0 0 0 0 0 0 1 0 0 1 0 2 3 2 0 4 2 2 0 0 0 0 1 0 0 0 2 2 1 
0 0 0 0 0 0 0 0 0 0 0 1 0 2 0 1 0 0 0 0 0 0 0 0 0 0 0 0 0 
0 1 0 2 4 0 0 0 5 4 2 3 6 0 0 0 0 5 0 0 0 6 0 0 5 0 4 6 4 
0 0 0 2 0 2 1 0 0 0 1 1 0 2 0 1 0 0 0 1 2 0 2 2 2 2 2 0 0 
0 0 0 4 5 3 1 1 0 3 4 1 0 0 0 0 0 0 0 0 0 0 1 0 1 0 1 0 0 
4 5 0 0 0 1 0 0 0 0 1 0 0 0 0 0 0 0 0 0 0 0 2 5 3 6 2 0 0 
0 2 0 3 6 3 4 3 0 2 1 0 2 4 0 0 0 5 0 4 4 0 1 0 0 0 0 0 0 
0 0 0 1 2 2 4 3 0 2 0 1 0 2 1 0 0 2 1 0 0 0 0 0 0 0 0 0 0 
5 0 4 0 0 0 0 0 5 0 0 0 0 0 0 0 0 0 0 0 0 6 0 7 0 0 2 0 0 
0 1 0 1 2 0 3 0 4 4 0 5 0 0 2 0 0 0 0 2 1 0 0 1 1 0 0 0 0 
0 2 0 4 0 0 2 1 0 0 1 3 0 0 0 1 0 0 0 0 0 0 0 0 0 0 0 0 0 
0 0 0 3 1 0 0 0 0 0 0 1 0 2 0 0 0 0 0 0 0 0 0 0 0 0 0 0 0 
0 0 3 0 0 0 4 4 0 0 2 0 0 4 0 0 0 0 0 0 0 0 0 0 0 0 0 0 0 
2 0 0 1 4 1 0 2 0 0 3 5 2 0 0 0 0 0 0 0 0 0 0 0 0 3 3 0 0 
0 0 0 1 4 0 4 1 0 0 1 0 1 0 0 0 0 0 0 0 0 0 0 0 0 0 1 1 1 
0 0 4 0 0 0 6 4 0 4 0 4 3 4 0 0 0 0 0 0 0 4 0 0 4 5 2 0 0 
0 0 2 2 1 0 1 2 0 2 2 4 3 3 2 2 3 1 1 3 0 4 0 2 1 0 0 0 0 
3 5 0 0 0 0 0 0 6 0 0 0 0 0 0 0 4 1 1 3 3 6 3 0 0 0 0 0 0 
2 2 2 0 0 0 0 0 5 0 3 3 0 4 0 0 5 0 0 3 0 2 3 4 5 4 0 0 0 
1 2 1 2 4 0 0 0 4 1 1 1 0 2 1 0 3 1 0 2 0 0 1 0 3 1 0 0 0 
300 60
0 8 0 5
0 8 0 9
0 8 5 8
0 21 0 12
0 21 0 22
0 21 11 21
11 28 11 27
11 28 9 28
11 28 23 28
11 28 11 27
17 0 17 2
17 0 14 0
17 0 22 0
17 23 17 21
17 23 17 26
17 23 14 23
17 23 18 23
18 24 24 24
11 27 11 26
11 27 9 27
11 27 23 27
11 27 11 26
14 25 14 24
14 25 14 26
14 25 12 25
14 25 14 24
14 25 14 26
14 25 12 25
17 23 17 21
17 23 17 26
17 23 14 23
22 26 22 25
22 26 23 26
22 26 22 25
24 26 24 25
24 26 24 25
13 26 12 26
17 21 17 8
17 21 11 21
17 21 24 21
17 21 17 8
18 11 18 9
18 11 18 14
18 11 19 11
22 25 24 25
11 21 11 17
11 21 11 24
11 21 0 21
11 21 11 17
12 26 11 26
15 20 15 19
15 20 12 20
15 20 15 19
15 20 12 20
15 22 14 22
16 18 16 17
8 19 8 17
11 26 11 24
15 19 15 17
15 19 12 19

2959

3     3 1 3 - - 5 4 1   2 - - - - - - - - 5 3 2 1 1 4 3   
3     4 2   2 1 | 2     1     2           ǁ   3   1       
1   3     3 3   | 1     1     3           ǁ   2         1 
2   4     3 4 2 | 2 4     3 1             ǁ 1   4 4       
3 1       1 3 1 | 2 3       1     2       ǁ 3 2   2       
2   3     3     4   2     4 2             ǁ 3   5   4     
          3 2     1 1 1   3 1             ǁ         1   3 
                                          ǁ 2       1     
                  2 5         6   4 - 1   ǁ 3 1       3 3 
            1     1   2 3 2   4 2 2       ǁ 1       2 2 1 
                      1   2   1           ǁ           | | 
  1   2 4       5 4 2 3 6         5 = = = 6 - - 5 - 4 6 4 
      2   2 1       1 1   2   1       1 2 | 2 2 2 2 2 | | 
      4 5 3 1 1   3 4 1               | ǁ | 1   1 ǁ 1 | | 
4 5       1         1                 | ǁ | 2 5 3 6 2 | | 
| 2   3 6 3 4 3   2 1   2 4       5 - 4 4 | 1 ǁ       | | 
|     1 2 2 4 3   2   1   2 1     2 1     |   ǁ       | | 
5 - 4           5 = = = = = = = = = = = = 6 = 7 = = 2 | | 
| 1   1 2   3   4 4 - 5 - - 2         2 1 |   1 1     | | 
| 2   4     2 1     1 3       1           |     |     | | 
|     3 1             1   2               |     |     | | 
|   3       4 4     2     4               |     |     | | 
2     1 4 1   2     3 5 2                 |     | 3 3 | | 
      1 4   4 1     1   1                 |     | | 1 1 1 
    4       6 4   4   4 3 4               4     4 5 2     
    2 2 1   1 2   2 2 4 3 3 2 2 3 1 1 3   4   2 1         
3 5             6               4 1 1 3 3 6 3             
2 2 2           5   3 3   4     5     3   2 3 4 5 4       
1 2 1 2 4       4 1 1 1   2 1   3 1   2     1   3 1       
