29 29
3 0 0 0 0 2 3 0 0 0 0 6 0 0 0 0 0 0 0 0 5 2 3 0 0 0 4 5 2 
4 4 0 1 0 0 2 1 2 0 0 5 0 0 0 0 0 0 2 1 0 1 3 0 3 2 0 0 2 
4 8 0 0 0 6 0 0 0 0 0 0 0 0 0 0 0 0 0 0 7 0 0 0 0 0 3 0 0 
0 0 2 4 4 0 2 0 5 5 0 0 0 0 0 0 0 0 2 1 0 2 4 4 3 0 0 0 0 
0 0 4 5 6 0 3 1 0 3 0 0 0 0 0 0 0 0 0 0 0 2 0 0 2 0 0 0 0 
3 0 0 0 4 0 0 0 0 5 0 0 0 0 0 0 0 0 5 0 0 0 4 5 3 2 0 0 0 
0 0 0 0 3 0 0 0 0 3 0 0 0 0 0 2 1 0 0 0 0 0 2 0 0 3 0 0 0 
3 0 0 2 0 0 4 0 6 0 0 0 0 0 0 0 0 0 5 4 0 0 1 0 0 0 0 0 0 
2 0 0 0 0 0 0 0 0 0 0 0 0 0 0 0 0 0 0 0 0 5 0 7 5 3 1 0 0 
0 0 0 0 0 0 0 0 0 3 0 0 0 0 0 0 0 0 5 5 0 0 2 8 0 2 0 0 0 
3 4 0 0 0 0 0 0 0 4 0 0 0 0 0 4 3 3 0 0 0 0 0 4 2 0 0 0 0 
0 0 0 4 4 0 0 0 0 0 3 4 0 4 1 0 0 4 0 4 0 2 0 0 0 0 0 4 3 
0 3 0 0 0 0 0 0 0 0 0 0 4 3 0 0 0 0 0 0 0 2 3 0 3 0 2 0 1 
0 0 0 3 0 0 0 0 0 0 0 2 0 0 0 0 4 4 0 4 0 0 2 0 3 1 0 0 3 
0 0 0 0 0 0 0 2 4 0 0 0 0 0 0 0 0 2 0 0 0 3 0 0 0 0 4 0 0 
0 0 0 1 2 0 1 4 5 0 2 0 0 0 0 0 5 2 0 3 0 3 5 4 3 2 0 0 3 
0 0 0 0 0 0 2 5 3 0 0 0 0 0 0 0 3 0 0 0 0 5 4 0 0 0 0 0 0 
0 1 0 0 0 0 3 2 0 5 0 3 4 0 0 5 6 3 0 0 0 5 0 4 5 4 0 0 0 
0 0 0 0 0 0 3 3 0 4 0 0 0 0 0 1 2 2 0 0 0 0 0 0 0 0 0 0 0 
4 0 5 0 0 4 0 0 0 0 0 0 0 0 0 0 0 0 5 2 0 0 0 0 0 2 0 2 0 
3 0 0 4 2 0 1 2 0 4 2 3 3 4 2 4 4 1 0 1 0 0 1 0 2 0 0 0 0 
4 0 0 0 0 5 5 0 0 3 0 4 2 0 2 0 3 2 0 0 0 0 0 0 3 4 0 0 0 
6 0 0 5 3 0 0 1 3 4 0 0 0 4 3 2 2 0 5 2 0 4 2 0 2 4 0 1 0 
0 2 1 3 3 0 0 0 0 2 0 4 0 0 0 0 0 0 4 1 0 3 2 0 0 2 0 1 0 
0 4 0 0 0 5 0 5 7 0 0 0 0 0 0 0 0 0 0 0 6 0 0 3 6 0 6 5 0 
0 0 4 4 3 0 0 2 4 4 2 1 0 3 0 0 6 3 1 0 0 1 3 0 6 5 0 6 4 
0 0 2 0 3 3 6 4 4 3 0 0 0 0 0 0 6 0 0 0 5 0 0 4 0 5 1 0 2 
3 4 0 2 4 0 8 0 0 0 0 0 0 5 4 0 4 3 4 0 5 0 0 0 0 0 0 5 2 
2 4 4 4 4 1 5 0 0 4 0 2 1 3 0 0 0 2 1 1 4 0 0 3 2 2 0 4 2 
300 320
0 11 0 6
0 11 0 20
0 11 1 11
0 11 0 6
0 11 0 20
0 11 1 11
0 27 0 26
0 27 0 28
0 27 11 27
2 1 2 0
2 1 2 5
2 1 1 1
2 1 10 1
2 1 2 0
2 1 2 5
2 1 1 1
2 1 10 1
2 5 2 20
2 5 0 5
2 5 19 5
2 5 2 20
2 20 2 26
2 20 0 20
2 20 24 20
3 4 3 3
3 4 4 4
3 4 3 3
3 4 4 4
3 8 3 6
3 8 3 9
3 8 7 8
4 4 4 3
4 4 5 4
4 4 4 3
4 4 5 4
5 4 6 4
5 9 5 18
5 9 4 9
5 9 6 9
8 21 8 23
8 21 4 21
8 21 11 21
9 19 9 18
9 19 7 19
9 19 11 19
9 23 9 22
9 23 9 25
9 23 8 23
9 23 10 23
9 23 9 22
9 23 9 25
9 23 8 23
9 23 10 23
10 1 10 0
10 1 12 1
10 23 10 24
10 23 15 23
10 24 12 24
12 1 17 1
12 12 12 13
12 12 17 12
12 12 12 13
12 12 17 12
14 26 12 26
14 26 24 26
14 26 12 26
14 26 24 26
15 16 15 17
15 16 13 16
15 16 16 16
16 21 16 22
16 21 15 21
16 21 17 21
22 0 22 3
22 0 21 0
22 0 27 0
22 0 22 3
22 0 21 0
22 0 27 0
24 8 24 7
24 8 24 20
24 8 22 8
24 8 25 8
24 26 24 24
24 26 24 27
24 26 26 26
24 26 24 24
24 27 23 27
24 27 25 27
24 27 25 27
24 27 25 27
25 16 25 13
25 16 25 17
25 16 26 16
25 16 25 13
25 16 25 17
25 16 26 16
26 16 26 9
26 16 26 20
26 16 27 16
26 16 26 9
26 25 26 23
26 25 25 25
26 25 28 25
27 6 27 4
27 6 27 13
27 6 26 6
27 6 28 6
27 6 27 4
27 6 27 13
27 6 26 6
27 6 28 6
27 14 27 13
27 14 27 16
27 14 27 13
27 14 27 16
27 16 27 17
27 20 27 18
27 20 26 20
27 20 28 20
27 27 27 28
27 27 25 27
27 27 28 27
28 6 28 5
28 6 28 9
28 6 28 9
28 9 28 11
1 1 1 0
1 1 1 3
1 6 1 7
1 6 0 6
1 8 1 11
1 19 1 18
1 25 1 24
2 0 1 0
2 0 5 0
3 3 3 2
3 3 4 3
5 0 7 0
5 4 6 4
6 4 11 4
7 22 6 22
8 24 8 23
8 24 8 25
8 24 5 24
11 4 11 3
11 4 15 4
11 4 11 3
12 24 13 24
19 2 19 0
19 2 19 5
19 2 4 2
21 0 21 5
21 0 20 0
22 27 19 27
24 24 24 23
24 24 22 24
24 24 25 24
24 24 24 23
25 13 25 11
25 17 25 18
25 25 25 24
25 25 26 25
25 25 25 24
25 25 26 25
26 6 26 5
26 6 26 7
26 6 21 6
26 6 26 5
26 7 26 8
26 7 25 7
26 7 26 8
26 8 26 9
26 8 25 8
27 13 28 13
28 4 28 3
28 4 27 4
28 4 28 3
28 4 27 4
28 9 28 11
28 12 28 13
28 13 28 17
0 5 0 0
1 0 0 0
1 0 0 0
1 8 1 11
1 11 1 18
1 25 1 24
3 2 4 2
4 2 4 3
4 2 19 2
4 3 7 3
5 0 7 0
6 22 5 22
7 0 8 0
7 3 11 3
8 0 10 0
10 0 19 0
11 3 13 3
12 24 13 24
13 3 15 3
19 0 19 2
19 0 20 0
19 5 19 18
19 5 21 5
19 27 11 27
20 0 20 3
20 3 20 4
20 4 20 3
23 25 22 25
24 5 24 1
24 5 21 5
24 5 26 5
25 2 25 3
25 2 26 2
25 2 25 3
25 2 26 2
25 3 25 4
25 3 27 3
25 4 26 4
25 9 25 8
25 9 25 10
25 9 25 8
25 9 25 10
25 24 25 22
26 4 25 4
26 23 26 20
26 23 28 23
26 23 26 20
28 2 28 1
28 2 28 3
28 2 28 1
28 2 28 3
1 24 1 22
5 22 5 23
5 22 3 22
5 22 5 23
11 27 11 28
11 27 0 27
12 13 11 13
17 12 17 11
17 12 17 15
23 25 22 25
24 8 24 7
24 8 24 20
24 8 22 8
24 20 24 23
24 20 2 20
24 20 26 20
25 7 24 7
25 21 25 22
25 22 25 24
27 3 27 1
28 1 28 0
28 1 27 1
3 22 3 21
3 22 3 23
3 22 3 21
3 23 3 24
3 23 5 23
3 23 3 24
3 24 4 24
4 21 8 21
4 24 5 24
11 13 11 11
11 13 11 14
11 13 11 11
22 25 22 24
22 25 21 25
24 7 22 7
27 1 27 0
27 1 24 1
11 11 11 10
11 11 13 11
13 11 17 11
17 11 17 9
21 25 21 24
21 25 19 25
21 25 21 24
22 8 22 9
24 1 24 5
24 1 23 1
24 5 21 5
11 10 15 10
19 25 17 25
21 5 21 6
21 6 21 9
21 6 20 6
21 6 21 9
21 24 20 24
23 1 23 2
11 10 15 10
15 8 15 7
15 8 14 8
15 8 16 8
17 25 17 24
17 25 15 25
17 25 17 24
20 7 20 9
20 7 20 9
20 9 20 10
20 9 21 9
20 10 20 11
22 9 22 13
22 9 23 9
22 9 22 13
22 13 22 14
22 13 20 13
23 9 23 11
23 11 23 18
20 13 20 12
20 13 20 14
20 13 20 12
21 11 21 12
21 11 20 11
21 11 21 12
21 11 20 11
23 11 23 18
23 18 23 19
23 18 22 18

4001

3 - - - - 2 3 = = = = 6 = = = = = = = = 5 2 3       4 5 2 
4 4 - 1   | 2 1 2 = = 5 - - - - - - 2 1 | 1 3 - 3 2   ǁ 2 
4 8 = = = 6 = = = = = = = = = = = = = = 7 - - - - - 3 ǁ   
| ǁ 2 4 4 | 2 - 5 5                 2 1 ǁ 2 4 4 3     ǁ   
| ǁ 4 5 6 | 3 1 | 3                     ǁ 2 | | 2     ǁ   
3 ǁ ǁ | 4 |     | 5 - - - - - - - - 5   ǁ ǁ 4 5 3 2   ǁ   
ǁ ǁ ǁ | 3 |     | 3           2 1       ǁ ǁ 2   | 3   ǁ   
3 ǁ ǁ 2 | | 4   6                   5 4 ǁ ǁ 1   |     ǁ   
2 ǁ ǁ | | |                           | ǁ 5 - 7 5 3 1 ǁ   
| ǁ ǁ | | |       3                 5 5 ǁ | 2 8 = 2   ǁ   
3 4 ǁ | | |       4           4 3 3   | ǁ |   4 2     ǁ   
| | ǁ 4 4 |         3 4 = 4 1     4   4 ǁ 2   | |     4 3 
| 3 ǁ | | |         ǁ | 4 3             ǁ 2 3 | 3   2 | 1 
| | ǁ 3 | |         ǁ 2 ǁ       4 4   4 ǁ   2 | 3 1 ǁ | 3 
| | ǁ | | |   2 4   ǁ | ǁ       | 2     ǁ 3   |     4 |   
| | ǁ 1 2 | 1 4 5   2 | ǁ       5 2   3 ǁ 3 5 4 3 2 ǁ | 3 
| | ǁ     | 2 5 3     | ǁ       3       ǁ 5 4     | ǁ |   
| 1 ǁ     | 3 2   5 - 3 4 - - 5 6 3     ǁ 5   4 5 4 ǁ |   
|   ǁ     | 3 3   4           1 2 2     ǁ         | ǁ |   
4 = 5 - - 4 - - - - - - - - - - - - 5 2 ǁ         2 ǁ 2   
3 - - 4 2 | 1 2 = 4 2 3 3 4 2 4 4 1   1 ǁ   1   2 | ǁ |   
4 - - - - 5 5 = = 3   4 2 | 2   3 2     ǁ       3 4 ǁ |   
6 = = 5 3 ǁ | 1 3 4 = = = 4 3 2 2   5 2 ǁ 4 2   2 4 ǁ 1   
ǁ 2 1 3 3 ǁ | | ǁ 2 - 4 = = = = = = 4 1 ǁ 3 2   | 2 ǁ 1   
ǁ 4 = = = 5 | 5 7 = = = = = = = = = = = 6 - - 3 6 = 6 5   
ǁ | 4 4 3 | | 2 4 4 2 1 - 3 = = 6 3 1   | 1 3 = 6 5 | 6 4 
ǁ | 2 | 3 3 6 4 4 3 = = = = = = 6 - - - 5 = = 4 - 5 1 | 2 
3 4 - 2 4 = 8 = = = = = = 5 4 = 4 3 4 - 5     |   |   5 2 
2 4 4 4 4 1 5 = = 4 = 2 1 3 - - - 2 1 1 4     3 2 2   4 2 
