29 29
4 0 0 4 0 4 0 0 3 1 2 0 4 0 0 0 0 0 0 0 0 0 0 0 0 0 3 3 3 
0 2 2 0 1 0 3 0 4 0 2 1 0 0 0 0 0 0 0 0 0 0 1 0 3 2 2 0 0 
6 6 5 3 4 0 3 0 4 0 0 0 5 0 0 0 0 0 0 0 0 0 0 0 4 5 2 0 3 
4 1 0 3 4 0 2 1 4 0 2 0 0 0 0 0 0 0 0 0 0 0 0 0 2 3 0 0 0 
5 0 7 0 0 6 0 0 0 0 0 0 6 0 0 0 0 0 0 0 0 0 0 0 0 0 7 4 4 
0 1 0 1 2 0 1 1 0 3 2 2 0 3 4 0 4 5 0 4 0 0 3 0 0 0 0 2 4 
0 0 0 0 0 0 0 0 0 0 0 0 0 3 0 0 3 3 0 0 0 0 0 0 0 0 0 0 0 
0 2 0 3 3 0 3 0 0 5 4 3 0 0 0 2 0 0 0 0 0 0 4 0 0 0 4 5 4 
0 0 0 0 0 0 0 2 0 0 0 0 0 3 4 0 0 4 0 0 0 0 0 0 0 0 0 6 3 
0 0 0 0 2 0 0 0 0 0 0 3 0 1 0 3 2 0 0 0 0 4 0 0 0 0 0 0 3 
0 0 0 0 0 0 0 0 0 0 0 4 0 4 0 7 0 0 0 0 0 0 0 0 0 0 0 3 0 
0 0 0 0 0 0 0 4 0 3 3 5 0 4 4 2 0 0 2 0 0 0 0 0 0 1 0 0 0 
0 0 0 0 0 0 0 4 2 0 4 4 0 1 5 0 0 0 0 0 0 0 0 0 0 0 0 5 3 
0 0 0 0 0 0 4 4 1 0 2 1 0 4 6 0 0 0 0 0 0 6 0 2 0 0 0 0 3 
0 0 0 0 0 0 2 2 1 0 0 0 0 2 3 0 0 3 0 0 1 2 0 0 0 0 0 0 0 
4 4 0 0 0 0 3 0 0 6 0 0 5 0 0 0 0 0 0 0 0 0 0 0 0 0 0 6 4 
3 3 6 4 5 0 0 1 1 0 2 3 0 2 0 0 0 0 0 4 2 2 0 4 2 2 2 0 2 
4 0 6 3 2 0 1 4 4 0 2 0 0 4 0 3 0 0 0 4 0 0 3 3 5 8 6 0 0 
0 2 0 4 3 0 0 0 2 0 0 0 0 2 1 2 1 0 0 2 0 0 0 0 2 0 0 0 0 
0 0 0 3 2 0 4 7 0 6 5 6 6 0 0 0 0 0 0 0 0 0 5 6 4 0 3 0 0 
0 4 6 4 0 4 4 4 2 0 0 0 0 1 3 2 4 0 5 0 4 0 0 4 4 0 1 0 0 
0 3 0 3 4 0 0 0 2 0 2 3 0 0 0 2 0 2 7 0 8 4 0 0 0 0 1 0 0 
2 0 0 1 2 0 0 3 3 0 3 4 4 0 4 3 0 2 5 1 3 3 0 0 0 0 0 0 0 
0 2 0 0 0 0 4 4 1 0 4 0 0 0 0 0 6 0 0 0 0 0 4 4 3 0 0 0 2 
0 0 0 0 0 0 1 2 0 3 0 0 0 0 0 0 0 0 0 0 0 0 0 0 0 6 4 0 1 
1 0 3 5 0 6 0 0 0 0 0 0 0 0 0 5 0 0 0 0 0 4 0 6 2 0 1 0 1 
1 4 0 4 0 0 1 0 4 0 0 0 0 5 2 0 0 0 0 0 0 0 0 0 0 0 4 6 3 
1 5 0 0 0 5 0 0 5 4 0 4 0 6 0 6 0 0 0 0 0 0 0 3 0 2 4 2 2 
2 5 0 0 0 0 0 3 3 1 0 0 0 2 0 3 0 0 0 0 0 0 2 0 0 2 3 3 2 
300 389
0 0 0 3
0 0 2 0
0 0 0 3
0 0 2 0
0 3 0 5
0 3 2 3
0 5 0 8
0 5 4 5
0 5 0 8
1 4 2 4
2 0 2 1
2 0 3 0
2 4 2 3
2 4 3 4
2 4 2 3
3 4 3 3
3 4 5 4
3 4 3 3
4 0 4 2
4 0 3 0
4 0 15 0
4 2 4 0
4 2 2 2
4 2 16 2
4 2 2 2
4 2 16 2
4 26 4 12
4 26 4 27
4 26 2 26
4 26 7 26
5 1 7 1
5 17 5 16
5 17 5 19
5 17 6 17
7 1 15 1
10 15 10 13
10 15 10 27
10 15 9 15
10 15 11 15
13 21 13 14
13 21 13 23
13 21 14 21
13 21 13 14
13 21 13 23
13 21 14 21
15 1 15 0
15 1 16 1
15 1 15 0
16 2 16 1
16 2 16 3
16 2 17 2
16 2 16 1
17 2 17 0
17 2 17 3
17 2 20 2
17 2 17 0
17 2 17 3
17 25 17 24
17 25 17 26
17 25 16 25
17 25 24 25
17 25 17 24
17 25 17 26
17 25 16 25
17 25 24 25
17 26 16 26
17 26 19 26
18 1 20 1
19 7 19 6
19 7 19 9
19 7 17 7
19 7 20 7
20 2 20 1
20 2 20 3
20 2 25 2
20 2 20 1
20 2 20 3
20 18 20 16
20 18 20 20
20 18 21 18
21 20 21 18
21 20 21 21
21 20 20 20
21 20 22 20
21 20 21 18
21 20 21 21
21 20 20 20
21 20 22 20
21 21 16 21
21 21 22 21
22 18 22 17
22 18 22 19
22 18 21 18
22 20 22 21
22 21 25 21
23 16 23 10
23 16 20 16
23 16 23 10
23 16 20 16
24 25 24 26
24 25 27 25
24 25 24 26
24 25 27 25
25 15 25 5
25 15 25 21
25 15 27 15
25 21 25 15
25 21 25 23
25 23 25 24
25 23 23 23
25 23 27 23
25 23 25 24
25 23 23 23
26 13 26 8
26 13 26 14
26 13 27 13
26 14 26 13
27 5 27 1
27 5 27 8
27 5 25 5
27 11 27 9
27 11 27 13
27 11 27 9
27 11 27 13
27 13 27 15
27 13 26 13
27 13 28 13
27 15 27 23
27 15 25 15
27 15 28 15
27 15 27 23
28 1 28 0
28 1 28 7
28 1 27 1
2 0 2 1
2 0 3 0
2 1 2 2
2 1 1 1
2 1 3 1
2 1 2 2
2 2 1 2
3 0 4 0
3 3 5 3
5 19 5 17
5 19 5 22
5 19 5 22
5 22 7 22
7 22 7 15
7 22 7 26
7 22 7 15
7 26 7 27
7 26 4 26
8 17 8 14
8 17 8 27
8 17 8 14
8 17 8 27
8 27 8 28
8 27 7 27
8 27 10 27
8 27 8 28
9 21 9 16
11 18 11 15
11 18 11 25
13 14 13 13
13 14 12 14
13 14 14 14
13 14 13 13
15 0 16 0
16 0 17 0
16 0 17 0
17 26 16 26
17 26 19 26
18 1 20 1
19 12 19 11
19 12 15 12
19 12 22 12
19 12 19 11
19 12 15 12
19 12 22 12
19 22 19 23
19 22 17 22
19 22 23 22
19 26 20 26
20 20 20 18
21 1 23 1
21 26 24 26
22 0 25 0
22 12 22 11
22 12 22 14
22 14 22 15
22 14 20 14
22 14 22 15
22 15 21 15
22 18 22 17
22 18 21 18
23 10 23 8
23 10 22 10
23 22 23 23
23 22 19 22
23 22 23 23
23 24 20 24
24 9 24 7
24 26 24 28
25 2 25 3
25 2 25 3
25 5 25 3
25 5 20 5
25 5 27 5
25 5 25 3
26 3 26 1
26 3 25 3
26 3 26 1
26 6 26 8
26 8 27 8
26 27 26 26
26 27 26 28
26 27 27 27
26 27 26 26
26 27 26 28
26 27 27 27
27 9 27 8
27 9 28 9
27 26 26 26
27 26 28 26
27 26 26 26
27 26 28 26
28 13 28 15
28 15 28 22
28 22 28 25
28 25 28 26
28 27 28 28
1 1 1 2
8 14 8 13
8 14 5 14
9 21 9 16
10 15 10 13
10 15 10 27
10 15 9 15
11 14 11 13
11 14 12 14
11 14 11 13
11 14 12 14
12 27 12 14
12 27 12 28
12 27 15 27
15 27 15 12
15 27 15 28
15 27 12 27
15 27 15 12
15 27 15 28
15 28 13 28
15 28 16 28
16 28 23 28
18 8 17 8
19 9 19 7
19 9 19 10
19 9 15 9
19 9 19 10
19 9 15 9
19 11 19 10
19 11 16 11
19 11 21 11
19 11 19 10
20 23 20 24
20 23 19 23
20 23 20 24
20 23 19 23
20 24 19 24
21 1 23 1
21 15 20 15
21 17 21 18
22 11 22 10
22 11 21 11
22 11 22 10
24 9 24 7
25 26 25 28
26 1 26 0
26 1 27 1
26 8 27 8
26 28 27 28
27 28 28 28
5 14 5 13
5 14 5 16
5 14 5 13
5 16 5 17
5 16 6 16
6 16 6 17
6 17 6 16
9 15 9 13
10 13 10 11
10 13 11 13
11 13 11 11
13 28 12 28
13 28 12 28
14 20 14 17
15 9 15 6
15 9 15 12
15 9 11 9
15 9 15 6
16 11 16 10
17 10 16 10
17 10 19 10
18 8 17 8
19 23 19 22
19 23 19 24
19 23 17 23
19 24 18 24
21 11 21 10
21 17 21 18
23 7 23 6
23 7 22 7
23 7 23 6
23 7 22 7
24 6 23 6
4 12 4 5
4 12 4 26
4 12 2 12
4 12 4 5
4 12 2 12
9 28 8 28
10 11 9 11
10 11 11 11
10 11 9 11
12 27 12 14
14 17 14 14
17 8 17 7
17 8 16 8
17 22 17 23
19 24 18 24
20 18 20 16
21 10 21 8
23 6 20 6
4 5 20 5
5 4 7 4
7 28 7 27
7 28 5 28
7 28 7 27
7 28 5 28
9 11 7 11
14 17 14 14
16 4 16 3
16 4 9 4
16 4 17 4
16 7 17 7
17 7 17 6
17 22 17 23
17 24 16 24
19 6 19 7
19 6 20 6
19 6 19 7
20 6 20 5
20 6 20 7
20 7 20 8
20 7 22 7
20 8 21 8
4 5 20 5
5 28 5 27
5 28 4 28
7 27 5 27
8 13 6 13
14 13 13 13
15 6 14 6
16 23 16 21
16 23 16 24
20 3 19 3
20 3 21 3
4 28 4 27
4 28 2 28
4 28 4 27
6 13 5 13
6 13 8 13
14 13 13 13
16 20 16 19
4 27 4 26
12 13 12 11
16 20 16 19
16 19 16 13
16 19 17 19
17 19 17 15
17 19 18 19
17 19 17 15
18 19 18 16
16 13 17 13
17 13 17 15
17 13 18 13
17 13 18 13
18 15 18 14
18 15 20 15
20 13 20 14

3302

4 = = 4 - 4 = = 3 1 2   4                           3 3 3 
ǁ 2 2 | 1 | 3   4   2 1                     1   3 2 2     
6 6 5 3 4 | 3   4       5                       4 5 2   3 
4 1 ǁ 3 4 | 2 1 4   2   ǁ                       2 3 |   | 
5 = 7 | | 6 = = = = = = 6 = = = = = = = = = = = = = 7 4 4 
| 1 ǁ 1 2 ǁ 1 1   3 2 2   3 4 - 4 5 = 4 = = 3       ǁ 2 4 
| | ǁ   | ǁ               3 |   3 3         |       ǁ | ǁ 
| 2 ǁ 3 3 ǁ 3     5 4 3   ǁ | 2 = = = = = = 4 - - - 4 5 4 
| | ǁ     ǁ   2       |   3 4 = = 4 = = = = = = = = = 6 3 
| | ǁ   2 ǁ           3   1 - 3 2 = = = = 4           | 3 
| | ǁ   | ǁ           4 - 4 = 7 = = = = = = = = = = = 3   
| | ǁ   | ǁ   4   3 3 5 - 4 4 2 - - 2 - - - - - - 1       
| | ǁ   | ǁ   4 2 | 4 4 - 1 5 = = = = = = = = = = = = 5 3 
| | ǁ   | ǁ 4 4 1 | 2 1   4 6 = = = = = = 6 = 2       ǁ 3 
| | ǁ   | ǁ 2 2 1 |       2 3 = = 3 - - 1 2           ǁ | 
4 4 ǁ   | ǁ 3 = = 6 - - 5 = = = = = = = = = = = = = = 6 4 
3 3 6 4 5 ǁ   1 1 ǁ 2 3 ǁ 2 - - - - - 4 2 2 - 4 2 2 2   2 
4 = 6 3 2 ǁ 1 4 4 ǁ 2 | ǁ 4 - 3 = = = 4   | 3 3 5 8 6   | 
  2 | 4 3 ǁ   | 2 ǁ | | ǁ 2 1 2 1 - - 2   | | | 2 ǁ ǁ   | 
  ǁ | 3 2 ǁ 4 7 = 6 5 6 6     |           | 5 6 4 ǁ 3   | 
  4 6 4   4 4 4 2     | ǁ 1 3 2 4 = 5 = 4 | ǁ 4 4 ǁ 1   | 
  3 | 3 4 | | | 2 - 2 3 ǁ   | 2 ǁ 2 7 = 8 4 ǁ   | ǁ 1   | 
2 ǁ | 1 2 | | 3 3   3 4 4 - 4 3 ǁ 2 5 1 3 3 ǁ   | ǁ |   | 
| 2 |     | 4 4 1 - 4 = = = = = 6         | 4 4 3 ǁ |   2 
|   |     | 1 2 = 3                       |   ǁ   6 4 - 1 
1   3 5 = 6 - - - - - - - - - 5 = = = = = 4 - 6 2 ǁ 1 - 1 
1 4 = 4   ǁ 1 - 4 - - - - 5 2 ǁ               |   ǁ 4 6 3 
1 5 - - - 5 - - 5 4 = 4 = 6 - 6 = = = = = = = 3   2 4 2 2 
2 5 - - - - - 3 3 1       2 - 3 - - - - - - 2 - - 2 3 3 2 
