29 29
4 3 1 0 2 1 0 3 0 3 2 0 0 3 0 0 0 0 0 0 0 0 2 1 0 0 0 2 1 
2 0 0 0 0 0 0 0 0 2 2 1 0 0 0 0 0 0 0 0 0 0 3 0 2 0 0 0 0 
1 4 0 0 4 0 0 5 0 0 0 0 0 6 0 0 0 0 0 0 0 0 4 0 0 0 0 4 3 
1 3 1 0 3 1 1 0 2 3 1 2 1 0 2 0 5 0 2 1 1 0 1 0 1 1 2 0 0 
1 2 0 0 3 0 0 0 1 0 0 0 0 0 3 0 7 0 0 0 6 0 0 0 4 3 3 0 0 
2 0 0 0 0 3 4 5 0 5 0 5 4 0 3 1 0 0 1 0 2 0 1 0 2 1 1 0 0 
0 1 3 0 0 0 1 3 1 4 2 0 0 0 3 2 0 0 0 0 0 0 0 0 0 0 0 0 0 
0 0 0 0 0 0 2 4 0 5 3 0 0 0 0 0 0 0 0 0 2 0 5 0 0 0 3 0 0 
0 2 6 0 0 5 0 3 1 0 0 0 0 0 2 0 5 0 3 2 0 0 3 2 0 0 0 0 0 
0 0 0 1 1 3 0 0 0 0 0 0 2 0 3 2 0 0 0 3 3 1 1 0 0 0 0 3 0 
0 1 0 0 0 0 0 0 0 0 0 0 0 0 2 0 5 0 0 0 0 0 3 3 0 0 0 2 0 
0 0 0 3 0 3 0 0 0 0 0 0 2 0 0 1 0 3 2 0 2 0 1 0 0 0 0 0 0 
0 0 0 1 0 0 0 0 0 0 1 2 0 0 0 0 0 3 0 1 4 0 3 0 0 0 3 1 0 
0 2 3 0 0 0 0 0 0 0 0 0 0 0 0 0 0 0 0 3 2 0 0 2 0 0 0 0 0 
0 0 0 0 0 0 0 0 0 3 1 0 0 0 4 3 0 2 0 2 0 0 0 0 1 0 0 0 0 
0 1 0 0 0 0 0 0 0 0 0 4 3 0 3 1 0 2 0 0 0 0 0 0 0 0 0 0 1 
0 0 0 0 0 0 0 0 0 0 0 2 0 0 2 1 0 1 0 0 0 0 0 0 0 0 0 0 0 
0 2 5 0 0 6 0 4 0 0 0 0 0 4 0 0 4 0 4 0 0 0 0 5 3 1 0 0 0 
0 0 3 3 0 0 1 0 1 0 0 0 0 0 2 1 0 1 2 1 1 3 0 4 0 0 4 4 2 
0 0 2 2 0 0 0 0 3 0 0 0 0 4 4 1 4 0 0 3 1 4 0 0 2 1 0 0 0 
0 0 4 0 0 5 4 0 0 1 2 4 1 0 0 2 0 0 0 2 0 4 0 3 3 2 0 1 0 
0 0 0 0 0 1 0 0 4 3 1 0 0 0 0 3 5 0 0 0 0 0 0 5 2 1 0 1 0 
3 3 2 2 0 0 4 0 4 3 1 0 1 0 3 1 0 0 0 0 0 0 0 0 1 0 2 3 0 
3 0 1 1 2 2 3 0 3 2 1 0 0 0 0 1 0 0 0 0 0 0 0 3 4 5 2 0 1 
0 0 0 0 1 0 2 0 3 1 0 0 0 0 3 4 0 0 0 0 0 0 0 0 0 0 0 0 1 
2 0 2 0 0 3 0 4 0 0 0 4 2 0 1 2 0 0 0 0 0 0 0 0 0 0 0 2 0 
0 2 0 0 0 0 0 5 3 4 3 6 2 0 0 0 0 0 0 0 0 0 2 0 2 0 0 6 3 
3 1 3 0 0 0 0 5 1 2 3 4 2 2 1 0 3 0 1 0 0 0 0 0 2 0 0 3 0 
3 2 2 0 1 0 0 2 0 1 1 1 1 2 0 0 0 0 0 0 0 0 4 0 0 0 0 1 0 
300 22
0 0 0 1
0 0 1 0
0 0 0 1
0 0 1 0
3 16 3 14
3 16 3 18
3 16 4 16
23 25 23 24
23 25 23 26
23 25 21 25
26 28 26 27
26 28 24 28
26 28 26 27
23 25 23 24
23 25 23 26
23 28 18 28
26 27 26 24
26 27 25 27
26 27 27 27
26 27 26 24
23 24 23 23
23 24 22 24

5087

4 3 1   2 1   3   3 2     3                 2 1       2 1 
2                 2 2 1                     3   2         
1 4     4     5           6                 4         4 3 
1 3 1   3 1 1   2 3 1 2 1   2 - 5 - 2 1 1   1   1 1 2     
1 2     3       1           3   7       6       4 3 3     
2         3 4 5   5   5 4   3 1     1   2   1   2 1 1     
  1 3       1 3 1 4 2       3 2                           
            2 4   5 3                   2   5       3     
  2 6     5   3 1           2   5   3 2     3 2           
      1 1 3             2   3 2       3 3 1 1         3   
  1                         2   5           3 3       2   
      3   3             2     1   3 2   2   1             
      1             1 2           3   1 4   3       3 1   
  2 3                                 3 2     2           
                  3 1       4 3   2   2         1         
  1                   4 3   3 1   2                     1 
                      2     2 1   1                       
  2 5     6   4           4     4   4         5 3 1       
    3 3     1   1           2 1   1 2 1 1 3   4     4 4 2 
    2 2         3         4 4 1 4     3 1 4     2 1     | 
    4     5 4     1 2 4 1     2       2   4   3 3 2   1 | 
          1     4 3 1         3 5             5 2 1   1 | 
3 3 2 2     4   4 3 1   1   3 1                 1 | 2 3 | 
3   1 1 2 2 3   3 2 1         1               3 4 5 2   1 
        1   2   3 1         3 4                         1 
2   2     3   4       4 2   1 2                       2 | 
  2           5 3 4 3 6 2                   2   2 = = 6 3 
3 1 3         5 1 2 3 4 2 2 1   3   1           2     3   
3 2 2   1     2   1 1 1 1 2                 4         1   
