29 29
2 5 0 4 0 0 0 0 0 0 0 0 0 0 0 0 0 0 0 4 0 0 0 0 0 0 0 5 3 
2 0 2 0 3 6 0 2 2 0 5 0 0 4 0 0 0 0 4 0 3 5 0 6 0 4 1 0 0 
4 8 5 0 4 6 0 0 0 0 4 0 0 0 0 0 0 3 4 0 0 0 2 6 0 4 0 0 0 
2 0 1 0 4 0 2 0 2 0 0 3 0 4 0 0 5 3 0 0 0 3 0 2 1 5 4 0 3 
0 0 1 0 0 0 0 0 0 0 0 4 1 0 0 0 0 0 0 0 0 0 1 0 0 2 0 0 0 
3 0 0 0 0 0 5 0 6 0 5 5 1 0 0 0 0 0 0 0 2 0 0 0 0 0 0 0 0 
0 0 0 0 4 8 6 2 4 3 0 4 0 4 0 0 0 3 0 0 1 0 4 0 5 6 4 0 0 
5 5 2 0 0 2 2 1 3 3 0 2 1 1 0 0 0 0 0 0 1 0 4 4 0 0 0 0 2 
6 4 0 6 0 0 0 0 0 0 6 0 0 0 0 0 3 0 0 0 0 0 1 0 0 0 0 0 0 
0 0 2 5 0 0 0 2 2 4 3 3 3 3 0 0 0 3 0 0 2 4 0 5 0 0 0 0 1 
0 0 1 1 4 4 0 6 3 0 4 6 3 0 1 0 0 0 0 0 0 0 0 0 0 0 0 0 0 
2 2 0 0 5 3 2 4 1 0 0 2 1 0 0 0 0 0 0 0 0 0 0 0 0 0 0 0 0 
1 0 0 3 0 0 0 0 0 6 6 0 0 5 0 0 0 0 0 0 0 0 0 0 0 0 0 0 0 
3 3 3 0 1 2 3 0 0 0 0 2 0 0 0 0 0 0 0 0 0 0 0 0 0 0 0 0 0 
0 1 0 0 3 0 5 0 0 5 0 4 3 0 0 0 0 0 0 0 0 0 0 0 0 4 0 0 0 
0 0 0 0 2 0 5 5 0 5 0 0 0 0 0 0 0 0 0 0 0 0 0 0 0 0 0 0 0 
0 0 2 0 2 0 0 3 0 4 0 0 0 0 0 0 0 0 0 0 0 0 0 0 0 5 0 6 4 
4 3 0 0 3 0 5 0 0 0 4 4 5 0 0 0 0 0 0 0 0 0 0 0 0 4 2 0 0 
0 4 3 0 3 2 4 1 3 0 5 2 2 6 7 2 0 0 0 0 2 6 2 0 0 0 3 0 0 
0 1 0 0 2 0 4 1 1 0 2 1 0 3 4 0 0 0 0 0 0 1 0 0 0 3 0 0 0 
4 0 0 6 0 0 0 0 0 0 0 0 0 0 0 0 0 0 0 8 0 0 0 6 0 0 0 0 0 
5 2 0 0 2 4 0 0 0 1 0 0 0 0 0 0 3 2 2 0 3 2 2 2 0 3 5 0 0 
5 0 0 6 0 6 0 0 0 0 0 0 0 0 0 0 5 5 4 0 6 0 6 0 6 3 0 0 0 
0 2 2 1 1 3 0 0 0 0 0 0 0 0 0 3 3 3 3 0 2 0 0 1 3 0 0 0 2 
0 2 3 0 0 0 0 0 0 5 0 0 0 0 0 0 0 0 0 6 0 0 5 0 4 4 6 0 0 
0 3 0 3 0 0 0 5 0 4 2 0 2 2 0 4 0 0 0 4 4 2 0 2 0 2 3 2 3 
0 1 0 0 0 0 0 4 2 1 1 0 0 2 1 6 0 4 2 0 2 0 4 4 0 1 0 2 0 
4 0 0 0 0 0 0 0 0 0 0 0 5 0 0 6 4 0 0 3 1 5 6 4 8 0 0 5 3 
2 1 0 0 0 0 0 0 0 0 0 0 4 0 1 1 2 2 1 1 2 3 3 2 3 1 0 0 0 
300 352
0 1 0 0
0 1 0 3
0 1 2 1
0 27 0 19
0 27 0 28
0 27 16 27
1 5 1 4
1 5 1 7
1 5 2 5
1 5 1 4
1 5 1 7
1 5 2 5
1 10 1 8
1 10 1 13
1 10 2 10
1 21 1 20
1 21 1 23
1 21 3 21
1 23 1 21
1 23 1 25
1 23 2 23
2 1 2 0
2 1 2 2
2 1 0 1
2 1 7 1
2 5 2 4
2 5 2 10
2 5 6 5
2 5 2 4
3 16 3 13
3 16 3 17
3 16 8 16
5 6 5 8
5 6 3 6
5 6 6 6
7 0 7 1
7 0 5 0
7 0 8 0
8 0 8 1
8 0 7 0
8 0 11 0
8 0 8 1
8 0 7 0
9 23 9 21
9 23 7 23
9 23 20 23
12 13 12 10
12 13 9 13
12 13 18 13
14 25 6 25
14 25 16 25
14 25 6 25
14 25 16 25
15 9 15 7
15 9 14 9
15 9 16 9
17 12 17 11
17 12 14 12
17 12 18 12
18 14 18 13
18 14 18 15
18 14 10 14
18 14 19 14
20 19 20 3
20 19 20 23
20 19 0 19
20 19 24 19
20 19 20 3
20 19 20 23
20 19 0 19
20 19 24 19
20 23 9 23
20 23 21 23
20 23 21 23
21 0 21 1
21 0 20 0
21 0 22 0
21 26 21 25
21 26 18 26
21 26 24 26
22 20 22 22
22 20 21 20
22 20 23 20
22 20 22 22
22 20 21 20
22 20 23 20
22 22 22 24
22 22 21 22
22 22 24 22
22 22 22 24
22 24 22 25
22 24 6 24
22 24 23 24
22 24 22 25
24 19 24 9
24 19 24 22
24 19 25 19
24 19 24 9
24 26 24 25
24 26 21 26
24 26 25 26
25 7 25 3
25 7 25 9
25 7 26 7
27 24 27 23
27 24 27 27
27 24 24 24
27 24 28 24
27 24 27 23
27 24 27 27
27 24 24 24
27 24 28 24
28 12 28 1
28 12 28 14
28 12 27 12
28 12 27 12
28 25 28 24
0 19 0 3
0 27 0 28
0 27 16 27
0 28 3 28
1 8 1 10
1 18 1 13
1 18 2 18
1 18 1 13
1 18 2 18
1 23 1 25
1 23 2 23
1 25 1 26
1 25 2 25
2 1 2 0
2 1 2 2
2 1 7 1
2 18 2 17
2 23 2 22
2 23 2 25
2 23 3 23
2 23 2 22
2 25 3 25
2 25 3 25
3 26 3 25
3 26 6 26
3 26 3 25
3 26 6 26
3 28 7 28
5 0 3 0
6 25 6 24
6 25 6 26
6 25 4 25
6 25 6 24
6 26 17 26
8 22 7 22
16 9 16 7
16 9 15 9
16 9 16 7
16 25 17 25
16 27 16 28
16 27 25 27
16 27 16 28
16 27 25 27
16 28 9 28
16 28 23 28
18 14 18 13
18 14 18 15
18 14 19 14
18 22 18 21
18 26 17 26
18 26 21 26
19 14 19 13
19 21 18 21
20 3 20 0
20 3 12 3
20 3 22 3
20 3 20 0
21 20 21 21
21 21 21 22
22 3 22 0
22 3 22 5
22 3 23 3
23 4 23 5
23 28 25 28
24 26 24 25
24 26 25 26
25 26 25 25
25 28 27 28
25 28 27 28
27 28 27 27
28 0 27 0
28 0 27 0
0 3 0 1
0 3 8 3
1 2 2 2
1 4 2 4
1 13 1 10
2 0 1 0
2 0 3 0
2 2 1 2
2 2 3 2
2 4 3 4
2 10 2 17
2 10 5 10
2 18 2 17
3 4 6 4
3 28 7 28
4 2 7 2
8 3 8 1
8 3 8 10
8 3 9 3
8 3 8 1
8 3 8 10
8 10 8 16
8 10 5 10
8 10 9 10
8 10 8 16
16 25 17 25
17 25 16 25
17 25 19 25
18 13 18 12
18 13 12 13
18 13 19 13
18 21 18 20
18 21 18 22
18 21 9 21
18 21 18 20
19 1 18 1
19 14 19 13
19 25 21 25
20 0 17 0
21 0 21 1
21 0 22 0
21 4 21 5
22 3 22 0
22 3 22 5
22 5 22 16
22 5 21 5
22 5 23 5
22 5 22 16
23 5 23 15
23 15 23 16
27 0 27 12
27 0 22 0
27 27 26 27
27 27 26 27
0 0 1 0
3 4 6 4
3 16 3 13
3 16 3 17
3 17 6 17
6 4 6 5
6 5 6 4
6 5 6 6
6 5 7 5
6 5 6 6
6 5 7 5
6 5 6 6
6 6 6 7
6 6 5 6
6 17 9 17
7 1 7 2
7 6 7 7
17 0 17 1
17 0 13 0
17 0 17 1
18 1 18 2
18 1 17 1
18 1 18 2
18 2 16 2
19 25 21 25
21 4 21 5
21 5 21 9
22 25 24 25
23 15 23 16
24 25 24 24
25 25 26 25
3 13 3 11
3 13 6 13
6 7 6 8
6 13 6 11
6 13 7 13
6 13 6 11
6 17 9 17
7 12 7 11
9 17 9 13
14 1 13 1
16 2 13 2
23 24 23 23
23 24 24 24
24 22 26 22
25 23 26 23
3 11 4 11
6 11 5 11
6 11 7 11
24 22 26 22
25 23 26 23
26 23 26 22
26 23 27 23
27 23 27 22
28 23 28 22
28 23 28 22
3 11 4 11
4 11 4 12
4 11 5 11
5 11 5 10
5 11 5 12
5 11 5 10
26 22 26 20
27 21 27 20
27 21 27 22
27 21 28 21
27 22 27 21
27 22 28 22
27 22 27 21
28 21 28 20
28 21 28 20
5 10 5 8
25 21 25 20
5 8 5 6
5 8 3 8
5 8 6 8
5 8 3 8
6 8 6 9
6 8 7 8
6 9 7 9
7 8 7 9
25 21 25 20
6 9 7 9
25 20 25 19
25 20 26 20
25 19 25 15
25 19 27 19
25 15 25 13
25 15 26 15
25 15 25 13
26 13 26 10
26 13 26 14
27 12 27 15
25 12 25 10
27 12 27 15
27 15 27 16
27 15 26 15
27 15 28 15
27 15 27 16
27 16 27 19
27 16 28 16
27 19 28 19
28 16 28 17
28 17 28 18
25 12 25 10
26 15 26 17
26 17 26 15
26 17 26 18
26 17 26 18

4862

2 5 = 4 - - - - - - - - - - - - - - - 4 - - - - - - - 5 3 
2 ǁ 2 | 3 6 = 2 2 = 5 = = 4 = = = = 4 ǁ 3 5 = 6 = 4 1 ǁ | 
4 8 5 | 4 6 - - - - 4 - - - - - - 3 4 ǁ   | 2 6 - 4   ǁ | 
2 ǁ 1 | 4 | 2   2   | 3 - 4 = = 5 3   ǁ   3   2 1 5 4 ǁ 3 
| ǁ 1 | ǁ | |   ǁ   | 4 1 |     | |   ǁ     1     2 ǁ ǁ ǁ 
3 ǁ | | ǁ | 5 = 6 - 5 5 1 |     | |   ǁ 2         | ǁ ǁ ǁ 
| ǁ | | 4 8 6 2 4 3 | 4 = 4     | 3   ǁ 1   4   5 6 4 ǁ ǁ 
5 5 2 |   2 2 1 3 3 | 2 1 1     | ǁ   ǁ 1   4 4 | ǁ | ǁ 2 
6 4 = 6 = = = = = = 6 = = = = = 3 ǁ   ǁ     1 | | ǁ | ǁ   
|   2 5       2 2 4 3 3 3 3 - - - 3   ǁ 2 4 - 5 | ǁ | ǁ 1 
|   1 1 4 4   6 3   4 6 3 | 1         ǁ   |   ǁ | ǁ | ǁ | 
2 2     5 3 2 4 1     2 1 | |         ǁ   |   ǁ | ǁ | ǁ | 
1     3           6 6 - - 5 |         ǁ   |   ǁ | ǁ | ǁ | 
3 3 3 | 1 2 3         2   ǁ |         ǁ   |   ǁ | ǁ | ǁ | 
| 1 | | 3   5     5   4 3 ǁ |         ǁ   |   ǁ | 4 | ǁ | 
|   | | 2   5 5 - 5     | ǁ |         ǁ   |   ǁ | ǁ | ǁ | 
|   2 | 2     3 = 4     | ǁ |         ǁ   |   ǁ | 5 | 6 4 
4 3 | | 3   5       4 4 5 ǁ |         ǁ   |   ǁ | 4 2 ǁ | 
| 4 3 | 3 2 4 1 3   5 2 2 6 7 2       ǁ 2 6 2 ǁ | | 3 ǁ | 
| 1   | 2   4 1 1   2 1   3 4         ǁ   1   ǁ | 3 ǁ ǁ | 
4 = = 6 = = = = = = = = = = = = = = = 8 = = = 6 | ǁ ǁ ǁ | 
5 2   | 2 4 - - - 1             3 2 2 ǁ 3 2 2 2 | 3 5 ǁ | 
5 = = 6 = 6 = = = = = = = = = = 5 5 4 ǁ 6 = 6 = 6 3 ǁ ǁ | 
| 2 2 1 1 3 - - - - - - - - - 3 3 3 3 ǁ 2   | 1 3 | ǁ ǁ 2 
| 2 3             5 = = = = = = = = = 6 - - 5   4 4 6 ǁ | 
| 3   3 - - - 5 - 4 2 = 2 2 = 4 - - - 4 4 2 ǁ 2 ǁ 2 3 2 3 
| 1           4 2 1 1 - - 2 1 6 = 4 2 | 2 - 4 4 ǁ 1   2 ǁ 
4 - - - - - - - - - - - 5 = = 6 4 - - 3 1 5 6 4 8 = = 5 3 
2 1 - - - - - - - - - - 4 - 1 1 2 2 1 1 2 3 3 2 3 1       
