29 29
2 1 0 0 0 0 0 4 0 0 0 5 0 0 4 3 0 5 0 4 0 4 0 0 0 0 5 4 4 
5 0 0 0 0 5 3 3 0 4 2 0 0 0 2 3 0 4 3 4 2 0 2 0 5 0 6 0 3 
0 0 0 0 0 4 3 0 0 0 0 0 0 0 0 2 1 2 3 4 3 0 2 3 6 4 4 0 3 
6 0 0 0 0 0 0 0 0 0 0 6 0 0 0 0 0 0 0 0 0 6 0 0 0 0 0 5 5 
0 2 4 0 4 0 0 0 0 2 1 0 1 0 0 3 0 3 0 5 2 0 3 0 0 4 3 0 3 
0 0 0 0 0 2 0 0 0 4 0 0 0 0 0 0 0 0 1 0 2 0 0 1 2 3 0 0 3 
0 0 0 0 0 2 0 0 0 4 3 0 4 0 0 6 0 3 4 6 4 0 5 0 6 6 3 0 0 
0 0 0 0 0 0 0 0 0 0 0 0 0 0 0 0 0 0 0 3 1 0 0 0 0 0 0 0 0 
0 0 0 0 0 0 0 0 0 0 1 0 0 0 0 0 0 0 0 0 2 0 0 2 0 1 0 0 0 
0 3 0 0 0 3 0 0 0 0 0 0 4 1 0 0 3 4 0 3 4 0 3 0 0 0 0 0 0 
0 0 0 0 0 0 0 0 0 0 0 0 0 0 0 0 0 0 0 0 0 0 4 0 0 0 0 0 0 
0 0 3 2 0 3 4 1 0 0 0 0 0 0 0 0 0 0 5 0 0 6 6 5 0 0 0 0 0 
0 0 0 0 0 0 0 0 0 0 0 0 0 0 0 0 0 0 0 1 0 0 2 1 0 0 0 0 0 
0 0 0 0 0 0 0 0 0 0 0 0 0 0 0 0 0 0 0 5 0 4 4 0 6 0 0 5 5 
0 6 5 0 5 0 6 0 0 5 1 0 0 0 0 0 4 0 0 0 1 0 4 3 0 0 1 0 0 
0 0 4 0 4 1 0 3 0 6 1 0 1 0 0 0 0 0 0 4 2 0 4 5 0 0 0 0 0 
0 0 2 1 3 1 0 1 0 3 2 0 0 0 0 0 0 0 0 4 1 0 0 0 0 3 4 0 3 
0 5 3 0 0 0 7 0 0 0 0 7 0 0 0 5 0 0 0 4 2 0 0 2 0 0 0 0 0 
0 4 1 0 2 0 0 2 0 1 0 0 2 2 2 0 0 0 4 4 2 0 1 2 0 0 0 0 0 
0 2 0 0 3 0 0 0 0 0 0 0 1 0 0 0 0 0 0 0 0 0 0 2 0 0 0 0 0 
5 3 0 0 5 4 0 4 0 0 0 7 0 6 6 4 3 0 0 2 0 0 4 3 0 0 0 0 0 
0 3 1 0 0 0 0 0 1 3 1 0 2 0 0 0 1 0 0 1 3 0 0 1 0 0 0 0 0 
0 3 0 0 2 4 0 2 2 0 0 0 6 5 4 5 4 0 6 5 3 0 0 0 0 0 0 0 0 
0 0 0 0 0 2 0 3 0 4 1 0 4 4 2 3 3 0 2 2 0 0 0 0 0 0 0 0 4 
0 6 0 0 0 0 5 5 4 0 0 7 0 0 0 0 0 3 2 4 0 4 5 3 3 4 4 0 0 
0 3 0 4 0 0 0 0 7 3 3 6 1 0 0 2 2 0 0 0 0 4 4 3 0 2 0 0 0 
3 1 0 0 3 2 1 1 0 3 2 2 0 0 0 0 2 2 0 0 0 2 4 4 0 1 0 0 0 
2 0 0 5 3 0 5 6 7 6 5 3 6 0 0 7 0 0 0 0 0 0 0 0 5 3 0 3 4 
3 2 0 4 0 3 2 2 2 3 3 1 3 2 0 6 0 0 0 0 3 1 1 0 3 0 3 1 1 
300 329
0 11 0 7
0 11 0 14
0 11 3 11
0 17 0 15
0 17 0 19
0 17 1 17
0 26 0 21
0 26 0 27
0 26 1 26
0 28 0 27
0 28 1 28
0 28 0 27
0 28 1 28
1 0 1 5
1 0 0 0
1 0 3 0
1 24 1 22
1 24 1 26
1 24 2 24
3 0 3 11
3 0 1 0
3 0 20 0
3 28 3 27
3 28 2 28
3 28 4 28
10 22 9 22
10 22 11 22
10 22 9 22
10 22 11 22
11 22 11 21
11 22 11 23
11 22 12 22
11 22 11 21
11 23 8 23
11 23 12 23
11 23 8 23
13 19 13 21
13 19 12 19
13 19 15 19
13 28 13 27
13 28 5 28
13 28 16 28
14 1 14 2
14 1 9 1
14 1 17 1
14 1 14 2
14 1 9 1
14 1 17 1
15 23 15 22
15 23 14 23
15 23 17 23
17 6 17 2
17 6 17 11
17 6 14 6
17 6 24 6
20 5 20 4
20 5 22 5
20 5 20 4
20 5 22 5
20 11 20 7
20 11 20 13
20 11 17 11
20 11 24 11
22 5 22 4
22 5 23 5
22 12 22 13
22 12 21 12
22 12 23 12
22 12 22 13
22 12 21 12
22 12 23 12
23 5 26 5
23 12 23 13
23 12 25 12
24 1 22 1
24 1 25 1
24 1 22 1
24 1 25 1
24 1 25 1
24 11 24 8
24 11 20 11
24 11 25 11
24 11 24 8
24 11 25 11
24 11 25 11
25 3 27 3
27 8 27 7
27 8 27 9
27 8 25 8
27 8 28 8
27 12 27 11
27 12 27 15
27 12 28 12
27 12 27 11
27 12 27 15
27 12 28 12
27 15 27 24
27 15 25 15
27 15 28 15
28 15 28 13
28 15 28 20
28 15 27 15
28 15 28 13
28 15 28 20
28 20 28 21
28 22 28 24
0 27 0 26
1 9 1 7
1 9 1 10
1 9 1 7
1 9 1 10
2 5 2 6
2 5 1 5
2 5 2 6
2 5 1 5
2 6 1 6
3 0 3 11
3 0 20 0
3 11 3 21
3 11 0 11
3 11 17 11
3 21 3 27
3 21 0 21
3 21 11 21
3 21 3 27
3 21 0 21
4 19 4 17
4 19 4 20
4 19 6 19
5 18 6 18
5 23 5 24
6 22 6 24
6 22 4 22
6 22 9 22
9 20 9 19
9 20 8 20
9 20 9 19
9 20 8 20
11 18 11 21
11 18 6 18
11 18 18 18
12 22 13 22
13 19 13 21
13 19 15 19
14 16 9 16
14 16 20 16
14 16 9 16
14 16 20 16
15 19 15 20
15 19 16 19
16 19 16 20
16 19 17 19
16 19 17 19
17 11 17 6
17 11 17 15
17 11 20 11
17 11 17 15
17 19 17 20
17 19 18 19
18 9 18 7
19 12 18 12
23 13 23 14
23 13 22 13
23 13 23 14
25 3 27 3
25 8 25 9
25 8 24 8
25 8 27 8
25 8 25 9
25 8 24 8
25 8 25 9
28 12 28 11
0 7 0 1
0 7 0 11
0 7 1 7
0 14 0 15
0 14 1 14
0 14 0 15
0 17 0 19
0 17 1 17
0 19 0 21
0 19 1 19
0 26 1 26
1 6 1 5
1 6 1 5
1 14 1 15
1 26 1 24
1 26 1 28
1 26 2 26
2 24 2 23
2 24 2 25
2 24 1 24
2 24 2 23
2 24 2 25
2 25 2 26
2 26 2 25
2 26 2 28
2 28 3 28
9 19 7 19
15 12 9 12
18 7 20 7
18 12 18 13
20 7 20 11
20 7 22 7
20 13 20 14
20 13 18 13
20 13 22 13
20 13 20 14
20 13 22 13
20 14 20 15
20 14 18 14
20 14 22 14
20 14 20 15
22 8 22 7
22 8 21 8
22 14 22 15
24 7 24 6
24 7 23 7
24 7 26 7
27 7 27 6
27 7 27 8
27 7 28 7
27 7 27 6
27 7 27 8
27 9 27 10
27 9 26 9
27 9 28 9
27 9 27 10
27 9 26 9
0 0 1 0
1 22 2 22
2 22 2 23
9 12 9 13
9 12 6 12
9 12 6 12
9 16 9 17
9 17 6 17
9 17 24 17
9 17 6 17
22 14 22 15
22 18 22 19
22 18 18 18
22 18 23 18
22 18 22 19
22 18 18 18
22 18 23 18
24 7 24 6
24 7 23 7
26 9 26 10
6 12 6 15
6 12 4 12
6 15 6 17
6 15 4 15
6 15 17 15
6 15 4 15
6 15 17 15
6 18 6 19
6 18 11 18
6 19 6 20
6 19 4 19
6 19 7 19
6 19 6 20
6 20 5 20
6 20 7 20
17 15 20 15
18 18 18 19
18 19 18 20
18 19 20 19
20 15 20 16
21 16 22 16
22 14 22 15
22 16 22 15
22 16 23 16
22 16 22 15
23 7 23 9
23 9 23 10
23 9 21 9
23 9 21 9
4 15 4 17
4 17 4 19
4 20 5 20
11 18 11 21
11 21 13 21
13 21 13 22
13 22 13 24
13 22 14 22
13 24 13 27
13 24 6 24
13 24 24 24
13 24 13 27
13 24 6 24
14 26 16 26
21 9 21 10
23 28 16 28
23 28 27 28
23 28 16 28
23 28 27 28
27 28 27 27
27 28 28 28
6 24 6 22
6 24 6 25
6 24 5 24
6 25 6 26
6 25 5 25
6 25 8 25
13 28 13 27
13 28 5 28
16 26 16 25
16 26 24 26
16 26 16 25
24 26 24 25
24 26 28 26
24 26 24 25
27 27 13 27
27 27 28 27
28 26 28 24
28 26 28 24
3 27 3 28
6 22 4 22
6 25 6 26
6 25 5 25
6 26 4 26
16 25 24 25
24 25 24 24
4 22 4 25
4 25 4 26
4 25 5 25
4 25 4 26
4 28 5 28

3765

2 1 - - - - - 4 = = = 5 - - 4 3 - 5 = 4 - 4 - - - - 5 4 4 
5 - - - - 5 3 3 = 4 2 ǁ     2 3   4 3 4 2 ǁ 2 - 5 = 6 - 3 
ǁ         4 3         ǁ       2 1 2 3 4 3 ǁ 2 3 6 4 4 - 3 
6 = = = = = = = = = = 6 - - - - - - - - - 6 = = = = = 5 5 
ǁ 2 4   4         2 1 | 1     3 - 3 = 5 2 | 3 - - 4 3   3 
ǁ         2       4   | |     ǁ     1 ǁ 2 | ǁ 1 2 3 |   3 
ǁ         2       4 3 | 4 - - 6 - 3 4 6 4 | 5 = 6 6 3   ǁ 
ǁ                     | ǁ     ǁ   ǁ ǁ 3 1 | |   ǁ |     ǁ 
ǁ                   1 | ǁ     ǁ   ǁ ǁ | 2 | | 2 ǁ 1     ǁ 
ǁ 3       3           | 4 1   ǁ 3 4 ǁ 3 4 | 3 ǁ ǁ       ǁ 
ǁ ǁ                   | |     ǁ ǁ | ǁ     | 4 ǁ ǁ       ǁ 
ǁ ǁ 3 2   3 4 1       | |     ǁ ǁ | 5 = = 6 6 5 ǁ       ǁ 
ǁ ǁ                   | |     ǁ ǁ | | 1   | 2 1 ǁ       ǁ 
ǁ ǁ                   | |     ǁ ǁ | | 5 = 4 4 - 6 = = 5 5 
ǁ 6 5   5   6     5 1 | |     ǁ 4 | | ǁ 1   4 3 |   1 | | 
ǁ ǁ 4   4 1 | 3   6 1 | 1     ǁ ǁ | | 4 2   4 5 |   | | | 
ǁ ǁ 2 1 3 1 | 1   3 2 |       ǁ ǁ | | 4 1     | | 3 4 | 3 
ǁ 5 3 - - - 7 = = = = 7 = = = 5 ǁ | | 4 2     2 | | | | ǁ 
ǁ 4 1   2   | 2 - 1   ǁ 2 2 2 | ǁ | 4 4 2   1 2 | | | | ǁ 
ǁ 2     3   | |       ǁ 1 | | | ǁ | ǁ |       2 | | | | ǁ 
5 3     5 4 | 4 = = = 7 - 6 6 4 3 | ǁ 2     4 3 | | | | ǁ 
  3 1     ǁ | | 1 3 1 ǁ 2 ǁ |   1 | ǁ 1 3     1 | | | | ǁ 
  3     2 4 | 2 2 ǁ   ǁ 6 5 4 5 4 | 6 5 3       | | | | ǁ 
  ǁ       2 | 3 - 4 1 ǁ 4 4 2 3 3 | 2 2         | | | | 4 
  6       | 5 5 4 = = 7 |         3 2 4   4 5 3 3 4 4 | ǁ 
  3   4   |   | 7 3 3 6 1     2 2         4 4 3   2 | | ǁ 
3 1   ǁ 3 2 1 1 ǁ 3 2 2       | 2 2       2 4 4   1 | | ǁ 
2     5 3   5 6 7 6 5 3 6 = = 7 - - - - - - - - 5 3 | 3 4 
3 2   4   3 2 2 2 3 3 1 3 2 = 6 = = = = 3 1 1 - 3 = 3 1 1 
