29 29
4 0 5 1 2 0 0 0 4 2 1 1 0 4 0 0 0 5 0 0 0 0 0 0 0 0 0 2 1 
0 2 0 0 0 2 2 1 0 1 0 2 0 0 1 1 0 0 1 0 3 0 0 2 0 0 0 2 3 
0 0 0 0 0 0 0 2 0 3 0 4 0 4 3 4 3 0 0 0 3 0 0 2 0 0 0 0 0 
0 0 0 0 0 4 4 3 0 4 2 0 2 0 3 0 0 0 2 0 3 0 0 0 0 0 0 3 0 
0 0 0 0 0 1 0 0 0 2 1 2 2 1 0 0 0 0 0 1 0 2 1 0 0 2 1 0 0 
5 5 0 0 0 2 5 3 5 5 0 0 0 0 5 5 2 0 3 2 3 5 0 0 0 4 2 0 0 
2 2 0 0 0 1 0 1 1 3 3 0 0 0 2 3 2 0 1 1 2 2 0 2 1 2 1 0 0 
3 0 7 0 5 0 4 0 0 0 0 0 0 0 0 0 0 4 0 0 0 0 0 0 0 0 0 4 4 
0 0 0 1 0 0 0 1 2 0 2 1 0 0 0 1 0 0 1 5 0 0 0 3 0 5 3 0 0 
1 0 0 0 0 0 0 0 0 0 0 0 0 0 0 0 0 0 0 2 0 0 0 0 0 0 0 0 0 
0 0 0 0 0 0 0 0 1 0 0 3 0 0 0 4 1 0 0 0 0 0 0 0 0 0 0 0 0 
1 0 0 0 0 0 0 0 0 0 0 1 1 0 1 0 1 0 0 0 0 0 0 0 0 0 1 0 0 
0 0 0 0 0 1 0 4 0 0 6 0 5 2 0 0 0 0 0 0 0 0 0 0 0 0 0 0 0 
4 0 4 3 0 0 0 1 1 0 0 0 0 0 0 0 3 0 0 0 0 0 0 0 0 0 0 0 0 
4 2 0 0 0 0 0 2 2 0 0 0 0 0 0 0 0 0 0 0 0 0 0 0 0 0 0 0 0 
5 5 0 0 0 0 0 2 0 0 4 0 0 0 5 5 4 0 0 0 0 0 0 0 0 0 1 0 2 
1 0 3 0 0 0 0 3 2 0 0 2 0 0 6 4 2 0 0 0 0 0 0 0 0 0 0 0 1 
1 4 4 3 0 0 0 0 0 0 0 0 0 0 3 4 2 0 0 0 0 0 0 0 0 0 0 0 1 
1 3 2 1 0 0 0 4 0 0 4 0 0 0 0 0 0 4 0 0 0 0 0 0 0 6 4 0 0 
0 1 1 0 0 0 0 0 1 2 2 1 1 3 4 2 1 0 2 0 5 0 0 6 2 0 1 0 0 
4 0 0 0 5 3 0 0 0 5 0 2 0 0 1 0 0 0 2 0 5 0 2 4 1 0 2 4 3 
0 1 3 0 2 2 0 2 3 3 1 0 0 0 0 0 0 0 2 1 0 1 0 1 0 0 0 0 0 
3 2 0 1 2 1 0 0 1 0 0 0 3 4 0 0 0 6 0 3 3 3 0 1 0 0 0 3 0 
2 0 4 2 5 2 0 0 0 0 0 0 1 0 0 0 0 3 0 0 0 3 2 1 0 0 0 0 0 
1 2 6 2 2 1 0 4 0 0 4 0 2 5 0 0 0 0 0 0 2 2 0 0 0 0 0 0 0 
1 1 3 0 2 1 0 2 0 0 0 0 2 4 0 2 1 0 0 1 2 3 1 0 0 0 3 3 2 
3 0 0 0 0 0 4 0 0 0 4 5 0 0 0 0 0 0 0 4 0 3 0 0 0 0 4 0 3 
1 3 0 0 0 0 4 2 2 0 2 5 0 0 0 0 0 0 0 2 2 3 0 0 0 4 5 1 2 
1 4 1 1 2 0 2 2 3 3 0 5 0 0 0 0 0 0 0 0 0 0 0 2 0 0 3 2 1 
300 57
0 0 0 2
0 0 5 0
0 0 0 2
0 0 5 0
0 2 0 3
0 2 7 2
0 2 7 2
0 17 0 13
0 17 0 27
0 17 7 17
1 1 5 1
7 2 7 0
7 2 7 4
7 2 13 2
15 0 15 1
15 0 14 0
15 0 16 0
18 26 18 25
18 26 15 26
18 26 19 26
18 26 18 25
28 1 28 0
28 1 28 2
28 1 27 1
28 1 27 1
28 11 28 9
28 11 28 23
28 11 27 11
1 1 5 1
15 0 15 1
15 0 14 0
18 25 18 17
18 25 8 25
18 25 27 25
18 25 18 17
19 20 19 18
19 20 19 23
19 20 20 20
19 23 19 20
19 23 19 24
19 23 20 23
19 23 19 24
19 23 20 23
20 24 20 23
27 25 27 21
27 25 27 26
27 25 27 21
9 19 8 19
11 26 8 26
14 0 14 1
14 0 13 0
20 23 20 22
9 19 8 19
13 0 13 2
13 0 11 0
13 0 13 2
9 0 7 0

2846

4 = 5 1 2       4 2 1 1   4 - - - 5 - - - - - - - - - 2 1 
ǁ 2 ǁ     2 2 1   1   2     1 1   | 1   3     2       2 3 
ǁ ǁ ǁ         2   3   4   4 3 4 3 |     3     2           
ǁ ǁ ǁ     4 4 3   4 2   2   3     | 2   3             3   
ǁ ǁ ǁ     1       2 1 2 2 1       |   1   2 1     2 1     
5 5 ǁ     2 5 3 5 5         5 5 2 | 3 2 3 5       4 2     
2 2 ǁ     1   1 1 3 3       2 3 2 | 1 1 2 2   2 1 2 1     
3 - 7 - 5   4                     4                   4 4 
|   | 1       1 2   2 1       1     1 5       3   5 3     
1   |                                 2           | |     
    |           1     3       4 1                 | |     
1   |                 1 1   1   1                 | 1     
|   |     1   4     6   5 2                       |       
4 = 4 3       1 1               3                 |       
4 2           2 2                                 |       
5 5           2     4       5 5 4                 | 1   2 
1   3         3 2     2     6 4 2                 | |   1 
1 4 4 3                     3 4 2                 | |   1 
1 3 2 1       4     4             4 = = = = = = = 6 4     
  1 1           1 2 2 1 1 3 4 2 1   2 - 5 = = 6 2 | 1     
4       5 3       5   2     1       2   5   2 4 1 | 2 4 3 
  1 3   2 2   2 3 3 1               2 1   1   1   |       
3 2   1 2 1     1       3 4       6   3 3 3   1   |   3   
2   4 2 5 2             1         3       3 2 1   |       
1 2 6 2 2 1   4     4   2 5             2 2       |       
1 1 3   2 1   2         2 4   2 1     1 2 3 1     | 3 3 2 
3           4       4 5               4   3       | 4   3 
1 3         4 2 2   2 5               2 2 3 = = = 4 5 1 2 
1 4 1 1 2   2 2 3 3 - 5 - - - - - - - - - - - 2     3 2 1 
