29 29
2 0 4 0 0 0 5 0 0 0 0 0 0 0 0 0 0 0 0 4 3 3 3 2 0 0 0 4 2 
0 2 0 1 0 0 4 2 2 0 0 4 3 0 2 0 0 2 0 0 0 2 0 4 0 3 2 0 1 
1 3 3 0 3 1 1 3 0 0 0 0 3 0 0 0 0 5 1 0 0 0 0 0 2 3 0 0 0 
1 0 4 3 0 1 0 2 0 0 0 0 0 0 0 0 0 1 0 0 0 0 0 0 1 1 0 0 0 
4 3 3 2 1 2 4 0 4 1 0 0 0 0 0 0 0 0 0 0 5 6 3 3 0 0 6 5 3 
2 0 3 2 1 0 5 2 1 0 0 0 0 0 0 0 0 0 0 0 2 0 2 0 4 3 2 6 3 
2 5 0 0 0 0 0 0 0 0 0 6 0 0 0 0 0 0 0 5 0 5 4 4 4 3 2 5 2 
0 0 1 1 0 0 0 0 2 2 1 0 1 2 0 3 1 0 0 0 1 1 0 0 1 0 4 0 1 
0 0 4 6 0 0 0 4 4 3 1 0 0 0 0 0 0 0 0 0 4 0 3 0 2 0 4 0 2 
0 0 0 1 2 1 0 0 0 3 2 0 2 0 0 0 0 0 0 0 0 1 0 0 0 3 3 0 0 
0 0 2 2 2 0 0 0 3 4 2 0 0 0 0 0 0 1 0 0 4 2 1 0 4 5 1 0 0 
1 0 1 3 0 0 0 0 1 0 0 0 0 0 0 0 0 0 0 0 3 2 1 0 1 3 2 0 0 
0 0 0 1 0 0 0 0 1 3 0 3 3 0 0 4 4 2 0 0 1 2 2 0 0 0 0 0 0 
0 0 2 0 4 0 0 4 0 0 0 0 0 0 0 0 0 0 0 5 0 0 0 5 0 0 0 5 4 
0 0 0 1 0 4 3 0 2 0 0 0 0 0 0 0 0 4 4 0 3 4 0 4 3 2 1 0 0 
0 0 0 0 0 2 0 0 0 2 0 0 0 2 0 0 0 1 0 0 0 0 2 0 0 3 0 0 0 
0 0 3 3 0 2 3 0 0 1 0 0 0 0 0 0 0 0 0 0 0 0 0 0 0 0 0 0 0 
0 0 1 2 2 0 2 0 2 2 0 0 0 6 0 0 0 2 0 0 0 0 0 0 0 0 0 0 1 
0 0 1 1 2 0 2 0 0 2 1 0 0 0 0 0 0 0 3 0 0 0 0 0 0 0 0 0 2 
0 0 2 0 2 0 0 0 0 3 0 0 0 4 0 2 0 0 1 0 1 4 4 0 2 0 0 0 0 
4 7 0 0 0 5 2 0 0 0 2 0 0 0 0 0 0 0 0 0 1 2 0 0 0 0 0 0 0 
0 4 0 2 1 0 1 0 0 0 0 0 0 0 0 0 0 0 0 0 0 0 0 0 2 0 0 0 0 
0 0 0 1 0 4 4 0 0 0 0 0 0 0 0 0 0 0 0 0 2 0 3 0 2 0 0 0 0 
0 0 0 1 0 2 1 0 0 0 0 0 0 0 0 0 0 0 0 0 3 0 2 0 3 4 4 4 4 
0 4 0 0 0 5 1 0 0 1 0 0 0 0 0 1 0 0 0 0 6 2 0 0 1 0 2 1 0 
0 1 1 2 0 5 2 0 0 0 0 0 0 0 0 0 0 0 0 0 2 1 0 3 0 3 0 2 0 
3 1 0 2 1 1 1 0 0 1 4 0 0 6 0 0 0 0 0 7 0 0 0 0 0 0 2 2 0 
1 0 3 0 0 0 0 4 2 1 0 0 0 6 0 4 3 2 3 5 0 0 0 0 0 0 0 3 2 
0 1 0 0 0 0 0 3 0 0 0 2 1 2 2 4 1 1 0 4 0 2 2 3 0 2 0 2 1 
300 29
0 6 0 2
0 6 0 19
0 6 1 6
8 3 8 2
8 3 8 7
8 3 7 3
8 3 9 3
20 1 20 0
20 1 20 5
20 1 6 1
20 1 21 1
26 19 26 13
26 19 26 26
26 19 13 19
26 19 27 19
5 6 5 4
5 6 5 7
5 6 4 6
8 3 8 2
8 3 8 7
24 20 24 21
24 20 23 20
24 20 25 20
24 20 24 21
24 20 23 20
24 20 25 20
25 21 25 23
8 2 7 2
8 2 10 2

2741

2   4 - - - 5 - - - - - - - - - - - - 4 3 3 3 2       4 2 
  2   1     4 2 2     4 3   2     2       2   4   3 2   1 
1 3 3   3 1 1 3         3         5 1           2 3       
1   4 3   1   2                   1             1 1       
4 3 3 2 1 2 4   4 1                     5 6 3 3     6 5 3 
2   3 2 1 - 5 2 1                       2   2   4 3 2 6 3 
2 5                   6               5   5 4 4 4 3 2 5 2 
  | 1 1         2 2 1   1 2   3 1       1 1     1   4   1 
  | 4 6 = = = 4 4 3 1                   4   3   2   4   2 
  | | 1 2 1       3 2   2                 1       3 3     
  | 2 2 2       3 4 2             1     4 2 1   4 5 1     
1 | 1 3         1                       3 2 1   1 3 2     
  |   1         1 3   3 3     4 4 2     1 2 2             
  | 2   4     4                       5       5       5 4 
  |   1   4 3   2                 4 4 | 3 4   4 3 2 1     
  |       2       2       2       1   |     2     3       
  | 3 3   2 3     1                   |                   
  | 1 2 2   2   2 2       6       2   |                 1 
  | 1 1 2   2     2 1               3 |                 2 
  | 2   2         3       4   2     1 | 1 4 4   2         
4 7 - - - 5 2       2                 | 1 2               
  4   2 1   1                         |         2         
      1   4 4                         | 2   3   2         
      1   2 1                         | 3   2   3 4 4 4 4 
  4       5 1     1           1       | 6 2     1   2 1   
  1 1 2   5 2                         | 2 1 - 3   3   2   
3 1   2 1 1 1     1 4     6 - - - - - 7 - - - - - - 2 2   
1   3         4 2 1       6   4 3 2 3 5               3 2 
  1           3       2 1 2 2 4 1 1   4   2 2 3   2   2 1 
