29 29
4 0 6 2 2 0 0 0 4 3 1 2 0 5 0 0 0 5 0 0 0 0 0 0 0 0 0 2 2 
0 2 0 0 0 2 2 2 0 3 0 4 0 0 1 1 0 0 1 0 4 0 0 3 0 0 0 3 4 
0 0 0 0 0 0 0 3 0 3 0 4 0 5 3 4 3 0 0 0 4 0 0 3 0 0 0 0 0 
0 0 0 0 0 5 4 4 0 4 3 0 4 0 3 0 0 0 2 0 3 0 0 0 0 0 0 4 0 
0 0 0 0 0 2 0 0 0 2 2 2 4 1 0 0 0 0 0 1 0 4 3 0 0 4 2 0 0 
6 5 0 0 0 2 6 4 6 5 0 0 0 0 5 5 2 0 3 2 3 5 0 0 0 6 3 0 0 
4 3 0 0 0 1 0 1 2 3 4 0 0 0 3 3 2 0 1 1 2 2 0 2 1 2 1 0 0 
3 0 8 0 7 0 7 0 0 0 0 0 0 0 0 0 0 5 0 0 0 0 0 0 0 0 0 4 4 
0 0 0 2 0 0 0 3 4 0 2 1 0 0 0 1 0 0 1 5 0 0 0 3 0 5 4 0 0 
1 0 0 0 0 0 0 0 0 0 0 0 0 0 0 0 0 0 0 2 0 0 0 0 0 0 0 0 0 
0 0 0 0 0 0 0 0 1 0 0 3 0 0 0 4 1 0 0 0 0 0 0 0 0 0 0 0 0 
1 0 0 0 0 0 0 0 0 0 0 1 2 0 2 0 1 0 0 0 0 0 0 0 0 0 2 0 0 
0 0 0 0 0 1 0 4 0 0 7 0 5 2 0 0 0 0 0 0 0 0 0 0 0 0 0 0 0 
5 0 8 5 0 0 0 1 1 0 0 0 0 0 0 0 3 0 0 0 0 0 0 0 0 0 0 0 0 
4 2 0 0 0 0 0 2 2 0 0 0 0 0 0 0 0 0 0 0 0 0 0 0 0 0 0 0 0 
5 5 0 0 0 0 0 2 0 0 6 0 0 0 5 5 4 0 0 0 0 0 0 0 0 0 2 0 2 
2 0 4 0 0 0 0 3 2 0 0 2 0 0 6 4 2 0 0 0 0 0 0 0 0 0 0 0 1 
2 5 5 4 0 0 0 0 0 0 0 0 0 0 3 4 2 0 0 0 0 0 0 0 0 0 0 0 1 
3 8 3 1 0 0 0 5 0 0 6 0 0 0 0 0 0 4 0 0 0 0 0 0 0 6 5 0 0 
0 2 1 0 0 0 0 0 2 4 5 3 3 3 5 3 2 0 4 0 5 0 0 6 3 0 1 0 0 
5 0 0 0 7 4 0 0 0 5 0 3 0 0 2 0 0 0 5 0 5 0 2 4 2 0 3 4 4 
0 2 4 0 4 4 0 2 4 4 2 0 0 0 0 0 0 0 3 1 0 3 0 4 0 0 0 0 0 
4 2 0 2 5 4 0 0 1 0 0 0 5 5 0 0 0 6 0 3 4 4 0 3 0 0 0 3 0 
3 0 5 3 5 3 0 0 0 0 0 0 3 0 0 0 0 3 0 0 0 3 3 3 0 0 0 0 0 
3 4 6 3 4 1 0 4 0 0 5 0 6 5 0 0 0 0 0 0 3 3 0 0 0 0 0 0 0 
1 1 3 0 4 1 0 2 0 0 0 0 4 4 0 2 1 0 0 1 3 5 1 0 0 0 4 3 3 
3 0 0 0 0 0 4 0 0 0 6 6 0 0 0 0 0 0 0 4 0 4 0 0 0 0 4 0 3 
1 4 0 0 0 0 5 3 2 0 4 7 0 0 0 0 0 0 0 3 3 5 0 0 0 5 6 3 2 
1 4 1 1 2 0 2 3 3 3 0 6 0 0 0 0 0 0 0 0 0 0 0 3 0 0 4 4 1 
300 272
0 0 0 2
0 0 5 0
0 0 0 2
0 0 5 0
0 2 0 3
0 2 7 2
0 13 0 11
0 13 0 17
0 13 2 13
1 1 5 1
3 5 3 6
3 5 1 5
3 5 4 5
5 0 5 1
5 0 6 0
7 2 7 0
7 2 7 4
7 2 0 2
7 2 13 2
7 6 7 4
7 6 7 17
7 6 5 6
7 6 26 6
8 3 13 3
12 5 20 5
12 10 12 7
12 10 12 12
12 10 8 10
12 10 15 10
13 0 13 2
13 0 11 0
13 0 14 0
13 2 13 0
13 2 13 3
13 2 7 2
13 2 16 2
15 0 15 1
15 0 14 0
15 0 16 0
18 1 18 0
18 1 18 2
18 1 17 1
18 1 19 1
18 1 18 0
18 1 18 2
18 1 17 1
18 1 19 1
18 7 18 10
18 7 16 7
18 7 21 7
18 26 18 25
18 26 15 26
18 26 19 26
20 0 20 4
20 0 18 0
20 0 22 0
20 5 20 4
20 5 21 5
20 5 20 4
20 9 20 11
20 9 19 9
20 9 21 9
21 5 21 4
21 5 22 5
21 5 21 4
22 5 22 4
22 5 23 5
22 5 22 4
27 11 27 10
27 11 27 19
27 11 26 11
27 11 28 11
27 21 27 20
27 21 27 25
27 21 26 21
28 1 28 0
28 1 28 2
28 1 27 1
28 1 27 1
28 11 28 9
28 11 28 23
28 11 27 11
28 11 28 9
28 11 28 23
28 23 28 26
28 26 28 27
28 26 27 26
28 26 28 27
28 27 28 28
28 27 27 27
0 2 0 3
1 1 5 1
5 0 5 1
5 0 6 0
5 1 6 1
6 0 6 1
6 0 7 0
6 5 5 5
7 2 7 0
7 2 7 4
8 3 13 3
10 8 8 8
13 0 14 0
13 2 13 3
13 2 16 2
13 3 17 3
14 0 14 1
14 1 15 1
15 0 15 1
15 0 16 0
15 1 17 1
16 2 17 2
17 0 17 1
17 0 17 1
17 3 17 2
17 3 18 3
17 3 17 2
18 26 18 25
18 26 15 26
19 2 18 2
19 10 19 9
19 10 19 11
19 10 18 10
20 0 20 4
20 0 22 0
22 0 22 1
22 0 23 0
27 26 27 25
27 26 27 27
27 26 26 26
27 26 27 25
27 26 27 27
27 28 26 28
27 28 26 28
8 8 8 7
8 8 8 10
8 8 8 7
12 10 12 7
12 10 12 12
12 10 15 10
15 10 15 7
15 10 15 14
15 10 18 10
15 10 15 7
16 2 17 2
16 8 16 7
18 10 18 7
18 10 18 17
18 10 19 10
18 25 18 17
18 25 8 25
18 25 27 25
18 25 18 17
19 14 19 13
19 14 19 15
19 14 20 14
19 20 19 18
19 20 19 23
19 20 20 20
19 23 19 20
19 23 19 24
19 23 20 23
19 23 19 24
19 23 20 23
19 24 20 24
20 24 20 23
26 26 26 28
26 26 25 26
26 26 25 26
27 25 27 21
8 7 12 7
9 19 8 19
11 26 8 26
12 7 13 7
12 13 12 12
13 8 14 8
14 7 14 8
16 8 16 7
16 11 16 14
18 7 21 7
18 17 7 17
20 23 20 22
21 23 21 21
21 23 22 23
21 23 21 21
21 23 22 23
22 17 22 13
22 17 22 19
22 17 23 17
22 17 22 13
22 17 22 19
22 17 23 17
24 7 24 10
24 7 25 7
24 7 24 10
24 7 25 7
25 12 25 13
25 12 24 12
25 12 25 13
25 12 24 12
25 13 25 15
25 13 24 13
25 15 25 16
25 26 25 27
25 26 20 26
28 9 28 8
9 19 8 19
11 26 8 26
12 13 12 12
16 11 16 14
16 14 16 15
16 14 15 14
16 14 17 14
16 14 16 15
17 14 17 15
20 22 20 20
20 26 20 27
24 12 24 10
24 12 24 13
24 12 23 12
24 12 24 10
26 11 26 10
26 11 26 19
26 11 27 11
26 11 26 10
26 11 26 19
8 26 8 25
8 26 6 26
12 12 11 12
17 14 17 15
17 15 17 16
17 15 16 15
17 16 16 16
20 26 20 27
26 10 26 6
26 10 24 10
26 10 27 10
26 10 26 6
27 10 27 8
27 10 27 11
16 15 16 16
26 0 26 6
26 0 25 0
26 0 27 0
27 1 27 6
28 3 28 4
28 4 28 6
7 6 7 4
7 6 7 17
7 6 5 6
7 17 0 17
15 15 15 14
15 15 15 16
15 15 10 15
15 16 15 15
15 16 13 16
15 16 15 15
27 1 27 6
5 6 5 5
5 6 5 7
5 6 3 6
5 6 5 7
7 17 0 17
13 16 11 16
15 14 11 14
15 14 11 14
4 5 3 5
10 16 10 15
11 12 11 11
10 15 10 11
10 15 8 15
8 11 10 11

4590

4 = 6 2 2       4 3 1 2 - 5 - - - 5                   2 2 
ǁ 2 ǁ     2 2 2   3   4   | 1 1   ǁ 1   4     3       3 4 
ǁ ǁ ǁ     |   3   3   4   5 3 4 3 ǁ     4     3           
ǁ ǁ ǁ     5 4 4   4 3   4   3     ǁ 2   3             4   
ǁ ǁ ǁ     2 |     2 2 2 4 1       ǁ   1   4 3     4 2     
6 5 ǁ     2 6 4 6 5         5 5 2 ǁ 3 2 3 5       6 3     
4 3 ǁ     1 ǁ 1 2 3 4       3 3 2 ǁ 1 1 2 2   2 1 2 1     
3 = 8 = 7 = 7 = = = = = = = = = = 5                 | 4 4 
    ǁ 2     | 3 4 - 2 1       1   | 1 5       3   5 4     
1   ǁ ǁ     | | |   | |       |   |   2           | ǁ     
    ǁ ǁ     | | 1   | 3 - - - 4 1 |               | ǁ     
1   ǁ ǁ     | |     | 1 2   2 | 1 |               | 2     
|   ǁ ǁ   1 | 4 = = 7 = 5 2 ǁ | | |               |       
5 = 8 5   | | 1 1   ǁ       ǁ | 3 |               |       
4 2 ǁ |   | | 2 2   ǁ       ǁ | | |               |       
5 5 ǁ |   | | 2 = = 6 - - - 5 5 4 |               | 2   2 
2 | 4 |   | | 3 2   | 2 = = 6 4 2 |               | ǁ   1 
2 5 5 4   | | |     |       3 4 2 |               | ǁ   1 
3 8 3 1   | | 5 = = 6 - - - - - - 4 = = = = = = = 6 5     
| 2 1     | | ǁ 2 4 5 3 3 3 5 3 2   4 - 5 = = 6 3 | 1     
5 = = = 7 4 | ǁ   5 - 3     2       5   5 - 2 4 2 | 3 4 4 
ǁ 2 4   4 4 | 2 4 4 2               3 1   3 = 4   | |     
4 2   2 5 4 |   1       5 5 = = = 6 = 3 4 4   3   | | 3   
3   5 3 5 3 |           3         3       3 3 3   | |     
3 4 6 3 4 1 | 4 = = 5 = 6 5             3 3       | |     
1 1 3   4 1 | 2     |   4 4 - 2 1     1 3 5 1     | 4 3 3 
3 - - - - - 4 = = = 6 6 = = = = = = = 4   4       | 4 - 3 
1 4 = = = = 5 3 2 - 4 7 - - - - - - - 3 3 5 = = = 5 6 3 2 
1 4 1 1 2 - 2 3 3 3 = 6 = = = = = = = = = = = 3 - - 4 4 1 
