29 29
2 0 0 0 0 2 0 0 0 4 3 2 2 0 0 0 0 3 2 1 2 3 2 1 1 0 0 2 1 
5 0 0 0 0 0 0 2 0 3 0 1 2 0 1 0 0 0 1 0 0 0 0 4 4 0 0 4 2 
0 3 4 0 0 0 0 0 0 0 0 0 0 0 0 0 0 5 0 3 0 3 4 5 0 1 1 0 0 
0 2 2 0 0 0 1 0 4 0 0 0 0 0 0 5 2 0 1 2 2 0 1 1 0 4 5 0 0 
0 2 0 0 0 0 3 0 3 0 2 1 0 0 0 0 1 0 0 0 0 0 0 1 0 0 2 0 0 
5 0 0 0 0 0 0 0 0 0 0 0 0 0 0 5 3 0 3 4 0 3 0 3 5 5 1 0 0 
0 3 4 0 0 0 0 0 0 0 3 1 2 2 2 0 4 4 0 0 1 0 0 2 0 0 1 0 0 
0 2 0 4 4 0 0 0 0 0 0 0 5 0 1 0 0 1 0 0 0 0 0 0 0 0 2 0 2 
0 1 0 2 0 0 0 0 0 0 0 0 0 0 0 0 0 1 0 1 2 0 0 0 0 3 0 0 0 
0 4 7 0 0 0 0 0 0 0 0 0 7 6 2 0 0 2 0 1 0 0 0 0 0 2 0 0 0 
0 1 0 0 0 0 0 0 0 0 0 0 0 3 3 0 0 0 0 3 3 0 0 0 0 0 0 0 0 
3 1 0 2 0 5 0 0 0 0 0 0 6 2 2 0 0 0 0 3 0 0 0 0 0 3 3 0 0 
1 1 0 0 0 1 0 0 0 0 0 0 0 0 1 0 4 0 3 0 0 0 0 0 0 1 0 0 0 
3 3 0 0 0 0 0 0 2 0 0 0 5 2 1 0 0 0 3 0 0 0 0 0 0 2 0 0 4 
0 1 0 0 1 0 0 0 0 0 0 0 4 2 1 0 0 0 1 0 0 0 0 3 5 3 0 0 0 
4 0 6 0 0 0 0 0 0 0 0 0 0 0 0 4 6 4 0 5 2 0 0 2 4 1 0 0 0 
0 0 0 1 1 2 0 0 0 3 0 2 2 1 0 0 3 2 1 0 2 0 3 0 0 0 4 5 5 
0 1 0 2 3 0 0 0 0 0 0 3 0 1 1 0 0 1 1 3 4 0 0 2 3 0 0 0 0 
0 0 0 0 2 0 0 0 0 1 0 0 0 0 0 0 4 2 0 1 1 0 0 2 0 1 0 0 2 
0 0 0 3 0 0 0 0 0 0 0 4 4 3 3 0 6 0 6 5 2 0 0 3 4 0 0 0 0 
3 3 0 0 0 1 0 2 0 0 0 2 3 4 3 0 3 1 1 2 1 0 0 1 0 0 0 0 2 
0 1 0 4 0 0 0 0 0 0 0 0 0 0 0 5 0 0 0 0 0 4 4 0 2 0 0 0 0 
1 1 0 4 0 0 0 0 0 2 1 2 1 2 1 0 1 0 2 1 0 4 0 1 2 0 0 0 3 
1 0 0 0 0 0 0 0 0 3 0 6 0 5 3 0 1 1 3 4 4 0 0 0 0 0 0 0 0 
4 3 0 3 0 0 0 0 0 0 3 3 0 4 1 0 0 0 0 3 4 0 2 0 3 3 0 0 0 
0 2 0 3 0 0 0 0 0 1 2 0 1 3 1 0 0 0 0 1 2 4 0 0 1 0 0 0 0 
0 1 0 2 1 0 1 0 3 0 0 0 3 0 0 4 3 2 0 1 0 4 0 4 4 2 0 0 0 
4 0 4 0 0 0 0 0 0 0 0 0 0 0 0 0 0 0 3 0 0 4 0 3 2 0 1 3 4 
1 1 4 0 0 0 0 0 0 0 0 0 0 0 0 0 0 0 2 1 0 4 2 2 0 0 0 1 0 
300 57
1 0 1 7
1 0 0 0
1 0 5 0
3 15 3 8
3 15 3 16
3 15 5 15
3 26 3 25
3 26 2 26
3 26 4 26
9 1 9 2
9 1 8 1
9 1 10 1
9 1 9 2
9 2 9 12
9 2 6 2
9 2 15 2
11 5 11 3
11 5 11 12
11 5 12 5
16 28 16 27
16 28 13 28
16 28 18 28
19 18 19 16
19 18 19 19
19 18 17 18
19 18 20 18
27 28 27 27
27 28 22 28
27 28 27 27
27 28 22 28
3 26 3 25
3 26 4 26
7 1 6 1
7 3 7 4
7 3 8 3
7 3 7 4
7 3 8 3
7 4 7 12
19 18 19 16
19 18 19 19
7 1 6 1
7 4 7 12
19 16 19 14
19 16 18 16
19 16 20 16
19 16 19 14
21 15 21 3
21 15 21 21
21 15 26 15
23 20 23 19
23 20 24 20
23 20 23 19
23 20 24 20
13 8 13 12
20 17 20 16
13 8 13 12
20 16 20 14

3191

2         2       4 3 2 2         3 2 1 2 3 2 1 1     2 1 
5 - - - - - - 2   3   1 2   1       1         4 4     4 2 
| 3 4                             5   3   3 4 5   1 1     
| 2 2       1   4 - - - - - - 5 2   1 2 2   1 1   4 5     
| 2         3   3   2 1       | 1             1     2     
5                             5 3   3 4   3   3 5 5 1     
  3 4               3 1 2 2 2   4 4     1     2     1     
  2 | 4 4 = = = = = = = 5   1     1                 2   2 
  1 | 2                           1   1 2         3       
  4 7 - - - - - - - - - 7 6 2     2   1           2       
  1 |                     3 3         3 3                 
3 1 | 2 - 5 - - - - - - 6 2 2         3           3 3     
1 1 |     1                 1   4   3             1       
3 3 |           2 = = = 5 2 1       3             2     4 
  1 |   1               4 2 1       1         3 5 3     | 
4   6                         4 6 4   5 2     2 4 1     | 
      1 1 2       3   2 2 1     3 2 1   2   3       4 5 5 
  1   2 3             3   1 1     1 1 3 4     2 3       | 
        2         1             4 2 | 1 1     2   1     2 
      3               4 4 3 3 = 6 = 6 5 2     3 4         
3 3       1   2       2 3 4 3 - 3 1 1 2 1     1         2 
  1   4 - - - - - - - - - - - 5 - - - - - 4 4   2         
1 1   4           2 1 2 1 2 1 | 1   2 1   4   1 2       3 
1                 3   6   5 3 | 1 1 3 4 4               ǁ 
4 3   3             3 3   4 1 |       3 4   2   3 3     ǁ 
  2   3           1 2   1 3 1 |       1 2 4     1       ǁ 
  1   2 1   1   3       3     4 3 2   1   4   4 4 2     ǁ 
4   4                               3     4   3 2   1 3 4 
1 1 4                               2 1   4 2 2       1   
