29 29
2 0 5 0 0 0 0 0 0 0 0 0 0 0 0 0 0 0 5 0 0 0 0 0 0 0 4 5 2 
3 1 0 1 1 0 2 0 0 2 0 0 0 0 0 0 3 1 0 1 3 0 0 0 1 2 0 0 1 
0 0 0 5 5 0 3 0 3 0 0 0 0 3 1 0 0 1 0 4 5 3 0 3 3 4 0 3 1 
0 0 0 2 3 1 0 1 0 0 0 0 0 0 0 0 0 2 0 3 0 0 1 0 3 1 0 1 0 
0 0 0 1 1 0 4 2 0 0 0 0 0 1 0 0 0 0 0 0 0 0 2 2 0 2 0 1 0 
3 3 0 0 0 0 2 1 0 0 0 0 0 0 0 0 0 0 0 0 0 0 0 1 0 0 2 3 4 
1 0 0 4 0 0 0 0 6 0 0 0 0 0 0 0 5 0 0 0 0 0 3 0 7 6 0 2 2 
2 2 0 0 1 0 0 0 4 0 0 0 0 3 0 0 0 0 0 3 0 0 1 2 0 0 0 0 1 
0 0 0 3 0 3 0 0 2 0 0 2 2 2 0 0 0 0 0 0 0 0 1 0 0 0 2 4 2 
0 0 0 1 2 5 1 0 0 0 0 0 1 0 0 0 0 0 0 0 0 0 0 0 0 0 0 2 1 
4 0 5 0 0 0 0 0 0 0 0 0 0 0 0 0 6 4 0 0 0 0 3 4 0 0 1 2 1 
3 2 0 2 0 4 0 0 2 0 0 0 0 0 1 1 0 0 0 0 0 0 0 0 0 0 0 0 0 
2 1 0 3 0 5 0 0 0 0 0 0 0 0 2 0 0 0 0 0 0 0 0 0 0 0 0 0 0 
3 2 0 0 2 4 1 1 0 2 0 3 1 1 4 3 0 0 0 4 0 3 0 1 0 0 1 0 0 
2 0 5 5 0 0 0 0 0 0 0 6 0 0 2 2 0 1 0 2 0 3 0 1 0 1 0 0 0 
1 1 2 0 1 0 1 1 2 1 1 0 1 2 1 1 0 2 0 0 0 1 0 0 0 1 0 0 0 
2 0 1 3 3 0 3 2 0 0 0 3 0 3 4 2 1 5 8 0 6 0 3 3 0 4 2 0 0 
4 3 0 4 0 0 0 0 4 0 3 1 0 2 0 0 0 3 0 1 4 0 1 1 0 0 1 0 0 
0 2 0 4 0 0 0 0 0 0 0 0 0 0 0 0 0 0 5 0 0 0 0 0 6 5 3 0 2 
0 0 0 0 0 0 0 1 1 2 0 0 1 1 3 0 3 1 0 2 0 0 3 2 0 0 0 0 0 
0 2 0 0 0 0 0 0 0 0 0 0 0 0 0 1 1 2 0 1 0 0 0 0 0 2 1 0 0 
0 2 2 0 0 1 0 4 0 6 0 0 5 2 0 0 0 0 0 4 0 0 6 3 0 2 1 0 0 
0 1 1 0 0 0 0 0 1 0 0 0 0 4 6 5 6 6 0 0 0 0 0 1 3 1 2 0 0 
0 0 0 0 0 0 0 0 0 0 0 0 0 0 0 1 0 2 0 0 0 0 0 1 3 1 0 0 0 
0 0 0 0 1 0 0 3 3 4 2 1 0 2 0 2 4 1 0 0 1 0 6 0 5 0 4 0 0 
0 0 0 0 0 0 0 1 2 1 0 0 0 1 0 1 3 1 0 5 3 0 3 1 0 0 2 0 0 
0 3 0 5 0 0 0 0 0 0 0 0 3 2 0 1 3 1 0 1 1 0 0 0 0 0 0 0 0 
3 2 1 2 2 0 0 3 0 2 0 0 0 0 6 0 0 0 5 0 0 0 0 0 5 0 0 5 2 
2 0 0 0 0 0 0 0 0 3 0 0 0 0 3 1 0 0 1 0 0 0 0 0 2 0 0 2 1 
300 140
0 2 0 0
0 2 0 18
0 2 10 2
0 27 0 26
0 27 0 28
0 27 2 27
2 3 2 4
2 3 1 3
2 3 3 3
6 24 6 22
6 24 6 25
6 24 3 24
6 24 18 24
16 18 16 17
16 18 16 20
16 18 0 18
16 18 18 18
16 18 16 17
16 18 16 20
16 18 0 18
16 18 18 18
16 20 16 22
16 20 2 20
16 20 17 20
16 20 16 22
16 23 16 22
16 23 14 23
16 23 17 23
17 20 17 19
17 20 17 22
17 20 24 20
18 24 18 25
18 24 6 24
18 24 22 24
18 24 18 25
18 24 22 24
19 19 19 17
19 19 20 19
21 19 21 13
21 19 25 19
21 19 21 13
21 19 25 19
21 22 21 23
21 22 19 22
21 22 24 22
21 22 21 23
21 22 19 22
21 22 24 22
22 14 22 13
22 14 22 15
22 14 27 14
22 14 22 13
22 14 22 15
22 14 27 14
22 16 22 15
22 16 22 17
22 16 24 16
22 16 22 15
22 16 22 17
22 16 24 16
22 17 23 17
24 22 24 24
24 22 25 22
27 14 27 9
27 14 27 18
27 14 28 14
27 14 27 9
27 18 27 24
27 18 28 18
27 18 27 24
28 15 28 14
2 3 2 4
2 3 3 3
5 23 4 23
6 16 6 8
6 16 1 16
6 16 10 16
13 19 7 19
13 19 14 19
13 19 7 19
13 19 14 19
15 21 14 21
18 18 18 3
19 22 19 23
19 23 21 23
20 17 20 16
21 12 21 9
21 12 19 12
21 12 26 12
22 13 24 13
22 15 23 15
22 17 23 17
24 11 24 10
24 22 24 24
24 22 25 22
27 7 27 4
27 7 25 7
27 7 27 4
28 14 28 9
2 14 2 13
7 19 3 19
14 21 13 21
18 18 18 3
19 13 19 14
19 14 19 16
19 16 19 14
21 12 21 9
21 12 26 12
22 13 24 13
24 4 24 7
24 10 24 9
25 13 26 13
26 3 26 1
26 3 18 3
26 3 27 3
26 12 26 13
28 9 28 0
28 9 28 0
3 19 2 19
14 21 13 21
21 5 21 7
21 9 21 7
21 9 19 9
21 9 24 9
21 9 21 7
22 8 24 8
24 9 24 8
24 9 25 9
25 8 24 8
3 19 2 19
19 9 19 8
21 7 19 7
2 19 2 20
2 19 1 19
1 20 1 24
1 20 2 20
1 20 2 20
1 25 2 25
2 20 2 21
1 25 2 25

3876

2 - 5 - - - - - - - - - - - - - - - 5               4 5 2 
3 1 | 1 1   2     2             3 1 ǁ 1 3 - - - 1 2   | 1 
    | 5 5   3   3         3 1   | 1 ǁ 4 5 3   3 3 4   3 1 
    | 2 3 1   1                 | 2 ǁ 3 |   1   3 1   1   
    | 1 1   4 2           1     |   ǁ | |   2 2 | 2   1   
3 3 |       2 1                 |   ǁ | |     1 |   2 3 4 
1   | 4         6 - - - - - - - 5   ǁ | |   3 - 7 6   2 2 
2 2 |   1       4         3     |   ǁ 3 |   1 2 ǁ       1 
    | 3   3     2     2 2 2     |   ǁ ǁ |   1   ǁ   2 4 2 
    | 1 2 5 1           1       |   ǁ ǁ |       ǁ     2 1 
4   5                           6 4 ǁ ǁ |   3 4 ǁ   1 2 1 
3 2   2   4     2           1 1     ǁ ǁ |       ǁ         
2 1   3   5                 2       ǁ ǁ |       ǁ         
3 2     2 4 1 1   2   3 1 1 4 3     ǁ 4 | 3   1 ǁ   1     
2   5 5               6     2 2   1 ǁ 2 | 3   1 ǁ 1       
1 1 2   1   1 1 2 1 1   1 2 1 1   2 ǁ   | 1   | ǁ 1       
2   1 3 3   3 2       3   3 4 2 1 5 8 = 6 = 3 3 ǁ 4 2     
4 3   4         4   3 1   2       3 ǁ 1 4 - 1 1 ǁ   1     
  2   4 = = = = = = = = = = = = = = 5   |       6 5 3   2 
      |       1 1 2     1 1 3 = 3 1 - 2 |   3 2 ǁ         
  2   |       |   |     |     1 1 2   1 |   ǁ | ǁ 2 1     
  2 2 |   1 - 4 = 6 = = 5 2 = = = = = 4 |   6 3 ǁ 2 1     
  1 1 |         1 |     ǁ 4 6 5 6 6   ǁ |   ǁ 1 3 1 2     
      |         | |     ǁ ǁ ǁ 1 ǁ 2   ǁ |   ǁ 1 3 1       
      | 1 - - 3 3 4 2 1 ǁ 2 ǁ 2 4 1   ǁ 1   6 = 5   4     
      |       1 2 1     ǁ 1 ǁ 1 3 1   5 3   3 1     2     
  3 - 5       |         3 2 ǁ 1 3 1   1 1                 
3 2 1 2 2 = = 3   2 = = = = 6 - - - 5 = = = = = 5     5 2 
2 = = = = = = = = 3 - - - - 3 1     1           2     2 1 
