29 29
1 2 1 2 0 2 0 0 0 0 0 0 0 0 0 0 0 0 0 3 0 1 2 4 4 5 2 2 1 
0 0 0 1 0 0 0 0 0 0 0 0 0 0 0 0 0 0 0 0 2 1 1 0 1 3 3 0 1 
4 5 0 0 0 0 0 0 0 0 0 0 0 0 0 0 0 0 0 2 3 0 0 5 4 0 4 0 0 
2 0 2 1 1 3 0 3 0 0 0 2 1 2 0 4 0 4 0 0 5 2 1 0 4 1 0 0 0 
1 0 0 0 0 2 1 0 0 1 0 0 0 3 1 4 2 0 1 0 3 3 2 0 2 0 2 2 2 
0 0 2 0 0 0 0 5 0 0 0 0 0 0 0 0 0 4 0 0 0 0 0 5 1 2 4 0 0 
2 0 2 2 0 0 0 0 2 3 6 0 0 0 2 1 0 0 0 2 1 2 1 0 3 0 3 0 0 
0 0 1 0 0 0 0 0 3 3 6 0 0 4 0 3 1 0 0 0 2 0 0 0 0 3 0 5 5 
0 0 0 2 0 0 0 3 1 0 2 0 0 3 0 1 0 0 0 0 0 0 0 0 0 3 1 0 0 
0 0 2 5 0 0 0 0 0 5 0 0 0 0 0 0 0 4 0 6 7 6 3 0 0 3 0 0 0 
0 0 1 2 0 0 0 0 0 0 0 0 0 0 0 0 0 1 0 0 3 1 0 0 0 4 3 0 2 
0 0 2 0 0 0 0 0 0 5 0 0 0 0 0 0 0 2 0 1 1 1 1 0 0 1 0 0 0 
0 0 2 0 0 0 0 0 0 4 0 0 0 0 0 0 0 3 0 0 0 3 1 0 0 0 0 0 0 
3 5 0 0 0 0 0 0 0 0 0 0 0 0 0 0 0 0 0 0 0 0 0 4 6 0 4 0 1 
2 0 1 0 3 0 0 3 3 0 0 0 2 2 4 1 1 0 0 2 0 0 0 0 0 1 1 0 0 
0 0 1 0 1 0 0 0 0 2 0 0 5 0 6 4 0 0 0 4 2 0 0 0 0 3 1 0 0 
0 0 3 0 0 0 0 4 0 1 0 0 3 1 2 2 1 0 0 0 3 3 0 0 0 0 2 0 2 
1 0 3 2 1 0 0 0 5 0 0 0 0 0 0 0 0 0 0 5 0 2 2 0 3 5 4 0 0 
1 0 1 2 2 0 0 0 0 2 0 0 0 5 0 0 0 2 0 1 1 3 0 0 3 3 2 0 0 
3 4 0 0 0 0 0 4 4 2 4 0 0 7 0 0 0 0 0 0 0 5 3 0 2 1 1 0 0 
0 2 1 1 0 0 0 3 4 3 3 2 1 0 2 0 5 0 0 0 0 0 0 4 0 0 0 5 4 
3 0 0 0 0 0 0 0 0 0 0 0 0 5 2 1 4 2 1 2 1 2 1 0 1 2 1 0 0 
3 0 0 0 0 0 0 0 0 0 0 0 0 0 0 0 0 0 0 5 3 4 3 0 2 4 3 0 0 
0 0 0 0 0 1 0 0 0 0 0 0 0 0 2 0 2 1 0 0 4 3 0 0 2 0 1 0 3 
4 0 0 0 0 0 0 0 0 0 0 0 0 0 0 0 3 0 0 0 0 0 0 0 1 0 0 0 1 
0 3 0 0 0 3 0 0 0 0 0 0 0 0 0 0 3 4 0 4 6 5 2 0 0 0 0 0 1 
3 2 0 0 0 0 2 0 0 0 0 4 0 0 0 1 1 3 1 1 2 2 0 0 0 0 0 0 0 
1 2 0 0 0 5 3 0 0 0 0 5 0 0 0 0 0 0 0 0 0 0 0 4 0 3 1 6 3 
1 0 2 0 0 3 3 0 0 2 0 2 0 0 0 0 1 0 0 0 0 0 0 2 1 1 2 5 2 
300 34
0 25 0 24
0 25 0 26
0 25 1 25
6 10 6 9
6 10 6 14
6 10 7 10
6 10 6 9
6 10 6 14
6 10 7 10
7 10 7 9
7 10 7 13
7 10 8 10
7 10 7 9
7 13 7 15
7 13 8 13
7 13 7 15
7 28 7 27
7 28 4 28
7 28 10 28
9 20 9 19
9 20 9 21
9 20 7 20
9 20 10 20
19 13 19 10
19 13 19 21
19 13 18 13
19 13 21 13
20 12 20 11
20 16 20 14
20 16 20 23
20 16 21 16
28 27 28 26
28 27 28 28
28 27 27 27

1994

1 2 1 2   2                           3   1 2 4 4 5 2 2 1 
      1                                 2 1 1   1 3 3   1 
4 5                                   2 3     5 4   4     
2   2 1 1 3   3       2 1 2   4   4     5 2 1   4 1       
1         2 1     1       3 1 4 2   1   3 3 2   2   2 2 2 
    2         5                   4           5 1 2 4   | 
2   2 2         2 3 6 = = = 2 1       2 1 2 1   3   3   | 
    1           3 3 6 - - 4 = 3 1       2         3   5 5 
      2       3 1   2     3   1         |         3 1   | 
    2 5           5               4   6 7 6 3     3     | 
    1 2                           1     3 1       4 3   2 
    2             5               2   1 1 1 1     1       
    2             4               3       3 1             
3 5                                           4 6   4   1 
2   1   3     3 3       2 2 4 1 1     2           1 1     
    1   1         2     5   6 4       4 2         3 1     
    3         4   1     3 1 2 2 1       3 3         2   2 
1   3 2 1       5                     5   2 2   3 5 4     
1   1 2 2         2       5       2   1 1 3     3 3 2     
3 4           4 4 2 4 - - 7 - - - - - - - 5 3   2 1 1     
  2 1 1       3 4 3 3 2 1 | 2 - 5 - - - - - - 4       5 4 
3                         5 2 1 4 2 1 2 1 2 1   1 2 1     
3                                     5 3 4 3   2 4 3     
          1                 2   2 1     4 3     2   1   3 
4                               3               1       1 
  3       3                     3 4   4 6 5 2           1 
3 2         2         4       1 1 3 1 1 2 2               
1 2       5 3         5                       4   3 1 6 3 
1   2     3 3     2   2         1             2 1 1 2 5 2 
