29 29
2 0 0 4 4 0 0 0 0 0 5 0 0 0 0 0 0 0 0 0 0 0 0 0 0 3 2 3 4 
4 3 1 0 4 0 2 2 0 0 5 0 0 0 0 0 0 0 0 0 0 3 4 4 2 0 0 0 2 
6 0 0 8 0 0 0 0 0 0 5 0 0 0 0 0 0 0 0 0 0 0 0 0 0 8 8 7 4 
0 2 3 0 3 4 3 2 4 2 0 3 0 4 1 2 3 0 1 2 0 3 0 3 1 0 0 0 0 
0 1 0 0 0 3 0 0 6 2 0 2 1 0 0 0 6 0 0 0 0 0 0 8 3 0 0 0 0 
0 2 0 0 4 0 0 0 0 0 6 0 0 4 4 4 2 2 6 0 4 4 2 0 2 0 0 0 0 
0 0 0 0 0 4 0 6 0 0 8 0 0 0 0 0 0 0 7 0 1 2 0 6 0 0 0 0 0 
0 0 0 0 0 5 3 4 4 2 0 2 0 4 2 0 4 0 0 1 2 0 4 0 4 0 0 0 0 
0 0 0 0 0 3 3 2 4 5 0 2 0 0 0 0 0 0 0 3 0 4 0 0 0 0 0 0 0 
0 0 0 0 0 2 2 0 2 1 0 0 0 0 2 0 6 0 7 0 0 5 5 0 0 0 0 0 0 
0 0 0 0 5 0 0 8 6 2 0 5 0 7 0 0 0 0 6 2 0 0 4 0 0 0 0 0 0 
0 6 5 0 0 2 0 7 4 4 0 5 3 4 5 2 4 0 6 0 0 3 4 0 0 0 0 0 0 
0 2 0 0 6 3 1 2 1 2 0 2 1 1 2 1 2 2 6 0 0 2 2 0 0 0 0 0 0 
0 4 5 0 0 3 0 0 0 0 6 0 0 0 0 0 0 0 0 0 0 0 0 5 3 0 0 0 0 
0 0 0 0 0 0 3 4 1 3 5 0 0 0 0 0 0 0 0 0 0 5 0 4 2 0 0 0 0 
0 0 2 0 0 0 3 0 0 2 4 0 0 4 0 0 0 0 0 4 2 4 2 3 3 0 0 0 0 
0 0 2 0 0 0 2 0 4 0 0 0 0 0 0 0 0 0 0 0 0 0 0 0 0 5 0 0 4 
6 6 3 0 0 0 2 0 4 0 0 0 0 0 0 0 0 0 2 0 0 0 0 0 0 0 0 0 2 
0 3 4 0 0 4 3 5 0 0 0 0 0 0 0 0 0 0 0 0 0 0 0 0 0 5 2 0 2 
3 2 3 0 4 3 3 5 4 3 0 0 5 0 6 0 0 0 0 0 6 4 4 2 1 0 2 0 4 
1 0 1 0 2 2 4 2 2 3 1 1 5 2 4 0 0 0 2 0 0 2 0 2 0 0 0 0 0 
1 3 0 5 0 0 0 0 0 0 0 0 0 0 0 0 0 0 0 0 5 0 6 6 3 0 4 6 6 
4 0 0 5 0 0 0 0 0 0 2 2 3 0 0 0 0 0 0 0 0 0 0 0 0 6 3 4 0 
0 2 0 7 0 0 0 0 0 0 0 4 3 1 2 0 0 0 0 0 0 0 0 0 0 7 2 3 0 
0 2 0 6 0 0 0 0 0 0 0 0 0 0 0 4 4 0 0 0 0 5 4 4 2 0 2 0 0 
6 0 0 0 0 0 0 0 0 0 0 0 0 0 0 6 0 0 4 2 1 2 2 2 0 0 4 0 0 
6 4 4 2 2 4 0 0 0 0 0 0 0 0 0 5 1 2 6 5 1 2 0 0 0 0 0 0 2 
5 0 0 0 0 0 0 0 0 0 0 0 0 0 0 0 0 0 0 0 0 8 4 4 0 3 6 7 4 
3 2 1 0 0 0 0 0 0 0 0 0 0 3 0 0 0 0 0 0 0 5 0 0 0 2 3 2 2 
300 454
0 10 0 4
0 10 0 25
0 10 1 10
0 28 0 27
0 28 1 28
0 28 0 27
0 28 1 28
2 0 2 3
2 0 1 0
2 0 17 0
2 0 2 3
2 0 1 0
2 0 17 0
2 3 2 10
2 3 0 3
2 3 21 3
2 25 2 10
2 25 2 26
2 25 0 25
2 25 16 25
2 25 2 10
2 25 2 26
2 25 0 25
2 25 16 25
2 26 2 27
2 26 0 26
2 26 18 26
2 28 2 27
2 28 16 28
2 28 2 27
2 28 16 28
4 23 4 16
4 23 4 24
4 23 3 23
4 23 6 23
4 23 4 16
4 23 4 24
4 23 3 23
4 23 6 23
5 18 5 17
5 18 5 20
5 18 6 18
5 18 5 17
5 18 5 20
5 18 6 18
5 20 5 21
5 20 6 20
5 21 5 22
5 21 6 21
5 21 5 22
6 10 6 7
6 10 6 18
6 10 5 10
6 10 13 10
6 10 6 7
6 10 6 18
6 10 5 10
6 10 13 10
6 18 9 18
6 23 6 21
6 23 13 23
6 23 13 23
7 5 7 6
7 5 6 5
7 5 8 5
7 16 7 14
7 16 9 16
7 16 7 14
7 16 9 16
7 22 7 20
7 22 9 22
7 22 7 20
7 22 9 22
7 24 5 24
7 24 13 24
7 24 5 24
7 24 13 24
8 9 8 8
8 9 7 9
8 9 9 9
8 21 8 19
8 21 9 21
8 21 8 19
8 21 9 21
9 16 9 14
9 16 9 18
9 16 11 16
9 16 9 14
9 18 9 21
9 18 6 18
9 18 10 18
10 4 10 7
10 4 5 4
10 4 12 4
10 7 10 4
10 7 10 8
10 7 8 7
10 7 11 7
10 11 10 13
10 11 8 11
10 11 11 11
10 13 10 11
10 13 7 13
10 13 11 13
10 13 7 13
10 13 11 13
10 13 11 13
10 18 10 19
10 18 9 18
10 18 11 18
10 18 10 19
10 18 9 18
10 22 9 22
10 22 11 22
10 22 9 22
10 22 11 22
11 1 11 2
11 1 5 1
11 1 12 1
11 1 11 2
11 1 5 1
11 1 12 1
11 14 11 13
11 14 11 15
11 14 12 14
11 18 11 16
11 18 11 21
11 18 12 18
11 18 11 16
11 18 11 21
11 22 11 21
11 22 12 22
12 4 12 5
12 4 10 4
12 4 19 4
12 4 12 5
12 4 19 4
12 18 12 17
12 18 12 21
12 18 17 18
12 18 12 17
12 18 12 21
12 22 15 22
13 1 13 2
13 1 17 1
13 1 13 2
13 1 17 1
13 10 13 5
13 10 14 10
13 10 13 5
13 10 14 10
14 21 15 21
15 19 15 20
15 19 25 19
15 19 15 20
15 19 25 19
16 25 18 25
16 28 17 28
17 0 17 1
17 0 19 0
17 1 17 0
17 1 17 2
17 1 18 1
18 7 18 6
18 7 14 7
18 7 19 7
19 4 19 5
19 4 20 4
19 14 19 12
19 14 12 14
19 14 20 14
19 14 19 12
19 14 20 14
19 14 20 14
19 20 19 21
19 20 21 20
19 20 19 21
19 20 21 20
19 20 19 21
19 20 19 21
21 28 21 27
21 28 19 28
21 28 26 28
21 28 21 27
21 28 19 28
21 28 26 28
22 25 22 26
22 25 18 25
22 25 23 25
22 25 22 26
22 25 18 25
22 25 23 25
23 3 23 1
23 3 23 11
23 3 22 3
23 3 24 3
23 14 23 13
23 14 20 14
24 21 24 22
24 21 20 21
24 21 25 21
25 0 25 15
25 0 22 0
25 0 26 0
25 0 25 15
25 0 22 0
25 0 26 0
25 15 25 18
25 15 24 15
25 15 26 15
25 15 25 18
25 18 20 18
25 18 26 18
26 0 26 1
26 0 27 0
26 5 26 4
26 5 26 15
26 5 26 4
26 5 26 15
26 15 26 16
26 17 26 18
26 17 26 18
26 18 26 19
26 19 26 18
26 19 26 20
26 19 26 18
27 21 27 0
27 21 27 22
27 21 26 21
27 21 28 21
27 21 27 0
27 21 27 22
27 21 26 21
27 21 28 21
27 22 27 23
27 22 25 22
27 23 27 25
27 23 25 23
27 23 27 25
27 27 27 26
27 27 27 28
27 27 23 27
27 27 28 27
27 28 27 27
27 28 28 28
27 28 27 27
28 13 28 2
28 13 28 21
28 13 28 21
28 21 28 25
28 28 28 27
0 10 0 4
0 10 1 10
1 0 1 1
1 0 0 0
1 1 1 2
1 4 1 6
1 4 0 4
1 4 1 6
1 4 0 4
1 7 1 10
1 22 1 21
1 22 1 23
1 22 1 21
1 22 1 23
1 23 1 24
1 24 1 23
2 3 2 10
2 3 0 3
2 3 21 3
2 26 2 27
2 26 0 26
2 26 18 26
4 1 3 1
4 8 4 5
4 8 4 9
4 8 3 8
4 8 4 5
4 8 4 9
4 8 3 8
4 16 4 12
4 16 3 16
4 16 5 16
4 16 3 16
4 24 3 24
5 4 5 10
5 4 3 4
5 4 5 10
5 13 5 10
5 13 5 14
5 13 5 10
5 13 5 14
5 14 5 15
5 15 5 14
5 15 5 16
6 5 6 7
6 5 7 5
6 5 6 7
6 7 7 7
7 13 7 11
7 19 8 19
9 21 9 22
10 7 10 8
10 7 8 7
10 7 11 7
10 8 10 9
10 8 9 8
10 8 11 8
10 8 10 9
11 7 11 5
11 7 11 8
11 7 12 7
11 9 11 8
11 9 12 9
11 9 11 8
11 9 12 9
11 14 11 15
11 16 12 16
12 8 12 7
14 21 15 21
15 13 15 10
15 13 12 13
15 13 15 10
15 21 15 22
15 21 14 21
16 8 14 8
16 8 17 8
16 8 17 8
16 8 17 8
16 25 18 25
16 28 17 28
17 0 19 0
17 8 19 8
17 18 20 18
18 28 19 28
18 28 19 28
19 22 19 23
19 22 21 22
19 22 19 23
19 22 21 22
19 26 21 26
20 4 20 5
20 13 20 12
20 21 24 21
20 23 21 23
21 20 25 20
21 22 21 23
21 22 24 22
21 22 21 23
21 22 24 22
21 23 21 24
21 23 20 23
21 23 24 23
21 27 21 26
21 27 2 27
21 27 22 27
21 27 21 26
22 0 22 3
22 0 21 0
22 27 22 26
22 27 23 27
22 27 23 27
24 3 24 1
24 3 24 15
24 3 23 3
24 3 24 1
24 3 24 15
24 15 24 16
24 16 12 16
26 0 26 1
26 0 27 0
26 1 26 2
26 2 26 1
26 2 26 3
26 2 26 3
27 0 28 0
27 27 27 26
28 0 28 1
28 0 28 1
0 0 0 3
0 27 2 27
1 7 1 10
1 21 1 10
3 1 3 2
3 2 11 2
3 4 3 5
3 8 3 7
3 8 3 9
3 9 3 11
3 13 3 11
3 13 3 14
3 13 3 11
3 15 3 16
3 18 3 19
3 19 3 21
3 21 3 23
4 5 3 5
6 7 7 7
7 7 7 6
7 7 7 8
7 8 7 9
7 8 8 8
7 8 8 8
7 13 7 11
8 8 8 9
8 11 10 11
11 7 11 5
11 11 11 12
11 11 12 11
11 11 11 12
11 11 12 11
11 12 12 12
12 6 12 5
13 5 18 5
14 7 14 6
14 7 18 7
14 7 14 6
18 5 18 6
18 5 19 5
18 5 18 6
18 7 19 7
19 26 21 26
20 13 20 12
23 1 23 3
27 26 27 25
27 26 25 26
27 26 28 26
27 26 25 26
28 25 28 26
3 2 11 2
3 4 3 5
3 5 3 6
3 6 3 7
11 2 13 2
13 2 15 2
14 6 15 6
15 6 16 6
17 6 16 6
23 25 23 26
25 26 25 23
25 26 24 26
13 2 15 2
16 2 17 2
23 25 23 26
24 23 24 22
24 23 24 24
24 23 24 24
25 22 25 21
16 2 17 2
18 2 18 1
18 2 19 2
18 2 18 1
18 2 19 2
21 24 19 24

2929

2 - - 4 4 = = = = = 5 - - - - - - - - - - - - - - 3 2 3 4 
4 3 1 ǁ 4 = 2 2 = = 5 - - - - - - - - - - 3 4 4 2 ǁ ǁ | 2 
6 = = 8 = = = = = = 5 = = = = = = = = = = = = = = 8 8 7 4 
ǁ 2 3 ǁ 3 4 3 2 4 2 - 3 = 4 1 2 3   1 2 - 3 - 3 1 ǁ ǁ | ǁ 
ǁ 1 ǁ ǁ | 3 = = 6 2   2 1 - - - 6 = = = = = = 8 3 ǁ ǁ | ǁ 
ǁ 2 ǁ ǁ 4 = = = = = 6 = = 4 4 4 2 2 6 = 4 4 2 ǁ 2 ǁ ǁ | ǁ 
ǁ ǁ ǁ ǁ | 4 = 6 = = 8 = = = = = = = 7   1 2 - 6 ǁ ǁ ǁ | ǁ 
ǁ ǁ ǁ ǁ | 5 3 4 4 2 ǁ 2 = 4 2 = 4   ǁ 1 2 = 4 ǁ 4 ǁ ǁ | ǁ 
ǁ ǁ ǁ ǁ | 3 3 2 4 5 ǁ 2   ǁ     ǁ   ǁ 3 = 4 ǁ ǁ ǁ ǁ ǁ | ǁ 
ǁ ǁ ǁ ǁ | 2 2 ǁ 2 1 ǁ ǁ   ǁ 2 = 6 - 7 - - 5 5 ǁ ǁ ǁ ǁ | ǁ 
ǁ ǁ ǁ ǁ 5 = = 8 6 2 ǁ 5 = 7     |   6 2     4 ǁ ǁ ǁ ǁ | ǁ 
ǁ 6 5 ǁ ǁ 2 = 7 4 4 ǁ 5 3 4 5 2 4 = 6 = = 3 4 ǁ ǁ ǁ ǁ | ǁ 
ǁ 2 | ǁ 6 3 1 2 1 2 ǁ 2 1 1 2 1 2 2 6 = = 2 2 ǁ ǁ ǁ ǁ | ǁ 
ǁ 4 5 ǁ ǁ 3 = = = = 6     | |   |   |       | 5 3 ǁ ǁ | ǁ 
ǁ ǁ ǁ ǁ ǁ | 3 4 1 3 5     | |   |   |     5 | 4 2 ǁ ǁ | ǁ 
ǁ ǁ 2 ǁ ǁ | 3 ǁ | 2 4 = = 4 |   |   | 4 2 4 2 3 3 ǁ ǁ | ǁ 
ǁ ǁ 2 ǁ ǁ | 2 ǁ 4           |   |   | ǁ           5 ǁ | 4 
6 6 3 ǁ ǁ | 2 ǁ 4           |   |   2 ǁ           ǁ ǁ | 2 
ǁ 3 4 ǁ ǁ 4 3 5 |           |   |   | ǁ           5 2 | 2 
3 2 3 ǁ 4 3 3 5 4 3     5 = 6   |   | ǁ 6 4 4 2 1 ǁ 2 | 4 
1   1 ǁ 2 2 4 2 2 3 1 1 5 2 4   |   2 ǁ ǁ 2 ǁ 2 | ǁ ǁ | ǁ 
1 3   5                     |   |   | ǁ 5 ǁ 6 6 3 ǁ 4 6 6 
4 - - 5             2 2 3   |   |   | ǁ | ǁ ǁ |   6 3 4 ǁ 
ǁ 2 = 7 - - - - - - - 4 3 1 2   |   | ǁ | ǁ ǁ |   7 2 3 ǁ 
ǁ 2 = 6 = = = = = = = = = = = 4 4   | ǁ | 5 4 4 2   2 | ǁ 
6 = = = = = = = = = = = = = = 6 = = 4 2 1 2 2 2 - - 4 | ǁ 
6 4 4 2 2 4 = = = = = = = = = 5 1 2 6 5 1 2 | |     ǁ | 2 
5 = = = = = = = = = = = = = = = = = = = = 8 4 4 = 3 6 7 4 
3 2 1 - - - - - - - - - - 3 = = = = = = = 5 - - - 2 3 2 2 
