29 29
3 3 0 0 0 0 3 0 0 0 0 0 3 2 0 1 0 0 0 0 0 0 0 0 0 2 1 3 2 
0 5 2 1 0 0 0 1 0 0 0 0 0 0 0 3 0 3 0 3 0 5 0 5 0 5 4 0 2 
4 6 3 0 0 0 0 0 0 0 1 0 0 0 0 2 0 0 0 0 0 2 1 0 2 0 0 0 0 
0 3 6 6 0 0 6 0 0 0 0 0 0 0 0 0 0 4 0 0 0 0 2 0 0 0 0 0 0 
1 0 4 5 4 2 0 0 3 5 3 0 0 0 0 0 0 0 2 5 0 0 4 0 3 0 2 0 2 
0 0 0 0 3 1 0 0 0 0 0 0 1 0 0 0 0 0 2 5 2 3 0 0 0 0 1 0 0 
2 3 0 5 2 0 0 0 0 0 0 0 0 0 0 0 0 0 0 0 0 2 0 3 4 0 0 0 0 
1 0 0 0 0 0 0 0 0 2 0 0 0 0 0 1 0 3 0 0 0 0 7 2 4 0 0 0 0 
3 0 0 5 0 0 5 0 4 2 0 2 6 0 0 2 0 0 0 0 0 0 5 4 3 0 0 0 0 
4 0 0 4 1 0 0 2 5 2 0 0 3 0 2 0 0 0 0 0 0 0 4 4 0 0 0 0 0 
4 0 0 0 0 0 5 0 0 0 6 0 0 0 0 0 0 0 0 0 0 0 0 0 0 6 0 6 2 
0 3 4 0 2 1 0 1 4 1 0 1 0 0 2 2 0 6 3 0 4 0 0 6 2 0 3 5 0 
0 0 1 1 4 0 0 2 5 0 5 0 0 0 3 0 0 4 3 2 0 0 2 6 2 0 0 0 0 
4 6 0 0 6 5 0 0 0 2 6 0 0 0 0 0 0 0 0 0 5 0 5 4 0 0 0 0 0 
1 6 0 0 3 3 0 3 2 2 6 0 0 0 0 0 0 0 0 0 4 3 0 0 0 4 0 0 1 
1 2 0 0 0 0 0 3 0 0 5 0 0 0 0 0 0 0 0 0 0 0 3 2 0 4 0 0 0 
4 0 0 0 0 0 6 0 0 0 0 0 0 0 0 0 0 0 0 0 0 4 5 3 1 0 0 2 0 
0 2 0 3 0 0 3 0 0 3 2 2 0 3 0 3 0 6 3 4 1 0 2 0 0 0 0 0 0 
0 0 0 3 1 2 4 0 0 0 0 0 0 5 0 0 0 5 2 4 0 7 0 0 0 5 0 0 0 
4 4 0 0 0 0 4 0 2 0 1 0 0 0 3 4 1 0 3 0 0 0 3 2 0 0 0 0 0 
0 0 1 4 2 2 4 0 5 0 7 3 0 0 0 0 0 0 0 0 1 6 6 4 1 0 0 3 4 
0 3 0 4 0 0 0 0 5 1 0 5 2 0 0 0 0 0 0 0 2 2 3 4 0 4 0 3 0 
0 4 2 3 3 1 0 2 4 1 0 0 1 0 0 0 0 0 0 0 0 0 1 3 0 0 0 2 0 
0 0 4 0 0 0 0 6 6 4 6 6 3 0 6 8 0 6 5 4 7 0 0 3 0 0 0 0 0 
0 3 3 0 0 0 0 0 5 2 1 1 0 0 4 5 1 4 2 3 2 4 5 0 0 5 0 0 0 
0 1 0 0 0 0 0 0 0 0 0 0 0 0 0 2 0 6 2 3 0 6 6 0 0 4 0 0 0 
5 0 0 0 0 0 0 0 0 0 0 0 0 6 0 0 0 0 0 0 0 0 0 0 0 0 5 5 4 
3 0 2 1 1 0 3 0 0 0 0 0 0 4 0 2 0 3 2 2 0 0 0 0 0 0 4 4 3 
1 1 2 0 2 0 0 0 0 0 0 0 0 0 0 0 0 0 0 0 0 0 0 0 0 0 3 5 4 
300 164
1 1 1 2
1 1 0 1
1 1 2 1
1 21 1 19
1 21 1 23
1 21 2 21
4 9 4 8
4 9 4 10
4 9 7 9
7 22 7 17
7 22 7 23
7 22 4 22
7 22 8 22
11 27 11 26
11 27 10 27
11 27 16 27
18 21 18 19
18 21 18 25
18 21 16 21
18 21 20 21
20 10 20 8
20 10 20 11
20 10 19 10
20 10 23 10
21 11 21 12
21 11 20 11
21 11 23 11
23 7 23 2
23 7 23 8
23 7 22 7
23 7 23 2
23 7 23 8
23 7 22 7
23 8 23 9
23 8 22 8
23 8 24 8
23 8 23 9
23 15 23 14
23 15 23 17
23 15 19 15
23 15 24 15
23 15 23 14
23 15 23 17
23 15 19 15
23 15 24 15
23 17 23 18
23 17 18 17
23 17 24 17
23 17 23 18
23 20 23 19
23 20 23 23
23 20 21 20
23 20 24 20
24 8 24 2
24 8 24 9
24 22 24 21
24 22 24 25
24 22 25 22
25 21 25 19
25 21 25 22
25 21 24 21
25 21 25 19
25 21 25 22
25 21 24 21
25 22 25 25
25 22 24 22
25 25 25 22
25 25 24 25
25 25 24 25
26 0 26 13
26 0 19 0
26 0 27 0
28 27 28 26
28 27 28 28
28 27 27 27
28 28 28 27
28 28 27 28
28 28 28 27
5 19 5 18
5 19 5 20
5 19 4 19
6 21 5 21
17 22 16 22
19 16 19 15
20 10 20 8
20 10 20 11
20 10 23 10
22 8 22 9
22 8 21 8
22 8 21 8
23 2 22 2
23 2 24 2
23 9 23 10
23 9 24 9
23 10 23 11
23 10 24 10
23 10 23 11
23 11 23 12
23 11 21 11
23 11 24 11
23 14 23 12
23 14 19 14
23 14 24 14
23 14 23 12
24 8 24 2
24 14 24 15
24 21 24 20
24 22 24 25
24 25 21 25
26 13 26 0
26 13 26 26
26 13 27 13
26 13 26 26
26 13 27 13
27 13 27 6
27 13 27 15
27 15 27 17
27 17 27 18
6 21 5 21
17 22 16 22
18 13 18 6
18 13 18 17
18 13 17 13
19 14 19 15
21 9 21 8
21 11 21 12
23 20 23 19
23 20 23 23
23 20 21 20
23 23 22 23
24 1 22 1
24 1 25 1
24 1 22 1
24 14 24 15
25 17 25 15
25 17 25 18
25 17 24 17
25 17 25 15
25 17 25 18
25 17 24 17
25 19 24 19
27 6 27 4
27 17 27 18
27 19 27 26
20 20 20 21
20 21 20 22
20 21 18 21
20 21 21 21
20 21 20 22
20 22 20 23
20 22 19 22
20 22 21 22
20 22 20 23
21 21 21 22
22 1 22 2
22 1 21 1
24 14 24 15
24 16 24 17
27 3 27 2
27 19 27 26
19 22 19 23
19 22 19 23
20 23 20 24
20 23 21 23

3972

3 3         3           3 2   1                   2 1 3 2 
  5 2 1       1               3   3   3 - 5 - 5   5 4   2 
4 6 3               1         2           2 1   2         
  3 6 6     6                     4         2             
1   4 5 4 2     3 5 3               2 5     4   3   2   2 
        3 1       |     1           2 5 2 3 |       1     
2 3   5 2         |                       2 | 3 4         
1                 2           1   3 - - - - 7 2 4         
3     5     5   4 2   2 6     2             5 4 3         
4     4 1     2 5 2     3   2               4 4           
4           5       6                             6   6 2 
  3 4   2 1   1 4 1   1     2 2   6 3   4     6 2   3 5   
    1 1 4     2 5   5       3     4 3 2     2 6 2     |   
4 6     6 5       2 6                   5   5 4       |   
1 6     3 3   3 2 2 6                   4 3       4   | 1 
1 2           3     5                       3 2   4   |   
4           6                             4 5 3 1     2   
  2   3     3     3 2 2   3   3   6 3 4 1 | 2             
      3 1 2 4 - - - - - - 5 - - - 5 2 4 - 7 - - - 5       
4 4         4   2   1       3 4 1 | 3     ǁ 3 2           
|   1 4 2 2 4   5 = 7 3     | ǁ   |     1 6 6 4 1     3 4 
| 3   4         5 1 ǁ 5 2   | ǁ   |     2 2 3 4   4   3   
| 4 2 3 3 1   2 4 1 ǁ ǁ 1   | ǁ   |     ǁ   1 3   |   2   
| ǁ 4 = = = = 6 6 4 6 6 3 = 6 8 = 6 5 4 7 = = 3   |       
| 3 3 = = = = = 5 2 1 1     4 5 1 4 2 3 2 4 5 = = 5       
| 1                           2 = 6 2 3 = 6 6 = = 4       
5 = = = = = = = = = = = = 6 = = = = = = = = = = = = 5 5 4 
3   2 1 1 - 3 - - - - - - 4 - 2 - 3 2 2 = = = = = = 4 4 3 
1 1 2   2                                           3 5 4 
