29 29
2 0 0 0 3 0 0 0 0 0 4 0 0 0 0 0 0 0 0 0 0 0 0 0 0 0 5 5 3 
0 0 1 0 0 3 0 0 0 0 0 0 4 0 0 6 0 0 0 0 0 3 1 0 0 0 0 3 5 
0 0 0 0 0 0 0 0 0 0 0 2 3 0 0 4 0 1 1 0 0 0 4 2 0 0 0 3 4 
0 0 0 0 0 0 0 0 0 0 0 0 0 0 0 0 0 0 0 2 0 4 0 0 0 0 0 2 2 
0 0 0 0 0 0 0 0 0 0 0 4 0 0 0 5 0 4 3 0 0 0 0 0 0 0 0 2 3 
0 0 0 0 0 0 0 0 0 0 0 0 0 0 0 0 0 0 4 3 1 0 0 0 0 0 0 0 0 
0 0 2 0 0 0 0 0 0 0 0 0 2 2 0 5 0 0 0 2 2 0 0 0 0 0 0 3 0 
0 0 0 0 0 0 0 0 0 0 0 0 0 0 0 3 1 0 0 0 0 0 0 0 0 0 0 0 0 
0 0 0 0 0 0 0 0 0 0 0 0 0 0 0 1 1 0 0 0 0 0 0 0 0 0 0 0 0 
0 0 5 0 0 8 0 0 0 0 7 0 4 0 0 0 0 0 5 5 4 0 3 0 0 0 7 6 3 
0 0 3 4 2 3 1 0 0 0 5 0 0 0 0 4 3 0 1 0 0 0 4 4 4 1 0 1 3 
3 0 0 0 0 3 0 0 0 0 3 4 4 0 0 3 1 0 0 0 3 0 3 2 5 3 0 2 5 
4 0 4 0 0 0 0 0 0 0 0 0 0 0 0 0 0 6 0 4 3 0 3 2 0 0 0 2 5 
4 0 0 0 0 0 4 0 0 0 0 0 0 0 4 3 0 0 4 5 4 0 4 0 6 0 0 2 4 
0 0 2 0 1 0 0 0 2 0 0 1 2 0 5 2 0 0 3 2 2 0 1 2 0 0 0 3 0 
0 3 6 0 0 0 8 0 7 2 0 2 0 0 5 0 0 8 0 0 0 8 0 5 0 0 0 3 0 
0 5 4 1 0 0 5 0 3 0 1 0 2 0 4 3 1 4 0 3 1 0 2 4 6 3 0 0 0 
3 5 0 0 0 0 0 0 0 0 0 0 0 0 0 0 0 0 0 0 0 7 6 7 5 0 0 2 0 
3 0 4 0 0 0 0 0 0 0 0 0 0 0 3 1 0 5 3 1 1 0 0 2 0 3 0 0 0 
0 1 0 2 3 0 0 0 0 0 0 0 0 0 6 0 0 7 5 6 5 0 3 1 0 0 0 3 0 
2 0 0 2 0 1 0 5 5 6 0 4 2 0 0 2 2 0 3 0 4 0 6 3 0 0 0 0 0 
1 0 0 0 0 0 0 0 2 5 0 2 3 2 0 0 1 0 0 0 3 0 4 1 0 0 0 0 2 
0 0 0 3 5 0 0 5 1 0 0 2 0 3 0 3 0 7 4 0 0 0 4 0 5 4 0 0 0 
3 0 0 2 4 0 0 4 0 5 0 3 2 0 0 1 2 7 2 0 0 0 4 0 5 5 0 0 0 
0 0 4 0 4 1 1 4 5 7 0 4 3 3 0 4 0 4 1 3 3 0 3 1 1 3 0 0 0 
0 0 1 1 4 0 0 4 3 2 0 2 3 2 0 4 0 2 2 4 2 0 1 1 0 2 0 0 0 
4 5 0 0 0 0 0 0 0 0 0 0 0 0 5 0 0 0 0 0 0 6 0 0 0 0 6 6 0 
2 3 0 0 3 4 1 0 0 2 3 5 0 0 6 5 0 0 0 0 0 6 0 0 0 0 3 4 4 
2 4 0 0 0 6 0 0 0 3 1 3 2 1 2 2 1 0 0 0 0 5 0 2 1 0 3 1 1 
300 287
0 26 0 10
0 26 0 27
0 26 9 26
1 15 1 12
1 15 1 21
1 15 2 15
1 15 1 12
1 15 1 21
1 15 2 15
1 28 1 27
1 28 0 28
1 28 2 28
9 2 9 5
9 2 6 2
9 2 10 2
9 5 9 2
9 5 9 10
9 5 1 5
9 5 10 5
11 28 11 27
11 28 10 28
11 28 12 28
15 6 15 2
15 6 15 8
15 6 13 6
15 6 16 6
15 6 15 2
15 6 15 8
15 6 13 6
15 6 16 6
15 8 15 9
15 8 14 8
15 8 16 8
15 17 15 14
15 17 15 21
15 17 12 17
15 17 16 17
15 17 15 14
15 17 15 21
15 17 12 17
15 17 16 17
15 21 15 23
15 21 3 21
15 21 17 21
16 1 16 2
16 1 15 1
16 1 17 1
17 23 17 22
17 23 17 24
17 23 16 23
17 23 18 23
19 17 19 14
19 17 19 18
19 17 18 17
19 17 22 17
20 7 20 5
20 7 20 8
20 7 22 7
23 17 23 16
23 17 23 18
23 17 22 17
23 17 24 17
23 25 23 24
23 25 22 25
23 25 24 25
24 9 24 8
24 9 24 11
24 9 23 9
24 9 25 9
26 27 26 26
26 27 19 27
26 27 27 27
26 27 26 26
26 27 19 27
26 27 27 27
28 5 28 1
28 5 28 9
28 5 27 5
28 5 28 1
28 5 28 9
28 5 27 5
28 21 28 16
28 21 28 23
28 21 27 21
1 12 1 5
1 12 2 12
9 5 9 10
9 5 1 5
9 5 10 5
10 3 10 2
10 3 10 4
10 3 10 2
10 3 10 4
12 17 12 2
12 17 12 19
12 17 4 17
12 17 12 2
13 6 13 0
13 6 13 14
13 14 13 15
13 14 14 14
13 14 13 15
13 15 14 15
13 18 13 19
13 18 14 18
13 18 13 19
13 18 14 18
14 4 14 2
14 15 14 14
14 18 14 19
15 2 15 1
15 2 14 2
15 2 16 2
15 2 15 1
15 21 15 23
15 21 3 21
15 21 17 21
16 1 16 2
16 1 17 1
16 2 16 3
16 6 16 8
16 6 16 8
16 10 16 12
17 21 17 1
17 21 17 22
17 21 26 21
19 20 19 19
19 20 18 20
19 20 20 20
20 7 20 8
20 7 22 7
20 9 20 8
20 9 20 11
20 9 21 9
20 9 20 8
20 9 20 11
20 9 21 9
20 11 20 12
20 11 21 11
20 22 20 23
20 22 19 22
20 22 21 22
20 22 20 23
20 22 19 22
20 22 21 22
21 22 21 23
21 22 22 22
22 22 22 24
22 22 23 22
22 22 22 24
23 22 23 24
23 22 24 22
23 22 23 24
24 22 24 23
24 22 25 22
26 26 26 21
26 26 9 26
26 26 27 26
26 26 26 21
28 1 28 0
28 1 27 1
28 21 28 23
28 21 27 21
28 24 28 26
0 10 0 4
0 10 0 26
0 10 0 4
1 2 6 2
3 21 3 19
3 21 1 21
6 15 6 13
6 15 4 15
6 15 7 15
9 18 9 19
9 18 5 18
9 18 10 18
9 26 9 22
9 26 9 27
9 26 0 26
12 2 12 0
13 0 12 0
13 0 17 0
13 0 12 0
13 24 13 22
13 24 11 24
13 24 16 24
13 24 13 22
13 24 11 24
13 24 16 24
15 8 15 9
15 8 14 8
16 17 16 16
16 17 16 19
16 19 16 20
16 24 16 23
16 24 16 25
16 24 17 24
16 24 16 23
19 27 17 27
20 8 21 8
20 23 19 23
25 23 25 25
25 25 24 25
26 21 26 14
26 21 17 21
26 21 27 21
27 15 27 14
27 15 27 21
27 15 28 15
28 0 27 0
0 4 0 0
0 27 0 28
0 27 1 27
0 27 0 28
0 27 1 27
1 22 2 22
1 28 2 28
2 22 2 23
2 22 9 22
2 22 2 23
3 19 5 19
9 26 9 22
9 26 9 27
9 27 9 28
9 27 6 27
9 27 10 27
9 27 9 28
10 22 10 23
10 22 11 22
10 22 10 23
10 22 11 22
10 23 10 24
10 23 11 23
10 24 10 25
10 24 11 24
10 24 11 24
12 0 12 2
13 22 12 22
13 22 14 22
14 23 15 23
15 23 14 23
15 23 16 23
16 15 16 14
16 22 17 22
17 23 17 22
17 23 17 24
17 23 18 23
17 24 22 24
17 27 15 27
19 22 17 22
0 0 11 0
1 28 2 28
2 28 2 27
6 27 4 27
11 0 11 5
11 0 11 5
15 27 14 27
16 15 16 14
16 22 17 22
17 21 17 1
17 24 22 24
2 27 3 27
6 27 4 27
15 27 14 27
16 15 16 14
2 27 3 27
3 28 4 28
3 28 4 28
4 28 9 28
10 28 11 28
14 27 13 27
16 14 16 12
10 28 11 28
11 27 12 27
12 28 12 27
12 28 13 28
12 28 13 28
13 27 13 28
13 28 12 28
21 28 27 28
21 28 27 28
27 28 27 27
27 28 28 28
27 27 27 26
28 26 28 27
28 26 27 26
27 21 27 15

3756

2 - - - 3 = = = = = 4 = = = = = = = = = = = = = = = 5 5 3 
|   1     3 - - - - - - 4 = = 6 = = = = = 3 1       ǁ 3 5 
|   |     ǁ           2 3     4   1 1     | 4 2     ǁ 3 4 
|   |     ǁ                           2 - 4 |       ǁ 2 2 
|   |     ǁ           4       5   4 3 |   ǁ |       ǁ 2 3 
|   |     ǁ                   |   | 4 3 1 ǁ |       ǁ ǁ | 
|   2     ǁ             2 2 - 5   | | 2 2 ǁ |       ǁ 3 | 
|   |     ǁ                   3 1 | |     ǁ |       ǁ | | 
|   |     ǁ                   1 1 | |     ǁ |       ǁ | | 
|   5 = = 8 = = = = 7   4         | 5 5 4 ǁ 3 = = = 7 6 3 
|   3 4 2 3 1       5         4 3 | 1     ǁ 4 4 4 1 | 1 3 
3 = = = = 3         3 4 4     3 1 |     3 ǁ 3 2 5 3 | 2 5 
4 = 4 = = = = = = = = = = = = = = 6 - 4 3 ǁ 3 2 ǁ   | 2 5 
4 - - - - - 4 - - - - - - - 4 3   ǁ 4 5 4 ǁ 4 = 6   | 2 4 
|   2 - 1   ǁ   2     1 2   5 2   ǁ 3 2 2 ǁ 1 2 ǁ   | 3   
| 3 6 = = = 8 = 7 2   2     5 = = 8 = = = 8 = 5 ǁ   | 3   
| 5 4 1     5 = 3   1 - 2 - 4 3 1 4 - 3 1 ǁ 2 4 6 3 | |   
3 5 = = = = = = = = = = = = = = = = = = = 7 6 7 5   | 2   
3   4                       3 1   5 3 1 1 ǁ | 2 ǁ 3 | |   
  1   2 3                   6 - - 7 5 6 5 ǁ 3 1 ǁ   | 3   
2     2   1 - 5 5 6 = 4 2     2 2 | 3   4 ǁ 6 3 ǁ   | ǁ   
1             ǁ 2 5   2 3 2     1 |     3 ǁ 4 1 ǁ   | ǁ 2 
      3 5     5 1     2   3   3   7 4     ǁ 4 = 5 4 | ǁ ǁ 
3     2 4     4   5   3 2     1 2 7 2     ǁ 4 = 5 5 | ǁ ǁ 
    4   4 1 1 4 5 7 - 4 3 3   4   4 1 3 3 ǁ 3 1 1 3 | ǁ ǁ 
    1 1 4     4 3 2   2 3 2   4   2 2 4 2 ǁ 1 1 - 2 | ǁ ǁ 
4 5                         5 - - - - - - 6 = = = = 6 6 ǁ 
2 3     3 4 1     2 3 5     6 5 = = = = = 6         3 4 4 
2 4 = = = 6 = = = 3 1 3 2 1 2 2 1 - - - - 5 = 2 1 - 3 1 1 
