29 29
2 0 0 1 1 0 0 4 0 0 2 1 1 0 0 0 0 0 0 0 0 0 0 0 0 0 0 0 2 
0 3 5 0 0 0 0 6 3 2 3 0 3 0 0 0 0 0 0 4 6 3 2 0 0 2 2 1 0 
0 2 4 0 3 1 0 0 5 3 2 2 2 0 0 0 0 1 0 0 2 0 2 1 0 0 0 1 0 
0 1 2 2 3 3 1 0 2 1 1 3 0 0 0 0 0 0 0 3 0 3 0 0 0 5 6 3 0 
2 0 0 0 0 0 0 5 0 0 0 0 0 0 0 0 0 0 0 0 0 0 0 2 1 0 3 1 0 
3 0 4 2 1 3 2 0 2 0 3 0 0 0 0 0 0 0 0 0 0 0 0 3 0 3 2 1 0 
0 1 4 4 4 4 1 0 1 0 0 0 0 0 0 0 0 0 0 0 0 0 0 5 0 0 0 4 3 
5 0 0 0 0 0 0 8 0 0 0 0 0 0 0 0 0 0 0 0 5 4 4 0 2 3 2 3 0 
0 3 0 0 3 3 1 0 3 0 0 0 0 0 0 0 0 0 2 0 0 0 4 0 0 1 0 2 0 
0 0 2 0 0 3 3 0 2 0 0 0 0 0 0 0 0 0 0 0 4 1 0 0 3 0 3 2 0 
0 0 0 1 3 2 2 0 1 2 1 2 1 0 3 0 0 0 0 0 0 1 0 0 4 3 0 0 0 
0 0 5 0 6 7 3 0 1 5 0 4 0 0 6 0 0 0 0 0 4 3 3 0 3 3 0 0 0 
0 0 2 2 3 3 1 0 2 4 1 4 3 1 3 1 2 0 0 0 4 2 1 0 2 2 0 0 0 
0 5 0 0 0 0 0 8 0 0 0 0 0 0 0 0 0 0 0 0 0 0 0 6 0 0 3 3 0 
0 0 1 2 2 3 2 0 2 4 0 0 0 0 0 0 0 0 2 2 0 2 1 2 0 0 2 1 0 
0 3 0 3 0 0 0 0 1 0 2 0 0 0 0 5 0 0 0 0 0 0 0 0 0 0 0 0 3 
0 0 1 1 0 0 3 0 0 2 0 0 0 0 0 3 0 0 1 1 4 0 0 0 3 1 1 1 1 
0 0 4 2 0 0 3 0 3 0 0 0 0 0 0 0 0 0 0 0 6 3 2 1 0 1 0 0 0 
0 0 0 1 3 0 1 0 3 0 0 0 0 0 0 0 0 0 0 0 3 3 3 1 0 3 4 0 0 
0 4 4 1 1 0 0 0 3 0 0 0 0 0 0 2 0 0 0 0 0 2 2 0 0 1 0 0 2 
0 1 2 0 0 4 0 6 0 0 0 0 0 0 0 0 0 0 0 0 0 0 0 0 5 4 0 0 0 
2 1 3 3 0 3 3 4 2 0 0 0 0 0 0 0 0 0 0 2 0 1 0 0 0 0 0 0 0 
1 1 2 4 1 2 3 0 0 0 0 0 2 0 0 0 0 0 1 1 0 0 0 0 0 4 0 0 0 
0 0 1 2 1 3 0 0 0 0 2 1 3 0 0 0 0 0 3 0 0 3 2 1 0 2 0 0 2 
4 4 0 0 0 0 0 0 0 0 0 0 0 0 0 0 0 0 0 0 0 0 0 0 6 0 6 3 0 
0 0 3 0 0 0 0 0 0 0 0 0 0 0 2 3 0 3 0 0 0 3 1 0 0 1 3 0 0 
0 0 0 1 4 0 0 0 0 0 0 0 0 0 0 0 0 0 0 2 1 2 0 0 4 0 1 0 0 
2 3 4 1 7 0 0 0 0 0 0 0 0 0 0 0 0 0 0 0 0 0 0 0 5 0 1 3 2 
2 4 2 1 4 0 0 0 0 0 2 0 1 1 0 2 0 0 0 0 0 0 0 0 2 1 0 3 1 
300 65
1 2 1 1
1 2 1 7
1 2 2 2
1 20 1 19
1 20 1 21
1 20 2 20
1 20 1 19
1 20 1 21
1 20 2 20
7 0 7 7
7 0 5 0
7 0 21 0
7 7 7 0
7 7 7 20
7 7 4 7
7 7 13 7
11 2 11 4
11 2 9 2
11 2 12 2
11 5 11 4
11 5 11 6
11 5 10 5
11 5 12 5
13 1 13 7
13 1 8 1
13 1 15 1
13 7 13 1
13 7 13 23
13 7 7 7
13 7 20 7
15 15 15 10
15 15 15 28
15 15 16 15
27 4 27 3
27 4 27 24
27 4 26 4
27 4 28 4
1 19 1 12
1 19 3 19
2 17 2 12
7 7 7 20
7 7 4 7
10 3 10 4
13 7 13 23
13 7 20 7
13 23 13 26
13 23 6 23
13 23 14 23
13 23 13 26
20 7 20 5
20 7 20 24
20 7 21 7
20 7 20 5
21 7 21 6
21 7 21 8
21 7 21 6
21 8 21 19
27 4 27 24
27 4 26 4
27 4 28 4
28 4 28 3
28 4 28 10
28 10 28 12
28 13 28 15
28 15 28 24

2626

2     1 1     4     2 1 1                               2 
  3 5 - - - - 6 3 2 3   3 - - - - - - 4 6 3 2     2 2 1   
  2 4   3 1     5 3 2 2 2 - - - - 1   | 2   2 1       1   
  1 2 2 3 3 1   2 1 1 3               3   3       5 6 3   
2             5                               2 1   3 1   
3   4 2 1 3 2 ǁ 2   3                         3   3 2 1   
| 1 4 4 4 4 1 ǁ 1                             5       4 3 
5 = = = = = = 8 = = = = = = = = = = = = 5 4 4 | 2 3 2 3   
| 3     3 3 1 ǁ 3                   2       4 |   1   2   
| | 2     3 3 ǁ 2                       4 1   | 3   3 2   
| | | 1 3 2 2 ǁ 1 2 1 2 1   3             1   | 4 3       
| | 5 - 6 7 3 ǁ 1 5   4     6           4 3 3 | 3 3       
| | 2 2 3 3 1 ǁ 2 4 1 4 3 1 3 1 2       4 2 1 | 2 2       
| 5 = = = = = 8 = = = = = = = = = = = = = = = 6 = = 3 3   
| | 1 2 2 3 2 ǁ 2 4                 2 2   2 1 2     2 1   
| 3   3       ǁ 1   2 - - - - 5 - - - - - - - - - - - - 3 
|   1 1     3 ǁ   2           3     1 1 4       3 1 1 1 1 
|   4 2     3 ǁ 3                       6 3 2 1   1       
|     1 3   1 ǁ 3                       3 3 3 1   3 4     
| 4 4 1 1     ǁ 3             2           2 2     1     2 
| 1 2     4 = 6 - - - - - - - - - - - - - - - - 5 4       
2 1 3 3   3 3 4 2 - - - - - - - - - - 2   1               
1 1 2 4 1 2 3           2           1 1           4       
    1 2 1 3         2 1 3           3     3 2 1   2     2 
4 4                                             6   6 3   
    3                       2 3   3       3 1     1 3     
      1 4                             2 1 2     4   1     
2 3 4 1 7 = = = = = = = = = = = = = = = = = = = 5   1 3 2 
2 4 2 1 4 - - - - - 2 - 1 1 - 2 - - - - - - - - 2 1   3 1 
