29 29
1 1 0 3 0 3 1 0 4 0 0 0 3 3 0 0 0 0 0 0 0 0 0 0 4 0 0 3 1 
0 0 0 1 0 0 2 0 4 1 0 0 0 3 0 0 2 0 0 0 0 2 2 1 0 2 1 1 0 
4 0 0 0 0 6 0 0 0 0 0 0 4 0 0 0 0 0 0 0 0 0 0 0 3 3 0 4 3 
0 2 0 4 2 0 1 1 0 3 4 2 0 1 1 0 4 3 1 2 3 2 3 1 0 0 0 0 0 
0 2 0 7 4 0 3 4 0 5 5 1 0 3 0 3 0 1 0 1 0 1 0 0 0 0 0 0 0 
0 1 2 0 1 0 0 0 0 0 0 1 0 0 1 0 5 0 0 0 6 0 5 0 0 0 0 0 0 
0 0 0 0 0 0 0 0 0 0 0 0 0 0 2 0 5 4 1 2 4 1 0 0 0 0 0 0 0 
0 0 0 0 0 0 0 0 0 0 0 0 0 0 0 0 2 2 1 1 2 1 0 0 0 0 0 0 0 
0 0 0 0 2 0 4 4 2 0 0 0 0 0 4 6 0 0 0 0 0 0 6 5 0 0 0 0 0 
0 0 0 3 0 0 2 3 2 0 0 0 0 0 0 0 0 0 0 1 1 0 0 0 0 0 0 0 0 
0 0 0 0 0 0 1 2 0 0 0 0 0 0 1 0 0 0 1 0 0 0 0 0 0 0 2 3 0 
0 3 5 4 3 0 0 0 0 0 0 0 0 0 1 0 1 0 0 2 0 1 0 0 0 0 3 2 0 
0 0 0 2 2 0 0 0 0 0 0 0 0 0 2 0 0 0 0 0 0 0 0 0 0 0 0 0 0 
0 3 0 0 0 0 3 0 0 5 5 4 0 0 0 0 3 0 5 3 0 0 0 0 0 0 0 0 0 
0 1 0 0 2 0 0 0 0 0 0 4 0 0 2 0 0 0 0 0 0 0 0 0 0 0 0 0 0 
0 0 0 0 0 0 1 0 0 0 0 3 0 0 0 0 1 0 0 0 0 0 0 0 0 0 1 0 0 
5 0 4 4 3 0 1 0 0 0 0 0 0 2 2 0 0 0 0 3 7 4 0 0 0 0 2 0 0 
0 1 2 0 0 0 2 3 1 0 2 3 0 3 0 5 0 0 6 3 3 0 0 0 0 0 0 0 0 
0 0 0 0 0 0 0 0 0 0 2 4 0 0 1 0 2 2 3 3 1 1 0 3 0 0 3 0 0 
0 0 1 0 1 0 0 0 0 0 2 3 0 2 2 0 3 0 1 2 1 0 0 1 0 0 0 0 0 
3 0 1 0 1 0 0 0 0 0 0 0 0 2 1 0 4 3 0 0 0 0 5 0 4 5 4 3 0 
0 0 2 0 2 0 0 0 0 0 0 0 0 3 0 3 4 3 2 2 2 2 0 2 0 0 0 2 0 
3 0 0 2 0 0 0 0 0 0 0 0 0 2 1 1 1 0 1 0 1 0 0 4 4 0 0 1 0 
3 0 3 4 2 0 2 4 0 3 0 0 6 0 0 0 0 5 0 3 3 2 0 3 0 0 0 2 3 
2 4 0 0 0 8 0 0 0 0 3 1 0 0 1 0 0 3 1 2 4 1 0 2 0 0 0 1 0 
1 5 4 2 2 5 2 0 0 0 0 0 5 0 0 0 0 0 0 3 4 2 0 2 5 0 4 1 2 
1 0 2 0 3 2 1 2 4 0 0 0 5 0 1 3 2 0 2 3 2 1 0 1 2 0 3 1 0 
0 0 1 0 3 0 3 2 1 1 0 0 4 0 0 4 1 1 0 0 0 0 6 5 2 4 0 2 1 
3 5 0 4 0 0 0 0 0 0 0 0 0 0 0 0 0 0 0 0 0 0 4 2 1 2 1 2 1 
300 91
4 3 4 1
4 3 4 4
4 3 3 3
4 3 9 3
5 22 5 20
5 22 3 22
5 22 8 22
8 23 8 22
8 23 3 23
8 23 18 23
16 0 16 2
16 0 2 0
16 0 20 0
16 20 16 19
16 20 16 21
16 20 9 20
16 20 17 20
24 5 24 1
24 5 24 10
24 5 2 5
24 5 25 5
24 5 24 1
24 5 24 10
24 5 2 5
24 5 25 5
28 0 28 1
28 0 26 0
28 0 28 1
2 5 2 0
2 5 2 12
2 5 0 5
2 5 2 0
8 23 8 22
8 23 18 23
16 20 16 19
16 20 16 21
16 20 17 20
16 21 11 21
16 21 18 21
1 3 0 3
2 0 0 0
8 22 8 15
8 22 5 22
8 22 20 22
16 0 16 2
16 0 20 0
0 1 0 3
0 3 0 5
0 5 0 6
0 8 0 12
0 8 1 8
0 8 0 12
0 8 1 8
1 6 1 8
1 8 1 6
1 9 1 13
2 12 2 24
2 12 23 12
2 12 2 24
8 15 8 14
8 15 4 15
8 15 17 15
8 15 8 14
8 15 4 15
9 19 11 19
10 18 13 18
11 16 13 16
11 19 13 19
14 11 13 11
14 11 15 11
14 11 13 11
14 11 15 11
23 12 23 9
23 12 23 17
23 12 25 12
23 12 23 9
23 12 23 17
24 10 24 11
0 12 0 13
5 16 5 20
5 16 3 16
5 16 6 16
8 14 6 14
8 14 10 14
11 14 12 14
12 14 14 14
13 11 13 10
13 11 5 11
14 14 16 14
4 15 4 13
5 14 6 14

3304

1 1 - 3 - 3 1   4 = = = 3 3                     4     3 1 
|     1   | 2 = 4 1 - - - 3     2         2 2 1   2 1 1   
4 = = = = 6 - - - - - - 4 = = = = = = = = = = = 3 3   4 3 
| 2   4 2 ǁ 1 1   3 4 2 | 1 1   4 3 1 2 3 2 3 1           
| 2 - 7 4 ǁ 3 4   5 5 1 | 3 - 3 | 1   1   1 | |           
| 1 2 | 1 ǁ           1 |   1 ǁ 5 - - - 6 - 5 |           
|     |   ǁ           | |   2 ǁ 5 4 1 2 4 1 ǁ |           
|     |   ǁ           | |   | ǁ 2 2 1 1 2 1 ǁ |           
|     | 2 ǁ 4 4 2     | |   4 6 - - - - - - 6 5           
|     3   ǁ 2 3 2     | |   | |       1 1   | ǁ           
|         ǁ 1 2       | |   1 |     1 | |   | ǁ     2 3   
| 3 5 4 3 ǁ           | |   1 | 1   | 2 | 1 | ǁ     3 2   
|     2 2 ǁ           | |   2 | |   | | | | | ǁ           
| 3       ǁ 3     5 5 4 |   | | 3   5 3 | | | ǁ           
| 1     2 ǁ           4 |   2 |         | | | ǁ           
|         ǁ 1         3 |   | | 1       | | | ǁ     1     
5 = 4 4 3 ǁ 1           | 2 2 |       3 7 4 | ǁ     2     
ǁ 1 2     ǁ 2 3 1   2 3 | 3   5     6 3 3 | | ǁ           
ǁ         ǁ         2 4 |   1   2 2 3 3 1 1 | 3     3     
ǁ   1   1 ǁ         2 3 | 2 2   3   1 2 1   | 1           
3   1   1 ǁ             | 2 1   4 3         5   4 5 4 3   
    2   2 ǁ             | 3   3 4 3 2 2 2 2   2       2   
3     2   ǁ             | 2 1 1 1   1   1     4 4     1   
3   3 4 2 ǁ 2 4   3 = = 6 = = = = 5   3 3 2   3       2 3 
2 4 = = = 8 = = = = 3 1 |   1     3 1 2 4 1   2       1   
1 5 4 2 2 5 2           5             3 4 2   2 5   4 1 2 
1   2   3 2 1 2 4       5   1 3 2   2 3 2 1   1 2   3 1   
|   1   3   3 2 1 1     4     4 1 1         6 5 2 4   2 1 
3 5   4                                     4 2 1 2 1 2 1 
