29 29
4 0 0 4 0 6 0 0 0 4 0 0 0 0 0 4 0 6 2 3 0 0 0 0 3 4 2 1 1 
2 2 0 0 0 6 0 2 0 0 0 0 0 0 0 0 0 4 2 4 0 2 1 0 0 0 1 0 0 
3 5 0 0 0 0 0 0 0 8 0 0 0 0 0 5 0 0 0 0 0 0 3 1 0 0 0 0 0 
2 4 2 1 2 0 0 0 3 0 2 3 1 4 4 3 0 0 5 0 0 0 0 0 5 5 0 0 0 
4 2 2 5 0 0 0 0 5 4 3 0 2 0 2 5 3 1 0 1 2 0 0 0 4 3 0 0 0 
0 1 2 1 0 0 0 3 0 0 4 6 4 0 2 3 2 0 0 4 0 4 0 0 7 2 0 0 0 
0 0 0 3 0 2 0 0 0 0 0 4 0 6 0 0 0 0 0 4 0 0 4 2 0 0 0 0 0 
0 5 4 3 0 0 0 6 0 0 0 5 2 0 4 0 0 0 8 0 0 0 0 0 7 0 7 6 3 
0 0 0 0 0 0 0 0 0 0 0 1 2 0 1 2 2 0 0 2 0 0 1 0 4 2 0 0 0 
0 0 0 0 0 0 0 0 0 0 0 4 6 0 0 4 3 0 0 5 0 0 7 0 4 0 0 0 2 
6 8 0 0 0 0 0 8 6 0 0 0 2 0 3 0 0 0 0 5 4 2 3 3 0 0 0 0 0 
2 0 4 5 0 0 0 5 2 0 4 0 0 0 0 3 0 0 0 4 2 0 2 2 0 0 0 0 0 
2 0 2 2 0 0 0 3 1 0 0 0 0 0 0 0 0 0 0 0 0 0 0 1 0 0 0 5 4 
6 8 0 0 0 0 0 0 0 5 6 8 0 8 8 3 5 0 7 0 0 0 4 0 0 0 0 0 2 
0 0 3 0 4 2 2 0 0 4 4 0 2 0 0 0 4 2 4 2 0 0 0 0 0 0 0 5 3 
0 0 0 0 0 0 0 0 0 0 2 0 0 0 4 0 0 0 4 4 0 0 0 0 0 0 0 5 2 
0 0 4 0 0 0 0 0 0 0 0 6 3 0 2 4 0 0 4 3 1 0 0 0 0 0 0 1 2 
4 0 0 0 0 0 0 0 1 0 0 0 2 0 3 0 0 0 6 0 5 0 6 4 0 0 0 3 5 
0 0 0 0 0 0 4 0 7 3 1 0 3 0 0 0 0 0 0 2 7 2 0 0 0 0 0 0 0 
0 0 4 0 2 0 4 0 0 0 0 0 0 0 0 1 5 0 3 4 6 1 3 0 0 0 0 0 0 
4 0 6 0 0 0 0 0 7 2 0 0 0 0 0 0 2 0 0 0 0 2 0 0 0 0 0 0 2 
2 0 2 0 1 0 0 0 4 1 0 7 3 0 6 5 2 0 0 2 4 4 1 1 0 0 0 0 2 
2 0 0 0 0 0 0 0 2 2 0 6 2 0 2 1 0 0 0 0 0 0 0 0 0 0 0 0 0 
5 5 0 0 0 0 0 0 0 0 0 0 0 7 0 0 0 0 0 0 0 0 0 0 7 0 6 6 4 
0 0 3 4 4 0 0 0 2 0 0 0 0 0 1 4 0 0 0 0 5 0 4 3 4 4 7 6 3 
4 0 4 0 3 1 0 0 0 0 0 0 0 0 2 5 0 4 4 2 0 0 1 1 2 2 2 2 1 
2 0 2 3 0 0 0 0 6 0 0 0 0 6 0 0 0 0 0 0 6 0 0 0 0 0 0 4 4 
1 5 0 0 0 0 0 0 0 0 0 0 0 0 0 0 0 0 0 0 4 0 0 0 0 0 6 4 2 
2 6 0 2 0 0 0 0 0 0 0 0 0 0 0 0 0 2 0 0 5 2 2 0 0 0 4 3 1 
300 462
0 0 0 3
0 0 1 0
0 0 0 3
0 0 1 0
0 3 0 5
0 3 3 3
0 17 0 15
0 17 0 18
0 17 1 17
0 17 0 15
0 17 0 18
0 17 1 17
1 1 2 1
1 5 1 7
1 5 0 5
1 5 6 5
1 5 1 7
1 5 0 5
1 5 6 5
1 17 1 18
1 17 4 17
2 9 2 15
2 9 0 9
2 9 4 9
2 9 2 15
2 9 0 9
2 9 4 9
3 4 14 4
3 8 4 8
3 18 3 24
3 18 1 18
3 18 7 18
3 25 3 24
3 25 0 25
3 25 4 25
4 3 4 2
4 3 5 3
4 3 4 2
5 24 5 21
5 24 5 25
5 24 4 24
5 24 7 24
6 3 7 3
6 13 6 11
6 13 3 13
6 13 13 13
6 13 6 11
6 13 3 13
6 13 13 13
7 1 7 2
7 1 5 1
7 1 10 1
7 7 7 11
7 7 5 7
7 7 10 7
7 7 7 11
7 7 5 7
7 7 10 7
7 18 7 14
7 18 7 24
7 18 3 18
7 18 13 18
7 26 7 24
7 26 7 27
7 26 1 26
7 26 23 26
9 12 9 11
9 12 8 12
9 12 10 12
9 12 9 11
9 12 8 12
9 12 10 12
9 19 9 22
9 19 8 19
9 19 10 19
9 22 9 19
9 22 9 24
9 22 8 22
9 22 10 22
10 0 10 1
10 0 4 0
10 0 11 0
10 0 10 1
10 0 4 0
10 0 11 0
10 1 7 1
10 1 13 1
10 1 13 1
10 7 10 8
10 7 11 7
10 7 10 8
10 7 11 7
10 7 10 8
10 7 11 7
10 8 11 8
11 3 11 2
11 3 7 3
11 3 12 3
11 10 11 8
11 10 13 10
11 10 13 10
12 0 13 0
12 27 12 28
12 27 7 27
12 27 14 27
13 0 13 1
13 0 12 0
13 0 17 0
13 1 13 0
13 1 23 1
13 10 13 9
13 10 13 11
13 10 14 10
13 10 13 9
13 13 13 11
13 13 13 14
13 13 23 13
13 14 13 13
13 14 13 15
13 14 10 14
13 14 15 14
13 14 13 13
13 14 13 15
13 14 10 14
15 14 15 18
15 14 16 14
15 14 15 18
15 27 15 28
15 27 14 27
15 27 16 27
17 0 13 0
17 0 20 0
17 0 20 0
17 28 17 27
17 28 16 28
17 28 20 28
18 8 18 6
18 8 18 9
18 8 17 8
18 8 20 8
18 20 18 19
18 20 18 21
18 20 17 20
18 20 19 20
19 6 19 4
19 6 18 6
19 6 19 4
19 6 18 6
19 16 19 15
19 16 19 18
19 16 20 16
20 0 21 0
20 2 20 8
20 2 19 2
20 2 21 2
20 2 20 8
20 2 19 2
20 2 21 2
21 11 21 9
21 11 21 12
21 11 16 11
21 11 22 11
21 14 21 15
21 14 17 14
21 14 22 14
21 14 21 15
21 14 17 14
21 14 22 14
21 15 21 16
21 15 22 15
21 15 21 16
22 11 22 9
22 11 22 12
22 11 21 11
22 11 22 9
22 11 22 12
23 0 23 1
23 0 22 0
23 0 25 0
23 24 23 13
23 24 23 26
23 24 9 24
23 24 24 24
24 20 24 15
24 20 24 22
24 20 26 20
24 26 24 25
24 26 24 27
24 26 23 26
24 26 25 26
25 15 25 14
25 15 25 17
25 15 24 15
25 18 25 17
25 18 25 19
25 18 25 17
25 18 25 19
26 8 26 3
26 8 26 13
26 8 24 8
26 8 26 3
26 8 26 13
26 8 24 8
26 13 26 20
26 13 23 13
28 1 28 0
28 1 28 3
28 1 27 1
28 1 28 0
28 1 28 3
28 1 27 1
28 17 28 20
0 5 0 9
0 9 0 5
0 15 2 15
0 15 2 15
1 1 2 1
1 19 1 21
1 19 0 19
1 19 1 21
1 19 0 19
1 22 2 22
2 15 3 15
2 22 2 23
3 2 3 1
3 2 3 1
3 4 14 4
3 8 4 8
3 13 3 12
3 13 3 14
3 14 3 15
3 14 4 14
3 14 3 15
3 18 3 24
4 0 4 1
4 0 3 0
4 1 3 1
4 9 4 8
4 9 4 10
4 15 4 14
4 15 4 16
4 15 5 15
5 2 7 2
5 2 7 2
5 7 5 10
5 10 5 11
5 10 4 10
5 10 5 11
5 11 5 12
5 11 3 11
5 11 6 11
5 11 5 12
5 12 4 12
5 21 5 19
5 21 5 24
5 21 5 19
6 3 7 3
6 11 7 11
6 19 6 22
6 19 5 19
6 19 6 22
6 19 5 19
6 22 6 23
6 23 6 22
7 1 7 2
7 12 7 11
7 18 7 14
7 18 7 24
7 18 13 18
7 26 7 24
7 26 7 27
7 26 23 26
7 27 7 28
7 27 0 27
7 27 12 27
8 19 9 19
8 25 8 24
9 11 8 11
9 11 13 11
9 22 9 24
9 22 10 22
9 24 8 24
10 14 8 14
10 19 10 20
10 19 11 19
10 19 10 20
10 19 11 19
10 20 10 21
10 20 11 20
11 2 11 3
11 2 12 2
11 2 11 3
11 7 12 7
11 19 11 20
11 19 14 19
12 3 12 2
12 7 12 8
12 7 11 7
13 1 23 1
13 9 14 9
13 22 11 22
13 22 17 22
13 22 11 22
13 22 17 22
14 4 14 2
14 4 14 5
14 5 14 6
14 16 14 17
14 16 13 16
14 16 14 17
14 16 13 16
16 15 16 14
16 15 16 18
16 15 16 18
17 14 17 18
17 18 17 20
17 18 16 18
17 18 19 18
17 18 17 20
17 18 16 18
17 22 17 20
17 22 17 23
17 22 19 22
17 22 17 20
17 23 12 23
17 23 21 23
18 6 18 8
18 8 18 9
18 8 20 8
18 20 18 19
18 20 18 21
18 20 19 20
19 2 16 2
19 2 16 2
19 16 19 18
19 16 20 16
19 19 19 20
19 19 21 19
19 19 19 20
19 19 21 19
19 22 19 21
19 22 21 22
20 0 21 0
20 21 21 21
21 11 21 12
21 11 16 11
21 12 18 12
21 20 21 21
21 20 19 20
21 20 21 21
21 20 19 20
21 21 20 21
22 0 23 0
22 8 21 8
23 24 23 13
23 24 23 26
23 24 24 24
25 5 25 4
25 17 25 15
26 13 26 20
26 13 23 13
26 20 26 27
26 20 24 20
26 20 27 20
27 26 27 20
27 26 27 27
27 26 28 26
27 26 27 20
27 26 27 27
27 26 28 26
28 17 28 20
28 26 28 22
28 26 28 27
0 19 0 24
0 26 0 25
0 26 0 25
0 28 7 28
3 1 3 0
3 8 4 8
3 11 3 10
3 11 3 10
4 12 5 12
4 15 4 16
4 15 5 15
4 16 5 16
4 19 4 20
4 20 4 24
5 16 5 15
7 11 7 12
7 14 5 14
7 28 9 28
8 24 8 25
8 24 7 24
9 28 12 28
10 21 10 22
10 23 11 23
11 23 10 23
12 28 12 27
12 28 13 28
13 9 14 9
13 28 14 28
14 2 16 2
14 2 16 2
14 6 14 9
15 18 15 19
15 18 14 18
15 19 14 19
15 19 16 19
15 19 16 19
16 11 16 12
16 11 13 11
16 19 16 20
18 12 17 12
22 8 21 8
27 20 27 1
28 20 28 21
28 22 28 21
0 25 0 24
2 0 2 1
2 1 2 0
3 25 3 24
3 25 4 25
5 14 7 14
7 24 5 24
13 9 14 9
13 11 13 13
13 11 16 11
14 10 15 10
14 12 16 12
14 18 13 18
16 11 16 12
17 12 18 12
21 8 21 4
21 8 20 8
23 13 23 1
23 13 23 1
24 4 24 3
24 4 25 4
24 4 24 3
24 4 25 4
27 1 27 0
0 24 3 24
2 0 2 1
4 24 4 25
4 24 5 24
13 18 13 16
13 18 14 18
13 18 13 16
13 18 14 18
14 10 15 10
18 10 18 9
20 8 20 9
20 8 20 9
23 0 25 0
24 3 24 2
24 3 26 3
25 0 25 2
25 0 26 0
25 2 24 2
25 2 26 2
25 2 24 2
26 0 26 2

2884

4 = = 4 - 6 = = = 4           4 = 6 2 3 - - - - 3 4 2 1 1 
2 2   |   6 = 2   ǁ           ǁ   4 2 4 = 2 1   | | 1 | | 
3 5   |   ǁ       8 = = = = = 5   | |       3 1 | | | | | 
2 4 2 1 2 ǁ     3 ǁ 2 3 1 4 4 3   | 5 = = = = = 5 5 | | | 
4 2 2 5 ǁ ǁ     5 4 3 | 2 ǁ 2 5 3 1 ǁ 1 2 - - - 4 3 | | | 
ǁ 1 2 1 ǁ ǁ   3 - - 4 6 4 ǁ 2 3 2   ǁ 4 = 4 = = 7 2 | | | 
ǁ | ǁ 3 ǁ 2   ǁ       4 = 6 ǁ       ǁ 4 = = 4 2 ǁ   | | | 
ǁ 5 4 3 ǁ     6 = = = 5 2 ǁ 4 = = = 8 = = = = = 7 = 7 6 3 
ǁ ǁ   | ǁ     ǁ       1 2 ǁ 1 2 2   ǁ 2     1   4 2 ǁ ǁ | 
ǁ ǁ   | ǁ     ǁ       4 6 ǁ | 4 3   ǁ 5 = = 7 = 4   ǁ ǁ 2 
6 8   | ǁ     8 6     | 2 ǁ 3       ǁ 5 4 2 3 3 |   ǁ ǁ | 
2 ǁ 4 5 ǁ     5 2 - 4 |   ǁ ǁ 3     ǁ 4 2   2 2 |   ǁ ǁ | 
2 ǁ 2 2 ǁ     3 1   ǁ |   ǁ ǁ       ǁ |     ǁ 1 |   ǁ 5 4 
6 8     ǁ         5 6 8 = 8 8 3 5 = 7 |     4 | |   ǁ | 2 
ǁ ǁ 3 - 4 2 2 - - 4 4 ǁ 2 | |   4 2 4 2     ǁ | |   ǁ 5 3 
ǁ ǁ ǁ               2 ǁ | | 4 = = = 4 4     ǁ | |   ǁ 5 2 
ǁ ǁ 4                 6 3 | 2 4 = = 4 3 1   ǁ | |   ǁ 1 2 
4 ǁ ǁ           1     ǁ 2 | 3 - - - 6 = 5 = 6 4 |   ǁ 3 5 
ǁ ǁ ǁ       4 = 7 3 1 ǁ 3 | ǁ       | 2 7 2 | | |   ǁ   | 
ǁ ǁ 4   2 = 4   ǁ     ǁ | | ǁ 1 5 = 3 4 6 1 3 | |   ǁ   | 
4 ǁ 6 = = = = = 7 2   ǁ | | ǁ   2     ǁ ǁ 2 | | |   ǁ   2 
2 ǁ 2   1 - - - 4 1 - 7 3 | 6 5 2     2 4 4 1 1 |   ǁ   2 
2 ǁ             2 2 = 6 2 | 2 1                 |   ǁ     
5 5 = = = = = = = = = = = 7 = = = = = = = = = = 7 = 6 6 4 
ǁ   3 4 4       2         ǁ 1 4 - - - - 5 - 4 3 4 4 7 6 3 
4 - 4 | 3 1     ǁ         ǁ 2 5 = 4 4 2 ǁ   1 1 2 2 2 2 1 
2 - 2 3 = = = = 6 = = = = 6 = = = = = = 6 - - - - - - 4 4 
1 5 - - - - - - - - - - - - - - - - - - 4 = = = = = 6 4 2 
2 6 = 2                           2 = = 5 2 2 - - - 4 3 1 
