29 29
2 0 0 6 0 4 4 0 0 0 4 2 2 4 2 1 2 0 4 2 0 4 0 0 2 0 4 2 0 
2 1 1 4 2 0 3 2 1 0 0 0 2 6 6 3 0 0 7 0 0 7 0 0 0 1 0 4 2 
4 2 5 0 0 7 0 0 0 0 5 4 0 0 2 2 4 0 1 2 0 0 2 0 3 0 0 0 0 
0 0 0 3 1 0 4 0 4 4 0 0 8 8 0 0 6 0 0 4 0 0 0 0 0 0 0 0 0 
0 0 0 0 2 0 2 0 0 4 2 0 0 4 0 0 0 0 2 0 0 0 0 0 0 0 0 0 0 
0 0 0 0 0 0 2 0 8 0 0 0 8 0 0 0 0 0 0 0 0 7 0 0 3 4 7 7 4 
0 0 6 8 4 0 1 0 5 4 2 2 0 4 0 0 6 0 2 1 0 5 3 0 1 0 0 4 2 
0 0 0 4 4 0 0 0 0 1 2 0 0 0 1 0 4 0 1 0 0 0 4 2 0 0 0 1 2 
0 0 6 4 2 0 1 0 5 0 4 4 0 5 2 2 0 0 6 0 0 7 0 0 2 2 0 2 0 
0 0 2 4 2 0 1 0 5 0 2 1 0 0 1 0 0 0 5 2 2 6 0 0 2 0 0 0 0 
5 7 0 0 0 7 0 0 0 0 0 0 6 5 0 0 0 0 0 0 0 0 0 0 0 0 8 5 4 
0 0 0 0 0 0 1 2 2 4 2 1 0 0 4 4 4 0 0 0 6 2 2 2 0 0 6 3 4 
0 0 0 0 0 0 3 4 4 6 6 2 0 0 2 0 4 0 4 2 0 1 5 0 0 0 4 0 0 
0 0 0 0 0 0 0 0 0 0 0 1 0 0 2 7 0 0 0 0 6 0 0 0 0 0 0 3 4 
0 0 0 0 0 0 0 0 0 0 2 0 0 0 1 4 0 2 0 0 0 2 0 4 2 5 0 1 2 
0 0 0 0 0 0 0 0 0 0 0 0 0 0 5 0 0 0 0 0 7 0 0 6 0 7 0 4 2 
0 0 3 1 0 0 0 0 0 0 0 0 0 0 0 2 4 1 1 0 0 2 0 0 1 4 2 2 0 
0 0 0 0 0 0 0 0 0 3 2 0 0 0 5 1 0 5 3 0 0 0 0 0 0 2 4 7 1 
0 0 0 0 0 0 0 0 0 4 3 2 0 0 4 2 0 0 2 0 0 0 0 0 5 5 2 0 0 
0 0 0 0 0 0 2 0 0 0 0 0 0 0 1 0 7 7 8 2 0 0 0 0 2 0 2 4 0 
0 0 0 0 0 0 0 0 0 0 0 0 0 0 2 2 0 1 0 0 0 0 0 0 0 0 3 0 0 
0 0 0 0 0 0 0 0 0 0 0 0 0 0 0 4 0 4 6 2 0 0 0 0 0 0 0 0 0 
0 0 0 0 0 0 0 0 0 0 0 0 0 3 4 0 0 0 0 0 0 0 0 0 0 0 0 0 0 
0 4 0 0 0 0 0 0 0 0 0 0 0 4 4 0 0 6 2 0 0 6 0 7 0 6 2 0 2 
0 2 0 0 0 0 0 0 0 0 0 0 0 2 0 0 0 2 0 0 0 2 2 3 1 6 0 4 0 
0 2 6 0 0 5 0 5 6 4 2 0 5 0 4 3 0 0 0 0 0 1 5 0 0 4 2 3 0 
5 0 0 0 0 0 0 0 0 0 0 0 0 0 0 0 8 0 0 0 7 0 0 0 0 4 0 3 0 
4 3 0 2 0 5 0 0 0 0 0 0 0 0 0 0 8 4 1 0 6 0 4 0 0 0 4 4 0 
2 2 0 2 0 6 0 0 0 0 0 0 0 0 4 2 2 3 1 2 6 0 0 2 1 0 0 5 4 
300 462
0 3 0 0
0 3 0 5
0 3 1 3
0 3 0 0
0 3 0 5
0 3 1 3
0 5 0 6
0 5 2 5
0 6 0 10
0 6 1 6
0 6 0 10
0 10 0 11
0 10 2 10
1 18 1 15
1 18 1 21
1 18 0 18
1 18 2 18
1 21 1 18
1 21 1 25
1 21 0 21
1 21 5 21
2 5 2 2
2 5 2 10
2 5 10 5
2 16 2 15
2 16 3 16
2 16 2 15
2 16 3 16
2 19 3 19
3 6 3 8
3 6 4 6
3 6 3 8
3 6 4 6
3 8 3 9
3 8 5 8
3 9 3 12
3 9 4 9
3 9 3 12
3 12 3 13
3 12 1 12
3 12 5 12
3 13 3 12
3 13 3 16
3 13 1 13
3 13 4 13
3 13 3 12
3 13 3 16
3 13 1 13
4 9 4 10
4 9 6 9
4 9 4 10
4 13 4 18
4 13 6 13
4 13 4 18
5 12 3 12
5 12 10 12
5 12 10 12
5 21 5 24
5 21 1 21
5 21 6 21
5 21 5 24
5 21 6 21
5 21 6 21
5 26 5 25
5 26 5 27
5 26 0 26
5 26 10 26
6 2 6 3
6 2 2 2
6 2 8 2
6 2 6 3
6 2 2 2
6 2 8 2
6 3 6 4
6 3 3 3
6 3 7 3
6 13 6 16
6 13 8 13
6 13 6 16
6 16 6 18
6 16 7 16
6 16 6 18
6 16 7 16
8 2 8 3
8 2 9 2
8 13 8 14
8 13 10 13
8 13 8 14
8 13 10 13
8 21 8 18
8 21 8 24
8 21 6 21
8 21 9 21
10 0 10 1
10 0 2 0
10 0 26 0
10 12 10 5
10 12 10 13
10 12 25 12
10 12 10 5
10 26 10 13
10 26 10 27
10 26 5 26
10 26 11 26
11 14 11 15
11 14 12 14
11 14 11 15
11 14 12 14
11 15 11 16
11 15 13 15
11 16 11 20
11 16 12 16
11 16 11 20
11 20 11 21
11 20 13 20
11 20 11 21
11 20 13 20
12 16 12 18
12 16 16 16
12 16 12 18
12 18 12 19
12 18 16 18
12 19 19 19
13 15 13 14
13 15 14 15
13 15 13 14
13 15 14 15
13 15 14 15
13 15 14 15
13 20 13 27
13 20 15 20
13 20 13 27
13 20 15 20
14 14 15 14
14 17 16 17
14 25 14 24
14 25 14 27
14 25 15 25
15 14 17 14
15 14 17 14
16 16 16 15
16 16 19 16
16 16 16 15
17 17 17 18
17 17 19 17
17 27 17 26
17 27 17 28
17 27 16 27
17 27 19 27
18 24 18 25
18 24 16 24
18 24 19 24
19 6 12 6
19 16 19 14
19 16 19 17
19 16 26 16
19 16 19 17
19 16 26 16
19 16 19 17
19 18 19 17
19 18 19 19
19 18 18 18
19 18 21 18
21 15 20 15
21 15 25 15
21 15 20 15
21 15 25 15
23 1 10 1
23 1 24 1
23 1 10 1
23 1 24 1
23 17 23 18
23 17 21 17
23 17 24 17
23 17 23 18
23 17 21 17
23 17 24 17
23 21 23 23
23 21 16 21
23 21 24 21
23 21 23 23
23 21 16 21
23 21 24 21
23 23 23 25
23 23 15 23
23 23 24 23
24 13 23 13
25 2 25 1
25 2 25 5
25 2 16 2
25 2 25 1
25 2 25 5
25 2 16 2
25 7 25 5
25 7 25 8
25 7 12 7
25 8 25 7
25 8 25 9
25 8 12 8
25 8 25 7
25 8 25 9
25 9 25 10
25 9 18 9
25 12 25 10
25 12 25 14
25 12 25 14
25 21 25 22
26 16 26 0
26 16 26 20
26 16 27 16
27 5 27 3
27 5 27 16
27 5 28 5
27 16 27 5
27 16 27 17
27 16 26 16
27 16 28 16
28 5 28 3
28 5 28 14
28 5 27 5
28 14 28 5
28 14 28 15
28 14 28 15
28 20 28 19
28 20 28 23
28 20 27 20
28 20 28 19
28 20 28 23
28 20 27 20
28 27 28 24
28 27 28 28
28 27 27 27
28 28 28 27
28 28 23 28
28 28 28 27
1 3 1 2
1 3 1 4
1 6 1 7
1 8 1 7
1 13 1 12
1 13 1 14
1 13 0 13
1 13 1 14
1 14 1 15
1 14 0 14
1 14 2 14
1 14 1 15
1 18 0 18
1 21 0 21
2 5 2 2
2 5 2 10
2 5 10 5
2 10 2 11
2 11 2 10
2 11 0 11
2 19 3 19
2 22 2 24
2 24 2 22
2 24 5 24
3 16 3 19
3 19 3 16
5 25 5 26
5 25 8 25
5 25 5 26
5 27 5 28
5 27 1 27
5 27 6 27
6 3 6 4
6 3 3 3
6 3 7 3
6 4 4 4
6 4 7 4
6 19 6 21
7 3 7 4
7 3 8 3
7 4 8 4
7 14 7 16
7 16 7 18
7 22 7 23
7 22 6 22
7 22 7 23
7 22 6 22
8 2 8 3
8 2 9 2
8 3 8 4
8 15 8 18
8 18 8 15
8 18 8 21
8 18 9 18
8 18 9 18
8 21 8 24
8 21 9 21
9 3 9 4
9 3 16 3
9 3 9 4
9 8 9 6
9 8 9 10
9 8 8 8
9 14 9 18
9 18 9 19
9 21 9 20
9 21 9 24
9 21 9 20
9 21 9 24
10 1 10 0
10 1 2 1
10 1 10 0
10 1 2 1
10 5 25 5
10 26 10 13
10 26 10 27
10 26 11 26
11 26 11 23
11 26 11 27
11 26 12 26
11 26 11 23
12 21 12 22
12 22 12 26
12 22 11 22
12 22 12 26
12 22 11 22
14 21 14 23
17 17 17 18
17 17 19 17
17 17 17 18
17 27 17 26
17 27 16 27
17 27 19 27
18 9 18 10
18 9 17 9
18 9 18 10
18 11 18 10
18 11 13 11
18 14 18 15
18 14 17 14
18 14 18 15
18 14 17 14
18 18 19 18
19 6 12 6
19 27 19 26
19 27 24 27
20 14 22 14
20 14 22 14
21 17 21 18
21 17 20 17
21 18 21 19
21 18 19 18
21 18 21 19
22 14 22 13
22 14 23 14
23 14 23 13
23 14 25 14
23 14 23 13
24 13 23 13
24 27 24 25
24 27 25 27
24 27 24 25
25 5 10 5
25 14 25 15
26 0 26 16
26 0 27 0
26 0 27 0
26 16 26 20
26 20 26 25
26 20 15 20
26 20 27 20
27 0 27 1
27 0 28 0
27 16 27 17
27 16 28 16
27 17 27 18
27 17 28 17
27 20 27 22
27 20 26 20
27 22 27 20
27 22 27 26
27 22 27 26
27 26 27 27
27 26 25 26
27 27 26 27
27 27 26 27
28 0 28 1
28 5 28 3
28 17 28 18
0 12 0 13
0 12 0 13
0 13 0 14
0 15 0 16
0 16 0 18
0 18 0 19
0 19 0 21
0 21 0 24
0 24 0 26
0 26 0 27
0 26 0 27
1 1 1 0
1 27 1 28
1 27 5 27
1 27 1 28
2 0 1 0
3 3 3 4
5 27 5 28
5 27 6 27
5 28 6 28
5 28 6 28
6 22 6 24
6 27 7 27
7 28 10 28
7 28 10 28
8 27 10 27
9 18 9 19
10 28 10 27
10 28 11 28
11 28 11 27
11 28 13 28
11 28 11 27
13 27 13 28
13 28 14 28
13 28 14 28
14 21 14 23
14 23 14 24
14 23 15 23
14 25 15 25
15 20 15 23
15 20 26 20
15 20 15 23
15 27 15 25
15 27 15 28
15 27 15 25
15 27 15 28
17 14 17 15
19 17 19 18
24 25 24 24
24 25 23 25
24 25 25 25
24 25 23 25
25 22 25 25
25 22 24 22
25 22 25 25
25 22 24 22
25 25 25 26
25 27 26 27
27 1 27 3
27 1 28 1
8 27 10 27
14 25 15 25
23 25 23 23
23 25 23 26
23 25 18 25
23 26 20 26
24 23 23 23
15 23 15 25
15 23 15 25
16 25 16 26
16 25 17 25
16 25 16 26
16 25 17 25
17 26 18 26
17 26 18 26
18 25 18 24
19 24 18 24
19 26 20 26

2783

2 = = 6 = 4 4 = = = 4 2 2 4 2 1 2 - 4 2 - 4 - - 2 - 4 2   
2 1 1 4 2 | 3 2 1   | | 2 6 6 3 - - 7 = = 7 - - - 1 | 4 2 
4 2 5 = = 7 = = = = 5 4 | ǁ 2 2 4   1 2   ǁ 2 = 3   | ǁ   
| ǁ ǁ 3 1 ǁ 4 = 4 4 = = 8 8 = = 6 = = 4   ǁ     |   | ǁ   
| ǁ ǁ ǁ 2 ǁ 2   | 4 2   ǁ 4 = = = = 2     ǁ     |   | ǁ   
| ǁ ǁ ǁ | ǁ 2   8 |     8 |               7 = = 3 4 7 7 4 
| ǁ 6 8 4 ǁ 1   5 4 2 2 ǁ 4 = = 6 = 2 1 - 5 3 - 1 | ǁ 4 2 
| ǁ ǁ 4 4 ǁ       1 2   ǁ | 1 - 4 - 1     | 4 2   | ǁ 1 2 
| ǁ 6 4 2 ǁ 1   5   4 4 ǁ 5 2 2 = = 6 = = 7 = = 2 2 ǁ 2 ǁ 
| ǁ 2 4 2 ǁ 1 - 5 - 2 1 ǁ ǁ 1 - - - 5 2 2 6 = = 2   ǁ ǁ ǁ 
5 7   |   7 = = = = = = 6 5 = = = = = = = = = = = = 8 5 4 
| ǁ   |   ǁ 1 2 2 4 2 1 |   4 4 4 = = = 6 2 2 2 = = 6 3 4 
| ǁ   |   ǁ 3 4 4 6 6 2 |   2 | 4 = 4 2 ǁ 1 5 = = = 4   | 
| ǁ   |   ǁ ǁ | |     1 |   2 7 |   | | 6 = = = = = = 3 4 
| ǁ   |   ǁ ǁ | |   2 | |   1 4 | 2 | | ǁ 2 = 4 2 5 - 1 2 
| ǁ   |   ǁ ǁ | |     | |   5   | | | | 7 = = 6 = 7 = 4 2 
| ǁ 3 1   ǁ ǁ | |     | |   ǁ 2 4 1 1 | ǁ 2   | 1 4 2 2   
| ǁ ǁ     ǁ ǁ | | 3 2 | |   5 1 | 5 3 | ǁ ǁ   | | 2 4 7 1 
| ǁ ǁ     ǁ ǁ | | 4 3 2 |   4 2 | ǁ 2 | ǁ ǁ   | 5 5 2 ǁ   
| ǁ ǁ     ǁ 2 | | |     |   1 - 7 7 8 2 ǁ ǁ   | 2 | 2 4   
| ǁ ǁ     ǁ   | | |     |   2 2 ǁ 1 ǁ   ǁ ǁ   |   | 3 |   
| ǁ ǁ     ǁ   | | |     |   ǁ 4 ǁ 4 6 2 ǁ ǁ   |   | | |   
| ǁ ǁ     ǁ   | | |     | 3 4 ǁ ǁ ǁ     ǁ ǁ   |   | | |   
| 4 ǁ     ǁ   | | |     | 4 4 ǁ ǁ 6 2   ǁ 6 = 7 = 6 2 | 2 
| 2 ǁ     ǁ   | | |     | 2 | ǁ ǁ 2     ǁ 2 2 3 1 6 = 4 | 
| 2 6 = = 5 - 5 6 4 2 - 5 = 4 3 ǁ       ǁ 1 5 = = 4 2 3 | 
5 = = = = = = = = = = = = = = = 8 = = = 7 - - - - 4 | 3 | 
4 3 - 2 - 5 = = = = = = = = = = 8 4 1   6 = 4 = = = 4 4 | 
2 2   2 = 6 = = = = = = = = 4 2 2 3 1 2 6 = = 2 1 - - 5 4 
