29 29
2 0 0 3 0 4 0 0 0 0 0 0 0 0 0 0 0 0 0 4 0 0 0 0 3 1 2 3 2 
2 1 2 4 3 0 2 0 0 3 0 0 0 0 0 3 3 2 0 0 0 0 0 1 0 3 4 3 2 
2 0 0 3 3 0 2 2 1 4 0 0 3 2 0 0 0 2 1 0 3 4 0 3 0 1 0 0 1 
4 2 0 0 0 0 2 0 0 5 0 0 0 0 0 3 0 0 0 0 3 5 1 0 0 0 0 0 0 
3 0 0 6 4 0 1 2 0 4 0 0 0 1 0 0 2 2 0 0 0 0 0 0 3 0 4 4 3 
4 4 2 0 1 0 0 3 0 5 0 0 3 1 0 0 3 2 2 0 1 2 0 0 0 2 3 3 3 
1 1 1 0 1 5 0 0 0 0 0 0 0 0 0 3 2 0 0 0 0 0 0 0 0 1 1 1 2 
2 2 2 0 2 5 0 0 0 0 0 0 0 0 0 0 0 5 2 0 2 5 0 3 3 0 1 0 0 
0 3 3 0 1 2 0 0 0 1 0 1 0 0 0 0 0 3 1 0 0 4 2 0 2 0 0 3 0 
2 6 0 6 0 0 0 0 0 0 0 0 0 0 0 0 0 0 0 6 0 0 0 5 0 4 2 1 0 
1 2 1 3 0 0 0 0 0 0 0 0 0 1 0 0 0 0 0 0 2 3 1 0 0 0 3 2 0 
3 3 0 0 0 0 0 0 0 0 0 0 0 0 0 0 0 0 0 4 0 2 0 0 0 0 2 0 0 
0 0 0 1 0 0 0 0 0 0 0 0 0 0 0 3 1 0 0 0 3 5 5 0 1 5 0 4 4 
0 0 3 0 0 0 0 0 0 0 0 0 0 0 0 7 0 2 0 0 1 0 2 0 2 6 2 0 0 
0 0 0 0 0 0 0 0 0 0 0 0 0 0 0 4 0 0 0 0 1 0 0 0 2 4 2 0 1 
0 0 0 0 0 0 0 0 0 0 0 0 0 0 0 2 0 0 0 0 3 6 0 5 0 2 1 0 0 
3 0 0 0 0 0 0 0 0 0 0 0 0 0 0 0 0 0 0 0 1 0 1 2 0 3 1 0 1 
2 0 4 0 0 0 0 0 0 0 0 0 0 0 0 0 0 0 0 5 3 3 5 0 2 2 1 0 0 
2 0 0 2 3 0 0 0 0 2 1 0 0 4 1 0 0 0 0 0 2 0 0 1 0 2 0 0 0 
0 0 0 3 6 3 1 3 3 0 0 0 0 0 0 0 0 0 0 0 1 0 0 1 3 0 0 0 0 
3 0 2 0 2 2 2 0 0 0 0 0 0 0 0 0 0 0 0 0 1 2 0 2 4 3 0 4 3 
0 0 0 0 0 1 0 0 0 0 0 0 0 0 0 0 0 0 0 0 0 0 0 1 0 2 1 1 0 
0 3 0 0 0 0 5 3 4 5 0 0 0 8 0 0 0 0 0 6 0 0 5 0 5 0 0 2 0 
0 0 2 3 0 0 0 0 1 0 1 0 0 0 2 0 0 4 1 0 1 1 0 2 0 3 2 0 1 
4 4 2 3 2 0 1 1 0 4 3 1 0 0 0 0 1 5 1 0 0 2 0 0 4 2 0 0 0 
3 2 1 0 3 0 4 1 0 4 0 1 0 0 0 0 0 2 0 0 0 0 0 0 2 1 0 1 0 
0 0 0 0 0 0 0 0 0 2 2 1 0 0 0 0 0 2 0 4 0 0 0 0 0 0 0 2 1 
0 0 0 0 0 0 3 0 0 0 0 0 0 3 2 0 3 0 0 4 3 4 4 4 0 4 5 4 1 
1 0 0 3 0 0 0 0 0 0 0 0 0 0 0 0 0 0 0 4 2 2 2 2 1 1 3 2 0 
300 19
13 15 13 2
13 15 13 17
13 15 12 15
13 15 14 15
22 13 22 9
22 13 22 19
22 13 18 13
22 13 27 13
22 13 22 9
22 13 22 19
22 13 18 13
22 13 27 13
22 19 22 22
22 19 17 19
22 19 26 19
22 19 22 22
18 13 18 10
18 13 18 14
21 5 20 5

2174

2     3   4                           4         3 1 2 3 2 
2 1 2 4 3   2     3           3 3 2           1   3 4 3 2 
2     3 3   2 2 1 4     3 2       2 1   3 4   3   1     1 
4 2         2     5           3         3 5 1             
3     6 4   1 2   4       1     2 2             3   4 4 3 
4 4 2   1     3   5     3 1     3 2 2   1 2       2 3 3 3 
1 1 1   1 5                   3 2                 1 1 1 2 
2 2 2   2 5                       5 2   2 5   3 3   1     
  3 3   1 2       1   1           3 1     4 2   2     3   
2 6   6                               6       5   4 2 1   
1 2 1 3                   1             2 3 1       3 2   
3 3                                   4   2         2     
      1                       3 1       3 5 5   1 5   4 4 
    3 - - - - - - - - - - - - 7 - 2     1   2   2 6 2     
                              4         1       2 4 2   1 
                              2         3 6   5   2 1     
3                                       1   1 2   3 1   1 
2   4                                 5 3 3 5   2 2 1     
2     2 3         2 1 - - 4 1         | 2     1   2       
      3 6 3 1 3 3         ǁ           | 1     1 3         
3   2   2 2 2             ǁ           | 1 2   2 4 3   4 3 
          1               ǁ           |       1   2 1 1   
  3         5 3 4 5 = = = 8 = = = = = 6 = = 5   5     2   
    2 3         1   1     ǁ 2     4 1 | 1 1   2   3 2   1 
4 4 2 3 2   1 1   4 3 1   ǁ     1 5 1 |   2     4 2       
3 2 1   3   4 1   4   1   ǁ       2   |         2 1   1   
                  2 2 1   ǁ       2   4               2 1 
            3             3 2   3     4 3 4 4 4   4 5 4 1 
1     3                               4 2 2 2 2 1 1 3 2   
