29 29
1 0 3 1 0 2 0 2 1 3 0 0 0 4 0 0 0 0 0 0 0 0 3 0 1 1 0 2 2 
3 0 6 0 0 5 0 4 1 1 1 1 0 0 3 3 2 0 0 5 3 1 0 1 5 0 0 6 3 
2 1 2 1 0 0 1 4 0 0 3 3 1 0 1 0 1 0 0 0 2 2 0 0 0 1 2 0 2 
1 4 0 0 0 7 2 0 1 0 0 0 0 5 0 4 0 0 0 5 3 1 0 0 0 0 0 0 0 
2 4 3 0 0 0 3 6 0 0 0 1 1 5 1 2 2 0 0 2 3 2 0 0 5 5 4 0 0 
0 0 2 1 0 0 1 0 0 0 0 0 0 2 1 2 2 0 0 0 2 1 0 1 2 1 1 0 0 
1 4 0 0 0 5 0 4 0 0 0 0 0 0 0 0 0 0 0 0 0 0 5 0 0 0 0 5 3 
1 0 3 3 0 4 1 0 1 3 0 1 2 3 1 0 3 2 1 0 2 0 0 2 2 3 0 3 1 
2 0 2 0 0 0 1 0 0 0 0 0 1 0 0 0 0 1 1 1 0 0 0 4 0 0 0 3 2 
0 0 1 4 0 0 0 0 0 5 0 0 0 6 0 0 3 0 0 0 0 0 0 3 2 5 2 0 0 
0 4 2 2 3 5 2 0 0 0 2 3 1 0 2 0 4 0 3 2 0 0 0 0 2 0 0 0 0 
0 1 3 2 1 1 1 0 0 0 0 0 1 0 1 0 4 0 0 2 0 0 0 5 5 4 1 0 0 
4 0 0 0 0 4 3 0 0 0 1 0 0 3 1 0 0 2 0 2 0 0 0 2 1 3 3 0 0 
0 0 1 1 0 0 0 0 0 0 0 0 0 3 2 1 0 1 0 0 0 0 0 0 0 1 2 0 0 
0 0 0 0 0 0 0 0 0 0 0 0 0 2 1 0 0 0 0 0 0 0 0 2 0 2 2 0 0 
0 3 6 3 1 0 0 0 0 0 0 0 3 0 0 0 4 0 0 3 0 0 0 0 0 0 1 0 0 
0 0 0 2 1 0 0 0 0 0 0 0 0 0 0 0 1 0 0 1 0 0 0 4 3 0 0 0 0 
0 0 4 4 1 0 0 0 0 0 0 0 0 0 0 0 0 0 0 1 0 0 0 2 1 0 0 0 0 
0 0 0 0 0 0 0 0 0 4 0 6 5 0 0 0 0 0 0 5 2 0 0 0 2 0 2 0 0 
0 0 3 0 0 0 0 0 0 0 1 0 0 0 1 0 0 0 0 0 0 0 0 2 5 0 0 0 0 
0 0 0 2 1 0 0 0 0 4 2 0 3 0 3 0 0 0 1 2 0 0 0 0 2 0 0 0 0 
0 0 0 0 0 0 0 0 0 2 0 0 1 0 0 0 0 0 0 0 0 0 0 3 0 2 0 0 0 
0 0 2 0 0 0 1 0 0 0 0 0 0 0 0 0 0 0 0 0 0 0 0 0 2 3 0 0 1 
0 0 0 0 0 0 1 0 3 0 0 5 0 0 0 0 0 0 0 0 0 0 7 5 0 4 4 0 1 
0 0 1 0 0 0 0 0 1 2 1 0 0 0 0 0 1 1 5 3 0 0 0 4 0 3 2 0 0 
1 0 0 0 0 0 5 5 0 3 1 0 0 0 0 0 0 1 0 2 1 0 0 3 0 2 3 0 0 
1 0 4 2 0 0 2 1 2 0 0 3 0 0 0 0 4 3 0 0 0 0 0 1 0 0 2 0 0 
0 0 2 0 0 0 1 0 2 2 0 3 0 0 0 0 3 0 6 0 0 0 7 0 0 0 0 6 3 
2 3 0 3 0 3 0 0 0 0 0 0 0 0 0 0 0 0 4 0 2 1 4 0 2 3 2 2 1 
300 20
1 19 1 16
1 19 1 20
1 19 3 19
3 5 3 1
3 5 3 6
3 5 1 5
3 5 6 5
19 24 19 23
19 24 18 24
19 24 20 24
23 22 23 11
23 22 23 23
23 22 6 22
23 22 27 22
24 18 24 17
24 18 24 19
24 18 27 18
11 23 11 24
11 23 9 23
11 23 12 23

2443

1   3 1   2   2 1 3       4                 3   1 1   2 2 
3   6     5   4 1 1 1 1     3 3 2 - - 5 3 1   1 5     6 3 
2 1 2 1   | 1 4     3 3 1   1   1     | 2 2       1 2   2 
1 4 - - - 7 2   1         5   4       5 3 1               
2 4 3     | 3 6       1 1 5 1 2 2     2 3 2     5 5 4     
    2 1   | 1             2 1 2 2       2 1   1 2 1 1     
1 4       5   4                             5         5 3 
1   3 3   4 1   1 3   1 2 3 1   3 2 1   2   | 2 2 3   3 1 
2   2       1           1         1 1 1     | 4       3 2 
    1 4           5       6     3           | 3 2 5 2     
  4 2 2 3 5 2       2 3 1   2   4   3 2     | | 2         
  1 3 2 1 1 1           1   1   4     2     | 5 5 4 1     
4         4 3       1     3 1     2   2     | 2 1 3 3     
    1 1                   3 2 1   1         |     1 2     
                          2 1               | 2   2 2     
  3 6 3 1               3       4     3     |       1     
      2 1                       1     1     | 4 3         
    4 4 1                             1     | 2 1         
                  4   6 5             5 2   |   2   2     
    3               1       1               | 2 5         
      2 1         4 2   3   3       1 2     |   2         
                  2     1                   | 3   2       
    2       1                               |   2 3     1 
            1   3     5 - - - - - - - - - - 7 5   4 4   1 
    1           1 2 1           1 1 5 3     | 4   3 2     
1           5 5   3 1             1 | 2 1   | 3   2 3     
1   4 2     2 1 2     3         4 3 |       | 1     2     
    2       1   2 2   3         3   6       7         6 3 
2 3   3   3                         4   2 1 4   2 3 2 2 1 
