29 29
2 1 0 0 2 2 4 0 0 6 2 2 4 6 0 4 4 0 3 1 2 0 4 0 0 0 0 5 3 
5 0 0 0 5 0 0 5 3 0 2 3 0 5 0 0 0 0 7 0 6 4 0 2 1 3 2 0 0 
0 2 0 0 0 1 0 0 1 0 0 1 0 1 1 0 0 0 0 2 5 4 0 0 0 0 0 0 0 
0 0 0 0 0 0 0 0 2 0 3 0 6 0 6 0 0 0 6 4 3 1 0 0 2 4 0 0 0 
4 7 4 0 0 3 0 4 3 0 2 0 6 4 0 2 0 0 5 5 5 2 0 0 0 0 0 0 0 
1 4 5 1 0 1 2 5 2 0 3 3 2 2 0 3 3 0 5 3 0 1 0 0 3 0 0 0 0 
2 0 0 0 6 0 0 0 0 6 0 0 0 0 7 0 0 0 8 4 0 0 0 0 4 0 0 3 0 
3 0 4 0 0 1 0 3 1 0 1 2 1 0 0 3 3 2 0 2 0 0 0 0 3 0 0 0 0 
0 0 0 0 0 2 0 0 0 0 5 7 0 0 4 0 1 0 5 3 0 0 0 0 0 0 0 0 0 
3 0 8 2 0 0 0 0 0 0 4 4 1 0 3 4 0 0 1 0 0 0 0 0 0 0 0 0 0 
2 1 0 1 0 4 0 5 0 5 0 0 0 0 0 0 0 0 0 0 5 0 5 7 5 3 0 1 0 
3 1 0 2 0 4 2 0 1 0 3 0 3 0 0 0 3 0 0 0 0 0 0 0 0 0 0 0 0 
0 0 0 0 0 5 0 4 2 0 5 0 0 0 0 2 2 0 0 0 0 0 0 0 0 0 0 0 0 
0 3 6 3 0 0 0 3 2 0 0 4 0 0 4 0 2 0 0 0 0 0 0 0 3 0 6 2 0 
0 2 0 1 0 0 0 0 0 0 0 0 1 0 0 0 0 0 0 0 0 0 0 0 5 4 0 2 0 
0 0 0 0 0 3 3 0 0 0 5 5 4 0 0 0 0 0 0 0 0 0 0 0 4 0 0 0 0 
0 0 0 0 0 0 0 0 0 0 4 0 4 0 0 0 0 0 0 0 0 0 0 6 5 0 0 2 0 
3 0 5 0 6 0 3 0 0 0 2 0 3 0 2 0 0 0 1 0 0 0 0 0 0 0 0 0 2 
0 1 0 0 0 0 0 0 0 0 2 5 0 0 0 0 0 0 0 0 6 2 0 0 0 0 0 0 1 
0 0 4 2 0 0 0 0 0 0 0 5 0 0 0 0 0 5 4 2 0 1 0 0 0 0 0 0 0 
0 0 1 0 0 1 0 3 1 0 0 1 0 0 0 0 0 3 2 0 0 0 0 0 0 0 0 3 3 
0 0 0 0 0 0 0 0 0 0 0 0 0 0 0 0 0 1 0 0 0 0 0 4 3 0 0 0 0 
0 0 0 0 0 0 0 0 0 0 2 0 0 0 0 0 0 2 0 0 0 0 0 3 3 4 0 0 1 
0 2 0 0 5 0 0 5 5 0 4 0 5 0 0 0 0 0 0 0 5 0 0 3 0 3 0 0 1 
4 4 4 3 0 0 1 0 2 0 4 0 0 2 3 0 0 0 0 0 5 0 4 0 0 0 5 2 0 
2 4 3 0 4 1 4 6 1 0 4 0 6 0 5 0 6 0 3 0 4 0 3 2 2 2 3 3 2 
1 6 2 0 2 0 1 2 0 0 1 0 2 1 3 4 4 0 0 0 1 0 2 3 3 0 1 4 2 
0 3 0 6 0 0 0 0 0 6 0 0 0 0 0 0 0 0 0 0 0 5 0 0 0 6 4 3 0 
0 1 0 4 2 1 0 0 0 4 1 2 0 0 0 0 0 0 3 0 0 4 2 3 2 4 4 2 0 
300 361
0 9 0 6
0 9 0 10
0 9 6 9
0 9 0 6
0 9 0 10
0 9 6 9
0 13 0 12
0 13 0 15
0 13 1 13
0 13 0 12
0 13 0 15
0 13 1 13
0 15 0 16
0 15 4 15
0 16 0 18
0 16 5 16
0 16 0 18
0 27 0 22
0 27 0 28
0 27 6 27
1 0 1 4
1 0 0 0
1 0 4 0
1 7 1 4
1 7 1 8
1 7 4 7
3 14 3 12
3 14 2 14
3 14 6 14
3 14 3 12
3 14 6 14
3 18 3 19
3 18 1 18
3 18 4 18
3 18 3 19
3 18 1 18
3 18 4 18
4 1 4 0
4 1 4 2
4 1 2 1
4 1 5 1
4 13 4 12
4 13 5 13
4 13 4 12
4 13 5 13
4 15 5 15
6 9 6 4
6 9 6 14
6 9 10 9
6 9 6 4
6 14 6 18
6 14 8 14
6 18 6 14
6 18 6 19
6 18 5 18
6 18 8 18
8 10 8 11
8 10 7 10
8 10 9 10
9 2 9 0
9 2 9 3
9 2 7 2
9 2 13 2
9 2 9 0
9 2 9 3
9 2 7 2
9 2 13 2
10 23 10 22
10 23 10 24
10 23 1 23
10 23 16 23
12 5 12 7
12 5 11 5
12 5 15 5
13 2 13 1
13 2 13 3
13 2 17 2
13 2 13 1
14 1 13 1
14 1 18 1
14 24 14 25
14 24 13 24
14 24 15 24
15 24 14 24
15 24 16 24
15 24 14 24
17 2 17 4
17 2 19 2
17 2 17 4
17 2 19 2
17 4 17 6
17 4 6 4
17 4 23 4
17 4 17 6
19 2 19 3
19 2 20 2
19 3 24 3
19 11 19 17
19 11 18 11
19 11 20 11
23 1 24 1
23 4 23 7
23 4 25 4
23 4 23 7
23 4 25 4
23 12 23 10
23 12 23 20
23 12 25 12
25 16 25 14
25 16 25 18
25 16 26 16
25 16 25 14
25 16 25 18
25 16 26 16
26 15 26 14
26 15 26 16
26 15 26 14
26 15 26 16
28 9 28 5
28 9 28 10
28 9 27 9
28 9 27 9
28 11 28 18
28 11 28 18
0 6 0 5
0 12 0 11
0 12 3 12
1 13 2 13
4 12 4 10
4 12 3 12
4 12 5 12
4 12 4 10
5 7 5 6
5 7 5 8
5 7 4 7
5 10 5 11
5 12 5 11
5 15 5 16
6 14 8 14
6 18 6 19
6 18 5 18
6 18 8 18
6 19 5 19
6 19 7 19
7 2 7 0
7 2 5 2
7 19 8 19
10 3 11 3
11 3 13 3
13 3 14 3
20 5 20 7
23 1 24 1
27 9 27 3
27 9 27 21
27 9 10 9
27 9 27 3
28 4 28 3
28 18 28 21
28 21 28 22
28 21 27 21
28 21 28 22
0 6 0 5
0 11 1 11
2 11 1 11
3 12 3 10
3 12 3 10
5 10 5 11
5 15 5 16
6 4 1 4
12 10 12 15
12 10 11 10
12 10 15 10
13 11 13 14
13 11 15 11
13 11 13 14
13 11 15 11
13 14 13 16
13 14 17 14
13 16 12 16
14 12 15 12
15 12 15 11
15 12 16 12
15 12 15 11
16 12 16 10
16 12 17 12
16 12 16 10
16 23 16 24
16 23 10 23
16 23 21 23
16 23 16 24
16 23 21 23
17 6 15 6
23 8 23 7
23 8 20 8
23 8 24 8
24 10 23 10
24 10 25 10
24 10 23 10
24 10 25 10
25 10 25 12
25 10 26 10
25 12 25 14
25 12 23 12
25 12 26 12
25 12 25 14
25 18 25 20
26 12 26 13
26 14 25 14
27 3 27 1
27 3 24 3
27 3 28 3
27 3 27 1
27 21 27 25
27 21 19 21
27 21 27 25
27 25 27 26
27 25 25 25
27 25 28 25
27 25 27 26
28 3 28 1
28 3 28 4
28 23 28 24
28 25 28 24
28 25 28 26
28 25 28 26
28 26 28 27
28 26 27 26
28 27 27 27
1 10 1 11
1 10 3 10
2 1 4 1
2 5 4 5
4 2 4 1
4 2 5 2
4 2 4 1
5 1 5 0
5 1 5 2
5 1 5 2
5 2 5 3
6 0 7 0
6 4 1 4
15 6 15 5
15 11 15 10
16 10 15 10
16 10 17 10
17 12 17 10
17 12 17 14
21 23 21 24
21 23 22 23
23 10 23 12
23 20 18 20
23 20 24 20
23 20 18 20
23 20 24 20
24 3 24 2
24 13 24 14
25 4 25 5
25 4 26 4
25 6 25 7
25 6 24 6
25 6 26 6
25 6 25 7
25 7 25 8
25 7 23 7
25 7 26 7
25 7 23 7
25 20 24 20
25 20 26 20
25 20 24 20
27 1 26 1
27 26 27 27
27 27 26 27
0 4 0 1
0 4 1 4
1 0 0 0
1 0 4 0
1 7 1 8
1 7 4 7
1 8 2 8
3 8 4 8
4 5 4 7
4 5 5 5
4 8 3 8
4 8 5 8
5 6 5 7
6 0 7 0
9 0 10 0
15 6 15 5
15 10 12 10
18 20 18 11
18 20 18 21
18 20 10 20
18 20 18 11
18 21 5 21
19 19 19 18
20 7 13 7
20 7 13 7
23 8 24 8
24 2 24 1
24 2 25 2
24 2 24 1
24 13 24 14
24 14 24 20
26 1 26 0
26 1 26 2
26 1 25 1
7 17 7 16
8 19 8 18
10 20 10 9
10 20 4 20
10 20 10 9
10 20 4 20
12 5 12 7
12 5 11 5
19 19 19 18
24 0 17 0
24 0 25 0
24 0 17 0
24 0 25 0
25 1 25 2
25 1 26 1
25 1 25 2
26 1 26 2
7 17 7 16
8 19 8 18
9 10 9 11
9 10 8 10
9 10 9 11
9 11 9 12
9 11 8 11
10 9 10 7
11 0 11 1
11 0 10 0
11 0 17 0
11 5 11 6
11 5 10 5
11 6 11 8
12 7 12 8
12 7 13 7
12 8 13 8
19 18 19 17
19 18 20 18
20 18 20 17
7 8 7 7
7 12 7 11
8 10 8 11
8 11 8 14
8 11 7 11
8 11 8 14
9 14 9 15
10 5 10 7
10 5 8 5
10 5 10 7
10 7 7 7
8 5 7 5
9 14 9 15
10 7 7 7
9 14 9 15
9 15 9 18
7 15 7 16
8 16 8 18

4161

2 1 - - 2 2 4 = = 6 2 2 4 6 = 4 4 = 3 1 2   4 - - - - 5 3 
5 - - - 5 - - 5 3 ǁ 2 3 | 5   | |   7   6 4   2 1 3 2 |   
ǁ 2     ǁ 1   ǁ 1 ǁ | 1 | 1 1 | |   ǁ 2 5 4   |       |   
ǁ ǁ     ǁ |   ǁ 2 ǁ 3 = 6 = 6 | |   6 4 3 1   | 2 4   |   
4 7 4   ǁ 3 - 4 3 ǁ 2 = 6 4 ǁ 2 |   5 5 5 2   |       |   
1 4 5 1 ǁ 1 2 5 2 ǁ 3 3 2 2 ǁ 3 3   5 3 ǁ 1   | 3     |   
2   |   6 = = = = 6 - - - - 7 = = = 8 4 ǁ |   | 4     3   
3 - 4   | 1   3 1 | 1 2 1   ǁ 3 3 2 ǁ 2 ǁ |   | 3         
    ǁ   | 2   ǁ   | 5 7 = = 4   1 - 5 3 ǁ |   |           
3 = 8 2 | |   ǁ   | 4 4 1   3 4 - - 1   ǁ |   |           
2 1 ǁ 1 | 4 = 5 - 5 = = = = = = = = = = 5 | 5 7 5 3   1   
3 1 ǁ 2 | 4 2 - 1 | 3   3       3       | |   ǁ           
|   ǁ | | 5 = 4 2 | 5 - - - - 2 2       | |   ǁ           
| 3 6 3 | |   3 2 | ǁ 4 = = 4 - 2       | |   ǁ 3   6 2   
| 2 | 1 | |   ǁ   | ǁ ǁ 1   |           | |   ǁ 5 4   2   
| | |   | 3 3 ǁ   | 5 5 4   |           | |   ǁ 4         
| | |   |   | ǁ   | 4 = 4   |           | |   6 5     2   
3 | 5 = 6 = 3 ǁ   | 2 - 3 - 2       1   | |   ǁ         2 
ǁ 1 ǁ   |     ǁ   | 2 5 = = = = = = = = 6 2   ǁ         1 
ǁ   4 2 |     ǁ   |   5 - - - - - 5 4 2 ǁ 1   ǁ           
ǁ   1 | | 1 - 3 1 |   1           3 2   ǁ |   ǁ       3 3 
ǁ     | |       | |               1     ǁ |   4 3         
ǁ     | |       | | 2             2     ǁ |   3 3 4     1 
ǁ 2   | 5 = = 5 5 | 4 = 5 - - - - - - - 5 |   3   3     1 
4 4 4 3 ǁ   1 ǁ 2 | 4   ǁ 2 3 - - - - - 5 | 4       5 2   
2 4 3 | 4 1 4 6 1 | 4 - 6 = 5 = 6 = 3 - 4 | 3 2 2 2 3 3 2 
1 6 2 | 2   1 2   | 1   2 1 3 4 4       1 | 2 3 3 | 1 4 2 
  3 = 6 = = = = = 6 - - - - - - - - - - - 5 = = = 6 4 3   
  1 - 4 2 1 - - - 4 1 2 = = = = = = 3 - - 4 2 3 2 4 4 2   
