29 29
2 0 3 2 4 0 0 0 0 0 0 0 0 0 0 0 0 0 0 0 5 0 0 0 0 4 1 1 2 
4 0 6 0 6 2 4 0 0 0 0 4 2 2 0 0 4 0 0 4 0 2 4 1 0 0 0 0 0 
0 2 7 2 0 3 8 0 0 0 0 0 0 0 0 0 0 0 0 6 3 0 7 2 0 0 4 7 6 
6 4 0 1 0 0 0 2 0 0 0 3 2 0 1 0 5 4 2 0 2 0 8 5 1 0 0 0 0 
2 2 0 0 0 0 0 0 4 0 5 0 0 0 0 0 6 2 0 0 1 0 3 4 2 0 0 0 2 
1 0 5 3 0 1 4 0 2 1 7 0 0 5 5 1 0 3 0 7 0 0 0 0 0 6 3 0 2 
4 2 3 2 0 2 4 0 0 0 3 3 2 1 2 0 0 4 2 3 0 0 2 2 1 0 2 0 0 
3 0 5 0 7 0 0 7 0 0 0 0 0 0 0 0 7 0 0 0 0 0 0 0 0 7 0 8 4 
3 1 0 2 0 2 0 0 2 4 0 0 0 0 0 0 8 0 2 2 0 3 2 4 2 0 1 0 2 
0 0 0 0 0 6 0 8 0 0 0 0 0 0 3 1 6 0 0 0 0 5 4 0 2 0 0 0 0 
3 2 5 6 0 4 2 4 3 3 2 5 0 0 3 2 5 0 0 0 0 4 2 0 0 0 3 4 0 
0 2 0 4 0 4 0 4 0 2 0 0 2 0 0 0 5 0 0 0 0 0 0 6 4 0 2 4 0 
0 0 0 0 0 2 1 0 5 0 0 7 0 0 0 0 0 0 0 0 0 0 0 0 0 7 0 7 5 
3 0 0 0 5 0 0 0 5 5 2 0 2 4 4 3 0 0 0 0 5 0 0 1 2 0 0 0 0 
0 4 4 0 0 0 3 1 0 0 2 0 0 2 0 3 4 4 2 0 0 1 0 3 0 0 0 0 1 
0 2 0 0 0 0 0 0 0 4 4 0 6 0 7 0 0 0 0 0 6 0 0 6 5 0 2 0 2 
0 3 7 4 0 1 0 0 0 1 0 0 0 2 0 2 2 4 0 0 0 3 3 0 0 0 0 0 0 
0 2 0 2 0 0 0 0 0 1 0 0 0 0 0 6 2 4 0 0 0 0 0 0 4 0 0 0 0 
0 0 0 0 0 0 0 0 0 0 0 0 0 0 0 0 2 0 0 0 0 0 2 4 0 0 0 0 0 
0 0 0 2 0 4 4 0 0 0 0 0 0 3 0 0 0 0 0 0 0 0 0 0 0 0 0 0 0 
0 0 0 0 0 0 5 2 0 5 0 5 0 0 0 0 0 0 0 0 0 0 0 0 0 0 0 0 4 
3 0 7 4 0 0 2 0 0 2 0 0 0 0 0 0 4 7 4 2 0 0 4 4 0 0 0 0 0 
2 2 5 2 0 0 0 0 0 2 3 0 0 0 2 0 0 0 0 0 0 0 0 0 0 0 0 0 0 
6 4 0 0 0 0 2 0 7 3 0 0 0 0 1 0 0 0 0 0 0 0 2 0 2 0 0 0 0 
0 4 8 3 0 0 4 0 6 2 2 0 0 0 0 0 0 0 0 0 0 0 0 0 0 0 0 0 0 
0 2 2 1 0 0 2 0 0 0 0 0 0 3 4 7 0 5 2 0 0 0 0 0 0 0 0 0 0 
0 0 2 0 5 6 0 0 0 0 0 5 0 0 0 1 0 0 0 0 0 0 0 0 0 0 3 5 5 
0 2 0 0 4 6 0 2 2 0 0 4 4 6 0 0 0 0 0 0 0 4 0 0 0 8 2 2 2 
4 0 0 0 0 6 0 0 0 4 2 3 2 2 3 0 0 0 0 0 6 0 0 0 0 5 3 2 0 
300 488
0 20 0 4
0 20 0 25
0 20 2 20
1 19 1 16
1 19 2 19
1 19 1 16
1 19 2 19
2 2 2 1
2 2 2 3
2 2 1 2
2 2 5 2
2 6 2 5
2 6 2 19
2 6 1 6
2 6 5 6
2 6 2 5
2 6 2 19
2 6 1 6
2 6 5 6
2 22 2 20
2 22 2 23
2 22 1 22
2 22 3 22
2 27 2 26
2 27 2 28
2 27 0 27
2 27 7 27
2 28 2 27
2 28 0 28
2 28 4 28
2 28 2 27
2 28 0 28
3 0 3 1
3 0 1 0
3 0 4 0
3 0 3 1
3 0 1 0
3 0 4 0
3 1 2 1
3 1 4 1
3 16 3 14
3 16 3 17
3 16 4 16
3 22 3 20
3 22 3 23
3 22 2 22
3 22 4 22
3 22 3 20
3 22 3 23
3 22 2 22
4 1 6 1
4 8 4 10
4 8 5 8
4 8 4 10
4 8 5 8
4 28 5 28
5 0 6 0
5 6 5 5
5 6 6 6
5 10 5 9
5 10 5 13
5 10 4 10
5 10 6 10
5 14 5 13
5 14 5 15
5 14 6 14
5 19 5 17
5 19 5 25
5 19 2 19
5 19 6 19
5 28 7 28
6 0 6 1
6 0 7 0
6 0 7 0
7 4 7 2
7 4 7 7
7 4 1 4
7 4 13 4
7 16 7 7
7 16 7 25
7 16 4 16
7 16 8 16
7 27 7 25
7 27 7 28
7 27 2 27
7 27 10 27
7 28 7 27
7 28 8 28
8 16 8 9
8 16 8 18
8 16 7 16
8 16 9 16
8 16 8 9
8 16 8 18
8 16 7 16
8 28 12 28
9 5 9 7
9 5 8 5
9 5 10 5
9 5 9 7
9 5 8 5
9 5 10 5
9 7 9 14
9 7 7 7
9 7 10 7
9 16 9 15
9 16 9 21
9 16 10 16
10 3 10 2
10 3 8 3
10 3 11 3
10 3 10 2
10 3 8 3
10 3 11 3
10 5 10 6
10 5 11 5
10 11 10 10
10 11 10 14
10 11 12 11
11 3 11 1
11 3 16 3
11 5 11 7
11 5 12 5
11 5 11 7
12 25 12 11
12 25 12 27
12 25 7 25
12 25 27 25
12 28 12 27
12 28 14 28
12 28 12 27
12 28 12 27
13 20 13 15
13 20 13 23
13 20 15 20
13 24 15 24
14 2 14 1
14 2 16 2
14 2 14 1
14 2 16 2
15 14 15 12
15 14 15 20
15 14 13 14
15 14 22 14
16 2 16 1
16 2 16 3
16 2 21 2
17 15 17 16
17 15 16 15
17 15 25 15
17 15 17 16
17 15 16 15
17 15 25 15
20 6 20 7
20 6 19 6
20 6 21 6
20 11 20 9
20 11 12 11
20 11 26 11
20 28 15 28
20 28 26 28
20 28 15 28
20 28 26 28
21 16 21 17
21 16 18 16
21 16 21 17
21 16 18 16
21 17 21 18
21 17 17 17
21 17 25 17
21 23 21 22
21 23 18 23
21 23 21 22
21 23 18 23
23 0 23 1
23 0 22 0
23 0 28 0
23 0 23 1
23 0 22 0
23 0 28 0
23 8 23 6
23 8 23 9
23 8 13 8
23 8 24 8
24 2 24 1
24 2 24 3
24 2 22 2
24 2 25 2
24 2 24 1
24 2 24 3
24 2 22 2
24 2 25 2
25 15 25 14
25 15 25 17
25 15 26 15
26 2 26 4
26 2 26 4
27 25 27 21
27 25 27 26
27 25 12 25
27 25 28 25
28 0 28 5
28 0 28 5
28 5 28 9
28 5 27 5
28 20 28 14
28 20 28 25
28 20 15 20
28 20 28 14
28 20 28 25
28 20 15 20
1 0 1 2
1 0 0 0
1 2 1 4
1 2 0 2
1 2 2 2
1 2 1 4
1 4 1 5
1 4 0 4
1 4 7 4
1 6 1 5
1 6 1 11
1 11 1 12
1 16 1 13
1 21 1 22
2 2 2 3
2 2 5 2
3 3 5 3
3 12 3 11
3 18 3 17
4 20 4 22
4 22 4 23
4 23 4 24
4 23 3 23
4 23 4 24
5 10 5 13
5 10 4 10
5 10 6 10
5 14 5 13
5 14 6 14
6 5 6 6
6 6 6 5
6 6 6 10
6 11 6 12
6 17 6 18
6 17 5 17
6 17 6 18
6 17 5 17
7 27 7 25
7 27 10 27
8 8 8 9
8 9 8 8
8 19 8 21
8 26 10 26
9 7 9 14
9 7 7 7
9 7 10 7
9 14 10 14
9 16 9 21
9 16 10 16
10 6 10 7
10 7 10 8
10 27 10 26
10 27 11 27
11 7 11 9
11 7 14 7
11 12 11 16
11 23 11 16
11 23 11 24
11 23 8 23
11 23 11 16
11 23 11 24
11 23 8 23
11 24 9 24
11 27 11 26
11 27 12 27
11 27 11 26
13 4 7 4
13 4 26 4
13 4 26 4
13 24 15 24
14 1 11 1
14 1 15 1
14 13 13 13
14 16 14 15
14 16 14 17
14 16 14 15
14 16 14 17
14 17 14 18
14 18 14 17
15 1 16 1
15 10 15 9
15 10 14 10
15 10 15 9
15 10 14 10
15 12 15 14
15 12 13 12
15 12 27 12
15 12 13 12
15 12 27 12
15 20 15 14
15 20 15 23
15 23 15 24
15 23 14 23
15 23 18 23
15 23 15 24
15 23 14 23
15 24 17 24
15 26 26 26
16 3 16 2
16 3 17 3
16 13 19 13
16 16 16 17
16 17 16 16
16 17 17 17
16 17 17 17
17 3 19 3
17 17 21 17
17 24 23 24
18 23 18 22
19 3 21 3
20 7 20 6
21 3 21 2
21 3 22 3
21 3 21 2
21 19 21 18
21 22 18 22
21 22 23 22
23 1 22 1
23 1 24 1
23 22 23 24
24 1 25 1
25 1 27 1
25 3 24 3
25 6 24 6
25 15 25 14
25 15 25 17
27 1 27 4
27 4 27 5
27 4 26 4
27 4 27 5
27 5 27 7
27 5 26 5
27 5 28 5
27 7 27 8
27 13 27 12
27 13 25 13
27 13 28 13
27 13 27 12
27 13 25 13
27 13 28 13
27 21 27 25
27 21 16 21
27 21 16 21
27 25 27 26
27 25 28 25
28 5 28 9
28 9 28 10
28 9 24 9
28 12 28 11
28 12 28 11
28 14 25 14
28 25 28 26
28 26 28 27
28 26 28 27
0 0 0 2
0 2 0 3
0 3 0 4
0 4 0 20
1 11 1 12
1 13 1 16
1 21 1 22
1 22 1 23
3 7 3 11
3 12 3 11
3 18 3 17
3 23 3 24
3 23 2 23
4 10 4 16
4 16 4 17
4 16 3 16
4 16 7 16
4 17 3 17
5 13 6 13
5 19 5 25
5 19 2 19
5 19 6 19
5 25 5 26
5 25 0 25
5 25 7 25
5 25 5 26
6 11 6 12
6 19 6 22
6 22 6 23
6 23 6 24
6 26 5 26
7 7 7 4
7 25 12 25
8 19 8 21
8 23 8 22
8 23 8 24
8 24 9 24
10 8 10 9
11 12 11 16
11 16 10 16
13 13 13 14
13 13 14 13
13 13 13 14
13 14 13 15
13 20 13 15
14 21 14 23
15 9 13 9
15 9 16 9
15 14 22 14
15 26 26 26
16 13 19 13
16 21 16 22
17 1 16 1
17 1 22 1
17 9 20 9
19 13 25 13
21 0 13 0
21 2 16 2
21 2 22 2
21 2 22 2
21 2 22 2
21 19 21 18
23 14 25 14
25 6 24 6
26 5 19 5
26 11 20 11
26 11 27 11
26 11 27 11
26 11 27 11
26 26 26 27
27 8 24 8
27 11 28 11
28 10 24 10
0 25 0 20
0 25 0 26
2 20 2 22
10 8 10 9
21 0 13 0
21 18 21 17
24 6 24 8
24 6 23 6
24 8 24 9
24 8 23 8
24 8 23 8
24 10 22 10
25 17 25 18
25 17 25 18
26 5 19 5
13 0 10 0
19 5 19 6
19 5 16 5
19 6 14 6
19 6 20 6
22 10 22 9
23 9 23 8
23 9 22 9
12 5 12 6
13 8 13 9
13 8 12 8
13 8 13 9
13 8 12 8
21 9 20 9
12 8 12 11
13 9 13 10
13 10 13 9
20 9 20 11
20 9 21 9
11 9 10 9
12 8 12 11
12 11 12 25
12 11 10 11
12 27 26 27
12 27 26 27
10 10 10 11
10 14 10 15
10 15 10 16
10 16 10 21
10 21 10 22
10 21 9 21
10 21 10 22
9 22 9 21
9 22 8 22
9 22 9 21

3335

2 - 3 2 4 = = = = = = = = = = = = = = = 5 = = = = 4 1 1 2 
4 - 6 = 6 2 4 - - - - 4 2 2 = = 4 = = 4 | 2 4 1   |   | ǁ 
ǁ 2 7 2 ǁ 3 8 = = = = = = = = = = = = 6 3 = 7 2   | 4 7 6 
6 4 ǁ 1 ǁ   ǁ 2 - - - 3 2   1 - 5 4 2 ǁ 2 = 8 5 1 |   ǁ | 
2 2 ǁ | ǁ   ǁ   4 = 5 - - - - - 6 2   ǁ 1 - 3 4 2 |   ǁ 2 
1 | 5 3 ǁ 1 4   2 1 7 = = 5 5 1 ǁ 3 - 7 = = = = = 6 3 ǁ 2 
4 2 3 2 ǁ 2 4 - - - 3 3 2 1 2   ǁ 4 2 3 - - 2 2 1 | 2 ǁ | 
3   5 - 7 = = 7 - - - - - - - - 7 - - - - - - - - 7 = 8 4 
3 1   2 ǁ 2   ǁ 2 4 = = = = = = 8 = 2 2 = 3 2 4 2 ǁ 1 ǁ 2 
      ǁ ǁ 6 = 8 = = = = = = 3 1 6 = = = = 5 4 ǁ 2 ǁ | ǁ | 
3 2 5 6 ǁ 4 2 4 3 3 2 5 - - 3 2 5 - - - - 4 2 ǁ | ǁ 3 4 | 
| 2 - 4 ǁ 4 = 4 - 2   ǁ 2 = = = 5 = = = = = = 6 4 ǁ 2 4 | 
| |   | ǁ 2 1 | 5 = = 7 = = = = = = = = = = = = = 7 - 7 5 
3 |   | 5     | 5 5 2 | 2 4 4 3 = = = = 5 - - 1 2 ǁ   ǁ | 
ǁ 4 4 | ǁ   3 1 | | 2 | ǁ 2 | 3 4 4 2   | 1 - 3 ǁ ǁ   ǁ 1 
ǁ 2 ǁ | ǁ   |   | 4 4 | 6 = 7 = = = = = 6 - - 6 5 ǁ 2 ǁ 2 
ǁ 3 7 4 ǁ 1 |   | 1   | ǁ 2 ǁ 2 2 4     ǁ 3 3 | | ǁ ǁ ǁ ǁ 
ǁ 2 ǁ 2 ǁ | |   | 1   | ǁ ǁ ǁ 6 2 4     ǁ ǁ   | 4 ǁ ǁ ǁ ǁ 
ǁ | ǁ | ǁ | |   | |   | ǁ ǁ ǁ ǁ 2 ǁ     ǁ ǁ 2 4 | ǁ ǁ ǁ ǁ 
ǁ | ǁ 2 ǁ 4 4   | |   | ǁ 3 ǁ ǁ ǁ ǁ     ǁ ǁ | ǁ | ǁ ǁ ǁ ǁ 
ǁ | ǁ | ǁ ǁ 5 2 | 5 = 5 ǁ | ǁ ǁ ǁ ǁ     ǁ ǁ | ǁ | ǁ ǁ ǁ 4 
3 | 7 4 ǁ ǁ 2   | 2   ǁ ǁ | ǁ ǁ 4 7 4 2 ǁ ǁ 4 4 | ǁ ǁ ǁ ǁ 
2 2 5 2 ǁ ǁ     | 2 3 ǁ ǁ | 2 ǁ   |     ǁ ǁ |   | ǁ ǁ ǁ ǁ 
6 4 ǁ   ǁ ǁ 2 - 7 3 | ǁ ǁ | 1 ǁ   |     ǁ ǁ 2 - 2 ǁ ǁ ǁ ǁ 
ǁ 4 8 3 ǁ ǁ 4 - 6 2 2 ǁ ǁ | | ǁ   |     ǁ ǁ       ǁ ǁ ǁ ǁ 
ǁ 2 2 1 ǁ ǁ 2   | | | ǁ ǁ 3 4 7 = 5 2   ǁ ǁ       ǁ ǁ ǁ ǁ 
ǁ | 2 = 5 6     | | | 5 ǁ ǁ | 1         ǁ ǁ       ǁ 3 5 5 
ǁ 2 - - 4 6 - 2 2 | | 4 4 6 |           ǁ 4 = = = 8 2 2 2 
4 = = = = 6 = = = 4 2 3 2 2 3 = = = = = 6 = = = = 5 3 2   
