29 29
2 3 0 0 0 0 0 0 0 0 0 0 0 0 0 0 0 3 2 4 0 0 3 1 0 3 0 3 4 
3 0 0 0 0 0 0 0 0 0 0 0 0 1 3 4 2 0 0 0 2 4 4 4 3 0 2 0 0 
0 1 0 0 5 0 0 0 0 0 0 0 0 0 5 0 0 5 4 4 1 0 2 0 3 0 0 0 0 
0 1 2 0 5 0 0 0 0 3 4 2 2 3 0 3 1 0 4 0 0 8 4 0 0 0 0 0 0 
0 4 0 0 0 0 0 0 0 3 0 0 2 0 0 3 2 0 0 2 1 0 2 0 0 0 4 0 5 
0 5 4 5 0 4 3 5 3 0 3 0 4 5 0 0 3 0 3 0 0 0 1 0 0 0 3 1 0 
0 0 0 0 2 4 3 0 1 0 0 0 0 0 0 0 0 0 2 4 2 0 0 0 0 0 0 0 0 
0 0 0 0 4 5 6 5 1 0 0 0 0 0 2 0 2 0 3 0 0 5 3 3 4 4 7 0 5 
0 3 0 3 0 1 0 3 0 0 0 0 4 0 0 0 0 0 0 3 1 0 3 3 0 0 0 2 0 
0 0 0 0 0 0 2 2 0 0 0 0 3 0 0 0 0 0 5 6 1 0 2 3 0 0 3 3 0 
0 0 0 1 0 0 0 0 0 0 0 0 3 0 0 0 0 0 0 0 0 0 3 0 0 0 4 2 0 
0 1 0 0 0 0 2 0 0 0 0 0 0 0 0 0 0 0 0 0 0 0 3 4 6 6 6 3 0 
0 0 0 0 0 0 0 0 0 0 4 4 4 0 0 0 0 0 0 0 0 0 0 0 0 4 2 2 0 
6 0 5 0 4 0 6 5 4 0 3 0 0 0 0 0 0 0 0 0 2 0 0 0 0 0 0 0 0 
0 3 4 0 6 3 2 0 4 0 0 0 0 0 2 0 0 0 0 0 0 0 0 0 0 0 0 0 0 
0 3 0 0 0 0 0 0 0 0 0 0 1 0 0 0 0 0 2 0 0 0 0 0 2 6 0 0 3 
0 3 0 0 2 5 3 3 4 0 2 0 0 0 3 0 0 0 1 0 0 0 0 0 0 0 4 2 0 
0 0 0 0 0 4 0 5 3 0 0 0 0 0 0 0 3 0 0 0 0 0 0 0 0 0 0 0 0 
0 6 6 0 0 0 0 0 0 6 0 4 0 7 4 0 0 0 0 0 0 0 0 0 0 0 0 0 0 
0 4 0 4 0 0 0 5 1 0 1 2 0 5 2 0 0 0 2 5 5 0 0 0 3 7 5 2 0 
0 2 0 3 0 0 0 5 0 6 3 0 0 0 0 5 5 0 1 1 0 0 0 0 3 1 0 0 0 
0 2 5 0 0 0 5 4 2 0 3 0 4 2 0 1 2 0 5 0 5 0 0 0 6 0 3 0 0 
0 0 0 0 1 2 4 3 1 0 0 0 2 1 2 0 3 0 3 0 2 0 0 0 3 1 0 0 0 
0 0 5 0 5 4 0 0 1 0 4 0 0 0 0 0 0 4 0 0 0 5 0 6 0 0 0 4 0 
0 0 0 0 2 2 0 0 0 0 4 5 0 4 0 0 0 5 0 3 2 0 1 5 3 4 0 5 2 
0 0 6 0 0 0 7 5 4 0 3 3 3 6 2 0 0 6 3 4 2 0 0 4 0 4 1 0 1 
0 0 4 4 4 2 3 3 3 0 2 2 0 5 3 1 1 4 0 4 1 0 0 3 0 6 3 0 0 
4 5 0 0 0 0 0 0 0 6 0 0 0 0 0 0 0 0 0 0 0 2 0 2 1 0 1 0 0 
1 2 0 0 1 2 0 3 0 4 0 0 0 0 0 0 0 0 0 0 0 0 4 0 0 5 0 4 2 
300 229
0 28 0 27
0 28 4 28
0 28 0 27
0 28 4 28
2 4 2 1
2 4 2 14
2 4 3 4
3 21 3 18
3 21 3 22
3 21 1 21
3 21 7 21
3 21 3 18
3 21 3 22
3 21 1 21
3 21 7 21
3 22 2 22
3 22 4 22
5 1 5 2
5 1 4 1
5 1 8 1
5 3 5 2
5 3 5 5
5 3 8 3
5 7 5 6
5 7 5 8
5 7 7 7
7 26 7 25
7 26 7 28
7 26 5 26
7 26 9 26
8 27 9 27
13 0 13 2
13 0 1 0
13 0 27 0
13 0 13 2
13 0 1 0
13 0 27 0
18 1 18 2
18 1 16 1
18 1 19 1
18 1 18 2
18 1 16 1
18 1 19 1
18 2 18 9
18 2 14 2
18 2 21 2
18 2 18 9
18 9 18 11
18 9 4 9
18 9 20 9
18 9 18 11
18 13 18 11
18 13 18 14
18 13 5 13
18 13 19 13
19 1 20 1
19 3 19 7
19 3 20 3
19 3 19 7
19 3 20 3
19 25 19 24
19 25 19 26
19 25 15 25
19 25 20 25
20 9 20 7
20 9 20 10
20 9 27 9
20 9 20 7
20 9 20 10
21 6 21 2
21 6 21 7
21 6 22 6
23 2 23 4
23 2 21 2
23 2 25 2
25 2 25 6
25 2 23 2
25 2 26 2
26 2 26 3
26 2 25 2
26 2 26 3
26 3 26 4
26 13 26 11
26 13 26 14
26 13 25 13
27 0 27 1
27 0 28 0
27 9 27 1
27 9 27 21
27 9 28 9
27 9 27 1
27 9 27 21
28 9 28 7
28 9 28 22
28 9 28 7
28 22 28 25
28 22 24 22
28 22 28 25
1 21 1 20
1 21 1 22
2 4 2 14
2 4 3 4
8 12 5 12
8 12 9 12
8 12 5 12
8 12 9 12
8 27 9 27
9 12 10 12
9 18 9 19
9 18 7 18
9 18 15 18
10 3 8 3
10 12 12 12
15 12 12 12
16 1 15 1
16 10 13 10
17 5 17 7
17 5 16 5
17 5 17 7
17 5 16 5
19 1 20 1
19 8 19 7
19 25 19 24
19 25 19 26
19 25 15 25
20 3 20 7
23 21 23 17
23 21 23 23
23 21 7 21
24 23 24 24
24 23 23 23
24 23 25 23
25 2 25 6
25 6 25 7
25 6 22 6
25 6 26 6
26 3 26 4
26 4 26 5
28 5 28 4
28 5 28 7
10 12 12 12
12 12 12 11
15 1 14 1
15 25 15 24
15 25 15 28
15 25 12 25
15 25 15 24
16 10 13 10
16 26 16 27
16 26 19 26
16 26 16 27
16 26 19 26
19 7 20 7
19 20 19 19
19 20 13 20
19 20 21 20
19 24 20 24
20 24 21 24
21 24 21 26
21 24 20 24
21 24 22 24
21 24 21 26
21 24 22 24
26 4 26 5
28 1 27 1
28 1 27 1
11 24 11 23
11 24 11 25
11 24 7 24
11 24 11 23
11 24 11 25
11 24 7 24
11 25 11 26
11 25 7 25
11 25 12 25
11 25 11 26
11 26 11 27
11 26 10 26
11 26 12 26
11 26 11 27
12 25 12 26
12 27 11 27
13 10 12 10
15 1 14 1
19 7 20 7
21 1 21 2
21 1 21 2
23 2 23 4
10 26 10 27
10 26 9 26
10 26 10 27
12 10 12 11
12 10 5 10
12 10 12 11
12 11 3 11
14 1 14 2
14 2 14 4
14 2 13 2
14 4 14 5
14 4 13 4
14 4 16 4
14 4 14 5
14 4 13 4
16 4 16 5
18 11 18 13
5 10 3 10
5 12 5 13
5 12 4 12
9 27 9 26
5 10 3 10
7 26 7 25
7 26 7 28
7 26 5 26
0 25 0 23
0 25 0 27
0 25 7 25
1 26 4 26
3 10 3 9
3 10 3 11
4 22 5 22
5 27 5 26
7 24 7 23
7 24 2 24
1 26 4 26
4 26 4 28
4 26 4 28
4 28 7 28
7 28 15 28
7 28 15 28

4200

2 3                               3 2 4     3 1 - 3 - 3 4 
3                         1 3 4 2       2 4 4 4 3 | 2   ǁ 
ǁ 1 - - 5 = = = = = = = = = 5     5 4 4 1 ǁ 2   3 | ǁ   ǁ 
ǁ 1 2   5         3 4 2 2 3   3 1   4 = = 8 4   | | ǁ   ǁ 
ǁ 4               3 ǁ | 2     3 2     2 1 ǁ 2   | | 4 = 5 
ǁ 5 4 5 - 4 3 5 3 | 3 | 4 5     3   3     ǁ 1   | | 3 1 | 
ǁ |   | 2 4 3 | 1 | | | ǁ |         2 4 2 ǁ     | | ǁ   | 
ǁ |   | 4 5 6 5 1 | | | ǁ | 2   2   3     5 3 3 4 4 7 = 5 
ǁ 3   3   1   3   | | | 4 |         | 3 1 | 3 3 ǁ | | 2 ǁ 
ǁ     |     2 2   | | | 3 |         5 6 1 | 2 3 ǁ | 3 3 ǁ 
ǁ     1           | | | 3 |         |     | 3   ǁ | 4 2 ǁ 
ǁ 1         2     | | | ǁ |         |     | 3 4 6 6 6 3 ǁ 
ǁ                 | 4 4 4 |         |     |       4 2 2 ǁ 
6 = 5   4   6 5 4 | 3   | |         |   2 |       |     ǁ 
ǁ 3 4 - 6 3 2   4 | ǁ   | | 2       |   | |       |     ǁ 
ǁ 3 |   |         | ǁ   1 |         2   | |     2 6 - - 3 
ǁ 3 |   2 5 3 3 4 | 2     | 3       1   | |       ǁ 4 2   
ǁ ǁ |     4 = 5 3 |       |     3       | |       ǁ ǁ     
ǁ 6 6 = = = = = = 6 = 4 = 7 4           | |       ǁ ǁ     
ǁ 4 | 4 = = = 5 1 | 1 2   5 2       2 5 5 |     3 7 5 2   
ǁ 2 | 3 - - - 5 = 6 3         5 5   1 1 | |     3 1       
ǁ 2 5 - - - 5 4 2 | 3   4 2   1 2   5   5 |     6 = 3     
ǁ   |   1 2 4 3 1 |     2 1 2   3   3   2 |     3 1       
ǁ   5 = 5 4 |   1 | 4             4 - - - 5 - 6       4   
ǁ   ǁ   2 2 |     | 4 5   4       5   3 2   1 5 3 4   5 2 
ǁ   6 = = = 7 5 4 | 3 3 3 6 2     6 3 4 2   | 4   4 1   1 
ǁ   4 4 4 2 3 3 3 | 2 2 - 5 3 1 1 4   4 1   | 3   6 3     
4 5 = = = = = = = 6 = = = = = = = = = = = 2 | 2 1   1     
1 2     1 2 - 3 = 4 - - - - - - - - - - - - 4 = = 5   4 2 
