29 29
4 5 0 0 0 0 0 0 0 6 0 0 0 0 0 0 5 0 0 0 0 0 0 0 0 0 0 3 2 
0 0 4 4 0 2 0 4 0 0 3 0 0 0 0 0 8 4 4 0 0 0 0 6 4 3 2 0 0 
0 0 0 0 0 0 0 0 0 0 0 2 0 2 0 4 0 0 0 2 4 0 0 6 2 0 0 0 3 
0 0 2 0 4 2 0 0 0 0 0 4 0 5 5 6 0 0 3 0 0 2 1 0 3 7 2 0 0 
0 0 0 0 0 0 0 0 0 0 0 1 0 0 0 0 0 0 2 0 0 3 0 0 0 0 2 0 0 
0 0 4 8 8 0 0 4 0 0 0 3 0 6 0 0 0 0 4 5 0 1 0 0 0 0 0 0 0 
0 0 2 0 2 2 0 4 0 0 0 0 0 0 2 0 0 0 2 0 3 0 3 0 0 0 0 0 2 
0 4 0 7 0 0 0 6 2 0 0 1 0 0 0 2 0 0 0 0 4 2 0 0 1 0 0 0 2 
2 0 2 0 2 2 0 4 0 0 0 0 0 0 0 0 4 0 4 6 0 0 3 0 0 0 0 0 4 
2 0 0 0 6 0 3 0 0 0 0 0 0 0 0 0 0 0 0 0 0 0 0 0 0 0 0 0 0 
0 4 6 0 4 2 0 0 0 0 0 2 0 7 0 0 6 0 0 5 2 0 0 0 0 0 0 0 0 
0 1 4 0 2 0 7 8 2 0 0 0 0 4 2 0 0 0 0 2 0 0 0 0 0 0 0 0 0 
0 0 2 0 0 0 0 0 0 0 0 2 0 3 3 0 4 0 0 0 0 0 0 0 0 0 0 0 0 
4 6 0 7 2 0 0 0 0 0 0 2 4 0 1 0 0 0 3 1 0 0 0 0 0 0 0 0 0 
2 2 1 2 0 0 0 4 1 0 0 4 4 0 0 0 0 0 0 0 0 0 0 0 0 0 4 6 6 
0 0 0 1 0 0 0 0 0 0 0 0 1 4 0 0 0 7 0 0 0 0 7 8 0 8 2 0 2 
6 6 7 5 2 0 0 0 0 0 2 0 0 0 1 2 2 0 2 0 0 0 0 0 2 2 2 0 2 
2 0 3 0 3 2 0 3 4 0 1 5 0 6 4 4 0 0 0 0 0 0 0 0 4 4 0 3 3 
2 0 0 0 0 0 0 0 0 0 0 0 2 7 0 3 3 0 5 0 0 0 6 6 0 5 5 0 2 
0 0 0 0 0 0 0 0 2 0 0 2 1 3 0 4 2 0 5 3 2 1 2 0 2 4 2 0 0 
0 0 0 0 0 0 0 0 0 0 2 0 0 0 0 4 2 0 2 2 0 0 0 4 3 8 0 7 5 
6 6 0 0 0 0 5 0 0 6 0 0 0 0 0 5 0 0 1 0 0 0 0 3 0 0 1 0 3 
0 3 0 0 0 0 4 0 0 7 0 2 2 0 4 0 0 0 1 0 0 0 0 0 3 6 3 0 2 
0 0 4 0 6 2 2 1 2 0 0 4 2 2 6 0 0 0 0 0 0 0 0 0 2 2 0 0 1 
4 0 3 2 0 0 2 4 4 0 0 0 0 0 0 4 5 0 5 0 0 0 0 6 0 0 0 6 2 
2 0 1 0 6 0 6 5 0 6 0 3 2 0 8 0 3 0 5 2 0 1 0 4 2 3 4 8 3 
0 2 0 0 4 2 0 3 2 4 4 2 0 0 4 2 0 0 3 0 2 0 0 4 2 0 2 2 1 
1 0 0 7 0 0 8 0 0 0 0 0 0 0 0 0 0 8 0 0 0 0 0 0 0 7 0 4 2 
2 0 0 6 2 2 5 1 2 0 4 0 0 0 0 0 0 5 1 0 0 0 0 0 0 4 2 0 0 
300 446
0 0 0 1
0 0 8 0
0 0 0 1
0 0 8 0
0 9 0 1
0 9 0 16
0 9 21 9
0 9 0 1
0 9 0 16
0 9 21 9
1 2 1 3
1 2 3 2
1 2 1 3
1 2 3 2
1 3 1 5
1 3 5 3
1 7 1 5
1 7 5 7
1 7 5 7
1 16 1 10
1 16 1 17
1 16 0 16
1 16 8 16
1 16 1 10
1 16 1 17
1 16 0 16
1 16 8 16
1 17 1 18
1 17 15 17
1 18 1 23
1 18 3 18
1 18 1 23
1 23 1 24
1 23 2 23
2 15 2 13
2 15 3 15
2 15 2 13
2 15 3 15
3 4 3 5
3 4 5 4
3 4 3 5
3 4 5 4
3 13 3 11
3 13 3 14
3 13 5 13
3 15 3 14
3 15 7 15
3 15 3 14
3 15 7 15
3 25 3 24
3 25 3 26
3 25 1 25
3 25 15 25
5 2 5 3
5 2 6 2
5 2 5 3
5 2 6 2
5 4 5 3
5 4 5 7
5 4 6 4
5 7 5 4
5 13 5 11
5 13 3 13
5 13 10 13
5 13 5 11
5 13 10 13
6 7 6 5
6 7 7 7
6 7 6 5
6 7 7 7
7 3 7 1
7 3 7 7
7 3 5 3
7 3 13 3
7 7 7 3
7 7 7 8
7 7 8 7
7 8 11 8
8 2 10 2
8 7 8 5
8 7 11 7
8 7 8 5
8 16 10 16
8 28 7 28
8 28 14 28
8 28 7 28
8 28 14 28
9 0 13 0
9 4 9 6
9 4 8 4
9 4 10 4
9 4 9 6
9 4 8 4
9 4 10 4
9 6 11 6
10 2 10 1
10 2 8 2
10 2 11 2
10 2 10 1
10 2 11 2
10 4 10 5
10 4 11 4
10 5 17 5
10 13 10 11
10 13 10 16
10 13 11 13
10 16 10 13
10 16 8 16
10 16 12 16
10 16 12 16
10 19 10 20
10 19 8 19
10 19 11 19
11 2 11 1
11 2 12 2
11 4 13 4
11 6 11 7
11 6 21 6
11 6 11 7
11 6 21 6
11 6 11 7
11 6 11 7
12 2 14 2
12 16 12 14
12 16 16 16
13 1 13 0
13 1 14 1
13 1 13 0
13 1 14 1
13 1 13 0
13 3 13 4
13 3 7 3
13 3 14 3
13 3 14 3
14 0 16 0
14 0 16 0
14 28 14 27
14 28 15 28
15 3 16 3
15 17 15 22
15 17 27 17
15 17 15 22
15 17 27 17
15 22 15 23
15 22 8 22
15 22 18 22
15 23 15 22
15 23 15 25
15 23 2 23
15 23 18 23
15 23 15 22
15 23 15 25
15 23 2 23
15 25 15 26
15 25 3 25
15 25 16 25
15 25 15 26
15 25 16 25
16 0 16 1
16 0 17 0
16 1 16 0
16 1 16 2
16 1 21 1
16 1 16 0
16 1 16 2
16 18 18 18
16 24 17 24
17 0 18 0
18 0 21 0
18 13 18 12
18 13 18 15
18 13 17 13
18 13 19 13
18 22 18 18
18 22 18 23
18 22 19 22
18 22 18 18
18 22 18 23
19 18 19 19
19 18 18 18
19 18 20 18
20 25 20 24
20 25 20 27
20 25 19 25
20 25 22 25
20 25 20 24
20 25 20 27
20 25 19 25
20 25 22 25
20 27 20 28
20 27 17 27
20 27 24 27
21 1 21 0
21 1 21 6
21 1 22 1
21 1 21 0
21 1 21 6
21 9 21 6
21 9 21 15
21 9 22 9
21 9 21 15
21 26 22 26
22 9 22 6
22 9 22 11
22 9 25 9
22 14 22 12
22 14 23 14
22 14 22 12
22 14 23 14
22 25 22 24
22 25 22 26
22 25 23 25
22 25 22 24
22 26 25 26
23 2 23 4
23 2 24 2
23 2 23 4
23 2 24 2
23 4 23 5
23 4 25 4
23 4 23 5
23 4 25 4
23 14 23 13
23 14 25 14
23 14 23 13
23 14 25 14
24 16 24 15
24 16 20 16
24 16 25 16
24 18 24 23
24 18 22 18
24 18 25 18
24 23 24 18
24 23 21 23
24 23 25 23
24 23 21 23
24 23 25 23
24 27 24 28
24 27 20 27
24 27 25 27
24 27 24 28
24 27 25 27
25 4 25 2
25 4 25 6
25 4 26 4
25 4 25 6
25 6 25 7
25 6 24 6
25 6 27 6
25 6 25 7
25 14 25 12
25 14 25 16
25 14 26 14
25 27 25 26
25 27 25 28
25 27 26 27
25 28 25 27
25 28 26 28
26 15 26 14
27 3 27 0
27 3 27 6
27 3 28 3
27 3 27 6
27 3 28 3
27 3 28 3
27 3 28 3
27 17 27 6
27 17 27 25
27 17 28 17
27 28 27 27
27 28 27 27
28 0 28 3
28 0 28 3
28 4 28 5
28 6 28 5
28 6 28 7
28 6 27 6
28 6 27 6
28 8 28 10
28 10 28 8
28 10 28 17
28 10 28 17
28 17 28 18
28 17 27 17
28 25 28 26
28 25 27 25
28 25 28 26
28 25 27 25
0 1 7 1
0 16 0 27
1 10 16 10
1 23 1 24
1 23 2 23
1 24 1 25
1 24 2 24
1 26 1 25
1 26 3 26
2 11 3 11
2 11 3 11
3 11 3 13
3 14 6 14
3 14 6 14
3 25 3 24
4 11 5 11
4 26 14 26
5 4 5 3
5 4 6 4
6 28 2 28
7 1 7 3
7 1 10 1
7 11 10 11
7 24 3 24
10 13 11 13
11 13 11 14
11 13 12 13
11 14 12 14
14 26 14 27
14 26 4 26
14 26 14 27
14 27 14 28
14 27 0 27
14 27 17 27
14 28 15 28
16 3 16 2
16 3 16 4
16 3 16 2
16 3 16 4
16 18 18 18
16 24 17 24
16 26 18 26
16 28 17 28
17 5 17 4
17 24 17 25
17 24 19 24
17 25 18 25
18 23 20 23
19 8 17 8
19 22 19 21
21 0 24 0
22 9 22 6
22 9 22 11
22 9 25 9
23 11 23 12
23 11 25 11
23 11 23 12
23 11 25 11
23 28 22 28
24 3 24 2
24 15 24 16
24 15 21 15
24 15 24 16
24 18 25 18
25 0 24 0
25 0 24 0
25 9 25 7
25 9 25 11
25 9 26 9
25 9 25 7
25 12 25 14
25 14 25 16
25 14 26 14
25 27 25 26
25 27 26 27
26 4 26 1
26 4 26 5
26 4 26 1
26 9 26 8
26 9 26 10
26 9 26 8
26 10 26 11
26 14 26 11
27 17 27 6
27 17 27 25
27 27 27 25
27 27 27 25
28 6 27 6
0 27 0 28
0 28 2 28
2 24 2 23
2 28 6 28
16 2 17 2
16 26 18 26
16 28 17 28
17 4 17 2
17 25 18 25
18 23 20 23
19 8 17 8
19 20 19 19
21 0 24 0
21 15 20 15
22 1 22 6
22 1 22 6
22 28 21 28
23 6 23 7
23 6 24 6
23 8 24 8
24 7 24 8
24 7 25 7
24 7 24 8
24 8 24 7
25 26 25 25
26 26 26 24
26 26 26 24
2 23 2 20
16 2 17 2
17 8 17 7
17 8 14 8
17 25 18 25
19 18 19 19
19 18 20 18
20 19 20 23
21 15 20 15
21 18 21 23
21 28 20 28
26 23 26 20
26 23 25 23
26 23 26 20
26 23 25 23
2 20 2 19
2 20 6 20
2 20 2 19
3 18 4 18
5 19 5 18
5 19 8 19
11 8 11 7
14 7 11 7
14 7 17 7
14 7 11 7
14 7 17 7
20 19 20 23
21 28 20 28
25 21 25 19
26 18 25 18
3 18 4 18
5 18 5 19
5 18 6 18
5 18 5 19
5 19 8 19
6 18 8 18
8 18 8 19
8 18 13 18
8 18 8 19
13 18 13 19
25 19 25 18
26 18 25 18
11 19 10 19

2869

4 5 = = = = = = = 6 = = = = = = 5 - - - - - - - - - - 3 2 
ǁ | 4 4 - 2 - 4   ǁ 3 = = = = = 8 4 4 = = = = 6 4 3 2 | | 
ǁ | ǁ |       ǁ   ǁ | 2   2 = 4 ǁ | | 2 4 - - 6 2 | | | 3 
ǁ | 2 | 4 2   ǁ   ǁ | 4 = 5 5 6 ǁ | 3   | 2 1 ǁ 3 7 2 | ǁ 
ǁ |   | ǁ     ǁ   ǁ | 1   ǁ ǁ ǁ ǁ | 2   | 3   ǁ | ǁ 2 | ǁ 
ǁ | 4 8 8 = = 4   ǁ | 3 = 6 ǁ ǁ ǁ | 4 5 | 1   ǁ | ǁ ǁ | ǁ 
ǁ | 2 | 2 2 = 4   ǁ |     ǁ 2 ǁ ǁ | 2 ǁ 3   3 ǁ | ǁ ǁ | 2 
ǁ 4 = 7 = = = 6 2 ǁ | 1   ǁ   2 ǁ | | ǁ 4 2   ǁ 1 ǁ ǁ | 2 
2 | 2 ǁ 2 2 = 4 | ǁ | |   ǁ     4 | 4 6     3 ǁ   ǁ ǁ | 4 
2 | ǁ ǁ 6 = 3 | | ǁ | |   ǁ     ǁ | | |     | ǁ   ǁ ǁ | ǁ 
| 4 6 ǁ 4 2 | | | ǁ | 2 - 7 = = 6 | | 5 2   | ǁ   ǁ ǁ | ǁ 
| 1 4 ǁ 2 | 7 8 2 ǁ |     4 2   ǁ | | 2     | ǁ   ǁ ǁ | ǁ 
|   2 ǁ | | ǁ ǁ   ǁ | 2   3 3 - 4 | |       | ǁ   ǁ ǁ | ǁ 
4 6 | 7 2 | ǁ ǁ   ǁ | 2 4   1   | | 3 1     | ǁ   ǁ ǁ | ǁ 
2 2 1 2   | ǁ 4 1 ǁ | 4 4       | |         | ǁ   ǁ 4 6 6 
ǁ     1   | ǁ ǁ | ǁ |   1 4     | 7 = = = = 7 8 = 8 2 | 2 
6 6 7 5 2 | ǁ ǁ | ǁ 2       1 2 2 ǁ 2       | | 2 2 2 | 2 
2 | 3 - 3 2 ǁ 3 4 ǁ 1 5   6 4 4   ǁ ǁ       | | 4 4 ǁ 3 3 
2 |         ǁ   ǁ ǁ     2 7 - 3 3 ǁ 5 = = = 6 6 | 5 5 | 2 
| |         ǁ   2 ǁ   2 1 3   4 2 ǁ 5 3 2 1 2 ǁ 2 4 2 |   
| |         ǁ     ǁ 2         4 2 ǁ 2 2 = = = 4 3 8 = 7 5 
6 6 = = = = 5 - - 6 = = = = = 5 | ǁ 1 - - - - 3   ǁ 1 ǁ 3 
ǁ 3 = = = = 4 = = 7 = 2 2 = 4 | | ǁ 1         ǁ 3 6 3 ǁ 2 
ǁ   4 = 6 2 2 1 2 ǁ   4 2 2 6 | | ǁ |         ǁ 2 2 | ǁ 1 
4   3 2 ǁ   2 4 4 ǁ   ǁ     ǁ 4 5 ǁ 5 = = = = 6     | 6 2 
2   1 - 6 = 6 5 = 6 - 3 2 = 8 = 3 ǁ 5 2 - 1   4 2 3 4 8 3 
  2 = = 4 2 | 3 2 4 4 2 - - 4 2   ǁ 3   2 = = 4 2 = 2 2 1 
1 - - 7 = = 8 = = = = = = = = = = 8 = = = = = = = 7 = 4 2 
2 = = 6 2 2 5 1 2 = 4 = = = = = = 5 1             4 2     
