29 29
1 0 0 0 0 2 0 0 0 0 0 0 0 0 0 0 0 0 0 0 0 0 0 0 0 0 0 0 2 
2 3 1 3 0 4 0 0 0 0 0 0 0 0 0 0 0 0 0 0 2 1 1 2 0 0 0 3 2 
0 0 0 0 0 0 1 3 0 5 0 0 0 0 0 0 0 0 0 0 0 0 0 0 0 3 1 0 2 
0 0 0 0 0 0 3 4 0 0 2 0 0 0 1 0 3 2 1 2 2 0 0 3 0 4 2 0 0 
3 0 0 0 0 0 2 0 0 0 3 0 0 0 0 0 0 0 1 0 1 0 0 0 0 5 2 0 0 
2 0 0 0 0 0 3 5 1 0 0 0 0 0 0 0 0 3 3 0 3 0 3 2 1 0 1 0 0 
0 0 0 0 0 0 0 1 0 0 0 0 0 0 0 0 0 1 1 0 2 0 0 0 1 0 1 0 0 
2 0 0 0 0 0 2 0 0 0 3 0 0 0 0 0 4 0 0 4 0 0 5 4 3 0 0 0 0 
0 0 2 6 2 0 0 0 0 0 4 1 2 3 0 2 0 2 0 5 0 0 0 0 0 6 3 0 0 
0 0 1 3 2 0 0 0 0 0 3 0 0 3 2 3 0 0 0 2 0 0 0 0 0 2 1 0 0 
4 4 0 0 0 5 0 0 0 5 0 0 0 0 0 0 6 0 0 0 0 0 0 0 0 0 0 7 5 
0 0 1 3 1 0 0 1 1 0 2 2 2 1 2 0 0 0 1 0 0 0 0 2 3 2 1 0 0 
0 0 0 0 0 0 0 0 0 0 0 0 1 0 0 0 0 3 0 5 0 0 0 5 0 0 0 0 0 
0 0 3 4 2 0 0 0 0 0 3 0 0 0 3 1 0 2 1 2 0 1 0 0 4 0 0 3 0 
0 0 0 2 0 4 0 5 5 0 0 1 0 2 0 0 5 0 0 0 0 0 0 3 1 1 2 3 0 
0 0 0 0 2 5 2 0 0 0 3 3 0 0 0 0 0 0 0 0 0 0 0 4 0 3 1 0 0 
2 0 0 0 0 0 0 2 0 0 0 2 3 0 0 0 4 0 0 4 1 0 0 0 1 4 3 0 0 
1 0 0 0 0 0 1 0 0 0 0 0 0 0 1 0 0 0 0 0 0 0 0 0 1 2 1 0 0 
1 0 0 0 2 0 0 0 0 0 0 0 0 0 0 0 0 1 0 5 0 0 0 7 0 0 0 3 0 
2 0 0 0 1 0 0 0 4 0 1 4 5 0 3 1 0 2 1 0 1 1 1 0 1 2 1 0 0 
0 2 0 2 3 5 2 0 0 0 0 0 0 1 3 1 0 0 1 0 3 5 2 0 0 0 2 3 0 
0 2 0 1 1 2 1 1 2 0 2 2 2 2 5 0 4 4 3 3 1 0 0 0 2 3 0 2 0 
0 1 0 0 0 0 0 0 0 0 3 2 1 1 2 1 2 1 1 2 0 4 2 0 0 3 2 0 0 
2 0 4 0 0 0 0 0 0 5 0 0 0 0 0 0 0 0 0 0 0 0 0 7 5 0 0 4 2 
2 3 0 0 0 0 0 0 0 6 2 1 0 0 0 0 0 0 3 2 1 2 0 6 0 2 2 0 1 
0 0 0 0 0 0 0 1 0 0 2 0 4 0 2 0 0 0 4 0 0 3 4 0 1 3 0 2 3 
0 0 0 0 0 0 0 0 0 0 2 0 5 2 2 2 2 1 0 0 0 0 2 0 0 1 0 2 2 
3 2 0 0 0 1 0 3 0 6 0 0 0 0 6 3 1 0 2 0 0 0 0 4 0 0 5 4 1 
3 1 1 0 0 0 0 0 0 3 1 0 0 0 4 0 0 0 2 1 1 0 0 3 1 0 3 3 1 
300 24
2 9 2 7
2 9 2 25
2 9 10 9
10 27 10 16
10 27 10 28
10 27 1 27
10 27 13 27
12 19 12 17
12 19 12 23
12 19 13 19
18 23 18 19
18 23 18 27
18 23 15 23
18 23 23 23
26 12 26 10
26 12 26 13
26 12 25 12
28 0 28 1
28 0 27 0
28 0 27 0
7 22 7 19
7 22 7 23
7 22 5 22
16 20 16 19

2565

1         2                                             2 
2 3 1 3   4                             2 1 1 2       3 2 
            1 3 - 5 - - - - - - - - - - - - - - - 3 1 | 2 
            3 4   | 2       1   3 2 1 2 2     3   4 2 |   
3           2     | 3               1   1         5 2 |   
2           3 5 1 |               3 3   3   3 2 1   1 |   
              1   |               1 1   2   |   1   1 |   
2           2     | 3           4     4 - - 5 4 3     |   
    2 6 2         | 4 1 2 3   2   2   5           6 3 |   
    1 3 2         | 3     3 2 3       2           2 1 |   
4 4       5       5             6 - - - - - - - - - - 7 5 
    1 3 1     1 1   2 2 2 1 2       1         2 3 2 1 |   
                        1         3 - 5 - - - 5       |   
    3 4 2           3       3 1   2 1 2   1     4     3   
      2   4   5 5     1   2     5             3 1 1 2 3   
        2 5 2       3 3                       4   3 1     
2             2       2 3       4     4 1     | 1 4 3     
1           1               1                 | 1 2 1     
1       2                         1   5 - - - 7 - - - 3   
2       1       4   1 4 5   3 1   2 1   1 1 1 | 1 2 1     
  2   2 3 5 2             1 3 1     1   3 5 2 |     2 3   
  2   1 1 2 1 1 2   2 2 2 2 5   4 4 3 3 1     | 2 3   2   
  1                 3 2 1 1 2 1 2 1 1 2   4 2 |   3 2     
2   4             5                           7 5     4 2 
2 3               6 2 1             3 2 1 2   6   2 2   1 
              1     2   4   2       4     3 4   1 3   2 3 
                    2 - 5 2 2 2 2 1         2     1   2 2 
3 2       1   3   6         6 3 1   2         4     5 4 1 
3 1 1             3 1       4       2 1 1     3 1   3 3 1 
