29 29
1 1 0 0 0 0 2 1 0 3 0 4 1 0 2 0 0 0 0 0 0 0 0 0 0 0 0 3 1 
0 2 0 0 0 0 5 0 0 0 0 6 0 0 0 0 0 0 0 0 0 0 0 0 0 0 0 3 1 
0 2 0 0 1 2 0 0 0 3 1 0 2 4 0 0 0 5 0 0 0 0 0 0 0 0 0 2 1 
3 4 0 0 4 3 0 0 0 0 0 0 1 3 1 0 0 0 4 0 0 0 0 3 2 3 3 1 2 
0 0 2 0 0 1 0 0 0 0 0 0 1 0 0 0 0 4 5 0 0 4 5 3 2 2 0 1 0 
0 4 3 3 6 2 0 0 0 0 0 0 1 0 0 3 1 0 2 2 1 0 2 1 2 1 0 0 2 
0 0 1 1 2 0 0 2 0 5 0 5 0 0 0 7 3 0 4 0 0 5 0 0 0 0 4 2 0 
0 1 2 0 2 0 0 0 0 0 1 0 3 3 0 0 0 0 0 2 2 0 2 5 2 1 0 1 0 
0 1 0 0 0 0 0 0 1 0 0 0 2 0 0 0 0 0 0 0 1 0 2 3 1 3 0 0 0 
0 4 0 0 5 2 0 0 0 0 2 0 0 0 0 0 0 0 0 0 2 0 1 0 0 0 0 0 0 
0 0 1 0 0 0 0 0 3 0 0 0 0 0 0 0 0 0 0 0 0 0 2 2 0 0 0 0 0 
0 3 4 1 0 0 0 0 0 2 3 0 1 0 0 0 0 0 0 0 3 0 0 0 0 0 0 0 0 
0 0 4 1 0 1 0 0 0 1 2 0 0 0 1 0 2 0 0 0 0 0 3 0 5 4 0 2 0 
0 0 2 0 0 0 0 0 0 0 1 0 0 0 0 0 0 0 0 0 0 0 3 2 0 1 0 0 0 
0 4 2 0 0 0 0 0 4 5 0 5 0 4 3 0 2 0 4 3 4 5 0 0 4 2 0 0 0 
0 2 2 1 0 0 0 0 1 0 0 0 1 0 0 0 0 0 0 0 0 0 0 0 0 0 0 0 0 
3 0 0 0 3 4 0 0 1 3 1 0 0 0 0 0 0 0 0 0 2 0 0 0 0 1 0 0 0 
0 2 0 0 3 0 0 0 1 0 0 3 2 1 0 0 0 0 0 0 1 0 0 0 0 0 0 0 0 
0 2 2 3 0 2 0 2 0 0 0 0 2 1 0 0 0 0 2 0 3 5 1 0 4 3 0 3 3 
0 1 0 2 0 0 0 1 0 0 0 0 0 0 3 0 0 0 1 0 1 0 1 0 3 0 0 1 0 
0 1 5 0 5 0 5 0 0 2 2 0 0 0 2 0 1 0 2 2 2 7 0 0 7 1 0 1 0 
0 1 4 1 1 1 4 0 2 1 3 0 0 1 0 0 0 0 3 3 1 3 2 1 4 1 0 0 0 
3 0 0 0 0 0 0 0 0 0 0 0 0 0 0 5 0 5 0 0 0 0 0 0 0 0 5 4 3 
0 2 0 3 0 0 0 0 0 0 0 0 0 0 0 5 3 0 2 0 0 0 1 1 2 0 3 3 1 
0 0 1 0 2 0 4 1 2 4 2 1 3 1 0 0 0 0 3 0 0 0 0 0 0 0 0 4 2 
0 3 3 0 1 0 5 5 1 0 1 0 0 0 0 0 0 5 0 0 0 0 0 0 0 0 3 1 0 
4 1 1 3 2 1 0 3 0 3 0 0 4 2 0 0 0 3 2 0 0 0 0 1 1 0 3 0 0 
4 0 4 1 3 0 4 0 0 0 0 0 0 0 0 2 3 0 0 0 0 0 0 0 0 0 0 5 3 
1 2 6 2 4 2 2 0 0 0 0 3 3 1 1 0 0 0 0 0 0 0 0 0 0 0 0 3 1 
300 47
2 17 2 13
2 17 2 27
2 17 4 17
3 18 3 23
3 18 4 18
3 18 3 23
3 18 4 18
4 22 4 21
4 22 4 23
4 22 5 22
6 15 6 11
6 15 6 16
6 15 5 15
6 15 22 15
20 21 20 20
20 21 20 24
20 21 18 21
20 21 21 21
20 24 20 21
20 24 20 25
20 24 19 24
20 24 21 24
21 25 21 24
26 26 26 24
26 26 25 26
26 26 25 26
28 2 28 1
28 2 28 3
28 2 27 2
28 2 28 1
28 2 28 3
28 2 27 2
28 4 28 5
28 4 27 4
28 4 28 5
28 4 27 4
3 14 3 13
20 24 19 24
20 24 21 24
21 24 21 23
28 0 27 0
27 0 27 2
27 0 26 0
27 0 27 2
26 0 26 1
26 0 22 0
26 0 22 0

2880

1 1         2 1   3   4 1   2                         3 1 
  2         5         6                               3 1 
  2     1 2       3 1   2 4 - - - 5 - - - - - - - - - 2 1 
3 4     4 3             1 3 1     | 4 = = = = 3 2 3 3 1 2 
    2     1             1         4 5     4 5 3 2 2   1   
  4 3 3 6 2             1     3 1   2 2 1   2 1 2 1     2 
    1 1 2     2   5   5 - - - 7 3   4     5         4 2   
  1 2   2           1   3 3   |       2 2   2 5 2 1   1   
  1             1       2     |         1   2 3 1 3       
  4     5 2         2         |         2   1             
    1           3             |             2 2           
  3 4 1           2 3   1     |         3                 
    4 1   1       1 2       1 | 2           3   5 4   2   
    2               1         |             3 2   1       
  4 2           4 5   5   4 3 | 2   4 3 4 5     4 2       
  2 2 1         1       1     |                           
3       3 4     1 3 1         |         2         1       
  2     3       1     3 2 1   |         1                 
  2 2 3   2   2         2 1   |     2   3 5 1   4 3   3 3 
  1   2       1             3 |     1   1 | 1   3     1   
  1 5   5   5     2 2       2 | 1   2 2 2 7 = = 7 1   1   
  1 4 1 1 1 4   2 1 3     1   |     3 3 1 3 2 1 4 1       
3                             5   5                 5 4 3 
ǁ 2   3                       5 3   2       1 1 2   3 3 1 
ǁ   1   2   4 1 2 4 2 1 3 1         3                 4 2 
ǁ 3 3   1   5 5 1   1             5                 3 1   
4 1 1 3 2 1   3   3     4 2       3 2         1 1 - 3     
4 = 4 1 3   4                 2 3                     5 3 
1 2 6 2 4 2 2         3 3 1 1                         3 1 
