29 29
2 1 1 3 2 0 4 0 0 0 0 0 0 0 0 0 0 0 0 0 2 2 3 1 3 0 1 1 1 
4 4 0 5 1 1 0 3 0 2 1 3 0 1 1 2 1 0 0 0 4 1 0 2 5 2 0 3 2 
0 0 1 0 2 3 0 0 0 0 0 0 0 2 0 4 0 0 0 0 3 0 2 1 0 1 0 2 1 
0 0 0 0 1 0 0 4 0 0 0 5 0 0 0 0 0 0 0 0 0 0 3 0 5 2 1 0 0 
0 0 0 0 4 4 0 0 1 1 0 0 1 2 3 1 3 0 1 1 0 2 0 0 0 1 1 0 0 
0 0 0 0 2 0 0 0 3 5 2 0 4 0 4 0 5 0 0 0 0 4 0 0 1 0 0 0 0 
1 0 0 0 1 0 0 0 1 0 1 0 0 1 0 1 0 2 4 0 3 0 2 0 0 3 2 0 2 
2 0 0 0 2 3 0 0 0 0 1 0 0 0 0 0 0 1 1 0 0 0 1 0 0 4 2 0 0 
0 0 5 6 2 0 0 0 2 0 0 0 0 0 1 0 0 0 1 0 0 0 1 0 0 0 0 0 0 
0 0 0 0 1 0 0 0 0 0 0 0 4 3 1 0 0 2 5 0 4 0 0 0 0 0 0 0 0 
4 0 0 3 5 3 0 0 0 0 0 0 2 1 0 0 0 1 1 2 0 0 0 0 0 0 0 0 0 
0 0 0 1 0 1 0 3 5 6 4 0 0 0 0 0 0 0 0 0 0 0 0 0 0 0 0 0 0 
0 0 0 2 5 1 0 0 2 1 1 0 0 0 0 0 0 0 0 0 0 0 0 0 0 0 0 0 0 
0 0 0 0 2 1 0 0 2 2 2 0 0 0 0 0 0 0 0 0 0 0 0 0 0 0 0 0 0 
0 0 0 4 3 2 0 0 2 1 1 0 0 0 0 0 0 0 0 0 0 0 0 0 0 0 0 0 0 
0 0 3 3 2 1 0 4 5 3 1 0 0 0 0 0 0 2 0 4 0 0 0 0 0 0 0 0 0 
0 0 2 1 3 3 0 2 0 2 1 0 0 0 0 0 0 1 0 0 0 0 0 0 0 0 0 0 0 
4 5 0 0 0 0 6 0 0 0 0 5 0 0 0 3 0 0 0 0 0 0 0 0 0 0 0 0 0 
0 3 1 3 0 3 0 2 3 0 0 3 4 3 2 0 2 1 0 0 0 0 0 0 0 0 0 0 0 
0 2 2 4 2 4 0 0 0 1 0 2 0 3 3 0 1 3 1 0 0 0 0 0 0 0 0 0 0 
0 0 1 2 0 1 0 0 4 5 1 0 0 0 1 0 0 0 0 0 0 0 0 0 0 0 0 0 0 
0 5 0 0 5 1 0 3 3 3 3 0 3 0 1 4 0 3 1 0 0 0 0 0 0 0 0 0 0 
2 0 3 0 5 1 0 2 3 1 2 0 1 0 2 7 0 4 0 6 4 0 0 0 0 0 0 0 0 
1 0 3 2 6 1 0 1 3 0 0 4 0 5 1 5 0 3 3 1 1 0 0 0 0 0 0 0 0 
2 0 2 1 2 1 0 2 4 2 1 0 1 4 1 2 1 0 3 1 0 0 0 0 0 0 0 0 0 
3 5 0 0 0 0 5 0 0 0 0 5 0 0 0 0 0 0 0 0 0 3 4 0 0 5 0 4 4 
1 0 2 0 3 2 0 2 3 0 0 5 0 0 0 0 0 0 0 0 0 2 1 1 2 1 1 2 3 
4 5 0 0 2 3 4 0 0 0 0 0 0 0 0 0 0 0 0 0 0 0 0 4 3 4 2 0 1 
2 3 0 0 1 1 4 4 2 1 0 0 0 0 0 0 0 0 0 0 0 0 0 3 0 4 0 3 1 
300 72
8 2 8 3
8 2 2 2
8 2 15 2
10 0 7 0
10 0 17 0
10 0 7 0
10 0 17 0
11 10 11 9
11 10 7 10
11 10 12 10
11 10 11 9
17 0 17 1
17 0 22 0
21 1 21 4
21 1 19 1
21 1 25 1
22 0 23 0
22 15 22 14
22 15 22 17
22 15 21 15
22 15 23 15
24 0 25 0
24 13 24 12
24 13 24 14
24 13 23 13
24 13 23 13
26 11 26 8
26 11 26 21
26 11 25 11
6 0 1 0
8 2 8 3
8 2 15 2
8 3 8 4
8 3 1 3
8 3 10 3
8 3 8 4
9 4 10 4
11 9 11 8
11 9 5 9
11 9 12 9
11 9 11 8
24 0 25 0
1 0 1 1
1 0 0 0
1 0 1 1
0 0 0 1
0 2 0 3
1 1 1 3
1 1 17 1
1 3 1 4
1 3 0 3
1 3 0 3
0 4 0 6
0 4 0 6
0 6 0 20
0 6 17 6
1 5 2 5
17 6 17 1
17 6 17 11
17 6 25 6
17 6 17 1
17 6 17 11
18 1 18 2
18 1 17 1
18 1 19 1
21 1 21 4
21 1 25 1
15 8 15 7
15 8 15 9
15 8 14 8
16 2 16 3
16 2 15 2

3271

2 1 1 3 2 = 4 - - - - - - - - - - - - - 2 2 3 1 3   1 1 1 
4 4 - 5 1 1 | 3   2 1 3   1 1 2 1       4 1   2 5 2   3 2 
| | 1 | 2 3 |             2   4         3   2 1   1   2 1 
| | | | 1   | 4       5                     3   5 2 1     
| | | | 4 4 |   1 1     1 2 3 1 3   1 1   2       1 1     
| | | | 2   |   3 5 2   4   4   5         4     1         
1 | | | 1   |   1 | 1     1   1   2 4   3   2     3 2   2 
2 | | | 2 3 |     | 1             1 1       1     4 2     
ǁ | 5 6 2   |   2 | |       1       1       1             
ǁ | ǁ | 1   |     | |   4 3 1     2 5   4                 
4 | ǁ 3 5 3 |     | |   2 1       1 1 2                   
ǁ | ǁ 1   1 | 3 5 6 4                                     
ǁ | ǁ 2 5 1 |   2 1 1                                     
ǁ | ǁ   2 1 |   2 2 2                                     
ǁ | ǁ 4 3 2 |   2 1 1                                     
ǁ | 3 3 2 1 | 4 5 3 1             2   4                   
ǁ | 2 1 3 3 | 2   2 1             1                       
4 5 = = = = 6 = = = = 5       3                           
| 3 1 3   3 | 2 3     3 4 3 2   2 1                       
| 2 2 4 2 4 |     1   2   3 3   1 3 1                     
| | 1 2   1 |   4 5 1       1                             
| 5 = = 5 1 | 3 3 3 3   3   1 4   3 1                     
2 ǁ 3   5 1 | 2 3 1 2   1   2 7 - 4   6 4                 
1 ǁ 3 2 6 1 | 1 3     4   5 1 5   3 3 1 1                 
2 ǁ 2 1 2 1 | 2 4 2 1   1 4 1 2 1   3 1                   
3 5         5         5                   3 4     5   4 4 
1   2   3 2   2 3 - - 5 - - - - - - - - - 2 1 1 2 1 1 2 3 
4 5     2 3 4                                 4 3 4 2   1 
2 3     1 1 4 4 2 1                           3   4   3 1 
