29 29
2 2 0 0 0 0 4 1 0 3 0 4 2 0 4 0 0 0 0 0 0 0 0 0 0 0 0 5 1 
0 4 0 0 0 0 8 0 0 0 0 7 0 0 0 0 0 0 0 0 0 0 0 0 0 0 0 5 2 
0 4 0 0 2 2 0 0 0 3 1 0 2 5 0 0 0 6 0 0 0 0 0 0 0 0 0 2 2 
4 4 0 0 5 4 0 0 0 0 0 0 2 4 1 0 0 0 4 0 0 0 0 4 4 3 4 1 4 
0 0 2 0 0 2 0 0 0 0 0 0 4 0 0 0 0 6 6 0 0 5 5 3 3 3 0 1 0 
0 5 4 4 6 4 0 0 0 0 0 0 4 0 0 6 3 0 4 4 2 0 2 1 2 2 0 0 3 
0 0 2 2 4 0 0 4 0 7 0 8 0 0 0 8 5 0 4 0 0 8 0 0 0 0 7 3 0 
0 1 4 0 6 0 0 0 0 0 2 0 4 4 0 0 0 0 0 2 3 0 3 5 2 2 0 3 0 
0 1 0 0 0 0 0 0 2 0 0 0 3 0 0 0 0 0 0 0 2 0 4 3 2 4 0 0 0 
0 4 0 0 8 6 0 0 0 0 4 0 0 0 0 0 0 0 0 0 2 0 2 0 0 0 0 0 0 
0 0 1 0 0 0 0 0 4 0 0 0 0 0 0 0 0 0 0 0 0 0 3 2 0 0 0 0 0 
0 4 6 2 0 0 0 0 0 3 5 0 1 0 0 0 0 0 0 0 3 0 0 0 0 0 0 0 0 
0 0 4 1 0 3 0 0 0 1 3 0 0 0 2 0 3 0 0 0 0 0 6 0 8 4 0 4 0 
0 0 2 0 0 0 0 0 0 0 2 0 0 0 0 0 0 0 0 0 0 0 4 2 0 2 0 0 0 
0 4 2 0 0 0 0 0 4 5 0 8 0 8 6 0 3 0 6 5 4 6 0 0 7 4 0 0 0 
0 3 3 1 0 0 0 0 1 0 0 0 2 0 0 0 0 0 0 0 0 0 0 0 0 0 0 0 0 
5 0 0 0 5 4 0 0 2 4 1 0 0 0 0 0 0 0 0 0 2 0 0 0 0 2 0 0 0 
0 4 0 0 4 0 0 0 2 0 0 6 4 4 0 0 0 0 0 0 1 0 0 0 0 0 0 0 0 
0 5 5 4 0 2 0 4 0 0 0 0 4 4 0 0 0 0 4 0 4 5 1 0 5 4 0 6 4 
0 2 0 2 0 0 0 1 0 0 0 0 0 0 4 0 0 0 2 0 3 0 1 0 3 0 0 2 0 
0 2 7 0 6 0 8 0 0 2 4 0 0 0 3 0 2 0 2 5 4 7 0 0 8 2 0 1 0 
0 2 6 3 2 1 5 0 2 2 5 0 0 1 0 0 0 0 4 5 1 3 2 1 4 1 0 0 0 
5 0 0 0 0 0 0 0 0 0 0 0 0 0 0 7 0 6 0 0 0 0 0 0 0 0 6 6 5 
0 3 0 4 0 0 0 0 0 0 0 0 0 0 0 7 4 0 4 0 0 0 2 2 3 0 3 4 4 
0 0 2 0 2 0 4 1 2 6 4 1 3 2 0 0 0 0 4 0 0 0 0 0 0 0 0 4 4 
0 3 6 0 2 0 6 5 1 0 2 0 0 0 0 0 0 6 0 0 0 0 0 0 0 0 6 3 0 
5 2 4 4 4 2 0 4 0 6 0 0 6 4 0 0 0 4 3 0 0 0 0 1 1 0 3 0 0 
6 0 6 1 3 0 5 0 0 0 0 0 0 0 0 4 4 0 0 0 0 0 0 0 0 0 0 6 3 
2 2 6 2 4 2 3 0 0 0 0 4 4 2 2 0 0 0 0 0 0 0 0 0 0 0 0 6 2 
300 476
0 27 0 14
0 27 0 28
0 27 1 27
1 6 1 1
1 6 1 11
1 6 0 6
1 6 20 6
1 6 1 1
1 6 1 11
1 6 0 6
1 6 20 6
1 11 1 27
1 11 0 11
1 11 6 11
2 13 2 12
2 13 2 17
2 13 3 13
2 17 2 13
2 17 2 27
2 17 4 17
3 18 3 23
3 18 4 18
3 18 3 23
3 18 4 18
3 23 3 24
3 23 4 23
3 24 3 25
3 24 4 24
3 24 3 25
4 18 4 17
4 18 4 21
4 18 5 18
4 18 4 17
4 21 4 22
4 21 6 21
5 1 5 2
5 1 3 1
5 1 7 1
5 15 5 12
5 15 5 16
5 15 6 15
5 15 5 12
5 15 5 16
5 15 6 15
6 7 6 9
6 7 18 7
6 7 6 9
6 7 18 7
6 9 6 11
6 9 2 9
6 9 11 9
6 11 6 9
6 11 6 15
6 11 1 11
6 11 14 11
6 15 6 11
6 15 6 16
6 15 22 15
6 21 6 18
6 21 6 26
6 21 4 21
6 21 14 21
7 4 7 2
7 4 6 4
7 4 9 4
7 4 7 2
7 4 6 4
7 4 9 4
7 10 9 10
7 12 7 13
7 12 8 12
7 12 7 13
7 12 8 12
7 13 14 13
7 23 7 22
7 23 7 24
7 23 8 23
8 1 9 1
8 8 10 8
8 12 11 12
9 1 9 4
9 1 11 1
9 1 9 4
9 4 9 5
9 4 16 4
9 5 9 4
9 5 5 5
9 5 12 5
9 5 9 4
9 5 5 5
9 10 7 10
9 10 11 10
9 10 11 10
10 2 11 2
10 8 8 8
10 8 14 8
10 8 14 8
11 1 11 2
11 1 14 1
11 1 11 2
12 5 16 5
12 14 14 14
12 22 12 24
12 22 10 22
12 22 13 22
12 22 12 24
12 22 10 22
12 22 13 22
12 24 12 25
12 24 8 24
12 24 14 24
13 22 13 23
13 22 18 22
13 23 21 23
14 1 14 2
14 1 15 1
14 1 14 2
14 8 14 9
14 8 15 8
14 11 14 9
14 11 14 13
14 11 6 11
14 11 17 11
14 13 14 11
14 13 14 14
14 13 7 13
14 13 17 13
14 14 14 13
14 14 12 14
14 14 19 14
14 14 14 13
14 21 14 20
14 21 6 21
14 21 18 21
14 21 14 20
14 21 18 21
14 24 14 25
14 24 12 24
14 24 18 24
14 24 14 25
14 24 18 24
14 24 14 25
14 25 13 25
15 12 17 12
15 12 17 12
16 0 16 4
16 0 3 0
16 0 22 0
16 25 18 25
17 1 17 4
17 1 18 1
17 1 17 4
17 1 18 1
17 4 16 4
17 4 20 4
17 13 17 12
17 13 18 13
17 13 17 12
18 2 18 1
18 2 18 3
18 2 20 2
18 3 18 2
18 3 19 3
18 3 18 2
18 7 18 12
18 7 19 7
18 12 18 13
18 12 24 12
18 12 18 13
18 13 21 13
19 3 21 3
19 14 20 14
20 2 20 1
20 2 21 2
20 2 20 1
20 2 21 2
20 2 21 2
20 2 21 2
20 6 20 4
20 6 20 9
20 6 21 6
20 10 20 9
20 10 21 10
20 10 21 10
20 10 21 10
20 24 20 25
20 24 19 24
20 24 21 24
20 24 20 25
20 24 19 24
20 24 21 24
21 2 21 1
21 2 21 3
21 19 21 18
21 19 21 20
21 19 20 19
21 25 21 24
22 0 16 0
22 0 26 0
22 0 26 0
22 15 22 17
22 15 6 15
22 15 23 15
22 15 22 17
22 15 23 15
22 15 23 15
22 17 22 26
22 17 4 17
22 17 25 17
22 17 22 26
22 26 22 27
22 26 6 26
22 26 23 26
22 26 22 27
22 27 22 28
22 27 20 27
22 27 23 27
22 27 22 28
23 15 23 16
23 15 27 15
23 15 23 16
23 15 27 15
23 16 27 16
23 18 23 22
23 18 24 18
23 18 23 22
23 18 24 18
24 18 24 27
24 18 26 18
25 17 26 17
26 9 26 7
26 9 26 12
26 9 24 9
26 9 26 7
26 9 26 12
26 9 24 9
26 12 26 13
26 12 24 12
26 12 28 12
26 12 26 13
26 13 24 13
26 13 28 13
26 17 26 18
26 17 25 17
26 17 26 18
26 23 26 24
26 26 25 26
27 0 27 2
27 0 26 0
27 0 28 0
27 0 27 2
27 0 26 0
27 0 28 0
27 2 27 3
27 2 26 2
27 2 28 2
27 2 26 2
27 6 27 4
27 6 25 6
27 6 28 6
27 15 27 16
28 1 28 2
28 2 28 1
28 2 28 3
28 2 28 3
28 4 28 5
28 4 27 4
28 4 28 5
28 4 27 4
28 11 28 6
28 11 28 12
28 11 28 6
28 11 28 12
28 12 28 13
28 27 28 14
28 27 28 28
28 27 27 27
28 27 28 14
28 27 28 28
28 27 27 27
0 6 0 1
0 6 0 7
0 9 0 11
0 14 0 12
0 14 0 27
0 14 0 12
0 27 1 27
1 1 0 1
1 1 2 1
2 1 2 4
2 1 3 1
2 1 2 4
2 5 3 5
2 9 2 10
2 9 6 9
2 17 2 27
2 17 4 17
3 4 3 1
3 4 3 5
3 4 5 4
3 14 3 13
4 2 5 2
4 17 4 12
4 21 4 22
5 1 5 2
5 1 3 1
5 5 5 4
5 5 4 5
5 12 4 12
5 16 6 16
5 18 5 19
5 18 6 18
5 18 5 19
5 19 5 20
5 20 5 19
6 4 6 3
6 4 5 4
6 15 6 16
6 16 12 16
6 18 6 21
6 18 14 18
6 21 6 26
6 26 6 27
6 26 3 26
7 2 6 2
12 5 16 5
12 24 12 25
12 24 8 24
12 25 8 25
12 25 13 25
12 27 7 27
12 27 18 27
12 27 7 27
12 27 18 27
13 2 12 2
13 10 12 10
14 11 14 9
14 11 17 11
15 1 15 2
15 2 15 1
15 2 15 3
16 5 16 4
16 5 18 5
16 10 16 9
16 25 18 25
17 11 17 8
18 1 19 1
18 1 19 1
18 25 18 24
18 27 18 28
18 27 19 27
18 27 18 28
18 27 19 27
18 28 5 28
18 28 22 28
19 14 20 14
20 4 20 6
20 4 21 4
20 4 21 4
20 6 21 6
20 14 19 14
20 16 14 16
20 24 19 24
20 24 21 24
21 1 23 1
21 3 23 3
21 18 21 19
21 18 20 18
21 18 21 19
22 28 23 28
22 28 23 28
23 3 23 1
23 3 26 3
23 3 23 1
23 16 27 16
23 23 23 24
23 28 23 27
23 28 24 28
24 2 25 2
24 9 24 8
24 9 24 10
24 9 21 9
24 9 24 8
24 13 24 12
24 28 24 27
24 28 27 28
24 28 24 27
25 2 25 1
25 2 24 2
25 2 26 2
25 2 25 1
25 2 26 2
25 8 25 7
25 10 24 10
26 0 26 1
26 1 25 1
26 3 26 4
26 7 25 7
26 26 25 26
27 6 25 6
27 15 27 16
27 27 27 28
27 27 25 27
27 28 27 27
0 0 3 0
0 0 3 0
0 9 0 11
0 11 1 11
1 27 1 28
1 27 1 28
2 5 3 5
2 28 3 28
2 28 3 28
3 0 16 0
3 4 3 5
3 4 5 4
3 13 3 12
3 13 2 13
3 28 3 27
3 28 5 28
4 2 5 2
4 12 3 12
4 12 5 12
4 27 6 27
5 3 5 4
5 3 6 3
5 3 5 4
6 2 7 2
6 16 12 16
6 26 6 27
6 26 3 26
8 25 7 25
12 16 14 16
13 2 12 2
13 10 12 10
14 16 20 16
16 9 16 8
16 9 14 9
16 9 16 8
17 8 17 11
18 24 18 25
20 6 21 6
23 23 23 24
23 24 23 26
23 26 23 27
23 27 24 27
24 11 24 10
25 6 25 4
25 6 25 7
25 6 24 6
25 6 25 4
25 7 24 7
25 7 26 7
25 10 24 10
25 26 25 27
25 26 26 26
25 26 25 27
26 3 26 4
26 4 26 3
26 4 26 5
3 26 3 25
8 25 7 25
12 2 12 3
12 2 11 2
14 9 12 9
21 5 21 6
21 8 21 6
21 8 21 9
24 4 24 6
24 6 24 4
7 24 7 23
11 2 11 3
11 2 11 3
11 9 11 10
11 10 11 9
11 10 12 10

2674

2 2 - - - - 4 1   3 = 4 2 = 4 = = = = = = = = = = = = 5 1 
ǁ 4 = = = = 8 = = = = 7 - - - - - - - - - - - - - - - 5 2 
ǁ 4 = = 2 2 ǁ     3 1 ǁ 2 5 = = = 6 = = = = = = = = = 2 2 
4 4 - - 5 4 ǁ     ǁ   ǁ 2 4 1     ǁ 4 = = = = 4 4 3 4 1 4 
ǁ ǁ 2   ǁ 2 ǁ     ǁ   ǁ 4 - - - - 6 6 - - 5 5 3 3 3 ǁ 1 | 
ǁ 5 4 4 6 4 ǁ     ǁ   ǁ 4 = = 6 3 | 4 4 2 ǁ 2 1 2 2 ǁ | 3 
ǁ | 2 2 4 ǁ ǁ 4 = 7 = 8 = = = 8 5 | 4 = = 8 = = = = 7 3 | 
ǁ 1 4 = 6 ǁ ǁ ǁ   | 2 ǁ 4 4   ǁ ǁ | | 2 3 ǁ 3 5 2 2 | 3 | 
ǁ 1     ǁ ǁ ǁ ǁ 2 | ǁ ǁ 3 ǁ   ǁ ǁ | |   2 ǁ 4 3 2 4 | ǁ | 
ǁ 4 = = 8 6 ǁ ǁ ǁ | 4 ǁ | ǁ   ǁ ǁ | |   2 ǁ 2   ǁ | | ǁ | 
ǁ | 1   | | ǁ ǁ 4 | ǁ ǁ | ǁ   ǁ ǁ | |     ǁ 3 2 ǁ | | ǁ | 
ǁ 4 6 2 | | ǁ ǁ ǁ 3 5 ǁ 1 ǁ   ǁ ǁ | |   3 ǁ ǁ   ǁ | | ǁ | 
ǁ | 4 1 | 3 ǁ ǁ ǁ 1 3 ǁ   ǁ 2 ǁ 3 | |     ǁ 6 = 8 4 | 4 | 
ǁ | 2   | ǁ ǁ ǁ ǁ | 2 ǁ   ǁ ǁ ǁ | | |     ǁ 4 2 ǁ 2 | ǁ | 
ǁ 4 2   | ǁ ǁ ǁ 4 5 = 8 = 8 6 ǁ 3 | 6 5 4 6 | | 7 4 | ǁ | 
ǁ 3 3 1 | ǁ ǁ ǁ 1 |   ǁ 2 | | ǁ ǁ |       ǁ | | ǁ   | ǁ | 
5 - - - 5 4 ǁ ǁ 2 4 1 ǁ ǁ | | ǁ ǁ |     2 ǁ | | ǁ 2 | ǁ | 
ǁ 4 = = 4 | ǁ ǁ 2 = = 6 4 4 | ǁ ǁ |     1 ǁ | | ǁ ǁ | ǁ | 
ǁ 5 5 4 | 2 ǁ 4 - - - - 4 4 | ǁ ǁ | 4   4 5 1 | 5 4 | 6 4 
ǁ 2 | 2 |   ǁ 1         | | 4 ǁ ǁ | 2   3   1 | 3   | 2 | 
ǁ 2 7 | 6 = 8 - - 2 4   | | 3 ǁ 2 | 2 5 4 7   | 8 2 | 1 | 
ǁ 2 6 3 2 1 5 - 2 2 5   | 1   ǁ   | 4 5 1 3 2 1 4 1 | | | 
5 |   |           |     |     7 = 6 = = = = = = = = 6 6 5 
ǁ 3 = 4           |     |     7 4 | 4 = = = 2 2 3 - 3 4 4 
ǁ   2 | 2 = 4 1 2 6 4 1 3 2   ǁ ǁ | 4 - - - - - - - - 4 4 
ǁ 3 6 | 2 = 6 5 1 ǁ 2   | |   ǁ ǁ 6 |               6 3 | 
5 2 4 4 4 2 ǁ 4 = 6 = = 6 4   ǁ ǁ 4 3         1 1   3 | | 
6 = 6 1 3 - 5           | |   4 4                     6 3 
2 2 6 2 4 2 3 = = = = 4 4 2 2 = = = = = = = = = = = = 6 2 
