29 29
2 0 6 0 0 6 0 0 4 1 0 0 0 3 0 0 0 0 4 0 0 6 0 0 0 0 5 3 2 
4 2 2 1 0 4 4 0 8 0 0 0 0 0 0 0 0 0 6 6 2 0 3 0 0 4 0 4 2 
6 0 0 4 1 1 0 1 0 0 0 0 0 0 0 0 1 0 3 5 4 0 3 3 1 0 0 0 2 
4 3 4 0 4 0 7 2 0 0 0 0 0 0 0 0 0 2 0 7 4 0 4 0 0 5 0 0 0 
5 6 6 0 5 3 4 2 0 0 0 0 0 0 0 0 2 0 0 5 1 0 2 3 1 0 0 0 0 
2 2 2 0 2 2 1 0 4 0 0 0 0 0 0 0 0 0 0 0 0 7 0 7 0 5 0 4 6 
4 0 0 5 0 0 0 0 0 0 0 0 0 4 0 0 0 0 5 4 2 0 2 0 2 0 0 1 0 
2 1 0 4 0 0 0 0 0 0 0 4 2 0 0 0 0 0 2 4 4 0 0 0 0 0 0 0 0 
2 0 0 5 0 0 0 0 0 0 0 0 0 7 0 0 0 0 0 0 0 5 4 0 4 0 0 0 0 
0 4 4 0 2 5 4 2 2 0 3 1 0 0 2 0 0 0 0 0 0 0 0 0 0 0 0 0 0 
0 0 4 0 2 6 0 0 0 6 7 5 4 0 4 0 0 0 0 0 0 0 0 0 4 0 0 0 0 
0 0 2 0 0 4 2 2 0 6 4 2 0 0 0 0 0 0 0 0 0 0 0 0 0 0 0 0 0 
0 4 0 7 4 0 0 0 0 0 0 6 3 0 0 0 0 0 0 0 0 0 0 0 4 0 0 0 0 
0 2 3 0 3 0 0 2 2 4 4 4 2 0 0 0 0 0 0 0 0 0 0 0 0 4 0 0 0 
0 0 2 0 4 2 0 0 1 0 0 4 4 0 0 0 0 0 0 0 0 0 0 0 0 4 0 0 0 
0 5 0 6 0 0 0 6 5 6 4 0 2 0 0 0 0 0 0 0 0 0 0 0 0 2 0 0 0 
0 4 2 0 4 2 2 6 2 0 4 8 4 0 0 0 0 0 0 0 0 0 0 0 0 0 0 0 0 
0 0 3 5 7 6 0 5 0 0 0 0 0 0 0 0 0 0 0 0 0 0 0 0 4 0 8 7 5 
0 0 0 2 2 3 2 0 0 4 3 0 0 0 0 0 0 0 0 0 0 0 0 0 4 4 2 4 0 
0 5 6 2 2 2 0 0 0 4 0 0 0 0 6 0 0 0 0 0 0 7 4 0 0 6 2 2 0 
0 3 0 1 0 0 5 0 0 0 0 4 0 0 5 0 0 0 0 1 1 0 2 0 4 7 0 0 2 
0 6 6 0 1 0 0 0 0 0 0 3 0 0 2 3 4 1 2 4 4 0 3 0 1 7 4 2 4 
0 3 6 0 2 0 0 0 0 2 0 1 0 0 2 4 0 2 4 0 2 0 0 0 4 5 0 1 0 
0 1 2 0 0 0 0 0 0 0 0 0 0 0 4 0 8 4 0 0 4 7 3 0 4 2 5 4 0 
0 0 0 0 0 0 0 0 0 0 0 0 0 0 3 1 0 2 0 0 3 0 1 0 3 2 1 1 0 
5 0 0 0 0 0 6 5 5 0 0 0 0 5 0 0 5 0 6 5 3 1 2 4 0 0 3 3 3 
0 2 5 0 0 0 0 0 6 0 0 0 0 0 0 0 0 0 0 0 0 0 0 5 0 0 0 5 3 
5 1 5 2 4 0 0 0 6 0 0 0 0 0 0 0 0 0 0 0 0 0 0 1 2 0 0 7 5 
4 2 4 2 4 3 0 0 4 0 0 0 0 0 0 0 4 0 4 0 0 0 0 0 0 0 2 2 2 
300 500
0 2 0 0
0 2 0 5
0 2 1 2
0 2 0 0
0 2 0 5
0 2 1 2
0 5 0 8
0 5 1 5
0 21 0 18
0 21 0 26
0 21 5 21
0 21 0 18
0 21 0 26
0 21 5 21
1 0 1 1
1 0 2 0
1 0 1 1
1 0 2 0
1 8 1 6
1 8 1 18
1 8 0 8
1 8 5 8
1 8 1 6
1 8 1 18
1 8 0 8
1 8 5 8
1 18 1 19
1 18 0 18
1 18 2 18
1 18 1 19
1 19 1 20
1 19 2 19
2 0 2 3
2 0 3 0
3 6 3 4
3 6 3 7
3 6 1 6
3 6 4 6
3 19 3 17
3 19 3 20
3 19 2 19
3 19 4 19
3 25 3 22
3 25 1 25
3 25 5 25
4 0 4 1
4 0 3 0
4 0 5 0
5 21 5 8
5 21 5 23
5 21 8 21
5 28 5 27
5 28 2 28
5 28 17 28
5 28 5 27
5 28 2 28
5 28 17 28
6 18 6 13
6 18 6 19
6 18 7 18
8 13 8 3
8 13 8 21
8 13 6 13
8 13 25 13
9 5 9 4
9 5 9 6
9 5 10 5
9 14 10 14
10 9 10 5
10 9 10 10
10 9 11 9
10 9 10 5
10 9 10 10
10 9 11 9
10 10 10 11
10 10 9 10
10 10 11 10
10 12 10 11
10 12 12 12
10 12 10 11
10 12 12 12
11 9 11 7
11 9 11 10
11 9 13 9
11 9 11 7
12 3 12 1
12 3 12 4
12 3 8 3
12 3 15 3
12 11 12 12
12 11 11 11
12 11 13 11
12 11 11 11
12 11 13 11
12 11 13 11
12 24 10 24
12 24 17 24
12 24 10 24
12 24 17 24
13 25 5 25
13 25 14 25
13 25 5 25
13 25 14 25
14 25 15 25
15 1 15 3
15 1 13 1
15 1 16 1
16 11 16 10
16 11 16 12
16 11 14 11
16 11 20 11
16 11 16 10
16 11 16 12
16 11 14 11
16 11 20 11
16 12 15 12
16 12 15 12
17 4 17 3
17 4 17 5
17 4 16 4
17 4 18 4
17 7 17 5
17 7 16 7
17 7 25 7
17 24 17 26
17 24 18 24
17 27 17 26
17 27 17 28
17 27 6 27
17 27 18 27
18 24 18 25
18 24 20 24
18 24 18 25
18 25 18 26
18 25 19 25
19 1 19 2
19 1 16 1
19 1 20 1
19 9 18 9
19 9 22 9
19 9 18 9
19 9 22 9
19 14 19 21
19 14 10 14
19 14 20 14
19 14 19 21
19 14 10 14
19 14 20 14
19 21 19 22
19 21 8 21
19 21 23 21
20 6 20 3
20 6 18 6
20 6 25 6
20 11 21 11
20 25 20 24
20 25 20 28
20 25 19 25
20 25 21 25
21 1 21 2
21 1 20 1
21 1 22 1
21 1 21 2
21 1 20 1
21 1 22 1
21 2 21 4
21 2 19 2
21 2 22 2
21 2 19 2
21 11 20 11
21 11 22 11
21 25 21 24
21 25 21 26
21 25 20 25
21 25 22 25
22 2 22 1
22 2 22 4
22 2 23 2
22 2 22 4
22 2 23 2
22 24 22 25
22 24 23 24
22 24 22 25
22 24 23 24
23 1 26 1
23 16 23 14
23 16 23 17
23 16 21 16
23 16 25 16
23 16 23 14
23 16 23 17
23 16 21 16
23 16 25 16
23 21 23 20
23 21 23 22
23 21 19 21
23 21 25 21
23 27 23 26
23 27 22 27
23 27 24 27
23 27 23 26
24 14 24 15
24 14 23 14
24 14 23 14
25 6 25 7
25 6 20 6
25 6 25 7
25 19 25 18
25 19 25 20
25 19 21 19
26 2 26 1
26 2 26 8
26 2 27 2
27 0 27 1
27 0 25 0
27 0 28 0
27 27 27 24
27 27 27 28
27 27 26 27
27 27 28 27
28 0 28 1
28 0 27 0
28 0 28 1
28 2 28 3
28 2 27 2
28 2 28 3
28 2 27 2
28 4 28 5
28 4 27 4
28 4 28 5
28 4 27 4
28 5 28 8
28 8 28 16
28 8 27 8
28 8 28 16
28 16 28 18
28 16 25 16
28 18 28 26
28 18 25 18
28 18 28 26
0 5 0 8
0 5 1 5
0 9 0 13
0 13 0 18
1 6 1 5
1 19 1 20
1 19 2 19
2 0 2 3
2 0 3 0
2 7 3 7
2 20 2 19
2 20 3 20
2 20 2 19
2 20 3 20
2 24 2 23
3 0 3 1
3 17 3 19
3 19 3 20
3 19 4 19
4 0 4 1
4 0 5 0
4 1 4 2
4 1 3 1
4 1 5 1
4 1 4 2
4 2 4 4
4 2 3 2
4 2 5 2
4 2 4 4
4 7 4 6
4 20 4 19
5 8 5 6
5 21 5 23
5 21 8 21
5 23 5 25
5 23 4 23
5 23 25 23
5 27 5 25
5 27 1 27
6 0 6 3
6 0 7 0
6 0 6 3
6 0 7 0
6 22 8 22
6 24 8 24
7 11 7 3
7 11 7 12
7 11 7 3
7 11 7 12
7 20 7 19
7 20 6 20
7 20 7 19
7 20 6 20
8 24 6 24
8 24 10 24
8 24 10 24
9 2 9 1
9 2 10 2
9 2 9 1
9 2 10 2
9 6 9 5
9 6 9 7
9 6 9 5
9 7 9 8
9 8 9 10
9 14 10 14
10 2 11 2
10 11 10 10
10 11 9 11
11 2 10 2
11 10 10 10
11 10 13 10
14 2 13 2
14 12 14 11
14 12 13 12
14 12 14 11
14 12 13 12
14 25 15 25
17 27 17 26
17 27 17 28
17 27 18 27
17 28 20 28
18 9 18 10
18 9 15 9
18 10 16 10
18 27 18 26
18 27 19 27
19 1 19 2
19 1 16 1
19 25 19 26
19 25 20 25
19 25 19 26
19 25 20 25
20 6 18 6
21 16 21 15
21 16 21 17
21 25 21 26
21 25 22 25
21 26 21 27
21 26 23 26
21 27 21 28
21 28 25 28
22 15 22 14
22 15 21 15
22 15 22 14
22 15 21 15
22 25 23 25
23 17 22 17
23 17 24 17
23 21 23 20
23 21 23 22
23 24 23 25
23 24 24 24
23 26 24 26
24 25 24 24
24 25 24 24
25 0 8 0
25 0 27 0
25 0 8 0
25 6 25 7
25 6 25 7
25 8 25 13
25 8 16 8
25 8 26 8
25 18 25 16
25 18 25 19
25 18 22 18
25 18 25 16
26 2 26 8
26 2 27 2
26 23 26 27
26 23 25 23
26 23 27 23
27 2 27 3
27 3 27 4
27 4 27 8
27 8 26 8
27 24 27 27
0 26 0 27
1 5 1 3
2 3 2 4
2 18 2 16
2 23 2 22
3 1 3 2
3 2 3 4
3 2 3 4
3 4 3 6
3 6 4 6
3 25 3 22
3 25 1 25
4 7 4 6
4 16 4 19
4 19 4 16
4 24 4 23
5 1 5 2
5 23 4 23
5 23 25 23
6 19 6 18
6 19 7 19
6 19 6 18
6 22 8 22
7 18 7 19
8 22 8 21
8 22 19 22
9 1 7 1
9 1 12 1
9 4 10 4
12 1 12 3
12 1 13 1
13 2 14 2
13 11 13 10
15 1 15 3
15 1 16 1
15 3 15 7
15 3 12 3
15 3 17 3
15 7 15 8
15 7 13 7
15 7 16 7
15 7 15 8
15 7 13 7
15 9 15 8
15 9 15 10
15 9 13 9
15 9 15 8
15 9 15 10
15 10 13 10
15 10 16 10
16 2 17 2
16 4 16 5
16 4 17 4
16 4 16 5
16 6 16 7
16 7 16 6
16 7 16 8
16 7 17 7
17 5 17 4
17 5 17 7
17 5 18 5
19 21 19 22
19 22 20 22
20 22 21 22
21 14 20 14
21 22 23 22
21 28 25 28
22 17 22 18
22 18 21 18
23 20 22 20
23 20 24 20
24 20 25 20
24 22 25 22
25 8 25 13
25 8 26 8
25 13 8 13
25 22 25 23
25 26 25 27
26 8 27 8
26 23 26 27
0 26 0 27
1 25 1 22
1 25 1 27
1 27 1 28
1 27 0 27
1 28 0 28
2 23 2 22
3 22 2 22
3 22 4 22
6 13 6 3
6 13 8 13
7 3 6 3
7 3 8 3
8 3 8 13
8 3 12 3
11 6 11 5
12 4 10 4
12 4 13 4
12 4 13 4
13 4 14 4
13 9 13 8
13 9 13 10
14 4 14 5
15 8 14 8
16 2 17 2
17 5 17 4
20 14 20 19
20 14 21 14
20 20 21 20
21 20 21 19
21 20 22 20
21 20 21 19
22 18 21 18
24 20 25 20
25 19 21 19
25 26 25 27
10 5 11 5
11 6 11 5
14 4 14 5
25 26 25 27
25 28 26 28
10 5 11 5

2878

2 = 6 = = 6 = = 4 1 - - - 3 - - - - 4 = = 6 = = = = 5 3 2 
4 2 2 1 - 4 4 = 8 = = = = = = = = = 6 6 2 ǁ 3 - - 4 - 4 2 
6 = = 4 1 1 | 1 ǁ               1 - 3 5 4 ǁ 3 3 1 ǁ   | 2 
4 3 4 = 4 = 7 2 ǁ                 2 = 7 4 ǁ 4 = = 5   | ǁ 
5 6 6 = 5 3 4 2 ǁ               2 = = 5 1 ǁ 2 3 1 |   | ǁ 
2 2 2   2 2 1 - 4 - - - - - - - - - - - - 7 = 7 - 5 - 4 6 
4 = = 5 - - - - - - - - - 4 - - - - 5 4 2 ǁ 2 ǁ 2 ǁ   1 ǁ 
2 1   4 = = = = = = = 4 2 ǁ         2 4 4 ǁ ǁ ǁ ǁ ǁ   | ǁ 
2 |   5 = = = = = = = = = 7 - - - - - - - 5 4 ǁ 4 ǁ   | ǁ 
ǁ 4 4 ǁ 2 5 4 2 2 - 3 1   ǁ 2             | | ǁ ǁ ǁ   | ǁ 
ǁ | 4 ǁ 2 6 = = = 6 7 5 4 ǁ 4             | | ǁ 4 ǁ   | ǁ 
ǁ | 2 ǁ | 4 2 2 = 6 4 2 ǁ ǁ ǁ             | | ǁ ǁ ǁ   | ǁ 
ǁ 4 = 7 4         | | 6 3 ǁ ǁ             | | ǁ 4 ǁ   | ǁ 
ǁ 2 3 ǁ 3     2 2 4 4 4 2 ǁ ǁ             | | ǁ ǁ 4   | ǁ 
ǁ | 2 ǁ 4 2   ǁ 1 | | 4 4 ǁ ǁ             | | ǁ ǁ 4   | ǁ 
ǁ 5 = 6 - - - 6 5 6 4 ǁ 2 ǁ ǁ             | | ǁ ǁ 2   | ǁ 
ǁ 4 2 | 4 2 2 6 2 | 4 8 4 ǁ ǁ             | | ǁ ǁ     | ǁ 
ǁ ǁ 3 5 7 6 = 5 | | | ǁ   ǁ ǁ             | | ǁ 4 - 8 7 5 
ǁ ǁ   2 2 3 2 | | 4 3 ǁ   ǁ ǁ             | | ǁ 4 4 2 4 | 
ǁ 5 6 2 2 2 ǁ | | 4   ǁ   ǁ 6 = = = = = = 7 4 ǁ | 6 2 2 | 
ǁ 3 ǁ 1 - - 5 | | ǁ   4   ǁ 5 - - - - 1 1 ǁ 2 ǁ 4 7 - - 2 
ǁ 6 6 - 1   ǁ | | ǁ   3   ǁ 2 3 4 1 2 4 4 ǁ 3 ǁ 1 7 4 2 4 
ǁ 3 6 = 2   ǁ | | 2   1   ǁ 2 4 ǁ 2 4 ǁ 2 ǁ | ǁ 4 5 | 1 ǁ 
ǁ 1 2       ǁ | |         ǁ 4 = 8 4 | ǁ 4 7 3 ǁ 4 2 5 4 ǁ 
ǁ |         ǁ | |         ǁ 3 1 ǁ 2 | ǁ 3 | 1 ǁ 3 2 1 1 ǁ 
5 |         6 5 5 = = = = 5     5 = 6 5 3 1 2 4     3 3 3 
ǁ 2 5 = = = = = 6               |   |         5 = = = 5 3 
5 1 5 2 4 - - - 6               |   |         1 2 = = 7 5 
4 2 4 2 4 3 - - 4 = = = = = = = 4 - 4 = = = = = = = 2 2 2 
