29 29
1 1 0 0 2 0 0 0 5 0 3 0 4 0 0 3 0 0 0 3 0 0 2 3 2 2 0 3 1 
3 0 0 0 0 0 0 0 5 0 0 0 5 0 0 0 0 0 0 0 0 0 3 4 0 0 0 6 3 
0 1 0 0 3 4 4 2 4 3 3 0 0 0 0 2 2 0 0 0 0 2 1 1 0 0 0 0 0 
0 1 0 0 0 1 0 0 1 0 2 0 0 0 0 2 0 0 0 4 0 6 0 0 0 0 0 5 0 
0 0 2 0 5 0 5 0 0 5 0 0 4 0 0 0 0 3 2 0 1 5 0 0 0 2 1 0 0 
4 5 4 0 6 1 0 1 0 3 0 0 0 3 0 2 1 0 3 4 2 1 1 0 0 1 0 0 0 
0 3 0 3 4 0 3 3 0 2 1 1 0 3 1 0 0 0 1 3 2 0 3 0 0 0 3 0 0 
0 2 2 4 0 0 0 2 0 0 0 0 0 3 0 4 4 0 1 4 0 2 0 0 0 0 0 0 0 
3 4 0 0 0 0 0 0 0 5 5 4 0 3 3 0 0 0 3 4 1 0 0 0 0 0 0 0 0 
0 2 3 2 1 3 0 3 1 0 3 3 0 1 2 0 2 0 2 2 0 4 0 0 0 0 5 5 2 
3 4 5 0 0 0 1 5 2 0 2 1 0 2 1 0 0 0 2 0 0 3 2 3 3 0 0 1 1 
1 0 2 0 0 0 0 3 2 0 0 1 0 0 0 0 0 0 1 3 0 4 3 0 4 1 0 1 0 
3 5 0 5 0 4 0 0 0 6 5 2 0 0 0 0 0 0 2 6 1 0 1 0 3 0 0 0 0 
1 4 2 0 1 2 0 1 0 1 2 0 3 3 2 0 0 0 0 2 0 0 0 0 0 0 0 0 0 
1 3 2 0 2 0 0 2 0 0 0 0 0 0 0 3 0 5 0 0 0 5 0 4 4 1 0 0 0 
4 0 0 5 0 0 0 0 0 0 0 0 0 0 0 0 0 4 0 0 0 0 0 0 0 0 5 4 3 
0 2 3 0 2 3 0 0 0 0 4 0 4 0 0 1 0 0 0 0 0 0 0 1 0 0 0 0 0 
0 0 0 0 0 0 0 0 1 0 4 0 0 0 3 0 0 6 0 0 0 0 0 4 1 0 0 0 0 
0 0 0 0 0 0 0 0 0 0 0 0 0 0 0 1 0 0 2 2 0 0 0 0 0 0 0 0 0 
5 6 5 0 2 0 0 0 0 0 0 0 0 0 0 0 0 0 0 0 0 3 0 0 0 0 3 0 2 
1 3 3 0 0 0 0 0 0 0 0 0 0 0 0 3 0 4 4 4 0 5 3 2 0 0 0 0 0 
0 0 0 0 0 0 0 0 0 0 0 0 0 0 0 3 0 5 0 0 0 7 6 0 0 0 0 0 2 
0 2 2 0 0 0 0 0 0 0 0 0 0 0 0 2 2 3 0 3 0 0 3 0 0 0 0 0 2 
0 3 0 0 2 3 0 0 0 0 3 0 0 0 0 1 5 0 0 5 1 0 3 5 0 0 4 4 4 
2 6 2 0 0 0 0 0 0 0 0 0 0 1 4 2 3 2 0 0 0 0 0 0 2 2 0 0 0 
0 2 0 0 0 0 0 0 0 0 0 0 0 1 2 2 2 1 0 0 0 0 2 5 4 3 1 0 0 
3 0 0 4 0 0 0 0 0 0 0 0 3 0 0 0 0 0 0 4 0 0 0 1 3 3 0 0 2 
1 1 0 4 0 0 0 0 0 0 0 0 0 0 0 0 0 0 0 3 2 4 0 0 0 0 0 5 1 
1 0 0 3 3 0 0 3 1 1 0 0 0 0 0 0 0 0 0 0 0 4 3 1 1 0 0 2 0 
300 22
0 8 0 4
0 8 0 10
0 8 1 8
3 27 3 21
3 27 1 27
3 27 9 27
19 0 19 1
19 0 15 0
19 0 20 0
21 21 21 17
21 21 21 22
21 21 20 21
21 21 27 21
19 0 19 1
19 0 15 0
19 1 19 2
19 1 16 1
19 1 20 1
19 1 19 2
15 0 15 3
15 0 14 0
16 1 16 2

5474

1 1     2 - - - 5 - 3   4     3       3     2 3 2 2   3 1 
3               5       5                   3 4       6 3 
  1     3 4 4 2 4 3 3         2 2         2 1 1       |   
  1       1     1   2         2       4   6 - - - - - 5   
    2   5   5     5     4         3 2   1 5       2 1 |   
4 5 4   6 1   1   3       3   2 1   3 4 2 1 1     1   |   
  3   3 4   3 3   2 1 1   3 1       1 3 2   3       3 |   
  2 2 4       2           3   4 4   1 4   2           |   
3 4               5 5 4   3 3       3 4 1             |   
  2 3 2 1 3   3 1   3 3   1 2   2   2 2   4         5 5 2 
3 4 5       1 5 2   2 1   2 1       2     3 2 3 3     1 1 
1   2         3 2     1             1 3   4 3   4 1   1   
3 5   5   4       6 5 2             2 6 1   1   3         
1 4 2   1 2   1   1 2   3 3 2         2                   
1 3 2   2     2               3   5       5   4 4 1       
4 - - 5                           4                 5 4 3 
ǁ 2 3   2 3         4   4     1               1           
ǁ |             1   4       3     6           4 1         
ǁ |                           1     2 2                   
5 6 5   2                                 3         3   2 
1 3 3                         3   4 4 4   5 3 2           
                              3   5 - - - 7 6           2 
  2 2                         2 2 3   3   | 3           2 
  3     2 3         3         1 5     5 1 | 3 5     4 4 4 
2 6 2                     1 4 2 3 2       |     2 2       
  2                       1 2 2 2 1       | 2 5 4 3 1     
3     4                 3             4   |   1 3 3     2 
1 1   4                               3 2 4           5 1 
1     3 3     3 1 1                       4 3 1 1     2   
