29 29
2 0 0 2 2 3 0 0 0 0 0 0 0 0 0 0 0 0 0 0 0 0 0 0 0 0 0 2 2 
2 4 1 0 1 2 1 0 1 0 0 0 0 0 0 0 0 0 0 0 0 0 3 1 1 0 2 0 0 
3 5 0 4 0 0 0 0 0 0 0 0 0 0 0 0 0 0 0 0 0 0 4 3 0 0 3 0 0 
3 4 1 2 0 0 0 0 0 0 0 0 0 0 4 4 0 1 2 0 3 1 0 2 2 2 0 0 0 
0 2 3 4 0 0 0 0 0 3 0 0 2 0 0 1 0 0 1 0 0 0 0 0 0 2 0 0 0 
0 2 3 0 2 0 3 0 0 0 0 0 0 0 4 0 0 0 0 0 5 0 0 3 4 2 0 0 3 
0 0 1 0 1 0 1 1 0 2 0 2 0 0 3 1 0 0 2 0 5 2 0 2 2 0 0 0 0 
2 2 0 4 0 0 0 0 0 0 0 0 0 0 0 0 0 0 0 0 0 0 5 0 0 0 5 7 5 
0 3 4 4 0 0 0 0 1 1 2 1 3 2 2 0 0 0 0 3 2 0 0 1 3 2 0 0 0 
0 1 0 4 3 2 0 0 0 0 4 0 4 2 4 1 2 2 0 0 0 0 0 2 0 0 0 0 0 
0 1 0 1 0 2 0 0 2 0 3 1 0 0 3 2 0 2 0 0 2 1 0 0 0 0 0 0 0 
0 3 6 0 5 0 0 0 0 0 0 0 6 0 0 4 0 0 0 0 0 0 0 3 0 2 0 0 2 
0 0 0 2 0 1 0 0 0 2 0 0 5 0 0 4 4 2 0 0 0 0 0 0 0 1 0 0 2 
0 2 0 0 0 0 0 0 0 0 0 0 1 0 0 1 1 0 0 0 0 0 0 2 5 0 4 3 3 
0 0 0 5 4 0 0 0 0 0 0 0 0 0 0 0 0 0 0 4 5 3 0 1 3 1 0 3 1 
0 1 0 0 0 0 0 0 0 0 0 0 0 0 0 0 0 0 0 2 0 0 0 3 0 0 6 5 2 
0 0 0 3 5 0 0 0 0 0 0 3 0 0 0 0 0 0 0 4 3 0 0 2 1 0 4 0 0 
0 0 0 1 5 0 0 0 0 0 0 0 0 0 0 0 0 0 0 4 3 0 0 1 2 0 3 0 1 
3 0 5 0 0 0 0 0 0 0 0 0 0 0 0 0 0 0 0 0 0 0 5 0 0 0 2 0 1 
0 1 0 1 0 5 0 0 0 0 0 0 0 0 0 4 3 0 0 0 3 2 0 4 4 4 3 0 2 
0 3 4 3 1 0 2 1 0 0 0 0 0 0 0 3 3 0 2 0 0 1 0 2 0 1 1 0 0 
0 1 2 3 1 0 0 1 1 0 0 0 0 0 0 3 0 0 1 0 0 1 0 1 5 0 4 0 0 
3 0 0 0 0 6 5 4 0 0 0 4 2 3 0 4 0 2 0 0 6 3 0 0 4 1 0 0 0 
0 2 5 0 0 5 4 3 1 1 1 0 0 0 0 2 0 0 0 0 1 0 0 0 2 0 0 0 0 
0 1 3 1 1 3 4 0 0 3 2 0 3 5 0 0 4 0 0 0 0 0 5 0 0 0 4 0 0 
3 0 0 0 0 0 0 0 0 0 0 7 0 4 2 2 0 1 0 0 3 1 0 1 3 3 0 0 0 
0 0 1 0 0 3 0 0 0 4 1 0 1 3 0 0 3 0 0 0 4 2 0 0 0 0 0 5 4 
4 0 0 0 0 0 0 0 0 2 2 6 0 0 4 3 4 0 3 2 2 0 4 3 6 5 3 5 2 
3 0 0 0 0 0 0 0 0 0 0 3 1 1 2 1 0 0 0 0 0 0 3 0 4 2 1 3 1 
300 22
3 15 3 14
3 15 3 17
3 15 4 15
3 15 3 14
7 27 7 26
7 27 7 28
7 27 0 27
7 27 13 27
14 3 14 4
14 3 12 3
14 3 16 3
25 11 25 0
25 11 25 13
25 11 22 11
25 11 27 11
26 2 26 5
26 5 26 9
3 14 3 3
3 14 5 14
26 5 26 9
26 9 26 10
26 9 27 9

2466

2     2 2 3                                           2 2 
2 4 1   1 2 1   1                           3 1 1   2 |   
3 5   4                                     4 3     3 |   
3 4 1 2 - - - - - - - - - - 4 4 - 1 2   3 1   2 2 2   |   
  2 3 4           3     2   | 1     1             2   |   
  2 3   2   3               4           5     3 4 2   | 3 
    1   1   1 1   2   2     3 1     2   5 2   2 2     |   
2 2   4                                     5       5 7 5 
  3 4 4         1 1 2 1 3 2 2         3 2     1 3 2   |   
  1   4 3 2         4   4 2 4 1 2 2           2       |   
  1   1   2     2   3 1     3 2   2     2 1           |   
  3 6   5               6     4               3   2   | 2 
      2   1       2     5     4 4 2               1   | 2 
  2   |                 1     1 1             2 5   4 3 3 
      5 4                             4 5 3   1 3 1   3 1 
  1   |                               2       3     6 5 2 
      3 5             3               4 3     2 1   4     
      1 5                             4 3     1 2   3   1 
3   5                                       5       2   1 
  1   1   5                   4 3       3 2   4 4 4 3   2 
  3 4 3 1   2 1               3 3   2     1   2   1 1     
  1 2 3 1     1 1             3     1     1   1 5   4     
3         6 5 4       4 2 3   4   2     6 3     4 1       
  2 5     5 4 3 1 1 1 |       2         1       2         
  1 3 1 1 3 4     3 2 | 3 5     4           5       4     
3 - - - - - - - - - - 7 - 4 2 2   1     3 1   1 3 3       
    1 - - 3 = = = 4 1 | 1 3     3       4 2           5 4 
4                 2 2 6     4 3 4   3 2 2   4 3 6 5 3 5 2 
3                     3 1 1 2 1             3   4 2 1 3 1 
