29 29
2 2 1 3 2 6 2 1 2 2 2 4 0 0 0 0 0 0 4 1 5 2 2 2 6 0 0 0 3 
0 4 0 8 0 6 0 2 4 5 0 0 0 0 0 0 0 0 7 0 6 4 7 4 4 3 1 1 0 
0 3 4 0 3 5 4 0 0 0 0 0 0 3 0 0 0 0 0 1 3 1 0 2 2 0 1 0 0 
0 0 2 0 1 2 2 0 0 0 0 0 0 0 0 0 0 0 0 2 5 0 7 0 0 8 3 0 0 
0 2 0 7 0 0 0 0 0 0 0 0 0 7 0 0 0 0 8 0 0 2 0 0 0 0 3 5 4 
6 5 1 0 4 2 2 0 6 0 2 2 0 0 2 0 2 0 0 4 0 0 7 3 0 0 4 0 2 
0 0 0 0 6 5 4 3 6 2 0 5 2 0 4 0 0 2 0 2 0 0 2 2 0 0 2 0 2 
0 0 0 0 0 3 2 0 4 2 0 0 0 0 0 0 0 0 0 0 0 4 0 0 0 7 0 6 5 
0 0 0 0 0 2 0 0 0 0 0 0 0 0 0 0 0 0 0 4 0 8 0 4 0 0 0 0 2 
0 0 0 0 4 4 0 8 0 0 0 0 0 7 7 0 8 6 0 0 0 2 3 4 0 0 2 0 0 
0 0 0 0 0 0 2 0 2 0 3 0 0 0 0 1 0 0 0 4 0 0 3 1 0 0 0 0 2 
3 0 0 0 0 2 0 0 0 0 0 0 0 0 0 0 0 0 0 3 2 0 2 0 0 0 0 0 0 
0 0 0 0 0 2 6 0 2 0 6 1 0 0 0 0 0 0 0 4 7 1 0 0 0 0 0 0 0 
0 0 0 0 0 0 0 0 0 0 0 2 3 3 0 2 0 3 0 0 0 0 0 0 0 0 0 0 0 
0 0 0 0 0 0 0 0 0 0 0 0 0 0 0 0 0 0 0 3 7 0 5 0 0 5 4 0 0 
0 0 0 0 0 0 0 4 0 0 6 6 4 0 0 0 6 5 0 2 0 1 3 4 2 0 1 0 0 
0 0 0 0 0 1 6 0 0 0 3 0 0 0 0 0 2 4 0 2 0 0 0 0 0 0 0 0 0 
0 0 0 0 0 0 2 0 2 0 8 0 0 0 7 5 3 6 0 6 6 3 3 0 0 0 0 0 4 
2 0 0 0 0 0 0 0 0 0 4 2 0 0 1 3 3 3 0 2 2 3 0 0 0 0 0 0 0 
1 0 0 0 5 0 0 0 0 0 0 0 0 0 0 0 0 0 8 0 5 0 0 0 0 0 0 0 0 
0 0 0 0 0 4 0 6 0 4 2 0 0 0 4 0 0 0 0 0 0 4 8 0 0 5 4 0 0 
0 0 0 0 3 3 0 3 0 0 2 6 0 0 8 0 0 0 7 3 6 2 4 0 0 2 1 0 0 
0 0 0 0 3 0 0 0 0 5 2 3 1 0 2 1 0 0 4 0 0 0 0 0 3 3 1 0 0 
4 8 0 7 0 0 0 0 0 0 0 0 0 0 0 0 0 0 0 0 4 0 0 0 0 0 0 4 3 
6 7 3 0 3 6 0 0 0 0 0 0 0 0 0 0 0 0 3 1 0 2 0 0 6 2 2 0 2 
2 1 1 0 5 7 0 0 0 0 0 0 0 0 0 0 0 0 0 0 8 0 0 0 7 4 4 0 0 
2 4 2 0 2 2 0 0 0 0 0 0 0 0 0 0 3 4 2 0 6 0 2 1 0 2 0 6 5 
4 8 0 8 0 0 0 4 0 3 3 3 2 0 0 0 0 7 0 0 0 0 2 3 5 3 4 3 2 
2 5 1 3 0 0 3 0 0 0 0 5 0 0 0 2 1 4 2 2 3 0 0 0 3 0 3 4 3 
300 493
0 5 0 4
0 5 0 6
0 5 1 5
0 5 0 4
0 5 0 6
0 5 1 5
0 20 0 19
0 20 0 21
0 20 1 20
0 24 0 23
0 24 0 28
0 24 1 24
0 24 0 23
0 24 0 28
0 24 1 24
0 28 4 28
1 3 1 1
1 3 1 5
1 3 0 3
1 3 4 3
1 3 1 1
1 3 1 5
1 3 0 3
1 3 4 3
1 18 1 9
1 18 1 20
1 18 0 18
1 18 4 18
1 22 1 21
1 22 1 23
1 22 0 22
1 22 3 22
2 2 2 1
2 2 3 2
2 2 2 1
2 2 3 2
3 25 3 22
3 25 3 26
3 25 1 25
3 25 7 25
3 25 3 22
3 25 3 26
3 25 1 25
3 25 7 25
4 3 4 1
4 3 4 13
4 3 23 3
4 18 4 13
4 18 4 21
4 18 1 18
4 18 19 18
4 28 4 27
4 28 5 28
4 28 4 27
5 0 5 1
5 0 0 0
5 0 11 0
5 0 5 1
5 0 0 0
5 0 11 0
5 4 5 5
5 4 6 4
5 4 5 5
5 4 6 4
5 8 5 6
5 8 5 10
5 8 6 8
5 8 5 6
5 8 5 10
5 8 6 8
5 19 5 22
5 19 6 19
5 19 5 22
5 19 6 19
5 22 5 23
5 22 3 22
5 22 6 22
6 4 6 5
6 4 9 4
6 8 6 7
6 8 6 9
6 8 7 8
6 8 6 7
7 21 7 25
7 21 8 21
7 21 7 25
7 21 8 21
7 28 7 27
7 28 6 28
7 28 8 28
8 19 8 21
8 19 10 19
8 19 8 21
8 19 10 19
8 21 8 23
8 21 9 21
9 7 9 5
9 7 9 13
9 7 6 7
9 7 15 7
9 14 9 13
9 14 9 16
9 14 6 14
9 14 17 14
9 16 9 14
9 16 9 17
9 16 5 16
9 16 15 16
9 17 9 16
9 17 6 17
9 17 13 17
9 17 9 16
9 17 6 17
10 6 12 6
10 15 13 15
10 19 10 22
10 19 11 19
11 0 18 0
12 6 12 5
12 6 10 6
12 6 16 6
12 6 12 5
12 6 16 6
12 20 12 19
12 20 12 21
12 20 11 20
12 20 14 20
13 15 17 15
13 17 15 17
15 16 15 17
15 16 9 16
15 16 16 16
15 16 15 17
15 16 16 16
16 6 16 5
16 6 16 10
16 6 17 6
16 6 16 10
16 17 15 17
16 17 17 17
16 17 15 17
16 17 17 17
17 10 17 8
17 10 17 14
17 10 16 10
17 10 18 10
17 14 17 10
17 14 17 15
17 14 9 14
17 14 18 14
17 14 17 15
17 17 17 16
17 17 18 17
17 17 17 16
17 17 18 17
17 19 17 20
17 19 16 19
17 19 18 19
17 19 17 20
17 19 16 19
17 19 18 19
17 20 17 21
17 20 14 20
17 20 18 20
17 20 17 21
18 0 19 0
19 4 19 18
19 4 9 4
19 4 21 4
19 18 19 4
19 18 19 20
19 18 4 18
19 18 21 18
20 5 20 7
20 5 21 5
20 5 20 7
20 5 21 5
20 7 20 9
20 7 21 7
20 7 20 9
20 7 21 7
20 9 20 10
20 9 22 9
20 14 20 10
20 14 21 14
20 14 21 14
20 14 21 14
20 22 20 21
20 22 20 25
20 22 17 22
20 22 21 22
20 22 20 21
20 22 20 25
20 22 17 22
20 22 21 22
20 26 20 25
20 26 15 26
20 26 21 26
20 26 20 25
21 11 21 10
21 11 21 14
21 11 22 11
21 11 21 10
21 11 21 14
21 11 22 11
23 0 23 1
23 0 24 0
23 0 23 1
23 0 24 0
23 1 23 3
23 1 5 1
23 1 24 1
24 0 24 1
24 0 25 0
24 1 24 0
24 1 24 2
24 1 23 1
24 1 25 1
25 5 25 4
25 5 25 20
25 5 24 5
25 5 26 5
25 20 25 5
25 20 25 24
25 20 23 20
25 20 26 20
26 28 26 27
26 28 24 28
26 28 27 28
27 1 27 0
27 1 27 3
27 1 26 1
27 1 28 1
27 1 27 0
27 1 27 3
27 1 26 1
27 1 28 1
27 3 27 7
27 3 23 3
27 3 28 3
27 7 27 3
27 7 27 9
27 7 27 9
27 9 27 10
27 10 27 11
27 17 27 12
27 17 27 22
27 17 26 17
27 17 28 17
28 1 28 0
28 1 28 2
28 1 28 0
28 11 28 6
28 11 28 15
28 11 27 11
0 3 0 2
0 11 0 10
0 11 0 18
0 11 0 10
0 11 0 18
0 18 1 18
0 20 0 21
0 20 1 20
0 22 1 22
1 1 0 1
1 1 2 1
1 20 1 18
1 20 1 21
1 20 2 20
1 21 1 22
1 21 2 21
3 20 3 19
3 20 3 22
3 20 2 20
4 18 4 13
4 18 4 21
5 2 5 1
5 16 5 14
6 4 6 5
6 4 9 4
6 6 6 5
6 6 7 6
6 6 6 5
6 6 7 6
6 11 6 9
6 11 6 12
6 11 5 11
6 14 6 12
6 14 5 14
6 14 9 14
7 8 7 9
7 9 7 8
8 21 8 23
8 21 9 21
8 23 8 28
8 23 9 23
9 4 9 5
9 13 9 7
9 13 13 13
9 13 13 13
11 5 9 5
12 20 12 19
12 20 11 20
12 20 14 20
13 13 13 12
14 20 14 19
14 20 14 22
14 25 14 22
14 25 14 26
14 25 20 25
14 26 14 25
14 26 9 26
14 26 14 25
15 7 15 10
15 7 9 7
15 7 15 10
15 10 15 11
15 10 12 10
15 11 15 10
15 11 15 12
15 11 13 11
15 11 15 10
15 11 15 12
15 12 13 12
15 19 14 19
15 23 15 22
15 23 15 24
15 23 15 22
15 23 15 24
17 6 17 8
17 10 18 10
17 28 10 28
17 28 23 28
17 28 10 28
17 28 23 28
18 10 18 11
18 10 17 10
18 17 18 16
19 4 21 4
19 18 19 20
19 18 21 18
20 21 18 21
20 21 21 21
21 7 21 5
21 18 21 14
21 18 21 19
21 18 22 18
21 22 21 21
21 22 21 25
21 25 22 25
22 9 22 4
22 9 22 10
22 9 22 4
22 9 22 10
22 11 22 12
23 1 23 3
23 1 5 1
24 0 24 1
24 2 25 2
24 5 24 4
24 5 24 18
24 5 25 5
24 5 24 4
24 5 24 18
24 21 24 24
25 0 26 0
25 20 25 24
25 20 23 20
25 20 26 20
25 24 25 25
25 24 24 24
25 24 27 24
26 1 26 0
26 1 26 2
26 20 26 18
26 20 26 22
26 20 26 18
26 20 26 22
26 23 27 23
27 3 23 3
27 3 28 3
27 10 27 11
27 12 27 17
28 3 28 6
28 6 28 11
28 11 28 15
28 16 28 17
28 17 28 18
28 17 27 17
28 18 28 19
28 19 28 20
28 20 28 24
1 9 1 8
1 9 0 9
1 9 1 8
1 9 0 9
4 1 4 3
4 13 4 3
4 13 2 13
4 13 2 13
5 11 6 11
6 5 7 5
7 5 8 5
7 5 8 5
7 25 7 27
7 27 7 25
7 27 7 28
7 27 4 27
7 27 7 28
9 5 9 7
9 26 9 23
11 19 12 19
12 10 12 8
12 10 12 11
12 10 10 10
12 19 11 19
13 11 13 12
14 20 14 19
14 20 14 22
18 21 18 20
18 21 17 21
19 20 21 20
21 4 22 4
21 20 21 19
21 20 19 20
21 20 23 20
21 20 21 19
21 20 23 20
23 27 23 28
23 27 26 27
23 27 26 27
24 4 25 4
24 19 24 18
24 21 24 24
24 24 24 25
24 24 22 24
24 24 25 24
24 28 26 28
26 17 26 16
26 17 27 17
26 17 26 16
26 27 26 25
26 27 26 28
26 27 27 27
27 22 27 23
27 23 27 24
28 20 28 24
1 8 1 7
1 8 0 8
2 13 2 6
5 26 4 26
5 26 6 26
5 26 4 26
5 26 6 26
5 28 6 28
9 23 9 22
9 23 10 23
12 10 12 8
12 10 10 10
15 21 15 22
21 18 21 14
21 18 22 18
22 14 22 15
22 14 21 14
22 24 22 25
25 26 25 25
25 26 24 26
25 26 25 25
25 26 24 26
26 16 26 5
0 8 0 7
1 7 1 5
2 6 2 5
2 6 3 6
2 6 2 5
3 6 3 5
4 27 4 26
4 27 1 27
9 22 10 22
10 8 10 10
14 22 11 22
14 22 11 22
22 24 22 25
24 25 25 25
25 5 25 4
25 24 27 24
26 4 25 4
26 25 27 25
1 5 2 5
3 26 2 26
9 22 10 22
25 4 26 4
1 26 1 25

3523

2 2 1 3 2 6 2 1 2 2 2 4 = = = = = = 4 1 5 2 2 2 6 = = = 3 
ǁ 4 = 8 = 6 - 2 4 5 - - - - - - - - 7 = 6 4 7 4 4 3 1 1 | 
ǁ 3 4 ǁ 3 5 4 - - - - - - 3         ǁ 1 3 1 | 2 2 ǁ 1 | | 
ǁ   2 ǁ 1 2 2             ǁ         ǁ 2 5 - 7 = = 8 3 | | 
ǁ 2 = 7 = = = = = = = = = 7 = = = = 8 = = 2 |     ǁ 3 5 4 
6 5 1 | 4 2 2 = 6 = 2 2     2 - 2   ǁ 4 = = 7 3   ǁ 4 | 2 
ǁ ǁ   | 6 5 4 3 6 2 - 5 2 - 4   | 2 ǁ 2     2 2   ǁ 2 | 2 
ǁ ǁ   | ǁ 3 2 | 4 2         ǁ   | ǁ ǁ     4 = = = 7 = 6 5 
ǁ ǁ   | ǁ 2   |             ǁ   | ǁ ǁ 4 = 8 = 4 - - - - 2 
ǁ ǁ   | 4 4 = 8 = = = = = 7 7 = 8 6 ǁ ǁ   2 3 4 - - 2     
ǁ ǁ   | | | 2 ǁ 2 - 3     ǁ ǁ 1 ǁ | ǁ 4 - - 3 1     |   2 
3 ǁ   | | 2 ǁ ǁ     ǁ     ǁ ǁ | ǁ | ǁ 3 2   2       |   ǁ 
| ǁ   | | 2 6 ǁ 2 = 6 1   ǁ ǁ | ǁ | ǁ 4 7 1 ǁ       |   ǁ 
| ǁ   | |   ǁ ǁ     | 2 3 3 ǁ 2 ǁ 3 ǁ   ǁ   ǁ       |   ǁ 
| ǁ   | |   ǁ ǁ     | | |   ǁ | ǁ | ǁ 3 7 = 5 - - 5 4   ǁ 
| ǁ   | |   ǁ 4 = = 6 6 4   ǁ | 6 5 ǁ 2 | 1 3 4 2 | 1   ǁ 
| ǁ   | | 1 6 = = = 3       ǁ | 2 4 ǁ 2 |         | |   ǁ 
| ǁ   | |   2 - 2 - 8 = = = 7 5 3 6 ǁ 6 6 3 3     | |   4 
2 ǁ   | |           4 2     1 3 3 3 ǁ 2 2 3 ǁ     | |   ǁ 
1 ǁ   | 5 = = = = = = = = = = = = = 8 = 5 | ǁ     | |   ǁ 
  ǁ   | ǁ 4 = 6 = 4 2 - - - 4       ǁ   ǁ 4 8 = = 5 4   ǁ 
  ǁ   | 3 3 - 3   | 2 6 = = 8 = = = 7 3 6 2 4 - - 2 1   ǁ 
  ǁ   | 3 = = = = 5 2 3 1   2 1     4   ǁ       3 3 1   ǁ 
4 8 = 7                                 4       |     4 3 
6 7 3 ǁ 3 6 = = = = = = = = = = = = 3 1 ǁ 2 = = 6 2 2 ǁ 2 
2 1 1 ǁ 5 7 = = = = = = = = = = = = = = 8 = = = 7 4 4 ǁ ǁ 
2 4 2 ǁ 2 2 - - - - - - - - - - 3 4 2 = 6 = 2 1 ǁ 2 - 6 5 
4 8 = 8 = = = 4 = 3 3 3 2 = = = = 7 - - - - 2 3 5 3 4 3 2 
2 5 1 3 - - 3 = = = = 5 = = = 2 1 4 2 2 3 = = = 3   3 4 3 
