29 29
3 2 0 0 0 2 0 0 0 0 0 0 0 0 0 0 0 0 2 0 0 0 6 2 2 0 6 0 4 
2 0 2 0 0 8 0 0 0 0 0 0 0 0 0 0 0 0 6 0 0 0 8 2 2 0 4 2 0 
2 5 0 0 0 8 0 0 4 4 3 3 0 0 5 0 2 1 6 0 2 0 0 2 0 0 4 6 5 
2 1 2 0 0 4 1 0 4 3 0 1 2 2 0 0 0 0 1 0 0 0 0 2 2 1 0 0 0 
4 3 1 3 0 4 0 0 0 0 6 0 6 5 7 0 0 0 0 0 0 0 7 6 7 4 0 0 0 
0 0 2 2 1 4 0 2 0 0 0 0 2 1 4 0 0 2 0 0 0 0 0 1 2 2 0 0 0 
3 0 0 3 0 3 0 0 0 0 5 0 0 0 0 0 0 0 0 0 0 0 7 0 0 0 5 0 0 
0 0 0 2 2 5 3 0 2 0 0 2 0 0 0 0 0 0 5 2 2 2 0 4 0 4 3 0 0 
3 3 6 0 0 8 0 0 0 0 6 0 0 0 0 0 0 0 6 0 7 6 0 0 2 0 0 0 0 
0 3 1 2 2 0 4 0 2 0 0 2 0 0 0 0 0 4 0 1 0 0 0 0 0 0 0 0 0 
0 5 0 8 4 0 0 1 0 0 6 0 0 0 0 0 0 5 0 0 0 0 0 4 0 0 3 0 0 
0 3 4 0 3 7 8 6 2 0 6 0 2 0 0 1 0 5 5 4 1 4 0 6 6 0 2 0 1 
0 2 4 0 2 2 2 2 2 0 4 0 2 0 0 0 0 4 1 1 2 4 0 2 2 0 1 0 2 
6 0 0 7 0 0 0 0 0 0 0 0 0 0 0 0 0 0 0 0 0 0 7 0 0 7 0 8 4 
0 0 2 0 0 0 0 0 0 0 0 0 0 4 0 2 4 0 2 0 0 0 0 4 2 0 2 0 2 
0 2 0 0 0 0 0 0 0 0 0 0 0 0 4 2 0 0 0 0 0 0 0 0 2 0 0 0 0 
0 0 0 0 0 0 0 0 0 0 0 0 0 4 4 0 7 1 0 0 0 0 0 0 4 0 0 0 0 
3 4 3 0 0 0 0 0 0 0 0 0 0 0 4 2 0 0 0 0 0 0 0 0 0 0 0 0 0 
3 5 2 0 0 0 0 0 0 0 0 0 0 0 6 0 8 0 0 0 0 0 8 6 4 0 0 0 0 
0 3 2 0 0 0 0 0 0 0 0 0 0 0 2 1 0 0 0 0 0 0 0 3 1 0 0 0 0 
5 0 0 7 0 0 0 0 0 0 0 0 0 5 3 3 4 4 0 0 0 0 8 7 4 0 0 0 0 
5 2 0 0 1 2 0 0 0 0 0 0 0 4 4 2 0 4 0 0 2 1 0 0 0 6 6 0 0 
0 1 0 0 0 0 0 0 0 0 0 0 0 0 2 1 0 3 1 5 0 0 5 0 0 0 2 0 0 
0 2 0 6 0 0 0 0 0 0 0 0 0 7 5 4 0 4 2 7 4 2 0 0 0 0 1 7 6 
0 0 0 0 0 0 0 2 1 0 0 0 0 0 2 2 0 2 2 1 0 0 0 0 0 6 3 0 0 
3 2 0 0 0 0 0 3 0 0 0 0 0 6 4 2 0 2 8 2 3 0 5 0 0 0 3 0 0 
2 2 0 7 0 0 0 0 0 0 0 0 0 4 2 0 0 2 0 0 3 2 2 0 0 0 2 0 0 
6 0 0 8 2 2 0 0 0 0 0 0 6 0 0 0 8 6 4 0 0 0 0 3 4 4 2 2 2 
4 2 0 3 0 1 0 0 0 0 0 0 4 0 2 2 4 3 0 0 0 0 2 1 4 0 0 4 2 
300 457
0 22 0 18
0 22 0 23
0 22 1 22
0 22 0 18
0 22 0 23
0 22 1 22
0 26 0 24
0 26 0 28
0 26 1 26
0 26 0 24
0 26 0 28
0 26 1 26
0 28 2 28
0 28 2 28
1 5 1 2
1 5 1 18
1 5 0 5
1 5 2 5
1 5 1 2
1 5 1 18
1 5 0 5
1 5 2 5
1 18 1 22
1 18 2 18
1 22 1 18
1 22 1 23
1 22 4 22
2 5 2 1
2 5 2 8
2 5 3 5
2 14 2 11
2 14 2 16
2 14 4 14
2 18 2 17
2 18 2 20
2 18 1 18
2 18 3 18
2 18 2 20
2 28 2 27
2 28 11 28
2 28 2 27
4 24 4 23
4 24 4 25
4 24 3 24
4 24 5 24
6 22 6 10
6 22 6 26
6 22 4 22
6 22 13 22
7 18 7 11
7 18 7 19
7 18 8 18
7 23 7 25
7 23 10 23
7 23 7 25
7 23 10 23
7 25 7 26
7 25 13 25
8 5 8 2
8 5 8 10
8 5 7 5
8 5 11 5
8 5 8 2
8 5 8 10
8 5 7 5
8 5 11 5
8 10 8 18
8 10 6 10
8 10 10 10
8 10 8 18
8 18 8 20
8 18 7 18
8 18 11 18
8 20 8 21
8 20 7 20
8 20 11 20
8 20 8 21
8 20 7 20
8 20 8 21
8 24 11 24
9 6 9 8
9 6 11 6
9 6 9 8
9 6 11 6
9 11 9 17
9 17 9 11
9 17 10 17
9 17 10 17
9 19 11 19
10 1 10 3
10 1 9 1
10 1 11 1
10 3 10 1
10 3 10 4
10 3 9 3
10 3 13 3
10 10 10 7
10 10 10 17
10 10 11 10
10 23 11 23
11 2 11 1
11 2 12 2
11 2 11 1
11 2 12 2
11 5 11 4
11 5 11 6
11 5 12 5
11 6 11 5
11 6 11 7
11 6 12 6
11 7 11 6
11 7 11 8
11 7 12 7
11 7 11 6
11 7 11 8
11 10 11 12
11 10 10 10
11 10 12 10
11 10 11 12
11 10 10 10
11 19 11 18
11 19 12 19
11 19 11 18
11 21 8 21
11 21 12 21
11 21 8 21
11 21 12 21
11 23 11 24
11 23 10 23
11 23 12 23
11 23 11 24
11 23 12 23
12 2 12 1
12 2 14 2
12 10 12 8
12 10 12 12
12 10 12 8
12 21 12 20
12 21 21 21
13 0 8 0
13 0 17 0
13 0 8 0
13 0 17 0
13 22 13 25
13 22 6 22
13 22 18 22
13 22 13 25
13 22 18 22
13 25 13 27
13 25 21 25
13 27 13 25
13 27 13 28
13 27 2 27
13 27 23 27
14 23 14 24
14 23 18 23
14 23 14 24
14 23 18 23
14 26 21 26
15 24 16 24
16 16 16 14
16 16 16 17
16 16 14 16
16 16 18 16
16 24 15 24
16 24 18 24
16 24 18 24
18 16 18 14
18 16 16 16
18 16 20 16
18 16 18 14
18 16 20 16
18 22 18 23
18 22 20 22
18 22 18 23
18 22 20 22
18 22 18 23
18 22 18 23
18 24 19 24
19 23 20 23
19 23 20 23
20 0 20 3
20 0 18 0
20 0 21 0
20 17 20 16
20 17 21 17
20 17 20 16
20 17 21 17
20 22 20 23
20 22 22 22
20 22 20 23
20 22 22 22
20 22 20 23
20 22 20 23
20 24 20 23
20 24 27 24
20 24 27 24
21 25 21 26
21 25 13 25
21 25 24 25
21 26 21 25
21 26 14 26
21 26 22 26
22 19 22 18
22 19 22 22
22 19 23 19
23 13 23 3
23 13 23 14
23 13 21 13
23 13 25 13
23 19 23 18
23 19 23 20
23 19 22 19
23 19 24 19
23 27 23 26
23 27 23 28
23 27 13 27
23 27 27 27
23 28 23 27
23 28 14 28
23 28 27 28
23 28 23 27
23 28 14 28
24 8 24 7
24 25 24 26
24 25 21 25
24 25 27 25
24 25 24 26
24 25 27 25
24 26 25 26
25 18 25 17
25 18 25 19
25 18 24 18
25 18 27 18
25 18 25 17
25 18 25 19
25 18 24 18
25 18 27 18
25 22 25 20
25 22 22 22
25 22 26 22
25 26 26 26
26 3 26 1
26 3 26 13
26 3 23 3
26 3 27 3
27 0 27 3
27 0 26 0
27 0 28 0
27 0 27 3
27 0 26 0
27 0 28 0
27 3 27 4
27 3 26 3
27 3 28 3
27 12 27 5
27 12 27 16
27 12 28 12
27 12 27 5
27 12 27 16
27 12 28 12
27 18 27 17
27 18 27 23
27 25 27 24
27 25 27 26
28 0 28 1
28 0 28 1
28 3 28 5
28 3 27 3
28 12 28 14
28 12 28 14
28 15 28 16
1 22 1 23
1 22 4 22
2 5 2 1
2 5 2 8
2 5 3 5
2 8 2 9
2 8 3 8
2 9 2 10
2 9 3 9
2 9 2 10
2 16 2 14
2 27 2 26
2 27 1 27
2 27 13 27
5 17 5 14
7 11 7 18
7 21 8 21
8 2 8 1
8 2 5 2
8 2 9 2
8 2 8 1
8 24 11 24
9 1 8 1
9 1 10 1
10 3 10 4
10 3 9 3
10 3 13 3
10 4 9 4
10 4 11 4
10 17 11 17
11 24 12 24
12 1 15 1
12 7 12 6
12 12 12 17
12 17 12 18
12 17 11 17
12 17 11 17
12 20 21 20
12 24 11 24
12 26 11 26
12 28 13 28
13 3 20 3
13 27 13 28
13 28 12 28
14 2 17 2
14 13 14 15
14 13 16 13
14 13 14 15
14 13 16 13
14 16 14 18
14 16 16 16
14 16 14 18
15 1 17 1
15 14 15 15
15 14 16 14
15 14 15 15
15 14 16 14
16 13 16 14
16 13 20 13
17 14 17 15
17 14 18 14
17 14 17 15
17 14 18 14
18 14 19 14
21 20 21 17
21 26 22 26
22 19 22 22
23 19 23 18
23 19 23 20
23 20 23 21
23 20 25 20
24 7 25 7
25 7 25 13
25 22 25 20
25 22 26 22
25 26 26 26
26 20 26 21
26 21 26 20
27 3 27 4
27 17 27 16
27 17 26 17
27 17 28 17
27 17 27 16
27 17 26 17
27 23 27 24
27 23 28 23
27 26 27 27
27 28 28 28
28 15 28 16
28 16 28 17
28 16 27 16
28 17 28 22
28 24 28 27
28 27 28 24
28 27 28 28
1 27 1 26
5 17 5 14
8 0 6 0
10 17 11 17
11 15 11 17
11 26 10 26
13 3 20 3
18 14 19 14
19 15 20 15
21 17 21 15
22 17 22 15
22 17 23 17
22 17 23 17
23 17 23 15
23 17 24 17
24 17 24 15
25 7 25 13
25 13 25 14
25 13 23 13
25 13 26 13
26 13 26 3
26 13 26 14
26 14 25 14
1 24 1 26
1 24 3 24
2 23 3 23
2 26 6 26
3 25 4 25
4 24 4 23
4 24 4 25
4 24 5 24
4 25 5 25
5 14 5 13
5 14 4 14
5 23 4 23
6 0 4 0
10 26 7 26
23 15 23 14
23 15 24 15
23 15 23 14
25 14 25 15
25 14 24 14
2 23 3 23
2 26 6 26
4 13 4 12
4 13 4 14
4 13 3 13
4 14 4 13
4 14 4 22
4 14 2 14
4 23 4 22
6 0 4 0
10 26 7 26
24 14 23 14
2 11 2 10
2 11 3 11
3 9 3 8
3 9 3 8
4 0 4 1
4 0 3 0
4 1 4 2
4 1 3 1
4 10 4 5
4 10 4 12
4 10 6 10
4 10 4 5
4 10 4 12
4 10 6 10
4 12 4 13
4 12 3 12
4 12 5 12
4 14 4 22
4 23 4 22
5 2 5 3
5 7 5 5
6 22 6 10
6 22 6 26
7 8 7 6
3 0 2 0
3 2 3 5
3 2 3 5
3 6 3 8
3 12 3 13
4 5 4 3
4 5 5 5
5 7 5 5
7 8 7 6
4 3 5 3
5 5 5 4
7 6 7 5

3033

3 2       2                         2 = = = 6 2 2 = 6 = 4 
2   2 = = 8 = = = = = = = = = = = = 6 = = = 8 2 2 - 4 2 ǁ 
2 5 = = = 8 = = 4 4 3 3 - - 5 = 2 1 6 = 2   ǁ 2 |   4 6 5 
2 1 2 = = 4 1 - 4 3   1 2 2 ǁ       1       ǁ 2 2 1 ǁ ǁ | 
4 3 1 3 - 4 = = = = 6 = 6 5 7 = = = = = = = 7 6 7 4 ǁ ǁ | 
ǁ   2 2 1 4 = 2     ǁ   2 1 4 = = 2         | 1 2 2 ǁ ǁ | 
3   | 3   3         5 = = = = = = = = = = = 7 = = = 5 ǁ | 
|   | 2 2 5 3 = 2   | 2 = = = = = = 5 2 2 2 ǁ 4 = 4 3 ǁ | 
3 3 6 = = 8 = = = = 6 = = = = = = = 6 - 7 6 ǁ ǁ 2 | ǁ ǁ | 
ǁ 3 1 2 2 ǁ 4 = 2   | 2 = = = = = 4 | 1 | ǁ ǁ ǁ ǁ | ǁ ǁ | 
ǁ 5 = 8 4 ǁ ǁ 1 - - 6 - - - - - - 5 | | | ǁ ǁ 4 ǁ | 3 ǁ | 
ǁ 3 4 ǁ 3 7 8 6 2   6 = 2     1 - 5 5 4 1 4 ǁ 6 6 | 2 ǁ 1 
ǁ 2 4 ǁ 2 2 2 2 2 = 4 - 2 - - - - 4 1 1 2 4 ǁ 2 2 | 1 ǁ 2 
6 | | 7                                 | | 7 = = 7 = 8 4 
ǁ | 2 ǁ                   4 = 2 4 = 2   | | ǁ 4 2 ǁ 2 ǁ 2 
ǁ 2 | ǁ                   ǁ 4 2 ǁ       | | ǁ ǁ 2 ǁ ǁ ǁ ǁ 
ǁ | | ǁ                   4 4 - 7 1     | | ǁ ǁ 4 ǁ ǁ ǁ ǁ 
3 4 3 ǁ                   | 4 2 ǁ       | | ǁ ǁ ǁ ǁ ǁ ǁ ǁ 
3 5 2 ǁ                   | 6 = 8       | | 8 6 4 ǁ ǁ ǁ ǁ 
| 3 2 ǁ                   | 2 1 ǁ       | | ǁ 3 1 ǁ ǁ ǁ ǁ 
5 - - 7                   5 3 3 4 4     | | 8 7 4 ǁ ǁ ǁ ǁ 
5 2     1 2               4 4 2 - 4 - - 2 1 ǁ   ǁ 6 6 ǁ ǁ 
  1                       | 2 1 - 3 1 5 = = 5   ǁ ǁ 2 ǁ ǁ 
  2   6 - - - - - - - - - 7 5 4 - 4 2 7 4 2 |   ǁ ǁ 1 7 6 
      |       2 1         ǁ 2 2 - 2 2 1 |   |   ǁ 6 3 | | 
3 2   |       3 = = = = = 6 4 2   2 8 2 3 = 5   ǁ ǁ 3 | | 
2 2 - 7 = = = = = = = = = 4 2     2 ǁ   3 2 2   ǁ ǁ 2 | | 
6 = = 8 2 2 = = = = = = 6 = = = 8 6 4 - - - - 3 4 4 2 2 2 
4 2   3 - 1             4 = 2 2 4 3 - - - - 2 1 4 = = 4 2 
