29 29
3 3 2 0 4 0 4 0 0 0 0 0 0 0 0 0 0 0 0 0 0 0 0 0 0 0 4 4 2 
3 0 1 3 2 1 3 0 0 0 0 0 0 0 2 0 0 0 1 1 3 0 2 3 3 0 0 2 0 
3 4 0 4 0 0 0 0 0 0 0 2 2 0 0 4 0 0 0 0 3 2 0 0 5 0 6 3 2 
2 4 1 0 0 0 0 0 0 0 0 3 0 4 0 4 0 0 2 1 0 1 1 0 3 1 0 2 1 
4 6 0 4 0 0 0 0 0 0 0 0 0 0 0 0 0 0 0 0 4 0 0 0 0 0 3 0 1 
2 0 0 0 1 4 2 2 1 1 0 0 0 0 1 0 0 4 3 2 0 3 0 5 0 5 2 0 0 
0 0 3 3 0 4 0 0 0 2 0 0 0 0 0 0 0 0 0 0 0 5 1 0 0 0 1 0 0 
0 0 4 0 4 0 0 0 0 0 0 0 0 0 0 0 0 5 4 3 0 4 0 0 0 0 3 3 0 
3 6 4 1 0 3 0 0 0 0 0 0 2 0 0 0 0 0 2 0 0 4 0 5 1 0 0 0 2 
3 4 4 2 0 3 3 0 0 3 0 0 4 0 0 0 0 5 3 2 0 3 4 4 1 0 0 1 0 
4 5 1 0 0 0 0 0 0 0 0 0 2 1 0 0 0 2 1 0 0 1 2 1 0 0 0 1 0 
3 4 0 0 7 0 0 0 0 0 0 0 0 0 0 0 0 0 0 6 5 0 0 0 0 3 0 0 0 
3 4 3 0 0 2 0 0 0 0 4 0 0 0 0 0 4 4 1 0 0 1 3 1 2 0 0 0 0 
0 0 0 0 0 0 0 0 0 2 0 0 2 0 0 0 0 0 1 0 0 2 5 4 5 0 0 4 3 
0 0 0 0 0 0 0 0 0 0 0 0 0 0 0 0 0 2 0 0 0 3 0 0 3 0 0 0 1 
1 0 0 0 0 3 0 0 0 3 0 0 0 0 0 0 0 0 0 0 0 3 0 0 0 0 3 4 3 
0 0 0 0 0 0 0 0 0 0 2 0 5 0 0 0 0 5 4 0 2 0 0 1 0 0 0 4 3 
0 0 0 0 0 0 2 0 0 0 0 0 4 2 0 1 1 0 0 0 0 0 0 2 4 0 0 3 1 
0 0 5 2 0 0 5 0 0 0 0 0 5 0 0 0 3 0 0 0 0 0 0 0 1 0 0 3 0 
1 4 4 3 0 0 3 0 0 0 0 0 2 1 0 0 2 1 3 0 0 0 0 0 0 0 0 4 4 
0 4 2 0 0 0 0 0 0 0 1 0 0 0 2 0 0 0 3 0 3 3 3 0 0 4 0 0 1 
0 0 0 0 0 0 0 0 0 0 0 0 0 0 0 0 0 0 0 0 1 2 3 2 2 3 0 0 1 
0 4 3 3 0 3 0 0 0 0 0 0 0 0 0 0 0 0 0 5 0 0 0 0 0 0 5 4 3 
0 2 1 0 0 2 0 2 0 0 2 0 2 0 4 2 2 3 1 0 3 2 2 4 0 0 5 3 1 
3 0 0 0 5 0 0 0 0 0 0 0 0 0 4 0 0 3 1 0 2 1 1 0 2 2 0 3 1 
3 0 1 0 0 1 0 2 2 2 2 0 0 0 0 3 0 0 0 4 0 0 2 2 0 1 0 0 1 
1 0 0 0 0 3 0 5 0 0 0 0 0 0 0 0 0 0 0 5 2 0 0 0 0 0 0 0 0 
0 0 0 0 2 3 0 5 3 4 2 1 0 0 0 0 0 0 0 5 0 5 6 3 4 0 7 5 3 
0 0 0 0 3 4 3 4 0 2 0 0 0 0 0 2 0 0 0 3 1 3 5 1 1 1 3 1 1 
300 23
11 4 11 1
11 4 11 19
11 4 7 4
11 4 24 4
18 2 18 3
18 2 12 2
18 2 19 2
18 6 18 12
18 6 17 6
18 6 19 6
19 28 19 27
19 28 17 28
19 28 20 28
19 28 19 27
27 26 27 24
27 26 27 27
27 26 23 26
27 26 28 26
28 22 28 21
28 22 28 23
28 22 27 22
28 22 28 21
28 22 27 22

5524

3 3 2   4   4                                       4 4 2 
3   1 3 2 1 3               2       1 1 3   2 3 3     2   
3 4   4               2 2     4         3 2     5   6 3 2 
2 4 1                 3   4   4     2 1   1 1   3 1   2 1 
4 6   4                                 4           3   1 
2       1 4 2 2 1 1         1     4 3 2   3   5   5 2     
    3 3   4       2                       5 1       1     
    4   4                         5 4 3   4         3 3   
3 6 4 1 | 3             2           2     4   5 1       2 
3 4 4 2 | 3 3     3     4         5 3 2   3 4 4 1     1   
4 5 1   |               2 1       2 1     1 2 1       1   
3 4 - - 7 - - - - - - - - - - - - - - 6 5         3       
3 4 3   | 2         4           4 4 1     1 3 1 2         
    |   |         2     2           1     2 5 4 5     4 3 
    |   |                         2       3     3       1 
1   |   | 3       3                       3         3 4 3 
    |   |           2   5         5 4   2     1       4 3 
    |   |   2           4 2   1 1             2 4     3 1 
    5 2 |   5 - - - - - 5       3               1     3 | 
1 4 4 3 |   3           2 1     2 1 3                 4 4 
  4 2   |           1       2       3   3 3 3     4     1 
        |                               1 2 3 2 2 3     1 
  4 3 3 | 3                           5             5 4 3 
  2 1   | 2   2     2   2   4 2 2 3 1   3 2 2 4     5 3 1 
3       5                   4     3 1   2 1 1   2 2 | 3 1 
3   1     1   2 2 2 2         3       4     2 2   1 |   1 
1         3   5                       5 2           |     
        2 3   5 3 4 2 1               5   5 6 3 4 - 7 5 3 
        3 4 3 4   2           2       3 1 3 5 1 1 1 3 1 1 
