29 29
2 0 0 0 0 0 0 0 0 0 0 0 0 0 0 2 2 3 0 0 0 0 0 0 3 0 0 3 3 
3 3 0 0 0 4 0 0 0 0 0 0 0 0 0 4 2 3 0 2 2 0 1 0 0 3 3 2 0 
3 3 2 1 0 3 0 0 1 1 0 3 3 4 2 0 1 1 1 3 3 0 0 0 0 2 0 1 0 
4 0 0 0 0 0 0 0 0 0 0 4 4 0 1 0 3 5 0 3 0 0 0 0 0 1 0 0 0 
0 0 0 0 0 0 0 0 0 0 0 0 0 0 0 0 2 0 2 1 0 0 0 0 0 0 0 0 1 
0 0 0 0 0 0 2 0 0 0 0 4 4 0 0 0 1 0 5 4 5 0 1 0 0 2 0 1 1 
0 0 0 0 0 0 0 0 0 0 0 1 2 0 0 0 0 0 2 0 2 2 1 0 0 0 0 0 3 
5 0 0 0 0 0 0 0 0 0 0 0 0 5 0 4 0 6 0 5 0 3 5 1 0 0 0 2 0 
3 2 0 0 5 0 3 2 0 4 2 0 0 0 1 0 1 0 0 0 0 1 3 0 0 0 0 0 0 
0 3 2 2 0 0 2 2 0 0 0 0 0 0 0 0 0 0 2 5 1 0 0 0 0 0 4 6 5 
3 5 4 3 5 0 0 0 0 3 1 2 0 6 3 3 2 0 1 4 0 4 3 0 0 0 1 0 0 
1 0 2 2 0 2 0 0 0 0 0 0 0 5 2 2 1 0 1 4 3 2 2 1 0 0 0 0 0 
3 5 0 0 6 0 0 0 0 0 0 0 0 0 0 0 0 4 0 0 0 0 0 0 4 4 0 4 0 
0 0 2 3 0 1 0 2 0 0 0 0 0 0 0 0 0 0 2 0 3 0 0 3 1 0 0 0 0 
0 0 0 2 0 1 1 0 0 0 0 0 0 0 0 0 0 0 3 0 5 2 0 0 1 0 0 0 0 
0 0 4 0 6 2 2 4 0 0 0 0 0 0 0 0 0 4 0 0 0 0 0 6 3 0 0 0 0 
0 0 0 1 0 2 0 6 0 0 2 1 0 1 0 0 0 0 2 4 0 5 2 0 1 0 0 0 0 
0 0 0 2 0 1 0 6 1 1 2 0 0 4 2 0 0 0 0 0 1 3 1 0 0 0 0 0 0 
0 0 0 0 0 0 0 4 2 0 0 0 0 0 0 0 0 0 3 4 0 0 0 5 5 0 1 2 0 
3 3 0 4 4 0 0 0 0 3 0 0 0 0 2 0 0 0 0 0 2 3 2 0 0 0 0 0 0 
0 0 0 4 1 2 1 0 0 0 0 0 0 0 2 0 0 0 2 0 0 1 2 0 3 0 0 1 0 
0 0 0 4 4 3 0 0 0 0 0 0 0 3 2 0 0 0 1 0 0 2 3 0 2 0 0 0 0 
2 2 0 1 0 0 0 0 0 0 0 0 0 1 0 0 0 0 1 0 0 0 2 0 2 0 0 2 0 
0 0 0 0 3 4 6 0 0 0 6 0 0 0 0 0 0 4 3 5 6 4 2 0 3 6 3 0 0 
0 0 0 0 0 1 6 0 3 1 6 4 1 3 0 0 0 3 1 1 3 4 1 0 2 0 0 0 1 
0 0 0 0 0 2 3 0 1 0 1 2 1 3 2 0 0 0 0 0 3 4 0 0 0 0 0 0 1 
2 0 5 3 2 0 0 0 0 0 0 0 0 0 0 0 0 0 0 0 0 0 0 3 3 4 0 5 3 
2 0 4 0 0 0 0 0 0 0 4 0 2 0 0 2 0 2 1 0 0 0 0 4 2 4 4 5 2 
1 0 3 0 1 1 0 2 0 0 4 0 0 0 0 0 0 3 0 1 0 0 0 2 0 2 2 2 1 
300 73
0 28 0 27
0 28 4 28
0 28 0 27
7 0 7 13
7 0 3 0
7 0 8 0
8 4 8 1
8 4 8 6
8 4 10 4
9 28 9 27
9 28 6 28
9 28 24 28
17 7 17 5
17 7 17 8
17 7 16 7
17 7 18 7
24 10 24 9
24 10 24 11
24 10 23 10
24 10 25 10
5 6 5 11
9 28 9 27
9 28 6 28
17 7 16 7
17 7 18 7
18 7 18 8
18 7 28 7
23 6 23 5
23 6 20 6
23 6 24 6
23 6 23 5
23 6 24 6
23 10 23 17
23 10 17 10
23 10 24 10
23 10 23 17
23 10 17 10
24 6 24 5
24 6 23 6
24 6 25 6
24 6 25 6
24 10 24 11
24 11 24 12
24 11 25 11
25 5 25 6
25 5 28 5
25 8 24 8
25 11 25 12
27 10 27 12
27 10 28 10
27 10 27 12
27 10 28 10
27 15 27 17
28 7 28 10
28 10 28 17
28 17 28 19
28 17 27 17
5 6 5 11
9 27 9 26
9 27 7 27
9 27 12 27
9 27 9 26
12 27 12 25
12 27 18 27
12 27 12 25
16 7 16 5
16 7 16 10
16 7 15 7
16 7 16 5
17 9 19 9
18 8 24 8
23 5 23 4
23 5 21 5

3160

2                             2 2 3             3     3 3 
3 3       4                   4 2 3   2 2   1     3 3 2 | 
3 3 2 1   3     1 1   3 3 4 2   1 1 1 3 3         2   1 | 
4                     4 4   1   3 5   3           1     | 
|                               2   2 1                 1 
|           2 = = = = 4 4       1   5 4 5   1     2   1 1 
|                     1 2           2   2 2 1           3 
5 - - - - - - - - - - - - 5   4   6   5   3 5 1       2 ǁ 
3 2 - - 5 - 3 2   4 2       1   1         1 3         | ǁ 
  3 2 2 |   2 2                     2 5 1           4 6 5 
3 5 4 3 5         3 1 2   6 3 3 2   1 4   4 3       1 | | 
1   2 2   2               5 2 2 1   1 4 3 2 2 1       | | 
3 5     6                         4             4 4 = 4 | 
    2 3   1   2                     2   3     3 1     | | 
      2   1 1                       3   5 2     1     | | 
    4   6 2 2 4                   4           6 3     | | 
      1   2 = 6 - - 2 1   1         2 4   5 2   1     | | 
      2   1 - 6 1 1 2     4 2           1 3 1         | | 
              4 2 | ǁ               3 4       5 5   1 2 | 
3 3   4 4     | | 3 ǁ       2           2 3 2           | 
      4 1 2 1 | |   ǁ       2       2     1 2   3     1 | 
      4 4 3 | | |   ǁ     3 2       1     2 3   2       | 
2 2   1   | | | |   ǁ     1         1       2   2     2 | 
        3 4 6 | |   6 = = = = = = 4 3 5 6 4 2   3 6 3   | 
          1 6 | 3 1 6 4 1 3       3 1 1 3 4 1   2       1 
          2 3 | 1   1 2 1 3 2           3 4             1 
2   5 3 2 |   |                               3 3 4   5 3 
2   4     |   |     4 = 2     2 - 2 1         4 2 4 4 5 2 
1   3   1 1   2 - - 4 - - - - - - 3 - 1       2   2 2 2 1 
