29 29
2 0 1 1 4 0 2 2 0 4 0 2 0 3 0 0 0 0 0 0 3 0 1 1 3 0 2 1 1 
4 4 0 0 4 0 0 0 0 5 0 0 0 0 0 0 0 0 0 0 6 0 0 0 5 1 0 0 0 
0 3 2 3 0 3 2 2 0 4 0 0 0 0 0 0 0 0 4 3 0 2 3 2 0 1 4 2 0 
0 2 1 0 3 0 2 2 1 0 1 2 0 0 4 0 2 0 0 0 0 0 1 1 0 2 5 4 4 
4 0 2 5 3 4 0 0 0 5 0 0 0 0 3 0 0 2 0 3 0 3 0 0 4 0 0 5 4 
3 0 1 0 2 4 0 1 0 0 1 0 0 0 2 0 0 0 0 0 0 1 2 2 0 3 1 0 1 
4 5 0 4 0 0 0 0 0 5 0 0 0 0 4 1 0 0 3 0 0 1 0 1 0 3 0 2 0 
1 0 0 2 0 1 0 0 0 0 2 1 0 0 0 0 0 0 1 0 0 0 0 0 0 3 0 0 4 
1 4 0 0 0 1 0 0 0 0 0 1 0 2 0 0 0 0 0 0 0 3 0 0 0 2 0 0 0 
0 0 1 3 0 0 0 0 0 0 4 0 1 0 0 0 0 0 0 0 0 0 0 0 0 3 0 0 5 
0 0 1 0 0 0 0 0 0 0 0 0 1 0 0 0 0 0 0 0 0 0 0 0 0 2 0 2 0 
0 0 2 6 0 0 1 0 0 0 0 2 5 2 0 0 0 0 0 0 0 0 0 1 0 3 2 0 0 
0 0 0 0 0 0 0 0 0 0 0 0 0 0 0 0 0 0 1 4 0 0 0 0 0 2 2 0 0 
0 0 0 0 0 0 0 0 0 0 4 0 5 0 5 0 2 0 2 4 0 0 0 2 0 0 2 0 0 
0 0 0 0 0 0 0 0 0 0 0 0 0 3 3 3 0 5 2 1 0 0 0 0 0 0 0 0 0 
0 0 0 0 0 0 0 0 0 0 0 0 0 0 0 0 0 0 1 0 0 0 0 0 0 0 0 0 0 
0 0 0 0 0 0 0 0 0 0 0 0 0 3 0 0 0 0 0 0 0 0 0 0 0 0 0 0 0 
0 5 0 5 0 0 0 2 0 0 3 4 3 0 0 0 0 3 3 1 0 0 0 0 0 4 5 4 3 
0 3 0 3 0 0 0 2 0 0 1 3 2 3 0 1 0 1 0 0 0 0 0 0 0 0 0 3 3 
3 0 0 0 0 0 0 0 0 4 0 0 0 0 0 0 0 0 0 0 5 5 5 4 0 0 0 4 5 
0 1 0 0 0 0 4 3 1 0 2 0 2 1 2 0 3 2 1 1 0 0 2 0 0 0 0 0 4 
2 0 0 0 3 1 0 2 1 0 4 0 5 4 0 0 3 2 0 0 0 2 0 0 0 1 0 0 4 
1 1 2 1 1 0 0 0 0 0 4 2 0 2 0 1 0 0 0 0 0 0 0 2 0 0 0 0 4 
0 0 2 0 0 0 6 5 4 5 0 0 7 0 0 0 0 0 3 4 0 1 0 1 0 0 0 0 0 
0 2 4 0 2 1 0 2 3 3 2 1 2 1 0 0 0 0 4 4 0 1 3 0 3 0 3 4 0 
4 0 5 0 0 0 5 0 0 0 0 0 0 0 0 0 0 0 0 0 5 0 0 2 0 0 0 4 0 
3 0 4 2 2 0 5 0 0 0 0 0 0 2 1 2 0 0 4 0 4 0 3 0 2 2 1 0 0 
2 0 4 3 1 1 4 0 0 0 0 0 0 0 0 0 2 0 3 3 4 2 5 1 2 2 0 4 0 
1 1 2 3 3 0 3 0 2 0 1 0 1 0 0 0 4 3 3 2 4 3 3 2 4 2 0 3 4 
300 55
9 28 9 25
9 28 7 28
9 28 17 28
17 1 17 3
17 1 8 1
17 1 18 1
19 28 19 27
19 28 18 28
19 28 20 28
23 12 23 9
23 12 23 18
23 12 21 12
23 12 24 12
28 28 28 27
28 28 22 28
28 28 28 27
28 28 22 28
22 28 22 23
22 28 21 28
24 27 24 26
24 27 25 27
24 27 24 26
24 27 25 27
25 27 25 23
25 27 27 27
26 26 26 25
27 27 27 25
27 27 28 27
27 27 27 25
28 25 28 24
28 25 28 24
17 26 17 25
17 26 17 27
17 26 13 26
21 28 21 25
21 28 20 28
21 28 20 28
24 26 24 24
26 25 26 24
28 24 28 23
28 24 27 24
20 28 20 22
24 24 24 22
19 28 19 27
19 28 18 28
24 24 24 22
19 27 19 23
19 27 18 27
19 23 19 22
19 23 13 23
19 23 19 22
17 25 17 26
17 25 12 25
17 25 17 26
13 26 12 26

4098

2   1 1 4   2 2   4   2   3             3   1 1 3   2 1 1 
4 4     4         5                     6       5 1       
  3 2 3   3 2 2   4                 4 3   2 3 2   1 4 2   
  2 1   3   2 2 1   1 2     4   2           1 1   2 5 4 4 
4   2 5 3 4       5         3     2   3   3     4     5 4 
3   1   2 4   1     1       2             1 2 2   3 1   1 
4 5   4           5         4 1     3     1   1   3   2   
1     2   1         2 1             1             3     4 
1 4       1           1   2               3       2     | 
  | 1 3             4   1                         3 - - 5 
  | 1                   1                         2   2 | 
  | 2 6     1         2 5 2                   1   3 2   | 
  |                                 1 4           2 2   | 
  |                 4   5   5   2   2 4       2   | 2   | 
  |                       3 3 3   5 2 1       |   | |   | 
  |                                 1         |   | |   | 
  |                       3                   |   | |   | 
  5 - 5       2     3 4 3         3 3 1       |   4 5 4 3 
  3   3       2     1 3 2 3   1   1           |       3 3 
3                 4                     5 5 5 4 - - - 4 5 
  1         4 3 1   2   2 1 2   3 2 1 1     2 - - - - - 4 
2       3 1   2 1   4   5 4     3 2       2       1 - - 4 
1 1 2 1 1           4 2 | 2   1               2 - - - - 4 
    2       6 5 4 5 - - 7 - - - - - 3 4   1   1         ǁ 
  2 4   2 1   2 3 3 2 1 2 1         4 4   1 3 = 3 - 3 4 ǁ 
4   5       5                           5     2 - - - 4 ǁ 
3   4 2 2   5             2 1 2     4   4   3   2 2 1 | ǁ 
2   4 3 1 1 4                   2   3 3 4 2 5 1 2 2 = 4 ǁ 
1 1 2 3 3   3   2   1   1       4 3 3 2 4 3 3 2 4 2   3 4 
