29 29
2 2 0 2 1 0 0 0 0 0 0 0 0 0 0 0 0 0 0 0 0 0 0 0 3 1 1 2 1 
5 5 0 4 0 0 0 0 0 0 0 0 0 0 0 2 5 5 0 4 4 0 2 1 0 3 0 3 0 
4 5 3 0 3 3 0 3 0 0 0 2 0 3 0 0 3 2 2 0 0 4 5 2 0 2 2 0 0 
3 3 2 0 2 2 0 5 0 0 0 0 0 0 0 0 0 3 3 0 2 2 1 0 0 2 2 0 0 
1 0 0 4 0 1 0 0 0 0 0 0 0 0 0 0 0 2 2 0 0 0 0 0 0 0 0 0 0 
3 4 1 0 3 0 0 6 0 0 0 0 0 0 0 0 0 0 0 4 0 0 0 0 5 5 0 4 0 
0 0 1 0 0 0 0 3 1 3 0 1 0 2 1 0 3 2 1 0 0 0 0 0 0 0 3 5 0 
0 0 0 0 0 0 0 1 0 0 0 0 0 0 1 0 5 5 4 0 1 3 0 0 4 0 3 3 0 
0 0 0 0 3 0 0 0 0 5 0 0 0 5 0 4 0 0 1 0 1 2 0 0 2 0 2 0 0 
0 0 0 0 3 0 4 0 0 5 0 1 2 3 1 2 0 0 0 0 3 0 0 4 0 0 0 0 0 
0 0 0 0 0 3 3 2 0 6 0 0 4 2 1 0 0 0 0 0 3 0 4 5 1 0 0 0 0 
0 5 2 0 1 3 0 4 0 5 0 0 0 0 0 0 3 1 0 0 1 0 0 2 0 7 3 0 0 
0 3 1 0 0 1 0 2 1 2 0 0 2 0 0 1 0 0 0 0 1 0 3 0 0 4 2 0 0 
4 0 0 4 0 0 0 0 0 0 0 0 0 0 0 0 0 0 0 3 0 0 0 0 0 0 0 4 3 
0 1 0 6 0 4 0 0 0 0 0 0 0 0 0 0 0 0 0 0 0 3 0 0 2 2 2 0 0 
0 2 3 0 1 0 1 0 3 0 0 0 0 0 0 0 0 0 0 2 2 0 2 1 1 1 0 0 2 
0 0 3 0 0 0 2 1 0 0 0 0 0 0 0 0 0 0 0 0 0 0 0 0 0 3 2 0 2 
0 0 0 0 0 0 3 0 4 0 0 0 0 0 0 0 0 0 0 4 3 0 5 0 4 0 0 0 1 
0 0 2 0 0 0 0 0 3 0 0 0 3 2 0 4 3 0 0 0 0 0 4 0 0 0 1 0 2 
0 0 0 0 0 0 0 0 0 0 0 0 0 0 2 2 0 0 0 0 0 0 4 2 0 0 0 0 0 
0 0 0 0 0 0 2 2 4 2 1 0 5 5 2 1 5 4 0 4 0 4 0 0 5 4 3 0 0 
3 6 5 0 0 0 0 0 1 1 0 0 2 2 0 0 0 2 0 1 2 4 2 1 2 1 1 0 0 
0 2 2 0 0 0 0 3 0 0 0 0 0 0 0 0 5 0 0 0 0 0 0 0 0 0 0 4 4 
0 1 0 0 0 0 0 1 2 0 0 3 0 2 2 2 0 3 0 0 0 3 0 0 3 1 1 0 0 
0 0 0 0 3 6 0 0 0 0 0 0 0 4 3 2 0 4 3 0 0 3 2 1 0 0 0 0 2 
0 3 2 0 2 5 0 3 2 2 2 0 2 0 0 0 4 0 0 0 0 0 0 0 3 0 0 0 1 
2 0 3 7 3 3 0 0 0 0 1 2 0 4 0 0 4 0 0 0 0 0 2 1 2 3 0 3 1 
2 2 0 5 0 0 0 2 0 0 0 0 0 0 0 0 0 0 0 0 3 0 0 0 3 2 2 2 2 
2 0 0 4 0 0 0 3 2 2 0 0 0 0 0 0 0 0 0 0 3 0 1 1 3 0 3 2 1 
300 23
1 0 1 1
1 0 0 0
1 0 2 0
1 16 1 15
1 16 1 17
1 16 2 16
6 27 6 26
6 27 5 27
6 27 7 27
11 1 11 2
11 1 5 1
11 1 12 1
11 25 11 23
11 25 11 26
11 25 5 25
11 25 12 25
26 3 26 2
26 3 26 4
26 3 14 3
26 3 27 3
21 2 21 1
21 2 18 2
21 2 22 2

2472

2 2   2 1                                       3 1 1 2 1 
5 5   4                       2 5 5   4 4   2 1   3   3   
4 5 3   3 3   3       2   3     3 2 2     4 5 2   2 2     
3 3 2   2 2   5                   3 3   2 2 1     2 2     
1     4   1                       2 2                     
3 4 1   3     6                       4         5 5   4   
  | 1         3 1 3   1   2 1   3 2 1             | 3 5   
  |           1             1   5 5 4   1 3     4 | 3 3   
  |     3         5       5   4     1   1 2     2 | 2     
  |     3   4     5   1 2 3 1 2         3     4   |       
  |       3 3 2   6     4 2 1           3   4 5 1 |       
  5 2   1 3   4   5             3 1     1     2 - 7 3     
  3 1     1   2 1 2     2     1         1   3     4 2     
4     4                               3               4 3 
  1   6   4                               3     2 2 2     
  2 3 | 1   1   3                     2 2   2 1 1 1     2 
    3 |     2 1                                   3 2   2 
      |     3   4                     4 3   5   4       1 
    2 |         3       3 2   4 3           4       1   2 
    | |                     2 2             4 2           
    | |     2 2 4 2 1   5 5 2 1 5 4   4   4     5 4 3     
3 6 5 |         1 1     2 2       2   1 2 4 2 1 2 1 1     
  2 2 |       3                 5                     4 4 
  1   |       1 2     3   2 2 2   3       3     3 1 1     
      | 3 6               4 3 2   4 3     3 2 1         2 
  3 2 | 2 5   3 2 2 2   2       4               3       1 
2   3 7 3 3         1 2   4     4           2 1 2 3   3 1 
2 2   5       2                         3       3 2 2 2 2 
2     4       3 2 2                     3   1 1 3   3 2 1 
