29 29
1 0 0 0 0 0 0 0 0 0 0 1 0 0 0 0 0 0 0 0 4 0 3 2 0 0 0 0 2 
3 0 0 0 0 0 0 0 0 0 0 0 0 0 0 0 0 0 0 0 5 4 4 0 0 0 0 0 3 
0 1 2 0 1 0 0 0 0 0 0 0 0 0 0 3 0 0 0 0 0 0 0 0 0 0 0 3 0 
0 3 5 0 0 0 0 0 3 0 0 0 0 0 0 0 3 0 0 0 0 0 0 0 0 0 4 0 0 
0 0 0 3 0 3 0 0 5 0 0 0 0 0 0 0 4 0 0 3 3 4 0 0 4 1 0 0 0 
0 2 0 0 1 0 2 2 0 2 2 2 0 2 3 1 0 2 0 4 0 3 0 0 0 1 0 0 0 
0 2 0 0 2 3 2 0 0 0 0 0 2 2 0 1 0 3 0 3 1 0 0 0 0 0 0 0 0 
0 3 4 0 0 1 1 0 0 3 0 4 0 0 0 0 0 2 0 1 0 5 0 0 5 0 0 0 0 
0 2 2 0 0 0 0 0 0 2 1 0 0 0 0 0 0 4 5 0 0 5 2 1 0 0 0 0 0 
0 4 0 6 5 0 4 5 6 0 0 5 6 0 5 3 0 4 5 0 0 4 3 1 0 0 0 0 0 
0 0 0 0 2 2 2 2 0 0 0 0 0 0 0 1 0 0 3 1 1 2 2 0 0 0 0 0 0 
0 0 1 0 0 1 0 1 0 0 0 0 4 0 0 0 0 0 2 0 2 0 1 0 0 4 6 4 3 
0 0 0 0 0 0 0 0 0 3 0 3 3 0 4 1 0 4 0 0 0 3 0 0 0 2 0 2 0 
0 4 2 6 0 3 3 0 4 1 0 0 1 0 4 1 0 1 0 0 0 3 3 0 0 1 0 2 1 
0 3 0 4 0 0 2 0 3 3 0 0 0 0 3 0 0 0 0 0 0 0 0 0 0 2 0 0 1 
3 0 0 0 0 0 0 0 0 0 0 0 0 0 0 0 5 0 0 0 0 0 0 0 5 4 4 3 3 
0 2 0 3 0 0 0 0 0 0 0 0 0 0 0 0 4 0 0 0 0 0 3 2 0 0 0 3 3 
0 3 1 0 1 2 1 0 2 1 0 0 0 2 0 0 0 2 0 0 1 1 0 0 0 0 0 0 2 
0 0 0 0 1 4 0 0 4 0 0 0 0 3 3 3 0 0 1 0 6 3 0 2 0 0 0 0 1 
0 0 0 0 3 4 1 0 0 0 1 0 0 2 0 2 0 4 2 2 0 0 0 3 0 0 3 5 3 
0 1 0 0 0 0 3 0 4 0 0 4 0 0 6 4 0 0 0 0 0 0 0 3 0 0 0 3 5 
0 0 0 0 2 0 4 2 0 1 0 0 2 2 0 0 0 3 3 5 7 0 4 3 0 0 1 4 4 
0 0 0 0 0 0 2 4 0 0 0 0 1 0 1 0 0 1 0 3 0 1 0 2 0 0 2 0 3 
0 0 0 0 0 3 1 2 0 2 0 4 3 4 0 4 0 0 0 3 4 2 5 3 0 0 3 0 3 
0 2 0 4 0 4 4 4 0 2 2 3 0 0 3 4 0 0 0 2 0 0 6 4 0 0 0 0 0 
0 1 0 0 1 3 2 2 0 0 2 3 1 1 0 0 4 3 0 2 0 0 3 2 0 0 0 0 0 
1 1 0 4 0 2 0 0 0 2 0 0 0 0 0 0 0 0 5 0 0 0 0 0 5 5 5 4 2 
0 2 0 0 0 2 0 0 4 0 0 0 0 0 0 0 0 0 6 0 0 3 3 1 2 2 5 3 2 
0 1 0 0 2 0 0 0 0 0 0 0 0 0 0 0 0 0 4 2 0 2 3 0 0 0 3 2 2 
300 54
3 26 3 16
3 26 11 26
3 26 3 16
3 26 11 26
7 24 7 21
7 24 4 24
7 24 15 24
8 18 8 17
8 18 8 21
8 18 9 18
11 26 11 25
11 26 11 27
11 26 15 26
11 26 11 25
18 20 18 18
18 20 18 21
18 20 17 20
18 20 21 20
20 28 20 27
20 28 19 28
20 28 21 28
1 20 1 0
1 20 1 21
1 20 0 20
1 21 1 20
1 21 1 22
1 21 1 20
1 22 1 28
1 22 0 22
1 22 1 28
11 25 5 25
11 25 12 25
12 25 13 25
14 25 15 25
18 20 18 21
18 20 21 20
21 20 21 19
21 20 21 22
21 20 23 20
0 20 0 11
0 20 0 22
0 20 0 22
0 23 0 28
4 25 4 24
14 25 15 25
0 0 1 0
0 23 0 28
1 0 15 0
1 28 11 28
4 24 4 21
4 24 7 24
4 21 4 20
4 21 5 21
4 21 4 20

3269

1                     1 - - - - - - - - 4 = 3 2 = = = = 2 
3 - - - - - - - - - - - - - - - - - - - 5 4 4 = = = = = 3 
| 1 2   1                     3                       3 | 
| 3 5           3               3 = = = = = = = = = 4   | 
|     3   3     5               4     3 3 4 - - 4 1 ǁ   | 
| 2     1   2 2   2 2 2   2 3 1   2   4   3     ǁ 1 ǁ   | 
| 2     2 3 2           2 2   1   3   3 1       ǁ | ǁ   | 
| 3 4     1 1     3   4           2   1   5 - - 5 | ǁ   | 
| 2 2             2 1             4 5 - - 5 2 1 | | ǁ   | 
| 4   6 5   4 5 6     5 6   5 3   4 5     4 3 1 | | ǁ   | 
|       2 2 2 2               1     3 1 1 2 2   | | ǁ   | 
|   1     1   1         4           2   2   1   | 4 6 4 3 
|                 3   3 3   4 1   4       3     | 2 | 2   
| 4 2 6   3 3   4 1     1   4 1   1       3 3   | 1 | 2 1 
| 3   4     2   3 3         3                   | 2 |   1 
3                               5               5 4 4 3 3 
  2   3                         4           3 2       3 3 
  3 1   1 2 1   2 1       2       2     1 1             2 
        1 4     4         3 3 3     1 - 6 3   2         1 
        3 4 1       1     2   2   4 2 2 ǁ     3     3 5 3 
  1         3   4     4     6 4         ǁ     3       3 5 
        2   4 2   1     2 2       3 3 5 7 - 4 3     1 4 4 
            2 4         1   1     1   3 | 1   2     2   3 
          3 1 2   2   4 3 4   4       3 4 2 5 3     3   3 
  2   4   4 4 4   2 2 3     3 4       2     6 4           
  1     1 3 2 2     2 3 1 1     4 3   2     3 2           
1 1   4   2       2                 5           5 5 5 4 2 
  2       2     4                   6     3 3 1 2 2 5 3 2 
  1     2                           4 2   2 3       3 2 2 
