29 29
2 3 3 4 0 0 1 0 0 1 1 5 0 0 0 0 0 2 0 0 0 1 0 2 0 0 0 2 1 
0 3 0 6 0 0 0 0 0 5 0 5 0 0 0 0 0 0 0 0 0 0 0 0 0 0 0 4 4 
0 3 2 2 1 0 0 4 0 5 1 0 1 1 0 3 0 0 0 0 0 0 0 0 0 0 3 0 2 
0 0 2 0 0 4 1 0 1 5 1 0 2 0 0 0 0 0 0 0 0 0 0 0 0 3 2 0 0 
3 4 0 0 0 5 1 0 2 5 3 4 2 0 1 0 0 0 0 1 0 0 0 0 0 0 1 0 2 
0 0 0 0 2 4 2 0 0 4 2 2 2 0 0 0 0 0 0 2 0 0 0 0 0 0 0 0 0 
3 0 0 0 0 1 0 3 0 3 2 2 0 0 0 0 0 0 0 0 0 0 0 0 0 5 4 0 0 
3 0 1 0 3 0 0 0 5 0 0 0 0 0 0 0 0 0 0 3 2 0 2 1 1 0 0 0 0 
2 0 1 0 3 0 0 0 2 1 0 2 0 0 0 0 0 0 0 0 2 1 0 0 0 0 3 0 0 
0 0 2 0 3 0 0 0 0 0 0 5 0 0 0 0 0 0 0 6 0 0 5 5 3 0 0 0 0 
0 0 2 2 4 3 0 0 0 0 0 0 0 2 2 2 0 0 2 0 2 0 3 4 1 0 0 0 0 
0 0 3 2 0 1 0 0 0 0 0 0 0 0 0 3 2 0 0 0 0 0 0 3 0 0 1 0 0 
0 0 2 0 4 0 0 0 0 0 0 4 0 2 0 2 2 0 0 0 2 1 2 5 2 0 0 0 0 
0 0 1 0 3 0 0 0 0 0 0 0 0 3 5 0 0 4 3 0 0 0 0 1 0 0 0 0 0 
2 5 0 0 0 0 0 0 0 0 0 0 0 0 0 0 0 0 0 5 0 0 0 0 0 5 0 3 3 
1 0 2 0 0 0 0 2 0 1 1 0 0 4 0 0 2 2 1 0 1 3 0 0 3 0 2 6 2 
2 5 3 2 0 0 0 0 0 0 0 0 0 6 0 0 0 0 0 5 3 1 2 2 0 0 2 6 2 
1 1 0 0 1 0 0 0 0 4 1 2 0 0 1 3 1 1 2 0 2 4 2 0 0 0 0 0 1 
2 0 2 3 0 0 0 0 0 4 0 3 1 6 0 4 0 1 2 5 3 0 2 3 0 0 0 2 1 
3 2 0 3 0 0 0 0 0 3 3 2 0 3 1 3 0 3 2 2 2 3 0 3 3 0 0 1 0 
3 0 0 0 0 0 0 0 0 0 0 0 0 0 0 0 0 0 0 0 0 0 4 0 0 5 5 3 0 
3 0 0 0 0 0 0 0 0 0 3 0 0 0 0 0 0 0 0 0 0 0 4 5 3 0 3 0 0 
3 2 3 0 0 3 1 3 0 3 0 1 0 0 0 0 0 0 0 0 3 5 5 0 1 0 2 0 0 
3 0 4 0 0 4 4 2 3 4 0 0 0 0 0 0 0 0 0 0 0 3 0 0 2 0 0 1 0 
2 1 0 1 1 0 2 1 0 0 0 0 0 0 0 0 0 0 0 0 0 2 4 6 6 0 4 3 0 
4 3 0 0 0 0 3 4 2 0 3 0 0 0 0 0 0 0 0 0 4 2 1 2 3 0 0 3 0 
0 1 4 3 2 0 2 1 0 0 2 0 2 1 0 1 0 0 0 0 4 3 0 1 1 0 0 0 0 
0 0 2 1 0 0 2 0 0 4 0 0 0 0 0 0 0 0 0 0 0 0 5 0 0 7 6 6 3 
3 0 0 0 0 4 0 0 0 0 0 0 0 0 2 0 0 0 0 0 0 0 0 0 0 5 0 4 1 
300 30
0 11 0 10
0 11 0 17
0 11 1 11
27 22 27 9
27 22 27 25
27 22 25 22
27 26 27 25
27 26 27 27
27 26 24 26
27 26 27 25
27 26 27 27
27 26 24 26
27 27 27 28
27 27 25 27
27 27 28 27
27 27 27 28
28 25 28 14
28 25 28 27
28 25 27 25
28 27 28 25
28 27 28 28
0 11 0 17
0 11 1 11
25 27 24 27
27 22 27 9
27 22 27 25
27 28 18 28
25 27 24 27
27 9 27 6
27 9 23 9

5674

2 3 3 4     1     1 1 5 = = = = = 2       1   2       2 1 
  3   6           5   5                               4 4 
  3 2 2 1     4   5 1   1 1   3                     3   2 
    2     4 1   1 5 1   2                         3 2     
3 4       5 1   2 5 3 4 2   1         1             1   2 
        2 4 2     4 2 2 2             2                   
3         1   3   3 2 2                           5 4     
3   1   3       5                     3 2   2 1 1         
2   1   3       2 1   2                 2 1         3     
    2   3             5               6     5 5 3         
    2 2 4 3               2 2 2     2   2   3 4 1         
    3 2   1                   3 2             3     1     
    2   4             4   2   2 2       2 1 2 5 2         
    1   3                 3 5     4 3         1           
2 5                                   5           5   3 3 
1   2         2   1 1     4     2 2 1   1 3     3   2 6 2 
2 5 3 2                   6           5 3 1 2 2     2 6 2 
1 1     1         4 1 2     1 3 1 1 2   2 4 2           1 
2   2 3           4   3 1 6   4   1 2 5 3   2 3       2 1 
3 2   3           3 3 2   3 1 3   3 2 2 2 3   3 3     1 | 
3                                           4     5 5 3 | 
3                   3                       4 5 3   3   | 
3 2 3     3 1 3   3   1                 3 5 5   1   2   | 
3   4     4 4 2 3 4                       3     2     1 | 
2 1   1 1   2 1   |                       2 4 6 6   4 3 | 
4 3         3 4 2 | 3                   4 2 1 2 3   ǁ 3 | 
  1 4 3 2   2 1   | 2   2 1   1         4 3 | 1 1   ǁ | | 
    2 1     2 - - 4 = = = = = = = = = = = = 5 = = 7 6 6 3 
3         4                 2 - - - - - - - - - - 5 = 4 1 
