29 29
1 0 3 0 0 0 3 3 1 0 0 0 0 0 0 2 2 0 0 0 0 0 0 0 0 0 0 5 3 
2 1 0 2 3 0 4 6 2 1 3 4 0 4 0 6 0 0 0 0 0 0 0 0 4 3 2 0 2 
0 0 0 3 3 0 1 2 1 0 2 3 0 4 1 0 2 2 0 2 2 0 4 3 4 2 1 0 1 
3 0 4 0 0 0 0 0 0 4 0 0 0 5 2 0 3 3 0 4 0 0 4 0 0 0 0 4 1 
0 0 0 2 1 0 0 4 0 4 2 0 0 5 1 0 3 2 3 4 3 1 0 1 3 5 3 4 2 
0 1 0 4 0 0 0 3 1 2 0 0 0 4 1 0 2 0 5 3 3 2 0 0 1 0 2 3 0 
0 0 2 0 0 0 0 0 0 0 0 0 0 0 0 4 0 0 0 0 0 0 3 3 0 4 0 5 3 
0 0 1 0 1 0 0 0 0 0 0 0 4 3 1 0 3 4 2 0 0 2 0 0 2 0 4 0 0 
0 2 3 0 0 0 0 2 2 3 0 0 6 3 1 0 3 0 2 2 1 0 0 0 3 2 0 0 0 
0 0 0 3 0 0 0 4 2 5 2 1 0 2 1 0 2 0 0 1 2 0 0 0 2 0 4 0 0 
0 2 0 0 0 0 0 0 2 4 2 0 0 0 1 0 0 0 0 0 0 0 0 0 2 3 0 0 0 
0 0 0 0 3 0 0 5 0 0 5 4 0 0 0 0 0 0 0 1 5 3 0 0 0 3 0 0 2 
0 0 0 0 0 0 0 0 0 0 0 0 0 0 0 0 0 0 0 1 0 0 0 0 0 0 0 0 0 
0 0 0 0 0 0 0 0 0 0 1 0 0 3 3 0 0 0 0 0 0 1 0 0 3 3 0 0 0 
1 0 0 0 0 0 0 0 0 0 0 0 0 0 1 0 3 6 3 2 0 0 0 0 0 0 0 0 0 
1 0 0 0 0 0 0 1 1 0 0 2 0 0 1 0 3 0 0 0 0 0 0 0 1 0 0 0 3 
0 0 0 0 0 0 0 0 2 0 0 0 0 0 0 0 4 6 0 0 4 3 0 0 3 4 0 0 0 
3 0 0 0 0 0 0 0 0 0 0 0 0 0 3 0 0 0 1 1 0 0 3 0 0 0 0 0 3 
0 0 0 0 3 0 0 0 3 0 0 0 0 0 0 0 0 4 4 3 0 1 3 0 1 0 0 0 3 
0 0 0 0 0 0 0 0 0 0 0 0 0 0 0 0 0 2 2 1 0 0 1 0 0 0 0 0 0 
0 0 0 0 0 0 0 0 0 0 0 0 0 0 0 0 3 3 0 0 5 0 0 4 0 5 4 0 0 
4 5 6 5 0 0 0 0 0 0 0 0 5 0 0 0 2 3 2 0 0 2 3 0 2 2 3 0 4 
2 0 2 0 0 0 0 0 0 0 0 0 2 0 0 0 2 3 3 0 5 4 3 0 2 3 0 0 0 
0 0 2 5 0 0 0 0 0 0 0 0 0 5 4 0 2 2 3 1 0 2 0 4 0 6 5 0 0 
0 0 0 0 2 0 0 3 0 0 0 0 0 0 1 0 2 0 4 0 5 0 0 0 0 2 2 0 0 
1 0 2 0 2 3 0 6 0 0 0 0 0 4 2 0 3 5 0 0 6 0 0 0 5 4 4 0 0 
2 0 1 0 2 4 0 4 1 1 0 0 0 2 1 0 3 4 2 2 4 3 2 0 4 3 3 0 0 
4 4 0 3 0 0 0 0 0 0 0 0 0 0 0 5 0 0 0 0 0 0 0 0 0 0 0 7 4 
2 4 0 0 0 0 3 2 1 1 0 0 0 0 0 3 0 0 0 2 2 1 1 0 2 0 0 3 1 
300 28
0 27 0 16
0 27 0 28
0 27 3 27
23 26 23 25
23 26 21 26
23 26 24 26
27 27 27 15
27 27 27 28
27 27 6 27
27 27 28 27
21 28 18 28
21 28 27 28
21 28 18 28
21 28 27 28
27 28 27 27
28 28 28 27
18 28 17 28
28 24 28 22
28 24 28 27
17 28 15 28
27 27 27 15
27 27 6 27
28 21 28 20
17 28 15 28
28 20 28 19
15 28 11 28
28 19 28 15
11 28 6 28

3871

1   3       3 3 1             2 2 - - - - - - - - - - 5 3 
2 1   2 3   4 6 2 1 3 4   4   6                 4 3 2 | 2 
      3 3   1 2 1   2 3   4 1   2 2   2 2   4 3 4 2 1 | 1 
3   4             4       5 2   3 3   4     4         4 1 
      2 1     4   4 2     5 1   3 2 3 4 3 1   1 3 5 3 4 2 
  1   4       3 1 2       4 1   2   5 3 3 2     1   2 3   
    2                         4             3 3   4   5 3 
    1   1               4 3 1   3 4 2     2     2   4 ǁ | 
  2 3         2 2 3     6 3 1   3   2 2 1       3 2   ǁ | 
      3       4 2 5 2 1   2 1   2     1 2       2   4 ǁ | 
  2             2 4 2       1                   2 3   ǁ | 
        3     5     5 4               1 5 3       3   ǁ 2 
                                      1               ǁ | 
                    1     3 3             1     3 3   ǁ | 
1                           1   3 6 3 2               ǁ | 
1             1 1     2     1   3               1     ǁ 3 
                2               4 6     4 3     3 4   ǁ ǁ 
3                           3       1 1     3         ǁ 3 
        3       3                 4 4 3   1 3   1     ǁ 3 
                                  2 2 1     1         ǁ ǁ 
                                3 3     5     4   5 4 ǁ ǁ 
4 5 6 5                 5       2 3 2     2 3   2 2 3 ǁ 4 
2   2                   2       2 3 3   5 4 3   2 3 | ǁ ǁ 
    2 5                   5 4   2 2 3 1   2   4   6 5 ǁ ǁ 
        2     3             1   2   4   5         2 2 ǁ ǁ 
1   2   2 3   6           4 2   3 5     6       5 4 4 ǁ ǁ 
2   1   2 4   4 1 1       2 1   3 4 2 2 4 3 2   4 3 3 ǁ ǁ 
4 4   3                       5 = = = = = = = = = = = 7 4 
2 4         3 2 1 1           3 - - - 2 2 1 1 - 2 - - 3 1 
