29 29
4 0 0 6 2 4 0 0 5 4 1 0 2 0 0 0 0 0 0 0 0 6 4 4 1 2 6 4 0 
4 0 0 7 3 0 2 2 0 2 0 0 2 0 0 4 0 0 0 0 0 0 0 4 0 2 0 0 0 
1 0 3 0 0 5 4 0 0 2 0 0 2 0 0 5 0 0 0 0 0 0 0 2 0 0 0 0 2 
3 0 4 0 0 3 5 4 0 4 7 0 0 5 2 0 0 0 0 0 0 0 2 0 7 6 0 0 0 
5 1 0 0 0 1 3 1 0 2 4 0 0 0 2 0 0 2 0 0 0 0 3 2 0 2 0 0 0 
4 0 4 0 0 4 0 0 7 0 4 0 0 6 3 0 0 0 0 0 0 0 4 0 7 0 6 0 0 
0 0 0 0 0 4 4 0 0 2 1 2 0 6 2 0 0 0 0 0 0 0 0 0 0 0 2 0 4 
0 0 0 0 0 0 0 0 0 0 0 0 0 0 0 0 0 0 0 0 0 0 3 0 0 0 1 0 0 
0 0 0 0 0 0 0 0 0 4 7 0 0 0 0 6 0 5 0 2 0 0 5 2 0 0 0 3 3 
0 0 0 0 0 0 2 0 0 1 0 3 4 4 0 6 4 4 0 0 0 0 2 0 0 0 3 2 2 
0 0 0 0 0 0 0 0 0 0 0 1 0 3 0 1 0 0 0 0 0 0 0 0 0 0 0 0 0 
0 2 0 4 7 0 0 0 6 5 3 3 8 0 0 0 0 7 0 0 0 8 0 0 6 0 7 7 5 
0 0 0 2 0 2 1 0 0 0 2 1 0 2 0 1 0 0 0 2 2 0 4 4 3 2 4 0 0 
0 0 0 4 6 3 1 1 0 5 8 2 0 0 0 0 0 0 0 0 0 0 2 0 2 0 2 0 0 
4 6 0 0 0 1 0 0 0 0 2 0 0 0 0 0 0 0 0 0 0 0 4 8 4 6 2 0 0 
0 2 0 4 7 5 4 3 0 2 2 0 4 5 0 0 0 6 0 5 4 0 2 0 0 0 0 0 0 
0 0 0 2 2 3 4 3 0 2 0 1 0 4 2 0 0 4 2 0 0 0 0 0 0 0 0 0 0 
5 0 6 0 0 0 0 0 7 0 0 0 0 0 0 0 0 0 0 0 0 8 0 7 0 0 2 0 0 
0 2 0 2 2 0 4 0 6 6 0 5 0 0 3 0 0 0 0 4 2 0 0 1 2 0 0 0 0 
0 3 0 5 0 0 3 2 0 0 2 4 0 0 0 2 0 0 0 0 0 0 0 0 0 0 0 0 0 
0 0 0 4 2 0 0 0 0 0 0 2 0 4 0 0 0 0 0 0 0 0 0 0 0 0 0 0 0 
0 0 6 0 0 0 7 5 0 0 4 0 0 6 0 0 0 0 0 0 0 0 0 0 0 0 0 0 0 
2 0 0 1 4 1 0 2 0 0 4 5 2 0 0 0 0 0 0 0 0 0 0 0 0 3 3 0 0 
0 0 0 1 5 0 8 2 0 0 2 0 1 0 0 0 0 0 0 0 0 0 0 0 0 0 1 1 1 
0 0 5 0 0 0 8 4 0 6 0 7 4 4 0 0 0 0 0 0 0 6 0 0 7 7 2 0 0 
0 0 3 3 1 0 2 2 0 2 2 6 5 5 4 3 5 2 1 4 0 6 0 3 1 0 0 0 0 
3 6 0 0 0 0 0 0 6 0 0 0 0 0 0 0 7 2 2 5 3 7 4 0 0 0 0 0 0 
2 4 3 0 0 0 0 0 8 0 5 5 0 6 0 0 8 0 0 6 0 3 4 4 5 5 0 0 0 
2 4 1 2 4 0 0 0 6 2 1 1 0 2 1 0 3 1 0 3 0 0 1 0 3 1 0 0 0 
300 483
0 0 0 3
0 0 1 0
0 0 0 3
0 0 1 0
0 3 0 4
0 3 1 3
0 8 0 5
0 8 0 9
0 8 5 8
0 21 0 12
0 21 0 22
0 21 11 21
0 21 0 12
0 21 0 22
0 21 11 21
0 22 0 23
0 22 3 22
0 23 0 24
0 23 1 23
0 23 1 23
0 26 0 25
0 26 0 27
0 26 5 26
0 26 0 25
0 26 0 27
0 26 5 26
0 27 8 27
0 27 8 27
1 0 1 3
1 0 2 0
1 3 1 4
1 3 0 3
1 3 11 3
1 15 1 12
1 15 2 15
1 15 1 12
1 15 2 15
1 23 1 25
1 23 2 23
1 25 3 25
2 2 3 2
2 5 2 6
2 5 0 5
2 5 3 5
2 23 4 23
2 28 6 28
3 10 3 9
3 10 3 13
3 10 0 10
3 10 4 10
3 22 4 22
4 0 4 1
4 0 3 0
4 0 5 0
5 24 5 22
5 24 5 26
5 24 3 24
5 24 11 24
5 26 5 24
5 26 6 26
5 26 6 26
6 28 2 28
6 28 8 28
6 28 8 28
7 26 9 26
8 10 8 9
8 10 8 15
8 10 6 10
8 10 11 10
8 22 8 23
8 22 7 22
8 22 9 22
11 4 11 3
11 4 11 8
11 4 1 4
11 4 13 4
11 12 11 11
11 12 11 17
11 12 9 12
11 12 15 12
11 12 11 11
11 12 11 17
11 12 9 12
11 12 15 12
11 17 11 21
11 17 9 17
11 17 15 17
11 21 11 17
11 21 11 24
11 21 17 21
11 26 11 24
11 26 11 27
11 26 9 26
11 26 12 26
11 27 11 26
11 27 11 28
11 27 9 27
11 27 23 27
11 28 11 27
11 28 9 28
11 28 23 28
12 22 12 23
12 22 13 22
12 22 12 23
12 22 13 22
12 23 12 24
12 23 14 23
13 10 13 9
13 10 13 11
13 10 12 10
13 10 14 10
13 10 13 9
13 10 13 11
13 10 12 10
13 10 14 10
14 22 14 23
14 22 15 22
14 22 14 23
14 22 15 22
15 4 15 3
15 4 15 5
15 4 13 4
15 4 16 4
17 0 17 2
17 0 14 0
17 0 22 0
17 8 17 2
17 8 17 21
17 8 11 8
17 8 18 8
17 21 17 8
17 21 17 23
17 21 11 21
17 21 24 21
17 23 17 21
17 23 17 26
17 23 14 23
17 23 18 23
18 9 18 8
18 9 18 11
18 9 24 9
18 9 18 8
18 9 18 11
18 9 24 9
18 24 24 24
20 13 20 11
20 13 21 13
20 13 20 11
20 13 21 13
21 2 21 6
21 2 17 2
21 2 24 2
21 2 21 6
21 2 17 2
21 2 24 2
21 6 21 7
21 6 19 6
21 6 23 6
21 13 21 10
21 13 24 13
22 5 22 4
22 11 22 10
22 11 22 12
22 11 24 11
23 6 23 4
23 6 23 7
23 6 21 6
23 6 24 6
24 6 24 2
24 6 24 7
24 6 23 6
24 6 25 6
24 6 24 2
24 6 24 7
24 6 23 6
24 9 24 7
24 9 24 11
24 9 25 9
24 9 24 7
24 11 24 12
24 11 22 11
24 11 25 11
24 24 24 21
24 24 24 25
24 24 18 24
24 24 25 24
25 7 25 6
25 7 25 9
25 12 25 11
25 12 25 13
25 12 24 12
25 16 25 15
25 16 25 17
25 16 26 16
26 8 26 1
26 8 26 16
26 8 27 8
26 8 26 1
26 8 26 16
26 8 27 8
26 21 26 20
26 21 26 22
26 21 25 21
26 21 27 21
26 22 26 21
26 22 27 22
26 22 26 21
27 8 27 2
27 8 27 10
27 8 28 8
27 11 27 10
27 11 27 13
27 11 28 11
27 13 27 11
27 13 27 16
27 13 28 13
27 13 27 16
27 13 28 13
27 16 27 19
27 16 26 16
27 16 28 16
27 24 27 23
27 24 27 25
27 24 28 24
27 25 27 24
27 25 24 25
27 25 28 25
28 4 28 3
28 4 28 8
28 4 28 3
28 4 28 8
28 8 28 9
28 8 27 8
28 14 28 16
28 24 28 22
28 24 27 24
0 3 0 4
0 5 0 8
0 5 2 5
0 9 0 8
0 9 1 9
0 9 1 9
1 3 1 4
1 3 11 3
2 2 3 2
2 9 3 9
2 12 2 15
3 10 3 9
3 10 3 13
3 10 4 10
4 0 3 0
4 0 5 0
4 23 4 22
4 25 3 25
5 0 5 2
5 0 14 0
5 2 3 2
5 2 17 2
5 2 3 2
5 8 5 5
5 8 5 10
5 8 11 8
6 5 6 6
6 5 5 5
6 5 6 6
6 5 5 5
6 6 9 6
6 9 8 9
6 11 6 13
6 13 6 11
6 13 6 14
6 13 5 13
6 13 6 14
6 13 5 13
8 10 8 9
8 10 8 15
8 10 11 10
8 15 8 17
8 15 2 15
8 15 9 15
8 15 8 17
8 19 8 17
8 23 8 22
9 6 6 6
9 12 9 11
9 12 9 13
9 13 9 15
9 13 10 13
9 13 9 15
9 15 9 16
9 15 10 15
9 15 9 16
9 16 9 17
9 22 8 22
11 1 14 1
11 3 11 4
11 4 11 8
11 4 13 4
11 8 11 9
11 8 5 8
11 21 11 24
11 24 11 26
11 24 5 24
11 27 11 26
11 28 9 28
12 3 13 3
12 11 11 11
12 15 12 13
12 26 12 25
12 26 13 26
12 26 12 25
13 4 13 3
13 4 13 5
13 4 15 4
14 0 14 1
14 0 17 0
14 1 11 1
14 1 15 1
14 1 15 1
14 23 14 24
14 23 17 23
14 23 14 24
14 23 14 24
14 24 14 25
14 25 14 26
15 12 15 10
15 12 15 13
15 19 15 17
15 19 15 20
15 19 12 19
15 20 15 19
15 20 12 20
15 20 15 19
16 18 16 17
17 8 17 2
17 8 18 8
17 21 24 21
17 23 17 26
18 1 19 1
18 8 18 6
19 3 19 6
19 3 18 3
19 3 20 3
20 3 20 4
20 3 19 3
20 3 20 4
21 13 21 10
21 13 24 13
22 4 22 3
22 4 23 4
22 4 23 4
22 26 22 25
22 26 23 26
22 26 22 25
23 3 23 4
23 4 23 6
23 7 22 7
23 10 22 10
24 2 25 2
24 11 24 12
24 11 25 11
24 21 24 13
24 21 24 24
24 21 25 21
24 24 24 25
24 26 24 25
24 26 24 25
25 2 25 3
25 3 25 2
25 3 25 4
25 10 25 11
25 14 25 13
25 14 25 15
25 14 25 13
25 14 25 15
25 21 25 19
25 21 25 23
25 21 26 21
25 21 25 19
25 23 27 23
25 23 27 23
26 1 26 0
26 1 19 1
26 1 27 1
26 1 26 0
26 20 26 19
27 8 27 2
27 8 27 10
27 10 27 11
27 10 28 10
27 16 27 19
27 16 26 16
27 16 28 16
27 19 27 21
27 19 26 19
27 19 28 19
27 19 27 21
27 22 27 23
27 25 24 25
28 8 28 9
28 17 28 19
2 9 3 9
2 12 2 15
3 25 3 24
3 25 4 25
3 25 3 24
3 25 3 24
4 9 4 10
4 17 8 17
4 22 5 22
5 5 5 8
5 8 5 10
5 10 5 13
5 10 4 10
5 22 5 24
5 22 7 22
6 9 8 9
8 19 8 17
8 28 8 27
9 9 11 9
9 11 10 11
9 16 9 17
9 17 11 17
9 26 9 27
11 10 11 9
12 3 13 3
12 13 15 13
12 19 12 20
12 24 13 24
12 24 13 24
13 3 15 3
13 26 14 26
15 3 15 4
15 3 16 3
15 10 15 9
15 17 15 13
15 17 16 17
16 3 16 4
16 9 16 11
16 9 15 9
16 13 16 14
16 13 15 13
16 13 16 14
16 13 15 13
16 17 16 18
16 17 15 17
17 0 22 0
18 1 19 1
18 8 18 6
18 19 18 14
18 19 18 20
18 19 18 14
18 19 18 20
19 15 19 11
21 10 19 10
21 10 22 10
22 7 21 7
22 10 22 11
22 12 23 12
22 25 24 25
24 12 24 13
25 10 25 11
25 11 25 12
25 12 25 13
25 19 25 18
25 19 26 19
26 0 27 0
26 20 26 19
11 9 13 9
11 9 13 9
15 4 15 5
18 6 18 4
18 6 19 6
18 14 18 11
19 3 18 3
19 7 21 7
19 10 19 11
19 11 19 15
19 11 18 11
21 6 21 7
21 7 19 7
26 19 26 18
26 18 26 17

2806

4 = = 6 2 4 = = 5 4 1   2 = = = = = = = = 6 4 4 1 2 6 4   
4 - - 7 3 ǁ 2 2 | 2 |   2 = = 4           ǁ | 4 - 2 ǁ ǁ   
1   3 ǁ | 5 4   | 2 |   2 = = 5           ǁ | 2   | ǁ ǁ 2 
3   4 ǁ | 3 5 4 | 4 7 = = 5 2 |           ǁ 2 | 7 6 ǁ ǁ ǁ 
5 1 ǁ ǁ | 1 3 1 | 2 4       2 |   2       ǁ 3 2 | 2 ǁ ǁ ǁ 
4 - 4 ǁ | 4 = = 7 = 4 - - 6 3 |   |       ǁ 4 = 7 = 6 ǁ ǁ 
|   | ǁ | 4 4   ǁ 2 1 2 = 6 2 |   |       ǁ |   ǁ   2 ǁ 4 
|   | ǁ |   ǁ   ǁ ǁ |         |   |       ǁ 3   ǁ   1 ǁ ǁ 
|   | ǁ |   ǁ   ǁ 4 7 = = = = 6 = 5 = 2   ǁ 5 2 ǁ   | 3 3 
|   | ǁ |   2   ǁ 1 ǁ 3 4 4 = 6 4 4       ǁ 2   ǁ   3 2 2 
|   | ǁ |       ǁ | ǁ 1 ǁ 3   1   ǁ       ǁ     ǁ   | | ǁ 
| 2 | 4 7 = = = 6 5 3 3 8 = = = = 7 = = = 8 = = 6 = 7 7 5 
| ǁ | 2 ǁ 2 1   | ǁ 2 1 ǁ 2 - 1   |   2 2 ǁ 4 4 3 2 4 | | 
| ǁ | 4 6 3 1 1 | 5 8 2 ǁ |       |   | | ǁ 2 | 2   2 | | 
4 6 | | ǁ 1     |   2   ǁ |       |   | | ǁ 4 8 4 6 2 | | 
ǁ 2 | 4 7 5 4 3 | 2 2 - 4 5 - - - 6 - 5 4 ǁ 2 ǁ       | | 
ǁ   | 2 2 3 4 3 | 2 - 1   4 2     4 2     ǁ   ǁ       | | 
5 - 6 = = = = = 7 = = = = = = = = = = = = 8 = 7 = = 2 | | 
ǁ 2 ǁ 2 2 - 4 = 6 6 = 5 - - 3 = = = = 4 2 ǁ   1 2     | | 
ǁ 3 ǁ 5 - - 3 2   ǁ 2 4 = = = 2           ǁ     ǁ     | | 
ǁ | ǁ 4 2   | ǁ   ǁ | 2 = 4               ǁ     ǁ     | | 
ǁ | 6 = = = 7 5   ǁ 4 = = 6               ǁ     ǁ     | | 
2 | ǁ 1 4 1 ǁ 2   ǁ 4 5 2 ǁ               ǁ     ǁ 3 3 | | 
  | ǁ 1 5 = 8 2   ǁ 2 ǁ 1 ǁ               ǁ     ǁ | 1 1 1 
  | 5 = = = 8 4 = 6 - 7 4 4 - - - - - - - 6 = = 7 7 2     
  | 3 3 1   2 2 - 2 2 6 5 5 4 3 5 2 1 4 = 6 - 3 1 ǁ       
3 6 = = = = = = 6 = = = = = = = 7 2 2 5 3 7 4 ǁ   ǁ       
2 4 3 = = = = = 8 = 5 5 = 6 = = 8 = = 6 = 3 4 4 5 5       
2 4 1 2 4 = = = 6 2 1 1   2 1 - 3 1 - 3     1 - 3 1       
