29 29
2 3 3 0 4 0 0 0 1 3 0 4 0 0 0 3 1 2 3 4 4 3 0 0 0 0 0 5 3 
1 0 1 0 0 1 3 0 0 4 2 3 1 0 0 0 0 0 0 1 0 2 0 3 4 1 0 0 0 
2 5 0 0 5 0 0 0 0 0 0 0 0 0 0 4 0 4 2 2 5 0 0 2 4 3 0 0 0 
2 0 1 1 0 3 0 0 0 4 4 0 0 2 1 3 1 0 1 0 0 0 0 0 0 0 0 0 0 
2 0 0 0 4 4 0 3 2 0 5 0 0 4 0 5 3 0 0 0 0 0 0 0 0 0 0 0 0 
3 4 3 3 0 2 2 0 1 0 0 0 0 0 0 0 2 3 2 0 0 1 0 0 0 0 0 0 0 
4 6 2 0 0 3 4 0 0 0 4 2 0 2 1 0 2 3 1 0 0 0 0 0 0 0 0 0 0 
3 3 2 0 0 1 1 0 0 0 0 0 0 0 0 0 0 1 0 0 0 0 1 3 3 0 0 0 0 
0 3 2 0 3 0 0 5 0 4 0 0 0 0 0 6 0 5 3 0 0 0 0 2 2 0 0 0 0 
0 0 1 0 2 2 1 0 1 0 1 2 2 4 3 0 3 4 4 0 0 4 4 0 0 4 2 0 0 
4 5 0 5 0 0 0 5 4 0 4 5 3 4 2 0 1 1 0 0 0 0 0 4 3 0 1 0 0 
0 0 0 0 1 4 2 0 2 0 0 0 2 3 0 7 0 4 2 0 0 0 0 3 0 1 0 0 2 
0 3 1 0 0 0 0 0 1 0 2 0 1 0 2 2 2 3 1 0 0 2 0 0 2 0 0 0 0 
0 3 0 5 0 6 2 0 0 0 2 0 3 0 7 0 0 0 0 3 0 0 0 2 0 0 0 0 0 
0 3 2 3 2 5 3 0 3 5 4 0 1 1 6 2 0 0 0 2 0 0 0 0 0 0 0 0 3 
0 2 0 2 3 4 2 0 1 3 3 0 0 0 2 0 0 0 0 0 0 0 0 0 0 0 0 0 0 
5 0 0 0 0 0 0 4 0 0 0 4 0 0 0 0 0 0 0 0 6 0 5 5 4 0 0 6 5 
0 1 0 2 0 0 0 0 0 0 0 0 2 0 2 0 0 0 0 0 0 1 2 2 1 1 1 0 2 
0 0 0 0 0 0 0 0 0 0 0 0 5 2 0 0 0 0 0 0 0 0 3 0 1 3 3 0 0 
0 0 0 0 0 0 0 0 0 0 0 0 0 0 0 1 0 0 0 0 4 4 4 0 0 0 2 0 0 
0 0 0 0 0 0 0 0 0 0 0 0 5 0 4 0 0 0 0 0 4 0 0 5 3 3 0 0 0 
0 0 0 0 0 0 0 0 0 0 0 0 4 1 0 3 0 0 0 0 4 3 0 4 1 2 3 0 0 
0 0 0 0 0 0 0 0 0 0 0 0 2 1 0 3 2 0 0 2 2 3 0 0 0 4 3 0 0 
0 1 0 0 0 0 0 0 4 0 0 5 0 0 3 0 0 2 0 0 0 1 0 0 0 2 1 0 0 
0 0 0 0 0 0 0 0 4 1 0 2 1 1 0 0 0 5 0 5 0 0 0 0 0 5 3 0 0 
0 0 0 0 0 0 0 0 2 0 0 0 0 2 1 2 0 4 0 0 0 1 0 0 0 0 0 0 0 
0 3 0 4 0 0 0 5 0 0 0 0 0 0 0 0 0 0 0 0 0 0 0 0 0 0 0 4 4 
5 2 3 0 2 0 0 5 0 0 0 0 0 0 0 0 0 0 0 0 3 2 0 1 1 3 0 3 2 
2 2 4 1 1 0 0 3 0 0 0 0 0 0 0 0 0 2 2 3 4 0 0 0 0 2 1 3 1 
300 20
0 27 0 21
0 27 0 28
0 27 16 27
11 15 11 13
11 15 11 17
11 15 8 15
11 15 12 15
13 14 13 12
13 14 13 19
13 14 12 14
13 14 14 14
16 0 16 7
16 0 10 0
16 0 27 0
16 28 16 27
16 28 14 28
16 28 17 28
18 12 18 13
18 12 17 12
18 12 20 12

2214

2 3 3   4       1 3   4       3 1 2 3 4 4 3 - - - - - 5 3 
1   1     1 3     4 2 3 1             1   2   3 4 1   |   
2 5     5                     4   4 2 2 5     2 4 3   |   
2   1 1   3       4 4     2 1 3 1   1                 |   
2       4 4   3 2   5     4   5 3                     |   
3 4 3 3   2 2   1               2 3 2     1           |   
4 6 2     3 4       4 2   2 1   2 3 1                 |   
3 3 2     1 1                     1         1 3 3     |   
  3 2   3     5   4           6   5 3         2 2     |   
    1   2 2 1   1   1 2 2 4 3 | 3 4 4     4 4     4 2 |   
4 5   5       5 4   4 5 3 4 2 | 1 1           4 3   1 |   
|       1 4 2   2       2 3 - 7 - 4 2         3   1   | 2 
| 3 1           1   2   1   2 2 2 3 1     2     2     |   
| 3   5   6 2       2   3 - 7 - - - - 3       2       |   
| 3 2 3 2 5 3   3 5 4   1 1 6 2       2               | 3 
| 2   2 3 4 2   1 3 3       2                         | | 
5 - - - - - - 4       4                 6   5 5 4     6 5 
| 1   2                 2   2             1 2 2 1 1 1   2 
|                       5 2                 3   1 3 3     
|                       |     1         4 4 4       2     
|                       5   4           4     5 3 3       
|                       4 1   3         4 3   4 1 2 3     
|                       2 1   3 2     2 2 3       4 3     
| 1             4     5     3     2       1       2 1     
|               4 1   2 1 1       5   5           5 3     
|               2         2 1 2   4       1               
| 3   4       5                                       4 4 
5 2 3   2     5                         3 2   1 1 3   3 2 
2 2 4 1 1     3                   2 2 3 4         2 1 3 1 
