29 29
2 3 0 0 0 0 4 0 0 0 0 0 0 3 0 0 0 0 0 0 0 0 4 3 0 0 0 2 2 
1 0 1 0 2 1 0 2 3 4 5 1 0 0 2 0 4 1 0 0 0 0 0 0 0 0 0 0 0 
1 0 0 0 0 0 0 0 0 1 0 0 0 0 1 0 0 0 0 0 0 0 0 0 3 0 0 3 2 
0 0 0 0 0 2 0 0 0 0 0 0 0 0 2 0 6 0 0 0 0 0 3 0 2 0 1 0 0 
0 0 0 0 0 0 0 0 3 0 6 2 0 0 2 2 0 2 4 5 4 0 0 0 2 2 3 5 2 
3 3 0 0 3 0 0 0 2 0 1 1 0 0 1 0 0 0 0 2 3 1 0 0 0 0 0 0 0 
2 3 0 0 4 2 0 0 3 0 0 2 0 0 2 3 0 1 0 3 3 0 0 0 0 0 0 0 0 
4 6 2 2 4 0 0 0 4 3 1 0 0 0 0 2 0 0 0 2 0 0 0 0 0 0 0 0 0 
2 0 2 0 3 2 0 0 0 0 0 0 0 0 0 0 0 2 0 2 0 0 0 0 0 0 0 0 0 
3 5 0 0 0 0 5 4 4 3 0 0 0 4 4 2 0 0 0 0 0 0 0 0 0 0 1 4 2 
0 0 0 0 0 0 0 0 2 0 0 2 2 0 3 1 0 0 0 4 5 3 0 0 0 0 0 0 2 
0 0 0 0 0 0 0 0 0 0 1 0 0 0 2 2 0 0 0 1 0 0 0 0 0 0 0 0 2 
0 0 0 0 0 0 0 0 1 0 0 0 0 0 1 1 0 2 5 3 0 0 0 0 3 4 0 5 3 
1 0 0 0 0 0 0 0 0 0 3 6 4 0 0 0 0 0 0 0 0 0 0 0 3 0 1 0 0 
0 0 0 0 0 0 0 0 0 0 0 0 1 0 0 1 0 0 0 0 0 0 0 0 0 0 0 0 1 
0 0 0 0 0 0 0 2 1 0 0 0 0 0 0 0 0 0 0 0 0 0 0 0 4 5 3 0 0 
0 0 0 0 0 0 0 3 3 0 0 0 0 0 0 0 0 0 0 1 0 0 0 0 2 5 2 0 0 
2 0 2 0 0 0 6 6 4 0 2 0 0 0 0 2 0 0 0 0 0 0 0 0 0 1 0 0 0 
0 0 0 1 0 0 0 0 0 0 1 0 0 0 0 0 0 0 0 0 0 0 0 3 0 0 0 6 2 
0 0 0 0 0 0 0 2 3 0 1 5 0 5 4 3 0 2 5 0 4 0 4 0 3 0 0 5 5 
0 0 3 4 3 1 0 0 3 0 1 0 1 0 4 2 0 1 4 2 0 2 4 3 0 2 1 0 2 
0 0 1 3 3 1 0 0 0 0 2 5 3 0 5 1 0 3 3 3 5 4 3 3 0 0 0 0 1 
0 0 2 5 0 0 0 1 0 0 1 2 1 0 0 0 0 3 0 1 1 1 0 0 3 3 1 0 0 
3 4 0 2 0 0 0 0 0 0 3 3 0 5 4 2 4 4 4 0 3 0 0 0 0 0 0 4 3 
4 3 2 0 4 0 5 3 2 0 0 3 1 0 0 1 0 2 0 0 1 3 0 0 0 4 0 0 3 
3 0 3 1 0 0 4 6 2 0 3 5 3 4 5 6 3 1 2 3 0 5 0 4 0 4 0 0 4 
2 0 0 0 5 0 3 4 2 0 1 4 3 3 4 4 0 2 3 3 1 0 0 2 0 0 0 0 0 
0 0 1 0 2 4 0 0 0 5 0 0 0 0 0 0 0 0 0 0 0 4 2 0 0 3 0 3 5 
0 0 0 0 0 3 2 1 0 3 0 4 0 3 2 0 0 0 0 2 1 2 0 0 0 0 0 3 4 
300 23
1 10 1 9
1 10 1 11
1 10 4 10
4 19 4 18
4 19 4 20
4 19 5 19
19 28 19 27
19 28 18 28
19 28 20 28
27 28 27 27
27 28 25 28
27 28 28 28
28 28 28 27
28 28 27 28
28 28 28 27
1 10 1 9
1 10 4 10
4 10 4 8
4 10 4 11
4 10 5 10
4 10 4 8
1 9 1 8
1 9 2 9

4827

2 3         4             3                 4 3       2 2 
1   1   2 1   2 3 4 5 1     2   4 1                       
1                 1 ǁ       1                   3     3 2 
          2         ǁ       2   6           3   2   1     
                3 = 6 2     2 2   2 4 5 4       2 2 3 5 2 
3 3     3       2   1 1     1         2 3 1               
2 3     4 2     3     2     2 3   1   3 3                 
4 6 2 2 4       4 3 1         2       2                   
2   2   3 2                       2   2                   
3 5         5 4 4 3       4 4 2                     1 4 2 
                2     2 2   3 1       4 5 3             2 
                    1       2 2       1                 2 
                1           1 1   2 5 3         3 4   5 3 
1                   3 6 4                       3   1     
                        1     1                         1 
              2 1                               4 5 3     
              3 3                     1         2 5 2     
2   2       6 6 4   2         2                   1       
      1             1                         3       6 2 
              2 3   1 5   5 4 3   2 5   4   4   3     5 5 
    3 4 3 1     3   1   1   4 2   1 4 2   2 4 3   2 1   2 
    1 3 3 1         2 5 3   5 1   3 3 3 5 4 3 3         1 
    2 5       1     1 2 1         3   1 1 1     3 3 1     
3 4   2             3 3   5 4 2 4 4 4   3             4 3 
4 3 2   4   5 3 2     3 1     1   2     1 3       4     3 
3   3 1     4 6 2   3 5 3 4 5 6 3 1 2 3   5   4   4     4 
2       5   3 4 2   1 4 3 3 4 4   2 3 3 1     2         | 
    1   2 4       5                       4 2     3   3 5 
          3 2 1   3   4   3 2         2 1 2           3 4 
