29 29
1 4 0 4 0 4 0 0 0 0 0 0 0 0 0 0 0 0 0 0 0 0 5 0 0 0 0 3 2 
0 0 1 0 1 0 1 3 0 0 5 0 0 3 3 3 0 0 0 0 0 0 4 0 0 0 2 0 1 
0 0 0 0 2 0 0 3 0 0 5 1 0 0 1 2 0 0 0 0 1 1 0 2 0 2 1 0 1 
0 0 0 0 0 0 3 0 0 0 0 0 0 5 0 0 0 0 0 0 0 0 0 0 0 4 1 0 3 
0 0 2 0 0 0 0 3 0 3 3 5 3 0 2 0 3 0 0 0 0 0 0 0 0 4 5 3 0 
0 0 0 0 0 0 0 3 0 4 3 0 1 0 3 1 0 3 3 4 0 0 2 2 2 0 0 1 0 
0 6 3 0 0 0 0 0 2 3 1 0 1 0 3 0 2 3 0 3 2 1 2 3 3 0 5 2 0 
0 5 0 4 3 0 3 4 0 0 0 4 3 0 4 5 0 0 6 0 0 0 0 3 3 0 3 1 0 
0 3 1 2 2 0 2 3 1 1 0 3 2 0 2 2 2 1 0 1 2 0 0 2 1 0 2 4 4 
3 0 0 0 0 5 0 0 0 0 0 0 0 6 0 0 0 0 4 0 0 0 0 0 0 6 3 0 0 
0 3 2 3 3 0 2 0 3 3 4 2 1 0 3 0 0 3 0 0 0 0 4 3 0 3 0 0 0 
0 0 0 3 0 0 4 3 0 3 0 0 0 0 4 3 2 0 0 0 2 0 5 2 1 2 0 0 0 
0 0 0 0 2 0 0 4 5 3 0 0 0 0 2 0 1 0 2 0 5 0 3 3 2 3 0 0 0 
0 0 0 0 0 0 0 2 3 1 0 0 0 0 1 0 0 0 0 0 3 1 2 3 1 0 0 0 0 
0 0 3 5 3 0 3 0 0 0 5 0 0 5 0 5 0 5 0 0 0 0 0 0 0 6 0 0 0 
3 5 0 3 4 0 2 3 0 0 3 1 0 5 3 5 3 2 2 3 4 3 0 0 2 0 0 0 0 
0 0 0 2 2 0 1 4 0 0 4 0 0 4 3 1 2 0 0 0 2 2 2 1 0 0 0 0 0 
0 0 0 3 0 5 0 0 0 0 0 0 0 0 0 0 0 0 0 0 0 0 0 0 4 5 0 0 0 
0 0 0 2 0 5 0 0 0 0 0 0 0 0 0 0 0 0 0 0 0 5 2 2 0 0 0 0 0 
0 0 0 4 2 0 2 3 0 3 0 0 0 0 0 0 0 0 0 3 1 0 4 4 0 0 0 0 0 
0 0 0 4 3 0 0 2 0 0 0 0 0 0 0 0 0 0 0 0 2 0 2 0 0 0 1 0 2 
0 0 0 0 2 0 2 4 0 4 0 0 0 0 4 0 0 0 0 0 3 0 1 0 0 0 1 0 0 
0 0 0 0 1 0 0 2 0 1 0 0 0 0 2 0 0 0 0 0 0 5 5 2 0 0 0 0 0 
0 0 0 3 0 4 0 0 0 0 0 0 0 0 0 0 0 0 0 4 3 0 4 2 0 0 0 0 0 
0 0 0 3 1 0 1 0 2 0 0 0 0 0 0 0 0 2 1 0 1 0 0 0 0 0 0 0 0 
2 0 0 0 1 5 0 0 0 0 0 0 0 0 0 0 0 3 4 4 3 4 5 4 0 5 2 0 0 
2 0 0 0 1 4 2 0 0 0 0 0 0 0 0 0 0 0 0 0 0 0 1 1 0 4 2 0 0 
4 7 5 4 0 0 0 0 0 0 0 0 0 0 0 0 0 0 0 0 0 0 0 0 4 0 0 3 1 
1 1 1 2 0 0 0 0 0 0 0 0 0 0 2 2 2 2 2 0 0 2 0 0 3 2 1 3 2 
300 40
0 22 0 5
0 22 0 27
0 22 1 22
1 10 1 7
1 10 1 13
1 10 2 10
6 1 6 2
6 1 0 1
6 1 7 1
6 1 6 2
6 1 0 1
6 1 7 1
14 25 14 17
14 25 12 25
14 25 17 25
14 25 14 17
14 25 12 25
14 25 17 25
27 1 27 0
27 1 27 2
27 1 15 1
27 1 28 1
28 0 27 0
0 1 0 0
0 1 0 3
0 3 0 5
0 3 7 3
0 3 0 5
0 5 0 22
1 2 4 2
4 2 6 2
9 5 9 0
9 5 9 13
9 5 17 5
27 0 27 1
27 0 26 0
27 1 27 2
27 1 15 1
26 0 25 0
25 0 15 0

2850

1 4 - 4 = 4 = = = = = = = = = = = = = = = = 5 - - - - 3 2 
  ǁ 1 | 1   1 3 - - 5 - - 3 3 3             4       2   1 
  ǁ | | 2     3     5 1     1 2         1 1   2   2 1   1 
  ǁ | |     3             5                       4 1   3 
  ǁ 2 |       3   3 3 5 3   2   3                 4 5 3   
  ǁ | |       3   4 3   1   3 1   3 3 4     2 2 2     1   
  6 3 |         2 3 1   1   3   2 3   3 2 1 2 3 3   5 2   
  5   4 3   3 4       4 3   4 5     6         3 3   3 1   
  3 1 2 2   2 3 1 1   3 2   2 2 2 1   1 2     2 1   2 4 4 
3 - - - - 5 - - - - - - - 6         4             6 3     
  3 2 3 3 | 2   3 3 4 2 1   3     3         4 3   3       
      3   | 4 3   3         4 3 2       2   5 2 1 2       
        2 |   4 5 3         2   1   2   5   3 3 2 3       
          |   2 3 1         1           3 1 2 3 1 ǁ       
    3 5 3 | 3       5     5   5   5 = = = = = = = 6       
3 5   3 4 | 2 3     3 1   5 3 5 3 2 2 3 4 3     2 ǁ       
| ǁ   2 2 | 1 4     4     4 3 1 2       2 2 2 1   ǁ       
| ǁ   3   5                                     4 5       
| ǁ   2   5                               5 2 2           
| ǁ   4 2   2 3   3                   3 1   4 4           
| ǁ   4 3     2                         2   2       1   2 
| ǁ     2   2 4   4         4           3   1       1     
| ǁ     1     2   1         2             5 5 2           
| ǁ   3   4                           4 3   4 2           
| ǁ   3 1   1   2                 2 1   1                 
2 ǁ     1 5                       3 4 4 3 4 5 4   5 2     
2 ǁ     1 4 2                               1 1   4 2     
4 7 5 4                                         4     3 1 
1 1 1 2                     2 2 2 2 2     2     3 2 1 3 2 
