29 29
1 2 0 0 3 1 1 0 2 0 2 1 0 0 0 0 0 4 0 1 1 0 0 0 0 0 4 3 1 
0 2 0 0 4 0 0 0 0 0 3 0 0 0 0 0 0 4 0 0 0 0 0 0 0 0 4 3 2 
3 0 3 2 0 2 0 0 3 0 0 0 0 0 0 3 0 0 0 0 0 3 4 2 3 4 3 1 1 
0 1 0 1 0 0 2 3 6 0 3 2 0 3 1 0 2 0 0 2 0 0 0 3 0 2 3 0 0 
0 0 0 1 0 0 0 1 3 1 0 2 0 5 2 0 2 0 0 3 0 3 4 4 0 3 4 4 4 
0 4 5 3 0 0 3 0 0 0 4 1 0 0 0 0 5 3 0 4 2 0 2 0 0 3 0 0 0 
0 2 0 0 0 0 2 0 3 2 0 0 0 0 0 0 4 0 0 0 0 5 3 3 0 2 0 0 0 
0 2 3 3 0 3 0 0 0 0 4 0 0 4 2 0 3 0 0 0 0 5 2 3 0 0 0 0 0 
0 2 2 1 0 2 0 2 2 0 4 0 3 1 0 0 2 0 0 0 0 3 2 2 0 0 0 0 0 
3 0 0 0 4 0 0 0 0 0 0 0 0 0 0 4 0 0 0 0 0 0 0 0 2 0 0 0 0 
0 1 0 0 3 0 0 1 1 0 0 0 2 2 2 0 2 3 0 0 0 3 0 0 0 4 3 0 0 
0 2 0 4 0 0 0 0 0 0 0 0 6 5 4 0 0 0 0 0 0 0 2 3 0 0 1 0 0 
0 2 0 2 1 1 2 0 0 3 3 1 0 0 0 0 0 0 0 0 0 0 0 0 0 0 3 2 0 
0 1 2 0 5 0 0 0 0 6 6 3 0 0 0 0 0 0 0 0 0 0 0 0 0 0 3 2 0 
0 0 3 3 6 2 2 4 1 0 1 1 0 0 0 0 0 0 0 0 0 0 0 0 0 0 4 6 0 
0 0 4 4 3 2 1 0 1 0 0 0 0 0 0 0 0 0 0 0 0 0 1 0 1 0 0 0 0 
0 0 2 4 0 2 0 0 0 0 3 3 0 0 0 0 0 0 0 0 0 0 0 0 0 0 0 0 0 
0 3 0 0 0 0 0 5 2 0 0 0 0 0 0 0 0 0 0 0 0 0 0 0 0 0 0 0 0 
0 0 3 0 5 2 0 5 2 0 0 1 0 0 0 0 0 0 0 0 0 0 0 0 0 0 0 0 0 
0 0 0 2 5 1 0 1 0 0 0 1 0 0 0 0 0 0 0 0 0 0 0 0 0 0 0 0 0 
0 0 3 0 0 0 0 0 0 7 6 4 0 0 0 0 0 0 1 0 0 5 0 6 4 0 0 0 0 
0 0 2 0 4 0 3 3 2 0 0 3 0 0 0 0 0 0 0 0 0 0 0 2 0 0 0 0 0 
0 0 0 2 0 1 3 1 1 0 0 0 0 0 0 0 2 0 0 0 0 3 0 2 2 0 0 4 0 
0 0 3 4 0 4 4 4 4 0 5 3 0 0 3 0 1 0 0 0 0 0 0 0 0 0 0 2 0 
0 0 1 1 0 2 0 0 0 0 0 2 0 0 2 4 0 0 0 0 0 0 0 0 0 4 5 4 0 
3 4 0 0 6 0 4 6 3 0 3 2 0 4 1 5 0 0 0 0 3 2 1 3 2 0 2 3 0 
0 0 1 1 0 1 3 4 1 0 1 1 0 3 1 3 0 0 0 1 2 2 0 0 2 0 1 0 0 
3 4 5 4 4 0 0 0 0 4 0 0 5 0 0 0 0 0 0 0 0 0 5 4 5 5 0 4 5 
2 2 1 3 4 0 0 2 3 5 2 1 3 0 0 0 0 0 0 0 2 1 4 3 0 3 0 2 3 
300 113
0 17 0 11
0 17 0 19
0 17 1 17
0 17 1 17
14 27 14 26
14 27 13 27
14 27 22 27
14 27 14 26
14 27 13 27
14 27 22 27
20 9 20 2
20 9 20 10
20 9 13 9
20 9 27 9
22 27 22 24
22 27 23 27
23 10 23 11
23 10 20 10
23 10 25 10
24 26 24 25
24 26 24 27
24 26 25 26
27 24 27 23
27 24 27 25
27 24 26 24
27 28 27 27
27 28 4 28
27 28 28 28
28 9 28 8
28 9 28 10
28 9 27 9
14 26 14 11
14 26 13 26
16 11 16 10
16 11 18 11
16 11 16 10
19 4 19 3
19 4 19 5
19 4 18 4
19 7 18 7
19 11 20 11
20 21 20 18
20 21 20 23
20 21 22 21
20 23 20 21
20 23 20 24
20 23 21 23
20 23 20 24
20 23 21 23
20 24 15 24
20 24 22 24
27 12 27 9
27 12 27 22
27 12 28 12
11 12 11 3
11 12 11 13
11 12 10 12
11 12 11 3
11 12 11 13
11 12 10 12
20 11 20 10
20 11 21 11
20 11 20 10
20 21 22 21
21 11 23 11
22 16 22 21
22 16 23 16
22 23 25 23
22 23 25 23
23 27 24 27
24 15 24 14
24 15 25 15
24 15 24 14
24 15 25 15
24 25 24 26
24 25 27 25
24 25 24 26
24 27 25 27
24 27 25 27
25 24 25 23
25 24 26 24
26 26 25 26
27 24 27 23
27 24 27 25
8 12 8 10
8 12 8 13
8 12 8 10
20 10 20 9
20 10 16 10
21 11 23 11
23 10 25 10
24 11 25 11
25 27 27 27
27 23 27 22
27 23 28 23
8 10 8 8
8 10 7 10
14 10 13 10
24 11 25 11
25 10 26 10
25 13 25 14
25 13 26 13
25 13 26 13
25 13 26 13
26 14 26 15
13 10 13 9
13 10 13 11
13 10 12 10
13 10 13 9
13 10 13 11
13 9 13 4
13 9 12 9
13 9 20 9

3030

1 2     3 1 1   2   2 1 - - - - - 4 - 1 1           4 3 1 
  2     4           3             4                 4 3 2 
3   3 2   2     3             3           3 4 2 3 4 3 1 1 
  1   1     2 3 6   3 2   3 1   2     2       3   2 3     
      1       1 3 1   2   5 2   2     3   3 4 4   3 4 4 4 
  4 5 3     3       4 1         5 3   4 2   2     3     | 
  2         2   3 2             4         5 3 3   2     | 
  2 3 3   3         4     4 2   3         5 2 3         | 
  2 2 1   2   2 2 - 4 = 3 1     2         3 2 2         | 
3       4                     4                 2       | 
  1     3     1 1       2 2 2   2 3       3       4 3   | 
  2   4 = = = = = = = = 6 5 4               2 3     1   | 
  2   2 1 1 2     3 3 1                             3 2 | 
  1 2   5 - - - - 6 6 3                             3 2 | 
    3 3 6 2 2 4 1 ǁ 1 1 - - - - - - - - - - - - - - 4 6 | 
    4 4 3 2 1   1 ǁ                         1   1     ǁ | 
    2 4   2       ǁ 3 3                         |     ǁ | 
  3           5 2 ǁ | |                         |     ǁ | 
    3   5 2   5 2 ǁ | 1                         |     ǁ | 
      2 5 1   1   ǁ | 1                         |     ǁ | 
    3 - - - - - - 7 6 4             1 - - 5 = 6 4     ǁ | 
    2   4   3 3 2 | | 3                   ǁ   2 |     ǁ | 
      2   1 3 1 1 | | ǁ         2 - - - - 3   2 2 - - 4 | 
    3 4   4 4 4 4 | 5 3     3   1             ǁ       2 | 
    1 1   2       | ǁ 2     2 4               ǁ   4 5 4 | 
3 4     6   4 6 3 | 3 2   4 1 5         3 2 1 3 2 | 2 3 | 
    1 1   1 3 4 1 | 1 1   3 1 3       1 2 2     2 | 1 | | 
3 4 5 4 4         4 - - 5 - - - - - - - - - 5 4 5 5   4 5 
2 2 1 3 4     2 3 5 2 1 3               2 1 4 3   3   2 3 
