29 29
2 5 2 2 2 1 3 0 0 0 0 0 3 2 0 0 0 0 0 0 0 2 2 3 0 3 1 2 1 
1 0 2 0 3 0 3 1 0 0 0 0 0 0 0 0 0 2 0 0 1 0 0 1 0 0 2 4 2 
0 0 0 0 2 1 0 0 0 0 0 0 0 0 0 0 0 0 0 0 0 0 0 0 0 0 0 0 0 
0 0 2 0 2 0 3 3 0 0 0 0 4 0 1 0 0 3 0 0 0 4 0 0 0 4 3 3 4 
0 0 1 0 2 1 0 2 2 0 3 2 0 0 0 0 2 0 0 0 0 5 0 1 0 0 2 1 0 
4 7 0 6 0 0 5 0 0 0 0 0 5 5 0 0 0 0 0 0 0 0 0 0 0 6 3 3 5 
0 0 1 4 4 3 0 2 2 3 2 3 0 0 0 0 0 1 0 0 2 0 0 0 0 0 1 2 0 
0 0 1 3 2 0 0 0 0 0 1 0 0 0 0 1 0 0 0 0 0 0 0 0 0 0 0 2 0 
0 0 2 2 2 2 0 3 6 6 3 0 0 0 1 0 1 0 0 0 3 0 0 0 0 6 3 0 0 
0 0 0 0 0 0 0 0 0 0 0 0 0 0 0 4 0 1 0 0 0 0 0 0 0 0 2 0 0 
0 0 4 0 0 0 5 0 4 0 0 0 0 0 0 0 1 0 0 0 0 2 0 0 3 0 0 0 0 
0 0 2 1 2 2 0 1 0 0 0 0 0 0 0 0 0 0 0 0 0 0 0 0 0 0 4 3 0 
2 0 4 0 3 3 0 0 0 0 0 0 0 0 3 5 4 1 0 4 0 0 0 0 3 2 0 0 0 
3 0 2 0 0 0 0 3 0 0 2 0 0 0 1 0 4 0 0 6 0 0 2 0 0 2 3 0 0 
4 6 0 0 5 3 0 0 0 0 0 0 0 5 0 5 0 0 0 0 0 0 0 0 4 2 0 0 0 
0 0 0 0 0 0 3 3 0 0 2 0 0 0 2 0 3 0 0 0 0 2 0 0 0 0 0 4 3 
0 0 0 0 0 2 4 2 0 0 1 0 0 0 2 2 2 3 2 2 0 3 0 0 3 0 0 0 1 
0 5 2 0 0 2 4 2 0 3 2 0 0 6 0 0 0 4 1 3 2 0 0 0 2 0 0 0 0 
3 4 0 0 4 0 4 3 0 1 0 0 0 0 3 0 3 0 0 0 0 4 0 0 0 0 0 5 2 
0 4 3 0 4 2 0 1 0 1 0 0 0 0 4 0 4 3 5 0 0 5 0 0 0 3 1 0 1 
0 0 3 0 5 4 0 0 0 3 3 0 0 0 2 0 2 0 0 2 2 0 2 2 0 0 1 0 0 
0 0 3 2 0 1 2 2 0 0 0 0 0 2 0 0 0 2 0 0 0 0 3 4 0 5 3 0 0 
0 0 2 2 0 1 0 3 5 5 6 5 0 1 0 0 0 0 4 2 2 4 2 0 0 0 1 0 2 
4 2 1 0 6 0 0 0 0 5 5 3 0 0 0 0 2 0 5 0 2 2 0 0 1 0 1 0 0 
1 3 0 0 5 0 3 1 0 0 2 3 0 0 0 0 3 0 4 0 0 0 0 0 0 0 0 0 0 
2 4 3 0 3 0 4 2 0 3 1 2 0 4 6 0 0 0 0 0 0 0 0 2 3 5 3 0 0 
0 1 2 0 2 0 5 4 0 4 3 2 0 1 4 0 2 0 0 0 0 0 0 0 2 2 1 0 0 
2 0 0 0 0 0 0 0 0 0 0 0 5 0 0 0 0 0 0 0 0 0 0 0 0 0 0 5 2 
1 0 0 0 0 0 0 0 0 0 0 0 3 0 0 0 0 0 2 2 3 0 0 0 0 0 0 4 1 
300 22
0 1 0 0
0 1 0 2
0 1 5 1
5 28 5 27
5 28 3 28
5 28 15 28
9 15 9 17
9 15 7 15
9 15 12 15
9 15 12 15
17 1 17 2
17 1 14 1
17 1 18 1
22 8 22 7
22 8 22 9
22 8 10 8
26 6 26 4
26 6 26 7
26 6 25 6
14 13 14 15
14 13 5 13
14 13 17 13

4476

2 5 2 2 2 1 3           3 2               2 2 3   3 1 2 1 
1 | 2   3   3 1                   2     1     1     2 4 2 
  |     2 1                                               
  | 2   2   3 3         4   1     3       4       4 3 3 4 
  | 1   2 1   2 2   3 2         2         5   1     2 1 | 
4 7   6     5           5 5                       6 3 3 5 
    1 4 4 3   2 2 3 2 3   |       1     2           1 2 | 
    1 3 2           1     |   1                       2 | 
    2 2 2 2   3 6 6 3     | 1 | 1       3         6 3   | 
                          |   4 - 1                 2   | 
    4       5   4         |   ǁ 1         2     3       | 
    2 1 2 2   1 |         |   ǁ                     4 3 | 
2   4   3 3     |         | 3 5 4 1   4         3 2     | 
3   2         3 |   2     | 1   4     6     2     2 3   | 
4 6     5 3     |         5 - 5                 4 2     | 
  |         3 3 |   2     | 2   3         2           4 3 
  |       2 4 2 |   1     | 2 2 2 3 2 2   3     3       1 
  5 2     2 4 2 | 3 2     6       4 1 3 2       2         
3 4     4   4 3 | 1         3   3         4           5 2 
  4 3   4 2   1 | 1         4   4 3 5     5       3 1   1 
    3   5 4     | 3 3       2   2     2 2   2 2     1     
    3 2   1 2 2 |         2       2         3 4   5 3     
    2 2   1   3 5 5 6 5   1         4 2 2 4 2       1   2 
4 2 1   6         5 5 3         2   5   2 2     1   1     
1 3     5   3 1     2 3         3   4                     
2 4 3   3   4 2   3 1 2   4 6                 2 3 5 3     
  1 2   2 - 5 4   4 3 2   1 4   2               2 2 1     
2                       5                             5 2 
1                       3           2 2 3             4 1 
