29 29
1 2 0 0 0 0 0 0 0 0 0 0 0 0 0 0 0 3 2 3 0 0 2 1 0 3 0 2 2 
3 0 0 0 0 0 0 0 0 0 0 0 0 1 2 3 2 0 0 0 1 2 3 3 2 0 1 0 0 
0 1 0 0 4 0 0 0 0 0 0 0 0 0 5 0 0 5 4 4 1 0 1 0 2 0 0 0 0 
0 1 1 0 3 0 0 0 0 3 4 2 2 2 0 2 1 0 2 0 0 5 4 0 0 0 0 0 0 
0 3 0 0 0 0 0 0 0 3 0 0 2 0 0 2 2 0 0 2 1 0 2 0 0 0 3 0 3 
0 4 4 4 0 2 2 4 3 0 2 0 4 4 0 0 3 0 2 0 0 0 1 0 0 0 3 1 0 
0 0 0 0 2 3 3 0 1 0 0 0 0 0 0 0 0 0 2 3 1 0 0 0 0 0 0 0 0 
0 0 0 0 3 3 5 4 1 0 0 0 0 0 2 0 2 0 2 0 0 4 3 2 4 3 6 0 4 
0 3 0 3 0 1 0 2 0 0 0 0 4 0 0 0 0 0 0 3 1 0 3 3 0 0 0 1 0 
0 0 0 0 0 0 2 2 0 0 0 0 3 0 0 0 0 0 3 5 1 0 2 3 0 0 3 2 0 
0 0 0 1 0 0 0 0 0 0 0 0 2 0 0 0 0 0 0 0 0 0 3 0 0 0 3 2 0 
0 1 0 0 0 0 1 0 0 0 0 0 0 0 0 0 0 0 0 0 0 0 3 4 5 4 3 2 0 
0 0 0 0 0 0 0 0 0 0 3 4 3 0 0 0 0 0 0 0 0 0 0 0 0 3 2 2 0 
6 0 5 0 3 0 4 5 3 0 3 0 0 0 0 0 0 0 0 0 2 0 0 0 0 0 0 0 0 
0 3 4 0 6 3 2 0 2 0 0 0 0 0 2 0 0 0 0 0 0 0 0 0 0 0 0 0 0 
0 3 0 0 0 0 0 0 0 0 0 0 1 0 0 0 0 0 2 0 0 0 0 0 2 5 0 0 3 
0 2 0 0 2 3 2 3 3 0 2 0 0 0 3 0 0 0 1 0 0 0 0 0 0 0 3 1 0 
0 0 0 0 0 2 0 4 3 0 0 0 0 0 0 0 2 0 0 0 0 0 0 0 0 0 0 0 0 
0 5 6 0 0 0 0 0 0 6 0 4 0 7 4 0 0 0 0 0 0 0 0 0 0 0 0 0 0 
0 4 0 2 0 0 0 4 1 0 1 2 0 4 1 0 0 0 2 5 4 0 0 0 2 5 4 1 0 
0 2 0 2 0 0 0 4 0 5 3 0 0 0 0 5 4 0 1 1 0 0 0 0 3 1 0 0 0 
0 1 4 0 0 0 4 3 2 0 3 0 3 1 0 1 2 0 5 0 4 0 0 0 6 0 3 0 0 
0 0 0 0 1 2 4 3 1 0 0 0 2 1 2 0 3 0 3 0 2 0 0 0 3 1 0 0 0 
0 0 3 0 5 4 0 0 1 0 4 0 0 0 0 0 0 4 0 0 0 5 0 6 0 0 0 3 0 
0 0 0 0 2 2 0 0 0 0 3 5 0 4 0 0 0 4 0 3 2 0 1 4 2 4 0 4 2 
0 0 3 0 0 0 6 4 3 0 2 3 2 5 2 0 0 5 3 4 2 0 0 4 0 3 1 0 1 
0 0 2 3 3 1 3 3 3 0 2 2 0 4 2 1 1 4 0 4 1 0 0 3 0 5 3 0 0 
4 4 0 0 0 0 0 0 0 5 0 0 0 0 0 0 0 0 0 0 0 2 0 2 1 0 1 0 0 
1 2 0 0 1 1 0 2 0 3 0 0 0 0 0 0 0 0 0 0 0 0 4 0 0 5 0 3 2 
300 19
13 0 13 2
13 0 1 0
13 0 27 0
13 0 13 2
13 0 1 0
13 0 27 0
18 1 18 2
18 1 16 1
18 1 19 1
18 13 18 11
18 13 18 14
18 13 5 13
18 13 19 13
27 0 27 1
27 0 28 0
28 25 28 22
28 25 28 27
28 25 26 25
27 26 26 26

2281

1 2                               3 2 3     2 1   3   2 2 
3                         1 2 3 2       1 2 3 3 2   1     
ǁ 1     4                   5     5 4 4 1   1   2         
ǁ 1 1   3         3 4 2 2 2   2 1   2     5 4             
ǁ 3               3     2     2 2     2 1   2       3   3 
ǁ 4 4 4   2 2 4 3   2   4 4     3   2       1       3 1   
ǁ       2 3 3   1         |         2 3 1                 
ǁ       3 3 5 4 1         | 2   2   2     4 3 2 4 3 6   4 
ǁ 3   3   1   2         4 |           3 1   3 3       1   
ǁ           2 2         3 |         3 5 1   2 3     3 2   
ǁ     1                 2 |                 3       3 2   
ǁ 1         1             |                 3 4 5 4 3 2   
ǁ                   3 4 3 |                       3 2 2   
6 = 5   3   4 5 3   3     |             2                 
ǁ 3 4   6 3 2   2         | 2                             
ǁ 3                     1 |         2           2 5     3 
ǁ 2     2 3 2 3 3   2     | 3       1               3 1   
ǁ |       2   4 3         |     2                         
ǁ 5 6             6   4 - 7 4                             
ǁ 4   2       4 1   1 2   4 1       2 5 4       2 5 4 1   
ǁ 2   2       4   5 3         5 4   1 1         3 1       
ǁ 1 4       4 3 2   3   3 1   1 2   5   4       6   3     
ǁ       1 2 4 3 1       2 1 2   3   3   2       3 1       
ǁ   3   5 4     1   4             4       5   6       3   
ǁ       2 2         3 5   4       4   3 2   1 4 2 4   4 2 
ǁ   3       6 4 3   2 3 2 5 2     5 3 4 2     4   3 1   1 
ǁ   2 3 3 1 3 3 3   2 2   4 2 1 1 4   4 1     3   5 3     
4 4               5                       2   2 1 | 1     
1 2     1 1   2   3                         4 - - 5 - 3 2 
