29 29
2 0 0 4 0 3 4 0 0 0 4 1 2 3 2 1 1 0 2 1 0 2 0 0 1 0 3 2 0 
2 1 1 2 1 0 3 2 1 0 0 0 1 4 6 2 0 0 4 0 0 4 0 0 0 2 0 2 2 
2 2 3 0 0 4 0 0 0 0 4 2 0 0 2 1 2 0 1 1 0 0 1 0 2 0 0 0 0 
0 0 0 3 1 0 3 0 2 3 0 0 5 5 0 0 4 0 0 3 0 0 0 0 0 0 0 0 0 
0 0 0 0 2 0 3 0 0 2 1 0 0 3 0 0 0 0 1 0 0 0 0 0 0 0 0 0 0 
0 0 0 0 0 0 2 0 5 0 0 0 5 0 0 0 0 0 0 0 0 6 0 0 3 4 6 5 4 
0 0 4 7 4 0 1 0 5 4 2 1 0 2 0 0 3 0 2 1 0 4 2 0 1 0 0 3 2 
0 0 0 2 3 0 0 0 0 1 2 0 0 0 1 0 3 0 3 0 0 0 2 1 0 0 0 1 2 
0 0 3 2 3 0 2 0 4 0 4 3 0 3 1 2 0 0 5 0 0 4 0 0 3 1 0 2 0 
0 0 1 2 2 0 2 0 3 0 1 1 0 0 1 0 0 0 3 2 3 4 0 0 2 0 0 0 0 
3 4 0 0 0 5 0 0 0 0 0 0 4 4 0 0 0 0 0 0 0 0 0 0 0 0 5 3 3 
0 0 0 0 0 0 1 2 2 4 2 1 0 0 2 4 4 0 0 0 4 1 1 1 0 0 5 4 3 
0 0 0 0 0 0 3 3 3 4 3 1 0 0 2 0 3 0 4 2 0 1 3 0 0 0 3 0 0 
0 0 0 0 0 0 0 0 0 0 0 1 0 0 2 5 0 0 0 0 4 0 0 0 0 0 0 3 2 
0 0 0 0 0 0 0 0 0 0 1 0 0 0 2 3 0 1 0 0 0 1 0 3 2 4 0 2 2 
0 0 0 0 0 0 0 0 0 0 0 0 0 0 3 0 0 0 0 0 6 0 0 5 0 5 0 2 2 
0 0 3 1 0 0 0 0 0 0 0 0 0 0 0 1 4 2 1 0 0 1 0 0 1 4 3 2 0 
0 0 0 0 0 0 0 0 0 2 2 0 0 0 4 1 0 3 4 0 0 0 0 0 0 2 3 4 1 
0 0 0 0 0 0 0 0 0 2 3 2 0 0 3 1 0 0 4 0 0 0 0 0 5 4 3 0 0 
0 0 0 0 0 0 2 0 0 0 0 0 0 0 1 0 6 5 7 2 0 0 0 0 2 0 3 3 0 
0 0 0 0 0 0 0 0 0 0 0 0 0 0 1 2 0 3 0 0 0 0 0 0 0 0 2 0 0 
0 0 0 0 0 0 0 0 0 0 0 0 0 0 0 3 0 4 4 1 0 0 0 0 0 0 0 0 0 
0 0 0 0 0 0 0 0 0 0 0 0 0 3 3 0 0 0 0 0 0 0 0 0 0 0 0 0 0 
0 2 0 0 0 0 0 0 0 0 0 0 0 2 3 0 0 4 2 0 0 4 0 7 0 5 2 0 1 
0 1 0 0 0 0 0 0 0 0 0 0 0 1 0 0 0 1 0 0 0 3 2 3 1 3 0 2 0 
0 2 6 0 0 5 0 3 4 2 2 0 4 0 4 2 0 0 0 0 0 2 4 0 0 3 1 2 0 
3 0 0 0 0 0 0 0 0 0 0 0 0 0 0 0 5 0 0 0 6 0 0 0 0 3 0 3 0 
3 3 0 2 0 3 0 0 0 0 0 0 0 0 0 0 6 4 2 0 4 0 3 0 0 0 3 2 0 
1 1 0 2 0 4 0 0 0 0 0 0 0 0 2 1 2 2 1 1 4 0 0 3 2 0 0 3 2 
300 23
6 3 6 2
6 3 6 4
6 3 3 3
6 3 7 3
19 18 19 17
19 18 19 19
19 18 18 18
19 18 21 18
23 23 23 21
23 23 23 25
23 23 15 23
23 23 24 23
25 2 25 1
25 2 25 5
25 2 16 2
25 2 25 1
25 2 25 5
25 2 16 2
18 24 18 25
18 24 16 24
18 24 19 24
24 1 23 1
23 1 10 1

4895

2     4   3 4       4 1 2 3 2 1 1   2 1   2     1   3 2   
2 1 1 2 1   3 2 1       1 4 6 2     4     4       2   2 2 
2 2 3     4         4 2     2 1 2   1 1     1   2         
      3 1   3   2 3     5 5     4     3                   
      | 2   3     2 1     3         1                     
      |     2   5       5                 6     3 4 6 5 4 
    4 7 4   1   5 4 2 1   2     3   2 1   4 2   1     3 2 
      2 3         1 2       1   3   3       2 1       1 2 
    3 2 3   2   4   4 3   3 1 2     5     4     3 1   2   
    1 2 2   2   3   1 1     1       3 2 3 4     2         
3 4       5             4 4                         5 3 3 
  |         1 2 2 4 2 1     2 4 4       4 1 1 1     5 4 3 
  |         3 3 3 4 3 1     2   3   4 2   1 3       3     
  |                   1     2 5         4             3 2 
  |                 1       2 3   1       1   3 2 4   2 2 
  |                         3           6     5   5   2 2 
  | 3 1                       1 4 2 1     1   | 1 4 3 2   
  | ǁ             2 2       4 1   3 4         | | 2 3 4 1 
  | ǁ             2 3 2     3 1     4         | 5 4 3     
  | ǁ       2               1   6 5 7 2       | 2   3 3   
  | ǁ                       1 2   3 |         |     2     
  | ǁ                         3   4 4 1       |           
  | ǁ                     3 3                 |           
  2 ǁ                     2 3     4 2     4 - 7 - 5 2   1 
  1 ǁ                     1       1       3 2 3 1 3   2   
  2 6 = = 5   3 4 2 2   4   4 2           2 4     3 1 2   
3                               5       6         3   3   
3 3   2   3                     6 4 2   4   3       3 2   
1 1   2   4                 2 1 2 2 1 1 4     3 2     3 2 
