29 29
2 3 0 0 0 4 0 0 0 0 5 0 0 0 0 3 0 0 0 0 0 0 0 0 0 0 3 2 3 
3 3 2 1 0 0 1 3 1 1 0 0 0 1 0 0 2 2 1 0 0 0 0 0 0 0 1 1 0 
1 1 0 0 0 0 3 5 0 0 0 0 0 0 0 0 0 3 4 0 3 0 0 0 0 0 0 0 5 
3 0 6 3 3 0 0 1 0 0 0 0 0 0 0 0 0 4 5 0 0 0 0 0 1 0 0 0 0 
2 1 0 0 1 0 4 0 5 2 0 0 0 0 0 0 0 2 2 0 0 0 0 0 0 0 0 0 0 
2 2 0 0 0 0 3 1 0 2 0 0 0 0 0 0 0 0 0 0 0 0 0 0 0 0 0 0 0 
2 0 5 0 0 5 0 0 3 0 0 3 0 4 0 0 5 0 0 0 0 0 0 0 0 0 0 0 4 
4 3 0 3 2 0 1 0 3 3 0 0 0 2 2 0 0 0 0 0 1 0 0 0 0 0 0 2 0 
1 0 0 0 1 0 0 0 0 1 0 0 0 0 0 0 0 0 0 0 0 0 0 0 0 0 0 0 0 
0 0 0 4 0 6 0 0 5 4 0 0 0 0 0 0 0 0 0 0 0 0 0 1 0 2 3 4 0 
0 1 0 3 3 0 0 0 1 2 0 0 0 0 0 0 0 0 0 0 0 0 0 0 0 0 1 0 0 
2 3 3 3 3 0 1 2 0 2 0 4 1 0 0 0 0 0 0 0 0 0 0 0 0 0 2 0 0 
2 0 3 2 0 3 1 0 0 0 0 1 0 0 0 0 1 3 0 4 0 0 0 0 0 3 4 3 0 
3 3 0 0 0 2 0 0 0 0 0 0 0 0 2 0 0 2 1 2 0 0 0 0 0 0 1 0 0 
4 0 0 0 0 4 0 0 0 0 5 0 0 0 0 0 0 0 0 0 0 0 0 0 0 5 0 5 4 
0 2 0 0 0 4 0 3 3 2 0 0 1 0 0 0 0 4 0 0 1 2 3 3 1 0 0 0 0 
0 0 2 4 1 0 0 0 0 0 4 0 0 0 0 0 0 5 0 0 0 4 4 4 0 0 0 0 4 
0 0 1 5 0 0 2 3 2 0 0 2 2 0 0 0 0 0 0 1 0 1 0 0 0 0 0 0 3 
0 2 1 0 1 0 3 5 2 0 0 1 0 0 0 0 0 0 1 5 1 2 2 0 0 0 1 4 3 
0 1 0 4 0 2 3 0 0 0 0 4 5 0 0 0 0 4 2 0 2 0 0 0 0 0 0 3 2 
0 1 2 0 0 0 0 2 2 0 0 0 3 0 0 3 0 0 2 0 0 0 0 4 0 4 3 1 1 
3 2 0 0 0 0 0 0 3 1 0 0 0 0 0 0 0 0 1 0 0 0 0 2 1 0 2 1 0 
3 4 4 0 1 0 4 2 1 0 0 3 5 0 0 5 0 4 0 6 8 4 0 3 0 7 5 3 2 
0 2 2 0 0 0 0 1 0 0 0 0 2 0 0 3 0 3 1 2 3 1 0 3 2 4 3 0 2 
5 0 0 5 0 0 0 0 0 0 5 0 0 0 0 0 0 0 0 0 0 0 4 0 0 0 0 4 4 
3 3 0 3 1 3 0 4 0 0 5 0 3 2 3 2 0 0 0 0 0 0 4 0 1 2 0 4 2 
1 0 1 3 0 1 0 0 2 0 0 0 0 0 3 0 0 0 0 2 0 0 0 0 3 4 2 0 2 
1 5 2 1 0 0 0 5 6 0 0 3 0 0 0 1 1 0 0 5 3 2 5 1 0 2 3 5 4 
1 3 0 0 1 0 0 1 2 0 0 0 0 0 0 0 0 0 0 2 2 0 3 0 4 3 2 2 1 
300 31
0 10 0 5
0 10 0 15
0 10 14 10
2 7 2 6
2 7 1 7
2 7 3 7
2 28 2 20
2 28 0 28
2 28 6 28
3 4 3 3
3 4 4 4
3 4 3 3
18 19 18 18
18 19 18 20
18 19 17 19
18 19 22 19
18 19 22 19
22 19 22 17
22 19 22 20
22 19 23 19
22 19 22 17
22 25 22 23
22 25 22 26
22 25 20 25
22 25 23 25
24 0 24 3
24 0 22 0
24 0 25 0
25 10 25 7
25 10 25 12
25 10 24 10

2074

2 3       4 - - - - 5 - - - - 3                     3 2 3 
3 3 2 1     1 3 1 1 |     1     2 2 1               1 1 | 
1 1         3 5     |             3 4   3 - - - - - - - 5 
3   6 3 3     1     |             4 5           1       | 
2 1     1   4   5 2 |             2 2                   | 
2 2         3 1   2 |                                   | 
2   5     5     3   | 3   4     5                       4 
4 3   3 2   1   3 3 |     2 2           1             2   
1       1         1 |                                     
      4   6     5 4 |                         1   2 3 4   
  1   3 3       1 2 |                               1     
2 3 3 3 3   1 2   2 | 4 1                           2     
2   3 2   3 1       | 1         1 3   4           3 4 3   
3 3       2         |       2     2 1 2             1     
4         4         5                             5   5 4 
  2       4   3 3 2     1         4     1 2 3 3 1         
    2 4 1           4             5       4 4 4         4 
    1 5     2 3 2     2 2             1   1             3 
  2 1   1   3 5 2     1             1 5 1 2 2       1 4 3 
  1   4   2 3         4 5         4 2 ǁ 2             3 2 
  1 2         2 2       3     3     2 ǁ       4   4 3 1 1 
3 2             3 1                 1 ǁ       2 1 | 2 1   
3 4 4   1   4 2 1     3 5     5   4 = 6 8 4   3 - 7 5 3 2 
| 2 2         1         2     3   3 1 2 3 1   3 2 4 3   2 
5 - - 5             5                       4         4 4 
3 3   3 1 3   4 - - 5 - 3 2 3 2             4   1 2   4 2 
1   1 3   1     2           3         2         3 4 2   2 
1 5 2 1       5 6     3       1 1     5 3 2 5 1   2 3 5 4 
1 3     1     1 2                     2 2   3   4 3 2 2 1 
