29 29
1 1 0 0 0 3 0 0 0 0 0 0 1 1 0 2 0 0 0 0 0 0 0 3 2 2 0 3 2 
0 1 2 4 0 5 0 0 0 0 0 0 0 0 0 0 0 0 0 0 0 0 0 4 0 2 0 0 2 
0 4 0 0 0 4 0 0 0 0 0 0 4 0 0 0 0 3 0 0 0 2 0 0 3 4 1 0 0 
0 3 0 0 0 0 0 0 0 0 0 3 4 0 0 2 2 2 1 0 0 3 1 0 2 2 1 0 0 
3 0 0 0 0 0 0 0 0 0 0 0 0 0 0 0 0 0 0 0 0 0 0 5 0 0 0 6 4 
0 1 2 0 0 0 0 3 2 0 1 3 0 0 4 4 2 0 2 0 0 2 1 0 0 1 0 0 0 
0 2 0 0 4 3 1 0 0 0 0 3 1 0 0 2 0 0 0 0 0 0 0 0 1 3 2 0 0 
0 0 0 0 0 2 0 3 3 0 4 2 3 0 5 0 5 0 0 0 0 4 4 0 0 0 0 0 0 
0 0 0 0 0 0 0 0 0 1 0 2 4 2 0 0 2 2 0 2 0 0 0 0 3 4 3 0 0 
0 4 1 0 0 2 0 5 4 2 0 0 0 0 0 2 0 4 0 4 1 0 0 0 0 0 0 0 0 
0 4 0 0 0 1 0 0 0 0 0 0 0 3 0 0 0 0 0 0 1 0 0 0 0 0 0 0 1 
0 0 0 0 0 0 0 0 0 0 0 0 0 0 0 2 0 0 2 4 0 2 0 0 0 0 0 0 0 
0 4 0 0 6 3 0 0 0 0 0 0 0 0 0 2 1 0 1 0 0 1 0 0 0 0 0 0 0 
0 2 1 0 0 4 3 0 3 1 0 3 4 4 0 0 0 0 0 3 0 1 0 0 0 0 0 0 1 
3 7 5 1 0 2 0 0 2 0 0 2 3 2 0 0 0 0 2 3 0 0 4 0 0 0 0 0 0 
0 4 3 0 0 0 0 0 2 0 4 0 0 0 4 0 0 6 0 0 5 3 0 0 3 0 0 2 0 
3 0 0 0 5 4 2 0 3 0 5 4 2 1 0 2 0 0 0 0 0 0 0 0 0 2 0 3 0 
0 1 2 0 4 0 0 0 6 2 0 0 0 0 0 5 0 4 1 0 0 0 2 0 3 2 0 0 0 
0 2 3 3 0 5 2 0 4 0 4 4 5 5 0 2 2 6 2 0 0 0 0 0 1 3 2 0 0 
0 0 3 4 0 2 0 0 1 0 1 1 1 2 0 1 0 2 0 0 0 0 0 0 0 0 0 0 0 
0 0 2 2 3 0 0 5 0 0 0 0 0 0 6 0 0 0 0 0 0 0 0 5 0 0 0 4 2 
0 0 3 0 0 3 0 4 3 0 0 3 3 0 0 0 0 0 3 1 2 3 1 0 1 1 2 0 2 
0 0 1 1 0 4 2 2 3 0 1 1 2 0 0 0 0 0 0 0 0 3 2 0 0 1 0 0 0 
0 4 0 0 0 0 0 0 0 0 0 0 0 0 6 0 0 0 6 1 0 0 0 0 0 0 0 0 0 
0 0 3 0 0 0 0 0 0 0 0 4 3 1 1 4 0 0 6 0 3 0 0 0 3 4 2 3 6 
2 0 4 0 0 0 0 0 2 1 0 0 2 1 0 3 2 3 5 2 2 0 0 0 0 3 0 2 3 
2 3 2 0 1 0 0 2 2 2 0 0 0 0 0 0 2 3 1 1 1 0 0 0 0 3 2 0 1 
3 0 0 0 0 0 0 4 0 0 0 5 0 0 0 0 0 0 0 0 0 0 0 6 5 0 0 6 3 
2 0 0 0 1 1 0 2 1 0 0 3 0 0 0 2 1 1 2 0 0 3 0 6 3 1 0 2 1 
300 24
14 1 14 0
14 1 14 2
14 1 13 1
14 1 15 1
24 28 24 27
24 28 21 28
24 28 25 28
24 28 24 27
24 28 21 28
24 28 25 28
28 23 28 21
28 23 28 24
28 23 27 23
28 23 28 21
28 23 28 24
28 23 27 23
27 23 27 11
27 23 27 24
27 23 20 23
27 23 27 11
28 18 28 17
28 18 28 21
28 16 28 15
28 15 28 11

5199

1 1       3             1 1   2               3 2 2   3 2 
  1 2 4   5                                   4   2     2 
  4       4             4         3       2     3 4 1     
  3                   3 4     2 2 2 1     3 1   2 2 1     
3                                             5       6 4 
  1 2         3 2   1 3     4 4 2   2     2 1     1       
  2     4 3 1         3 1     2                 1 3 2     
          2   3 3   4 2 3   5   5         4 4             
                  1   2 4 2     2 2   2         3 4 3     
  4 1     2   5 4 2           2   4   4 1                 
  4       1               3             1               1 
                              2     2 4   2               
  4     6 3                   2 1   1     1               
  2 1     4 3   3 1   3 4 4           3   1             1 
3 7 5 1   2     2     2 3 2         2 3     4             
  4 3           2   4       4     6     5 3     3     2   
3       5 4 2   3   5 4 2 1   2                   2   3   
  1 2   4       6 2           5   4 1       2   3 2       
  2 3 3   5 2   4   4 4 5 5   2 2 6 2           1 3 2     
    3 4   2     1   1 1 1 2   1   2                       
    2 2 3     5             6                 5       4 2 
    3     3   4 3     3 3           3 1 2 3 1 | 1 1 2   2 
    1 1   4 2 2 3   1 1 2                 3 2 |   1     ǁ 
  4                         6       6 1       |         ǁ 
    3                 4 3 1 1 4     6   3     | 3 4 2 3 6 
2   4           2 1     2 1   3 2 3 5 2 2     |   3   2 3 
2 3 2   1     2 2 2             2 3 1 1 1     |   3 2   1 
3             4       5 = = = = = = = = = = = 6 5     6 3 
2       1 1   2 1     3 - - - 2 1 1 2 - - 3 = 6 3 1   2 1 
