29 29
1 2 0 1 0 0 1 0 0 0 2 0 0 0 2 0 0 0 4 3 2 2 0 0 0 2 2 2 1 
3 4 0 0 0 0 0 0 0 0 0 0 0 0 0 0 0 0 6 7 4 0 2 4 3 0 2 3 3 
0 0 2 0 2 0 0 0 2 3 0 0 4 0 0 0 4 2 0 3 4 5 5 3 1 0 0 0 1 
0 0 2 0 0 0 0 0 0 2 1 0 4 0 2 1 0 1 0 1 0 0 4 4 1 0 0 0 1 
0 0 5 0 0 0 0 0 5 0 0 0 0 0 0 0 5 0 4 0 0 0 0 0 0 4 4 4 4 
0 0 0 1 1 0 4 3 0 1 1 1 0 0 0 2 0 0 0 3 3 1 4 3 2 0 0 0 0 
0 0 2 2 0 0 4 2 0 4 5 5 0 0 0 4 0 0 0 3 4 0 5 5 5 0 0 0 0 
0 0 0 0 0 0 0 0 0 3 0 2 2 3 1 0 0 0 0 0 0 0 0 2 3 0 0 0 0 
0 0 0 0 0 0 0 0 0 4 5 0 0 5 1 0 0 0 0 0 0 0 4 2 0 0 0 0 0 
0 3 0 0 0 0 3 3 0 2 2 1 0 0 1 0 0 0 0 1 0 0 1 1 0 0 0 0 0 
0 0 1 0 3 2 1 0 0 3 0 0 0 4 3 0 0 2 0 1 0 0 0 1 0 0 0 0 0 
0 4 0 0 4 4 0 3 0 0 1 4 2 0 1 0 0 0 0 0 0 0 0 0 0 0 0 0 3 
0 3 2 3 4 3 0 0 0 0 0 0 0 0 1 0 4 4 0 3 4 0 0 4 3 0 0 0 0 
3 0 0 0 4 3 0 0 0 4 0 6 4 0 0 0 0 2 0 0 0 1 0 0 2 0 0 0 2 
3 0 0 4 0 0 5 3 0 0 0 1 2 0 0 0 0 0 0 0 0 2 1 4 3 0 0 0 0 
0 0 0 5 0 0 4 0 0 0 0 0 1 0 2 0 0 0 0 2 0 0 0 2 1 0 0 0 0 
0 0 0 1 0 0 0 1 0 5 2 0 0 0 0 0 2 4 0 2 0 0 0 2 0 3 0 0 0 
0 0 0 0 0 0 0 0 0 2 0 0 0 0 0 0 3 3 0 0 0 3 3 0 1 0 0 0 0 
3 0 0 0 0 0 0 0 4 0 0 0 0 6 4 0 0 2 0 0 0 0 2 0 0 0 0 0 0 
3 0 2 2 3 0 0 0 0 1 3 0 3 0 1 0 0 0 0 2 0 0 0 0 0 0 0 0 0 
2 2 3 0 4 0 0 0 4 3 5 1 0 4 0 5 6 4 0 1 0 0 0 0 0 0 0 0 0 
0 2 4 0 3 0 2 1 3 1 2 1 0 2 2 4 4 1 0 0 0 0 0 0 0 0 0 3 0 
0 2 0 4 0 0 0 0 4 0 0 0 5 0 0 0 0 0 4 0 3 3 2 2 0 0 0 5 4 
0 1 0 3 0 2 1 0 1 2 0 0 4 0 0 0 2 1 0 1 0 0 0 3 0 0 1 0 2 
4 0 0 0 0 0 0 0 0 0 0 0 0 0 0 0 0 0 6 0 0 0 0 3 2 0 1 0 0 
0 0 1 0 4 4 0 3 0 0 4 0 0 0 0 0 0 0 5 0 0 1 1 0 0 5 5 4 3 
0 1 3 1 0 1 2 0 3 0 0 3 0 0 0 0 0 0 0 0 0 0 0 0 0 6 5 0 2 
4 0 3 2 3 0 0 0 0 0 0 4 0 0 0 0 0 0 4 4 0 4 0 3 2 4 5 4 2 
4 0 0 0 0 0 0 0 0 0 0 0 0 0 3 0 0 0 0 0 0 3 1 3 3 1 1 2 1 
300 63
1 19 1 18
1 19 1 20
1 19 0 19
1 19 2 19
4 2 4 8
4 2 3 2
4 2 6 2
6 24 6 23
6 24 5 24
6 24 7 24
15 3 15 6
15 3 14 3
15 3 16 3
28 0 28 14
28 0 27 0
28 0 28 14
28 0 27 0
15 3 15 6
15 3 14 3
27 0 27 2
27 0 24 0
24 0 24 18
24 0 20 0
24 0 24 18
24 18 24 23
24 18 22 18
24 18 25 18
24 18 24 23
25 10 25 7
25 10 25 18
25 10 25 7
25 10 25 18
26 1 26 2
27 19 27 18
27 19 27 21
27 19 27 18
27 19 27 21
28 14 28 21
25 7 25 5
27 18 27 11
27 18 25 18
25 5 25 4
25 5 26 5
25 5 25 4
25 18 25 21
26 6 26 8
26 25 26 26
26 25 25 25
26 25 27 25
26 25 26 26
26 25 25 25
26 25 27 25
27 11 27 4
27 11 26 11
27 11 27 4
27 21 27 23
27 21 28 21
28 21 28 22
25 4 25 2
25 4 27 4
25 22 25 25
26 6 26 8
26 8 26 11

6877

1 2   1     1       2       2       4 3 2 2       2 2 2 1 
3 4                                 6 7 4   2 4 3   2 3 3 
    2   2       2 3     4       4 2   3 4 5 5 3 1       1 
    2             2 1   4   2 1   1   1     4 4 1       1 
    5 - - - - - 5               5   4             4 4 4 4 
    | 1 1   4 3   1 1 1       2       3 3 1 4 3 2         
    2 2     4 2   4 5 5       4       3 4   5 5 5         
                  3   2 2 3 1                 2 3         
                  4 5     5 1               4 2           
  3         3 3   2 2 1     1         1     1 1           
    1   3 2 1     3       4 3     2   1       1           
  4     4 4   3     1 4 2   1                           3 
  3 2 3 4 3                 1   4 4   3 4     4 3         
3       4 3       4   6 4         2       1     2       2 
3     4     5 3       1 2                 2 1 4 3         
      5 = = 4           1   2         2       2 1         
      1       1   5 2           2 4   2       2   3       
                  2             3 3       3 3   1         
3               4         6 4     2         2             
3   2 2 3         1 3   3   1         2                   
2 2 3   4       4 3 5 1   4   5 6 4   1                   
| 2 4   3   2 1 3 1 2 1   2 2 4 4 1                   3   
| 2   4         4       5           4   3 3 2 2       5 4 
| 1   3   2 1   1 2     4       2 1 | 1       3     1   2 
4 = = = = = = = = = = = = = = = = = 6 = = = = 3 2   1     
|   1 - 4 4 - 3 = = 4 = = = = = = = 5 - - 1 1 - - 5 5 4 3 
| 1 3 1 | 1 2 = 3 - - 3             |             6 5   2 
4 - 3 2 3 = = = = = = 4 - - - - - - 4 4 = 4 - 3 2 4 5 4 2 
4 = = = = = = = = = = = = = 3 - - - - - - 3 1 3 3 1 1 2 1 
