29 29
1 3 2 2 3 0 0 0 0 0 3 0 0 0 0 0 0 0 0 0 0 0 0 0 2 0 0 2 1 
0 3 0 0 4 0 0 4 3 1 0 1 2 0 0 3 3 3 0 2 2 0 2 2 2 1 0 3 3 
0 4 3 2 0 2 0 0 0 0 6 0 0 0 0 6 0 0 0 5 6 3 0 2 0 1 0 0 0 
0 2 2 2 0 1 0 0 0 0 0 0 1 0 0 3 0 0 0 0 3 2 0 0 0 0 0 0 0 
3 0 0 0 4 0 0 0 0 0 5 0 0 0 0 0 0 0 0 0 0 0 5 4 4 3 1 0 0 
0 1 3 0 4 0 0 0 1 1 0 1 0 0 4 3 0 0 0 4 2 1 0 0 0 1 0 0 0 
0 1 2 3 3 2 0 0 3 0 0 0 1 0 5 0 0 0 0 4 3 3 0 0 0 4 3 0 4 
3 0 4 4 2 4 0 2 0 2 0 1 2 1 0 2 3 3 2 0 0 1 0 0 0 0 0 0 2 
3 2 2 2 0 2 0 0 3 0 0 1 0 0 0 0 2 0 0 4 6 4 0 0 0 0 0 0 1 
3 0 0 0 0 0 0 4 0 0 0 0 0 0 0 0 0 0 0 0 0 0 0 0 0 0 0 0 2 
3 3 0 0 2 3 1 0 0 0 0 0 2 0 0 3 0 4 0 0 0 0 0 0 0 0 0 0 0 
1 0 0 0 1 0 0 0 0 0 0 0 0 2 4 2 1 0 0 0 3 0 0 2 0 4 0 5 3 
1 4 0 0 0 6 2 0 0 0 0 2 3 0 2 2 0 0 0 0 1 0 0 1 0 0 0 0 0 
0 0 0 0 0 2 1 0 0 0 0 1 3 0 0 7 0 6 4 4 1 4 0 0 0 0 2 0 0 
2 4 0 0 0 0 0 4 4 3 0 2 0 2 2 4 2 0 3 0 1 2 0 1 0 0 0 0 0 
0 0 2 0 0 2 1 0 3 3 0 0 0 0 2 0 0 0 2 0 0 1 0 0 0 0 0 0 0 
0 0 2 0 0 4 2 0 2 0 0 4 5 2 3 6 3 0 0 0 0 0 0 0 0 0 0 0 0 
0 0 2 2 1 0 1 0 2 2 0 2 5 2 1 2 0 0 0 0 0 0 0 0 0 4 4 0 0 
0 3 0 3 0 5 0 5 0 0 7 0 0 0 0 0 0 5 0 4 4 3 0 0 0 0 0 0 0 
0 4 4 0 4 5 2 0 3 1 0 1 0 0 0 0 0 0 1 0 0 0 0 0 0 2 0 0 0 
0 2 1 0 0 3 0 0 0 0 0 0 0 0 0 0 0 0 0 0 3 3 0 0 0 1 0 0 1 
0 0 3 5 3 0 0 0 0 0 0 0 0 1 0 0 0 3 2 0 4 3 0 0 0 0 0 0 0 
0 0 1 2 1 0 0 0 0 0 0 2 0 0 4 0 0 0 0 5 5 2 0 0 0 0 0 0 0 
3 5 0 3 0 5 3 0 0 0 0 1 0 0 0 0 0 0 0 0 1 0 0 0 0 1 2 0 0 
2 0 0 0 3 4 1 0 0 0 0 0 0 0 0 3 0 0 0 4 1 0 0 0 0 0 0 0 0 
3 0 2 3 3 1 0 5 5 1 0 0 1 0 4 3 0 0 0 3 2 4 4 4 0 0 0 0 0 
0 0 2 0 0 0 0 3 3 2 0 2 0 0 3 0 0 0 0 1 2 3 1 2 0 0 0 0 0 
3 4 0 0 0 0 0 0 0 0 5 0 0 0 0 0 0 0 0 0 0 0 0 0 5 0 0 5 2 
1 2 0 0 1 1 0 2 0 0 3 0 0 0 0 0 0 0 2 1 2 3 0 0 4 0 0 2 1 
300 13
13 15 13 12
13 15 13 17
13 15 12 15
13 15 14 15
18 10 18 7
18 10 18 17
18 10 4 10
18 10 27 10
21 13 21 17
25 12 25 14
17 12 17 11
17 12 17 13
17 12 16 12

4733

1 3 2 2 3           3                           2     2 1 
  3     4     4 3 1   1 2     3 3 3   2 2   2 2 2 1   3 3 
  4 3 2   2         6         6       5 6 3   2   1       
  2 2 2   1             1     3         3 2               
3       4           5                       5 4 4 3 1     
  1 3   4       1 1 | 1     4 3       4 2 1       1       
  1 2 3 3 2     3   |   1   5         4 3 3       4 3   4 
3   4 4 2 4   2   2 | 1 2 1   2 3 3 2     1             2 
3 2 2 2   2     3   | 1         2     4 6 4             1 
3             4     |                                   2 
3 3     2 3 1       |   2     3   4                       
1       1           |     2 4 2 1       3     2   4   5 3 
1 4       6 2       | 2 3   2 2         1     1           
          2 1       | 1 3 - - 7 - 6 4 4 1 4         2     
2 4           4 4 3 | 2   2 2 4 2   3   1 2   1           
    2     2 1   3 3 |       2       2     1               
    2     4 2   2   | 4 5 2 3 6 3                         
    2 2 1   1   2 2 | 2 5 2 1 2                   4 4     
  3   3   5   5 - - 7 - - - - - - 5   4 4 3               
  4 4   4 5 2   3 1 | 1             1             2       
  2 1     3         |                   3 3       1     1 
    3 5 3           |     1 - - - 3 2   4 3               
    1 2 1           | 2     4         5 5 2               
3 5   3   5 3       | 1                 1         1 2     
2       3 4 1       |         3       4 1                 
3   2 3 3 1   5 5 1 |   1 - 4 3       3 2 4 4 4           
    2         3 3 2 | 2     3         1 2 3 1 2           
3 4                 5                           5     5 2 
1 2     1 1   2     3               2 1 2 3     4     2 1 
