29 29
1 0 2 3 0 0 5 1 3 2 3 0 0 0 1 1 0 2 0 0 0 0 0 2 1 0 0 2 2 
2 1 0 3 3 1 0 1 5 0 5 0 0 0 0 0 0 0 0 0 0 0 0 5 0 0 0 5 5 
3 0 4 0 0 0 5 0 0 0 0 0 0 0 0 0 0 0 0 0 4 2 0 0 1 1 2 2 0 
4 1 5 4 1 0 0 0 0 0 0 0 0 0 0 0 0 0 0 0 4 6 2 0 3 0 5 2 0 
4 0 2 1 0 0 0 0 0 0 0 0 0 0 0 1 0 0 0 0 3 3 0 0 2 1 0 2 0 
4 0 0 0 0 0 4 0 0 0 0 0 0 0 0 0 0 0 0 0 0 0 0 4 0 0 4 4 0 
0 0 2 0 2 1 0 3 3 0 3 0 0 0 0 0 0 0 0 3 1 0 0 0 2 1 2 2 0 
0 0 0 1 0 2 0 4 5 3 0 0 0 0 0 0 0 2 0 5 2 0 0 0 2 0 3 1 3 
0 2 4 1 0 0 0 1 4 3 0 1 0 0 0 0 0 0 0 2 1 0 0 0 1 2 0 0 0 
0 1 0 0 0 0 0 2 4 0 5 0 0 0 0 0 0 0 0 0 0 0 0 5 0 4 5 2 0 
0 2 5 0 0 3 0 3 4 1 0 0 0 1 0 0 3 0 3 3 2 1 1 0 2 0 0 3 3 
0 4 4 1 2 0 0 4 6 0 5 0 0 0 0 0 0 0 4 4 0 2 0 0 0 0 0 2 0 
0 3 3 1 0 2 0 0 0 1 0 2 0 0 0 0 0 0 0 0 0 1 0 0 0 0 0 2 2 
3 0 0 0 4 0 0 0 0 2 0 4 0 0 3 0 0 0 0 0 2 6 2 0 0 0 0 0 0 
1 0 0 0 0 0 0 1 0 0 0 0 0 0 0 0 1 0 0 0 0 0 0 0 0 0 0 3 1 
2 0 0 0 4 3 0 1 0 0 0 1 0 0 0 0 0 2 0 0 0 0 1 0 0 0 0 0 0 
1 3 3 2 2 2 0 2 5 0 0 0 0 0 0 0 0 0 0 0 0 0 0 0 0 0 0 0 0 
2 4 0 0 0 0 5 2 4 3 0 0 0 0 0 0 0 0 0 0 0 0 0 0 0 0 0 0 1 
0 3 1 1 0 0 2 1 2 2 0 0 0 0 0 0 0 0 0 0 0 0 0 0 0 0 0 0 0 
0 4 0 0 0 0 0 0 0 0 7 0 0 0 5 3 2 0 0 0 0 0 0 0 0 0 0 0 0 
3 0 0 0 0 0 0 3 1 0 0 2 3 0 0 6 3 3 0 0 0 0 0 0 0 0 0 0 0 
0 2 4 2 2 0 0 4 1 0 4 6 0 2 0 0 0 1 0 0 0 0 0 0 0 0 0 0 0 
0 2 3 5 0 0 0 3 2 0 4 6 0 0 0 6 5 2 0 3 0 5 2 0 0 0 0 0 0 
0 0 1 4 0 2 0 0 1 0 1 3 1 0 0 0 2 1 2 2 0 2 1 0 0 2 0 0 0 
3 3 2 0 0 0 0 4 0 0 0 0 0 0 0 4 0 0 0 0 0 0 0 4 5 5 0 0 0 
0 0 1 0 0 2 0 2 0 4 2 1 2 2 0 5 2 3 0 0 0 4 2 4 3 3 0 0 0 
0 1 3 0 0 6 0 2 0 2 1 0 0 2 1 2 2 3 0 2 1 0 2 2 1 1 0 0 0 
3 5 3 1 0 4 1 4 0 0 0 0 5 0 0 0 0 0 0 0 0 5 0 0 0 0 5 5 2 
2 3 0 0 0 1 0 3 0 0 4 2 3 0 0 3 2 0 3 2 0 3 0 0 3 0 2 3 2 
300 18
0 6 0 3
0 6 0 7
0 6 2 6
1 28 1 27
1 28 0 28
1 28 7 28
16 8 16 7
16 8 11 8
16 8 17 8
19 10 19 1
19 10 19 14
19 10 11 10
19 10 21 10
24 25 24 24
24 25 23 25
24 25 25 25
0 6 0 3
0 6 2 6

2497

1   2 3 = = 5 1 3 2 3       1 1   2           2 1     2 2 
2 1   3 3 1 ǁ 1 5   5                         5       5 5 
3   4       5                           4 2     1 1 2 2 | 
4 1 5 4 1                               4 6 2   3   5 2 | 
4   2 1                       1         3 3     2 1   2 | 
4           4                                 4     4 4 | 
    2   2 1   3 3   3                 3 1       2 1 2 2 | 
      1   2   4 5 3               2   5 2       2   3 1 3 
  2 4 1       1 4 3   1               2 1       1 2       
  1           2 4   5                         5   4 5 2   
  2 5     3   3 4 1       1     3   3 3 2 1 1   2     3 3 
  4 4 1 2     4 6   5               4 4   2           2   
  3 3 1   2     | 1 | 2                   1           2 2 
3       4       | 2 | 4     3           2 6 2             
1             1 |   |           1                     3 1 
2       4 3   1 |   | 1           2         1             
1 3 3 2 2 2   2 5   |                                     
2 4         5 2 4 3 |                                   1 
  3 1 1     2 1 2 2 |                                     
  4 - - - - - - - - 7 - - - 5 3 2                         
3             3 1   | 2 3     6 3 3                       
  2 4 2 2     4 1   4 6   2       1                       
  2 3 5       3 2   4 6       6 5 2   3   5 2             
    1 4   2     1   1 3 1       2 1 2 2   2 1     2       
3 3 2         4               4               4 5 5       
    1     2   2   4 2 1 2 2   5 2 3       4 2 4 3 3       
  1 3     6   2   2 1     2 1 2 2 3   2 1   2 2 1 1       
3 5 3 1   4 1 4         5                 5         5 5 2 
2 3       1   3     4 2 3     3 2   3 2   3     3   2 3 2 
