29 29
2 3 1 2 0 0 0 0 0 0 0 0 0 0 0 0 0 0 0 0 0 0 0 0 0 0 2 1 2 
1 0 0 0 2 0 0 0 0 0 0 3 1 0 0 0 0 0 0 0 2 0 2 0 2 0 0 3 4 
0 0 0 0 0 0 2 0 0 0 0 3 0 0 0 0 0 0 0 0 0 0 0 0 0 0 0 0 0 
0 0 0 0 3 0 0 0 1 0 0 0 0 0 0 0 0 0 0 0 0 0 0 0 0 0 0 0 0 
0 0 0 0 0 0 0 0 0 0 0 0 0 0 0 0 0 0 0 0 0 1 0 0 0 0 0 2 0 
1 0 0 2 0 0 2 0 6 0 0 0 6 0 0 0 0 0 0 4 2 0 0 0 0 0 0 0 3 
0 0 0 1 0 2 0 2 3 0 1 0 0 0 0 0 0 0 0 3 0 4 0 0 2 0 0 0 3 
0 4 5 3 0 3 0 3 0 0 0 0 5 0 0 0 0 0 0 0 0 0 0 0 0 0 5 4 3 
3 0 1 1 0 5 0 5 2 2 0 3 4 2 2 0 3 0 0 4 0 0 0 0 3 2 0 0 2 
0 4 4 1 0 3 2 5 0 0 0 4 0 0 0 0 0 0 0 5 0 0 0 0 3 0 0 0 0 
0 0 1 0 0 2 3 2 1 0 0 4 0 0 3 0 3 2 0 0 0 1 1 3 3 0 0 3 3 
4 5 0 0 5 0 0 0 0 0 0 0 0 0 0 0 0 0 0 6 0 5 0 5 3 1 0 0 0 
2 4 3 2 0 2 2 0 2 1 3 0 3 0 0 0 2 0 0 0 2 0 0 0 0 2 0 3 2 
2 6 5 2 0 4 3 0 0 2 6 2 0 2 3 2 0 0 1 0 0 0 0 0 2 5 0 1 1 
4 4 0 1 0 0 0 0 0 1 2 0 0 1 0 0 0 0 0 0 4 0 0 4 2 4 0 3 3 
0 0 0 0 0 0 3 0 4 0 0 0 4 0 4 3 1 0 0 0 0 5 3 3 1 2 0 0 1 
0 2 0 0 0 0 3 2 3 0 3 2 0 3 5 2 0 1 0 0 0 4 3 4 3 1 0 3 3 
0 0 0 0 0 0 0 0 0 2 2 0 0 3 5 0 3 4 4 0 0 1 1 2 1 0 0 0 0 
4 4 0 0 0 0 1 0 4 3 0 0 0 0 2 0 0 0 2 0 4 0 0 0 0 0 4 5 3 
0 1 3 4 0 0 0 0 3 3 2 0 0 4 4 0 5 4 0 0 1 1 3 2 3 1 0 3 2 
0 1 1 0 0 0 0 0 2 0 0 4 0 3 4 2 2 0 0 0 0 0 0 2 5 0 0 4 4 
0 0 1 0 0 0 0 0 0 0 0 2 0 0 1 0 0 0 0 0 0 0 0 1 0 0 0 3 5 
3 5 5 4 0 3 0 5 0 0 0 0 5 0 0 0 0 0 0 4 0 0 4 0 6 3 0 3 4 
3 0 0 0 0 0 1 0 1 2 3 1 0 2 0 4 2 0 0 0 0 0 0 1 3 2 0 0 0 
3 0 0 0 0 4 2 0 0 2 0 0 0 1 0 0 0 0 0 0 2 0 3 0 1 3 0 0 0 
0 0 1 0 0 5 0 4 2 3 4 0 4 0 0 4 4 0 0 4 2 0 0 0 4 5 0 0 0 
0 0 0 0 0 2 0 0 0 2 2 1 2 0 0 3 3 1 0 4 0 1 1 0 2 1 0 0 2 
2 4 0 0 4 0 0 0 0 0 0 0 0 0 0 0 0 0 0 0 0 0 0 0 0 0 3 0 0 
1 0 0 0 4 2 1 2 0 0 0 0 0 0 0 0 0 0 0 0 0 0 0 0 0 0 4 5 2 
300 15
21 28 21 27
21 28 20 28
21 28 22 28
25 25 25 24
25 25 24 25
25 25 26 25
26 19 26 17
26 19 26 21
26 19 25 19
26 19 25 19
28 27 28 26
28 27 28 28
28 27 22 27
25 25 25 24
25 25 24 25

2742

2 3 1 2                                             2 1 2 
1       2             3 1               2   2   2     3 4 
            2         3                                   
        3       1                                         
                                          1           2   
1     2     2   6       6             4 2               3 
      1   2   2 3   1                 3   4     2       3 
  4 5 3   3   3         5                           5 4 3 
3   1 1   5   5 2 2   3 4 2 2   3     4         3 2     2 
  4 4 1   3 2 5       4               5         3         
    1     2 3 2 1     4     3   3 2       1 1 3 3     3 3 
4 5     5                             6   5   5 3 1       
2 4 3 2   2 2   2 1 3   3       2       2         2   3 2 
2 6 5 2   4 3     2 6 2   2 3 2     1           2 5   1 1 
4 4   1           1 2     1             4     4 2 4   3 3 
            3   4       4   4 3 1         5 3 3 1 2     1 
  2         3 2 3   3 2   3 5 2   1       4 3 4 3 1   3 3 
                  2 2     3 5   3 4 4     1 1 2 1         
4 4         1   4 3         2       2   4           4 5 3 
  1 3 4         3 3 2     4 4   5 4     1 1 3 2 3 1   3 2 
  1 1           2     4   3 4 2 2             2 5     4 4 
    1                 2     1                 1       3 5 
3 5 5 4   3   5         5             4     4   6 3   3 4 
3           1   1 2 3 1   2   4 2             1 3 2   |   
3         4 2     2       1             2   3   1 3   |   
    1     5   4 2 3 4   4     4 4     4 2       4 5   |   
          2       2 2 1 2     3 3 1 - 4 - 1 1   2 1   | 2 
2 4     4                                           3 |   
1       4 2 1 2                                     4 5 2 
