29 29
4 2 2 5 0 0 1 0 0 2 2 6 0 0 0 0 0 2 0 0 0 1 0 2 0 0 0 3 1 
0 1 0 7 0 0 0 0 0 7 0 7 0 0 0 0 0 0 0 0 0 0 0 0 0 0 0 7 4 
0 2 4 4 1 0 0 4 0 7 2 0 1 2 0 4 0 0 0 0 0 0 0 0 0 0 4 0 2 
0 0 3 0 0 5 2 0 2 6 2 0 3 0 0 0 0 0 0 0 0 0 0 0 0 6 4 0 0 
6 8 0 0 0 8 2 0 3 5 3 5 3 0 2 0 0 0 0 2 0 0 0 0 0 0 2 0 2 
0 0 0 0 4 6 2 0 0 5 2 4 3 0 0 0 0 0 0 3 0 0 0 0 0 0 0 0 0 
4 0 0 0 0 2 0 4 0 4 2 2 0 0 0 0 0 0 0 0 0 0 0 0 0 8 6 0 0 
2 0 1 0 5 0 0 0 7 0 0 0 0 0 0 0 0 0 0 3 4 0 4 1 2 0 0 0 0 
1 0 1 0 5 0 0 0 3 2 0 4 0 0 0 0 0 0 0 0 4 2 0 0 0 0 3 0 0 
0 0 2 0 5 0 0 0 0 0 0 7 0 0 0 0 0 0 0 6 0 0 8 7 4 0 0 0 0 
0 0 3 3 6 4 0 0 0 0 0 0 0 1 1 2 0 0 2 0 2 0 5 3 1 0 0 0 0 
0 0 4 3 0 2 0 0 0 0 0 0 0 0 0 3 1 0 0 0 0 0 0 2 0 0 1 0 0 
0 0 1 0 6 0 0 0 0 0 0 5 0 2 0 2 1 0 0 0 3 2 3 7 2 0 0 0 0 
0 0 2 0 4 0 0 0 0 0 0 0 0 3 5 0 0 4 3 0 0 0 0 2 0 0 0 0 0 
3 8 0 0 0 0 0 0 0 0 0 0 0 0 0 0 0 0 0 7 0 0 0 0 0 7 0 6 4 
2 0 2 0 0 0 0 3 0 2 2 0 0 5 0 0 3 4 2 0 2 4 0 0 4 0 2 6 2 
3 5 4 3 0 0 0 0 0 0 0 0 0 7 0 0 0 0 0 7 4 1 1 2 0 0 3 8 3 
2 1 0 0 1 0 0 0 0 4 1 2 0 0 2 6 2 1 3 0 4 5 3 0 0 0 0 0 1 
3 0 3 5 0 0 0 0 0 6 0 4 2 8 0 7 0 2 4 6 5 0 3 4 0 0 0 2 1 
4 4 0 4 0 0 0 0 0 1 2 3 0 3 2 5 0 4 2 2 3 3 0 3 4 0 0 2 0 
4 0 0 0 0 0 0 0 0 0 0 0 0 0 0 0 0 0 0 0 0 0 7 0 0 8 7 5 0 
4 0 0 0 0 0 0 0 0 0 6 0 0 0 0 0 0 0 0 0 0 0 6 5 4 0 4 0 0 
3 3 4 0 0 4 2 4 0 3 0 1 0 0 0 0 0 0 0 0 3 3 4 0 2 0 4 0 0 
2 0 6 0 0 7 5 3 3 4 0 0 0 0 0 0 0 0 0 0 0 4 0 0 2 0 0 1 0 
2 2 0 2 2 0 3 2 0 0 0 0 0 0 0 0 0 0 0 0 0 3 5 7 6 0 6 4 0 
6 4 0 0 0 0 6 5 1 0 6 0 0 0 0 0 0 0 0 0 6 3 1 2 4 0 0 4 0 
0 2 8 6 4 0 2 1 0 0 4 0 3 1 0 1 0 0 0 0 5 4 0 1 2 0 0 0 0 
0 0 3 1 0 0 2 0 0 5 0 0 0 0 0 0 0 0 0 0 0 0 5 0 0 8 6 8 3 
4 0 0 0 0 6 0 0 0 0 0 0 0 0 4 0 0 0 0 0 0 0 0 0 0 6 0 6 2 
300 477
0 0 0 1
0 0 4 0
0 0 0 1
0 0 4 0
0 3 0 2
0 3 0 6
0 3 1 3
0 11 0 10
0 11 0 17
0 11 1 11
0 11 0 10
0 11 0 17
0 11 1 11
1 3 1 1
1 3 1 9
1 3 0 3
1 3 2 3
1 11 1 9
1 11 1 27
1 11 4 11
2 9 2 7
2 9 2 10
2 9 1 9
2 9 3 9
3 5 3 2
3 5 3 6
3 5 4 5
3 25 3 12
3 25 3 26
3 25 6 25
3 25 3 12
3 25 3 26
3 25 6 25
3 26 2 26
3 26 4 26
4 0 4 1
4 0 6 0
4 1 4 0
4 1 4 5
4 1 2 1
4 1 14 1
4 1 4 0
4 1 4 5
4 1 2 1
4 5 4 6
4 5 3 5
4 5 5 5
5 4 5 5
5 4 7 4
5 4 5 5
5 4 7 4
5 5 5 6
5 5 4 5
5 5 6 5
6 0 7 0
6 25 6 11
6 25 6 26
6 25 14 25
6 26 6 25
6 26 4 26
6 26 8 26
7 8 7 4
7 8 7 19
7 8 4 8
7 8 8 8
9 11 9 4
9 11 9 19
9 11 8 11
9 11 12 11
9 22 9 19
9 22 9 23
9 22 7 22
9 22 10 22
9 22 9 19
9 22 9 23
9 22 7 22
9 22 10 22
9 23 9 24
9 23 7 23
9 23 10 23
10 5 10 4
10 5 11 5
10 5 10 4
10 5 11 5
12 23 12 22
12 23 12 24
12 23 11 23
12 23 13 23
14 19 14 1
14 19 14 25
14 19 9 19
14 19 16 19
15 13 15 10
15 13 15 16
15 13 16 13
16 27 16 26
16 27 16 28
16 27 15 27
16 27 18 27
16 27 16 26
16 27 16 28
16 27 15 27
16 27 18 27
17 15 17 14
17 15 17 16
17 15 18 15
17 15 17 14
17 15 17 16
17 15 18 15
18 13 18 12
18 13 18 15
18 13 16 13
18 13 19 13
18 13 18 12
18 13 18 15
18 13 16 13
18 13 19 13
20 22 20 0
20 22 20 25
20 22 18 22
20 22 21 22
20 25 20 22
20 25 20 26
20 25 14 25
20 25 27 25
20 27 20 26
20 27 19 27
20 27 23 27
21 10 21 0
21 10 21 22
21 10 25 10
21 10 21 0
21 10 21 22
21 10 25 10
21 22 21 23
21 22 20 22
21 22 22 22
21 23 21 24
21 23 24 23
21 23 21 24
21 23 24 23
21 24 22 24
21 26 20 26
21 26 22 26
21 26 20 26
21 26 22 26
22 11 22 20
22 22 22 21
22 22 24 22
22 22 22 21
22 26 24 26
23 5 23 2
23 5 23 6
23 5 22 5
23 5 28 5
23 21 22 21
23 21 24 21
23 21 24 21
23 21 24 21
24 22 24 23
24 22 25 22
24 22 24 23
24 22 24 23
24 24 24 23
24 24 23 24
24 24 25 24
24 24 24 23
24 24 23 24
24 24 25 24
24 26 24 27
24 26 22 26
24 26 27 26
24 26 24 27
24 26 27 26
24 27 25 27
24 27 25 27
25 0 25 1
25 0 24 0
25 0 28 0
25 0 25 1
25 0 24 0
25 0 28 0
25 1 24 1
25 1 26 1
25 6 25 7
25 6 24 6
25 6 26 6
25 6 25 7
25 6 24 6
25 6 26 6
25 10 25 8
25 10 25 20
25 10 26 10
25 10 25 20
25 20 25 21
25 20 22 20
25 20 26 20
25 20 25 21
25 21 26 21
25 24 25 23
25 24 26 24
25 27 27 27
26 1 26 2
26 4 26 3
26 4 24 4
26 4 26 3
26 4 24 4
26 10 26 7
26 10 26 12
26 10 26 12
26 12 26 13
26 15 26 20
26 20 26 21
26 21 26 20
26 21 26 23
27 2 27 3
27 2 26 2
27 2 26 2
27 6 27 9
27 9 27 6
27 9 27 22
27 9 27 22
27 22 27 25
27 25 27 22
27 25 27 26
27 25 20 25
27 25 28 25
27 26 27 25
27 26 27 27
27 27 27 26
27 27 27 28
27 27 25 27
27 27 28 27
28 0 28 5
28 0 28 5
28 5 28 14
28 5 23 5
28 5 28 14
28 14 28 25
28 25 28 14
28 25 28 27
28 25 27 25
28 25 28 27
28 27 28 28
28 27 27 27
0 2 0 3
0 9 1 9
0 9 1 9
0 21 0 23
0 23 0 27
1 3 1 9
1 3 2 3
2 2 2 3
2 2 3 2
2 2 2 3
2 2 3 2
2 4 2 7
2 7 2 9
2 7 6 7
2 15 2 13
2 15 2 26
2 15 2 13
2 15 2 26
2 26 2 28
3 5 3 6
4 5 4 6
5 9 5 10
5 9 4 9
5 9 6 9
6 0 7 0
6 5 6 7
6 9 6 10
6 9 5 9
6 9 6 10
6 25 6 11
6 25 6 26
6 26 8 26
7 22 7 20
7 22 7 20
7 24 9 24
7 24 9 24
8 0 14 0
8 21 8 20
8 26 11 26
9 19 9 11
9 19 7 19
9 23 9 24
9 23 10 23
10 4 10 3
10 4 9 4
10 4 12 4
10 4 10 3
12 4 12 2
12 4 12 11
12 4 13 4
13 2 13 4
13 14 13 13
13 14 13 17
13 14 10 14
13 17 13 14
13 17 13 18
13 17 13 18
13 18 10 18
13 23 12 23
14 1 14 0
14 1 14 19
14 1 16 1
14 1 14 0
14 1 16 1
14 19 14 25
14 19 16 19
14 25 14 27
14 25 20 25
14 25 14 27
14 27 14 28
14 27 15 27
14 27 14 28
14 27 15 27
14 28 4 28
14 28 15 28
15 0 16 0
15 24 15 21
15 24 19 24
15 24 15 21
15 24 19 24
16 19 16 13
16 19 16 20
16 19 18 19
19 15 19 14
19 15 19 17
19 15 18 15
19 24 19 23
19 27 20 27
20 25 20 26
20 26 20 27
20 26 16 26
21 0 20 0
21 0 22 0
21 24 22 24
23 9 23 8
23 9 22 9
23 9 23 8
23 9 22 9
25 7 24 7
26 3 26 2
26 3 24 3
27 27 27 28
28 27 28 28
1 27 1 11
1 27 1 28
1 27 0 27
1 27 1 28
1 27 0 27
1 27 1 28
1 28 0 28
2 12 3 12
2 28 4 28
7 20 7 19
7 20 8 20
8 11 8 9
8 11 9 11
8 11 8 9
8 20 8 21
10 13 12 13
10 18 10 15
11 2 11 3
11 2 10 2
11 2 11 3
11 2 10 2
11 3 10 3
12 4 12 11
12 4 13 4
12 11 12 13
12 11 9 11
13 2 13 4
13 13 13 14
15 0 16 0
15 17 15 16
15 17 15 18
15 17 15 16
15 17 15 18
15 21 15 20
15 21 16 21
15 26 15 27
17 21 17 20
17 21 17 22
17 21 19 21
18 20 18 19
18 20 17 20
18 20 19 20
19 24 19 23
20 0 20 22
20 0 19 0
22 9 22 7
23 8 23 7
25 7 24 7
26 2 26 3
26 2 23 2
26 2 26 3
26 2 23 2
27 28 18 28
7 8 7 4
7 8 4 8
7 8 8 8
8 8 8 4
10 2 9 2
10 15 11 15
15 20 16 20
15 26 15 27
15 28 16 28
16 20 16 19
16 20 17 20
17 20 17 21
19 0 19 1
19 0 18 0
19 0 19 1
19 1 19 3
19 1 17 1
19 3 19 9
19 3 18 3
19 3 18 3
19 23 18 23
22 7 22 6
22 7 23 7
22 7 22 6
23 2 23 0
23 2 23 5
23 2 22 2
23 7 23 6
24 6 23 6
17 4 17 9
18 0 17 0
18 9 18 3
18 9 18 11
18 9 17 9
18 9 18 3
18 9 18 11
18 9 17 9
18 11 17 11
18 11 19 11
18 23 18 22
18 23 16 23
18 23 18 22
19 10 19 11
22 2 22 1
22 2 22 5
22 2 22 1
22 5 23 5
23 0 22 0
16 23 16 22
17 9 17 10
17 22 17 21
18 0 17 0
19 10 19 11
19 13 19 14
19 21 19 20
22 0 22 1
16 0 16 1
16 1 16 2
16 1 16 2
19 21 19 20
18 20 18 19
18 20 18 19
18 19 18 18
18 19 16 19
19 19 19 18
19 19 19 18
16 13 16 3
16 13 15 13
18 18 18 17
18 18 17 18
18 18 18 17
19 17 19 15
16 13 16 3
17 17 17 18
18 15 19 15
15 13 15 10

3478

4 2 2 5 - - 1     2 2 6 = = = = = 2       1 - 2 - - - 3 1 
ǁ 1 - 7 = = = = = 7 - 7 = = = = = = = = = = = = = = = 7 4 
ǁ 2 4 4 1 - - 4 = 7 2 | 1 2 = 4 = = = = = = = = = = 4 - 2 
ǁ ǁ 3 - - 5 2 | 2 6 2 | 3 = = = = = = = = = = = = 6 4   | 
6 8 = = = 8 2 | 3 5 3 5 3   2         2           ǁ 2   2 
| |     4 6 2 | ǁ 5 2 4 3             3           ǁ |   | 
4 |     ǁ 2 - 4 ǁ 4 2 2 = = = = = = = = = = = = = 8 6   | 
2 | 1   5 = = = 7 - - - - - - - - - - 3 4 = 4 1 2 | ǁ   | 
1 | 1   5 - - - 3 2 = 4               | 4 2 ǁ | ǁ | 3   | 
| | 2   5 - - - - - - 7 = = = = = = = 6 = = 8 7 4 | |   | 
| | 3 3 6 4           ǁ   1 1 2 - - 2 | 2   5 3 1 | |   | 
| | 4 3 | 2           ǁ   | | 3 1   | |       2   | 1   | 
| | 1 - 6 = = = = = = 5 - 2 | 2 1   | | 3 2 3 7 2 |     | 
| | 2 = 4                 3 5 = = 4 3 |       2   |     | 
3 8 = = = = = = = = = = = = = = = = = 7 = = = = = 7 = 6 4 
2 ǁ 2         3   2 2 = = 5 - - 3 4 2 ǁ 2 4 = = 4 ǁ 2 6 2 
3 5 4 3 = = = = = = = = = 7 - - - - - 7 4 1 1 2 ǁ ǁ 3 8 3 
2 1     1 - - - - 4 1 2   ǁ 2 6 2 1 3 ǁ 4 5 3 | ǁ ǁ | ǁ 1 
3 | 3 5 = = = = = 6 = 4 2 8 = 7   2 4 6 5 | 3 4 ǁ ǁ | 2 1 
4 4 - 4 - - - - - 1 2 3   3 2 5 = 4 2 2 3 3 | 3 4 ǁ | 2 | 
4 = = = = = = = = = = = = = = = = = = = = = 7 = = 8 7 5 | 
4 = = = = = = = = = 6 = = = = = = = = = = = 6 5 4 ǁ 4 | | 
3 3 4 - - 4 2 4 - 3 ǁ 1 - - - - - - - - 3 3 4 ǁ 2 ǁ 4 | | 
2 - 6 = = 7 5 3 3 4 ǁ                   | 4 | ǁ 2 ǁ ǁ 1 | 
2 2 ǁ 2 2 ǁ 3 2     ǁ                   | 3 5 7 6 ǁ 6 4 | 
6 4 ǁ | ǁ ǁ 6 5 1 - 6 = = = = = = = = = 6 3 1 2 4 ǁ ǁ 4 | 
ǁ 2 8 6 4 ǁ 2 1 - - 4 = 3 1   1 - - - - 5 4 - 1 2 ǁ ǁ ǁ | 
ǁ   3 1   ǁ 2 = = 5 = = = = = = = = = = = = 5 = = 8 6 8 3 
4 = = = = 6 = = = = = = = = 4 = = = = = = = = = = 6 = 6 2 
