29 29
3 0 0 0 0 5 0 0 0 0 0 4 0 0 0 0 0 0 4 0 1 1 0 3 3 0 2 2 2 
0 1 1 0 0 0 2 0 0 2 1 0 2 2 1 2 0 0 5 0 0 0 0 4 0 0 0 4 4 
0 0 0 0 0 0 0 1 0 0 0 0 0 0 0 0 2 0 0 0 0 0 0 0 2 3 5 5 0 
0 3 4 2 0 0 0 0 0 4 2 0 3 4 3 0 4 2 0 0 0 0 0 0 0 0 2 0 0 
0 0 0 0 0 0 4 4 2 0 1 0 0 4 2 0 0 0 0 0 0 0 1 0 1 0 2 0 0 
0 0 0 0 0 0 2 1 1 0 0 0 0 4 0 4 4 3 0 0 0 0 0 0 0 0 0 0 0 
0 3 0 0 0 6 0 0 0 7 3 0 0 3 1 3 2 1 0 0 0 0 0 3 0 4 4 0 0 
0 0 3 0 0 6 0 3 1 0 0 0 0 1 0 1 3 3 0 0 0 0 0 2 1 1 1 0 0 
0 0 3 4 2 0 0 0 1 0 0 0 5 0 0 0 0 0 5 0 0 0 4 0 0 0 0 5 4 
0 0 0 0 0 0 0 0 4 5 0 0 0 0 1 0 0 3 0 0 3 2 0 1 4 0 0 3 2 
0 0 0 0 0 0 0 0 0 3 0 0 5 0 3 1 2 0 0 2 4 4 0 1 4 4 3 3 0 
0 0 0 4 4 0 0 0 0 0 0 0 3 3 5 3 0 0 0 0 0 0 0 0 0 3 2 0 0 
0 0 0 4 4 0 1 0 4 3 0 0 1 2 1 2 0 0 0 0 0 0 0 2 0 0 0 0 0 
0 0 0 0 0 0 0 0 0 3 0 3 0 0 0 0 4 4 0 0 0 0 0 0 3 4 3 0 0 
0 0 2 5 2 0 0 0 0 0 0 0 1 2 2 1 0 0 0 0 0 0 0 3 3 0 1 0 0 
0 2 2 5 1 0 0 0 2 3 0 0 0 0 1 0 0 0 0 0 0 2 0 2 0 6 0 4 0 
0 1 0 3 0 0 0 0 1 0 0 0 0 0 0 0 0 0 0 0 0 0 0 1 0 3 1 0 0 
0 0 0 2 0 0 0 0 3 1 0 0 0 0 2 2 0 0 0 4 0 0 4 0 0 0 0 5 3 
3 0 4 3 1 0 0 0 0 0 0 4 4 3 0 1 0 0 0 0 2 1 0 1 1 5 3 0 1 
2 0 0 0 0 4 3 0 0 0 0 3 0 0 3 2 0 1 0 0 0 0 0 0 0 0 2 0 0 
0 1 0 3 3 0 2 0 4 0 5 0 0 0 3 4 4 2 0 0 2 0 2 0 0 0 0 0 0 
3 5 0 5 4 0 2 0 3 1 3 1 1 0 3 0 2 2 0 0 2 0 0 4 0 4 3 4 4 
0 4 0 3 4 0 3 5 0 0 0 0 0 0 0 5 4 1 0 0 2 1 2 5 2 0 1 0 0 
0 1 1 1 2 0 0 1 1 0 4 0 0 0 0 3 3 1 0 5 3 3 0 3 0 4 1 0 3 
3 0 2 2 0 3 0 0 0 0 4 0 0 0 0 3 4 2 0 3 1 3 1 1 0 0 1 0 2 
2 0 0 0 0 0 0 0 0 0 0 0 0 0 0 0 2 1 0 2 1 2 2 1 0 0 0 0 0 
1 0 0 0 0 0 0 0 0 0 0 0 0 0 0 0 0 0 4 0 0 0 0 0 0 5 3 1 0 
0 0 0 0 0 0 1 0 0 0 0 0 0 0 0 0 0 0 5 0 0 2 1 0 0 3 2 0 2 
0 0 0 0 0 0 0 0 0 2 0 0 0 0 0 0 0 0 6 2 0 3 0 0 0 0 3 1 0 
300 19
0 5 0 0
0 5 0 11
0 5 6 5
2 27 2 26
2 27 1 27
2 27 8 27
6 9 6 5
6 9 6 10
6 9 3 9
6 9 9 9
8 12 8 18
8 12 3 12
8 12 10 12
28 18 28 9
28 18 28 19
28 18 27 18
28 18 28 9
28 18 28 19
28 18 27 18

2081

3 - - - - 5 - - - - - 4             4   1 1   3 3   2 2 2 
  1 1     | 2     2 1   2 2 1 2     5         4       4 4 
          |   1                 2               2 3 5 5   
  3 4 2   |       4 2   3 4 3   4 2                 2 |   
          | 4 4 2 | 1   | 4 2               1   1   2 |   
          | 2 1 1 |     | 4   4 4 3                   |   
  3       6 - - - 7 3   | 3 1 3 2 1           3   4 4 |   
    3     6   3 1 |     | 1   1 3 3           2 1 1 1 |   
    3 4 2       1 |     5 - - - - - 5       4         5 4 
                4 5     |   1     3     3 2   1 4     3 2 
                  3     5   3 1 2     2 4 4   1 4 4 3 3   
      4 4               3 3 5 3                   3 2     
      4 4   1   4 3     1 2 1 2               2           
                  3   3         4 4             3 4 3     
    2 5 2               1 2 2 1               3 3   1     
  2 2 5 1       2 3         1             2   2   6   4   
  1   3         1                             1   3 1     
      2         3 1         2 2       4     4         5 3 
3   4 3 1             4 4 3   1         2 1   1 1 5 3   1 
2         4 3         3     3 2   1                 2     
  1   3 3   2   4   5       3 4 4 2     2   2             
3 5   5 4   2   3 1 3 1 1   3   2 2     2     4   4 3 4 4 
  4   3 4   3 5               5 4 1     2 1 2 5 2   1     
  1 1 1 2     1 1   4         3 3 1   5 3 3   3   4 1   3 
3   2 2   3         4         3 4 2   3 1 3 1 1     1   2 
2                               2 1   2 1 2 2 1           
1                                   4             5 3 1   
            1                       5     2 1     3 2   2 
                  2 = = = = = = = = 6 2   3         3 1   
