29 29
2 2 3 1 3 0 3 2 0 4 4 0 0 0 4 2 1 4 0 0 2 1 1 2 1 0 2 1 1 
0 1 0 1 4 1 0 2 2 4 0 0 4 3 0 2 0 6 3 2 0 6 0 6 0 0 4 0 0 
0 0 0 2 4 1 0 2 2 0 0 0 2 2 0 2 1 0 2 3 3 3 0 0 2 0 4 4 3 
5 0 7 0 0 0 7 0 0 7 0 0 0 0 5 0 0 6 0 0 0 0 0 3 2 1 1 3 2 
0 1 0 2 0 2 0 1 0 0 3 2 2 1 0 2 1 0 1 0 0 0 0 4 0 0 4 5 3 
3 3 0 2 3 2 0 0 0 0 0 2 2 0 0 0 0 0 2 2 0 0 0 0 1 1 0 1 0 
3 3 0 0 0 1 0 0 0 0 3 0 0 0 0 0 0 0 0 0 0 0 0 0 0 0 2 0 3 
0 1 0 0 0 0 0 0 0 0 0 4 3 0 0 0 0 0 0 0 0 1 0 2 3 4 0 2 0 
4 0 5 0 4 3 0 3 1 0 0 0 3 0 0 0 0 0 2 0 0 0 0 0 1 3 1 0 0 
0 1 0 0 0 3 0 0 0 0 0 0 2 0 0 0 0 0 0 0 0 0 0 0 0 3 2 0 0 
0 0 0 0 0 0 0 0 0 0 0 0 0 0 0 0 0 0 2 4 0 0 0 0 0 0 0 3 0 
0 0 0 0 0 4 0 0 0 0 0 0 3 4 0 0 0 0 0 1 0 0 0 0 0 0 0 0 0 
4 0 0 0 0 0 0 0 0 0 4 4 5 0 0 0 0 0 0 0 0 0 0 0 0 0 0 0 0 
0 0 0 0 0 3 0 0 0 0 0 0 3 0 0 0 0 0 0 0 0 0 0 0 0 0 0 0 0 
6 3 0 0 0 0 0 0 0 0 0 3 0 0 0 4 0 5 0 0 0 0 0 0 0 0 0 4 3 
0 0 0 0 0 0 0 0 0 0 0 2 0 0 0 0 1 0 1 0 0 3 0 0 0 0 0 4 4 
0 0 0 2 5 5 0 0 0 0 5 3 0 0 0 1 0 0 0 0 0 0 1 0 2 0 0 2 2 
3 0 0 2 0 0 0 0 0 0 4 0 0 0 0 2 4 0 0 1 0 4 1 0 0 0 0 3 2 
1 0 0 2 0 0 0 0 0 0 2 0 0 0 0 0 2 0 0 0 0 1 0 0 0 0 0 0 0 
0 0 0 2 0 0 0 4 0 6 0 6 3 4 0 3 0 5 0 0 0 0 0 0 4 0 0 3 0 
1 0 3 0 0 0 0 0 1 0 2 3 1 1 0 3 1 0 1 0 2 2 0 0 0 2 2 3 0 
2 0 2 0 2 2 0 4 3 0 4 3 2 0 4 5 1 0 2 2 0 2 0 1 0 0 0 0 0 
1 0 0 0 2 2 0 1 1 0 3 4 2 1 1 3 0 3 2 0 3 0 0 0 0 6 6 4 0 
3 0 0 4 2 3 0 2 0 4 0 4 0 0 2 0 0 0 0 2 3 2 0 1 0 0 2 4 0 
0 1 0 4 3 2 0 3 1 0 1 4 0 0 0 0 0 0 0 0 4 2 0 1 0 0 1 0 0 
4 0 0 4 0 0 7 3 2 5 0 0 0 0 0 0 0 0 0 0 0 0 0 0 0 6 3 6 3 
0 2 0 2 0 0 6 4 2 0 0 0 0 0 0 0 0 0 0 0 0 0 0 0 0 1 1 1 1 
2 2 1 2 0 0 4 4 0 5 0 0 0 0 0 0 0 0 0 0 0 0 0 0 0 0 5 2 0 
1 2 1 0 0 0 3 3 1 2 0 0 0 0 0 0 0 0 2 0 0 0 2 0 1 1 3 2 2 
300 33
3 0 3 2
3 0 0 0
3 0 5 0
3 6 3 2
3 6 3 9
3 6 0 6
3 6 25 6
11 5 9 5
11 5 13 5
11 5 9 5
11 5 13 5
12 0 8 0
12 0 14 0
12 0 8 0
12 0 14 0
12 12 12 11
12 12 11 12
12 12 13 12
13 5 16 5
14 0 14 1
14 0 17 0
16 5 16 4
16 5 21 5
16 5 16 4
16 5 21 5
16 10 16 11
16 10 12 10
16 10 17 10
8 0 8 2
8 0 6 0
14 0 14 1
14 0 17 0
7 1 6 1

2549

2 2 3 1 3   3 2   4 4       4 2 1 4     2 1 1 2 1   2 1 1 
| 1   1 4 1 | 2 2 4     4 3   2   6 3 2   6   6     4     
|     2 4 1 | 2 2       2 2   2 1   2 3 3 3     2   4 4 3 
5 - 7 - - - 7 - - 7         5     6           3 2 1 1 3 2 
| 1   2   2 | 1     3 2 2 1   2 1   1         4     4 5 3 
3 3   2 3 2 |         2 2           2 2         1 1   1   
3 3       1 |       3                               2   3 
| 1         |         4 3                 1   2 3 4   2   
4 - 5   4 3 | 3 1       3           2           1 3 1     
ǁ 1       3 |           2                         3 2     
ǁ         ǁ |                       2 4               3   
ǁ         4 |           3 4           1                   
4         ǁ |       4 4 5                                 
ǁ         3 |       |   3                                 
6 3       | |       | 3       4   5                   4 3 
ǁ         | |       | 2         1   1     3           4 4 
ǁ     2 5 5 |       5 3       1             1   2     2 2 
3     2   ǁ |       4         2 4     1   4 1         3 2 
1     2   ǁ |       2           2         1               
      2   ǁ | 4   6   6 3 4   3   5             4     3   
1   3     ǁ |   1   2 3 1 1   3 1   1   2 2       2 2 3   
2   2   2 2 | 4 3   4 3 2   4 5 1   2 2   2   1           
1       2 2 | 1 1   3 4 2 1 1 3   3 2   3         6 6 4   
3     4 2 3 | 2   4   4     2         2 3 2   1     2 4   
  1   4 3 2 | 3 1   1 4                 4 2   1     1     
4     4     7 3 2 5                               6 3 6 3 
  2   2     6 4 2                                 1 1 1 1 
2 2 1 2     4 4   5                                 5 2   
1 2 1       3 3 1 2                 2       2   1 1 3 2 2 
