29 29
1 0 3 2 0 0 2 3 0 0 0 0 0 3 1 3 2 2 1 1 1 3 3 3 1 2 5 2 2 
3 1 3 4 3 1 0 1 0 0 0 0 0 0 0 0 0 0 0 0 0 2 0 3 4 2 0 1 0 
0 3 0 0 0 0 5 0 0 0 0 0 0 3 0 4 0 3 2 4 2 4 6 0 0 0 6 2 0 
0 0 2 3 3 2 0 1 0 3 1 0 0 0 0 0 2 0 1 0 0 0 2 0 0 0 0 2 0 
3 0 0 0 2 2 0 2 2 3 0 0 0 2 0 0 0 0 0 0 0 0 0 0 0 0 0 4 6 
0 0 0 0 0 0 0 0 0 0 1 0 0 0 0 0 4 4 2 0 0 0 4 0 0 0 6 1 0 
0 0 5 5 2 1 0 0 0 0 0 0 0 0 0 0 2 4 1 0 0 0 2 1 2 0 0 1 0 
0 0 0 3 3 0 0 0 3 6 4 0 1 0 0 0 1 3 1 0 1 0 0 0 0 0 0 2 0 
0 2 0 0 4 2 0 0 0 0 1 2 0 0 0 0 2 2 0 0 0 0 1 5 6 2 0 0 0 
0 2 0 0 0 1 0 0 0 0 1 0 0 0 0 0 1 0 0 0 3 5 2 0 0 0 0 0 0 
0 0 0 0 0 0 0 0 0 0 0 0 0 0 0 0 2 0 0 0 1 1 1 0 0 0 0 0 0 
0 0 0 4 5 2 0 0 0 3 4 3 0 0 0 0 0 0 0 0 1 0 0 4 0 0 7 5 5 
0 0 0 1 0 0 0 0 0 0 1 0 0 0 0 0 3 3 0 4 0 0 0 0 0 2 0 2 0 
0 0 0 0 1 0 0 3 0 0 0 0 0 0 5 4 0 2 0 0 2 0 0 1 0 0 0 1 0 
0 0 0 0 0 0 0 2 0 0 0 2 2 1 0 0 1 0 0 0 0 2 4 0 3 0 0 1 0 
0 3 4 0 0 0 4 0 0 0 0 0 0 0 5 0 0 0 0 0 0 0 0 0 0 0 0 2 0 
3 0 3 0 3 2 0 2 0 4 0 0 4 1 0 0 0 0 0 0 3 3 6 2 0 0 0 0 0 
0 1 0 1 0 0 0 0 2 0 2 0 6 2 0 0 0 0 0 0 0 1 0 0 0 0 0 0 0 
0 0 0 2 2 0 0 0 0 0 1 0 0 1 0 0 0 0 1 0 0 0 0 0 2 0 3 2 3 
4 2 0 0 0 0 0 4 3 0 0 0 0 2 4 0 0 0 0 0 0 0 0 0 0 0 0 1 1 
0 1 0 0 0 1 0 2 0 3 1 0 0 1 0 0 0 0 0 0 0 0 4 0 4 0 0 2 2 
0 2 0 5 6 2 0 0 0 2 0 0 0 0 0 0 0 0 0 0 3 4 2 0 0 0 0 2 4 
0 0 0 0 0 0 0 3 0 6 0 0 6 0 2 0 4 5 3 0 0 0 3 1 0 0 0 2 0 
0 0 0 2 0 2 0 0 1 3 4 0 4 1 2 3 0 0 1 0 0 0 0 0 0 0 0 3 0 
0 0 0 1 0 2 0 0 0 0 0 0 0 2 1 1 0 0 0 0 3 0 5 0 3 0 0 3 0 
4 3 0 0 4 2 0 5 3 0 2 0 3 3 0 0 3 5 4 0 2 2 4 4 0 2 0 0 0 
1 1 0 2 3 1 0 1 1 2 0 0 4 0 3 0 0 3 1 0 1 2 1 2 0 2 0 3 3 
2 0 4 0 0 0 5 0 0 0 0 0 0 0 0 0 0 0 0 4 0 0 0 0 5 2 0 0 1 
2 1 2 1 1 0 4 0 0 1 1 0 2 0 0 2 0 0 2 0 0 0 0 0 4 0 4 3 2 
300 29
0 26 0 25
0 26 0 27
0 26 2 26
4 28 4 27
4 28 0 28
4 28 11 28
4 28 4 27
4 28 0 28
4 28 11 28
6 2 6 3
6 2 3 2
6 2 15 2
11 26 11 23
11 26 11 27
11 26 5 26
11 26 18 26
15 14 15 6
15 14 13 14
15 14 19 14
28 6 28 4
28 6 28 9
28 6 27 6
28 6 27 6
8 24 8 23
8 24 8 25
8 24 6 24
8 24 8 23
8 24 8 25
8 24 6 24

2403

1   3 2     2 3           3 1 3 2 2 1 1 1 3 3 3 1 2 5 2 2 
3 1 3 4 3 1   1                           2   3 4 2 | 1 ǁ 
  3         5             3   4   3 2 4 2 4 6       6 2 ǁ 
    2 3 3 2   1   3 1           2   1       2         2 ǁ 
3   |   2 2   2 2 3       2                           4 6 
    |               1           4 4 2       4       6 1 ǁ 
    5 5 2 1                     2 4 1       2 1 2   | 1 ǁ 
    | 3 3       3 6 4   1       1 3 1   1       ǁ   | 2 ǁ 
  2 |   4 2         1 2         2 2         1 5 6 2 |   ǁ 
  2 |     1         1           1       3 5 2       |   ǁ 
    |                           2       1 1 1       |   ǁ 
    | 4 5 2       3 4 3                 1     4 - - 7 5 5 
    | 1             1           3 3   4           2 | 2   
    |   1     3             5 4   2     2     1     | 1   
    |         2       2 2 1 |   1         2 4   3   | 1   
  3 4       4 - - - - - - - 5                       | 2   
3   3   3 2   2   4     4 1 |           3 3 6 2     |     
  1   1         2   2   6 2 |             1         |     
      2 2           1     1 |       1           2   3 2 3 
4 2           4 3         2 4                         1 1 
  1       1   2   3 1     1                 4   4     2 2 
  2   5 6 2       2                     3 4 2         2 4 
              3   6     6   2   4 5 3       3 1       2   
      2   2     1 3 4   4 1 2 3     1                 3   
      1   2               2 1 1         3   5   3     3   
4 3     4 2   5 3   2   3 3     3 5 4   2 2 4 4   2       
1 1   2 3 1   1 1 2     4   3     3 1   1 2 1 2   2   3 3 
2   4       5                         4         5 2     1 
2 1 2 1 1 - 4 - - 1 1   2     2     2           4   4 3 2 
