29 29
2 0 4 0 0 0 5 0 0 0 0 0 0 0 0 0 0 0 0 4 3 2 3 3 0 0 0 4 2 
0 2 0 1 0 0 4 2 2 0 0 4 3 0 2 0 0 2 0 0 0 2 0 3 0 2 2 0 1 
2 3 3 0 3 3 3 3 0 0 0 0 3 0 0 0 0 5 1 0 0 0 0 0 2 3 0 0 0 
2 0 3 2 0 3 0 2 0 0 0 0 0 0 0 0 0 1 0 0 0 0 0 0 1 1 0 0 0 
4 3 3 2 1 2 6 0 4 1 0 0 0 0 0 0 0 0 0 0 5 6 3 3 0 0 5 5 3 
2 0 3 2 1 0 5 3 2 0 0 0 0 0 0 0 0 0 0 0 2 0 2 0 4 4 2 6 5 
2 5 0 0 0 0 0 0 0 0 0 6 0 0 0 0 0 0 0 5 0 5 4 3 4 3 2 5 6 
0 0 1 1 0 0 0 0 2 2 1 0 1 2 0 4 2 0 0 0 1 1 0 0 1 0 4 0 3 
0 0 4 6 0 0 0 4 4 3 1 0 0 0 0 0 0 0 0 0 4 0 3 0 2 0 4 0 2 
0 0 0 1 2 1 0 0 0 3 2 0 2 0 0 0 0 0 0 0 0 1 0 0 0 3 5 0 0 
0 0 2 2 2 0 0 0 3 4 2 0 0 0 0 0 0 1 0 0 4 2 1 0 4 5 3 0 0 
1 0 3 3 0 0 0 0 1 0 0 0 0 0 0 0 0 0 0 0 3 4 3 0 1 3 2 0 0 
0 0 0 1 0 0 0 0 1 3 0 3 3 0 0 4 4 2 0 0 1 2 2 0 0 0 0 0 0 
0 0 4 0 4 0 0 4 0 0 0 0 0 0 0 0 0 0 0 5 0 0 0 4 0 0 0 5 4 
0 0 0 1 0 4 3 0 2 0 0 0 0 0 0 0 0 4 3 0 3 4 0 4 3 2 1 0 0 
0 0 0 0 0 4 0 0 0 2 0 0 0 3 0 0 0 2 0 0 0 0 2 0 0 2 0 0 0 
0 0 3 3 0 4 3 0 0 3 0 0 0 0 0 0 0 0 0 0 0 0 0 0 0 0 0 0 0 
0 0 1 3 3 0 2 0 2 5 0 0 0 6 0 0 0 2 0 0 0 0 0 0 0 0 0 0 2 
0 0 1 1 2 0 2 0 0 3 1 0 0 0 0 0 0 0 2 0 0 0 0 0 0 0 0 0 2 
0 0 2 0 2 0 0 0 0 3 0 0 0 4 0 2 0 0 1 0 1 4 4 0 2 0 0 0 0 
3 7 0 0 0 5 4 0 0 0 2 0 0 0 0 0 0 0 0 0 1 2 0 0 0 0 0 0 0 
0 4 0 2 1 0 3 0 0 0 0 0 0 0 0 0 0 0 0 0 0 0 0 0 2 0 0 0 0 
0 0 0 2 0 4 4 0 0 0 0 0 0 0 0 0 0 0 0 0 3 0 3 0 2 0 0 0 0 
0 0 0 2 0 2 1 0 0 0 0 0 0 0 0 0 0 0 0 0 3 0 2 0 3 4 5 4 3 
0 4 0 0 0 5 1 0 0 1 0 0 0 0 0 1 0 0 0 0 4 2 0 0 1 0 3 2 0 
0 2 1 2 0 5 2 0 0 0 0 0 0 0 0 0 0 0 0 0 2 2 0 3 0 3 0 2 0 
2 2 0 2 1 1 1 0 0 2 4 0 0 6 0 0 0 0 0 7 0 0 0 0 0 0 4 4 0 
1 0 3 0 0 0 0 4 2 2 0 0 0 6 0 4 3 2 3 5 0 0 0 0 0 0 0 4 3 
0 1 0 0 0 0 0 3 0 0 0 2 2 4 3 4 1 1 0 4 0 2 2 3 0 2 0 2 1 
300 47
0 6 0 2
0 6 0 19
0 6 1 6
5 28 5 27
5 28 4 28
5 28 6 28
6 28 6 27
6 28 5 28
6 28 7 28
6 28 6 27
6 28 5 28
8 3 8 2
8 3 8 7
8 3 7 3
8 3 9 3
9 26 9 25
9 26 8 26
9 26 10 26
20 1 20 0
20 1 20 5
20 1 6 1
20 1 21 1
26 19 26 13
26 19 26 26
26 19 13 19
26 19 27 19
5 6 5 4
5 6 5 7
5 6 4 6
5 27 5 26
5 27 4 27
5 27 6 27
5 27 5 26
5 27 4 27
8 3 8 2
8 3 8 7
4 26 4 23
4 26 4 27
4 26 1 26
5 25 5 24
5 25 6 25
5 25 5 24
5 25 6 25
8 2 7 2
8 2 10 2
5 24 5 22
5 24 6 24

3044

2   4 - - - 5 - - - - - - - - - - - - 4 3 2 3 3       4 2 
  2   1     4 2 2     4 3   2     2       2   3   2 2   1 
2 3 3   3 3 3 3         3         5 1           2 3 |     
2   3 2   3   2                   1             1 1 |     
4 3 3 2 1 2 6   4 1                     5 6 3 3 - - 5 5 3 
2   3 2 1 - 5 3 2                       2   2 - 4 4 2 6 5 
2 5                   6               5   5 4 3 4 3 2 5 6 
  | 1 1         2 2 1   1 2   4 2       1 1     1   4   3 
  | 4 6 = = = 4 4 3 1                   4   3   2   4   2 
  | | 1 2 1       3 2   2                 1       3 5     
  | 2 2 2       3 4 2             1     4 2 1   4 5 3     
1 | 3 3         1                       3 4 3   1 3 2     
  |   1         1 3   3 3     4 4 2     1 2 2             
  | 4   4     4                       5       4       5 4 
  |   1   4 3   2                 4 3 | 3 4   4 3 2 1     
  |       4       2       3       2   |     2     2       
  | 3 3   4 3     3                   |                   
  | 1 3 3   2   2 5       6       2   |                 2 
  | 1 1 2   2     3 1               2 |                 2 
  | 2   2         3       4   2     1 | 1 4 4   2         
3 7 - - - 5 4       2                 | 1 2               
  4   2 1   3                         |         2         
      2   4 4                         | 3   3   2         
      2   2 1                         | 3   2   3 4 5 4 3 
  4       5 1     1           1       | 4 2     1   3 2   
  2 1 2   5 2                         | 2 2   3   3   2   
2 2   2 1 1 1     2 4     6 - - - - - 7 - - - - - - 4 4   
1   3         4 2 2       6   4 3 2 3 5               4 3 
  1           3       2 2 4 3 4 1 1   4   2 2 3   2   2 1 
