29 29
2 0 0 0 0 0 2 0 0 0 0 0 0 3 3 2 0 0 0 0 3 2 0 0 3 1 2 1 1 
3 0 0 0 0 0 0 0 0 0 0 0 0 0 0 0 0 0 0 0 5 4 4 0 5 0 6 6 4 
0 1 1 5 0 5 0 0 0 0 0 0 0 0 0 0 0 3 2 2 0 0 0 2 0 0 0 0 0 
0 4 0 5 1 3 2 3 3 0 0 0 0 0 4 0 0 4 4 3 0 0 3 4 0 0 0 0 1 
0 2 2 0 0 3 1 0 0 0 1 0 4 2 0 2 2 0 3 2 0 0 0 0 0 0 0 0 1 
5 0 0 0 0 0 0 4 0 0 0 0 0 2 0 0 0 0 2 1 0 0 0 0 0 0 0 0 2 
4 0 0 0 0 2 0 0 0 0 0 0 0 0 0 0 0 0 2 0 0 0 0 0 0 0 0 0 0 
2 0 0 0 0 0 0 0 0 0 0 0 0 0 0 0 1 0 0 0 0 0 0 0 0 0 0 0 0 
2 0 0 0 0 2 0 0 2 1 0 0 0 3 2 0 0 0 3 3 0 0 0 2 0 0 0 3 3 
0 0 0 0 0 0 0 0 0 0 0 0 0 0 1 0 0 0 0 2 0 0 0 1 0 0 0 3 3 
2 0 0 0 0 0 0 0 0 0 0 0 5 5 4 0 0 0 0 0 0 0 0 1 0 0 0 1 0 
0 3 0 0 0 0 0 4 0 4 2 1 0 0 0 0 0 0 4 5 0 0 0 0 0 1 0 1 0 
0 5 4 3 0 1 0 0 1 0 2 0 0 2 1 0 0 0 0 0 0 0 0 0 0 0 0 4 4 
0 2 3 0 0 0 0 5 4 0 4 3 0 0 0 0 0 0 0 0 0 0 3 3 4 3 0 0 3 
0 1 3 0 1 1 0 2 2 0 2 0 0 3 0 5 0 5 5 3 0 3 4 3 0 0 0 0 4 
3 2 0 0 0 0 0 0 0 5 0 3 0 3 3 0 1 0 0 0 0 3 3 2 0 0 0 0 0 
0 2 0 0 2 0 0 0 0 0 0 0 0 0 2 3 2 0 3 0 0 0 0 0 3 2 0 0 0 
0 0 0 0 2 0 0 0 0 0 3 5 6 5 0 4 2 0 3 3 0 1 0 0 1 0 0 0 0 
0 0 0 0 1 0 0 0 0 0 1 2 3 2 1 1 0 0 1 2 0 0 0 0 0 0 0 0 0 
0 4 0 0 0 0 0 0 0 4 0 0 0 0 0 0 0 5 0 0 4 0 0 0 0 0 6 4 4 
0 3 3 0 3 2 3 3 2 0 2 0 3 3 2 1 0 0 2 2 0 1 0 0 0 0 0 0 0 
0 3 3 1 0 0 1 0 1 0 1 0 0 1 0 4 1 0 2 0 0 0 1 0 0 0 3 0 0 
3 4 0 0 5 3 0 4 0 5 0 0 5 0 1 0 0 0 3 4 4 4 0 0 0 0 2 3 0 
2 0 1 2 4 2 3 3 1 0 1 3 5 0 2 5 3 0 2 0 0 0 1 0 0 4 2 0 0 
1 0 0 0 3 0 6 0 0 4 0 3 0 1 0 4 3 0 1 0 0 3 0 5 3 3 1 0 0 
0 0 2 4 0 0 5 0 3 4 1 1 3 0 0 5 5 0 0 0 5 3 1 4 3 0 2 0 0 
0 0 1 2 0 0 3 2 4 5 0 0 2 0 0 2 2 0 0 0 2 1 0 1 1 0 0 1 2 
3 4 0 0 0 0 0 0 0 0 0 0 0 0 0 0 0 4 0 3 0 0 0 0 0 5 5 4 2 
2 4 0 0 0 0 0 2 1 0 2 0 0 0 0 0 0 4 0 0 0 0 0 4 0 6 0 6 3 
300 83
1 28 1 27
1 28 0 28
1 28 3 28
1 28 1 27
2 3 2 2
2 3 2 5
2 3 3 3
5 0 5 7
5 0 1 0
5 0 6 0
12 1 12 2
12 1 11 1
12 1 13 1
26 9 26 8
26 9 26 12
26 9 25 9
27 26 27 25
27 26 27 27
27 26 25 26
28 25 28 23
28 25 28 27
28 25 27 25
28 25 28 23
28 25 28 27
28 25 27 25
28 27 28 28
28 27 27 27
1 27 1 26
1 27 0 27
1 27 8 27
1 27 1 26
2 1 3 1
2 3 2 5
2 3 3 3
3 1 3 3
3 1 4 1
3 1 3 3
3 3 3 4
4 1 4 2
4 2 4 5
4 28 5 28
5 28 8 28
28 23 28 17
28 23 26 23
28 27 28 28
28 27 27 27
28 28 27 28
1 26 1 24
1 26 0 26
1 26 19 26
1 26 1 24
14 28 13 28
14 28 19 28
14 28 13 28
14 28 19 28
19 26 19 20
19 26 19 27
19 26 21 26
19 26 19 20
19 26 19 27
19 28 19 27
19 28 26 28
24 23 24 21
24 23 24 24
24 23 25 23
26 24 25 24
28 17 28 10
28 17 27 17
28 17 28 10
0 26 0 25
13 28 12 28
19 27 12 27
22 27 22 26
22 27 26 27
22 27 22 26
26 28 27 28
27 27 27 26
12 27 12 28
12 27 11 27
12 27 12 28
12 28 9 28
21 26 21 22
10 27 9 27

6153

2           2             3 3 2         3 2     3 1 2 1 1 
3                                       5 4 4   5 = 6 6 4 
| 1 1 5 = 5                       3 2 2       2     | | | 
| 4 = 5 1 3 2 3 3           4     4 4 3     3 4     | | 1 
| 2 2 - - 3 1       1   4 2   2 2   3 2             | | 1 
5 - - - - - - 4           2         2 1             | | 2 
4         2                         2               | | | 
2                               1                   | | | 
2         2     2 1       3 2       3 3       2     | 3 3 
                            1         2       1     | 3 3 
2                       5 5 4                 1     | 1 | 
  3           4   4 2 1             4 5           1 | 1 | 
  5 4 3   1     1   2     2 1                       | 4 4 
  2 3         5 4   4 3                     3 3 4 3 | | 3 
  1 3   1 1   2 2   2     3   5   5 5 3   3 4 3     | | 4 
3 2               5   3   3 3   1         3 3 2     | | ǁ 
  2     2                   2 3 2   3           3 2 | | ǁ 
        2           3 5 6 5   4 2   3 3   1     1   | | ǁ 
        1           1 2 3 2 1 1     1 2             | | ǁ 
  4               4               5     4 = = = = = 6 4 4 
  3 3   3 2 3 3 2   2   3 3 2 1     2 2   1         |   | 
  3 3 1     1   1   1     1   4 1   2       1 - - - 3   | 
3 4     5 3   4   5     5   1       3 4 4 4         2 3 | 
2   1 2 4 2 3 3 1   1 3 5   2 5 3   2       1     4 2 | | 
1       3   6     4   3   1   4 3   1     3 - 5 3 3 1 | | 
    2 4     5   3 4 1 1 3     5 5       5 3 1 4 3   2 | | 
    1 2     3 2 4 5 - - 2     2 2       2 1   1 1   | 1 2 
3 4                               4   3       |   5 5 4 2 
2 4           2 1   2 = = = = = = 4 - - - - - 4 = 6 = 6 3 
