29 29
2 3 3 0 4 0 0 0 1 3 0 4 0 0 0 3 1 1 2 4 3 2 0 0 0 0 0 5 3 
1 0 1 0 0 1 3 0 0 3 2 4 1 0 0 0 0 0 0 1 0 2 0 3 5 2 0 0 0 
2 5 0 0 5 0 0 0 0 0 0 0 0 0 0 4 0 4 2 2 5 0 0 2 4 3 0 0 0 
2 0 1 1 0 3 0 0 0 3 1 0 0 2 1 3 1 0 1 0 0 0 0 0 0 0 0 0 0 
2 0 0 0 4 4 0 3 2 0 3 0 0 4 0 5 3 0 0 0 0 0 0 0 0 0 0 0 0 
3 4 3 3 0 2 2 0 1 0 0 0 0 0 0 0 2 3 2 0 0 1 0 0 0 0 0 0 0 
3 6 2 0 0 3 4 0 0 0 4 2 0 2 1 0 2 3 1 0 0 0 0 0 0 0 0 0 0 
2 3 2 0 0 1 1 0 0 0 0 0 0 0 0 0 0 1 0 0 0 0 1 3 3 0 0 0 0 
0 3 2 0 3 0 0 5 0 4 0 0 0 0 0 6 0 6 3 0 0 0 0 2 2 0 0 0 0 
0 0 1 0 2 2 1 0 1 0 1 2 2 4 3 0 3 5 4 0 0 4 4 0 0 4 3 0 0 
4 5 0 5 0 0 0 5 4 0 4 5 3 4 2 0 1 1 0 0 0 0 0 4 3 0 2 0 0 
0 0 0 0 1 4 2 0 2 0 0 0 2 3 0 7 0 4 2 0 0 0 0 3 0 1 0 0 2 
0 3 1 0 0 0 0 0 1 0 2 0 1 0 2 2 2 3 1 0 0 2 0 0 2 0 0 0 0 
0 3 0 4 0 6 2 0 0 0 2 0 3 0 7 0 0 0 0 3 0 0 0 2 0 0 0 0 0 
0 3 2 1 2 5 3 0 3 5 4 0 1 1 6 2 0 0 0 2 0 0 0 0 0 0 0 0 1 
0 2 0 1 1 2 2 0 1 3 3 0 0 0 2 0 0 0 0 0 0 0 0 0 0 0 0 0 0 
5 0 0 0 0 0 0 4 0 0 0 4 0 0 0 0 0 0 0 0 6 0 5 5 4 0 0 6 3 
0 1 0 2 0 0 0 0 0 0 0 0 2 0 2 0 0 0 0 0 0 1 2 2 1 1 1 0 2 
0 0 0 0 0 0 0 0 0 0 0 0 5 2 0 0 0 0 0 0 0 0 3 0 1 3 3 0 0 
0 0 0 0 0 0 0 0 0 0 0 0 0 0 0 1 0 0 0 0 4 4 4 0 0 0 1 0 0 
0 0 0 0 0 0 0 0 0 0 0 0 5 0 4 0 0 0 0 0 4 0 0 5 3 3 0 0 0 
0 0 0 0 0 0 0 0 0 0 0 0 4 1 0 3 0 0 0 0 4 3 0 4 1 2 1 0 0 
0 0 0 0 0 0 0 0 0 0 0 0 2 1 0 3 2 0 0 2 2 3 0 0 0 4 2 0 0 
0 1 0 0 0 0 0 0 4 0 0 5 0 0 3 0 0 2 0 0 0 1 0 0 0 1 1 0 0 
0 0 0 0 0 0 0 0 4 1 0 2 1 1 0 0 0 5 0 5 0 0 0 0 0 4 3 0 0 
0 0 0 0 0 0 0 0 2 0 0 0 0 2 1 2 0 4 0 0 0 1 0 0 0 0 0 0 0 
0 3 0 4 0 0 0 5 0 0 0 0 0 0 0 0 0 0 0 0 0 0 0 0 0 0 0 4 4 
5 2 3 0 2 0 0 5 0 0 0 0 0 0 0 0 0 0 0 0 3 2 0 1 1 3 0 3 2 
1 1 4 1 1 0 0 3 0 0 0 0 0 0 0 0 0 2 2 1 2 0 0 0 0 2 1 3 1 
300 35
0 27 0 21
0 27 0 28
0 27 16 27
1 24 1 23
1 24 1 25
1 24 2 24
11 15 11 13
11 15 11 17
11 15 8 15
11 15 12 15
13 14 13 12
13 14 13 19
13 14 12 14
13 14 14 14
16 0 16 7
16 0 10 0
16 0 27 0
18 12 18 13
18 12 17 12
18 12 20 12
27 0 27 1
27 0 16 0
27 0 28 0
27 0 27 1
28 1 28 2
28 2 28 3
28 2 27 2
28 2 27 2
26 1 26 3
26 1 23 1
26 1 26 3
26 3 26 7
26 3 17 3
27 2 27 4
17 1 17 3

2692

2 3 3   4       1 3   4       3 1 1 2 4 3 2 - - - - - 5 3 
1   1     1 3     3 2 4 1             1   2   3 5 2   |   
2 5     5                     4   4 2 2 5     2 4 3   |   
2   1 1   3       3 1     2 1 3 1   1                 |   
2       4 4   3 2   3     4   5 3                     |   
3 4 3 3   2 2   1               2 3 2     1           |   
3 6 2     3 4       4 2   2 1   2 3 1                 |   
2 3 2     1 1                     1         1 3 3     |   
  3 2   3     5   4           6   6 3         2 2     |   
    1   2 2 1   1   1 2 2 4 3 | 3 5 4     4 4     4 3 |   
4 5   5       5 4   4 5 3 4 2 | 1 1           4 3   2 |   
|       1 4 2   2       2 3 - 7 - 4 2         3   1   | 2 
| 3 1           1   2   1   2 2 2 3 1     2     2     |   
| 3   4   6 2       2   3 - 7 - - - - 3       2       |   
| 3 2 1 2 5 3   3 5 4   1 1 6 2       2               | 1 
| 2   1 1 2 2   1 3 3       2                         |   
5 - - - - - - 4       4                 6   5 5 4     6 3 
ǁ 1 - 2                 2   2             1 2 2 1 1 1   2 
ǁ     |                 5 2                 3   1 3 3     
ǁ     |                 |     1         4 4 4       1     
ǁ     |                 5   4           4     5 3 3       
ǁ     |                 4 1   3         4 3   4 1 2 1     
ǁ     |                 2 1   3 2     2 2 3       4 2     
ǁ 1   |         4     5     3     2       1       1 1     
ǁ |   |         4 1   2 1 1       5   5           4 3     
ǁ |   |         2         2 1 2   4       1               
ǁ 3 = 4 - - - 5                                       4 4 
5 2 3 - 2     5                         3 2   1 1 3   3 2 
1 1 4 1 1     3                   2 2 1 2         2 1 3 1 
