29 29
1 0 2 1 5 0 6 0 0 0 0 0 0 0 0 0 0 0 0 0 0 0 0 0 0 3 0 3 2 
2 1 0 0 3 1 0 0 2 0 0 4 2 3 0 2 2 0 0 0 3 0 0 2 2 2 0 1 0 
2 0 4 0 0 0 5 0 0 0 0 3 2 0 0 0 2 1 0 0 0 0 0 3 3 0 0 0 0 
2 2 4 5 3 1 0 2 2 0 3 0 0 5 0 0 0 0 0 0 5 0 0 0 0 6 0 5 3 
0 0 2 4 3 0 0 0 3 0 2 1 0 0 1 0 0 1 2 0 0 1 0 4 0 6 0 4 4 
0 0 1 3 3 0 0 0 4 0 0 3 0 5 4 0 0 2 0 0 0 0 0 0 2 2 0 0 0 
0 0 0 1 0 0 0 2 3 0 0 0 0 3 0 0 0 0 4 1 0 0 0 0 2 0 0 5 0 
1 0 3 0 0 0 4 0 0 0 0 0 0 0 0 0 0 0 0 0 5 0 0 5 0 4 4 0 0 
1 0 0 1 0 2 0 0 2 3 0 0 2 1 2 1 1 1 3 2 0 3 0 5 1 3 3 0 0 
0 0 0 1 4 3 0 0 0 0 1 2 0 0 0 2 6 0 4 2 0 3 2 3 0 1 0 0 0 
0 0 0 1 0 2 0 0 0 0 1 0 0 0 0 3 0 0 0 0 0 2 0 0 3 0 0 4 0 
0 0 0 0 0 0 0 0 0 2 2 3 0 0 5 4 4 2 0 2 0 0 0 0 1 1 0 0 0 
2 0 4 6 4 3 0 1 4 2 1 3 1 0 0 0 0 0 0 0 0 0 0 0 2 3 0 0 0 
0 0 0 2 5 3 0 0 0 0 0 1 0 0 0 0 0 0 0 0 0 2 0 1 0 2 1 0 0 
0 0 0 3 5 4 0 0 3 0 0 0 0 0 4 0 0 0 4 3 0 2 0 0 5 0 0 5 5 
2 0 0 0 0 0 0 1 4 0 0 2 0 0 0 0 0 0 0 0 0 0 1 0 5 2 0 0 0 
0 0 0 0 0 0 0 0 0 0 0 1 2 0 0 0 0 0 0 1 0 1 0 0 4 3 1 0 2 
0 0 0 0 0 0 0 1 5 1 0 0 0 1 0 0 2 2 0 2 4 0 0 0 0 0 0 6 5 
0 0 2 0 0 0 0 0 2 0 0 0 0 0 0 0 0 0 0 2 2 1 0 0 3 0 3 0 0 
0 0 0 0 0 0 0 1 3 0 0 0 7 3 0 2 3 2 0 1 0 0 0 0 0 2 0 0 0 
0 0 3 0 0 1 0 0 1 0 0 0 0 1 0 0 0 0 0 1 0 0 3 0 0 0 0 0 3 
2 0 2 0 0 0 0 0 0 0 0 0 0 0 0 5 0 0 6 1 1 0 5 0 0 3 0 0 0 
0 3 0 5 0 0 5 0 0 0 0 0 6 3 0 3 1 0 5 0 1 1 3 1 0 0 0 0 0 
0 1 0 2 2 1 0 0 0 0 2 0 4 1 0 2 1 0 2 0 0 0 0 1 0 0 0 3 0 
5 0 0 0 0 0 6 0 0 0 0 0 0 0 4 0 0 0 0 0 0 0 0 0 0 5 3 3 0 
0 1 3 2 0 0 4 0 0 0 0 0 2 2 3 0 0 0 0 0 0 0 3 4 5 5 2 0 2 
4 0 4 4 3 0 2 1 2 0 0 0 4 5 0 0 1 0 2 0 2 0 2 1 2 2 2 0 2 
4 0 0 0 0 0 0 0 0 0 0 0 2 5 4 0 0 0 0 0 0 0 0 0 0 0 0 4 3 
3 0 0 0 0 2 0 0 0 2 2 0 0 3 2 0 0 0 0 0 3 0 0 2 2 3 0 2 1 
300 49
0 4 0 3
0 4 0 6
0 4 1 4
0 6 0 4
0 6 0 25
0 6 2 6
3 3 3 2
3 3 3 4
3 3 4 3
6 27 6 24
6 27 4 27
6 27 10 27
7 26 7 25
7 26 8 26
7 26 7 25
7 26 8 26
14 28 14 27
14 28 4 28
14 28 16 28
17 28 17 27
17 28 16 28
17 28 20 28
19 12 19 8
19 12 19 13
19 12 16 12
19 12 22 12
21 15 21 18
21 15 19 15
21 15 22 15
24 0 24 6
24 0 21 0
24 0 26 0
25 1 25 2
0 4 1 4
0 6 0 25
0 6 2 6
7 25 7 23
7 25 8 25
14 28 14 27
14 28 4 28
17 28 17 27
17 28 20 28
4 28 4 27
4 28 3 28
17 27 17 20
17 27 14 27
17 27 23 27
17 27 17 20
20 28 25 28

2800

1   2 1 5 = 6 = = = = = = = = = = = = = = = = = = 3   3 2 
2 1     3 1 ǁ   2     4 2 3   2 2       3     2 2 2   1   
2   4       5         3 2       2 1           3 3         
2 2 4 5 3 1   2 2   3     5             5         6   5 3 
    2 4 3       3   2 1     1     1 2     1   4   6   4 4 
    1 3 3       4     3   5 4     2             2 2   | ǁ 
      1       2 3         3         4 1         2 - - 5 ǁ 
1   3       4                           5     5 - 4 4 | ǁ 
1     1   2     2 3     2 1 2 1 1 1 3 2   3   5 1 3 3 | ǁ 
      1 4 3         1 2       2 6   4 2   3 2 3   1   | ǁ 
      1   2         1         3           2     3     4 ǁ 
                  2 2 3     5 4 4 2   2         1 1     ǁ 
2   4 6 4 3   1 4 2 1 3 1                       2 3     ǁ 
      2 5 3           1                   2   1   2 1   ǁ 
      3 5 4     3           4       4 3   2     5     5 5 
2             1 4     2                     1   5 2   | | 
                      1 2             1   1     4 3 1 | 2 
              1 5 1     | 1     2 2   2 4 = = = = = = 6 5 
    2           2       |             2 2 1     3   3 | ǁ 
              1 3 - - - 7 3   2 3 2   1           2   | ǁ 
    3     1     1       | 1   |       1     3         | 3 
2   2                   |     5 - - 6 1 1   5     3   | | 
| 3   5     5           6 3   3 1   5   1 1 3 1       | | 
| 1   2 2 1         2   4 1   2 1   2         1       3 | 
5 - - - - - 6               4                     5 3 3 | 
| 1 3 2     4           2 2 3               3 4 5 5 2   2 
4   4 4 3   2 1 2       4 5     1   2   2   2 1 2 2 2   2 
4                       2 5 4                         4 3 
3         2       2 2     3 2           3     2 2 3   2 1 
