29 29
4 0 0 0 0 3 2 3 0 3 2 4 0 0 0 0 0 0 0 6 4 4 0 0 0 0 2 2 2 
2 1 0 0 0 5 0 5 4 0 3 0 0 4 2 2 3 5 2 0 4 0 2 2 0 4 2 8 6 
2 3 0 1 0 0 0 2 2 0 3 4 2 0 0 0 1 0 1 0 2 0 0 1 4 8 2 0 4 
4 7 0 0 0 7 0 0 0 7 0 0 0 7 5 3 0 6 0 7 4 4 4 0 0 0 0 0 2 
1 4 0 3 1 0 2 4 0 5 2 1 0 3 2 2 0 6 2 0 2 4 0 0 0 4 0 5 1 
4 0 0 0 0 7 0 0 0 0 0 0 0 0 0 0 0 0 0 8 0 8 4 0 0 5 2 0 2 
0 4 0 5 4 0 0 0 0 0 0 0 0 0 0 2 0 0 0 0 2 0 2 0 2 6 2 0 4 
0 0 0 0 0 0 0 0 0 0 0 0 0 0 0 0 0 0 0 0 0 0 0 0 2 4 2 0 0 
0 0 0 0 3 0 2 0 0 0 6 0 0 0 0 7 0 0 0 8 6 0 4 0 6 0 0 7 6 
0 0 0 0 0 0 2 0 1 0 6 0 0 4 2 0 0 0 0 0 0 0 0 0 4 0 0 0 0 
0 0 0 0 0 0 0 0 0 0 0 0 0 0 0 0 0 0 0 0 0 0 0 0 0 0 0 0 0 
0 0 0 0 0 0 0 0 0 0 1 0 0 0 0 0 4 2 2 0 2 0 4 0 0 0 0 0 4 
0 0 1 0 0 0 0 0 0 0 0 0 0 0 0 0 0 1 0 0 0 0 0 0 2 0 0 0 2 
0 0 0 0 0 0 5 0 0 0 0 0 0 0 0 6 6 4 3 0 2 6 4 0 0 0 0 0 1 
0 3 2 0 0 0 5 4 4 0 0 4 0 0 0 8 0 3 1 0 3 0 3 0 0 0 0 0 0 
0 1 0 0 2 0 1 2 2 0 0 0 0 0 0 4 0 2 0 2 2 0 2 0 0 0 0 0 0 
0 0 0 0 3 0 3 0 0 0 0 0 0 0 0 0 0 0 0 0 0 5 3 0 0 0 0 0 0 
0 0 0 0 2 0 4 0 0 0 0 0 0 4 0 2 0 0 2 0 0 0 3 0 0 0 0 0 0 
0 4 0 7 0 7 0 0 0 0 0 0 0 0 0 0 0 0 0 0 0 0 0 6 0 0 0 7 5 
0 0 0 0 2 0 2 4 0 6 0 0 0 0 0 6 4 0 1 0 2 4 2 0 2 2 2 3 2 
0 0 2 0 0 0 2 0 0 6 0 0 4 2 0 0 2 0 0 0 0 0 2 0 0 0 2 0 3 
0 3 0 0 4 0 2 1 0 5 0 0 0 0 0 8 0 0 0 0 7 6 3 0 6 8 0 4 0 
0 4 4 0 0 0 5 1 0 0 2 2 4 1 0 0 2 0 6 2 0 0 2 0 0 4 2 0 0 
0 2 0 7 4 0 0 0 0 0 0 0 0 0 0 0 1 0 6 0 5 4 4 0 4 4 0 8 3 
0 3 0 6 2 0 0 1 0 7 7 0 3 0 0 0 2 0 4 2 4 5 2 0 2 4 2 0 2 
0 4 2 6 2 0 0 2 0 2 3 2 0 0 0 0 1 0 0 1 2 2 0 0 0 4 4 0 0 
0 2 2 0 0 5 3 4 0 0 0 0 0 0 0 7 0 0 0 0 0 0 0 7 0 0 0 7 3 
5 0 0 0 0 0 0 0 3 1 2 4 0 4 0 6 2 2 1 0 0 0 0 5 0 1 2 7 2 
3 0 0 0 0 0 0 0 0 0 0 0 0 0 0 0 0 6 0 2 2 0 0 5 2 2 0 5 2 
300 452
0 0 0 5
0 0 1 0
0 0 0 5
0 0 1 0
0 19 0 11
0 19 0 20
0 19 3 19
0 19 0 11
0 19 0 20
0 19 3 19
0 20 0 21
0 20 1 20
0 21 0 26
0 21 3 21
0 21 0 26
1 17 1 16
1 17 1 18
1 17 3 17
1 20 2 20
1 27 1 26
1 27 1 28
1 27 0 27
1 27 4 27
1 27 1 26
1 27 1 28
1 27 0 27
1 27 4 27
1 28 0 28
1 28 2 28
2 25 2 24
2 25 2 26
2 25 1 25
2 25 4 25
2 25 2 24
2 25 2 26
2 25 1 25
2 25 4 25
2 28 1 28
2 28 3 28
2 28 1 28
3 1 3 0
3 1 3 5
3 1 2 1
3 1 4 1
3 9 3 5
3 9 3 13
3 9 0 9
3 9 4 9
3 19 3 17
3 19 3 20
3 19 5 19
3 28 4 28
5 5 5 0
5 5 5 19
5 5 3 5
5 5 18 5
5 19 5 5
5 19 5 21
5 19 3 19
5 19 8 19
5 21 5 19
5 21 5 22
5 21 4 21
5 21 13 21
6 1 6 3
6 1 14 1
6 1 6 3
6 1 14 1
6 4 6 3
6 4 8 4
6 4 6 3
6 4 8 4
6 15 8 15
6 20 8 20
8 4 15 4
8 10 8 6
8 10 8 15
8 10 9 10
8 10 8 6
8 10 8 15
8 10 9 10
8 19 8 15
8 19 8 20
8 19 5 19
8 19 15 19
8 20 8 19
8 20 6 20
8 20 11 20
8 20 8 19
8 27 8 24
8 27 8 28
8 27 4 27
8 27 18 27
8 28 8 27
8 28 6 28
8 28 11 28
8 28 8 27
8 28 6 28
9 10 9 8
9 10 9 13
9 10 11 10
9 10 9 13
9 13 9 14
9 13 17 13
9 24 8 24
9 24 12 24
9 24 8 24
9 24 12 24
11 16 11 17
11 16 13 16
11 16 11 17
11 16 13 16
11 18 13 18
11 20 13 20
11 22 8 22
11 22 13 22
11 22 8 22
11 22 13 22
11 28 12 28
12 2 14 2
12 17 13 17
13 15 13 16
13 15 8 15
13 15 14 15
13 15 13 16
13 15 8 15
13 15 14 15
13 22 13 21
13 22 14 22
14 6 14 7
14 6 13 6
14 6 15 6
14 11 14 8
14 11 22 11
14 11 14 8
14 11 22 11
14 15 14 17
14 15 15 15
14 15 14 17
14 15 15 15
14 15 15 15
14 15 15 15
16 6 17 6
16 21 16 22
16 21 13 21
16 21 19 21
17 6 16 6
17 6 19 6
17 6 16 6
17 13 17 15
17 13 20 13
17 13 17 15
17 18 14 18
17 18 19 18
18 3 18 1
18 3 18 5
18 3 6 3
18 3 23 3
18 5 18 3
18 5 5 5
18 5 26 5
18 5 26 5
18 23 18 27
18 23 2 23
18 23 26 23
18 23 18 27
18 23 26 23
18 28 18 27
18 28 13 28
18 28 19 28
19 4 21 4
19 15 19 16
19 15 21 15
19 15 19 16
19 15 21 15
19 15 19 16
19 15 19 16
20 2 22 2
20 9 20 6
20 9 19 9
20 9 21 9
20 9 20 6
20 9 19 9
20 9 21 9
20 12 20 13
20 12 22 12
20 12 22 12
21 4 19 4
21 4 23 4
21 4 23 4
21 15 21 20
21 15 26 15
21 15 21 20
21 15 26 15
21 20 21 21
21 20 19 20
21 20 23 20
21 24 21 25
21 24 19 24
21 24 23 24
21 24 21 25
21 24 19 24
21 24 23 24
21 25 21 27
21 25 19 25
21 25 22 25
22 6 22 7
22 6 21 6
22 6 26 6
22 10 24 10
22 10 24 10
22 12 22 13
22 12 24 12
22 18 22 16
22 18 22 19
22 18 23 18
22 18 22 16
22 18 22 19
22 18 23 18
23 4 23 3
23 4 24 4
23 18 23 16
23 18 23 20
23 18 24 18
23 18 23 20
23 24 23 25
23 24 24 24
23 27 23 25
23 27 23 28
23 27 21 27
23 27 26 27
23 27 23 25
23 27 23 28
23 27 21 27
23 27 26 27
24 9 24 7
24 9 24 10
24 9 21 9
24 9 25 9
24 12 24 10
25 3 25 2
25 3 25 4
25 3 24 3
25 3 25 2
25 3 25 4
25 3 24 3
26 15 26 7
26 15 26 23
26 15 27 15
26 27 26 23
26 27 26 28
26 27 27 27
27 0 27 8
27 0 5 0
27 0 28 0
27 11 27 10
27 11 27 13
27 11 27 10
27 11 27 13
27 13 27 15
27 13 27 15
27 15 27 16
27 15 26 15
28 17 28 0
28 17 28 19
28 17 27 17
28 17 28 0
28 17 28 19
28 17 27 17
28 20 28 23
28 27 28 25
28 27 28 28
28 27 27 27
0 11 0 10
0 11 2 11
1 8 1 7
1 8 2 8
1 8 1 7
1 8 2 8
1 13 1 14
1 13 3 13
1 13 1 14
1 13 3 13
1 20 2 20
1 25 1 23
1 25 1 23
2 11 2 10
2 11 2 12
2 11 2 10
2 16 1 16
2 18 1 18
2 24 6 24
2 24 6 24
3 14 3 13
3 14 3 15
3 14 4 14
4 4 4 3
4 6 4 7
4 7 4 6
4 7 4 9
4 7 4 9
4 17 4 15
4 17 4 18
4 17 3 17
4 17 4 15
4 17 4 18
4 17 3 17
4 25 4 27
4 25 5 25
4 27 8 27
5 21 5 22
5 21 4 21
5 21 13 21
5 22 3 22
5 22 6 22
5 25 5 26
5 25 6 25
5 25 5 26
5 25 6 25
5 28 6 28
6 15 8 15
6 22 8 22
6 25 6 26
6 25 7 25
6 28 5 28
8 19 15 19
8 24 7 24
9 6 13 6
9 6 13 6
11 18 13 18
11 28 12 28
13 6 14 6
13 16 13 17
13 18 13 17
14 2 14 1
14 8 14 7
14 8 15 8
14 22 15 22
15 1 18 1
15 4 16 4
15 8 15 7
15 17 14 17
16 4 17 4
17 4 16 4
18 1 18 3
18 1 21 1
18 3 23 3
18 27 18 28
18 27 19 27
18 28 18 27
19 6 19 7
19 7 19 9
19 7 15 7
19 7 19 9
20 2 22 2
21 1 22 1
21 25 21 27
21 25 19 25
21 25 22 25
22 2 22 1
22 25 22 26
22 25 23 25
23 3 23 1
23 3 24 3
24 3 24 1
24 3 24 4
24 3 23 3
24 9 24 10
24 9 21 9
24 9 25 9
24 12 24 10
24 18 24 16
24 18 24 19
24 18 24 16
24 24 24 25
24 25 24 26
24 25 25 25
24 25 24 26
25 1 24 1
25 1 26 1
25 1 24 1
25 1 26 1
25 7 26 7
25 11 25 10
25 16 25 19
25 25 25 26
25 26 25 25
25 26 25 25
26 2 26 5
26 2 26 5
26 5 26 6
27 0 27 8
27 0 5 0
27 8 27 9
27 15 27 16
27 18 27 23
28 20 28 23
1 17 1 16
1 17 3 17
1 22 3 22
2 10 1 10
3 22 3 21
3 22 1 22
4 3 4 1
4 21 4 20
4 21 3 21
5 0 5 5
6 25 6 26
6 25 7 25
7 25 7 24
7 25 7 26
13 6 14 6
13 16 13 17
14 22 15 22
21 1 22 1
21 9 21 7
22 1 22 2
22 6 21 6
22 6 26 6
23 1 23 3
24 10 25 10
24 19 24 20
25 7 26 7
25 10 25 11
26 7 26 15
26 23 26 27
26 23 27 23
26 23 27 23
1 10 0 10
1 15 3 15
1 15 3 15
3 5 3 1
3 5 3 9
3 5 1 5
3 5 1 5
3 14 3 13
3 14 4 14
3 17 3 19
3 20 3 21
3 20 4 20
4 3 4 1
2 3 2 1
2 7 1 7
4 1 4 0
2 7 1 7
3 0 3 1
3 0 2 0
3 0 3 1
1 5 1 1
1 5 1 7
1 5 0 5
2 0 2 1

4038

4 = = = = 3 2 3   3 2 4 = = = = = = = 6 4 4 = = = = 2 2 2 
2 1 - - - 5 - 5 4 | 3 |   4 2 2 3 5 2 ǁ 4 | 2 2 = 4 2 8 6 
2 3 - 1   ǁ   2 2 | 3 4 2 ǁ   ǁ 1 ǁ 1 ǁ 2 | ǁ 1 4 8 2 ǁ 4 
4 7 = = = 7 = = = 7 - - - 7 5 3   6 = 7 4 4 4 | ǁ ǁ   ǁ 2 
1 4 = 3 1 | 2 4 = 5 2 1   3 2 2 = 6 2 ǁ 2 4 | | ǁ 4 - 5 1 
4 = = = = 7 = = = = = = = = = = = = = 8 = 8 4 | ǁ 5 2 ǁ 2 
ǁ 4 = 5 4 ǁ                   2       ǁ 2 ǁ 2 | 2 6 2 ǁ 4 
ǁ ǁ   | ǁ ǁ                   ǁ       ǁ ǁ ǁ | | 2 4 2 ǁ ǁ 
ǁ ǁ   | 3 ǁ 2 = = = 6 = = = = 7 - - - 8 6 ǁ 4 | 6 - - 7 6 
ǁ ǁ   | | ǁ 2   1 - 6 = = 4 2 ǁ       ǁ | ǁ ǁ | 4     | | 
ǁ ǁ   | | ǁ ǁ       |     |   ǁ       ǁ | ǁ ǁ | ǁ     | | 
ǁ ǁ   | | ǁ ǁ       1     |   ǁ 4 2 2 ǁ 2 ǁ 4 | ǁ     | 4 
ǁ ǁ 1 | | ǁ ǁ             |   ǁ ǁ 1 ǁ ǁ | ǁ ǁ | 2     | 2 
ǁ ǁ | | | ǁ 5             |   6 6 4 3 ǁ 2 6 4 |       | 1 
ǁ 3 2 | | ǁ 5 4 4 = = 4   |   8 = 3 1 ǁ 3 | 3 |       | | 
ǁ 1   | 2 ǁ 1 2 2     ǁ   |   4   2 | 2 2 | 2 |       | | 
ǁ |   | 3 ǁ 3 |       ǁ   |         |     5 3 |       | | 
ǁ |   | 2 ǁ 4 |       ǁ   4 = 2     2     | 3 |       | | 
ǁ 4 = 7 = 7 | |       ǁ   |         |     |   6 = = = 7 5 
ǁ |   ǁ 2 ǁ 2 4 = 6   ǁ   |   6 4   1   2 4 2 ǁ 2 2 2 3 2 
ǁ | 2 ǁ ǁ ǁ 2 = = 6   ǁ 4 2   ǁ 2       |   2 ǁ ǁ ǁ 2   3 
ǁ 3 ǁ ǁ 4 ǁ 2 1 - 5   ǁ ǁ     8 = = = = 7 6 3 ǁ 6 8 = 4   
ǁ 4 4 ǁ ǁ ǁ 5 1   ǁ 2 2 4 1   ǁ 2 = 6 2 |   2 ǁ ǁ 4 2 ǁ   
ǁ 2 = 7 4 ǁ ǁ     ǁ ǁ   |     ǁ 1 - 6 = 5 4 4 ǁ 4 4 = 8 3 
ǁ 3 - 6 2 ǁ ǁ 1 - 7 7 = 3     ǁ 2 = 4 2 4 5 2 ǁ 2 4 2 ǁ 2 
ǁ 4 2 6 2 ǁ ǁ 2   2 3 2       ǁ 1 - - 1 2 2   ǁ   4 4 ǁ   
ǁ 2 2 = = 5 3 4 = = = = = = = 7 - - - - - - - 7 = = = 7 3 
5 = = = = = = = 3 1 2 4 = 4 = 6 2 2 1 - - - - 5   1 2 7 2 
3 = = = = = = = = = = = = = = = = 6 = 2 2 = = 5 2 2 - 5 2 
