29 29
4 0 0 0 0 0 0 0 0 0 0 5 0 0 0 0 0 0 5 0 0 0 0 0 4 2 1 2 2 
0 4 3 3 0 0 4 4 0 6 4 3 0 0 3 4 0 0 5 0 4 0 2 2 4 0 2 6 3 
0 0 1 5 4 2 0 4 2 0 5 4 0 0 0 0 4 4 4 0 0 0 0 0 5 2 2 0 0 
0 5 0 7 0 0 7 0 0 5 6 0 0 0 0 0 0 0 0 0 0 0 0 0 7 4 4 6 3 
0 0 2 0 4 2 0 4 3 0 0 3 0 5 0 4 0 0 0 0 0 5 3 2 0 0 1 0 0 
0 5 6 0 3 0 3 2 0 0 0 4 2 4 0 0 4 0 2 0 0 0 0 0 0 0 0 0 0 
0 3 3 6 0 0 0 4 4 0 6 0 0 0 0 0 0 0 0 0 0 8 7 4 0 4 0 0 0 
0 3 1 1 2 0 0 0 3 0 4 0 0 0 4 3 3 0 0 0 0 4 3 2 0 2 0 0 0 
6 0 0 0 0 0 0 0 0 8 0 0 0 0 0 0 0 0 0 0 0 0 0 0 6 0 6 7 4 
0 2 0 0 0 0 6 0 0 7 0 0 0 0 0 0 0 0 0 0 6 0 5 1 0 0 0 0 2 
0 3 3 0 4 2 0 2 1 0 1 2 2 2 0 0 0 0 4 0 4 1 0 2 0 0 0 3 4 
0 3 0 0 0 0 4 4 2 2 1 0 0 3 0 0 0 0 3 1 2 0 0 0 0 0 0 0 1 
4 0 0 0 0 0 0 0 0 0 0 5 5 0 0 2 0 0 5 2 0 0 0 0 0 0 0 0 2 
0 4 6 0 0 0 0 0 0 0 0 6 0 6 0 0 0 0 0 0 7 5 0 0 0 2 0 1 0 
0 4 0 2 0 2 0 0 6 0 0 5 0 5 0 0 0 4 1 0 0 0 0 0 0 0 0 4 4 
0 0 0 0 0 0 0 0 0 0 0 0 0 0 2 0 0 0 0 0 0 4 0 3 0 4 6 7 4 
0 0 0 5 4 0 0 0 0 0 0 0 2 5 4 1 0 5 4 0 0 3 0 0 0 2 0 0 2 
0 0 0 0 0 0 0 0 0 0 0 0 2 3 0 0 0 0 4 0 0 0 0 0 0 0 0 0 1 
0 0 0 0 4 0 0 0 7 1 0 0 6 0 0 0 0 0 0 0 5 2 0 0 0 0 0 0 0 
0 4 0 0 0 0 0 2 2 0 0 0 2 2 0 0 0 0 4 1 0 0 0 0 0 5 4 0 0 
0 4 8 3 4 0 0 7 0 0 0 5 0 0 0 0 0 0 5 1 0 0 0 0 3 0 2 0 0 
0 2 8 0 6 6 0 7 0 0 0 0 0 0 0 5 0 1 5 2 0 4 5 0 2 0 0 0 0 
0 2 6 4 2 4 2 4 2 0 1 0 0 0 0 5 2 0 4 2 0 2 2 0 1 5 4 5 2 
5 0 0 0 0 0 0 0 0 0 0 0 0 0 0 0 0 0 0 0 8 0 0 6 1 0 3 5 2 
0 4 0 5 0 0 0 0 0 6 0 0 0 6 0 2 2 2 3 0 0 4 2 0 0 0 2 1 2 
0 4 2 3 0 2 0 0 0 0 1 0 0 5 0 3 5 0 5 0 0 0 2 6 2 0 0 2 3 
6 0 0 0 0 0 0 0 0 6 0 0 0 0 3 0 3 0 5 1 0 4 0 4 1 0 2 4 0 
3 0 0 0 0 3 2 0 2 0 4 0 0 0 0 0 0 0 0 0 7 0 0 5 1 2 0 0 0 
2 0 0 0 0 0 0 0 0 0 0 0 0 0 0 0 0 0 0 0 3 2 0 5 0 0 5 5 3 
300 485
0 0 0 11
0 0 8 0
0 0 0 11
0 0 8 0
0 18 0 11
0 18 0 24
0 18 1 18
1 1 1 2
1 1 3 1
1 1 1 2
1 1 3 1
1 9 1 7
1 9 1 10
1 9 3 9
1 9 1 7
1 9 1 10
1 9 3 9
1 10 1 11
1 10 2 10
2 10 2 11
2 10 3 10
2 10 2 11
2 10 3 10
3 3 3 1
3 3 3 6
3 3 2 3
3 3 6 3
3 10 3 9
3 10 3 24
3 10 6 10
3 10 3 9
3 24 3 25
3 24 2 24
3 24 8 24
4 2 5 2
4 4 4 5
4 4 5 4
4 4 4 5
4 4 5 4
4 13 4 11
4 13 4 15
4 13 5 13
4 21 4 15
4 21 4 22
4 21 6 21
5 1 5 2
5 1 3 1
5 1 6 1
5 2 5 1
5 2 4 2
5 2 6 2
5 2 5 1
6 10 6 8
6 10 6 21
6 10 7 10
6 10 6 8
6 10 6 21
6 21 6 22
6 21 4 21
6 21 7 21
6 25 3 25
6 25 7 25
6 25 3 25
6 25 7 25
8 0 8 9
8 0 12 0
8 9 8 0
8 9 8 24
8 9 9 9
8 9 8 24
8 9 9 9
8 9 9 9
8 9 9 9
8 24 8 26
8 24 3 24
8 24 20 24
8 26 8 27
8 26 4 26
8 26 15 26
9 6 9 1
9 6 9 9
9 6 11 6
9 6 9 1
9 6 9 9
9 6 11 6
9 20 9 9
9 20 9 22
9 20 10 20
9 20 9 22
9 20 10 20
9 20 10 20
13 20 13 13
13 20 13 21
13 20 11 20
13 20 18 20
13 25 15 25
15 14 16 14
15 27 15 26
15 27 15 28
15 27 14 27
15 27 22 27
16 3 16 4
16 3 14 3
16 3 20 3
18 8 18 4
18 8 18 9
18 8 14 8
18 8 19 8
18 12 18 20
18 12 17 12
18 12 19 12
18 12 18 20
18 12 17 12
18 12 19 12
19 1 14 1
19 1 20 1
19 1 14 1
19 1 20 1
19 25 19 26
19 25 16 25
19 25 22 25
20 1 20 2
20 1 21 1
20 7 20 4
20 7 20 11
20 7 19 7
20 7 21 7
21 2 21 1
21 2 21 4
21 2 20 2
21 2 22 2
21 5 21 4
21 5 21 7
21 5 22 5
21 5 21 4
21 5 21 7
21 5 22 5
21 15 21 7
21 15 21 17
21 15 22 15
21 18 21 19
21 18 20 18
21 18 22 18
23 0 23 20
23 0 12 0
23 0 26 0
23 20 23 0
23 20 23 23
23 20 18 20
23 20 27 20
24 1 24 3
24 1 25 1
24 1 24 3
24 1 25 1
24 9 24 3
24 9 24 13
24 9 26 9
24 9 24 3
24 9 24 13
24 9 26 9
24 13 24 15
24 13 25 13
24 13 24 15
24 13 25 13
24 21 24 22
24 21 26 21
24 21 24 22
24 21 26 21
25 1 25 2
25 1 25 2
25 13 25 10
25 13 25 15
25 13 25 15
25 15 25 16
25 18 25 16
25 18 24 18
25 18 26 18
25 22 25 23
26 0 26 9
26 0 23 0
26 0 27 0
26 9 26 0
26 9 26 14
26 9 26 14
26 14 26 16
26 18 26 16
26 18 26 19
26 18 25 18
26 21 26 23
26 21 28 21
27 10 27 8
27 10 27 20
27 10 27 8
27 10 27 20
27 20 23 20
27 20 28 20
27 20 28 20
27 20 28 20
27 23 27 24
27 23 26 23
27 23 28 23
27 25 22 25
27 25 22 25
28 0 27 0
28 0 27 0
28 21 28 23
28 23 28 26
28 23 27 23
28 27 28 26
28 27 28 28
28 27 26 27
1 7 1 6
1 7 2 7
1 15 1 14
1 15 1 18
1 15 1 14
1 15 1 18
1 20 1 18
1 20 1 22
1 20 1 18
1 20 1 22
1 23 1 24
2 4 2 3
2 4 2 5
2 4 2 3
2 4 2 5
2 7 2 8
2 7 4 7
2 7 2 8
2 11 2 16
2 11 1 11
2 16 2 17
2 17 2 16
2 17 2 18
2 17 2 16
2 18 2 24
3 1 3 3
3 6 3 3
3 6 1 6
3 6 5 6
3 6 1 6
3 6 5 6
3 24 3 25
3 24 2 24
3 26 3 27
3 26 2 26
3 26 3 27
3 26 2 26
3 27 3 28
3 27 1 27
3 27 8 27
3 27 3 28
4 7 4 8
4 7 5 7
4 7 4 8
4 8 6 8
4 15 4 13
4 15 4 21
5 11 5 12
5 11 4 11
5 11 5 12
5 11 4 11
5 13 5 16
5 13 4 13
5 13 5 16
5 16 5 18
5 18 5 16
6 8 6 7
6 21 6 22
6 21 7 21
6 22 6 23
6 22 4 22
6 22 7 22
7 10 7 8
7 10 7 14
7 10 7 8
7 14 7 15
7 21 7 16
7 21 7 22
8 0 12 0
8 26 8 27
8 26 15 26
8 27 8 28
8 27 10 27
11 6 11 1
11 6 11 7
11 7 11 8
11 7 10 7
11 7 11 8
11 9 11 10
12 0 12 11
12 18 12 15
12 18 12 19
12 18 11 18
13 1 13 2
13 1 14 1
13 1 13 2
13 1 14 1
13 2 13 11
13 2 20 2
13 2 13 11
13 2 20 2
13 11 13 13
13 11 12 11
13 11 14 11
13 11 13 13
13 13 13 20
13 13 11 13
13 13 14 13
13 25 15 25
14 8 14 5
14 8 14 11
14 8 18 8
15 14 16 14
15 25 15 26
15 25 16 25
16 4 16 3
16 4 18 4
16 4 16 3
16 12 16 13
16 14 16 13
16 14 16 15
16 17 16 18
16 17 14 17
17 18 17 13
17 18 16 18
17 18 17 13
17 18 16 18
18 4 18 8
18 4 20 4
18 8 19 8
19 7 20 7
19 13 19 18
20 2 20 3
20 2 21 2
20 2 20 3
20 2 21 2
20 4 20 7
20 4 21 4
20 24 21 24
21 2 21 4
21 2 22 2
21 4 22 4
22 1 22 2
22 3 22 2
22 3 22 4
22 3 22 2
22 3 22 2
22 5 22 6
23 20 23 23
23 20 18 20
23 23 23 24
23 23 15 23
23 23 25 23
23 23 15 23
24 3 25 3
25 3 25 5
25 3 25 5
25 22 25 23
26 18 26 16
27 5 27 6
27 6 27 5
28 23 28 26
0 18 0 11
0 18 0 24
0 24 0 25
0 24 1 24
1 6 1 3
1 14 1 11
1 23 1 24
1 24 1 26
1 27 1 26
1 27 1 28
1 27 0 27
1 27 1 28
1 27 0 27
2 18 2 24
2 24 2 25
6 7 6 3
6 7 5 7
6 7 6 3
7 4 7 3
7 4 7 8
7 14 7 15
7 16 7 15
8 27 8 28
8 27 10 27
8 28 3 28
8 28 9 28
9 28 10 28
10 4 10 2
10 4 10 5
10 4 10 2
10 4 10 5
10 7 10 8
10 10 10 11
10 28 10 27
10 28 11 28
11 1 10 1
12 15 12 18
12 28 14 28
13 20 13 21
13 20 11 20
13 27 14 27
14 3 14 5
14 8 14 11
14 27 14 28
14 27 15 27
14 28 12 28
14 28 15 28
15 28 15 27
15 28 16 28
16 12 16 13
16 17 16 18
16 17 14 17
16 28 17 28
17 13 16 13
19 13 19 18
19 18 19 19
19 18 20 18
20 24 21 24
21 22 21 21
21 22 9 22
21 22 22 22
22 5 22 6
22 7 22 8
22 7 21 7
22 7 22 8
22 7 21 7
22 10 22 15
22 24 22 25
25 16 25 18
25 16 24 16
25 16 24 16
27 23 26 23
0 25 0 26
0 28 1 28
5 4 5 6
6 3 6 2
6 3 3 3
6 3 6 2
7 2 7 1
10 1 10 2
10 1 11 1
10 20 10 18
10 21 13 21
10 23 9 23
10 23 15 23
13 21 15 21
14 17 14 13
14 17 14 18
15 21 13 21
15 21 16 21
15 21 16 21
16 13 14 13
16 21 18 21
18 21 21 21
21 21 21 22
21 21 22 21
22 21 22 22
24 17 24 18
24 17 24 18
26 23 26 24
6 1 7 1
6 1 7 1
9 22 21 22
10 18 10 13
10 18 11 18
10 18 10 13
11 13 11 18
11 19 12 19
14 13 14 11
14 13 14 11
20 11 20 7
20 11 20 18
20 11 20 18
21 7 21 15
21 15 22 15
22 15 22 16
25 23 25 24
25 24 25 23
22 15 22 16
22 18 22 19
22 18 21 18
22 18 22 19

3108

4 = = = = = = = = = = 5 = = = = = = 5 = = = = = 4 2 1 2 2 
ǁ 4 3 3 - - 4 4 = 6 4 3 - - 3 4 = = 5 = 4 = 2 2 4 - 2 6 3 
ǁ ǁ 1 5 4 2 ǁ 4 2 ǁ 5 4 - - - - 4 4 4 = = = = = 5 2 2 |   
ǁ 5 = 7 = = 7 |   5 6 - - - - - - - - - - - - - 7 4 4 6 3 
ǁ | 2 ǁ 4 2 ǁ 4 3   | 3 - 5 = 4 = = = = = 5 3 2 ǁ ǁ 1 | | 
ǁ 5 6 ǁ 3 - 3 2 |   | 4 2 4 = = 4 = 2     ǁ |   ǁ ǁ | | | 
ǁ 3 3 6 = = = 4 4 = 6 = = = = = = = = = = 8 7 4 ǁ 4 | | | 
ǁ 3 1 1 2 - - - 3 = 4 - - - 4 3 3 - - - - 4 3 2 ǁ 2 | | | 
6 = = = = = = = = 8 = = = = = = = = = = = = = = 6 - 6 7 4 
ǁ 2 = = = = 6 = = 7 - - - - - - - - - - 6 = 5 1 |   ǁ ǁ 2 
ǁ 3 3 = 4 2 ǁ 2 1   1 2 2 2 = = = = 4 - 4 1 ǁ 2 |   ǁ 3 4 
ǁ 3 - - - - 4 4 2 2 1     3 - - - - 3 1 2 | ǁ | |   ǁ   1 
4 - - - - - - - - - - 5 5 |   2 = = 5 2 ǁ | ǁ | |   ǁ   2 
| 4 6 = = = = = = = = 6 = 6 = = = = = = 7 5 ǁ | | 2 ǁ 1 ǁ 
| 4 ǁ 2 - 2 - - 6 = = 5 = 5 - - - 4 1   | ǁ ǁ | | ǁ ǁ 4 4 
| ǁ ǁ |         ǁ         | 2     ǁ     | 4 ǁ 3 | 4 6 7 4 
| ǁ ǁ 5 4       ǁ       2 5 4 1   5 4   | 3 ǁ ǁ | 2   | 2 
| ǁ ǁ | |       ǁ       2 3 = = = = 4   | | ǁ ǁ | |   | 1 
| ǁ ǁ | 4 = = = 7 1     6 = = = = = = = 5 2 ǁ ǁ | |   |   
| 4 ǁ | |     2 2       2 2 = = = = 4 1 ǁ | ǁ ǁ | 5 4 |   
| 4 8 3 4 = = 7 = = = 5 = = = = = = 5 1 ǁ | ǁ ǁ 3 | 2 |   
| 2 8 = 6 6 = 7 = = = = = = = 5 - 1 5 2 ǁ 4 5 ǁ 2 |   |   
| 2 6 4 2 4 2 4 2   1 - - - - 5 2   4 2 ǁ 2 2 ǁ 1 5 4 5 2 
5 = = = = = = = = = = = = = = = = = = = 8 = = 6 1 ǁ 3 5 2 
ǁ 4 = 5 = = = = = 6 = = = 6 = 2 2 2 3   ǁ 4 2 |   ǁ 2 1 2 
ǁ 4 2 3 = 2       ǁ 1 - - 5 = 3 5 = 5   ǁ ǁ 2 6 2 ǁ   2 3 
6 = = = = = = = = 6 = = = = 3 - 3 = 5 1 ǁ 4 - 4 1 ǁ 2 4   
3         3 2   2 = 4 = = = = = = = = = 7 |   5 1 2   |   
2                                       3 2 - 5 = = 5 5 3 
