29 29
2 0 5 0 0 0 0 0 0 4 4 0 2 2 4 0 0 0 0 0 0 0 4 2 2 4 2 2 1 
0 2 0 2 4 0 5 0 3 0 0 0 0 0 0 0 0 0 0 0 0 0 6 6 4 5 5 0 0 
0 5 7 3 3 2 0 2 0 0 0 0 0 0 0 0 0 0 0 0 0 0 0 1 2 0 2 0 0 
0 0 0 3 5 5 0 0 0 0 0 2 0 0 3 0 0 0 0 0 0 0 6 0 0 7 0 6 5 
0 1 0 2 0 4 8 6 0 0 0 0 0 0 2 0 0 0 3 2 2 4 0 2 2 0 2 2 2 
0 2 0 2 3 2 4 4 0 0 0 0 0 0 0 0 0 0 0 4 1 0 0 6 4 0 5 5 2 
0 0 0 0 0 1 2 2 0 0 0 0 0 0 0 0 0 0 0 0 0 0 0 0 0 0 0 3 2 
0 3 0 6 0 0 0 0 7 0 0 0 0 0 0 0 0 0 6 8 5 0 0 4 0 8 8 4 1 
0 0 0 0 4 0 3 1 0 1 4 3 0 5 0 0 3 2 0 0 4 0 0 3 0 4 3 5 2 
5 3 0 0 6 2 0 0 0 0 6 4 2 8 2 0 0 0 0 6 6 6 0 5 0 4 4 8 2 
2 2 0 0 5 5 7 3 0 0 2 0 0 3 1 0 0 0 0 4 4 4 0 4 2 0 0 6 2 
4 4 0 0 0 3 0 2 0 4 0 8 0 0 0 0 7 4 0 3 0 0 7 0 0 5 0 2 0 
6 4 0 5 5 4 0 0 0 2 1 6 5 2 0 0 0 2 0 0 4 0 5 4 2 3 0 3 1 
0 2 0 3 0 0 6 4 0 1 0 3 1 0 0 0 0 0 0 0 2 2 1 3 0 4 0 0 0 
4 0 5 0 0 0 0 0 5 0 0 0 0 0 0 0 7 4 0 0 2 7 0 0 0 0 8 8 3 
0 2 0 3 0 3 4 3 0 4 0 0 0 0 4 0 8 2 0 0 1 2 1 0 2 0 0 2 3 
3 3 0 0 1 0 0 0 0 0 0 2 0 0 0 0 6 1 0 0 0 0 0 0 0 0 0 4 4 
4 2 0 0 0 0 4 0 0 0 0 0 0 0 0 0 0 0 0 4 0 0 7 0 6 2 0 0 0 
4 1 0 0 0 0 2 0 0 0 0 0 0 0 0 0 0 0 0 0 0 0 0 1 3 0 0 0 0 
0 2 0 0 2 7 0 4 0 0 0 0 0 0 0 0 3 2 0 0 0 0 0 0 0 0 0 0 0 
6 6 0 6 4 0 2 0 0 0 0 0 0 0 0 0 0 0 0 0 0 0 0 0 0 0 0 5 1 
0 0 0 2 2 0 0 0 0 4 3 0 0 0 0 0 0 0 0 0 0 0 0 0 0 0 0 0 0 
0 4 0 2 0 6 0 0 0 1 0 0 0 0 0 0 0 0 0 0 0 0 4 0 4 0 0 0 0 
0 2 0 2 0 4 0 0 0 0 3 0 0 4 0 0 0 0 3 5 0 0 0 0 4 2 0 0 1 
6 0 7 0 0 0 6 4 0 0 0 0 0 3 0 0 2 0 0 2 0 0 0 0 0 0 0 0 0 
5 2 0 2 3 1 2 2 0 0 0 0 0 0 0 0 0 0 0 0 0 0 0 0 0 0 0 0 0 
3 0 7 0 6 0 2 1 5 0 0 0 0 0 0 0 0 0 0 0 0 0 0 0 0 0 6 8 3 
4 0 7 3 6 0 5 2 4 0 0 0 0 0 0 0 3 0 0 0 0 0 0 0 0 0 3 3 0 
3 3 5 3 2 2 5 2 1 0 0 0 0 0 0 0 2 0 0 0 0 0 0 0 0 0 2 2 1 
300 474
0 2 0 0
0 2 0 9
0 2 2 2
1 1 2 1
1 6 1 4
1 6 1 8
1 6 4 6
1 26 1 25
1 26 0 26
1 26 2 26
2 1 2 2
2 1 1 1
2 1 4 1
2 1 2 2
3 5 3 4
3 5 2 5
3 5 4 5
3 25 3 22
3 25 3 27
3 25 1 25
3 25 7 25
3 28 3 27
3 28 0 28
3 28 4 28
4 6 4 5
4 6 4 7
4 6 1 6
4 6 5 6
5 26 5 27
5 26 4 26
5 26 7 26
7 8 7 3
7 8 7 18
7 8 1 8
7 8 14 8
7 19 7 18
7 19 7 20
7 19 5 19
7 19 9 19
7 19 7 18
7 19 7 20
7 19 5 19
7 19 9 19
7 25 7 23
7 25 7 26
7 25 3 25
7 25 8 25
7 26 7 25
7 26 7 27
7 26 5 26
7 26 8 26
8 4 8 6
8 4 9 4
8 4 8 6
8 4 9 4
8 13 8 11
8 13 8 16
8 13 9 13
9 0 9 1
9 0 0 0
9 0 10 0
9 4 9 1
9 4 9 5
9 4 10 4
9 4 9 1
9 5 10 5
9 10 9 11
9 10 8 10
9 10 10 10
9 10 9 11
9 10 8 10
9 10 10 10
9 13 9 12
9 13 9 14
9 13 8 13
9 13 10 13
9 13 9 12
9 13 9 14
9 13 8 13
9 19 9 20
9 19 10 19
9 27 9 26
9 27 9 28
9 27 8 27
9 27 10 27
9 27 9 26
9 27 9 28
9 27 8 27
9 27 10 27
10 6 10 5
10 6 10 7
10 6 8 6
10 6 13 6
10 27 10 24
10 27 10 28
10 27 11 27
10 27 10 24
10 28 12 28
11 11 11 9
11 11 11 16
11 11 9 11
11 11 12 11
11 11 11 9
11 11 11 16
11 11 9 11
11 11 12 11
11 16 11 17
11 16 8 16
11 16 14 16
11 22 11 19
11 22 11 25
11 22 3 22
11 22 12 22
12 0 12 1
12 0 11 0
12 0 14 0
12 0 12 1
12 0 11 0
12 0 14 0
12 3 12 1
12 3 12 4
12 3 13 3
12 11 12 10
12 11 12 12
12 11 13 11
12 11 12 12
12 12 12 13
12 12 13 12
12 12 12 13
14 0 14 2
14 0 16 0
14 2 14 8
14 2 24 2
14 2 14 8
14 2 24 2
14 21 14 20
14 21 14 26
14 21 13 21
14 21 15 21
14 26 14 21
14 26 14 27
14 26 26 26
14 26 14 27
14 26 26 26
14 26 14 27
14 26 14 27
15 1 16 1
15 14 15 9
15 14 15 16
15 14 15 9
15 14 15 16
15 16 15 17
15 16 14 16
15 16 16 16
17 22 17 19
17 22 17 24
17 22 15 22
17 22 22 22
18 23 18 24
19 5 19 4
19 5 19 7
19 5 15 5
19 5 22 5
20 0 20 1
20 0 18 0
20 0 24 0
20 0 20 1
20 0 18 0
20 0 24 0
20 1 19 1
20 1 22 1
20 1 19 1
20 1 22 1
20 3 20 4
20 3 15 3
20 3 21 3
20 3 20 4
20 3 15 3
20 3 21 3
20 4 19 4
20 4 21 4
20 6 24 6
20 27 20 28
20 27 16 27
20 27 26 27
21 4 25 4
22 1 23 1
22 3 23 3
23 5 22 5
23 5 25 5
23 5 22 5
23 5 22 5
23 28 26 28
24 0 24 2
24 0 25 0
24 2 24 0
24 2 26 2
24 2 26 2
24 6 24 7
24 6 20 6
24 6 25 6
24 6 24 7
24 6 25 6
26 2 26 0
26 2 26 4
26 2 27 2
26 26 26 8
26 26 26 27
26 26 27 26
26 26 26 8
26 27 26 28
26 27 20 27
26 27 27 27
26 27 26 28
26 27 27 27
26 27 27 27
28 2 28 1
28 2 28 3
28 2 27 2
28 6 28 5
28 6 28 7
28 6 27 6
28 28 28 27
0 2 0 9
0 2 2 2
0 9 0 10
0 10 0 9
0 10 0 12
0 10 0 12
0 13 0 14
2 2 2 3
2 7 4 7
2 26 1 26
3 11 3 14
3 28 3 27
3 28 4 28
4 6 4 5
4 6 4 7
4 6 5 6
4 21 4 20
4 21 9 21
4 21 4 20
4 21 9 21
5 19 5 20
5 19 4 19
5 23 5 24
5 23 4 23
5 23 7 23
5 23 5 24
5 23 4 23
5 23 7 23
5 24 4 24
7 3 7 1
7 3 7 8
7 3 5 3
7 3 7 1
7 3 5 3
7 18 7 8
7 18 4 18
7 18 23 18
7 20 8 20
7 23 7 25
7 25 7 26
8 7 10 7
8 10 8 9
8 10 8 11
8 20 7 20
8 20 9 20
8 20 7 20
9 0 10 0
9 19 9 20
9 19 10 19
9 21 9 20
9 21 10 21
9 21 9 20
9 21 10 21
9 23 9 25
9 23 8 23
9 23 10 23
9 26 9 25
9 26 8 26
10 6 10 5
10 6 10 7
10 6 13 6
10 13 10 14
10 19 10 20
10 19 11 19
10 20 10 21
10 20 9 20
10 20 10 21
10 23 9 23
11 0 11 1
11 0 11 1
11 7 13 7
11 9 12 9
12 5 12 4
12 5 11 5
12 5 12 4
12 5 11 5
12 20 12 22
12 20 13 20
12 20 12 22
12 20 13 20
13 6 13 3
13 6 13 7
13 6 13 3
13 6 13 7
13 7 11 7
13 11 13 9
13 25 13 23
13 25 12 25
13 25 13 23
13 25 12 25
15 1 16 1
15 3 15 5
15 9 15 7
15 9 21 9
15 16 15 17
15 16 14 16
15 16 16 16
15 24 17 24
16 11 16 16
16 16 16 11
16 16 16 17
16 16 19 16
16 28 16 27
16 28 15 28
16 28 16 27
16 28 15 28
17 6 15 6
17 6 18 6
17 6 15 6
17 6 18 6
17 22 17 19
17 22 17 24
17 22 22 22
17 24 17 25
17 24 15 24
17 24 18 24
17 25 23 25
18 0 18 1
18 0 17 0
18 24 22 24
19 5 19 7
19 5 15 5
19 5 22 5
19 7 15 7
19 7 24 7
19 17 19 16
19 17 19 16
20 27 16 27
21 9 21 10
21 9 22 9
21 9 21 10
21 10 23 10
22 1 23 1
22 3 23 3
22 22 22 24
22 24 22 22
22 24 23 24
23 10 23 13
23 24 23 19
23 24 23 25
23 24 23 19
24 0 25 0
24 7 24 13
25 1 25 0
25 3 25 4
25 7 26 7
26 8 27 8
28 27 28 26
0 13 0 14
0 14 0 22
0 14 3 14
0 22 0 23
0 22 1 22
0 22 0 23
1 23 1 22
1 23 1 24
1 23 2 23
1 23 1 22
1 23 1 24
2 2 2 3
2 7 4 7
2 24 1 24
3 11 3 14
3 22 3 25
3 22 1 22
3 22 11 22
3 22 1 22
3 27 3 25
3 27 0 27
3 27 4 27
4 7 5 7
4 14 4 18
4 19 4 18
4 24 5 24
5 1 7 1
9 25 9 23
9 25 8 25
11 9 12 9
13 1 12 1
14 17 14 16
14 17 12 17
14 17 14 16
14 17 12 17
15 6 15 7
17 0 17 1
17 0 16 0
17 0 17 1
17 19 11 19
17 19 23 19
23 10 23 13
23 13 23 18
23 13 24 13
23 18 23 19
23 19 24 19
24 13 24 16
24 16 24 19
25 1 25 0
25 3 25 4
26 4 26 2
26 4 26 6
26 4 27 4
26 8 27 8
0 27 0 26
1 22 1 23
1 26 1 25
2 2 2 3
2 24 1 24
4 7 5 7
5 7 5 6
5 7 6 7
6 7 6 6
8 23 8 25
8 25 8 23
11 1 11 5
11 1 10 1
11 17 11 16
11 17 8 17
11 17 11 16
11 22 11 25
11 22 12 22
12 3 12 4
12 4 12 3
14 16 14 8
14 16 14 8
16 0 16 1
25 0 26 0
26 4 26 6
26 4 27 4
26 8 27 8
27 4 27 3
27 4 27 6
27 4 28 4
27 4 27 3
27 6 27 7
27 6 28 6
0 24 0 25
0 24 0 25
0 25 1 25
0 25 1 25
1 3 1 4
5 6 5 5
6 6 6 5
7 8 1 8
8 16 8 17
10 1 10 4
10 4 10 5
10 5 10 4
27 6 27 7
27 8 27 16
1 3 1 4
1 4 1 6

3882

2 - 5 = = = = = = 4 4 = 2 2 4 - - - - - - - 4 2 2 4 2 2 1 
| 2 ǁ 2 4 = 5 - 3           |               6 6 4 5 5 | | 
| 5 7 3 3 2 ǁ 2 ǁ           |               ǁ 1 2 | 2 | | 
| |   3 5 5 ǁ ǁ ǁ     2 = = 3               6 = = 7 = 6 5 
| 1   2   4 8 6 ǁ           2 - - - 3 2 2 4 ǁ 2 2 ǁ 2 2 2 
| 2   2 3 2 4 4 ǁ                   | 4 1 ǁ ǁ 6 4 ǁ 5 5 2 
| |   ǁ   1 2 2 ǁ                   | ǁ   ǁ ǁ ǁ   ǁ ǁ 3 2 
| 3 = 6 = = = = 7 = = = = = = = = = 6 8 5 ǁ ǁ 4 = 8 8 4 1 
|       4 = 3 1 | 1 4 3 - 5 - - 3 2 | ǁ 4 ǁ ǁ 3 = 4 3 5 2 
5 3 = = 6 2 | | |   6 4 2 8 2   | | | 6 6 6 ǁ 5 = 4 4 8 2 
2 2 - - 5 5 7 3 |   2 ǁ   3 1   | | | 4 4 4 ǁ 4 2 = = 6 2 
4 4 - - - 3 ǁ 2 | 4 = 8 = = = = 7 4 | 3 - - 7 = = 5   2 | 
6 4 - 5 5 4 ǁ ǁ | 2 1 6 5 2     | 2 | | 4 = 5 4 2 3   3 1 
ǁ 2   3 = = 6 4 | 1 - 3 1       | ǁ | | 2 2 1 3 = 4       
4 - 5 = = = = = 5 = = = = = = = 7 4 | | 2 7 = = = = 8 8 3 
| 2 ǁ 3 - 3 4 3 - 4 = = = = 4 = 8 2 | | 1 2 1   2   ǁ 2 3 
3 3 ǁ ǁ 1 ǁ ǁ |   |   2 = = = = 6 1 | |     |   ǁ   ǁ 4 4 
4 2 ǁ ǁ   ǁ 4 |   |             |   | 4 = = 7 = 6 2 ǁ ǁ   
4 1 ǁ ǁ   ǁ 2 |   |             |   | |     ǁ 1 3 | ǁ ǁ   
ǁ 2 ǁ ǁ 2 7 = 4   |             3 2 | |     ǁ   | | ǁ ǁ   
6 6 ǁ 6 4 ǁ 2 |   |                 | |     ǁ   | | ǁ 5 1 
ǁ ǁ ǁ 2 2 ǁ ǁ |   4 3               | |     ǁ   | | ǁ ǁ   
ǁ 4 ǁ 2 | 6 ǁ |   1 |               | |     4 = 4 | ǁ ǁ   
ǁ 2 ǁ 2 | 4 ǁ |     3 = = 4 - - - - 3 5 = = = = 4 2 ǁ ǁ 1 
6 = 7   | | 6 4 - - - - - 3 - - 2 - - 2             ǁ ǁ | 
5 2 ǁ 2 3 1 2 2                                     ǁ ǁ | 
3 - 7 = 6 = 2 1 5 = = = = = = = = = = = = = = = = = 6 8 3 
4   7 3 6 - 5 2 4 - - - - - - - 3                   3 3   
3 3 5 3 2 2 5 2 1               2                   2 2 1 
