29 29
4 0 0 4 1 0 0 2 2 4 0 0 0 0 3 1 3 0 0 6 2 2 2 4 0 0 3 1 0 
4 2 2 6 0 0 0 5 0 0 0 0 0 0 6 0 0 0 0 7 0 7 4 0 0 2 1 0 0 
4 0 0 0 0 3 0 0 3 0 0 0 1 2 0 0 0 0 0 0 0 0 0 0 1 5 4 0 0 
0 0 0 2 0 3 0 0 0 4 6 0 2 0 0 0 0 0 0 0 2 0 0 0 0 0 4 7 2 
0 3 0 0 0 0 0 6 4 0 0 4 4 0 0 0 2 0 0 0 0 0 0 0 0 0 0 0 0 
0 1 0 0 0 1 0 0 3 2 0 2 0 0 0 0 0 0 0 0 0 0 3 0 5 7 0 7 1 
0 3 0 3 2 7 0 8 4 0 0 0 0 0 0 2 8 0 0 7 4 0 0 0 4 4 1 0 1 
0 1 0 0 0 2 0 0 2 0 6 0 7 4 0 0 4 2 0 0 2 0 0 0 2 0 4 0 0 
0 2 0 0 0 0 0 0 4 2 0 0 0 0 0 0 0 0 0 0 5 5 0 0 1 2 0 0 2 
0 5 0 6 0 0 0 7 3 2 0 0 0 0 0 0 0 0 0 4 0 0 0 0 5 8 5 0 0 
0 5 0 8 0 0 0 6 2 3 0 0 2 0 0 0 0 0 0 4 4 2 2 0 4 0 4 0 0 
0 1 2 4 0 0 0 0 0 2 0 0 0 0 0 0 0 0 0 2 4 2 0 0 2 0 2 0 0 
5 0 0 0 0 0 0 0 0 0 8 0 0 0 7 0 0 0 0 0 0 0 0 6 0 8 0 8 3 
0 1 5 5 0 1 0 1 3 4 0 2 0 0 0 2 0 0 0 0 0 2 2 0 2 0 2 0 2 
0 0 0 2 0 0 0 0 0 0 0 5 2 0 0 0 0 0 0 0 0 0 0 0 6 6 4 0 0 
3 4 8 0 0 0 0 7 7 6 0 0 0 0 0 5 0 0 0 0 0 4 3 0 0 4 3 0 0 
0 0 5 4 2 2 2 0 2 0 0 0 0 1 0 0 0 0 0 0 0 0 0 0 0 0 3 0 0 
0 2 1 2 2 0 4 0 0 0 0 0 0 0 0 0 1 3 0 0 0 7 3 0 0 0 0 0 0 
6 0 2 0 0 0 0 0 0 0 0 5 3 2 0 0 0 0 0 0 0 0 2 0 2 6 4 0 0 
5 0 0 8 7 6 5 0 2 6 0 0 4 2 0 0 0 0 0 0 0 0 0 0 0 0 0 0 0 
3 2 0 2 2 4 4 0 0 2 0 0 0 1 0 2 0 0 0 0 0 0 0 0 0 0 0 0 0 
2 0 0 0 0 0 0 6 0 0 7 6 5 2 0 0 0 0 0 0 0 0 0 0 0 0 0 0 0 
2 3 0 0 4 2 1 4 2 0 0 4 5 2 0 0 0 0 0 0 0 0 0 0 2 8 0 7 4 
2 2 0 0 7 0 0 0 0 0 6 4 4 0 8 0 0 0 0 0 0 8 5 0 3 4 2 0 2 
5 0 0 0 5 1 3 0 0 0 4 0 0 2 6 0 0 0 0 0 2 2 1 0 4 3 0 5 6 
0 2 3 4 0 0 4 0 3 1 2 0 2 0 0 0 2 2 5 0 0 0 0 7 0 0 4 6 4 
3 3 0 4 0 2 0 0 0 0 0 4 0 4 4 2 3 2 1 1 0 0 0 5 0 0 0 8 4 
5 0 5 0 5 0 0 0 0 0 0 0 0 0 0 0 0 0 0 0 0 0 0 6 0 0 2 2 2 
4 2 4 4 3 0 0 0 2 0 0 0 0 0 1 0 2 0 0 3 0 0 0 4 0 0 0 1 0 
300 494
0 0 0 3
0 0 1 0
0 0 0 3
0 0 1 0
0 3 0 4
0 3 1 3
0 19 0 16
0 19 0 20
0 19 1 19
0 19 0 16
0 19 0 20
0 19 1 19
1 0 1 1
1 0 2 0
1 3 1 2
1 3 1 7
1 3 3 3
1 3 1 2
1 3 1 7
1 19 1 14
1 19 1 21
1 19 6 19
2 0 12 0
3 10 3 9
3 10 3 12
3 10 7 10
3 10 3 9
3 10 3 12
3 10 7 10
3 27 3 26
3 27 3 28
3 27 0 27
3 27 5 27
4 11 4 12
4 11 5 11
4 11 4 12
4 11 5 11
4 12 4 16
4 12 7 12
4 16 6 16
5 25 5 24
5 25 5 27
5 25 2 25
5 25 6 25
5 27 5 25
5 27 5 28
5 27 3 27
5 27 12 27
5 27 12 27
6 5 6 4
6 5 6 7
6 5 5 5
6 5 7 5
6 7 6 5
6 7 6 8
6 7 4 7
6 7 9 7
6 28 8 28
7 10 7 8
7 10 7 12
7 10 12 10
7 10 7 8
8 8 8 9
8 8 9 8
8 8 8 9
8 8 9 8
8 20 8 21
8 20 7 20
8 20 10 20
8 28 12 28
9 1 9 3
9 1 8 1
9 1 10 1
9 19 6 19
9 19 10 19
9 19 6 19
9 19 10 19
9 24 9 25
9 24 8 24
9 24 10 24
9 25 9 24
9 25 9 26
9 25 8 25
9 25 12 25
9 25 9 24
9 25 9 26
9 25 8 25
10 1 10 3
10 1 9 1
10 1 11 1
10 3 10 1
10 3 10 7
10 3 9 3
10 3 11 3
10 24 10 22
10 24 11 24
10 24 10 22
10 26 9 26
10 26 11 26
10 26 9 26
10 26 11 26
12 23 12 14
12 23 12 25
12 23 25 23
12 23 12 14
12 23 12 25
12 23 25 23
12 27 12 25
12 27 12 28
12 27 22 27
14 24 14 25
14 24 13 24
14 24 18 24
14 24 14 25
14 24 13 24
14 24 18 24
14 25 14 26
14 25 12 25
14 25 15 25
14 25 14 26
14 26 13 26
14 26 15 26
15 2 15 1
15 2 15 7
15 2 13 2
15 2 16 2
15 2 15 1
15 2 15 7
15 2 13 2
15 2 16 2
15 7 15 8
15 7 13 7
15 7 21 7
15 25 15 26
15 25 18 25
15 25 15 26
16 2 16 3
16 2 17 2
16 2 16 3
16 3 16 4
16 3 17 3
16 26 18 26
16 26 18 26
17 21 17 17
17 21 17 22
17 21 15 21
17 21 23 21
18 0 18 2
18 0 15 0
18 0 19 0
18 0 18 2
18 0 15 0
18 0 19 0
18 11 18 12
18 11 14 11
18 11 21 11
18 26 18 25
18 26 23 26
19 3 19 0
19 3 19 4
19 3 17 3
19 3 20 3
19 6 19 5
19 6 17 6
19 6 20 6
19 9 19 8
19 9 15 9
19 9 20 9
19 9 19 8
19 9 15 9
19 9 20 9
21 10 21 7
21 10 21 11
21 10 12 10
21 10 23 10
22 25 22 24
22 25 18 25
22 25 23 25
22 25 22 24
22 25 18 25
22 25 23 25
22 25 23 25
22 27 22 28
22 27 12 27
22 27 24 27
22 27 22 28
22 27 24 27
22 27 22 28
22 28 13 28
23 4 23 1
23 4 23 10
23 4 22 4
23 4 24 4
23 14 23 12
23 14 23 21
23 14 12 14
23 14 24 14
23 14 23 12
23 14 23 21
23 14 12 14
23 14 24 14
23 21 23 22
23 21 17 21
23 21 24 21
23 28 24 28
24 0 24 4
24 0 23 0
24 0 26 0
24 14 24 13
24 14 24 20
24 14 26 14
24 14 24 13
24 20 24 21
24 22 23 22
24 24 24 25
24 24 23 24
24 24 24 25
24 24 23 24
24 28 24 27
24 28 23 28
24 28 25 28
25 18 25 17
25 18 25 23
25 18 26 18
26 13 26 11
26 13 26 14
26 13 26 11
26 13 26 14
26 14 26 15
26 15 26 16
26 27 26 23
26 27 26 28
26 27 25 27
26 27 27 27
26 27 26 23
26 27 26 28
26 27 25 27
26 27 27 27
26 28 25 28
26 28 27 28
27 0 27 2
27 0 26 0
27 0 28 0
27 26 27 23
28 0 28 1
28 0 27 0
28 0 28 1
28 2 28 3
28 2 27 2
28 2 28 3
28 2 27 2
28 3 28 4
28 3 26 3
28 27 28 23
0 16 0 15
0 23 0 22
0 23 0 26
0 23 0 22
0 23 0 26
0 26 1 26
1 1 4 1
1 14 1 7
1 14 1 19
1 14 0 14
1 14 1 7
1 14 0 14
2 0 12 0
2 13 2 12
2 26 2 25
2 26 3 26
2 26 2 25
2 26 3 26
3 9 3 5
3 9 5 9
3 20 6 20
3 26 3 27
3 27 3 28
4 7 4 1
4 7 4 8
4 7 6 7
4 7 4 1
4 7 4 8
4 8 5 8
5 1 6 1
5 9 5 8
6 5 6 4
6 5 7 5
6 7 6 8
6 7 9 7
6 8 5 8
6 15 6 16
6 16 6 15
6 16 6 19
6 16 7 16
6 16 6 19
6 16 7 16
6 16 7 16
7 16 7 13
9 7 9 3
9 7 9 8
9 7 10 7
9 9 10 9
9 26 7 26
10 3 10 7
10 3 9 3
10 3 11 3
10 7 10 8
10 7 9 7
11 24 11 21
12 10 12 0
12 10 12 14
12 10 21 10
12 10 12 0
12 10 12 14
12 25 12 27
12 27 12 28
13 3 13 2
13 3 13 5
13 3 14 3
13 9 13 8
13 9 15 9
13 9 13 8
13 9 15 9
13 11 14 11
14 3 13 3
15 7 15 8
15 7 21 7
15 8 15 9
15 8 13 8
15 8 16 8
15 9 15 8
15 15 15 21
15 15 13 15
15 15 20 15
16 8 15 8
16 13 18 13
17 1 15 1
17 16 17 17
17 17 17 21
20 15 15 15
21 7 21 0
21 7 21 10
21 7 22 7
22 7 22 6
22 7 22 8
22 7 22 8
22 25 23 25
23 21 23 22
23 26 25 26
24 28 24 27
24 28 25 28
25 18 25 17
25 18 25 23
25 26 25 23
25 26 25 27
25 26 25 23
25 28 25 27
26 11 26 5
26 11 23 11
26 17 26 16
26 17 26 16
27 4 27 23
27 4 24 4
27 4 28 4
27 26 27 23
28 8 28 4
28 8 28 14
28 16 28 19
28 16 28 19
28 19 28 23
28 23 27 23
28 23 27 23
0 9 0 8
0 9 0 14
0 9 0 8
0 21 1 21
0 21 1 21
1 7 0 7
2 8 2 5
3 3 3 5
3 5 2 5
3 20 6 20
7 13 7 12
7 26 7 24
7 26 6 26
7 26 7 24
9 3 9 1
9 3 9 7
9 9 10 9
10 7 10 8
10 9 11 9
11 2 11 3
11 3 11 2
12 0 15 0
13 2 13 1
13 2 13 3
13 11 14 11
15 1 17 1
20 6 20 5
20 6 19 6
20 6 20 5
22 5 22 4
23 21 23 22
23 22 18 22
24 27 25 27
25 3 25 2
25 3 26 3
25 3 25 2
25 3 26 3
25 6 25 8
25 6 24 6
25 6 25 8
25 6 24 6
25 8 25 9
25 10 24 10
25 12 23 12
25 23 26 23
26 3 26 1
26 5 24 5
26 19 26 23
26 23 27 23
27 2 27 0
27 4 24 4
2 5 2 8
6 3 6 1
6 25 6 24
6 25 5 25
6 25 6 24
7 12 7 13
7 12 10 12
7 12 7 13
7 12 10 12
8 1 7 1
10 19 10 20
10 19 11 19
11 19 11 20
11 20 11 21
11 20 10 20
11 20 10 20
18 22 17 22
20 5 20 4
20 5 19 5
22 5 22 4
24 6 24 10
24 10 23 10
24 10 25 10
25 2 25 1
25 12 23 12
26 1 26 0
26 1 25 1
6 1 6 3
6 24 6 20
6 24 5 24
8 21 8 20
8 21 10 21
8 21 8 20
8 21 10 21
19 5 19 4
19 5 19 6
19 5 16 5
19 5 19 4
22 4 22 1
22 12 22 11
22 12 22 13
22 12 21 12
23 4 23 1
23 4 23 10
23 4 24 4
23 11 23 10
23 11 22 11
23 11 23 10
24 0 23 0
1 21 1 19
1 21 1 22
1 21 1 22
1 21 1 22
1 22 1 25
1 25 2 25
5 22 5 24
6 19 6 20
17 6 16 6
21 10 21 11
21 11 21 12
21 11 18 11
21 11 22 11
22 1 22 0
22 11 22 12
5 22 5 24
17 6 16 6
22 1 22 0
16 5 16 4
17 4 19 4
21 0 20 0
17 4 19 4

3394

4 = = 4 1     2 2 4 - - - - 3 1 3 = = 6 2 2 2 4 = = 3 1   
4 2 2 6 = = = 5 = = = = = = 6 = = = = 7 = 7 4 - - 2 1 |   
4 |   |   3 = = 3       1 2           |         1 5 4 |   
ǁ |   2 - 3 - - - 4 6 = 2             | 2         | 4 7 2 
ǁ 3 = = = = = 6 4 | ǁ 4 4 - - - 2     | ǁ         |   ǁ   
ǁ 1       1   ǁ 3 2 ǁ 2 |       |     | ǁ   3 = 5 7 = 7 1 
ǁ 3 = 3 2 7 = 8 4   ǁ   |     2 8 = = 7 4 - - - 4 4 1 ǁ 1 
ǁ 1       2   ǁ 2 = 6 - 7 4 - - 4 2   ǁ 2       2 = 4 ǁ | 
ǁ 2           ǁ 4 2 |   ǁ             ǁ 5 5     1 2 | ǁ 2 
ǁ 5 = 6 = = = 7 3 2 |   ǁ             4 | ǁ     5 8 5 ǁ | 
ǁ 5 = 8 = = = 6 2 3 |   2             4 4 2 2 = 4 | 4 ǁ | 
ǁ 1 2 4           2 |                 2 4 2 - - 2 | 2 ǁ | 
5 = = = = = = = = = 8 = = = 7 = = = = = = = = 6 = 8 = 8 3 
| 1 5 5 - 1   1 3 4 ǁ 2     ǁ 2           2 2 ǁ 2 | 2 ǁ 2 
|   ǁ 2       | | ǁ ǁ 5 2   ǁ |               ǁ 6 6 4 ǁ | 
3 4 8 = = = = 7 7 6 ǁ |     ǁ 5 - - - - - 4 3 ǁ ǁ 4 3 ǁ | 
ǁ ǁ 5 4 2 2 2 ǁ 2 ǁ ǁ |   1 ǁ ǁ           |   ǁ ǁ | 3 ǁ | 
ǁ 2 1 2 2 | 4 ǁ   ǁ ǁ |   | ǁ ǁ 1 3 = = = 7 3 ǁ ǁ | ǁ ǁ | 
6 = 2 | ǁ | | ǁ   ǁ ǁ 5 3 2 ǁ ǁ           ǁ 2 ǁ 2 6 4 ǁ | 
5 - - 8 7 6 5 ǁ 2 6 ǁ ǁ 4 2 ǁ ǁ           ǁ | ǁ   ǁ | ǁ | 
3 2   2 2 4 4 ǁ   2 ǁ ǁ   1 ǁ 2           ǁ | ǁ   ǁ | ǁ | 
2 - - - - - - 6 = = 7 6 5 2 ǁ             ǁ | ǁ   ǁ | ǁ | 
2 3 - - 4 2 1 4 2   | 4 5 2 ǁ             ǁ | ǁ 2 8 | 7 4 
2 2 = = 7 = = = = = 6 4 4 = 8 = = = = = = 8 5 ǁ 3 4 2 ǁ 2 
5 - - - 5 1 3 - - - 4 | ǁ 2 6 - - - - - 2 2 1 ǁ 4 3 | 5 6 
| 2 3 4 ǁ | 4 = 3 1 2 | 2   |   2 2 5 = = = = 7 = = 4 6 4 
3 3 - 4 ǁ 2 - - - - - 4 = 4 4 2 3 2 1 1 - - - 5 = = = 8 4 
5 = 5 | 5 - - - - - - - - - - - - - - - - - - 6 = = 2 2 2 
4 2 4 4 3 - - - 2 - - - - - 1   2 = = 3 - - - 4 - - - 1   
