29 29
2 0 0 0 0 0 0 0 1 0 0 0 4 2 3 1 1 0 0 0 0 0 0 0 0 0 0 0 3 
6 0 0 0 0 0 0 0 0 0 0 0 6 0 6 0 0 0 0 0 0 1 2 0 4 0 0 4 0 
4 2 0 5 0 0 0 1 2 3 1 3 0 2 0 4 0 0 0 0 0 0 0 0 0 0 0 6 3 
6 0 0 8 0 0 0 0 0 7 2 0 0 0 0 4 0 0 2 0 0 0 0 2 0 4 2 0 0 
0 1 0 0 1 0 2 0 0 4 1 0 0 4 8 0 0 0 0 0 0 0 0 0 0 7 3 0 0 
0 5 0 8 7 0 0 0 0 0 5 4 3 3 4 0 5 2 2 3 0 4 5 1 0 0 0 0 0 
0 4 2 2 4 2 0 0 0 1 0 0 0 4 4 2 4 0 4 2 1 0 3 1 0 0 0 0 0 
5 0 0 0 0 0 0 0 0 0 0 0 0 0 0 0 5 0 0 1 4 6 0 4 0 0 0 0 0 
0 2 0 6 0 0 0 0 0 0 0 4 6 2 2 2 0 1 2 0 5 0 3 8 4 0 0 0 0 
0 4 0 8 0 2 2 6 4 2 0 0 0 0 0 0 0 2 0 0 4 0 1 2 2 0 0 0 0 
0 3 0 0 3 0 0 7 0 0 0 0 8 0 8 6 0 3 0 0 0 7 0 0 0 7 0 7 3 
0 0 0 0 0 2 0 0 0 2 2 0 0 0 0 0 0 2 1 5 2 0 2 0 3 0 3 8 3 
0 0 0 0 0 6 2 0 0 0 0 0 0 0 0 0 0 1 0 0 2 0 0 0 0 0 0 0 0 
0 0 0 0 0 0 0 0 2 6 0 0 0 0 0 0 0 4 0 6 5 0 3 4 2 0 0 0 0 
0 5 2 0 0 5 0 7 2 0 0 0 0 0 0 0 0 0 4 6 0 0 1 0 0 0 0 0 0 
0 3 0 0 0 0 0 0 2 0 0 0 0 0 0 0 0 0 0 4 2 0 2 0 0 0 0 2 0 
3 4 0 6 0 5 4 4 4 0 0 0 0 0 0 0 0 0 0 4 2 0 0 0 0 0 0 2 0 
4 5 2 0 0 1 2 4 0 0 0 0 0 0 0 0 0 0 4 0 0 6 7 4 3 0 0 4 0 
3 0 0 7 8 0 0 6 4 0 0 0 0 0 0 0 0 0 5 4 4 0 4 2 0 0 0 0 0 
0 2 0 0 5 0 0 0 0 7 6 2 0 0 0 0 0 0 4 3 3 0 2 0 0 0 1 0 0 
5 4 0 0 5 0 0 2 0 0 1 0 0 2 4 0 0 6 0 0 0 8 0 4 0 0 0 0 0 
0 0 0 0 6 2 0 0 0 0 0 0 0 0 0 2 0 6 0 0 2 3 0 2 5 0 0 0 0 
3 2 0 0 3 0 0 0 0 5 4 1 2 0 0 0 0 4 4 0 0 0 0 2 3 0 0 0 1 
0 0 0 0 0 0 0 0 0 3 0 2 0 0 0 0 0 2 4 2 0 0 0 2 1 0 0 0 1 
3 0 0 6 0 0 0 0 0 0 0 0 0 0 0 0 6 0 0 0 0 0 0 0 0 5 0 7 3 
5 3 1 0 2 0 0 0 0 5 0 0 0 0 2 0 0 2 0 5 0 2 1 4 4 0 1 0 1 
4 3 0 0 2 0 0 0 0 5 0 0 0 0 0 0 7 0 0 6 0 0 0 7 4 3 5 5 3 
3 0 0 8 0 0 0 0 0 0 0 0 4 2 6 0 5 2 0 3 2 0 0 6 5 4 5 3 2 
3 4 2 2 2 0 0 0 0 0 0 0 6 3 3 2 5 0 0 0 0 3 2 1 4 2 3 6 4 
300 468
0 28 0 16
0 28 2 28
0 28 2 28
1 0 1 12
1 0 0 0
1 0 2 0
1 0 1 12
1 0 0 0
1 0 2 0
1 12 1 14
1 12 0 12
1 12 5 12
1 12 1 14
1 14 1 21
1 14 0 14
1 14 4 14
1 14 0 14
1 27 1 24
1 27 2 27
1 27 1 24
1 27 2 27
2 0 2 1
2 0 3 0
2 3 2 1
2 3 2 7
2 3 3 3
2 3 3 3
2 13 4 13
2 15 2 27
2 15 3 15
2 15 2 27
2 15 3 15
3 3 3 0
3 3 3 9
3 3 2 3
3 3 5 3
3 15 3 18
3 15 6 15
4 1 5 1
5 1 5 3
5 1 6 1
5 3 5 1
5 3 5 4
5 3 3 3
5 3 6 3
5 4 5 3
5 4 5 10
5 4 4 4
5 4 6 4
5 22 5 21
5 22 5 23
5 22 6 22
7 0 7 16
7 0 3 0
7 0 16 0
8 3 8 1
8 3 8 11
8 3 9 3
8 3 8 1
8 3 8 11
8 3 9 3
8 11 8 12
8 11 19 11
8 23 8 22
8 23 8 24
8 23 7 23
8 23 9 23
8 23 8 22
8 23 8 24
8 23 7 23
8 23 9 23
8 24 9 24
9 1 9 3
9 1 10 1
9 1 9 3
9 1 10 1
9 3 9 5
9 3 16 3
9 7 9 6
9 7 9 8
9 7 10 7
9 7 9 6
9 7 9 8
9 7 10 7
9 8 9 9
9 8 13 8
9 9 11 9
10 1 14 1
10 12 10 14
10 12 8 12
10 12 22 12
10 12 10 14
10 12 8 12
10 12 22 12
10 14 10 15
10 14 8 14
10 14 20 14
10 21 10 17
10 21 10 25
10 21 7 21
10 21 17 21
10 27 10 25
10 27 10 28
10 27 2 27
10 27 11 27
11 19 11 18
11 19 11 20
11 19 13 19
11 27 11 26
11 27 11 28
11 27 10 27
11 27 15 27
11 27 11 26
11 27 11 28
11 27 10 27
12 5 12 6
12 5 11 5
12 5 14 5
12 5 12 6
12 5 11 5
12 5 14 5
13 9 13 8
13 9 11 9
13 9 19 9
13 9 19 9
13 20 13 19
13 20 12 20
13 20 15 20
14 1 14 2
14 1 15 1
14 7 14 5
14 7 14 8
14 7 10 7
14 7 16 7
14 18 14 19
14 18 17 18
14 18 14 19
14 18 17 18
14 19 13 19
14 19 15 19
14 19 13 19
14 19 15 19
15 19 15 20
15 19 16 19
16 19 16 20
16 19 18 19
16 19 16 20
17 18 18 18
17 21 17 22
17 21 10 21
17 21 20 21
17 21 17 22
17 21 20 21
17 22 17 23
17 22 15 22
17 22 18 22
18 3 18 0
18 3 18 4
18 3 16 3
18 3 24 3
18 4 18 3
18 4 18 7
18 4 10 4
18 4 19 4
18 4 18 3
18 4 18 7
18 4 10 4
18 7 18 8
18 7 17 7
18 7 20 7
18 7 18 8
18 8 16 8
18 20 18 19
18 20 19 20
18 20 18 19
18 20 19 20
19 1 20 1
19 4 20 4
20 0 20 1
20 0 18 0
20 0 22 0
20 21 20 17
20 21 20 23
20 21 21 21
21 4 21 5
21 4 20 4
21 4 22 4
21 4 21 5
21 4 20 4
21 4 22 4
21 24 21 23
21 24 17 24
21 24 22 24
22 10 22 9
22 10 22 11
22 10 20 10
22 10 22 9
24 27 24 25
24 27 24 28
24 27 17 27
24 27 26 27
25 0 25 1
25 0 24 0
25 0 26 0
26 9 26 4
26 9 26 16
26 9 25 9
26 23 26 19
26 23 26 24
26 23 25 23
26 23 27 23
27 3 27 0
27 3 27 12
27 3 24 3
27 3 28 3
27 3 27 0
27 3 27 12
27 3 24 3
27 3 28 3
27 12 27 13
27 12 28 12
27 14 27 13
27 14 27 16
27 14 28 14
27 14 27 16
27 14 28 14
27 14 28 14
28 1 28 0
28 1 28 2
28 1 28 0
28 1 28 2
28 4 28 12
28 12 28 4
28 12 28 13
28 12 28 13
28 12 28 13
28 15 28 16
28 27 28 26
28 27 28 28
28 27 27 27
28 27 28 26
28 27 28 28
28 27 27 27
28 28 27 28
28 28 27 28
0 8 0 12
0 12 0 13
0 12 0 13
0 14 0 15
1 22 1 24
1 24 1 22
2 8 2 9
2 13 4 13
4 6 4 9
4 13 4 14
4 13 5 13
4 14 5 14
5 1 6 1
5 3 5 4
6 1 6 2
7 23 7 21
7 23 6 23
8 12 8 13
8 20 8 18
8 20 7 20
8 20 9 20
8 22 9 22
8 24 9 24
9 3 9 5
9 3 16 3
9 20 9 17
9 20 8 20
9 20 9 17
10 4 10 7
10 7 14 7
10 14 10 15
10 14 8 14
10 14 20 14
10 15 10 17
10 15 8 15
10 15 21 15
10 15 10 17
10 21 10 25
10 21 7 21
11 10 19 10
11 17 12 17
13 17 13 19
13 17 20 17
13 17 13 19
13 17 20 17
13 20 12 20
14 1 14 2
14 1 15 1
15 1 16 1
16 5 16 6
16 5 14 5
16 5 17 5
17 1 17 0
17 1 17 2
17 1 16 1
17 2 17 1
17 7 17 6
17 7 16 7
17 7 17 6
17 18 18 18
18 8 16 8
18 19 18 18
19 1 20 1
19 4 20 4
19 10 19 9
19 10 19 11
19 10 11 10
19 10 19 9
19 18 19 19
19 18 18 18
19 18 19 19
19 18 18 18
19 19 19 20
19 22 18 22
19 26 11 26
20 1 20 0
20 7 20 4
20 13 20 14
20 14 20 13
20 21 20 17
20 21 20 23
20 21 21 21
20 23 18 23
20 23 21 23
21 15 21 17
21 17 21 20
21 17 20 17
21 17 22 17
21 17 21 20
21 17 20 17
21 21 25 21
21 24 17 24
21 24 22 24
22 17 22 18
22 17 23 17
22 17 22 18
22 18 23 18
24 3 24 0
24 3 24 16
24 3 18 3
24 16 26 16
25 2 25 1
25 14 25 9
26 28 26 27
26 28 25 28
26 28 26 27
28 0 27 0
28 15 28 16
2 8 2 9
4 6 4 9
4 9 4 10
4 9 3 9
4 14 5 14
5 10 5 4
5 10 5 11
5 10 5 11
5 10 5 11
5 11 5 12
5 12 5 13
6 1 6 2
6 3 6 4
6 4 6 5
8 12 8 13
8 15 8 17
11 19 11 20
15 27 16 27
16 3 16 1
16 6 16 5
16 6 16 7
16 6 16 5
16 7 16 8
16 8 15 8
16 27 17 27
17 27 24 27
19 10 19 9
19 22 18 22
22 1 22 0
22 4 22 9
22 18 23 18
23 18 23 17
23 18 23 19
23 19 25 19
24 16 26 16
24 28 24 27
24 28 23 28
25 14 25 9
26 0 26 1
26 0 25 0
26 0 26 1
26 1 25 1
2 11 2 10
3 9 3 3
3 9 3 10
3 9 2 9
3 9 3 10
4 14 5 14
6 4 6 5
6 9 6 13
6 13 6 14
6 13 5 13
6 13 6 14
6 14 6 15
6 14 5 14
14 5 14 7
14 7 14 8
16 3 16 1
17 1 17 0
18 22 18 23
19 9 22 9
22 1 22 0
22 28 11 28
23 11 23 9
23 11 23 9
24 0 25 0
3 0 7 0
10 28 10 27
10 28 2 28
17 0 16 0
17 0 18 0
17 22 17 23
17 22 15 22
17 23 17 24
17 23 13 23
19 9 22 9
10 25 4 25
10 25 24 25
13 23 13 22
13 23 13 24
13 23 13 22
13 24 11 24
14 22 13 22
16 0 7 0
4 25 4 26
4 25 3 25
4 25 10 25
4 25 4 26
4 25 3 25
7 16 7 19
7 16 6 16
7 16 6 16
7 16 6 16
8 18 8 20
10 25 24 25
11 22 11 24
11 24 11 22
6 16 6 18
6 18 6 19
6 18 5 18
6 18 6 19
7 20 7 21
7 20 6 20
7 20 7 21
7 21 5 21
5 16 5 17
5 21 5 19
5 21 5 22
5 22 6 22
5 16 5 17
5 19 5 18
3 18 3 23
3 23 3 25
3 25 3 26
3 26 4 26

4274

2               1 - - - 4 2 3 1 1 - - - - - - - - - - - 3 
6 = = = = = = = = = = = 6 = 6 - - - - - - 1 2 = 4 = = 4 ǁ 
4 2 - 5 - - - 1 2 3 1 3 | 2 | 4 = = = = = = = = = = = 6 3 
6 - - 8 = = = = = 7 2   | ǁ | 4 - - 2 - - - - 2 - 4 2 | | 
ǁ 1   ǁ 1   2 = = 4 1   | 4 8 |                   7 3 | | 
ǁ 5 = 8 7 = = = = = 5 4 3 3 4 | 5 2 2 3 - 4 5 1   ǁ   | | 
ǁ 4 2 2 4 2       1 - - - 4 4 2 4 - 4 2 1 | 3 1   ǁ   | | 
5 - - - - - - - - - - - - - - - 5 - - 1 4 6 - 4   ǁ   | | 
ǁ 2 = 6 = = = = = = = 4 6 2 2 2 - 1 2 = 5 ǁ 3 8 4 ǁ   | | 
ǁ 4 = 8 = 2 2 6 4 2   | ǁ   ǁ |   2 = = 4 ǁ 1 2 2 ǁ   | | 
ǁ 3   ǁ 3 - - 7 | |   | 8 = 8 6 = 3 - - - 7 = = = 7 - 7 3 
ǁ |   ǁ ǁ 2   ǁ | 2 2 | ǁ   ǁ |   2 1 5 2 ǁ 2 = 3 ǁ 3 8 3 
ǁ |   ǁ ǁ 6 2 ǁ | | ǁ | ǁ   ǁ |   1   | 2 ǁ     | ǁ | | | 
ǁ |   ǁ ǁ ǁ   ǁ 2 6 ǁ | ǁ   ǁ |   4 = 6 5 ǁ 3 4 2 ǁ | | | 
ǁ 5 2 ǁ ǁ 5 = 7 2 ǁ ǁ | ǁ   ǁ |   ǁ 4 6 | ǁ 1 |   ǁ | | | 
ǁ 3   ǁ ǁ |   | 2 ǁ ǁ | ǁ   ǁ |   ǁ ǁ 4 2 ǁ 2 |   ǁ | 2 | 
3 4 = 6 ǁ 5 4 4 4 ǁ ǁ | ǁ   ǁ |   ǁ ǁ 4 2 ǁ ǁ |   ǁ | 2 | 
4 5 2 | ǁ 1 2 4 ǁ ǁ ǁ | ǁ   ǁ |   ǁ 4 |   6 7 4 3 ǁ | 4 | 
3 - - 7 8 = = 6 4 ǁ ǁ | ǁ   ǁ |   ǁ 5 4 4 ǁ 4 2 ǁ ǁ | ǁ | 
| 2   ǁ 5     |   7 6 2 ǁ   ǁ |   ǁ 4 3 3 ǁ 2 | ǁ ǁ 1 ǁ | 
5 4   ǁ 5 - - 2   ǁ 1   ǁ 2 4 |   6 = = = 8 = 4 ǁ ǁ   ǁ | 
|     ǁ 6 2       ǁ |   ǁ     2 - 6 = = 2 3   2 5 ǁ   ǁ | 
3 2   ǁ 3 - - - - 5 4 1 2         4 4     |   2 3 ǁ   ǁ 1 
      ǁ           3 = 2           2 4 2   |   2 1 ǁ   ǁ 1 
3 - - 6 - - - - - - - - - - - - 6     |   |       5 - 7 3 
5 3 1 ǁ 2         5 = = = = 2   ǁ 2   5   2 1 4 4   1 | 1 
4 3   ǁ 2 - - - - 5 - - - - - - 7     6 - - - 7 4 3 5 5 3 
3 = = 8 = = = = = = = = 4 2 6 = 5 2   3 2     6 5 4 5 3 2 
3 4 2 2 2 = = = = = = = 6 3 3 2 5         3 2 1 4 2 3 6 4 
