29 29
3 0 0 3 2 0 0 0 0 4 1 0 0 0 0 0 0 0 0 0 0 0 0 0 0 0 0 2 2 
6 0 0 7 0 0 0 0 0 8 0 0 0 0 0 0 0 0 0 0 0 0 0 0 0 0 0 6 5 
2 2 4 0 2 2 4 4 2 0 2 3 0 3 3 3 1 3 0 0 0 0 0 0 0 0 0 0 2 
4 0 6 3 5 4 6 6 4 0 0 0 0 4 4 0 0 0 0 0 0 0 0 0 0 0 0 0 1 
0 0 0 0 3 3 0 0 4 0 5 4 4 0 0 8 0 7 0 0 0 0 0 0 3 2 0 0 0 
4 0 0 4 0 0 5 5 6 0 0 0 0 2 0 0 0 3 0 0 0 0 0 0 2 2 2 0 3 
4 2 0 0 4 0 4 2 4 0 0 3 0 0 0 4 0 4 0 0 6 4 0 0 0 5 3 0 0 
1 0 0 0 4 2 0 0 0 0 0 2 0 4 0 4 0 0 0 0 6 4 0 2 2 5 2 0 0 
5 0 6 4 0 0 5 7 4 0 5 0 8 0 0 0 0 0 0 0 0 0 0 0 0 0 0 7 4 
6 4 0 5 1 2 3 6 2 0 5 4 4 3 0 0 5 0 6 0 0 0 0 0 0 4 2 0 0 
2 2 0 4 0 4 2 4 2 0 2 2 2 4 4 2 3 1 4 2 0 0 0 0 0 0 0 0 0 
3 0 8 0 0 0 0 0 0 8 0 0 0 0 0 0 0 0 0 0 0 0 0 0 0 7 6 0 0 
0 2 0 3 3 1 1 0 0 0 2 0 0 5 0 5 0 0 0 6 0 0 0 4 4 0 0 0 0 
0 0 0 3 3 0 2 0 0 0 5 2 0 0 2 0 2 0 0 0 2 6 2 2 0 0 0 0 0 
0 0 0 0 3 2 0 0 0 0 4 0 0 7 6 0 4 0 0 7 2 0 2 0 0 0 0 0 0 
0 3 0 0 0 0 0 0 0 0 0 1 0 4 4 0 1 0 0 3 1 0 0 0 0 0 0 0 0 
0 0 0 4 0 0 0 0 0 5 0 0 0 0 0 4 0 0 0 0 0 6 5 0 4 0 0 0 0 
0 0 0 6 2 2 0 6 4 0 1 0 5 6 2 0 2 3 0 0 0 3 2 0 0 0 0 0 0 
0 0 0 0 3 3 2 0 2 0 4 3 0 0 2 4 0 0 0 0 0 0 0 6 4 0 0 0 3 
0 0 0 4 0 0 0 0 1 0 0 1 0 0 0 0 1 0 4 0 3 0 0 4 1 0 0 0 3 
0 0 0 2 0 0 0 0 0 0 0 0 0 6 8 6 0 0 7 0 2 0 0 0 0 0 2 0 3 
0 5 7 0 5 0 0 6 4 0 0 0 0 4 6 3 1 0 3 0 0 0 0 4 2 0 1 0 4 
0 2 4 0 0 0 0 2 1 0 3 0 5 0 0 0 0 0 0 0 0 0 0 0 0 7 4 0 0 
5 2 1 3 0 0 0 0 0 6 0 0 0 0 0 0 0 0 0 0 0 0 0 3 3 0 3 0 0 
0 2 0 0 0 0 3 1 0 5 0 0 0 0 0 0 0 0 0 0 0 0 0 3 2 5 4 0 2 
4 0 0 0 4 2 0 2 0 6 0 0 0 0 0 0 0 0 4 0 0 2 2 5 1 3 2 0 2 
2 2 0 0 0 0 6 0 0 0 0 0 0 0 0 0 0 0 0 0 0 0 0 0 0 0 0 8 4 
5 0 4 0 0 0 6 0 5 0 0 0 0 0 3 3 1 2 4 0 6 0 0 0 0 0 0 8 2 
3 0 0 0 4 2 3 2 2 2 0 0 0 0 0 0 0 0 0 0 6 4 2 0 0 2 0 6 2 
300 479
1 0 1 3
1 0 0 0
1 0 2 0
1 0 1 3
1 0 0 0
1 0 2 0
1 3 1 9
1 3 0 3
1 3 3 3
1 9 1 3
1 9 1 27
1 9 0 9
1 9 11 9
1 28 1 27
1 28 0 28
1 28 2 28
2 2 2 1
2 2 3 2
2 2 2 1
2 2 3 2
3 0 3 2
3 0 5 0
3 0 3 2
3 0 5 0
4 10 4 11
4 10 2 10
4 10 8 10
4 15 4 12
4 15 4 17
4 15 2 15
4 15 6 15
4 15 4 12
4 15 4 17
4 15 2 15
4 15 6 15
4 17 4 24
4 17 2 17
4 17 5 17
5 0 5 3
5 0 6 0
5 8 5 7
5 8 4 8
5 8 6 8
5 8 5 7
5 8 4 8
5 8 6 8
5 13 7 13
6 0 6 1
6 0 7 0
6 0 6 1
6 8 6 7
6 8 8 8
6 15 6 17
6 15 7 15
6 20 6 17
6 20 6 21
6 20 7 20
6 20 6 17
6 20 6 21
6 20 7 20
6 21 6 25
6 21 7 21
7 20 7 15
7 20 7 21
7 20 13 20
7 20 7 15
7 21 7 23
7 21 13 21
8 2 8 0
8 2 8 3
8 2 11 2
8 2 8 0
8 2 8 3
8 2 11 2
8 7 8 6
8 7 8 8
8 7 6 7
8 7 9 7
8 8 8 7
8 8 9 8
8 12 8 10
8 12 4 12
8 12 9 12
8 12 8 10
8 12 4 12
8 12 9 12
8 12 9 12
9 0 9 1
9 0 8 0
9 0 10 0
9 0 9 1
9 0 8 0
9 0 10 0
9 1 10 1
9 3 9 4
9 3 8 3
9 3 10 3
9 10 9 11
9 10 8 10
9 10 10 10
9 16 9 13
9 16 9 18
9 16 10 16
9 18 9 16
9 18 10 18
9 18 10 18
11 2 11 0
11 2 11 9
11 2 21 2
11 9 11 2
11 9 1 9
11 9 16 9
11 9 16 9
11 26 11 25
11 26 9 26
11 26 20 26
11 26 11 25
11 26 9 26
11 26 20 26
12 1 15 1
12 19 12 15
12 19 10 19
12 19 14 19
12 19 12 15
12 19 10 19
12 19 14 19
13 10 13 11
13 10 12 10
13 10 14 10
13 21 13 20
13 21 13 22
13 21 16 21
13 21 13 22
13 21 16 21
14 13 14 10
14 13 14 14
14 13 12 13
14 13 15 13
14 19 14 16
14 19 14 20
14 19 15 19
14 22 16 22
16 21 16 15
16 21 16 22
16 21 17 21
16 21 16 15
17 3 17 4
17 3 16 3
17 3 19 3
17 3 17 4
17 3 16 3
17 3 19 3
17 7 17 5
17 7 17 8
17 7 21 7
17 7 17 5
17 7 17 8
17 7 21 7
17 8 17 10
17 8 18 8
19 3 20 3
20 13 20 14
20 13 17 13
20 13 21 13
20 13 20 14
20 13 17 13
20 13 21 13
20 14 20 15
20 14 18 14
20 14 21 14
20 18 20 15
20 18 20 20
20 18 19 18
20 18 21 18
21 1 21 2
21 1 15 1
21 1 22 1
21 7 21 4
21 7 21 8
21 7 22 7
21 7 21 4
21 13 21 8
21 13 21 14
21 14 21 15
21 14 20 14
21 14 27 14
21 14 21 15
22 12 22 10
23 0 23 1
23 0 11 0
23 0 25 0
24 9 24 7
24 9 23 9
24 9 25 9
25 9 25 7
25 9 24 9
25 9 28 9
25 9 25 7
25 9 24 9
25 23 25 22
25 23 25 24
25 23 24 23
26 6 26 1
26 6 24 6
26 6 27 6
26 6 26 1
26 6 24 6
26 6 27 6
26 27 26 28
26 27 8 27
26 27 27 27
26 27 26 28
26 27 8 27
26 27 27 27
27 0 27 2
27 0 26 0
27 0 28 0
27 2 27 0
27 2 27 6
27 2 27 6
27 14 27 15
27 27 27 20
27 27 27 28
27 27 26 27
27 27 28 27
27 27 27 20
27 27 27 28
28 4 28 0
28 4 28 5
28 4 28 0
28 4 28 5
28 20 28 9
28 20 28 21
28 20 27 20
28 21 28 20
28 21 28 22
28 21 28 20
28 22 28 25
28 25 28 27
28 27 28 28
28 28 28 27
0 0 0 3
1 9 1 27
1 9 0 9
1 27 1 28
1 27 0 27
1 27 8 27
3 2 3 3
3 13 3 14
3 13 2 13
3 13 3 14
3 13 2 13
3 14 2 14
4 8 4 5
4 8 3 8
5 6 5 3
5 6 5 7
5 6 6 6
5 7 5 6
5 13 7 13
6 4 6 6
6 4 7 4
6 4 6 6
6 4 7 4
6 6 5 6
6 17 5 17
7 4 7 5
7 4 7 5
7 11 6 11
7 13 7 15
7 13 9 13
8 7 8 6
8 7 9 7
8 12 9 12
8 27 8 28
8 27 8 28
9 1 10 1
9 7 9 6
9 7 9 8
9 7 10 7
9 7 9 6
9 11 9 10
9 11 10 11
9 11 9 10
9 18 10 18
9 18 10 18
9 25 7 25
9 25 11 25
9 25 7 25
9 25 11 25
10 3 10 5
10 3 9 3
10 3 10 5
10 5 10 6
10 5 9 5
10 7 10 6
10 7 10 8
10 7 10 8
10 17 10 16
11 2 11 0
11 2 21 2
11 25 22 25
12 1 15 1
14 10 14 13
14 10 13 10
14 22 16 22
16 3 16 9
16 3 13 3
16 9 16 15
17 12 17 13
18 6 18 5
18 10 18 8
18 10 18 11
18 10 18 11
18 10 18 11
19 3 20 3
19 11 19 8
20 14 20 15
20 14 18 14
20 15 20 18
20 15 18 15
20 15 21 15
21 1 21 2
21 1 22 1
21 8 22 8
21 26 22 26
21 28 20 28
21 28 24 28
21 28 20 28
21 28 24 28
22 7 22 2
22 10 22 12
22 25 22 26
22 25 11 25
22 25 24 25
22 25 22 26
22 25 24 25
22 25 22 26
23 0 23 1
23 0 25 0
23 3 23 2
23 3 23 9
23 3 23 9
23 26 24 26
24 1 24 6
25 0 25 4
25 0 26 0
25 4 25 5
25 5 25 4
25 23 25 22
25 23 24 23
25 28 26 28
26 27 26 28
27 14 27 15
27 15 27 16
27 17 27 18
27 20 27 18
27 20 20 20
27 20 28 20
0 9 0 4
0 9 0 10
0 27 0 28
1 28 2 28
3 2 3 3
3 4 3 5
3 4 2 4
3 4 4 4
3 6 3 5
3 6 3 7
3 6 2 6
3 6 3 5
3 6 3 7
3 6 2 6
3 7 3 8
3 7 2 7
3 7 3 8
3 7 2 7
3 8 2 8
3 14 2 14
3 28 5 28
5 3 8 3
5 28 8 28
7 11 6 11
8 6 9 6
8 10 4 10
8 27 8 28
15 11 15 13
15 13 15 14
15 13 14 13
15 14 15 16
15 14 14 14
15 14 14 14
15 19 15 20
15 19 14 19
16 9 16 15
17 12 17 13
18 6 18 5
18 15 18 23
18 28 19 28
19 16 19 18
19 18 19 20
19 18 20 18
19 20 19 23
20 18 21 18
20 28 19 28
21 16 21 18
22 2 21 2
23 26 24 26
25 18 27 18
27 17 27 18
0 4 0 3
2 6 2 5
2 6 2 7
2 7 2 8
6 11 4 11
14 14 14 13
14 14 14 16
14 14 13 14
14 16 14 19
14 16 13 16
17 12 17 13
18 5 18 4
18 15 18 23
18 23 18 24
18 23 13 23
18 23 19 23
18 23 18 24
18 24 16 24
18 24 19 24
18 28 19 28
19 20 19 23
19 23 21 23
21 23 21 24
21 23 23 23
21 23 21 24
22 2 21 2
23 26 24 26
24 26 24 25
25 26 25 25
4 11 4 10
4 11 2 11
13 16 13 14
13 23 12 23
16 22 17 22
16 24 12 24
17 12 17 13
17 14 17 16
18 4 21 4
18 4 21 4
21 4 21 2
25 26 25 25
2 10 2 11
2 11 2 13
2 14 2 15
2 16 2 17
2 17 4 17
10 14 10 13
10 14 10 15
10 14 10 13
10 14 10 15
10 16 9 16
12 15 12 13
12 23 12 24
12 23 7 23
12 23 12 24
12 24 7 24
16 22 17 22
17 14 17 16
17 17 17 21
17 21 17 17
25 25 24 25
7 24 7 25
9 13 10 13
10 12 10 11
10 12 10 13
12 13 12 10
12 13 12 15
13 10 13 11
24 25 24 24

3428

3 - - 3 2 - - - - 4 1                                 2 2 
6 = = 7 = = = = = 8 = = = = = = = = = = = = = = = = = 6 5 
2 2 4 | 2 2 4 4 2 ǁ 2 3 - 3 3 3 1 3                   | 2 
4 = 6 3 5 4 6 6 4 ǁ | |   4 4 ǁ   ǁ                   | 1 
ǁ       3 3 - - 4 ǁ 5 4 4 = = 8 = 7 - - - - - - 3 2   | | 
4 - - 4 - - 5 5 6 ǁ ǁ | ǁ 2   ǁ   3             2 2 2 | 3 
4 2   | 4 = 4 2 4 ǁ ǁ 3 ǁ ǁ   4 - 4 = = 6 4 - - - 5 3 | | 
1     | 4 2   | | ǁ ǁ 2 ǁ 4 - 4 = = = = 6 4 - 2 2 5 2 | | 
5 = 6 4     5 7 4 ǁ 5 = 8 |             | |   | | ǁ   7 4 
6 4 ǁ 5 1 2 3 6 2 ǁ 5 4 4 3 - - 5 = 6   | |   | | 4 2 ǁ   
2 2 ǁ 4 = 4 2 4 2 ǁ 2 2 2 4 4 2 3 1 4 2 | |   | | ǁ ǁ ǁ   
3 = 8 = = = = = = 8                   ǁ | |   | | 7 6 ǁ   
| 2 ǁ 3 3 1 1     ǁ 2 - - 5 = 5 = = = 6 | |   4 4 ǁ ǁ ǁ   
| ǁ ǁ 3 3   2     ǁ 5 2   | 2 - 2     ǁ 2 6 2 2 | ǁ ǁ ǁ   
| ǁ ǁ | 3 2       ǁ 4 = = 7 6 - 4 = = 7 2 ǁ 2 | | ǁ ǁ ǁ   
| 3 ǁ |           ǁ   1 - 4 4 - 1     3 1 ǁ ǁ | | ǁ ǁ ǁ   
| | ǁ 4 - - - - - 5 = = = = = 4 = = = = = 6 5 | 4 ǁ ǁ ǁ   
| | ǁ 6 2 2 = 6 4 - 1   5 6 2 = 2 3 = = = 3 2 | | ǁ ǁ ǁ   
| | ǁ ǁ 3 3 2 ǁ 2 - 4 3   ǁ 2 4 = = = = = = = 6 4 ǁ ǁ ǁ 3 
| | ǁ 4 ǁ     ǁ 1 - - 1   ǁ ǁ | 1 - 4 - 3 = = 4 1 ǁ ǁ ǁ 3 
| | ǁ 2 ǁ     ǁ           6 8 6 = = 7 - 2     |   ǁ 2 ǁ 3 
| 5 7 - 5 = = 6 4 - - - - 4 6 3 1 - 3   |     4 2 ǁ 1 ǁ 4 
| 2 4 - - - - 2 1   3 = 5   |           |     |   7 4 ǁ ǁ 
5 2 1 3 = = = = = 6         |           |     3 3 ǁ 3 ǁ ǁ 
ǁ 2 - - - - 3 1 - 5         |           |     3 2 5 4 ǁ 2 
4 - - - 4 2 ǁ 2 = 6         |       4   | 2 2 5 1 3 2 ǁ 2 
2 2 = = = = 6     |         |       |   |             8 4 
5 = 4 = = = 6   5 |         3 3 1 2 4 - 6 = = = = = = 8 2 
3 = = = 4 2 3 2 2 2 - - - - - - - - - - 6 4 2 - - 2 - 6 2 
