29 29
2 1 0 3 0 0 0 0 0 0 0 0 6 4 1 0 5 0 4 4 0 0 0 0 0 0 5 4 0 
5 0 0 0 0 0 6 0 0 2 0 0 0 4 0 0 6 2 0 4 0 0 2 1 3 1 0 2 0 
3 0 0 0 0 0 7 0 0 0 0 0 7 0 0 0 0 0 4 0 0 0 0 0 5 3 0 2 0 
0 2 3 0 2 0 5 0 0 2 1 2 0 3 0 0 0 0 0 0 0 0 0 0 0 0 6 8 2 
5 0 0 0 0 0 0 0 5 0 5 5 0 6 0 0 5 3 0 0 0 4 2 0 5 2 0 4 2 
3 1 0 0 0 0 0 0 4 2 2 2 0 2 1 0 5 0 0 0 0 5 0 0 4 2 0 0 0 
4 0 0 0 0 0 0 0 0 0 0 0 7 0 0 0 0 0 0 0 0 0 0 0 0 0 6 6 6 
6 0 0 0 5 5 0 0 0 4 2 2 0 2 3 1 0 0 0 0 3 3 3 0 5 2 0 0 2 
0 4 5 2 0 4 0 0 0 0 5 4 0 4 5 0 0 0 0 0 4 4 4 0 0 2 0 5 4 
0 2 0 0 0 0 4 6 6 0 6 5 0 4 0 0 0 0 0 0 0 0 0 0 0 0 0 0 4 
0 0 0 0 0 0 0 2 0 3 4 2 0 4 0 0 2 0 0 0 0 0 3 1 0 0 0 0 2 
0 0 0 0 0 0 0 2 0 1 0 2 0 0 0 0 0 0 0 0 0 0 0 0 0 0 0 0 2 
6 0 5 2 0 5 6 4 6 2 0 0 0 4 4 0 6 4 0 0 0 0 0 2 0 0 0 0 0 
0 4 4 1 0 2 4 3 3 2 0 0 0 0 0 0 0 0 0 0 0 0 0 0 0 0 0 6 6 
0 2 0 0 0 2 3 1 0 0 0 0 0 0 3 0 0 4 0 0 0 0 3 4 0 0 0 0 2 
6 0 6 2 0 2 0 0 0 0 7 4 0 0 2 0 0 0 0 0 0 0 0 1 0 0 0 0 2 
2 4 6 2 0 0 3 0 1 0 0 2 0 0 6 0 0 0 0 0 5 2 4 0 8 5 0 0 0 
1 0 1 2 0 0 0 0 0 0 0 0 0 0 3 0 0 0 2 1 0 4 4 2 0 1 0 4 4 
0 0 4 6 0 4 4 0 0 0 0 4 0 6 0 0 0 0 0 0 5 5 5 2 0 1 0 1 3 
0 0 0 2 0 4 3 0 0 0 0 0 0 0 0 0 0 0 0 0 0 0 0 2 0 0 0 4 6 
0 0 5 0 5 0 0 0 0 0 7 4 0 3 0 0 0 0 0 0 0 0 0 0 0 0 0 4 0 
0 0 2 2 6 0 1 2 0 0 5 2 0 1 0 0 0 0 0 0 0 0 5 4 0 0 0 6 6 
0 0 2 0 5 0 0 0 0 0 2 1 0 0 0 0 0 0 0 0 0 0 3 2 0 0 0 2 0 
5 8 0 0 0 0 0 0 0 0 0 0 7 0 0 0 0 0 0 0 7 8 0 0 7 3 0 4 6 
0 0 2 0 5 2 2 0 6 2 2 0 0 4 0 0 2 0 0 0 0 2 2 3 6 4 0 0 4 
0 4 0 0 4 3 4 2 0 1 0 0 0 0 0 0 0 0 0 0 0 2 0 3 2 2 0 0 2 
6 0 0 0 0 0 0 0 6 5 6 2 0 0 0 2 0 4 0 0 5 3 0 1 0 0 0 0 1 
4 2 0 2 0 0 0 0 0 0 0 0 5 6 0 0 0 0 0 0 5 3 3 0 0 0 7 7 2 
2 0 0 0 3 0 0 0 0 0 0 0 3 4 0 2 2 0 0 0 3 4 0 4 0 0 6 6 2 
300 477
0 12 0 3
0 12 0 13
0 12 2 12
0 12 0 3
0 12 0 13
0 12 2 12
0 13 0 14
0 13 1 13
0 26 0 19
0 26 0 27
0 26 3 26
0 27 0 26
0 27 1 27
0 27 0 26
1 0 1 6
1 0 0 0
1 0 2 0
1 6 1 0
1 6 1 9
1 6 2 6
1 13 1 16
1 13 3 13
1 13 1 16
1 16 1 17
1 16 0 16
1 16 4 16
1 16 1 17
1 27 2 27
2 27 3 27
4 0 4 8
4 0 2 0
4 0 5 0
6 12 6 0
6 12 6 26
6 12 2 12
6 12 23 12
6 28 6 27
6 28 4 28
6 28 7 28
6 28 6 27
6 28 4 28
6 28 7 28
7 0 7 4
7 0 6 0
7 0 12 0
7 0 7 4
7 0 6 0
7 0 12 0
7 5 7 4
7 5 7 9
7 5 8 5
7 24 7 22
7 24 7 25
7 24 16 24
8 1 8 2
8 1 9 1
8 1 8 2
8 1 9 1
8 28 8 27
8 28 9 28
8 28 8 27
8 28 9 28
9 6 9 7
9 6 12 6
9 6 9 7
9 6 12 6
9 7 9 8
9 7 10 7
9 8 9 7
9 8 9 10
9 8 12 8
9 8 9 7
9 8 9 10
9 10 9 11
9 10 8 10
9 10 10 10
9 10 9 11
9 13 8 13
9 13 10 13
9 13 8 13
9 13 10 13
9 28 10 28
10 7 11 7
10 13 10 16
10 13 12 13
11 7 12 7
12 0 12 2
12 0 15 0
12 6 12 5
12 6 12 7
12 6 13 6
12 6 12 5
12 7 12 8
12 7 13 7
12 8 12 9
12 8 13 8
12 13 12 14
12 13 18 13
12 13 12 14
12 14 12 16
12 14 14 14
12 16 12 17
12 16 10 16
12 16 24 16
12 16 12 17
12 16 24 16
12 17 12 23
12 17 14 17
13 1 13 2
13 1 14 1
13 1 13 2
13 1 14 1
13 27 13 28
13 27 8 27
13 27 17 27
13 27 13 28
13 27 8 27
13 27 17 27
13 28 11 28
13 28 14 28
13 28 11 28
13 28 14 28
14 14 15 14
14 17 14 22
14 17 26 17
14 17 14 22
15 0 15 2
15 0 12 0
15 0 16 0
15 10 15 5
15 10 15 11
15 10 10 10
15 10 20 10
15 28 17 28
16 24 16 22
16 24 16 25
16 24 7 24
16 24 23 24
16 25 16 24
16 25 8 25
16 25 17 25
17 14 16 14
17 18 17 19
17 27 17 28
17 27 18 27
17 28 15 28
17 28 18 28
18 11 16 11
18 11 20 11
18 11 16 11
18 11 20 11
18 13 20 13
18 20 18 21
18 20 16 20
18 20 23 20
18 25 23 25
18 28 19 28
18 28 19 28
19 27 19 28
19 27 20 27
19 27 19 28
19 27 20 27
19 28 21 28
19 28 21 28
20 2 20 4
20 2 18 2
20 2 21 2
20 11 20 10
20 11 21 11
20 27 21 27
21 22 21 23
21 22 18 22
21 22 22 22
21 27 21 28
21 27 20 27
21 27 22 27
21 27 21 28
21 27 22 27
21 28 23 28
21 28 23 28
23 0 23 1
23 0 17 0
23 0 26 0
23 1 23 0
23 1 23 12
23 1 16 1
23 1 25 1
23 1 23 0
23 1 23 12
23 1 16 1
23 12 6 12
23 12 27 12
23 12 27 12
23 20 23 21
23 20 18 20
23 20 26 20
23 20 23 21
23 20 26 20
23 20 23 21
23 21 23 24
23 21 18 21
23 21 24 21
23 28 23 27
23 28 24 28
24 2 24 4
24 8 24 6
24 8 24 9
24 8 26 8
24 8 24 6
24 8 24 9
24 8 26 8
24 10 26 10
24 13 21 13
24 13 27 13
24 13 27 13
25 1 25 4
25 1 27 1
25 1 25 4
25 6 25 5
25 6 25 7
25 6 25 5
25 6 25 7
25 9 26 9
26 0 27 0
26 8 26 9
26 8 26 9
26 9 26 8
26 9 26 10
26 10 26 11
26 10 24 10
26 10 26 11
26 17 26 15
26 17 26 20
26 17 26 15
27 13 27 12
27 13 27 20
27 13 28 13
27 13 27 12
27 26 27 22
27 26 27 27
27 26 6 26
27 26 28 26
28 13 28 12
28 13 28 15
28 13 28 12
28 15 28 16
28 16 28 20
28 23 28 21
28 23 28 26
28 23 28 21
28 23 28 26
28 26 28 27
28 26 27 26
28 27 28 26
28 27 28 28
28 27 27 27
0 3 0 1
0 16 0 18
0 19 0 18
0 19 1 19
0 19 0 18
1 6 1 9
1 6 2 6
1 19 1 22
1 19 1 22
1 23 1 24
2 6 2 0
2 6 2 12
2 6 3 6
2 18 2 24
2 18 0 18
2 18 2 24
3 1 3 2
3 13 4 13
3 28 3 27
3 28 3 27
4 0 4 8
4 0 5 0
4 11 4 10
4 11 3 11
4 11 5 11
4 13 4 16
4 13 3 13
4 13 5 13
4 13 4 16
4 13 5 13
5 14 5 16
5 16 5 21
5 16 4 16
5 16 5 21
5 16 4 16
6 0 6 12
6 27 6 26
6 27 4 27
6 27 8 27
6 27 6 26
7 9 7 5
7 9 7 10
7 9 7 10
7 11 8 11
8 10 8 5
8 10 8 11
8 13 8 14
8 13 7 13
8 14 8 20
8 14 7 14
8 14 8 20
8 14 7 14
8 20 8 21
8 20 7 20
8 21 8 22
8 21 7 21
8 21 8 22
8 22 7 22
8 22 10 22
9 28 10 28
10 22 10 23
12 0 12 2
12 8 12 9
12 8 13 8
12 23 14 23
13 9 13 8
14 14 15 14
14 23 14 22
14 23 15 23
15 0 15 2
15 0 16 0
15 2 15 3
15 2 13 2
15 2 16 2
15 2 15 3
15 11 15 10
15 11 11 11
15 11 15 10
16 1 16 2
16 1 16 2
16 2 16 3
16 2 17 2
16 2 16 3
16 8 16 6
16 14 17 14
16 14 17 14
16 20 16 21
16 20 18 20
16 20 16 21
16 22 16 24
16 22 17 22
16 22 17 22
16 24 16 25
17 3 18 3
17 21 17 22
17 21 18 21
17 21 17 22
17 21 18 21
17 23 18 23
18 2 18 3
18 2 20 2
18 2 18 3
18 3 18 5
18 3 17 3
18 3 19 3
18 13 20 13
19 3 19 5
19 5 19 6
19 5 18 5
19 5 19 6
20 10 20 4
20 10 15 10
20 10 21 10
22 4 22 2
22 4 22 10
22 4 21 4
23 24 23 21
23 24 23 25
23 24 24 24
23 27 23 28
23 27 27 27
23 27 23 28
24 2 24 4
24 28 25 28
26 0 27 0
27 3 27 1
27 3 27 12
27 27 27 26
27 27 27 28
27 27 28 27
28 12 28 4
28 21 28 20
28 21 27 21
28 27 28 28
0 0 1 0
2 6 2 12
2 6 3 6
2 12 6 12
3 1 3 2
3 2 3 4
3 4 3 6
3 6 3 9
4 17 4 21
4 27 4 25
4 27 3 27
4 27 4 25
5 0 5 1
5 8 5 9
5 8 4 8
5 8 5 9
5 8 4 8
5 25 5 24
6 26 27 26
7 4 7 5
7 11 8 11
7 13 7 14
7 15 7 20
7 20 7 21
7 21 7 22
7 24 7 25
8 10 8 5
8 10 8 11
9 11 10 11
10 10 10 9
10 10 10 11
11 9 10 9
13 2 13 3
16 6 18 6
17 23 18 23
18 5 18 6
18 5 15 5
18 6 16 6
18 6 19 6
18 22 18 21
18 22 21 22
19 23 21 23
20 10 20 4
20 10 21 10
23 21 24 21
23 24 23 25
23 24 24 24
24 24 24 23
24 24 24 25
24 24 25 24
24 24 24 23
24 25 25 25
24 28 25 28
25 4 25 5
25 4 24 4
26 0 27 0
26 28 27 28
27 0 26 0
28 0 28 4
28 0 28 4
28 20 27 20
3 6 3 9
3 26 3 27
3 27 3 26
4 8 4 10
4 17 4 21
4 21 4 22
4 21 5 21
4 22 4 24
4 24 2 24
4 24 5 24
5 21 5 24
5 25 5 24
8 5 8 3
19 23 21 23
21 23 21 22
22 22 22 23
22 23 22 22
24 4 24 5
24 5 24 4
24 25 25 25
25 24 25 23
3 26 3 27
3 27 3 26
4 24 2 24
1 24 1 25
1 24 2 24

3161

2 1 - 3 = = = = = = = = 6 4 1   5 - 4 4 - - - - - - 5 4   
5 = = = = = 6 = = 2     ǁ 4 = = 6 2 | 4 = = 2 1 3 1 | 2   
3 - - - - - 7 = = = = = 7 |     |   4 = = = = = 5 3 | 2   
| 2 3 - 2 - 5 = = 2 1 2 ǁ 3     |               ǁ   6 8 2 
5 = = = = = = = 5 - 5 5 ǁ 6 = = 5 3 = = = 4 2 - 5 2 = 4 2 
3 1             4 2 2 2 ǁ 2 1 - 5 = = = = 5 - - 4 2   | ǁ 
4 = = = = = = = = = = = 7 - - - - - - - - - - - - - 6 6 6 
6 = = = 5 5 = = = 4 2 2 ǁ 2 3 1 - - - - 3 3 3 - 5 2 ǁ | 2 
ǁ 4 5 2 - 4 = = = = 5 4 ǁ 4 5 = = = = = 4 4 4   ǁ 2 ǁ 5 4 
ǁ 2         4 6 6 = 6 5 ǁ 4                 |   ǁ | ǁ ǁ 4 
ǁ           ǁ 2 | 3 4 2 ǁ 4 - - 2           3 1 ǁ | ǁ ǁ 2 
ǁ           ǁ 2 | 1 | 2 ǁ |     |               ǁ | ǁ ǁ 2 
6 = 5 2   5 6 4 6 2 | | ǁ 4 4 - 6 4 - - - - - 2 ǁ | ǁ ǁ ǁ 
ǁ 4 4 1   2 4 3 3 2 | | ǁ | |   ǁ |           | ǁ | ǁ 6 6 
ǁ 2 |     2 3 1     | | ǁ | 3   ǁ 4 = = = = 3 4 ǁ | ǁ ǁ 2 
6 = 6 2   2 - - - - 7 4 ǁ | 2   ǁ |           1 ǁ | ǁ ǁ 2 
2 4 6 2   | 3 - 1   ǁ 2 ǁ | 6   ǁ |     5 2 4 = 8 5 ǁ ǁ ǁ 
1 ǁ 1 2   | ǁ       ǁ ǁ ǁ | 3   ǁ | 2 1 ǁ 4 4 2 | 1 ǁ 4 4 
| ǁ 4 6 - 4 4       ǁ 4 ǁ 6     ǁ |     5 5 5 2 | 1 ǁ 1 3 
| ǁ ǁ 2 - 4 3       ǁ ǁ ǁ ǁ     ǁ |     ǁ | ǁ 2 | | ǁ 4 6 
| ǁ 5 - 5 = = = = = 7 4 ǁ 3     ǁ |     ǁ | ǁ ǁ | | ǁ 4 ǁ 
| ǁ 2 2 6   1 2     5 2 ǁ 1     ǁ |     ǁ | 5 4 | | ǁ 6 6 
| ǁ 2 - 5 - - - - - 2 1 ǁ |     ǁ |     ǁ | 3 2 | | ǁ 2 ǁ 
5 8 = = = = = = = = = = 7 |     ǁ |     7 8 = = 7 3 ǁ 4 6 
| | 2 = 5 2 2 = 6 2 2   ǁ 4     2 |     ǁ 2 2 3 6 4 ǁ | 4 
| 4 = = 4 3 4 2 ǁ 1 ǁ   ǁ ǁ       |     ǁ 2   3 2 2 ǁ | 2 
6 |             6 5 6 2 ǁ ǁ   2 = 4 - - 5 3   1     ǁ | 1 
4 2 - 2 - - - - - - - - 5 6 - - - - - - 5 3 3 - - - 7 7 2 
2 = = = 3 - - - - - - - 3 4 - 2 2 - - - 3 4 = 4 = = 6 6 2 
