29 29
2 0 0 0 0 4 3 0 0 0 0 6 0 0 0 0 0 0 0 0 5 2 3 0 0 0 4 6 2 
3 5 0 2 0 0 2 1 2 0 0 5 0 0 0 0 0 0 2 1 0 1 3 0 3 2 0 0 2 
5 8 0 0 0 8 0 0 0 0 0 0 0 0 0 0 0 0 0 0 7 0 0 0 0 0 4 0 0 
0 0 2 1 2 0 1 0 3 3 0 0 0 0 0 0 0 0 2 1 0 2 6 6 4 0 0 0 0 
0 0 5 5 6 0 2 1 0 4 0 0 0 0 0 0 0 0 0 0 0 2 0 0 2 0 0 0 0 
3 0 0 0 4 0 0 0 0 6 0 0 0 0 0 0 0 0 5 0 0 0 6 6 4 2 0 0 0 
0 0 0 0 4 0 0 0 0 3 0 0 0 0 0 2 1 0 0 0 0 0 3 0 0 2 0 0 0 
2 0 0 2 0 0 4 0 7 0 0 0 0 0 0 0 0 0 6 3 0 0 1 0 0 0 0 0 0 
2 0 0 0 0 0 0 0 0 0 0 0 0 0 0 0 0 0 0 0 0 6 0 8 5 3 2 0 0 
0 0 0 0 0 0 0 0 0 4 0 0 0 0 0 0 0 0 7 6 0 0 2 8 0 2 0 0 0 
4 4 0 0 0 0 0 0 0 6 0 0 0 0 0 6 6 4 0 0 0 0 0 4 2 0 0 0 0 
0 0 0 4 5 0 0 0 0 0 4 5 0 3 1 0 0 4 0 4 0 3 0 0 0 0 0 5 3 
0 4 0 0 0 0 0 0 0 0 0 0 4 2 0 0 0 0 0 0 0 2 2 0 4 0 4 0 1 
0 0 0 3 0 0 0 0 0 0 0 2 0 0 0 0 6 6 0 4 0 0 2 0 5 2 0 0 3 
0 0 0 0 0 0 0 3 5 0 0 0 0 0 0 0 0 4 0 0 0 4 0 0 0 0 6 0 0 
0 0 0 1 2 0 1 4 6 0 2 0 0 0 0 0 6 4 0 4 0 3 4 2 2 2 0 0 4 
0 0 0 0 0 0 2 5 4 0 0 0 0 0 0 0 4 0 0 0 0 4 4 0 0 0 0 0 0 
0 2 0 0 0 0 4 4 0 7 0 3 3 0 0 5 8 2 0 0 0 5 0 6 7 4 0 0 0 
0 0 0 0 0 0 2 2 0 4 0 0 0 0 0 1 4 2 0 0 0 0 0 0 0 0 0 0 0 
4 0 6 0 0 7 0 0 0 0 0 0 0 0 0 0 0 0 5 3 0 0 0 0 0 1 0 3 0 
4 0 0 4 2 0 1 2 0 5 3 3 2 4 1 4 6 2 0 1 0 0 2 0 2 0 0 0 0 
6 0 0 0 0 7 6 0 0 4 0 5 2 0 2 0 4 2 0 0 0 0 0 0 4 5 0 0 0 
6 0 0 5 3 0 0 2 3 4 0 0 0 4 3 3 2 0 6 3 0 5 4 0 4 4 0 2 0 
0 2 1 3 3 0 0 0 0 2 0 4 0 0 0 0 0 0 4 1 0 3 2 0 0 2 0 2 0 
0 5 0 0 0 6 0 6 7 0 0 0 0 0 0 0 0 0 0 0 6 0 0 5 8 0 6 4 0 
0 0 4 6 4 0 0 2 4 4 2 2 0 4 0 0 6 4 2 0 0 1 3 0 6 4 0 5 5 
0 0 2 0 2 2 6 2 2 3 0 0 0 0 0 0 6 0 0 0 5 0 0 4 0 3 1 0 2 
4 3 0 3 4 0 8 0 0 0 0 0 0 3 2 0 4 2 4 0 5 0 0 0 0 0 0 6 2 
3 3 2 2 4 1 5 0 0 4 0 2 2 5 0 0 0 2 1 1 4 0 0 3 2 2 0 4 1 
300 468
0 11 0 6
0 11 0 20
0 11 1 11
0 11 0 6
0 11 0 20
0 11 1 11
0 27 0 26
0 27 0 28
0 27 11 27
0 27 0 26
0 27 0 28
0 27 11 27
1 1 1 0
1 1 1 3
1 1 2 1
1 28 11 28
2 0 2 1
2 0 1 0
2 0 5 0
2 1 2 0
2 1 2 5
2 1 1 1
2 1 10 1
2 1 2 0
2 1 2 5
2 5 2 20
2 5 0 5
2 5 19 5
3 23 3 22
3 23 3 24
3 23 5 23
3 23 3 22
3 23 3 24
3 23 5 23
3 24 1 24
3 24 4 24
4 2 4 3
4 2 3 2
4 2 19 2
4 4 4 3
4 4 3 4
4 4 5 4
4 4 4 3
4 4 3 4
4 4 5 4
4 24 5 24
5 0 7 0
5 4 6 4
5 9 5 18
5 9 4 9
5 9 6 9
5 9 5 18
5 9 4 9
5 9 6 9
5 23 5 22
5 23 5 24
5 23 8 23
5 23 5 22
5 24 5 25
5 24 8 24
6 4 5 4
6 4 11 4
6 4 11 4
7 8 7 6
7 8 7 18
7 8 3 8
7 8 14 8
8 21 8 23
8 21 4 21
8 21 11 21
8 21 8 23
8 21 4 21
8 21 11 21
9 9 9 18
9 9 10 9
9 9 9 18
9 9 10 9
9 18 9 19
9 18 7 18
9 18 19 18
9 19 9 18
9 19 7 19
9 19 11 19
9 19 9 18
9 19 7 19
9 23 9 22
9 23 9 25
9 23 8 23
9 23 10 23
9 23 9 22
9 23 9 25
9 23 8 23
9 23 10 23
10 1 10 0
10 1 12 1
10 1 10 0
10 9 10 15
10 9 17 9
10 9 10 15
10 9 17 9
10 15 10 16
10 15 17 15
10 15 10 16
10 15 17 15
10 16 10 17
10 16 13 16
10 16 10 17
10 16 13 16
10 17 11 17
10 23 10 24
10 23 15 23
10 24 12 24
11 10 11 11
11 10 15 10
11 10 11 11
11 10 15 10
11 17 10 17
11 17 13 17
11 17 13 17
11 19 11 21
11 19 13 19
11 19 13 19
12 1 17 1
12 12 12 13
12 12 17 12
12 12 12 13
12 12 17 12
12 24 12 26
12 24 13 24
12 24 12 26
13 16 13 17
13 16 15 16
13 16 13 17
13 16 15 16
13 17 14 17
13 19 13 22
13 19 15 19
13 24 13 25
13 24 15 24
13 24 13 25
13 24 15 24
13 28 12 28
13 28 15 28
13 28 15 28
14 17 13 17
14 17 15 17
14 17 15 17
14 21 15 21
14 26 12 26
14 26 24 26
14 26 12 26
14 26 24 26
15 8 15 7
15 8 14 8
15 8 16 8
15 8 15 7
15 8 14 8
15 8 16 8
15 16 15 17
15 16 16 16
15 16 15 17
15 16 16 16
15 19 15 21
15 19 19 19
15 19 15 21
15 25 17 25
15 28 25 28
16 8 16 7
16 8 22 8
16 16 17 16
16 21 16 22
16 21 17 21
16 21 16 22
16 21 17 21
16 22 15 22
16 22 20 22
17 16 17 15
17 16 17 17
17 16 16 16
17 16 18 16
17 21 22 21
17 23 17 24
17 23 15 23
17 23 24 23
17 23 17 24
17 23 24 23
17 23 17 24
17 24 17 25
17 24 20 24
19 5 19 2
19 5 2 5
19 5 21 5
19 5 19 2
19 5 21 5
19 18 19 19
19 18 22 18
19 18 19 19
19 18 22 18
20 9 20 10
20 9 18 9
20 9 21 9
20 19 22 19
20 22 22 22
21 0 21 5
21 0 20 0
21 0 22 0
21 0 21 5
21 0 20 0
21 0 22 0
21 6 21 5
21 6 20 6
21 6 26 6
21 6 21 5
21 6 26 6
21 6 21 5
21 25 21 24
21 25 19 25
21 25 22 25
22 0 22 3
22 0 27 0
22 18 22 16
22 18 22 19
22 18 23 18
22 18 22 16
22 22 22 21
22 22 23 22
22 22 22 21
24 1 24 5
24 1 23 1
24 1 27 1
24 5 24 1
24 5 26 5
24 5 26 5
24 7 24 8
24 7 22 7
24 7 25 7
24 7 24 8
24 7 22 7
24 7 25 7
24 8 24 20
24 8 22 8
24 8 25 8
24 20 24 8
24 20 24 23
24 20 26 20
24 20 24 23
24 20 26 20
24 24 24 23
24 24 24 26
24 24 22 24
24 24 25 24
24 26 24 24
24 26 24 27
24 26 26 26
24 27 23 27
24 27 25 27
24 27 23 27
25 2 25 3
25 2 26 2
25 2 25 3
25 2 26 2
25 3 25 4
25 3 27 3
25 3 25 4
25 3 27 3
25 4 26 4
25 16 25 13
25 16 25 17
25 16 26 16
25 16 25 13
25 16 25 17
25 16 26 16
25 17 25 18
25 17 27 17
25 18 27 18
25 21 25 22
25 22 25 24
25 25 25 24
25 25 26 25
25 25 25 24
25 25 26 25
25 27 25 28
25 27 27 27
25 27 25 28
25 27 27 27
26 6 26 7
26 6 27 6
26 16 26 9
26 16 27 16
26 16 26 9
26 16 27 16
27 6 27 4
27 6 27 13
27 6 26 6
27 6 28 6
27 6 27 4
27 6 27 13
27 6 26 6
27 16 27 14
27 16 27 17
27 18 27 20
27 18 28 18
27 18 27 20
27 27 27 20
27 27 27 28
27 27 28 27
27 27 27 20
28 6 28 5
28 6 28 9
28 6 28 9
28 9 28 11
28 13 28 12
28 13 28 17
28 13 27 13
28 17 28 13
28 19 28 20
28 20 28 23
28 20 27 20
28 20 28 23
28 23 28 24
28 24 28 25
28 25 28 27
28 27 28 28
0 26 0 22
0 26 2 26
1 3 1 1
1 6 1 7
1 6 0 6
1 8 1 11
1 28 11 28
2 5 2 20
2 5 0 5
2 20 0 20
2 26 8 26
3 22 3 21
3 22 1 22
3 22 5 22
3 22 3 21
4 7 4 6
4 9 3 9
5 0 7 0
5 22 6 22
6 9 6 15
6 15 6 16
7 18 7 8
7 18 7 19
7 18 5 18
7 18 5 18
7 22 6 22
8 0 10 0
8 23 8 24
10 0 8 0
11 13 11 11
11 13 11 14
11 13 11 11
11 28 11 27
12 1 17 1
12 21 12 22
15 22 13 22
15 25 17 25
15 28 25 28
17 16 17 15
17 16 17 17
17 16 18 16
17 21 22 21
17 24 17 25
17 24 20 24
19 0 19 2
19 0 20 0
19 0 19 2
19 0 20 0
19 2 4 2
20 3 20 4
20 4 20 3
20 7 18 7
21 24 21 25
21 24 22 24
21 24 21 25
22 0 22 3
22 0 27 0
22 24 22 25
22 24 24 24
22 25 23 25
22 27 19 27
23 18 23 11
23 18 23 19
23 18 23 11
23 22 23 21
23 25 22 25
24 24 25 24
25 4 26 4
25 13 25 11
25 22 25 24
25 28 26 28
26 7 26 8
26 20 26 23
26 23 26 20
26 23 26 25
26 28 27 28
27 0 27 1
27 0 28 0
27 4 27 3
27 4 28 4
28 0 28 1
28 0 28 1
28 4 28 3
28 9 28 11
28 12 28 13
0 5 0 0
0 5 0 0
1 8 1 11
1 11 1 18
1 18 1 19
2 20 0 20
2 26 8 26
3 19 3 18
4 9 3 9
5 18 3 18
5 22 6 22
8 23 8 24
11 11 13 11
11 27 19 27
12 21 12 22
13 11 17 11
20 7 18 7
22 19 22 21
22 27 19 27
23 11 23 9
23 11 21 11
25 13 25 11
28 2 28 1
28 2 28 3
0 20 0 21
3 9 3 8
8 23 8 24
8 24 8 25
8 25 6 25
8 25 6 25
17 7 17 6
17 7 16 7
17 7 17 6
17 7 16 7
18 6 17 6
18 6 17 6
22 13 22 14
22 13 20 13
22 13 22 14
22 13 20 13
23 9 22 9
25 10 25 9
27 1 24 1
5 25 1 25
20 13 20 12
20 13 20 14
22 9 22 8
22 9 21 9
22 9 21 9
23 1 23 2
24 8 25 8
25 8 25 9
25 8 26 8
25 9 25 10
25 9 26 9
1 25 1 24
21 9 21 11
1 24 1 22
0 22 0 21
0 22 1 22

3147

2 = = = = 4 3 = = = = 6 = = = = = = = = 5 2 3 - - - 4 6 2 
3 5 = 2   ǁ 2 1 2 = = 5 - - - - - - 2 1 ǁ 1 3 - 3 2 | ǁ 2 
5 8 = = = 8 = = = = = = = = = = = = = = 7   |   | | 4 ǁ ǁ 
| | 2 1 2 ǁ 1   3 3                 2 1   2 6 6 4 | ǁ ǁ ǁ 
| | 5 5 6 ǁ 2 1 | 4                 |     2 | ǁ 2 | ǁ ǁ ǁ 
3 | ǁ   4 ǁ     | 6 = = = = = = = = 5     ǁ 6 6 4 2 ǁ ǁ ǁ 
ǁ | ǁ   4 ǁ     | 3 - - - - - 2 1   ǁ     ǁ 3 | | 2 ǁ ǁ ǁ 
2 | ǁ 2 ǁ ǁ 4 - 7 = = = = = = = = = 6 3   ǁ 1 | | ǁ ǁ ǁ ǁ 
2 | ǁ   ǁ ǁ     |                   | ǁ   6 = 8 5 3 2 ǁ ǁ 
ǁ | ǁ   ǁ ǁ     | 4 = = = = = = = = 7 6   ǁ 2 8 = 2   ǁ ǁ 
4 4 ǁ   ǁ ǁ     | 6 = = = = = 6 6 4 | |   ǁ   4 2     ǁ ǁ 
  | ǁ 4 5 ǁ     | ǁ 4 5 = 3 1 ǁ ǁ 4 | 4 - 3   | |     5 3 
  4 ǁ     ǁ     | ǁ ǁ | 4 2   ǁ ǁ ǁ | ǁ   2 2 | 4 = 4 | 1 
  ǁ ǁ 3   ǁ     | ǁ ǁ 2 ǁ     ǁ 6 6 | 4 - - 2 | 5 2 ǁ | 3 
  ǁ ǁ     ǁ   3 5 ǁ ǁ | ǁ     ǁ ǁ 4 | |   4 | | ǁ   6 | ǁ 
  ǁ ǁ 1 2 ǁ 1 4 6 ǁ 2 | ǁ     ǁ 6 4 | 4 = 3 4 2 2 2 ǁ | 4 
  ǁ ǁ     ǁ 2 5 4 ǁ   | ǁ     ǁ 4   | |   4 4 |   ǁ ǁ | ǁ 
  2 ǁ     ǁ 4 4 | 7   3 3     5 8 2 | |   5 | 6 7 4 ǁ | ǁ 
    ǁ     ǁ 2 2 | 4           1 4 2 | |   ǁ | ǁ ǁ   ǁ | ǁ 
4 = 6 = = 7   ǁ | |                 5 3   ǁ | ǁ ǁ 1 ǁ 3 ǁ 
4     4 2 ǁ 1 2 | 5 3 3 2 4 1 4 6 2 ǁ 1   ǁ 2 ǁ 2 | ǁ ǁ ǁ 
6 = = = = 7 6   | 4 - 5 2 ǁ 2   4 2 ǁ |   ǁ | ǁ 4 5 ǁ ǁ ǁ 
6 = = 5 3   ǁ 2 3 4   |   4 3 3 2 = 6 3 - 5 4 ǁ 4 4 ǁ 2 ǁ 
ǁ 2 1 3 3   ǁ ǁ | 2 - 4 = = = = = = 4 1   3 2 ǁ ǁ 2 ǁ 2 ǁ 
ǁ 5 = = = 6 ǁ 6 7 = = = = = = = = = = = 6 = = 5 8 = 6 4 ǁ 
ǁ ǁ 4 6 4 ǁ ǁ 2 4 4 2 2 = 4 = = 6 4 2   ǁ 1 3 = 6 4 | 5 5 
ǁ ǁ 2 ǁ 2 2 6 2 2 3 = = = = = = 6 | |   5 = = 4 - 3 1 ǁ 2 
4 3   3 4 = 8 = = = = = = 3 2 - 4 2 4 = 5 = = = = = = 6 2 
3 3 2 2 4 1 5 = = 4 = 2 2 5 = = = 2 1 1 4 = = 3 2 2 - 4 1 
