29 29
3 0 3 3 0 0 0 5 0 0 0 2 4 5 0 0 0 0 0 0 3 4 6 0 0 6 0 4 3 
5 5 5 6 4 2 0 0 2 0 0 0 0 1 4 4 2 3 2 0 0 2 3 3 2 0 2 3 3 
3 5 0 4 5 4 0 0 6 0 0 0 7 3 5 0 0 6 0 0 6 0 0 0 0 7 6 3 2 
1 2 0 2 3 2 0 0 4 0 2 1 5 4 2 2 0 4 2 0 5 1 2 0 4 0 2 0 0 
4 0 8 0 0 0 0 7 0 0 0 0 0 0 0 0 0 0 0 0 0 0 0 0 7 7 0 6 4 
0 1 0 2 5 2 2 0 2 2 2 0 0 3 0 0 0 0 2 0 0 0 4 1 0 0 2 0 0 
0 4 7 0 4 5 6 0 0 5 0 0 0 4 0 0 0 0 0 0 0 0 5 5 0 0 0 0 0 
0 0 0 2 0 0 4 0 0 2 2 0 0 0 2 0 0 3 0 0 0 5 3 2 0 0 3 0 0 
0 0 0 0 0 5 3 0 5 0 7 0 0 7 0 0 0 0 0 0 0 8 7 4 0 0 0 0 0 
0 1 0 0 0 3 1 0 2 2 0 1 1 0 3 0 6 0 2 4 2 0 0 0 0 0 0 0 3 
0 2 0 0 0 2 2 0 4 6 4 4 5 0 0 1 0 3 5 5 0 0 0 0 0 6 5 0 2 
0 4 6 6 0 0 0 0 0 4 5 2 2 0 0 0 0 0 0 4 2 0 0 4 0 0 4 0 2 
0 2 6 6 0 0 0 0 6 0 0 0 0 6 0 0 0 0 0 3 1 0 0 4 0 0 4 0 0 
0 0 0 2 0 0 0 0 0 2 2 4 3 0 0 0 0 1 0 0 0 0 0 0 0 0 4 0 4 
0 0 0 1 0 0 0 0 0 0 0 0 0 0 0 0 0 0 0 0 0 0 0 4 0 0 0 0 0 
0 0 0 0 0 0 0 0 0 3 0 0 0 0 0 0 4 0 6 6 2 0 0 2 0 0 0 0 4 
0 0 0 2 5 4 0 0 0 0 0 0 1 0 0 3 0 0 5 0 0 0 2 4 5 0 0 0 0 
0 0 0 2 4 1 0 0 0 0 0 0 0 0 0 0 0 0 0 0 0 0 2 0 0 0 0 0 0 
6 0 6 0 0 5 6 0 0 3 3 5 0 5 0 0 2 0 5 0 0 0 4 0 0 0 0 0 0 
0 2 0 1 2 0 0 0 0 0 0 2 0 0 0 0 0 0 0 0 0 0 0 0 0 0 0 4 6 
0 0 0 0 4 0 0 0 0 0 0 0 0 0 0 0 3 0 2 0 0 0 0 0 0 0 0 2 0 
0 0 0 0 0 2 0 0 6 0 6 5 2 2 0 0 2 0 0 0 0 0 0 0 0 0 0 0 0 
5 5 2 2 3 0 5 0 0 2 6 6 0 0 0 0 0 0 0 0 0 0 0 0 0 0 0 6 5 
4 2 2 1 0 0 3 0 5 0 2 2 0 0 0 0 0 0 0 0 0 0 4 5 0 4 0 4 2 
6 0 8 0 5 1 0 0 6 2 1 0 0 0 0 0 0 0 0 0 0 0 2 5 0 0 0 3 4 
0 2 4 2 3 1 0 0 2 0 0 0 0 0 0 0 0 0 0 0 0 0 3 3 0 4 0 2 0 
3 5 0 0 0 0 0 7 0 0 0 0 0 0 5 5 0 0 0 6 2 0 6 2 0 2 0 0 2 
2 0 0 0 0 0 0 5 0 0 0 0 0 0 4 0 0 0 0 0 0 4 3 0 5 0 3 0 2 
3 4 0 2 2 0 0 5 0 0 0 0 4 2 3 0 0 2 2 4 0 0 0 0 5 0 4 5 3 
300 439
0 7 0 3
0 7 0 11
0 7 4 7
0 13 0 12
0 13 0 20
0 13 1 13
0 22 0 21
0 22 0 25
0 22 1 22
0 22 0 21
0 22 0 25
0 22 1 22
0 25 0 27
0 25 2 25
1 0 1 1
1 0 0 0
1 0 2 0
1 8 2 8
1 14 1 15
1 14 2 14
1 14 1 15
1 14 2 14
1 15 1 16
1 15 3 15
2 8 2 12
2 8 1 8
2 8 3 8
2 8 2 12
2 8 3 8
2 12 2 13
2 12 0 12
2 12 3 12
2 17 2 20
2 17 1 17
2 17 3 17
2 17 2 20
2 17 1 17
2 17 3 17
2 20 2 25
2 20 0 20
2 20 3 20
2 20 2 25
3 8 3 10
3 8 5 8
4 2 4 0
4 2 4 7
4 2 1 2
4 2 6 2
4 2 4 0
4 2 4 7
4 2 1 2
4 2 6 2
4 7 0 7
4 7 26 7
4 7 26 7
4 25 4 24
4 25 4 27
4 25 2 25
4 25 10 25
5 1 6 1
5 4 5 3
5 4 5 5
5 4 6 4
5 26 7 26
6 1 6 2
6 1 9 1
6 1 6 2
6 6 6 5
6 6 5 6
6 6 7 6
6 6 6 5
6 6 5 6
6 6 7 6
6 9 6 13
6 9 5 9
6 9 7 9
6 23 6 22
6 23 5 23
6 23 7 23
7 6 7 3
7 6 8 6
8 8 8 10
8 8 5 8
8 8 9 8
8 13 8 10
8 13 8 21
8 13 6 13
8 13 12 13
8 21 8 13
8 21 8 22
8 21 7 21
8 21 27 21
9 16 9 14
9 16 9 18
9 16 15 16
9 16 9 14
9 16 9 18
9 16 15 16
9 19 9 20
9 19 10 19
9 19 9 20
9 19 10 19
10 12 10 11
10 12 9 12
10 12 11 12
10 15 16 15
10 18 10 17
10 18 10 19
10 18 15 18
10 25 10 26
10 25 4 25
10 25 23 25
10 25 10 26
10 25 23 25
11 3 11 2
11 3 7 3
11 3 12 3
11 3 11 2
11 3 12 3
11 23 8 23
11 23 12 23
11 23 8 23
11 23 12 23
12 3 12 2
12 3 11 3
12 3 13 3
12 3 12 2
12 8 12 13
12 8 10 8
12 8 21 8
12 8 12 13
12 8 10 8
12 8 21 8
12 23 14 23
12 26 11 26
12 26 13 26
12 26 11 26
12 26 13 26
13 3 14 3
13 26 13 28
13 26 27 26
13 28 11 28
13 28 15 28
13 28 11 28
14 23 12 23
14 23 15 23
14 23 15 23
15 16 15 18
15 16 18 16
15 18 15 19
15 18 10 18
15 18 16 18
15 18 15 19
15 19 15 20
15 19 12 19
15 19 26 19
15 19 15 20
15 28 19 28
16 4 16 3
16 4 16 5
16 4 17 4
16 18 18 18
16 24 16 23
16 24 4 24
16 24 27 24
18 0 18 2
18 0 4 0
18 0 22 0
18 0 18 2
18 0 4 0
18 0 22 0
18 2 18 5
18 2 12 2
18 2 22 2
18 2 18 5
18 6 18 5
18 6 10 6
18 6 22 6
18 6 18 5
18 6 10 6
18 6 22 6
18 22 17 22
18 22 23 22
18 22 17 22
18 22 23 22
19 1 22 1
19 27 19 28
19 27 20 27
19 27 19 28
19 27 20 27
19 28 15 28
19 28 22 28
19 28 22 28
20 4 19 4
20 4 22 4
20 4 19 4
20 4 22 4
21 5 18 5
21 5 24 5
21 8 21 10
21 8 23 8
21 8 21 10
21 8 23 8
21 10 21 11
21 10 18 10
21 10 22 10
21 10 21 11
22 6 23 6
22 10 22 9
22 10 22 11
22 10 23 10
22 10 22 9
22 10 22 11
22 11 21 11
22 11 23 11
22 11 21 11
22 11 23 11
22 27 22 28
22 27 23 27
22 27 22 28
22 27 23 27
22 27 22 28
22 27 23 27
23 6 22 6
23 22 23 23
23 22 24 22
23 23 16 23
23 23 24 23
23 23 16 23
23 23 24 23
23 25 25 25
23 27 23 28
23 28 24 28
24 0 24 2
24 0 23 0
24 0 26 0
24 0 24 2
24 0 23 0
24 0 26 0
24 2 24 4
24 2 23 2
24 2 25 2
24 8 24 9
24 8 23 8
24 8 25 8
24 8 24 9
24 8 23 8
24 8 25 8
24 10 23 10
24 28 24 27
24 28 26 28
24 28 24 27
25 5 25 4
25 25 23 25
25 25 26 25
25 25 26 25
26 7 26 1
26 7 26 14
26 7 27 7
26 15 26 14
26 15 26 19
26 15 16 15
26 19 26 15
26 19 26 20
26 19 28 19
26 19 26 20
26 22 26 23
26 22 25 22
26 22 27 22
26 22 26 23
26 22 25 22
26 22 27 22
26 28 27 28
27 21 27 22
27 21 8 21
28 7 28 4
28 7 28 12
28 7 27 7
28 12 28 7
28 12 28 13
28 12 28 13
28 19 28 18
28 19 28 24
28 19 28 18
28 24 28 26
28 24 27 24
28 27 28 26
28 27 28 28
28 27 25 27
0 13 0 12
0 13 0 20
0 21 1 21
0 21 1 21
0 25 0 27
0 25 2 25
0 27 0 28
0 27 1 27
0 28 1 28
0 28 1 28
1 16 1 17
1 22 1 23
1 23 1 24
1 24 1 23
2 1 2 0
2 1 1 1
2 1 3 1
3 20 3 18
3 20 3 21
3 20 3 18
3 24 3 22
3 24 4 24
3 24 3 22
3 24 4 24
3 26 2 26
4 27 4 25
4 27 4 28
4 27 2 27
4 27 4 28
4 27 2 27
4 28 2 28
4 28 9 28
5 3 5 4
5 22 5 18
5 22 6 22
5 22 5 18
5 22 6 22
5 26 7 26
6 23 6 22
6 23 7 23
7 26 10 26
8 21 8 22
8 21 7 21
8 22 8 23
8 22 7 22
8 22 16 22
8 23 8 22
9 14 26 14
9 28 10 28
10 1 11 1
10 8 10 9
10 8 9 8
10 9 10 10
10 9 9 9
10 9 11 9
10 9 10 10
10 9 9 9
10 17 10 18
10 17 13 17
10 19 11 19
11 2 11 1
11 2 6 2
11 2 12 2
11 2 11 1
11 9 11 10
11 26 10 26
12 2 12 1
12 2 12 1
16 15 26 15
16 18 18 18
16 23 16 22
16 24 4 24
16 24 27 24
18 13 18 11
18 13 12 13
18 13 21 13
19 1 22 1
19 3 22 3
21 12 21 11
21 12 21 13
21 16 20 16
22 6 23 6
23 0 23 1
23 0 22 0
24 2 24 4
24 2 23 2
24 2 25 2
24 27 25 27
25 2 25 1
25 2 25 3
25 3 25 4
25 4 24 4
27 28 28 28
28 17 28 14
28 24 28 26
28 24 27 24
28 26 28 27
28 27 28 28
0 12 0 11
2 12 2 13
2 12 3 12
3 17 3 15
3 17 7 17
3 26 2 26
4 24 4 25
6 2 6 4
6 2 6 4
6 4 6 5
6 5 5 5
6 22 7 22
8 8 8 10
8 22 7 22
9 11 10 11
9 28 10 28
10 1 11 1
10 19 11 19
10 26 11 26
11 9 11 10
11 19 11 20
11 19 12 19
11 20 12 20
16 12 13 12
19 11 18 11
21 16 20 16
22 0 22 1
22 0 22 1
23 1 22 1
23 3 22 3
24 4 22 4
25 1 26 1
27 24 27 26
28 17 28 14
0 7 0 3
2 25 2 26
2 25 2 26
7 21 7 17
11 9 11 10
13 12 13 11
19 11 18 11
28 14 27 14
7 21 7 17
13 12 13 11
27 14 27 7
27 14 26 14
27 14 27 7
7 14 3 14
13 11 13 10
13 11 18 11
26 14 26 7
7 14 3 14

2956

3   3 3 = = = 5 - - - 2 4 5 = = = = = = 3 4 6 = = 6 = 4 3 
5 5 5 6 4 2   ǁ 2       | 1 4 4 2 3 2   | 2 3 3 2 ǁ 2 3 3 
3 5 ǁ 4 5 4   ǁ 6 = = = 7 3 5 |   6 = = 6 = = = = 7 6 3 2 
1 2 ǁ 2 3 2   ǁ 4 - 2 1 5 4 2 2 - 4 2 = 5 1 2 = 4 | 2 ǁ | 
4 = 8 = = = = 7 |           ǁ     |             7 7 = 6 4 
ǁ 1 ǁ 2 5 2 2 ǁ 2 2 2     3 ǁ     | 2 = = = 4 1 ǁ ǁ 2   | 
ǁ 4 7 = 4 5 6 ǁ | 5 - - - 4 ǁ     |         5 5 ǁ ǁ ǁ   | 
ǁ | | 2 - - 4 ǁ | 2 2     | 2     3 = = = 5 3 2 ǁ ǁ 3   | 
ǁ | | |   5 3 ǁ 5 = 7 - - 7 = = = = = = = 8 7 4 ǁ ǁ |   | 
ǁ 1 | |   3 1 ǁ 2 2   1 1 | 3 = 6 = 2 4 2 ǁ | ǁ ǁ ǁ |   3 
ǁ 2 | |   2 2 ǁ 4 6 4 4 5 | | 1 ǁ 3 5 5   ǁ | ǁ ǁ 6 5   2 
ǁ 4 6 6     ǁ ǁ ǁ 4 5 2 2 | | | ǁ | ǁ 4 2 ǁ | 4 ǁ ǁ 4   2 
ǁ 2 6 6     ǁ ǁ 6 = = = = 6 | | ǁ | ǁ 3 1 ǁ | 4 ǁ ǁ 4   ǁ 
ǁ   | 2     ǁ ǁ ǁ 2 2 4 3 | | | ǁ 1 ǁ |   ǁ | ǁ ǁ ǁ 4 - 4 
ǁ   | 1     ǁ ǁ ǁ     | | | | | ǁ   ǁ |   ǁ | 4 ǁ ǁ |   | 
ǁ   |       ǁ ǁ ǁ 3   | | | | | 4 - 6 6 2 ǁ | 2 ǁ ǁ |   4 
ǁ   | 2 5 4 ǁ ǁ ǁ     | 1 | | 3 |   5 |   ǁ 2 4 5 ǁ |   ǁ 
ǁ   | 2 4 1 ǁ ǁ ǁ     |   | | ǁ |   ǁ |   ǁ 2 ǁ ǁ ǁ |   ǁ 
6 = 6 = = 5 6 ǁ ǁ 3 3 5 - 5 | ǁ 2   5 |   ǁ 4 ǁ ǁ ǁ |   ǁ 
ǁ 2 | 1 2 | ǁ ǁ ǁ   | 2   | | ǁ       |   ǁ ǁ ǁ ǁ ǁ | 4 6 
ǁ ǁ | | 4 | ǁ ǁ ǁ   |     | | ǁ 3   2 |   ǁ ǁ ǁ ǁ ǁ | 2 ǁ 
ǁ ǁ | | ǁ 2 ǁ ǁ 6 = 6 5 2 2 | ǁ 2     |   ǁ ǁ ǁ ǁ ǁ |   ǁ 
5 5 2 2 3 | 5 ǁ ǁ 2 6 6     | ǁ       |   ǁ ǁ ǁ ǁ ǁ | 6 5 
4 2 2 1 | | 3 ǁ 5   2 2     | ǁ       |   ǁ 4 5 ǁ 4 | 4 2 
6 = 8 = 5 1   ǁ 6 2 1       | ǁ       |   ǁ 2 5 ǁ ǁ | 3 4 
ǁ 2 4 2 3 1   ǁ 2           | ǁ       |   ǁ 3 3 ǁ 4 | 2 | 
3 5 - - - - - 7 = = = = = = 5 5 = = = 6 2 ǁ 6 2 ǁ 2 | | 2 
2             5 = = = = = = 4         |   4 3   5 - 3 | 2 
3 4   2 2 - - 5 = = = = 4 2 3 = = 2 2 4 - - - - 5 = 4 5 3 
