29 29
3 0 0 0 5 0 5 0 0 0 0 0 0 2 1 5 0 0 0 0 6 0 0 0 0 4 1 3 3 
0 2 4 2 0 2 7 0 4 3 4 0 0 0 0 8 0 6 2 0 0 1 0 3 0 0 0 0 2 
5 6 7 3 0 2 5 4 1 2 6 4 2 0 0 8 2 6 0 0 7 3 2 0 0 0 4 7 4 
2 2 3 1 0 1 1 2 1 0 3 4 0 0 0 6 4 6 3 1 4 0 0 4 0 0 0 1 2 
2 0 0 0 7 0 0 0 0 0 0 0 0 0 0 0 0 0 0 0 0 0 0 0 0 8 4 5 2 
3 4 4 2 0 3 0 0 1 0 2 0 4 0 0 0 0 0 0 0 0 0 2 2 0 0 2 4 2 
4 0 1 2 0 4 0 0 0 0 0 0 7 0 0 0 0 0 0 0 0 0 7 3 0 0 6 6 4 
4 7 6 6 0 2 4 0 0 2 1 2 0 0 0 0 0 0 0 0 0 0 0 0 0 0 0 3 1 
2 0 5 6 0 4 7 0 5 1 3 0 0 0 0 0 0 0 0 0 0 0 0 0 0 0 0 0 0 
0 0 1 2 0 2 4 2 0 0 0 0 0 0 0 0 0 0 0 0 0 0 0 0 0 0 0 4 1 
5 7 0 0 6 0 0 0 6 0 6 4 0 0 0 0 0 0 0 0 0 0 2 0 0 0 0 0 0 
1 0 0 0 0 0 1 0 2 1 4 2 0 0 0 0 0 0 0 0 0 0 0 0 0 0 0 0 0 
2 0 0 0 0 4 6 0 0 0 0 0 6 0 0 0 0 0 0 0 0 0 0 0 0 7 8 7 5 
4 0 0 0 0 2 4 2 2 2 4 2 0 4 0 0 0 4 4 0 5 0 2 2 0 0 2 0 0 
0 0 3 2 0 3 0 0 5 4 4 0 0 4 0 2 0 0 5 0 4 0 0 5 2 0 2 0 0 
4 0 0 0 0 4 4 2 0 2 1 0 4 0 0 0 0 6 6 0 0 0 4 0 0 0 3 1 0 
0 0 3 0 7 0 0 0 7 0 6 4 4 0 0 0 0 2 4 1 0 0 0 0 0 0 0 2 0 
0 0 2 1 0 0 2 0 2 4 6 2 0 0 0 0 0 0 4 0 2 0 0 2 0 7 6 4 0 
0 0 3 0 4 2 5 0 0 7 0 0 8 0 0 0 0 0 0 0 0 0 7 4 2 0 5 3 0 
0 0 2 0 1 0 2 0 0 4 0 0 2 0 0 0 0 0 0 0 0 0 0 3 2 0 0 0 3 
5 6 0 0 0 0 0 0 0 0 0 0 0 0 0 0 0 0 0 0 0 0 5 5 4 0 2 0 2 
0 0 1 0 0 0 0 2 0 0 5 0 0 0 0 0 0 0 0 0 0 0 6 2 0 0 2 7 5 
0 0 0 0 4 0 0 0 2 0 0 0 0 0 0 0 0 2 0 2 2 0 0 2 4 0 0 0 3 
0 0 0 0 0 0 4 0 4 2 0 0 0 0 0 0 0 0 0 0 0 0 0 0 0 0 2 6 4 
0 5 0 0 7 0 4 0 0 0 0 0 0 2 0 0 0 8 0 7 7 2 0 0 0 0 2 4 0 
4 1 4 0 3 0 0 0 0 0 0 4 5 0 0 0 0 5 2 0 5 4 0 0 0 0 2 0 0 
0 0 2 0 0 0 0 0 0 0 0 2 2 0 0 0 0 0 0 0 1 3 3 2 0 5 0 0 1 
5 0 0 0 0 0 0 0 0 0 6 0 0 0 0 0 0 0 0 6 0 2 2 0 0 4 3 0 1 
4 0 0 2 2 0 0 0 0 0 6 0 0 0 0 0 2 2 0 5 0 0 0 0 0 4 0 6 3 
300 503
0 4 0 0
0 4 0 6
0 4 4 4
0 15 0 14
0 15 0 20
0 15 1 15
0 20 0 15
0 20 0 25
0 20 2 20
1 6 1 5
1 6 1 8
1 6 0 6
1 6 2 6
1 15 1 10
1 15 1 17
1 15 0 15
1 15 2 15
1 17 1 15
1 17 1 18
1 17 2 17
2 0 2 1
2 0 0 0
2 0 3 0
2 2 2 1
2 2 2 3
2 2 1 2
2 2 3 2
2 15 2 12
2 15 2 16
2 15 1 15
2 15 3 15
2 15 2 12
2 15 2 16
2 15 1 15
2 17 2 20
2 17 1 17
2 17 3 17
2 17 2 20
2 17 1 17
2 27 2 26
2 27 2 28
2 27 0 27
2 27 3 27
3 15 3 11
3 15 3 16
3 15 14 15
3 15 3 11
3 15 3 16
3 16 3 17
3 16 28 16
3 17 3 18
3 17 13 17
4 4 4 0
4 4 0 4
4 4 10 4
4 4 4 0
4 4 10 4
4 25 4 26
4 25 0 25
4 25 12 25
4 25 4 26
4 25 0 25
4 25 12 25
4 25 4 26
4 27 4 26
4 27 4 28
4 27 5 27
5 12 5 10
5 12 6 12
5 12 5 10
5 12 6 12
6 26 6 27
6 26 5 26
6 26 12 26
6 26 6 27
6 26 5 26
6 26 12 26
6 27 6 28
6 27 5 27
6 27 7 27
6 27 6 28
6 28 5 28
6 28 7 28
7 1 7 0
7 1 7 2
7 1 5 1
7 1 10 1
7 3 7 2
7 3 6 3
7 3 8 3
7 3 7 2
7 3 6 3
7 3 8 3
7 27 9 27
8 2 8 3
8 2 7 2
8 2 9 2
8 6 8 5
8 6 8 8
8 6 7 6
8 6 9 6
10 0 10 1
10 0 8 0
10 0 11 0
10 4 10 1
10 4 10 8
10 4 16 4
10 4 10 1
10 8 10 10
10 8 8 8
10 8 11 8
10 8 10 10
10 8 8 8
10 10 10 11
10 10 8 10
10 10 11 10
10 10 10 11
10 11 7 11
10 11 11 11
12 0 13 0
12 5 12 6
12 5 13 5
12 5 12 6
12 5 13 5
12 6 12 12
12 6 11 6
12 6 13 6
12 6 12 12
12 12 6 12
12 12 15 12
12 12 6 12
12 12 15 12
12 26 12 25
12 26 12 27
12 26 13 26
12 27 12 26
12 27 12 28
12 27 9 27
12 27 15 27
12 28 12 27
12 28 9 28
12 28 19 28
13 0 12 0
13 0 15 0
13 0 15 0
13 6 13 7
13 6 15 6
13 6 13 7
13 13 14 13
14 5 15 5
14 8 14 9
14 8 13 8
14 8 16 8
14 15 14 13
14 18 14 20
14 18 13 18
14 18 15 18
15 0 20 0
15 12 15 10
15 12 16 12
15 17 15 18
15 17 13 17
15 17 16 17
15 17 15 18
15 17 13 17
15 17 16 17
15 18 15 22
15 18 14 18
15 18 16 18
16 4 16 2
16 4 16 8
16 4 18 4
16 10 16 8
16 10 16 11
16 10 17 10
16 10 16 8
16 10 16 11
16 10 17 10
16 11 16 12
16 11 17 11
16 12 18 12
16 18 16 19
16 18 17 18
16 18 17 18
16 27 17 27
16 27 17 27
17 10 17 9
17 10 17 11
17 10 21 10
17 10 17 9
17 18 17 20
17 18 25 18
17 25 17 23
17 25 17 26
17 25 12 25
17 25 26 25
17 27 17 26
17 27 18 27
18 12 16 12
18 12 19 12
18 12 19 12
18 26 18 27
18 26 17 26
18 26 20 26
20 1 20 0
20 1 10 1
20 1 24 1
20 1 20 0
20 1 10 1
20 1 24 1
20 22 20 23
20 22 18 22
20 22 21 22
21 10 21 7
21 10 27 10
21 10 21 7
21 10 27 10
21 22 21 23
21 22 20 22
21 22 26 22
21 22 21 23
21 22 20 22
21 27 21 26
21 27 21 28
21 27 18 27
21 27 23 27
22 17 24 17
22 24 22 23
22 24 20 24
22 24 22 23
22 24 20 24
23 9 23 8
24 1 24 4
24 1 25 1
24 1 24 4
24 4 24 6
24 4 22 4
24 4 25 4
24 6 24 4
24 6 23 6
24 6 23 6
24 13 14 13
24 17 22 17
24 17 25 17
24 17 25 17
24 20 24 19
24 20 24 21
24 20 22 20
24 20 25 20
25 0 20 0
25 0 27 0
25 0 20 0
25 0 27 0
25 2 25 4
25 2 26 2
25 2 25 4
25 2 26 2
25 11 25 12
25 11 26 11
25 11 25 12
25 11 26 11
25 12 26 12
26 12 25 12
27 10 27 0
27 10 28 10
27 10 27 0
27 10 28 10
27 19 27 21
27 19 24 19
27 19 28 19
27 19 27 21
27 19 24 19
27 19 28 19
28 0 28 3
28 0 27 0
28 0 28 3
28 4 28 10
28 4 28 10
28 10 28 16
28 27 28 25
28 27 28 28
28 27 24 27
28 27 28 25
28 27 28 28
28 27 24 27
28 28 27 28
0 13 0 6
0 20 0 25
0 20 2 20
1 10 1 9
1 10 2 10
1 10 1 9
2 10 2 9
2 10 2 11
2 10 3 10
2 10 2 9
2 10 2 11
2 11 3 11
2 11 3 11
2 26 2 27
2 26 0 26
2 26 2 27
3 10 3 8
3 17 3 18
3 17 13 17
4 27 4 28
4 27 5 27
5 3 5 2
5 27 5 28
6 0 5 0
6 0 7 0
6 0 5 0
6 0 7 0
6 12 6 5
7 0 7 1
7 2 7 1
7 2 6 2
7 11 7 10
7 27 9 27
8 0 10 0
8 2 8 3
8 10 8 9
9 3 8 3
9 7 9 6
9 27 12 27
10 0 10 1
11 8 11 9
11 10 11 11
12 26 12 25
12 26 13 26
12 28 19 28
13 11 13 10
13 13 14 13
14 3 14 2
14 5 15 5
14 10 14 9
14 10 13 10
14 10 14 9
14 10 13 10
14 24 14 23
14 26 15 26
15 5 15 6
15 5 14 5
15 6 15 7
15 7 15 6
15 9 14 9
15 22 13 22
15 22 18 22
15 22 13 22
16 4 16 2
16 4 16 8
16 4 18 4
17 3 17 2
17 9 17 8
17 9 18 9
17 20 22 20
17 26 17 25
17 26 15 26
17 26 18 26
18 9 18 6
18 9 19 9
18 9 18 6
18 9 19 9
18 9 19 9
18 9 19 9
18 22 18 23
18 26 20 26
19 28 20 28
20 23 20 24
20 23 19 23
20 24 20 23
20 28 21 28
21 2 19 2
21 27 21 26
21 27 21 28
21 27 23 27
21 28 22 28
21 28 22 28
22 19 24 19
22 28 23 28
23 6 23 8
23 6 19 6
23 8 23 9
23 8 22 8
23 27 23 26
23 27 23 28
23 27 24 27
23 27 23 26
23 28 26 28
24 4 22 4
24 17 25 17
24 17 25 17
24 20 24 19
24 20 24 21
24 20 25 20
24 27 24 26
25 18 25 17
25 21 25 20
25 21 26 21
25 21 25 20
25 21 26 21
28 17 28 19
28 17 28 19
28 19 28 25
28 25 27 25
0 13 0 6
1 9 1 8
3 28 2 28
3 28 2 28
5 0 5 1
5 1 5 2
5 1 7 1
5 2 5 3
5 8 5 5
6 12 6 5
7 9 7 6
7 9 7 6
8 2 8 3
8 8 8 6
9 7 9 6
10 22 6 22
12 25 17 25
13 9 13 8
13 9 13 10
13 20 13 18
13 20 3 20
13 20 14 20
14 2 14 3
14 2 16 2
14 8 16 8
14 20 14 18
14 20 13 20
14 24 14 23
14 26 15 26
16 8 17 8
17 2 18 2
17 6 18 6
18 22 18 23
20 23 19 23
22 4 19 4
22 19 24 19
24 26 25 26
25 20 26 20
25 26 27 26
26 21 26 22
27 26 27 25
1 8 1 6
1 8 2 8
2 7 2 6
2 7 3 7
2 7 2 6
2 7 3 7
2 28 2 27
6 5 5 5
6 5 7 5
6 22 6 23
6 22 5 22
6 22 10 22
6 22 6 23
6 22 5 22
6 22 6 23
7 6 7 5
8 5 8 6
8 5 9 5
8 5 8 6
9 5 9 6
13 18 13 20
13 18 3 18
13 23 14 23
14 23 13 23
14 23 17 23
17 6 18 6
17 25 26 25
18 4 18 2
18 4 18 5
18 5 18 6
18 22 18 23
19 2 18 2
27 26 27 25
0 27 0 28
0 27 0 28
0 28 1 28
2 22 2 21
3 19 3 20
3 20 3 23
3 20 2 20
3 23 1 23
3 23 5 23
3 23 1 23
5 5 3 5
18 22 18 23
18 24 19 24
19 23 19 24
27 22 27 25
27 22 26 22
1 23 1 21
2 20 2 21
2 20 2 21
3 6 2 6
26 23 26 25
26 23 26 25
2 5 2 6
2 5 1 5

2620

3 - - - 5 - 5 = = = = = = 2 1 5 = = = = 6 = = = = 4 1 3 3 
| 2 4 2 ǁ 2 7 = 4 3 4 - - - - 8 = 6 2   ǁ 1 - 3   ǁ | | 2 
5 6 7 3 ǁ 2 5 4 1 2 6 4 2 = = 8 2 6 = = 7 3 2 ǁ   ǁ 4 7 4 
2 2 3 1 ǁ 1 1 2 1 - 3 4 = = = 6 4 6 3 1 4 - - 4   ǁ   1 2 
2 = = = 7 |                   | | ǁ |   |     |   8 4 5 2 
3 4 4 2 ǁ 3 - - 1   2 = 4     | | ǁ |   |   2 2   ǁ 2 4 2 
4 ǁ 1 2 ǁ 4 = = = = = = 7     | | ǁ |   |   7 3   ǁ 6 6 4 
4 7 6 6 ǁ 2 4 = = 2 1 2 ǁ     | | ǁ |   |   ǁ     ǁ ǁ 3 1 
2 | 5 6 ǁ 4 7 = 5 1 3 | ǁ     | | ǁ |   |   ǁ     ǁ ǁ ǁ   
ǁ | 1 2 ǁ 2 4 2 ǁ   | | ǁ     | | ǁ |   |   ǁ     ǁ ǁ 4 1 
5 7 = = 6 - - - 6 = 6 4 ǁ     | | ǁ |   |   2     ǁ ǁ ǁ | 
1 ǁ     |   1   2 1 4 2 ǁ     | | ǁ |   |         ǁ ǁ ǁ | 
2 ǁ     | 4 6 = = = = = 6     | | ǁ |   |         7 8 7 5 
4 ǁ     | 2 4 2 2 2 4 2 ǁ 4   | | 4 4 = 5   2 2   ǁ 2 | ǁ 
ǁ ǁ 3 2 | 3 |   5 4 4   ǁ 4 - 2 | ǁ 5 = 4   ǁ 5 2 ǁ 2 | ǁ 
4 ǁ |   | 4 4 2 ǁ 2 1 - 4 |     | 6 6 - - - 4 |   ǁ 3 1 ǁ 
| ǁ 3 = 7 = = = 7 = 6 4 4 |     | 2 4 1     | |   ǁ | 2 ǁ 
| ǁ 2 1 ǁ   2   2 4 6 2 ǁ |     |   4 - 2   | 2 - 7 6 4 ǁ 
| ǁ 3 - 4 2 5 = = 7 |   8 |     |   |   |   7 4 2 ǁ 5 3 ǁ 
| ǁ 2   1   2     4 |   2 |     |   |   |   | 3 2 ǁ ǁ | 3 
5 6 |   |   |       |     |     |   |   |   5 5 4 ǁ 2 | 2 
ǁ ǁ 1   |   | 2 = = 5     |     |   |   |   6 2 ǁ ǁ 2 7 5 
ǁ ǁ     4   |   2   ǁ     |     | 2 | 2 2   | 2 4 ǁ   ǁ 3 
ǁ ǁ     ǁ   4 - 4 2 ǁ     |     | ǁ | ǁ |   |     ǁ 2 6 4 
ǁ 5 = = 7 = 4       ǁ     2     | 8 | 7 7 2 |     ǁ 2 4 | 
4 1 4 = 3           ǁ 4 5       | 5 2 ǁ 5 4 |     ǁ 2 ǁ | 
ǁ   2               ǁ 2 2       |     ǁ 1 3 3 2 = 5 | ǁ 1 
5 = = = = = = = = = 6           |     6 = 2 2 - - 4 3 ǁ 1 
4 = = 2 2 = = = = = 6 - - - - - 2 2 = 5 - - - - - 4 = 6 3 
