29 29
4 0 0 0 6 0 0 0 5 1 4 6 0 5 0 0 4 2 6 0 0 0 0 0 0 0 0 0 3 
4 2 0 0 7 6 5 1 0 4 6 4 2 0 1 0 5 2 4 0 4 0 2 0 0 0 0 0 0 
0 2 4 0 3 3 4 1 0 2 2 4 4 0 1 0 0 0 0 0 0 0 0 0 0 0 0 0 3 
6 0 0 0 0 0 0 0 8 0 0 0 0 6 0 0 0 0 0 0 0 0 0 0 0 0 5 3 0 
4 0 0 0 0 5 5 2 0 1 2 4 0 6 0 0 4 2 2 0 4 2 4 4 2 0 0 3 2 
3 0 0 2 1 4 2 1 5 5 0 6 0 5 0 0 0 0 0 0 8 0 7 8 4 0 0 0 0 
0 2 3 0 0 3 0 0 4 2 2 6 0 0 0 0 4 0 3 1 3 1 1 2 2 0 0 0 3 
0 2 0 0 0 0 0 0 5 0 0 0 0 0 0 0 0 0 0 0 0 0 0 0 0 0 4 0 0 
3 1 3 0 0 1 0 0 0 2 0 6 2 3 0 0 5 2 2 0 0 4 2 3 2 2 0 0 0 
0 0 0 0 0 0 0 0 0 3 0 4 4 7 4 2 0 4 4 0 4 0 0 0 3 5 0 0 0 
0 0 4 0 0 0 0 0 0 0 2 0 0 4 4 0 6 7 2 2 0 0 0 0 0 3 0 6 4 
0 0 0 0 0 0 0 0 0 4 3 0 0 2 2 0 0 4 2 0 0 0 5 5 5 3 0 0 2 
0 0 0 0 0 0 0 0 0 5 2 0 6 0 0 0 7 0 0 5 4 0 3 0 6 3 0 0 0 
0 0 0 0 0 0 0 0 0 0 0 0 4 0 4 2 0 0 0 0 0 0 2 0 2 1 0 0 0 
0 0 0 0 0 0 0 0 0 4 0 5 0 0 0 0 8 0 0 0 0 7 0 7 0 0 6 6 3 
0 5 8 0 0 0 0 0 6 0 0 0 0 0 5 4 0 4 0 5 2 0 1 0 2 1 0 4 3 
0 0 0 1 0 0 0 2 0 4 0 0 3 2 0 0 0 0 2 1 0 0 0 0 0 0 0 1 1 
0 0 6 2 3 1 0 0 0 0 1 2 5 4 0 2 0 0 6 0 0 4 4 7 6 2 0 5 4 
0 0 5 4 0 2 0 0 4 5 4 2 0 0 7 2 0 0 0 0 0 0 0 0 0 2 0 4 0 
0 0 3 2 0 0 0 0 0 0 6 0 4 0 7 1 0 0 6 2 0 0 1 0 0 0 0 2 0 
0 0 6 0 8 4 0 0 0 0 0 0 0 0 0 2 0 0 0 2 0 0 1 0 0 0 0 4 6 
0 0 0 0 0 0 0 0 0 0 0 0 0 0 0 0 0 0 0 0 0 0 0 0 0 0 0 2 0 
0 0 0 0 0 0 0 0 0 0 4 0 0 0 0 0 0 0 3 5 0 0 0 0 0 4 7 6 6 
0 0 0 0 2 0 0 0 0 2 0 0 0 0 0 0 0 0 0 4 2 0 0 0 5 2 0 0 0 
0 0 0 0 0 0 0 0 5 2 0 0 0 0 0 0 0 6 0 0 0 4 5 3 4 2 0 0 0 
0 0 0 0 0 0 0 0 2 2 8 0 0 0 7 6 0 5 1 2 0 0 3 1 2 0 2 0 2 
0 2 0 0 0 0 0 0 2 0 4 0 0 0 1 2 0 4 0 0 0 2 0 0 1 4 1 0 2 
0 2 4 0 0 0 0 6 0 0 0 0 0 0 0 0 6 0 0 0 0 0 0 6 2 3 0 7 4 
4 6 0 0 0 0 0 5 0 0 0 0 0 0 0 0 0 0 0 0 4 3 1 2 0 3 0 5 1 
300 504
0 0 0 4
0 0 1 0
0 0 0 4
0 0 1 0
0 4 0 8
0 4 1 4
0 8 0 4
0 8 0 9
0 8 3 8
0 8 3 8
0 10 0 11
0 10 1 10
0 10 0 11
0 10 1 10
0 11 0 13
0 11 1 11
0 18 0 17
0 18 0 28
0 18 1 18
0 18 0 17
0 18 0 28
0 18 1 18
0 28 2 28
1 0 1 1
1 0 3 0
1 5 1 4
1 5 1 6
1 5 2 5
1 5 1 4
1 5 1 6
1 5 2 5
1 6 1 7
1 6 2 6
1 6 2 6
1 9 1 10
1 9 2 9
1 9 1 10
1 9 2 9
3 8 3 0
3 8 3 13
3 8 5 8
3 26 3 13
3 26 3 27
3 26 7 26
4 5 4 0
4 5 4 6
4 5 5 5
5 20 5 13
5 20 5 22
5 20 4 20
5 20 6 20
5 20 5 13
5 20 5 22
5 20 4 20
5 20 6 20
5 22 5 23
5 22 4 22
5 22 6 22
5 23 5 22
5 23 5 24
5 23 4 23
5 23 6 23
5 23 5 22
5 23 5 24
5 23 4 23
5 24 4 24
5 24 6 24
9 13 9 12
9 13 9 14
9 13 8 13
9 13 10 13
9 25 9 24
9 25 8 25
9 25 10 25
10 17 10 16
10 17 10 18
10 17 9 17
10 17 11 17
12 9 12 10
12 9 11 9
12 9 14 9
12 16 12 12
12 16 12 19
12 16 10 16
12 16 14 16
14 16 14 11
14 16 14 21
14 16 12 16
14 16 27 16
14 23 14 21
14 23 14 26
14 23 11 23
14 23 17 23
15 1 15 2
15 1 8 1
15 1 26 1
15 2 15 1
15 2 15 8
15 2 10 2
15 2 17 2
15 2 15 1
15 2 15 8
15 2 10 2
15 8 15 14
15 8 7 8
15 8 18 8
15 8 15 14
15 15 15 14
15 15 17 15
15 15 15 14
15 15 17 15
15 17 15 19
15 17 24 17
15 17 15 19
15 17 24 17
16 9 16 12
16 9 18 9
16 9 16 12
16 9 18 9
17 13 17 12
17 13 16 13
17 13 17 12
17 13 16 13
17 18 17 21
17 18 16 18
17 18 19 18
17 18 17 21
17 18 16 18
17 18 19 18
18 2 18 3
18 2 17 2
18 2 19 2
18 14 18 11
18 14 18 15
18 14 15 14
18 14 19 14
19 12 19 10
19 12 19 14
19 12 19 10
19 12 19 14
19 14 19 15
19 14 18 14
19 14 25 14
19 18 19 19
19 18 22 18
19 18 19 19
19 18 22 18
20 2 20 4
20 2 19 2
20 2 27 2
20 2 20 4
20 2 19 2
20 2 27 2
20 4 20 5
20 4 17 4
20 4 23 4
20 5 20 4
20 5 18 5
20 5 20 4
20 15 25 15
20 28 20 27
20 28 17 28
20 28 22 28
20 28 20 27
20 28 17 28
20 28 22 28
22 10 19 10
22 10 25 10
22 10 19 10
22 10 25 10
22 26 22 25
22 26 22 27
22 26 14 26
22 26 25 26
22 28 22 27
22 28 25 28
24 8 24 9
24 8 18 8
24 8 25 8
24 17 24 21
24 17 25 17
24 17 24 21
24 17 25 17
25 10 25 9
25 10 25 14
25 10 26 10
25 14 25 10
25 14 25 15
25 14 19 14
25 14 26 14
25 14 25 15
26 1 27 1
26 10 26 8
26 10 25 10
26 10 26 8
26 15 25 15
26 17 26 21
26 17 25 17
26 17 26 21
26 17 25 17
27 2 27 1
27 2 27 7
27 7 27 16
27 7 16 7
27 7 28 7
27 7 27 16
27 7 16 7
27 16 27 23
27 16 14 16
27 16 27 23
27 23 27 24
27 23 25 23
27 23 28 23
27 23 27 24
27 27 27 25
27 27 27 28
27 27 22 27
27 27 28 27
28 0 28 1
28 0 8 0
28 0 28 1
28 0 8 0
28 1 28 7
28 7 28 1
28 7 28 20
28 7 28 20
28 20 28 21
28 21 28 20
28 21 28 22
28 23 28 25
28 27 28 25
28 27 28 28
28 27 27 27
0 4 1 4
0 11 0 13
0 11 1 11
0 16 0 13
0 16 1 16
0 16 0 13
0 16 1 16
1 18 1 17
1 18 1 20
1 20 1 22
1 22 1 20
2 2 2 1
2 2 2 4
2 2 2 1
2 2 2 4
2 6 2 5
2 6 2 7
3 0 3 8
3 0 4 0
3 0 4 0
3 0 4 0
3 8 3 13
3 8 5 8
3 13 3 26
3 13 0 13
3 13 4 13
4 13 4 11
4 13 4 16
4 13 5 13
4 13 4 11
4 13 4 16
4 16 4 17
4 20 4 18
4 20 4 21
4 21 4 22
4 22 4 23
4 23 4 22
8 0 5 0
10 2 8 2
11 17 11 18
11 17 10 17
11 17 11 18
11 22 11 23
11 22 8 22
11 22 12 22
12 24 12 25
12 24 11 24
12 24 13 24
12 24 12 25
12 24 11 24
12 24 13 24
13 12 13 14
13 12 12 12
13 12 13 14
13 12 12 12
13 14 13 15
13 15 13 14
13 22 12 22
13 25 12 25
14 9 14 11
14 9 12 9
14 9 14 11
14 16 14 11
14 16 14 21
16 3 17 3
16 12 17 12
16 19 15 19
17 2 17 3
17 2 18 2
17 2 18 2
17 4 17 5
17 4 20 4
17 12 17 11
17 27 17 28
17 27 16 27
17 27 18 27
17 28 17 27
18 3 19 3
18 8 18 9
18 8 24 8
18 14 18 11
18 14 18 15
18 27 17 27
18 27 19 27
18 27 19 27
19 3 18 3
19 10 18 10
20 15 25 15
20 27 21 27
22 18 22 19
22 28 22 27
22 28 25 28
23 19 23 20
23 19 22 19
23 19 23 20
23 19 22 19
23 24 23 25
23 24 17 24
23 24 24 24
24 21 24 22
24 21 17 21
25 10 25 9
25 15 26 15
25 17 25 18
25 19 25 22
26 28 27 28
27 28 27 27
27 28 26 28
28 27 28 25
1 1 1 4
1 4 2 4
1 17 1 16
2 12 2 11
2 12 1 12
2 12 2 11
2 12 1 12
4 11 4 10
4 11 5 11
4 16 4 17
5 0 5 3
5 0 5 3
5 4 5 5
5 11 5 9
5 11 5 13
5 11 6 11
5 11 5 9
5 11 5 13
6 11 6 10
6 11 6 16
6 11 8 11
6 11 6 10
6 11 6 16
6 16 6 18
6 16 8 16
7 8 7 1
7 8 6 8
7 8 7 1
7 8 6 8
7 26 3 26
7 26 14 26
7 26 14 26
8 2 8 5
8 2 10 2
8 11 8 9
8 11 8 12
8 11 9 11
8 11 8 9
8 11 8 12
10 27 10 28
10 27 4 27
10 27 14 27
10 27 10 28
10 27 4 27
10 27 14 27
10 28 6 28
10 28 11 28
11 28 14 28
12 12 12 10
12 12 12 16
12 12 9 12
13 22 12 22
14 26 14 23
14 26 14 27
15 19 15 20
15 27 15 28
15 27 14 27
15 27 15 28
15 27 14 27
16 28 15 28
17 12 17 11
17 21 17 22
19 10 18 10
20 19 22 19
20 27 21 27
22 19 20 19
22 26 22 25
22 26 22 27
22 26 25 26
22 27 27 27
25 8 24 8
25 19 25 22
25 22 24 22
26 26 26 25
27 25 26 25
27 25 26 25
1 11 1 10
1 11 2 11
1 16 1 14
2 10 2 11
2 10 1 10
2 14 2 28
2 28 4 28
3 27 4 27
4 10 4 9
4 28 6 28
6 1 6 2
9 11 9 9
9 11 9 12
9 11 9 9
9 12 9 13
10 10 11 10
11 22 11 23
11 22 8 22
12 9 11 9
12 20 12 19
12 20 9 20
12 20 12 19
12 20 9 20
14 21 14 23
14 21 8 21
14 21 8 21
14 27 14 28
15 19 15 20
15 22 17 22
17 10 18 10
17 22 17 23
17 22 19 22
17 23 17 24
17 23 14 23
17 23 24 23
18 10 18 9
20 22 24 22
22 25 18 25
22 25 23 25
23 9 18 9
23 9 24 9
23 24 17 24
23 24 24 24
24 22 24 23
24 22 24 23
24 24 24 25
24 24 25 24
24 25 26 25
25 24 26 24
6 1 6 2
6 2 6 5
8 21 8 18
8 21 6 21
9 9 11 9
9 20 9 18
10 10 11 10
11 9 11 10
17 23 17 24
17 24 17 23
17 24 17 25
18 25 17 25
6 18 6 19
6 18 8 18
9 20 9 18
15 24 15 25
9 18 9 17
9 18 10 18
10 17 10 16
10 17 9 17
10 19 12 19
9 17 9 15
10 19 12 19
12 16 10 16
8 16 8 13
8 16 8 17
8 16 8 13
8 16 8 17
9 13 9 14
9 13 10 13
9 14 9 15
9 14 10 14
10 13 10 14
10 13 11 13
10 14 10 16
10 14 11 14
11 13 11 14

3427

4 = = = 6 = = = 5 1 4 6 = 5 = = 4 2 6 = = = = = = = = = 3 
4 2 - - 7 6 5 1 ǁ 4 6 4 2 | 1 - 5 2 4 - 4 = 2           | 
| 2 4 = 3 3 4 1 ǁ 2 2 4 4 | 1 - - - - - - - - - - - - - 3 
6 = = = = = = = 8 = = = = 6 = = = = = = = = = = = = 5 3 | 
4 - - - - 5 5 2 ǁ 1 2 4 = 6 = = 4 2 2 - 4 2 4 4 2   ǁ 3 2 
3 = = 2 1 4 2 1 5 5 = 6 = 5 = = = = = = 8 = 7 8 4   ǁ ǁ | 
| 2 3 - - 3     4 2 2 6 = = = = 4 - 3 1 3 1 1 2 2   ǁ ǁ 3 
| 2 = = = = = = 5     |         |   |     |         4 ǁ | 
3 1 3 - - 1     | 2 = 6 2 3 = = 5 2 2 - - 4 2 3 2 2 ǁ ǁ | 
ǁ | ǁ           | 3 = 4 4 7 4 2 - 4 4 = 4 ǁ ǁ   3 5 ǁ ǁ | 
ǁ | 4           | | 2   | 4 4 - 6 7 2 2 ǁ ǁ ǁ     3 ǁ 6 4 
ǁ | ǁ           | 4 3   | 2 2   ǁ 4 2 ǁ ǁ ǁ 5 5 5 3 ǁ ǁ 2 
ǁ | ǁ           | 5 2 - 6 = = = 7 - - 5 4 ǁ 3 | 6 3 ǁ ǁ | 
ǁ | ǁ           | ǁ     4 = 4 2 ǁ         ǁ 2 | 2 1 ǁ ǁ | 
ǁ | ǁ           | 4 = 5 = = = = 8 = = = = 7 = 7 = = 6 6 3 
ǁ 5 8 = = = = = 6 = = = = = 5 4 ǁ 4 = 5 2   1 ǁ 2 1 | 4 3 
ǁ | | 1       2 | 4 = = 3 2 | ǁ ǁ ǁ 2 1     | ǁ     | 1 1 
ǁ | 6 2 3 1   ǁ | ǁ 1 2 5 4 | 2 ǁ ǁ 6 = = 4 4 7 6 2 | 5 4 
ǁ | 5 4 ǁ 2   ǁ 4 5 4 2 = = 7 2 ǁ ǁ ǁ     | | | ǁ 2 | 4 ǁ 
ǁ | 3 2 ǁ |   ǁ ǁ | 6 = 4 = 7 1 ǁ ǁ 6 2   | 1 | ǁ | | 2 ǁ 
ǁ | 6 = 8 4   ǁ ǁ | ǁ       ǁ 2 ǁ ǁ ǁ 2   | 1 | ǁ | | 4 6 
ǁ | ǁ   |     ǁ ǁ | ǁ       ǁ ǁ ǁ ǁ ǁ ǁ   | | | ǁ | | 2 ǁ 
ǁ | ǁ   |     ǁ ǁ | 4       ǁ ǁ ǁ ǁ 3 5   | | | ǁ 4 7 6 6 
ǁ | ǁ   2     ǁ ǁ 2 ǁ       ǁ ǁ ǁ ǁ   4 2 | | | 5 2 ǁ ǁ ǁ 
ǁ | ǁ         ǁ 5 2 ǁ       ǁ ǁ ǁ 6 = = = 4 5 3 4 2 ǁ ǁ ǁ 
ǁ | ǁ         ǁ 2 2 8 = = = 7 6 ǁ 5 1 2 = = 3 1 2 | 2 ǁ 2 
ǁ 2 ǁ         ǁ 2 = 4       1 2 ǁ 4 = = = 2   | 1 4 1 ǁ 2 
ǁ 2 4 - - - - 6 = = = = = = = = 6 = = = = = = 6 2 3 - 7 4 
4 6 = = = = = 5 = = = = = = = = = = = = 4 3 1 2 - 3 = 5 1 
