29 29
0 2 1 3 0 0 2 0 0 0 0 0 0 0 3 0 0 0 2 2 2 2 0 4 1 0 0 3 2 
3 7 0 7 0 0 0 0 0 0 0 0 0 0 0 0 0 0 5 6 7 3 0 0 0 3 0 7 4 
3 0 2 0 2 5 0 0 1 2 5 4 0 4 2 0 4 0 6 0 0 0 0 0 1 3 0 0 0 
6 7 5 0 1 5 0 0 0 0 6 0 0 7 6 0 4 2 5 0 0 0 0 0 0 0 0 0 0 
0 1 1 0 3 0 0 0 0 0 0 1 2 1 0 0 0 0 1 0 0 0 0 5 0 0 0 7 4 
0 2 0 0 0 0 0 0 1 0 6 5 4 2 0 0 0 0 0 4 0 0 0 0 2 3 2 0 3 
0 6 0 6 5 0 2 0 5 0 5 0 0 0 4 0 0 2 0 0 0 6 0 3 4 7 4 0 0 
0 4 2 0 2 0 0 0 3 0 0 0 0 4 0 0 0 0 2 0 0 2 0 0 2 0 2 0 0 
6 0 0 7 0 7 0 0 0 0 0 0 0 0 0 0 0 0 0 0 7 0 0 0 0 7 4 0 0 
0 1 2 0 2 0 2 0 0 0 2 4 0 0 0 6 0 0 3 3 0 3 0 5 2 4 2 0 3 
0 2 0 0 0 0 0 0 0 0 0 2 0 0 0 0 0 0 2 0 0 0 0 1 0 0 2 0 0 
0 0 0 3 4 0 5 0 0 0 7 0 0 0 0 7 0 0 8 4 0 3 0 0 0 0 5 0 0 
0 0 4 5 4 0 4 0 3 4 0 3 0 5 0 7 2 1 3 2 7 0 0 5 2 1 0 0 0 
0 0 0 0 2 0 4 3 1 2 0 4 0 6 0 5 0 0 2 2 5 2 2 6 2 0 0 0 0 
2 5 0 7 0 6 0 0 0 0 7 0 0 0 0 0 0 0 0 0 0 0 0 0 0 0 6 6 4 
1 0 1 0 1 0 4 4 2 0 0 3 0 4 0 0 0 0 0 0 0 0 0 0 4 0 0 6 4 
0 0 0 0 0 0 0 5 6 2 0 0 0 3 2 5 0 6 0 4 0 1 0 0 0 0 0 0 0 
0 5 3 0 0 0 0 5 6 4 0 5 3 0 0 0 0 0 0 0 0 3 0 0 0 0 0 2 0 
0 3 2 0 0 0 0 0 0 3 0 3 0 0 0 0 2 0 0 0 0 0 2 0 6 0 7 2 0 
0 4 0 7 5 0 0 0 3 0 0 0 0 0 0 0 0 0 0 0 0 0 0 0 0 0 0 0 0 
0 0 0 0 4 0 0 0 0 0 0 6 7 8 3 0 0 6 2 0 0 0 0 0 0 0 0 0 0 
0 4 0 0 2 0 0 6 6 2 0 0 0 0 0 0 0 0 0 0 0 0 0 0 0 0 6 4 0 
0 2 0 0 2 0 0 0 5 1 0 0 0 0 0 0 3 3 0 0 0 0 0 0 0 0 0 0 0 
0 1 0 0 6 7 7 6 5 1 0 0 0 2 0 0 0 0 0 0 0 0 0 0 0 0 0 0 1 
0 0 0 0 2 0 3 2 1 0 0 0 0 0 0 0 0 0 0 0 0 0 0 0 6 2 0 0 2 
3 6 0 5 2 4 1 3 0 0 0 6 7 0 0 7 0 0 0 7 2 0 4 0 4 0 5 5 0 
0 0 3 6 0 0 2 0 0 0 0 2 4 2 0 0 0 0 0 2 1 0 3 2 0 0 0 3 0 
2 6 4 6 5 4 3 5 0 0 7 0 0 0 0 7 0 0 0 0 0 6 0 0 0 0 7 5 3 
1 3 1 2 2 2 1 4 2 0 2 1 0 0 0 4 0 0 0 0 0 0 0 0 0 2 4 2 0 
300 526
1 1 1 0
1 1 1 3
1 1 0 1
1 1 3 1
1 20 1 19
1 20 1 21
1 20 0 20
1 20 8 20
1 27 1 25
1 27 1 28
1 27 0 27
1 27 4 27
2 5 2 4
2 5 2 8
2 5 3 5
2 10 2 9
2 10 2 11
2 10 3 10
2 18 2 16
2 18 1 18
2 18 3 18
2 18 2 16
2 18 1 18
2 18 3 18
3 0 3 1
3 0 2 0
3 0 8 0
3 0 3 1
3 0 2 0
3 0 8 0
3 1 3 2
3 1 1 1
3 1 4 1
3 1 3 2
3 13 3 10
3 13 3 14
3 13 2 13
3 13 4 13
3 18 3 17
3 18 4 18
3 18 3 17
4 23 4 27
4 23 0 23
4 23 6 23
6 1 6 3
6 1 5 1
6 1 7 1
6 1 6 3
6 1 5 1
6 1 7 1
6 3 6 4
6 3 1 3
6 3 8 3
6 3 6 4
6 21 6 23
6 21 1 21
6 21 7 21
6 21 6 23
6 21 1 21
6 21 7 21
6 25 6 24
6 25 6 26
6 25 5 25
6 25 8 25
7 1 7 2
7 1 9 1
7 2 9 2
8 0 14 0
8 0 14 0
8 3 8 5
8 3 11 3
8 3 8 5
8 3 11 3
8 5 8 20
8 5 3 5
8 5 14 5
9 2 12 2
9 4 11 4
9 15 9 11
9 15 9 18
9 15 11 15
9 15 9 11
9 15 9 18
9 15 11 15
9 23 9 21
9 23 9 24
9 23 10 23
10 1 14 1
11 6 11 10
11 6 9 6
11 6 12 6
11 15 11 10
11 15 11 18
11 15 12 15
11 18 11 15
11 18 11 19
11 18 10 18
11 18 12 18
11 26 11 21
11 26 10 26
11 26 14 26
12 2 12 3
12 2 15 2
12 2 12 3
12 13 12 11
12 13 12 15
12 13 13 13
12 20 12 19
12 20 12 23
12 20 8 20
12 20 13 20
14 1 10 1
14 1 17 1
14 1 17 1
14 10 14 5
14 10 14 26
14 10 11 10
14 10 27 10
15 0 25 0
16 7 16 8
16 7 15 7
16 7 17 7
16 15 16 14
16 15 16 17
16 15 25 15
16 17 16 15
16 17 16 19
16 17 20 17
16 17 16 19
16 17 20 17
16 19 16 21
16 19 25 19
17 11 17 12
17 11 15 11
17 11 18 11
18 16 22 16
18 26 18 24
18 26 18 27
18 26 14 26
18 26 21 26
19 3 19 1
19 3 19 4
19 3 14 3
19 3 25 3
20 4 19 4
20 4 21 4
20 4 19 4
20 4 21 4
20 11 20 12
20 11 18 11
20 11 25 11
20 11 20 12
20 11 18 11
20 11 25 11
20 12 20 13
20 12 17 12
20 12 25 12
20 13 20 12
20 13 20 14
20 13 16 13
20 13 23 13
20 13 20 12
20 13 20 14
20 13 16 13
20 14 16 14
20 17 20 18
20 17 22 17
20 17 20 18
20 17 22 17
21 1 19 1
21 1 22 1
21 1 19 1
21 1 22 1
21 7 21 8
21 7 17 7
21 7 23 7
21 7 21 8
21 7 17 7
21 7 23 7
21 8 21 9
21 8 19 8
21 8 22 8
21 8 21 9
21 26 21 27
21 26 18 26
21 26 25 26
21 26 21 27
21 26 25 26
21 27 18 27
21 27 25 27
22 4 23 4
22 8 22 9
22 8 23 8
22 8 23 8
22 8 23 8
22 16 22 17
22 16 18 16
23 1 25 1
23 4 23 5
23 4 22 4
23 4 24 4
23 4 23 5
23 4 24 4
23 5 23 6
23 5 14 5
23 5 25 5
23 7 23 6
23 7 23 8
23 7 24 7
23 7 23 6
23 9 23 8
23 13 26 13
24 24 24 25
24 24 18 24
24 24 25 24
24 24 24 25
24 24 18 24
24 24 25 24
25 1 25 0
25 1 25 3
25 1 27 1
25 1 25 0
25 1 25 3
25 11 25 12
25 11 26 11
25 11 25 12
25 11 26 11
25 12 26 12
25 12 26 12
25 15 25 19
25 15 16 15
25 15 27 15
25 15 25 19
25 15 27 15
25 19 25 20
25 19 26 19
25 19 25 20
25 19 26 19
25 24 25 22
25 24 25 26
25 27 25 26
25 27 26 27
26 12 26 13
26 12 25 12
26 20 26 22
27 1 27 0
27 1 27 2
27 1 28 1
27 1 27 0
27 1 27 2
27 15 27 10
27 15 27 21
27 15 28 15
27 21 27 15
27 21 27 26
27 21 27 26
27 26 27 27
27 26 25 26
27 26 28 26
28 0 28 1
28 1 28 2
1 3 1 1
1 3 1 18
1 3 0 3
1 20 1 19
1 20 0 20
1 20 8 20
2 0 1 0
2 2 3 2
2 5 2 4
2 5 3 5
2 9 2 10
2 11 2 10
2 11 2 13
2 11 2 13
2 13 2 14
2 16 2 14
2 16 3 16
3 2 2 2
3 2 4 2
3 10 3 5
3 10 3 13
3 10 5 10
3 10 3 5
3 13 3 14
3 14 3 13
3 14 3 16
3 14 6 14
3 16 3 14
5 10 5 8
5 10 5 11
5 10 6 10
5 19 1 19
6 6 6 8
6 14 6 10
6 14 6 17
6 14 6 10
7 4 6 4
7 13 7 8
7 13 7 18
7 13 7 8
7 13 7 18
8 5 8 20
8 5 14 5
9 4 11 4
9 11 9 10
9 11 10 11
9 23 9 21
9 23 9 24
9 25 9 26
9 25 8 25
9 25 9 26
9 25 8 25
10 26 11 26
11 4 11 3
11 4 12 4
11 18 11 19
11 18 10 18
11 18 12 18
11 19 9 19
11 19 12 19
11 21 11 26
11 21 9 21
12 4 12 3
12 4 13 4
12 4 12 3
12 9 12 8
12 9 13 9
12 9 12 8
12 9 13 9
12 20 12 23
12 20 8 20
12 20 13 20
12 25 12 24
13 4 15 4
13 6 13 7
13 6 12 6
13 6 13 7
13 6 12 6
13 7 13 8
13 11 13 13
13 11 12 11
13 11 13 13
13 11 12 11
13 15 13 13
13 15 13 18
13 15 12 15
13 23 13 22
13 23 13 24
13 23 12 23
13 23 13 22
13 23 13 24
13 23 12 23
14 26 14 10
14 26 14 27
14 26 18 26
14 27 14 28
14 27 4 27
14 27 15 27
14 27 14 28
14 27 4 27
14 28 9 28
14 28 15 28
15 6 15 7
15 6 23 6
15 6 15 7
15 6 23 6
15 7 15 8
15 8 16 8
15 24 15 13
15 24 18 24
15 24 15 13
15 24 18 24
15 28 15 27
15 28 23 28
15 28 15 27
16 7 16 8
16 7 17 7
16 13 15 13
17 7 17 8
17 8 17 9
17 8 16 8
17 8 19 8
17 8 17 9
17 8 16 8
17 9 16 9
17 9 18 9
17 12 17 11
17 27 15 27
18 26 18 24
19 1 19 3
19 4 19 3
24 28 27 28
25 22 18 22
25 22 26 22
25 22 18 22
25 27 26 27
26 22 26 23
27 2 27 3
27 2 26 2
27 3 27 4
27 3 26 3
27 3 28 3
27 3 27 4
27 3 26 3
27 26 27 27
27 26 28 26
28 3 28 4
28 26 28 25
28 26 28 27
28 27 27 27
0 21 0 23
0 21 0 23
0 23 0 24
1 0 1 1
1 3 1 18
1 3 0 3
1 19 1 18
1 19 0 19
1 19 5 19
2 24 2 25
2 25 1 25
3 4 4 4
4 4 6 4
4 23 4 27
5 10 5 11
5 10 6 10
5 13 5 12
6 6 6 8
6 10 6 8
7 4 6 4
7 8 6 8
7 24 6 24
8 20 8 25
8 25 8 26
8 25 6 25
8 25 8 26
8 26 7 26
8 26 7 26
9 18 9 19
9 28 5 28
9 28 5 28
12 3 14 3
12 6 12 8
12 23 12 24
13 21 13 20
14 3 19 3
15 11 15 13
15 11 17 11
15 27 17 27
16 8 16 9
24 28 27 28
25 27 26 27
26 2 26 3
26 3 26 2
26 3 26 6
26 3 25 3
27 27 27 28
28 15 28 11
28 15 28 25
28 15 27 15
0 1 0 2
0 3 0 6
0 6 0 14
0 14 0 18
0 19 0 18
2 25 1 25
5 13 5 12
5 28 4 28
6 26 6 25
6 26 5 26
6 26 6 25
7 24 6 24
13 21 13 20
25 3 25 4
25 4 25 5
25 5 25 6
25 5 23 5
26 6 27 6
27 10 27 7
27 10 14 10
27 10 28 10
1 27 1 28
1 27 0 27
1 27 4 27
1 28 0 28
1 28 4 28
4 27 4 28
5 12 5 11
5 12 4 12
5 26 5 25
6 24 5 24
13 19 13 18
13 19 13 20
14 5 14 10
14 5 23 5
23 6 24 6
23 6 24 6
24 6 24 7
25 7 27 7
27 10 27 7
27 10 28 10
28 8 28 7
0 27 0 28
4 12 4 11
5 24 5 25
11 10 11 6
11 10 11 15
11 10 9 10
12 15 12 13
12 15 12 16
12 15 13 15
12 18 12 17
13 13 13 15
13 13 12 13
25 7 27 7
28 7 28 6
28 7 28 8
28 7 27 7
9 6 11 6
12 15 12 16
27 6 27 5
27 6 27 5
27 5 27 4
27 5 28 5
28 5 28 4

3320

  2 1 3 - - 2 - - - - - - - 3 - - - 2 2 2 2 = 4 1     3 2 
3 7 = 7 = = = = = = = = = = = = = = 5 6 7 3   |   3 - 7 4 
3 ǁ 2 | 2 5 - - 1 2 5 4 = 4 2 - 4 = 6 ǁ ǁ ǁ   | 1 3   ǁ | 
6 7 5 | 1 5 = = = = 6 = = 7 6 = 4 2 5 ǁ ǁ ǁ   |       ǁ | 
ǁ 1 1 | 3 |         | 1 2 1 |       1 ǁ ǁ ǁ   5 = = = 7 4 
ǁ 2   | | |     1 - 6 5 4 2 |         4 ǁ ǁ   | 2 3 2 ǁ 3 
ǁ 6 = 6 5 | 2 = 5 - 5 = = = 4 - - 2     ǁ 6 = 3 4 7 4 ǁ ǁ 
ǁ 4 2 | 2 |     3 = = = = 4 = = = = 2   ǁ 2     2 ǁ 2 ǁ ǁ 
6 | | 7 = 7 = = = = = = = = = = = = = = 7 - - - - 7 4 ǁ ǁ 
ǁ 1 2 ǁ 2 ǁ 2       2 4 = = = 6 = = 3 3 ǁ 3 = 5 2 4 2 ǁ 3 
ǁ 2 | ǁ ǁ ǁ ǁ       | 2       ǁ     2 | ǁ |   1     2 ǁ | 
ǁ ǁ | 3 4 ǁ 5 = = = 7 = = = = 7 = = 8 4 ǁ 3 = = = = 5 ǁ | 
ǁ ǁ 4 5 4 ǁ 4 - 3 4 | 3 - 5 = 7 2 1 3 2 7 = = 5 2 1 | ǁ | 
ǁ ǁ | | 2 ǁ 4 3 1 2 | 4 = 6 = 5 - - 2 2 5 2 2 6 2   | ǁ | 
2 5 | 7 | 6 = = = = 7 = = = = = = = = = = = = = = = 6 6 4 
1 ǁ 1 ǁ 1 ǁ 4 4 2   ǁ 3 - 4 = = = = = = = = = = 4   ǁ 6 4 
| ǁ   ǁ   ǁ ǁ 5 6 2 ǁ ǁ   3 2 5 = 6 = 4 - 1     ǁ   ǁ ǁ | 
| 5 3 ǁ   ǁ ǁ 5 6 4 ǁ 5 3 ǁ | ǁ   ǁ   |   3     ǁ   ǁ 2 | 
| 3 2 ǁ   ǁ ǁ ǁ | 3 ǁ 3 | ǁ | ǁ 2 ǁ   |     2   6 = 7 2 | 
| 4 = 7 5 ǁ ǁ ǁ 3   ǁ ǁ | ǁ | ǁ ǁ ǁ   |     ǁ   ǁ   ǁ | | 
| ǁ   | 4 ǁ ǁ ǁ |   ǁ 6 7 8 3 ǁ ǁ 6 2 |     ǁ   ǁ   ǁ | | 
| 4   | 2 ǁ ǁ 6 6 2 ǁ ǁ | |   ǁ ǁ ǁ   |     ǁ   ǁ   6 4 | 
| 2   | 2 ǁ ǁ ǁ 5 1 ǁ ǁ | |   ǁ 3 3   |     ǁ   ǁ   ǁ | | 
| 1   | 6 7 7 6 5 1 ǁ ǁ | 2   ǁ       |     ǁ   ǁ   ǁ | 1 
| |   | 2 ǁ 3 2 1   ǁ ǁ | |   ǁ       |     ǁ   6 2 ǁ | 2 
3 6 = 5 2 4 1 3     ǁ 6 7 |   7 = = = 7 2   4 - 4 - 5 5 ǁ 
  | 3 6 - - 2 ǁ     ǁ 2 4 2   ǁ       2 1 - 3 2     | 3 ǁ 
2 6 4 6 5 4 3 5 = = 7 - - - - 7 = = = = = 6 = = = = 7 5 3 
1 3 1 2 2 2 1 4 2   2 1 - - - 4 - - - - - - - - - 2 4 2   
