29 29
4 0 6 0 0 0 0 0 0 0 0 6 0 0 0 0 0 0 0 0 5 0 0 0 0 0 6 4 4 
0 2 0 3 0 0 2 0 0 0 0 0 2 0 2 0 4 0 0 0 0 4 4 0 4 2 6 4 3 
0 0 0 5 2 0 0 0 0 0 0 0 3 0 0 0 0 0 0 0 0 6 0 0 7 5 0 0 2 
0 0 0 0 0 0 0 0 0 0 0 0 0 0 0 0 0 0 0 0 0 6 4 2 0 1 0 0 0 
4 0 0 5 2 0 0 0 0 0 0 0 0 0 0 0 0 0 0 0 0 4 0 0 6 0 6 0 0 
4 0 0 0 0 0 0 0 0 0 0 0 0 0 0 0 0 0 0 0 0 2 3 2 0 2 4 0 0 
0 0 0 0 0 0 0 0 0 0 0 0 0 0 0 0 4 0 0 0 6 0 0 0 7 0 0 7 5 
6 4 0 0 1 0 0 0 0 0 0 0 4 0 0 0 0 0 4 3 0 1 2 2 0 0 1 0 0 
0 0 0 0 0 0 0 0 0 0 0 0 4 1 3 0 0 3 0 1 0 0 0 0 0 0 0 0 2 
0 0 0 0 0 0 0 0 0 0 0 0 2 0 5 4 2 0 0 0 0 5 6 4 0 0 0 0 0 
6 0 6 5 5 0 7 0 0 0 0 6 0 0 0 0 0 6 7 2 0 0 4 2 0 0 0 0 0 
0 1 0 3 3 2 0 2 6 5 4 0 0 0 0 0 0 0 0 2 0 0 3 0 4 2 4 0 0 
5 2 0 2 4 4 0 0 0 0 4 0 0 0 0 0 0 0 6 4 0 0 2 2 0 0 0 3 2 
0 2 0 0 3 2 0 0 0 4 3 0 0 0 0 0 0 0 0 2 0 0 0 0 0 1 0 3 3 
0 5 4 0 1 0 0 0 0 2 0 0 0 3 0 0 0 2 6 4 0 4 5 4 0 0 0 0 0 
5 5 0 0 3 0 6 0 6 4 3 0 2 8 0 2 0 4 6 2 0 0 3 0 7 0 8 8 5 
3 5 3 0 2 1 6 2 4 4 3 0 0 4 0 2 0 0 4 0 0 0 4 3 0 0 0 5 4 
3 3 1 0 1 0 4 0 4 0 0 5 0 0 0 0 0 6 0 0 0 0 2 0 0 4 5 0 0 
3 0 0 7 0 0 0 0 0 0 0 3 0 0 0 0 0 0 0 0 0 0 2 0 0 2 0 0 0 
1 2 2 0 0 0 0 0 0 0 0 0 4 0 0 0 0 7 8 4 0 0 0 0 0 4 3 0 0 
5 8 5 0 3 0 0 0 0 0 0 5 5 3 4 0 0 4 6 2 0 0 3 3 0 4 3 0 2 
0 4 3 0 4 0 0 0 0 2 0 2 4 0 0 0 0 3 2 0 0 0 0 2 0 1 0 0 0 
4 0 0 8 0 0 0 0 0 0 0 0 0 0 0 0 0 0 0 0 6 0 4 0 8 0 4 0 0 
4 0 0 8 0 0 0 0 0 0 3 3 6 0 0 0 5 0 4 1 0 0 2 1 6 0 0 5 3 
4 0 0 4 2 2 0 4 0 0 0 0 4 2 3 3 0 1 4 2 0 0 0 1 4 2 3 2 2 
4 0 0 0 7 0 0 0 0 0 0 0 0 4 3 3 0 0 1 2 0 0 5 0 0 5 6 2 3 
0 4 4 2 0 0 0 2 0 0 0 0 0 4 0 0 4 5 4 4 0 0 0 4 0 7 0 2 2 
4 4 0 0 6 0 0 0 0 0 0 0 0 0 0 0 0 0 0 0 4 0 0 2 2 3 0 4 0 
2 3 2 2 6 0 0 0 0 0 0 0 0 0 3 2 0 3 2 2 5 5 6 0 6 4 2 2 0 
300 476
0 0 0 2
0 0 4 0
0 0 0 2
0 0 4 0
0 2 0 11
0 2 10 2
0 11 0 2
0 11 0 20
0 11 10 11
0 26 0 20
0 26 0 27
0 26 1 26
0 26 0 20
0 26 0 27
0 26 1 26
0 27 0 28
0 27 1 27
0 28 1 28
1 1 7 1
1 26 1 25
1 26 1 27
1 26 4 26
1 26 1 25
1 27 1 28
1 27 6 27
2 3 2 4
2 3 1 3
2 3 4 3
2 24 2 21
2 24 2 25
2 24 1 24
2 24 4 24
2 25 2 24
2 25 3 25
2 25 2 24
3 21 3 22
3 21 2 21
3 21 4 21
3 21 3 22
3 21 2 21
3 21 4 21
3 22 3 23
3 22 5 22
3 23 5 23
4 0 5 0
4 21 5 21
4 24 4 26
4 24 2 24
4 24 6 24
4 24 4 26
4 24 6 24
4 26 5 26
5 0 4 0
5 0 7 0
5 0 7 0
6 24 6 20
6 24 6 27
6 24 11 24
6 27 6 24
6 27 6 28
6 27 12 27
7 0 7 1
7 0 10 0
7 26 11 26
10 0 10 2
10 0 7 0
10 0 12 0
10 6 10 4
10 6 10 11
10 6 1 6
10 6 15 6
10 18 10 17
10 18 10 19
10 18 7 18
10 18 12 18
11 8 11 7
11 8 11 9
11 8 15 8
11 8 11 7
11 8 11 9
11 8 15 8
11 10 11 9
11 10 12 10
11 10 11 9
11 10 12 10
11 26 11 25
11 26 15 26
11 26 11 25
12 10 12 18
12 10 13 10
12 18 12 19
12 18 10 18
12 18 14 18
12 18 12 19
14 1 14 2
14 1 13 1
14 1 15 1
14 18 14 17
14 18 14 19
14 18 15 18
14 18 14 17
14 18 14 19
15 0 15 1
15 0 12 0
15 0 16 0
15 8 15 6
15 8 15 9
15 8 16 8
15 8 15 6
15 13 15 12
15 13 15 15
15 13 14 13
15 13 16 13
15 13 15 12
15 13 15 15
15 13 14 13
15 13 16 13
15 17 15 18
15 17 17 17
15 17 15 18
15 17 17 17
15 24 15 22
15 24 15 26
15 24 11 24
15 24 22 24
15 26 15 24
15 26 15 27
15 26 17 26
15 26 15 27
15 26 17 26
15 26 15 27
15 27 15 28
15 27 13 27
15 27 16 27
17 11 17 8
17 11 17 17
17 11 18 11
17 17 17 11
17 17 17 22
17 17 19 17
17 25 17 26
17 25 18 25
17 25 17 26
17 25 18 25
17 26 19 26
18 3 18 0
18 3 18 11
18 3 12 3
18 3 22 3
19 12 19 17
19 12 20 12
19 12 19 17
19 12 20 12
19 17 19 18
19 17 20 17
19 18 19 17
19 18 19 19
19 18 20 18
19 19 19 18
19 19 20 19
19 19 19 18
19 25 19 26
19 25 20 25
19 25 19 26
19 25 20 25
20 0 20 1
20 0 19 0
20 0 22 0
20 1 20 0
20 1 20 2
20 1 19 1
20 1 21 1
20 1 20 0
20 1 20 2
20 1 19 1
20 25 20 26
20 25 21 25
21 1 21 2
21 1 26 1
21 1 21 2
22 0 23 0
22 3 22 20
22 3 18 3
22 3 23 3
22 3 22 20
22 3 23 3
22 3 23 3
22 3 23 3
22 20 22 22
22 20 27 20
22 20 22 22
22 20 27 20
22 24 22 22
22 24 22 26
22 24 15 24
22 24 23 24
23 0 22 0
23 0 24 0
23 0 22 0
23 3 23 10
23 3 24 3
23 3 23 10
23 3 24 3
23 10 23 11
23 11 23 12
23 12 23 11
23 12 23 16
23 12 24 12
23 12 23 16
23 12 24 12
24 0 25 0
24 3 24 4
24 3 26 3
24 12 24 7
24 12 24 13
25 0 24 0
25 0 27 0
25 0 24 0
25 22 25 25
25 22 23 22
25 22 28 22
26 1 26 2
26 1 27 1
26 1 26 2
26 23 26 25
26 23 27 23
26 23 26 25
26 23 27 23
26 25 26 27
26 25 25 25
26 25 27 25
27 0 27 1
27 0 28 0
27 0 27 1
27 1 27 4
27 4 27 20
27 4 25 4
27 4 28 4
27 4 27 20
27 4 25 4
28 0 28 1
28 1 28 2
28 1 28 2
28 3 28 4
28 4 28 3
28 4 28 14
28 4 28 14
28 14 28 15
28 15 28 17
28 17 28 18
28 22 28 21
28 22 28 24
28 22 25 22
28 24 28 22
28 24 28 25
28 24 27 24
0 2 10 2
0 11 0 20
0 11 10 11
0 20 6 20
0 28 1 28
1 1 7 1
1 16 1 14
1 16 6 16
1 16 1 14
1 16 6 16
1 21 1 22
1 21 2 21
1 21 1 22
1 21 2 21
1 22 1 24
1 24 1 22
2 28 6 28
4 21 5 21
4 26 5 26
5 22 5 23
5 25 5 26
5 26 5 25
6 16 6 20
6 16 9 16
6 20 6 24
6 27 6 28
6 27 12 27
7 0 7 1
7 12 2 12
7 12 8 12
7 12 2 12
7 12 8 12
7 18 7 19
7 18 10 18
7 18 7 19
8 12 8 13
8 12 9 12
8 14 9 14
8 17 10 17
9 12 9 14
9 15 9 14
9 15 9 16
9 15 9 14
9 15 9 14
9 21 9 22
9 21 7 21
9 21 14 21
10 0 10 2
10 0 12 0
10 17 10 11
10 17 10 18
10 17 8 17
10 17 10 11
11 9 13 9
11 24 11 22
11 24 15 24
12 19 11 19
12 19 13 19
13 9 13 10
13 9 14 9
13 9 13 10
13 19 14 19
14 13 14 9
14 19 14 21
14 21 14 22
14 21 9 21
14 23 14 22
14 23 12 23
14 23 14 22
14 23 12 23
15 6 15 4
15 6 10 6
15 6 16 6
15 9 15 10
15 9 16 9
15 9 15 10
15 10 16 10
16 6 16 5
16 6 16 7
16 6 17 6
16 9 16 8
16 9 16 10
16 9 16 8
16 10 16 13
16 13 16 15
16 18 16 22
16 18 15 18
16 18 16 22
16 18 15 18
19 2 20 2
19 17 19 18
19 18 20 18
20 2 19 2
20 2 21 2
20 14 20 13
20 14 20 17
20 14 20 13
20 14 20 17
20 17 20 18
21 4 21 9
21 4 20 4
21 4 21 9
21 4 20 4
22 24 22 22
22 24 22 26
22 24 23 24
22 26 20 26
22 26 24 26
23 24 23 23
23 24 24 24
23 24 24 24
23 24 24 24
23 27 23 28
23 27 16 27
23 27 24 27
24 7 24 5
24 7 26 7
24 7 24 5
24 23 24 24
25 4 24 4
25 26 25 25
25 26 25 27
25 26 24 26
25 26 25 25
25 26 25 27
25 26 24 26
26 2 26 3
26 7 26 13
26 13 26 16
26 13 25 13
26 13 26 16
26 16 26 17
26 16 23 16
26 17 26 18
26 17 24 17
26 17 26 18
26 17 26 18
26 18 26 19
26 19 25 19
28 17 28 18
28 19 28 20
28 20 28 19
28 20 28 21
28 20 28 21
28 20 28 21
28 21 28 22
28 24 28 25
28 24 27 24
28 25 28 26
28 25 27 25
28 26 28 27
28 27 27 27
1 12 2 12
2 28 6 28
6 28 8 28
7 19 8 19
8 28 12 28
9 21 9 22
9 22 9 23
9 22 7 22
9 22 10 22
9 22 9 23
9 23 7 23
9 23 10 23
10 11 10 6
10 19 11 19
10 22 10 23
10 22 11 22
10 22 11 22
12 22 14 22
15 18 15 19
15 19 15 22
16 6 16 7
16 6 17 6
16 8 17 8
17 6 17 4
17 6 17 8
17 8 17 11
20 4 20 11
20 13 20 12
23 16 23 18
23 22 25 22
24 25 25 25
25 13 25 14
25 13 24 13
25 13 25 14
26 19 25 19
26 25 26 27
26 25 27 25
26 28 25 28
26 28 25 28
7 22 7 23
12 22 14 22
15 22 16 22
16 4 15 4
16 22 16 23
16 23 20 23
17 22 18 22
18 22 20 22
23 16 23 18
23 18 23 19
23 18 24 18
24 18 24 19
24 18 25 18
24 18 24 19
25 28 24 28
16 4 15 4
16 23 20 23
20 22 20 19
20 22 20 23
21 23 21 18
14 4 13 4
20 18 21 18
21 17 21 12
21 17 21 12
21 12 21 11
21 12 20 12
20 12 20 11
21 11 20 11
20 11 18 11

3799

4 = 6 = = = = = = = = 6 = = = = = = = = 5 = = = = = 6 4 4 
ǁ 2 ǁ 3     2         ǁ 2   2 = 4       | 4 4 = 4 2 6 4 3 
ǁ ǁ ǁ 5 2   |         ǁ 3       ǁ       | 6 - - 7 5 | | 2 
ǁ ǁ ǁ |     |         ǁ ǁ       ǁ       | 6 4 2 ǁ 1 | | ǁ 
4 ǁ ǁ 5 2   |         ǁ ǁ       ǁ       | 4 | | 6 = 6 | ǁ 
4 ǁ ǁ       |         ǁ ǁ       ǁ       | 2 3 2 ǁ 2 4 | ǁ 
ǁ ǁ ǁ       |         ǁ ǁ       4 - - - 6 = = = 7 = = 7 5 
6 4 ǁ   1   |         ǁ 4       |   4 3   1 2 2 |   1 ǁ | 
ǁ   ǁ       |         ǁ 4 1 3   | 3 ǁ 1   | | | |   | ǁ 2 
ǁ   ǁ       |         ǁ 2 - 5 4 2 ǁ ǁ     5 6 4 |   | ǁ | 
6 = 6 5 5 - 7 = = = = 6 = = = = = 6 7 2   ǁ 4 2 |   | ǁ | 
ǁ 1   3 3 2 ǁ 2 6 5 4               ǁ 2   ǁ 3 - 4 2 4 ǁ | 
5 2   2 4 4 ǁ   ǁ | 4 - - - - - - - 6 4   ǁ 2 2 ǁ   | 3 2 
| 2   | 3 2 ǁ   ǁ 4 3               | 2   ǁ ǁ ǁ ǁ 1 | 3 3 
| 5 4 | 1   ǁ   ǁ 2 - - - 3       2 6 4 - 4 5 4 ǁ   | |   
5 5   | 3 - 6 = 6 4 3   2 8 = 2   4 6 2 - - 3 - 7 = 8 8 5 
3 5 3 | 2 1 6 2 4 4 3 - - 4 - 2   ǁ 4 = = = 4 3 ǁ   ǁ 5 4 
3 3 1 | 1 - 4 - 4 = = 5 = = = = = 6 - - - - 2 ǁ ǁ 4 5 |   
3 - - 7 - - - - - - - 3           |         2 ǁ ǁ 2 | |   
1 2 2 ǁ               | 4 = = = = 7 8 4     | ǁ ǁ 4 3 |   
5 8 5 ǁ 3 - - - - - - 5 5 3 4 = = 4 6 2 - - 3 3 ǁ 4 3 | 2 
| 4 3 ǁ 4 = = = = 2   2 4 = = = = 3 2 - - - - 2 ǁ 1 | |   
4 |   8 = = = = = = = = = = = = = = = = 6 = 4 = 8 = 4 |   
4 |   8 = = = = = = 3 3 6 = = = 5 = 4 1 ǁ   2 1 6   | 5 3 
4 |   4 2 2 = 4 - - - - 4 2 3 3 | 1 4 2 ǁ   ǁ 1 4 2 3 2 2 
4 |   | 7     |           4 3 3 | | 1 2 ǁ   5 - - 5 6 2 3 
| 4 4 2 ǁ     2 - - - - - 4 = = 4 5 4 4 ǁ   ǁ 4 = 7 = 2 2 
4 4 - - 6 = = = = = = = = = = = = = = = 4   ǁ 2 2 3   4   
2 3 2 2 6 = = = = = = = = = 3 2 - 3 2 2 5 5 6 = 6 4 2 2   
