29 29
3 0 4 2 0 5 0 0 2 0 0 0 0 0 0 0 4 5 2 4 0 0 0 0 0 0 0 5 3 
0 0 3 0 0 7 0 0 0 0 0 0 0 2 0 0 0 0 2 5 0 0 1 1 0 5 0 7 6 
3 0 6 3 0 0 0 0 0 0 0 0 0 0 0 0 0 5 0 0 4 2 4 0 0 8 3 0 0 
3 1 0 1 0 0 0 0 0 0 0 0 0 0 0 0 0 4 0 0 4 0 4 1 0 3 0 0 0 
5 0 6 0 0 7 0 0 0 0 0 0 0 0 0 0 6 0 0 0 0 0 0 0 0 0 4 0 0 
4 1 0 3 2 0 2 0 4 0 0 5 2 2 5 0 8 6 0 0 0 4 2 0 5 3 0 0 0 
5 3 0 0 0 0 3 0 5 0 0 6 0 2 2 1 0 2 2 3 0 3 3 2 0 0 0 0 0 
0 0 0 0 0 0 0 2 0 2 2 0 3 0 0 0 6 0 0 0 0 0 0 0 5 0 0 0 0 
0 0 0 0 0 0 3 0 0 0 0 0 0 2 5 1 0 0 1 0 4 1 3 2 0 0 0 0 0 
0 0 0 0 0 0 2 4 5 7 5 0 5 6 5 3 6 0 0 0 7 0 6 2 0 0 0 0 0 
0 0 0 3 0 4 1 0 2 5 3 0 2 2 3 0 0 4 5 3 0 0 2 0 0 1 0 0 0 
0 2 5 0 0 0 0 0 5 7 2 0 3 2 1 0 0 0 3 3 0 4 5 2 0 0 0 0 2 
0 0 2 2 0 0 0 0 0 7 0 6 0 0 0 0 0 5 3 3 0 0 1 0 0 0 0 0 2 
0 1 0 0 0 2 0 0 0 7 2 0 0 0 0 0 0 2 4 5 5 6 0 0 8 3 0 0 0 
0 0 0 0 0 0 0 0 0 2 0 0 0 0 0 0 2 0 0 0 3 3 1 0 3 2 0 0 0 
4 0 0 0 0 0 0 0 0 0 0 6 0 0 0 0 0 0 0 0 0 0 0 0 0 0 7 6 6 
2 1 0 0 5 0 0 0 4 2 1 4 0 0 0 0 0 0 0 0 0 0 0 2 0 0 0 2 0 
6 0 0 0 7 0 0 0 0 0 0 0 0 0 0 0 0 0 0 0 0 0 0 0 0 0 8 6 4 
6 0 3 1 0 2 0 0 0 0 0 0 0 0 5 0 0 0 0 3 0 0 0 0 1 0 0 0 2 
0 4 6 2 0 3 3 0 0 0 0 0 0 0 0 2 0 0 4 0 0 0 4 3 0 0 0 0 0 
0 0 5 4 0 4 0 0 0 0 0 0 0 0 0 3 3 0 3 2 5 1 0 0 0 0 0 0 0 
5 6 4 6 0 3 7 0 0 0 0 0 0 0 6 0 0 0 4 0 8 3 0 0 0 0 0 0 0 
4 2 4 4 0 2 6 0 0 0 0 4 4 2 0 1 3 2 5 2 4 5 0 0 0 0 0 0 0 
4 2 3 0 6 0 0 0 0 0 0 0 0 0 8 0 5 0 3 0 5 6 0 0 0 0 0 0 0 
4 0 4 0 5 0 0 0 4 4 0 6 2 0 0 2 0 4 5 2 6 5 0 1 0 0 0 5 6 
6 0 6 0 0 0 0 0 0 0 0 4 4 0 8 0 3 3 4 4 4 1 0 0 0 0 0 0 2 
2 2 6 0 0 0 0 0 0 3 3 0 3 2 4 2 0 0 0 0 0 0 7 0 0 0 5 5 4 
2 0 8 0 0 0 2 2 0 4 0 0 0 0 0 0 0 0 0 0 0 0 6 3 4 0 5 3 4 
1 0 5 0 0 0 0 0 0 0 0 0 0 2 2 0 4 0 0 0 0 0 5 4 4 2 2 2 3 
300 466
0 5 0 3
0 5 0 8
0 5 1 5
0 17 0 16
0 17 0 18
0 17 2 17
0 27 0 19
0 27 0 28
0 27 1 27
1 25 1 23
1 25 1 27
1 25 2 25
1 28 1 27
1 28 0 28
1 28 11 28
1 28 1 27
1 28 0 28
1 28 11 28
2 25 2 22
2 25 2 26
2 25 1 25
2 25 3 25
2 25 2 22
2 25 2 26
2 25 1 25
2 26 4 26
4 0 4 2
4 0 3 0
4 0 5 0
4 5 4 2
4 5 4 16
4 5 1 5
4 5 10 5
4 26 4 16
4 26 15 26
4 26 4 16
5 11 5 8
5 11 5 12
5 11 6 11
5 14 5 13
5 14 5 16
5 14 6 14
5 16 5 14
5 16 5 17
5 16 4 16
5 16 7 16
5 17 5 16
5 17 5 21
5 17 6 17
5 17 5 16
5 17 5 21
5 21 5 22
5 21 6 21
5 24 5 22
5 24 5 25
5 24 7 24
6 0 6 1
6 0 5 0
6 0 15 0
9 9 9 8
9 9 9 10
9 9 7 9
9 9 10 9
9 20 9 16
9 20 9 22
9 20 8 20
9 20 13 20
10 18 10 17
10 18 10 19
10 18 11 18
11 9 11 8
11 9 11 10
11 9 10 9
11 9 12 9
11 21 11 22
11 21 13 21
11 21 11 22
11 21 13 21
12 28 15 28
13 9 13 5
13 9 13 10
13 9 12 9
13 9 14 9
13 21 13 20
13 21 13 24
13 21 14 21
13 21 13 20
15 26 15 11
15 26 15 27
15 26 17 26
15 28 15 27
15 28 12 28
15 28 17 28
17 0 17 4
17 0 16 0
17 0 18 0
17 0 17 4
17 0 16 0
17 0 18 0
17 4 17 26
17 4 16 4
17 4 23 4
17 26 17 4
17 26 17 27
17 26 15 26
17 26 26 26
18 0 18 2
18 0 21 0
18 14 18 5
18 14 18 19
18 14 21 14
19 1 19 2
19 1 21 1
19 1 19 2
19 1 21 1
19 2 19 3
19 2 18 2
19 2 20 2
19 2 19 3
20 2 20 3
20 2 21 2
20 3 20 2
20 3 21 3
20 3 20 2
20 5 19 5
20 5 21 5
20 5 19 5
20 5 21 5
20 20 20 19
20 20 20 21
20 20 21 20
21 1 21 0
21 1 21 2
21 1 22 1
21 1 21 0
21 2 21 3
21 2 22 2
21 3 22 3
21 3 22 3
21 6 21 5
21 6 21 14
21 6 19 6
21 6 22 6
21 20 21 18
21 20 21 21
21 20 20 20
21 20 22 20
21 20 21 18
21 20 21 21
21 20 20 20
21 21 22 21
22 3 22 2
22 3 21 3
22 5 22 6
22 21 22 20
22 21 23 21
23 14 23 4
23 14 23 16
23 14 21 14
23 14 25 14
23 14 23 4
23 14 23 16
23 14 21 14
23 14 25 14
23 21 23 20
23 21 22 21
23 21 24 21
23 21 23 20
23 21 22 21
24 4 24 2
24 4 24 8
24 4 23 4
24 8 24 4
24 8 24 9
24 8 24 9
24 9 24 11
24 9 26 9
24 21 24 20
24 21 24 23
24 21 25 21
24 21 24 20
24 27 24 28
24 27 17 27
24 27 26 27
24 28 24 27
24 28 18 28
24 28 25 28
24 28 24 27
24 28 18 28
25 0 25 2
25 0 24 0
25 0 26 0
25 0 25 2
25 0 24 0
25 0 26 0
25 2 24 2
25 2 26 2
25 2 24 2
25 2 26 2
25 11 25 12
25 11 24 11
25 11 25 12
25 11 24 11
25 14 25 12
25 14 25 16
25 14 26 14
25 20 25 19
25 20 24 20
25 20 25 19
25 20 24 20
25 28 26 28
26 1 26 2
26 2 26 1
26 2 26 9
26 2 27 2
26 28 26 27
26 28 27 28
26 28 26 27
27 28 27 27
27 28 28 28
27 28 27 27
28 2 28 0
28 2 28 13
28 2 27 2
28 22 28 16
28 22 28 23
28 22 27 22
28 28 28 27
28 28 28 27
0 27 0 19
0 27 1 27
1 13 1 5
1 19 1 18
1 19 1 22
1 19 0 19
1 27 15 27
1 27 15 27
2 22 2 21
2 22 3 22
3 17 3 20
3 17 2 17
3 17 3 20
3 17 2 17
3 20 3 22
3 20 2 20
3 22 3 23
4 16 4 5
4 16 0 16
5 16 7 16
5 24 5 25
5 24 7 24
5 25 10 25
6 17 6 18
7 16 7 12
7 16 7 24
7 16 9 16
7 16 7 12
7 24 13 24
7 24 13 24
8 14 8 13
8 14 8 15
8 14 9 14
8 18 8 20
8 20 8 21
8 20 9 20
9 16 9 15
9 16 9 20
9 16 14 16
9 16 9 15
10 17 10 18
10 17 12 17
10 17 10 18
10 19 11 19
12 11 12 9
12 11 6 11
12 11 15 11
12 11 12 9
12 11 6 11
12 11 15 11
12 17 12 18
12 17 13 17
12 17 12 18
12 17 13 17
12 22 11 22
13 18 13 19
13 18 12 18
13 18 13 19
13 18 13 19
14 16 14 20
15 0 15 11
15 0 6 0
15 0 15 11
15 26 15 11
15 26 15 27
15 28 15 27
15 28 17 28
16 1 16 4
16 8 16 4
16 8 16 9
16 8 16 4
16 8 16 9
16 10 16 11
16 11 16 23
16 23 16 11
16 27 17 27
17 26 17 27
17 26 26 26
17 28 17 27
17 28 17 27
18 0 18 2
18 0 21 0
19 22 19 18
19 22 19 23
19 22 19 18
19 22 19 23
20 19 20 18
21 0 22 0
21 6 21 14
21 6 19 6
21 6 22 6
22 0 22 1
22 0 23 0
22 0 23 0
22 2 23 2
22 2 23 2
22 5 22 6
22 6 22 11
22 11 22 6
22 11 22 12
22 11 22 12
22 12 22 13
22 13 22 12
22 20 22 19
22 20 23 20
23 0 23 1
23 0 24 0
23 1 23 2
23 4 17 4
23 4 24 4
24 0 24 2
24 11 24 12
24 15 24 17
25 14 25 12
25 14 25 16
25 14 26 14
25 19 25 18
25 19 24 19
27 0 27 2
27 0 27 2
27 2 27 6
27 2 28 2
27 2 27 6
27 2 28 2
27 7 27 9
0 16 0 8
0 16 0 17
0 19 0 18
1 13 1 5
1 18 1 19
2 20 2 17
2 20 2 21
2 20 2 17
5 4 5 3
6 11 6 8
6 11 6 13
6 11 5 11
6 15 6 14
6 18 6 19
6 19 6 21
6 23 6 22
7 12 9 12
9 12 9 13
9 12 10 12
9 12 9 13
9 12 10 12
9 13 9 14
9 13 8 13
9 13 10 13
9 13 9 14
9 15 9 14
10 14 10 13
10 14 9 14
10 14 11 14
10 19 11 19
11 12 11 13
11 13 11 12
11 18 11 19
12 19 13 19
12 19 13 19
13 10 13 9
14 9 13 9
19 6 19 5
19 18 19 15
19 18 20 18
24 11 24 12
24 15 24 17
25 18 25 17
25 18 24 18
25 18 25 17
27 7 27 9
27 9 27 22
27 9 26 9
27 22 27 23
27 22 26 22
27 22 28 22
27 22 27 23
28 13 28 14
28 14 28 16
28 16 28 22
28 23 28 24
28 23 27 23
28 23 28 24
28 24 28 25
28 24 27 24
28 25 28 26
28 26 27 26
0 5 0 3
0 5 1 5
5 4 5 3
5 14 5 13
6 19 6 21
6 22 6 23
18 5 18 14
18 19 18 14
18 19 18 24
19 15 20 15
21 14 21 18
21 18 20 18
22 15 22 16
22 18 22 17
22 18 22 19
22 18 23 18
25 16 25 17
26 10 26 12
26 10 26 12
26 12 26 13
26 13 26 14
26 14 26 15
26 15 26 22
26 22 26 26
27 24 27 26
0 2 0 0
0 2 1 2
0 2 0 0
0 2 1 2
5 12 5 11
20 15 20 16
20 16 20 15
22 18 22 17
22 18 23 18
24 17 24 18
24 17 24 18
24 18 24 19
24 18 23 18
24 20 23 20
24 20 23 20
26 22 26 26
26 27 26 26
26 27 27 27
27 24 27 26
0 0 2 0
5 8 5 6
5 8 6 8
5 8 5 6
22 16 23 16
23 16 22 16

3397

3 = 4 2 = 5 - - 2 - - - - - - - 4 5 2 4 = = = = = = = 5 3 
|   3     7 = = = = = = = 2     | | 2 5 - - 1 1 - 5 - 7 6 
3   6 3   |                     | 5 = = 4 2 4 = = 8 3 ǁ ǁ 
3 1   1   |                     | 4 = = 4 - 4 1   3 | ǁ ǁ 
5 - 6 - - 7 = = = = = = = = = = 6 = = = = = = = = = 4 ǁ ǁ 
4 1   3 2 | 2 = 4 - - 5 2 2 5 = 8 6 = = = 4 2 - 5 3 | ǁ ǁ 
5 3       | 3   5 - - 6 - 2 2 1 ǁ 2 2 3 = 3 3 2 ǁ | | ǁ ǁ 
ǁ         |   2   2 2 ǁ 3 = = = 6 - - - - - - - 5 | | ǁ ǁ 
ǁ         | 3     |   ǁ | 2 5 1 |   1 - 4 1 3 2 ǁ | | ǁ ǁ 
ǁ         | 2 4 5 7 5 ǁ 5 6 5 3 6 = = = 7 - 6 2 ǁ | | ǁ ǁ 
ǁ     3   4 1   2 5 3 ǁ 2 2 3   | 4 5 3 |   2   ǁ 1 | ǁ ǁ 
ǁ 2 5           5 7 2 ǁ 3 2 1   | | 3 3 | 4 5 2 ǁ   | ǁ 2 
ǁ   2 2           7 = 6         | 5 3 3 | ǁ 1   ǁ   | ǁ 2 
ǁ 1       2 - - - 7 2 ǁ         | 2 4 5 5 6 - - 8 3 | ǁ ǁ 
ǁ                 2   ǁ         2 - - - 3 3 1   3 2 | ǁ ǁ 
4 = = = = = = = = = = 6 = = = = = = = = = = = = = = 7 6 6 
2 1 - - 5 = = = 4 2 1 4 = = = = = = = = = = = 2     ǁ 2 ǁ 
6 = = = 7 = = = = = = = = = = = = = = = = = = = = = 8 6 4 
6 = 3 1 ǁ 2 = = = = = = = = 5 = = = = 3 - - - - 1   ǁ | 2 
ǁ 4 6 2 ǁ 3 3               | 2 - - 4 = = = 4 3     ǁ | ǁ 
ǁ ǁ 5 4 ǁ 4 ǁ               | 3 3   3 2 5 1         ǁ | ǁ 
5 6 4 6 ǁ 3 7 = = = = = = = 6 - - - 4 = 8 3         ǁ | ǁ 
4 2 4 4 ǁ 2 6 = = = = 4 4 2 ǁ 1 3 2 5 2 4 5         ǁ | ǁ 
4 2 3   6 = = = = = = = = = 8 = 5   3   5 6         ǁ | ǁ 
4 - 4 - 5 = = = 4 4 - 6 2   ǁ 2 = 4 5 2 6 5 - 1     ǁ 5 6 
6 = 6             |   4 4 = 8 = 3 3 4 4 4 1         ǁ | 2 
2 2 6 - - - - - - 3 3 = 3 2 4 2 - - - - - - 7 = = = 5 5 4 
2 = 8 = = = 2 2 = 4 - - - - - - - - - - - - 6 3 4 = 5 3 4 
1 - 5 - - - - - - - - - - 2 2 - 4 = = = = = 5 4 4 2 2 2 3 
