29 29
2 2 2 0 0 0 0 0 0 4 0 0 5 1 2 0 4 0 0 6 0 0 4 3 0 6 5 4 2 
0 1 1 2 0 0 4 1 0 3 2 0 0 2 0 4 0 0 0 6 2 0 0 3 2 0 0 0 0 
5 0 0 0 0 0 5 0 0 0 0 0 7 0 0 0 0 0 0 0 0 0 7 0 0 7 5 4 0 
6 2 2 5 0 0 0 6 0 4 4 2 0 1 0 0 0 0 0 5 2 2 0 3 0 6 4 2 0 
2 2 0 7 0 5 2 0 4 0 0 0 7 0 0 4 4 2 0 0 2 0 0 3 0 4 0 5 5 
3 0 0 5 1 3 2 0 2 2 4 0 5 0 0 0 0 0 0 5 6 4 0 3 2 3 1 0 2 
5 0 0 0 0 0 0 8 0 0 0 0 0 0 0 0 0 0 0 0 0 0 8 0 0 4 4 0 3 
0 2 0 4 1 4 2 0 0 0 0 0 0 1 0 0 0 3 0 2 2 0 0 2 5 0 5 0 2 
6 0 0 6 5 7 2 0 1 0 4 0 0 0 0 1 0 0 0 0 4 0 0 1 5 2 4 0 2 
4 4 3 0 0 1 0 0 2 0 0 0 0 0 0 0 0 0 4 5 0 0 0 2 4 2 0 0 0 
3 3 2 0 0 1 0 0 0 0 0 0 0 0 0 0 0 0 0 0 0 0 0 0 0 0 0 0 3 
0 2 4 0 2 0 0 0 4 0 7 0 0 0 0 0 0 6 0 1 0 2 0 6 7 0 5 0 0 
4 4 0 0 0 0 0 0 3 0 4 3 4 0 4 2 0 0 0 2 0 0 0 0 5 4 0 0 0 
0 2 0 6 0 6 1 0 5 0 0 0 0 0 0 0 0 6 5 6 0 0 0 0 0 3 0 0 0 
5 4 0 0 1 2 0 0 0 0 0 0 0 1 1 0 0 0 0 0 0 0 0 0 0 0 0 0 0 
0 0 0 0 0 3 1 0 5 0 0 0 0 5 6 1 0 0 0 0 0 0 0 0 0 0 0 0 0 
0 0 0 6 3 0 2 0 0 0 0 0 0 0 2 2 0 0 0 0 0 0 0 0 0 0 0 0 0 
0 0 0 4 2 0 0 0 0 0 0 0 0 3 2 0 0 0 0 0 0 0 0 0 0 1 0 0 0 
0 0 5 5 0 8 6 0 6 0 0 4 0 0 0 6 1 0 3 0 0 0 0 2 0 2 0 0 0 
0 0 2 0 1 5 4 0 4 0 0 0 0 0 0 3 0 0 2 0 0 0 0 2 8 4 0 0 0 
0 0 3 6 0 0 0 4 0 0 0 0 0 0 0 0 0 6 0 7 8 6 0 3 7 2 0 0 0 
0 0 3 4 0 0 0 0 0 0 0 0 0 0 0 1 2 5 2 1 3 3 0 1 3 2 0 0 0 
5 6 0 0 0 0 0 0 0 0 0 0 0 0 0 0 0 0 0 0 0 0 8 0 0 0 6 5 3 
0 0 3 2 2 0 0 0 4 2 0 0 6 0 4 0 0 0 0 0 0 0 0 4 6 3 0 1 1 
2 0 0 2 3 0 5 4 0 0 0 0 4 2 0 0 0 0 0 0 0 0 0 2 0 1 0 1 1 
2 0 0 0 0 2 4 3 5 0 0 0 0 0 6 0 0 0 0 0 0 0 7 0 4 2 6 4 5 
5 3 4 4 4 0 0 0 0 0 0 0 0 0 4 3 0 0 0 0 4 2 0 2 4 0 5 4 2 
6 6 0 6 0 0 0 4 0 0 0 0 0 0 0 0 0 0 0 0 0 0 7 0 0 0 0 7 4 
2 4 2 4 0 0 0 0 0 0 0 0 0 0 0 0 0 0 2 0 2 0 6 0 2 2 0 4 2 
300 461
0 12 0 9
0 12 0 13
0 12 2 12
0 19 0 16
0 19 0 22
0 19 1 19
0 19 0 16
0 19 0 22
0 19 1 19
0 22 0 23
0 22 2 22
0 25 0 23
0 25 0 26
0 25 2 25
0 25 0 23
0 25 0 26
0 25 2 25
1 19 1 15
1 19 1 20
1 19 3 19
1 19 1 15
1 20 3 20
2 0 2 6
2 0 0 0
2 0 3 0
2 12 2 6
2 12 0 12
2 12 4 12
2 12 2 6
2 12 4 12
2 22 2 25
2 22 6 22
2 22 2 25
2 22 6 22
3 0 3 1
3 0 2 0
3 0 4 0
3 0 3 1
3 0 2 0
3 3 3 2
3 3 3 7
3 3 4 3
3 7 3 3
3 7 3 9
3 7 6 7
3 7 3 9
3 7 6 7
3 9 3 10
3 9 5 9
3 10 3 11
3 10 5 10
3 10 3 11
4 5 4 3
4 5 4 6
4 5 5 5
4 8 5 8
4 28 4 27
4 28 0 28
4 28 5 28
6 0 6 7
6 0 5 0
6 0 8 0
6 7 6 0
6 7 6 22
6 7 20 7
6 22 6 7
6 22 6 25
6 22 22 22
7 24 7 23
7 24 7 26
7 24 8 24
8 0 8 3
8 0 6 0
8 0 9 0
8 5 8 4
8 5 8 6
8 5 7 5
8 5 9 5
9 19 9 18
9 19 7 19
9 19 11 19
11 10 11 8
11 10 11 17
11 10 8 10
11 10 12 10
11 17 11 10
11 17 7 17
11 17 13 17
11 21 20 21
11 23 11 24
11 23 9 23
11 23 18 23
11 23 11 24
11 23 9 23
11 23 18 23
11 24 11 26
11 24 9 24
11 24 12 24
12 19 13 19
12 25 12 24
12 25 13 25
12 25 12 24
12 25 13 25
13 5 13 3
13 5 13 6
13 5 10 5
13 5 14 5
13 8 13 17
13 8 12 8
13 8 15 8
13 19 13 18
13 19 12 19
13 19 20 19
13 19 13 18
13 19 20 19
13 25 17 25
14 0 14 1
14 0 12 0
14 0 22 0
15 14 15 13
15 14 15 15
15 14 14 14
15 14 16 14
16 3 16 4
16 3 13 3
16 3 17 3
16 3 16 4
16 3 13 3
16 3 17 3
17 3 17 4
17 3 18 3
18 2 18 3
18 2 11 2
18 2 19 2
18 5 18 3
18 5 18 6
18 5 15 5
18 5 19 5
18 5 18 3
18 5 18 6
18 5 15 5
18 5 19 5
18 6 16 6
18 6 19 6
18 6 16 6
18 6 19 6
18 8 18 11
18 8 15 8
18 8 19 8
18 8 18 11
18 8 15 8
18 8 19 8
18 11 18 15
18 25 19 25
18 25 19 25
19 6 19 5
19 6 24 6
19 8 19 15
19 8 23 8
19 24 19 23
19 24 19 25
19 24 12 24
19 24 20 24
19 24 19 23
19 24 19 25
19 24 12 24
19 24 20 24
20 3 20 2
20 3 18 3
20 3 21 3
20 3 20 2
20 3 21 3
20 7 6 7
20 7 24 7
20 7 24 7
20 17 20 19
20 17 13 17
20 17 21 17
20 17 20 19
20 17 13 17
20 17 21 17
20 19 20 20
20 19 21 19
20 19 20 20
20 20 20 21
20 20 8 20
20 20 21 20
20 21 20 20
20 21 11 21
20 21 21 21
20 21 20 20
20 24 20 23
20 24 20 25
20 24 21 24
22 1 22 0
22 1 14 1
22 1 26 1
22 1 22 0
22 1 14 1
22 1 26 1
22 22 22 26
22 22 6 22
22 22 25 22
22 22 22 26
22 22 25 22
22 26 22 27
22 26 11 26
22 26 25 26
22 26 22 27
23 8 23 9
23 8 25 8
23 8 23 9
23 12 23 14
23 12 24 12
23 12 23 14
23 12 24 12
23 12 24 12
23 12 24 12
23 14 25 14
23 23 23 24
23 23 24 23
23 23 23 24
23 23 24 23
23 24 23 25
23 24 25 24
23 24 23 25
23 24 25 24
23 25 24 25
24 7 24 6
24 7 25 7
25 8 25 7
25 8 25 14
25 22 25 14
25 22 25 24
25 22 27 22
25 26 25 25
25 26 25 27
25 26 26 26
25 26 25 25
25 26 25 27
25 28 25 27
25 28 24 28
25 28 26 28
25 28 25 27
25 28 26 28
26 0 26 1
26 0 25 0
26 0 27 0
26 21 26 20
26 23 26 24
26 26 26 24
26 26 26 27
26 27 26 26
26 27 27 27
26 27 26 26
27 0 27 1
27 0 26 0
27 0 28 0
27 0 27 1
27 0 26 0
27 1 27 3
27 1 28 1
27 27 27 22
27 27 27 28
27 27 28 27
27 28 27 27
27 28 28 28
27 28 27 27
28 0 28 1
28 1 28 2
28 1 27 1
28 2 28 3
28 3 28 18
28 3 27 3
28 3 28 18
28 22 28 20
28 22 28 24
28 22 27 22
28 22 28 20
28 22 28 24
28 22 27 22
28 25 28 27
28 25 28 27
28 27 28 28
0 0 0 1
0 12 0 9
0 14 0 16
0 16 0 14
1 10 1 9
1 15 1 13
1 15 4 15
1 23 1 24
1 24 1 23
2 6 1 6
3 2 3 3
3 13 1 13
3 19 3 20
3 19 5 19
3 19 5 19
3 21 5 21
4 3 4 1
4 3 4 5
4 3 5 3
4 8 5 8
4 15 4 12
4 15 4 16
4 15 4 12
4 16 4 17
4 17 4 16
4 20 5 20
5 9 5 10
5 10 5 12
5 20 5 19
5 20 5 21
5 20 4 20
5 20 5 19
5 20 5 21
5 21 3 21
6 22 6 25
6 25 6 26
6 25 5 25
7 1 7 3
7 13 7 17
8 0 8 3
8 0 9 0
8 3 8 4
8 3 7 3
8 3 13 3
8 3 8 4
8 5 8 4
8 5 8 6
8 5 7 5
8 15 8 10
8 20 7 20
8 20 20 20
8 20 7 20
9 0 9 1
9 0 10 0
9 1 9 2
9 1 10 1
9 1 9 2
9 2 10 2
9 18 9 19
9 18 13 18
9 18 9 19
11 4 8 4
11 17 7 17
11 17 13 17
11 24 11 26
11 24 9 24
11 26 8 26
11 26 8 26
12 12 12 11
12 12 12 14
12 12 12 11
12 12 12 14
12 14 12 15
12 15 12 14
13 3 13 5
13 5 14 5
14 1 14 0
14 4 16 4
14 13 15 13
15 5 15 6
15 14 15 13
15 14 16 14
16 15 18 15
16 15 18 15
17 14 17 13
18 2 11 2
18 2 19 2
18 11 18 15
19 18 18 18
21 18 21 17
21 20 21 21
21 21 21 20
23 14 25 14
24 27 23 27
25 0 24 0
25 8 25 7
25 8 25 14
25 24 25 22
26 2 26 3
26 2 23 2
26 2 26 3
26 2 23 2
26 20 26 15
26 20 26 21
26 20 26 15
26 23 26 24
27 1 27 3
27 7 27 3
27 7 27 22
27 7 27 3
27 7 27 22
27 27 27 22
0 9 0 2
0 9 1 9
1 10 1 9
2 6 1 6
4 3 4 1
4 3 5 3
4 12 5 12
5 10 5 12
5 19 5 12
7 1 7 3
7 3 7 4
7 5 7 6
7 6 7 5
8 10 8 8
8 10 11 10
9 8 11 8
9 24 9 25
9 24 8 24
9 25 8 25
11 2 11 1
11 2 10 2
12 11 12 10
13 1 12 1
17 14 17 13
19 18 18 18
21 18 21 17
22 0 14 0
22 0 24 0
23 28 22 28
25 6 25 5
25 6 24 6
25 6 25 5
25 6 24 6
25 22 25 14
26 14 26 4
26 14 26 15
26 14 26 4
27 3 26 3
1 6 1 3
1 6 1 7
4 0 5 0
4 12 5 12
5 0 5 3
5 3 5 4
9 8 11 8
11 8 11 10
12 0 12 1
12 0 10 0
12 0 12 1
12 1 11 1
12 10 12 8
12 10 12 8
13 18 13 17
13 18 18 18
17 13 15 13
19 5 19 4
21 17 21 16
24 6 24 4
26 3 26 4
26 4 24 4
1 3 1 2
10 0 10 1
13 8 15 8
15 8 15 13
0 2 0 1

2640

2 2 2 - - - - - - 4 = = 5 1 2 = 4 = = 6 = = 4 3 = 6 5 4 2 
| 1 1 2 - - 4 1   3 2   ǁ 2 - 4 = = = 6 2   | 3 2 ǁ     | 
5 - - - - - 5 = = = = = 7 |   |       | |   7 = = 7 5 4 | 
6 2 2 5 = = = 6 = 4 4 2 ǁ 1   |       5 2 2 ǁ 3   6 4 2 | 
2 2 = 7 = 5 2 ǁ 4 | |   7 = = 4 4 2   ǁ 2 ǁ ǁ 3   4   5 5 
3 - - 5 1 3 2 ǁ 2 2 4 = 5 - - - - - - 5 6 4 ǁ 3 2 3 1   2 
5 = = = = = = 8 = = = = = = = = = = = = = = 8 = = 4 4   3 
ǁ 2 = 4 1 4 2 ǁ           1 - - - 3   2 2   ǁ 2 5 - 5   2 
6 = = 6 5 7 2 ǁ 1 - 4 - - - - 1   ǁ   | 4   ǁ 1 5 2 4   2 
4 4 3 | | 1   ǁ 2   ǁ             ǁ 4 5 ǁ   ǁ 2 4 2 ǁ     
3 3 2 | | 1   ǁ ǁ   ǁ             ǁ | | ǁ   ǁ ǁ ǁ   ǁ   3 
| 2 4 | 2 |   ǁ 4 = 7 = = = = = = 6 | 1 ǁ 2 ǁ 6 7 = 5     
4 4 ǁ |   |   ǁ 3 = 4 3 4 = 4 2   ǁ | 2 ǁ ǁ ǁ ǁ 5 4 |     
| 2 ǁ 6 = 6 1 ǁ 5 - - - - - - - - 6 5 6 ǁ ǁ ǁ ǁ ǁ 3 |     
5 4 ǁ ǁ 1 2   ǁ ǁ         1 1     ǁ | ǁ ǁ ǁ ǁ ǁ ǁ | |     
ǁ ǁ ǁ ǁ | 3 1 ǁ 5 - - - - 5 6 1   ǁ | ǁ ǁ ǁ ǁ ǁ ǁ | |     
ǁ ǁ ǁ 6 3 ǁ 2 ǁ ǁ         | 2 2   ǁ | ǁ ǁ ǁ ǁ ǁ ǁ | |     
ǁ ǁ ǁ 4 2 ǁ ǁ ǁ ǁ         3 2 ǁ   ǁ | ǁ ǁ ǁ ǁ ǁ ǁ 1 |     
ǁ ǁ 5 5 = 8 6 ǁ 6 = = 4 = = = 6 1 ǁ 3 ǁ ǁ ǁ ǁ 2 ǁ 2 |     
ǁ ǁ 2 | 1 5 4 ǁ 4 - - - - - - 3   ǁ 2 ǁ ǁ ǁ ǁ 2 8 4 |     
ǁ ǁ 3 6     | 4 |                 6 = 7 8 6 ǁ 3 7 2 |     
ǁ ǁ 3 4     | ǁ |             1 2 5 2 1 3 3 ǁ 1 3 2 |     
5 6         | ǁ |                           8 = = = 6 5 3 
| ǁ 3 2 2   | ǁ 4 2     6 = 4               ǁ 4 6 3 | 1 1 
2 ǁ ǁ 2 3 - 5 4 |       4 2 ǁ               ǁ 2 ǁ 1 | 1 1 
2 ǁ ǁ   | 2 4 3 5 = = = = = 6 = = = = = = = 7 = 4 2 6 4 5 
5 3 4 4 4 = = = = = = = = = 4 3 = = = = 4 2 | 2 4 - 5 4 2 
6 6 = 6 = = = 4 = = = = = = = = = = = = = = 7 = = = = 7 4 
2 4 2 4 = = = = = = = = = = = = = = 2   2 = 6 = 2 2 = 4 2 
