29 29
3 4 0 5 2 4 4 0 0 0 2 0 0 0 0 0 5 0 0 0 0 5 0 2 2 1 4 2 2 
0 3 1 0 2 3 2 2 3 0 0 0 0 0 6 2 0 1 1 1 0 0 1 0 0 0 0 2 6 
4 8 4 0 3 0 0 0 0 5 0 0 0 0 6 3 0 0 0 2 0 5 2 4 7 4 6 1 0 
3 0 2 0 2 4 0 0 0 8 0 6 6 2 0 4 0 2 5 0 0 6 2 0 6 2 0 0 0 
4 0 0 0 1 3 0 1 0 4 2 4 4 0 0 0 0 2 5 2 2 6 0 0 0 0 7 6 4 
6 7 0 6 0 0 0 0 0 0 0 0 0 0 6 4 0 5 5 0 0 5 4 4 6 2 0 0 0 
2 0 2 0 0 4 0 0 0 6 0 5 3 0 0 0 0 0 0 0 0 0 2 0 0 1 0 0 0 
2 5 3 0 4 6 0 0 2 3 0 0 6 2 0 3 0 0 0 1 0 7 0 8 5 2 0 0 0 
0 6 4 0 4 0 0 0 0 0 0 0 3 1 0 4 0 4 0 3 0 5 3 0 0 0 0 0 0 
0 3 2 0 0 2 0 0 0 0 0 6 0 0 7 6 0 4 0 4 1 3 0 0 4 4 0 0 2 
0 5 2 0 4 6 0 0 6 0 0 4 4 0 7 6 0 3 6 6 2 3 0 0 5 6 0 0 0 
0 0 0 0 2 4 0 0 2 0 0 0 2 1 4 4 0 2 6 2 0 2 0 0 0 0 0 4 0 
5 7 0 6 0 0 0 0 0 0 0 0 0 0 0 0 6 0 0 0 0 0 5 0 0 4 0 0 0 
0 0 2 0 3 0 0 0 0 3 0 0 2 0 4 2 0 0 0 0 0 0 0 0 0 0 0 4 0 
0 0 0 0 0 0 0 0 0 2 0 0 0 0 0 0 0 0 0 0 0 0 0 0 0 0 0 0 0 
0 0 0 0 6 0 0 0 0 0 0 0 0 0 7 3 0 0 0 0 0 0 0 0 3 0 0 0 0 
0 0 0 0 4 0 0 0 0 3 3 2 0 0 0 2 0 0 0 0 0 0 0 0 2 0 0 4 0 
0 0 5 7 0 0 0 0 0 0 0 0 0 0 8 6 0 0 0 0 0 0 2 0 1 0 0 0 0 
0 0 0 5 0 0 5 0 0 0 0 0 2 3 4 4 0 0 0 0 0 0 0 0 3 6 0 0 0 
0 0 0 3 2 3 3 3 0 4 0 2 0 2 0 4 0 0 0 0 0 0 0 0 0 2 0 0 0 
0 0 0 4 0 4 0 0 0 0 0 0 0 0 0 0 5 0 0 0 0 0 0 8 0 0 6 6 6 
0 0 4 0 0 0 0 0 0 0 0 0 0 0 0 0 0 0 0 0 0 4 4 6 2 2 0 0 0 
0 0 0 2 0 4 2 6 2 2 4 0 0 5 5 0 2 1 0 3 0 0 0 4 4 0 0 3 0 
0 0 5 0 0 7 2 3 0 0 0 0 0 5 5 3 3 3 0 0 0 0 0 2 3 4 0 0 0 
0 0 2 1 0 4 0 4 0 4 0 4 2 0 2 3 0 3 0 7 2 0 0 4 0 0 3 0 0 
3 3 0 0 0 0 0 0 0 0 0 0 0 4 0 0 4 1 0 5 2 0 0 3 0 4 3 0 0 
3 0 0 0 0 0 0 0 1 0 0 0 0 0 0 0 0 0 0 0 0 3 0 3 0 0 0 0 0 
3 7 0 0 0 0 0 0 0 3 1 2 4 0 2 1 3 0 0 0 0 0 6 5 0 6 3 2 4 
2 6 0 0 0 0 0 0 0 0 0 6 6 0 0 0 0 0 0 0 0 0 0 0 0 0 0 2 2 
300 472
0 3 0 1
0 3 0 4
0 3 5 3
0 16 0 10
0 16 0 21
0 16 12 16
1 14 1 8
1 14 1 15
1 14 2 14
1 14 1 8
1 14 1 15
1 14 2 14
1 28 1 27
1 28 0 28
1 28 4 28
1 28 1 27
1 28 0 28
1 28 4 28
2 1 2 0
2 1 2 2
2 1 1 1
2 1 5 1
2 1 2 0
2 1 2 2
2 1 1 1
2 1 5 1
2 2 1 2
2 2 3 2
2 9 2 4
2 9 2 14
2 9 3 9
2 14 2 9
2 14 2 15
2 14 5 14
2 15 3 15
2 24 2 23
2 24 2 25
2 24 0 24
2 24 3 24
3 2 6 2
3 9 3 5
3 9 3 11
3 9 2 9
3 9 4 9
3 11 3 9
3 11 3 12
3 11 4 11
3 12 3 11
3 12 3 13
3 12 4 12
3 12 3 11
3 12 3 13
3 15 2 15
3 15 5 15
3 15 5 15
4 0 3 0
4 0 5 0
4 0 3 0
4 0 5 0
4 12 4 11
4 12 6 12
4 12 4 11
4 26 4 21
4 26 4 27
4 26 2 26
4 26 20 26
4 28 4 27
4 28 9 28
5 0 5 1
5 0 6 0
5 1 5 0
5 1 7 1
5 1 5 0
5 1 7 1
5 15 5 14
5 15 7 15
5 17 5 18
5 17 4 17
5 17 8 17
5 24 5 23
5 24 5 25
5 24 7 24
5 24 5 23
5 24 5 25
5 24 7 24
6 0 7 0
6 25 7 25
7 21 7 19
7 21 7 23
7 21 5 21
7 21 8 21
7 23 7 21
7 23 7 24
7 23 5 23
7 23 20 23
8 1 8 2
8 1 7 1
8 1 9 1
8 1 8 2
8 1 7 1
8 1 9 1
9 14 9 11
9 14 9 15
9 14 5 14
9 14 10 14
9 15 9 14
9 15 8 15
9 15 10 15
9 15 9 14
9 15 8 15
9 28 20 28
10 1 10 2
10 1 9 1
10 1 12 1
10 24 10 25
10 24 9 24
10 24 15 24
10 25 10 24
10 25 9 25
10 25 12 25
10 25 10 24
10 25 9 25
11 18 11 17
11 18 11 19
11 18 10 18
11 18 11 17
11 18 11 19
11 18 10 18
11 27 4 27
11 27 13 27
11 27 4 27
11 27 13 27
12 0 12 1
12 0 7 0
12 0 25 0
12 22 12 16
12 22 8 22
12 22 17 22
12 25 18 25
13 27 16 27
15 4 15 14
15 4 13 4
15 4 16 4
15 4 15 14
15 4 13 4
15 4 16 4
15 14 15 15
15 14 13 14
15 14 17 14
15 24 16 24
16 4 16 9
16 4 19 4
16 27 13 27
16 27 20 27
16 27 20 27
17 2 17 3
17 2 13 2
17 2 21 2
17 3 17 2
17 3 12 3
17 3 18 3
17 3 17 2
17 3 12 3
17 3 18 3
17 14 17 15
17 14 15 14
17 14 18 14
17 14 17 15
17 14 18 14
17 14 17 15
17 14 18 14
17 15 17 22
17 15 16 15
17 15 18 15
18 3 19 3
18 15 18 14
18 15 19 15
18 15 19 15
18 25 18 24
18 25 12 25
18 25 19 25
19 15 19 13
19 15 23 15
20 23 20 16
20 23 20 26
20 23 7 23
20 23 21 23
20 27 20 26
20 27 20 28
20 27 22 27
20 27 20 26
20 28 27 28
21 2 23 2
21 21 21 22
21 21 26 21
21 21 21 22
21 21 26 21
21 22 21 23
21 22 27 22
21 23 21 24
21 23 20 23
21 23 22 23
21 23 21 24
21 25 23 25
22 23 22 24
22 23 23 23
22 23 22 24
22 24 23 24
22 27 27 27
23 5 23 2
23 5 23 6
23 5 22 5
23 5 24 5
24 19 24 17
24 19 24 20
24 19 22 19
24 19 25 19
25 19 25 17
25 19 25 20
25 19 24 19
26 21 26 8
27 1 27 0
27 1 27 9
27 1 25 1
27 1 28 1
27 23 27 22
27 23 27 25
27 23 26 23
27 25 27 23
27 25 27 26
27 25 25 25
28 1 28 0
28 1 28 11
28 1 27 1
28 1 28 0
28 1 28 11
28 11 28 12
28 11 27 11
28 12 28 11
28 12 28 27
28 12 27 12
28 12 28 11
28 12 28 27
28 28 27 28
28 28 27 28
0 27 0 26
0 27 0 26
1 1 0 1
1 8 1 7
2 0 0 0
2 0 3 0
3 9 3 5
3 9 4 9
3 24 3 22
3 24 3 25
3 24 2 24
3 24 3 22
3 24 3 25
4 11 4 10
4 27 4 26
4 27 2 27
5 14 9 14
5 23 5 22
6 11 6 9
6 11 6 12
6 11 9 11
6 22 5 22
7 1 7 2
7 12 7 13
7 12 6 12
7 12 8 12
7 12 7 13
7 12 8 12
7 12 8 12
7 15 8 15
7 21 5 21
7 21 8 21
7 23 7 24
8 15 7 15
9 11 9 5
9 11 6 11
9 11 10 11
9 11 9 5
9 24 9 25
9 24 7 24
9 24 9 25
10 1 10 2
10 1 12 1
10 5 10 4
10 5 10 8
10 5 11 5
10 5 10 4
10 5 10 8
10 5 11 5
10 8 10 11
10 8 11 8
10 8 10 11
10 8 11 8
10 11 10 12
10 12 10 14
10 12 11 12
10 12 10 14
10 14 10 15
10 14 11 14
10 15 10 14
10 15 11 15
10 15 10 14
10 15 11 15
10 18 10 17
10 18 10 19
10 18 5 18
10 18 10 17
11 5 11 4
11 15 11 14
11 15 13 15
11 21 10 21
12 0 12 1
12 0 25 0
12 3 12 1
12 3 5 3
12 3 12 1
12 3 5 3
12 16 12 22
12 16 0 16
12 22 8 22
14 9 13 9
15 24 16 24
16 15 15 15
17 24 18 24
18 3 19 3
18 24 18 25
18 25 19 25
20 16 20 23
20 16 22 16
20 16 22 16
20 23 20 26
20 28 27 28
21 2 23 2
21 25 23 25
22 24 23 24
22 27 27 27
23 25 23 24
23 25 25 25
24 23 23 23
24 23 25 23
24 23 25 23
24 23 25 23
25 16 25 13
25 16 23 16
25 16 25 13
25 16 23 16
25 19 25 20
25 25 25 26
25 25 27 25
26 23 27 23
27 12 27 11
27 12 27 14
27 12 27 14
27 15 27 16
27 16 27 22
27 22 27 16
27 25 27 26
27 26 25 26
0 0 0 1
0 0 0 1
0 3 0 4
0 3 5 3
0 5 0 6
0 5 1 5
0 5 0 6
0 5 1 5
0 6 0 10
0 6 1 6
0 16 0 21
0 26 0 25
0 26 2 26
1 7 1 6
2 25 2 24
2 25 2 26
2 25 2 24
2 26 4 26
3 5 3 4
3 5 4 5
3 21 3 18
3 21 2 21
3 21 4 21
3 21 3 18
3 21 2 21
3 21 4 21
4 10 4 9
4 21 4 20
4 21 4 26
4 21 5 21
5 22 5 21
5 22 6 22
6 2 7 2
6 11 6 9
7 2 8 2
7 5 7 4
7 5 7 8
7 5 6 5
7 5 7 4
7 5 7 8
7 5 6 5
7 9 6 9
8 2 9 2
8 4 7 4
8 4 10 4
8 4 7 4
8 4 10 4
8 17 5 17
8 17 9 17
8 17 9 17
8 22 8 21
9 17 10 17
11 5 11 4
11 14 11 13
11 14 13 14
11 21 10 21
12 1 25 1
13 4 13 9
14 9 13 9
18 3 19 3
19 4 19 5
20 3 20 5
20 3 22 3
20 3 20 5
20 3 22 3
20 5 19 5
20 5 22 5
20 26 24 26
22 5 22 6
22 5 23 5
24 20 24 19
24 26 25 26
25 13 25 1
25 13 23 13
27 1 27 0
27 1 27 9
27 9 27 10
0 24 0 23
1 5 1 4
2 4 1 4
2 4 3 4
2 23 2 22
2 23 0 23
2 23 2 22
4 4 4 5
4 9 4 7
4 20 4 19
5 21 5 18
6 5 6 9
6 5 4 5
6 9 7 9
7 9 6 9
11 12 13 12
13 12 13 14
13 14 13 15
15 14 15 15
19 5 19 6
22 19 22 17
22 19 24 19
24 17 23 17
25 0 26 0
26 0 27 0
0 21 2 21
4 19 4 18
23 17 23 16
23 17 24 17
0 21 2 21
2 19 2 21
2 19 1 19

3162

3 4 - 5 2 4 4 - - - 2 - - - - - 5 = = = = 5   2 2 1 4 2 2 
| 3 1 ǁ 2 3 2 2 3 = = = = = 6 2 ǁ 1 1 1   ǁ 1 | |   | 2 6 
4 8 4 ǁ 3 - - - - 5 = = = = 6 3 ǁ     2 - 5 2 4 7 4 6 1 ǁ 
3 ǁ 2 ǁ 2 4 = = = 8 = 6 6 2 | 4 ǁ 2 5 = = 6 2 = 6 2 ǁ | ǁ 
4 ǁ | ǁ 1 3   1 - 4 2 4 4   | ǁ ǁ 2 5 2 2 6 = = = = 7 6 4 
6 7 | 6   |             |   6 4 ǁ 5 5 - - 5 4 4 6 2 | ǁ | 
2 ǁ 2 ǁ   4 - - - 6 = 5 3   ǁ | ǁ ǁ |     ǁ 2 | ǁ 1 | ǁ | 
2 5 3 ǁ 4 6 = = 2 3   ǁ 6 2 ǁ 3 ǁ ǁ | 1 - 7 = 8 5 2 | ǁ | 
| 6 4 ǁ 4             ǁ 3 1 ǁ 4 ǁ 4 | 3   5 3 ǁ |   | ǁ | 
| 3 2 ǁ ǁ 2 = = = = = 6 - - 7 6 ǁ 4 | 4 1 3 ǁ ǁ 4 4 | ǁ 2 
| 5 2 ǁ 4 6 = = 6 = = 4 4 = 7 6 ǁ 3 6 6 2 3 ǁ ǁ 5 6 | ǁ | 
| ǁ   ǁ 2 4     2       2 1 4 4 ǁ 2 6 2   2 ǁ ǁ | | | 4 | 
5 7 = 6                 |   | | 6 = = = = = 5 ǁ | 4 | ǁ | 
ǁ | 2 ǁ 3 - - - - 3     2 - 4 2             | ǁ | ǁ | 4 | 
ǁ | | ǁ ǁ         2         |               | ǁ | ǁ | ǁ | 
ǁ | | ǁ 6 = = = = = = = = = 7 3             | ǁ 3 ǁ | ǁ | 
ǁ | | ǁ 4 - - - - 3 3 2     ǁ 2             | ǁ 2 ǁ | 4 | 
ǁ | 5 7 |                   8 6 - - - - - - 2 ǁ 1 ǁ | ǁ | 
ǁ | | 5 |   5           2 3 4 4               ǁ 3 6 | ǁ | 
ǁ | | 3 2 3 3 3   4   2   2 - 4               ǁ   2 | ǁ | 
ǁ | | 4 = 4                   | 5 = = = = = = 8 = = 6 6 6 
ǁ | 4 ǁ   |                   | ǁ         4 4 6 2 2 | | ǁ 
ǁ | ǁ 2   4 2 6 2 2 4     5 5 | 2 1 - 3   ǁ | 4 4 ǁ | 3 ǁ 
ǁ | 5 - - 7 2 3           5 5 3 3 3   ǁ   ǁ | 2 3 4 | ǁ ǁ 
ǁ | 2 1   4   4   4   4 2 | 2 3 ǁ 3 - 7 2 ǁ | 4   | 3 ǁ ǁ 
3 3 - - - - - - - - - - - 4 = = 4 1 - 5 2 ǁ | 3   4 3 ǁ ǁ 
3 |             1 - - - - - - - - - - - - 3 | 3   ǁ | ǁ ǁ 
3 7 = = = = = = = 3 1 2 4 = 2 1 3 = = = = = 6 5 = 6 3 2 4 
2 6 = = = = = = = = = 6 6 = = = = = = = = = = = = = = 2 2 
