29 29
2 1 0 3 3 0 4 0 0 0 0 0 0 5 0 0 0 0 0 0 0 0 3 2 0 0 0 5 3 
6 0 0 6 3 2 0 0 0 0 2 0 0 5 0 0 3 0 2 0 0 0 3 0 2 0 0 0 1 
0 0 0 0 4 0 6 0 0 0 0 0 0 0 0 0 0 0 0 0 0 0 0 0 0 0 0 5 3 
0 0 0 0 2 0 0 2 4 0 5 0 0 0 0 4 0 0 0 0 0 0 0 0 6 2 1 0 2 
0 0 0 0 1 0 0 0 4 2 0 2 0 5 2 0 0 0 0 0 0 2 0 0 5 3 3 0 1 
0 0 0 0 0 0 0 6 0 0 7 6 4 0 4 6 0 0 0 0 0 0 0 0 0 0 0 6 5 
0 0 0 0 3 0 0 0 0 0 0 4 0 0 0 0 2 2 6 5 4 2 0 0 0 0 0 0 3 
0 0 0 0 0 0 0 0 0 0 4 6 0 0 3 0 4 0 6 4 5 0 0 0 0 4 2 0 0 
0 2 4 0 0 0 0 0 4 0 4 0 0 0 0 0 2 1 0 1 1 0 0 0 0 0 0 0 0 
0 2 0 0 0 0 0 0 2 0 0 0 0 0 0 0 0 0 0 1 0 0 0 0 0 0 0 0 0 
0 0 0 0 0 0 0 0 2 0 4 0 0 0 0 6 5 5 6 4 0 7 0 0 0 7 2 0 0 
0 0 0 0 0 0 0 0 0 2 0 0 0 0 0 0 3 6 0 0 0 2 0 0 0 4 0 0 1 
0 4 3 0 0 0 0 0 0 0 0 0 3 0 0 0 1 0 0 0 0 0 0 2 0 0 0 0 2 
0 0 0 0 0 0 0 2 0 0 0 0 0 0 0 0 3 6 0 0 0 0 0 0 0 0 0 0 4 
0 0 0 0 5 0 7 4 5 4 0 0 0 0 0 0 0 0 0 0 0 0 0 4 0 7 2 0 0 
0 0 0 0 0 2 7 4 0 0 0 0 2 0 0 0 2 4 0 0 0 0 0 0 0 0 0 0 0 
0 0 0 0 1 0 4 0 4 0 0 5 2 0 4 0 0 0 0 3 0 0 0 0 0 0 0 0 0 
0 0 0 0 0 0 0 0 0 0 0 2 0 0 4 0 0 0 0 0 0 0 0 0 0 0 0 0 0 
0 4 0 6 0 0 0 0 0 0 6 0 0 6 4 0 0 0 0 0 0 0 0 0 0 0 0 0 0 
0 5 2 0 2 4 0 0 6 6 7 1 2 0 3 8 0 0 8 6 0 0 0 0 0 6 3 0 0 
0 5 3 5 0 0 0 0 7 6 6 4 6 0 4 6 3 2 4 0 0 0 0 0 4 3 3 0 0 
0 3 3 3 2 0 0 3 2 3 0 2 2 0 3 4 0 0 2 0 0 0 0 1 2 0 0 0 0 
0 2 0 6 0 0 0 7 0 0 0 0 0 7 0 0 0 0 0 0 0 0 0 0 0 0 0 5 3 
5 4 1 6 0 3 2 7 0 3 2 1 2 0 2 1 2 3 3 5 4 0 4 0 0 0 0 6 4 
0 2 2 3 2 6 0 5 2 4 6 4 3 0 6 5 5 6 0 8 4 4 6 0 1 0 0 0 4 
0 2 0 1 3 6 4 4 0 2 2 2 1 0 2 0 2 0 2 6 2 0 3 0 2 0 0 0 2 
0 4 7 0 0 0 0 0 7 0 0 0 0 7 0 8 0 6 3 2 1 7 0 0 0 0 0 8 4 
4 4 3 2 0 0 0 0 6 5 6 0 0 8 2 4 4 4 1 0 0 6 3 2 4 0 0 6 2 
1 4 4 3 3 2 0 0 3 2 2 2 0 6 0 3 5 5 0 1 2 3 3 0 0 2 1 5 2 
300 504
0 13 0 6
0 13 0 22
0 13 1 13
0 27 0 23
0 27 0 28
0 27 2 27
0 28 0 27
0 28 1 28
1 0 1 3
1 0 0 0
1 0 23 0
1 0 1 3
1 0 0 0
1 0 23 0
1 3 1 4
1 3 0 3
1 3 18 3
1 3 1 4
5 7 5 10
5 7 3 7
5 7 13 7
5 7 5 10
5 7 3 7
5 7 13 7
5 10 5 11
5 10 3 10
5 10 7 10
5 28 5 27
5 28 4 28
5 28 6 28
6 19 6 18
6 19 6 20
6 19 7 19
8 2 8 1
8 2 12 2
8 2 8 1
8 2 12 2
8 8 8 10
8 8 9 8
8 8 8 10
8 8 9 8
9 1 12 1
10 21 10 19
10 21 10 25
10 21 6 21
10 21 11 21
14 4 14 6
14 4 6 4
14 4 16 4
14 25 14 23
14 25 14 26
14 25 11 25
14 25 19 25
15 6 15 5
15 6 15 7
15 6 14 6
15 6 16 6
18 3 18 1
18 3 18 10
18 3 20 3
18 3 18 1
18 3 18 10
18 10 18 13
18 10 10 10
18 10 19 10
18 10 18 13
18 13 18 14
18 13 4 13
18 13 22 13
18 13 18 14
18 14 17 14
18 14 19 14
19 1 19 2
19 1 18 1
19 1 20 1
19 8 19 5
19 8 19 9
19 8 20 8
19 8 19 5
19 8 19 9
19 8 20 8
19 9 19 10
19 9 20 9
19 9 19 10
19 9 20 9
19 10 19 11
19 10 20 10
19 10 20 10
19 10 20 10
19 12 20 12
19 15 19 14
19 15 19 18
19 15 10 15
19 15 20 15
19 15 19 14
19 15 19 18
19 15 10 15
19 15 20 15
19 18 19 19
19 18 10 18
19 18 20 18
20 8 20 3
20 8 20 9
20 8 21 8
20 9 20 8
20 9 20 10
20 9 21 9
20 12 20 11
20 12 19 12
20 12 21 12
20 12 20 11
20 12 21 12
20 14 20 15
20 14 21 14
20 14 20 15
20 14 21 14
22 7 22 3
22 7 22 13
22 7 21 7
22 7 23 7
22 13 22 7
22 13 22 27
22 13 26 13
23 19 23 18
23 19 23 20
23 19 24 19
24 14 24 15
24 14 23 14
24 14 25 14
24 14 24 15
24 14 23 14
24 14 25 14
24 19 24 17
24 19 24 20
24 19 23 19
24 19 25 19
24 19 24 17
24 19 24 20
24 19 23 19
25 19 25 18
25 19 25 20
25 19 26 19
25 19 25 18
25 19 25 20
26 2 26 1
26 2 26 8
26 2 24 2
26 2 27 2
26 15 26 13
26 15 26 17
26 15 24 15
26 15 27 15
26 15 26 13
26 15 26 17
26 15 24 15
26 15 27 15
26 17 26 18
26 17 24 17
26 17 27 17
26 17 26 18
26 21 26 20
26 21 26 27
26 21 24 21
26 21 27 21
26 27 26 21
26 27 26 28
26 27 23 27
26 27 27 27
27 13 27 10
27 13 27 14
27 13 26 13
27 13 28 13
27 13 27 10
27 13 27 14
27 13 26 13
27 13 28 13
27 15 27 16
27 15 28 15
27 16 27 17
27 16 28 16
27 16 27 17
27 17 27 18
27 21 27 22
27 21 26 21
27 21 28 21
27 21 27 22
27 21 26 21
27 24 27 23
27 24 27 27
27 24 27 23
27 24 27 27
27 27 27 28
27 27 26 27
27 27 28 27
28 13 28 11
28 13 28 15
28 13 28 11
28 13 28 15
28 16 28 17
28 17 28 16
28 17 28 19
28 17 28 16
28 17 28 16
28 20 28 21
28 20 28 21
28 27 28 26
28 27 28 28
28 27 28 28
0 1 0 3
0 3 0 4
3 8 3 10
3 8 4 8
3 8 3 10
3 8 4 8
4 8 4 9
4 9 4 8
4 24 4 21
4 24 4 25
4 24 3 24
5 12 5 11
5 12 12 12
5 12 5 11
5 12 12 12
5 28 5 27
5 28 6 28
6 11 5 11
6 11 7 11
6 11 5 11
6 11 7 11
7 11 7 10
7 11 16 11
7 11 7 10
7 11 16 11
7 20 7 19
7 20 6 20
7 20 8 20
8 10 7 10
8 10 10 10
9 1 12 1
10 10 10 8
10 15 10 16
10 15 5 15
10 15 10 16
10 15 5 15
11 9 14 9
11 17 11 16
11 17 10 17
11 17 13 17
11 17 11 16
11 17 10 17
11 17 13 17
12 1 12 2
12 1 18 1
12 12 15 12
12 23 14 23
13 17 13 16
13 17 15 17
13 17 13 16
13 17 15 17
13 28 12 28
13 28 22 28
13 28 12 28
13 28 22 28
14 4 14 6
14 4 6 4
14 9 14 8
14 9 11 9
14 9 14 8
15 5 15 6
15 7 15 6
15 7 14 7
15 7 15 6
15 12 16 12
15 17 15 16
16 6 16 8
16 8 16 6
16 8 14 8
16 8 14 8
16 12 16 11
16 14 7 14
16 14 17 14
16 14 7 14
16 14 17 14
17 11 16 11
19 1 19 2
19 1 20 1
19 4 19 5
19 5 19 4
19 18 19 19
19 18 10 18
19 18 20 18
19 19 19 25
19 19 16 19
19 19 19 25
19 19 16 19
19 25 19 26
19 25 14 25
19 25 20 25
20 10 20 11
20 11 20 10
21 11 21 9
21 14 21 15
21 15 21 18
21 15 20 15
21 15 21 18
21 23 21 24
21 24 20 24
22 13 22 27
22 13 26 13
23 18 23 17
23 20 23 22
23 20 24 20
23 20 23 22
23 22 23 27
23 22 24 22
23 27 23 28
23 27 22 27
23 27 26 27
23 27 23 28
23 28 22 28
23 28 24 28
24 20 24 21
24 21 24 22
24 22 24 21
24 22 24 24
24 22 25 22
24 22 25 22
24 28 25 28
24 28 25 28
25 5 25 4
25 5 25 6
25 5 24 5
25 5 25 4
25 5 25 6
25 5 24 5
25 6 25 7
25 6 23 6
25 7 25 9
25 7 24 7
25 7 25 9
25 16 24 16
25 22 25 24
26 8 26 2
26 8 26 13
26 8 27 8
26 8 27 8
26 8 27 8
26 18 26 19
26 27 26 28
26 28 27 28
27 9 27 8
27 9 27 10
27 9 28 9
27 22 28 22
28 22 28 25
28 22 28 25
5 10 5 11
5 10 3 10
5 15 5 14
5 15 5 27
5 15 3 15
5 15 5 14
6 4 4 4
6 18 6 17
6 18 6 19
6 18 7 18
6 18 6 17
6 18 6 19
6 20 6 21
6 20 7 20
6 28 11 28
7 14 5 14
7 18 7 16
7 18 7 19
7 18 10 18
7 18 7 16
7 18 7 19
7 25 7 26
7 25 10 25
7 25 7 26
7 25 10 25
8 19 9 19
10 10 10 8
10 21 10 19
10 21 10 25
10 21 11 21
11 25 10 25
11 25 14 25
11 25 10 25
12 23 14 23
14 6 14 7
14 6 2 6
14 7 14 6
14 7 14 8
14 23 14 25
15 17 15 16
16 11 17 11
16 19 10 19
20 15 20 16
20 16 20 17
20 18 20 17
20 18 20 24
20 24 20 25
21 11 21 9
22 27 5 27
22 27 5 27
23 18 23 17
24 5 24 4
24 5 23 5
24 5 24 4
24 5 23 5
24 7 24 8
24 7 23 7
24 7 24 8
24 7 23 7
24 9 24 10
24 9 23 9
24 9 24 10
24 9 23 9
24 10 24 11
24 10 23 10
24 10 25 10
24 10 24 11
25 4 25 3
25 10 25 11
25 16 24 16
26 8 27 8
27 8 27 3
27 9 27 10
27 9 28 9
27 10 28 10
28 8 28 5
28 10 27 10
3 4 2 4
3 4 2 4
3 15 3 10
3 15 3 24
3 15 3 24
3 24 3 25
3 24 1 24
3 24 4 24
4 11 4 13
4 21 4 24
5 14 4 14
5 27 2 27
6 16 7 16
7 16 6 16
10 19 10 18
10 25 10 26
10 26 14 26
13 16 12 16
14 6 2 6
19 26 20 26
19 26 20 26
20 24 20 25
28 8 28 5
1 24 1 22
2 4 2 6
2 4 1 4
2 6 0 6
3 28 2 28
4 11 4 13
4 13 4 14
10 18 10 17
10 18 10 17
11 16 10 16
28 4 28 3
0 4 0 6
0 4 0 6
0 13 0 22
0 13 1 13
1 10 1 13
3 28 2 28
28 4 28 3
1 10 1 13
1 13 1 16
1 16 1 18
1 22 1 18
1 22 0 22
2 28 2 27
28 4 28 3
0 23 0 27
27 3 27 2
28 2 28 1
28 2 27 2
28 2 28 1
26 2 26 1
26 2 24 2
28 2 28 1
24 3 23 3
26 1 25 1
26 1 27 1
27 1 27 0
27 1 28 1
27 1 27 0
28 0 27 0
24 3 23 3
25 1 24 1
27 0 23 0
23 0 23 1
23 0 23 1
24 1 23 1
24 3 23 3
23 1 23 2

3483

2 1 - 3 3 = 4 - - - - - - 5 = = = = = = = = 3 2 = = = 5 3 
6 = = 6 3 2 |       2 = = 5 - - 3 - 2 - - - 3 - 2     | 1 
ǁ     | 4 - 6                                   |     5 3 
ǁ     | 2   ǁ 2 4 = 5 - - - - 4 = = = = = = = = 6 2 1 | 2 
ǁ     | 1   ǁ ǁ 4 2 ǁ 2 = 5 2 |           2 = = 5 3 3 | 1 
ǁ     | |   ǁ 6 = = 7 6 4 | 4 6 - - - - - - - - - - - 6 5 
ǁ     | 3   ǁ ǁ     | 4 ǁ | | ǁ 2 2 6 5 4 2           ǁ 3 
ǁ     | ǁ   ǁ ǁ     4 6 ǁ | 3 ǁ 4 = 6 4 5 |       4 2 ǁ | 
ǁ 2 4 | ǁ   ǁ ǁ 4 = 4 ǁ ǁ | ǁ ǁ 2 1 | 1 1 |       ǁ   ǁ | 
ǁ 2 ǁ | ǁ   ǁ ǁ 2   | ǁ ǁ | ǁ ǁ     | 1   |       ǁ   ǁ | 
ǁ ǁ ǁ | ǁ   ǁ ǁ 2 = 4 ǁ ǁ | ǁ 6 5 5 6 4 = 7 = = = 7 2 ǁ | 
ǁ ǁ ǁ | ǁ   ǁ ǁ   2 | ǁ ǁ | ǁ ǁ 3 6 ǁ |   2       4 | ǁ 1 
ǁ 4 3 | ǁ   ǁ ǁ   ǁ | ǁ 3 | ǁ ǁ 1 ǁ ǁ |       2   ǁ | ǁ 2 
ǁ |   | ǁ   ǁ 2   ǁ | ǁ | | ǁ ǁ 3 6 ǁ |       ǁ   ǁ | ǁ 4 
ǁ |   | 5 = 7 4 5 4 | ǁ | | ǁ ǁ   ǁ ǁ |       4 = 7 2 ǁ ǁ 
ǁ |   | | 2 7 4 ǁ   | ǁ 2 | ǁ ǁ 2 4 ǁ |           ǁ   ǁ ǁ 
ǁ |   | 1   4 = 4   | 5 2 | 4 ǁ     ǁ 3           ǁ   ǁ ǁ 
ǁ |   |             | 2   | 4 ǁ     ǁ ǁ           ǁ   ǁ ǁ 
ǁ 4 = 6 = = = = = = 6 = = 6 4 ǁ     ǁ ǁ           ǁ   ǁ ǁ 
ǁ 5 2 | 2 4 = = 6 6 7 1 2 | 3 8 = = 8 6 = = = = = 6 3 ǁ ǁ 
ǁ 5 3 5 - - - - 7 6 6 4 6 | 4 6 3 2 4 - - - - - 4 3 3 ǁ ǁ 
ǁ 3 3 3 2     3 2 3 = 2 2 | 3 4 = = 2         1 2     ǁ ǁ 
ǁ 2   6 - - - 7 = = = = = 7 = = = = = = = = = = = = = 5 3 
5 4 1 6   3 2 7   3 2 1 2 ǁ 2 1 2 3 3 5 4 = 4 - - - - 6 4 
| 2 2 3 2 6 | 5 2 4 6 4 3 ǁ 6 5 5 6 = 8 4 4 6 - 1     ǁ 4 
| 2 ǁ 1 3 6 4 4 = 2 2 2 1 ǁ 2 ǁ 2 | 2 6 2 | 3 - 2     ǁ 2 
| 4 7 = = = = = 7 - - - - 7 = 8 = 6 3 2 1 7 = = = = = 8 4 
4 4 3 2 - - - - 6 5 6 = = 8 2 4 4 4 1     6 3 2 4 = = 6 2 
1 4 4 3 3 2 = = 3 2 2 2 = 6 = 3 5 5 - 1 2 3 3 = = 2 1 5 2 
