29 29
4 5 0 0 0 0 0 0 0 0 0 0 0 0 0 0 0 0 0 0 6 4 2 2 2 0 0 3 1 
0 0 3 3 5 5 4 6 0 0 0 0 0 0 4 2 1 0 4 3 0 2 0 1 4 0 4 4 2 
0 0 2 0 2 0 0 4 3 0 1 0 0 0 0 0 2 0 0 2 0 0 0 0 2 0 0 0 2 
0 0 4 5 0 4 0 0 0 0 0 0 0 0 6 3 5 0 8 0 8 0 5 0 0 0 3 0 0 
0 0 4 0 2 0 3 0 0 0 3 4 2 0 0 1 6 4 0 0 0 2 0 0 0 6 0 4 3 
3 0 4 0 0 0 0 2 0 0 0 0 3 1 0 0 0 0 0 2 0 1 0 2 0 0 4 4 2 
0 0 0 4 3 0 0 6 0 0 5 0 0 0 0 0 4 6 0 0 0 0 0 0 0 0 6 6 3 
0 0 6 5 2 0 0 2 0 0 0 0 5 3 0 3 3 3 0 0 0 0 0 0 0 0 2 0 2 
0 0 0 3 0 0 0 0 0 0 1 0 0 3 0 0 0 0 0 0 0 0 0 0 0 0 0 0 0 
0 0 0 0 0 0 0 0 0 0 0 0 0 0 0 0 4 1 0 0 0 5 0 7 2 0 2 0 3 
0 0 5 5 0 0 6 0 0 0 0 6 4 6 0 0 0 0 0 0 0 0 0 0 0 0 0 0 0 
0 0 4 0 4 0 0 0 0 0 0 0 1 3 0 6 7 0 8 4 0 4 0 0 0 0 0 0 0 
0 0 2 0 0 0 0 1 0 0 0 0 3 0 0 2 3 0 0 2 0 0 0 0 0 0 0 0 0 
3 5 0 7 5 0 0 0 0 0 0 0 0 0 0 0 0 0 0 0 0 0 0 3 2 0 0 0 0 
5 6 3 4 3 0 0 5 0 0 0 6 6 3 0 0 4 0 5 0 0 0 0 0 0 0 0 0 0 
4 0 3 3 3 0 0 3 0 0 0 2 0 0 0 0 2 0 5 4 0 0 0 0 0 0 0 0 0 
0 0 4 6 0 4 5 0 0 0 0 0 0 0 7 0 0 0 0 0 6 7 0 0 0 8 6 6 5 
5 6 0 0 4 2 0 1 0 0 2 2 6 2 0 2 0 3 3 2 0 0 3 3 0 0 0 0 0 
1 0 3 2 6 0 8 0 0 0 3 2 7 0 7 0 0 7 7 2 0 0 0 3 1 0 1 0 0 
0 0 2 0 4 2 0 0 0 2 0 0 0 1 0 2 1 0 6 2 1 0 6 0 0 7 1 0 4 
3 5 0 3 2 0 4 0 0 4 0 0 6 2 5 5 6 6 8 4 2 0 0 0 0 0 2 0 3 
3 0 0 0 0 0 3 1 3 0 0 0 6 2 1 1 4 2 4 2 0 0 0 0 0 0 0 0 0 
3 0 0 0 0 0 7 0 0 0 0 0 0 0 0 0 0 0 0 0 0 4 0 0 0 0 4 7 3 
0 2 5 4 2 0 0 1 4 0 0 0 0 0 3 0 0 0 0 0 0 0 0 0 0 0 3 0 0 
0 0 0 0 0 0 0 0 4 0 0 0 2 0 0 0 0 0 0 0 0 0 0 0 0 4 3 7 2 
3 3 8 0 0 0 7 6 0 0 0 0 4 2 0 0 0 0 0 0 0 0 0 2 0 7 0 4 0 
0 2 0 0 4 0 3 0 0 2 0 0 0 0 7 0 0 0 0 0 0 0 7 0 0 7 4 5 1 
4 3 4 2 2 0 0 4 0 0 0 0 3 1 4 0 0 0 4 1 4 0 5 4 0 6 0 5 2 
2 0 0 0 0 0 0 0 0 0 0 0 0 0 0 3 4 0 6 5 4 1 2 4 2 3 0 4 2 
300 501
0 0 0 1
0 0 5 0
0 0 0 1
0 0 5 0
0 20 0 1
0 20 0 21
0 20 3 20
0 20 0 1
0 20 0 21
0 20 3 20
0 21 0 22
0 21 1 21
1 4 1 3
1 4 1 5
1 4 2 4
1 7 1 6
1 7 1 14
1 7 2 7
1 7 1 6
1 7 1 14
1 7 2 7
1 14 1 15
1 14 3 14
3 14 3 5
3 14 3 15
3 14 16 14
3 14 3 5
3 14 3 15
3 18 3 16
3 18 3 20
3 18 1 18
3 18 11 18
3 18 3 16
3 18 3 20
3 18 1 18
3 18 11 18
3 20 3 22
3 20 16 20
4 17 4 16
4 17 6 17
4 17 4 16
4 17 6 17
4 25 4 21
4 25 4 27
4 25 16 25
4 25 4 21
4 25 4 27
4 25 16 25
5 19 11 19
5 26 5 27
5 26 6 26
5 26 5 27
5 26 6 26
6 10 6 7
6 10 4 10
6 10 8 10
6 17 6 16
6 17 7 17
6 17 6 16
6 17 7 17
6 26 6 27
6 26 7 26
6 26 6 27
6 26 7 26
6 27 6 28
6 27 5 27
6 27 16 27
6 27 6 28
7 2 7 3
7 2 5 2
7 2 10 2
7 2 7 3
7 2 5 2
7 2 10 2
7 12 7 13
7 12 5 12
7 12 10 12
9 21 9 23
9 21 5 21
9 21 11 21
9 26 16 26
10 13 10 12
10 13 8 13
10 13 11 13
10 13 10 12
10 13 8 13
10 13 11 13
11 15 11 16
11 15 7 15
11 15 12 15
11 15 11 16
11 15 7 15
11 15 12 15
11 16 11 18
11 16 9 16
11 16 12 16
11 18 11 16
11 18 11 19
11 18 14 18
11 21 9 21
11 21 16 21
11 21 16 21
13 3 13 1
13 3 13 4
13 3 10 3
13 3 14 3
14 0 14 1
14 0 13 0
14 0 15 0
16 14 16 6
16 14 16 20
16 14 18 14
16 21 16 20
16 21 16 25
16 21 22 21
16 25 16 21
16 25 16 26
16 25 19 25
16 27 16 26
16 27 16 28
16 27 22 27
16 27 16 26
16 27 16 28
17 0 17 1
17 0 15 0
17 0 18 0
17 12 17 11
17 12 17 13
17 12 18 12
17 12 17 11
17 12 17 13
17 12 18 12
18 6 18 4
18 6 18 10
18 6 16 6
18 6 20 6
18 6 18 4
18 6 18 10
18 6 16 6
18 6 20 6
18 12 18 11
18 12 18 14
18 12 20 12
18 17 18 14
18 17 18 18
18 17 17 17
18 17 20 17
19 5 19 4
19 9 20 9
19 18 19 19
19 18 18 18
19 18 20 18
19 18 19 19
19 18 18 18
19 18 20 18
19 22 19 25
19 22 17 22
19 22 26 22
19 22 19 25
19 22 17 22
19 22 26 22
19 25 19 26
19 25 16 25
19 25 24 25
19 25 24 25
19 28 16 28
19 28 20 28
19 28 16 28
19 28 20 28
20 18 20 17
20 18 20 19
20 18 21 18
20 26 22 26
20 28 22 28
22 6 22 0
22 6 22 21
22 6 21 6
22 6 25 6
22 27 22 26
22 27 22 28
22 27 24 27
23 2 23 1
23 2 23 3
23 2 25 2
24 8 24 12
24 8 23 8
24 8 24 12
24 8 23 8
24 25 24 26
24 25 25 25
25 2 25 1
25 2 25 6
25 2 23 2
25 2 27 2
25 25 25 23
25 25 25 27
25 25 26 25
26 4 26 6
26 4 27 4
26 4 26 6
26 4 27 4
26 14 26 9
26 14 26 22
26 14 23 14
26 14 27 14
26 26 26 25
26 26 26 27
26 26 26 25
26 26 26 27
27 3 27 2
27 7 27 12
27 7 25 7
27 7 27 12
27 7 25 7
27 12 27 13
27 14 27 18
27 14 26 14
27 14 27 18
27 18 27 19
27 18 28 18
27 20 27 22
27 20 28 20
27 20 27 22
27 20 28 20
28 16 28 15
28 16 28 18
28 16 28 15
28 16 28 18
28 18 28 19
28 19 28 18
28 19 28 20
28 19 28 18
28 19 28 20
28 21 28 22
0 1 13 1
1 6 1 5
1 18 1 16
1 18 1 19
1 19 2 19
1 21 1 23
2 7 2 4
2 7 2 8
2 8 2 10
2 16 3 16
2 19 1 19
3 5 3 3
3 5 16 5
3 20 3 22
3 20 16 20
3 22 3 26
4 16 4 15
4 16 3 16
4 16 6 16
4 16 3 16
5 0 13 0
5 2 4 2
5 7 6 7
5 19 11 19
5 23 9 23
5 27 5 28
6 7 6 10
6 7 5 7
6 7 7 7
6 7 7 7
6 10 4 10
6 16 7 16
7 15 7 16
8 13 7 13
9 16 9 17
9 16 7 16
9 16 11 16
9 21 9 23
9 26 16 26
10 6 10 11
10 6 4 6
10 6 16 6
10 6 10 11
10 6 4 6
10 6 16 6
10 11 10 12
10 11 4 11
10 11 14 11
10 11 4 11
11 2 10 2
11 2 12 2
11 2 10 2
11 2 12 2
11 4 7 4
11 4 13 4
11 4 7 4
11 4 13 4
11 18 11 19
11 18 14 18
12 7 14 7
12 16 14 16
12 19 15 19
14 7 14 11
14 7 15 7
14 7 14 11
14 7 15 7
14 12 14 11
14 12 14 13
14 12 12 12
14 12 14 11
14 12 14 13
14 12 12 12
14 13 11 13
15 7 15 11
15 11 14 11
15 18 15 16
15 18 15 19
15 18 14 18
15 19 15 18
15 19 12 19
16 5 16 3
16 5 17 5
16 5 16 3
16 20 16 14
16 20 16 21
16 25 16 26
16 28 9 28
17 0 17 1
17 0 15 0
17 1 17 4
17 1 14 1
17 1 20 1
17 1 17 4
17 4 17 5
17 4 18 4
17 7 17 10
17 10 18 10
17 15 17 17
17 22 17 23
17 23 18 23
18 11 18 12
18 23 18 24
18 23 17 23
19 5 19 4
19 9 20 9
19 20 20 20
20 1 20 0
20 1 20 3
20 1 20 0
20 1 20 3
20 9 20 6
20 9 20 12
20 12 20 13
20 12 18 12
20 12 21 12
20 12 20 13
20 14 20 15
20 14 18 14
20 14 21 14
20 18 20 17
20 18 20 19
20 18 21 18
20 19 20 20
20 19 21 19
20 26 22 26
21 13 21 12
21 18 21 17
21 18 21 19
22 21 22 6
22 26 22 27
22 27 22 28
22 27 24 27
23 3 23 2
23 3 23 4
23 3 23 4
23 8 23 7
23 8 23 14
23 14 26 14
23 26 24 26
24 27 24 26
24 27 24 28
24 27 25 27
25 2 25 1
25 2 25 6
25 2 27 2
25 7 25 6
25 7 25 12
25 12 25 7
25 12 25 13
25 12 25 13
25 25 25 23
25 25 25 27
25 25 26 25
25 27 24 27
26 6 25 6
26 9 26 14
26 22 26 25
26 22 27 22
26 27 26 28
26 27 27 27
26 27 27 27
27 2 27 1
28 15 28 0
0 22 0 23
0 23 0 24
1 4 1 3
1 4 1 5
1 5 1 6
1 15 3 15
3 22 3 26
3 26 1 26
4 6 4 10
4 11 4 12
4 11 4 12
4 27 4 28
4 27 1 27
5 2 4 2
5 23 9 23
9 28 7 28
10 2 10 3
11 12 12 12
12 16 14 16
14 1 14 0
14 1 14 2
14 1 13 1
14 1 14 0
14 16 14 18
14 16 15 16
14 18 15 18
16 2 16 3
16 2 15 2
16 2 16 3
16 2 15 2
16 3 15 3
16 14 18 14
17 15 17 17
18 14 18 17
18 14 20 14
18 17 18 18
18 17 20 17
20 0 21 0
20 6 20 4
20 14 20 15
21 12 21 8
21 12 21 13
21 12 21 8
23 1 25 1
24 27 24 28
25 6 25 7
25 6 22 6
26 1 27 1
26 22 26 25
26 22 27 22
26 25 27 25
27 25 27 23
27 25 27 27
27 25 28 25
27 25 27 23
27 25 27 27
28 0 27 0
1 26 1 24
1 26 1 27
1 26 1 24
1 27 1 28
1 27 0 27
2 24 1 24
4 2 4 4
4 2 3 2
4 4 6 4
6 3 6 4
6 3 7 3
6 3 6 4
6 3 7 3
7 3 8 3
8 3 10 3
8 3 10 3
9 28 7 28
10 3 13 3
13 0 13 1
13 1 13 3
16 3 15 3
21 8 21 7
26 1 27 1
27 0 25 0
27 23 27 22
27 23 28 23
28 22 28 23
28 23 28 24
28 23 28 24
28 25 28 27
28 25 28 27
28 27 28 28
28 27 27 27
28 28 27 28
0 27 0 24
0 27 0 28
1 24 2 24
1 28 2 28
2 28 4 28
3 2 3 3
3 2 2 2
3 2 3 3
3 3 1 3
4 28 5 28
27 0 25 0
1 2 2 2
25 0 22 0

2832

4 5 = = = = = = = = = = = = = = = = = = 6 4 2 2 2 - - 3 1 
ǁ | 3 3 5 5 4 6 = = = = = = 4 2 1 - 4 3 ǁ 2 - 1 4 = 4 4 2 
ǁ | 2 | 2 - - 4 3 - 1       | | 2   ǁ 2 ǁ       2   | | 2 
ǁ | 4 5 - 4 = = = = = = = = 6 3 5 = 8 = 8 = 5 = = = 3 | | 
ǁ | 4 - 2 | 3 - - - 3 4 2   | 1 6 4 ǁ   ǁ 2 = = = 6 = 4 3 
3 | 4   | | ǁ 2     ǁ ǁ 3 1 |   | ǁ ǁ 2 ǁ 1   2   ǁ 4 4 2 
| | ǁ 4 3 | ǁ 6 = = 5 ǁ |   |   4 6 ǁ ǁ ǁ |   ǁ   ǁ 6 6 3 
| | 6 5 2 | ǁ 2     | ǁ 5 3 | 3 3 3 ǁ ǁ ǁ |   ǁ   ǁ 2 | 2 
| | ǁ 3 ǁ | ǁ       1 ǁ | 3 | ǁ |   ǁ ǁ ǁ |   ǁ   ǁ   | ǁ 
| | ǁ ǁ ǁ | ǁ         ǁ | ǁ | ǁ 4 1 ǁ ǁ ǁ 5 = 7 2 ǁ 2 | 3 
| | 5 5 ǁ | 6 = = = = 6 4 6 | ǁ ǁ   ǁ ǁ ǁ ǁ       ǁ ǁ | | 
| | 4 ǁ 4 | ǁ         | 1 3 | 6 7 = 8 4 ǁ 4       ǁ ǁ | | 
| | 2 ǁ ǁ | ǁ 1       | 3 | | 2 3   ǁ 2 ǁ ǁ       ǁ ǁ | | 
3 5 = 7 5 | ǁ |       | ǁ | |   ǁ   ǁ ǁ ǁ ǁ   3 2 ǁ ǁ | | 
5 6 3 4 3 | ǁ 5 = = = 6 6 3 |   4 - 5 ǁ ǁ ǁ       ǁ ǁ | | 
4 | 3 3 3 | ǁ 3 - - - 2     |   2 - 5 4 ǁ ǁ       ǁ ǁ | | 
ǁ | 4 6 = 4 5 - - - - - - - 7 = = = = = 6 7 = = = 8 6 6 5 
5 6 = = 4 2 ǁ 1 - - 2 2 6 2 ǁ 2 = 3 3 2   | 3 3   ǁ   | ǁ 
1 | 3 2 6 = 8 = = = 3 2 7 - 7 = = 7 7 2   | ǁ 3 1 ǁ 1 | ǁ 
  | 2   4 2 ǁ     2     ǁ 1 ǁ 2 1 ǁ 6 2 1 | 6 = = 7 1 | 4 
3 5 = 3 2 - 4 - - 4 - - 6 2 5 5 6 6 8 4 2 | ǁ     ǁ 2 | 3 
3           3 1 3 = = = 6 2 1 1 4 2 4 2   | ǁ     ǁ ǁ | | 
3 - - - - - 7 = = = = = = = = = = = = = = 4 ǁ     ǁ 4 7 3 
| 2 5 4 2   ǁ 1 4 - - - - - 3               ǁ     ǁ 3 ǁ   
| | ǁ       ǁ   4 = = = 2   ǁ               ǁ     4 3 7 2 
3 3 8 = = = 7 6 = = = = 4 2 ǁ               ǁ 2 = 7 = 4   
ǁ 2 ǁ   4 = 3 ǁ   2 = = = = 7 - - - - - - - 7 = = 7 4 5 1 
4 3 4 2 2     4 = = = = 3 1 4 = = = 4 1 4 = 5 4 = 6 = 5 2 
2 - - - - - - - - - - - - - - 3 4 = 6 5 4 1 2 4 2 3 = 4 2 
