29 29
3 4 0 0 0 0 0 0 0 0 3 2 1 0 2 2 3 0 0 0 0 0 3 0 0 6 4 2 2 
0 0 4 0 5 0 0 0 0 4 0 0 0 0 5 0 0 0 0 0 0 0 0 0 0 6 4 0 0 
0 0 6 2 0 2 4 0 0 6 0 4 3 2 0 3 4 0 0 5 0 0 0 0 0 0 0 7 3 
0 0 4 0 7 5 0 0 0 4 1 4 2 3 0 3 0 4 0 6 0 0 0 0 0 0 0 7 4 
0 0 3 2 0 3 0 0 0 5 0 6 4 4 0 2 1 0 1 0 4 0 3 2 0 3 0 0 0 
0 0 2 0 8 0 0 0 0 0 0 0 2 0 0 4 0 5 5 0 6 0 5 0 0 0 0 0 0 
0 0 1 0 5 0 0 0 0 0 0 0 2 0 0 3 0 1 2 0 2 0 0 0 0 0 2 0 0 
0 4 0 0 0 0 0 0 0 0 0 0 0 0 5 0 0 0 0 6 0 0 7 4 2 0 0 0 0 
0 0 4 2 2 6 0 0 0 0 0 0 2 0 0 4 0 4 0 1 2 0 5 0 0 4 3 0 0 
0 0 6 4 0 8 0 0 5 0 0 0 1 0 0 5 0 6 0 5 0 0 0 0 0 0 0 6 5 
3 0 0 4 4 0 4 2 0 0 0 0 0 0 0 5 0 7 2 5 2 4 6 3 0 1 0 0 0 
0 0 0 0 4 0 4 0 0 0 0 0 0 0 0 3 0 3 0 0 1 0 0 0 0 0 0 0 0 
0 0 0 0 4 0 0 0 0 0 0 0 0 0 0 3 0 0 0 5 5 0 3 5 0 6 0 4 2 
0 0 0 0 3 0 0 0 0 0 0 0 0 0 0 0 4 0 4 3 4 0 0 4 0 3 1 4 4 
0 0 0 0 0 0 0 0 0 2 0 0 0 4 0 0 0 2 0 2 2 0 2 6 0 0 0 7 4 
0 0 5 8 6 7 8 3 0 3 3 1 0 0 0 0 0 4 7 0 0 7 0 0 0 0 0 6 1 
0 0 0 0 0 4 0 3 0 0 3 0 0 6 0 0 0 0 0 0 0 0 0 3 0 0 0 7 4 
0 0 1 0 4 5 2 0 4 0 0 4 2 0 0 0 0 0 0 0 0 0 0 4 0 2 2 5 4 
0 0 0 0 2 0 2 0 4 4 3 0 1 0 0 0 4 2 0 2 0 0 0 0 0 1 1 4 4 
0 5 0 5 7 6 3 0 2 0 0 0 0 0 0 0 0 0 0 0 0 0 0 2 0 6 0 6 4 
0 0 2 4 0 6 0 8 6 0 4 0 3 0 0 0 2 0 8 6 2 0 2 4 1 0 2 0 0 
0 0 1 0 0 0 0 0 2 0 4 0 0 0 0 0 0 0 2 0 0 0 4 4 0 8 4 0 0 
0 0 0 0 3 4 1 2 2 4 6 7 6 0 0 2 0 0 0 0 0 0 2 2 2 4 1 0 3 
0 3 2 0 3 2 0 0 0 0 0 1 0 0 0 0 0 0 0 0 0 0 0 1 0 0 0 0 2 
6 0 0 6 0 0 0 0 0 7 6 0 6 4 0 0 0 0 0 0 0 0 2 0 6 6 2 0 0 
0 1 4 1 1 3 2 0 0 6 0 0 4 3 0 0 0 0 0 0 0 0 3 2 0 6 3 0 0 
5 1 0 2 0 6 0 0 0 0 0 0 3 2 0 0 0 0 0 0 0 0 0 0 0 2 0 0 0 
6 4 7 0 0 0 0 0 0 0 0 0 0 0 6 0 0 0 0 0 0 7 0 0 6 0 0 4 2 
4 2 1 2 0 0 0 0 0 0 4 0 0 0 4 0 0 0 0 1 0 3 0 0 2 0 0 0 1 
300 522
0 25 0 22
0 25 0 26
0 25 1 25
0 25 0 22
0 25 0 26
0 25 1 25
0 26 0 27
0 26 1 26
1 2 1 4
1 2 2 2
1 2 1 4
1 2 2 2
1 25 1 14
1 25 1 26
1 25 4 25
1 25 1 14
1 26 6 26
1 26 6 26
2 2 2 3
2 2 3 2
3 4 3 2
3 4 3 5
3 4 1 4
3 4 5 4
3 19 3 17
3 19 2 19
3 19 7 19
3 19 3 17
3 19 2 19
3 19 7 19
4 20 4 22
4 20 5 20
4 20 4 22
4 20 5 20
5 4 5 2
5 4 5 12
5 4 3 4
5 4 6 4
5 18 5 17
5 18 4 18
5 18 6 18
5 20 5 22
5 20 6 20
5 20 5 22
5 20 6 20
7 19 7 14
7 19 7 22
7 19 8 19
7 19 7 14
7 22 7 23
7 22 5 22
7 22 8 22
8 5 8 4
8 5 8 12
8 5 9 5
8 5 8 4
8 5 8 12
8 5 9 5
8 15 8 17
8 15 9 15
8 15 8 17
8 15 9 15
8 17 9 17
8 26 8 25
8 26 13 26
8 26 8 25
9 2 9 3
9 2 8 2
9 2 15 2
9 2 9 3
9 2 8 2
9 2 15 2
9 5 9 3
9 5 9 8
9 5 15 5
9 8 9 5
9 8 9 12
9 8 17 8
9 8 17 8
9 27 9 28
9 27 3 27
9 27 12 27
9 27 9 28
9 27 3 27
9 27 12 27
10 4 10 3
10 4 11 4
10 4 10 3
10 4 11 4
10 6 10 7
10 6 11 6
10 6 10 7
10 6 11 6
10 15 10 17
10 15 9 15
10 15 11 15
11 4 12 4
11 6 15 6
12 4 11 4
12 4 13 4
12 4 13 4
12 25 12 23
12 25 10 25
12 25 13 25
12 25 12 23
12 25 13 25
12 25 13 25
12 27 12 28
12 27 13 27
13 4 15 4
13 16 13 18
13 16 18 16
13 16 13 18
13 16 18 16
13 27 13 28
13 27 14 27
13 27 13 28
13 28 12 28
13 28 14 28
14 27 14 23
14 27 14 28
14 27 15 27
14 28 14 27
14 28 15 28
15 2 15 3
15 2 17 2
15 2 15 3
15 3 15 4
15 3 10 3
15 3 19 3
15 4 15 3
15 4 15 5
15 4 17 4
15 4 15 3
15 5 15 6
15 5 9 5
15 5 16 5
15 6 15 5
15 6 15 7
15 6 11 6
15 6 17 6
15 18 15 17
15 18 15 21
15 18 13 18
15 18 20 18
15 27 15 21
15 27 14 27
15 27 16 27
15 27 15 21
15 27 14 27
16 5 15 5
16 5 17 5
16 5 17 5
16 13 16 10
16 13 14 13
16 13 24 13
16 13 16 10
16 13 14 13
16 13 24 13
16 27 16 23
16 27 16 28
16 27 17 27
16 28 16 27
16 28 17 28
16 28 16 27
17 4 17 5
17 4 18 4
17 4 17 5
17 28 17 27
17 28 18 28
17 28 17 27
18 16 18 17
18 16 20 16
18 17 15 17
18 28 18 27
18 28 19 28
18 28 18 27
19 1 19 3
19 1 7 1
19 1 23 1
19 4 19 3
19 4 19 5
19 4 18 4
19 4 22 4
19 28 19 27
19 28 22 28
19 28 19 27
20 5 20 7
20 5 19 5
20 5 22 5
20 5 20 7
20 5 19 5
20 5 22 5
20 7 20 8
20 7 16 7
20 7 22 7
20 16 20 18
20 18 20 19
20 18 15 18
20 18 21 18
20 18 20 19
20 18 21 18
20 18 20 19
20 19 20 20
20 19 18 19
20 19 28 19
20 20 20 22
21 25 21 23
21 25 21 26
21 25 19 25
21 25 22 25
21 25 21 23
21 25 21 26
21 25 19 25
21 25 22 25
21 26 20 26
21 26 22 26
22 11 22 10
22 11 22 12
22 11 17 11
22 11 23 11
22 12 22 11
22 12 20 12
22 12 24 12
22 12 22 11
22 12 20 12
22 15 12 15
22 25 22 24
22 25 24 25
22 28 23 28
22 28 23 28
24 0 24 3
24 0 10 0
24 0 26 0
24 0 24 3
24 0 10 0
24 0 26 0
24 3 24 9
24 3 20 3
24 3 25 3
24 3 24 9
24 9 24 10
24 9 22 9
24 9 25 9
24 12 24 10
24 12 24 13
24 12 25 12
24 12 24 10
24 12 24 13
24 25 24 24
24 25 24 26
24 25 25 25
24 25 24 24
24 25 24 26
25 2 25 1
25 2 27 2
25 2 27 2
25 4 25 5
25 9 25 6
25 9 25 12
25 9 24 9
25 9 25 6
25 9 25 12
25 12 25 13
25 13 26 13
25 25 25 23
25 25 25 26
25 25 26 25
25 25 25 23
25 25 25 26
26 0 26 1
26 0 27 0
26 0 27 0
26 5 26 3
26 5 26 12
26 5 25 5
26 5 26 3
26 5 26 12
26 5 25 5
26 12 26 13
27 0 27 1
27 0 28 0
27 2 27 1
27 2 27 14
27 2 28 2
27 14 27 2
27 14 7 14
27 14 28 14
27 14 7 14
27 14 28 14
27 24 27 21
27 24 27 27
27 24 28 24
27 24 27 21
27 24 27 27
27 24 28 24
27 27 27 28
27 27 19 27
27 28 28 28
28 0 28 1
28 0 27 0
28 0 28 1
28 3 28 10
28 3 28 10
28 10 28 14
28 14 28 10
28 21 27 21
0 22 0 16
2 2 2 3
2 2 3 2
2 6 2 5
2 6 2 9
2 6 2 5
2 6 2 9
2 9 2 11
2 9 1 9
2 9 3 9
2 9 2 11
2 19 2 16
3 2 3 4
3 17 3 15
3 17 5 17
4 3 4 2
4 9 4 5
4 9 4 11
4 9 3 9
4 11 4 9
4 11 4 12
4 11 3 11
4 11 4 12
4 11 3 11
4 16 4 15
5 4 5 2
5 4 5 12
5 4 6 4
6 4 6 2
6 4 6 12
6 4 6 12
7 22 7 23
7 22 5 22
7 22 8 22
7 24 7 23
8 2 8 3
8 2 8 3
8 17 9 17
8 25 8 22
8 25 4 25
9 3 9 5
9 17 9 15
9 17 9 19
9 17 10 17
9 17 9 15
9 19 10 19
9 19 10 19
9 28 3 28
10 0 0 0
10 3 15 3
10 17 10 15
10 17 10 18
10 17 11 17
14 13 14 9
14 13 4 13
14 17 15 17
15 6 15 7
15 6 17 6
15 7 16 7
15 11 15 10
15 17 15 18
15 21 15 18
15 21 10 21
15 21 10 21
16 7 20 7
17 5 19 5
17 8 17 11
17 8 18 8
17 11 17 12
17 11 22 11
17 12 18 12
18 6 19 6
18 8 18 9
18 8 19 8
18 8 18 9
18 9 18 10
18 9 22 9
18 10 20 10
18 19 18 25
19 4 19 3
19 4 19 5
19 4 22 4
19 5 19 6
19 6 18 6
19 8 20 8
19 25 19 23
19 25 19 27
20 3 20 2
20 3 19 3
20 3 20 2
20 7 20 8
20 7 22 7
20 8 21 8
20 10 18 10
20 10 21 10
20 10 21 10
20 24 20 23
21 2 23 2
21 10 22 10
22 6 22 5
22 10 22 9
22 10 21 10
22 10 24 10
22 10 22 9
22 15 12 15
23 2 23 1
23 23 22 23
24 9 24 10
24 24 24 22
24 24 22 24
24 24 24 22
27 0 27 1
27 1 27 2
27 21 28 21
28 21 27 21
0 0 0 1
0 0 0 1
0 1 0 10
0 1 7 1
0 10 0 11
0 16 0 15
1 9 1 4
1 9 1 14
1 9 1 4
2 11 2 12
2 11 3 11
2 16 2 15
2 16 2 19
2 16 2 15
3 4 3 5
3 11 3 10
4 2 4 3
4 12 4 13
4 12 3 12
4 13 4 15
4 13 3 13
4 25 4 23
5 15 5 17
5 15 6 15
5 15 5 17
5 15 6 15
5 18 5 17
5 18 6 18
5 22 4 22
6 15 6 17
7 1 19 1
7 23 7 24
9 19 10 19
9 19 10 19
9 28 3 28
10 15 11 15
10 17 10 18
10 17 11 17
10 21 10 20
10 21 10 22
10 22 10 23
10 22 8 22
10 22 12 22
10 22 10 23
10 22 8 22
10 23 12 23
12 20 12 19
12 20 11 20
12 20 13 20
13 18 13 19
13 23 12 23
13 23 14 23
13 23 12 23
13 23 14 23
14 9 15 9
14 23 14 22
15 9 15 10
16 10 15 10
17 23 17 25
17 23 16 23
17 23 17 25
17 23 16 23
19 1 23 1
19 25 19 23
19 25 19 27
19 27 18 27
20 8 21 8
20 23 20 22
20 23 21 23
20 23 21 23
21 22 22 22
22 5 22 4
22 23 22 22
23 4 23 5
23 5 23 4
0 10 0 11
0 12 0 14
0 16 0 15
1 14 0 14
3 9 3 5
3 9 4 9
3 28 3 27
3 28 2 28
4 5 3 5
8 20 10 20
10 19 12 19
11 17 11 15
12 15 12 19
12 22 14 22
16 27 17 27
17 26 17 27
17 26 18 26
3 5 4 5
3 27 2 27
3 27 2 27
2 27 2 28
2 27 0 27
2 27 3 27
3 27 2 27
0 28 2 28

3073

3 4 - - - - - - - - 3 2 1 - 2 2 3 - - - - - 3 = = 6 4 2 2 
| | 4 = 5 = = = = 4 - - - - 5 = = = = = = = = = = 6 4 | | 
| | 6 2 | 2 4 = = 6 = 4 3 2   3 4 = = 5           | ǁ 7 3 
| | 4 = 7 5 - - - 4 1 4 2 3   3 - 4 = 6           | ǁ 7 4 
| | 3 2 ǁ 3 - - - 5 = 6 4 4 - 2 1 | 1 ǁ 4 = 3 2 - 3 ǁ ǁ ǁ 
| | 2 = 8 = = = = = = = 2 |   4 = 5 5 ǁ 6 = 5     | ǁ ǁ ǁ 
| | 1 - 5 = = = = = = = 2 |   3 - 1 2 ǁ 2   ǁ     | 2 ǁ ǁ 
| 4                       | 5 = = = = 6 - - 7 4 2 |   ǁ ǁ 
| ǁ 4 2 2 6 = = = = = = 2 | ǁ 4 = 4   1 2   5 - - 4 3 ǁ ǁ 
| ǁ 6 4 = 8 = = 5 - - - 1 | ǁ 5 = 6 - 5 |   ǁ       | 6 5 
3 ǁ ǁ 4 4 ǁ 4 2 ǁ         | ǁ 5 = 7 2 5 2 4 6 3   1 | ǁ   
ǁ ǁ ǁ ǁ 4 ǁ 4   ǁ         | ǁ 3 - 3   | 1 ǁ | |   | | ǁ   
ǁ ǁ ǁ ǁ 4 ǁ ǁ   ǁ         | ǁ 3 - - - 5 5 ǁ 3 5 = 6 | 4 2 
ǁ ǁ ǁ ǁ 3 ǁ ǁ   ǁ         | ǁ ǁ 4 = 4 3 4 ǁ | 4   3 1 4 4 
ǁ ǁ ǁ ǁ | ǁ ǁ   ǁ 2 - - - 4 ǁ ǁ ǁ 2 | 2 2 ǁ 2 6 - - - 7 4 
ǁ ǁ 5 8 6 7 8 3 ǁ 3 3 1   ǁ ǁ ǁ ǁ 4 7 = = 7 = = = = = 6 1 
ǁ ǁ | | | 4 ǁ 3 ǁ   3 = = 6 ǁ ǁ ǁ | ǁ         3 - - - 7 4 
ǁ ǁ 1 | 4 5 2 ǁ 4 - - 4 2 ǁ ǁ ǁ ǁ | ǁ         4 = 2 2 5 4 
ǁ ǁ   | 2 | 2 ǁ 4 4 3 ǁ 1 ǁ ǁ ǁ 4 2 ǁ 2 - - - - - 1 1 4 4 
ǁ 5 - 5 7 6 3 ǁ 2 | ǁ ǁ   ǁ ǁ ǁ |   ǁ |       2 = 6 = 6 4 
ǁ ǁ 2 4 ǁ 6 = 8 6 | 4 ǁ 3 ǁ ǁ ǁ 2 - 8 6 2 - 2 4 1 ǁ 2 | | 
ǁ ǁ 1 | ǁ ǁ   ǁ 2 | 4 ǁ ǁ ǁ ǁ ǁ     2 |     4 4 = 8 4 | | 
ǁ ǁ | | 3 4 1 2 2 4 6 7 6 ǁ ǁ 2       |     2 2 2 4 1 | 3 
ǁ 3 2 | 3 2       | | 1 | ǁ ǁ         |       1 | |   | 2 
6 = = 6 = = = = = 7 6 = 6 4 ǁ         |     2 = 6 6 2 |   
ǁ 1 4 1 1 3 2 = = 6 = = 4 3 ǁ         |     3 2 = 6 3 |   
5 1 ǁ 2 = 6 = = = = = = 3 2 ǁ         |           2   |   
6 4 7 = = = = = = = = = = = 6         |   7 = = 6 = = 4 2 
4 2 1 2 = = = = = = 4 = = = 4         1   3     2       1 
