29 29
2 4 0 0 0 0 0 6 0 0 0 0 0 2 2 0 0 0 6 0 0 4 4 2 1 2 4 2 2 
2 0 0 0 0 0 0 8 0 0 0 0 0 0 0 0 0 0 5 2 0 0 6 0 5 0 6 5 4 
2 4 4 0 0 3 1 0 1 3 0 0 0 0 0 0 0 0 5 4 2 1 3 0 4 2 0 0 1 
6 6 3 0 0 0 0 8 0 0 0 0 0 0 0 0 0 0 0 0 0 0 0 8 0 0 4 5 5 
0 0 0 4 4 3 1 0 2 0 0 4 0 0 5 0 0 0 0 0 3 2 2 0 1 2 4 0 0 
4 0 0 2 0 4 2 0 2 4 0 4 0 4 0 3 0 0 5 2 0 0 4 0 3 0 5 0 0 
2 0 0 0 0 0 0 0 3 0 0 0 0 4 0 0 2 0 5 1 0 0 0 0 3 4 0 0 2 
3 6 5 0 5 5 4 0 6 5 5 5 1 0 3 6 0 0 0 0 6 8 4 0 0 2 0 0 1 
1 0 3 0 2 3 2 0 2 2 2 4 2 0 2 6 0 2 3 2 0 2 2 0 4 0 6 8 5 
2 0 2 0 0 0 0 6 0 0 0 0 0 5 2 4 0 4 5 2 0 1 0 0 0 2 0 0 0 
6 8 0 0 0 0 0 0 0 0 0 0 0 0 0 0 0 0 0 0 6 3 4 0 0 0 0 0 0 
0 0 3 5 0 0 0 0 6 0 0 0 0 0 0 0 5 3 4 0 0 0 0 0 0 0 0 0 0 
0 0 0 0 2 5 3 2 0 0 0 0 0 0 0 0 5 1 2 0 0 5 6 0 0 0 0 0 0 
0 0 0 0 2 0 0 0 0 0 0 0 0 0 0 0 2 0 0 0 0 2 0 0 0 0 0 0 4 
3 0 0 0 4 7 0 0 7 0 0 0 0 0 0 0 0 0 0 0 7 4 0 0 0 0 0 0 0 
0 0 0 0 0 0 0 0 0 4 0 0 3 2 0 2 0 5 3 2 0 0 0 0 5 4 0 0 0 
1 0 0 0 3 0 0 0 0 6 0 3 3 6 2 0 0 0 0 0 0 0 0 0 0 2 0 0 0 
2 0 0 0 2 0 0 0 0 0 0 2 0 0 0 0 0 3 0 0 0 2 0 0 0 0 0 0 4 
4 0 3 0 1 0 0 0 0 5 0 0 0 0 0 0 0 0 0 0 8 2 0 0 0 0 0 0 2 
0 0 0 0 0 0 0 0 0 0 2 0 0 0 0 0 0 0 0 0 0 2 0 0 0 3 0 4 2 
0 0 0 0 0 0 0 0 0 0 6 0 0 0 0 0 0 0 0 0 5 3 0 0 0 0 0 2 2 
0 0 0 0 0 0 0 0 0 0 4 0 2 2 0 4 4 0 6 0 0 0 6 0 0 0 0 4 0 
0 0 3 0 0 0 2 0 4 4 0 0 0 3 1 0 4 2 0 3 0 0 5 0 2 4 0 0 0 
4 0 2 5 5 5 0 3 1 4 0 0 0 0 0 5 3 4 4 4 1 0 5 0 4 6 0 0 4 
0 0 2 3 2 3 1 3 2 4 4 2 2 0 0 5 1 1 2 2 2 0 4 0 2 2 0 0 0 
5 7 0 0 0 0 0 0 0 0 0 0 0 0 0 0 0 0 0 0 0 0 0 8 0 0 6 5 3 
0 0 2 0 0 3 0 0 0 0 0 2 0 0 0 0 0 0 4 0 0 0 0 8 0 0 5 4 4 
2 5 0 0 0 0 0 0 0 0 0 0 2 2 0 1 2 0 5 0 0 5 4 5 3 2 7 2 4 
1 5 0 0 0 0 0 0 0 0 0 0 0 0 0 0 0 0 0 0 2 1 2 2 2 1 5 2 2 
300 451
0 7 0 1
0 7 0 13
0 7 1 7
0 7 0 1
0 7 0 13
0 7 1 7
0 18 0 14
0 18 0 21
0 18 1 18
0 18 0 14
0 18 0 21
0 18 1 18
0 21 0 22
0 21 2 21
0 22 0 23
0 22 1 22
0 22 0 23
1 7 1 0
1 7 1 18
1 7 3 7
3 0 3 1
3 0 2 0
3 0 5 0
3 0 3 1
3 0 2 0
3 0 5 0
3 1 3 2
3 1 2 1
3 1 7 1
3 1 3 2
3 7 3 2
3 7 3 23
3 7 1 7
3 7 9 7
3 28 3 27
3 28 2 28
3 28 6 28
4 3 4 4
4 3 5 3
4 3 4 4
4 3 5 3
4 4 4 5
4 4 7 4
4 14 4 11
4 14 4 20
4 14 7 14
5 0 6 0
5 13 5 11
5 13 6 13
5 13 5 11
5 13 6 13
5 18 5 15
5 18 5 19
5 18 6 18
5 26 5 24
5 26 4 26
5 26 8 26
6 13 6 8
6 13 9 13
6 25 6 24
6 25 7 25
6 25 6 24
6 25 7 25
7 1 7 0
7 1 7 2
7 1 10 1
7 1 7 0
7 1 7 2
7 8 7 9
7 8 6 8
7 8 8 8
7 8 7 9
7 8 6 8
7 8 8 8
7 10 7 9
7 10 7 11
7 10 8 10
7 21 7 20
7 21 7 22
7 21 4 21
7 21 8 21
7 21 7 20
7 21 7 22
7 21 4 21
7 21 8 21
7 22 5 22
7 22 8 22
8 27 8 26
8 27 8 28
8 27 3 27
8 27 19 27
8 27 8 26
8 27 8 28
8 27 3 27
8 27 19 27
8 28 7 28
8 28 13 28
8 28 13 28
10 0 10 1
10 0 9 0
10 0 14 0
10 0 10 1
10 0 9 0
10 0 14 0
11 3 11 2
11 3 11 8
11 3 23 3
11 8 11 3
11 8 11 16
11 8 14 8
12 5 12 4
12 5 12 6
12 5 14 5
12 16 12 17
12 16 11 16
12 16 13 16
12 22 12 21
12 22 10 22
12 22 21 22
12 22 12 21
12 22 10 22
12 22 21 22
13 28 17 28
14 0 16 0
14 20 14 8
14 20 14 21
14 20 10 20
14 20 18 20
15 9 15 12
15 9 16 9
15 9 15 12
15 9 16 9
15 17 15 15
15 17 15 18
15 17 17 17
15 24 15 25
15 24 8 24
15 24 22 24
16 9 16 4
16 9 16 11
16 9 18 9
16 9 16 4
17 0 18 0
17 4 16 4
17 4 18 4
17 28 13 28
17 28 18 28
17 28 18 28
18 9 18 20
18 9 22 9
18 20 18 9
18 20 18 21
18 20 14 20
18 20 20 20
19 10 20 10
20 10 20 20
20 10 19 10
20 10 21 10
21 18 21 16
21 18 21 22
21 18 23 18
21 18 21 16
21 18 21 22
21 18 23 18
21 22 22 22
21 27 20 27
21 27 25 27
21 27 20 27
21 27 25 27
23 4 23 3
23 4 23 5
23 4 24 4
23 25 23 24
23 25 22 25
23 25 24 25
23 25 23 24
23 25 22 25
23 25 24 25
23 28 20 28
23 28 25 28
23 28 20 28
23 28 25 28
25 0 25 1
25 0 23 0
25 0 27 0
25 23 25 1
25 23 25 26
25 23 3 23
25 23 26 23
25 23 25 1
25 23 25 26
25 23 3 23
25 23 26 23
25 26 25 27
25 26 8 26
25 26 26 26
25 26 25 27
26 2 26 5
26 23 26 18
26 23 26 26
26 23 27 23
27 18 27 16
27 18 27 21
27 18 26 18
27 26 27 25
27 26 27 27
27 26 26 26
27 26 28 26
28 1 28 0
28 1 28 20
28 1 27 1
28 26 28 25
28 26 28 27
28 26 27 26
0 1 0 0
1 7 1 0
1 7 1 18
1 28 1 27
1 28 0 28
1 28 1 27
1 28 0 28
2 1 2 2
2 2 2 1
2 2 2 5
2 2 2 1
2 5 2 6
2 8 2 9
2 9 2 18
2 20 2 19
3 28 3 27
3 28 6 28
4 22 5 22
5 0 6 0
5 9 5 8
5 9 5 11
5 9 5 8
5 9 5 11
5 22 4 22
7 0 8 0
7 20 7 15
7 20 4 20
7 20 10 20
7 20 7 15
8 22 10 22
9 7 9 2
9 7 9 13
9 7 3 7
9 7 9 2
9 7 9 13
9 13 9 14
9 21 10 21
9 25 15 25
10 20 10 1
10 20 10 21
10 20 14 20
10 20 10 1
10 22 10 21
11 8 11 16
11 8 14 8
11 18 11 17
11 18 12 18
11 18 11 17
11 18 12 18
12 7 12 6
12 21 13 21
13 16 12 16
14 4 14 5
14 4 13 4
14 4 14 5
14 4 13 4
14 5 14 8
14 5 12 5
14 5 14 8
14 8 14 20
14 21 13 21
14 21 17 21
14 21 17 21
15 19 15 18
16 13 16 12
16 13 16 14
16 13 15 13
16 13 16 12
16 13 16 14
16 13 15 13
17 0 18 0
18 0 18 2
18 0 23 0
18 9 22 9
18 20 18 21
18 20 20 20
19 21 20 21
19 27 19 28
19 28 19 27
20 10 20 20
20 10 21 10
20 20 20 21
20 21 19 21
21 10 21 12
21 10 24 10
21 16 21 15
21 16 22 16
21 22 22 22
22 9 22 8
22 9 23 9
22 25 22 24
22 25 19 25
23 0 23 2
23 0 25 0
23 9 23 8
23 9 24 9
23 9 24 9
23 15 23 16
23 15 21 15
23 15 24 15
23 22 23 20
23 22 22 22
23 22 24 22
23 24 24 24
24 9 24 8
24 9 24 10
24 10 24 11
24 10 24 11
24 22 24 20
24 22 23 22
24 22 24 20
24 24 23 24
25 1 25 0
25 1 27 1
25 1 27 1
26 2 26 5
26 5 26 11
26 11 26 18
26 18 26 23
26 23 26 26
26 23 27 23
27 0 27 1
27 18 27 16
27 18 27 21
28 1 28 20
28 1 27 1
28 26 28 27
28 28 27 28
28 28 27 28
0 0 0 1
2 9 2 18
2 20 2 19
3 7 3 23
3 23 3 26
4 8 4 11
4 11 4 8
4 11 4 14
4 20 4 14
6 16 6 18
7 15 7 14
7 15 5 15
7 15 8 15
7 15 7 14
8 15 8 14
8 15 8 17
8 15 9 15
8 15 8 14
8 15 8 17
9 13 9 14
9 15 9 17
9 17 9 15
9 17 9 18
9 17 9 18
9 25 15 25
11 16 11 17
11 16 12 16
12 4 12 5
12 6 12 7
15 12 16 12
15 15 15 17
15 19 15 18
15 25 15 24
16 11 17 11
16 25 19 25
17 17 17 11
17 17 15 17
19 25 16 25
21 15 21 13
21 15 23 15
22 8 22 6
22 14 22 13
22 16 22 17
22 16 23 16
22 16 22 17
23 22 22 22
24 8 24 7
27 12 27 13
27 15 27 13
27 28 27 27
27 28 26 28
2 19 2 18
2 19 1 19
3 23 3 26
5 15 5 18
6 16 6 18
6 18 6 19
6 18 5 18
15 24 8 24
22 8 22 6
22 13 21 13
22 22 22 19
26 28 26 27
26 28 25 28
26 28 26 27
27 26 27 25
27 26 26 26
1 19 1 18
8 24 8 26
8 24 6 24
8 26 5 26
21 12 24 12
22 19 23 19
24 12 24 15
24 15 24 16
24 15 23 15
25 27 26 27
5 24 5 26
5 24 4 24
22 19 23 19
23 16 23 17
23 17 23 18
23 17 24 17
23 17 23 18
23 19 24 19
23 19 24 19
4 25 4 26
4 26 4 25
4 26 3 26
3 26 3 27
1 26 1 24
1 26 1 27
1 26 0 26
1 26 1 24
1 26 1 27
1 26 0 26
1 27 0 27
2 25 2 24
0 26 0 25
0 26 0 27
2 25 2 24
0 25 0 24
2 24 2 22
2 24 1 24
1 24 1 22
1 24 1 22
2 22 1 22
1 22 2 22

3976

2 4 = = = = = 6 = = = = = 2 2 = = = 6 = = 4 4 2 1 2 4 2 2 
2 = = = = = = 8 = = = = = = = = = = 5 2   | 6 = 5 = 6 5 4 
2 4 4 - - 3 1 ǁ 1 3 = = = = = = = = 5 4 2 1 3 - 4 2     1 
6 6 3 - - - - 8 = = = = = = = = = = = = = = = 8 = = 4 5 5 
ǁ |   4 4 3 1 ǁ 2 = = 4 = = 5 = = = = = 3 2 2 ǁ 1 2 4 ǁ ǁ 
4 |   2 | 4 2 ǁ 2 4 = 4 = 4 | 3 = = 5 2 | ǁ 4 ǁ 3 = 5 ǁ ǁ 
2 |     |     ǁ 3 - - - - 4 | | 2 = 5 1 | ǁ | ǁ 3 4 ǁ ǁ 2 
3 6 5   5 5 4 ǁ 6 5 5 5 1 | 3 6 = = = = 6 8 4 ǁ | 2 ǁ ǁ 1 
1 | 3   2 3 2 ǁ 2 2 2 4 2 | 2 6 = 2 3 2 | 2 2 ǁ 4 - 6 8 5 
2 | 2 = = = = 6 = = = = = 5 2 4 = 4 5 2 | 1 | ǁ ǁ 2 | ǁ ǁ 
6 8 = = = = = = = = = = = = = = = = = = 6 3 4 ǁ ǁ ǁ | ǁ ǁ 
ǁ   3 5 = = = = 6 = = = = = = = 5 3 4   ǁ   ǁ ǁ ǁ ǁ | ǁ ǁ 
ǁ     | 2 5 3 2 ǁ               5 1 2   ǁ 5 6 ǁ ǁ ǁ | ǁ ǁ 
ǁ     | 2 ǁ     ǁ               2       ǁ 2 ǁ ǁ ǁ ǁ | ǁ 4 
3     | 4 7 = = 7 = = = = = = = = = = = 7 4 ǁ ǁ ǁ ǁ | ǁ ǁ 
|     |           4 = = 3 2   2 = 5 3 2 ǁ ǁ ǁ ǁ 5 4 | ǁ ǁ 
1     | 3 = = = = 6 - 3 3 6 2     ǁ     ǁ ǁ ǁ ǁ | 2 | ǁ ǁ 
2     | 2         |   2 - - - - - 3     ǁ 2 ǁ ǁ | ǁ | ǁ 4 
4 - 3 | 1         5 = = = = = = = = = = 8 2 ǁ ǁ | ǁ | ǁ 2 
|     |           ǁ 2                   ǁ 2 ǁ ǁ | 3 | 4 2 
|     |           ǁ 6 = = = = = = = = = 5 3 ǁ ǁ | | | 2 2 
|     |           ǁ 4 - 2 2 - 4 4 = 6 = = = 6 ǁ | | | 4 ǁ 
|   3 |     2 = 4 4 |   | 3 1 ǁ 4 2 ǁ 3 - - 5 ǁ 2 4 | ǁ ǁ 
4 - 2 5 5 5   3 1 4 |   |     5 3 4 4 4 1 - 5 ǁ 4 6 | ǁ 4 
ǁ   2 3 2 3 1 3 2 4 4 2 2 - - 5 1 1 2 2 2 = 4 ǁ 2 2 | ǁ ǁ 
5 7 = = = = = = = = = = = = = = = = = = = = = 8 = = 6 5 3 
| ǁ 2 = = 3 - - - - - 2 - - - - - - 4 = = = = 8 = = 5 4 4 
2 5                     2 2 - 1 2 = 5 = = 5 4 5 3 2 7 2 4 
1 5 = = = = = = = = = = = = = = = = = = 2 1 2 2 2 1 5 2 2 
