29 29
2 2 5 0 2 2 0 0 3 0 5 0 0 0 0 0 0 0 0 0 0 0 0 0 0 6 3 3 2 
6 0 5 0 0 0 0 0 0 0 7 0 0 0 0 4 0 0 0 0 0 0 4 0 0 0 0 6 5 
4 4 0 5 0 2 0 0 0 0 0 0 0 0 0 2 0 6 0 0 0 5 6 0 0 0 0 0 4 
4 0 2 4 0 0 0 3 0 0 5 0 0 0 0 0 2 0 1 0 3 0 0 0 0 0 0 0 0 
6 8 0 0 0 0 0 0 0 0 0 0 0 0 0 0 0 7 6 2 0 1 0 0 0 0 0 0 0 
0 0 3 6 4 0 0 0 0 3 1 0 2 0 0 0 0 4 5 2 0 1 0 1 0 0 0 0 0 
0 0 0 0 3 0 0 0 0 0 0 0 0 0 0 0 0 4 3 0 0 0 0 0 0 0 3 0 0 
0 0 1 0 5 2 2 0 5 0 0 0 0 0 0 0 0 0 0 0 7 5 5 6 2 0 4 0 0 
4 0 0 0 1 0 0 0 0 0 0 0 0 0 0 0 0 0 0 0 2 2 2 2 0 0 3 0 0 
3 0 2 5 0 0 0 0 7 0 0 0 0 0 0 0 0 0 0 0 0 0 0 0 0 7 4 0 0 
5 7 0 0 5 6 2 0 4 2 1 0 2 0 4 0 0 0 0 0 4 0 4 4 2 0 4 0 0 
0 0 2 2 0 6 0 0 0 0 0 0 0 0 6 0 0 0 0 0 0 0 0 0 0 8 5 0 0 
4 0 4 0 0 0 1 3 4 3 3 0 0 0 0 4 4 1 4 4 4 0 0 4 1 0 0 0 0 
4 0 0 0 0 0 0 0 2 1 0 0 0 0 0 2 0 2 0 2 0 0 0 0 0 0 0 0 0 
4 7 5 4 0 0 0 3 0 0 6 0 0 0 6 0 6 4 0 0 2 0 0 0 0 0 3 0 0 
4 5 2 0 0 0 2 4 4 0 0 2 3 1 0 2 3 1 0 0 0 0 0 0 0 0 4 0 4 
2 3 5 3 0 5 0 5 5 0 6 0 4 4 8 0 0 0 6 0 0 0 0 8 3 0 2 0 0 
2 2 3 3 0 2 1 3 5 4 6 4 4 3 5 0 1 0 1 2 0 0 0 6 2 0 0 0 0 
5 8 0 0 8 0 0 0 0 0 0 0 0 0 0 0 0 0 0 0 0 0 0 0 0 7 0 6 5 
0 0 1 0 6 0 2 3 0 4 0 3 2 4 0 4 2 6 0 0 0 0 0 4 1 0 2 0 4 
0 0 3 4 0 3 4 0 0 0 2 0 0 0 2 6 0 6 0 0 0 0 0 6 4 0 4 0 4 
0 0 3 0 0 0 0 0 3 6 6 0 0 0 1 3 1 0 2 0 3 0 0 5 4 0 0 0 3 
0 0 0 0 0 0 0 0 0 0 0 0 6 8 0 0 0 7 0 0 0 0 0 0 0 5 3 0 0 
0 0 0 4 0 0 0 3 5 1 2 0 4 8 4 2 0 6 0 0 0 0 1 3 3 0 2 3 0 
0 0 0 2 0 0 0 0 2 0 0 0 2 5 3 2 0 5 3 0 2 0 2 4 3 0 0 2 0 
1 0 0 0 0 5 6 0 0 0 0 6 0 0 0 0 0 0 0 0 0 0 0 0 0 8 7 5 5 
1 0 0 0 0 3 3 0 0 2 2 4 0 0 0 0 0 0 0 0 0 1 0 0 0 0 1 3 2 
3 5 5 0 4 5 6 0 0 0 0 0 0 0 0 0 0 0 0 0 0 0 0 0 0 8 0 7 1 
2 3 3 1 2 4 6 0 0 0 0 0 0 3 1 2 0 0 0 0 0 0 0 0 0 6 2 4 2 
300 497
0 2 0 1
0 2 0 4
0 2 1 2
0 10 0 8
0 10 0 25
0 10 1 10
0 25 0 10
0 25 0 26
0 25 9 25
1 0 1 2
1 0 0 0
1 0 2 0
1 0 1 2
1 0 0 0
1 0 2 0
1 22 1 15
1 22 2 22
1 22 1 15
1 22 2 22
1 27 1 28
1 27 0 27
1 27 18 27
1 27 1 28
1 27 0 27
1 27 18 27
2 0 2 1
2 0 3 0
2 1 2 3
2 1 4 1
2 1 2 3
2 17 2 15
2 17 2 21
2 17 4 17
2 17 2 15
2 17 2 21
2 17 4 17
2 21 2 22
2 21 4 21
2 21 2 22
2 22 7 22
2 28 1 28
2 28 15 28
2 28 1 28
2 28 15 28
3 0 4 0
3 20 3 18
3 20 7 20
3 20 7 20
4 0 4 1
4 0 3 0
4 0 8 0
4 0 4 1
4 0 3 0
4 17 4 1
4 17 4 18
4 17 5 17
4 18 4 17
4 18 4 19
4 18 5 18
4 18 4 17
4 18 4 19
5 3 5 2
5 3 5 4
5 3 9 3
5 3 5 2
5 3 5 4
5 3 9 3
5 4 5 9
5 4 6 4
5 21 7 21
5 23 7 23
7 4 7 5
7 4 6 4
7 4 8 4
7 8 7 6
7 8 7 20
7 8 9 8
7 23 7 22
7 23 7 24
7 23 8 23
7 23 7 22
7 23 7 24
7 26 6 26
7 26 8 26
7 26 6 26
7 26 8 26
8 0 9 0
8 0 9 0
8 26 9 26
9 26 9 25
9 26 10 26
9 26 9 25
10 0 10 1
10 0 9 0
10 0 12 0
10 4 10 1
10 4 10 5
10 4 18 4
10 26 10 24
10 26 11 26
10 26 10 24
11 5 11 14
11 5 10 5
11 5 16 5
11 5 11 14
11 5 10 5
11 5 16 5
11 14 11 25
11 14 10 14
11 14 14 14
11 14 11 25
11 25 11 26
11 25 18 25
11 25 11 26
11 25 18 25
11 25 11 26
11 25 11 26
12 15 12 16
12 15 13 15
12 15 12 16
12 15 13 15
12 16 12 17
12 16 14 16
12 18 12 19
12 18 16 18
12 18 12 19
12 18 16 18
12 19 12 20
12 19 13 19
12 20 12 23
12 20 14 20
12 20 12 23
12 23 12 24
12 23 16 23
13 0 12 0
13 0 14 0
13 0 12 0
13 0 14 0
13 17 14 17
13 19 17 19
14 0 14 1
14 0 15 0
14 1 14 2
14 1 10 1
14 1 15 1
14 14 14 10
14 14 14 16
14 14 16 14
14 14 14 10
14 14 14 16
14 20 21 20
14 26 15 26
15 0 15 1
15 0 16 0
15 0 15 1
15 26 14 26
15 26 16 26
15 26 14 26
15 28 18 28
16 18 16 14
16 18 17 18
16 18 16 14
16 26 19 26
17 23 17 24
17 23 16 23
17 23 19 23
17 23 17 24
17 23 16 23
17 23 19 23
18 0 18 1
18 0 17 0
18 0 25 0
18 1 18 0
18 1 18 4
18 1 17 1
18 1 27 1
18 1 18 0
18 1 18 4
18 1 17 1
18 4 10 4
18 4 19 4
18 4 19 4
18 25 22 25
18 27 18 28
18 27 23 27
18 27 18 28
18 27 23 27
19 23 19 24
19 23 20 23
19 26 20 26
19 28 18 28
19 28 20 28
19 28 18 28
19 28 20 28
20 17 20 15
20 17 19 17
20 17 22 17
20 17 20 15
20 17 19 17
20 17 22 17
20 24 20 23
20 24 21 24
20 24 20 23
20 24 21 24
20 26 22 26
20 28 21 28
21 16 21 15
21 24 21 23
21 24 23 24
22 12 22 13
22 12 19 12
22 12 23 12
22 12 22 13
22 12 19 12
22 12 23 12
22 13 22 17
22 13 19 13
22 13 23 13
22 17 22 13
22 17 23 17
22 17 23 17
22 17 23 17
23 13 23 12
23 13 23 14
23 13 22 13
23 13 24 13
23 13 23 12
23 13 23 14
23 13 22 13
23 14 23 15
23 14 24 14
23 17 23 15
23 17 23 22
23 17 24 17
24 17 24 15
24 17 24 18
25 5 25 6
25 5 20 5
25 5 26 5
25 25 25 11
25 25 25 26
25 25 22 25
25 25 27 25
25 25 25 11
25 25 25 26
25 25 22 25
25 25 27 25
25 26 25 27
25 26 23 26
25 26 26 26
25 28 25 27
25 28 21 28
25 28 26 28
26 0 27 0
26 21 26 11
27 25 27 6
27 25 27 27
27 25 28 25
27 27 27 25
27 27 27 28
27 27 26 27
27 27 28 27
28 6 28 5
28 6 28 13
28 6 27 6
28 6 28 5
28 6 28 13
28 6 27 6
28 13 28 14
28 15 28 25
28 25 28 15
28 25 28 26
28 25 27 25
28 28 28 27
28 28 28 27
0 1 0 2
0 25 0 26
0 25 9 25
0 28 0 27
0 28 1 28
1 15 1 10
1 15 1 10
2 22 7 22
3 2 3 3
3 10 3 7
3 10 3 16
3 10 1 10
3 16 3 10
4 1 10 1
5 2 7 2
5 9 5 10
5 12 5 17
5 19 5 18
6 26 0 26
7 4 7 5
7 4 6 4
9 2 9 3
9 25 9 8
10 0 10 1
10 0 12 0
10 5 10 4
10 5 10 6
10 5 10 6
10 8 10 9
10 8 9 8
10 8 10 9
10 8 9 8
10 10 10 12
10 12 10 14
10 14 10 20
10 14 10 20
10 20 10 22
10 22 10 20
10 22 10 23
10 22 10 23
12 2 11 2
12 2 14 2
12 2 11 2
12 2 14 2
13 17 14 17
14 1 14 2
14 1 10 1
14 1 15 1
14 10 14 7
14 10 12 10
14 10 16 10
14 10 14 7
14 17 14 16
14 17 15 17
15 8 15 7
15 8 16 8
15 8 15 7
15 8 16 8
15 15 15 16
16 10 16 8
16 10 16 12
16 10 17 10
16 10 16 8
16 10 16 12
16 23 16 24
16 24 16 23
17 0 16 0
17 10 17 9
17 10 17 11
17 10 20 10
17 10 17 9
17 10 17 11
17 11 17 12
17 11 19 11
17 12 17 13
17 12 16 12
17 12 17 13
18 4 19 4
18 4 19 4
18 25 22 25
19 4 19 2
19 4 19 6
19 11 25 11
19 13 19 15
19 13 17 13
19 13 19 15
19 15 19 16
19 15 20 15
19 17 19 16
20 23 21 23
20 26 22 26
20 28 21 28
21 10 21 9
21 10 20 10
21 10 23 10
21 10 21 9
21 10 23 10
21 10 21 9
21 18 21 20
22 25 22 26
23 3 20 3
23 3 24 3
23 3 20 3
23 3 24 3
24 8 23 8
24 12 24 13
24 17 24 15
24 17 24 18
24 18 24 20
24 20 24 22
24 22 24 23
24 23 24 24
24 23 23 23
24 23 24 24
24 24 23 24
25 11 25 6
25 11 19 11
25 11 26 11
25 26 25 27
25 26 23 26
25 28 25 27
25 28 26 28
26 11 26 10
26 11 26 10
27 6 27 5
27 6 27 25
27 6 26 6
27 27 26 27
27 27 28 27
28 5 28 4
28 5 27 5
28 25 28 26
3 2 3 3
3 3 3 7
3 3 2 3
3 7 3 10
4 1 10 1
5 12 5 17
5 17 5 18
5 19 5 18
6 17 6 18
7 6 7 8
8 23 8 22
9 2 9 3
9 3 9 8
9 8 9 25
9 8 7 8
11 3 14 3
12 10 12 9
14 16 15 16
14 16 15 16
15 11 15 12
16 12 16 13
16 13 16 14
16 13 15 13
16 13 16 14
16 14 17 14
16 23 16 24
17 9 17 8
17 9 19 9
17 14 17 16
17 14 16 14
17 14 16 14
19 9 19 7
19 9 21 9
19 9 19 7
20 3 20 2
20 3 20 5
20 23 21 23
21 18 21 20
21 23 20 23
21 23 23 23
23 23 23 24
23 27 24 27
24 8 23 8
24 12 24 13
24 13 24 14
24 14 24 13
24 27 25 27
25 6 25 5
25 6 20 6
25 6 26 6
25 6 25 5
26 9 26 6
1 10 1 2
1 10 0 10
1 10 1 2
2 3 2 5
2 3 2 5
5 18 6 18
6 17 6 18
7 20 7 21
7 20 8 20
11 3 14 3
12 10 12 9
14 3 14 2
14 3 16 3
15 11 15 12
17 8 17 7
17 8 16 8
17 8 17 7
17 8 17 7
20 2 21 2
20 2 21 2
20 5 20 6
20 6 19 6
21 2 27 2
26 5 27 5
0 2 0 4
0 5 0 8
0 8 0 5
7 20 7 21
7 20 8 20
19 7 23 7
23 7 23 8
26 5 27 5
27 5 27 4
23 7 23 8
27 4 27 2
27 4 28 4
27 4 27 2
28 3 28 2

2779

2 2 5 = 2 2 = = 3 - 5 = = = = = = = = = = = = = = 6 3 3 2 
6 = 5 = = = = = = = 7 = = = = 4 = = = = = = 4     ǁ | 6 5 
4 4 = 5 = 2         |         2 = 6 = = = 5 6     ǁ | ǁ 4 
4 | 2 4 - - - 3 = = 5 = = = = = 2 ǁ 1 - 3 | ǁ     ǁ | ǁ ǁ 
6 8 - - - - - - - - - - - - - - - 7 6 2 ǁ 1 ǁ     ǁ | ǁ ǁ 
| ǁ 3 6 4 - - - - 3 1   2 = = = = 4 5 2 ǁ 1 ǁ 1   ǁ | ǁ ǁ 
| ǁ | ǁ 3                         4 3   ǁ | ǁ |   ǁ 3 ǁ ǁ 
| ǁ 1 ǁ 5 2 2 = 5 - - - - - - - - - - - 7 5 5 6 2 ǁ 4 ǁ ǁ 
4 ǁ   ǁ 1       ǁ                       2 2 2 2   ǁ 3 ǁ ǁ 
3 ǁ 2 5 - - - - 7 = = = = = = = = = = = = = = = = 7 4 ǁ ǁ 
5 7 - - 5 6 2   4 2 1 - 2 - 4 = = = = = 4 = 4 4 2 = 4 ǁ ǁ 
ǁ ǁ 2 2 ǁ 6 = = = = = = = = 6 = = = = = = = = = = 8 5 ǁ ǁ 
4 ǁ 4 ǁ ǁ ǁ 1 3 4 3 3       | 4 4 1 4 4 4 = = 4 1 ǁ   ǁ ǁ 
4 ǁ ǁ ǁ ǁ ǁ     2 1 |       | 2 | 2 ǁ 2 |     |   ǁ   ǁ ǁ 
4 7 5 4 ǁ ǁ   3 = = 6 = = = 6 = 6 4 ǁ | 2     |   ǁ 3 ǁ ǁ 
4 5 2 | ǁ ǁ 2 4 4   | 2 3 1 | 2 3 1 ǁ | |     |   ǁ 4 ǁ 4 
2 3 5 3 ǁ 5   5 5 = 6 = 4 4 8 = = = 6 | |     8 3 ǁ 2 ǁ | 
2 2 3 3 ǁ 2 1 3 5 4 6 4 4 3 5 - 1   1 2 |     6 2 ǁ | ǁ | 
5 8 = = 8         | | |   |             |     ǁ   7 | 6 5 
| | 1 - 6 - 2 3 = 4 | 3 2 4 = 4 2 6     |     4 1 ǁ 2 ǁ 4 
| | 3 4 - 3 4 |   | 2 ǁ ǁ | 2 6 = 6     |     6 4 ǁ 4 ǁ 4 
| | 3 ǁ   | | | 3 6 6 ǁ ǁ | 1 3 1 ǁ 2 = 3     5 4 ǁ ǁ ǁ 3 
| | | ǁ   | | |     ǁ ǁ 6 8 = = = 7           | | 5 3 ǁ | 
| | | 4   | | 3 5 1 2 ǁ 4 8 4 2 - 6 - - - - 1 3 3 ǁ 2 3 | 
| | | 2   | |   2     ǁ 2 5 3 2 = 5 3 - 2 - 2 4 3 ǁ ǁ 2 | 
1 | |     5 6 - - - - 6 = = = = = = = = = = = = = 8 7 5 5 
1 | |     3 3 - - 2 2 4 - - - - - - - - - 1       ǁ 1 3 2 
3 5 5 = 4 5 6 = = = = = = = = = = = = = = = = = = 8 = 7 1 
2 3 3 1 2 4 6 = = = = = = 3 1 2 = = = = = = = = = 6 2 4 2 
