29 29
2 3 2 0 0 0 0 0 0 4 2 2 3 0 0 0 0 0 0 0 0 0 0 0 0 0 2 1 1 
4 7 0 0 0 0 0 0 0 7 7 4 0 1 0 3 2 0 3 0 0 0 0 0 2 2 2 0 0 
2 0 2 0 0 0 0 6 4 6 4 0 6 0 0 5 0 0 0 0 0 2 3 2 0 0 0 0 3 
4 8 0 0 0 0 0 7 0 4 3 3 0 4 0 4 0 0 0 0 0 0 0 0 6 8 4 0 0 
0 4 4 0 0 4 1 0 3 5 2 3 0 2 0 0 2 0 0 2 1 0 0 0 0 3 2 0 4 
6 0 0 0 0 6 4 0 0 0 5 4 0 4 0 6 5 1 0 0 0 0 0 0 0 2 3 0 0 
0 1 3 0 0 6 5 0 0 0 6 2 0 4 2 0 0 0 0 0 0 0 0 0 0 3 1 0 0 
0 0 4 2 0 0 0 0 0 0 0 0 0 4 4 0 0 0 0 0 0 0 0 0 0 6 0 6 6 
0 4 0 0 0 6 2 3 1 0 0 0 0 2 0 4 0 0 0 0 0 0 0 0 0 6 4 0 4 
0 5 0 4 3 6 6 6 3 0 2 0 0 2 0 0 4 0 0 0 0 0 0 0 0 3 3 0 3 
0 2 2 5 4 4 3 3 3 0 0 0 0 0 0 0 0 0 0 0 0 0 0 0 0 2 2 0 0 
6 0 0 0 0 0 0 0 0 7 0 0 7 0 0 0 0 0 0 0 0 0 0 0 8 0 0 5 5 
0 3 4 0 5 3 3 3 1 0 2 3 0 0 2 0 0 6 0 0 0 4 0 0 0 4 0 6 6 
0 2 0 2 5 2 0 0 0 0 2 5 0 0 0 2 0 0 0 0 0 4 0 0 0 5 3 0 0 
0 4 6 5 0 0 7 6 1 0 2 0 0 4 0 8 0 5 0 0 2 0 0 0 0 0 2 0 0 
0 2 0 0 0 0 0 0 0 0 0 0 0 3 0 3 0 0 0 0 0 0 0 0 0 0 0 0 0 
0 0 0 0 0 0 2 0 0 0 0 0 4 0 0 0 0 7 0 0 6 4 0 0 0 0 2 0 0 
0 1 0 0 0 0 0 0 0 0 4 6 3 4 0 2 0 0 0 1 2 0 0 0 0 0 0 0 4 
0 0 0 0 0 2 0 0 0 0 0 2 0 5 0 0 0 8 0 6 2 4 4 1 0 6 6 0 4 
0 0 0 0 0 0 2 2 0 0 0 0 0 3 0 4 0 5 1 3 0 0 5 2 0 4 4 0 0 
0 0 0 0 3 5 0 0 0 0 5 0 5 0 0 0 0 0 0 0 0 0 0 0 7 0 0 8 6 
0 4 4 0 2 0 0 0 0 0 0 2 0 4 0 2 0 2 1 0 0 0 0 0 4 2 2 0 2 
0 0 3 7 0 8 6 2 0 0 3 4 6 6 0 0 0 6 0 0 4 2 0 0 3 2 0 0 2 
0 0 1 0 0 2 0 0 0 0 0 2 7 0 0 0 0 0 0 0 0 0 0 0 7 6 3 4 0 
0 0 0 0 0 0 0 0 0 0 4 4 8 0 0 0 0 0 6 0 4 0 2 0 2 4 2 2 0 
5 5 2 0 0 0 0 0 0 0 1 1 2 1 0 3 0 0 5 0 0 0 0 0 0 1 2 4 0 
3 4 0 5 0 0 0 0 0 5 0 0 0 0 0 0 0 0 0 0 0 0 0 0 0 0 0 5 6 
2 6 2 3 0 1 2 6 2 5 0 0 0 0 0 0 0 0 0 0 0 0 4 2 5 0 0 0 5 
1 4 0 0 0 0 0 4 2 4 3 0 4 0 0 0 0 0 0 0 0 0 6 3 2 2 0 0 3 
300 468
1 1 1 0
1 1 1 9
1 1 0 1
1 1 3 1
1 10 1 9
1 10 1 11
1 10 0 10
1 10 2 10
2 7 2 2
2 7 2 8
2 7 3 7
2 7 2 2
2 7 2 8
2 7 3 7
2 8 2 9
2 8 4 8
2 9 2 10
2 9 1 9
2 9 3 9
2 9 2 10
2 9 1 9
3 1 3 0
3 1 3 7
3 1 1 1
3 1 4 1
3 7 3 1
3 7 8 7
3 7 8 7
3 9 3 10
3 9 4 9
3 9 3 10
3 25 3 24
3 25 3 26
3 25 1 25
3 25 4 25
3 25 3 24
3 25 3 26
3 25 1 25
3 25 4 25
3 26 1 26
3 26 4 26
5 0 5 5
5 0 3 0
5 0 11 0
5 0 5 5
5 0 3 0
5 0 11 0
5 5 5 6
5 5 4 5
5 5 6 5
5 5 5 6
5 6 4 6
5 6 6 6
5 10 5 11
5 10 4 10
5 10 6 10
6 5 6 2
6 5 6 6
6 5 8 5
6 5 6 2
6 5 6 6
6 6 8 6
6 10 6 11
6 10 5 10
6 10 9 10
6 10 6 11
6 10 5 10
7 28 7 27
7 28 4 28
7 28 8 28
7 28 7 27
7 28 4 28
7 28 8 28
8 5 8 1
8 5 8 6
8 5 9 5
8 5 8 1
8 5 9 5
8 28 8 26
8 28 9 28
9 1 9 3
9 1 8 1
9 1 10 1
9 5 9 4
9 5 9 6
9 5 10 5
9 5 9 4
11 0 11 9
11 0 25 0
11 12 11 9
11 12 11 24
11 12 2 12
11 12 16 12
11 24 11 12
11 24 11 27
11 24 3 24
11 24 20 24
11 28 11 27
11 28 9 28
11 28 12 28
12 4 12 2
12 4 12 5
12 4 13 4
12 14 12 17
12 17 12 14
12 17 12 21
12 17 14 17
12 17 12 21
12 17 14 17
12 21 13 21
12 25 12 27
12 25 13 25
12 25 12 27
12 25 13 25
12 27 12 28
12 27 11 27
12 27 20 27
12 27 12 28
12 28 11 28
12 28 17 28
13 11 13 10
13 11 12 11
13 11 17 11
13 15 14 15
13 21 12 21
13 21 16 21
13 21 16 21
14 6 14 3
14 6 14 7
14 6 12 6
14 6 16 6
14 13 14 15
14 13 15 13
14 13 14 15
14 13 15 13
14 15 14 17
14 15 13 15
14 15 15 15
16 17 16 12
16 17 16 20
16 17 14 17
16 17 18 17
16 21 16 20
16 21 18 21
17 28 12 28
17 28 18 28
17 28 18 28
18 17 18 13
18 17 18 19
18 17 16 17
18 17 19 17
18 25 18 26
18 25 13 25
18 25 19 25
18 25 18 26
18 25 13 25
18 25 19 25
18 26 16 26
18 26 19 26
18 26 16 26
18 26 19 26
18 28 20 28
19 25 19 26
19 25 21 25
19 26 21 26
20 24 20 12
20 24 11 24
20 24 21 24
20 24 20 12
20 24 21 24
20 24 21 24
20 28 20 27
20 28 18 28
20 28 21 28
22 3 22 2
22 3 22 5
22 3 14 3
22 3 26 3
22 5 22 3
22 5 22 6
22 5 20 5
22 5 23 5
22 17 22 13
22 17 22 20
22 17 21 17
22 17 22 13
22 17 22 20
22 17 21 17
22 20 22 21
22 20 24 20
22 21 22 24
24 12 24 11
24 12 24 18
24 12 23 12
24 12 25 12
24 12 24 11
24 12 24 18
24 12 23 12
24 12 25 12
24 18 24 20
24 18 25 18
24 18 24 20
24 18 25 18
24 20 24 22
25 13 25 15
25 15 25 18
25 18 25 15
25 18 25 25
26 27 26 9
26 27 26 28
26 27 25 27
26 28 26 27
26 28 22 28
26 28 27 28
26 28 26 27
26 28 22 28
27 24 27 23
27 24 27 28
27 24 28 24
27 28 27 24
27 28 28 28
27 28 28 28
28 12 28 10
28 12 28 22
28 12 28 10
28 12 28 22
28 22 28 23
28 22 27 22
28 25 28 24
28 25 28 28
1 26 0 26
2 23 2 22
3 0 3 1
3 1 4 1
3 24 3 15
3 24 1 24
3 24 11 24
4 1 4 2
4 2 4 1
4 2 4 5
4 2 4 5
4 20 4 19
4 28 4 26
4 28 2 28
5 11 4 11
5 17 5 16
5 26 5 25
5 26 6 26
5 26 5 25
6 25 7 25
7 2 7 3
7 2 6 2
7 2 7 3
7 14 7 13
7 14 6 14
7 14 7 13
7 14 6 14
7 25 7 27
7 25 6 25
7 25 8 25
7 25 7 27
7 25 6 25
8 1 6 1
8 15 8 13
8 15 5 15
8 15 8 13
8 15 5 15
8 26 8 25
8 26 9 26
8 26 8 25
9 1 9 3
9 1 10 1
9 3 9 4
9 3 10 3
9 10 9 8
9 13 9 16
9 16 9 13
9 16 5 16
9 16 5 16
10 2 10 3
10 4 10 3
10 4 10 5
10 4 10 3
10 4 10 5
10 5 10 6
11 0 11 9
11 0 25 0
11 9 11 12
11 9 26 9
11 9 26 9
11 24 11 27
11 27 11 28
13 25 13 26
13 26 14 26
14 15 14 17
14 15 15 15
14 20 16 20
14 26 13 26
15 13 15 15
16 17 16 12
16 17 16 20
17 15 17 13
18 5 20 5
18 17 18 13
18 17 18 19
18 17 19 17
18 19 18 20
18 19 17 19
18 19 19 19
18 19 18 20
18 21 18 22
19 15 19 13
19 15 19 17
19 15 19 13
19 15 19 17
19 17 19 18
19 19 19 22
19 19 19 22
20 10 20 12
20 10 17 10
20 10 22 10
20 28 20 27
20 28 21 28
21 4 20 4
21 15 21 13
21 18 21 24
22 5 22 6
22 5 20 5
22 5 23 5
22 6 22 7
22 6 19 6
22 6 27 6
22 6 22 7
22 13 22 12
22 13 21 13
22 13 22 12
22 13 21 13
24 22 24 24
25 27 25 26
25 27 24 27
25 27 25 26
26 9 27 9
27 7 27 6
27 7 27 8
27 7 28 7
27 24 27 23
28 10 28 9
28 22 28 23
28 22 27 22
1 24 1 18
2 0 1 0
2 23 2 22
2 28 0 28
4 9 4 8
4 9 4 10
4 9 4 8
4 19 4 16
5 11 4 11
5 15 5 13
5 15 5 16
5 15 3 15
5 15 5 13
5 16 4 16
6 13 5 13
6 13 7 13
6 13 5 13
6 13 7 13
8 25 9 25
9 28 9 26
10 2 10 3
14 20 16 20
16 12 11 12
16 20 17 20
17 15 17 13
18 5 20 5
18 21 18 22
19 13 18 13
20 4 20 5
20 4 21 4
20 27 23 27
21 13 21 11
22 12 22 11
22 12 23 12
22 12 22 11
22 12 23 12
23 12 23 11
26 9 27 9
27 5 27 3
27 22 27 9
28 9 28 8
28 9 27 9
28 9 28 8
0 27 0 26
1 18 1 16
2 0 1 0
2 12 2 10
2 12 2 15
2 12 0 12
2 12 2 15
2 12 0 12
2 22 2 21
3 10 3 11
3 11 4 11
3 13 3 15
3 13 4 13
3 13 3 15
3 13 4 13
8 25 9 25
17 13 17 12
17 13 18 13
18 13 18 11
18 21 18 22
18 22 18 23
19 22 19 23
19 23 19 22
20 12 20 10
20 27 23 27
21 11 22 11
22 11 22 10
23 12 23 11
23 27 23 26
23 27 24 27
24 11 24 10
24 11 25 11
25 10 24 10
27 22 27 9
28 7 28 1
28 7 27 7
28 7 28 1
0 12 0 11
1 0 1 1
1 10 1 9
1 10 1 11
1 10 0 10
1 11 0 11
1 13 1 15
1 18 1 16
2 21 2 15
8 25 9 25
9 26 10 26
10 25 10 26
17 12 17 11
18 11 17 11
24 10 22 10
27 7 27 8
28 1 28 0
28 1 27 1
0 0 0 1
0 0 0 1
0 2 0 9
0 9 0 2
0 9 1 9
0 9 1 9
1 15 2 15
1 15 2 15
17 11 17 10
17 11 17 12
17 11 13 11
20 10 17 10
27 1 27 0
27 1 27 2
27 1 26 1
27 1 27 0
27 1 27 2
27 3 26 3
27 3 26 3
14 10 13 10
14 10 17 10

2728

2 3 2 = = = = = = 4 2 2 3                           2 1 1 
4 7 - - - - - - - 7 7 4 ǁ 1 - 3 2 = 3 - - - - - 2 2 2   | 
2 ǁ 2 = = = = 6 4 6 4 - 6 = = 5 - - - - - 2 3 2 | ǁ |   3 
4 8 = = = = = 7 | 4 3 3 | 4 = 4 - - - - - - - - 6 8 4   | 
ǁ 4 4 = = 4 1 ǁ 3 5 2 3 | 2   | 2 - - 2 1       ǁ 3 2 - 4 
6 = = = = 6 4 ǁ     5 4 | 4 = 6 5 1             ǁ 2 3   ǁ 
ǁ 1 3 = = 6 5 ǁ     6 2 | 4 2 ǁ ǁ               ǁ 3 1   ǁ 
ǁ | 4 2   | | ǁ     |   | 4 4 ǁ ǁ               ǁ 6 = 6 6 
ǁ 4 = = = 6 2 3 1   |   | 2 = 4 ǁ               ǁ 6 4 - 4 
ǁ 5 = 4 3 6 6 6 3 - 2   | 2 = = 4               ǁ 3 3 - 3 
ǁ 2 2 5 4 4 3 3 3       |                       ǁ 2 2   | 
6 = = = = = = = = 7 = = 7 = = = = = = = = = = = 8 = = 5 5 
ǁ 3 4 - 5 3 3 3 1 ǁ 2 3 ǁ   2 = = 6 = = = 4     ǁ 4 = 6 6 
ǁ 2   2 5 2 |     ǁ 2 5 ǁ     2   ǁ       4     ǁ 5 3 | ǁ 
ǁ 4 6 5 - - 7 6 1 ǁ 2 ǁ ǁ 4 = 8 = 5     2 ǁ     ǁ ǁ 2 | ǁ 
ǁ 2   |     |     ǁ | ǁ ǁ 3 - 3   |     ǁ ǁ     ǁ ǁ   | ǁ 
ǁ     |     2     ǁ | ǁ 4 = = = = 7 = = 6 4     ǁ ǁ 2 | ǁ 
ǁ 1   |           ǁ 4 6 3 4 = 2   ǁ   1 2 |     ǁ ǁ ǁ | 4 
ǁ     |   2       ǁ ǁ 2 - 5 = = = 8 = 6 2 4 4 1 ǁ 6 6 | 4 
ǁ     |   ǁ 2 2   ǁ ǁ     3 = 4 = 5 1 3 = = 5 2 ǁ 4 4 | ǁ 
ǁ     | 3 5 |     ǁ 5 = 5 = = = = = = = = = = = 7 | | 8 6 
ǁ 4 4 | 2 ǁ |     ǁ | 2 - 4 - 2   2 1 - - - - - 4 2 2 ǁ 2 
ǁ   3 7 = 8 6 2   ǁ 3 4 6 6 = = = 6 = = 4 2 - - 3 2   ǁ 2 
ǁ   1 |   2 |     ǁ | 2 7               |       7 6 3 4 ǁ 
ǁ     |     |     ǁ 4 4 8 = = = = = 6 = 4 - 2 - 2 4 2 2 ǁ 
5 5 2 |     |     ǁ 1 1 2 1 - 3 = = 5 - - - - - - 1 2 4 ǁ 
3 4   5     |     5 - - - - - - - - - - - - - - - - - 5 6 
2 6 2 3 - 1 2 6 2 5 = = = = = = = = = = = = 4 2 5 = = = 5 
1 4 = = = = = 4 2 4 3 = 4 = = = = = = = = = 6 3 2 2 - - 3 
