29 29
1 0 0 0 0 0 0 0 5 0 0 0 0 4 0 0 3 3 6 0 0 6 0 0 6 4 4 4 2 
1 0 0 4 4 0 6 2 0 0 0 1 0 5 0 4 4 3 4 3 2 4 4 2 0 0 2 0 0 
4 4 3 0 1 0 5 0 7 0 0 6 4 5 0 0 0 0 0 0 0 0 0 0 5 6 0 8 6 
4 0 0 0 0 0 4 1 0 4 0 6 4 5 0 0 0 0 0 0 0 0 6 2 0 6 2 0 0 
6 6 3 0 0 0 2 0 0 2 1 2 4 6 0 0 0 0 0 0 4 0 4 0 0 4 4 0 0 
0 4 2 2 0 0 0 0 5 0 0 0 0 0 0 0 0 0 0 0 0 0 0 0 8 3 0 0 2 
5 0 0 0 0 0 0 0 0 0 6 0 0 6 0 6 0 5 3 0 0 0 0 2 0 1 0 0 2 
0 2 4 0 3 2 1 0 0 2 0 1 1 0 2 0 1 6 6 0 2 0 0 0 0 0 0 6 5 
2 1 4 0 6 6 0 0 0 5 5 6 3 0 4 0 2 4 0 0 1 0 0 0 0 1 0 0 2 
4 7 6 0 0 5 2 1 0 3 0 0 3 0 0 6 0 0 2 0 2 0 0 0 0 0 0 0 0 
1 2 6 3 0 6 0 0 6 4 0 0 0 0 4 0 0 0 0 0 4 0 0 0 0 3 0 0 0 
2 0 4 2 0 0 3 0 8 5 0 0 0 0 0 0 4 0 2 2 0 0 0 0 0 0 0 0 0 
0 1 0 2 0 3 5 6 6 0 2 0 2 0 0 0 0 0 0 0 0 0 0 0 0 0 0 0 0 
5 0 4 0 0 3 4 4 2 0 1 0 2 0 0 4 0 0 0 0 0 1 2 0 0 0 0 0 1 
0 4 8 3 0 6 0 0 0 6 0 6 6 0 0 2 0 0 0 0 0 0 0 0 0 0 0 0 1 
0 2 3 1 0 4 2 2 0 6 2 1 2 0 0 0 0 0 0 0 0 4 6 0 0 0 0 0 0 
0 4 0 0 7 0 0 0 0 0 0 0 0 6 5 0 6 0 0 0 0 1 0 0 0 0 0 0 0 
0 5 3 2 0 0 2 0 0 5 0 0 0 7 0 2 3 0 3 4 0 0 0 0 0 3 0 0 0 
0 4 4 2 0 0 0 0 0 1 0 0 0 2 0 0 0 0 0 0 4 0 5 4 0 0 0 0 0 
5 0 0 0 7 0 0 0 0 0 0 0 0 0 0 0 0 0 0 0 0 0 0 0 6 4 6 6 2 
0 2 5 2 0 4 0 0 0 0 0 0 0 0 0 0 0 0 0 0 0 0 2 2 0 4 3 5 4 
6 0 7 4 0 4 0 0 0 0 0 0 0 0 0 0 0 0 0 0 0 0 2 4 0 2 0 0 4 
6 3 4 4 0 0 1 0 2 1 0 4 0 0 0 0 0 0 0 0 0 0 0 4 0 2 0 0 0 
2 4 2 0 0 0 1 0 3 0 0 4 0 2 2 0 3 0 0 0 0 0 0 2 0 0 0 4 0 
2 7 0 0 6 5 0 0 0 0 0 0 0 0 0 0 0 0 0 0 0 0 0 0 7 5 0 4 0 
2 0 3 2 0 6 0 0 0 0 0 0 0 0 0 4 0 0 0 0 0 0 2 0 0 1 0 2 0 
0 2 4 0 4 4 0 0 0 2 2 3 0 0 0 0 0 0 0 0 0 0 0 0 6 0 5 5 5 
5 0 6 4 4 0 0 0 0 0 0 0 0 0 0 0 0 0 0 0 0 0 0 0 8 4 6 5 4 
4 2 3 3 2 2 0 0 0 0 0 0 0 0 0 0 0 0 0 0 0 0 0 0 5 3 6 4 2 
300 538
0 8 0 0
0 8 0 13
0 8 2 8
0 18 0 17
0 18 0 21
0 18 1 18
0 18 0 17
0 18 0 21
0 18 1 18
0 21 0 24
0 21 1 21
0 24 0 21
0 24 0 25
0 24 2 24
1 6 1 4
1 6 1 7
1 6 2 6
1 6 1 4
1 6 1 7
1 6 2 6
2 27 2 25
2 27 2 28
2 27 0 27
2 27 7 27
2 27 2 25
2 27 2 28
2 27 0 27
2 27 7 27
2 28 0 28
2 28 5 28
2 28 0 28
2 28 5 28
4 0 4 1
4 0 3 0
4 0 6 0
4 0 4 1
4 0 3 0
4 0 6 0
4 1 4 2
4 1 2 1
4 1 5 1
4 1 4 2
5 1 5 2
5 1 7 1
5 1 5 2
5 24 5 8
5 24 5 25
5 24 2 24
5 24 19 24
5 24 5 8
5 24 5 25
5 24 2 24
5 24 19 24
6 0 8 0
6 13 6 10
6 13 6 15
6 13 16 13
6 13 6 10
6 13 6 15
6 13 16 13
6 15 6 17
6 15 9 15
6 15 6 17
6 15 9 15
6 28 7 28
7 14 8 14
7 27 7 28
7 27 19 27
7 27 7 28
7 27 19 27
8 14 7 14
8 14 10 14
8 14 10 14
9 1 9 0
9 1 9 2
9 1 8 1
9 1 10 1
9 15 9 18
9 15 13 15
9 15 9 18
9 15 13 15
10 14 16 14
10 20 9 20
10 20 18 20
10 20 9 20
10 20 18 20
11 8 11 6
11 8 11 9
11 8 10 8
11 8 12 8
11 8 11 6
11 8 11 9
11 8 10 8
11 8 12 8
11 16 11 18
11 16 16 16
11 16 11 18
11 16 16 16
11 19 17 19
12 7 12 6
12 7 12 8
12 7 13 7
12 7 12 6
12 7 12 8
12 7 13 7
13 0 13 2
13 0 11 0
13 0 19 0
13 15 14 15
14 1 14 2
14 1 15 1
14 1 14 2
14 1 15 1
14 2 14 3
14 2 13 2
14 2 15 2
14 12 14 11
14 12 13 12
14 12 15 12
14 12 14 11
14 12 13 12
14 12 15 12
15 22 15 21
15 22 13 22
15 22 18 22
15 22 15 21
15 22 13 22
15 22 18 22
16 1 16 4
16 1 17 1
16 1 16 4
16 1 17 1
16 4 16 13
16 4 8 4
16 4 19 4
16 13 16 4
16 13 16 14
16 13 17 13
16 16 16 14
16 16 17 16
16 16 16 14
16 16 17 16
16 21 15 21
17 9 17 6
17 9 17 13
17 9 18 9
17 13 17 9
17 13 17 15
17 13 18 13
17 13 17 15
17 13 18 13
17 19 17 18
17 19 11 19
17 19 17 18
18 20 18 22
18 20 18 22
19 24 19 4
19 24 19 25
19 24 24 24
19 24 19 4
19 27 19 26
19 27 19 28
19 27 20 27
19 27 19 26
21 0 21 2
21 0 19 0
21 0 22 0
21 0 21 2
21 0 19 0
21 0 22 0
21 2 21 3
21 2 20 2
21 2 22 2
22 0 22 1
22 0 23 0
23 27 20 27
23 27 24 27
23 27 20 27
23 27 24 27
24 1 24 0
24 1 24 4
24 1 23 1
24 1 26 1
24 24 24 5
24 24 24 25
24 24 26 24
24 27 24 25
24 27 25 27
25 15 25 5
25 15 25 22
25 15 25 5
25 15 25 22
26 26 26 24
26 26 26 27
26 26 27 26
26 28 26 27
26 28 21 28
26 28 27 28
27 0 27 2
27 0 25 0
27 0 28 0
27 24 27 4
27 24 27 25
27 24 26 24
27 24 28 24
27 24 27 4
27 24 27 25
27 24 26 24
27 24 28 24
27 25 27 26
27 25 28 25
27 26 27 27
27 26 26 26
27 26 28 26
27 26 27 27
28 0 28 1
28 0 27 0
28 0 28 1
0 8 0 13
0 8 2 8
0 13 0 16
0 13 1 13
0 21 1 21
0 24 0 25
0 24 2 24
0 25 0 26
0 25 2 25
0 26 0 27
0 26 1 26
0 26 0 27
1 4 1 3
1 4 2 4
1 15 1 13
1 15 1 16
1 15 1 13
1 15 1 16
1 16 1 17
1 16 0 16
1 18 1 17
1 18 1 19
1 19 1 20
1 21 1 20
1 21 1 22
1 22 1 23
1 22 3 22
1 22 1 23
2 1 2 0
2 1 2 2
2 1 2 0
2 2 4 2
2 8 2 6
2 8 2 11
2 8 5 8
2 13 2 12
2 13 1 13
2 13 3 13
2 24 2 25
2 25 3 25
2 25 3 25
3 0 2 0
3 9 3 11
3 9 4 9
3 9 3 11
3 9 4 9
3 11 3 12
3 11 2 11
3 11 4 11
3 11 3 12
3 22 3 13
3 22 3 23
3 22 4 22
3 22 3 13
3 22 3 23
3 25 3 26
3 25 4 25
3 25 3 26
3 25 4 25
4 10 4 11
4 12 4 13
4 12 3 12
4 12 4 13
4 12 3 12
4 13 4 20
4 13 3 13
4 13 4 20
4 13 3 13
4 20 4 22
4 22 4 20
4 25 4 26
4 25 5 25
4 26 19 26
6 0 8 0
6 10 8 10
6 25 8 25
6 28 7 28
7 1 7 2
7 2 7 4
7 2 8 2
7 2 7 4
7 18 7 17
7 18 7 20
7 18 6 18
7 18 7 17
7 18 7 20
7 18 6 18
7 28 8 28
8 2 8 4
8 2 9 2
8 2 8 4
8 4 8 5
8 4 7 4
8 4 16 4
8 5 8 9
8 5 7 5
8 5 9 5
8 5 8 9
8 5 7 5
8 20 8 17
8 28 13 28
9 0 9 1
9 0 10 0
9 0 9 1
9 2 9 1
9 2 10 2
9 2 10 2
9 2 10 2
9 5 9 6
9 5 10 5
9 5 9 6
9 5 10 5
9 7 9 9
10 2 10 1
10 2 10 3
10 2 11 2
10 3 11 3
10 5 10 8
10 5 12 5
10 5 10 8
10 5 12 5
10 8 10 9
10 14 16 14
10 25 17 25
11 6 12 6
12 1 12 3
13 2 13 0
13 2 14 2
13 15 14 15
13 21 15 21
14 2 14 3
14 2 15 2
14 5 14 9
14 5 13 5
14 5 15 5
14 5 14 9
14 5 13 5
14 5 15 5
14 9 14 11
14 9 11 9
14 9 15 9
14 9 14 11
14 28 19 28
15 2 15 3
15 5 15 6
17 6 17 9
17 16 17 18
18 22 18 23
18 23 6 23
19 4 19 0
19 4 24 4
19 26 19 25
19 26 4 26
19 26 20 26
20 1 20 2
20 5 20 22
20 5 21 5
20 5 20 22
20 5 21 5
20 23 21 23
20 28 20 27
20 28 21 28
20 28 20 27
20 28 21 28
21 5 21 22
21 5 24 5
21 22 21 23
21 23 20 23
21 23 22 23
21 28 26 28
22 0 22 1
22 0 23 0
22 3 22 2
22 3 21 3
22 3 22 2
22 3 21 3
22 23 22 11
22 23 23 23
22 23 22 11
23 23 23 16
24 24 24 5
24 24 24 25
24 24 26 24
25 5 25 3
25 5 24 5
25 5 26 5
25 5 25 3
26 5 26 4
26 5 26 9
26 5 26 4
26 9 26 10
26 10 26 11
26 11 26 24
26 26 26 27
0 16 0 17
1 3 1 0
1 3 5 3
1 3 5 3
2 0 3 0
2 11 2 8
2 11 2 12
2 11 1 11
2 11 2 12
2 12 2 13
2 13 1 13
3 7 3 6
5 8 2 8
6 10 8 10
7 17 7 16
7 17 6 17
7 17 8 17
7 17 6 17
8 16 8 17
8 17 8 16
10 3 11 3
10 8 10 9
10 9 9 9
10 9 11 9
10 25 17 25
11 2 11 0
12 3 14 3
12 8 13 8
13 0 19 0
13 7 13 6
13 7 13 8
13 10 12 10
15 5 15 6
15 7 15 9
15 9 15 7
15 9 15 10
15 9 15 10
15 11 14 11
17 25 19 25
18 1 18 2
18 1 17 1
18 1 18 2
18 1 17 1
18 2 18 3
18 2 17 2
18 3 17 3
18 23 6 23
19 4 24 4
19 25 20 25
20 1 20 2
20 25 20 26
20 25 21 25
20 25 20 26
21 3 21 2
21 25 22 25
22 11 22 9
22 11 23 11
22 25 24 25
23 11 23 8
23 11 23 13
23 11 23 8
23 13 23 14
23 14 23 16
24 5 24 4
24 25 25 25
25 2 26 2
25 27 26 27
26 4 26 2
26 4 27 4
27 4 27 3
2 6 3 6
2 6 3 6
3 6 4 6
4 6 7 6
6 17 6 18
7 9 8 9
13 6 13 5
13 6 12 6
13 6 12 6
14 11 8 11
17 1 17 2
17 2 17 3
20 3 20 2
22 8 22 6
22 8 23 8
24 4 24 1
25 2 26 2
27 3 27 2
27 3 28 3
27 3 27 2
7 9 8 9
8 11 8 10
8 11 8 12
8 11 7 11
9 9 8 9
12 10 8 10
12 12 9 12
20 3 20 2
21 2 22 2
22 1 23 1
23 1 23 2
23 1 24 1
25 2 26 2
26 1 24 1
27 2 27 0
27 2 28 2
27 2 28 2
28 2 28 3
28 3 28 4
28 4 28 5
28 5 28 24
28 24 28 25
28 24 28 25
28 26 28 27
7 12 8 12
8 10 8 11
8 11 8 12
9 12 12 12
24 0 25 0
28 26 28 27
28 26 28 27
28 26 28 27
28 28 27 28
28 28 27 28
27 28 27 27
26 28 26 27

3129

1 - - - - - - - 5 = = = = 4 - - 3 3 6 = = 6 = = 6 4 4 4 2 
1 - - 4 4 = 6 2 ǁ     1   5 = 4 4 3 4 3 2 4 4 2 ǁ | 2 ǁ ǁ 
4 4 3 ǁ 1   5 - 7 = = 6 4 5                 |   5 6 = 8 6 
4 | | ǁ     4 1 ǁ 4 = 6 4 5 = = = = = = = = 6 2 ǁ 6 2 ǁ ǁ 
6 6 3 ǁ     2   ǁ 2 1 2 4 6 = = = = = = 4 = 4   ǁ 4 4 ǁ ǁ 
ǁ 4 2 2     |   5 = = = = = = = = = = = = = = = 8 3 ǁ ǁ 2 
5 |         |       6 = = 6 = 6 = 5 3         2 ǁ 1 ǁ ǁ 2 
ǁ 2 4 = 3 2 1     2 ǁ 1 1 ǁ 2 ǁ 1 6 6 = 2     ǁ ǁ | ǁ 6 5 
2 1 4 = 6 6 = = = 5 5 6 3 ǁ 4 ǁ 2 4 - - 1     ǁ ǁ 1 ǁ ǁ 2 
4 7 6   ǁ 5 2 1 - 3 | | 3 ǁ ǁ 6 = = 2   2     ǁ ǁ   ǁ ǁ | 
1 2 6 3 ǁ 6 = = 6 4 | | ǁ ǁ 4 ǁ         4     ǁ ǁ 3 ǁ ǁ | 
2 - 4 2 ǁ ǁ 3 = 8 5 | | ǁ ǁ ǁ ǁ 4 = 2 2 ǁ     ǁ ǁ ǁ ǁ ǁ | 
| 1 - 2 ǁ 3 5 6 6 | 2 | 2 ǁ ǁ ǁ ǁ     ǁ ǁ     ǁ ǁ ǁ ǁ ǁ | 
5 = 4 | ǁ 3 4 4 2 | 1 | 2 ǁ ǁ 4 ǁ     ǁ ǁ 1 2 ǁ ǁ ǁ ǁ ǁ 1 
ǁ 4 8 3 ǁ 6 = = = 6 = 6 6 ǁ ǁ 2 ǁ     ǁ ǁ | ǁ ǁ ǁ ǁ ǁ ǁ 1 
ǁ 2 3 1 ǁ 4 2 2 = 6 2 1 2 ǁ ǁ   ǁ     ǁ ǁ 4 6 ǁ ǁ ǁ ǁ ǁ | 
ǁ 4 = = 7 = = = = = = = = 6 5 = 6     ǁ ǁ 1 ǁ ǁ ǁ ǁ ǁ ǁ | 
ǁ 5 3 2 |   2 = = 5 = = = 7 = 2 3 - 3 4 ǁ   ǁ ǁ ǁ 3 ǁ ǁ | 
ǁ 4 4 2 |         1       2             4 = 5 4 ǁ | ǁ ǁ | 
5 - - - 7 = = = = = = = = = = = = = = = = = = = 6 4 6 6 2 
ǁ 2 5 2 ǁ 4 = = = = = = = = = = = = = = = = 2 2 | 4 3 5 4 
6 = 7 4 ǁ 4 - - - - - - - - - - - - - - - - 2 4 | 2   ǁ 4 
6 3 4 4 ǁ | 1 - 2 1 - 4 = = = = = = = = = = = 4 | 2   ǁ ǁ 
2 4 2   ǁ | 1   3 = = 4 - 2 2 - 3 - - - - - - 2 | |   4 ǁ 
2 7 = = 6 5 = = = = = = = = = = = = = = = = = = 7 5 - 4 ǁ 
2 ǁ 3 2 = 6 = = = = = = = = = 4 = = = = = = 2   ǁ 1   2 ǁ 
| 2 4 - 4 4 - - - 2 2 3 - - - - - - - - - - - - 6 - 5 5 5 
5 = 6 4 4 = = = = = = = = = = = = = = = = = = = 8 4 6 5 4 
4 2 3 3 2 2 - - - - - - - - - - - - - - - - - - 5 3 6 4 2 
