29 29
4 0 2 0 0 0 0 2 0 0 0 0 0 0 0 0 0 4 0 0 2 0 0 0 4 2 4 5 4 
5 3 3 0 0 0 0 0 0 0 0 0 0 0 0 0 0 7 0 0 0 2 0 0 0 0 0 3 2 
2 0 0 0 0 0 2 0 3 1 0 0 3 0 0 0 0 0 4 6 0 0 0 0 6 0 0 4 1 
0 0 0 0 0 0 4 0 6 0 0 0 5 0 3 3 0 0 0 5 0 0 4 1 0 0 0 0 0 
1 0 0 0 0 0 0 0 0 2 6 3 4 4 4 0 0 0 4 7 3 2 0 0 0 0 5 6 3 
0 0 6 0 2 0 0 1 5 2 5 0 0 0 7 4 0 0 2 6 3 0 6 2 0 0 4 0 1 
3 0 0 0 0 0 0 0 0 0 0 0 0 0 3 3 0 0 0 4 3 0 0 0 0 0 2 0 3 
0 0 0 0 0 0 0 2 4 0 6 0 0 0 0 0 0 8 0 0 0 0 0 0 8 6 0 2 0 
0 0 4 0 0 0 0 0 2 0 0 2 4 4 3 0 0 0 4 0 4 3 3 0 0 0 4 4 0 
0 0 6 4 0 0 0 0 2 0 0 0 0 2 0 0 0 0 4 2 0 0 6 3 0 0 2 0 0 
0 0 5 3 0 0 0 0 5 0 6 0 6 0 3 0 0 0 2 0 5 4 4 1 0 5 0 8 4 
0 0 0 0 0 0 0 0 0 0 0 2 4 3 4 1 0 0 2 1 0 0 0 0 0 3 0 3 0 
0 6 8 0 0 0 7 6 2 0 0 0 0 0 0 0 0 0 0 0 0 0 5 0 7 0 0 4 0 
0 0 0 0 0 0 0 2 2 0 0 0 0 0 0 0 0 0 5 3 0 0 3 2 0 0 0 0 0 
0 0 0 2 0 4 5 0 6 1 0 1 0 1 0 0 0 0 0 0 0 0 4 4 0 4 3 0 0 
0 4 0 0 0 0 2 0 0 0 3 1 0 0 0 0 0 0 0 0 0 0 0 1 0 2 0 0 0 
0 2 0 0 0 3 0 0 5 0 0 0 6 3 0 0 0 0 5 0 7 7 5 6 7 0 3 5 2 
0 0 0 0 0 0 0 0 2 0 0 0 2 4 0 2 0 0 4 2 0 1 2 4 0 2 0 4 1 
6 0 6 0 0 0 0 0 0 0 0 0 0 0 0 0 0 7 0 0 7 0 5 7 7 0 0 6 2 
6 4 0 2 3 1 0 4 0 1 0 0 0 0 0 2 0 0 0 0 0 4 2 0 0 0 0 0 0 
4 0 0 2 4 0 0 7 0 0 0 0 4 4 0 7 2 0 0 0 0 5 0 4 0 0 0 0 0 
0 0 0 1 0 0 0 0 1 0 2 2 6 4 0 0 0 0 0 0 0 2 2 0 0 2 0 6 0 
0 2 0 3 6 1 0 0 0 0 6 0 0 0 0 4 2 0 0 0 2 4 4 0 0 0 0 0 0 
0 0 0 1 4 4 2 0 3 0 5 0 1 0 0 0 0 0 1 0 3 0 0 0 0 0 0 0 0 
6 0 7 0 0 0 0 6 0 0 0 0 0 0 0 6 5 0 2 0 5 4 0 0 0 0 0 0 0 
6 4 0 1 1 4 3 0 2 0 4 2 6 0 0 7 2 0 2 0 4 0 0 6 3 0 0 0 0 
4 8 8 4 3 0 2 5 0 0 6 2 0 0 0 2 0 0 2 3 0 0 0 3 3 4 0 6 1 
0 5 8 0 4 3 0 4 0 0 0 0 6 0 0 0 0 7 0 0 0 0 0 4 2 3 0 4 0 
0 2 3 2 0 0 0 0 0 0 0 0 4 0 2 0 0 4 0 3 4 3 1 1 0 0 0 0 0 
300 532
0 0 0 2
0 0 1 0
0 0 0 2
0 0 1 0
0 27 0 26
0 27 0 28
0 27 1 27
0 28 0 27
0 28 1 28
0 28 0 27
1 17 1 2
1 17 1 21
1 17 0 17
1 17 7 17
2 18 2 19
2 18 4 18
2 18 2 19
2 18 4 18
2 19 2 24
2 19 3 19
4 10 4 9
4 10 4 11
4 10 5 10
4 10 4 9
4 10 4 11
4 10 5 10
4 18 4 19
4 18 5 18
4 19 4 20
4 19 3 19
4 19 5 19
5 2 5 4
5 2 1 2
5 2 8 2
5 2 5 4
5 2 1 2
5 2 8 2
5 14 5 10
5 14 5 15
5 14 4 14
5 14 6 14
7 17 7 10
7 17 7 24
7 17 1 17
7 17 18 17
7 24 7 17
7 24 7 25
7 24 2 24
7 24 12 24
8 2 8 8
8 2 9 2
8 18 8 20
8 18 9 18
8 18 8 20
8 18 9 18
8 20 8 21
8 20 10 20
9 18 9 19
9 18 10 18
9 19 11 19
9 22 9 23
9 22 8 22
9 22 10 22
9 22 9 23
9 22 8 22
9 22 10 22
9 23 10 23
10 2 10 3
10 2 9 2
10 2 12 2
10 18 11 18
10 20 10 21
10 20 16 20
10 20 10 21
10 20 16 20
10 22 10 21
10 22 12 22
10 25 10 27
10 25 7 25
10 25 11 25
10 27 10 25
10 27 10 28
10 27 8 27
10 27 11 27
11 18 13 18
12 1 12 2
12 1 1 1
12 1 15 1
12 1 12 2
12 1 1 1
12 1 15 1
12 2 12 6
12 2 10 2
12 2 18 2
12 6 12 2
12 6 12 7
12 6 14 6
12 6 12 7
12 6 14 6
12 6 12 7
12 22 12 24
12 22 13 22
12 22 12 24
12 22 13 22
13 18 13 19
13 18 16 18
13 18 13 19
13 18 16 18
13 19 17 19
15 1 16 1
16 18 17 18
16 21 16 20
16 21 16 22
16 21 10 21
16 21 17 21
16 24 16 23
16 24 16 26
16 24 12 24
16 24 18 24
18 0 18 2
18 0 6 0
18 0 19 0
18 0 18 2
18 0 6 0
18 0 19 0
18 2 18 17
18 2 12 2
18 2 24 2
18 17 18 20
18 17 7 17
18 17 27 17
18 23 18 22
18 23 18 24
18 23 17 23
18 23 20 23
19 0 19 1
19 0 20 0
19 1 19 0
19 1 22 1
19 1 19 0
19 21 19 22
19 21 20 21
19 21 19 22
19 21 20 21
20 0 24 0
20 7 20 4
20 7 20 12
20 7 19 7
20 7 24 7
20 15 20 13
20 15 20 16
20 15 19 15
20 15 22 15
21 13 21 12
21 13 20 13
21 13 21 12
21 13 20 13
21 27 21 25
21 27 18 27
21 27 26 27
21 27 21 25
21 27 18 27
21 27 26 27
22 1 25 1
22 10 22 15
22 10 21 10
22 10 23 10
22 10 22 15
22 10 21 10
22 10 23 10
24 0 20 0
24 0 25 0
24 0 25 0
24 2 24 7
24 2 26 2
24 2 24 7
24 2 26 2
24 7 24 15
24 7 20 7
24 7 26 7
24 15 24 16
24 15 22 15
24 15 25 15
24 15 24 16
24 15 25 15
25 0 25 1
25 0 24 0
25 0 26 0
25 0 25 1
25 1 26 1
25 8 25 10
25 12 25 11
25 12 25 15
25 12 27 12
25 12 25 11
25 12 25 15
25 12 27 12
26 0 26 1
26 1 26 0
26 1 26 2
26 1 27 1
26 1 26 0
26 1 26 2
26 1 27 1
26 2 26 3
26 2 27 2
26 10 26 7
26 10 26 11
26 10 25 10
26 10 26 7
26 10 26 11
26 10 25 10
26 15 25 15
26 27 26 25
26 27 26 28
26 27 27 27
26 27 26 25
27 2 27 1
27 2 27 4
27 2 26 2
27 2 28 2
27 2 27 1
27 2 27 4
27 2 26 2
27 4 27 5
27 4 26 4
27 12 27 7
27 12 27 17
27 12 28 12
27 12 27 7
27 17 27 23
27 17 18 17
27 17 28 17
27 27 27 25
28 12 28 3
28 12 28 14
28 12 28 3
28 14 28 17
28 17 28 19
28 17 27 17
28 19 28 20
28 20 28 19
28 20 28 21
28 20 28 21
28 21 28 22
28 23 27 23
0 7 0 17
0 26 0 25
0 26 4 26
0 26 0 25
1 1 1 0
1 17 1 21
1 17 0 17
2 19 2 24
2 19 3 19
3 6 3 8
3 6 2 6
3 6 3 8
3 6 2 6
3 8 3 12
3 8 2 8
3 8 5 8
3 8 3 12
4 11 4 12
4 12 4 13
4 12 3 12
4 12 4 13
4 13 4 14
4 19 4 20
4 19 3 19
4 19 5 19
4 21 4 20
4 26 4 27
4 26 5 26
4 26 4 27
4 26 5 26
4 27 4 28
4 27 2 27
4 27 7 27
4 27 4 28
5 18 5 19
5 22 5 20
5 22 5 23
5 22 3 22
5 22 5 20
5 22 5 23
5 22 3 22
5 26 6 26
6 0 4 0
6 19 6 20
6 19 5 19
6 19 6 20
6 19 5 19
6 20 5 20
7 17 7 10
7 24 7 25
7 24 2 24
7 24 12 24
7 25 7 27
7 25 10 25
8 21 8 22
8 26 8 27
8 26 9 26
8 26 8 27
8 26 9 26
8 27 10 27
9 2 9 3
9 2 10 2
9 2 9 3
9 2 9 3
9 3 9 8
10 3 10 8
10 27 10 28
10 27 11 27
10 28 6 28
10 28 16 28
14 3 14 5
15 1 16 1
15 25 14 25
16 18 17 18
16 20 16 21
16 20 18 20
16 20 16 21
16 20 18 20
16 21 16 22
17 18 17 19
17 18 16 18
17 25 17 27
18 17 18 20
18 27 18 24
18 27 18 28
18 27 17 27
18 27 18 24
18 28 17 28
20 13 20 12
21 8 23 8
21 11 21 12
22 22 22 21
22 22 21 22
22 22 22 21
22 22 21 22
23 6 23 5
23 8 23 10
23 10 23 8
23 10 23 12
24 21 24 20
24 21 22 21
24 21 24 20
24 21 22 21
25 8 25 10
26 3 26 4
26 3 25 3
26 3 26 4
26 15 25 15
26 25 26 24
26 25 27 25
27 1 28 1
27 7 27 5
27 7 26 7
27 17 27 23
27 23 27 24
27 27 27 25
28 1 28 2
0 7 0 17
0 20 0 24
0 24 0 20
0 24 2 24
0 24 2 24
1 0 2 0
1 0 2 0
2 8 2 9
2 12 3 12
2 27 2 28
2 27 1 27
2 27 1 27
3 19 3 22
3 22 3 23
4 13 4 14
4 14 3 14
4 28 5 28
5 14 5 10
5 14 5 15
5 14 6 14
5 15 3 15
5 15 6 15
5 26 6 26
6 14 6 15
7 10 7 8
7 10 5 10
7 10 10 10
7 10 7 8
10 3 10 8
10 10 10 8
10 10 10 12
10 10 15 10
10 10 10 8
10 10 10 12
10 12 10 14
10 12 8 12
10 12 11 12
10 12 10 14
14 3 14 5
14 5 14 6
14 5 16 5
14 9 14 8
15 25 14 25
16 5 16 8
16 28 16 27
17 25 17 27
17 27 16 27
20 12 20 7
20 12 21 12
21 11 21 12
21 21 20 21
23 6 23 5
25 4 25 5
25 5 25 6
25 5 27 5
25 5 25 6
25 6 26 6
25 15 25 16
25 16 24 16
26 6 26 7
27 24 26 24
2 12 3 12
3 14 3 15
3 14 3 15
5 9 5 8
8 11 8 12
8 12 8 11
8 12 8 13
8 13 8 14
8 13 9 13
8 13 8 14
8 14 10 14
11 14 11 13
11 14 11 15
11 14 11 13
11 14 11 13
14 8 14 6
14 8 13 8
14 8 16 8
14 8 14 6
14 8 13 8
14 25 14 26
14 25 11 25
14 26 16 26
15 10 15 11
16 5 16 8
17 15 17 13
19 7 19 5
19 7 19 9
19 7 20 7
19 15 20 15
20 15 20 16
21 21 20 21
22 16 24 16
23 5 23 4
23 5 22 5
24 16 22 16
5 9 5 8
11 12 11 11
11 12 16 12
11 12 11 11
11 25 11 27
12 24 16 24
12 27 16 27
12 27 16 27
13 7 12 7
14 13 16 13
14 26 16 26
16 12 16 8
16 12 16 13
16 12 17 12
16 12 16 8
16 12 16 13
16 24 16 23
16 24 18 24
17 8 17 12
17 13 17 15
20 21 20 23
20 23 18 23
20 23 25 23
22 4 22 3
22 4 20 4
22 4 23 4
22 4 22 3
22 4 20 4
22 4 23 4
23 4 23 3
25 23 25 20
25 23 25 24
25 23 26 23
25 23 25 20
25 23 25 24
13 7 12 7
16 23 16 22
16 23 15 23
16 23 17 23
16 23 16 22
17 23 17 22
17 23 18 23
18 24 18 23
18 24 25 24
20 4 20 3
22 3 21 3
25 20 25 18
25 20 24 20
26 24 26 23
12 7 12 8
12 8 10 8
14 23 14 22
14 23 13 23
14 23 14 22
14 23 13 23
18 22 18 20
18 22 17 22
18 22 18 20
19 4 19 3
20 3 19 3
26 23 26 19
9 8 8 8
13 22 14 22
14 22 16 22
18 20 22 20
22 20 23 20
26 19 26 18
7 8 7 7
7 8 5 8
26 19 26 18
5 8 5 7
25 18 24 18

5914

4 = 2         2 = = = = = = = = = 4     2 = = = 4 2 4 5 4 
5 3 3 - - - - - - - - - - - - - - 7 = = = 2     ǁ   | 3 2 
2 ǁ ǁ       2   3 1     3         ǁ 4 6 = = = = 6   | 4 1 
  ǁ ǁ       4 = 6 = = = 5   3 3   ǁ ǁ 5 - - 4 1 ǁ   | |   
1 ǁ ǁ           | 2 6 3 4 4 4 |   ǁ 4 7 3 2 ǁ   ǁ   5 6 3 
| ǁ 6 = 2     1 5 2 5 = = = 7 4   ǁ 2 6 3 = 6 2 ǁ   4 | 1 
3 ǁ ǁ           |   |       3 3   ǁ   4 3       ǁ   2 | 3 
ǁ ǁ ǁ         2 4 = 6 = = = = = = 8 = = = = = = 8 6 - 2 | 
ǁ ǁ 4 - - - - - 2   | 2 4 4 3     ǁ 4 = 4 3 3   ǁ ǁ 4 4 | 
ǁ ǁ 6 4 - - - - 2   |   | 2 |     ǁ 4 2 |   6 3 ǁ ǁ 2 ǁ | 
ǁ ǁ 5 3 = = = = 5 = 6 = 6 = 3     ǁ 2 | 5 4 4 1 ǁ 5 = 8 4 
ǁ ǁ ǁ           |   | 2 4 3 4 1   ǁ 2 1 ǁ | |   ǁ 3 - 3 | 
ǁ 6 8 = = = 7 6 2   |   |         ǁ |   ǁ | 5 = 7 |   4 | 
ǁ ǁ ǁ       ǁ 2 2   |   |         ǁ 5 3 ǁ | 3 2 ǁ |   ǁ | 
ǁ ǁ ǁ 2 = 4 5 = 6 1 | 1 | 1       ǁ ǁ | ǁ | 4 4 ǁ 4 3 ǁ | 
ǁ 4 ǁ     | 2   |   3 1 | |       ǁ ǁ | ǁ | | 1 ǁ 2 ǁ ǁ | 
ǁ 2 ǁ     3 = = 5 = = = 6 3       ǁ 5 | 7 7 5 6 7 - 3 5 2 
ǁ   ǁ           2 - - - 2 4 = 2   ǁ 4 2 ǁ 1 2 4 ǁ 2 = 4 1 
6 = 6 - - - - - - - - - - - - - - 7 = = 7 = 5 7 7 = = 6 2 
6 4 | 2 3 1 - 4 - 1           2   ǁ     | 4 2 ǁ |     ǁ   
4 | | 2 4 - - 7 = = = = 4 4 - 7 2 ǁ     | 5 - 4 |     ǁ   
ǁ | | 1 ǁ     ǁ 1   2 2 6 4   |   ǁ     | 2 2 | | 2 = 6   
ǁ 2 | 3 6 1   ǁ |   6 = = = = 4 2 ǁ     2 4 4 | |     ǁ   
ǁ | | 1 4 4 2 ǁ 3 = 5 - 1     | ǁ ǁ 1   3 ǁ   | |     ǁ   
6 | 7 = = = = 6 - - - - - - - 6 5 ǁ 2   5 4   | |     ǁ   
6 4 ǁ 1 1 4 3 | 2 = 4 2 6 = = 7 2 ǁ 2 - 4 = = 6 3     ǁ   
4 8 8 4 3 | 2 5 = = 6 2 ǁ     2   ǁ 2 3 - - - 3 3 4 = 6 1 
  5 8 = 4 3 - 4 = = = = 6 - - - - 7 = = = = = 4 2 3 = 4   
  2 3 2 = = = = = = = = 4 - 2 - - 4 - 3 4 3 1 1           
