29 29
2 2 0 4 0 0 0 0 0 0 0 0 0 0 4 4 0 0 0 5 2 2 0 5 0 0 1 2 4 
3 2 0 0 6 0 0 6 4 3 4 2 2 1 0 4 0 0 0 7 0 0 0 5 0 2 1 2 0 
0 3 1 0 0 4 4 0 4 0 6 4 0 0 0 4 4 2 0 0 2 0 0 0 4 2 0 0 0 
0 0 3 0 6 5 0 0 0 3 0 0 7 5 0 4 0 0 0 0 4 0 0 4 4 0 5 6 0 
0 0 6 0 6 2 0 0 3 5 2 3 0 0 0 0 0 4 1 0 4 6 3 0 6 4 0 0 0 
0 0 4 3 4 3 4 0 1 3 2 2 0 0 0 3 0 0 0 0 0 0 0 0 3 4 0 4 0 
5 8 0 0 0 0 0 5 0 0 0 0 5 4 0 1 0 0 0 0 1 5 2 0 4 4 0 2 0 
2 0 3 5 0 0 0 0 0 0 0 0 0 0 6 0 6 6 3 0 0 4 3 0 0 0 0 3 4 
2 0 5 7 0 0 0 0 0 0 0 0 0 0 0 0 0 0 0 7 0 0 0 5 5 1 0 3 0 
0 0 0 0 4 0 0 0 0 0 0 0 0 0 0 0 0 0 0 8 0 4 2 2 4 2 0 3 0 
0 0 1 0 6 0 0 0 0 0 0 0 0 0 0 0 0 0 4 3 0 3 2 3 1 1 0 0 0 
0 0 0 0 3 0 0 0 0 2 0 0 0 0 0 0 0 1 4 2 0 4 2 0 0 0 0 0 0 
4 8 0 6 0 0 0 0 0 0 0 0 0 0 0 0 0 0 0 0 0 0 0 0 0 0 6 3 0 
4 6 3 0 4 0 0 0 0 0 0 0 0 0 0 4 0 0 0 0 4 0 0 0 0 0 7 5 4 
0 0 4 0 0 0 0 0 0 2 0 0 3 2 2 0 4 6 3 0 0 2 5 3 3 1 0 4 0 
0 0 0 0 5 0 0 0 0 0 0 0 7 6 6 0 2 0 2 0 0 3 7 0 0 0 8 6 0 
0 0 0 0 0 3 0 5 0 0 0 0 6 3 4 0 0 0 0 0 0 0 4 0 5 4 0 0 0 
0 0 0 0 0 5 3 6 4 4 0 4 4 4 4 0 3 7 3 1 0 0 0 3 8 5 0 0 0 
0 0 4 0 0 0 0 1 2 0 0 0 2 2 0 0 1 0 0 0 0 0 0 0 0 3 0 0 0 
0 0 0 0 0 0 2 0 6 0 0 6 0 0 6 0 2 0 0 0 0 0 0 0 0 2 0 0 0 
0 0 0 0 0 0 0 0 4 4 0 6 4 2 0 0 0 0 0 0 0 0 0 0 5 3 0 0 0 
2 0 0 0 3 6 0 0 8 4 0 0 2 2 0 4 3 0 0 0 0 0 0 1 0 3 0 0 0 
1 0 0 0 2 0 0 0 2 2 0 0 0 0 0 2 0 0 2 0 0 3 4 2 0 4 0 0 0 
0 0 3 0 1 6 0 0 0 0 0 7 8 4 0 0 0 0 0 0 0 0 1 2 0 0 0 0 0 
0 0 0 0 2 6 4 0 0 0 0 0 5 2 0 0 0 0 0 0 0 4 1 0 0 0 0 0 4 
0 0 0 0 0 1 2 0 0 0 0 0 1 0 0 0 0 0 0 0 0 6 4 7 4 4 0 0 3 
0 0 0 3 0 0 0 0 0 0 0 4 0 0 5 0 0 6 4 0 0 3 1 0 4 0 5 5 2 
5 6 4 3 5 0 0 0 0 0 0 0 0 0 0 0 0 0 0 0 7 0 0 6 5 5 0 5 2 
3 3 4 4 3 0 0 0 1 0 0 0 2 0 0 0 0 0 0 0 4 0 1 2 1 2 2 5 2 
300 476
0 19 0 15
0 19 0 20
0 19 1 19
0 23 0 21
0 23 0 26
0 23 1 23
0 28 0 27
0 28 7 28
0 28 0 27
0 28 7 28
1 4 1 1
1 4 1 7
1 4 3 4
1 4 1 1
1 4 1 7
1 4 3 4
1 7 1 8
1 7 6 7
2 1 2 2
2 1 6 1
2 1 6 1
2 5 2 6
2 5 3 5
2 5 2 6
2 5 3 5
2 6 5 6
3 4 3 2
3 4 3 5
3 4 4 4
3 4 3 2
3 5 4 5
3 12 3 9
3 12 3 13
3 12 1 12
3 12 6 12
3 27 3 26
3 27 1 27
3 27 5 27
3 27 3 26
3 27 1 27
3 27 5 27
4 2 4 4
4 2 3 2
4 2 5 2
4 4 4 2
4 4 4 5
4 4 5 4
4 4 5 4
5 27 5 25
5 27 6 27
6 0 6 1
6 0 1 0
6 0 7 0
6 1 6 0
6 1 6 7
6 1 12 1
7 3 7 2
7 3 7 14
7 3 8 3
7 28 7 27
7 28 13 28
8 2 8 3
8 2 7 2
8 2 10 2
8 19 8 3
8 19 8 23
8 19 1 19
8 19 9 19
9 4 9 19
9 4 10 4
9 4 9 19
9 4 10 4
9 19 9 21
9 19 8 19
9 19 10 19
10 4 10 18
10 4 11 4
12 1 12 0
12 1 12 3
12 1 6 1
12 1 13 1
12 26 12 3
12 26 12 27
12 26 13 26
12 26 12 3
12 26 12 27
12 26 13 26
13 26 13 20
13 26 13 27
13 26 15 26
13 28 13 27
13 28 24 28
13 28 13 27
14 17 14 16
14 17 14 18
14 17 17 17
14 17 14 16
14 17 14 18
14 17 17 17
14 22 14 21
14 22 14 23
14 22 15 22
14 27 13 27
14 27 15 27
14 27 13 27
14 27 15 27
15 4 15 12
15 4 13 4
15 4 21 4
15 26 15 22
15 26 15 27
15 26 13 26
15 26 26 26
15 27 15 26
15 27 26 27
16 7 16 5
16 7 16 12
16 7 17 7
16 24 16 22
16 24 16 25
16 24 17 24
16 25 16 24
16 25 17 25
16 25 16 24
17 5 17 6
17 5 16 5
17 5 21 5
17 17 17 16
17 17 17 18
17 17 26 17
17 25 17 24
17 25 18 25
18 2 14 2
18 2 23 2
18 2 14 2
18 2 23 2
20 24 20 25
20 24 17 24
20 24 25 24
21 8 21 5
21 8 21 9
21 8 20 8
21 8 22 8
21 8 21 5
21 8 21 9
21 8 20 8
21 8 22 8
22 25 21 25
22 25 25 25
22 25 21 25
22 25 25 25
23 11 23 5
23 11 23 12
23 11 20 11
23 11 26 11
23 12 23 11
23 12 23 13
23 12 21 12
23 12 24 12
23 12 23 11
23 12 23 13
23 12 21 12
23 13 21 13
23 13 24 13
24 6 24 5
24 6 25 6
24 6 24 5
24 6 25 6
24 12 24 13
24 12 25 12
24 28 25 28
24 28 25 28
25 5 24 5
25 21 25 22
25 21 24 21
25 21 26 21
25 21 25 22
25 21 24 21
25 21 26 21
25 23 25 22
25 23 25 24
25 23 23 23
25 23 27 23
25 25 25 24
25 25 27 25
26 14 26 11
26 14 26 17
26 14 19 14
26 17 26 14
26 17 26 18
26 17 17 17
26 17 26 18
26 18 26 21
26 18 22 18
26 24 25 24
26 24 27 24
26 24 27 24
26 24 27 24
27 0 27 1
27 0 22 0
27 0 28 0
28 27 28 26
28 27 28 28
28 27 27 27
0 3 0 1
0 3 0 14
0 3 0 1
0 3 0 14
0 14 0 15
0 14 7 14
0 15 0 19
0 15 1 15
0 23 0 21
0 23 1 23
1 7 1 8
1 7 6 7
1 8 1 9
1 8 2 8
1 15 1 19
1 15 2 15
1 15 1 19
2 6 5 6
2 8 2 10
2 8 4 8
2 8 2 10
2 10 2 11
2 10 1 10
2 10 2 11
2 10 1 10
2 11 1 11
2 15 2 16
2 15 3 15
2 15 2 16
2 16 2 17
2 16 7 16
2 17 4 17
3 15 5 15
4 2 5 2
4 17 4 18
4 17 7 17
4 17 7 17
4 21 4 20
4 21 4 22
4 21 6 21
4 21 4 20
4 21 4 22
4 21 6 21
5 2 5 3
5 2 4 2
5 3 5 4
5 4 5 3
5 5 5 6
5 6 5 5
6 1 6 0
6 7 6 12
6 13 6 12
6 13 3 13
6 13 6 12
6 13 3 13
6 15 5 15
7 0 8 0
7 14 7 3
7 14 7 16
7 14 7 16
7 16 7 17
7 18 7 17
7 21 7 22
7 21 6 21
7 21 7 22
7 21 6 21
8 0 12 0
9 19 9 21
9 19 8 19
9 21 9 22
9 21 10 21
10 4 10 18
10 4 11 4
10 18 10 19
10 18 11 18
11 4 11 9
11 9 11 17
11 18 11 19
12 0 12 1
12 0 13 0
12 1 12 3
12 1 13 1
12 27 9 27
13 0 13 1
13 0 21 0
13 0 13 1
13 20 13 15
13 20 13 26
13 20 13 15
14 2 13 2
14 9 14 12
14 16 14 14
14 16 15 16
14 25 14 24
15 26 15 22
15 26 15 27
16 22 15 22
16 22 22 22
16 22 15 22
17 19 17 18
17 24 17 23
17 24 17 25
17 24 20 24
17 25 17 24
18 25 19 25
20 8 20 9
20 8 19 8
20 24 20 25
21 5 21 4
21 5 17 5
21 5 23 5
21 9 20 9
21 9 22 9
21 13 20 13
21 15 21 16
21 15 22 15
21 15 21 16
21 15 22 15
21 16 19 16
21 25 20 25
22 4 21 4
22 4 23 4
23 2 27 2
23 5 23 11
23 5 24 5
23 5 24 5
23 5 24 5
24 4 27 4
24 4 27 4
24 21 24 22
24 21 22 21
24 28 25 28
25 22 25 23
25 23 23 23
25 23 27 23
26 11 26 14
26 22 28 22
26 26 26 27
26 26 28 26
26 26 26 27
26 26 26 27
27 0 27 1
27 0 28 0
27 1 27 2
27 1 13 1
27 1 28 1
27 1 27 2
27 2 27 3
27 23 27 24
27 23 28 23
27 23 27 24
27 23 28 23
27 25 28 25
27 25 28 25
28 0 28 1
28 1 28 2
28 2 28 3
28 20 28 12
28 20 27 20
28 20 28 12
28 20 27 20
28 27 28 28
28 27 27 27
0 0 1 0
0 0 1 0
1 9 1 10
1 10 1 9
2 11 1 11
3 15 5 15
4 20 3 20
4 20 6 20
6 7 6 12
6 21 6 22
7 16 7 17
7 18 7 17
11 18 11 19
11 21 11 22
11 21 10 21
11 21 11 22
11 21 10 21
13 1 13 2
13 15 13 4
14 2 13 2
14 9 14 12
14 24 14 23
15 4 15 12
15 4 13 4
15 12 15 13
15 12 14 12
15 12 16 12
17 23 17 24
17 23 21 23
18 25 19 25
19 8 19 6
19 8 19 11
19 8 18 8
19 8 19 6
19 8 19 11
19 11 19 14
19 11 17 11
19 11 20 11
19 11 19 14
20 9 20 11
20 11 20 9
20 11 20 12
20 11 20 12
20 12 20 13
22 23 22 22
23 22 22 22
27 20 27 4
28 2 28 3
28 8 28 4
3 12 3 9
3 12 3 13
3 12 1 12
3 13 1 13
3 20 3 23
3 20 2 20
3 20 3 23
13 4 13 15
14 24 14 23
15 12 15 13
15 12 16 12
15 13 15 14
15 13 14 13
15 13 16 13
15 13 15 14
15 14 15 16
15 14 14 14
15 14 16 14
15 14 16 14
16 12 16 7
16 12 16 13
16 12 17 12
16 14 16 13
16 14 17 14
17 9 17 8
17 9 17 11
17 9 17 8
17 9 17 11
17 11 17 12
17 12 17 13
17 12 18 12
17 13 17 14
17 13 18 13
17 13 17 14
17 14 17 16
18 12 18 13
19 14 19 16
22 22 22 21
27 20 27 4
28 2 28 3
28 3 28 4
28 4 27 4
3 9 4 9
17 8 17 7
17 8 18 8
18 7 17 7
18 16 17 16
27 3 26 3
27 3 26 3
17 7 17 6
17 7 16 7
17 7 17 6
17 17 17 18
22 18 22 21
26 3 12 3
12 3 8 3
16 5 17 5
8 3 8 2
8 3 8 19
8 3 7 3

3543

2 2 = 4 = = = = = = = = = = 4 4 = = = 5 2 2 = 5 - - 1 2 4 
3 2 = = 6 = = 6 4 3 4 2 2 1 | 4 = = = 7       5   2 1 2 ǁ 
| 3 1   ǁ 4 4 ǁ 4 = 6 4 ǁ | | 4 4 2   | 2       4 2   ǁ ǁ 
| ǁ 3 = 6 5 ǁ ǁ | 3 = = 7 5 | 4 | |   | 4 = = 4 4   5 6 ǁ 
| ǁ 6 = 6 2 ǁ ǁ 3 5 2 3 | ǁ | ǁ | 4 1 | 4 6 3   6 4   ǁ ǁ 
| ǁ 4 3 4 3 4 ǁ 1 3 2 2 | ǁ | 3 | ǁ   | | ǁ     3 4 - 4 ǁ 
5 8 - - - - - 5 = = = = 5 4 | 1 | ǁ   | 1 5 2   4 4   2 ǁ 
2 ǁ 3 5 = = = = = = = = = = 6 = 6 6 3 |   4 3         3 4 
2 ǁ 5 7 = = = = = = = = = = = = = = = 7 - - - 5 5 1   3 | 
| ǁ | | 4 = = = = = = = = = = = = = = 8 = 4 2 2 4 2   3 | 
| ǁ 1 | 6 = = = = = = = = = = = = = 4 3   3 2 3 1 1   | | 
| ǁ   | 3 - - - - 2 - - - - - - - 1 4 2   4 2         | | 
4 8 = 6 = = = = = = = = = = = = = = = = = = = = = = 6 3 | 
4 6 3 | 4 = = = = = = = = = = 4 = = = = 4 = = = = = 7 5 4 
| | 4 | ǁ         2 = = 3 2 2 - 4 6 3     2 5 3 3 1 ǁ 4 | 
| | ǁ | 5 = = = = = = = 7 6 6 - 2 ǁ 2     3 7 = = = 8 6 | 
| | ǁ | | 3 - 5 = = = = 6 3 4     ǁ         4 - 5 4 | | | 
| | ǁ | | 5 3 6 4 4 = 4 4 4 4 - 3 7 3 1     | 3 8 5 | | | 
| | 4 | | ǁ   1 2     | 2 2     1 ǁ         | | ǁ 3 | | | 
| | ǁ | | ǁ 2 = 6 = = 6 = = 6 - 2 ǁ         | | ǁ 2 | | | 
| | ǁ | | ǁ     4 4 = 6 4 2 |   | ǁ         | | 5 3 | | | 
2 | ǁ | 3 6 = = 8 4   | 2 2 | 4 3 ǁ         | 1 | 3 | | | 
1 | ǁ | 2 |     2 2   | ǁ | | 2   ǁ 2 - - 3 4 2 | 4 | | | 
| | 3 | 1 6 = = = = = 7 8 4 |     ǁ |     | 1 2 | ǁ | | | 
| | | | 2 6 4         | 5 2 |     ǁ |     4 1 ǁ | ǁ | | 4 
| | | | ǁ 1 2         | 1   |     ǁ |     6 4 7 4 4 | | 3 
| | | 3 ǁ             4 = = 5 = = 6 4 - - 3 1 ǁ 4 | 5 5 2 
5 6 4 3 5 = = = = = = = = = = = = = = = 7   | 6 5 5 | 5 2 
3 3 4 4 3 - - - 1       2 = = = = = = = 4   1 2 1 2 2 5 2 
