29 29
1 2 0 5 4 5 0 0 0 0 0 2 2 0 0 4 1 2 0 0 0 0 5 2 3 0 0 4 2 
0 1 0 0 4 6 0 0 0 0 0 0 0 0 0 4 0 0 0 0 4 2 0 0 4 4 2 0 0 
0 0 0 0 2 0 2 0 0 0 0 0 0 0 0 0 0 0 0 0 0 0 6 0 0 0 0 7 4 
3 0 0 8 0 6 4 0 4 2 0 0 4 0 0 0 0 0 0 0 0 0 5 1 2 3 3 0 0 
4 6 4 0 2 0 4 0 7 0 6 2 2 0 6 3 1 0 0 0 0 0 0 0 0 2 0 0 2 
2 0 4 0 0 0 2 2 0 2 5 1 2 0 7 0 0 0 0 0 0 0 5 0 7 4 6 0 2 
2 0 0 0 0 6 6 3 0 0 4 0 0 0 5 0 0 3 2 0 0 0 0 1 3 1 0 0 3 
0 0 0 0 0 3 3 0 0 2 8 0 0 5 0 0 0 0 0 0 0 0 5 0 0 0 5 0 0 
5 6 5 0 0 0 0 0 0 0 2 0 0 4 2 1 0 5 0 4 3 1 0 1 0 0 3 0 0 
0 0 0 0 3 0 0 0 6 0 0 0 0 0 0 0 0 7 0 0 0 0 8 0 0 0 0 7 2 
4 0 1 0 2 0 0 0 0 4 0 0 5 3 0 0 0 6 0 5 4 2 0 1 2 2 1 0 1 
0 0 0 0 0 0 0 0 0 4 0 0 0 4 0 0 0 7 5 6 4 3 0 3 4 0 0 4 3 
0 0 0 0 0 0 0 0 0 2 0 0 0 2 2 0 4 0 2 0 2 2 0 0 0 4 2 1 0 
4 0 0 0 5 0 0 0 7 0 0 0 6 0 0 4 6 6 4 3 3 0 0 0 3 4 0 4 5 
2 0 0 0 3 3 3 0 6 0 0 0 0 0 4 0 0 0 4 3 4 0 0 0 4 4 1 0 3 
3 5 0 8 0 0 0 0 0 0 0 0 0 0 0 0 0 0 0 0 0 0 7 6 0 0 0 4 3 
0 0 4 7 0 0 0 0 0 0 6 0 0 0 0 0 0 0 0 4 4 2 0 0 3 3 2 3 2 
0 0 4 0 4 0 0 6 3 2 0 0 0 0 2 0 1 0 0 2 0 2 0 0 3 0 0 0 0 
0 0 6 7 8 6 2 0 4 4 0 0 0 0 4 0 6 0 0 0 5 0 0 0 0 0 0 0 0 
4 0 0 0 0 0 2 0 1 2 0 0 0 0 0 0 0 4 0 4 0 0 0 0 3 0 1 3 0 
0 0 0 0 0 4 5 0 0 0 0 0 0 0 0 0 0 0 0 0 0 0 0 0 0 0 0 0 0 
0 0 0 0 0 2 2 2 1 0 0 0 0 0 0 0 0 0 0 0 0 0 0 6 8 6 0 6 3 
0 0 0 0 0 3 0 3 0 0 0 0 0 0 0 0 0 0 0 4 0 0 0 0 2 2 0 6 1 
4 0 2 0 6 0 0 7 7 4 0 0 0 0 0 0 4 4 0 0 0 0 0 3 0 0 0 6 3 
4 0 3 5 4 2 0 2 3 1 0 0 0 0 0 0 0 0 0 0 0 0 0 3 3 1 0 0 3 
4 0 3 4 4 0 0 0 0 0 7 0 0 0 0 0 0 0 0 8 6 6 0 0 5 5 4 0 3 
0 0 2 3 2 2 0 4 0 0 5 0 2 2 0 6 0 4 0 6 3 3 0 0 1 0 0 2 0 
4 7 0 0 0 0 0 0 0 0 0 0 0 0 0 5 1 1 0 0 0 0 5 7 0 0 5 4 0 
1 5 0 0 0 0 0 0 0 0 0 0 0 0 0 0 0 0 0 0 0 0 0 5 2 0 0 4 2 
300 504
0 3 0 1
0 3 0 4
0 3 3 3
0 5 0 4
0 5 0 11
0 5 1 5
0 22 0 17
0 22 0 23
0 22 2 22
2 27 2 22
2 27 2 28
2 27 0 27
2 27 9 27
3 3 3 0
3 3 3 5
3 3 0 3
3 3 15 3
4 1 4 0
4 1 4 2
4 1 8 1
4 1 4 0
4 1 4 2
4 1 8 1
4 2 5 2
4 8 4 6
4 8 4 10
4 8 3 8
4 8 9 8
4 10 4 8
4 10 4 11
4 10 5 10
4 14 4 12
4 14 4 15
4 14 5 14
4 14 4 12
4 14 4 15
4 14 5 14
5 2 4 2
5 2 8 2
5 2 8 2
5 14 5 12
5 14 5 22
5 14 6 14
5 24 5 22
5 24 5 25
5 24 3 24
5 24 6 24
5 26 5 25
5 26 3 26
5 26 7 26
5 26 5 25
5 26 3 26
5 26 7 26
6 5 6 6
6 5 3 5
6 5 7 5
6 5 6 6
6 5 3 5
6 5 7 5
6 6 6 7
6 6 5 6
6 6 7 6
6 6 6 7
7 10 7 9
7 10 7 13
7 10 6 10
7 10 8 10
7 10 7 9
7 10 7 13
7 10 6 10
7 10 8 10
8 0 8 1
8 0 6 0
8 0 10 0
8 1 8 0
8 1 8 2
8 1 15 1
8 2 10 2
9 17 9 8
9 17 9 22
9 17 8 17
9 17 10 17
9 22 9 17
9 22 9 27
9 22 7 22
9 22 15 22
10 0 8 0
10 0 13 0
10 0 13 0
10 12 10 9
10 12 10 13
10 12 13 12
10 19 10 17
10 19 10 20
10 19 11 19
11 9 10 9
11 9 12 9
11 9 10 9
11 9 12 9
11 17 11 13
11 17 11 18
11 17 10 17
11 17 13 17
12 16 12 14
12 16 13 16
12 16 12 14
12 16 13 16
13 0 14 0
13 4 13 8
13 4 10 4
13 4 14 4
13 16 13 15
13 16 13 17
13 16 17 16
13 16 13 15
13 17 13 18
13 17 11 17
13 17 19 17
13 17 13 18
13 28 13 27
13 28 11 28
13 28 14 28
14 14 14 8
14 14 17 14
14 14 14 8
14 14 17 14
14 18 14 19
14 18 13 18
14 18 14 19
14 18 13 18
15 3 15 1
15 3 3 3
15 3 16 3
15 3 15 1
15 3 16 3
15 3 16 3
15 3 16 3
15 22 15 23
15 22 9 22
15 22 27 22
15 22 15 23
15 22 27 22
15 22 15 23
15 23 15 27
15 23 11 23
15 23 21 23
16 2 16 3
16 2 17 2
16 2 16 3
16 2 17 2
16 10 16 3
16 10 25 10
16 10 25 10
17 2 17 4
17 2 18 2
17 4 17 7
17 4 18 4
17 4 17 7
17 7 17 8
17 7 21 7
17 7 17 8
17 7 21 7
18 5 18 4
18 5 18 6
18 5 20 5
18 5 18 4
18 5 18 6
18 5 20 5
18 14 18 16
18 14 18 16
18 16 23 16
18 16 23 16
19 0 15 0
19 0 23 0
19 0 15 0
19 0 23 0
19 6 20 6
19 17 19 19
19 17 23 17
19 17 19 19
19 19 17 19
19 19 22 19
20 5 20 6
20 5 21 5
20 6 19 6
20 6 21 6
20 6 21 6
21 5 22 5
21 23 21 24
21 23 23 23
21 24 21 23
21 24 21 25
21 24 19 24
21 24 22 24
21 24 21 23
21 24 21 25
21 24 19 24
21 25 21 27
21 25 16 25
21 25 22 25
21 25 21 27
21 27 21 28
21 27 19 27
21 27 22 27
21 27 21 28
22 19 25 19
22 27 22 25
22 27 22 28
22 27 23 27
22 27 23 27
23 0 23 2
23 0 24 0
23 7 23 4
23 7 23 8
23 7 22 7
23 7 24 7
23 8 23 7
23 8 23 9
23 8 21 8
23 8 24 8
23 16 23 17
23 16 27 16
23 17 26 17
24 0 24 2
24 0 25 0
24 0 24 2
25 0 25 2
25 0 27 0
25 0 25 2
25 19 25 20
25 19 22 19
25 19 26 19
25 19 25 20
25 19 26 19
25 19 25 20
25 19 26 19
25 20 25 21
25 20 18 20
25 20 26 20
25 24 25 25
25 24 24 24
25 24 26 24
25 25 25 24
25 25 25 26
25 25 24 25
26 10 26 7
26 10 26 12
26 10 25 10
27 0 27 1
27 0 28 0
27 0 27 1
27 22 27 17
27 22 27 23
27 22 27 23
27 23 27 26
27 23 24 23
27 23 28 23
1 1 0 1
1 20 1 15
1 20 1 21
1 20 1 15
1 20 1 21
1 24 1 25
1 24 0 24
1 24 1 25
1 24 0 24
1 25 1 26
1 26 1 25
3 3 3 0
3 3 3 5
3 26 3 25
4 0 3 0
4 0 5 0
4 4 9 4
4 10 4 11
4 10 5 10
4 16 4 15
5 0 6 0
5 7 5 6
5 7 6 7
5 9 5 10
6 10 6 14
6 10 5 10
7 5 7 6
8 13 8 14
8 13 7 13
8 13 8 14
8 13 7 13
8 15 8 17
8 19 8 17
8 19 8 20
8 19 8 17
8 19 8 20
8 20 8 21
9 22 9 27
9 22 7 22
10 9 10 4
12 13 11 13
13 0 14 0
13 8 13 4
13 8 13 12
13 8 14 8
13 8 13 12
13 8 14 8
13 8 14 8
13 15 13 12
14 8 14 6
14 24 14 25
14 24 13 24
14 24 14 25
14 24 13 24
14 25 14 26
14 25 13 25
15 0 15 1
18 20 16 20
18 20 16 20
19 24 17 24
21 23 23 23
21 28 16 28
22 5 22 7
22 24 24 24
22 27 23 27
23 8 23 7
23 8 23 9
23 9 19 9
23 9 24 9
23 17 26 17
23 23 24 23
24 8 24 7
25 10 25 4
25 10 26 10
25 10 25 4
25 10 26 10
25 25 25 24
25 26 25 28
25 26 27 26
25 26 25 28
26 7 26 5
26 12 26 13
26 13 26 15
26 15 27 15
26 17 26 19
26 27 27 27
27 15 27 1
27 15 26 15
27 15 27 1
27 15 26 15
27 26 27 23
27 26 27 27
27 26 27 27
27 27 26 27
28 27 28 24
28 27 28 28
28 27 28 24
28 27 28 28
0 3 0 4
0 4 0 5
1 4 1 5
1 4 2 4
1 4 1 5
1 4 2 4
1 5 1 15
1 5 0 5
1 5 3 5
1 15 0 15
3 5 3 6
3 12 3 9
3 12 3 22
3 12 3 9
3 12 3 22
4 4 9 4
4 6 4 8
4 6 3 6
4 6 3 6
5 9 5 10
5 11 5 12
5 14 5 22
5 14 6 14
6 14 6 17
6 14 6 17
6 18 6 17
6 18 6 23
7 13 7 22
7 22 7 26
8 17 9 17
8 23 8 26
8 26 7 26
9 4 9 8
12 13 11 13
13 4 14 4
13 15 13 12
14 4 14 5
14 5 14 6
14 6 14 5
17 19 16 19
17 24 16 24
22 5 22 7
23 7 23 4
23 27 23 28
24 5 24 4
24 24 24 23
25 28 24 28
26 7 26 5
26 17 26 19
26 19 26 20
26 20 26 21
26 21 25 21
27 1 28 1
27 23 28 23
28 1 28 23
28 1 27 1
28 1 28 23
28 1 27 1
0 11 0 12
0 12 0 15
0 15 0 16
0 17 0 22
3 6 3 8
3 8 4 8
7 22 7 26
9 8 9 17
10 17 10 13
10 17 10 19
10 17 11 17
11 13 11 17
11 18 11 19
11 18 12 18
11 18 11 19
11 18 12 18
11 19 11 20
11 19 10 19
11 19 13 19
13 12 10 12
16 19 16 20
16 19 14 19
16 19 16 20
17 24 16 24
23 4 23 2
23 4 18 4
23 4 24 4
23 4 18 4
23 27 23 28
24 3 24 2
24 3 24 4
24 3 25 3
24 5 24 4
24 28 23 28
25 4 25 3
25 4 26 4
25 21 17 21
25 21 26 21
25 21 17 21
26 4 26 3
2 6 2 22
2 6 2 22
2 22 2 27
2 22 0 22
3 22 3 23
3 22 5 22
3 22 5 22
5 24 5 25
5 24 3 24
5 24 6 24
6 24 6 25
10 12 10 13
10 20 10 21
10 20 11 20
10 20 10 21
11 20 11 21
11 20 12 20
11 21 12 21
13 19 13 20
13 19 13 20
14 20 13 20
16 21 12 21
16 24 16 25
16 25 16 26
18 2 18 3
18 4 18 3
24 3 25 3
0 23 0 24
0 27 0 28
0 27 2 27
0 27 0 28
2 28 2 27
2 28 4 28
2 28 4 28
3 25 4 25
4 25 3 25
5 28 6 28
9 27 9 28
9 27 11 27
18 2 18 3
18 3 18 2
18 3 18 4
18 3 18 2
18 3 18 4
24 3 25 3
25 2 26 2
26 2 26 3
5 28 6 28
6 28 9 28
9 27 11 27
10 28 11 28

4845

1 2 - 5 4 5 - - - - - 2 2 - - 4 1 2 = = = = 5 2 3     4 2 
  1   ǁ 4 6 - - - - - - - - - 4 = = = = 4 2 ǁ   4 4 2 ǁ   
      ǁ 2 | 2 = = = = = = = = = = = = = = = 6 = = = = 7 4 
3 = = 8 = 6 4 - 4 2 = = 4 = = = = = = = = = 5 1 2 3 3 | ǁ 
4 6 4 ǁ 2 ǁ 4 = 7 = 6 2 2 = 6 3 1           ǁ   ǁ 2 ǁ | 2 
2 ǁ 4 ǁ ǁ ǁ 2 2 | 2 5 1 2 - 7 = = = = = = = 5 - 7 4 6 | 2 
2 ǁ ǁ ǁ ǁ 6 6 3 |   4 - - - 5 = = 3 2 - - - - 1 3 1 ǁ | 3 
| ǁ ǁ ǁ ǁ 3 3   | 2 8 = = 5 - - - - - - - - 5 = = = 5 | | 
5 6 5 ǁ ǁ       |   2     4 2 1 - 5 = 4 3 1 ǁ 1 - - 3 | | 
ǁ | | ǁ 3 - - - 6 = = = = = = = = 7 = = = = 8 = = = = 7 2 
4 | 1 ǁ 2 - - - - 4 - - 5 3 - - - 6 = 5 4 2 ǁ 1 2 2 1 ǁ 1 
ǁ |   ǁ |         4     ǁ 4 = = = 7 5 6 4 3 ǁ 3 4     4 3 
ǁ |   ǁ |         2     ǁ 2 2 = 4 ǁ 2 | 2 2 ǁ |   4 2 1 | 
4 |   ǁ 5 = = = 7 = = = 6 = = 4 6 6 4 3 3 | ǁ | 3 4   4 5 
2 |   ǁ 3 3 3 - 6 = = = = = 4   | | 4 3 4 | ǁ | 4 4 1   3 
3 5 = 8                     ǁ   | |   |   | 7 6 - - - 4 3 
ǁ   4 7 - - - - - - 6       ǁ   | |   4 4 2 ǁ | 3 3 2 3 2 
ǁ   4 - 4 = = 6 3 2 ǁ       2   1 |   2 ǁ 2 ǁ | 3 |     | 
ǁ   6 7 8 6 2 ǁ 4 4 ǁ       4 = 6 |   | 5 ǁ ǁ | | |     | 
4       ǁ ǁ 2 ǁ 1 2 ǁ           ǁ 4 = 4 | ǁ ǁ | 3 | 1 3 | 
ǁ       ǁ 4 5 ǁ   | ǁ           ǁ |   | | ǁ ǁ | ǁ |   | | 
ǁ       ǁ 2 2 2 1 | ǁ           ǁ |   | | ǁ ǁ 6 8 6 = 6 3 
ǁ       ǁ 3 = 3 | | ǁ           ǁ |   4 | ǁ ǁ ǁ 2 2 - 6 1 
4 - 2 - 6 = = 7 7 4 ǁ           4 4   ǁ | ǁ ǁ 3 |     6 3 
4 = 3 5 4 2   2 3 1 ǁ           | ǁ   ǁ | ǁ ǁ 3 3 1     3 
4 = 3 4 4 = = = = = 7           | ǁ   8 6 6 ǁ | 5 5 4 = 3 
|   2 3 2 2 = 4 - - 5 - 2 2 - 6 | 4 = 6 3 3 ǁ | 1   | 2   
4 7 = = = = = = = = = = = = = 5 1 1 - - - - 5 7 = = 5 4   
1 5 = = = = = = = = = = = = = = = = = = = = = 5 2 = = 4 2 
