29 29
3 0 2 2 6 0 2 2 0 4 0 2 0 3 0 0 0 0 0 0 4 0 2 2 5 0 3 1 2 
5 6 0 0 8 0 0 0 0 6 0 0 0 0 0 0 0 0 0 0 6 0 0 0 8 2 0 0 0 
0 4 2 2 0 3 2 2 0 5 0 0 0 0 0 0 0 0 6 4 0 4 6 4 0 2 7 3 0 
0 3 1 0 4 0 2 3 2 0 1 3 0 0 6 0 2 0 0 0 0 0 2 2 0 2 5 3 3 
2 0 3 6 2 5 0 0 0 7 0 0 0 0 6 0 0 3 0 4 0 6 0 0 8 0 0 6 2 
1 0 1 0 2 5 0 2 0 0 2 0 0 0 4 0 0 0 0 0 0 2 4 4 0 4 2 0 2 
4 6 0 6 0 0 0 0 0 7 0 0 0 0 8 2 0 0 3 0 0 2 0 2 0 4 0 4 0 
1 0 0 4 0 2 0 0 0 0 3 2 0 0 0 0 0 0 1 0 0 0 0 0 0 2 0 0 6 
2 5 0 0 0 2 0 0 0 0 0 2 0 4 0 0 0 0 0 0 0 4 0 0 0 1 0 0 0 
0 0 2 4 0 0 0 0 0 0 5 0 2 0 0 0 0 0 0 0 0 0 0 0 0 3 0 0 6 
0 0 2 0 0 0 0 0 0 0 0 0 2 0 0 0 0 0 0 0 0 0 0 0 0 3 0 3 0 
0 0 3 6 0 0 1 0 0 0 0 2 7 4 0 0 0 0 0 0 0 0 0 2 0 3 1 0 0 
0 0 0 0 0 0 0 0 0 0 0 0 0 0 0 0 0 0 1 3 0 0 0 0 0 1 2 0 0 
0 0 0 0 0 0 0 0 0 0 6 0 7 0 8 0 2 0 3 4 0 0 0 3 0 0 4 0 0 
0 0 0 0 0 0 0 0 0 0 0 0 0 1 3 2 0 6 3 2 0 0 0 0 0 0 0 0 0 
0 0 0 0 0 0 0 0 0 0 0 0 0 0 0 0 0 0 1 0 0 0 0 0 0 0 0 0 0 
0 0 0 0 0 0 0 0 0 0 0 0 0 2 0 0 0 0 0 0 0 0 0 0 0 0 0 0 0 
0 4 0 7 0 0 0 2 0 0 5 3 2 0 0 0 0 5 5 2 0 0 0 0 0 5 7 6 3 
0 1 0 4 0 0 0 2 0 0 2 4 4 5 0 1 0 2 0 0 0 0 0 0 0 0 0 4 2 
5 0 0 0 0 0 0 0 0 7 0 0 0 0 0 0 0 0 0 0 5 7 6 5 0 0 0 4 4 
0 2 0 0 0 0 4 3 2 0 1 0 2 1 2 0 4 3 1 2 0 0 2 0 0 0 0 0 2 
3 0 0 0 5 1 0 3 2 0 4 0 6 5 0 0 6 4 0 0 0 3 0 0 0 2 0 0 2 
2 2 2 1 2 0 0 0 0 0 4 2 0 3 0 2 0 0 0 0 0 0 0 4 0 0 0 0 4 
0 0 3 0 0 0 8 7 5 6 0 0 7 0 0 0 0 0 5 6 0 1 0 2 0 0 0 0 0 
0 4 6 0 4 2 0 2 2 4 4 2 2 1 0 0 0 0 3 2 0 2 6 0 6 0 6 4 0 
4 0 6 0 0 0 7 0 0 0 0 0 0 0 0 0 0 0 0 0 8 0 0 4 0 0 0 4 0 
2 0 7 2 3 0 6 0 0 0 0 0 0 4 2 2 0 0 5 0 7 0 5 0 4 4 2 0 0 
4 0 7 3 2 1 6 0 0 0 0 0 0 0 0 0 3 0 2 3 3 3 7 2 2 3 0 5 0 
2 2 4 2 2 0 5 0 2 0 1 0 2 0 0 0 5 2 1 3 2 3 4 3 3 2 0 4 4 
300 443
0 4 0 3
0 4 0 6
0 4 1 4
0 4 0 3
0 4 0 6
0 4 1 4
0 24 0 23
0 24 0 26
0 24 1 24
1 0 1 1
1 0 0 0
1 0 4 0
1 1 1 0
1 1 1 4
1 1 2 1
1 1 1 0
1 1 1 4
1 4 1 9
1 4 3 4
1 24 1 20
1 24 1 25
1 24 0 24
1 24 4 24
1 24 1 20
1 24 1 25
1 24 0 24
2 1 2 2
2 1 3 1
2 1 2 2
2 3 4 3
2 18 2 9
2 18 2 19
2 18 6 18
2 18 2 9
2 18 2 19
2 18 6 18
2 19 2 21
2 19 4 19
2 21 2 22
2 21 4 21
2 21 2 22
2 22 2 23
2 22 3 22
2 22 2 23
2 22 3 22
2 23 3 23
2 26 2 25
2 26 2 27
2 26 0 26
2 26 3 26
3 14 3 11
3 14 3 16
3 14 4 14
3 14 3 11
3 14 3 16
3 14 4 14
4 9 4 5
4 9 4 14
4 9 2 9
4 9 6 9
4 14 4 9
4 14 4 17
4 14 5 14
4 17 14 17
4 19 4 21
4 19 12 19
4 19 4 21
5 14 5 10
5 14 6 14
5 14 5 10
6 0 6 1
6 0 5 0
6 0 7 0
6 0 6 1
6 1 6 3
6 1 3 1
6 1 8 1
6 1 6 3
6 3 6 9
6 3 4 3
6 3 7 3
6 3 6 9
6 18 7 18
7 3 7 5
7 3 9 3
7 3 7 5
7 28 7 25
7 28 5 28
7 28 9 28
7 28 7 25
7 28 5 28
7 28 9 28
8 1 8 0
8 1 17 1
8 1 8 0
8 1 17 1
8 13 8 11
8 13 11 13
8 13 8 11
8 13 11 13
9 28 9 25
9 28 17 28
11 12 11 11
11 12 11 13
11 12 10 12
11 12 13 12
11 13 11 12
13 10 13 12
13 10 9 10
13 10 17 10
13 10 13 12
13 10 9 10
13 10 17 10
13 14 13 12
13 14 13 16
13 14 6 14
13 14 14 14
13 14 13 12
13 14 13 16
13 14 6 14
13 14 14 14
17 1 17 3
17 1 18 1
17 3 17 7
17 3 11 3
17 3 18 3
17 26 17 25
17 26 17 27
17 26 13 26
17 26 24 26
19 9 19 0
19 9 19 20
19 9 6 9
19 9 23 9
19 21 19 20
19 21 19 22
19 21 8 21
19 21 21 21
19 23 19 22
19 23 13 23
19 23 22 23
21 4 21 0
21 4 21 5
21 4 22 4
22 28 21 28
22 28 28 28
22 28 21 28
22 28 28 28
23 6 23 2
23 6 23 7
23 6 20 6
23 6 25 6
23 6 23 2
23 6 23 7
23 6 20 6
23 6 25 6
23 7 23 8
23 7 21 7
23 7 24 7
23 12 23 9
23 12 23 18
23 12 21 12
23 12 24 12
25 6 25 2
25 6 25 20
25 6 26 6
25 20 25 6
25 20 25 23
25 20 19 20
25 20 26 20
26 2 26 0
26 2 26 3
26 2 25 2
26 2 27 2
26 13 26 6
26 13 26 14
26 13 26 6
26 13 26 14
26 15 26 18
26 22 26 20
26 22 26 24
26 22 27 22
27 27 27 25
27 27 25 27
27 27 28 27
28 6 28 4
28 6 28 8
28 6 27 6
28 16 28 12
28 16 28 17
28 16 27 16
28 28 28 27
28 28 28 27
0 0 0 2
0 0 0 2
0 7 0 9
0 23 0 22
1 4 1 9
1 4 3 4
1 9 1 20
1 9 0 9
1 9 2 9
1 9 1 20
1 20 0 20
2 3 4 3
2 23 3 23
3 1 3 2
3 4 3 6
3 4 4 4
3 8 3 7
3 10 3 11
4 17 14 17
5 2 4 2
5 5 5 4
5 5 5 7
5 5 4 5
5 7 5 5
6 15 6 14
6 27 6 25
6 27 4 27
6 27 6 25
6 27 4 27
7 11 7 10
9 3 9 2
9 3 11 3
9 3 9 2
9 28 9 25
9 28 17 28
10 2 11 2
11 3 11 2
11 3 11 6
11 3 17 3
11 3 11 2
11 11 11 12
14 17 14 15
14 17 14 18
14 17 17 17
14 17 14 15
17 3 17 7
17 3 18 3
17 18 17 17
17 18 17 19
17 18 15 18
18 3 18 7
18 7 18 3
18 13 18 12
18 13 18 15
18 13 16 13
18 17 17 17
19 0 19 9
19 0 21 0
19 0 21 0
20 1 20 6
20 6 20 1
20 28 19 28
21 4 22 4
21 16 21 13
21 16 21 17
21 16 20 16
21 16 21 13
21 16 21 17
21 16 20 16
21 17 20 17
22 3 22 2
22 10 22 11
22 10 21 10
22 10 22 11
22 10 21 10
22 15 22 13
22 23 19 23
22 23 23 23
22 23 23 23
23 19 23 18
23 19 20 19
23 19 24 19
23 19 23 18
23 19 20 19
23 19 24 19
24 1 24 2
24 1 22 1
24 1 24 2
24 1 22 1
24 2 24 4
24 2 23 2
24 2 25 2
24 2 24 4
24 4 24 5
24 5 24 4
24 10 24 9
24 10 24 11
24 10 24 9
24 10 24 11
24 22 24 21
24 22 24 24
24 22 20 22
24 22 24 21
24 22 24 24
24 22 20 22
24 24 24 26
24 24 4 24
24 24 26 24
24 24 24 26
24 26 24 27
24 26 17 26
24 26 26 26
24 27 19 27
24 27 25 27
24 27 19 27
25 2 25 0
25 2 25 6
25 2 26 2
25 20 25 23
25 20 19 20
25 20 26 20
25 27 27 27
26 15 26 18
26 26 26 25
28 27 28 25
0 7 0 9
0 9 0 11
0 11 0 13
0 13 0 20
0 22 0 20
1 20 0 20
2 5 2 6
3 8 3 7
4 2 4 3
4 3 4 2
4 3 4 4
4 27 4 24
4 27 4 28
4 27 3 27
4 27 4 24
4 28 3 28
5 4 5 5
5 23 5 22
5 23 6 23
5 23 5 22
5 23 6 23
5 25 5 26
5 25 6 25
5 25 5 26
5 25 6 25
6 14 6 9
6 14 6 15
6 14 6 9
7 11 7 10
8 21 6 21
8 21 19 21
8 21 6 21
8 25 9 25
11 23 13 23
13 26 12 26
13 26 17 26
13 26 12 26
14 14 14 13
16 13 18 13
18 13 18 12
18 17 17 17
19 22 19 21
19 22 19 23
19 22 5 22
19 27 19 28
19 27 18 27
19 28 18 28
19 28 20 28
20 16 20 14
20 16 20 17
21 10 21 12
21 10 20 10
21 12 21 13
21 12 20 12
21 12 23 12
21 12 21 13
21 17 20 17
21 21 19 21
21 21 23 21
21 25 17 25
22 0 25 0
22 0 25 0
22 13 22 15
22 13 21 13
24 9 24 8
24 9 23 9
25 0 26 0
26 2 26 3
26 2 27 2
26 25 26 24
26 25 27 25
26 25 26 24
27 0 27 2
27 0 28 0
27 0 27 2
27 0 28 0
27 27 27 25
28 1 28 2
28 25 28 24
2 5 2 6
2 7 2 9
2 7 3 7
4 5 4 9
4 9 6 9
4 24 4 21
5 22 5 21
7 10 9 10
9 10 9 12
11 23 13 23
11 26 11 25
17 17 17 18
17 18 17 19
17 25 17 26
17 25 12 25
17 25 21 25
17 27 17 28
17 27 10 27
17 27 18 27
17 27 10 27
17 27 18 27
18 12 18 11
18 12 17 12
18 27 18 28
19 9 19 20
19 9 23 9
20 12 20 13
20 18 23 18
28 1 28 2
28 2 28 3
28 2 27 2
4 24 4 21
5 21 4 21
9 10 9 12
10 12 11 12
10 27 10 25
11 25 10 25
13 12 17 12
18 11 18 10
18 11 17 11
18 11 18 10
27 2 27 3
27 2 27 3
10 25 11 25
17 10 17 11
17 11 17 10

3050

3 = 2 2 6 = 2 2 = 4 - 2 - 3 - - - - - - 4 - 2 2 5 - 3 1 2 
5 6 = = 8 = = = = 6 = = = = = = = = = = 6 = = = 8 2 |     
| 4 2 2 ǁ 3 2 2 - 5 = = = = = = = = 6 4 - 4 6 4 | 2 7 3   
| 3 1 ǁ 4 - 2 3 2 | 1 3 = = 6 = 2   ǁ |   | 2 2 | 2 5 3 3 
2 | 3 6 2 5 = = = 7 = = = = 6 - - 3 ǁ 4 = 6 = = 8 = = 6 2 
1 | 1 | 2 5 = 2   ǁ 2 = = = 4     ǁ ǁ |   2 4 4 | 4 2 ǁ 2 
4 6 = 6 = = = = = 7 = = = = 8 2   ǁ 3 |   2 | 2 | 4 = 4 ǁ 
1 |   4 = 2       | 3 2     ǁ     ǁ 1 |   ǁ |   | 2 = = 6 
2 5   |   2       | | 2 = 4 ǁ     ǁ   |   4 |   | 1     ǁ 
  ǁ 2 4           | 5 = 2 ǁ ǁ     ǁ   |   ǁ |   | 3 = = 6 
  ǁ 2 |           | ǁ   2 ǁ ǁ     ǁ   |   ǁ |   | 3 - 3 ǁ 
  ǁ 3 6 - - 1     | ǁ 2 7 4 ǁ     ǁ   |   ǁ | 2 | 3 1 ǁ ǁ 
  ǁ   ǁ           | ǁ   |   ǁ     ǁ 1 3   ǁ | ǁ | 1 2 ǁ ǁ 
  ǁ   ǁ           | 6 = 7 = 8 = 2 ǁ 3 4   ǁ | 3 | | 4 ǁ ǁ 
  ǁ   ǁ           | ǁ   | 1 3 2 = 6 3 2   ǁ | | | | ǁ ǁ ǁ 
  ǁ   ǁ           | ǁ   |         | 1     ǁ | | | | ǁ ǁ ǁ 
  ǁ   ǁ           | ǁ   | 2       | |     ǁ | | | | ǁ ǁ ǁ 
  4 - 7 = = = 2   | 5 3 2 ǁ       5 5 2   ǁ | | | 5 7 6 3 
  1   4 = = = 2   | 2 4 4 5 - 1   2       ǁ | | | ǁ ǁ 4 2 
5 = = = = = = = = 7 = = = = = = = = = = 5 7 6 5 | ǁ ǁ 4 4 
ǁ 2 = = = = 4 3 2 ǁ 1   2 1 2 - 4 3 1 2 ǁ ǁ 2 ǁ | ǁ ǁ ǁ 2 
3 - - - 5 1 ǁ 3 2 ǁ 4 - 6 5 = = 6 4 | ǁ ǁ 3 ǁ ǁ | 2 ǁ ǁ 2 
2 2 2 1 2   ǁ |   ǁ 4 2 ǁ 3 = 2     | ǁ ǁ | ǁ 4 |   ǁ ǁ 4 
ǁ ǁ 3 = = = 8 7 5 6 - - 7 - - - - - 5 6 ǁ 1 ǁ 2 |   ǁ ǁ ǁ 
ǁ 4 6 = 4 2 ǁ 2 2 4 4 2 2 1         3 2 ǁ 2 6 = 6 = 6 4 ǁ 
4 - 6 = = = 7 = = = = = = = = = = = = = 8 = = 4 |   | 4 ǁ 
2 - 7 2 3   6 = = = = = = 4 2 2 = = 5   7 - 5 - 4 4 2 ǁ ǁ 
4 = 7 3 2 1 6                   3   2 3 3 3 7 2 2 3 = 5 ǁ 
2 2 4 2 2 - 5 - 2   1   2 - - - 5 2 1 3 2 3 4 3 3 2 - 4 4 
