29 29
4 6 4 0 5 0 5 0 0 0 0 0 0 0 0 0 0 0 0 0 0 0 0 0 0 0 6 5 4 
4 0 2 4 2 2 5 0 0 0 0 0 0 0 4 0 0 0 2 2 5 0 2 3 4 0 0 2 0 
5 6 0 6 0 0 0 0 0 0 0 3 2 0 0 5 0 0 0 0 4 3 0 0 7 0 7 4 4 
4 5 1 0 0 0 0 0 0 0 0 3 0 4 0 5 0 0 2 1 0 1 2 0 5 2 0 3 1 
6 7 0 5 0 0 0 0 0 0 0 0 0 0 0 0 0 0 0 0 5 0 0 0 0 0 4 0 2 
2 0 0 0 1 4 3 4 2 2 0 0 0 0 2 0 0 5 5 4 0 3 0 5 0 6 2 0 0 
0 0 4 5 0 5 0 0 0 3 0 0 0 0 0 0 0 0 0 0 0 5 1 0 0 0 2 0 0 
0 0 5 0 6 0 0 0 0 0 0 0 0 0 0 0 0 7 7 5 0 4 0 0 0 0 6 5 0 
4 8 5 1 0 3 0 0 0 0 0 0 2 0 0 0 0 0 4 0 0 6 0 7 2 0 0 0 4 
4 6 6 3 0 3 3 0 0 4 0 0 5 0 0 0 0 5 4 3 0 4 5 5 1 0 0 1 0 
5 8 2 0 0 0 0 0 0 0 0 0 3 2 0 0 0 3 2 0 0 1 2 1 0 0 0 2 0 
5 7 0 0 7 0 0 0 0 0 0 0 0 0 0 0 0 0 0 6 6 0 0 0 0 6 0 0 0 
4 5 3 0 0 3 0 0 0 0 5 0 0 0 0 0 4 4 1 0 0 2 4 2 2 0 0 0 0 
0 0 0 0 0 0 0 0 0 2 0 0 2 0 0 0 0 0 1 0 0 3 7 7 5 0 0 5 4 
0 0 0 0 0 0 0 0 0 0 0 0 0 0 0 0 0 2 0 0 0 4 0 0 3 0 0 0 1 
1 0 0 0 0 6 0 0 0 4 0 0 0 0 0 0 0 0 0 0 0 4 0 0 0 0 5 7 5 
0 0 0 0 0 0 0 0 0 0 4 0 7 0 0 0 0 6 4 0 3 0 0 2 0 0 0 6 4 
0 0 0 0 0 0 4 0 0 0 0 0 6 3 0 2 2 0 0 0 0 0 0 2 4 0 0 4 2 
0 0 5 2 0 0 6 0 0 0 0 0 6 0 0 0 6 0 0 0 0 0 0 0 1 0 0 4 0 
2 4 4 3 0 0 4 0 0 0 0 0 3 1 0 0 3 2 3 0 0 0 0 0 0 0 0 6 6 
0 4 2 0 0 0 0 0 0 0 2 0 0 0 4 0 0 0 4 0 4 5 6 0 0 6 0 0 2 
0 0 0 0 0 0 0 0 0 0 0 0 0 0 0 0 0 0 0 0 1 4 6 4 4 4 0 0 2 
0 4 3 3 0 6 0 0 0 0 0 0 0 0 0 0 0 0 0 6 0 0 0 0 0 0 5 5 4 
0 3 2 0 0 4 0 3 0 0 2 0 3 0 5 2 2 5 2 0 3 2 2 4 0 0 6 4 1 
5 0 0 0 5 0 0 0 0 0 0 0 0 0 4 0 0 5 2 0 3 1 1 0 2 3 0 4 1 
6 0 2 0 0 1 0 3 3 4 4 0 0 0 0 4 0 0 0 5 0 0 3 2 0 2 0 0 1 
2 0 0 0 0 4 0 6 0 0 0 0 0 0 0 0 0 0 0 6 3 0 0 0 0 0 0 0 0 
0 0 0 0 3 6 0 7 3 4 2 2 0 0 0 0 0 0 0 6 0 5 8 5 6 0 7 7 5 
0 0 0 0 4 6 4 5 0 3 0 0 0 0 0 4 0 0 0 4 1 3 5 1 2 2 4 1 2 
300 505
0 0 0 1
0 0 1 0
0 0 0 1
0 0 1 0
0 1 0 2
0 1 2 1
0 4 0 2
0 4 0 6
0 4 1 4
0 26 0 6
0 26 0 27
0 26 2 26
0 26 0 6
0 26 0 27
0 26 2 26
0 28 0 27
0 28 2 28
0 28 0 27
0 28 2 28
1 0 2 0
1 20 1 19
1 20 1 22
1 20 2 20
1 24 1 23
1 24 2 24
1 24 1 23
1 24 2 24
2 15 2 12
2 15 2 20
2 15 3 15
2 24 2 21
2 24 2 26
2 24 3 24
2 28 2 27
2 28 3 28
4 0 4 1
4 0 3 0
4 0 5 0
4 0 4 1
4 0 3 0
4 0 5 0
4 1 4 3
4 1 3 1
4 1 8 1
5 17 5 14
5 17 5 18
5 17 7 17
5 23 5 21
5 23 5 25
5 23 8 23
6 2 6 3
6 2 7 2
6 2 6 3
6 2 7 2
6 21 6 22
6 21 5 21
6 21 7 21
7 18 7 17
7 18 7 19
7 18 5 18
7 18 8 18
7 26 7 27
7 26 6 26
7 26 15 26
7 26 7 27
7 26 6 26
7 26 15 26
7 27 3 27
7 27 9 27
7 27 3 27
8 0 8 1
8 0 9 0
8 0 8 1
8 0 9 0
8 1 8 2
8 1 4 1
8 1 9 1
8 28 4 28
8 28 13 28
8 28 4 28
8 28 13 28
9 0 9 1
9 0 10 0
9 1 9 2
9 1 8 1
9 1 10 1
9 1 9 2
9 2 9 3
9 2 8 2
9 2 10 2
9 2 9 3
9 22 9 21
9 22 9 23
9 22 10 22
10 0 10 1
10 0 11 0
10 1 10 0
10 1 10 2
10 1 11 1
10 1 10 0
10 1 11 1
10 1 11 1
10 27 13 27
11 0 11 1
11 0 12 0
11 4 11 1
11 4 11 19
11 4 7 4
11 4 24 4
11 25 11 20
11 25 5 25
11 25 20 25
11 25 11 20
11 25 5 25
11 25 20 25
12 10 12 5
12 10 12 16
12 10 16 10
13 9 15 9
13 22 13 21
13 22 13 23
13 22 12 22
13 22 20 22
13 24 13 23
13 24 12 24
13 24 14 24
13 28 13 27
13 28 14 28
15 5 15 9
15 5 12 5
15 5 22 5
15 5 15 9
15 5 12 5
15 5 22 5
15 9 13 9
15 21 14 21
15 21 20 21
15 21 14 21
15 21 20 21
15 27 15 26
15 27 15 28
15 27 13 27
15 27 16 27
15 28 15 27
15 28 16 28
15 28 15 27
15 28 16 28
16 12 16 10
16 12 16 17
16 12 13 12
16 12 17 12
16 27 16 28
16 27 15 27
16 27 17 27
16 27 16 28
16 27 17 27
17 6 17 12
17 6 18 6
17 6 17 12
17 6 18 6
17 12 17 13
17 12 16 12
17 12 18 12
17 27 17 28
17 27 18 27
17 28 19 28
18 2 18 3
18 2 12 2
18 2 19 2
18 6 18 12
18 6 19 6
18 6 18 12
18 6 19 6
18 16 18 12
18 16 17 16
18 16 19 16
18 16 18 12
18 16 17 16
18 16 19 16
18 27 19 27
18 27 19 27
19 6 19 12
19 6 28 6
19 27 19 28
19 27 18 27
19 27 22 27
19 27 19 28
19 28 20 28
20 25 20 22
20 25 21 25
20 25 20 22
20 25 21 25
21 25 21 24
21 25 24 25
22 5 23 5
22 26 22 27
22 26 15 26
22 26 23 26
23 5 22 5
23 5 25 5
23 5 22 5
23 26 23 27
23 26 22 26
23 26 27 26
23 26 23 27
23 26 22 26
24 0 24 4
24 0 19 0
24 0 25 0
24 14 24 17
24 14 23 14
24 14 24 17
24 14 23 14
25 0 25 2
25 0 24 0
25 0 26 0
25 0 25 2
25 0 24 0
26 0 26 5
26 5 27 5
26 7 26 19
26 7 25 7
26 7 27 7
26 7 26 19
26 7 25 7
26 7 27 7
26 19 26 20
26 19 25 19
26 19 27 19
26 19 26 20
27 5 27 4
27 5 26 5
27 5 28 5
27 5 27 4
27 5 26 5
27 19 27 11
27 19 27 21
27 19 28 19
27 19 27 11
27 19 27 21
27 22 27 21
27 22 27 23
27 22 25 22
27 22 28 22
27 22 27 21
27 22 27 23
27 22 25 22
27 22 28 22
27 26 27 24
27 26 27 27
27 26 28 26
27 27 27 26
27 27 27 28
27 27 24 27
27 27 28 27
27 28 27 27
27 28 25 28
27 28 28 28
28 4 28 5
28 4 27 4
28 4 28 5
28 6 28 5
28 6 28 7
28 6 28 5
28 7 28 9
28 7 27 7
28 15 28 9
28 15 28 19
28 15 28 9
28 15 28 19
28 19 28 20
28 22 28 21
28 22 28 23
28 22 28 21
28 26 28 25
28 26 27 26
28 26 28 25
28 28 27 28
0 1 0 2
0 1 2 1
0 2 0 4
0 27 1 27
1 0 2 0
1 14 1 6
1 14 1 18
1 14 1 6
1 14 1 18
1 19 1 20
1 23 1 22
1 27 2 27
2 1 2 0
2 1 2 3
2 1 3 1
2 1 2 0
2 3 2 11
2 3 1 3
2 3 4 3
2 3 2 11
2 3 1 3
2 27 2 26
2 27 3 27
3 0 3 1
3 0 2 0
3 1 3 2
3 1 4 1
5 7 5 6
5 7 5 8
5 7 5 6
5 7 5 8
5 25 5 23
5 25 5 26
5 25 3 25
5 26 4 26
8 1 8 2
9 3 8 3
10 27 13 27
11 0 11 1
11 0 12 0
11 20 11 19
11 20 4 20
11 20 16 20
11 20 11 19
12 0 12 1
12 0 15 0
12 10 12 16
12 10 16 10
12 16 12 17
14 21 13 21
16 10 16 12
17 13 17 15
17 15 17 13
18 12 19 12
18 24 17 24
19 0 19 1
19 28 20 28
20 22 20 21
20 22 13 22
20 22 21 22
21 22 21 21
21 22 21 23
21 22 23 22
21 22 21 21
21 22 21 23
21 23 21 24
21 23 23 23
21 24 24 24
21 28 22 28
23 23 23 22
23 23 25 23
23 23 25 23
24 4 11 4
25 9 25 8
25 9 25 10
25 9 25 8
25 9 25 10
25 10 25 15
25 10 23 10
25 15 25 19
25 25 24 25
26 20 24 20
27 7 27 8
27 7 28 7
27 7 27 8
27 7 28 7
27 8 27 9
27 9 27 10
27 10 27 9
27 23 27 24
27 26 27 24
27 27 24 27
28 4 28 5
28 21 27 21
28 24 27 24
28 24 27 24
1 2 1 3
1 3 1 2
1 20 2 20
2 26 2 24
2 26 4 26
2 26 4 26
3 25 3 24
4 20 4 3
4 20 2 20
4 20 4 3
5 19 5 18
5 19 7 19
5 19 5 18
5 19 7 19
7 21 6 21
7 21 8 21
7 21 6 21
8 2 7 2
8 2 7 2
11 19 11 4
11 19 9 19
11 19 22 19
12 16 12 17
12 17 12 18
12 17 14 17
13 12 16 12
13 18 16 18
14 17 16 17
14 21 13 21
16 17 16 18
16 17 19 17
16 18 16 17
16 18 19 18
16 20 20 20
17 24 17 23
17 24 14 24
17 24 17 23
21 24 24 24
21 28 22 28
22 19 25 19
22 28 22 27
22 28 23 28
23 27 22 27
23 27 24 27
24 25 25 25
24 27 24 28
25 8 25 7
25 15 25 19
25 19 22 19
25 22 24 22
27 23 27 24
2 15 2 12
2 15 3 15
2 21 2 24
2 21 3 21
3 13 3 11
3 13 3 15
3 13 3 11
3 13 3 15
3 15 3 18
3 18 3 19
3 22 3 24
3 24 3 22
4 3 6 3
5 21 5 23
6 3 6 5
6 3 6 5
7 2 7 4
7 4 7 17
7 4 11 4
7 4 7 17
8 23 8 21
8 23 8 24
8 23 9 23
9 9 9 6
9 9 9 12
9 9 9 6
9 9 9 12
11 1 12 1
12 21 12 22
13 22 13 23
13 22 12 22
14 24 13 24
16 17 19 17
16 20 20 20
16 23 13 23
19 18 20 18
20 20 20 21
20 20 21 20
20 21 21 21
21 21 23 21
23 7 23 10
23 17 23 16
23 17 23 18
23 17 24 17
2 11 3 11
5 4 5 5
5 5 5 6
5 5 6 5
5 5 6 5
6 5 6 9
6 9 5 9
8 21 8 23
8 21 9 21
8 21 9 21
8 21 9 21
8 23 8 24
8 23 9 23
9 6 9 5
9 22 9 23
9 22 10 22
9 24 9 23
12 21 12 22
16 23 13 23
19 18 20 18
20 10 20 14
20 18 20 14
20 18 23 18
23 12 23 14
23 17 23 16
23 17 24 17
24 17 24 18
6 9 5 9
9 5 8 5
19 12 19 13
20 10 20 14
20 14 23 14
23 12 23 14
5 14 5 17
9 5 8 5
8 5 8 12

3598

4 6 4 = 5 - 5 = = = = = = = = = = = = = = = = = = = 6 5 4 
4 ǁ 2 4 2 2 5 = = = = = = = 4 = = = 2 2 5 - 2 3 4   ǁ 2 ǁ 
5 6 - 6 = = = = = = = 3 2 = = 5 - - - - 4 3 = = 7 = 7 4 4 
4 5 1 |               3 = 4 = 5 - - 2 1 | 1 2 = 5 2 ǁ 3 1 
6 7 - 5 = = = = = = = = = = = = = = = = 5         | 4 ǁ 2 
2 ǁ   | 1 4 3 4 2 2         2 = = 5 5 4 | 3 = 5 = 6 2 ǁ ǁ 
  ǁ 4 5 = 5 - - - 3               | | ǁ | 5 1 |   ǁ 2 ǁ ǁ 
  ǁ 5 - 6 = = = = = = = = = = = = 7 7 5 | 4   |   ǁ 6 5 ǁ 
4 8 5 1 ǁ 3 - - - - - - 2           4   | 6 = 7 2 ǁ ǁ | 4 
4 6 6 3 ǁ 3 3 = = 4 = = 5         5 4 3 | 4 5 5 1 ǁ ǁ 1 ǁ 
5 8 2   ǁ               3 2       3 2 | | 1 2 1   ǁ ǁ 2 ǁ 
5 7 - - 7 = = = = = = = = = = = = = = 6 6 = = = = 6 ǁ ǁ ǁ 
4 5 3   ǁ 3 - - - - 5 = = = = = 4 4 1 | | 2 4 2 2 ǁ ǁ ǁ ǁ 
|   |   ǁ ǁ       2 ǁ   2         | 1 | | 3 7 7 5 ǁ ǁ 5 4 
|   |   ǁ ǁ       ǁ ǁ   ǁ         2 | | | 4 ǁ ǁ 3 ǁ ǁ | 1 
1   |   ǁ 6 = = = 4 ǁ   ǁ         | | | | 4 ǁ ǁ | ǁ 5 7 5 
    |   ǁ ǁ         4 = 7 - - - - 6 4 | 3 ǁ ǁ 2 | ǁ | 6 4 
    |   ǁ ǁ 4 = = = = = 6 3 = 2 2 ǁ | | ǁ ǁ ǁ 2 4 ǁ | 4 2 
    5 2 ǁ ǁ 6 = = = = = 6 = = = 6 ǁ | | ǁ ǁ ǁ   1 ǁ | 4 | 
2 4 4 3 ǁ ǁ 4 - - - - - 3 1     3 2 3 | ǁ ǁ ǁ     ǁ | 6 6 
| 4 2   ǁ ǁ |       2 = = = 4 - - - 4 | 4 5 6 = = 6 | | 2 
|       ǁ ǁ |               |       | | 1 4 6 4 4 4 | | 2 
| 4 3 3 ǁ 6 |               |       | 6   | | | ǁ | 5 5 4 
| 3 2   ǁ 4 | 3 - - 2   3 = 5 2 2 5 2 ǁ 3 2 2 4 ǁ | 6 4 1 
5 - - - 5 | |       |       4 = = 5 2 ǁ 3 1 1 ǁ 2 3 | 4 1 
6 = 2     1 | 3 3 4 4 - - - - 4 = = = 5 |   3 2   2 | ǁ 1 
2 - - - - 4 | 6 = = = = = = = = = = = 6 3   ǁ       | ǁ | 
        3 6 | 7 3 4 2 2 = = = = = = = 6 = 5 8 5 6 = 7 7 5 
        4 6 4 5 - 3 = = = = = 4 = = = 4 1 3 5 1 2 2 4 1 2 
