29 29
3 3 1 3 0 0 0 0 0 0 0 0 0 0 0 0 0 0 0 0 0 0 0 0 0 0 4 2 2 
2 0 0 0 4 0 0 0 0 0 0 4 2 0 0 0 0 0 0 0 3 0 3 0 3 0 0 4 4 
0 0 0 0 0 0 4 0 0 0 0 4 0 0 0 0 0 0 0 0 0 0 0 0 0 0 0 0 0 
0 0 0 0 4 0 0 0 2 0 0 0 0 0 0 0 0 0 0 0 0 0 0 0 0 0 0 0 0 
0 0 0 0 0 0 0 0 0 0 0 0 0 0 0 0 0 0 0 0 0 2 0 0 0 0 0 2 0 
2 0 0 3 0 0 4 0 8 0 0 0 8 0 0 0 0 0 0 6 3 0 0 0 0 0 0 0 3 
0 0 0 2 0 4 0 4 3 0 1 0 0 0 0 0 0 0 0 4 0 5 0 0 3 0 0 0 3 
0 5 5 4 0 5 0 5 0 0 0 0 8 0 0 0 0 0 0 0 0 0 0 0 0 0 7 5 3 
4 0 1 2 0 6 0 6 3 3 0 5 6 2 2 0 4 0 0 5 0 0 0 0 4 3 0 0 3 
0 6 4 1 0 4 2 6 0 0 0 6 0 0 0 0 0 0 0 7 0 0 0 0 4 0 0 0 0 
0 0 1 0 0 4 5 4 1 0 0 5 0 0 3 0 3 2 0 0 0 2 1 3 4 0 0 5 5 
4 8 0 0 7 0 0 0 0 0 0 0 0 0 0 0 0 0 0 7 0 7 0 6 6 1 0 0 0 
2 5 4 2 0 3 4 0 3 2 5 0 4 0 0 0 4 0 0 0 2 0 0 0 0 2 0 5 3 
2 6 8 3 0 4 4 0 0 4 8 2 0 4 5 3 0 0 2 0 0 0 0 0 4 6 0 2 2 
4 4 0 1 0 0 0 0 0 2 2 0 0 2 0 0 0 0 0 0 4 0 0 4 2 4 0 4 4 
0 0 0 0 0 0 5 0 6 0 0 0 5 0 6 5 2 0 0 0 0 6 3 3 1 2 0 0 2 
0 2 0 0 0 0 4 2 4 0 4 3 0 4 6 3 0 1 0 0 0 6 6 5 4 2 0 6 6 
0 0 0 0 0 0 0 0 0 3 4 0 0 4 6 0 6 5 5 0 0 2 2 2 1 0 0 0 0 
5 4 0 0 0 0 2 0 4 4 0 0 0 0 3 0 0 0 2 0 5 0 0 0 0 0 6 6 4 
0 1 5 5 0 0 0 0 4 4 2 0 0 4 6 0 8 4 0 0 1 2 6 3 3 1 0 3 2 
0 1 1 0 0 0 0 0 4 0 0 6 0 3 5 2 3 0 0 0 0 0 0 2 5 0 0 4 4 
0 0 1 0 0 0 0 0 0 0 0 2 0 0 2 0 0 0 0 0 0 0 0 1 0 0 0 3 5 
6 7 7 4 0 3 0 6 0 0 0 0 6 0 0 0 0 0 0 6 0 0 7 0 6 3 0 4 5 
4 0 0 0 0 0 2 0 2 4 5 1 0 2 0 4 2 0 0 0 0 0 0 1 3 3 0 0 0 
3 0 0 0 0 5 4 0 0 4 0 0 0 1 0 0 0 0 0 0 3 0 5 0 2 4 0 0 0 
0 0 2 0 0 5 0 5 3 6 8 0 6 0 0 6 5 0 0 5 3 0 0 0 5 5 0 0 0 
0 0 0 0 0 3 0 0 0 4 3 1 3 0 0 6 4 2 0 6 0 2 2 0 4 1 0 0 3 
3 6 0 0 7 0 0 0 0 0 0 0 0 0 0 0 0 0 0 0 0 0 0 0 0 0 3 0 0 
2 0 0 0 6 2 1 3 0 0 0 0 0 0 0 0 0 0 0 0 0 0 0 0 0 0 5 6 4 
300 488
2 6 2 11
2 6 5 6
2 6 2 11
2 6 5 6
2 11 1 11
2 11 8 11
3 4 1 4
3 4 11 4
3 4 1 4
3 4 11 4
3 8 5 8
5 6 5 8
5 6 9 6
5 12 5 19
5 12 1 12
5 12 7 12
5 12 5 19
5 12 1 12
5 12 7 12
5 19 5 20
5 19 6 19
6 5 7 5
6 7 6 8
6 7 7 7
6 7 6 8
6 7 7 7
7 1 7 2
7 1 0 1
7 1 9 1
7 5 6 5
7 5 8 5
7 5 6 5
7 5 8 5
7 7 8 7
7 12 7 26
7 12 8 12
7 12 7 26
7 12 8 12
7 12 8 12
7 12 8 12
7 26 7 27
7 26 0 26
7 26 18 26
8 0 5 0
8 0 11 0
8 0 5 0
8 0 11 0
8 5 9 5
8 7 8 8
8 7 7 7
8 7 9 7
8 7 8 8
8 7 7 7
8 12 8 11
8 12 8 13
8 19 8 16
8 19 8 24
8 19 9 19
9 1 9 2
9 1 7 1
9 1 11 1
9 7 9 6
9 7 9 11
9 7 10 7
9 7 9 11
9 7 10 7
9 11 9 19
9 11 8 11
9 11 10 11
9 11 9 19
10 6 10 5
10 6 10 7
10 6 12 6
10 27 10 28
10 27 7 27
10 27 12 27
11 0 11 1
11 0 12 0
11 1 11 4
11 1 9 1
11 1 12 1
11 1 11 4
11 1 12 1
11 1 12 1
11 4 27 4
11 21 11 19
11 21 11 23
11 21 10 21
11 21 15 21
12 10 12 9
12 10 12 12
12 10 13 10
13 2 13 1
13 2 13 3
13 2 12 2
13 2 19 2
13 2 13 1
13 2 13 3
13 2 12 2
13 2 19 2
13 10 13 9
13 10 13 11
13 10 12 10
13 10 14 10
13 10 13 9
13 10 13 11
13 10 12 10
13 13 13 14
13 13 14 13
13 13 13 14
13 13 14 13
13 25 13 24
13 25 12 25
13 25 14 25
13 25 13 24
13 25 12 25
13 25 14 25
14 20 12 20
14 20 18 20
14 20 12 20
14 20 18 20
14 25 14 24
14 25 15 25
15 6 15 8
15 6 13 6
15 6 16 6
15 21 15 22
15 21 11 21
15 21 16 21
15 21 15 22
15 21 16 21
16 21 16 22
16 21 17 21
16 21 16 22
16 21 17 21
16 22 16 23
16 22 15 22
16 22 17 22
16 22 16 23
16 27 16 28
16 27 14 27
16 27 18 27
16 27 16 28
16 27 14 27
16 27 18 27
16 28 15 28
16 28 18 28
17 18 17 17
17 18 13 18
17 18 18 18
18 0 18 1
18 0 14 0
18 0 22 0
18 27 18 26
18 27 18 28
18 27 19 27
18 27 18 26
18 28 16 28
18 28 19 28
19 3 19 2
19 3 14 3
19 3 22 3
19 16 19 14
19 16 19 17
19 16 17 16
19 16 20 16
19 16 19 14
19 16 19 17
19 16 17 16
19 16 20 16
21 28 21 27
21 28 20 28
21 28 22 28
22 0 22 1
22 0 18 0
22 0 23 0
22 1 22 0
22 1 22 2
22 1 20 1
22 1 27 1
22 2 22 1
22 2 22 3
22 2 21 2
22 2 25 2
22 3 22 2
22 3 19 3
22 22 22 19
22 22 22 24
22 22 19 22
22 22 24 22
23 0 22 0
23 0 24 0
23 0 24 0
23 23 23 24
24 0 27 0
24 5 24 6
24 5 22 5
24 5 25 5
25 2 22 2
25 10 25 9
25 10 25 12
25 10 23 10
25 10 26 10
25 10 25 9
25 10 25 12
25 10 23 10
25 10 26 10
25 12 25 15
25 12 22 12
25 12 26 12
25 12 25 15
25 15 25 16
25 15 23 15
25 15 26 15
25 15 25 16
25 25 25 24
25 25 24 25
25 25 26 25
26 19 26 17
26 19 26 21
26 19 25 19
26 19 26 17
26 19 26 21
26 19 25 19
26 24 26 22
26 24 25 24
26 24 26 22
26 24 25 24
27 1 27 0
27 1 27 4
27 1 22 1
28 4 28 0
28 4 28 5
28 4 27 4
28 4 28 0
28 4 28 5
28 4 27 4
28 26 28 7
28 26 28 27
28 26 27 26
28 27 28 26
28 27 28 28
28 27 22 27
28 27 28 26
28 27 28 28
28 28 26 28
28 28 26 28
1 0 0 0
1 4 1 11
1 11 1 4
3 8 5 8
4 21 6 21
5 8 6 8
5 19 5 20
5 19 6 19
5 20 1 20
6 19 6 21
8 5 9 5
8 8 8 9
8 9 8 11
8 11 8 9
8 13 8 14
8 14 8 16
8 16 8 19
9 1 9 2
9 5 8 5
9 5 10 5
10 2 9 2
10 5 10 6
10 5 12 5
10 7 10 6
10 11 10 8
10 11 10 14
10 11 10 14
11 4 27 4
11 19 11 21
11 19 9 19
11 19 22 19
11 19 9 19
11 19 22 19
12 2 12 1
12 2 12 3
12 3 13 3
12 12 12 16
12 12 15 12
12 12 12 16
12 16 10 16
12 16 15 16
13 1 13 0
13 1 12 1
13 1 14 1
13 1 13 0
13 18 17 18
13 24 11 24
13 24 14 24
14 0 14 1
14 0 18 0
14 0 14 1
14 1 16 1
14 23 11 23
14 23 15 23
14 23 11 23
14 23 15 23
14 27 14 28
14 27 13 27
14 28 13 28
14 28 15 28
14 28 13 28
16 1 18 1
17 16 17 14
17 16 17 17
17 16 15 16
17 16 17 14
18 1 19 1
18 18 17 18
18 26 18 20
18 26 7 26
18 26 27 26
19 2 19 3
19 2 20 2
19 14 19 13
19 14 18 14
19 14 20 14
19 14 19 13
19 17 17 17
19 22 19 21
19 22 19 23
19 22 22 22
19 22 19 21
19 22 19 23
20 24 20 23
20 24 19 24
20 24 22 24
21 23 20 23
22 12 22 7
22 12 22 19
22 12 15 12
22 12 22 7
22 12 22 19
22 27 22 28
22 27 21 27
22 27 22 28
23 11 23 10
23 15 23 13
23 15 23 16
23 15 23 13
23 16 25 16
25 9 25 8
25 9 24 9
25 9 26 9
25 9 25 8
25 25 25 24
25 25 24 25
26 9 26 5
26 9 26 10
26 9 26 5
26 11 26 12
26 12 26 15
26 15 26 16
26 16 26 15
26 16 25 16
26 16 26 15
26 28 22 28
27 0 27 1
27 1 27 4
27 4 27 26
28 6 28 7
1 0 0 0
1 20 1 22
1 20 1 22
1 22 1 24
1 24 6 24
4 21 6 21
6 19 6 21
6 21 6 24
6 24 1 24
9 2 9 3
10 14 10 16
10 16 10 17
10 17 16 17
11 23 11 21
11 23 11 24
11 23 10 23
11 24 11 25
11 24 10 24
11 24 10 24
11 24 10 24
13 27 12 27
15 15 15 14
15 15 13 15
15 15 16 15
16 13 16 14
16 13 17 13
16 13 16 14
16 13 17 13
16 14 16 15
16 14 15 14
16 14 17 14
16 14 16 15
17 13 17 14
17 13 19 13
17 14 18 14
17 14 18 14
17 17 19 17
17 22 17 23
18 20 19 20
19 13 20 13
19 23 19 24
20 8 20 11
20 8 19 8
20 8 20 11
20 8 19 8
20 11 16 11
20 11 21 11
20 11 16 11
20 11 21 11
20 13 20 14
20 16 20 15
21 14 20 14
22 7 22 5
22 7 16 7
22 7 25 7
22 7 22 5
22 28 21 28
23 6 24 6
23 10 23 9
24 6 24 5
24 6 23 6
24 9 23 9
24 25 24 24
24 25 23 25
25 7 25 5
25 7 25 8
25 7 25 5
25 16 25 19
26 5 25 5
0 0 0 1
8 25 8 24
10 21 10 22
10 23 10 24
13 5 13 6
13 5 12 5
13 5 13 6
13 5 12 5
15 14 15 12
15 14 15 15
15 14 13 14
15 14 15 12
15 15 13 15
16 11 16 10
18 6 16 6
19 8 19 9
19 8 18 8
19 9 19 10
19 9 18 9
19 9 19 10
20 13 20 14
20 15 20 14
23 8 23 9
23 10 23 9
24 5 25 5
8 25 8 24
9 24 9 19
9 24 8 24
9 24 9 19
12 6 12 8
12 6 13 6
12 6 12 8
13 9 12 9
13 9 14 9
13 14 13 15
15 6 15 8
15 6 16 6
15 8 15 12
15 8 12 8
15 8 16 8
15 8 16 8
16 6 16 7
16 8 16 10
16 8 18 8
16 10 17 10
17 10 17 9
17 10 16 10
17 10 17 9
18 8 18 9
18 9 18 8
18 9 17 9
14 9 14 10

5185

3 3 1 3                                             4 2 2 
2 |     4 = = = = = = 4 2               3 = 3 - 3   | 4 4 
  |     ǁ   4 = = = = 4 ǁ               |       ǁ   |     
  |     4   ǁ   2     | ǁ               |       ǁ   |     
  |     ǁ   ǁ   ǁ     | ǁ               | 2     ǁ   | 2   
2 |   3 ǁ   4 - 8     | 8 = = = = = = 6 3 ǁ     ǁ   |   3 
ǁ |   2 ǁ 4 | 4 3   1 | ǁ             4 = 5 - - 3   |   3 
ǁ 5 5 4 ǁ 5 | 5       | 8 = = = = = = = = = = = = = 7 5 3 
4 ǁ 1 2 ǁ 6 | 6 3 3 = 5 6 2 2 - 4 = = 5 - - - - 4 3 ǁ | 3 
ǁ 6 4 1 ǁ 4 2 6 = = = 6 = = = = = = = 7 = = = = 4   ǁ |   
ǁ ǁ 1   ǁ 4 5 4 1 - - 5 = = 3 - 3 2   ǁ   2 1 3 4   ǁ 5 5 
4 8 = = 7 | |                   | |   7 = 7 = 6 6 1 ǁ |   
2 5 4 2 ǁ 3 4 = 3 2 5 - 4 = = = 4 |   ǁ 2 ǁ   ǁ | 2 ǁ 5 3 
2 6 8 3 ǁ 4 4   | 4 8 2 | 4 5 3 | | 2 ǁ ǁ ǁ   ǁ 4 6 ǁ 2 2 
4 4 ǁ 1 ǁ   |   | 2 2   | 2 | ǁ | | ǁ ǁ 4 ǁ   4 2 4 ǁ 4 4 
ǁ | ǁ | ǁ   5 = 6 - - - 5 = 6 5 2 | ǁ ǁ ǁ 6 3 3 1 2 ǁ ǁ 2 
ǁ 2 ǁ | ǁ   4 2 4 - 4 3 | 4 6 3 | 1 ǁ ǁ ǁ 6 6 5 4 2 ǁ 6 6 
ǁ | ǁ | ǁ   | | | 3 4 ǁ | 4 6 = 6 5 5 ǁ ǁ 2 2 2 1   ǁ ǁ ǁ 
5 4 ǁ | ǁ   2 | 4 4   ǁ | | 3   ǁ ǁ 2 ǁ 5 - - - - - 6 6 4 
ǁ 1 5 5 ǁ     | 4 4 2 ǁ | 4 6 = 8 4   ǁ 1 2 6 3 3 1 | 3 2 
ǁ 1 1 ǁ ǁ     | 4 = = 6 | 3 5 2 3     ǁ     ǁ 2 5   | 4 4 
ǁ | 1 ǁ ǁ     |       2 |   2         ǁ     ǁ 1 |   | 3 5 
6 7 7 4 ǁ 3 = 6 = = = = 6 = = = = = = 6 - - 7 - 6 3 | 4 5 
4 ǁ ǁ   ǁ | 2 | 2 4 5 1 | 2 = 4 2           | 1 3 3 | | | 
3 ǁ ǁ   ǁ 5 4 |   4 ǁ   | 1   | |       3   5   2 4 | | | 
| ǁ 2   ǁ 5 = 5 3 6 8 = 6 = = 6 5 - - 5 3       5 5 | | | 
| ǁ     ǁ 3 = = = 4 3 1 3 - - 6 4 2 = 6 = 2 2 = 4 1 | | 3 
3 6 = = 7 - - - - - - - - - - - - - - - - - - - - - 3 | ǁ 
2 = = = 6 2 1 3 - - - - - - - - - - - - - - - - - - 5 6 4 
