29 29
2 2 0 0 3 1 4 0 0 0 0 0 0 0 2 4 6 0 4 3 3 0 0 0 0 5 4 0 4 
0 0 1 2 0 4 8 0 2 4 0 0 0 6 4 5 5 1 0 4 0 0 0 0 0 7 0 4 4 
0 5 7 4 0 2 0 1 0 4 0 0 0 6 0 0 0 0 6 0 0 0 0 3 2 0 3 3 0 
5 5 5 3 7 0 8 4 6 4 0 0 0 7 0 4 2 0 0 3 0 5 0 7 5 0 5 2 0 
0 2 0 1 0 2 6 0 5 3 2 0 0 5 0 3 1 0 0 4 0 4 1 3 2 0 2 0 0 
0 4 4 0 5 0 0 0 0 0 0 0 0 0 0 0 0 0 7 0 0 0 0 0 0 7 0 6 4 
0 2 0 3 0 1 0 5 0 2 4 3 2 0 5 2 5 3 0 3 0 0 4 6 3 4 3 0 0 
0 4 0 5 0 0 0 0 0 0 2 0 0 1 0 1 4 0 0 4 2 1 0 2 0 0 0 0 0 
0 0 2 0 5 0 0 7 0 0 2 4 2 0 0 2 0 0 0 5 0 0 7 5 4 0 1 0 0 
0 0 0 0 2 2 2 0 4 2 4 0 3 2 0 0 0 0 0 0 0 0 0 0 0 0 1 0 0 
0 5 4 0 2 0 0 0 0 3 5 0 0 0 7 5 0 0 0 0 0 0 0 0 2 0 0 0 0 
0 6 5 0 0 6 5 0 0 2 0 3 0 3 0 0 0 0 0 0 0 0 0 0 1 0 3 0 3 
0 3 3 0 0 4 0 0 6 0 5 6 1 0 3 2 0 0 0 6 2 0 0 0 0 0 0 0 0 
0 0 0 0 5 5 0 0 4 2 0 0 2 0 0 0 0 0 0 0 0 0 0 2 0 0 0 0 0 
6 0 0 6 0 4 0 0 4 0 0 4 4 0 0 0 0 0 0 0 0 0 0 4 5 0 0 0 0 
0 1 3 0 0 3 0 5 5 4 0 2 0 0 0 0 0 0 0 0 0 0 0 4 0 0 0 0 0 
0 2 0 0 0 1 0 3 0 0 4 4 0 0 0 0 0 0 0 0 0 0 0 0 0 0 0 0 0 
0 0 0 0 5 0 5 0 0 0 0 0 0 8 0 0 7 5 0 0 0 0 0 0 0 0 3 0 0 
0 0 0 0 0 2 0 0 0 0 0 0 0 3 0 1 0 0 0 0 0 0 0 0 0 0 0 0 0 
5 6 6 0 5 4 0 0 0 0 0 0 0 0 0 0 0 0 0 2 0 0 0 6 5 0 0 0 0 
0 0 0 0 5 4 0 0 0 0 0 0 0 0 0 0 0 3 0 0 0 0 0 0 3 0 0 0 0 
0 1 3 0 0 3 0 0 0 0 0 0 0 0 0 0 0 1 0 0 0 0 0 0 4 0 0 2 0 
0 3 3 0 6 3 0 2 0 0 0 0 0 0 0 0 6 4 0 0 0 0 0 0 0 0 0 1 0 
4 4 1 0 2 0 0 2 0 0 3 0 0 0 0 0 5 4 0 0 0 0 0 0 0 0 3 0 4 
2 1 0 7 0 0 7 0 0 0 0 0 0 0 0 0 0 0 7 0 0 0 7 4 3 0 0 0 4 
6 4 2 7 4 2 0 1 0 4 0 6 0 0 4 0 1 0 0 4 0 0 8 0 0 5 7 5 6 
4 6 0 5 0 0 3 3 2 0 0 2 0 0 1 0 0 0 0 2 0 0 0 2 1 0 3 3 6 
3 0 4 3 3 3 0 4 0 6 0 0 0 0 0 0 0 0 8 0 0 0 6 7 7 7 5 2 4 
3 2 3 0 0 0 0 0 0 4 0 0 0 0 0 0 3 2 4 0 0 0 0 4 5 5 4 4 4 
300 536
0 16 0 15
0 16 0 18
0 16 1 16
0 16 0 15
0 16 0 18
0 16 1 16
0 18 0 19
0 18 2 18
0 25 0 20
0 25 0 26
0 25 1 25
0 28 0 26
0 28 1 28
0 28 0 26
0 28 1 28
1 6 1 5
1 6 1 8
1 6 0 6
1 6 3 6
1 6 1 5
1 6 1 8
1 6 0 6
1 6 3 6
1 9 1 13
1 9 2 9
1 9 1 13
1 9 2 9
1 13 1 14
1 13 2 13
1 28 1 27
1 28 5 28
2 1 2 2
2 1 0 1
2 1 3 1
2 2 2 1
2 2 2 3
2 2 1 2
2 2 3 2
2 18 2 13
2 18 2 23
2 18 5 18
2 18 2 13
2 18 2 23
3 0 3 1
3 0 0 0
3 0 14 0
3 4 3 3
3 4 3 6
3 4 0 4
3 4 5 4
3 6 3 4
3 6 3 7
3 6 4 6
3 8 3 7
3 8 3 9
3 8 4 8
3 8 3 7
3 8 3 9
3 8 4 8
3 13 3 9
3 13 3 15
3 13 2 13
3 13 4 13
3 21 3 19
3 21 3 23
3 21 4 21
5 18 5 4
5 18 5 25
5 18 24 18
5 28 5 27
5 28 11 28
5 28 5 27
6 7 6 5
6 7 6 9
6 7 8 7
6 14 6 12
6 14 6 15
6 14 10 14
6 16 6 15
6 16 6 17
6 16 7 16
6 23 6 22
6 23 6 24
6 23 7 23
6 23 6 22
6 23 6 24
6 23 7 23
7 3 7 1
7 3 6 3
7 3 14 3
7 21 7 20
8 2 10 2
8 4 8 7
8 4 5 4
8 4 9 4
8 19 8 22
8 19 7 19
8 19 12 19
8 23 8 22
8 23 8 24
8 23 13 23
10 1 10 2
10 1 7 1
10 1 11 1
10 15 10 14
10 15 8 15
10 15 12 15
11 1 11 2
11 1 10 1
11 1 12 1
11 1 11 2
11 1 10 1
11 5 11 6
11 5 9 5
11 5 12 5
11 5 11 6
11 5 9 5
11 5 12 5
12 5 12 8
12 5 13 5
12 8 12 10
12 8 9 8
12 8 13 8
12 8 12 10
12 8 9 8
12 19 12 20
12 19 8 19
12 19 19 19
12 19 12 20
12 19 19 19
13 4 13 5
13 4 10 4
13 4 17 4
14 0 14 3
14 0 3 0
14 0 19 0
14 3 14 0
14 3 7 3
14 3 24 3
14 3 24 3
14 12 14 11
14 12 13 12
14 12 14 11
14 12 13 12
14 24 14 23
14 24 11 24
14 24 19 24
15 7 15 5
15 7 15 8
15 7 16 7
15 23 14 23
15 23 19 23
15 23 14 23
15 23 19 23
17 6 17 4
17 6 17 13
17 6 24 6
17 13 17 6
17 13 17 16
17 13 11 13
17 13 18 13
17 17 17 16
17 17 6 17
17 17 20 17
18 5 19 5
18 15 18 13
19 2 19 1
19 2 15 2
19 2 21 2
19 2 19 1
19 2 15 2
19 2 21 2
19 4 19 5
19 4 17 4
19 4 20 4
19 23 19 24
19 23 24 23
22 4 22 5
22 4 20 4
22 4 23 4
22 4 22 5
22 4 20 4
22 4 23 4
24 3 24 1
24 3 24 6
24 3 25 3
24 22 24 18
24 22 24 23
24 22 8 22
24 22 25 22
25 0 25 1
25 0 24 0
25 0 26 0
25 0 25 1
25 0 24 0
25 0 26 0
25 1 25 2
25 1 26 1
25 11 25 9
25 11 25 14
25 11 26 11
25 11 25 9
25 11 25 14
25 11 26 11
25 14 25 16
25 14 26 14
25 19 25 22
25 19 26 19
25 19 25 22
25 19 26 19
25 22 25 25
25 22 24 22
25 22 27 22
25 26 25 25
25 26 25 27
25 26 23 26
25 26 26 26
25 28 25 27
25 28 24 28
25 28 26 28
25 28 25 27
25 28 24 28
25 28 26 28
26 0 26 1
26 0 27 0
26 1 26 3
26 1 28 1
26 8 26 7
26 28 26 27
26 28 27 28
27 0 28 0
27 2 27 3
27 2 28 2
27 2 27 3
27 2 28 2
27 18 27 9
27 18 27 22
27 18 24 18
27 18 28 18
27 18 27 9
27 18 27 22
27 18 24 18
27 18 28 18
27 22 27 23
27 22 25 22
27 22 27 23
27 23 27 24
27 23 26 23
27 23 28 23
27 24 27 23
27 24 27 25
27 24 26 24
27 24 28 24
28 0 28 1
28 0 27 0
28 2 28 9
28 9 28 16
28 9 27 9
28 9 28 16
28 16 28 17
28 17 28 18
28 18 28 23
28 23 28 24
28 23 27 23
28 24 28 25
28 24 27 24
28 28 28 27
28 28 27 28
28 28 28 27
28 28 27 28
0 6 0 5
0 6 0 14
0 15 0 14
0 15 1 15
0 26 0 25
1 3 2 3
1 5 2 5
1 13 1 14
1 13 2 13
1 14 1 15
1 17 1 16
1 19 1 25
1 19 0 19
1 19 1 25
1 19 0 19
1 27 1 25
1 27 2 27
1 27 1 25
2 2 2 1
2 2 2 3
2 3 1 3
2 5 1 5
3 6 3 7
3 6 4 6
4 5 4 6
4 19 4 21
4 19 3 19
4 19 4 21
4 19 3 19
4 21 4 22
5 18 5 4
5 18 5 25
5 18 24 18
5 25 5 27
5 25 1 25
5 25 6 25
5 27 5 25
5 27 3 27
5 27 21 27
6 22 6 19
6 22 8 22
7 1 7 3
7 1 6 1
7 20 7 19
8 2 10 2
8 7 8 4
8 7 8 10
8 7 6 7
8 7 8 10
8 22 8 19
8 22 8 23
8 22 24 22
9 8 9 6
9 8 9 9
10 2 11 2
10 24 8 24
11 2 12 2
11 6 9 6
11 28 23 28
12 1 12 2
14 0 19 0
14 23 14 24
14 24 19 24
15 2 15 1
16 1 19 1
16 11 16 10
16 11 15 11
16 11 16 10
16 11 15 11
17 13 17 16
17 13 11 13
17 13 18 13
18 5 19 5
19 1 19 0
19 1 16 1
19 1 21 1
19 5 19 4
19 23 19 24
19 23 24 23
19 24 20 24
20 5 20 4
20 5 21 5
20 5 20 4
20 5 21 5
20 24 21 24
21 2 22 2
21 5 22 5
23 0 23 1
23 0 19 0
23 0 23 1
23 0 19 0
23 1 23 2
23 1 22 1
23 16 23 10
23 16 23 17
23 16 22 16
23 17 23 16
23 17 22 17
23 17 23 16
24 3 24 6
24 3 25 3
24 23 24 22
24 24 21 24
24 28 23 28
25 2 25 3
25 3 25 4
25 3 26 3
25 9 25 7
25 9 27 9
25 22 25 25
26 1 26 3
26 8 26 7
26 28 26 27
26 28 27 28
27 9 27 7
27 9 27 7
27 24 27 25
27 25 27 26
27 25 25 25
27 25 28 25
28 24 28 25
28 27 28 26
28 27 27 27
0 20 0 25
1 14 1 15
1 15 1 16
1 16 1 15
1 25 5 25
2 7 2 9
2 9 2 13
3 9 3 13
3 13 3 15
3 13 4 13
3 15 3 16
3 15 4 15
3 16 4 16
3 21 3 23
3 23 3 24
3 23 2 23
3 23 4 23
3 26 3 27
3 26 2 26
3 26 4 26
4 5 4 6
4 6 4 8
4 15 4 13
4 26 3 26
6 3 6 1
6 3 4 3
6 7 6 9
6 10 6 11
6 10 7 10
6 10 6 11
6 10 7 10
6 19 7 19
7 13 9 13
7 19 6 19
10 24 8 24
11 2 12 2
11 28 23 28
13 23 8 23
14 11 14 8
14 11 12 11
15 9 15 8
16 10 16 7
19 4 17 4
20 24 21 24
21 24 21 27
22 1 22 2
22 1 22 2
22 16 22 7
22 16 22 17
22 16 17 16
22 16 22 7
22 16 22 17
22 17 21 17
22 27 25 27
23 7 23 10
23 10 23 7
23 26 25 26
23 28 24 28
24 18 24 6
24 18 24 6
25 3 25 4
25 3 26 3
25 4 25 5
25 4 27 4
25 5 27 5
26 3 27 3
27 4 27 5
27 4 27 5
27 7 26 7
28 26 28 25
28 26 27 26
28 26 28 25
2 24 3 24
2 27 2 26
2 27 2 26
3 23 3 24
3 23 4 23
4 6 4 8
4 8 4 9
4 9 4 10
4 13 4 10
4 13 4 15
4 23 4 24
4 24 3 24
5 1 5 2
5 1 4 1
5 1 5 2
5 1 4 1
5 2 3 2
6 25 6 24
6 25 6 26
6 25 6 26
6 26 8 26
9 26 11 26
11 26 17 26
12 11 12 10
12 11 12 12
12 11 11 11
13 9 13 8
15 9 15 8
16 10 16 7
17 16 17 17
17 16 7 16
17 26 11 26
20 17 17 17
26 6 24 6
27 25 27 26
27 25 25 25
2 24 3 24
3 1 3 0
3 1 3 2
3 1 3 2
5 2 3 2
6 17 6 16
12 11 12 10
12 11 11 11
13 9 13 8
15 9 15 8
16 5 15 5
17 16 7 16
25 26 25 27
25 26 26 26
26 6 24 6
27 26 27 27
27 26 26 26
0 0 0 1
0 4 3 4
3 3 3 4
5 4 8 4
6 16 7 16
7 15 8 15
9 4 10 4
12 10 10 10
13 4 13 5
13 4 17 4
13 8 13 5
14 8 14 5
14 8 15 8
14 8 14 5
15 7 15 5
11 9 10 9
13 5 14 5
11 9 10 9

6010

2 2     3 1 4 - - - - - - - 2 4 6 = 4 3 3 = = = = 5 4 = 4 
| | 1 2 ǁ 4 8 = 2 4 = = = 6 4 5 5 1 | 4 = = = = = 7 = 4 4 
| 5 7 4 ǁ 2 ǁ 1 - 4 - - - 6 = = = = 6 = = = = 3 2 ǁ 3 3 | 
5 5 5 3 7 = 8 4 6 4 = = = 7 = 4 2   | 3 - 5 = 7 5 ǁ 5 2 | 
ǁ 2 ǁ 1 | 2 6 = 5 3 2 - - 5 = 3 1   | 4 = 4 1 3 2 ǁ 2 | | 
ǁ 4 4 | 5 = = = = = = = = = = = = = 7 = = = = = = 7 = 6 4 
ǁ 2 - 3 ǁ 1 - 5 = 2 4 3 2 - 5 2 5 3 ǁ 3 - - 4 6 3 4 3 | | 
ǁ 4 = 5 ǁ     ǁ     2     1 | 1 4 | ǁ 4 2 1 | 2     | | | 
ǁ | 2 ǁ 5 = = 7 = = 2 4 2 | | 2 ǁ | ǁ 5 = = 7 5 4   1 | | 
ǁ | ǁ ǁ 2 2 2 - 4 2 4   3 2 | | ǁ | ǁ ǁ     ǁ ǁ ǁ   1 | | 
ǁ 5 4 ǁ 2 ǁ |   ǁ 3 5       7 5 ǁ | ǁ ǁ     ǁ ǁ 2   | | | 
ǁ 6 5 ǁ | 6 5   ǁ 2 | 3   3   | ǁ | ǁ ǁ     ǁ ǁ 1   3 | 3 
ǁ 3 3 ǁ | 4 - - 6 = 5 6 1 ǁ 3 2 ǁ | ǁ 6 2   ǁ ǁ |   ǁ | ǁ 
ǁ     ǁ 5 5 - - 4 2   | 2 ǁ     ǁ | ǁ ǁ     ǁ 2 |   ǁ | ǁ 
6 = = 6 ǁ 4 = = 4 - - 4 4 ǁ     ǁ | ǁ ǁ     ǁ 4 5   ǁ | ǁ 
ǁ 1 3 ǁ ǁ 3 = 5 5 4   2   ǁ     ǁ | ǁ ǁ     ǁ 4 ǁ   ǁ | ǁ 
ǁ 2 ǁ ǁ ǁ 1   3 = = 4 4   ǁ     ǁ | ǁ ǁ     ǁ ǁ ǁ   ǁ | ǁ 
ǁ ǁ ǁ ǁ 5 - 5 = = = = = = 8 = = 7 5 ǁ ǁ     ǁ ǁ ǁ   3 | ǁ 
ǁ ǁ ǁ ǁ ǁ 2 |             3 - 1 | ǁ ǁ ǁ     ǁ ǁ ǁ     | ǁ 
5 6 6 ǁ 5 4 |                   | ǁ ǁ 2     ǁ 6 5     | ǁ 
ǁ | ǁ ǁ 5 4 |                   | 3 ǁ       ǁ ǁ 3     | ǁ 
ǁ 1 3 ǁ ǁ 3 |                   | 1 ǁ       ǁ ǁ 4 - - 2 ǁ 
ǁ 3 3 ǁ 6 3 | 2 = = = = = = = = 6 4 ǁ       ǁ ǁ |     1 ǁ 
4 4 1 ǁ 2   | 2 = = 3 - - - - - 5 4 ǁ       ǁ ǁ |   3 | 4 
2 1 - 7 = = 7 = = = = = = = = = = = 7 - - - 7 4 3   ǁ | 4 
6 4 2 7 4 2 ǁ 1 - 4 = 6 = = 4 - 1   ǁ 4 = = 8 = = 5 7 5 6 
4 6 = 5 | | 3 3 2 |   2     1       ǁ 2     ǁ 2 1 ǁ 3 3 6 
3 | 4 3 3 3   4 = 6 = = = = = = = = 8 = = = 6 7 7 7 5 2 4 
3 2 3 - - - - - - 4 = = = = = = 3 2 4 - - - - 4 5 5 4 4 4 
