29 29
2 6 0 6 0 0 0 0 0 0 0 0 0 0 0 0 0 0 0 0 0 6 0 2 2 0 0 6 2 
1 4 2 0 2 4 0 0 0 0 0 0 0 0 0 0 0 0 4 3 4 0 1 2 0 0 0 6 4 
3 0 0 7 0 0 0 0 0 0 0 0 0 0 0 0 0 0 7 6 3 0 0 3 2 1 0 0 4 
3 5 2 0 0 2 0 4 2 0 0 0 3 0 0 6 2 1 0 6 2 0 0 0 0 0 0 0 0 
0 3 0 8 0 0 0 6 0 0 0 0 0 3 2 0 1 0 0 5 4 0 0 2 0 0 0 3 4 
4 6 2 0 1 0 0 6 0 0 0 0 0 0 0 6 2 2 5 5 3 0 5 5 0 1 0 0 0 
0 4 0 5 0 3 4 5 0 0 0 0 0 0 2 3 0 0 3 4 2 0 6 7 0 0 0 5 0 
5 0 0 0 0 0 0 0 0 0 0 0 0 0 0 0 0 0 0 6 6 0 2 0 2 3 1 0 0 
0 0 2 0 6 0 0 0 0 0 0 0 0 0 0 0 0 0 6 0 4 0 2 7 0 5 2 0 0 
0 1 2 0 5 3 0 0 0 0 0 0 0 0 0 0 0 0 5 4 2 0 2 5 1 2 1 0 0 
5 0 0 0 0 0 0 0 0 0 0 0 0 0 0 0 0 0 0 0 0 6 0 0 0 0 0 7 4 
0 3 0 0 0 0 0 0 0 0 0 0 0 0 0 0 0 0 5 5 1 0 3 0 6 6 3 0 2 
0 3 5 5 0 0 3 0 0 0 0 0 0 0 0 3 3 0 4 6 0 0 4 4 0 3 0 4 0 
1 0 2 3 0 0 0 0 0 0 0 0 0 0 0 0 0 0 0 6 2 0 1 2 0 1 0 3 0 
3 5 0 0 0 0 0 0 0 0 0 0 0 0 0 0 0 0 0 0 0 5 0 0 8 0 7 7 6 
5 7 0 0 0 0 0 0 0 0 0 0 0 0 0 0 0 0 5 4 3 0 4 0 7 2 0 0 4 
0 0 4 0 0 0 0 0 0 5 0 0 0 0 0 0 3 0 0 0 2 0 4 5 7 4 0 5 4 
0 0 3 0 0 0 1 0 0 0 0 3 0 0 3 0 6 0 0 4 4 0 2 2 4 4 0 4 1 
0 5 0 0 0 0 0 0 0 7 0 6 0 2 0 0 8 2 0 0 4 0 5 0 0 0 7 6 2 
0 0 2 1 1 0 0 4 2 0 1 5 0 0 0 0 0 0 0 0 4 0 0 0 0 0 0 0 2 
0 0 0 3 0 5 2 0 2 0 0 0 0 0 0 0 0 0 0 0 0 0 0 0 0 0 0 0 0 
0 4 5 0 0 4 0 5 6 6 0 6 0 2 0 0 0 0 0 0 0 0 0 0 0 0 0 4 6 
0 0 6 2 2 5 2 0 2 0 0 1 0 0 0 0 0 0 0 2 5 0 0 0 0 0 0 3 0 
0 0 4 0 0 0 0 4 3 5 2 2 0 0 2 0 6 0 7 3 3 0 5 0 3 2 5 0 0 
3 0 0 2 0 0 0 0 0 0 0 0 2 0 0 0 0 0 5 5 3 0 4 2 4 0 6 0 0 
3 0 3 7 0 0 0 6 0 0 0 0 0 0 0 0 0 0 0 0 0 5 0 0 0 0 6 3 0 
0 0 2 0 0 0 0 0 2 1 2 0 0 0 0 0 0 0 0 0 0 0 2 5 2 1 0 2 0 
3 7 6 3 5 6 0 6 7 3 4 0 0 0 0 0 0 0 0 0 0 6 2 5 0 0 7 7 5 
1 2 4 4 5 6 0 5 6 4 4 3 0 0 0 2 0 2 0 0 0 4 1 2 3 0 4 4 4 
300 530
0 1 0 0
0 1 0 3
0 1 1 1
0 1 0 0
0 1 0 3
0 1 1 1
0 3 0 21
0 3 2 3
0 21 0 3
0 21 0 23
0 21 10 21
0 27 0 24
0 27 0 28
0 27 1 27
0 27 0 24
0 27 0 28
0 27 1 27
1 20 1 19
1 20 2 20
1 20 1 19
1 20 2 20
1 27 1 23
1 27 1 28
1 27 4 27
1 27 1 23
1 28 2 28
2 18 2 3
2 18 2 19
2 18 1 18
2 18 5 18
2 28 1 28
2 28 4 28
2 28 1 28
3 15 3 12
3 15 3 16
3 15 5 15
3 15 3 12
3 15 3 16
3 15 5 15
3 17 5 17
3 19 3 20
3 19 2 19
3 19 4 19
3 19 3 20
3 19 2 19
3 19 4 19
4 3 4 1
4 3 4 7
4 3 2 3
4 3 6 3
4 3 4 1
4 3 4 7
4 3 2 3
4 3 6 3
4 7 4 13
4 7 3 7
4 7 5 7
4 7 4 13
4 16 5 16
4 20 4 19
4 20 5 20
4 20 4 19
4 20 5 20
4 28 4 27
4 28 10 28
4 28 4 27
5 7 5 4
5 7 5 15
5 7 6 7
5 15 5 7
5 15 5 16
5 15 6 15
5 22 5 23
5 22 1 22
5 22 6 22
6 22 6 23
6 22 5 22
6 22 7 22
6 22 6 23
6 22 5 22
6 23 6 27
6 23 5 23
6 23 8 23
6 27 6 23
6 27 10 27
6 27 10 27
7 0 7 19
7 0 5 0
7 0 10 0
7 20 7 19
7 20 6 20
7 20 8 20
7 20 7 19
7 20 6 20
7 20 8 20
7 22 8 22
8 4 8 2
8 4 8 18
8 4 9 4
8 4 8 2
8 4 8 18
8 4 9 4
8 18 8 20
8 18 9 18
8 18 8 20
8 18 9 18
10 0 10 21
10 0 7 0
10 0 13 0
10 0 10 21
10 21 10 27
10 21 0 21
10 21 14 21
10 27 10 28
10 27 12 27
10 28 10 27
10 28 11 28
11 18 11 1
11 18 11 19
11 18 12 18
11 24 11 22
11 24 11 25
11 24 14 24
11 24 11 22
11 24 11 25
11 24 14 24
11 25 11 26
11 25 12 25
11 25 11 26
11 25 12 25
11 26 14 26
11 28 14 28
12 2 12 1
12 2 12 3
12 2 13 2
12 19 12 18
12 19 11 19
12 19 13 19
12 19 12 18
12 19 11 19
12 19 13 19
12 23 12 22
12 23 13 23
12 23 12 22
12 23 13 23
12 25 13 25
12 27 10 27
12 27 13 27
12 27 13 27
13 19 13 3
13 19 13 20
13 19 15 19
13 19 13 3
13 27 14 27
14 1 14 0
14 1 12 1
14 1 15 1
14 21 14 24
14 21 25 21
14 21 14 24
14 21 25 21
14 24 14 26
14 24 15 24
14 26 14 24
14 26 14 27
14 26 18 26
14 27 14 26
14 27 14 28
14 27 16 27
14 28 14 27
14 28 15 28
14 28 14 27
14 28 15 28
15 0 15 1
15 0 14 0
15 0 24 0
15 18 15 1
15 18 15 19
15 18 23 18
15 22 15 24
15 22 16 22
15 22 15 24
15 22 16 22
15 28 16 28
16 2 16 9
16 2 17 2
16 2 16 9
16 2 17 2
16 22 16 23
16 22 17 22
16 23 16 24
16 23 17 23
16 27 16 28
16 27 17 27
16 27 16 28
16 27 17 27
16 28 15 28
17 16 17 14
17 16 16 16
17 16 18 16
17 16 17 14
17 16 16 16
17 16 18 16
17 27 17 28
17 27 18 27
18 1 18 9
18 1 15 1
18 1 21 1
18 16 18 13
18 16 18 17
18 16 23 16
18 20 17 20
18 20 19 20
18 20 17 20
18 20 19 20
18 22 18 26
18 22 17 22
18 22 23 22
18 27 18 26
18 27 18 28
18 27 21 27
18 27 18 26
18 27 18 28
19 11 19 10
19 11 18 11
19 11 21 11
19 20 22 20
19 28 21 28
20 5 20 3
20 5 20 6
20 5 21 5
21 27 21 28
21 27 22 27
21 27 21 28
21 28 19 28
21 28 27 28
21 28 27 28
22 2 22 3
22 2 21 2
22 2 23 2
22 2 22 3
22 2 21 2
22 2 23 2
22 27 25 27
23 2 23 7
23 2 25 2
23 16 23 14
23 16 23 18
23 16 18 16
23 26 23 25
23 26 18 26
23 26 24 26
24 18 24 12
24 18 24 19
24 18 23 18
24 26 24 24
24 26 23 26
24 26 25 26
24 26 24 24
24 26 23 26
25 3 25 2
25 3 25 7
25 3 24 3
25 3 27 3
25 26 25 21
25 26 25 27
25 26 27 26
25 26 25 21
25 26 25 27
26 23 26 22
26 23 26 24
26 23 27 23
26 25 26 24
26 27 27 27
27 1 27 0
27 1 27 2
27 1 21 1
27 1 28 1
27 4 27 3
27 4 27 5
27 4 28 4
27 5 27 4
27 5 27 7
27 5 28 5
27 5 27 4
27 5 27 7
27 7 27 8
27 7 25 7
27 7 28 7
27 7 27 8
27 8 27 9
27 8 26 8
27 8 28 8
27 26 27 23
27 26 27 27
27 26 28 26
28 4 28 3
28 4 28 5
28 5 28 4
28 5 28 7
28 5 28 4
28 5 28 7
28 7 28 8
28 7 28 8
28 8 28 9
28 8 27 8
28 28 28 27
28 28 27 28
28 28 28 27
28 28 27 28
0 3 2 3
0 21 0 23
1 4 1 5
1 5 1 4
1 5 1 18
1 5 1 18
1 18 1 19
2 18 2 3
2 18 2 19
2 18 5 18
2 19 2 20
3 5 3 7
3 7 3 5
3 7 3 8
3 8 3 12
4 13 4 14
4 19 5 19
5 2 5 1
5 7 6 7
5 17 5 18
5 20 5 19
6 1 6 3
6 1 5 1
6 1 6 3
6 1 5 1
6 3 6 5
6 5 6 6
6 6 6 5
6 6 6 7
6 6 6 7
6 7 6 14
6 14 6 15
6 15 6 18
9 1 9 2
9 2 9 4
9 4 9 5
9 19 9 18
9 19 9 20
9 19 9 18
9 19 9 20
9 23 9 22
9 23 9 24
9 23 8 23
11 22 12 22
12 18 12 16
12 22 13 22
14 24 15 24
14 26 18 26
16 16 16 9
16 23 16 24
16 23 17 23
16 24 16 25
16 24 15 24
16 24 17 24
17 2 17 6
17 14 17 11
17 20 17 19
17 20 16 20
17 24 17 25
17 24 16 24
17 24 17 25
17 25 16 25
18 16 18 13
18 16 18 17
18 26 18 22
19 20 22 20
20 3 20 5
20 3 19 3
21 13 21 11
22 4 22 5
23 16 23 14
23 16 23 18
23 25 23 24
24 22 24 23
24 22 23 22
24 22 24 23
24 22 23 22
24 24 23 24
25 7 25 3
25 7 25 21
25 7 23 7
25 7 23 7
26 27 27 27
27 21 27 10
27 21 27 22
27 21 28 21
27 21 27 10
27 21 27 22
27 21 28 21
27 26 27 23
27 26 27 27
27 26 28 26
27 28 27 27
28 3 28 2
28 3 27 3
28 3 28 2
28 8 28 9
28 9 28 10
28 9 27 9
28 10 28 11
28 10 27 10
28 10 28 11
28 11 28 15
28 15 28 17
28 17 28 21
28 21 28 22
28 26 28 24
28 26 28 27
28 27 27 27
2 3 2 0
3 1 3 0
3 1 3 2
3 1 4 1
3 2 3 1
5 1 5 0
5 1 5 2
5 1 5 0
7 24 7 25
9 4 9 5
9 5 9 18
12 16 12 15
16 9 18 9
16 9 18 9
16 20 15 20
17 11 18 11
17 11 18 11
17 19 15 19
17 19 22 19
17 19 15 19
17 25 16 25
18 11 18 9
18 11 19 11
18 22 23 22
19 2 21 2
19 4 19 7
19 7 19 8
19 7 21 7
19 7 19 8
20 8 21 8
21 13 21 11
22 4 22 5
23 7 23 8
23 9 23 8
23 9 23 10
23 9 21 9
23 11 23 10
23 11 22 11
23 22 23 24
24 3 25 3
24 12 24 18
25 3 25 2
26 2 27 2
27 2 27 1
27 2 26 2
27 2 28 2
27 10 27 9
28 2 28 1
28 24 28 23
28 24 28 23
1 1 1 0
1 1 1 2
2 0 3 0
2 0 3 0
5 0 7 0
7 19 6 19
7 24 7 25
12 16 12 15
15 20 13 20
16 25 16 24
18 11 18 9
19 2 21 2
19 11 21 11
20 8 21 8
21 7 21 5
21 7 21 8
21 8 21 7
21 8 21 9
21 8 22 8
21 9 21 11
21 9 18 9
21 9 23 9
21 9 21 11
23 9 23 8
26 10 26 9
26 10 26 22
26 23 27 23
27 1 27 0
27 1 27 2
27 8 26 8
27 23 26 23
28 0 27 0
7 19 6 19
11 20 11 19
12 15 12 6
15 24 15 25
15 24 15 25
18 9 18 1
20 6 20 5
21 1 21 2
21 1 18 1
21 5 21 7
21 5 22 5
22 5 22 6
22 8 22 6
25 0 24 0
7 19 6 19
11 19 11 18
12 6 12 3
15 1 15 0
15 1 15 18
15 1 14 1
15 18 23 18
25 0 24 0
6 19 6 18
11 1 11 18
11 1 12 1
12 6 12 3
14 1 14 0
5 19 5 18
6 18 5 18

3802

2 6 = 6 = = = = = = = = = = = = = = = = = 6 = 2 2 = = 6 2 
1 4 2 ǁ 2 4 = = = = = = = = = = = = 4 3 4 ǁ 1 2 = = = 6 4 
3 - - 7 = = = = = = = = = = = = = = 7 6 3 ǁ | 3 2 1   | 4 
3 5 2 ǁ   2 = 4 2 - - - 3 = = 6 2 1 ǁ 6 2 ǁ |         | | 
  3 = 8 = = = 6 = = = = = 3 2 ǁ 1 | ǁ 5 4 ǁ | 2       3 4 
4 6 2 ǁ 1 - - 6 = = = = = = = 6 2 2 5 5 3 ǁ 5 5   1     | 
ǁ 4 = 5 - 3 4 5 - - - - - - 2 3 - - 3 4 2 ǁ 6 7 = = = 5 | 
5 - - - - - - - - - - - - - - - - - - 6 6 ǁ 2 | 2 3 1 ǁ | 
ǁ   2 = 6 = = = = = = = = = = = = = 6 = 4 ǁ 2 7   5 2 ǁ | 
ǁ 1 2 - 5 3 - - - - - - - - - - - - 5 4 2 ǁ 2 5 1 2 1 ǁ | 
5 = = = = = = = = = = = = = = = = = = = = 6 - - - - - 7 4 
| 3 = = = = = = = = = = = = = = = = 5 5 1 | 3 = 6 6 3 ǁ 2 
| 3 5 5 = = 3 - - - - - - - - 3 3 - 4 6   | 4 4 ǁ 3 | 4 | 
1 | 2 3 = = = = = = = = = = = = = = = 6 2 | 1 2 ǁ 1 | 3 | 
3 5                                   | | 5 = = 8 = 7 7 6 
5 7 = = = = = = = = = = = = = = = = 5 4 3 ǁ 4 = 7 2 ǁ | 4 
| | 4 = = = = = = 5 - - - - - - 3   ǁ ǁ 2 ǁ 4 5 7 4 ǁ 5 4 
| | 3 - - - 1     ǁ   3 - - 3 = 6   ǁ 4 4 ǁ 2 2 4 4 ǁ 4 1 
| 5 = = = = = = = 7 = 6   2 = = 8 2 ǁ | 4 ǁ 5 = = = 7 6 2 
| ǁ 2 1 1 - - 4 2 | 1 5         ǁ   ǁ | 4 ǁ ǁ       | | 2 
| ǁ ǁ 3 = 5 2 | 2 |   ǁ         ǁ   ǁ | ǁ ǁ ǁ       | | ǁ 
| 4 5     4 = 5 6 6 = 6 = 2     ǁ   ǁ | ǁ ǁ ǁ       | 4 6 
| | 6 2 2 5 2 - 2 ǁ   1         ǁ   ǁ 2 5 ǁ ǁ       | 3 ǁ 
| | 4 - - - - 4 3 5 2 2     2 = 6 = 7 3 3 ǁ 5 - 3 2 5 | ǁ 
3 | | 2       ǁ         2 = = = = = 5 5 3 ǁ 4 2 4 = 6 | ǁ 
3 | 3 7 = = = 6 - - - - - - - - - - - - - 5 = = = = 6 3 ǁ 
  | 2 |       | 2 1 2 - - - - - - - - - - - 2 5 2 1 | 2 ǁ 
3 7 6 3 5 6 = 6 7 3 4 = = = = = = = = = = 6 2 5 = = 7 7 5 
1 2 4 4 5 6 = 5 6 4 4 3 - - - 2 - 2 - - - 4 1 2 3 - 4 4 4 
