29 29
3 4 3 0 0 0 0 3 0 0 0 0 0 0 0 0 0 0 0 0 3 2 4 3 1 2 3 1 2 
0 2 0 2 0 4 1 0 3 5 0 0 0 0 3 0 6 0 4 1 0 0 0 1 0 2 0 0 0 
4 0 8 0 0 7 2 0 3 0 4 0 6 2 2 0 6 2 5 0 5 4 6 0 5 4 0 3 0 
0 2 0 1 3 3 1 0 2 0 2 0 4 0 0 0 6 5 5 2 1 0 5 1 0 0 0 0 0 
0 0 0 2 0 3 0 6 0 6 0 0 0 0 0 0 0 0 0 0 0 6 8 0 7 4 0 0 0 
0 0 0 0 0 3 2 0 0 0 1 0 0 5 3 0 0 0 0 0 0 2 0 2 0 0 0 0 3 
0 4 0 6 8 6 4 0 0 0 2 0 0 0 2 0 4 3 0 0 0 0 7 6 0 0 0 4 0 
0 0 0 2 0 0 3 0 0 0 0 0 0 0 0 0 0 4 0 0 2 0 2 2 0 1 0 0 0 
0 0 0 2 0 3 0 0 0 0 4 0 0 7 0 0 6 0 0 0 0 0 0 0 6 2 0 0 0 
0 0 0 0 0 0 0 0 0 0 2 4 6 5 1 3 4 0 0 0 0 0 2 1 0 2 0 0 0 
0 0 0 0 0 5 5 0 2 6 6 4 4 0 0 4 0 0 0 0 0 0 0 0 5 5 0 0 0 
0 0 0 0 0 2 2 0 2 2 2 0 0 3 0 0 0 0 0 0 0 0 0 0 4 2 0 0 0 
0 0 0 0 4 0 0 7 0 0 0 0 0 0 0 0 0 0 0 0 0 0 0 0 0 0 5 6 4 
0 5 6 6 0 4 2 8 0 0 0 0 0 4 2 4 0 0 0 0 5 0 5 5 6 2 0 0 0 
0 0 0 1 0 5 0 5 0 0 3 2 1 0 0 5 0 0 4 2 0 2 4 0 5 2 0 0 0 
0 0 4 0 0 0 0 0 0 0 0 0 0 0 0 0 0 0 0 0 4 0 0 6 0 1 0 0 0 
0 0 0 2 4 4 4 4 3 3 0 5 4 4 6 0 5 0 0 0 0 4 1 4 0 1 0 0 0 
0 5 6 0 8 7 0 4 6 6 2 0 3 0 7 2 0 2 5 3 0 0 0 0 0 0 0 0 0 
0 0 1 1 5 4 1 0 2 0 2 0 3 0 0 5 7 0 8 8 2 0 3 3 0 0 0 0 0 
0 6 0 0 0 0 0 0 0 7 5 0 5 0 5 3 4 4 3 2 0 0 0 2 0 0 0 3 0 
0 2 2 3 0 0 0 0 0 4 3 0 2 0 3 0 2 2 1 0 0 0 0 0 0 3 0 0 0 
5 0 0 0 0 0 0 0 0 0 0 6 0 0 0 0 0 0 0 0 0 6 3 5 0 0 0 2 0 
0 0 0 0 0 0 0 0 0 0 0 3 0 0 4 4 4 0 4 0 0 5 2 4 0 0 0 1 2 
6 0 0 0 0 0 0 0 0 0 0 0 0 0 0 0 0 0 0 0 0 0 5 6 6 5 0 4 4 
0 2 0 0 0 0 0 0 0 0 3 0 0 0 0 0 0 0 0 0 0 5 5 4 7 4 0 0 0 
5 0 0 0 0 0 0 0 0 0 0 0 0 0 0 0 0 0 0 0 0 7 0 4 4 2 6 5 3 
0 1 0 3 0 0 0 0 0 0 0 0 0 0 0 0 0 0 4 1 4 7 4 4 0 4 5 0 2 
5 0 0 0 0 0 0 0 0 0 0 0 0 0 0 0 0 0 6 0 6 5 5 3 0 3 7 6 5 
4 0 0 0 0 0 0 0 0 0 0 0 3 0 3 0 2 0 3 0 0 0 0 0 4 0 4 5 4 
300 528
1 9 1 8
1 9 1 14
1 9 4 9
1 16 1 14
1 16 1 18
1 16 2 16
1 16 1 14
1 16 1 18
1 16 2 16
1 18 1 19
1 18 2 18
2 2 2 0
2 2 2 5
2 2 0 2
2 2 13 2
2 2 2 0
2 2 2 5
2 2 0 2
2 2 13 2
2 5 2 6
2 5 1 5
2 5 3 5
2 10 2 12
2 10 3 10
2 10 2 12
2 10 3 10
2 12 2 13
2 12 3 12
2 16 2 14
2 16 2 17
2 16 3 16
2 16 2 14
3 1 6 1
3 16 3 12
3 16 3 17
3 16 6 16
3 16 3 12
3 16 3 17
4 9 4 7
4 9 1 9
4 9 10 9
4 9 4 7
4 9 10 9
4 21 4 22
4 21 2 21
4 21 5 21
4 21 4 22
4 21 2 21
4 21 5 21
4 22 4 24
4 22 3 22
4 22 6 22
5 13 5 10
5 13 5 14
5 13 8 13
6 1 3 1
6 1 13 1
6 1 13 1
6 3 6 4
6 3 4 3
6 3 7 3
6 3 6 4
6 3 4 3
6 3 7 3
6 4 6 5
6 4 3 4
6 4 12 4
6 10 8 10
8 3 13 3
9 12 9 11
9 12 9 13
9 12 10 12
9 12 9 11
9 12 9 13
9 12 10 12
10 5 10 6
10 5 8 5
10 5 11 5
10 9 10 8
10 9 10 10
10 9 11 9
10 9 10 8
10 10 10 11
10 10 9 10
10 10 11 10
10 10 10 11
10 10 9 10
10 25 10 24
10 25 9 25
10 25 11 25
12 7 12 4
12 7 12 26
12 7 4 7
12 7 13 7
13 2 13 1
13 2 13 3
13 2 15 2
13 2 13 1
13 3 13 5
13 3 8 3
13 3 14 3
13 3 13 5
13 5 13 6
13 5 14 5
13 7 13 6
13 7 13 13
13 7 12 7
13 7 14 7
13 20 13 15
13 20 13 22
13 20 15 20
13 23 13 22
13 23 13 24
13 23 15 23
13 24 13 23
13 24 13 25
13 24 14 24
13 24 13 23
13 24 13 25
14 5 14 7
14 5 16 5
14 24 14 25
14 24 23 24
14 24 14 25
14 24 23 24
15 2 17 2
15 23 15 20
15 23 16 23
15 25 16 25
16 16 16 14
16 16 16 21
16 16 18 16
17 1 17 2
17 1 13 1
17 1 19 1
17 4 17 2
17 4 17 5
17 4 16 4
17 4 18 4
17 4 17 2
17 4 17 5
17 4 16 4
17 4 18 4
17 5 17 7
17 5 16 5
17 5 18 5
17 14 17 12
17 14 17 15
17 14 16 14
17 14 19 14
17 18 17 17
17 18 17 19
17 18 18 18
18 4 18 3
18 4 18 5
18 4 18 5
18 5 18 6
18 15 18 16
18 15 17 15
18 15 19 15
18 18 18 16
18 18 18 19
18 18 17 18
18 18 19 18
18 18 18 16
18 18 18 19
18 18 17 18
18 19 18 20
18 19 17 19
18 19 19 19
18 19 18 20
18 19 17 19
18 19 19 19
19 1 19 9
19 1 17 1
19 1 20 1
20 25 23 25
20 25 23 25
21 0 21 11
21 0 2 0
21 0 23 0
21 23 21 22
21 23 19 23
21 23 22 23
23 0 23 22
23 0 21 0
23 0 25 0
23 24 23 23
23 24 23 25
23 24 24 24
23 24 23 23
24 21 24 10
24 21 24 22
24 21 25 21
24 24 24 23
24 24 24 25
24 24 25 24
26 21 26 20
26 21 26 22
26 21 25 21
26 21 27 21
27 0 27 18
27 0 25 0
27 0 28 0
27 20 27 18
27 20 27 21
27 20 26 20
27 20 27 18
27 20 27 21
27 20 26 20
27 22 27 21
27 22 27 23
27 22 26 22
27 26 27 25
27 26 27 27
27 26 26 26
27 26 28 26
27 28 27 27
27 28 26 28
27 28 28 28
28 0 28 12
28 0 27 0
28 0 28 12
28 12 28 14
28 14 28 16
28 27 28 26
28 27 28 28
28 27 27 27
28 28 28 27
28 28 27 28
1 1 0 1
1 3 1 5
1 9 1 8
2 0 0 0
2 12 2 13
2 12 3 12
3 3 3 4
3 18 3 17
3 18 3 19
3 18 2 18
4 7 4 5
4 7 0 7
4 7 12 7
4 22 4 24
4 22 3 22
4 22 6 22
4 24 4 25
4 24 2 24
4 24 8 24
5 23 6 23
6 4 6 5
6 4 3 4
6 4 12 4
6 5 6 6
6 5 5 5
6 5 8 5
6 5 6 6
6 6 5 6
6 6 7 6
6 10 8 10
6 22 6 17
6 22 6 23
6 22 7 22
6 23 6 22
6 23 5 23
6 23 7 23
6 23 6 22
6 27 2 27
6 27 12 27
6 27 2 27
6 27 12 27
7 6 10 6
7 17 7 20
7 17 6 17
7 17 7 20
7 17 6 17
8 5 10 5
8 10 8 13
9 11 10 11
9 11 10 11
10 12 10 15
11 8 11 9
11 10 11 13
11 13 11 24
12 4 12 7
12 27 12 26
12 27 12 28
12 27 19 27
12 27 12 26
12 28 5 28
12 28 22 28
12 28 5 28
14 5 14 7
14 5 16 5
14 15 14 12
14 15 14 18
14 15 13 15
14 18 14 15
14 18 14 19
14 18 14 19
14 21 14 22
14 22 14 21
14 22 13 22
14 22 13 22
15 2 17 2
15 20 15 23
15 20 13 20
15 23 16 23
15 23 16 23
16 3 16 4
16 4 16 3
16 5 16 6
16 6 16 7
16 6 16 7
16 13 16 12
16 13 16 14
16 13 16 12
16 13 16 14
16 23 16 22
17 1 17 2
17 5 17 7
17 7 17 8
17 7 16 7
17 8 17 9
17 8 16 8
17 8 18 8
17 8 17 9
17 8 16 8
17 9 17 10
17 9 16 9
17 9 19 9
17 9 17 10
17 14 17 12
17 14 16 14
17 14 19 14
19 1 19 9
19 1 20 1
19 9 19 10
19 9 20 9
19 27 21 27
20 2 20 3
21 0 21 11
21 11 21 21
21 11 16 11
21 11 22 11
21 11 21 21
21 21 21 22
21 21 16 21
21 21 22 21
21 21 21 22
22 11 22 14
22 11 22 14
22 14 22 15
22 15 22 14
22 15 22 16
22 15 22 16
22 16 22 18
22 18 22 16
22 18 22 21
22 18 22 21
22 21 22 22
23 0 23 22
23 0 25 0
23 23 23 22
23 23 22 23
23 23 24 23
23 23 23 22
24 24 24 23
24 24 24 25
24 24 25 24
24 25 23 25
24 25 25 25
26 20 26 19
26 21 26 22
26 21 25 21
26 21 27 21
27 18 27 0
27 18 26 18
27 18 28 18
27 22 27 23
27 22 26 22
28 14 28 16
28 18 28 24
28 18 28 24
28 24 28 26
28 24 25 24
28 26 28 27
0 0 0 1
0 0 0 1
0 1 0 2
0 7 0 20
0 7 0 20
0 28 0 27
0 28 5 28
1 3 1 5
1 5 1 6
1 8 2 8
2 5 2 6
2 5 3 5
2 8 3 8
2 27 2 25
3 6 3 5
3 8 2 8
4 5 5 5
4 5 5 5
6 16 6 14
6 16 8 16
6 16 6 14
7 6 10 6
8 10 8 13
8 16 8 13
8 16 8 24
8 16 9 16
8 16 8 13
8 16 8 24
8 24 8 25
8 24 4 24
8 24 10 24
9 16 9 15
9 16 9 22
9 16 9 15
9 22 9 23
10 12 10 15
10 15 10 24
10 15 9 15
11 13 11 24
11 24 11 25
11 24 10 24
12 26 25 26
13 13 13 7
13 13 13 14
13 13 13 14
13 15 13 20
13 15 14 15
16 6 16 7
16 8 16 9
16 9 16 11
16 12 16 11
16 12 17 12
16 14 16 16
16 21 16 16
18 10 19 10
18 12 19 12
18 16 18 15
18 16 19 16
18 22 18 23
19 9 19 10
19 9 20 9
19 27 21 27
20 2 20 3
20 3 20 9
20 9 20 10
20 10 19 10
22 21 22 22
22 23 21 23
22 23 21 23
23 22 24 22
24 22 24 21
24 22 24 23
24 22 24 21
25 0 25 21
25 0 25 21
25 21 25 23
25 21 25 23
25 23 25 24
25 23 26 23
26 1 26 3
26 3 26 18
26 18 26 3
26 23 27 23
27 26 27 25
27 26 27 27
27 26 26 26
0 26 0 25
5 14 5 13
7 22 7 23
9 14 9 13
10 24 10 25
10 25 9 25
12 26 25 26
13 7 14 7
16 11 14 11
16 11 14 11
18 10 19 10
18 12 19 12
18 16 18 15
18 22 18 23
19 23 18 23
24 1 24 10
24 10 24 1
25 26 25 25
25 26 25 27
25 26 26 26
25 26 25 27
26 25 26 26
26 25 27 25
26 25 26 26
0 26 0 25
5 14 5 13
8 13 9 13
8 13 9 13
8 25 7 25
13 7 14 7
18 12 19 12
4 25 4 24
4 25 2 25
4 25 2 25
1 25 1 23
1 25 2 25
2 24 2 22
3 23 3 22
0 23 0 22
0 23 0 24
0 23 0 22
2 24 2 22
3 22 2 22
0 22 0 21
0 22 2 22
3 22 2 22
2 22 2 21
2 21 2 20
0 21 0 20
2 20 2 18
2 20 3 20
2 20 2 18
3 19 3 18
3 17 3 18
3 17 2 17

3793

3 4 3         3 = = = = = = = = = = = = 3 2 4 3 1 2 3 1 2 
| 2 ǁ 2 = 4 1 | 3 5 - - - - 3 = 6 = 4 1     | 1 - 2     | 
4 = 8 = = 7 2 | 3 ǁ 4 = 6 2 2 = 6 2 5 = 5 4 6 = 5 4 - 3 | 
| 2 ǁ 1 3 3 1 | 2 ǁ 2   4 = = = 6 5 5 2 1 ǁ 5 1 | ǁ   ǁ | 
| ǁ ǁ 2 ǁ 3 - 6 = 6             |         6 8 = 7 4   ǁ | 
| ǁ ǁ ǁ ǁ 3 2 ǁ   ǁ 1 - - 5 3   |         2 ǁ 2 ǁ     ǁ 3 
| 4 ǁ 6 8 6 4 ǁ   ǁ 2     | 2 = 4 3 - - - - 7 6 ǁ     4 ǁ 
| ǁ ǁ 2 ǁ | 3 ǁ   ǁ ǁ     |     | 4 = = 2   2 2 ǁ 1   ǁ ǁ 
| ǁ ǁ 2 ǁ 3 ǁ ǁ   ǁ 4 = = 7 = = 6 = = = = = = = 6 2   ǁ ǁ 
| ǁ ǁ ǁ ǁ ǁ ǁ ǁ   ǁ 2 4 6 5 1 3 4 - - - - - 2 1 | 2   ǁ ǁ 
| ǁ ǁ ǁ ǁ 5 5 ǁ 2 6 6 4 4 = = 4 - - - - - - - - 5 5   ǁ ǁ 
| ǁ ǁ ǁ ǁ 2 2 ǁ 2 2 2 - - 3 = = = = = = = = = = 4 2   ǁ ǁ 
| ǁ ǁ ǁ 4 = = 7 - - - - - - - - - - - - - - - - - - 5 6 4 
| 5 6 6 = 4 2 8 = = = = = 4 2 4 = = = = 5 - 5 5 6 2 ǁ | | 
| | | 1   5 = 5     3 2 1 - - 5 = = 4 2 ǁ 2 4 | 5 2 ǁ | | 
| | 4     ǁ           ǁ                 4 = = 6 ǁ 1 ǁ | | 
| | ǁ 2 4 4 4 4 3 3 - 5 4 4 6 = 5 = = = = 4 1 4 ǁ 1 ǁ | | 
| 5 6 = 8 7 = 4 6 6 2 | 3 = 7 2 | 2 5 3   |     ǁ   ǁ | | 
| ǁ 1 1 5 4 1   2 | 2 | 3   ǁ 5 7 = 8 8 2 | 3 3 ǁ   ǁ | | 
| 6 = = = = = = = 7 5 | 5   5 3 4 4 3 2   |   2 ǁ   ǁ 3 | 
| 2 2 3 - - - - - 4 3 | 2   3   2 2 1     |   | ǁ 3 ǁ ǁ | 
5 = = = = = = = = = = 6 = = = = = = = = = 6 3 5 ǁ ǁ ǁ 2 | 
ǁ                     3 = = 4 4 4 = 4 = = 5 2 4 ǁ ǁ ǁ 1 2 
6 = = = = = = = = = = = = = = = = = = = = = 5 6 6 5 ǁ 4 4 
ǁ 2 = = = = = = = = 3 - - - - - - - - - - 5 5 4 7 4 ǁ     
5 = = = = = = = = = = = = = = = = = = = = 7 = 4 4 2 6 5 3 
| 1 - 3 = = = = = = = = = = = = = = 4 1 4 7 4 4 | 4 5   2 
5 = = = = = = = = = = = = = = = = = 6 = 6 5 5 3 | 3 7 6 5 
4 = = = = = = = = = = = 3 - 3 = 2   3 = = = = = 4 - 4 5 4 
