29 29
2 4 0 0 0 0 6 6 4 0 4 3 2 3 4 1 0 0 0 3 3 0 0 3 0 5 6 5 4 
0 0 4 5 1 1 3 2 0 2 6 7 3 0 5 0 0 0 0 7 0 0 0 0 0 6 4 0 4 
0 0 0 4 0 0 0 0 7 0 0 7 2 0 4 0 5 5 4 3 3 0 0 2 0 0 0 0 0 
0 0 0 1 3 4 4 2 0 0 0 0 0 0 1 3 0 1 5 0 6 0 2 0 0 0 0 0 0 
0 0 6 0 8 5 3 1 0 0 0 1 0 0 2 0 0 2 7 2 0 0 0 5 2 0 0 0 0 
0 0 0 0 0 3 0 0 0 0 0 0 0 0 0 0 3 0 6 0 0 0 0 0 0 0 0 0 0 
0 0 0 0 0 2 0 0 0 0 0 0 0 0 0 0 0 0 0 0 0 0 0 0 0 0 0 0 0 
0 0 0 0 0 0 0 0 0 0 0 0 0 0 0 0 0 1 5 0 7 0 6 3 0 0 0 0 0 
0 0 0 4 6 1 7 0 6 0 0 0 0 4 5 0 0 0 4 4 0 0 0 0 0 0 0 0 0 
0 0 0 4 5 0 0 1 0 3 0 0 0 5 4 0 0 0 0 3 0 2 5 3 0 0 0 0 0 
0 0 0 0 0 0 0 0 0 3 0 0 0 0 2 0 0 0 0 0 0 3 5 2 0 0 2 7 4 
0 0 5 0 5 5 7 3 0 5 0 0 0 7 5 0 0 0 0 3 8 0 5 0 0 0 0 0 0 
0 0 3 3 4 0 0 0 0 0 0 0 0 0 2 0 0 0 0 1 0 2 0 0 0 0 0 0 2 
0 0 3 0 1 0 0 0 0 0 2 0 0 7 0 7 0 3 0 0 0 3 3 0 0 0 0 0 0 
0 0 5 3 0 5 0 0 0 0 2 1 0 0 0 0 0 0 3 4 0 1 0 0 0 0 0 0 0 
0 0 0 0 0 4 0 0 0 0 4 6 0 7 2 0 0 0 3 0 0 0 0 0 0 0 0 0 0 
3 0 0 0 0 2 0 0 0 0 3 5 6 7 4 0 0 0 0 0 0 3 0 0 0 0 0 0 0 
4 0 3 0 0 0 5 3 0 4 3 2 6 4 2 0 2 6 6 2 0 0 0 0 0 0 0 0 0 
0 0 0 0 0 0 1 2 0 4 0 4 6 2 0 0 0 3 4 0 0 4 0 0 0 7 0 4 0 
6 7 0 0 0 0 0 0 7 0 0 0 0 0 0 7 0 0 0 0 6 4 4 2 0 0 2 0 5 
0 3 4 0 0 4 4 2 0 1 3 0 6 5 3 0 4 4 5 3 0 0 2 0 0 0 2 4 0 
0 3 5 0 0 0 0 0 5 0 0 0 6 7 4 0 3 0 0 3 0 0 0 0 0 0 4 5 0 
6 0 0 0 0 0 0 0 0 0 0 5 4 0 1 0 1 0 0 4 0 5 6 2 0 0 0 1 0 
0 1 1 0 0 0 3 0 3 4 3 0 0 0 2 7 0 5 4 4 0 4 0 4 3 0 0 0 0 
0 0 0 0 0 0 0 1 0 0 0 1 0 4 3 0 1 4 4 5 0 3 0 6 4 0 6 4 0 
0 3 0 0 0 0 0 0 0 4 7 0 8 3 4 0 0 2 1 2 0 2 0 2 0 0 2 0 0 
0 0 0 2 0 0 5 3 0 1 3 2 5 1 2 0 5 0 0 0 7 0 0 0 0 6 0 3 0 
5 4 0 0 0 0 0 0 5 0 0 0 0 0 0 4 4 1 2 0 8 0 0 6 2 5 0 3 2 
4 0 0 0 0 0 2 2 5 0 0 4 0 0 0 0 0 0 0 2 4 0 0 6 4 6 0 4 2 
300 536
0 6 0 1
0 6 0 7
0 6 1 6
0 6 0 1
0 6 0 7
0 6 1 6
0 7 0 8
0 7 1 7
0 25 0 23
0 25 0 26
0 25 1 25
0 26 0 25
0 26 0 27
0 26 1 26
0 26 0 25
0 26 0 27
0 28 0 27
0 28 1 28
0 28 0 27
0 28 1 28
1 2 1 3
1 2 4 2
1 2 1 3
1 2 4 2
1 3 1 4
1 3 2 3
1 3 2 3
1 11 1 10
1 11 1 12
1 11 0 11
1 11 2 11
1 19 1 14
1 19 1 25
1 19 0 19
1 19 2 19
1 25 1 19
1 25 1 26
1 25 18 25
1 25 1 26
1 26 1 28
1 28 10 28
2 3 2 8
2 3 3 3
2 8 2 11
2 8 0 8
2 8 8 8
2 11 2 8
2 11 2 12
2 11 1 11
2 11 4 11
2 16 2 14
2 16 2 17
2 16 5 16
2 17 2 16
2 17 2 18
2 17 3 17
3 18 3 20
3 18 2 18
3 18 4 18
4 2 4 4
4 2 11 2
4 4 4 2
4 4 4 5
4 4 3 4
4 4 8 4
5 18 5 16
5 18 4 18
5 18 7 18
5 18 5 16
5 18 4 18
5 18 7 18
7 20 7 18
7 20 7 22
7 20 3 20
7 20 11 20
8 3 8 4
8 3 9 3
8 3 8 4
8 3 9 3
8 4 8 5
8 4 4 4
8 4 9 4
8 19 8 18
8 19 9 19
8 19 8 18
8 19 9 19
9 3 9 4
9 3 12 3
9 4 9 7
9 4 11 4
9 4 11 4
10 28 10 27
10 28 12 28
10 28 10 27
11 2 4 2
11 2 12 2
11 2 12 2
11 2 12 2
11 5 11 4
11 5 11 6
11 5 14 5
11 6 11 5
11 6 11 7
11 6 17 6
11 6 11 5
11 6 11 7
11 6 17 6
11 13 11 9
11 13 11 14
11 13 9 13
11 13 13 13
11 20 11 19
11 20 11 22
11 20 7 20
11 20 19 20
12 21 13 21
12 28 19 28
13 2 13 4
13 2 14 2
13 2 14 2
13 15 13 13
13 15 13 17
13 15 3 15
13 15 19 15
14 5 14 3
14 5 15 5
14 5 14 3
14 5 15 5
15 5 16 5
15 13 15 11
15 13 15 14
15 13 13 13
15 13 16 13
16 12 16 11
16 12 16 13
16 12 17 12
16 12 16 11
16 12 16 13
16 12 17 12
17 12 17 11
17 12 17 13
17 12 18 12
17 12 17 11
18 12 18 11
18 12 18 13
18 12 20 12
18 12 18 11
18 12 18 13
18 25 18 21
18 25 18 27
18 25 26 25
19 0 19 1
19 0 17 0
19 0 22 0
19 0 19 1
19 0 17 0
19 0 22 0
19 1 19 8
19 1 0 1
19 1 20 1
19 8 19 1
19 8 8 8
19 8 21 8
19 8 8 8
19 8 21 8
19 15 19 20
19 15 13 15
19 15 23 15
19 15 19 20
19 15 23 15
19 20 19 21
19 20 11 20
19 20 26 20
19 28 19 26
19 28 27 28
19 28 19 26
19 28 27 28
20 5 20 2
20 5 20 6
20 5 20 2
20 5 20 6
20 6 20 7
20 6 23 6
20 7 24 7
20 12 20 10
20 12 20 13
20 12 21 12
20 12 20 10
20 12 20 13
20 16 20 17
20 16 21 16
20 16 20 17
20 16 21 16
20 17 20 18
20 17 23 17
20 18 20 19
20 18 23 18
20 18 20 19
20 18 23 18
20 19 21 19
20 27 20 26
20 27 21 27
20 27 20 26
20 27 21 27
21 2 21 1
21 2 20 2
21 2 23 2
21 12 21 8
21 12 21 13
21 12 22 12
21 12 21 8
21 12 21 13
21 13 21 14
21 13 20 13
21 13 24 13
21 16 22 16
21 19 22 19
21 26 21 27
21 26 24 26
21 26 21 27
21 26 24 26
21 27 22 27
22 0 27 0
22 0 27 0
22 12 22 11
22 12 25 12
22 12 22 11
22 19 21 19
22 19 23 19
22 19 23 19
22 21 22 22
22 21 19 21
22 21 23 21
22 22 22 21
22 22 22 23
22 22 20 22
22 22 22 21
22 22 22 23
23 6 26 6
23 15 23 14
23 15 23 17
23 15 27 15
23 19 23 18
23 19 24 19
23 21 23 23
23 21 24 21
23 21 23 23
23 23 23 24
23 23 24 23
23 24 24 24
24 19 24 18
24 19 25 19
24 19 24 18
24 19 25 19
24 23 24 21
24 23 24 24
24 23 25 23
24 23 24 21
24 23 24 24
24 24 23 24
24 26 24 27
24 26 25 26
24 26 24 27
24 26 25 26
24 27 26 27
24 27 26 27
25 10 25 9
25 10 25 12
25 10 23 10
25 10 26 10
25 12 25 10
25 12 25 13
25 12 26 12
25 12 25 13
25 12 26 12
25 21 25 23
26 3 26 6
26 12 26 11
26 12 26 13
26 12 25 12
26 14 25 14
26 16 26 20
26 16 24 16
26 16 27 16
26 20 26 16
26 20 26 25
26 20 27 20
27 20 27 18
27 20 27 23
27 20 26 20
27 20 28 20
27 20 27 18
27 20 27 23
27 20 26 20
27 23 27 24
27 23 28 23
28 0 28 6
28 0 27 0
28 0 28 6
28 0 27 0
28 8 28 7
28 8 28 11
28 8 27 8
28 20 28 19
28 20 28 23
28 20 28 19
28 23 28 24
28 23 27 23
28 23 28 24
28 23 27 23
28 24 28 25
28 24 27 24
28 28 28 27
28 28 28 27
0 1 0 0
0 7 0 8
0 7 1 7
0 8 0 10
0 10 0 11
0 10 1 10
0 10 0 11
0 23 0 20
1 5 1 6
1 9 1 10
1 11 1 10
1 11 1 12
2 8 8 8
2 11 2 12
2 16 2 14
2 17 2 18
2 18 2 19
3 18 3 20
3 18 4 18
3 20 3 22
3 20 2 20
3 20 7 20
3 22 7 22
4 4 4 5
4 4 3 4
4 17 4 18
4 19 4 18
4 23 4 24
4 23 2 23
4 23 7 23
4 24 4 23
6 5 5 5
6 5 5 5
7 22 7 20
7 22 7 23
7 22 9 22
7 22 7 23
8 14 8 13
8 14 4 14
8 14 9 14
8 18 7 18
8 18 14 18
9 19 11 19
10 26 10 27
10 27 10 26
10 27 18 27
10 27 18 27
11 4 12 4
11 7 17 7
11 20 11 19
11 20 11 22
12 3 12 4
12 4 12 3
12 4 11 4
12 14 11 14
12 19 14 19
12 21 13 21
14 3 14 2
14 19 14 18
14 19 17 19
14 19 14 18
15 5 16 5
15 18 17 18
17 0 16 0
17 13 17 14
17 13 16 13
17 13 17 14
17 16 17 17
17 19 17 18
18 11 18 9
18 18 18 17
18 18 17 18
18 18 18 17
18 18 17 18
18 25 18 21
18 25 18 27
18 25 26 25
19 1 20 1
19 21 19 22
19 21 18 21
19 22 19 23
19 22 20 22
19 22 19 23
20 2 20 1
20 10 20 9
21 1 21 2
21 1 23 1
21 8 23 8
22 11 24 11
23 6 26 6
23 18 23 17
24 18 24 17
24 18 25 18
25 1 27 1
25 17 24 17
26 3 26 6
26 6 26 7
26 7 26 9
26 7 28 7
26 14 25 14
26 16 27 16
27 0 27 1
27 1 25 1
27 8 27 15
27 8 28 8
27 8 27 15
27 8 28 8
27 15 27 16
27 16 27 17
27 25 27 27
27 25 26 25
27 25 28 25
28 25 28 27
28 25 27 25
28 25 28 27
28 25 27 25
0 0 16 0
0 23 0 20
1 9 1 10
2 14 1 14
2 14 3 14
2 20 2 19
2 20 2 23
3 4 3 5
3 5 3 6
3 5 4 5
3 5 3 6
3 6 3 7
3 6 4 6
3 7 4 7
3 15 13 15
4 14 8 14
4 17 4 18
5 5 4 5
7 18 7 17
12 14 11 14
14 2 17 2
14 2 17 2
15 18 17 18
16 0 17 0
16 13 16 14
16 13 15 13
16 14 16 13
16 14 15 14
17 2 17 6
17 16 17 17
17 17 17 18
17 17 13 17
17 17 18 17
17 17 13 17
18 9 18 11
18 9 17 9
18 9 17 9
18 21 16 21
23 8 23 9
23 15 23 14
23 15 23 17
23 17 24 17
24 17 25 17
25 9 25 10
25 9 23 9
25 9 25 10
25 14 25 13
25 14 24 14
26 10 26 11
26 25 26 27
0 20 0 19
1 19 1 14
1 19 0 19
4 5 4 6
4 6 8 6
8 6 8 8
13 15 13 13
15 13 15 11
15 13 13 13
16 21 14 21
17 9 17 10
17 9 11 9
17 10 16 10
22 14 21 14
23 8 23 9
23 9 23 10
24 13 24 14
24 13 21 13
24 13 24 14
0 15 0 14
8 6 8 8
13 21 13 22
13 22 11 22
15 11 15 10
15 11 14 11
15 11 16 11
15 11 15 10
16 11 16 10
16 11 16 10
21 14 21 13
21 14 20 14
0 14 0 13
0 14 1 14
0 14 0 13
1 14 1 12
8 13 8 14
8 13 9 13
8 13 9 13
9 14 9 13
9 14 10 14
9 14 9 13
10 14 11 14
11 13 11 9
11 13 11 14
11 13 13 13
13 13 13 10
13 22 11 22
15 10 14 10
20 13 20 14
20 13 20 14
0 12 0 13
9 9 10 9
11 9 10 9
11 22 10 22
13 10 14 10
9 9 10 9

4372

2 4 = = = = 6 6 4 - 4 3 2 3 4 1       3 3 = = 3 - 5 6 5 4 
| | 4 5 1 1 3 2 | 2 6 7 3 - 5 = = = = 7 = = = = = 6 4 - 4 
| | ǁ 4 - - - - 7 = = 7 2   4 = 5 5 4 3 3 - - 2   |     | 
| | ǁ 1 3 4 4 2 ǁ     |     1 3 | 1 5 = 6 - 2 |   |     | 
| | 6 = 8 5 3 1 ǁ     1     2 ǁ | 2 7 2 ǁ   | 5 2 |     | 
| | ǁ   ǁ 3 |   ǁ           ǁ ǁ 3 = 6   ǁ   | |   |     | 
| | ǁ   ǁ 2 |   ǁ           ǁ ǁ     ǁ   ǁ   | |   |     | 
| | ǁ   ǁ   |   ǁ           ǁ ǁ   1 5 - 7 = 6 3   |     | 
| | ǁ 4 6 1 7 = 6         4 5 ǁ     4 4 ǁ   |     |     | 
| | ǁ 4 5 - - 1 ǁ 3       5 4 ǁ     | 3 ǁ 2 5 3   |     | 
| | ǁ | ǁ       ǁ 3       | 2 ǁ     | | ǁ 3 5 2   | 2 7 4 
| | 5 | 5 5 7 3 ǁ 5 = = = 7 5 ǁ     | 3 8 = 5     |   ǁ | 
| | 3 3 4 | ǁ | ǁ |       ǁ 2 ǁ     | 1 ǁ 2 ǁ     |   ǁ 2 
| | 3 - 1 | ǁ | ǁ | 2 - - 7 = 7 - 3 | | ǁ 3 3     |   ǁ | 
| | 5 3 = 5 ǁ | ǁ | 2 1   ǁ   ǁ   ǁ 3 4 ǁ 1       |   ǁ | 
| | ǁ     4 ǁ | ǁ | 4 6 = 7 2 ǁ   ǁ 3 | ǁ |       |   ǁ | 
3 | ǁ     2 ǁ | ǁ | 3 5 6 7 4 ǁ   ǁ ǁ | ǁ 3       |   ǁ | 
4 | 3 - - - 5 3 ǁ 4 3 2 6 4 2 ǁ 2 6 6 2 ǁ |       |   ǁ | 
ǁ |         1 2 ǁ 4 = 4 6 2   ǁ   3 4   ǁ 4 = = = 7 = 4 | 
6 7 = = = = = = 7       |     7 = = = = 6 4 4 2   ǁ 2 = 5 
ǁ 3 4 = = 4 4 2 ǁ 1 3 = 6 5 3 ǁ 4 4 5 3 | | 2     ǁ 2 4 ǁ 
ǁ 3 5       | | 5 = = = 6 7 4 ǁ 3 | ǁ 3 | | |     ǁ 4 5 ǁ 
6 | |       | | |     5 4 ǁ 1 ǁ 1 | ǁ 4 | 5 6 2   ǁ ǁ 1 ǁ 
ǁ 1 1       3 | 3 4 3 | | ǁ 2 7 = 5 4 4 | 4 = 4 3 ǁ ǁ   ǁ 
ǁ           ǁ 1   | | 1 | 4 3 | 1 4 4 5 | 3 = 6 4 ǁ 6 4 ǁ 
ǁ 3         ǁ     4 7 = 8 3 4 | | 2 1 2 | 2 - 2   ǁ 2 ǁ ǁ 
ǁ ǁ   2 = = 5 3 - 1 3 2 5 1 2 | 5 = = = 7 - - - - 6 - 3 ǁ 
5 4           | 5 = = = = = = 4 4 1 2 = 8 = = 6 2 5 - 3 2 
4 = = = = = 2 2 5 - - 4               2 4 - - 6 4 6 = 4 2 
