29 29
4 0 0 0 0 4 1 3 4 0 6 0 6 5 0 0 0 0 0 0 0 0 0 0 0 3 0 3 4 
4 0 6 4 2 0 2 0 0 2 0 2 0 4 0 0 0 0 0 1 0 0 0 3 2 0 4 6 5 
4 0 5 3 4 0 0 0 0 0 0 0 0 0 0 0 0 0 0 0 0 0 0 0 0 0 0 0 0 
0 0 0 0 0 0 0 0 0 6 7 6 0 0 0 0 0 0 0 2 0 0 0 7 3 0 0 0 3 
0 0 0 0 3 0 0 0 0 6 3 0 0 3 0 0 0 0 0 0 0 0 2 0 0 0 0 0 0 
0 0 0 0 0 0 0 0 0 0 1 0 0 0 0 0 2 0 0 0 0 0 0 0 0 0 0 3 3 
0 0 0 0 0 0 0 0 0 5 4 0 0 0 0 0 0 0 0 0 0 0 0 0 0 0 0 0 2 
0 0 0 0 0 0 0 0 0 2 4 0 0 5 0 0 7 0 0 0 2 0 0 0 0 0 0 0 0 
6 0 0 0 5 0 0 0 5 0 5 0 0 0 1 2 0 0 0 2 4 3 0 0 0 0 0 0 0 
0 3 0 0 8 7 3 0 2 0 4 0 0 0 0 0 4 0 0 8 6 2 0 0 0 0 0 3 4 
0 5 2 0 2 0 0 0 2 0 6 4 0 4 6 7 5 1 0 2 5 2 5 8 5 0 0 0 3 
0 2 1 0 0 7 4 0 0 0 4 0 0 4 4 3 3 0 0 0 3 0 2 2 2 0 0 0 3 
0 0 0 1 0 5 4 0 1 0 5 4 0 2 2 2 0 0 0 0 0 0 0 0 0 0 0 0 0 
6 0 0 0 0 0 0 8 0 0 0 0 7 0 0 0 0 0 0 0 0 0 0 0 0 4 5 6 3 
6 5 4 2 4 4 2 0 4 5 2 0 0 0 2 0 0 5 1 0 0 0 4 4 2 0 0 5 2 
2 2 0 0 6 7 3 0 5 7 0 0 8 0 0 0 0 5 0 0 0 0 5 8 5 0 0 5 4 
3 4 0 0 0 0 0 0 0 0 3 1 0 2 0 3 0 0 0 5 0 0 0 6 0 0 1 0 0 
1 0 0 0 4 0 0 0 1 5 5 1 0 0 2 1 3 2 0 0 0 0 0 0 0 0 2 4 3 
0 0 0 0 2 0 0 0 2 6 5 3 0 2 0 1 6 4 0 0 0 0 0 4 0 0 0 5 3 
0 0 0 0 1 6 0 7 0 0 2 0 0 0 0 0 0 0 0 0 0 2 0 7 3 0 0 4 2 
0 0 0 0 4 7 2 0 3 2 2 0 0 0 0 0 0 0 0 0 0 0 0 1 0 0 0 0 0 
0 0 0 0 5 4 0 0 5 0 8 4 0 2 6 0 7 0 0 6 0 0 0 0 0 6 6 7 3 
0 0 2 0 2 0 0 0 4 2 0 1 0 0 1 3 8 4 0 0 4 0 2 4 0 7 5 2 0 
0 0 4 6 0 7 0 6 0 0 7 2 0 0 0 1 4 2 0 0 0 1 0 3 0 0 4 0 0 
0 0 3 4 1 0 1 0 3 0 4 5 6 0 0 0 5 5 0 4 6 0 0 0 2 2 0 0 0 
0 0 0 0 0 0 0 0 5 3 5 2 0 0 0 0 0 2 0 2 0 0 0 0 0 0 0 0 2 
0 2 0 6 0 6 2 0 4 0 6 0 4 0 0 0 0 0 0 0 5 0 0 0 0 0 7 4 0 
0 2 1 3 1 6 5 4 0 0 0 0 0 0 0 0 0 0 0 0 0 3 0 0 0 4 5 7 6 
2 5 0 4 3 3 2 3 0 0 0 0 0 0 0 0 0 0 0 0 0 0 0 3 2 3 2 4 4 
300 450
0 0 0 5
0 0 1 0
0 0 0 5
0 0 1 0
0 5 0 6
0 5 9 5
0 10 0 8
0 10 0 12
0 10 3 10
0 10 0 8
0 10 0 12
0 10 3 10
0 12 0 13
0 12 13 12
0 28 0 27
0 28 1 28
0 28 0 27
0 28 1 28
1 0 1 2
1 0 2 0
1 11 3 11
2 0 2 2
2 0 8 0
2 0 2 2
3 9 3 10
3 9 1 9
3 9 4 9
3 9 3 10
3 9 1 9
3 9 4 9
3 11 3 10
3 11 1 11
3 11 10 11
3 11 3 10
3 11 10 11
3 23 3 19
3 23 3 24
3 23 1 23
3 23 10 23
4 9 4 10
4 9 6 9
4 9 4 10
4 9 6 9
5 16 7 16
7 13 7 16
7 13 4 13
7 13 10 13
8 4 8 0
8 4 4 4
8 4 9 4
8 8 8 10
8 8 0 8
8 8 9 8
9 4 9 1
9 4 9 5
9 4 8 4
9 4 10 4
9 4 9 1
9 4 9 5
9 4 8 4
9 5 9 6
9 5 11 5
9 19 9 16
9 19 9 20
9 19 8 19
9 19 10 19
9 19 9 16
9 19 9 20
9 19 8 19
9 19 10 19
9 20 9 21
9 20 8 20
9 20 10 20
9 20 9 21
10 1 10 2
10 1 9 1
10 1 11 1
10 11 10 10
10 11 12 11
10 15 10 14
10 15 10 16
10 15 8 15
10 15 11 15
10 20 10 21
10 20 11 20
10 23 10 22
10 23 10 24
10 23 3 23
10 23 11 23
11 5 11 2
11 5 11 6
11 5 9 5
11 5 12 5
12 11 12 10
12 11 16 11
12 11 12 10
13 0 13 7
13 0 8 0
13 0 14 0
13 0 13 7
13 0 8 0
13 0 14 0
13 7 0 7
13 7 19 7
13 7 0 7
13 7 19 7
13 12 13 25
13 12 0 12
13 12 15 12
13 12 13 25
13 12 15 12
14 0 14 1
14 0 15 0
14 9 14 8
14 9 14 10
14 9 15 9
14 17 14 14
14 17 14 18
14 17 15 17
14 22 14 23
14 22 15 22
14 22 14 23
14 22 15 22
14 23 14 24
14 23 15 23
15 5 15 4
15 5 15 6
15 5 14 5
15 5 19 5
15 8 15 9
15 8 14 8
15 8 17 8
15 9 15 8
15 9 14 9
15 9 17 9
15 12 15 17
15 12 24 12
15 12 15 17
15 12 24 12
16 19 16 15
16 19 16 23
16 19 21 19
19 7 19 5
19 7 19 10
19 7 23 7
19 23 19 21
19 23 19 24
19 23 18 23
19 23 20 23
20 5 20 4
20 5 20 6
20 5 19 5
20 5 21 5
21 4 21 5
21 4 20 4
21 4 22 4
21 8 21 10
21 8 20 8
21 8 22 8
21 10 21 8
21 10 21 11
21 10 20 10
21 10 23 10
21 16 21 14
21 16 21 19
21 16 18 16
21 16 22 16
21 27 21 26
21 27 21 28
21 27 19 27
21 27 22 27
22 16 22 15
22 16 22 17
22 16 21 16
22 16 23 16
22 16 22 15
22 16 22 17
22 16 21 16
22 17 22 20
22 17 23 17
22 20 22 22
22 20 24 20
22 20 22 22
22 23 22 25
22 23 23 23
22 23 22 25
22 23 23 23
22 25 22 26
22 25 21 25
22 25 24 25
23 5 23 3
23 5 23 7
23 5 21 5
23 5 26 5
23 26 22 26
23 26 26 26
23 26 22 26
23 26 26 26
24 12 24 11
24 12 24 16
24 12 26 12
24 12 24 11
24 16 24 17
24 16 23 16
24 20 24 19
24 20 24 24
24 20 26 20
24 20 24 19
24 20 24 24
25 8 25 9
25 8 24 8
25 8 26 8
26 10 26 8
26 10 26 12
26 10 25 10
26 10 26 8
26 10 26 12
26 10 25 10
26 12 26 20
26 20 26 26
27 27 27 26
27 27 27 28
27 27 26 27
27 27 28 27
27 28 27 27
27 28 25 28
27 28 28 28
27 28 27 27
27 28 25 28
28 1 28 0
28 1 28 3
28 1 27 1
28 28 28 27
0 7 0 8
0 12 0 13
1 6 9 6
3 10 4 10
4 4 2 4
5 10 6 10
5 16 7 16
6 10 6 9
6 10 7 10
6 10 6 9
7 10 7 9
7 10 8 10
7 10 7 9
8 20 8 21
8 20 7 20
8 20 8 21
9 5 9 6
9 16 7 16
9 16 10 16
10 1 10 2
10 1 11 1
10 10 10 8
10 10 9 10
10 10 11 10
10 10 10 8
10 10 9 10
10 17 10 16
10 20 10 21
10 20 11 20
10 23 10 22
10 23 10 24
10 23 11 23
11 5 11 6
11 5 12 5
11 6 12 6
11 10 12 10
12 3 12 5
12 5 12 6
12 6 12 5
12 6 11 6
14 0 14 1
14 0 15 0
14 14 14 17
14 17 15 17
15 17 15 22
15 22 15 23
15 23 15 22
15 23 15 24
15 23 16 23
15 23 15 24
15 23 16 23
16 0 16 1
16 0 17 0
16 0 16 1
16 1 15 1
16 1 26 1
17 4 15 4
17 4 18 4
17 4 15 4
17 4 18 4
18 8 18 9
18 9 18 8
18 9 18 10
18 9 17 9
18 9 18 10
18 9 17 9
18 17 18 16
18 17 17 17
18 17 18 16
18 17 17 17
19 21 19 23
19 23 19 24
19 23 18 23
20 6 20 5
21 10 21 11
21 10 20 10
21 10 23 10
21 11 18 11
21 11 22 11
21 19 21 16
21 19 21 25
21 19 16 19
21 19 21 25
21 25 21 26
21 25 13 25
21 25 22 25
21 26 21 27
21 26 17 26
21 26 22 26
21 26 21 27
23 10 23 7
23 10 23 11
23 10 24 10
23 21 23 23
24 16 24 17
24 16 23 16
24 19 24 17
24 19 25 19
24 25 22 25
25 19 25 17
26 8 26 6
26 20 26 26
28 0 28 1
28 28 28 27
4 4 2 4
7 16 7 13
7 16 7 20
9 10 9 8
9 10 8 10
11 10 12 10
13 25 13 26
14 24 15 24
14 27 14 28
14 27 13 27
14 27 15 27
15 4 15 1
15 4 15 5
15 4 14 4
15 24 15 23
15 24 19 24
18 16 18 15
18 16 17 16
18 16 17 16
18 23 16 23
18 27 18 28
18 27 17 27
18 27 19 27
20 9 20 8
21 14 21 13
21 14 17 14
21 14 22 14
21 14 21 13
21 14 17 14
22 8 22 9
22 8 21 8
22 8 22 9
22 15 23 15
22 26 22 27
23 3 23 2
23 3 23 5
23 3 24 3
23 3 23 2
23 3 24 3
23 7 23 5
23 7 23 10
23 7 19 7
23 16 23 17
24 17 25 17
25 8 25 9
25 8 24 8
25 9 25 10
26 27 26 26
26 27 27 27
26 27 26 26
28 27 28 26
2 4 2 3
2 4 1 4
8 8 8 10
11 10 12 10
12 8 14 8
14 1 14 2
14 2 14 1
14 2 14 3
14 2 14 1
14 3 14 4
14 4 14 5
14 8 14 9
14 10 16 10
15 8 15 9
15 9 17 9
16 10 17 10
16 23 16 19
16 23 18 23
17 9 17 10
17 16 17 15
18 13 16 13
20 8 20 9
23 2 22 2
23 2 24 2
26 26 27 26
1 4 1 3
14 4 14 5
14 5 14 6
14 6 15 6
15 5 15 6
15 5 19 5
16 10 17 10
16 15 16 13
19 5 19 4
19 5 19 7
19 10 18 10
20 4 20 5
20 4 21 4
20 5 21 5
21 4 22 4
23 5 26 5
26 5 26 3
26 5 26 6
26 5 27 5
26 5 26 3
27 5 27 4
27 5 27 6
27 5 28 5
1 3 1 2
1 3 2 3
1 3 1 2
2 3 2 2
24 4 24 3
24 6 24 8
26 3 26 1
26 3 24 3
26 3 27 3
26 3 27 3
27 5 27 6
27 5 28 5
1 2 2 2
2 2 1 2

3000

4 = = = = 4 1 3 4 = 6 = 6 5                       3   3 4 
4 - 6 4 2 | 2 ǁ | 2 ǁ 2 ǁ 4           1       3 2   4 6 5 
4 = 5 3 4 | | ǁ | ǁ ǁ ǁ ǁ                     |           
|       ǁ | | ǁ | 6 7 6 ǁ             2 - - - 7 3       3 
|       3 | | ǁ | 6 3 ǁ ǁ 3                 2 ǁ           
|       | | | ǁ | ǁ 1 ǁ ǁ |     2             ǁ       3 3 
|       | | | ǁ | 5 4 ǁ ǁ |     ǁ             ǁ         2 
|       | | | ǁ | 2 4 ǁ ǁ 5 = = 7 - - - 2     ǁ           
6 - - - 5 | | ǁ 5 = 5 ǁ ǁ | 1 2 |     2 4 3   ǁ           
ǁ 3 = = 8 7 3 ǁ 2 - 4 ǁ ǁ |   | 4 = = 8 6 2   ǁ       3 4 
ǁ 5 2   2 ǁ   ǁ 2 = 6 4 ǁ 4 6 7 5 1   2 5 2 5 8 5       3 
ǁ 2 1 - - 7 4 ǁ     4 | ǁ 4 4 3 3       3   2 2 2       3 
ǁ     1 - 5 4 ǁ 1   5 4 ǁ 2 2 2                           
6 = = = = = = 8 |     | 7 = = = = = = = = = = = = 4 5 6 3 
6 5 4 2 4 4 2 ǁ 4 5 2 | ǁ   2 = = 5 1       4 4 2 |   5 2 
2 2 - - 6 7 3 ǁ 5 7 | | 8 = = = = 5 - - - - 5 8 5 |   5 4 
3 4     ǁ ǁ   ǁ | ǁ 3 1 ǁ 2 - 3 - - - 5 = = = 6 | | 1     
1 |     4 ǁ   ǁ 1 5 5 1 ǁ | 2 1 3 2   ǁ       ǁ | | 2 4 3 
  |     2 ǁ   ǁ 2 6 5 3 ǁ 2 ǁ 1 6 4   ǁ       4 | | | 5 3 
  |     1 6 = 7 - - 2 | ǁ   ǁ   |     ǁ   2 = 7 3 | | 4 2 
  |     4 7 2 ǁ 3 2 2 | ǁ   ǁ   |     ǁ       1   | | |   
  |     5 4   ǁ 5 = 8 4 ǁ 2 6 - 7 = = 6 = = = = = 6 6 7 3 
  | 2   2 |   ǁ 4 2 ǁ 1 ǁ   1 3 8 4 - - 4 = 2 4 = 7 5 2   
  | 4 6 = 7 = 6 = = 7 2 ǁ     1 4 2     | 1 - 3   ǁ 4     
  | 3 4 1 ǁ 1 - 3   4 5 6 - - - 5 5 - 4 6 = = = 2 2 ǁ     
  |   |   ǁ     5 3 5 2 |         2 - 2 |           ǁ   2 
  2 - 6 = 6 2 - 4 = 6 = 4 - - - - - - - 5 = = = = = 7 4 ǁ 
  2 1 3 1 6 5 4                           3       4 5 7 6 
2 5 - 4 3 3 2 3                               3 2 3 2 4 4 
